评论id,老师id,老师姓名,发表时间,点赞减去点踩数量,点赞量,点踩量,内容
19123,39,崔艳丽,2016-01-23 10:02:40,20,23,3,不要选现代分离分析！不要选现代分离分析！不要选现代分离分析！
21711,39,崔艳丽,2016-03-01 01:01:35,16,21,5,大化实在是无聊
22258,39,崔艳丽,2016-03-03 06:25:29,18,20,2,讲的凌乱
22542,39,崔艳丽,2016-03-08 00:36:52,33,37,4,为什么有这么无聊的大化课。。。。
23393,39,崔艳丽,2016-12-21 03:43:46,42,57,15,布置的小论文简直有病，让一群有机化学都没学过的人去写论文，还要5年内中英文各三篇，毛都不懂，写你MB
23643,39,崔艳丽,2016-04-11 11:48:25,16,20,4,讲的差就算了。你倒是别点名啊。
25110,39,崔艳丽,2016-05-05 12:08:59,10,13,3,一个字，服。
25139,39,崔艳丽,2016-05-06 04:31:16,6,9,3,很不爽，无聊乏味
31240,39,崔艳丽,2016-07-03 12:33:09,7,11,4,呵呵呵，无聊，而且自己都不懂
32299,39,崔艳丽,2016-12-23 09:59:46,5,9,4,mdzzmdzzmdzz别选，预置的也退了赶紧…
32300,39,崔艳丽,2016-07-06 06:19:20,8,12,4,给分剧毒 手动再见呵呵哒
32302,39,崔艳丽,2019-11-09 02:09:58,7,11,4,不怎么样
32304,39,崔艳丽,2016-07-06 10:02:50,22,28,6,提醒未来的学弟学妹们，如果预置到了这个zz，请不要犹豫，立即退课，宁愿来年从玉泉跑回来修
32306,39,崔艳丽,2018-10-31 08:49:59,-21,36,57,老师是浙大第一女神，人长得漂亮，对同学也温柔。上课认真，要求严格，能学到很多东西。平时上课经常说段子，她还会剑术，是个高手，据说有许多富二代官二代在追她\n\n
32308,39,崔艳丽,2016-07-06 06:35:08,6,9,3,非常的差，给分不讲理
32309,39,崔艳丽,2016-07-06 06:36:06,37,41,4,浙大最差的老师之一，上课讲不清内容，没有价值。考试内容基本和课堂及作业无关。
32323,39,崔艳丽,2016-07-06 07:08:26,36,40,4,上课不知道在讲什么 她自己也不知道在讲什么 考试她自己也不知道在考什么  给分也不知道怎么给的 上课学不到东西 毫无价值 mdzz
32506,39,崔艳丽,2016-07-07 08:26:49,8,12,4,虽然是开卷，但考的题目真的很诡异，和课堂也没什么关联。讲课实在一般，最重要的是，给分实在太差了啊
39066,39,崔艳丽,2016-12-21 03:25:45,8,10,2,美滋滋
39067,39,崔艳丽,2017-03-13 07:19:15,-14,10,24,老师讲的太差了，我虽然满绩了，但是呵呵
39076,39,崔艳丽,2016-12-21 03:43:07,-9,2,11,还可以
39108,39,崔艳丽,2017-03-29 00:27:04,8,10,2,所有东西都可以涮出来！
48582,39,崔艳丽,2017-03-08 00:41:04,2,5,3,上完课你会后悔的，为什么要选!赶紧退吧，不解释讲课支支吾吾 ，给分迷迷糊糊\n\n
51197,39,崔艳丽,2017-05-24 01:09:12,12,15,3,不讲教学老师人挺好的，但是既然是一名老师，就很多时候都会怀疑这样的讲课水平真的够格在浙大讲课吗
51256,39,崔艳丽,2017-07-02 05:59:33,2,3,1,还行吧
51257,39,崔艳丽,2017-05-26 01:55:25,5,5,0,mdzz，不能给0分差评
51353,39,崔艳丽,2017-06-01 12:10:34,2,4,2,太垃圾
51360,39,崔艳丽,2017-06-02 00:20:27,4,5,1,我就想问问怎么没有0分?qnmb的大化，怎么有这么坑比的老师cyl。有句mmp必须说，谁选谁知道
51362,39,崔艳丽,2017-06-02 00:49:33,-10,0,10,体谅学生的好老师
51363,39,崔艳丽,2017-06-02 01:44:42,2,3,1,云里雾里
51596,39,崔艳丽,2018-09-18 02:00:28,2,5,3,傻逼老师
52826,39,崔艳丽,2017-06-23 05:40:29,7,8,1,讲话比较温和，看得出来在认真上课，但是太差，非常不喜欢。
55655,39,崔艳丽,2017-07-02 06:12:09,-10,2,12,老师很好啊！平时会给你很多认识的启示，给分可以说是非常好。考试看我们做不完还延迟了5分钟收卷，崔老师你值得拥有
55749,39,崔艳丽,2017-07-02 10:15:42,-4,2,6,老师炒鸡和善 虽然课真的不咋滴 但是会根据我们的建议做及时调整。考试的时候还延长5分钟～
55815,39,崔艳丽,2017-07-02 12:06:21,4,8,4,崔老师很认真负责，但上课有点无聊。平时多拍老师马屁，任务繁重就去和老师沟通，她会体谅学生。期末给分很好，我以为自己不及格，结果80
60419,39,崔艳丽,2017-10-19 12:06:34,1,1,0,害怕！
60420,39,崔艳丽,2017-10-19 12:07:11,1,1,0,体验极差
60696,39,崔艳丽,2017-10-27 02:05:23,12,14,2,太不会上课了，工程化学课上只讲ppt上概念我就算了，然而概念都讲不清，自己都不知道在讲什么，还让我们听什么，根本学不到东西，像我全在吃高中化竞的老本。老师就没想过为什么自己的课就只有这么点人选吗？没想过为什么前排永远没人的吗？没想过自己评分为什么比陈老师低这么多吗？为什么陈老师的工化每次都爆满吗？不说了，自学去了
61998,39,崔艳丽,2017-11-22 05:46:56,2,6,4,工化上课都这样，老师很温柔只要两次左业，一次展示，一份翻译就行了～给分还好。
62015,39,崔艳丽,2017-11-22 07:14:42,2,2,0,略无聊
62064,39,崔艳丽,2017-11-22 10:21:30,-2,3,5,给分不错 上课也挺水的
62140,39,崔艳丽,2017-11-22 14:07:45,-32,2,34,我93，我室友95，你觉得选还是不选？
62623,39,崔艳丽,2017-11-26 08:09:57,-3,0,3,
82462,39,崔艳丽,2018-07-08 09:10:05,1,4,3,???
82473,39,崔艳丽,2018-07-08 09:43:08,2,4,2,把4学分的课上成通识大水课的样子也是很不容易了?
82527,39,崔艳丽,2018-07-08 11:58:26,-12,1,13,老师不太会讲课，但是遗憾没有满
82674,39,崔艳丽,2018-07-09 02:43:54,0,1,1,考试最后五分钟是答疑时间红红火火恍恍惚惚\n\n上课可以不听但是一定要到！一定要到！一定要到！因为不定期随堂小测（点名）。。。
87852,39,崔艳丽,2018-10-16 02:01:30,2,5,3,条理不清 平翘舌不分 乱布置任务
88422,39,崔艳丽,2018-10-30 13:38:32,5,6,1,上课体验感极差，说话声音很轻，又不用话筒，根本听不见她在讲什么。工程化学上课内容无聊，讲课就念PPT，而且讲话还不流利，磕磕巴巴，一点收获都没有?，感觉只有自学了
88574,39,崔艳丽,2018-11-02 01:19:55,6,6,0,垃圾老师
89876,39,崔艳丽,2018-11-21 06:16:17,-7,0,7,老师上课确实只能说一般般，但是工程化学这门可设置的定位就这样。课上也不点名，随便你听不听。这学期小组翻译一篇学术综述外加展示也没有其他占用课外时间的任务。考试前把书看熟，最后也不会有什么问题。
104362,39,崔艳丽,2019-03-19 00:29:24,6,7,1,不得不上她的课是真的苦啊
107569,39,崔艳丽,2019-05-07 01:19:36,9,9,0,最垃圾的大学化学课
109163,39,崔艳丽,2019-06-11 00:34:47,16,16,0,我想死了\n\n我想死了\n\n我想死了\n\n我想死了\n\n我想死了\n\n我想死了\n\n我想死了\n\n我想死了\n\n\n\n老师知道自己在干嘛吗\n\n为什么不去做研究呀？出来害人\n\n念ppt我上我也行
109286,39,崔艳丽,2019-06-13 01:47:00,13,14,1,真的很烂，不知道在干嘛，一直都在小测，美其名曰要多练习，布置的作业自己都不知道在哪，课堂小测上交从来不发.发了一次结果根本没批，，，
109287,39,崔艳丽,2019-06-13 01:46:59,8,9,1,真的很烂，不知道在干嘛，一直都在小测，美其名曰要多练习，布置的作业自己都不知道在哪，课堂小测上交从来不发.发了一次结果根本没批，，，
109288,39,崔艳丽,2019-06-13 01:49:31,12,13,1,还没考试我就想打一分了...受不了...浙大难道没有教学考评吗？？？
109805,39,崔艳丽,2019-07-03 13:40:44,7,7,0,nmsl
111969,39,崔艳丽,2019-07-03 05:01:42,7,7,0,出的什么jiba试卷
117146,39,崔艳丽,2019-09-20 00:57:56,3,3,0,太烂了
117620,39,崔艳丽,2019-09-27 00:42:36,3,4,1,不重要的话重复两边，重要的话只讲一半。话讲一半，跟放屁没区别。
117819,39,崔艳丽,2019-10-03 01:57:13,8,9,1,全程念PPT，部分同学上着第三版的书，作业就只布置第二版上的，还说第三版和第二版作业是一样的，实际上完全不一样，很不负责的老师
118015,39,崔艳丽,2019-10-24 11:51:22,5,5,0,呃呃呃
118045,39,崔艳丽,2019-10-19 08:41:44,1,2,1,垃圾老师
118100,39,崔艳丽,2019-10-21 02:53:37,3,3,0,无语了
118178,39,崔艳丽,2019-10-22 05:38:35,35,35,0,崔老师是一个好老师\n\n老师上课很温柔，就是后排同学连她的声音都听不见了；老师用PPT辅助教学，就是和我们的教材不是一个版本的；老师的作业不是很多，但每次交了就杳无音讯了，我连自己错了没都不知道；老师经常给我们分享化学故事，但是我到现在为止快考试了连考什么都不知道，就不能发一点模拟题吗；老师知识是很渊博的，以至于半个小时前在黑板上写了个V，半小时后读到另一张PPT说自己写错了，应该是W…而我们并不知道她在讲什么
118297,39,崔艳丽,2019-10-24 11:49:21,11,11,0,没什么感觉，两节课就过去了，老师讲了什么？什么，老师在讲课，我还以为她在自言自语呢
118334,39,崔艳丽,2019-10-25 03:45:11,7,8,1,老师是个大忙人，如果忙的话就别来教书了，搞科研就行了
118479,39,崔艳丽,2019-10-27 12:33:09,-21,2,23,超级好的化学老师
119023,39,崔艳丽,2019-11-09 15:21:41,6,6,0,考试不考书上的
119811,39,崔艳丽,2019-11-16 02:08:29,3,3,0,垃圾老师，给分巨差不，要人命，组长都只有2.4。
119846,39,崔艳丽,2019-11-16 05:10:05,5,5,0,给分很差，展示来不及要求录音展示，前所未有的差，选到建议退课
119849,39,崔艳丽,2019-11-16 06:19:20,7,7,0,想不明白为什么分这么低，想知道最高绩点有多少？？老师的评分标准是啥我突然有点不敢确定了  and建议退课
119852,39,崔艳丽,2019-11-16 07:08:42,2,2,0,开心玩手机
119868,39,崔艳丽,2019-11-16 11:39:53,2,2,0,期末考试成绩不知道有没有看。感觉给分就是根据最后的展示，而且谁讲的多谁分高。根本不管小组内部的分工，一组里面干活多的反而分最低。
122597,39,崔艳丽,2020-03-06 04:44:45,3,3,0,一言难尽，不是必修课还就这一个老师就退了
124484,39,崔艳丽,2020-07-02 00:33:43,-9,1,10,上课是真的不好，但这学期可能网课的原因，都没怎么学还是有九十
135340,39,崔艳丽,2021-05-08 07:55:46,-2,2,4,感觉其实还行，老师人挺好，就是讲课属实不太行。
135390,39,崔艳丽,2021-05-09 13:09:59,3,3,0,建议退课
135401,39,崔艳丽,2021-05-10 00:40:32,2,2,0,快跑，别选，全靠自学
135874,39,崔艳丽,2021-05-31 11:08:24,2,2,0,快跑！退课！
141628,39,崔艳丽,2021-10-18 08:35:34,1,1,0,不知道哪里来的优越感。
141935,39,崔艳丽,2021-11-01 08:59:07,2,2,0,话都说不清楚
142959,39,崔艳丽,2021-11-18 00:49:40,1,1,0,分离分析自己也不知道在讲什么，上课扯淡能扯好久，考试出题就喜欢抠点边角料出来恶心你
151223,39,崔艳丽,2022-02-25 02:45:06,1,1,0,以化学竞赛生的视角来看她上课讲的实际上是毫无章法，重点应该讲解的内容基本上是没有解释，讲述错误的内容也没有更正，念PPT是主要的知识传授方式，上课时也不会强调重点与难点，考试时也没有具体的考试范围，总的来说此老师既不适合想拿高绩点的学生也不适合想混学分的学生
151700,39,崔艳丽,2022-03-12 15:03:06,1,1,0,跑吧跑吧宁可等几个学期选到其他老师的课也别听她念经
152591,39,崔艳丽,2022-04-15 11:13:31,7,8,1,预置到崔某的课，应该是我三生修来的臭气。\n\n如果你有幸和我一样预置到她的工程化学课，或者你有选她的课的打算，那么我劝你现在跑路。如果你真的想体验一下她的课，那么学期末你一定会来这里给她打一星。只是可惜，没有零分可打。\n\n怎么形容呢，可能上她的课就像孙悟空被压在五指山下的时候唐僧在边上给他碎碎念，纯纯的坐牢。你难以想象她能在一句话里加入多少废话和鬼扯，你也难以想象她是如何用平淡的语气暗含嘲讽让你气的想给她来一拳。“同学们，你们一定要好好学化学，以后你们生活中肯定会接触到的。你说你以后要是XXX都不懂去工作人家都会笑话你的哦。”是的，我在学习她的课程中深深体会到了学习化学是一件人上人的事情，不学化学的我就是个飞屋，沙软，执杖。仿佛不学化学我的生活就失去了意义，我的灵魂就失去了光彩，我的人生中就缺少了那一个闪耀的部分。我也不知道到底是她讲课水平不好要拿这个来水时间或者这是她的某种自以为是的习惯，反正她的念经加上她云里雾里的讲解使得听课体验达到了一个难以想象的差的程度，堪称是屎中之屎，狗都摇头。\n\n别急，如果你听到这里想：那我不听不就完了，或者直接翘了不香吗。很可惜，崔某人为这种情况准备了万全的措施。每节课必至少点一次名，让你的翘课梦想碎落一地。有时点名还会以布置思考题让你上交答案，很简单的思考题，但是对于不听课的我们来说确实很难的，于是大家纷纷掏出手机，使用小猿搜题。然而，人生中宝贵的十分钟又这样浪费掉了。\n\n崔某的前生一定是一位精通人性的女讲师，因为她能用三句话让你厌恶化学。但是我也很感谢崔某，她让我明白了一件事，评分低的老师评分低一定是有理由的，以后，我一定会对低于五分的贵物敬而远之。
153441,39,崔艳丽,2022-04-29 15:10:51,0,1,1,你怎么连话都说不清楚，那温柔的痛我听的清楚
153442,39,崔艳丽,2022-04-29 15:11:40,4,9,5,给分很好，老师本人挺亲和的，也会在课后答疑。不要被评分骗了，真听不懂可以去看普化乙的回放。\n\n不是讲不好，把化学系四年的知识浓缩到到一个春学期，是工程化学这课本身的悲哀。
153443,39,崔艳丽,2022-04-29 16:30:07,3,3,0,垃圾
153446,39,崔艳丽,2022-04-30 03:41:55,-7,0,7,讲课迷，人挺好的
153460,39,崔艳丽,2022-04-30 11:13:52,-11,2,13,非常不错，给分非常好，上课不用听。（旷两次课，4.8飘过）
153847,39,崔艳丽,2022-05-13 04:36:20,4,6,2,糖化学界的女皇
170790,39,崔艳丽,2023-03-10 00:48:50,14,14,0,听她的课不如自学，讲课都不看同学们一眼，只在那里念PPT，话也说不清楚，一点逻辑没有，废话倒是说好几遍，一点重点难点都指不出来，听她的课只想睡觉…
171922,39,崔艳丽,2023-04-12 14:31:29,7,7,0,作为一名大一新生，没见过什么世面，我来客观的给下评价：\n\n依托答辩！！！！\n\n真的，不知道是不是工程化学这门课是真的烂课，听崔艳丽的课，你能知道一个人的讲课水平能低到什么程度：一个问题讲不清楚，可以看出她很想用其他的方式去解释，奈何语言水平是真的差，话说到一半说不下去就散伙，而且也没说出啥来。作业就交了一次，其余的学在浙大交，一个学期交不了几次作业。\n\n最让人难受的是，她还经常用一些变相讽刺的话来说学生们，“有些同学就是连这个都不懂啊”、“我们化学”啥的，感觉化学是最牛逼的，啥也比不了一样。感觉她的说话方式不是在给学生上课，而是在给一群傻子们上课一样。真的答辩！！！
172246,39,崔艳丽,2023-04-23 15:50:11,1,1,0,不行啊
172411,39,崔艳丽,2023-04-26 10:33:21,0,2,2,老师人挺好，不过预置到了的话，比较推荐跑路or听cwx老师的智云……
172580,39,崔艳丽,2023-05-01 01:53:24,4,4,0,讲课真的...
173065,39,崔艳丽,2023-05-12 07:30:39,5,5,0,崔艳丽能在浙大讲课真是不可思议
173086,39,崔艳丽,2023-05-17 13:35:52,7,7,0,依托答辩，讲课a o ei，这个那个为主，念PPT为辅，且大量重复，废话一堆，真的牛马一个
173337,39,崔艳丽,2023-05-19 14:14:08,2,3,1,虽然老师讲的不咋地，但是完全不用在意，高中只要选过化学，这门课绝对没问题，我高考化学99，这门课根本不听，最后满绩～
173850,39,崔艳丽,2023-06-03 15:21:05,2,2,0,达啥笔
173902,39,崔艳丽,2023-06-04 08:23:36,-12,1,13,大化实验o还可以，比较负责，有问题都可以随便问。讲的也算清楚，会随时帮学生处理问题
175904,39,崔艳丽,2023-06-27 05:51:30,6,6,0,室友最讨厌的老师，没有之一。
175906,39,崔艳丽,2023-06-27 05:56:04,4,4,0,课上高举道德旗帜！真是优秀！
176878,39,崔艳丽,2023-06-30 13:52:59,4,4,0,话都讲不清楚 听课听的无语来 实验操作根本不讲明白 纯纯浪费时间
177299,39,崔艳丽,2023-07-02 23:17:41,3,3,0,兄弟们，我第一节课在课上直接就当场退课，老师一句话一万个口头禅，本来坐第一排想着听着清楚些，没想到坐第一排也不知道她在bb什么，直接当场猝死，再见，ljls
178947,39,崔艳丽,2023-08-04 01:38:51,5,6,1,快跑，他的研究生都已经被他逼疯了
179262,39,崔艳丽,2023-09-05 02:42:37,4,4,0,快跑快跑
180821,39,崔艳丽,2023-09-27 02:12:51,2,2,0,不会讲课，给分很差，预置到一定要退
187781,39,崔艳丽,2024-01-17 12:05:09,6,7,1,可爱，想超
190378,39,崔艳丽,2024-02-29 02:41:25,1,1,0,讲的一坨答辩
192178,39,崔艳丽,2024-05-11 02:08:22,1,1,0,讲课又讲不好，每节课还要提问，我真求佛了。原来实验课也能上得这么折磨………。
193579,39,崔艳丽,2024-06-13 07:34:01,2,2,0,符合我对大学老师所有不好的幻想
194488,39,崔艳丽,2024-06-24 06:28:05,2,2,0,很难想象，真的很难想象，给分也很差
194980,39,崔艳丽,2024-06-26 07:18:28,1,1,0,给分也一般，预置到的快跑orz
208293,39,崔艳丽,2024-12-26 13:32:04,1,1,0,有一个好消息和一个坏消息，先听好消息：\n\ncyl退休了\n\n再听坏消息：\n\ncyl退休返聘了
219692,39,崔艳丽,2025-06-04 08:13:46,0,0,0,讲课能力依托，连互变异构都不知道，青蒿素念成青gao素也是没谁了。因为讲课很差导致压缩了实验课的时间，动不动就做不完实验
2139,70,吕德水,2015-04-02 08:47:29,5,6,1,很好的实验老师，超级温和。期末给分很好！
5615,70,吕德水,2015-07-08 16:31:04,1,2,1,给分不错！
17561,70,吕德水,2016-01-20 12:01:30,2,2,0,大化给分都挺好主要接触还是和助教，老师很温和很棒
82295,70,吕德水,2018-07-07 17:26:26,14,15,1,哈哈在出分之前来评论。。老师超可爱的~~喜欢管闲事给你提那种不走寻常路的操作建议，比如用电炉余温烘干照片什么的hhh然后助教小哥哥小姐姐就拼命说不可以不可以，像那种很亲切的长辈一样，然后助教小哥哥小姐姐也都超可爱超负责的啊，比心！
82370,70,吕德水,2018-07-08 03:59:21,3,3,0,老师很好，给分也很好，理论考应该大家都差不多，操作考只要没有重大失误就问题不大，得分关键看平时，实验报告认真写绩点就会好
82437,70,吕德水,2018-07-08 07:42:10,2,2,0,老师很可爱的，平时实验做的挺差的，产率什么的晶型什么的都不好，操作考同组里扣的最多的，最后的成绩惊呆了?\n\n表扬qjp 和zl 小姐姐
83271,70,吕德水,2018-07-10 03:54:33,1,1,0,其实主要是助教带我们飞，吕老师只是偶尔冒出来指点一下，感觉还不错吧
89621,70,吕德水,2018-11-20 04:23:36,4,4,0,哈哈哈哈哈哈真的被萌翻呀\n\n上的不是特别清楚\n\n但说话讲解真的特别可爱啊啊啊啊\n\n疯狂打call♡♡♡
90061,70,吕德水,2018-11-22 04:14:17,0,0,0,喜欢！
92767,70,吕德水,2019-01-04 08:50:40,2,3,1,出的课前预习题有很多错误，做实验时会乱指导，不过总体还可以
94928,70,吕德水,2019-01-18 13:02:53,8,8,0,老师超可爱！理论考的时候穿了西装，简直不要太帅！虽然理论考还是一塌糊涂...助教也超可爱！很负责！
96424,70,吕德水,2019-01-21 05:10:21,2,4,2,绩点是个迷一样的存在
96434,70,吕德水,2019-01-21 03:33:11,3,4,1,老师上课很幽默，喜欢偏向于引导与启发，很注重培养学生独立思考的能力。老师好像也一直在思考怎么样把普化实验做得更有意义...助教小姐姐也是貌美才高！在老师和助教姐姐的帮助和宽容给分之下就拿到了入学以来首个满绩hhh十分感谢吕老师和助教！
96442,70,吕德水,2019-01-21 03:47:29,9,10,1,啥都不说了，凭老师的呆萌和努力与收获成正比这两点我就给10分
96452,70,吕德水,2019-01-21 04:09:50,2,2,0,老师萌萌哒，给分很好啊虽然理论考凉凉但还是上4了
96465,70,吕德水,2019-01-21 04:34:46,2,2,0,可爱是可爱，耐心是耐心，最后这个给分莫名其妙诶
96482,70,吕德水,2019-01-21 05:00:34,7,7,0,老师真的 超级 超级 超级 可爱啊！！一点都不严肃哈哈哈哈 课上还会逛过来跟你有的没的聊一下专业上的事情 还有就是助教姐姐人也美也负责（emmmm其实没怎么检查过预习报告）最后：给分超好！！！
96504,70,吕德水,2019-01-21 05:21:37,2,2,0,人萌分也不错的\n\n
96508,70,吕德水,2019-01-21 05:23:17,2,2,0,平时实验报告写的不咋地，最后4.5，理论考才是王道
96521,70,吕德水,2019-01-21 05:28:24,3,3,0,有趣也有魅力的大叔！真的太有趣太可爱太温柔了哈哈哈哈哈哈 因为他实验课变得超级好玩啦！助教也都很可爱！
96546,70,吕德水,2019-01-21 06:10:20,3,4,1,老师真的可爱，超喜欢的。然后平时实验报告要好好写啊，很重要，心得反思那里写多一点。期末考是要好好准备一下的，出的蛮细。
96613,70,吕德水,2019-01-21 07:49:32,4,4,0,被卡绩了...难受 老师给人感觉不错 424的那个dm助教凶得一批...课前要把预习考试做好 免得被她怼
97047,70,吕德水,2019-01-21 15:17:10,2,2,0,当时交上理论考的卷子的时候真的有点舍不得，老师和助教小姐姐都特别可爱～我知道我平时的实验中犯过错误，预习考试也有两次左右忘记做了，但我觉得我平时的实验都有认真在做，实验报告也认真写了。拿到这个成绩我觉得挺满意的，至少也算对得起自己的付出。真的挺感谢老师的
109105,70,吕德水,2019-06-08 11:00:40,0,0,0,老师真的太可爱啦！！其实是上学期的课了，突然想到，来评个分，上的是普化实验甲，助教叫陈琛吧好像，也超级好！！给分也很棒！
111271,70,吕德水,2019-06-30 23:26:56,2,2,0,3.9我哭了? 不过老师助教都很可爱！可是我觉得我也认真学了呀?
114409,70,吕德水,2019-07-10 01:10:57,1,1,0,老师很萌
122945,70,吕德水,2020-04-24 03:26:34,0,0,0,网课经常上课接电话…很迷
122968,70,吕德水,2020-04-27 01:02:12,0,0,0,老师很有耐心，超级可爱，有次实验小翻车了，他先嘲笑了一小会儿然后动手手亲自给我演示。
123871,70,吕德水,2020-06-15 13:41:44,2,2,0,问老师问题，老师通过钉钉线上回答，详细地解释了一遍。非常友善而且具有亲和力的老师。
128585,70,吕德水,2020-12-24 07:58:58,2,2,0,老师真的很可爱很温柔，讲知识点超详细，助教哥哥很有耐心，认真负责～
131233,70,吕德水,2021-01-26 17:31:50,1,1,0,出分了来评论，爱老师，捞我了呜呜呜很感动，给分很好，谢谢老师o(^o^)o老师和助教哥哥人都很好哦(´-ω-`)
132513,70,吕德水,2021-02-02 05:12:17,0,0,0,老师好可爱啊，实验课还会走下来和同学开玩笑，虽然最后绩点不高但我觉得和助教小姐姐有一定关系…吕老师是真的好！！
1892,138,傅春玲,2015-03-26 04:14:20,-2,3,5,老师讲课很清晰
2594,138,傅春玲,2015-05-04 15:52:44,7,13,6,还不错，条理清晰，会点名，有测验，稍微有点快
3830,138,傅春玲,2015-06-17 05:40:06,34,39,5,基化二跟了她半年，面冷心热的一个老师。
4471,138,傅春玲,2015-06-23 10:50:01,14,18,4,讲课快了一点，但挺热心的
4811,138,傅春玲,2015-06-29 06:02:09,56,70,14,讲得很棒，就是课程本身安排进度太快
6734,138,傅春玲,2015-07-20 07:37:41,32,36,4,乍看像是一位很严苛的老师，实则不然。她会在一开始就抓紧学习的弦，还会关注同学的进步情况。
12230,138,傅春玲,2015-12-22 12:09:59,0,2,2,不错的老师～～\n\n
23442,138,傅春玲,2016-03-30 02:38:09,5,9,4,讲得太快了，本渣渣表示跟不上啊啊啊啊啊啊啊
24833,138,傅春玲,2016-05-04 02:49:28,7,18,11,以为我们都会，关键的基础的不讲
25537,138,傅春玲,2016-07-05 08:11:42,-1,2,3,给分是真心好
26183,138,傅春玲,2016-06-29 18:14:39,26,30,4,老师是个表情帝，大学还为了学生会拖堂，放弃自己休息时间的老师，还有什么怨言。 良苦用心的老师。
26414,138,傅春玲,2016-06-18 05:58:20,3,5,2,老师讲的非常好而且有条理，就是太快了...渣渣表示跟不上
28312,138,傅春玲,2016-07-07 02:24:53,0,3,3,感谢师生情
28354,138,傅春玲,2016-06-28 08:38:53,4,6,2,老师语速有点快，很敬业，热爱拖堂
29990,138,傅春玲,2016-06-30 16:18:57,10,12,2,开始不喜欢，后来真的发现是好老师，一个会对你卷子上每道题给你分析的老师，我是她的基化实验
31080,138,傅春玲,2016-07-03 08:00:39,0,2,2,看老师，真心的
31081,138,傅春玲,2016-07-03 08:02:05,3,6,3,虽然速度快 但是听的很享受 很喜欢 老师给分超级赞
31097,138,傅春玲,2016-07-03 08:41:35,12,15,3,超级好给分，尽量往高了给
31098,138,傅春玲,2016-07-03 08:15:10,3,5,2,老师人很好 热心肠 给分也好！上课也好
31101,138,傅春玲,2016-07-03 08:17:10,34,42,8,特别特别特别好，给分特别特别特别好，平常还有小测，但是挺水的，只是要我们从开始好好学习，有时周三的课还会免费再上一节，是我见过的最负责的老师。老师还专门了解了我们三分一档的规则，能给我们加的都加了，反正好评好评。强烈推荐。
31104,138,傅春玲,2016-07-03 08:19:05,57,66,9,上课超认真，给分还特意去了解三分一档给同学们提分。无机爱秀琼，有机要傅妈。
31116,138,傅春玲,2016-07-03 08:42:04,0,2,2,给分炒鸡棒
31117,138,傅春玲,2016-07-03 08:43:52,19,22,3,有机渣渣已经做好重修准备了，结果正好过。感动到说不出话。
31118,138,傅春玲,2016-07-03 08:44:11,3,3,0,有点快
31119,138,傅春玲,2016-07-03 08:45:50,1,3,2,老师很可爱，虽然有些严厉但是期末给分不错，至少让我这样的渣渣过了，真的很担心挂，但是最后竟然过了，忍不住给老师来发个好评！！?爱老师爱助教
31120,138,傅春玲,2016-07-03 08:46:19,97,123,26,老师讲的很认真啊。大学能遇到为了你们的有机牺牲自己的时间拖堂而去拖的是整整一节课呀??感动。上到12:15老师也饿呀，抱怨拖堂的那些人真是……??真的好老师 给分也很好！
31123,138,傅春玲,2016-07-03 08:48:17,0,1,1,呜呜呜呜呜虽然一开始很不喜欢，但是给分真的良心啊
31125,138,傅春玲,2016-07-03 08:52:49,7,9,2,虽然出了有机绩点掉了0.3…然而！我早就做好了有机要挂的准备啊！然而！莫名其妙的分数我都不知道善良的老师怎么给我的啊！太感人了啊！苍天啦噜～虽然讲的快但是也是课程要求呀真的很不错～
31127,138,傅春玲,2016-07-03 08:54:15,0,2,2,给傅大妈点赞
31128,138,傅春玲,2016-07-03 08:54:22,5,5,0,虽然上课稍稍有点点快 感觉在听天书 考完感觉必挂无疑 但是最后那分 分高的不可思议 都不知道哪来的 太感动了???
31131,138,傅春玲,2016-07-03 08:56:15,0,2,2,老师不错，没怎么听
31132,138,傅春玲,2016-07-03 08:58:23,0,2,2,赞一个
31139,138,傅春玲,2016-07-03 09:11:52,0,2,2,老师上课是有激情的！关键给分好~
31140,138,傅春玲,2016-07-03 09:11:56,0,2,2,必须十分！超级好的老师！
31141,138,傅春玲,2016-07-03 09:16:13,0,3,3,老师真的超棒！强推！！
31142,138,傅春玲,2016-07-03 09:17:39,0,3,3,超级棒
31143,138,傅春玲,2016-07-03 09:19:01,0,1,1,强，无敌
31145,138,傅春玲,2016-07-03 09:21:54,0,1,1,很认真
31146,138,傅春玲,2016-07-03 09:24:42,0,2,2,老师好的没话说
31147,138,傅春玲,2016-07-03 09:25:31,0,1,1,老师人很好，助教也很好，认真负责
31152,138,傅春玲,2016-07-03 09:42:09,0,1,1,傅老师真的很认真！课件也超级棒！我自己比较辣鸡没好好听课最后也过了…但是傅老师真的是很好很好的老师，也很可爱哒~
31172,138,傅春玲,2016-07-03 10:37:34,0,1,1,晕乎乎? 但老师会给你调分 超级棒 强推
31176,138,傅春玲,2016-07-03 10:48:06,0,2,2,老师真的很好啊！很会讲课！有机本身有点难度，一定要刚开始就认真学，跟着傅妈没错的！
31374,138,傅春玲,2016-07-03 22:40:17,0,1,1,老师很负责，讲得很好
31410,138,傅春玲,2016-07-04 01:12:32,0,1,1,爱傅大妈，助教萌萌哒，好评！
31426,138,傅春玲,2016-07-04 01:57:06,0,1,1,给分简直感动。
31491,138,傅春玲,2016-07-04 03:24:52,-13,10,23,拖nmd课上课能讲完的话为什么要拖不就是不会教吗一开始听得超级认真等她开飞机根本就跟不上只适合已经懂的学生听
31941,138,傅春玲,2016-07-05 08:05:34,-2,0,2,讲得很好，超级赞。刀子嘴豆腐心，哈哈
32175,138,傅春玲,2016-07-06 00:56:58,-1,2,3,讲道理这门课真的内容太多了，一不小心就容易跟不上，虽然期末考试感觉卷面分可能也就40分不到都做好了补考的准备但是最后成绩有70几分，所以说老师真的很好，也很关心我们的，外冷内热型的。
32745,138,傅春玲,2016-07-12 07:48:15,0,2,2,上傅老师的课会一直挺紧张，平时讲得很快还会有小测，但老师是真心为我们好，还经常教导我们大一要好好学习，以后出国方便等等
33666,138,傅春玲,2016-09-21 02:18:07,-15,10,25,就我觉得这老师说话语气很恶心吗\n\n
33791,138,傅春玲,2017-01-17 03:02:26,0,6,6,开学初什么也不会，物质结构spdf杂化全不知道。恩，满了。感谢老师，平时作业不少，偶有小测，会占自己的时间帮助大家。很认真很负责，表白傅妈。
34017,138,傅春玲,2016-09-26 01:10:55,2,5,3,上课上那么快，完全靠自学
34019,138,傅春玲,2016-09-26 01:21:35,-8,7,15,看到高分才很开心地来上她的课，结果就呵呵了。虽然很负责，但讲课太快，总是一脸茫然，心里素质差的快跑
34163,138,傅春玲,2016-09-28 01:44:14,-4,4,8,如听天书，如说梦语
35543,138,傅春玲,2016-11-10 07:25:50,-1,1,2,上课略快
35707,138,傅春玲,2016-11-10 07:49:57,1,2,1,课程很快，很多小测验，难度大
38071,138,傅春玲,2016-11-24 02:33:11,0,1,1,很负责很棒棒
39820,138,傅春玲,2016-12-28 01:34:55,1,3,2,quiz多 而且quiz会额外拖一节课来quiz  一次就做一张试卷的量
40001,138,傅春玲,2016-12-28 13:55:25,1,2,1,老师讲得真心好，ppt做得很认真
42717,138,傅春玲,2017-01-15 03:31:54,1,2,1,老师真的很好很好很好，就是我不够努力，辜负了老师。
43349,138,傅春玲,2017-01-16 07:28:54,-9,2,11,好老师，我缺了一次作业都给了我4.5
43372,138,傅春玲,2017-01-16 07:52:26,0,2,2,老师人很棒，考前还一直念叨说要是我说你们满绩就能满绩我肯定天天为你们祈祷！讲课很负责的，会给每章'重点内容归纳，偶尔有小测提醒我们要及时复习，而且最后还担心我们，特意复习了两节课。我这么差的人居然有62，谢谢老师！开学第一学期能遇到这么鼓励学生的老师真的很幸运，下学期一定会好好学习的！
43376,138,傅春玲,2017-01-16 07:55:44,0,1,1,课程进度快 给分好 有机靠自己 最后突击（抱佛脚）很有效果
43380,138,傅春玲,2017-01-16 08:01:24,0,1,1,老师课上的语速很快，能力很强
43419,138,傅春玲,2017-01-16 08:46:11,-3,0,3,非常棒的老师可是我85分被正态了qaq
43601,138,傅春玲,2017-01-16 15:05:35,-1,0,1,老师很热心，很敬业。像我这种学渣都不知道是怎么过的。。。
43649,138,傅春玲,2017-01-16 16:39:51,-10,5,15,一学期学下来学死过去最后期末被正态我已经不想说什么了，答疑的时候经常一天嫌弃只叫我们看书。
44606,138,傅春玲,2017-01-18 04:09:51,2,3,1,可好了！！！最后还给我们特意加分呢！绩点很不错的，平时也很可爱，有点小少女！爱傅妈
47146,138,傅春玲,2017-01-24 04:28:10,0,1,1,好老师，上课认真，给分好
48014,138,傅春玲,2017-02-28 05:06:15,0,2,2,春风化雨
48432,138,傅春玲,2017-03-03 08:49:36,1,3,2,开始时课讲的很快，但是期末留出时间复习了，下课后还会留下来解答问题，挺好
48730,138,傅春玲,2017-03-10 10:25:25,2,4,2,感觉上课有点快，但是老师人挺好的，会留出时间给大家复习。经常有小测，也就当是提醒你复习了。还是要给傅妈点赞。
51092,138,傅春玲,2017-05-16 18:59:16,1,4,3,作业也太多了...
52094,138,傅春玲,2017-06-14 15:38:42,1,6,5,超级棒啊，平常作业虽然做得有点差，但最后满绩还是超级高兴啊。认真点傅妈给分还是很好的
57506,138,傅春玲,2017-07-09 03:39:51,2,5,3,老师讲课挺棒的呀，就是上的是真的是快…可能是有机的内容实在太多了吧…讲真最后的考卷真的不难，平常多努力些，把重要的反应都基本搞懂，考前完全不用慌的呀(o^^o)
59915,138,傅春玲,2017-09-28 07:03:41,-5,1,6,。。。
60251,138,傅春玲,2017-10-16 00:10:52,-2,5,7,感觉老师比较热情，但从头到尾一直嗡嗡嗡让人难受。
71958,138,傅春玲,2018-01-29 06:42:00,0,1,1,老师超可爱，特别负责任，上课超认真，会为了让大家听得更明白加课，给分也好。大爱傅妈
71965,138,傅春玲,2018-01-29 06:57:57,1,3,2,给分是真的好
72067,138,傅春玲,2018-01-29 09:36:38,0,1,1,怪不得有机爱傅妈，老师是真的强，可惜我太渣，没有能继承老师的学问。。。老师很棒
72089,138,傅春玲,2018-01-29 10:18:44,0,1,1,老师很认真负责
72348,138,傅春玲,2018-01-30 02:42:09,0,1,1,老师给分真滴好！太感谢了！
79521,138,傅春玲,2018-06-08 00:46:37,6,6,0,助教好凶_(:з」∠)_
82902,138,傅春玲,2018-07-09 09:36:44,0,2,2,老师上课超级仔细！考试之前专门答疑，最后给分也超好！！超爱傅妈！
82919,138,傅春玲,2018-07-09 10:02:29,0,2,2,老师专业水准超高，讲解的很清晰。超级敬业负责!给分也好!
82999,138,傅春玲,2018-07-09 12:30:15,0,2,2,感谢老师让我压线过！！
83479,138,傅春玲,2018-07-10 11:24:51,0,3,3,爱老师，上课特认真，为了让学生多学后到期末还补课。虽然上课速度比较快，但是能学到很多，给分也不错。建议选她。
85714,138,傅春玲,2018-07-27 16:07:41,1,2,1,虽然事情多，但是给分好啊。  老师非常热情
95409,138,傅春玲,2019-01-19 10:43:56,28,34,6,非常好的一个老师，说拖堂的还是算了吧，自己有机学的什么样应该有点数吧，比起那些题解到一半打铃了收书就走的老师，像傅老师这样为了学生能考高一点付出自己时间老师还有什么可抱怨的，真是白眼狼。傅老师人超好，平常的小测一共有两次目的是为了激励同学们及时复习，即使小测成绩不理想，也不必太灰心，老师很通人情。如果后面的成绩有长足进步，前面欠下的债就一笔勾销了。好好学绩点不会低的。大家加油啊?！
98783,138,傅春玲,2019-01-24 02:30:04,0,1,1,有机求不挂 高绩更好了
98785,138,傅春玲,2019-01-24 02:33:01,0,2,2,老师真的很好，老师我爱你，有机求不挂科
99289,138,傅春玲,2019-01-24 14:18:42,1,2,1,老师上课很认真负责，就是讲的有点快，不过老师人很好，经常关心同学们的学习情况
99871,138,傅春玲,2019-01-25 08:53:48,5,8,3,为什么不是满分啊啊啊啊
100008,138,傅春玲,2019-01-25 12:30:27,1,2,1,我真的太爱老师了！讲的超级好，还会为了帮我们应对考试，特意多出一节课来！
100036,138,傅春玲,2019-01-25 13:02:21,0,1,1,老师超级棒!!表白老师
100047,138,傅春玲,2019-01-25 13:18:50,1,2,1,老师超级可爱，超级认真的！
100051,138,傅春玲,2019-01-25 13:23:56,3,4,1,真的谢谢老师，虽然被卡绩但是终于有正经课上四了，很负责的老师
100069,138,傅春玲,2019-01-25 13:40:19,4,5,1,上课讲的真的好！真的很遗憾没有好好预习跟上节奏，还总是困。最后几节课真的强打精神，复习课学到很多！有机主要还是靠自己，但是老师人真的很好很好！群里答疑都是引导式，很认真很负责的老师！给分也超好！！！看到分数感动哭了真的
100095,138,傅春玲,2019-01-25 14:40:51,1,2,1,老师特别温柔可爱，讲课也讲得好！\n\n解答问题很耐心\n\n考完有机去谢谢老师的时候，老师报以羞涩一笑，说，是你们认真学\n\n没有想到惧怕的有机成了大一上绩点最高的课，感谢感谢！\n\n
100234,138,傅春玲,2019-01-26 00:04:20,1,2,1,老师真的很棒，会花很多时间在同学身上，一开始可能会觉得有点严厉，其实到了期末你就会发现这种严厉是多好，课间天天问 你们昨天又没睡好啊，这么多人睡觉，晚上要睡好啊。真的很温柔了。而且最后我觉得我自己来批都批不到及格的期末，竟然及格了，太感人了！！
100404,138,傅春玲,2019-01-26 05:26:07,2,3,1,老师是外冷内热型的！一开始感觉老师很严肃（现在想来也是老师一开始也是紧张的），但到冬学期老师已经和我们调侃“你们下课怎么都睡觉了”嘻嘻嘻(♡˙︶˙♡)老师认真负责！青春活力逼人！爱岗敬业耐心温柔！反正 你会不由自主地喜欢上她的啊！虽然有机的确emmmn难以描述，不过傅老师真的是强推啊！如果学校给你预置的就是傅老师真的！不要改！傅老师超级好的！
100659,138,傅春玲,2019-01-26 14:07:40,2,3,1,莫名就很喜欢傅妈呜呜呜 不过有机真的很难啊 不知道是怎么拉了我一把给分才这么好 感动哭了 真的 怎么没有十一分
100816,138,傅春玲,2019-01-27 01:12:29,0,2,2,傅老师很可爱哒
100835,138,傅春玲,2019-01-27 02:06:12,3,6,3,人超好啊啊啊啊啊啊\n\n真没想到自己会满，哭了? \n\n期末考好点可以把平时分拉高一点是真的(//∇//)
101107,138,傅春玲,2019-01-27 13:53:31,-11,5,16,老师很有气质，是一个热爱生活的人，每天她上课都打扮得很大方优雅，我仍然记得她胸前别的那朵花，温婉的感觉给人一种非常想要上她课的冲动！还有，我有机有道4分的推断题没推出来，空在那边，结果居然还能满绩，真的超级开心的！老师给分是真得好！我永远热爱有机化学，永远喜欢傅老师！
104266,138,傅春玲,2019-03-15 10:02:22,1,4,3,老师讲的太好啦，老师是按照自己的顺序讲课，不一定和课本上的一样，听懂有机的感觉真好！
104500,138,傅春玲,2019-03-22 00:35:36,0,4,4,老师讲的真的很好呀，课前会统一解答群里问的问题，前面基础的东西会讲的慢一点，后面还会穿插复习巩固，一直听说有机很难，但是跟着老师学感觉很放心。
105506,138,傅春玲,2019-04-18 08:16:12,3,15,12,小测狂魔？ 以为我们就只上有机课？\n\n
107739,138,傅春玲,2019-05-08 23:38:51,4,14,10,对不起，虽然这么说可能会被怼，但我还是要说，老师上课太快几乎完全跟不上，在课上几乎学不到任何东西，而且我们在群里提问的时候，老师是看到的，但她从来不回。
107963,138,傅春玲,2019-05-12 12:04:44,-1,2,3,（回复上面某楼）老师已经提前一周说要小测，这样一点也不过分吧？
108381,138,傅春玲,2019-05-22 10:41:10,1,2,1,见过的最认真负责的老师，会牺牲自己晚上的休息时间给同学们一对一分析小测试卷，也是大学里最苦口婆心地提醒我们认真学习的老师，虽然自己有机很菜，但还是要给老师10分！
110566,138,傅春玲,2019-06-27 13:19:54,0,1,1,求不挂
111108,138,傅春玲,2019-06-29 23:40:42,-1,0,1,十分负责的老师，课上的还很好
111211,138,傅春玲,2019-06-30 15:03:35,1,3,2,真的是一位负责任的老师，牺牲自己时间给我们复习，做了超多的ppt，只是自己太菜
112577,138,傅春玲,2019-07-04 18:22:12,9,11,2,太感谢老师了，傅老师是我目前见过最负责的老师，如果大家学有机的话，一定要选她的课，虽然老师平时会小测，但这样的老师在大学里才是最难得的
112628,138,傅春玲,2019-07-04 23:05:53,7,8,1,小测卷一个一个当面取回来5555高中老师都没有这么负责过
112855,138,傅春玲,2019-07-05 11:50:59,-26,3,29,我不怎么学 都可以满绩
115069,138,傅春玲,2019-07-15 06:22:49,1,2,1,nice
116344,138,傅春玲,2019-09-09 00:48:32,7,8,1,老师上课节奏比较快，默认学生有较好的有机基础。上课一般会拓展较难的反应，讲较难的点。然而简单的概念和规则一般不讲。基础差的同学慎选，除非你做好了自学三本北大有机教材的准备。
117632,138,傅春玲,2019-09-27 02:38:06,67,82,15,“我儿子没你们那么优秀，没考进浙大，去了同济大学建筑系。不过好在他虽然不聪明，但是比较努力，五年里面有四年拿了国家奖学金。”
122781,138,傅春玲,2020-04-04 14:25:56,17,18,1,一直在好好学有机，但小测给的时间太短根本做不完也不会做。小测情况不佳老师说我们不好好学不复习，事实上根本不是复不复习的问题。课程本身就难，知识的消化吸收也需要一个过程，以一个正常人的智商即使复习了也不可能讲完几天之后就能熟练做题吧。另外老师上课是真的快，听不懂，每上一次课要花跟上课差不多的时间看直播回放，然后花更多时间写作业和复习。可我们不是只有有机这一门课啊，别的课程压力也很大啊，老师如果能理解这点就好了
123333,138,傅春玲,2020-06-03 14:02:10,-3,4,7,更年期  私下问题目的感觉真的很不好
123825,138,傅春玲,2020-06-14 23:58:21,1,2,1,老师还是很负责的，大学里能见到这样把教书看的很重要的老师已经很难得了，总之课不水，也会带学生复习，可选！
125101,138,傅春玲,2020-08-31 13:35:07,23,26,3,浙大最负责的几位老师之一
125241,138,傅春玲,2020-09-04 09:33:11,3,4,1,傅老师真的特别特别负责，期末考之前专门录制了讲解历年卷的视频，把重要考点都讲过了。给分也特别好！没想到能把我捞得那么高！
125273,138,傅春玲,2020-09-05 07:54:24,1,2,1,楼下+1，傅老师真的对待教学特别认真，最担心的事情是我们没听懂不理解。超好的老师
126258,138,傅春玲,2020-09-25 13:40:52,4,5,1,太强了
126372,138,傅春玲,2020-09-24 03:58:57,3,4,1,真的很少有这样的老师了，上课看同学走神会提醒，24小时在线答疑 组织课后辅导，真的太好了啊啊啊
126662,138,傅春玲,2020-10-12 08:03:31,-11,12,23,老师很好，非常负责，会自己准备很多内容。\n\n但私以为这个分数不能这么高。\n\n大部分学生跟不上的课程进度和相比其他班多太多的作业（我们这个班还不是化院的，化院的学长说他们作业也没有我们多），老师预设我们都有很好的化学基础（事实上不仅是没学过有机的人跟不上，自以为高中有机还挺好的人也跟不上，化竞大佬还是觉得简单），就在基础内容上带过很快。\n\n还有可能老师和我兼容性不好，她讲话会讲到一半去讲下一句，在内容也很新，本身就理解困难的时候很难接受，就像意识流一样讲课。\n\n而且负担是真的很重，因为还有额外的课要听。\n\n选傅老师一定要慎重。\n\n太累了。
127018,138,傅春玲,2020-11-03 00:39:59,1,2,1,傅老师太棒辣
128739,138,傅春玲,2020-12-25 06:19:57,2,3,1,妙手回春。
129896,138,傅春玲,2021-01-13 09:50:23,2,5,3,老师挺好的，确实很负责。但是每次问问题都要被骂，感觉有点不好…可能就是刀子嘴豆腐心吧
130172,138,傅春玲,2021-01-18 11:26:10,6,7,1,傅老师太负责了，每一章测试题、作业，平时小测，期末体型都给录视频讲解，虽然开始听不明白她说话（南方口音+话说半句）但是慢慢就好了，讲真感觉比高中老师都负责，能碰到这样的老师太幸运了，我要是有机学不好绝对是自己的问题
131365,138,傅春玲,2021-01-29 09:56:04,10,11,1,yyds
131493,138,傅春玲,2021-01-27 17:13:04,6,8,2,有机唯我傅大妈是也！
131898,138,傅春玲,2021-01-29 09:18:51,25,26,1,我太菜了，愧对老师
131899,138,傅春玲,2021-01-29 09:25:28,10,11,1,傅老师永远的神！很后悔没有认真学 老师给的资料讲解都超级超级多超级好超级详细 没好好学真的很后悔了呜呜
131906,138,傅春玲,2021-01-29 09:48:22,-28,2,30,春玲妈妈yyds！！！我真的平时有机都不太听得懂，也不太花时间，考试周突袭的有机，被捞起了4.5！！！
131913,138,傅春玲,2021-01-29 09:54:32,20,21,1,我爱傅春玲老师啊啊啊啊啊啊啊没好好学考试前啥都不会考场上乱写一气本来觉得过不了了，结果被捞起来了，感谢傅老师爱您！！！fcl永远滴神！！！！！！！
131927,138,傅春玲,2021-01-29 10:15:51,4,5,1,我太菜了，但老师真的太好了，用心负责，还救我狗命
131940,138,傅春玲,2021-01-29 11:22:24,7,9,2,傅老师yyds！特别负责特别认真的老师，教学水平很高，给分很好，只要认真学，老师会看到你在努力，分数不会低的
131943,138,傅春玲,2021-01-29 11:50:30,4,5,1,傅老师yyds！特别认真特别负责的一个老师！教学水平也特别棒！一个学期下来花了很多时间录制讲解视频，帮助我们消化理解知识，而且老师人特别好，会鼓励会给你提学习建议，如果平时好好学，老师会看到你的努力的，给分就不会低！
131956,138,傅春玲,2021-01-29 14:33:02,-11,6,17,老师讲话总是讲一半，说话嘶溜嘶溜的。我一般带耳机不听讲，考试周十天补天最后4.5，也过得去吧。讲课我觉得一般般，但会催你课后学习有机，所以整体水平不会差，总之很负责，有梦回高中那味
132505,138,傅春玲,2021-02-02 04:26:12,26,30,4,春玲姐姐绝对是大学里最最最负责的老师之一，高中老师能有这么负责的也不多见的！上课是讲的很快但不能怪老师，只能怪这门课设置的问题，老师有时候会口胡但是课后也录了好多视频，对于刚入求是园的萌新可以说是非常的有帮助，至少给我从被动学习走向自主学习带来了便利。傅老师挤出很多时间给我们教学真的很感动！！！而且问问题一般都是秒回，知识点记忆也有自己的一套方法，重在理解，预置她的课我三生有幸！！！
134054,138,傅春玲,2021-03-14 12:42:24,23,26,3,老师太好了 怎么可能不打10分？
134653,138,傅春玲,2021-04-07 16:32:12,23,25,2,超负责，但是早八很痛苦，总是要课前小测……\n\n有机太tm难了
135260,138,傅春玲,2021-06-08 07:04:12,11,14,3,我只能说爱了爱了
135649,138,傅春玲,2021-05-18 04:54:08,-15,13,28,这真是我见过最负责任且最恶心的老师，总是认为所有时间都要用来学有机，基本每次上课都会小测，甚至还占用其他非有机课程时间测试。我们没有其他课要学了吗？如果闲着没事的可以选，课多的建议别选
135879,138,傅春玲,2021-06-01 00:56:24,-2,18,20,说她负责任的不可否认，但是事多到真的恶心折磨人，早八的课每次提前十分钟开始签到，甚至七点半开始小测，几乎每节课都有各种小测，下课前剩十分钟还要做两个小测，这门课明明没有期中考硬是要在考试周前的那个周末搞大测试，如果你够强可以选，否则慎选，会给你带来噩梦般的体验
136115,138,傅春玲,2021-06-11 04:16:08,21,23,2,傅老师yyds，进zju以后遇到的最负责任的老师。事情确实多，但是如果跟着去做的话期末就不会那么痛苦吧。如果想要划水建议别选
137171,138,傅春玲,2021-07-01 17:20:08,17,18,1,傅妈真的很好，希望能考个好成绩对得起她的付出和期望！
140799,138,傅春玲,2021-09-16 07:19:59,-7,3,10,老师很用心，准备的资源很多。但是上课语速太快口癖太多加上口音，根本听不懂说了什么，更不用说理解知识的内容。
141125,138,傅春玲,2021-09-24 05:49:25,2,8,6,为什么不是10分？
141514,138,傅春玲,2021-10-13 01:31:34,-17,5,22,一句话中的词啰嗦重复多次，一直在讲话，讲得很快，但是逻辑混乱，我就是听不懂。听着很难受，吸收不了，大脑马上宕机。
142506,138,傅春玲,2021-11-12 10:36:03,7,8,1,老师真的好好 跟着老师学有机准没错
147539,138,傅春玲,2022-01-10 07:59:31,5,7,2,非常负责的老师，每节课会回顾之前的内容，把前后串联起来，上课速度对我来说刚好（不过有的同学说速度太快，可以课前翻翻书预习一下），会请同学分享学习有机的经验，非常及时甚至是秒回同学的疑问。我之前跟着另一位老师上课，根本听不懂，最后选择了弃修；后来选了傅老师的课，真的受益匪浅，大学里第一次这么认真地学习一门课，并且从中收获了成就感和满足感，虽然成绩还没有出，但我觉得给傅老师的10分是理所应当的。非常感谢老师和助教这一学期的帮助，让我对有机的情感从看到相关内容就应激性害怕，到能够看一眼就知道对应的机理，真的非常感谢。诚心祝福老师能够工作顺利、身体健康，祝福助教学业顺利！不过对选课同学的建议是，有机这一门课本身是需要花时间才能学会的，傅老师将有机本身需要花的时间还原了过来，要求大家能够按时完成，所以请做好这个准备。
148017,138,傅春玲,2022-01-11 10:19:53,8,12,4,第一次有机挂了（上网课期间，非常不认真）\n\n重修上了傅老师的课4.8，真的超级超级开心\n\n是我大学少有的高绩点的硬课\n\n我平时没有花很多课外时间，只是按时做作业和小测，期末有没有怎么花时间（因为有其他专业课）我觉得平时上课认真听，跟紧老师的节奏就够了\n\n谢谢傅老师好助教哥哥！开心^_^
148122,138,傅春玲,2022-01-11 14:24:33,4,5,1,傅老师教学细致，关心同学，事情确实多，但是认真做了绝对不会后悔。傅老师yyds。
152067,138,傅春玲,2022-03-25 01:09:14,-16,10,26,上课讲的是什么shi，狗屁不同，讲话就讲半句，同学这个很简单吧，显然嘛？tnnd 我如果觉得简单要你教什么，每周一小测，你怎么不去教高中。
152214,138,傅春玲,2022-03-30 13:26:13,1,3,2,非常好的老师！！！上课又认真细致，ppt很有帮助，人也非常好！！！当年九点晚课结束匆忙找她答疑积攒的一堆问题🥺每一条耐心解答。当时期末压力大心情不好，还被安慰了😭
152620,138,傅春玲,2022-04-16 04:30:21,2,6,4,前面说七点半开始小测的，不太求是哈。我来说一说小测的问题。前面很多同学说每节课都会小测，但其实真正算分数的没有几次，其他的都是课堂练习这种。最后期末总评里面平时分的部分，傅老师还是会帮你捞捞的。小测多只是为了督促同学学习，如果不适应的同学可以选别的老师。
152881,138,傅春玲,2022-04-21 07:35:02,1,4,3,老师很好很认真。会关心学生学习情况。\n\n\n\n点名，几乎每节课必点。\n\n\n\n会占课或拖堂，进行小测或讲解题目。\n\n\n\n课程本身进度过快。没有较坚实的化学基础的话听课估计跟不上。\n\n\n\n老师提供了较多的题目及讲评资料，方便复习巩固或自学。
152924,138,傅春玲,2022-04-22 00:18:32,7,16,9,总是抱怨傅妈小测多，拖堂，作业多的，大多数都是有机学的不咋样的吧。你良心是让狗吃了？自己什么水平心里没点b数吗？去年就是按傅妈要求做的，平时下的功夫多，考前不用补天做做历年卷就好了，高中没学过化学，95满了，打心底谢谢傅妈，进入大学后遇到的最负责任最关心学生的老师，凌晨钉钉问问题也会秒回
153687,138,傅春玲,2022-05-08 08:43:27,9,13,4,作为选别的有机老师的人来评价一波吧～我是上学期修的有机，任何时候需要复习都直接找fcl老师班上的学生要资料。你们的资料真的又多又好又全面又深入浅出！！我羡慕死了呜呜呜呜拜托大家一定要充分利用呀。\n\n另外，我认识的选fcl老师的同学最后都没有很狼狈的补天……所以其实我觉得那些说老师事多的同学可以换个角度想想：当一个老师想让你拿高分，又不想瞎**调分无视规则，是不是只能push一点呢\n\n最后！！俺们老师有事的时候傅妈来讲过三节课。语速好快啊……和我们老师的1.5倍速差不多。但是她的智云课堂我重复听了三遍，讲得是真的好。只要你能静下心来弄明白她在讲什么，有机真的会学得很好
153855,138,傅春玲,2022-05-13 07:08:33,1,5,4,老师讲得非常非常非常好，不选后悔死你
155394,138,傅春玲,2022-06-18 03:57:39,-15,7,22,很诚恳地去问题，甩来一句“课本上有”......这就是你们说的耐心负责的老师吗 (´;︵;`)
156115,138,傅春玲,2022-06-21 06:00:07,1,4,3,感谢傅老师，非常负责非常温柔，为了有机真的操碎了心，期中上机考的时候感觉老师比我们还紧张。不要玻璃心，老师说“这个很简单”是在鼓励你（她每次这么说我都在心里大声地嘲笑我自己），老师小测多是为了督促你（我有一次小测就拿了3.5分……老师给我捞回来了）好好听课，好好刷自测题和考卷，我们都有光明的未来
156117,138,傅春玲,2022-06-17 15:17:21,2,3,1,傅老师永远的神\n\n我想我会一直记得她
156126,138,傅春玲,2022-06-17 16:33:07,2,3,1,傅春玲我的神，感谢老师，很负责的老师，在大学遇到这样的老师是一种幸运吧🙏🙏
156138,138,傅春玲,2022-06-18 02:16:49,-1,0,1,老师太棒了
156210,138,傅春玲,2022-06-18 08:25:27,1,2,1,傅老师真的很好，只是有机这门课确实不好学，但是有付出真的会有回报，期末连着复习了两三天，最后绩点也很好，傅老师对于学生的问题一直都是很耐心的回复。
156371,138,傅春玲,2022-06-19 08:53:10,0,3,3,10分
156499,138,傅春玲,2022-06-20 04:54:06,3,3,0,基化实验II，平时说话比较直，你操作做错了会指出来。之前有一次我没怎么预习他一直在说我这步错那步错，但是结束了之后又很平和地跟我讲回去好好总结一下。越到快学期结束越能感觉到她很负责。给分也非常好，基本大家都能上4。
156561,138,傅春玲,2022-06-20 09:08:56,1,4,3,无论上课、答疑还是催自测题都是很认真负责，真正把学生当作儿子、女儿的老师，10分，不多解释
158020,138,傅春玲,2022-06-26 08:46:13,-6,3,9,傅老师讲课很好，关爱学生，爱和学生聊天，回消息非常及时，我身边几乎都是满绩
165414,138,傅春玲,2023-01-04 14:06:53,2,3,1,傅妈就不用多说了，富含激情的上课，大家长一样督促着同学们的学习，非常努力的想认识同学、帮助同学。而且她会在假期里就给同学打预防针，发PPT，让同学们预习起来，还会请学得比较好的同学分享学习经验。虽然有机很难，但是不妨碍傅老师成为我最喜欢的老师之一。
168560,138,傅春玲,2023-02-19 11:55:14,6,7,1,在浙大遇到的最好的老师没有之一！！！傅老师真的超级超级负责呀，看得出来对待教学也很用心。学在浙大上学习资料提供的\n\n的超级丰富（自测题的讲评录屏、重要题型的讲解录屏，还有往届学长学姐的学习经验等等)，很适合平时课后的学习(到期末其他班的同学都是要找我们要资料的hhh）；当然搞不明白问老师也非常nice，“我的消息一般都是秒回的，不然消息一多就容易忘记”。能选上傅老师的课真的是八辈子的福气呜呜，有机是大学里最有收获的一门课！大爱傅老师！
169544,138,傅春玲,2023-02-27 01:21:33,2,3,1,老师很棒
169831,138,傅春玲,2023-02-28 05:40:12,-2,5,7,过分热情了，适合当高中老师，建议自觉性不够强的同学选
170798,138,傅春玲,2023-03-10 02:01:42,-24,5,29,拖堂，适合当高中老师，很无聊，小测还有排名，大无语，快跑，投入产出不成正比
172763,138,傅春玲,2023-05-06 10:21:00,2,2,0,隔壁郑剑有机来的，fcl老师我期中补天的神，一个天上一个地下
173368,138,傅春玲,2023-05-21 15:24:08,2,2,0,上的傅妈的基础化学实验II，给满分，傅妈真的是很负责的老师，每时每刻都跟在后面催步骤和纠正。有时候傅妈可能说话比较急，表情也比较严厉，但也只是一时急性子or对事不对人，学有机的外系uu们能选上傅妈的课真的是幸运的
176552,138,傅春玲,2023-06-29 08:48:49,2,2,0,老师超级棒，我期末前的小测和期中40分只拿了29.4好像，期末在傅老师的帮助下竟然上了4.5，老师超级棒
176601,138,傅春玲,2023-06-29 11:45:37,3,4,1,非常认真负责的老师，比学生还认真。给的学习资料非常丰富，平时答疑也是有问必答。傅老师给我了大学第一门文化课满绩，我也给老师打大学第一个十分！
176679,138,傅春玲,2023-06-29 16:37:53,1,1,0,傅老师真的很好啊！！！虽然会让人感觉刚开始像高中老师一样抓得很紧，但是之后就只觉得她很热心，每次钉钉问问题也是秒回，也很耐心。当面问问题的时候可能会有点点凶，但是真的很好！最后几节课感觉适应了老师，感觉老师非常可爱。最后也是有了一个好的成绩，谢谢老师~！
176877,138,傅春玲,2023-06-30 13:46:17,2,2,0,傅妈！！！！！
177066,138,傅春玲,2023-07-01 12:25:52,3,3,0,超级负责的老师，卷王，想及格的都合适，10分
179568,138,傅春玲,2023-09-18 09:22:37,3,3,0,有机满绩，讲得好，资料全，答疑快，关心学生，超爱傅老师
181330,138,傅春玲,2023-10-15 02:23:47,7,7,0,傅妈真的超级好的\n\n有机上课虽然讲得有点快\n\n但会关注同学们的掌握情况\n\n随堂小测做得好的还会发钉钉来祝贺\n\n答疑特别认真\n\n还有 特别喜欢那句\n\n“如果那发现这个不对那你真的可以获诺贝尔奖了”\n\n真的是特别特别好的老师
181455,138,傅春玲,2023-10-18 06:37:38,5,5,0,傅老师讲的超级详细，非常用心，为学生着想的好老师。她教我是我的福气
186113,138,傅春玲,2024-01-08 13:17:00,1,2,1,傅妈yyds虽然有机前期学的很痛苦但是后面逐渐就变轻松了，前期一定要花时间！！！虽然有时候问傅妈问题会被她的直言直语误伤）））但是她真的很好很耐心。大学为数不多为了让我们更好的掌握而push的老师~
186488,138,傅春玲,2024-01-11 09:46:40,1,2,1,傅妈的课特别棒，虽然上课前期真的挺不好受的，但是随着方法和知识的积累，上课的难度也没有很大了，傅妈特别认真负责，课下钉钉问问题都是秒回的，考前也会注重增加练习，帮助我们提分，虽然现在我还不知道绩点如何，但是跟着傅妈学了一个学期，自我感觉很良好，极度推荐傅妈
186675,138,傅春玲,2024-01-12 12:08:40,3,3,0,超级无敌负责的老师 我爱傅妈 上她的课就是赚到
187467,138,傅春玲,2024-01-16 09:21:25,8,8,0,傅妈的有机化学绝了！真的好喜欢傅妈！是上了大学以后的第一门满绩！傅妈功不可没！一开始上课会觉得很难，讲的很快有些东西根本听不懂，也会觉得作业很多，但傅妈给的题没有一道是多余的，一点点跟着傅妈上课，下课及时把布置的任务都完成，循序渐进就能掌握学习有机的精髓了！傅妈真的是超级超级负责的老师，课下会用自己的休息时间给大家答疑，回消息很及时，而且很有耐心，无论我去问什么弱智问题她都会耐心解答！能上傅妈的有机化学！就偷着乐吧!
187592,138,傅春玲,2024-01-16 16:49:47,6,6,0,傅妈给了我大学第一门文化课满绩，我也给傅妈一个大大的十分！不管是从上课教授的清晰度还是课下答疑的及时度亦或是相关资料的整理和布置的角度，有机化学无脑冲傅妈的课就对咯！
187657,138,傅春玲,2024-01-17 03:37:26,3,3,0,非常好的老师，期末狠狠捞！\n\n虽然平时听不懂，但跟上课堂态度拉满还是可以的！\n\n听不懂也不要气馁！坚持！
187666,138,傅春玲,2024-01-17 03:55:48,2,2,0,特别感谢傅老师一个学期特别耐心的教导！特别感谢老师，教授的方法对我之后的学习也很有帮助
188785,138,傅春玲,2024-01-20 02:33:06,2,2,0,傅妈yyds
191815,138,傅春玲,2024-04-30 14:22:55,2,4,2,期中考不理想还会私聊你分析错题\n\n别的不说 十分给到傅妈
191973,138,傅春玲,2024-05-06 13:28:33,0,0,0,特别好老师
192498,138,傅春玲,2024-05-22 04:09:53,-22,5,27,拖课的神，无语。
197089,138,傅春玲,2024-07-07 13:13:59,-10,0,10,100分有手就行
198067,138,傅春玲,2024-08-28 03:14:27,3,3,0,真的超好！有机选傅妈，好好学满绩就是你！
198843,138,傅春玲,2024-09-12 06:10:59,2,2,0,浙大最好的老师！
200935,138,傅春玲,2024-10-25 04:23:58,7,7,0,老师不错，但真的就得提前5分钟小测吗😤😤😤
205930,138,傅春玲,2024-12-13 00:53:02,0,0,0,非常负责的傅老师
208686,138,傅春玲,2024-12-31 00:39:10,0,2,2,在傅妈的督促下，这个学期肯定满绩了，所以出分前直接给10分
209899,138,傅春玲,2025-01-07 11:00:26,1,1,0,傅妈yyds 教得好 会关心学生 最最最喜欢的老师！
209928,138,傅春玲,2025-01-07 12:37:35,1,1,0,真的是很好很好很负责的老师。在钉钉上问问题一定会回复，纸质小测和期中考后都会私聊学生分析问题。可能有时候会觉得老师事情太多，但有机这样的学科需要老师的push。预置到傅老师的有机是一件很幸运的事！
212868,138,傅春玲,2025-01-15 06:04:35,0,3,3,还没开学，但是已经开始建群跟我们聊了很多很多，还在学在浙大上传了学习资料，让我能在寒假合理地预习。寒假期间，我提出的问题傅老师也第一时间回我，泪目了，跟我发了好几条语音讲解。
214510,138,傅春玲,2025-02-10 08:51:27,1,1,0,清爽的笑声总是振奋人心
214598,138,傅春玲,2025-02-14 06:37:26,2,2,0,傅妈的赛博学生，靠着听傅妈的网课拿了很满意的绩点
215680,138,傅春玲,2025-03-04 03:59:44,1,5,4,讲课很认真负责，但真的喜欢拖堂。。。对不起了不能给满分
215686,138,傅春玲,2025-03-04 04:35:05,1,1,0,能有一位这样关心学生的老师，是浙大的荣幸。
216339,138,傅春玲,2025-03-13 13:42:06,0,0,0,👍👍👍
216714,138,傅春玲,2025-03-22 07:57:28,3,3,0,大学前两年半遇到的最关心学生、认真负责的老师。曾经有机挂科，在傅妈这里重修满绩。
217284,138,傅春玲,2025-04-07 12:15:09,0,0,0,虽然上的不是傅老师的课，但是一直听她的智云，作为一个电视机前的观众朋友，我可以很负责任地说出没有她就没有我的有机，泪目
219157,138,傅春玲,2025-05-22 12:52:49,1,2,1,太抽象了。。
219179,138,傅春玲,2025-05-23 00:16:26,1,1,0,老师很负责，但是上课废话多，讲课挺好会注重前置知识，但是太负责了所以建议有基础的同学别选
220570,138,傅春玲,2025-06-18 14:25:54,0,0,0,很好的老师，对学生很关心！！问几次问题就会被记住而且还时刻关心学生学习进度，小测考得好会钉钉发消息鼓励
1757,141,刘占祥,2015-03-24 04:56:05,51,54,3,老师挺好的
4872,141,刘占祥,2015-06-30 06:31:54,29,29,0,老师很和蔼，很幽默，很有责任感
7131,141,刘占祥,2015-09-04 16:12:58,13,14,1,全靠他救活了
7416,141,刘占祥,2015-09-14 09:04:38,7,7,0,好快\n\n
7603,141,刘占祥,2015-09-15 06:25:21,0,5,5,好老师，第一门满绩
9443,141,刘占祥,2015-10-27 10:03:19,32,33,1,很和蔼很不错的老师，辣么难的有机也能坚持上
9482,141,刘占祥,2015-10-28 12:59:27,7,7,0,好老师，真的好老师
9630,141,刘占祥,2015-11-03 10:39:13,10,10,0,老师很和蔼很负责.h
9787,141,刘占祥,2015-11-09 05:37:23,3,3,0,好课好课
10098,141,刘占祥,2015-11-16 00:44:50,10,11,1,本来觉得自己有机化学学不好的。但现在听了觉得老师特别好
11907,141,刘占祥,2015-12-21 07:09:43,1,2,1,。。。
12716,141,刘占祥,2015-12-24 02:25:26,3,3,0,老师人超好~
13577,141,刘占祥,2015-12-29 11:36:38,3,3,0,男神男神
13799,141,刘占祥,2015-12-31 04:51:22,6,6,0,超级详细，而且一般不会让学生挂科的\n\n
14421,141,刘占祥,2016-01-07 03:12:01,2,2,0,很可爱很负责
14427,141,刘占祥,2016-01-07 03:42:55,2,2,0,很有想法
14432,141,刘占祥,2016-01-07 04:55:38,1,1,0,绝对的好老师
14680,141,刘占祥,2016-01-08 09:05:29,30,31,1,就冲他亲自批改作业到每一个细节，亲自QQ答疑到每一个深夜，此老师非ban必选！
14764,141,刘占祥,2016-01-09 00:49:50,13,14,1,老师很和蔼，声音很好听，亲自为学生答疑，超负责任的，非常喜欢( • ̀ω•́ )✧
15096,141,刘占祥,2016-01-12 04:23:06,1,1,0,老师人真的超级好啊！
15382,141,刘占祥,2016-01-14 07:02:00,1,1,0,真的好老师
15443,141,刘占祥,2016-01-14 11:43:18,1,1,0,因为他再难的有机也坚持上
15515,141,刘占祥,2016-01-15 04:19:53,15,16,1,有机基本靠自学吧但是老师讲得真的用心作业都是自己批改还会帮你订正QQ上答疑也很认真 大学以来最喜欢的老师不是因为他课讲的好而是因为他会讲一些人生的道理
15541,141,刘占祥,2016-01-15 08:07:06,0,0,0,很不错
15557,141,刘占祥,2016-01-15 10:24:54,6,6,0,老师人很好，但是有机化学真的好难，想不挂还是得靠自己。
16360,141,刘占祥,2016-01-18 03:49:54,0,0,0,非常棒\n\n
16433,141,刘占祥,2016-01-18 05:42:28,1,1,0,老师真的超级好超级好～人好教的也好
16523,141,刘占祥,2016-01-18 09:59:45,1,1,0,好老师！
16542,141,刘占祥,2016-01-18 10:37:42,9,11,2,老师人很好讲的也好。。由于自己原因我的绩点很差，但是老师会在群里答疑，在新年夜发红包。。绝对好老师啊！虽然口音略怪
16557,141,刘占祥,2016-01-18 11:10:17,0,0,0,老师超级棒超级认真负责！
16671,141,刘占祥,2016-01-18 16:50:40,1,1,0,非常负责任的好老师！必须给赞！！！
16672,141,刘占祥,2016-01-18 16:50:43,1,1,0,上课很耐心
16695,141,刘占祥,2016-01-22 00:46:55,18,18,0,刘老师，一个大写的男神！！讲课好语调温和又幽默，一直耐心答疑，考前复习课又救人水火。这样的好老师哪里找（手动比爱心
18025,141,刘占祥,2016-01-21 06:27:07,0,1,1,老师课讲得很好，答疑也很详细，因为自己课上太水，这个绩点，感觉辜负了老师
18284,141,刘占祥,2016-01-21 11:31:03,1,1,0,老师人超好，上课虽然有点快，但是课上的真的很好，讲的很详细。然后下课去问问题回答超耐心，qq上也帮忙解答，挺幽默，超负责。
18287,141,刘占祥,2016-01-21 11:37:31,3,3,0,真心强推！真的很为学生着想！上他的课是一种享受
19869,141,刘占祥,2016-01-25 12:37:47,-4,2,6,老师挺好的，只有88完全怪我平时太浪
20991,141,刘占祥,2016-02-08 10:58:44,1,5,4,刘老师的有机课真心赞，就冲最后给了我满绩我打10分~\(≧▽≦)/~
21718,141,刘占祥,2016-03-03 14:44:01,1,1,0,老师超级超级棒！选他的课绝对不后悔 和蔼可亲负责
21766,141,刘占祥,2016-03-01 05:05:08,1,1,0,如果你上刘老师的可就真心赚了
22243,141,刘占祥,2016-03-03 05:19:28,1,1,0,十分好
22948,141,刘占祥,2016-03-15 05:18:40,1,1,0,超棒！
26868,141,刘占祥,2016-06-21 11:24:53,3,3,0,只有我觉得老师像白岩松吗?
27696,141,刘占祥,2016-06-27 08:35:02,1,1,0,老师超级好啊！
28879,141,刘占祥,2016-06-29 02:24:07,2,2,0,讲课有重点，说话很简洁，超级耐心。
29955,141,刘占祥,2016-06-30 14:50:25,0,0,0,认真细致，声音好
31334,141,刘占祥,2016-07-03 16:17:35,1,1,0,给分好，助教好，老师好
32089,141,刘占祥,2016-07-05 14:46:47,-6,0,6,给我好低分
34276,141,刘占祥,2016-09-29 13:38:00,0,1,1,太好了，超好！
34278,141,刘占祥,2016-09-29 13:39:30,1,2,1,手把手教实验，耐心讲解，没有架子，很赞的男神老师
37093,141,刘占祥,2016-11-17 11:23:47,2,2,0,特别棒！有气质！
38115,141,刘占祥,2016-11-24 13:15:52,0,0,0,老师的讲课对自己自习有很大帮助。很负责的一个老师。\n\n
38851,141,刘占祥,2016-12-19 14:41:13,1,1,0,老师超级和善超级棒他的助教也都很好的
39671,141,刘占祥,2016-12-27 02:33:38,1,1,0,大化o实验课的时候觉得他很和蔼
42755,141,刘占祥,2017-01-15 04:44:23,0,0,0,老师人超级好 脾气特别好特别和蔼
42783,141,刘占祥,2017-01-15 05:26:14,0,0,0,老师很好，会指出我实验哪里不对，只要认真，给分很好
42882,141,刘占祥,2017-01-15 10:40:42,1,1,0,很慈祥，没架子
43214,141,刘占祥,2017-01-16 03:46:13,8,9,1,大化实验带给我好多好多。。。刘老师是一个很亲切和蔼的人，而且特别可爱，会和你一起讨论实验中的问题。平时主要是助教讲课，每个实验室的助教都好有爱好可爱，爱你们!!!
43662,141,刘占祥,2017-01-16 16:59:14,4,4,0,其实，说真的，实验课基本都是助教在上，有的时候他才来看看或者补充一下要讲的东西。但不管是刘老师讲还是助教讲，都很有收获，助教大大们都很可爱很随和，特别是韩助教，嘻嘻
45117,141,刘占祥,2017-01-19 03:58:01,0,3,3,我上的是大化O，老师很复杂，特别喜欢1617秋冬507课题组的两位助教，期末的时候还帮我们有机答疑，强推啊，不过差一分满绩好遗憾
45336,141,刘占祥,2017-01-19 11:19:49,1,1,0,老师和助教很耐心也很幽默啊~
54664,141,刘占祥,2017-06-30 03:45:01,1,1,0,老师人超好
55611,141,刘占祥,2017-07-02 04:46:47,1,2,1,老师人挺好的吧，给分还行。\n\n就是大化O课程比较坑爹，占用时间很多，收获不大，探究性实验神烦。
55811,141,刘占祥,2017-07-02 12:04:35,5,5,0,老师很好，助教很迷。对我就是在说507的助教。哈哈哈哈哈其实也是很负责很好玩很可爱的两个男孩子啦✺
57930,141,刘占祥,2017-07-18 00:01:40,0,0,0,绝对好的老师，人也和蔼可亲，学到了很多
63998,141,刘占祥,2017-12-20 13:21:38,0,0,0,超级和蔼的老师，上课也很好(✪▽✪)
65017,141,刘占祥,2017-12-28 08:22:56,1,1,0,真心的好老师，有科研工作者应有的严谨踏实，解答很耐心
65147,141,刘占祥,2017-12-29 11:19:37,2,2,0,很幸福，能遇见这样好的老师，很幸运，能遇见这样好的助教，每每看到你们笑，就感觉整个世界都开花了，爱你们
67431,141,刘占祥,2018-01-21 07:47:37,6,8,2,老师是真好 有个助教是真的恶心
67455,141,刘占祥,2018-01-21 08:31:53,0,1,1,刘老师最可爱！\n\n助教们最可爱！\n\n对这门课的教学是非常非常认真了！！！\n\n\n\n但是考试是真的难ಥ_ಥ\n\n绩点不高，但是我已经尽力啦……\n\n\n\n
67470,141,刘占祥,2018-01-21 09:23:52,3,4,1,今年大化O的助教太差\n\n
67537,141,刘占祥,2018-01-21 13:02:45,0,0,0,经常会在实验室的老师，很和蔼
68200,141,刘占祥,2018-01-22 22:46:51,3,3,0,老师很好，助教也很好，表白周二上午501的两位助教小姐姐～(￣▽￣～)~
68780,141,刘占祥,2018-01-24 01:27:16,0,1,1,老师人特别好！在操作过程中会来回走看提醒学生。有一次看到我加热问我沸石加没加我才想起来没有，结果老师只说让我赶紧去拿，拿回来的时候他已经帮我把装置拆开了，就让我把沸石放进去，再帮助我把装置搭好。特别温柔特别耐心！！\n\n但是实验报告真的要看助教……我的报告分到别的助教打分都有90+，自己的助教打都是70+80+……感觉最后绩点被这个影响了一些。
69563,141,刘占祥,2018-01-25 03:57:38,1,3,2,上刘老师的大化（o），实验报告每次都90以上，感觉考试考得也还可以，但感觉自己的绩点对不起自己付出的努力，希望能把实验报告分数占比提高一些。。。
75414,141,刘占祥,2018-03-11 11:10:03,1,1,0,对老师最大的感觉就是老师很和蔼可亲，会很耐心地解答我们的问题
81609,141,刘占祥,2018-07-05 14:12:16,1,2,1,老师给分真的很尽力，无奈化学实验课有正态要求，这一个学期有机实验非常开心，下学期有机合成继续哈哈哈哈哈哈。。。
81908,141,刘占祥,2018-07-06 12:57:50,5,5,0,化学系教学水平最好的老师之一
85655,141,刘占祥,2018-07-24 07:08:29,5,5,0,刘老师人超好，亲切 水平高，\n\n给老师10分，笔芯芯。（那个叫张海兵的助教是个sb 神坑
93346,141,刘占祥,2019-01-09 05:49:48,0,0,0,一个非常好的老师，教的有机合成实验，非常的好，然后水平很高，而且还很温和，有时候还会深夜为大家答疑
100414,141,刘占祥,2019-01-26 05:49:30,0,0,0,老师真的超级和蔼 大化o每节课都会在 很负责！
108584,141,刘占祥,2019-05-29 05:50:43,1,1,0,这个老师真的是有一种我想要以后成为的人的感觉。态度谦和，教学严谨却又循循善诱，真的太棒了
109358,141,刘占祥,2019-06-13 08:38:28,3,3,0,老师真的很和蔼，会帮我搭装置（就是那个女助教太凶了！）
109364,141,刘占祥,2019-06-13 09:28:06,1,1,0,刘老师超棒棒，特别亲切，会特别认真解答实验中的每一个问题，每次有机不会也会问他，有一种豁然开朗的感觉
109418,141,刘占祥,2019-06-14 05:31:45,0,0,0,太爽了，老师人很温柔，给分也不错
109477,141,刘占祥,2019-06-15 15:11:00,0,0,0,好老师不多说
109494,141,刘占祥,2019-06-19 00:49:47,0,4,4,老师很好?\n\n某些助教不知道死没有
109530,141,刘占祥,2019-06-16 14:31:33,4,4,0,老师超级超级超级好。这学期大化（o）的仨助教也很好。尤其501的助教，太可爱了。
109686,141,刘占祥,2019-06-18 11:34:18,4,5,1,口音真的神秘
109935,141,刘占祥,2019-06-20 10:18:05,-4,0,4,特别认真的老师，很严谨，对学生和助教也很有耐心。\n\n不过呢……我看到他对一个拿着一份实验报告不知道怎么给到及格的助教说实在给不了及格就不要给及格。
110803,141,刘占祥,2019-06-28 08:48:07,1,1,0,老师真的超级超级超级好，实验即使我一无所知老师都会超耐心地指导，感动.jpg超和蔼超nice的老师，实验必选！！！助教小哥哥也超温柔超可爱！
110805,141,刘占祥,2019-06-28 08:51:21,0,0,0,老师讲的很好，人也不错，501的助教也很好，虽然没有到预期绩点有点失望，觉得自己可以更高的，但还是很喜欢这学期的大化实验啦
110821,141,刘占祥,2019-06-28 09:23:01,0,0,0,老师耐心和蔼，会主动教你，帮你改操作问题。理论考要好好看书里的实验步骤装置图和原理哦\n\n
110898,141,刘占祥,2019-06-28 13:25:50,0,0,0,超级和蔼可亲的老师! 助教小姐姐人也超好的
111016,141,刘占祥,2019-06-29 06:51:57,0,0,0,老师人超好！！每次实验课都仔细指出我操作的失误，而且笑起来特别亲切。实验课真的只能靠自己认真预习写报告，课前讲解也特别重要。
111226,141,刘占祥,2019-06-30 16:12:42,1,1,0,大化O实验 很有耐心也很有亲和力的好老师！基本功扎实 也会主动和学生交流 要求可能有点点严但是正是这样才能进步呀！助教是罗君 超可爱超温柔的xgg！
120888,141,刘占祥,2020-01-18 09:03:39,2,2,0,慈祥而镇定。声音很好，讲课极其清晰。实验报告认真写分不会低。会很贴心地纠正你的装置细节问题。上了大化O才有了完美老师的概念。真是鞠躬尽瘁啊。表白刘老师还有可爱的助教小姐姐。\n\n
124531,141,刘占祥,2020-07-02 11:38:45,2,2,0,老师人真是太好了！！！大化O超细心的帮我解决问题，虽然最后给分还不知道怎样，但是老师真的很和蔼很有水平！讲的也很清楚！！！非ban必选！
125233,141,刘占祥,2020-09-04 06:55:37,3,3,0,老师还是挺好的，助教对实验报告有点严格，但做实验的时候还是挺热心温柔的，总体不错吧，给分一般偏好
138016,141,刘占祥,2021-07-07 05:25:39,2,2,0,老师超棒！！！
146718,141,刘占祥,2022-01-07 09:19:26,3,3,0,老师真的很好，很和蔼，很多问题都会帮忙解答，给分也很不错，很感谢老师。
146913,141,刘占祥,2022-01-08 04:41:30,1,1,0,强烈推荐刘老师！口音很有趣可爱（？），做实验的时候都会很耐心地指导，帮我这个笨手笨脚的化学小白渡过了一个个难关。最后给分也是不错的。
149342,141,刘占祥,2022-01-15 06:35:08,2,2,0,大化实验（O）\n\n老师挺温柔，人挺好的。操作错了也不会很凶的骂你，给分也很不错，推荐~
155214,141,刘占祥,2022-06-09 11:15:06,2,3,1,2022春夏上的大化O\n\n还没考试/出分\n\n但老师讲的很好，人很温柔、儒雅\n\n化学没基础的同学也完全没必要担心\n\n推荐推荐
155998,141,刘占祥,2022-06-17 05:23:42,4,4,0,非常感谢和蔼负责的刘老师。我高中根本没做过化学实验超级害怕出错，但老师讲得很细让我都能明白并顺利做出来了。这是我第一门独立做化学实验的课呀，当时预置不是刘老师，自己换进来的，好幸运遇见刘老师！祝老师一切顺利！
156041,141,刘占祥,2022-06-17 07:59:47,3,3,0,老师人很好，就算你做错了也会很耐心的指导你，最后4.5飘过也是很开心的。\n\n就是有一个助教给实验报告打分真的打的好低啊😓
165416,141,刘占祥,2023-01-04 14:25:31,7,7,0,作为化学竞赛的学生，高中有幸听过刘老师的有机理论课。老师的专业知识非常扎实，而且讲课思路清晰，循循善诱。大学里学的大化O，老师讲课会强调操作要点和细节，也会讲实验报告的重点，做实验的时候甚至会手把手教学，而且还会努力帮忙调整器具。对老师的感觉真的非常非常好。但是有那么一个离谱的助教，看起来玩世不恭，实则只能用苛刻来形容他对实验报告的要求。
166132,141,刘占祥,2023-01-11 07:22:22,0,0,0,助教gg超帅
166770,141,刘占祥,2023-01-13 13:47:55,4,4,0,老师实力没话说，真的很厉害。就是有一个助教给分奇低无比。
173378,141,刘占祥,2023-05-22 07:17:59,0,0,0,【大化实验o】真的很喜欢刘占祥老师！！讲的很详细很清晰！！老师也很有趣很可爱！！
174514,141,刘占祥,2023-06-13 11:49:21,0,0,0,刘老师上课讲得真的很细致，解答也很耐心
174753,141,刘占祥,2023-06-17 01:04:19,1,1,0,老师满分，课程59分\n\n只要去问，不管是实验操作还是拓展内容刘老师都会很认真地与你讨论（比如emm刘老师连着2次手把手教我叠纸包），plus老师口音也很可爱啊\n\n但是这个课程做不到基本的打分公正，拼死拼活写半天也不过一个89还不知道到底扣在哪里了；别的班就没下过90吧？\n\n然而然而还是很感谢助教里的z姐姐的，刀子嘴豆腐心，不仅促使我对实验现象记录进行大修，还给了我唯一一个95+(还有一次是93，如果不是迟到应该也能上吧)
176794,141,刘占祥,2023-06-30 07:36:44,1,1,0,刘老师我的神！\n\n但是助教给实验报告打分会有点低🥲
184824,141,刘占祥,2023-12-23 07:21:20,0,0,0,【大化实验O】老师讲课超清楚！！
184945,141,刘占祥,2023-12-24 14:43:59,0,0,0,因为自己的原因错过了智慧树的期末考，老师还专门给错过考试的同学开放了两天的补测，没上过刘老师的课但是10分
185340,141,刘占祥,2023-12-28 04:29:13,4,4,0,老师人真的超级超级好！我实验课本来是当作跨专业的课选的，本来担心学不懂，但是老师教的很耐心，还送了我护目镜哈哈哈哈。就他关注我的实验比我关注我自己的实验还要认真，人真的很温柔且耐心！然后就有一种很慈祥、和蔼的感觉，笑声爽朗哈哈哈，反正就是他人真的很好！mooc上面的实验视频也全是他hhhh，很高兴能选上他的课！！
187611,141,刘占祥,2024-01-16 23:46:17,1,1,0,刘老师我哭死，化学基础不太好但是一直很努力地在学有机，最后出分虽然被卡绩了但是感觉刘老师应该捞了我一大把，用的来说，选到刘老师你就偷着乐吧，上课一定要认真听！！！
187731,141,刘占祥,2024-01-17 09:00:40,0,0,0,真的是好老师，感谢老师认真耐心的辅导。
188039,141,刘占祥,2024-01-18 05:12:58,0,0,0,占祥老师很亲切，\n\n有机讲得非常好，\n\n期末会大捞特捞，\n\n放心无脑选就对。
190274,141,刘占祥,2024-02-27 02:59:50,2,2,0,最不水的大学老师
195272,141,刘占祥,2024-06-27 14:22:43,2,3,1,老师讲课非常清晰，指导实验操作非常细致，特别有耐心，特别和蔼。预置刘老师就偷着乐吧
201743,141,刘占祥,2024-11-06 02:04:59,1,2,1,大化O，最喜欢的实验课
210795,141,刘占祥,2025-01-10 03:12:34,1,1,0,非常和蔼，给分也好不卡绩
210843,141,刘占祥,2025-01-10 05:26:02,0,0,0,大化o好好好
219797,141,刘占祥,2025-06-06 12:14:38,1,1,0,操作讲解的很清楚，有没弄明白的地方也会详细解释并帮忙，挺好的老师
219927,141,刘占祥,2025-06-11 09:27:13,1,1,0,每次看到老师胖胖的和蔼的脸就觉得很安稳
2005,215,蒋银土,2015-03-28 12:14:17,0,5,5,老师很好
4314,215,蒋银土,2015-06-19 02:32:20,3,5,2,很难忘的老师，人超好
4927,215,蒋银土,2015-07-01 05:55:37,3,7,4,萌萌的 很严厉很善良 绝对好老师
6085,215,蒋银土,2015-07-10 19:14:00,4,7,3,萌死人的老师 好想他啊！
7192,215,蒋银土,2015-09-10 09:18:27,9,12,3,虽然说话带口音，有些听不太懂，但是绝对是好老师！
10185,215,蒋银土,2016-09-12 08:18:21,0,2,2,是厉害的
10195,215,蒋银土,2015-11-17 10:13:21,0,2,2,老师很可爱
10252,215,蒋银土,2015-11-17 17:18:34,10,16,6,老师很和蔼，很认真细致，比我们这一届其他几个老师好多了，推荐蒋老师！
10260,215,蒋银土,2015-11-18 00:33:00,0,2,2,萌萌的老师
11193,215,蒋银土,2015-11-25 06:36:52,0,1,1,老师确实好，但均绩比别的老师给低多了
13725,215,蒋银土,2015-12-30 12:08:09,8,12,4,老师跟认真的，待人亲切
16280,215,蒋银土,2016-01-17 15:58:28,-1,2,3,说话有口音，但是非常和蔼可亲，给分也好
25565,215,蒋银土,2016-05-25 13:05:13,-2,2,4,垃圾桶（拉稀痛）
27613,215,蒋银土,2016-06-27 04:58:37,0,2,2,老师认真的很负责任、很善良，会讲很多额外的东西
30296,215,蒋银土,2016-07-01 08:10:59,0,2,2,老师对学生真的好关心！！！
34697,215,蒋银土,2016-10-18 11:57:05,23,27,4,真的是个好老师，苦口婆心的劝我们大一不要玩游戏还举了很多例子。让助教不要扣学生分。
42456,215,蒋银土,2017-01-14 08:51:27,0,1,1,好老师，很认真，很和蔼。
42473,215,蒋银土,2017-01-17 11:28:07,0,2,2,很好。
42602,215,蒋银土,2018-01-13 01:31:16,10,16,6,老师是好老师。。。以至于我拿了3.9发现自己差不多是最菜的(
42625,215,蒋银土,2017-01-14 15:32:55,0,1,1,感觉自己好坑，拉低绩点了
42696,215,蒋银土,2017-01-15 02:49:14,1,2,1,老师有口音萌萌哒！男神！给分很好！
42877,215,蒋银土,2017-01-15 10:37:10,-17,4,21,上化学实验甲其实接触到的基本上是助教，老师来的时候很关心学生，很和蔼，有点老顽童。不知道最后成绩是不是老师自己打的，几乎每次实验报告都是全班最高分，从不迟到，理论也可以，但是还是只有4.5，和一些老是水的同学一样，有点气啊。
42885,215,蒋银土,2017-01-15 10:47:26,4,7,3,不要只看老师评分！实验课分助教占了很大一部分！
43097,215,蒋银土,2017-01-15 16:23:18,18,19,1,蒋老师是个很和蔼负责的老师，经验丰富，上课讲解也比较耐心。平时实验报告分数挺不错的，但最后绩点莫名的低，可能是助教给的操作分比较低。建议实验前好好预习，过程中可以减少操作失误。
43197,215,蒋银土,2017-01-16 03:24:37,56,70,14,1.5学分的课写实验报告和预习报告的时间比学4.5分的微积分还多
43404,215,蒋银土,2017-01-16 08:21:45,6,7,1,老师很棒，苦口婆心的跟我们说大学一定要学好英语，多机会交流，会跟学生聊天，很负责地讲解实验操作，而且知道我们是医学生，会探讨一些有意思的话题，真的很好的老师！
46919,215,蒋银土,2017-01-23 02:12:00,0,3,3,老师说话带口音，基本听不懂。助教大多很严格。
47327,215,蒋银土,2017-01-25 09:00:59,8,11,3,老师真不是关键，关键是助教
48733,215,蒋银土,2017-03-10 10:54:58,0,1,1,老师口音很可爱啊，人也很和蔼
50061,215,蒋银土,2017-04-29 04:39:28,0,2,2,挺棒的，和蔼可亲，指导也很耐心，略有口音可能北方人不容易听懂，给分好
50072,215,蒋银土,2017-04-29 06:51:54,6,7,1,对这助教无语了
50129,215,蒋银土,2017-04-30 04:06:32,-1,1,2,老师人很好，虽然有时候有点啰嗦+南方口音听不太懂~给分和老师基本无关，主要看助教。
50413,215,蒋银土,2017-12-20 05:20:59,31,34,3,老师给10分，助教给3分。明的找茬背地里扣分真的很不要脸。点名那个孙越，有些东西不讲清楚倒的来扣学生的分。还一副不耐烦的样子，而且不尊重人。建议以后做实验时遇到助教过来时什么都不要做就看预习报告。。太能找茬了
60024,215,蒋银土,2019-01-24 10:07:50,243,274,31,感谢蒋老师的课！\n\n让我找到了女票！
60025,215,蒋银土,2018-06-13 12:20:30,243,269,26,感谢蒋老师的课！ 让我找到了男票！
65414,215,蒋银土,2018-01-03 17:26:35,3,4,1,老师水平很高，很和蔼，有问题会讲到你懂为止，非常可爱哦。但是因为口音给他扣一分，有点残忍，不过也是没办法啦，听起来真的好吃力。
66234,215,蒋银土,2018-01-14 01:18:54,14,16,2,实验考试全是填空大题，一定要仔细看化学式和方程，不然回跪，别问我怎么知道的。ps：老师绝对是好老师。
66380,215,蒋银土,2018-01-15 13:38:13,4,6,2,为助教小姐姐和那位小哥哥打call！（虽然认真程度还是因人而异的...）\n\n蒋老师非常之好，凡能照顾到的都照顾了；没法照顾到的也尽量照顾到了...
67824,215,蒋银土,2018-01-22 07:55:54,3,4,1,助教很烦
67866,215,蒋银土,2018-01-22 08:23:36,1,2,1,棒棒棒！虽然挂挡了……但是老师的鸡汤挺好的……
68137,215,蒋银土,2018-01-22 15:41:37,3,8,5,老师真的很好 很幽默 喜欢跟学生闲聊。有两个超凶的女助教！自己心情不好瞎发脾气！把问问题的同学说哭了！实验报告也给分贼低，这种人不配当助教
68472,215,蒋银土,2018-01-23 08:47:32,5,6,1,老师真的很好，很和蔼，虽然口音有点重但还是能听得懂，但是某些助教没事找茬给学生多扣分，知不知道实验报告我们要花多长时间?不知道该跟你们说什么，给你们拜个早年吧。
69193,215,蒋银土,2018-01-24 09:52:58,0,2,2,还没出成绩，老师很好啊，很可爱会很耐心讲东西，但是这门课就是要花很多时间写报告。
70225,215,蒋银土,2018-01-26 09:08:53,10,11,1,老师不错，有几个助教格外的shabi
71524,215,蒋银土,2018-01-28 14:40:13,1,2,1,老师超可爱，实验课很多还是看助教的
74067,215,蒋银土,2018-02-04 16:33:52,1,7,6,听老师课是什么体验？我就问你实验报告几乎满分最后3.9是什么感受？
74650,215,蒋银土,2018-03-05 03:14:36,0,1,1,很细心，人很好
75553,215,蒋银土,2018-03-13 07:25:39,-1,1,2,特别可爱的老师，总是发散性思维
75557,215,蒋银土,2018-03-13 08:08:18,-2,1,3,老师很亲切，很耐心，有一次本子落了还帮忙找。
76092,215,蒋银土,2018-03-26 14:07:49,67,70,3,一二楼太秀了
76876,215,蒋银土,2018-04-25 06:58:03,0,8,8,感谢蒋老师的课！ 让我找到了gay票！
77368,215,蒋银土,2018-05-05 06:12:09,2,3,1,有几位助教姐姐还是很好的~做化学实验充满乐趣
77836,215,蒋银土,2018-05-08 04:46:07,18,19,1,事情多，分数少，在实验课里给分不算好。po一下那个黄色头发戴眼镜的女助教，刻意找茬，给分差，态度不好，简直zz，全凭喜好给分，根本不会管你做得好不好，看到比较高比较帅的男生跟个花痴一样，简直是助教里的垃圾。
78082,215,蒋银土,2018-05-09 09:16:51,12,13,1,对乙班做一下评论吧。大都是竺院来上这个课的，大家也都是不同的专业。其实挺幸运的，尤其像我这样从小到高中毕业还没碰过烧杯胶头滴管的人。作为一个非近化学专业的人能有幸体验些化学实验，这对我是第一次，也可能是最后一次……我总评3.9，也不用管自己拿了几分，退一万步讲，这门课就一个学分，而且拉不开差距的，那么它的过程，无疑比结果重要多了。
88811,215,蒋银土,2018-11-08 13:57:52,3,4,1,刚上完化学实验的我来答，选上老师的课就偷着乐吧，化学实验本身很好玩。我个人是手残党，但是老师真的超细心也超耐心而且超有趣的啊！我真的爱上了化学实验。老师真的很像一个亲近的大伯了，他的普通话很有意思啊。上完了课有点舍不得。
90789,215,蒋银土,2018-11-26 05:08:23,1,1,0,不给满分不行啊，老师很有趣，上课收获了很多，最后分数也很好
90994,215,蒋银土,2018-11-28 14:03:01,10,10,0,老师给10分。助教给3分。老师是非常好的，有教书育人的潜质，叫我们少打游戏，多学英语。化学实验的教学经验非常丰富，遇到一点点问题，都可以清楚讲开。点名一个姓陈的女主角，随意扣分，简直zz。其他两个助教的实验报告改分基本是45+，而整个班的实验报告在那个人手上，分数简直废了。尤其喜欢预习报告和实验报告重复扣分。不清楚这么喜欢找茬的缘由何在。
93042,215,蒋银土,2019-01-07 05:52:41,4,5,1,蒋老师是一个非常好的老师，教学经验非常丰富，和蔼可亲，关心同学。上课不仅仅局限于书本，一些细小的注意点知识点都会讲到位，而且老师还会有适当的拓展，前沿知识的延伸，非常棒。除了有一点小口音以外，我觉得可以考虑蒋老师
93164,215,蒋银土,2019-01-08 01:58:37,9,9,0,老师真的不错，助教给分是真的走低。
93345,215,蒋银土,2019-01-09 05:46:46,14,14,0,老师不错的，但diss一个姓陈的女助教，事先不讲清楚要求，事后说这个没写，那个没按要求，随意扣分而且重复扣分，帮我们的平时分当儿戏。
95120,215,蒋银土,2019-01-19 00:32:00,52,53,1,蔣老先生研究熒光材料幾十年，可惜的是一直沒有申請美國或者歐洲專利，也難怪，蔣先生就是這樣一位有風骨的學者，大讚。
95165,215,蒋银土,2019-01-19 02:55:42,1,2,1,哇超棒的老师，给我们讲大学要注意什么和他自己的人生经历，超棒，给分也行
95167,215,蒋银土,2019-01-19 03:05:33,1,2,1,蒋老师真的很萌\(//∇//)\超可爱的还会和你闲聊，虽然最后成绩不太好但还是要给满分！
95172,215,蒋银土,2019-01-19 03:37:55,1,2,1,老师讲课非常好，助教也还行吧，我觉得都挺好的。\n\n
95196,215,蒋银土,2019-01-19 04:40:07,1,2,1,蒋银土老师超级无敌棒，超有化学素质的，包括仪器操作什么的都讲的很仔细，平时好好听理论考是不虚的，化学思想都在里面呀
95221,215,蒋银土,2019-01-19 05:15:32,0,1,1,不错吧 给分也还行
95282,215,蒋银土,2019-01-19 06:47:59,-22,4,26,蒋老师超赞！非常喜欢蒋老师上课！虽然最后只有4.5，但我强推蒋老师的实验课
95490,215,蒋银土,2019-01-19 13:01:58,1,2,1,蒋老师人挺好的，给分也不错
95554,215,蒋银土,2019-01-19 14:54:41,-1,0,1,老师很认真很可爱呀。上课讲的每个知识点都很重要，可能就是理论考试原题了，一定要认真听讲。老师普通话不是太溜emm? 平时实验操作老师会指出错误，但不怎么扣分啦。小心不要被助教抓到操作错误就好。
95564,215,蒋银土,2019-01-19 15:29:09,1,2,1,老师讲话很可爱 hh 听了总想笑\n\n而且是话痨 喜欢拉人聊天\n\n三个助教都很棒 对于我这个笨手笨脚的人也悉心指导?
95655,215,蒋银土,2019-01-19 23:15:59,14,15,1,老师人非常好，有着深厚的专业基础和质朴的人格魅力，上课不仅交给大家知识，还会对大家的大学生活提出一定劝诫，实属浙大好老师了。给分也还不错(如果努力一点的话)，唯一的遗憾是期末考有、、难了，出的很细，最后大部分同学绩点较高但不会很高。但总体上，还是非常喜欢蒋老师哒!
96582,215,蒋银土,2019-01-21 06:55:58,0,1,1,太刺激了！认真听会收获到很多意想不到的知识～蒋老师很萌，常常为学生着想～实验还是很好玩的！也能动手操作很多！最后成绩还是看实验报告和最后考试！要加油哦～（在这里匿名夸赞林助教大大～）
99795,215,蒋银土,2019-01-25 07:35:39,2,3,1,最后成绩不咋样，但是要给老师十分。如何判断这节课要上多久，只用看老师有没有叫你学英语和计算机，只要老师开始扯淡就说明这节课实验做的快。助教有两拨不同的，我遇到的三个助教都很好，但是自己实验报告太不小心了，有效数字啥的老扣分。平时操作感觉过程做错助教不太会扣分，会很热心帮你的。
104354,215,蒋银土,2019-03-18 13:37:22,0,0,0,棒棒棒
109147,215,蒋银土,2019-06-10 05:32:47,1,1,0,很棒！
109278,215,蒋银土,2019-06-12 17:14:21,8,8,0,老师很幽默，很热心，很亲切，上课会扯计算机英语，还教我们如何运营公司hhh，表白助教小姐姐，遇到姓王的助教小姐姐，那就每星期盼着上实验课了hhh
110001,215,蒋银土,2019-06-21 04:14:31,3,3,0,赞赞赞
110749,215,蒋银土,2019-06-28 07:19:43,2,2,0,老师的课内容很丰富，老师很和蔼可亲，幽默风趣。老师也快退休了，选到他的课的同学珍惜这样的老师吧
110776,215,蒋银土,2019-06-28 08:13:04,1,1,0,老师人真的超好
111388,215,蒋银土,2019-07-01 05:54:14,1,1,0,姜老师真的超级棒！！选他一定要选他！上课会给你科普很多化学知识，人也超级亲切，你实验完成的快的话会和你聊天，超级可爱的老鼠哇！
111543,215,蒋银土,2019-07-02 01:52:40,0,0,0,非常好
111697,215,蒋银土,2019-07-02 14:40:14,4,4,0,炒鸡可爱的老爷子，让你学英语和计算机的时候还会变身化学黑，还会告诉班里学材料的同学好好学量子力学学海洋的同学都去学物理不要学化学（还有师母的例子）。总之我觉得蒋老师是一个能让你对这门课升起信心的人，去享受这门课而不会太担心成绩正态什么的。顺路表白美美哒助教姐姐，给了我一个笨手笨脚的人好大指导啦
112010,215,蒋银土,2019-07-03 07:12:29,1,1,0,大赞，老师很萌讲得很practical，助教jj好看给分还高?
117045,215,蒋银土,2019-09-18 16:19:24,2,2,0,上课认真，附带忠告若干。示范周到，发音也有趣。我安全考试两次炸掉，老师显然不爽但还是耐心地提供了解决方案。助教小姐姐也超有爱，一桌桌帮着看甲基橙有没过头。十分表白老师及助教：）
120869,215,蒋银土,2020-01-18 00:32:23,2,2,0,蒋老师真的是我来浙最爱的老师！很亲切很幽默！虽然口音很重一开始有点听不懂，但是真的好可爱啊，每节课都好开心！
120894,215,蒋银土,2020-01-18 10:24:10,1,1,0,莫名其妙，听他说啥都想笑。
121234,215,蒋银土,2019-12-26 07:38:18,1,1,0,别问，问就是十分
122363,215,蒋银土,2020-02-25 13:39:06,1,1,0,超级超级超级喜欢的老师！和蔼又带有一点调皮，超级关心学生，有问题都会帮忙耐心解答。做实验的时候还会帮忙加乙醇。超级可爱的老师！！！助教小姐姐也非常温柔。体验超棒的实验课。
123631,215,蒋银土,2020-06-10 23:51:38,1,1,0,疫情原因，再加上工训冲突，导致实验课有一节无论如何去不了。咨询蒋老师，他说可以找其他老师，或者他额外找时间给我们补掉，在很迟的点跟我们说了很多很多，认真负责，为学生想。这就是蒋老师🐴，i了i了
126328,215,蒋银土,2020-09-23 00:36:24,0,0,0,秒得很
126461,215,蒋银土,2020-09-27 13:22:55,1,1,0,好可爱的老师！！
128278,215,蒋银土,2020-12-16 05:10:20,1,1,0,老师超好！！！上次我打碎一个仪器 很慌张 以为会被骂 结果老师很和蔼的说没关系 还过来帮我清理碎玻璃 呜呜呜 太好了
128474,215,蒋银土,2020-12-23 10:47:11,1,1,0,老师超级超级可爱的，讲课很和蔼
129084,215,蒋银土,2020-12-30 04:55:41,2,2,0,土哥超级可爱啊！！！！虽然讲话有口音，但还是能听清的，会很认真的给大家讲实验步骤，而且不会发脾气！！！塔太可爱了，助教小姐姐也超级好，土哥yyds！\n\n上课中：土哥：“你这个实验第一步………”\n\n            “讲个小故事”\n\n       学生：“好！”
130028,215,蒋银土,2021-01-15 06:33:09,1,1,0,老师上课真的考虑特周到，可能这就是他所说的，一个真正致力于化学的学者应具备的细致吧。老师略有一点口音，但是听课和交流基本上没有问题。好老师！点赞
130112,215,蒋银土,2021-01-17 07:50:10,0,0,0,蒋老师yyds！
130517,215,蒋银土,2021-01-23 09:37:03,0,0,0,好吧ting好的
130521,215,蒋银土,2021-01-23 10:47:21,1,1,0,虽然我这个小菜逼期末考试一大堆不会，但老师还是把我捞到了84，绩点3.9！上课虽然有时候讲的比较多，但人超好！
130532,215,蒋银土,2021-01-23 13:23:58,0,0,0,不错的老师
133349,215,蒋银土,2021-02-26 05:29:56,0,0,0,老师很好！
141041,215,蒋银土,2021-09-22 06:43:13,1,1,0,口音好可爱
142325,215,蒋银土,2021-11-10 07:26:25,4,4,0,不想多说什么，我给了10分，想都不想的那种。我是21级本科生药学2102班的，我拿这个做担保，大家懂我意思吧。选上他的课的同学请多尊重他，老师的确会讲很多，可能是闲聊，可能实验步骤，的确会很累，但都是为了你好，他一把年纪，请多体谅他尊重他吧。点名表扬金姓助教姐姐。
145434,215,蒋银土,2021-12-29 13:56:10,0,0,0,挺好，讲课细致认真
147434,215,蒋银土,2022-01-10 03:32:40,0,1,1,非常可爱的老师！！
147444,215,蒋银土,2022-01-10 04:03:24,3,3,0,老师有点口音不过蛮可爱的，很和蔼。助教老师也很好很负责。这学期没有理论考试所以成绩全凭实验报告吧，我有次预习报告忘写了，平时报告分也不是特别高，最后4.2。
147447,215,蒋银土,2022-01-10 04:21:37,3,6,3,老师很好，助教也是真的狗🐶
147513,215,蒋银土,2022-01-10 06:23:43,3,3,0,很可爱的老师！\n\n可以根据闲聊时间判断实验难易程度（\n\n评分感觉主要还是看实验报告吧 \n\n老师第一节课明说最高分不会超过95的
147572,215,蒋银土,2022-01-10 08:44:08,0,0,0,蒋老师简直太可爱啦，专业又亲切，完全可以把他当成是一位和蔼可亲的长辈，没有一点架子，人真的超级超级好！！！
152150,215,蒋银土,2022-03-29 01:59:55,7,8,1,老师是真的好，但是春学期这个助教是真的很差的，完全不把同学的分数认真对待，即便是写报告写的比上次完整，它甚至还会多扣上一分，已经完全消磨了我对这门课的积极性。希望以后蒋老师的学生不要再碰到这种脑溢血助教了吧。
152737,215,蒋银土,2022-04-19 05:34:14,4,6,2,蒋老师是真的好，讲课很完整还会讲自己的故事\n\n点名批评冯姓助教，每次都乱给分，怎么写都得不到高分\n\n希望蒋老师会调分叭
155128,215,蒋银土,2022-06-08 14:44:17,3,7,4,老师真的好可爱呀呜呜呜，也很关心学生，还经常扯些闲谈，当然讲的也很仔细！\n\n不过助教给分真的好差。。最初几次实验分数不理想找了她三四次，每次都很虚心的请教我为什么分这么低，她总是含糊其辞“你其实写的挺认真的……”“那我到底是什么地方做的不好呢？”“额”\n\n每次努力认真写好，数据也处理得当，但完全不知道她在批改什么😓连思考题正确与否都不改出来。\n\n后来就没找过她了\n\n好担心自己的平时成绩\n\nps.难道我没写书本上没有的思考题就会被扣十分吗（😓
155537,215,蒋银土,2022-06-14 06:06:49,3,3,0,蒋老师好！张助教好！
160910,215,蒋银土,2022-10-19 08:16:16,-4,1,5,讲课大可不必假定我学过各种先决知识，但是讲操作过程又仿佛我是幼儿园。助教给分清奇，无理要求有标准答案的某次思考题必须在预习和实验报告中各写一次，理由是上过课之后会思考更深刻。量气法的误差分析从初中写到大学，莫非我还能想得不够周到吗？上课基本就是把课本或者教案非常、非常、非常细地讲许多次，我不理解为什么移液管的使用一模一样的话要讲两次。实验步骤书上都有预习报告也抄过了还有什么花一个多小时讲解的必要。虽然做实验很有趣，但是这门课的上课和作业属实让我不适。老师或许是好老师，但是这个上课方式我没法接受。太痛苦了。\n\n思考题我真是受够了。预习报告和实验报告大部分都是抄书，毫无意义。
163529,215,蒋银土,2022-12-15 01:55:01,2,3,1,哈哈哈看评论大概是每一届蒋老师都带了一些坏助教（想想就来气）但是老师说没关系啊，报告谁都会写，提高动手能力才是实在的。呜呜我哭死，治好了我的精神内耗，认真对待每一堂课，认真治学吧！
164331,215,蒋银土,2022-12-20 09:41:16,2,2,0,老师真的好好，很体谅学生，说因为实验条件不好所以实验结果不影响分数，据说快要退休了，大家要选他的课的话一定要快点选，有幸上老师的课真的太好了！
164897,215,蒋银土,2022-12-27 11:43:52,1,2,1,老师很好 而且很会抓重点 对实验的理解很独到 还有拓展提升 而且人真的很好 但是他明年就退休了呜呜呜呜呜呜呜
166017,215,蒋银土,2023-01-10 23:50:04,2,2,0,和蔼，慈祥，讲故事。\n\n体谅，有趣，会再来
169893,215,蒋银土,2023-02-28 08:50:30,1,1,0,老师很好，但是助教确实爱找茬，老师会尽力阻止，但是看人品吧，有的助教无限找茬很难顶
174650,215,蒋银土,2023-06-15 05:28:18,2,2,0,这学期 老师好 助教也好啊哈哈哈哈 助教哥哥会跟我们一起聊天 打分在我们的建议之下 也在慢慢变高（不过确实要求了均分87） 很好很好
174713,215,蒋银土,2023-06-16 06:35:35,1,1,0,老师很热爱化学，我们是他带的最后一届了，希望老师退休之后生活愉快。
175283,215,蒋银土,2023-06-23 07:48:10,1,1,0,蒋老师非常好。讲课很详细，也会很耐心地指导学生怎么做实验，对一些需要注意的点讲解得也比较清楚。另外，听老师说他要退休了，那就祝愿老师退休快乐吧，也祝愿学弟学妹们能选上蒋老师这样有耐心的老师。
175850,215,蒋银土,2023-06-29 11:17:09,0,1,1,上课挺有意思的，但是普化实验作业好多，而且给分挺一般的。
175886,215,蒋银土,2023-06-27 05:16:10,0,1,1,蒋老师真的我哭死，因为二阳落了一次实验，他看我实验做的快单独带我去别的班补做，还再三嘱咐那位老师多照顾我，时不时下来看看指导一下完全不知道从何下手的我，最后4.8过了，虽然没满但是真的很感谢老师，不过我们已经是老师带的最后一届了（据老师说），难过
3382,217,肖丽萍,2015-06-08 04:14:03,6,7,1,还行，碎碎念，给分还不错
3731,217,肖丽萍,2015-06-17 02:49:21,0,2,2,给分不错
9695,217,肖丽萍,2015-11-04 15:18:00,-2,2,4,不点名，随便翘，好老师
10697,217,肖丽萍,2015-11-22 14:07:37,0,1,1,给分不错   上课嘛   你懂的  无机也就那样  讲不出什么花来
12845,217,肖丽萍,2015-12-24 06:25:19,4,7,3,讲的超慢，容易走神\n\n
12880,217,肖丽萍,2015-12-24 07:18:04,11,13,2,老师很温和，ppt做得很认真
14601,217,肖丽萍,2016-01-08 02:29:13,3,3,0,讲得很细心，挺好的\n\n
15118,217,肖丽萍,2016-01-12 06:25:59,4,4,0,老师给学生讲题态度很好。
15137,217,肖丽萍,2016-01-12 07:22:45,47,53,6,1.老师人好。\n\n2.注意调整自己，防止被碎碎念带走神。\n\n3.建议记笔记，可以防止睡觉。\n\n4.讲课可以的。
15264,217,肖丽萍,2016-01-13 05:18:32,5,5,0,很细致\n\n
16797,217,肖丽萍,2016-01-19 03:48:45,10,10,0,老师很认真，脾气好。讲课细致，会仔细回复问题，给分也很好。
16820,217,肖丽萍,2016-01-19 04:29:46,0,1,1,还行吧，声音有点小
16983,217,肖丽萍,2016-01-19 11:09:24,0,1,1,没听过课
17863,217,肖丽萍,2016-01-21 03:03:11,2,2,0,很可爱的一位老师，讲的很仔细，课也很有趣，给分也很好。
20654,217,肖丽萍,2016-01-29 12:17:07,1,1,0,老师很温柔，知识点讲的非常认真，而且还会讲一些课外的知识。
35357,217,肖丽萍,2016-11-09 06:18:09,2,3,1,碎碎念，怎么会讲得那么枯燥，上课就站在那一动不动，还没有高中老师有趣。但是，人挺好的，也很乐意回答问题
35515,217,肖丽萍,2016-11-10 07:23:28,0,0,0,认真看PPT就行了
35520,217,肖丽萍,2016-11-10 07:23:40,2,2,0,\n\n老师人太好了，可爱，上课碎碎念倒是真的
36252,217,肖丽萍,2016-11-11 09:10:17,0,0,0,超负责
36984,217,肖丽萍,2016-11-17 02:50:03,-2,0,2,无聊的课
40587,217,肖丽萍,2017-01-04 07:43:31,1,2,1,老师很棒，有高中的感觉，讲的很细致，回答问题很耐心，认真听的同学都能听懂的，不听课的人就不要怪老师了，那是你自己的问题，很棒的老师，建议认真的同学选。
42595,217,肖丽萍,2017-01-18 00:36:11,1,1,0,大爱老师，老师超级认真。
43378,217,肖丽萍,2017-01-16 07:58:07,6,6,0,老师很可爱，就是上课容易打瞌睡，声音有点小，但是很负责任的老师，谢谢老师这么用心！
44345,217,肖丽萍,2017-01-17 15:47:59,0,0,0,。。。
44350,217,肖丽萍,2017-01-17 15:56:51,1,2,1,我跟老师学的普化。老师讲课真心棒！真心棒！真心棒！讲的很清楚，有章法有经验，也很关心我们的感受，看我们困会让我们注意休息，在qq答疑群里，老师和助教也总是很负责很耐心地解答。很开心开学初选上了老师的课。
46112,217,肖丽萍,2017-01-20 15:24:01,1,1,0,给分好，复习时还给了考纲～讲的不错，但容易走神，认真听的话很快能懂
46812,217,肖丽萍,2017-01-22 11:14:14,-1,1,2,老师不错，给分一般。
47042,217,肖丽萍,2017-01-23 10:36:08,3,3,0,讲课棒，给分好
52651,217,肖丽萍,2017-06-22 02:48:16,3,3,0,非常好的老师\n\n
60410,217,肖丽萍,2017-10-19 07:26:34,5,5,0,讲的有点慢，但上的好
60799,217,肖丽萍,2017-10-30 10:40:12,2,3,1,老师超级棒，我是去年上了普化课，才想起来忘记来支持老师啦，感觉讲的特别清楚，和高中老师的风格有一些相似，很负责任，重点强调清晰，认真听课拿到94分，很开心。
61212,217,肖丽萍,2017-11-12 06:21:55,6,7,1,昏昏欲睡
61410,217,肖丽萍,2017-11-16 13:40:02,2,2,0,超级负责的老师，很耐心的解答问题。上课认真听老师讲，收获很多。
68666,217,肖丽萍,2018-01-23 14:53:38,16,18,2,老师的课很好，讲得很细致，也很负责，平时会耐心解答同学们的问题，考前就算是深夜也会在QQ群给同学们答疑，但是上课一定不能走神。自己的原因，平时没好好学，上课水手机。但是老师真的要评10分，现在很后悔当时没有好好听课，可惜没机会了。
68668,217,肖丽萍,2018-01-23 14:55:55,2,3,1,好！绩点也很好！
68689,217,肖丽萍,2018-01-23 15:29:50,7,9,2,我后悔当初没有好好听课。虽然最后绩点也不差。但是总有些不甘。仔细听会有收获的。也很简单。
68820,217,肖丽萍,2018-01-24 02:37:41,2,7,5,考完感觉自己什么都不会，结果居然绩点4.5，我自己都不信，老师太好了。平时分也很高，强力推荐！
69318,217,肖丽萍,2018-01-24 12:52:20,1,1,0,老师人超级好，回答问题非常，细致，很有耐心
69568,217,肖丽萍,2018-01-25 04:00:07,2,3,1,老师很好，上课的话很认真，平时会在群里给我们答疑，可以自己没能好好听课，绩点差也是我自己的原因
69726,217,肖丽萍,2018-01-25 09:23:18,0,2,2,上课讲的很细啊，给分也很好！个人觉得普化上课认不认真都没关系只要保证书上的知识都搞懂了，最后成绩就会好。
72776,217,肖丽萍,2018-01-31 05:21:16,3,4,1,老师人很好 绩点低怪自己
72808,217,肖丽萍,2018-01-31 06:05:39,4,4,0,认真负责，在QQ群上答疑一直在线！结课的时候还感谢大家对普化的支持有点小感动！好老师
87052,217,肖丽萍,2018-09-20 05:53:52,14,19,5,催眠化学名不虚传
87080,217,肖丽萍,2018-09-20 07:17:23,5,6,1,建议不要上下午第一节课，碎碎念，真的很恐怖，不说了，我又要睡着了(-_-) zzz
88064,217,肖丽萍,2018-10-21 10:44:50,4,5,1,超爱肖老师，妈妈桑的温暖感扑面而来
91378,217,肖丽萍,2018-12-07 05:16:44,4,8,4,很喜欢老师的课，睡的很香！
92185,217,肖丽萍,2018-12-27 03:15:25,-1,3,4,PPT复读机
93468,217,肖丽萍,2019-01-10 02:21:50,2,2,0,老师人很棒哒，挺喜欢的一个老师呀
94529,217,肖丽萍,2019-01-17 05:31:27,5,5,0,一定要好好学习，不要考前突击，不要相信复习资料上的重点。考试有很多新内容，一点也不水。
94714,217,肖丽萍,2019-01-18 02:48:40,2,2,0,真的好
96982,217,肖丽萍,2019-01-21 13:50:27,2,2,0,老师很可爱，妈妈般的亲切...讲课挺慢的，只要听就能听懂（可是耐不住困？？），就..没怎么听，好惭愧...老师真的挺好的，群里答疑什么的也是很及时的！
97711,217,肖丽萍,2019-01-22 13:56:36,2,2,0,老师很好，挺喜欢她的
97737,217,肖丽萍,2019-01-22 14:29:31,2,2,0,老师人非常负责，问她问题的时候不讲到你完全懂你可能都走不了。上课有一点催眠，建议记笔记，能够不犯困。
98649,217,肖丽萍,2019-01-23 16:35:55,2,2,0,上课讲的很细，能让每个人听懂的感觉。老师很好的，给分也不错。
98650,217,肖丽萍,2019-01-23 16:38:39,1,2,1,哎，啥也别说了，高中有化竞底子，可是老师讲课方式真的我不太适应。属于那种很慢速度的，希望和后面的同学酌情选择，最后，均绩被拉好多，唉。
98664,217,肖丽萍,2019-01-23 17:14:21,-1,1,2,给分一般
98721,217,肖丽萍,2019-01-24 00:27:37,1,2,1,打起精神好好听，还是会有收获的。
98838,217,肖丽萍,2019-01-24 03:53:37,0,1,1,老师好好的！不过学习还是要靠自己努力
99021,217,肖丽萍,2019-01-24 07:09:33,1,1,0,特别喜欢肖老师\n\n特别温柔可爱\n\n也很负责任\n\n知识点讲得挺细致的，不用怕听不懂\n\n
99140,217,肖丽萍,2019-01-24 10:14:55,1,1,0,老师很好，很耐心。给分也不错，成功拉高GPA0.1分。劝以后选她滴课的朋友们，平常作业一定要好好做，争取次次95+，不要像我一样，平时分不满，于是就卡绩了。（考试不能强求只能怪平时咯）
99176,217,肖丽萍,2019-01-24 11:11:02,1,2,1,多拿平时分吧，作业做得好一点就行了\n\n期中考试一般来说会比较简单\n\n期末考试多了一些新题型，稍微难一点，不要去死记书上的内容，多思考，多联系
99316,217,肖丽萍,2019-01-24 14:46:39,0,0,0,老师是好老师，就是我轻敌了，因为期中卷简单，期末翻车了呜呜呜呜呜呜，均绩4.25拉到4.00，再来个有机，我不知道掉到几了呜呜呜呜呜，大家期末考一定一定一定要重视啊!好好复习!
100403,217,肖丽萍,2019-01-26 05:22:13,3,3,0,老师很温柔细致耐心，即使没人听也会自顾自地讲下去，笑点也很奇怪。但是如果对很像物理的化学不是那么感兴趣的 不太建议选肖老师的课，因为 真的催眠啊qwq
101399,217,肖丽萍,2019-01-28 06:47:22,0,1,1,老师很好，认真做笔记不会困，期末试卷较难
101596,217,肖丽萍,2019-01-28 14:19:48,1,2,1,呜呜呜 老师分其实给的挺好的
109470,217,肖丽萍,2019-06-15 12:43:34,6,7,1,你知道吗，有次问题目，QQ上讲不清楚，她直接给我打来了电话
117100,217,肖丽萍,2019-09-19 07:04:00,0,1,1,很好的
120709,217,肖丽萍,2020-01-15 16:40:15,1,1,0,还好，有点催眠
120775,217,肖丽萍,2020-01-16 23:42:58,1,2,1,老师真的太好啦！作为没有选化学的浙江考生，真的非常非常怕挂 期中60+，期末好一点80+ ，老师还把平时分占比提高了，怎么说呢，卡绩也非常非常满意!感觉自己一个学期的付出有回报啦😄
121001,217,肖丽萍,2020-01-19 08:22:56,0,2,2,老师超好 讲得很清楚 老师还会捞人！！！\n\n爱了爱了！！！
122285,217,肖丽萍,2020-02-22 08:09:33,1,2,1,还可以，上课正常，但是声音磁性，上课平淡，很容易催眠，
129468,217,肖丽萍,2021-01-06 03:02:06,0,1,1,老师很好，耐心细致，很注重培养学生思维，就是我总想睡觉
132219,217,肖丽萍,2021-01-31 04:16:52,1,2,1,老师人很好，很会捞人，是我没好好学，上课虽然声音磁性想让人睡觉但讲的真的很详细，感谢老师的海底捞！！！
132316,217,肖丽萍,2021-01-31 16:30:29,0,1,1,特别慈祥温柔的老师
147409,217,肖丽萍,2022-01-10 02:53:13,0,0,0,上课感觉比较枯燥，但是老师人很好~
147919,217,肖丽萍,2022-01-11 07:08:48,0,1,1,太爱老师了~如果平时能听课就好了
148026,217,肖丽萍,2022-01-11 11:04:13,2,3,1,肖老师有一个特点：就是讲课讲着讲着自己就会莫名其妙笑起来。然后她上课还是很好的，答疑也很耐心，有时也会在课堂上公开回答、解释一些共性的问题。不过如果想要积极互动的话建议坐在前排，否则老师会无法接收到回应。
148152,217,肖丽萍,2022-01-11 15:55:06,1,2,1,给分真的很不友好呀
149240,217,肖丽萍,2022-01-15 00:57:45,-1,1,2,给分太真实了
149773,217,肖丽萍,2022-01-17 01:18:02,0,1,1,老师人真的很不错
160598,217,肖丽萍,2022-09-27 15:05:42,-4,1,5,1.老师极度啰嗦，废话极多\n\n2.讲得很慢，导致拖堂\n\n3.会用70%的时间讲40%的东西，剩下30%的时间讲60%的东西，效果可想而知\n\n4.很容易犯困，记得带咖啡\n\n5.很简单的内容会反反复复讲，还生怕你不懂，非常烦人
161530,217,肖丽萍,2022-11-08 08:04:54,-1,1,2,废话太多。清晰的记得有一次15.33就把课都讲完了，非要唠嗑到15.53，害得我志愿错过
162605,217,肖丽萍,2022-11-28 08:09:53,-1,0,1,感觉讲的不太清楚
163934,217,肖丽萍,2022-12-16 15:23:49,1,1,0,困困困
166125,217,肖丽萍,2023-01-11 07:18:20,-1,0,1,讲的不错但我就是困
168623,217,肖丽萍,2023-02-20 10:09:58,0,1,1,一直听老师会捞，直到做了考前的模拟卷，只要好好做了，期末就能过，谢谢老师😇
169324,217,肖丽萍,2023-02-25 12:00:17,1,2,1,儒雅随和，腹有实学
169430,217,肖丽萍,2023-02-26 06:38:32,3,3,0,虽说分给的还行，但上课方式让我真的很困
174283,217,肖丽萍,2023-06-09 00:45:35,1,1,0,老师不会捞人的！一定要好好学！学长的血泪啊
178230,217,肖丽萍,2023-07-08 10:17:36,0,3,3,上课非常无聊，且给分很差，快跑！！！不要回头！！！
181157,217,肖丽萍,2023-10-10 09:43:59,4,4,0,哈哈哈老师挺好的，关心学生，但是讲课讲着讲着会突然笑起来哈哈哈哈哈哈哈
185216,217,肖丽萍,2023-12-27 06:09:47,-1,0,1,老师讲课清晰易懂，PPT逻辑也很清楚，老师很可爱，上课也是在讲知识点，没有太多听不懂的(废话)，还没期末考，但老师上课真的很好！我给老师满昏
188229,217,肖丽萍,2024-01-18 12:51:00,1,1,0,老师讲的感觉不是很清晰，上课容易犯困
188351,217,肖丽萍,2024-01-18 17:36:41,1,1,0,上课真的很让人犯困，给分不行
188385,217,肖丽萍,2024-01-19 01:35:47,1,1,0,老师是真的很让人犯困，但也是真的很细致，很多书上例题都讲到了，还会认真看评论区讨论的问题。给分差也不会，就是比较求是，学在浙大的视频有总评5分新选课的uu们记得看👀\n\n虽然但是我上课其实没咋听，小测看看历年题，考前主攻一二三四章，后面都靠高中基础吃老本也考得不错。普化公式掌握基础逻辑实在不行可以现场积分推，其它知识点也要看个大概了解一下（一扫而过），应该就差不多了\n\n总的来说肖老师上得还不错，给分应该是普化这门课的问题。上课困也有解决方法，而且跟其他老师比起来肖老师除了语调让人犯困其它都很好，如果听得进去认真听一节就会掌握很多知识点
190561,217,肖丽萍,2024-03-08 11:56:14,1,2,1,上课有点困，并且觉得讲的一般，但捞，解答也很耐心，总的来说是个好老师
203173,217,肖丽萍,2024-11-17 14:55:28,4,4,0,天天小测，作业题目多还要抄题目。。。
210885,217,肖丽萍,2025-01-10 06:00:27,1,2,1,课讲的还行，人懒得喷
212776,217,肖丽萍,2025-01-15 01:39:37,0,0,0,老师上课挺仔细的，但是听着有点困\n\nsl助教yyds！
2296,338,陈卫祥,2015-04-17 03:10:05,16,23,7,思想飞跃，滔滔不绝，但跟不上。
2597,338,陈卫祥,2015-05-04 15:55:31,29,39,10,给分不错，讲课略着急，
9490,338,陈卫祥,2015-10-28 23:02:06,-1,5,6,讲的不错，很可爱233
17153,338,陈卫祥,2016-01-19 16:48:33,2,4,2,免费发复习提纲，给分也很好，就是讲得略着急。
17154,338,陈卫祥,2016-01-19 16:51:55,-1,5,6,我竟然及格了，给分真心好！
27421,338,陈卫祥,2016-06-26 05:27:22,-1,4,5,答疑很细致！保佑我满绩！
27967,338,陈卫祥,2016-06-28 07:54:07,-3,2,5,啦啦啦
28000,338,陈卫祥,2016-06-28 07:58:17,-1,3,4,给分不错，考试前会发提纲，现场答疑
28023,338,陈卫祥,2016-06-28 08:00:04,2,3,1,讲话略快，从不点名，不追究逃课。复习时候会发提纲，给分就这样吧…
28341,338,陈卫祥,2016-06-28 08:36:13,-4,1,5,给分不错
28435,338,陈卫祥,2016-06-28 08:59:14,-4,2,6,讲得有点急
28768,338,陈卫祥,2016-06-28 14:13:47,1,3,2,老师很好，上课也很有趣。给分也还好
30183,338,陈卫祥,2016-07-01 04:49:27,-3,1,4,不错的
33914,338,陈卫祥,2016-09-22 15:05:52,3,4,1,这是飞一样的感觉→_→
34388,338,陈卫祥,2017-01-21 12:31:14,1,3,2,物化，期末发的复习资料好用，老师不喜欢，个人感觉最好的一点是上课随便翘，适合自学的选，当然给分还行，不上课的同学也行。
34723,338,陈卫祥,2016-10-19 08:36:46,3,5,2,这速度要上天_(:з」∠)_
37996,338,陈卫祥,2019-05-01 00:23:07,-64,10,74,这老师邮箱里有黄色邮件，品行也大概能看出来不是很好，讲起来课就跟喂翔一样，想学好物化不要报他的课！
46298,338,陈卫祥,2017-01-21 07:11:35,2,4,2,想认真听课真的很难，根本跟不上，无聊了就玩手机了
46313,338,陈卫祥,2017-01-21 08:10:18,-1,2,3,比心老师！！真的超级人性化！从不点名 说来不来都没有关系 自己掌握就好！主要是我这种渣渣居然也给过了 感动哭给分真的好
46337,338,陈卫祥,2017-01-21 09:03:24,-3,1,4,好老师，给分高，虽然讲的快，但是后面就轻松了很多
46387,338,陈卫祥,2017-01-21 12:27:12,-3,1,4,给分真的棒，上课轻松
46441,338,陈卫祥,2017-01-21 14:29:10,0,13,13,给分一般。。以为自己可以满绩，结果只有4.2
46453,338,陈卫祥,2017-01-21 15:09:29,4,7,3,老师上课感觉还可以，可能有点急，课下找老师问问题老师经常被学生绕进去，考试前会特意提醒复习哪个地方。但是，考完问老师，绩点上4卷面大概多少？老师问，我们学校满绩是多少？听说是5，他就说是80分了，我说85对应4的绩点，他又说85分。另一个老师的物化出成绩后有同学表示只做了选填题都能及格，但我出成绩问老师，发现原来他的物化平时分不给满(92-93)，最后也不调分。
47164,338,陈卫祥,2017-01-24 07:39:37,-1,1,2,给分不错
49322,338,陈卫祥,2017-07-03 08:39:51,7,12,5,errrr……卡分啊难受，平时分还不给满，每次作业全A，算下来差了三分，一档啊，毕竟四学分的课，你多给我一点平时分不要卡分好不勒？
52202,338,陈卫祥,2017-06-16 01:53:04,-1,1,2,听不懂
55517,338,陈卫祥,2018-03-09 02:18:04,63,98,35,老师简直神逻辑，有次老师说：下次会有个女老师来代课。我们一脸兴奋地望着他，然后他有说：这个女老师水平很高哦，很厉害。我们更兴奋了。然后他又说：她啊，可以在最短时间把秋千荡到70度，很厉害哦…………下一次上课，一个老头子走来进来，哈哈哈哈哈
56178,338,陈卫祥,2017-07-03 23:25:28,1,10,9,没小测不点名但是作业一次不落而且全A凭什么平时分就给92？还占30%！你倒是小测啊我怕你是咋滴！真他妈烦天然扣两分
56192,338,陈卫祥,2017-07-03 08:16:03,1,2,1,卡分啊……
56204,338,陈卫祥,2017-07-03 08:49:30,6,11,5,平时不点名也没有小测比较轻松，但是每节课都去，作业次次都是A，平时分也只有90左右，换算到总评就少了三分，少了0.3绩点，感觉有点坑。尤其是在期末比较难的情况下……
56853,338,陈卫祥,2017-07-05 01:12:15,1,2,1,上他的课，不坐到前几排就是自学，完全听不清他在说什么
57722,338,陈卫祥,2017-07-13 02:20:25,1,2,1,说话讲不清。感觉老师上课晕晕乎乎的不太清醒。不太知道他在说什么。睡倒一片。
65872,338,陈卫祥,2018-01-09 23:30:46,1,6,5,那些说平时分不满拉了一档的是因为你考试也差好吧。我当时学无机，老师答应我们考90分以上就给满，反正我最后满绩了，大概也就考了92左右。找找自己原因，老师没说作业全A不翘课平时分就满分。无可厚非。
66073,338,陈卫祥,2018-01-11 10:02:37,5,6,1,你们没觉得老师有那么一点点喜感么……
66578,338,陈卫祥,2018-01-17 11:04:24,34,38,4,我们卫祥真的很可爱，老年阿童木那种可爱。讲课贼着急，但其实讲的比别的班都快。\n\n冬学期之后会和学生们撒娇，以至于有早课的时候不交作业也不发作业（原因是天气太冷了想多睡一会不想去拿作业本），偶尔可以抓到老师躲在楼道里吃红烧牛肉面。\n\n物化这种课，靠自己就好啦，讲得再好不也有人不听嘛。可以被老师萌到就是赚到！而且老师不点名，且我觉得讲的不赖，为陈老师打满分?
72072,338,陈卫祥,2018-01-29 09:50:35,3,3,0,上课节奏是很快，我也没想到能这么高绩点，不过老师很可爱！
74687,338,陈卫祥,2018-03-05 05:59:46,2,3,1,长得像潘长江！
76291,338,陈卫祥,2018-04-02 06:53:45,1,1,0,不点名很好
82405,338,陈卫祥,2018-07-08 06:12:05,2,3,1,老师很可爱，上课很认真很激动，期末还给我们发讲义，谢谢老师。
82425,338,陈卫祥,2018-07-08 07:11:18,2,2,0,老师有点可爱的，但是个人感觉上课有点没重点，但是老师贼好的，期中考说感觉大家考得不太好，从计算题给大家找点分！！无机被老师救了一波，感恩！！
82466,338,陈卫祥,2018-07-08 09:21:05,10,13,3,我觉得老师讲的挺好的呀……最终绩点也挺高的，要是仔细体味老师还是挺可爱的......讲课确实比较快，不爱用话筒，听不很清，有的时候有口音：甲基橙->甲基纯，石墨->什么。。
82598,338,陈卫祥,2018-07-08 16:01:04,-1,0,1,老师给分超好，而且平时虽然讲的emmm，但是对学生超负责
86862,338,陈卫祥,2018-09-19 06:11:12,1,1,0,说话太快，完全跟不上语速
86875,338,陈卫祥,2018-09-19 06:43:03,2,2,0,第一次上他的课，速度很刺激，不知道给分怎么样
87152,338,陈卫祥,2018-09-21 02:43:47,1,1,0,老师上课讲的好快，呜呜呜~\n\n渣渣表示...
89314,338,陈卫祥,2018-11-18 10:15:36,12,16,4,真的！超级无敌喜欢陈卫祥老师！！！老师非常负责，因为担心进度问题，会延长上课时间，牺牲自己的时间给大家补课，会和大家商量，很好说话。会给大家发教学大纲和手写的知识点总结，很希望大家能考好。听老师上课也很有意思，老师说话有点口音，但是能听懂，也很有趣。我平时上课没有听太懂，但是作业认真做了，考试前突击3天，复习教材，最后4.8，真的特别特别感谢老师！！
89654,338,陈卫祥,2018-11-20 06:51:04,3,3,0,老师人还是很好的，只是我自己水平不行上课会听不懂，考前复习了几天也云里雾里，so挂科了，还是很难受的，但还是给老师打10分
90406,338,陈卫祥,2018-11-23 11:53:45,-2,1,3,超好的老师，虽然上课比较着急，但是每次答疑都超负责，有一次在第四节课下课后问了四十多分钟，但是陈老师还是一直非常认真地回答你的问题。\n\n给分超不错。
98106,338,陈卫祥,2019-01-23 05:24:16,-1,2,3,讲课太快。给分太烂。
103103,338,陈卫祥,2019-02-26 03:28:09,13,17,4,拖堂的理由很nb
103748,338,陈卫祥,2019-03-05 03:31:55,1,2,1,老是拖堂每节课都拖
103752,338,陈卫祥,2019-03-05 04:00:02,1,2,1,拖堂拖堂拖堂
103768,338,陈卫祥,2019-03-05 07:11:42,3,3,0,工程化学内容多且杂，所以老师讲课贼快\n\n
104251,338,陈卫祥,2019-03-15 00:32:25,6,6,0,听课就像在看小品，老师很可爱，尤其是一长段话讲到一半肺活量不够了会来个深呼吸
106881,338,陈卫祥,2019-04-30 06:45:34,2,3,1,老师比较随性，不会有过多要求，但是姿势水平没得说，下了课问题耐心讲解，给分很好！
106883,338,陈卫祥,2019-04-30 06:48:35,2,3,1,很用心很负责，答疑很用心，讲课的时候会给你划考点，重点讲的东西考试都考到了，很棒！
106903,338,陈卫祥,2019-04-30 07:50:50,2,4,2,老师上课节奏稍快但绝不无聊，认真听课收获还是很大的。拿到了我的第一个满绩hhh
106908,338,陈卫祥,2019-04-30 08:02:05,3,4,1,回头想想，老师好像一直在笑，也很可爱
107165,338,陈卫祥,2019-05-02 03:54:23,11,13,2,讲得真的超级快。 当作一个留学生根本跟不上 但老师给分真的很善良 最终得了 3.6
107328,338,陈卫祥,2019-05-04 02:00:32,3,3,0,老师挺萌的哈哈哈哈哈哈
108273,338,陈卫祥,2019-05-19 06:41:53,1,1,0,语速有点快，但老师人很好，给分也好
114472,338,陈卫祥,2019-07-10 04:54:39,3,3,0,超可爱的老师！！语速略快，讲课急急的，但好可爱啊！！！！完美被逗笑啊！！！爱了。
116825,338,陈卫祥,2019-09-16 06:07:08,1,1,0,讲课贼快，人很逗
117691,338,陈卫祥,2019-09-29 03:20:15,-3,1,4,没用，无聊
118127,338,陈卫祥,2019-10-21 07:33:00,-2,2,4,说可爱大概是傻的可爱吧。\n\n普化(乙)体验极差。随性的过头之后交上去的作业本都不知道要什么时候发下来。说话含糊不清【基本操作:这个东西是怎么样的呢？我们来看一下啊。因为(停顿一秒)所以balabala/这是因为什么什么(他真就这么讲的)，所以balabala】一段话里总有那么几个想知道的关键点被吃掉。\n\n因为一部分课程设置的原因和他自身的原因，讲课讲的很快，不过对于纯粹想要绩点的同学比较好的是上课会讲重点，重点大多会考;但是想多掌握点深入的知识的，建议(自)学普化甲或者其他。\n\n还有老师整个人都好像活在人世之外，很多事情都迷迷糊糊;生活大概率非常没有条理，连布置作业都布置不清楚，一会说做第10题，一会说换了做7 8 12 14，最后又说7 8 14。。。【真实事件:有一次老师布置作业，说做一下某题的(1)(2)两小题;事后做作业的时候我发现，(1)(2)只是这道题的两个条件】\n\n个人非常受不了，低分了
118777,338,陈卫祥,2019-11-01 02:10:11,2,2,0,上课不知道在讲点什么
119776,338,陈卫祥,2019-11-15 22:20:58,2,4,2,怎么说呢，可以感受到这个老师是有点东西的，而且陈老师给分贼体谅学生，但是讲课水平有点不行，太快了而且不大讲得清。在我的身上体现就是，我感觉自己啥也不会，绩点4.8。总而言之，想学东西别选他，想要绩点而且自学能力强的选就对了。
119819,338,陈卫祥,2019-11-16 02:48:19,3,3,0,吹爆陈老师，我上学期普化乙挂了，这学期来陈老师这重修结果有3.9，他上课还是挺有重点的，期末考前会专门带我们“划重点”，分析哪些要考，对我来说太重要了，平时也很温柔可爱，就是会拖堂是真的，每次下课铃响讲完这个知识点然后开始布置作业，而且好像是现场看题，觉得好的布置一下，拖五分钟左右
119828,338,陈卫祥,2019-11-16 03:17:42,-3,0,3,好好好好好好好好好好好好好好
119875,338,陈卫祥,2019-11-16 12:41:25,1,2,1,上课基本听不懂，给分还可以?
126454,338,陈卫祥,2020-09-27 08:51:09,2,2,0,老师讲的还是挺认真的，人也很可爱，就是速度很快！！我跟不上（是我的问题）
126615,338,陈卫祥,2020-10-09 00:21:46,1,1,0,讲的啥。。。
126616,338,陈卫祥,2020-10-09 02:00:50,2,3,1,不是 你管我们听懂没听懂就自己讲下去了 沉浸在自己世界了不知道干啥 你不讲作业也就算了直接刷刷刷下去鬼听得懂啊佛了
126632,338,陈卫祥,2020-10-09 14:14:53,2,2,0,虽然有点着急但可以理解
126672,338,陈卫祥,2020-10-13 01:54:41,1,1,0,讲好快 而且不清楚
127020,338,陈卫祥,2020-11-03 01:42:21,1,1,0,好快啊
127443,338,陈卫祥,2020-11-23 05:56:22,3,3,0,我裂开了
127454,338,陈卫祥,2020-11-23 07:21:30,3,4,1,我吐了，普化绩点好低，但好歹过了
127535,338,陈卫祥,2020-11-24 05:59:15,-5,3,8,普化这门课好像本身就不怎么调分，我94分刚好卡绩，差一分满绩也没有办法。陈老师的均绩在所有老师中已经很高了，排第二。老师平时会划重点，教你捞分。但是普化这门课主要还是靠考前自己突击吧…
127573,338,陈卫祥,2020-11-24 13:10:28,3,3,0,最后的复习课一定要来听啊，有重点
127885,338,陈卫祥,2020-11-29 23:55:29,7,7,0,开火箭快是快了点，但还是蛮不错的老师鸭
128586,338,陈卫祥,2020-12-24 07:59:18,2,3,1,结果不错
128844,338,陈卫祥,2020-12-26 02:28:35,3,4,1,普化乙基本靠自学
129229,338,陈卫祥,2021-01-01 13:39:39,-4,5,9,讲课比较快，说话有点不清楚，上课容易跟不上节奏，基本靠自学。最后考试都会写，提前交卷。但平时分就是个坑！陈老师上课时就说过“有同学考99，是不是太高了？我们用平时分把他拉下来一点点“。本来当笑话听，没想到自己成了主角。。。。被卡绩就很无奈。。。
133069,338,陈卫祥,2021-02-07 12:22:11,5,5,0,虽然讲课速度极快，需要一定的自学，但老师经常为同学考虑，给分很好
133694,338,陈卫祥,2021-03-04 02:27:29,0,2,2,讲那么快？？？
138356,338,陈卫祥,2021-07-08 16:08:36,5,5,0,虽然听不懂，但陈老师是个好人！
141529,338,陈卫祥,2021-10-13 09:14:45,1,1,0,meh
143710,338,陈卫祥,2021-12-02 07:43:30,2,3,1,陈老师上课的语速较快，有时候可能真的跟不上。但该课程是开卷考试，如果在教材中记下老师ppt的内容也能拿到不错的成绩。
150766,338,陈卫祥,2022-02-18 04:40:08,1,3,2,说实话不懂为什么评分这么高。。。结构部分一节课25页，照读ppt，化学方程式一节课5页。。。完全不知道在讲什么
153414,338,陈卫祥,2022-04-29 08:52:35,4,4,0,虽然课听不懂，但是老师真的很好，考前会把考点全部罗列，给分也不错捏❤️❤️
153415,338,陈卫祥,2022-04-29 09:07:43,-14,1,15,全靠高中化学知识，上课没听过，工化4.5
153416,338,陈卫祥,2022-04-29 09:08:48,0,1,1,讲的可以，人也不错，给分也很好！
153422,338,陈卫祥,2022-04-29 09:57:50,2,2,0,出分了，我吹爆
153433,338,陈卫祥,2022-04-29 12:16:09,6,7,1,工程化学这门课本身内容就特别多，陈老师讲课速度又很快，所以平时上课听的话很难紧跟进度。但是陈老师又特别负责，平时如果提问的话，就算是钉钉，也会直接和你打钉钉电话来解答。最后几节课更是会把重点从前往后全部过一遍，不重要的内容也会指出来，所以只靠期末补天绩点也不错。（顺便，楼上那个“全靠高中化学知识”的才4.5就敢来这里秀呀😅，给分是好，秀绩点大可不必哦）
153435,338,陈卫祥,2022-04-29 13:26:20,0,0,0,好，工化给分挺好的我感觉，考前会给考试范围，复习起来也比较方便
154507,338,陈卫祥,2022-06-02 02:51:46,2,3,1,老师很好啊，虽然讲的不是很清楚，但是很认真负责，上课也会讲讲故事
160043,338,陈卫祥,2022-09-12 07:56:41,-10,1,11,这人不会用麦克风讲话贼尼玛不清楚也不会放小休也尼玛拖堂真恶心，建议自学
161519,338,陈卫祥,2022-11-08 06:20:26,1,1,0,陈老师很努力的想捞人，看出来了，除了语速稍快，真的超好，愿意给我们多上一节课，我真的哭死！
161615,338,陈卫祥,2022-11-09 11:55:53,0,0,0,及格了 感谢
161682,338,陈卫祥,2022-11-10 11:33:45,10,10,0,我只想说，遇见陈老师，是我这辈子最幸福的一件事。在无数ddl催命讨债时，陈老师总会给你留一个补交作业的窗口，甚至期末考完他还说让我们把没交的作业都补上，他帮我们补分；小测也是，特别友好，每次2道大题！有一点非常可爱啊哈哈哈，有一次他去出差了，落了一次课，然后陈老师就很急喔，觉得自己进度赶不上了，就每周一给我们多上一节课（从玉泉赶过来哇）结果事实是我们就算不补课进度也比别人快盒盒盒盒～结果是我们班上的快到飞起，最后还留了几节复习课。陈老师已经很老了，但是人很有趣很可爱，“老顽童”嘛。他真的会把你在群里或者私戳他的信息记得很清楚，后面会认真地回复你- ̗̀(๑ᵔ⌔ᵔ๑)还有很多事情都很有趣哇    现在就是感觉普化乙只有半个学期，好不舍啊啊啊\n\n总之一句话：孤单自卑不爱学习的你，来吧，这里很温暖( ˃̶̤́ ꒳ ˂̶̤̀ )
161684,338,陈卫祥,2022-11-10 11:43:46,3,3,0,不错的老师，会捞人
161687,338,陈卫祥,2022-11-10 12:03:18,2,2,0,陈老师虽然火箭开得太快了点不过只要回去花点时间认真钻研，都能弄懂。给分很不错，平时作业和小测随便写写分数居然直接拉满，期末考也都会提提成绩。真的很好！
161862,338,陈卫祥,2022-11-14 14:44:17,9,10,1,陈老师很可爱捏！上课从不点名，虽然有一点点口音而且语速是真的快，而且比较赶进度，但是习惯了之后还是可以听的。老师上课很幽默，而且是不经意间开一下小玩笑的那种，超可爱！给分也还可以，最终满绩了！适应快节奏上课的同学可以试一试。
161865,338,陈卫祥,2022-11-14 14:51:37,0,0,0,啦啦啦
162149,338,陈卫祥,2022-11-17 05:15:17,0,1,1,很推荐
163469,338,陈卫祥,2022-12-14 11:40:40,1,2,1,普化。老师口音很重，语速很快，听不懂在说什么。但是上课不点名不签到，作业分数很好。最后考试全靠B站补天和高中老本，补到了4.2，绩点自己当然能接受啦，但是想想还是有点难受的。
164588,338,陈卫祥,2022-12-22 05:28:32,2,2,0,普化，陈老师海底捞呜呜，谢谢老师
164915,338,陈卫祥,2022-12-27 13:14:55,2,2,0,老师人真的巨好，很温柔，从来不发脾气，觉得讲的快的同学可以看回放就很好理解的，最后总分也很捞
171961,338,陈卫祥,2023-04-14 00:33:48,2,2,0,一切都为学生着想，小测就是把分数送给我们，性格也很真诚，推荐的
172400,338,陈卫祥,2023-04-26 05:41:06,2,2,0,很好很好👍负责的贴心的会捞的 平时分都拉很高！
172567,338,陈卫祥,2023-04-30 08:21:25,1,1,0,cwx老师是我目前见过的最好的老师！上课进度可能会有点偏快，但是作业补交的窗口会永远开着啊啊啊啊啊~给分也是很好很宽松，完全不会的也能拿到还过得去的绩点
172652,338,陈卫祥,2023-05-03 13:21:50,0,0,0,老师真的超级无敌海底捞！！！
172669,338,陈卫祥,2023-05-04 03:27:40,0,0,0,工化\n\n不点名，而且感觉上课认真，有些时候也会幽默一下。虽然语速有点快，但是就是把知识点过一遍，弄懂就好，毕竟后面考试是半开卷，个人挺喜欢的。
172820,338,陈卫祥,2023-05-08 02:18:18,0,0,0,不点名，会拖堂，捞人，给分不错
173730,338,陈卫祥,2023-06-02 04:55:34,2,2,0,作业没交？给你开补交通道！还没交？再开一次！4.8不解释！
177441,338,陈卫祥,2023-07-03 09:14:08,0,0,0,好好好！冲冲冲！
182467,338,陈卫祥,2023-11-16 08:26:49,4,4,0,工程化学：\n\n上课不点名\n\n小测很水，非常水\n\n作业补交通道只要你提就能有\n\n至于讲课的话就见仁见智了
182469,338,陈卫祥,2023-11-16 08:30:37,0,0,0,从不点名，我一个化学小辣鸡，竟然上4了，爱死
182487,338,陈卫祥,2023-11-16 12:00:04,-7,0,7,绩杀，老师挺幽默的srds
185489,338,陈卫祥,2023-12-30 13:51:45,2,2,0,海底捞的老师
191931,338,陈卫祥,2024-05-05 15:38:59,7,7,0,孩子们，无脑选就完了，🦌到一半专门过来给陈老师打十分。不点名，人也超级好，给分宽松，而且这门课只要高中学了化学，随随便便。出分那几天老湿还打电话过来问我那次没参加的小测想要多少分，无敌了，孩子。
191960,338,陈卫祥,2024-05-06 09:41:46,4,4,0,不说什么，cwx我亲爹，太能捞了，吹爆他，无脑冲就完事了
191961,338,陈卫祥,2024-05-06 09:43:47,3,3,0,无脑冲就完了，会划重点，会捞，简直为上课不听考前突击量身打造，真的吹爆我的再生父母！
191964,338,陈卫祥,2024-05-06 10:48:10,4,4,0,满了，虽然老师也许对我没捞，毕竟不是95，但我觉得能到这么高，多亏了老师平时分给的很宽松。小测很水，懂得都懂。然后作业，助教改的也比较用心，差不多给我写了3，4个评语。老师回消息也十分及时。我早八就上过3次，然后，我有次问老师一个东西，反正暴露了我没上课，但老师也没说我😂。总之，虽然这门课比较拉，但老师没话说。不过，讲课水平一般。最后，吹爆！！！
208833,338,陈卫祥,2025-01-02 10:32:15,2,2,0,好老师，喜欢
209525,338,陈卫祥,2025-01-06 07:48:46,5,5,0,上的是老师的普化实验，老师人很好，而且很幽默，讲解很短但经常让人笑出声。实验的时候也会热心帮助同学，解决问题。助教zjj姐姐人也超级好，而且打分也很大方。老师期末还直接说明自己会捞，怎么会有这么好的老师啊!
210228,338,陈卫祥,2025-01-08 12:59:43,4,4,0,这么好的老师怎么评分这么低呜呜呜！老爷子人超级超级好！但是年龄比较大了，说话有点不太清楚，再加上语速比较快，可能会听不清讲课。老爷子已经差不多道路快退休的年龄了，大家能在老爷子退休前给他刷上9吗？实验课ddl各种延期，能给满的分都给满，卡绩的会调分，上课的时候问他实验内容答疑也很热心，无敌好！
210309,338,陈卫祥,2025-01-09 01:37:11,0,0,0,好老师，不卡绩。除了口音有点难听明白，其它都很好
210400,338,陈卫祥,2025-01-09 05:34:35,3,3,0,陈老师人特别好，助教姐姐人也特别好
211466,338,陈卫祥,2025-01-11 13:55:45,-2,0,2,除了绩点好求是\n\n他真的是个超级可爱的糟老头子哈哈哈哈
218504,338,陈卫祥,2025-04-24 05:15:27,2,2,0,神，无须多言，能选别犹豫👍
219911,338,陈卫祥,2025-06-11 02:58:28,2,2,0,无敌捞王，可惜要退休了
1400,346,彭笑刚,2015-03-22 01:43:18,70,84,14,个人色彩极浓的物理化学，可以毫不夸张的说浙大除他以外的物理化学，上了也白上
6801,346,彭笑刚,2015-07-23 03:58:12,102,114,12,听了彭神的课，不枉浙大四年。
8023,346,彭笑刚,2015-09-16 14:04:24,52,56,4,彭彭从不点名，不过课上会有小测验，限时五分钟，可以翻书不能讨论。他上物化很有自己的一套理论哦～偶尔上课会划划水开开前排同学的小玩笑，很平易近人
10332,346,彭笑刚,2015-11-18 06:08:14,43,49,6,讲课融科学精神与人文精神一体，建立自己一套理论体系。既风趣又不失干货。学到的不仅是物化。作业有个性，quiz有挑战。考试仍是学习。听彭神一课，不枉来浙大四年。
10415,346,彭笑刚,2015-11-18 13:36:40,15,19,4,\(≧▽≦)/
11559,346,彭笑刚,2015-12-05 05:25:16,9,12,3,充满人文情怀的物理化学
12241,346,彭笑刚,2015-12-22 13:45:45,5,6,1,太厉害……
13225,346,彭笑刚,2015-12-25 08:59:39,40,44,4,至今遇到唯一一个会称呼同学们哥儿姐儿的，自称我老人家的萌老师
14132,346,彭笑刚,2016-01-04 16:41:39,25,30,5,目前为止最好的老师，也觉得不会再遇到更好的老师了。不仅是科学家更是教育家。有些道理受益终生。来浙大唯一的理由。
14866,346,彭笑刚,2016-01-10 11:35:29,12,15,3,我只说一句，他是2008年千人计划引进人才\n\n
15194,346,彭笑刚,2016-01-12 14:05:37,5,8,3,虽然没上过老师的课，但是听过老师的讲座，感觉超级棒！
15195,346,彭笑刚,2016-01-12 14:26:34,8,9,1,\(≧▽≦)/
15487,346,彭笑刚,2016-01-14 16:13:49,33,39,6,虽然没见过真人也没听过他的课，但一本物理化学讲义字里行间透出的科学精神以及对我辈殷切的期盼让我动容。在浙大接下来的两年半时间，一定要找机会听听他的课。
19125,346,彭笑刚,2016-01-23 10:03:59,2,4,2,非常棒！
21289,346,彭笑刚,2016-02-28 03:10:18,3,5,2,棒棒哒
21566,346,彭笑刚,2016-02-29 08:15:52,15,18,3,进入浙大以来遇到的最好的老师
24695,346,彭笑刚,2016-05-03 06:39:30,1,6,5,老人家教给我的，我觉得自己至少还要回味十年，才能略有所悟吧
25291,346,彭笑刚,2016-05-09 09:14:41,45,52,7,他是在黑板上用大号狂草讲课的老师，他是狂放不羁爱真理的老师，他是极能激发学生积极性的老师，他是能让学渣也能理清物理化学并热爱之的老师，他是让学生争先恐后索要签名、合照的老师。他还是身价过亿的实业家，是他所有学生的偶像，是前无古人后无来者的思想集大成者。
26652,346,彭笑刚,2016-06-20 15:31:36,7,12,5,人品一流课也一流的老师
33039,346,彭笑刚,2016-09-10 12:33:44,2,5,3,为中华之崛起而教书
34730,346,彭笑刚,2016-10-19 12:21:09,2,2,0,好好好
35501,346,彭笑刚,2016-11-10 07:22:01,2,2,0,好就一个字
35772,346,彭笑刚,2016-11-10 08:05:46,0,2,2,完美！
39170,346,彭笑刚,2016-12-21 12:14:19,7,8,1,有一套清晰的，属于自己的物化体系，这样的老师浙大就遇过这一个
39390,346,彭笑刚,2016-12-22 11:27:10,5,7,2,听物理化学必须听彭彭的，绝对不会后悔的课
39436,346,彭笑刚,2016-12-22 16:02:47,14,17,3,虽未听过他的课，但那本物理化学讲义真的超级棒。
44732,346,彭笑刚,2017-01-18 07:18:01,3,5,2,超棒的老师
45399,346,彭笑刚,2017-01-19 13:47:41,0,4,4,如沐春风
49956,346,彭笑刚,2017-04-27 13:43:34,0,4,4,谢谢你呀我的彭神！定遵你老人家教诲。
56080,346,彭笑刚,2017-07-03 04:31:53,15,18,3,年轻人，踏着你们父辈的肩膀往上努力攀登！
60811,346,彭笑刚,2017-10-30 15:09:06,13,16,3,2011全球顶尖化学家排名第八，唯一一位全职任教中国的科学家。好想上他的课
64276,346,彭笑刚,2018-01-04 12:52:26,3,6,3,听彭彭的课之前不喜欢物化，听彭彭课之后已经无法自拔
64894,346,彭笑刚,2018-01-04 12:52:41,-25,17,42,没上过他的课，但他的物理化学讲义废话超多
65762,346,彭笑刚,2018-01-11 11:48:23,19,23,4,要是没有考试，我真想把这本书好好看一看，弄懂它的意思。但我不能，现在看来，一个长学期远远不够，我只好跳过课本直接去应付考试，我看不懂题，没有办法，后面有考试逼着我往前，我没法一直琢磨课本，却也终究不会做题。旁观者可能会说：书很好。而我会说：书很好，老师很好，或许体制很失败。我不能被名誉蒙蔽双眼而失去自己最直接的亲身感受。是我太笨了吧，是我太丧了吧，有发牢骚的时间为什么不去多学一点。我不可能像别人一样因为老师已经获得的名誉而去赞扬他的一切，到底如何，我只听自己的体验。
75954,346,彭笑刚,2018-03-22 16:50:00,13,23,10,盲目的崇拜是教育的失败。就没有同学提出不同意见？
77059,346,彭笑刚,2018-04-30 10:43:16,15,17,2,老师讲课水平确实高于我见过的绝大多数老师，彭老师个人在化学方面的造诣也非常高，对物化有自己独到的见解。但是有些时候的推导和书本的逻辑都不够清晰，只能说物理化学这门课本身所要求的物理数学水平，他是能达到超过系里其他老师，但也很难让人满意
77491,346,彭笑刚,2018-05-06 04:05:14,1,2,1,非常好 知识渊博
82046,346,彭笑刚,2018-10-21 12:59:12,3,7,4,久仰大名 真的很棒 教材写得超级好 人很可爱风趣 水平很高
82721,346,彭笑刚,2018-07-09 04:21:15,-14,17,31,那个说物理化学讲义废话多的评论，你被shit蒙住了眼睛么。你应该是没有听过彭神的课，只是因为其他物化造诣不够的老师教课，看书又感觉深度太过，所以才会感觉书很烦吧。\n\n但是这本书，真的是一本化学体系里面载入史册的一本书，虽然不能与牛顿的《自然科学的哲学原理》等开山名著比肩，至少是在当前中国科学界来说，是真正思考世界本质、琢磨科学的顶尖之作！这本书，就算牛顿、爱因斯坦再世，也不敢吐出“废话”两个字，您老废话多可真要长点心吧！
87668,346,彭笑刚,2018-10-10 01:03:10,44,46,2,说点不一样的，彭老师的课确实是独一无二的，因为这套体系就是其自己建立的，确实可以引发很多我们对物化的思考，但是我觉得大家对彭神有些，或者说对物化课本身有些过誉，由于这个体系的彭老师自己构筑，所以我觉得很多时候会显得有些粗糙，上课的逻辑和篇幅分布也并不十分清晰，而且传统物理化学很多精彩的地方被篇幅和能量教的名头所盖过，我说这么多并不是希望批判彭老师，我认为能够独立开创出自己理论与教导方式的老师是绝对值得称道的，但是我觉得除了这些，化学系的学生应该可以看得更多，而不是单纯的吹彭神，希望整个体系能够更加完善，也希望大家能敢于说不同。
89347,346,彭笑刚,2018-11-18 14:44:47,3,4,1,然而.....
89793,346,彭笑刚,2018-11-21 00:47:51,3,7,4,彭彭真的在学术水平极高的同时 还相当风趣可爱 是可以影响人生道路 改变生活态度的好老师 能听三个学期彭彭的课真是不枉在浙大这几年 感恩
90910,346,彭笑刚,2018-11-27 09:29:18,0,4,4,国内材料方面屈指可数的神级人物
93033,346,彭笑刚,2019-01-07 04:53:24,-12,10,22,高级版谢玉群
96654,346,彭笑刚,2019-01-21 08:40:01,16,17,1,我是药学的学生\n\n这学期上的是彭笑刚版本的物化\n\n我学的很认真\n\n但是药学学的是文科高数\n\n面对偏微分我实在无从下手\n\n好不容易慢慢跟着彭彭的视频，啃书，大概7788懂了\n\n结果考试18分的大题考书上只有两页的电化学\n\n于是 我就这么凉了\n\n彭彭初衷是好的，但是希望考虑一下其他专业的同学\n\n毕竟像药学的学生不是专门研究化学的\n\n可能不需要这么新颖的教材 钻研的也没这么透彻\n\n（以及考试能不能考书上的内容啊 真的不会
100213,346,彭笑刚,2019-01-25 23:26:23,30,30,0,是个很厉害的老师，但把他奉为真理就过了，有时候他的教材要怀着批判性的眼光看
115641,346,彭笑刚,2019-08-14 05:51:14,4,5,1,很好，但也没那么好
122902,346,彭笑刚,2020-04-19 04:15:04,19,19,0,我能说我是在哔哩哔哩听的课吗
127326,346,彭笑刚,2020-11-20 05:28:38,2,2,0,老师很平易近人，善解人意，授课幽默风趣，实在是一位不可多得的好老师！
132557,346,彭笑刚,2021-02-02 08:49:36,11,11,0,彭老师yyds，虽然每次为了奇怪的课后作业想破脑袋，但学习过程确实很有意思，彭老师讲课很幽默风趣，这辈子都忘不了dogma
134029,346,彭笑刚,2021-03-12 13:53:00,8,9,1,别怕，老师真的考得不难，但是真的教的不一样
137254,346,彭笑刚,2021-07-02 14:38:30,14,16,2,上完彭老师的普通化学一学期以后有感，现在通识课已经上完，说彭老师的普通化学是最良心通识课不过。课堂愿意一条一条书写板书，耐心解决同学提出的一切疑问，课程注重对学科体系的理解，而不是像其他课一样上来就自底向上做题背结论。同时，彭老师的课程还很强调科学，告诉我们不要迷信dogma。不得不说，在上过其他通识课以后，才发现彭老师的课才最符合我心中对于通识课的期待的，这是一门足以改变一个人的课程，强推，选到就是血赚。在看到下学期彭老师已经不再上这个课以后感到非常可惜，不知道以后彭老师还会不会上这个课。
141707,346,彭笑刚,2021-10-21 07:27:50,3,4,1,听了普化，感觉老师非常优秀，讲得独特而且非常深入，有自己的一套体系，认识科学从彭神的课开始。
141789,346,彭笑刚,2021-10-26 03:21:43,4,4,0,与众不同，真正的化学课
144328,346,彭笑刚,2021-12-21 06:00:36,5,5,0,要预习
146387,346,彭笑刚,2022-01-06 12:07:09,9,9,0,知识渊博，教学体系很有特色，清除了我多年的脑血栓
152767,346,彭笑刚,2022-04-19 11:45:32,7,7,0,没上过老师的课，但单看老师编写的物化教材就已经对老师佩服地五体投地了。这是怎样深邃的思想啊！
160187,346,彭笑刚,2022-09-14 11:51:42,2,2,0,思想非常深刻，上课风趣，平时作业比较难，但只要上课认真听最后绩点肯定高
161507,346,彭笑刚,2022-11-08 02:59:28,4,4,0,一个超超超好的老师
163785,346,彭笑刚,2022-12-16 05:56:36,3,3,0,好好好
170264,346,彭笑刚,2023-03-02 10:13:51,11,12,1,多说无益，从今以后，他就是我爹
171161,346,彭笑刚,2023-03-17 07:01:01,5,5,0,上课讲的很有深度，作业很有个性，打分很好，彭老师的大学化学绝对是你不容错过的启蒙学科
171162,346,彭笑刚,2023-03-17 07:04:37,14,14,0,大学化学学习最好的引路人，没有之一。第一节课就告诉你不要被教条所迷惑，去除你的“脑血栓”。但是最重要的是他真的认真在做这件事还几乎做到了。大化这门课会以彭老的认识构建一个全新的化学体系，刚开始学的时候可能会很吃力（主要我太菜了），之后的学习之路会逐渐开朗起来的。老师在教学上也相当的认真负责。唯一的不足就是一学期真的太短了，对于吸收一个新体系和学习一堆新知识真的太紧了。最后一句话，我爱死他啦
171163,346,彭笑刚,2023-03-17 07:20:57,16,16,0,有自己的一套完善的体系，亲身演示什么叫批判性继承，将零零碎碎的知识点编织进一个自洽的框架。黑板上大片大片的狂草体现着耐心、细心和负责，亲自编写的教材和习题重视独立思考和实际运用，一己之力扭转了我对化学这整个学科的印象。短短一个学期构建全盘基础，厚厚一本大书值得反复研读。\n\n甚至有大二大三的学长学姐回来选这门“通识”——甚至我也有回来再听一遍的想法。来化学系不上他的课，几乎白来。
172892,346,彭笑刚,2023-05-09 10:54:07,0,0,0,太好了
174361,346,彭笑刚,2023-06-11 02:12:19,10,10,0,大学化学难度极大，一开始碰到量子力学知识会很劝退\n\n但是教学效果特别好，老师循循善诱，同学探索欲望强\n\n有不少同学在学大化的过程中都坚定了自己选择化学专业的决心
175391,346,彭笑刚,2023-06-24 13:10:20,0,0,0,彭神不愧是彭神
179329,346,彭笑刚,2023-09-11 09:15:35,1,1,0,大爱彭老师啊！！！！这辈子最喜欢的老师！！
179635,346,彭笑刚,2023-09-19 03:22:19,1,1,0,666
180342,346,彭笑刚,2023-09-21 07:12:22,2,2,0,作为一名网课学生，问题耐心解答，感动至极。
181198,346,彭笑刚,2023-10-11 09:38:53,9,9,0,好是好，就是听不懂
183362,346,彭笑刚,2023-11-24 05:54:04,-41,2,43,自负至极，只对几个学生耐心，问问题爱答不理，讲课速度超级快
185805,346,彭笑刚,2024-01-04 13:09:53,2,2,0,彭神nb（虽然我听不太懂，但这应该是我自己的原因）
190678,346,彭笑刚,2024-03-14 06:04:08,3,3,0,我只知道，我考研物化的高分专业课，上课就是用的彭神的哔哩哔哩录屏课
192793,346,彭笑刚,2024-05-30 12:03:14,0,0,0,特别好的老师，学识渊博，给分也很好。高中没选化学，一度以为自己会寄，没想到绩点上2了
193105,346,彭笑刚,2024-06-03 14:25:14,3,3,0,彭sir的网课，我的物化救星！
198559,346,彭笑刚,2024-09-10 02:52:09,1,1,0,彭神nb
198560,346,彭笑刚,2024-09-10 02:53:28,1,1,0,爱爱爱爱爱爱，大爱老师
201358,346,彭笑刚,2024-11-01 05:09:48,2,4,2,无可挑剔的幽默老头，就是课本身难了点
206176,346,彭笑刚,2024-12-13 07:10:15,3,3,0,这不给彭老满分？ \n\n虽然大化公认的难，但上彭老的课还挺轻松的，偶尔分享一下在国外教书的经历，偶尔会跟我们聊会天...\n\n作业不会特别多，但难度毕竟是大化...\n\n助教也很好\n\n希望期末能给好一点的分
207726,346,彭笑刚,2024-12-24 04:21:35,6,7,1,要上大化的孩子们别看了，你没得选🤓👆
208359,346,彭笑刚,2024-12-27 04:44:21,4,4,0,今天是最后一节大化课，当彭老师写下最后一笔板书dogma时，我感触良多。\n\n从一开始不理解既然是化学课为什么还要花好几节课讲什么是科学，到开始慢慢感受到彭老师在第一章给我们种下的种子开始在思维中发芽，经受了第二章量子力学的折磨，分子轨道群轨道的轮番轰炸，第三章量子统计热力学稍显温和的进攻，我逐渐发现彭老师的大化确实是一剂良药，重塑了我对化学的认识。虽然彭老师上课经常说数学是化学的奴隶，物理没有化学更本质，但这前几章确实为我打下了深刻理解原理的数理基础。\n\n大学化学确实不简单，但你一定不会后悔学了彭老师的课。
210406,346,彭笑刚,2025-01-09 05:59:29,11,11,0,我从未碰到过，大概再也不会碰到一个为了演示驻波会拎起一把小提琴的老师
210972,346,彭笑刚,2025-01-10 09:01:03,5,5,0,曾经被他的物化破防，\n\n但后来只记住一句“我们之间的缘分不太够，但至少比后来人强。”
213094,346,彭笑刚,2025-01-16 03:45:51,1,3,2,选择题备考有点难
213437,346,彭笑刚,2025-01-17 10:52:28,6,7,1,老师给我满绩，我给老师十分。水平没得挑，板书讲课好记笔记。
216087,346,彭笑刚,2025-03-10 09:23:22,1,1,0,伟大无需多言，平时好好写作业就0人挂科
219536,346,彭笑刚,2025-05-29 09:59:22,0,0,0,书编的不错
220031,346,彭笑刚,2025-06-14 00:28:13,0,0,0,上课满分，求考试善待🥲
221697,346,彭笑刚,2025-06-25 09:41:01,-1,0,1,给分好好的
8228,372,吴庆银,2015-09-20 10:24:51,-14,5,19,好的好的
9060,372,吴庆银,2015-10-21 15:15:48,46,56,10,蛮横粗暴的老头！心疼给他干活的助教！
9207,372,吴庆银,2018-09-14 09:57:23,30,33,3,不好不好
10220,372,吴庆银,2015-11-17 13:05:16,19,22,3,选上了赶紧退课
10604,372,吴庆银,2015-11-20 13:47:12,-13,7,20,虽然他本人不上课，但是他会调分！调节绩点！分数会变高！隔壁MXJ老师的均绩才4.2然而吴老师的是4.6！必选！赞！
10647,372,吴庆银,2015-11-21 11:58:48,-15,4,19,老师给分超级好 课下特别可爱
12163,372,吴庆银,2015-12-22 06:27:04,1,3,2,。。。。。。。
13535,372,吴庆银,2015-12-29 04:14:44,4,7,3,人有点凶，不过给分好
14458,372,吴庆银,2016-01-07 07:07:58,9,12,3,这个老师确实比较粗暴，还有口音。但是选上了也不要慌，因为他的助教很好，大化g主要和助教交流
15612,372,吴庆银,2016-01-15 16:33:59,0,3,3,好像只有第一节课是他上的。。
15812,372,吴庆银,2016-01-16 10:14:51,5,10,5,大化G不看老师只看助教！只看助教！（很重要所以说2遍）老师只要给分好就行，性格不重要。吴老师还好啦，并不很凶，自己和气一点老师也不会刁难你的
22885,372,吴庆银,2016-03-14 05:49:42,18,19,1,上课骂助教……
24249,372,吴庆银,2016-04-29 00:26:23,9,11,2,蛮横粗暴！心疼助教！
24707,372,吴庆银,2016-05-03 07:14:15,2,4,2,混个平均分4.2 反正不会拖其他课后腿
31607,372,吴庆银,2016-07-04 09:09:27,4,5,1,除了给分好，想不出优点了。
32847,372,吴庆银,2016-07-18 09:49:11,24,25,1,简直腊鸡 上课除了吹牛b 基本没别的
34317,372,吴庆银,2016-10-20 15:23:21,6,6,0,腊鸡老师
34671,372,吴庆银,2016-10-18 01:59:30,12,13,1,事儿逼……
34674,372,吴庆银,2016-10-18 14:36:00,2,2,0,啥也不说了
34737,372,吴庆银,2016-10-20 00:54:18,20,21,1,上课骂助教\n\n助教好可怜\n\n
34837,372,吴庆银,2016-10-24 12:31:05,5,5,0,呵呵呵
35126,372,吴庆银,2017-01-05 00:15:34,4,8,4,浪费时间，废话连篇，老因为一小部分文科生废话浪费大家时间
37654,372,吴庆银,2016-11-20 03:11:02,15,18,3,对文科一点也不好，老是说要让我们文科生挂掉。上课飞一样，讲完有多很多的时间都用来讲没用的东西，不重的东西能讲四五遍，重要的只讲一遍而且还是一笔带过。我去，简直了，上课很没上一样。
39253,372,吴庆银,2016-12-22 00:31:21,2,3,1,水平确实不怎么样\n\n
41887,372,吴庆银,2017-01-13 07:20:00,-8,1,9,老师很负责
41889,372,吴庆银,2017-01-13 07:26:23,-1,2,3,唯一的优点就是给分很好！
41890,372,吴庆银,2017-01-13 07:29:21,-6,1,7,虽然上课蛮无聊，但是给分挺好哒！
41895,372,吴庆银,2017-01-13 07:34:12,-2,0,2,。。。
41898,372,吴庆银,2017-01-13 07:43:58,8,9,1,我是来表白助教的，助教哥哥是个超级无敌可爱的大好人
42030,372,吴庆银,2017-01-13 12:39:25,0,2,2,口音太重导致挂科。话说问一下是补考好还是重修好呀
42104,372,吴庆银,2017-01-13 14:53:54,-16,3,19,选上的是另一位老师，但平时一直蹭吴老师的课。讲真，老师讲课还是可以的。
60315,372,吴庆银,2017-10-17 07:07:19,12,12,0,不好，不能跟他说话，嘟嘟囔囔说一堆，也不知道扯的什么鬼，说不到重点上，也不管你是什么意思，也不管你问的啥。听见什么就开始胡通八扯。
64666,372,吴庆银,2017-12-26 06:53:46,4,4,0,无机及分析化学课，助教小姐姐好凄惨，辛苦准备那么久的习题课还被骂的那么狠。老师讲课一般，吸引力不大。人还是挺好的。事情确实比较多，管得严。
66067,372,吴庆银,2018-01-11 09:15:12,2,2,0,成绩不好还想旷课的就别选了
76334,372,吴庆银,2018-04-03 09:05:26,3,3,0,蛮横粗暴，自己什么也不懂却对学生要求巨多
76914,372,吴庆银,2018-04-26 02:09:24,7,7,0,恶心到爆炸，上了裤子拉链没拉，想吐
77359,372,吴庆银,2018-05-05 05:23:27,2,4,2,事情多课又水没干货。\n\n第一节课说不考试最后考试了。\n\n各种加分各种做事了分也没高到哪里去。\n\n什么叫浪费生命，上材化就是。\n\n在浙大遇到的最……的老师，没有之一。\n\n
77383,372,吴庆银,2018-05-05 07:49:57,-11,0,11,蛮不错的
86653,372,吴庆银,2018-09-18 00:56:21,10,10,0,天书.....听老外说话的体验
87432,372,吴庆银,2018-09-29 02:21:50,12,14,2,就知道bb！课么不上 一直在吹自己多么厉害 哦 可能他是很厉害 但是我感觉不到 学普化全靠自习hhh
87436,372,吴庆银,2018-11-24 02:43:41,25,28,3,看到你们在喷我就放心了
87723,372,吴庆银,2018-10-11 01:59:14,8,8,0,完全搞不知道在说什么，口音感人，讲的东西不如自己看书
88110,372,吴庆银,2018-10-22 10:35:00,8,8,0,非常辣鸡的一个老师 讲课全在吹自己和自己的儿子 教学能力没有 扯皮能力一流
88132,372,吴庆银,2018-10-23 01:44:31,14,14,0,我只想说，5分不到的老师，真的是在凭实力说话。上到自闭……慎选
88247,372,吴庆银,2018-10-25 01:40:53,-1,5,6,我觉得还不错啊，不知道为什么有点心疼老师，只是上课进度的确快了点，老师应该比较适合比较喜欢课外钻研的学生。
88370,372,吴庆银,2018-10-29 23:59:00,8,9,1,虽然心疼老师，但是讲的是真的差，更心疼自己。化学满分上来的人啥都不会了
88687,372,吴庆银,2018-11-06 01:10:27,4,4,0,不解释重点，上课口音奇怪听不清楚，经常拿着话筒呼气…   还不如自学看书
88784,372,吴庆银,2018-11-08 03:10:04,24,26,2,吴庆银是个好老师 全口音教学 除了化学讲的都挺好 选的同学们注意了 考纲里的不重要 吴老师讲的是王道 复习重点使劲跳 四五六章全不考 期末考试我佛了 启真湖底把我捞 来生再说老师好
88883,372,吴庆银,2018-11-11 13:30:13,3,4,1,语速太快，根本听不懂讲什么，室友上过的我们都没上，老师要求记的别人都不用记，唉
88990,372,吴庆银,2018-11-13 11:38:05,3,3,0,什么都没有讲，千万别选他的普化
89019,372,吴庆银,2018-11-18 13:42:19,7,7,0,出完绩点我呵呵了.一个班挂了十多个人..一共一百来个人.绩点出奇的低.预置的老师.没有退课是我太天真.别选.真的别选
89322,372,吴庆银,2018-11-18 12:19:10,3,3,0,普化均绩呵呵
89332,372,吴庆银,2018-11-18 13:17:03,4,4,0,讲话讲不清楚，绩点低，千万不要选
89334,372,吴庆银,2018-11-18 13:39:13,3,3,0,应该早点退课的
89335,372,吴庆银,2018-11-18 13:45:07,1,1,0,太会吹牛
89338,372,吴庆银,2018-11-18 14:02:25,4,4,0,如果你想挂科，别犹豫，选他准对。\n\n
89355,372,吴庆银,2018-11-18 15:41:25,2,3,1,第一，口音重，上课完全听不懂讲什么。第二，贼爱吹逼，一半时间拿来吹。第三，给分低。选上还是趁早退吧！！
89358,372,吴庆银,2018-11-18 15:50:52,4,6,2,老师会讲很多课外的东西，，听起来高大上，，其实就是欺负我们没专业知识。。喜欢讲一讲课就开始吹牛，，发现课上不完了就飞快讲完，，考试得靠自己好好看书啊。。但不得不说老师人还是可以滴，给分也很好，最后会复查很多遍没有及格的孩子的卷子，想捞一把。。
89372,372,吴庆银,2018-11-19 01:20:10,1,1,0,绩点呵呵
89469,372,吴庆银,2018-11-19 08:34:49,0,2,2,讲课不好还不调分
89490,372,吴庆银,2018-11-19 10:07:23,0,2,2,虽然讲课不怎么样但是会调分给过
89556,372,吴庆银,2018-11-19 14:13:38,4,4,0,拿上耳塞去自学！！
89587,372,吴庆银,2018-11-20 01:17:25,0,2,2,上课巨无聊，会抹杀你对化学的兴趣。\n\n实在不想听他讲教授和讲师的区别了。\n\n反正我全靠自学的。\n\n但作业认真做，考试认真考，绩点还不错。
89639,372,吴庆银,2018-11-20 05:55:13,6,6,0,天哪，普化成绩一出来顿时拉低均绩，平时上课跟听天书一般，讲的贼快，丝毫不担心学生死活。平时成绩给的贼低，，，选这个老师，认命吧。。。
89642,372,吴庆银,2018-11-20 05:59:08,6,6,0,除了给一分，我已经无话可说了
90038,372,吴庆银,2018-11-22 01:55:06,3,3,0,emmm…预置的老师（摊手）普化真·拉低均绩，上课不知道在讲什么东西，期末考试范围也一直没弄清楚的，心疼所有在他班上的同学。
90388,372,吴庆银,2018-11-23 10:33:53,1,1,0,非常无奈
91262,372,吴庆银,2018-12-04 12:12:23,2,2,0,呵呵呵，\n\n自行体会吧
91460,372,吴庆银,2018-12-11 02:02:43,-3,2,5,老师的课还行吧，老师比较喜欢说自己的事迹，大家其实可以自学，可能水平比较好的能听进去老师的讲解。\n\n助教一点也不好！！！虽然之前有人说助教可怜什么的，可是助教批作业非常潦草啊！那么多题目就打个叉，也没有其他痕迹，不知道自己到底对的错的...\n\n
92550,372,吴庆银,2019-01-02 11:54:31,3,3,0,上课净吹牛，还乱画考试重点。最后两堂课愣是把落后的进度赶成超前，关键主要内容仍是吹牛? 这是一种什么神奇的感受，反正我是跪了
101788,372,吴庆银,2019-01-29 05:20:22,0,1,1,上课=没上 然而自我感觉却良好的老师……说不出话
105866,372,吴庆银,2019-04-22 09:26:20,2,2,0,辣鸡的老头子
106891,372,吴庆银,2019-04-30 07:18:40,4,4,0,哈哈哈哈，上学期秋学期上他的课的时候他还有4.9，想不到现在才一个学期就降到3.2了
125060,372,吴庆银,2020-08-23 03:37:33,1,1,0,偷自行车是最骚的，其次是将学生的奖金据为己有
157158,372,吴庆银,2022-06-22 05:48:55,1,1,0,大化G被排到他，第一节课他指了指胸前的博导牌子，说了句：有问题不要瞎问，因为我现在这个身份，也不太方便回答你们一些过于简单的问题。
194048,372,吴庆银,2024-06-21 14:48:38,0,0,0,啥比玩意，恭喜退休，造福后人
209716,372,吴庆银,2025-01-07 00:26:18,0,0,0,退休了，好好好
206,377,张培敏,2015-03-14 16:49:22,28,43,15,睡死
6673,377,张培敏,2015-07-18 04:07:54,39,57,18,巨大无比的坑！
7450,377,张培敏,2015-09-14 12:11:00,20,29,9,索然无味。
7510,377,张培敏,2015-09-15 01:22:15,14,22,8,实在是没有收获！
7594,377,张培敏,2015-09-21 02:46:53,11,20,9,课件肯定不是她自己做的。上课睡到死！！！！
8387,377,张培敏,2015-09-21 02:15:43,-9,11,20,还行。。能听懂
8388,377,张培敏,2015-09-21 02:17:34,-10,13,23,很耐心地讲解
8392,377,张培敏,2015-09-21 02:25:49,14,24,10,听她讲还不如自己看书明白。课又无聊。\n\n
8712,377,张培敏,2015-09-24 09:08:33,5,13,8,呵呵哒
8775,377,张培敏,2015-09-26 10:30:53,6,14,8,无聊到爆
8783,377,张培敏,2015-09-27 07:23:25,5,12,7,……你懂的
9056,377,张培敏,2015-10-12 01:56:41,9,17,8,做作业时，才发现忘了预习。。。。
9571,377,张培敏,2015-11-02 00:30:45,8,14,6,太水了。。就是念PPT，PPT还和教材一模一样，真心用处不大
9573,377,张培敏,2015-11-02 01:51:18,5,11,6,没有期中考，治失眠
9599,377,张培敏,2015-11-02 12:29:54,0,4,4,实在要昏死了
9783,377,张培敏,2015-11-09 03:47:06,0,6,6,治好多年失眠症
9794,377,张培敏,2015-11-09 10:54:03,0,5,5,呵呵  我选择死亡
10985,377,张培敏,2015-11-23 15:11:53,-7,6,13,上课很耐心，认真听能听懂，有时还很幽默。
11970,377,张培敏,2015-12-21 12:04:55,5,11,6,听过不超过10堂 在宿舍自习还可以不被她声音打扰到 课堂上除了水手机能干啥
12093,377,张培敏,2015-12-21 16:52:56,4,7,3,简直就是催眠之神降世
12208,377,张培敏,2015-12-22 10:28:48,1,5,4,真的无聊。。。
12322,377,张培敏,2015-12-23 03:17:41,3,6,3,无聊到死
12918,377,张培敏,2015-12-24 10:12:59,1,5,4,无聊无聊无聊
13411,377,张培敏,2015-12-28 02:02:17,6,10,4,室友已经倒下了
13415,377,张培敏,2016-01-04 02:28:54,4,7,3,佛电极
13423,377,张培敏,2015-12-28 03:13:40,5,6,1,我只是看评论的
13982,377,张培敏,2016-01-03 09:28:17,0,3,3,无聊。失望
14851,377,张培敏,2016-01-10 05:30:39,0,3,3,睡死过去☹️
14920,377,张培敏,2016-01-11 03:27:36,0,3,3,不能更无聊呵呵呵
19608,377,张培敏,2016-01-25 02:35:17,0,4,4,真是个巨大无比的坑
20157,377,张培敏,2016-01-26 10:21:26,1,3,2,认真听就好
20176,377,张培敏,2016-01-26 11:39:00,0,4,4,给分差，讲课差。。。
20224,377,张培敏,2016-01-26 15:05:54,1,2,1,呵呵呵
20317,377,张培敏,2016-01-27 03:56:30,3,4,1,老师很负责，希望可以改一下上课风格\n\n
20376,377,张培敏,2016-01-27 08:04:07,2,3,1,老师给我及格，我很感动
20490,377,张培敏,2016-01-28 01:03:21,1,6,5,渣渣上课，全学期自学，不过好歹有4.5
20506,377,张培敏,2016-01-28 03:14:31,1,7,6,完全靠自学，上课看书比听她讲有效多了，期末成绩出来完全不是自己的水平，发邮件给她求查分石沉大海，能换别的老师尽量换，巨坑无比。（为什么没有0分）
20625,377,张培敏,2016-01-29 06:47:38,1,3,2,就去了两次最后还是及格了，感动！
20771,377,张培敏,2016-01-31 08:32:29,3,3,0,还好啦，关键还是要靠自己
20859,377,张培敏,2016-02-02 14:17:29,2,3,1,zzzzz
21118,377,张培敏,2016-02-18 10:16:15,-1,1,2,实在是有点无聊，给分也不好
21793,377,张培敏,2016-03-01 06:19:03,0,1,1,呵呵哒，反正不点名
21967,377,张培敏,2016-03-02 03:00:00,-3,1,4,呵呵了
23656,377,张培敏,2016-04-12 01:01:39,2,5,3,老师还是非常认真负责的  回答问题也非常热心 讲课还是比较清楚的 但这课知识点很多 回去必须自己再看书看课件来复习 后半学期我这么学了之后就觉得老师讲的其实很不错了
24381,377,张培敏,2016-04-30 06:30:37,1,2,1,据说上学期挂科率接近50%
33521,377,张培敏,2016-09-20 02:13:24,1,1,0,就是困
33637,377,张培敏,2016-09-20 13:29:16,1,2,1,上课远不如自己看书…第一天上课还发现她讲错了一个地方。全在念PPT，难理解的地方也不做任何讲解，和自学没两样！
34073,377,张培敏,2016-09-26 11:48:10,2,2,0,无聊，有点困，无法集中注意力
34092,377,张培敏,2016-12-20 03:17:12,0,1,1,翘课自学吧
34520,377,张培敏,2016-10-12 12:22:17,2,4,2,如果自制能力强建议自学，不点名的。。。课上有好多讲错了-_-||，还记得第一节课老师说不上来胶团是什么。。。
36038,377,张培敏,2016-11-10 10:42:05,0,2,2,有点无聊，但是讲得特别细致
36156,377,张培敏,2016-11-10 15:24:34,1,2,1,最好选早课，可以好好睡一觉
41369,377,张培敏,2017-01-11 05:25:41,8,11,3,虽然一开始会不习惯，觉得无机讲的好无聊，但是之后慢慢觉得大学的课习惯了就好，老师还是很细致的，看得出很为学生着想，每节课还会复习总结上节课的要点。
41413,377,张培敏,2017-01-11 11:00:20,19,27,8,很奇怪大家为什么给老师评分这么低，去找老师问问题的话老师讲解很认真，课前需要预习课后需要复习是当然的了，因为自己没有努力、结果跟不上老师上课犯困就要怪老师？老师后面每节课前都会板书重新讲解上节课的要点，我认为老师很负责任的。客观来说确实讲解不够形象，枯燥也多少有一点吧，但是评价这么低我认为还是有些过分了，认真复习认真听课好好休息是不会犯困的
44780,377,张培敏,2017-01-18 08:42:19,1,4,3,讲真 还是个很认真的老师 最后的绩点低是我没认真学…虽然她讲得很仔细但是听她的课总是忍不住走神…开学第一节课就在离她一米的地方睡着了…从此再没听过课…最后成绩一出均绩又下降了0.2…但总归比预期的 好了点…还是要感谢老师…老师人也挺好的 会耐心解答同学的问题（虽然我没去问过）怕我们来不及复习给我们补课～还会祝同学们国庆快乐 新年快乐～嗨呀 学弟学妹们要是选了她的课 课前最好按她发在公邮的ppt预习一遍 好好学绩点应该不会低…
45171,377,张培敏,2017-01-19 05:36:16,8,11,3,老师讲课虽然没什么吸引力但确实比较细致，而且大学会主动加课的老师也是比较少见的。至少非常认真负责，评分不该这么低，各位别把无机的低绩点迁怒于老师啊。
45687,377,张培敏,2017-01-20 02:50:58,1,2,1,老师蛮仔细的、可是、好想睡觉，
45735,377,张培敏,2017-01-20 03:59:02,0,1,1,张老师人还是很不错的，就是上课比较…让人…有点…想要…嗯(⊙_⊙)…?
47887,377,张培敏,2017-02-27 03:10:05,0,2,2,很耐心，但讲得并不好，但没有想象中的坑
48480,377,张培敏,2017-03-06 02:52:55,0,3,3,无机本身就很无聊，老师能讲这样不错了。是个很用心的老师，评分太低了。
48485,377,张培敏,2017-03-06 03:52:05,2,3,1,听第一次课以为楼下都说错了，后来才知道要她有毛用，翘吧
51855,377,张培敏,2017-06-12 12:33:03,-1,1,2,讲的很好啊
52941,377,张培敏,2017-06-23 18:32:33,-1,2,3,辣鸡。想重修。算我倒霉。
52969,377,张培敏,2017-06-24 08:25:02,0,2,2,我自己学不好，但我不抹黑张老师！！！真的很用心在教学生！！！
53919,377,张培敏,2017-06-28 04:26:37,3,4,1,老师很好，很耐心，虽然上课讲的内容缺乏趣味性，但是一些总结都是很实用的，对考试很有帮助；而且老师还会牺牲自己的时间给大家补课。真不知道那些自己上课不听睡觉，考得不好怨老师的人作何居心？
54030,377,张培敏,2017-06-28 09:10:39,3,5,2,大学里真的不会再遇到这么用心教学生的老师！每节课会总结知识点，下一节课还会写一堆板书复习上一节内容，只要上课认真听，真的不用自己费力复习。作为浙大人还是希望你们评分良心一点，客观一点！
56216,377,张培敏,2017-07-03 09:12:19,1,2,1,这学期考题真变态\n\n上课有总结还行
58595,377,张培敏,2017-09-07 12:56:06,1,2,1,花一小时就为了学生讲一道题，感动哭了
80610,377,张培敏,2018-06-28 08:42:42,-1,2,3,刻薄，尖酸。
80862,377,张培敏,2018-07-02 05:30:25,0,1,1,对老师印象不深 但是作为课程负责人真的很辛苦
109493,377,张培敏,2019-06-16 03:01:10,1,1,0,……呕
135944,377,张培敏,2021-06-04 06:56:42,1,1,0,老师挺不错的
149421,377,张培敏,2022-01-15 09:13:16,4,4,0,老师很认真也很负责，普化实验会教很多东西
163802,377,张培敏,2022-12-16 06:45:03,4,4,0,我觉得很好啊\n\n虽然念ppt无聊，但是你可以不听啊\n\n我都是提前预习好，在上课的时候玩手机，很快乐啊\n\n而且老师很细心 我有一次实验没做出来，她留下来陪我做
166002,377,张培敏,2023-01-10 16:45:52,1,1,0,很不错的老师啊 为什么评分这么低
166654,377,张培敏,2023-01-13 07:21:36,0,1,1,给分不错
167870,377,张培敏,2023-01-19 15:29:27,0,0,0,还不错
170623,377,张培敏,2023-03-07 08:28:22,0,0,0,预置的普化实验，我觉得还不错。挺耐心的，也不会乱给分，助教小姐姐也很温柔。
185697,377,张培敏,2024-01-03 15:33:41,0,1,1,挺好的一个老师 不知道评分为什么这么低
192878,377,张培敏,2024-05-31 07:47:07,1,1,0,老师人很好很负责，会很有耐心地为我们讲解实验细节，虽然看起来比较严格但总体还是面严心软的一位老师，均分不知道为什么这么低。
210692,377,张培敏,2025-01-10 00:22:57,1,1,0,感觉人还不错，就是实验前讲原理的时候有点无聊（不过那段时间自己玩手机也没事）\n\n给分还可以（上课基本上没听，就考前突袭了一下历年卷最后4.5）助教姐姐也很好，不太懂为什么会这么低
214137,377,张培敏,2025-01-25 07:33:31,0,0,0,老师挺好的
49062,380,黄飞鹤,2017-03-25 07:19:50,1,1,0,上课会给我们买吃的
113833,380,黄飞鹤,2019-07-07 17:21:43,1,2,1,科研实力强到爆炸，上课时间平易近人，超分子化学如同艺术一般，选择超分子化学，不必犹豫。
124317,380,黄飞鹤,2020-06-29 05:42:44,1,1,0,嗯嗯嗯
136075,380,黄飞鹤,2021-06-10 17:07:19,-1,0,1,学术水平极高。
158823,380,黄飞鹤,2022-07-02 12:46:48,-4,1,5,什么玩意。。。这是大学老师吗
9810,389,谭桂娥,2015-11-10 02:16:16,12,13,1,讲课超级清晰超级棒！一听就懂。老师有气质，人也好很好
10673,389,谭桂娥,2015-11-22 08:17:58,3,3,0,可以的\n\n
11503,389,谭桂娥,2015-12-03 02:28:10,3,3,0,有气质～讲课好
13600,389,谭桂娥,2015-12-30 02:45:24,2,3,1,老师人很好！
16852,389,谭桂娥,2016-01-19 05:31:26,2,3,1,老师人不错，讲的也很好。化学实验蛮有意思的，就是实验报告认真写的话比较费时间，给分不错。
18784,389,谭桂娥,2016-01-22 13:59:09,1,2,1,老师气质不错 很细心很体贴\n\n
21406,389,谭桂娥,2016-02-28 15:05:52,3,3,0,老师很细心 气质不错
22254,389,谭桂娥,2016-03-03 06:17:01,1,1,0,很开心，很好
27377,389,谭桂娥,2017-03-08 11:46:09,-20,0,20,废话挺多的那个年龄的气质
29673,389,谭桂娥,2016-06-30 07:19:16,1,1,0,老师气质很还会把问题分析得很仔细，讲的也很有条理性。可惜无机没选她的??
30474,389,谭桂娥,2016-07-01 16:27:46,1,1,0,解释实验原理蛮清晰的，不过一开始解释了时间就不能控制住。。。指导实验操作很仔细耐心，为人很和善。当然，实验课还得看助教。
31988,389,谭桂娥,2016-07-05 10:30:08,1,1,0,老师气质很温婉
36818,389,谭桂娥,2016-11-16 06:47:15,1,1,0,很棒的老师\n\n
36964,389,谭桂娥,2016-11-16 23:32:47,1,1,0,为什么谭老师那么好，因为没有对比就没有伤害。
38034,389,谭桂娥,2016-11-23 10:17:30,3,3,0,老师人太好，和隔壁班实验老师对比，简直天差地别。发现你实验步骤有问题，非常温柔耐心的给你指点，没有一点脾气。除了实验没有别的乱七八糟的事
39743,389,谭桂娥,2016-12-27 08:33:16,1,1,0,超级超级好！为了能从她那里学更多东西我已经加了微信了！
39884,389,谭桂娥,2016-12-28 06:10:38,5,5,0,老师真的很好，有一次我的晶体做的太差她看我着急就几乎手把手教我补救措施，好棒好暖！而且说话温柔，经验丰富
41904,389,谭桂娥,2017-01-13 07:58:00,3,3,0,太喜欢了老师了，感觉像妈妈一样，超级温柔和蔼，助教姐姐和哥哥也很好，笔芯
41924,389,谭桂娥,2017-01-13 08:38:05,0,0,0,真的很喜欢老师，助教也很棒棒的，给分也很好啊
41946,389,谭桂娥,2017-01-13 09:26:50,3,4,1,谭老师非常和蔼，耐心解答问题，关键是你有一点失误她会很细致地指出而且告诉你应该怎么做为什么这么做，考试的时候也特别为同学着想，一点也不像偶尔在天平室遇到也要怼你一下的某老师。不过实验主要看助教，表白可爱的助教们！爱你们！
41983,389,谭桂娥,2017-01-13 11:01:11,1,1,0,老师人真的超级好！！！有气质又温柔！！还想再上老师的课！
42079,389,谭桂娥,2017-01-13 14:11:48,0,1,1,老师很好，给分一般，喜欢助教
42144,389,谭桂娥,2017-01-13 15:56:45,1,1,0,老师有耐心，讲课好，每天微笑，能将快乐传给每一位同学
42764,389,谭桂娥,2017-01-15 04:59:56,1,1,0,很温柔
44904,389,谭桂娥,2017-01-18 13:05:29,2,2,0,老师超级温柔好脾气，我有一次动作错了就很耐心帮我改正，表白可爱的助教哥哥姐姐们～
48058,389,谭桂娥,2017-02-28 07:46:35,1,1,0,老师是一个很有条理的人，很有气质
49160,389,谭桂娥,2017-03-28 02:50:09,0,0,0,很好的老师
51187,389,谭桂娥,2017-05-23 09:11:18,0,0,0,老师真的好到爆炸，做蓝白照片反色不会操作老师都会很耐心的帮助，真的超级好！
54744,389,谭桂娥,2017-06-30 06:45:28,0,0,0,给分很好助教很好！
54758,389,谭桂娥,2017-06-30 07:19:24,1,1,0,老师很好助教很好给分很好
54826,389,谭桂娥,2017-06-30 09:12:51,0,0,0,老师很温柔
55020,389,谭桂娥,2017-06-30 16:09:28,0,0,0,老师真的是好！\n\n小组做PPT展示的时候全程在后面听着还帮着补充和纠错，做哪里不对了都会给指导的。只不过给分还是助教打跟老师没什么关系……
55065,389,谭桂娥,2017-06-30 17:19:18,0,0,0,超级超级好的老师，特别特别温柔有耐心，实验中她看到你有问题有时候会手把手教你做！亲切和蔼！
57236,389,谭桂娥,2017-07-06 05:38:03,0,0,0,老师气质很好，讲课不啰嗦，教给我们很多精华，大化G学到的不比O少，虽然给分低于预期，但还是感谢老师和助教！
2749,399,黄志真,2015-05-07 00:57:03,22,44,22,完全不知所云，全靠自习。
4524,399,黄志真,2015-06-24 07:05:04,43,75,32,讲课顺序和课本完全不一样╮(╯▽╰)╭哦呵呵呵呵呵
4529,399,黄志真,2015-06-24 07:30:16,14,27,13,一节课念课本。一节课写黑板。完全是自习课。
4534,399,黄志真,2015-06-24 07:44:37,7,18,11,讲课内容和书本不一样 听不懂啊
4553,399,黄志真,2015-06-24 10:00:26,15,34,19,只想说为什么没有零分，我不开心
5021,399,黄志真,2015-07-02 06:55:02,4,19,15,简直了！！绝对是黑洞，完全靠自习，天啦噜！！我已不想吐槽。。。
6009,399,黄志真,2015-07-10 07:48:52,4,11,7,呵呵..一头雾水
6538,399,黄志真,2015-07-15 02:49:15,1,9,8,唉
6782,399,黄志真,2015-07-23 02:05:39,1,8,7,醉醉的
6869,399,黄志真,2015-07-27 05:48:09,31,49,18,有关点名：他会随机按点名册选同学上来做练习不过不用担心正确率 只要你上来写了就ok；有机化学这门课的老师再好最后也靠自己  大家加油
6968,399,黄志真,2015-08-23 10:39:48,-7,12,19,感觉他挺严肃认真的。有机嘛平时自习就好，书上的看透题目多刷满记不是问题
7654,399,黄志真,2015-09-23 16:03:49,2,8,6,呵呵呵
7667,399,黄志真,2015-09-17 01:53:12,8,18,10,论大学自学能力的重要性
8091,399,黄志真,2015-09-17 02:59:38,2,9,7,不知所云，顺序乱七八糟，靠自习
8092,399,黄志真,2015-09-17 03:01:26,1,10,9,完全乱讲，全是瞎扯，顺序完全不对，特别菜，千万别选他的课！
8201,399,黄志真,2015-09-17 12:07:34,1,9,8,一点都不好！
8534,399,黄志真,2015-09-29 05:57:06,4,13,9,你若选到他的课，那你就自习有机吧\n\n
8539,399,黄志真,2015-09-22 07:31:07,1,10,9,自学就行了。已经听醉了\n\n
8540,399,黄志真,2015-09-22 07:33:00,-2,7,9,完全不知道在讲什么
8541,399,黄志真,2015-09-22 07:33:02,-5,13,18,上课真的可以的，自己的一套
8542,399,黄志真,2015-09-22 07:33:20,0,12,12,全靠自学
8543,399,黄志真,2015-09-22 07:37:56,2,10,8,日了藏獒了
8545,399,黄志真,2015-09-22 07:38:11,4,11,7,红红火火恍恍惚惚人生已经这样艰难了为什么还要听这样的课\n\n睡着和不睡着一模一样
8546,399,黄志真,2015-09-22 07:38:25,-2,8,10,变态，完全不知道他在干嘛
8549,399,黄志真,2015-09-22 08:25:46,-5,7,12,听天书
8553,399,黄志真,2015-09-22 08:52:27,-4,12,16,我真是日了狗 预置运气差 建议预置到他的学弟学妹都换了吧！上课完全不按顺序 不知所云
8583,399,黄志真,2015-09-23 14:46:47,1,5,4,哈哈哈
8657,399,黄志真,2015-09-23 16:05:58,2,8,6,一点也不好。跳着讲不是不可以 至少把在讲哪一页说一下 感觉书完全用不到
8673,399,黄志真,2015-09-24 02:10:54,1,7,6,别问我为什么跪着上有机化学呵呵呵\n\n
8674,399,黄志真,2015-09-24 02:18:08,-4,9,13,简直了，差评，不知所云
8682,399,黄志真,2015-09-24 03:23:14,-5,7,12,为什么没0分
8729,399,黄志真,2015-09-24 23:59:42,4,9,5,他在说啥？⊙▽⊙
8753,399,黄志真,2015-09-25 10:55:07,-4,4,8,呵呵嗒
8872,399,黄志真,2015-09-29 06:52:06,15,29,14,其实跟上了老师的进度的话感觉他还讲的挺仔细的！\n\n
8978,399,黄志真,2015-10-08 02:39:08,3,5,2,爽。  \n\n
9106,399,黄志真,2015-10-13 06:46:29,1,7,6,只有第一节绪论的课听懂了
9107,399,黄志真,2015-10-13 06:58:11,-4,4,8,谁选谁知道
9112,399,黄志真,2015-10-13 07:03:50,-1,4,5,大不了自学
9190,399,黄志真,2015-10-15 21:07:42,-2,8,10,为什么最低是一分，我不服！
9437,399,黄志真,2015-10-27 06:57:50,-5,4,9,讲的不怎么样。上课的时候不会写就说你没好好预习没好好复习。
9818,399,黄志真,2015-11-10 07:58:14,-5,2,7,已经不想再吐槽，靠自习吧！
9846,399,黄志真,2015-11-11 03:51:43,15,28,13,黄老师很厉害的，你们不要黑他
10210,399,黄志真,2015-11-17 11:35:42,-2,3,5,酸爽，只要自己好好学就可以，上课不需要课本，
10610,399,黄志真,2015-11-20 14:39:24,-4,2,6,自己看书吧
10918,399,黄志真,2015-11-23 09:44:11,-4,0,4,
11310,399,黄志真,2015-11-26 15:39:57,-4,2,6,呵呵...
11416,399,黄志真,2015-11-30 16:40:59,-2,5,7,做他的有机作业到一半心痛地来评分，作业多到可怕，上课差听不懂所以还不会做……靠自己吧……
11876,399,黄志真,2015-12-20 03:46:09,-4,3,7,呵呵。
11958,399,黄志真,2016-01-04 14:07:19,43,89,46,超级棒，上过的把我赞上去，上面这些人没上过吧，不要乱讲
12062,399,黄志真,2015-12-29 07:28:47,3,7,4,老师上课认真不要自学
12118,399,黄志真,2015-12-22 02:12:15,-5,1,6,aiaiai
12423,399,黄志真,2015-12-23 08:43:01,4,9,5,不错的老师！
12546,399,黄志真,2015-12-23 12:39:55,1,4,3,啦啦啦
12667,399,黄志真,2015-12-24 00:41:10,2,6,4,好好好
13190,399,黄志真,2015-12-25 05:46:56,2,7,5,挺好的把
13671,399,黄志真,2015-12-30 09:40:58,8,13,5,并不按顺序讲，学问很高，也负责，但是我恐惧啊，每次最后半小时点名上台答题是怎样一种体验
14177,399,黄志真,2016-01-05 07:06:40,16,31,15,其实还不错 没有说的那么差
14919,399,黄志真,2016-01-11 03:20:15,-6,3,9,自嗨的老师，有显赫的家世，没有匹配的教学能力，自学自学
15038,399,黄志真,2016-01-11 15:41:39,9,15,6,上了黄老师的课.我感觉浙大没用听不下去的课了.感谢黄老师
15039,399,黄志真,2017-01-21 02:15:44,-1,8,9,渣渣渣渣渣
15138,399,黄志真,2016-01-18 10:30:17,15,25,10,给分业界良心
15502,399,黄志真,2016-01-15 02:14:42,-4,3,7,其实呢，听他的课，你的自习能力会极大的提高……
15507,399,黄志真,2016-01-15 02:57:52,37,62,25,本来给1分。我现在给10分。\n\n上课什么呵呵，但是给分太好了。\n\n真真喜欢抓那些重修的学长上黑板。然而每次学长都不在，哈哈哈。
15508,399,黄志真,2016-01-15 02:59:28,16,29,13,其实有机老师都一样，主要靠自学，真真给的平时分很高，不信看均绩。挺可爱的老师，希望不要再黑他了。
15510,399,黄志真,2016-01-18 10:41:23,10,18,8,教的不咋地 但给分真的炒鸡棒啊啊啊
15520,399,黄志真,2016-01-18 10:32:12,13,22,9,虽然平时很严，比较痛苦。但是！给分真心好！真的好！
15582,399,黄志真,2016-01-15 12:53:38,-5,0,5,嘿嘿嘿
15615,399,黄志真,2016-01-15 19:32:43,15,23,8,老师是按北大教材来上课的。浙大有机教材比北大差远了，很多东西都没说到，但他上课能对这些东西进行补充，能力其实相当出色。说不好的只是针对教材
15627,399,黄志真,2016-01-16 01:34:57,15,27,12,后悔之前给了低分，考试考完发现黄老师人真的超级好，可惜没机会再听了，上课有风格，复习课都是精髓，来蹭课的小伙伴都说好呢。
15656,399,黄志真,2016-01-16 04:53:31,5,9,4,人挺好的，主要是自己不要一次听不懂就放弃，不然会挂科
16286,399,黄志真,2016-01-17 16:40:07,2,7,5,有自己的思路。。很清晰。。如果好好学还是挺好的！
16372,399,黄志真,2016-01-18 04:00:55,1,3,2,额，会发现他很可爱，然并卵……我是去上课的
16515,399,黄志真,2016-01-18 12:22:59,10,18,8,喜欢真真，讲课一般给分很高。很高。很高。
16519,399,黄志真,2016-01-18 09:49:23,14,20,6,怎么说呢 简单来说 课上的不好 但老师还是很可爱的 给分很好 就这么要和折磨我一个学期的有机说再见 突然好伤感
16524,399,黄志真,2016-01-18 10:00:37,2,8,6,上课听不懂。。但是给分不错！
16537,399,黄志真,2016-01-18 10:31:12,5,10,5,业界良心
16544,399,黄志真,2016-01-18 10:39:03,9,14,5,平时上课有点爆炸...得靠自习，考前刷卷子，最后给分还是不错的，真真吾爱
16552,399,黄志真,2016-01-18 10:54:09,3,7,4,太好了
16553,399,黄志真,2016-01-18 10:56:25,3,10,7,老师人很好，上课很有水平，感觉跟他混能拿诺奖，给分很好，遗憾没有满，五星好评！
16556,399,黄志真,2016-01-18 11:08:34,14,24,10,是很有学问的。你得学会跟上老黄的节奏:D 。上过课的同学都知道老黄会时不时地不自觉的发笑，超可爱。最重要的是，给分也很好！！love真真~\n\n
16578,399,黄志真,2016-01-18 12:15:12,5,10,5,给分真的炒鸡棒啊！
16579,399,黄志真,2016-01-18 12:19:56,7,12,5,之前后悔给分低，还黑真真了，其实真心可以，上次听不懂是我们水平不够，跟得上的话其实可以的，退一万步不管讲得好不好，人绝对不错的，给分也可以的
16593,399,黄志真,2016-01-18 12:45:29,1,7,6,给分真的超级好，满满的师生情，有闭卷期中考试和课堂小测，督促了学习。
16594,399,黄志真,2016-01-18 12:46:27,1,6,5,虽然平时根本不知道他在讲smg，但是分数真的给的很高啊！！！而且老师炒鸡温柔，一看就是很有文化的老师，而且老师真的蛮厉害的，是有机世家~
16628,399,黄志真,2016-01-18 14:33:42,0,3,3,老师挺萌的，而且人很好，虽然上课的确略坑233
16722,399,黄志真,2016-01-19 00:48:27,-4,4,8,老师语文水平不好，句子不连贯导致听不懂
17216,399,黄志真,2016-01-20 01:34:45,1,4,3,课前下载公邮里的课件，预习，课上看课件听讲，课后复习一遍~否则上课跟不上，课件要预习因为老师上课不按书本，带电脑去听课吧~直接在电脑的课件上做批注
17895,399,黄志真,2016-01-21 03:31:44,-1,3,4,真真是好老师，大家不要黑他了
19886,399,黄志真,2016-01-25 13:51:28,3,4,1,真是好渣的老师，不适合上课！
21082,399,黄志真,2016-02-16 07:29:04,-1,2,3,给分炒鸡棒
21232,399,黄志真,2016-02-27 05:56:11,15,18,3,出成绩之前，他还只有1.几，出了成绩就4.几了，而且本来只有贬，后来全是褒，你们这是有奶便是娘还是光环效应啊，可怕！
21642,399,黄志真,2016-02-29 11:45:24,3,4,1,讲的好差\n\n
21792,399,黄志真,2016-03-01 06:14:40,-1,3,4,好老师^ω^\^O^/\n\n
22452,399,黄志真,2016-03-06 07:28:30,-1,3,4,只能说他的给分真心好好好好好
22782,399,黄志真,2016-03-11 04:09:55,4,5,1,上课感觉就是念ppt，不懂的还是不懂。
23304,399,黄志真,2017-03-15 09:41:16,-6,4,10,真的是好老师，上完课都说好
23363,399,黄志真,2016-03-27 08:21:01,-1,3,4,强烈推荐，可以学到很多东西，强烈建议学弟学妹选这门课
23364,399,黄志真,2016-03-27 08:22:38,-2,3,5,给分超级好啊！不像隔壁包叔叔啊！
23414,399,黄志真,2016-03-29 06:47:54,-1,2,3,讲的还算仔细吧 但能按课本讲嘛。。。
25933,399,黄志真,2016-06-14 12:21:53,-1,3,4,我爱真真！
26327,399,黄志真,2016-06-17 02:51:57,-3,3,6,啊啊啊啊，老师人太好啊，这么温柔我都看不下去了，呜呜呜，只不过有机本身就是大杀课，他要是教通识，那一定是热门老师_（：_| Z_）_
26661,399,黄志真,2016-06-20 17:36:45,8,9,1,给十分的真不是水军？
26796,399,黄志真,2016-06-21 06:31:58,-3,1,4,很好哒
26909,399,黄志真,2016-06-21 15:51:00,8,11,3,“超级棒，上过的把我赞上去，上面这些人没上过吧，不要乱讲”这句话是李钦灿写的
28757,399,黄志真,2016-06-28 14:00:43,-1,4,5,真真其实挺好的，期末还会专门上复习课讲考试的热点，平时抽学长上去做题目为了给同学们增加危机感，帮助大家及时消化上课的内容，真的是个超级好的老师啊，而且他期末给分也超级好
29748,399,黄志真,2016-06-30 09:26:38,-6,4,10,炒鸡可爱好吗！各种碎碎念风格简直被萌哭了hhhhhhh上课很难跟上思路是真的，但是PPT里的内容全是精髓啊！学弟学妹一定要看！谁再黑我和谁急(ㅍ_ㅍ)
29781,399,黄志真,2016-06-30 10:05:13,0,2,2,真真超级可爱的啊！到最后上完课发现他的笔记也都是业界良心！
29934,399,黄志真,2016-06-30 14:14:52,-1,4,5,老师和助教人都很好 只是我不太认真 希望成绩能稍好点
30980,399,黄志真,2016-07-03 05:40:38,-1,3,4,虽然上课很迷...但老师真的还是为我们好的...给分良心...
31788,399,黄志真,2016-07-05 02:20:44,-5,1,6,喜欢抓人上去做题，变相点名吧.上课真心听不懂，但是给分很好！
32379,399,黄志真,2016-07-06 10:56:26,7,9,2,给分高老师的分就可以高了？？？呵呵呵呵
32407,399,黄志真,2016-07-06 14:05:22,4,5,1,不知所云
32837,399,黄志真,2016-07-17 08:57:58,0,4,4,上课蛮好的，点人上去做题惊险又刺激
33382,399,黄志真,2016-09-19 03:09:56,-5,2,7,好就一个字
36982,399,黄志真,2016-11-17 02:41:53,2,2,0,。。。
38530,399,黄志真,2016-12-08 02:27:44,8,8,0,讲什么，在讲什么，我凌乱。
38922,399,黄志真,2016-12-20 01:45:18,7,7,0,辣鸡┻━┻︵╰(‵□′)╯︵┻━┻
42711,399,黄志真,2017-01-15 03:20:57,10,11,1,上课乱七八糟也就算了听说给分很好绩点一出也就呵呵了?
42716,399,黄志真,2017-01-15 03:31:15,-8,3,11,跟分超好，目前最高的一门课
42879,399,黄志真,2017-01-15 10:39:38,-5,3,8,真的很好，你一定要预习复习。不然跟不上老师的。给分很好，有努力就有回报
46201,399,黄志真,2017-01-21 02:13:12,0,7,7,平时总是说我们不认真学的话，就绝比不过，但是最后给分真心实惠。上课的话真的后悔没有好好下载打印讲义，上课不用课本，课本是用来预习的。。。对 预习 不是考试周预习！！！然后你才能知道他讲了什么，，，，总之就像他说的“好的同学”很很欣赏他的课堂，可惜我不是好的同学，只是给了我比预期高的分数，还是很萌又很蒙的老师。
48608,399,黄志真,2017-03-08 09:26:00,6,8,2,贼难受
48610,399,黄志真,2017-03-08 09:28:43,9,11,2,贼jb难受
48878,399,黄志真,2017-03-15 09:37:37,7,9,2,我见过的最不会上课的老师，没有之一
49063,399,黄志真,2017-03-23 02:11:03,5,6,1,可以喷脏字吗
49064,399,黄志真,2017-03-23 02:14:25,4,4,0,呵呵呵呵。
51627,399,黄志真,2017-06-07 16:00:22,10,10,0,筒子，选真真，我敬你是条汉子。
57176,399,黄志真,2017-07-06 01:20:31,3,4,1,讲的课是真心听不懂，需要预习还有自学。每次上课会留出30分钟让同学上去答题，答错不扣分，答对有加分。平时分给的高，期末卷面大概四五十分的水平，最后成绩69
57180,399,黄志真,2017-07-06 02:17:37,5,5,0,讲课是真的烂，别说有机老师都这样真的有不这样的好吗……给分的话全班平均3.2，40%的人1.5。给分有点两极分化，说给分高的是前面那些吧。
79704,399,黄志真,2018-06-13 02:28:38,0,1,1,太棒了  为什么分那么低
80597,399,黄志真,2018-06-28 07:37:11,3,3,0,贼差劲，感觉和老师说话对牛弹琴
87494,399,黄志真,2018-09-30 00:27:59,4,4,0,上新课跟上复习课一样，不想预习的孩纸慎选。
101192,399,黄志真,2019-01-28 01:47:18,1,2,1,老师挺温柔的其实，主要自己要刷题
102879,399,黄志真,2019-02-24 13:54:26,-4,3,7,靠自己，老师给的资料足够复习了，条理也很清楚了，说老师不行的自己就没努力。
108883,399,黄志真,2019-06-03 14:57:43,2,2,0,自己体会
116891,399,黄志真,2019-09-17 03:57:28,-1,1,2,上课一定要预习，不然不会。老师挺好的
117214,399,黄志真,2019-09-20 11:23:49,2,2,0,感觉还不如刘润老师。。。
120521,399,黄志真,2020-01-12 02:20:17,3,5,2,非常好！学弟学妹一定要选呀！
126246,399,黄志真,2020-09-21 00:23:38,7,7,0,这在讲啥啊
127770,399,黄志真,2020-11-27 00:08:03,3,3,0,我是真的服，90分钟的课只讲55分钟，后面时间点人上黑板。而且讲的是真的差劲。真的差劲。
128608,399,黄志真,2020-12-24 14:43:58,2,2,0,这个作业是真的多
129816,399,黄志真,2021-01-12 13:58:06,3,3,0,课程结束，老师好像姓黄？
131182,399,黄志真,2021-01-26 12:16:58,0,0,0,求求了 让我过有机吧
140796,399,黄志真,2021-09-16 07:01:16,0,0,0,差差差
148249,399,黄志真,2022-01-12 03:31:04,0,1,1,本来想打3分的，奈何他给了我4.5🤣🤣🤣
161090,399,黄志真,2022-10-26 10:32:24,0,0,0,老师很可爱，虽然上课有点乱，但学在浙大上的PPT都是精髓，只要能静下心来学习，分数绝对不会低的。
1837,465,方卫民,2015-03-26 01:31:11,4,9,5,很好的老师，很耐心。
8252,465,方卫民,2015-09-18 00:58:15,26,35,9,特别注重细节的老师 好老师
12947,465,方卫民,2015-12-24 11:07:41,2,6,4,特别注意细节，特别耐心，特别好的老师
14470,465,方卫民,2016-01-15 10:35:03,0,4,4,好喜欢老师啊，给分超级好！
23819,465,方卫民,2016-04-18 02:38:04,0,1,1,非常好
25748,465,方卫民,2016-06-06 09:27:28,14,17,3,老师超级负责，而且对待学术很严谨。平时实验都会来看，而且有什么操作失误也会指出来。
25766,465,方卫民,2016-06-16 08:03:51,-2,19,21,真的是全程瞎bb，吵的我都没办法安心做实验了
27142,465,方卫民,2016-06-23 07:09:33,0,0,0,亲切的好老师哈哈哈哈
27316,465,方卫民,2016-06-24 15:18:24,3,4,1,很负责的老师，注重细节。平时经常来实验室看，如果你有错误会批评你，可能有的人会觉得烦，但是规范操作的确很重要，有则改之吧。
27852,465,方卫民,2016-06-27 23:16:51,-2,0,2,.....
27915,465,方卫民,2016-06-28 05:03:33,1,2,1,给分？
28228,465,方卫民,2016-06-28 08:18:20,0,1,1,虽然啰嗦，但给分好啊！
28446,465,方卫民,2016-06-28 09:01:18,0,0,0,注重细节。注重实验习惯。
28541,465,方卫民,2016-06-28 10:00:45,6,12,6,不知道为什么给我这么低啊。唉！
28773,465,方卫民,2016-06-28 14:18:33,0,0,0,老师很细心，很负责任，要求严格，但提问会很耐心解答。
29730,465,方卫民,2016-06-30 09:02:08,-1,4,5,十分给助教 0分给老师 因为助教很好 老师很烦 大概是代沟吧orz
32572,465,方卫民,2016-07-08 00:49:29,1,6,5,老师对操作规范要求认真，人也特别好，有问必答。\n\n助教呵呵。十分打给老师不是助教。
33868,465,方卫民,2016-09-22 07:12:20,-2,6,8,全程瞎BB贼能讲
34564,465,方卫民,2016-10-13 15:28:12,6,9,3,很细致，很认真的老师，不过也是正常学生最怕的老师，如果心理承受能力不佳，最好别选…上课质量还是不错，但是心理压力巨大，反而容易出差错
35668,465,方卫民,2016-11-10 07:41:11,1,3,2,要有一颗强大的心
36042,465,方卫民,2018-07-05 07:23:51,-12,3,15,辣鸡瞎逼逼～
39554,465,方卫民,2016-12-24 13:45:38,4,6,2,老师会在群里发鸡汤，过节还有红包hhh
40830,465,方卫民,2017-01-06 01:17:41,0,0,0,注重细节的老师，挺好的
42728,465,方卫民,2017-01-15 03:56:52,1,2,1,稍微啰嗦了点 但是老师人很好 最后一节课给我们拍照片留念
42732,465,方卫民,2017-01-15 04:08:30,0,1,1,老师很注重细节，你出了问题也会很细心的指出。化学实验平时由于同组的同学有时候有点坑队友不是很好，但是理论考和最后的实验做的好绩点还是不错的。
42736,465,方卫民,2017-01-15 04:15:39,0,0,0,收获特别大，老师很严谨
42749,465,方卫民,2017-01-15 04:39:30,0,1,1,老师贼可爱了，不过你有一点错误就会提醒你，显得有点啰嗦，习惯就好。给分不错。
42752,465,方卫民,2017-01-16 00:19:46,-1,1,2,搞不懂他
42760,465,方卫民,2017-01-15 04:56:30,1,2,1,老师特别细致认真，实验挺有收获的；助教真的人超棒！
42761,465,方卫民,2017-01-15 04:58:20,3,4,1,方老师可能会有点严厉，但是讲课超好超详细，只是对学生要求比较高，给分不错
42778,465,方卫民,2017-12-23 12:31:08,1,3,2,老师特别的细心，助教人也都很好
43278,465,方卫民,2017-01-16 05:16:03,0,0,0,助教很好
43280,465,方卫民,2017-01-16 05:17:43,0,0,0,很注重细节的一位老师。\n\n但凡有一点点错误被发现都会被严厉指正。\n\n但是对事不对人。\n\n给分师生情浓厚。\n\n一群助教活泼可爱。\n\n表白CC男神助教！！！
43459,465,方卫民,2017-01-16 09:50:49,0,0,0,老师很注重细节，很和蔼的老师。\n\n但助教几个班就不同了，我的超坑
43757,465,方卫民,2017-01-17 02:31:24,1,2,1,很细心 助教也棒的
44234,465,方卫民,2017-01-17 12:26:31,2,2,0,超棒的
50313,465,方卫民,2017-05-02 10:19:25,-7,1,8,虽然是个注重细节的好老师，但是他实在话太多了，真的烦
52932,465,方卫民,2017-06-23 14:56:01,2,2,0,老师自己都说自己啰嗦哈哈哈虽然真的很“啰嗦”不过还蛮可爱的，希望给分不要成谜就好
53010,465,方卫民,2017-06-24 15:27:48,2,2,0,很好的老师！！\n\n超耐心，是真的认真负责！！\n\n你上他的实验，能学到很多平时会忽略的细节！！\n\n强推
53527,465,方卫民,2017-06-27 01:48:37,5,5,0,老师人比较细腻，态度蛮亲和的
54434,465,方卫民,2017-06-29 10:04:14,20,21,1,老师其实很用心，那些说瞎逼逼的你们真的是来学东西的吗，自己做错还怪别人讲，老师认真负责，比一般实验室老师负责多了
55067,465,方卫民,2017-06-30 17:31:03,53,54,1,“诶诶诶老师来了。”\n\n一个箭步把书合拢水擦干瓶子高矮胖瘦排排队。
60729,465,方卫民,2017-10-28 14:53:40,0,0,0,老师真的很好，能把我不感冒的化学知识很有趣地呈现出来。我要鄙视那些说老师啰嗦的人，自己做不好还不要老师说。
61084,465,方卫民,2017-11-08 07:26:18,29,30,1,表白助教li xin和zhang xi 助教小天使啊\n\n老师对实验细节要求很严格，做坏事要小心了…
65845,465,方卫民,2018-01-09 13:33:59,7,8,1,非常好的老师，我做错了之后他不仅给我耐心的指出来了，还安慰我不会因为这个事情杀我的绩点。?
65853,465,方卫民,2018-01-09 14:13:01,17,17,0,老师超好der！！又耐心又温柔！！助教也都超级好！！特别表白我张迟小哥哥❤ 又帅又逗还长的高，好喜欢好喜欢呀~
65857,465,方卫民,2018-01-09 15:01:02,21,21,0,看助教吧，基本上是助教在带啊，好的，废话不多说了，主要目的表白张玺女神和黎新男神，顺带表白张迟小哥哥，贼帅贼可爱哦?  【严肃脸】这门课还是要认真的！要认真！要认真！
65866,465,方卫民,2018-01-09 15:54:09,2,2,0,助教lixin，一直叫他学长der，超温柔超温柔，而且他对化学的热情，很感染人，很幸运可以在他带的班里做实验！（笔芯
66537,465,方卫民,2018-01-17 07:57:10,11,11,0,喜欢程朝阳助教 还有张迟 小七助教也超级可爱
66865,465,方卫民,2018-01-19 07:51:32,0,0,0,挺好的～
66921,465,方卫民,2018-01-19 09:46:13,2,2,0,老师很好 助教很棒 ～
66926,465,方卫民,2018-01-19 09:55:33,0,0,0,很棒棒呀，上他的实验课感觉学到了很多。虽然老师要求挺高但是对学习很有帮助呀，而且给分挺棒。
66951,465,方卫民,2018-01-19 12:14:48,0,0,0,助教很好哇，每个助教都棒棒哒，老师对细节要求比较严格，所以学期末相比于学期初真的进步了很多，好多细节都会去注意。总之好好做，绩点不会低的。
66968,465,方卫民,2018-01-19 13:09:23,5,6,1,助教都超可爱的莫 不管是男男还是男女都超有cp感的啦 hhhhhh 老师是真的超级注重细节 之前锥形瓶没擦干进天平室被他看到了之后 被diss了半天 要哭了 还有各种东西的摆放 防护眼镜什么的 啊啊啊啊啊啊 简直每堂实验课都被diss 但是莫 他给我绩点还是很高的哇 超超超超级开心哇 一百昏一百昏
66974,465,方卫民,2018-01-19 13:21:37,2,2,0,方老师每次都会最先提醒我戴防护眼镜，因为我是为数不多的不戴眼镜的，超级好der！第一节课他就能叫出我的名字；考试考完离开那天，我还对老师说，我会想他的hhh
66978,465,方卫民,2018-01-20 06:09:14,7,11,4,方老师真的超级温柔啊，虽然做实验的时候很怕老师过来，但其实是因为自己操作不规范啦，老师看见了会特别温柔地碎碎念，讲超多东西给你，另外表白助教小哥哥小姐姐们，都超级有耐心，王晓琪小姐姐回答了一个学期我的各种问题，还有张迟助教脾气也超级好(✪▽✪)，还有czy和my，虽然一直叫大魔王，但是人其实很好的还很帅气！
66990,465,方卫民,2018-01-19 14:50:21,3,3,0,好喜欢朝阳呀！！！\n\n为朝阳打call！！！
66991,465,方卫民,2018-01-19 15:30:20,10,10,0,六个助教每个都是小天使！\n\n黎新助教十分耐烦温柔，黄源助教是个执着的真理追求者，朱清和宋雯雯助教比较严厉…人还是很好的。另外，表白张玺小姐姐 ?‍♂️ 害羞.jpg
67030,465,方卫民,2018-01-20 05:07:59,3,3,0,助教太可爱了，每次做完实验都和我们聊天，至于方老师hh在他面前一定要乖hhh
67033,465,方卫民,2018-01-20 05:27:10,0,0,0,表白6位助教小哥哥小姐姐们！\n\n
67078,465,方卫民,2018-01-20 08:32:41,2,3,1,老师很棒的 大家不要因为他老是在旁边督促我们操作要规范，桌面要整洁而烦他。有一次用到过氧化氢，就是因为我没有严谨操作，过氧化氢滴到手了。片刻后皮肤局部发白疼痛。跟老师说了之后，老师立马帮我处理，之后还多次贴心地过来问我情况有没有好一点。最后还给了我纸巾让我擦掉手上用于浸泡手指的剩余冰水。 谢谢老师!(后面给的绩点也很好，高于我自身设想，哈哈)
67093,465,方卫民,2018-01-20 09:18:33,1,1,0,老师很注重细节 助教们都超级可爱人超好
67104,465,方卫民,2018-01-20 09:32:40,1,1,0,很认真负责的老师，要求严格。
67126,465,方卫民,2018-01-20 10:04:16,5,5,0,老师会对一些细节很在意，人很好。虽然期末考崩了但还是很感谢老师！
67406,465,方卫民,2018-01-21 06:22:59,0,0,0,首先要表白一波助教小哥哥们和小姐姐们，超级喜欢他们。老师很细心很耐心，有一次看我空就过来问我对实验步骤的看法，我答不上来。。。。。不过真的很好啦，还记得班里很多人的名字的，就是我绩点很迷。。
67500,465,方卫民,2018-01-21 10:57:23,0,0,0,很认真的老师
67925,465,方卫民,2018-01-22 10:22:15,1,2,1,老师对实验细节很严格看到你哪里不对会严肃指出我上次打破了量筒老师说“喏喏喏我看到你眼睛都没看着它（做实验）就知道肯定会打破的”然后又很快笑笑忽然和蔼地说下次要注意一点balabala反正就是超级认真负责的一个老师还有助教们也超级可爱耐心哇
67953,465,方卫民,2018-01-22 11:27:05,2,2,0,“实验是这样做的吗？”要求比较严格吧，还是要表白助教huangyuan，萧敬腾的脸嘻嘻嘻
67985,465,方卫民,2018-01-22 12:17:25,0,0,0,主要看助教吧，老师是个非常认真负责的好老师，要求特别严格，有时候有点唠唠叨叨的，很萌！
71214,465,方卫民,2018-01-28 06:54:55,1,1,0,仔细，不仔细会被说
76237,465,方卫民,2018-03-29 23:53:32,9,9,0,慢性子的人慎选他的实验课，可能会被他怼死。
78111,465,方卫民,2018-05-09 10:43:34,-10,2,12,全世界最鸡婆的老师
81485,465,方卫民,2018-07-05 07:50:25,0,0,0,老师很好，就看不懂自己的成绩为什么这么低，虽然理论是没考好，但不至于拉这么多吧？平时很好，展示也都是我一个人搞。算了，我就是来吐槽一下。
81490,465,方卫民,2018-07-05 08:02:36,2,2,0,疯狂表白裴诗恩李志明干露毛佳琦任王瑜朱清助教！！所有的助教都又温柔又耐心，我老是大半夜去问他们问题他们看到都会回复我！虽然每次我的实验报告分都不高，并且理论考试自己觉得在爆炸边缘了啊? 想不到最后给分超好的！方老师是个在实验操作上有点严厉的老师，但有一次值日的时候听到他和助教们聊天超温柔！感谢老师和助教！你们辛苦了！
82427,465,方卫民,2018-07-08 07:15:40,1,1,0,民民虽然有点话唠，但真的是好老师哎，给分也很好，人也有点可爱的，真的很喜欢我们课上的助教们了！！
84756,465,方卫民,2018-07-13 22:17:36,0,0,0,很不错
88300,465,方卫民,2018-10-27 13:11:10,3,3,0,老师人特别细心，跟着老师能学很多东西，实验要求比较严格，想水实验的小心了，但是非常感谢每一位助教，也感谢老师，帮助我培养了更全面的实验操作能力
92835,465,方卫民,2019-01-05 04:07:24,1,1,0,虽然唠叨点，但也是为我们实验顺利着想，是个好老师。最后表白一波助教jiangxinrong小姐姐。
95283,465,方卫民,2019-01-19 06:48:18,0,0,0,超级喜欢老师很温柔也很耐心还喜欢和你嗑家常hhh而且讲的很细节，内容干货满满的
95352,465,方卫民,2019-01-19 08:51:05,0,0,0,老师很好，做实验的过程中会认真纠正我的错误及不当之处，并且会对实验结果出现偏差给我一些建议，真的太感谢方老师了
95359,465,方卫民,2019-01-19 08:58:02,0,0,0,4.5 来纪念一下
95502,465,方卫民,2019-01-19 13:16:39,0,0,0,很萌的老师啊⊙▽⊙
96033,465,方卫民,2019-01-20 11:43:14,0,0,0,认真但是老师脾气不是很好我觉得....
99323,465,方卫民,2019-01-24 14:51:02,1,1,0,老师看到你做得不好会指出，真的很好\n\n给分也可以的\n\n喜欢老师！
103179,465,方卫民,2019-02-26 11:47:37,1,1,0,老师人超好
109932,465,方卫民,2019-06-20 09:58:02,3,3,0,老师挺好的，建议趁老师巡视找错误之前把实验做完…表白一波助教王佳露xjj！！！
109984,465,方卫民,2019-06-21 02:56:29,2,2,0,表白助教小改改，太可爱了。老师当然也认真负责，考试之前发一个。
110014,465,方卫民,2019-06-30 23:43:37,2,3,1,4.8纪念一下
111283,465,方卫民,2019-07-01 00:16:09,4,4,0,方老师很可爱 实验态度肉眼可见 看到同学们错误操作会批评你 都是善意的批评！ljk助教呆萌呆萌的 绩点4.2 我已经很满足了 ps:最后理论考试一定要复习完全！！
111375,465,方卫民,2019-07-01 05:25:53,3,3,0,老师有着科研工作者的严谨细致，对于学生要求极其严格，时常会指出批评我们实验中的错误，爱之深，责之切啊。
112365,465,方卫民,2019-07-04 02:55:57,2,2,0,老师特别认真负责，平常也会有些幽默，对于你实验操作的问题的批评都是善意的！感觉老师人也特别可爱！表白jyl助教小姐姐！！！超可爱！！！超关照我的！！！！
112429,465,方卫民,2019-07-04 06:32:58,1,1,0,老师讲话让我想到我是大哥大里理子的爸爸
112525,465,方卫民,2019-07-04 16:42:11,0,0,0,老师有点在乎细节的，但是人超好\n\n王佳露小姐姐是真的棒！好像有点不耐烦的样子但是一直会认真讲解，每份报告数据都会看过，同组不同她还会自己算过\n\n呜呜呜呜做实验超级慢，三次都是最后走的，感谢不嫌弃(´-ω-`)\n\n期末理论考崩了但是最后还是拿到了85，笔芯(*๓´╰╯`๓)♡
117503,465,方卫民,2019-09-25 06:53:16,0,0,0,老师人很好，助教xjj超漂亮，实验课很有意思\n\n
117609,465,方卫民,2019-09-26 15:34:30,2,2,0,"""你这个操作我们讲哈(四声）是""。。。。\n\n(冥想一会儿)\n\n""啊(四声），有问题的啦！"""
120584,465,方卫民,2020-01-13 11:16:12,3,3,0,老师的实验眼睛是真的酷，我也想买一双眼睛！
120637,465,方卫民,2020-01-14 05:30:24,0,1,1,实验老师要求比较严格。每次老师来了都慌慌的把东西摆好。但是人挺好的，给分最后很不错。然后强夸一波助教小姐姐，又温柔又美丽又可爱。
125248,465,方卫民,2020-09-04 12:38:15,3,6,3,垃圾老师\n\n
125385,465,方卫民,2020-09-08 03:40:13,0,1,1,挺认真的老师，给了4.5，还不错吧
129469,465,方卫民,2021-01-06 03:04:26,1,1,0,老师真的超级好的，就是有时候有点凶凶，给老师给高分。但是因为我太菜了，多半会被绩杀（哭唧唧）
129826,465,方卫民,2021-01-12 16:02:52,-1,5,6,讲的很水，你一弄错就凶巴巴的，搞得什么一样!
129847,465,方卫民,2021-01-13 03:43:03,1,1,0,老师在实验室转的时候看到你犯了规范性的错误会直接给你指出来，虽然有点凶哈哈哈哈。\n\n在实验过程中看到老师来了记得把东西摆好！！！书本不要摊着（忠告）\n\n课下问过老师不少问题，老师都会耐心地给你慢慢讲的，其实老师只是做实验的时候刀子嘴！课后人还是非常和蔼的55555\n\n顺便感谢一下助教杨明小哥哥 虽然我掰断了一个滴定管的头但是没有然我赔钱！！！！经常从学生的角度和老师提一些建议\n\n也像最后一节课上同学说的，是个很暖的人呀\n\n最后 十分奉上 希望周五的考试有个好结果
129922,465,方卫民,2021-01-13 13:51:33,2,2,0,我觉得老师很好，看到错误会给你指出来，虽然有一点严格，但是这样子也能让我们印象深刻。讲课也会结合工业生产、科学研究等其他方面，拓展我们的视野。杨明助教小哥哥也很好，认真负责，很耐心。
130576,465,方卫民,2021-01-23 20:37:42,2,2,0,上课体验很好，虽然感觉理论考炸了但绩点尚可满意，感谢老师和助教捞我~\n\n老师是极其注重细节的人，对操作规范有着严苛的底线。实验前理论讲解是真·事无巨细，大到化工应用小到实验器材摆放都会提及，可以说上这门课之前从未意识到“规范操作”意味着这么多要求。老师在实验过程中是刀子嘴豆腐心的典型，会严肃指出你的操作错误也会过来唠唠嗑什么的，熟悉后会发现其实很和善很可爱。\n\n然后也要吹爆负责的助教杨明小哥哥!有疑问/操作失误去找万能的助教可以立即解决并且少挨老师批评2333助教每周从玉泉过来带两班实验整整一天真的很辛苦，有一次因为我的憨憨操作拖到很晚，助教还过来帮我收拾残局，想起来都是满满的歉疚和感激。
130578,465,方卫民,2021-01-23 21:26:56,0,0,0,老师在实验室转的时候看到你犯了规范性的错误会直接给你指出来，虽然有点凶哈哈哈哈。 在实验过程中看到老师来了记得把东西摆好！！！书本不要摊着（忠告） 课下问过老师不少问题，老师都会耐心地给你慢慢讲的，其实老师只是做实验的时候刀子嘴！课后人还是非常和蔼的55555 顺便感谢一下助教杨明小哥哥 虽然我掰断了一个滴定管的头但是没有然我赔钱！！！！经常从学生的角度和老师提一些建议 也像最后一节课上同学说的，是个很暖的人呀 最后 十分奉上 希望周五的考试有个好结果\n\nOhhhhhhh出成绩了 谢谢老师和助教
130591,465,方卫民,2021-01-24 01:29:24,4,4,0,老师和助教都很认真负责，对学生的要求很高。确实能学到东西，提高动手能力，给分合理。
131160,465,方卫民,2021-01-26 09:30:44,1,1,0,很严格但很好的老师
135211,465,方卫民,2021-05-06 04:01:00,0,0,0,很严格，但也很萌，给分超好
137343,465,方卫民,2021-07-03 10:53:02,1,1,0,对实验操作要求严格，操作错误会很严厉的批评，安全性原则性问题非常在意。（持赞成观点）\n\n另外，给分和老师没啥关系，应该全部是助教负责，每年助教大概都不一样，可能参考意义不大。
147112,465,方卫民,2022-01-08 17:38:42,1,1,0,太太太爱方老师了！虽然很严厉有点小凶但真的很认真负责，上课也会讲很多趣味知识，最重要的是要表白tmq助教小姐姐！！！真的又好看又温柔还特别体谅我们，快选快选！
160594,465,方卫民,2022-09-27 14:51:33,2,2,0,1.老师很严谨\n\n2.讲话啰嗦，容易犯困\n\n3.要求严格，小错重罚\n\n4.口齿憨厚，风趣幽默\n\n5.说到底，还是为了同学们的安全好。一定要尽早发现这一点，否则会很痛苦
166616,465,方卫民,2023-01-13 04:21:19,0,0,0,严格但也很不错，是为同学好的
167145,465,方卫民,2023-01-15 04:19:26,1,1,0,老师挺不错的，讲的挺细，实验室安全特别注重。前几节课犯错提醒可能还比较温柔，但到后面还犯蠢错误或者因为没认真听犯错就比较严肃了，不过总之还是为了我们好，助教小姐姐也很棒，刚开始几节课真的帮大忙了。总之他的批评算是有理有据的，我也愿意去认真接受改正。
8612,468,孟祥举,2015-09-23 06:10:55,2,3,1,还好吧
10201,468,孟祥举,2015-11-17 10:54:49,13,22,9,像个孩子
10663,468,孟祥举,2015-11-22 01:30:24,6,8,2,不服，老师不调分的，宝宝实验报告辣么好
11343,468,孟祥举,2015-11-28 03:22:39,10,11,1,老师辣么可爱 怎么就不服了
11998,468,孟祥举,2015-12-21 13:00:28,12,15,3,有时候爱吵人 但确实是为了我们好 有水平的老师！不过我是不想再去化学实验室了
34541,468,孟祥举,2018-09-19 06:34:47,-32,7,39,像个傻逼
42747,468,孟祥举,2017-01-15 04:37:31,3,4,1,确实挺可爱的
43166,468,孟祥举,2017-01-16 02:07:17,-6,6,12,挺可爱的老师！就着雾霾天还给我们讲了很多！给分方面没有比较我也不能下定论，总之90分飘过～
48971,468,孟祥举,2017-03-20 01:44:05,8,9,1,化学信息学课给人一种段子课的感觉
56059,468,孟祥举,2017-07-03 03:55:07,1,2,1,不错不错。
68966,468,孟祥举,2018-01-24 07:19:55,9,12,3,emmm化学实验甲某几位助教给分真是迷（微笑脸
76994,468,孟祥举,2018-04-27 13:45:54,0,1,1,平时报告得分都挺好的 但最后给分感觉有点迷
77001,468,孟祥举,2018-04-28 02:44:12,7,8,1,感觉老师讲得挺好哒，虽然很喜欢怼你，但是真的很可爱哇！把老师讲过的实验操作好好记牢，实验报告认真写，得分真的不会低的。这是我最后一门化学课了，以前都挺讨厌化学的但是上完之后突然就有点小喜欢了呢，不过好像已经晚了…
77091,468,孟祥举,2018-05-02 02:28:07,3,5,2,老师挺和蔼的
87987,468,孟祥举,2018-10-19 11:09:38,6,6,0,很严，会怼人，但是我们都知道，是为了我们好
92625,468,孟祥举,2019-01-03 06:56:18,2,4,2,老师真的很好玩的\n\n做实验的时候瞎吐槽就会被他怼
92806,468,孟祥举,2019-01-04 14:11:05,4,5,1,老师真的懂得很多，但需要你自己思考去问，你思考得越多，老师告诉的会越多
93579,468,孟祥举,2019-01-10 14:09:19,2,3,1,老师人很好，也教会了我很多，
95284,468,孟祥举,2019-01-19 06:50:32,2,2,0,很有意思的老师，管实验操作也很认真，这学期没少被指点2333
95332,468,孟祥举,2019-01-19 10:26:27,0,1,1,老师是很好的老师，但是给分太迷了，对绩点有点扎心
95349,468,孟祥举,2019-01-19 08:50:02,2,2,0,好老师，讲的很细，挺幽默的，实验有不对地方会指出来
95556,468,孟祥举,2019-01-19 15:00:36,1,2,1,棒诶！\n\n老师超可爱哈哈哈哈哈像个孩子\n\n然后有个制备实验的男助教也很可爱给分也好\n\n实验报告分数中上水平吧 然后最后理论考试的确有点难 高中化学不是很出众有些吃力 但是实验是平时分占比比较大 所以做好每个实验就很OK！！！
96187,468,孟祥举,2019-01-20 14:09:00,0,0,0,爱怼人，能学到东西。普化甲理论考试没选择题。
96427,468,孟祥举,2019-01-21 03:15:45,0,1,1,老师是个好老师，虽然脾气不好，但他这也是想让我们学到东西。老师给分还好，就是有一两个助教实验报告给分令人不爽，不然我就能5.0了。\n\n总之10分吧
102783,468,孟祥举,2019-02-23 04:05:07,5,5,0,坑比 要求多给分低\n\n
102784,468,孟祥举,2019-02-23 04:05:57,3,4,1,蜜汁翻白眼?️，这门课可能就比较迷吧，糊里糊涂的。没学到太多东西，实验报告要求真高，累死人。总体还凑活吧……
102804,468,孟祥举,2019-02-23 09:52:14,1,1,0,“你们是求化的学生……”\n\n讲得可以绩点低\n\n非求化慎选
117488,468,孟祥举,2019-09-25 03:44:29,2,3,1,我不要你觉得，我要我觉得\n\n别人借了我试剂然后放回来时没放好，我不认识是谁，但锅是我背\n\n监控白给
121039,468,孟祥举,2020-01-19 09:54:38,0,1,1,不是太推荐 给分一般般 不过我最后期末考确实没考好 大家期末考一定要好好背书
128332,468,孟祥举,2020-12-19 02:46:05,7,7,0,我是个 实验手残之王\n\n刚开始被他在班里当反面事例讲哈哈哈哈哈还好我脸皮厚，不介意就好\n\n老师还蛮有意思的，实验的点也会给你点拨，但不会面面俱到(个人觉得蛮好)\n\n最感动的是，我有个实验一直翻车，做到最后我都要慌cry了，觉得他肯定会向平时一样讲我两句(会有嘲笑，但是别介意嘛)\n\n但是他没有。\n\n他等着我做完了。那时候值日生都走光了。\n\n就在那天我因为东西落在实验室里，又回去拿。刚好撞上他的一节课，冲进们学长学姐和他都在看我呜呜，我当然怂得没进去，在门口转转转，不知道怎么办...(我觉得我当时像个走错教室的)\n\n结果，他出来了，走来跟我讲:在找什么呀?进去拿吧。\n\n我那时候发现他的体谅和细心真的会让我记住很久很久。\n\n真的很感谢孟老师，我会一直好好做实验的呜!!
130026,468,孟祥举,2021-01-15 06:30:55,0,0,0,(｡･ω･｡)ﾉ♡
130565,468,孟祥举,2021-01-23 16:16:26,-2,3,5,很好的老师
134470,468,孟祥举,2021-03-29 14:03:34,0,1,1,比我高中的化学老师还凶，但毕竟是教化学实验的，多认真也不为过
144554,468,孟祥举,2021-12-22 08:39:01,3,3,0,这个老师讲理论的时候会说很多例子，做实验的时候尽管有时候会怪人，但是那确实是实验室应该遵守的，也是安全考虑。不得不说这次的助教也是个人很好的xjj，对待学生在做实验时会很耐心指导，会想办法解决学生的问题。总之很庆幸选到了这个老师的课，碰到了这个超级棒的助教。不管最后这个课我分数会多少，还是给十分！
145428,468,孟祥举,2021-12-29 13:12:03,2,2,0,老师很严厉，但是也很可爱，是个认真负责的好老师，课讲的也很详细
147129,468,孟祥举,2022-01-09 00:23:42,2,2,0,孟老师其实真的挺为我们着想
163705,468,孟祥举,2022-12-16 03:35:02,1,2,1,实验点不点名意义不大吧哈哈老师真的超好。人看上去有点凶但是久了之后会知道他真的有在关心学生。而且事情特别少，还没给分但是就是没有那些花里胡哨的乱七八糟的要求。
181446,468,孟祥举,2023-10-18 03:24:43,4,6,2,纯纯nt，建议学校选老师以德行为先，而不是只是意气用事，眼高手低的人
190061,468,孟祥举,2024-02-18 01:46:51,1,1,0,要求很高，常常怼人，但还是能学到东西的。助教实验报告给分挺好的，人也很好。最后拿了5.0，开心
190241,468,孟祥举,2024-02-26 10:47:46,6,7,1,眼高手低
193031,468,孟祥举,2024-06-03 00:25:47,4,5,1,哎……
194494,468,孟祥举,2024-06-24 06:51:41,3,4,1,一言难尽
196457,468,孟祥举,2024-07-03 13:39:20,3,4,1,啥也听不懂
199258,468,孟祥举,2024-12-28 05:37:45,1,3,2,考的什么破题目
200916,468,孟祥举,2024-10-24 13:41:03,3,3,0,一般般
208923,468,孟祥举,2025-01-03 11:48:57,2,2,0,谢谢老师啊啊啊啊啊
208938,468,孟祥举,2025-01-03 12:46:02,2,3,1,给分很好\n\n除了老师上课声音比较小外没什么缺点\n\n选选选！！！
209211,468,孟祥举,2025-01-05 05:03:25,2,2,0,讲东西不是很细致，想靠老师讲学很多基础知识的别选
209737,468,孟祥举,2025-01-07 02:02:23,2,3,1,很认真的老师，虽然说上课有些时候有点凶，而且有点小脾气，但其实是一个很可爱的老师，上课会讲段子，调侃学生的操作（绝无恶意，只是为了规范与安全），给分也相当不错，大爱老师
25734,490,朱岩,2016-06-06 02:51:18,7,11,4,实验课上的认真，讲解的细致，让学生能够接受快。
36707,490,朱岩,2016-11-15 13:08:01,5,5,0,有时候比较无聊。
38877,490,朱岩,2016-12-19 15:41:43,1,2,1,挺好的...\n\n
63041,490,朱岩,2017-11-28 03:53:09,6,12,6,念ppt课\n\n仪器分析还要做展示 对展示要求也很高。\n\n是我不懂这个老师的上课方式
66455,490,朱岩,2018-01-16 15:18:05,0,3,3,千万不要选朱岩的探究性实验，一人个做事比别人一组的事情还多
80606,490,朱岩,2018-06-28 08:34:27,1,2,1,平常笑嘻嘻的，说自己体贴学生要求低，最后实验给分最差。我求你要求高一点然后正常打分行不行？七八页的实验报告5分给4分真的服气。
99740,490,朱岩,2019-01-25 06:13:03,5,7,2,觉得讲课没有出彩的地方，分析化学的体系也并不完善，逻辑感不强，感觉整节课能记下来的也就是这个仪器那个仪器多么多么地贵……分析化学炸了，感觉自己其实还有很大的提升空间，这也与我自己努力不足有很大的关联。老师板书很不错，偶尔能感觉到肚子里还是有挺深的学问，对待也很亲切，也许是第一次讲分化吧，期待老师的提高。
119331,490,朱岩,2019-11-12 06:01:46,-1,0,1,听歌感觉挺好的
120335,490,朱岩,2019-11-29 00:22:11,4,4,0,逻辑不清楚，跟着ppt念，ppt显示什么就说是什么，前后矛盾也不知道，讲课不清楚，听不懂。总以为有些内容在普化中学过，就不讲了，也不考虑一下我们这些普化没学好的人。有些考试内容也不讲，感觉一直在赶进度，但其实是教的比较快的班了
123905,490,朱岩,2020-06-16 06:24:05,5,7,2,平时认真写作业，考试的a4准备很充分，最后只有3.6的绩点，我也是吐了
131592,490,朱岩,2021-01-28 06:01:19,0,0,0,老师人还不错，只是上课有点无聊。。分析化学上课不需要多听，只要a4纸准备的够充分就行。
132780,490,朱岩,2021-02-03 14:27:45,0,0,0,讲课太水
143778,490,朱岩,2021-12-06 03:45:22,1,1,0,迟到，早退，拖堂，，，没有什么正常的课，上课不知所云。。。
143779,490,朱岩,2021-12-06 03:46:47,0,0,0,念ppt
144532,490,朱岩,2021-12-22 06:06:09,0,0,0,还行吧
146298,490,朱岩,2022-01-06 07:13:42,1,1,0,其实人不错，是课本身无聊又杂
146554,490,朱岩,2022-01-07 02:16:44,4,4,0,谢谢老师，期末复习，别的班同学都在看智云
146556,490,朱岩,2022-01-07 02:26:17,3,4,1,超级好的老师，课程最后帮你复习到位，平时课不点名，甚至不用去，我基本都是在寝室看智云，超级好，很可爱的老师！！！
147083,490,朱岩,2022-01-08 15:25:46,2,2,0,就老师而言，朱老师讲课水平一般，上课挺水的，只念PPT。本学期我全靠自学，跟其他老师的智云课堂学习。PS：期末A4准备好，基本不会太差，最好问你的学长组要。
147087,490,朱岩,2022-01-08 15:35:57,1,1,0,老师不点名，虽然这门课真的很无聊，全靠期末a4纸，但老师会在最后一节课跟你说重点，还蛮好的
147096,490,朱岩,2022-01-08 16:08:00,0,0,0,😅😅😅😅😅
147141,490,朱岩,2022-01-09 01:08:46,0,0,0,老师不点名，上课比较水和无聊（我不知道是不是分析化学就是这样），最后全靠A4纸
147179,490,朱岩,2022-01-09 04:08:59,0,0,0,真的无语
147180,490,朱岩,2022-01-09 04:08:31,-1,0,1,真的无语
147443,490,朱岩,2022-01-10 04:01:03,0,0,0,分析化学，上课蛮无聊，不过不点名不要求到课听讲。这课还是建议听听留个印象，期末老师会画考点，a4好好抄，考试不难，估计我小测太拉了吧最后没上4。
147926,490,朱岩,2022-01-11 07:17:57,1,1,0,朱岩老师的分析化学：1、不点名，从来不管你到没到。2、作业一周交一次，最好对个答案，不然像我这个实诚人就没我室友抄答案作业评分高3、周末小测别忘，过后不补4、由于疫情朱老师好几次上网课迟到，所以遇见老师迟到，纯属正常。
7220,613,陈志春,2015-09-11 06:48:34,6,8,2,特别爽，很幽默
11359,613,陈志春,2015-11-28 18:21:18,6,9,3,很nice的老师，上课风趣不乏互动
21436,613,陈志春,2016-02-29 00:34:32,5,7,2,有时很严格有时很友善
49872,613,陈志春,2018-08-25 03:21:25,1,3,2,老师真的好好啊好好啊
80861,613,陈志春,2018-07-02 05:29:03,9,14,5,陈老师简直不能再好了 特别温柔可爱 很负责认真有耐心 长得萌帅萌帅的 教会了我很多很多
92380,613,陈志春,2018-12-28 06:34:27,2,3,1,老师真的人超级好超级好啊 同学有次因为仪器问题实验一直做到十二点半 明明都饿着 老师让她赶紧去吃饭 自己留下来收拾仪器打扫卫生 我做实验操作经常蠢哭 有一次甚至连实验服都忘带了 老师也不批评我 还一直帮我想办法去别的地方借 实在找不到不得不回寝室拿衣服的时候还提醒我骑车慢一点注意安全 不过老师也是挺严格的呀 讨论课偶尔玩手机也就算了 对躲在后排一直玩手机的同学老师也是会很严肃地提醒的 总之选上他的课是福气呀好好珍惜
94351,613,陈志春,2019-01-16 07:15:22,1,3,2,很温柔的老师！
94411,613,陈志春,2019-01-16 10:42:50,2,3,1,化学实验甲，按部就班3.6，老师很好，无奈正态
94412,613,陈志春,2019-01-16 10:49:10,3,6,3,【普化实验 甲】啊陈老师真的超级奈斯！看到第一眼就是 哇心动的感觉！就 是很儒雅很小只的感觉，萌帅萌帅(//∇//)一般做实验之前会带我们再梳理一遍知识点和实验步骤 前几节课可能更注重你基础操作的规范性，但老师【说】最希望的还是能够培养学生的批判性思维。平时分也基本是助教小哥哥小姐姐打分的叭 助教会换，不好说，但是老师人很好鸭！
94436,613,陈志春,2019-01-16 12:38:39,2,3,1,我就是那个做实验做到十二点半的同学orz 老师真的超级好 非常耐心 特别可爱 为老师疯狂打call！
96539,613,陈志春,2019-01-21 05:47:21,3,3,0,老师很好，给人的感觉很舒服，讲解和指导也很到位。\n\n不过实验课最后3.6，看着别人的4.5 4.8笑不出来。不过给分都是助教的问题吧，和老师也没多大关系。今天一上来就看到老师的评分从9分多降到8分……嗯，看来大家都差不多，唉。
97851,613,陈志春,2019-01-23 00:05:41,2,3,1,普化甲3.3真的不想说什么。每一次都好好预习，实验报告都是4.7，4.8。预习的时候有一个网上测试，一开始老师说那个不要紧，过了就好，不算分。于是我每次都是保证及格。结果成绩出来了就说要算分了，exm？绩杀，千万不要选。
99881,613,陈志春,2019-01-25 09:05:24,2,2,0,助教给分就看脸熟，我就呵呵了
103419,613,陈志春,2019-02-28 04:06:00,1,2,1,喜欢这个老师萌萌的，有耐心
105073,613,陈志春,2019-04-03 06:11:30,0,0,0,讲得很好很幽默，给分是助教的事，分数不高和老师关系不大吧，虽然我也很低就是了
109003,613,陈志春,2019-06-05 09:11:14,1,1,0,老师讲课还是不错的，就是有点迂腐，实验报告必须要求写在专门的纸上，不然要扣超级多分，但是别的大化a实验老师全部没有这个要求呀，我们一个班一半的人都被坑了。。。
120695,613,陈志春,2020-01-15 09:55:32,2,2,0,【普通化学实验（甲）】老师可讲的挺好的，实验过程中也回来看看，有什么错误也会比较和蔼地指出来，也会引导你思考一下原理什么的，给分主要看助教叭，我觉得我的分不错，就是理论考的时候没有好好复习导致卡绩了(ಥ_ಥ)
121559,613,陈志春,2019-12-12 11:52:08,0,0,0,很可爱，很幽默
131489,613,陈志春,2021-01-27 16:58:16,1,2,1,助教，什么鬼d(ŐдŐ๑)。给分就随缘了？求一求还能加分？！
146367,613,陈志春,2022-01-06 10:37:08,0,1,1,老师很可爱，有耐心，平易近人。虽然分数没出，但是老师在我心中仍然是满分！
160623,613,陈志春,2022-09-28 12:22:31,0,0,0,老师真的超好，讲课很细心！
164928,613,陈志春,2022-12-28 00:59:42,0,0,0,上的普化实验甲，老师真的真的很认真很负责，讲课也很细致，有时也很可爱！
165371,613,陈志春,2023-01-03 08:55:03,1,1,0,非常好的老师，给分也超棒
165425,613,陈志春,2023-01-05 02:11:56,0,2,2,非常认真的老师，会教很多东西，事虽然有点多，但老师不卡绩，拿满绩了（95），10分
170224,613,陈志春,2023-03-02 05:28:13,2,2,0,22秋冬 老师和hxjj都很认真负责，也很热情
180892,613,陈志春,2023-09-28 01:51:57,3,3,0,老师很幽默很儒雅很温柔
181221,613,陈志春,2023-10-12 02:26:14,2,2,0,太温柔负责了
184675,613,陈志春,2023-12-22 06:38:19,2,3,1,我的天呐良心推荐，超好的老师，上普化实验的时候会细致讲解每一个实验步骤，有不会的没做明白的喊一嗓子直接呼叫他空降支援，日常称呼我们达瓦里氏，超级爆笑+寓教于乐，最重要的是给绩very very very慷慨！按时交报告然后完成几个睿智级考试就完全不担心出问题的那种\n\n宝藏老师建议收藏
186939,613,陈志春,2024-01-13 16:21:47,2,2,0,老师很好，是我不配。这是我唯一一门认真学习认真听讲的课，但确实绩点最差的一门。老师讲的深入简出，但考试卷子却一言难尽。希望大家多多选老师的课，但一定要好好复习。
188465,613,陈志春,2024-01-19 04:43:20,2,2,0,上课很认真负责，对同学很亲切。化学小白也可以上的普化实验，拿了4.2。
190182,613,陈志春,2024-02-24 12:23:15,2,2,0,讲课有趣，没的说。\n\n对平常做的实验也不会特别要求什么，开心实验就行。\n\n最后PPT会打分（感觉给每个人都挺高的？
192877,613,陈志春,2024-05-31 07:44:32,2,2,0,真的是非常好的老师，上的实验课，老师把理论讲得很好很清晰，还很关注学生的反馈，虽然给分略严（）总体而言比大多数理论课老师讲得还要好。
193055,613,陈志春,2024-06-03 06:41:46,3,3,0,好老师，幽默风趣，指导认真，红外探究实验虽不是他的实验，但他会认真跟踪我们的实验进程，指出我们的不足，给我们补救的方法，虽然很遗憾的是已经太晚了，没有足够的时间去补救了。
197363,613,陈志春,2024-07-11 12:39:57,4,4,0,一句同志们让我热血沸腾
208381,613,陈志春,2024-12-27 09:13:57,1,1,0,陈老师超级好，还会记住同学们的名字，课前讲解也很认真，非常有趣的一位老师。无脑选！！！
209154,613,陈志春,2025-01-05 01:43:52,-2,1,3,矜矜业业上课，经常提问，最后认真复习，拿了3.9，唉(´-ωก`)，不知道分是怎么给的
209162,613,陈志春,2025-01-05 01:24:55,-1,1,2,考试啥都不会绩点也上4了
209185,613,陈志春,2025-01-05 02:56:58,0,0,0,老师真的超级有趣～～
209191,613,陈志春,2025-01-05 03:40:44,2,3,1,老师讲的超级仔细，还会提一些很有深度的思考问题，超级和蔼，但是上课会叫犯困的同学回答问题哈哈哈哈，有一次实验报告交错了，还钉钉联系我补交，交完还在钉钉回答了我预习报告上的问题，超喜欢！实验报告每次都认真写四五个小时，最后期末考试突击到凌晨五点，最后4.8，谢谢老师！！！付出和收获成正比！！！
209218,613,陈志春,2025-01-05 05:25:59,0,0,0,老师人很好，就是绩点笑不出来
209219,613,陈志春,2025-01-05 05:27:25,3,4,1,同志们！
209228,613,陈志春,2025-01-05 05:59:17,1,1,0,超级温柔善良幽默认真负责的好老师，对学生很好，认真学最后拿了4.5（ps我期末考最后一题交卷了才发现还空着。。）入股不亏哈
209234,613,陈志春,2025-01-05 06:49:12,0,0,0,风趣的老师，很体贴同学，很认真的教学
209780,613,陈志春,2025-01-07 17:25:07,1,1,0,陈老师真的上课特别认真，然后平时就实验报告，期中线上考试，(没人管），然后就是期末理论考。\n\n然后真的特别特别感谢助教和老师！！！期末把卷子写满了，但是其实都不太会，但是！老师们把我海底捞了🥺🥺🥺最后绩点4.2感谢助教哥哥！！！感谢陈老师！！！
216348,613,陈志春,2025-03-14 02:18:35,2,2,0,能忍住不给满分的也是神人了
221880,613,陈志春,2025-06-27 04:58:13,0,0,0,大一上的普化实验甲和大二下中级化学实验的探究性实验都是他带的，很有激情很亲和的老师，会给予很多帮助，很鼓励后辈
272,673,张子张,2015-03-14 23:51:36,1,15,14,绿色化学这门课其实跟绿色化学关系并不紧密，更多的时候是社科闲谈会。老师挺哈美，但是也实诚，敢说。最后大家扯扯淡给分还不错的说。
1576,673,张子张,2015-03-22 16:03:39,-1,8,9,上课很轻松愉悦，老师学识渊博，而且可以学到很多东西
4645,673,张子张,2015-06-25 11:31:55,-1,5,6,人好
6672,673,张子张,2015-07-18 04:06:13,-2,9,11,老师和蔼 平易近人 敢说 给分好
11342,673,张子张,2015-11-28 02:56:58,-2,3,5,好老师讲课
13075,673,张子张,2015-12-24 17:32:53,-1,4,5,真的好，思想前进
13393,673,张子张,2017-04-23 10:45:16,54,75,21,如果你期末没有满绩，就把我名字倒过来念！
21866,673,张子张,2016-06-28 00:28:38,-3,8,11,收获人生第一个满绩
21869,673,张子张,2016-03-01 10:38:43,-2,2,4,真是个好老师\n\n
23544,673,张子张,2016-04-05 12:29:09,0,3,3,希望我满绩
23841,673,张子张,2016-04-19 02:41:13,41,49,8,老师喜欢强加给学生他自己的观点，认为国外什么都是最好的，还有不要以为没有论文，都是套路，他会告诉你仅凭展示太难给分。
23875,673,张子张,2016-04-19 11:16:54,23,29,6,上课千万不要说国外坏话，要说国内的各种丑陋现象，不然评分垫底别说我没提醒你\n\n
24673,673,张子张,2016-05-03 04:32:27,-4,4,8,给分不错(*๓´╰╯`๓)♡
24681,673,张子张,2016-05-03 04:53:06,7,11,4,看三观给分的老师。
24703,673,张子张,2016-05-03 06:59:04,-4,6,10,老师好好。真的就满绩了，上课一定要记得多讨论，觉得老师最好的就是老师知道很多国外的东西，知识渊博，偶尔有点以偏概全。不过很开心
24805,673,张子张,2016-05-04 00:37:17,0,5,5,老师是个好老师，说话风趣幽默，上课可以学到不少知识，我受益匪浅！
27529,673,张子张,2016-06-27 02:09:30,-5,6,11,除了男神两个字。。。。我还能说什么？人帅讲课有意思有见地给分好，赶在大一的尾巴选上了新生研讨，上课张老师的课，三 生 有 幸。\n\n
27547,673,张子张,2016-06-27 03:16:08,0,2,2,很好很好！水水的
27549,673,张子张,2016-06-27 03:19:21,5,9,4,额…课不错…就是一开始老师说没有论文什么的都是骗你的！到最后还是写了论文虽然字数不限。挺好的了～
27577,673,张子张,2016-06-27 04:20:25,-1,5,6,挺可爱的…
27633,673,张子张,2016-06-27 05:54:39,4,8,4,求摸摸
28698,673,张子张,2016-06-28 12:29:56,19,23,4,没有满，说什么满绩都是骗人的。非常喜欢国外的东西，对国内的东西有歧视，有时会让学生难堪。
28764,673,张子张,2016-06-28 14:11:31,2,6,4,老师一些观点挺好的，我们应该从不同地方看问题，虽然绩点一般但会有收获
28911,673,张子张,2016-06-29 03:13:04,-3,4,7,很靠谱的一个老师，当然我指的是你不是来学化学的。能跟人聊很多很多东西，感觉世界观都有扩大
32456,673,张子张,2016-07-07 02:39:58,-7,5,12,颠覆三观！浙大老师两类，一类叫张子张。研讨课课堂氛围不错。课前那个叫魔术吗？挺有趣的东西。反正我是学到了点东西。期末没论文？骗你的，突击来一篇。写自己的看法，讲道理不要超过1000字！4.8没满诶，要把老师名字倒过来念了。
35888,673,张子张,2016-11-10 08:43:39,5,7,2,。。没论文 但让我们在秋学期结束后又做了ppt
35967,673,张子张,2017-04-09 23:47:11,-4,6,10,别选！
36528,673,张子张,2016-11-14 14:52:48,0,4,4,听课就像听故事一样，世界观很颠覆，听到了很多以前闻所未闻的观点。
36768,673,张子张,2017-06-16 11:08:33,-3,5,8,满了哈
36927,673,张子张,2016-11-16 14:39:14,18,24,6,听第一节课觉得老师很幽默人很好很庆幸选了这门课。从第二节课开始慢慢觉得这老师有点做作呵呵呵呵呵呵呵呵呵呵呵呵。比较有自己想法的同学慎重吧?
37791,673,张子张,2016-11-21 05:31:16,-1,4,5,挺好的 能知道国外国內的差距\n\n不自欺欺人
37906,673,张子张,2016-11-22 02:40:17,10,13,3,只能说如果自己很有想法被反驳了很难受的而且说话的时候不喜欢毫无理由被打断的同学请慎重…在他的课上你不能有正常的观点 微笑
37973,673,张子张,2016-11-22 12:37:09,1,3,2,老师很不错挺和善的，要求也不高，给分也不错
39643,673,张子张,2017-01-20 07:19:49,1,4,3,课程很轻松，展示好好准备，绝对不会差
39888,673,张子张,2016-12-28 06:20:06,1,5,4,会讲一些自己的留学经历，很厉害的老师，但是对中国的制度经常吐槽。上课发言积极一点，分不会低
49017,673,张子张,2017-03-21 12:37:06,0,2,2,会有很多固执的想法。
49178,673,张子张,2017-03-28 12:16:36,5,8,3,老师太偏激，也并没有礼貌，英语很做作，永远在用自己的价值观来轰炸学生。在国外生活的时间长就对国外什么都懂，然后国外什么都好吗？把国内说的太过黑暗，每次提到社会主义都能感觉到他的不屑。其他还是比较可以，说话风格比较有意思，上课也比较轻松。
50257,673,张子张,2017-05-02 04:39:09,0,2,2,一般般，不写论文是假的！
50260,673,张子张,2017-05-02 04:41:09,2,3,1,我觉得已经很用心了，然而。。。
50263,673,张子张,2017-05-02 05:05:33,1,4,3,个人比较喜欢老师的想法，但是有些强势，给学生灌输思想的感觉。期末会有一个小的思考文章，总体来说比较轻松。
50307,673,张子张,2017-05-02 09:14:34,3,4,1,老师比较哈美，有时候观点比较强势，但总体来说整个课还是比较有趣的，但我觉得学生展示部分太多了，更喜欢听老师讲内容，这个课不仅要做个人ppt展示，还要写一个期末小文章，有点麻烦，但给分还行，毕竟自己满认真了，满?倒是没有，可以选吧
50335,673,张子张,2017-05-02 11:40:09,9,10,1,为了绩点出卖灵魂的孩子们啊，选《基因组化学导论》吧！
50463,673,张子张,2017-05-03 05:09:52,3,5,2,没什么水平，喜欢乱讲，给分全是玄学。没什么意思
50513,673,张子张,2017-05-03 08:41:31,5,7,2,别选    我的分数明显有老师的个人情绪！！！
50549,673,张子张,2017-05-03 11:40:22,-1,1,2,给分还可以
50608,673,张子张,2017-05-04 00:34:09,2,2,0,给分还行吧…但感觉有点随缘，展示之前同学时间多，后面的同学就使劲催你加快，感觉不是很公平
51427,673,张子张,2017-06-05 10:57:00,3,5,2,老师崇洋媚外到极致，爱讲大道理实则非常浅薄。说联想收购ibmpc业务是用国家的钱提升民族自豪感，真是无语了，狭隘到极致
53174,673,张子张,2017-06-26 06:30:29,1,2,1,老师自己也说了，重要的不是他的观点怎样，重要的是如何通过做出一个有reason有insight的判断，个人体会而言，课上确实有一些同学受主流灌输严重
53233,673,张子张,2017-06-26 08:38:34,2,3,1,唉，被正太了，而且老师上课过于偏激
53388,673,张子张,2017-06-26 13:17:51,-3,1,4,大学以来最满意的通识。绩点高 事少 老师有思想 互动好\n\n
53519,673,张子张,2017-06-27 01:43:54,3,4,1,可能是同一个时代的人，我老爸也总有这些想法。
55672,673,张子张,2017-07-02 06:55:27,0,2,2,给分随便 反正我的不好
61837,673,张子张,2017-11-21 07:38:33,-4,1,5,比较好说话的一个老师，上课坐第一排，保证你绩点上4.5，做小组展示最好是最后几节课做，只要老师记住你的脸，你的绩点就会高，蛮美妙的一节课，老师是个见识蛮广的人
61866,673,张子张,2017-11-21 10:13:21,3,6,3,千万别选，上课玄学，给分看脸，崇洋媚外，而且在他的课上一定不能用正常的观点。切记，不考试的课给分一定很玄。。。\n\n\n\n
61977,673,张子张,2017-11-22 04:01:42,0,2,2,完全没作业，课上干啥都可以，绩点也很高，大赞
62240,673,张子张,2017-11-23 10:51:21,-3,1,4,其实事情比较少，老师希望团结我们，无奈未果。很谢谢他。4.5
63841,673,张子张,2017-12-17 11:36:27,3,4,1,给分看心情....反正我很低
64544,673,张子张,2017-12-25 05:38:45,-1,0,1,呵呵哒
78633,673,张子张,2018-05-14 04:27:29,0,3,3,满绩了满绩了！！！
89833,673,张子张,2018-11-21 03:19:45,1,2,1,反正 给分很差
89868,673,张子张,2018-11-21 05:27:20,0,1,1,这给分真滴迷，反正就是我国各种各种非常不好。我承认中国有很多问题，但是真的没有您说的那么不堪哇。\n\n反正因为看法不同我现在靠专业课去拉通识的成绩，就慎选吧
90579,673,张子张,2018-11-24 07:35:03,1,2,1,给分也许是比较迷的我也不好说。听以前上过的同学说老师的课只有一个展示没什么事情但是给分就看脸所以一定要让老师记住你。然而我被分到了第一个组展示，一开始就gg了的节奏。最后的小组展示甚至用起了英文怎么说呢就挺郁闷的吧这种恶竞。所以最后一节课差点就绝望了，但是很好的是老师在最后时刻布置了论述作业，说是只要写写自己的观点就好，因为他觉得有一些同学没怎么发言就不好给分，我觉得这点就真的很不错了吧。最后的给分还不错，也许是欧气，也许是因为不小心当上了组长，也许是因为最后的作业选择了豁出去式的自说自话即认真写了些个人的真实想法。原因我也不好说。不过重点是，老师挺有自己的想法的，也挺和善的，他的课我并没有都认真听过去，但我还是能够了解到一些他想要告诉我们的大小道理。另外的小插曲，教室的椅子有轮子就很舒服。另外另外，毕竟这是一门很多人为了学分而选的课啊。
90829,673,张子张,2018-11-26 10:57:03,1,2,1,第一节课吹了一节课自己的经历
92663,673,张子张,2019-01-17 01:52:49,3,3,0,给分挺好的....嗯
102341,673,张子张,2019-02-01 04:17:22,-1,0,1,完全看展示给分，能让老师记住你的名字分就高，怎么说呢，挺后悔选这个课的，建议展示不是很出色的就别选了
102921,673,张子张,2019-02-25 03:49:35,-1,0,1,如果想绩点高必须要让老师记得你的名字，否则绩点超低！虽然是新生研讨课，但是老师真的一讲就停不下来，让学生发言的机会也不是那么多。感觉绩点真的完全看老师对你名字眼不眼熟，反正我很后悔选这门课，也没学到什么，绩点还超低
104127,673,张子张,2019-03-12 13:02:33,-1,0,1,拖堂，不是一点点
106335,673,张子张,2019-04-26 11:57:34,-1,0,1,辣鸡老师，鼓励恶竞，看人眼熟给分
108370,673,张子张,2019-05-22 05:58:39,-2,0,2,向学生灌输自己的价值观。以自己的人生经历和感悟为依据，过多的用个人喜好评价学生
112238,673,张子张,2019-07-03 23:55:39,0,1,1,真的思想不知道是太先进还是太偏激，看到了传统思维的另外一面，每次上完他的课都很难受，我可能不适合这种挑战三观的课，再来一次绝对不选。
116438,673,张子张,2019-09-10 12:51:16,2,2,0,一个有良知，有温度的老师。
116725,673,张子张,2019-09-14 06:51:46,1,1,0,我记住了decentralization，也会慢慢思考为什么中国是中心化的。好的医疗教育资源总是集中在发达地方，希望大家也可以有所收获。
118159,673,张子张,2019-10-22 02:41:52,-4,0,4,有点反xx和反xx
36737,699,邵海波,2016-11-15 15:57:25,1,1,0,还好，人不错
80859,699,邵海波,2018-07-02 05:27:05,1,2,1,很棒的老师?‍?
82143,699,邵海波,2018-07-07 08:25:47,0,0,0,emmmmm
109974,699,邵海波,2019-06-21 04:35:30,0,0,0,差不多
154861,699,邵海波,2022-06-06 08:27:58,2,2,0,不知道在干嘛
25923,716,曹发和,2016-06-14 10:47:10,10,11,1,曹哥挺萌的比起中间有一次来代课的老师可爱多了o(*≧▽≦)ツ┏━┓拍桌狂笑
29824,716,曹发和,2016-06-30 11:12:40,10,12,2,人好事少，讲得很清楚\n\n
30281,716,曹发和,2016-07-01 07:39:39,8,9,1,人好且萌?老师好人一生平安
51323,716,曹发和,2017-05-31 08:37:33,-9,2,11,上了他的一次大化P的界面法测离子迁移常数，感觉不是很好，有点没事找事
56684,716,曹发和,2017-07-04 09:09:55,7,7,0,认真，是一种风格
57589,716,曹发和,2017-07-10 07:52:43,8,8,0,班主任～
65103,716,曹发和,2017-12-29 01:29:11,1,2,1,老师萌萌哒
65968,716,曹发和,2018-01-10 13:01:49,5,5,0,人好 上课尽力讲的有趣 真的为同学着想
66272,716,曹发和,2018-01-14 12:20:30,4,4,0,超级可爱ớ ₃ờ事情少
70780,716,曹发和,2018-01-27 13:46:00,4,4,0,老师满分啊，这么好的老师去哪里找
70782,716,曹发和,2018-01-27 13:47:01,4,4,0,老师人超级好！！！给分超级好！！！
70783,716,曹发和,2018-01-27 13:47:30,4,5,1,老师讲解很清楚，很萌，给分还特别好
70784,716,曹发和,2018-01-27 13:47:33,5,5,0,超为学生着想，很负责很认真也很有亲和力
70790,716,曹发和,2018-01-28 00:03:14,9,9,0,老师课讲得超级棒呢，很幽默的一个人，有时也会给我们讲一些课外的东西，真的超级棒啦～重要的是给分也很好！
70811,716,曹发和,2018-01-27 14:17:26,2,2,0,老师讲课幽默风趣，关键给分还好
70820,716,曹发和,2018-01-27 14:35:13,3,3,0,老师超级萌啊，会讲故事会关心我们
70876,716,曹发和,2018-01-27 16:11:40,5,5,0,彭神的书上到他这个程度也是很不容易了\n\n超萌超有责任心的\n\n哇咔咔
70903,716,曹发和,2018-01-27 23:43:50,3,3,0,条理清晰，蛮幽默的
72347,716,曹发和,2018-01-30 02:40:36,0,1,1,老师超级可爱，超级认真，他的雾化是我唯一没睡过的课了
72366,716,曹发和,2018-01-30 03:27:40,4,4,0,超可爱超可爱超可爱*^o^*大概是预料到我们很有可能会在物化课上昏昏欲睡，会在课堂中适时地说一些八卦☯来活跃气氛。仔细听课的话会发现老师的逻辑还是很流畅的（hhh老师不会念希腊字母的梗也超好笑，不过他好像回去恶补了一通）。就我而言，认真听了课的章节比自己啃书要更有效率，在理解上也会更透彻一些。曹老师是这学期最喜欢的老师之一，另外一个是周黎明老师！（在这里打周老师的广告是不是不大合适……）
72369,716,曹发和,2018-01-30 03:42:22,1,2,1,好！就一个字不多说，另外老师很可爱hhh
72562,716,曹发和,2018-06-14 13:10:53,2,2,0,谢老师不挂之恩\n\n
73852,716,曹发和,2018-02-03 08:59:03,5,5,0,超级好老师 萌萌的 平易近人 有很多自嗨的梗 喜欢找话题和学生拉近距离 \n\n物理化学经典语录\n\n上课前：“今天我们要把第xx章讲完！”\n\n快下课了：“还有几分钟下课？”....“糟了，又讲不完了！”\n\n“你们平时不预习也不复习，回去都干些什么去了？”\n\n“这部分内容又很多文字叙述，讲得很清楚，大家回去自己看吧......”\n\n“你们考试周一天能睡几个小时啊，四个小时有吗？”
77947,716,曹发和,2018-05-09 02:41:56,2,2,0,为啥物化习题研讨是均绩2.93，?
88890,716,曹发和,2018-11-12 00:09:14,1,1,0,挺刻薄的
94964,716,曹发和,2019-01-18 13:56:56,1,1,0,非常棒
115300,716,曹发和,2019-07-18 05:00:03,1,1,0,电化学之狐
31021,803,林旭锋,2016-07-03 06:22:19,0,0,0,人很正直，治学也一丝不苟。可能有些同学会觉得他太严厉，要求太多。但是我觉得这样其实都是为学生好。
87810,803,林旭锋,2019-07-05 03:56:10,0,4,4,垃圾老师
102978,803,林旭锋,2019-04-01 00:59:51,0,0,0,听不懂
104543,803,林旭锋,2019-03-23 06:11:33,1,1,0,口音重，内容说得不清晰，会给一些之前的考试题，但没有答案\n\n
108424,803,林旭锋,2019-05-24 01:01:56,0,0,0,没人评价？
108555,803,林旭锋,2019-05-28 11:13:06,2,3,1,口音稍微重了一点，但也没有太大的关系……上课有时候会点同学回答问题，比如说判断一下手性碳的S或R，讲一下有机合成的步骤等……以练促学，是一个挺有责任心的老师了。反复跟我们强调人名反应的重要性！
108669,803,林旭锋,2019-05-31 00:04:59,7,10,3,交作业算点名。期中测试隔位子坐。其实还好，上课容易跑题讲故事。上课会叫人回答问题，但好好听的话会答出来的
109397,803,林旭锋,2019-06-14 00:58:12,3,3,0,老师讲课还是挺有趣的，课件也会给，上课好好听，下课再看着课件复习一下，学起来没啥问题。听课暗号002001
109517,803,林旭锋,2019-06-16 07:29:45,2,3,1,课上的肯定是没有边边之类的九分多化学老师好的。但林老师为人正直，关心学生的学习状况，对待问题也比较耐心，喜欢给学生拓展（虽然他并不知道应该怎么拓展），基础较好的同学可以考虑。
110328,803,林旭锋,2019-06-25 16:07:13,0,0,0,笑嘻嘻
111515,803,林旭锋,2019-07-02 00:20:29,2,2,0,上课很明确的告诉你哪个是一定会考，是很重要的。经常会讲课堂之外的事，很有趣。有时候会点人回答，不会也没关系，会一步步教你的。群上会解答问题，课前来的比较早，也可以问问题，考前有面对面的答疑。出分时间算正常吧，挂了的卷子会在帮你看看的。助教xjj也很好。
111521,803,林旭锋,2019-07-02 00:55:33,4,4,0,平时思路不太清晰听不太懂，期末复习时的整理很给力
111593,803,林旭锋,2019-07-02 05:42:08,0,0,0,期末会给整理复习，重要人名反应和合成题思路都有ppt，很负责了
111957,803,林旭锋,2019-07-03 04:24:17,1,1,0,讲得一般，给分挺好的。
119800,803,林旭锋,2019-11-16 01:31:21,1,1,0,有提问
187455,803,林旭锋,2024-01-16 07:59:32,4,4,0,高等有机化学上课么很难，还有期中考试，期末考又很难，最后给分又很低，和其他选修课相比性价比实在很低。没必要选
217708,803,林旭锋,2025-04-15 10:47:25,1,1,0,就探究性化学实验此课而言，1分。\n\n做实验的时候有时会在你旁边讲一些与实验无关的东西，感觉很功利，没有雷老师和顾老师接地气
63249,823,姚波,2017-11-29 12:26:36,-20,5,25,垃圾得不能再垃圾，事情最多，给分最低
127687,823,姚波,2020-11-26 00:21:24,-19,4,23,无聊，上课巨无聊。\n\n上课还喜欢整几个英文单词，完了还不解释，无语\n\n扯到别的学科的时候，认识还停留在几十年前吧
128362,823,姚波,2020-12-21 08:53:47,35,38,3,大概弄明白为什么她上课就是读PPT了，不是她水平不高，而是她水平太高了。她的评论这么少的原因是她是硕士生导师，很少给本科生上课。就像让现在的你去教小学数学，你不读PPT还能怎么上。另外吐槽她对生物学的认知还停留在几十年前的人麻烦查一查，她发的SCI论文研究的就是细胞中的DNA作用机理。
130062,823,姚波,2021-01-27 03:00:46,2,4,2,挺好的老师。
130132,823,姚波,2021-01-18 13:17:40,5,5,0,还好吧
131261,823,姚波,2021-01-27 01:17:35,7,7,0,老师很好很可爱，上课、答疑都很认真，水平也很高，分差是你自己的原因
131344,823,姚波,2021-01-27 07:04:20,-8,4,12,老师上课只是读ppt的内容，并且ppt内容和书上是一摸一样的。\n\n老师一开课的时候就说了，不想听的话可以直接不来自学。\n\n本人是上课认真听讲的，说实话经常会出现听不懂的情况，然后课后靠自己看懂的。\n\n不过布置的习题还是不错的，能把所有计算题的知识点包含进去。\n\n最后的A4纸好好抄！\n\n本人4.8，感谢一下姚老师
131566,823,姚波,2021-01-28 04:38:04,9,10,1,老师很可爱，虽然我这学期几乎翘掉了所有的课，期末靠自学，虽然没上4，但是还是感谢老师的辛苦付出吧。
135611,823,姚波,2021-05-17 03:23:59,8,8,0,姚老师是我导师，我是上了她的生命分析课以后决定去她课题组的，个人很喜欢她上课的风格，性格也很好！\n\n再回答一下评论区的问题，清华博士，水平肯定有，她以前就是做PCR检测的现在做外泌体癌症分析（给我们组打个广告(*^▽^*)。说听不懂可能是因为之前没有接触过这方面内容，生化的内容真的很多，第一次接触生化肯定是听不懂的（我之前上过生物化学），所以不推荐把高等生命分析作为生物“启蒙课程”！
141169,823,姚波,2021-09-25 13:06:47,5,5,0,老师人很好，讲课答疑都很认真，上课不点名，因为老师说过有些学生可能更喜欢自学，给大家自由选择的空间。上课认真听，课后再好好看看书，自己消化一下，老师还会不定期给出一些习题，成绩不会差。
142725,823,姚波,2022-01-10 13:29:35,9,9,0,自学爱好者给姚波老师打个10分！！姚老师真的太好了吧呜呜呜\n\n\n\n来个后续，虽然因为自学，好多内容没有很好滴掌握，但是姚老师还是给我捞了起来！！本来以为最高3.9了，结果姚老师以一己之力硬生生给我捞到了4.5...呜呜呜快选她！绝对不亏！
143706,823,姚波,2021-12-02 05:32:32,2,2,0,好温柔哦
147196,823,姚波,2022-01-09 05:11:43,4,4,0,还没有出成绩，但一定要给老师打个10分！老师很温柔耐心，会尽力回答同学们的问题，讲课也很清晰！老师值得9+
147387,823,姚波,2022-01-10 02:04:38,8,9,1,我不是老师班的，但是一直在蹭老师的课，疫情的时候蹭室友的网课，太爱老师了，讲的很好很通透
149299,823,姚波,2022-01-15 04:22:53,2,2,0,上报纸了
160584,823,姚波,2022-09-27 12:07:25,1,1,0,上过姚老师的生化分析，讲的特别清晰，只有小测没有期末考试，给分高，人特好
160586,823,姚波,2022-09-27 12:17:53,1,1,0,感谢老师给我提到4.5了 真的感谢老师啊！！！话说老师好温柔啊
164597,823,姚波,2022-12-22 05:52:44,1,1,0,老师人很好，什么事情都提前说明白，而且可以看出来老师真的尽力在让课堂有趣起来，还有到点就下课，真的爱了
165537,823,姚波,2023-01-08 05:55:16,4,4,0,姚老师特别特别特别好!!!!!她是真心想捞我们的！她太努力了呜呜呜，她还帮没来得及申请缓考的同学填成待录，之前有同学没来参加小测，她还加了一个补测，第一节课的时候她就说因为有的同学可能已经会了，所以她所有的课都不点名了！人还特别温柔，讲课耐心有重点，讲得很清楚，语速也不快。老师家里有事也没找别的老师代课，自己录好了上课的视频。总之就是太爱了！！！疯狂打call！！！
166653,823,姚波,2023-01-13 07:20:48,3,3,0,我爱姚波姐姐，很温柔很体谅人的一个老师，虽然课程组在跨年小测让我很不爽
166739,823,姚波,2023-01-13 11:28:16,0,0,0,老师很温柔很负责任也很体谅学生😭
166884,823,姚波,2023-01-14 06:14:50,1,1,0,吹爆姚波姐姐！上了姚老师的分析化学，感觉上完分化来打分的人多一点老师分还会更高。老师超级好，给分不错，业务能力是没得说的，而且每个知识点都会告诉你这只需要了解还是要求掌握，期末会梳理目录，会整理每个题型对应的知识点还会发例题；而且人超温柔非常负责任，经常会发一些问卷问学生上课速度快不快课后题有没有都弄懂，是真的在认真上好每一堂课。是进大学后见过的最像“老师”而不是“讲师”的人。plus这两天肉眼见老师评分上9，一定是班上同学都来打十分了吧！
166968,823,姚波,2023-01-14 12:07:51,1,1,0,超级超级好的老师。非常敬业，力排困难给我们上课。非常民主，小测时间上课进度都会发问卷让我们评价。上课详细，答疑耐心，给分很好，课题组吸引人，选就对了。
168066,823,姚波,2023-01-25 07:02:08,2,2,0,好！\n\n很好！\n\n非常好！
169345,823,姚波,2023-02-25 13:02:01,4,4,0,表白姚波姐姐，给分超好，上课超详细，特别认真负责！！！
173548,823,姚波,2023-05-28 14:35:05,1,1,0,夏学期选姚老师的分析化学课，现在还在上，先给老师来打个十分。老师真的很好。对学生很有耐心，还会给我们答疑。点名没有，类似点名的形式是课堂互动，只要你在学在浙大上做就可以了。
202273,823,姚波,2024-11-11 06:26:35,-11,0,11,我寻思着班会都不在周末办让大家周末休息休息，晚上10点搞单元测试几个意思？不能早一点么
208666,823,姚波,2024-12-30 14:19:13,4,4,0,10点小测是分化课程组的决定，不是yb本人的决定，yb已经算分化课程组里很好的老师了，这个问题应该归咎于分化课程组里其他人不当人，以及很多同学空闲时间较难统一的问题吧（当然后者也很难服众，毕竟概统小测晚上九点半就能开始）
208728,823,姚波,2025-01-01 01:24:04,3,3,0,讲课不错，作业少，元旦还发红包诶
209774,823,姚波,2025-01-07 05:00:20,1,1,0,作业少，钉钉问的问题很快就能回答。非常负责的一位老师。
209783,823,姚波,2025-01-07 05:55:39,1,1,0,特别好的yb老师
209807,823,姚波,2025-01-07 06:51:39,0,0,0,线上小测但大概率找不到原题，结合ai的时候大家请谨慎因为ai有时候很笨，朋友纯ai甚至小测就只有60-80。老师管的算松的，一学期点了两次名是雷达点名，苯人就懒得去线下但有内应所以拿满了分。半开卷考试其实平时课重要但期末补天也不是不行，建议提前一周做好A4纸，最后一周刷历年卷并补充。但最后被卡绩了有点小难受，感觉不会太捞（应该也没法捞，没什么主观分好像），但就差一分上4.5还是有点难受的。
209971,823,姚波,2025-01-07 15:16:45,0,0,0,吹爆yb老师！！！钉钉问问题回复很快而且很有耐心 还是语音解释，每节课过后也会总结重要知识点还提供额外练习（自主选择要不要做）而且给分很好爱了爱了
210936,823,姚波,2025-01-10 08:04:38,0,0,0,老师整个学期下来也就点了两次名，超好的。钉钉上上私信她一些问题也秒回，作业也很少，只能说很赞。
217379,823,姚波,2025-04-09 08:06:01,0,0,0,认真听了老师的生物分析化学之后觉得实在是太强了，不仅清晰还深入，非常幸运能够听到姚老师的课
649,915,林贤福,2015-03-15 10:09:56,-1,10,11,有思想，有责任心。
1510,915,林贤福,2015-03-22 08:55:34,-8,8,16,给分比较好
1616,915,林贤福,2015-03-23 02:11:08,25,36,11,给分真呵呵，讲课就一个标准理科生
4675,915,林贤福,2015-06-26 04:11:03,5,12,7,呵呵
6263,915,林贤福,2015-07-14 04:55:33,0,7,7,垃圾
6964,915,林贤福,2015-08-23 09:55:06,-9,6,15,不错
7794,915,林贤福,2015-09-15 13:29:35,-1,1,2,啊哈哈
7795,915,林贤福,2015-09-15 13:30:11,-5,5,10,好
7797,915,林贤福,2015-09-15 13:30:31,9,17,8,垃圾
9667,915,林贤福,2015-11-04 05:32:41,-7,6,13,老师是挺有想法的老师，能学到真正有用的东西。
9889,915,林贤福,2015-11-12 02:52:16,2,7,5,无趣把啊
10881,915,林贤福,2015-11-23 08:09:28,-1,2,3,........
10949,915,林贤福,2015-11-23 12:13:38,-7,5,12,挺好的 给份儿也挺好的\n\n
10977,915,林贤福,2015-11-23 14:52:26,9,18,9,无聊到死
10978,915,林贤福,2015-11-23 15:03:04,2,5,3,呵呵呵
10982,915,林贤福,2015-11-23 15:02:44,42,70,28,这老师不错 我上课认真听 作业认真做 考试也尽力了 最后只有1.7的绩点是我自己的问题 老师不错的
10984,915,林贤福,2015-11-23 15:03:43,-2,6,8,老师真的很好
11068,915,林贤福,2015-11-24 04:42:00,1,4,3,呵呵^_^
11104,915,林贤福,2015-11-24 11:31:47,3,6,3,我就是呵呵。。
11105,915,林贤福,2015-11-24 08:01:04,1,7,6,虽然讲课听不太懂，但他确实是个很投入很负责的老师。上课水水，考试认真一定要复习课本。
11303,915,林贤福,2015-11-26 12:18:45,3,8,5,奇妙分子上课一点也不奇妙，给分也不好
11708,915,林贤福,2015-12-12 03:31:14,0,4,4,很不错
11791,915,林贤福,2015-12-15 12:04:31,0,3,3,和颜悦色
11874,915,林贤福,2015-12-20 02:27:57,-2,0,2,b了个\n\n
12331,915,林贤福,2015-12-23 03:46:56,20,24,4,，书上的化学式一定要仔细看过，做好标记，不然考试会很惨，考试开始的几题不要写太多，简要就好，时间一定要抓紧，否则会来不及
12806,915,林贤福,2015-12-24 05:41:43,0,6,6,呵呵哒，最后考试卷子出的乱七八糟，他的语文老师是体育老师教的。以至于有个2.5以下绩点的，话说我从来没有不签到，也没不交作业
12891,915,林贤福,2015-12-24 07:40:42,0,1,1,奇妙分子认真做作业了，给分挺好。上课略无聊，有些不大好笑的段子
13056,915,林贤福,2015-12-24 16:11:08,0,4,4,非常好的老师
13148,915,林贤福,2015-12-25 03:22:03,13,17,4,每节课都是要签到的，说好的做报告就给高分，结果被逗了。
13173,915,林贤福,2015-12-25 04:25:58,-2,1,3,就是给分差
13715,915,林贤福,2015-12-30 11:38:03,0,3,3,挺好的啊~\(≧▽≦)/~\n\n
14419,915,林贤福,2018-01-10 05:16:22,3,7,4,奇妙分子讲得挺有激情的
16031,915,林贤福,2016-01-17 04:53:47,0,4,4,给分实在很好，要做PPT，精彩的地方他会指导哦！
17230,915,林贤福,2016-01-20 02:17:11,3,6,3,喜欢讲化学史，作业很少。最后考试也不是很难，但是不知道为什么绩点不高
20909,915,林贤福,2016-09-16 14:17:03,-4,0,4,嬲****
21481,915,林贤福,2016-02-29 03:31:38,-4,5,9,给分超级好，别信那些评论
21721,915,林贤福,2016-03-01 01:50:23,-1,3,4,给了四点五谢谢
25149,915,林贤福,2016-05-06 08:39:20,5,5,0,给分不好，不建议选
25150,915,林贤福,2016-05-06 09:06:50,5,5,0,给分差\n\n
25156,915,林贤福,2016-05-06 10:56:09,1,3,2,给分还是不错的 ，老师上课挺用心。
25196,915,林贤福,2016-05-07 13:13:17,-2,1,3,好老师。
25262,915,林贤福,2016-05-09 05:14:57,2,4,2,化学生物学导论真是无聊透顶！整天跟几个医学生玩单机，讲个什么东西要么是不确定的要么是错的！告诉我这门课是不是来搞笑的？
25324,915,林贤福,2016-05-14 13:26:50,2,2,0,从不缺席，上课积极，然而给分巨坑
26395,915,林贤福,2016-06-17 15:35:26,1,1,0,。。。\n\n
26710,915,林贤福,2016-06-21 03:06:38,2,3,1,没用，给分低
26824,915,林贤福,2016-06-21 07:56:38,7,10,3,老师挺和颜悦色的，每节课签到，讲课会提问，不感兴趣的会觉得无聊，PPT要认真做，最好能交三次，至少两次，老师提PPT建议时要认真回复。考试要单独列出重要物质化学式，帮助会很大
27874,915,林贤福,2016-06-28 02:19:21,2,3,1,无聊。。
29150,915,林贤福,2016-06-29 09:56:09,6,9,3,每节课都签到，上课就是把书上的内容讲一遍（用ppt）还让学生回答问题，没看过书就答不出，因为问的都是书上的内容，问了跟没问一样。没什么吸引力，自己看看书就当科普吧，教学方式没创意，学生参与率不高，要不是个别同学有展示，不然跟填鸭没什么区别。内容都是比较专业化的，比如青霉素的机理，，真的不适合做通识课，还不如讲讲化学发展史。吐槽完了，讲讲好的，展示我是没轮到，失去这么个机会也是蛮可惜的，不乏有表现得很好的同学。总之，没轮到演讲上这节课就什么意思了。
29985,915,林贤福,2016-06-30 16:01:44,2,4,2,垃圾。
30685,915,林贤福,2016-07-02 08:09:37,-2,0,2,三个字
39771,915,林贤福,2016-12-27 12:05:16,0,4,4,会学到很多科研方面的知识做人道理，这种道理不是说书本上学得到的，受益匪浅。老师人很好，很负责，平和幽默。
40460,915,林贤福,2017-12-28 09:37:21,11,12,1,老师上课不错，但是给分不太好，我课上做了展示，并且修改了4次，和老师通过邮箱交流了很多，卷子都写了，但是给分不太好，有点出乎意料。。。
42483,915,林贤福,2017-01-14 09:26:39,-2,2,4,不错的吧，自己好好复习。
47068,915,林贤福,2017-01-23 13:40:06,2,5,3,人挺有气质，也很会和同学交流，但给分不行，付出与回报不成正比，想想你追求什么再决定选不选他的课
47077,915,林贤福,2017-01-23 14:27:14,6,7,1,给分不怎么好，感觉不公道
47078,915,林贤福,2017-01-23 14:27:40,3,5,2,本来以为是一门充满趣味的理科通识课，可以科普一些知识之类的（没错我是文科生），然而老师讲课基本上只有理科生才能听懂，真的很无趣。如果有人要讲说，是我自己不好好听讲之类的我也无话可说啦，毕竟这种无聊的课我还真的听不下去。感觉自己浪费了学分浪费的时间啊……给分也不客气！
47106,915,林贤福,2017-01-24 00:50:14,-2,1,3,给分其实还可以。老师也还可以，挺认真负责的。绩点的话，上课认不认真其实没什么关系，主要在于PPT展示要做好，别在百度上复制复制就算了，稍微去查点文献;然后考试前书翻一翻，那些书上的分子熟悉熟悉就差不多了。我觉得给分比那个化学与人类文明好多了！！！
47108,915,林贤福,2017-01-24 01:22:46,6,7,1,处分慢，给分差，上课无聊，如果不是对化学有浓厚兴趣的别选
48837,915,林贤福,2017-03-14 10:07:59,6,8,2,萌新瑟瑟发抖啊，看了评论......都怪自己非洲脸选不上好课。唉，后面来的非洲人记得上课前手机电脑什么的多充点电吧。
50842,915,林贤福,2017-05-06 13:43:53,2,4,2,出分至少一礼拜，给分可以的。给点tips吧：课程有签到，作业一定要新颖一些，争取展示资格，多多修改；考试的话，开卷书翻翻熟。（撇开成绩，老师人挺好的呀，据说是博导哦，但课上学生积极性不高，心疼。希望以后的学生能积极参与吧）
50960,915,林贤福,2017-05-10 07:14:49,1,2,1,有点无聊，喜欢点名回答问题，绩点还行，只要买旧书的时候选一本笔记多一点的就好
52263,915,林贤福,2017-06-16 15:11:12,-1,1,2,很好啊
57368,915,林贤福,2017-07-07 04:28:16,1,2,1,老师挺好的。就是我课上积极发言，课下报告及时交，ppt按老师意见反复修改，展示时回答了问题，开卷考也认真复习，卷子不难，都仔细检查了。是我做的实在不够，让老师为难了，只好给我一个很合理的分数。（笑）
57931,915,林贤福,2017-07-18 00:04:06,1,2,1,给分低
61132,915,林贤福,2017-11-09 02:22:47,3,3,0,老师人还是非常好的，发给他的ppt都会认真看，然后给你改进意见。上课的内容比较无聊，但也可以当放松来听，其中听他讲一些物质的偶然发现过程也是挺有趣的
63368,915,林贤福,2017-12-01 23:33:36,1,4,3,老师准备的很认真，知识渊博(毕竟科研一线教授)。本来这门课(奇妙分子)的主要目的就不是科普，而是以几种分子的发现为切入口，教给我们什么是科研素质。我觉得很适合大一理科新生听(文科最好别选，毕竟专业性蛮强)，可以转变一下高中考试型思维。\n\n另外，就考核方式。没有点名，只有ppt展示和开卷考试。ppt认真做，和教授多邮件交流，争取展示机会(教授会很认真的给出修改意见，甚至比你ppt里写的字还多)。考试开卷，最好买一本旧书。笔记多一点。(最后4.8)
63378,915,林贤福,2017-12-02 03:19:11,0,1,1,绩杀，真心绩杀，如果不是近化类专业的建议别选，硬生生拉低绩点，上课巨无聊，考试巨奇怪 ，给分巨无情
63403,915,林贤福,2017-12-03 05:17:40,1,1,0,课跟化学关系不大，作业可以随意些，考试前看一遍书，于是绩点也就比三多一点
63487,915,林贤福,2017-12-05 04:43:39,-1,0,1,上课内容有点无聊 但老师很用心
63619,915,林贤福,2017-12-10 02:20:18,0,1,1,课比较水\n\n然后出分要一到两个星期\n\n考试前认真看一遍书就可以了\n\n给分还不错
63842,915,林贤福,2017-12-17 11:41:18,1,1,0,给分也太惨了点...我的绩点啊（哭
64374,915,林贤福,2017-12-23 05:09:46,-3,1,4,老师人很好，也很认真负责，PPT有什么不足都会以邮件形式告诉你让你修改。最后期末是开卷考，尽量在书上找吧。我最后的给分也是超高近乎满绩，直线拉高了我被创业基础拉低的绩点。总之我很喜欢这个老师，不知道为什么他的评分这么低。上课主要就是听故事，我上课的时候比较水，最后考试认真，一开始要上交的PPT认真，我觉得绩点应该不会太低。
73363,915,林贤福,2018-02-01 12:19:29,-2,2,4,老师很认真的，基本上课前半小时就跟我们聊起来了，上课虽然都是一些专业知识，认真听听还是会收获很多的。最后是要做一个ppt，一个开卷考试，考试的诀窍就是手速快，因为根本抄的来不及…如果ppt上去展示可能会加分吧，虽然我没展示也有4.8了，可能是手速比较快吧?
76660,915,林贤福,2018-04-17 12:54:34,-1,0,1,很没劲\n\n
78726,915,林贤福,2018-05-15 01:02:37,1,1,0,讲故事的课，给分不太好
120266,915,林贤福,2019-11-26 15:25:48,0,0,0,给分超级低，刷新三观的低！！！
3832,920,刘迎春,2015-06-17 05:46:31,26,34,8,老师讲得很认真，老师也很勤劳，作业落实得很好，我觉得是好老师
4212,920,刘迎春,2015-06-18 06:30:23,-8,12,20,老师科研水平，教学水平均差，给分也不高，平时作业要好好做才行。
7094,920,刘迎春,2015-09-02 00:43:10,-1,3,4,很好，认真负责\n\n
14199,920,刘迎春,2016-01-05 09:09:37,21,29,8,老师工作态度很认真，作业也落实到位，但讲课还是让人抓不住重点…
16398,920,刘迎春,2016-01-18 04:54:15,2,7,5,老师很温柔很负责，还另抽时间给我们讲作业
16406,920,刘迎春,2016-01-18 05:02:43,-1,3,4,良心老师
16648,920,刘迎春,2016-01-18 15:26:17,13,24,11,我就一句话：全寝室4人她的课，最低是我4.2学分。
16649,920,刘迎春,2016-01-18 15:28:51,-2,5,7,很认真的老师，普化绩点也还不错，很感谢老师的付出
23504,920,刘迎春,2016-04-02 03:13:10,0,4,4,认真负责，人很和气。
25471,920,刘迎春,2016-05-21 10:41:26,4,10,6,肯定是好老师，但是跟很多老师的好法不一样，有点类似中学老师。如果不能忍受事无巨细的作风，就不要选她的课。大家也可以百度一下她当班主任时候的事迹。
33539,920,刘迎春,2017-01-13 12:01:29,-1,4,5,呃呃呃呃呃
33600,920,刘迎春,2016-09-20 08:15:57,12,19,7,老师挺温柔的，但是不太幽默，讲课声音大但是没什么激情。我个人不太喜欢
34139,920,刘迎春,2016-09-27 11:46:59,-1,4,5,很负责
34843,920,刘迎春,2017-01-18 07:59:42,1,3,2,老师很负责很认真很细心，真的超棒棒!
36078,920,刘迎春,2016-11-10 11:40:13,4,6,2,不是化学相关专业的千万别选，这课是很需要认真学的，基本就是主课根本不是通识。而且感觉评分虚高，这个老师确实人很和蔼对学生很好，但课讲的不怎么样，自己经常讲错
37214,920,刘迎春,2016-11-18 02:19:42,-1,3,4,负责，有辅导和课外拓展，能与实际关联。喜欢
40115,920,刘迎春,2017-01-18 10:10:24,-2,1,3,给分好
40882,920,刘迎春,2017-01-06 05:08:01,-2,1,3,老师很好啊，讲得课不错虽然基础差的偶尔听不太懂……
41699,920,刘迎春,2017-01-12 11:15:23,-1,3,4,老师人挺好的，不过知识讲不清楚，可以拿绩点，学知识就不要了
41808,920,刘迎春,2017-01-12 18:10:23,0,3,3,温柔体贴 会给人鼓励\n\n理论考之前还抽时间带我们复习\n\n这样的好老师还有什么要求吗
42004,920,刘迎春,2017-01-13 11:54:37,3,6,3,讲课一般，但老师人真的很和蔼很温柔，十分有耐心，大爱
44747,920,刘迎春,2017-01-18 07:54:42,1,2,1,呵呵呵
44829,920,刘迎春,2017-01-18 10:21:02,1,1,0,棒棒哒\n\n
44951,920,刘迎春,2017-01-18 15:07:44,0,3,3,普化。。。其实基本靠自己认真学还是可以拿高分的。
46515,920,刘迎春,2017-01-22 01:37:58,-1,0,1,喜欢听老师讲故事，上课就算了。。。
47187,920,刘迎春,2017-01-24 10:59:20,1,1,0,一学期就那么预习了一晚上。。。给过了。。。
49877,920,刘迎春,2017-04-26 16:58:28,1,1,0,实验课不错
59664,920,刘迎春,2017-09-25 12:50:49,0,1,1,老师很好啊 ～ 很清楚…
59669,920,刘迎春,2017-09-25 15:11:57,8,10,2,老师超棒！很耐心细心的一个老师，特别温柔，讲课一直面带微笑，有不懂的地方她会一直讲到你懂，讲很细，并且当你懂了的时候她也会露出很欣慰的笑容！
60263,920,刘迎春,2017-10-16 06:13:35,3,5,2,知识点讲不清楚…作为一个化学基础较差的，感觉自学好一点，上课找不到重点学不到东西orz。但是感觉人很好，也很温柔……
61000,920,刘迎春,2017-11-07 00:05:57,-1,2,3,良心教师 给我们讲普化讲得很细 感觉可以秒变学霸
62893,920,刘迎春,2017-11-27 09:40:55,1,2,1,很好的老师o(^o^)o
64195,920,刘迎春,2017-12-21 09:58:29,18,22,4,老师水平不怎么样…好多次讲道题自己都卡了都绕进去了……但是的确很负责会讲解错题  会问我们听懂没有。但是实在…水平不够 有几题她自己都绕进去了然后想强行解释，后来就不了了之。
64932,920,刘迎春,2017-12-28 03:50:56,1,1,0,很好的老师 值得推荐！
66522,920,刘迎春,2018-01-17 06:50:31,0,0,0,zsbd
68175,920,刘迎春,2018-01-22 16:32:14,2,4,2,老师超级认真 像回到了高中一样 讲课特别细致\n\n
68191,920,刘迎春,2018-01-22 17:10:52,0,2,2,很棒的老师o(^o^)o会很仔细的讲题，上课也很棒，说话的语言很有文采！！
68402,920,刘迎春,2018-01-23 06:41:16,0,1,1,老师挺认真挺耐心的，讲的很细人也很好
71517,920,刘迎春,2018-01-28 14:34:43,0,2,2,(普通化学)上课讲得挺详细的，就是有时候找不到重点，作业有时候会按照错误的答案批
73626,920,刘迎春,2018-02-02 06:51:40,6,8,2,老师上课还不错就是有时候会把自己绕进去...导致了一些知识点我自己花了好大劲才弄懂。但是老师人还是不错的讲解很耐心，还有考试错误整理。
74065,920,刘迎春,2018-02-04 16:28:29,6,8,2,这低分是给助教打得。我平时作业基本满分，测验也是对的，怎么着到了您手上就没分了呢？别人家助教平时分给95，这助教绝了，给个80，就冲这助教，我还是建议你们别选，不如考虑考虑其他老师，至少平时分这块没这么坑。
78178,920,刘迎春,2018-05-10 01:15:41,0,0,0,堪称绩好
82107,920,刘迎春,2018-07-07 06:27:20,0,2,2,人很好，也很好沟通，大化P认真负责
90291,920,刘迎春,2018-11-23 03:36:45,-5,9,14,先吹自己教出了跟诺奖擦边的学生。讲课讲的真的垃圾，不知道在讲什么也没有条理，讲题目也讲不清楚，也不准时下课。这老师绝了
96891,920,刘迎春,2019-01-21 11:57:50,2,2,0,细致认真。一直到你懂了为止。特别和蔼可亲。分给的很公正！(是不是因为今年助教比较好嘿嘿)
96893,920,刘迎春,2019-01-21 12:00:59,0,0,0,唉\n\n我太渣
96898,920,刘迎春,2019-01-21 12:02:21,4,4,0,上课不太有意思，但是最后让全班都过了，对学生绝对是好的，老师很和蔼
96910,920,刘迎春,2019-01-21 12:16:13,3,4,1,刘老师真的是我见过最优雅最博学的化学老师了。评论里说的找不到重点在一定程度上有，但是我觉得和普化这门课的学科特点也有关系。个人觉得老师还是非常认真细致的，下课问问题可以认真解答到一点半。但是普化这门课重点还是在自己学罢，多看看课后题（我是没刷历年题绩点爆炸的菜鸡）绩点渣还是得怪自己吧。顺便吐槽为什么期末考这么难嘤嘤嘤(ಥ_ಥ)
96957,920,刘迎春,2019-01-21 13:23:49,0,0,0,老师很好，很温柔，上课很仔细，怪我考砸了，拉低绩点
97046,920,刘迎春,2019-01-21 15:16:59,4,5,1,反正靠自己 笑笑不说话
97160,920,刘迎春,2019-01-21 22:51:39,2,2,0,老师人很好，解答问题很细致，怪我太渣
98991,920,刘迎春,2019-01-24 06:32:12,0,0,0,老师是好老师
104028,920,刘迎春,2019-03-27 09:51:33,0,1,1,唉，老师是好老师，是我太菜了
109178,920,刘迎春,2019-06-11 07:02:28,2,2,0,老师人超好，讲课很详细，很注重对学生未来能力的培养
112581,920,刘迎春,2019-07-04 18:28:26,4,5,1,我选的是大化P，出分前就说一句:跟着这老师你能真正学到东西。我感觉跟着老师上实验课我养成了很多很好的习惯，想水的就别选了。10分！
113326,920,刘迎春,2019-07-06 06:56:47,2,2,0,大学里好的老师不多，刘老师算一个
118657,920,刘迎春,2019-10-30 06:06:07,0,0,0,人很好
120678,920,刘迎春,2020-01-15 04:05:25,0,0,0,很幸运能选上老师的课，老师真的很好
127118,920,刘迎春,2020-11-09 05:27:21,1,1,0,老师确实非常负责，讲课也挺细致的，就是讲题喜欢把自己绕进去……我们在下面看着很无奈啊……
128618,920,刘迎春,2020-12-24 17:01:47,0,0,0,好老师顶一下
129831,920,刘迎春,2021-01-12 16:07:40,0,0,0,老师讲的很认真，很负责!
131375,920,刘迎春,2021-01-27 08:52:57,3,3,0,不点名但是每节课都会交上节课的作业😯
138514,920,刘迎春,2021-07-09 15:17:28,6,7,1,我一直觉得，老师衣品不错来着。
138534,920,刘迎春,2021-07-09 16:02:40,2,2,0,事多上课一般给分一般
139013,920,刘迎春,2021-07-12 07:48:47,2,3,1,普化甲受难。上课喜欢东扯西扯，有自己独特的风格，每次都要交作业，会上课前当众表扬上次作业最好的十人，但专业水平有时候真的很让人怀疑。会坚持高锰酸钾的氧化性和氢离子浓度无关的论断，并和学生为此争论不休。事情多每章小测，给分也不好，期末看智云课堂其他老师复习才发现她讲的稀烂。不过耐心也是真的，下课也会走下来问同学听不听得懂。总体来说，或许有人喜欢，反正我不喜欢。
151602,920,刘迎春,2022-03-09 05:31:17,6,6,0,实验课受不了\n\n客观事实：\n\n课前小测、课后小测、提问*N
152024,920,刘迎春,2022-03-23 09:57:57,1,1,0,大爱刘迎春老师
162308,920,刘迎春,2022-11-20 01:45:51,-1,2,3,非常虚伪的老师，毫无公平意识。\n\n非常自私的老师，对学生爱答不理。
167377,920,刘迎春,2023-01-15 18:39:28,1,1,0,上的高等物化统计热力学 研究生本科生一起上的 老师交的是上机实验部分用Gromacs跑MD 老师很耐心会手把手带操作 但真的过于耐心了效率好低 基本不用听课对着讲义过一遍操作就可以了 这学期是4个实验报告+期末考（理论实验分开）难度不大 （据说以往是线下上机考试 觉得真的没有必要 Gromacs有些命令完全没必要背下来啊）最后给分蛮好的
189494,920,刘迎春,2024-01-25 03:32:48,0,0,0,老师人很好很有耐心
200928,920,刘迎春,2024-10-25 02:33:59,0,1,1,物化实验课挺一言难尽的，实验报告要手写一部分，课前有预习小测，讲课会提问一些书上PPT上都没有的内容，答不出来就说我们预习不好👎
204653,920,刘迎春,2024-11-27 07:48:08,-3,0,3,学在浙大上听这鸟人的课，不是有画面没声音就是有声音没画面，不知是故意的还是怎么个事
3440,967,王永尧,2015-06-13 08:52:39,10,17,7,实验讲的超级仔细，非常严谨。
32154,967,王永尧,2016-07-06 00:09:48,4,8,4,对格式要求非常非常非常严格，不过有好处。。。
44751,967,王永尧,2017-01-18 08:06:23,-7,17,24,先把嗓子治好再来当老师吧，说话就像在嚼烂棉花套子，嗓子里常年含着一坨千年老痰，话都说不清楚，何以传道授业解惑？
57220,967,王永尧,2017-07-06 05:00:06,5,6,1,大化p，口音太重，说话含糊听不懂，人还可以，给分一般，实验报告可以用电子版，不过对格式要求较高，要跟论文一样写
63997,967,王永尧,2017-12-20 13:17:16,3,7,4,美滋滋
81489,967,王永尧,2018-07-05 08:00:52,7,10,3,我上的是大化p。特点：\n\n1、讲课吐字不太清楚；2、对实验报告要求很严格，图表格式、论述是否得当等；3、体贴学生，尽心尽责；4、最后一两次实验中会额外将其中一个加深，变为探究性实验（其他老师都没有）；5、最终所有发下来的实验报告需装订成册，上交\n\n希望这些有所帮助
99533,967,王永尧,2019-01-25 02:19:27,9,9,0,老师人挺好的，就是讲课时间太长了，影响后续实验进度。而且说话有一点点不清晰，对实验的理解有点不利。最后被卡绩，不开心☹️
100207,967,王永尧,2019-01-25 23:18:28,6,6,0,中级化学实验，老师要求其实没想像那么高，这课可以很佛的，出分比较慢，口音有点重。
175741,967,王永尧,2023-06-26 11:09:33,3,4,1,老师挺好的
190361,967,王永尧,2024-02-28 11:33:22,8,8,0,给分挺好的特来感谢！实验报告可以交电子版，赞！报告要求没有楼下说的那么高，因为都是助教批改的。老师人很好我老是留到最后他都让助教先回自己陪我到最后，好多次实验因为器材问题失败了他都很好地帮我解决。最大的毛病可能就是口音，但经过前几学期化学实验课老师的口音训练我已经习惯了（乐），上课仔细听，老师会补充挺多知识滴！
191193,967,王永尧,2024-04-11 09:48:18,4,9,5,老师口音非常重，咬字很不清晰，上课根本听不懂在讲什么，而且实验的ppt上传时间非常迟，内容非常少，对于理解整个实验没有太大帮助，而且还有课前小测。小测的内容与书本和ppt无关，答题全靠猜，而且上了课之后还是不会做小测的题目。对于实验记录有一个忠告：管理好自己的数据记录本，即预习本，然后数据直接记录上去，不要做完了才去补上记在书上的数据，这牛马会觉得你是编造的数据，而且对于分析天平称量出0.**00g非常敏感，觉得这是不可能的，而且直言自己做了那么久实验，从来没有做出过这种类型的数据，对此表示怀疑。还是回到实验数据记录上，只要你在拿给他之前在你的预习本上记录了数据，不管多么离谱，数据多么好，修改了多少次，它都会认为你是真实的数据，所以数据尽早记录，而且要讲究规范，将本子随身携带记录数据，而且可以进行拍照记录，防止死无对证。总的来说非常无语。
193400,967,王永尧,2024-06-09 10:22:01,7,7,0,老师挺负责的，实验仪器出问题了会帮你一步一步排查原因，询问实验相关的问题基本都能帮你快速解决，专业素养绝对是在线的👍
201123,967,王永尧,2024-10-29 05:31:20,3,3,0,中级化学实验2\n\n讲课比较啰嗦，耗时稍长但是认真详细，对实验要求比较严格但是会认真排除故障帮助实验\n\n实验报告批改比较严格，给分略差，但是也可以摆烂水过\n\n还有一个比较大的debuff就是口音重\n\n总的来说可能比不上yj，hgj和yly，但是比起wgp的逆天课还是不错的
204956,967,王永尧,2024-11-29 03:52:50,2,2,0,好好好
207843,967,王永尧,2024-12-24 12:29:04,1,2,1,中化二里，预习考试是wyy的一大特色，有人说：太可怕了，怎么只有他有预习考试\n\n而我认为：这不是正好在给期末考试积累素材吗！\n\n果然到了理论考试，四十多道小题里有超过15道是wyy预习考试的原题或者变式。尧门！
218748,967,王永尧,2025-04-30 16:27:56,1,1,0,退休快乐！
219924,967,王永尧,2025-06-11 07:39:12,3,3,0,为什么会这么高啊?期末啥资料都不给(其他班又有题库又有ppt），我们只能靠自己背书苟延残喘，每次实验报告要求也不说，最后每个助教给的标准说是按老师的标准tm每次又不同，前面几次全上低分，后面每次改了半天才勉强好一点。口音又重语速又快，ppt也tm是一坨。每次上课几分钟要做完10道题，你这是预习测试吗？最离谱的是还要计一部分分。助教又几天不回消息，上个啥课啊，早点滚吧!学弟学妹们至少不用这么恶心，本来课就很恶心了。当然只针对大化p!
3095,981,杜志强,2015-05-14 04:51:48,2,3,1,不好，工化给分坑
3106,981,杜志强,2015-05-14 09:16:33,-2,0,2,给分坑
5821,981,杜志强,2015-07-09 13:55:33,0,1,1,虽然平时挺松的 但给分真不高
10141,981,杜志强,2015-11-17 00:02:26,0,1,1,他自己没上过
10285,981,杜志强,2015-11-18 02:05:21,0,1,1,实验给分挺好
12236,981,杜志强,2015-12-22 12:58:26,0,0,0,给分不错 助教上课
13176,981,杜志强,2015-12-25 05:03:26,0,0,0,化学实验乙给分很好 每节课也会来教导我们 其实最后给分的应该是助教吧和老师的关系其实没有那么大
14885,981,杜志强,2016-01-10 16:09:37,0,1,1,工化还好吧，感觉给分可以。平时作业b，4.0
19725,981,杜志强,2016-01-25 07:21:04,0,1,1,平时作业b，课堂小测做错了，期末考好照样4.6
20015,981,杜志强,2016-01-26 01:59:22,1,1,0,工化给分主要看考试？
50535,993,西蒙杜特怀勒,2017-07-07 03:50:59,2,4,2,长得真帅，可惜给分一般
50902,993,西蒙杜特怀勒,2017-05-08 07:46:44,2,2,0,老师语速很慢，不用怕听不懂上课的内容，板书也很整齐
51333,993,西蒙杜特怀勒,2017-06-01 00:54:37,3,3,0,英文吐字清楚，语言简单。课程内容清晰，难度较低。
56378,993,西蒙杜特怀勒,2017-07-03 15:19:29,7,7,0,真帅，真好
56434,993,西蒙杜特怀勒,2017-07-08 11:13:48,3,3,0,物理有机化学只有卷面分～
106976,993,西蒙杜特怀勒,2019-04-30 13:29:50,2,2,0,帅 和蔼 虽然上课全英文但是语速很慢 讲的也很清楚 上课认真听记笔记 考前多看几遍笔记 考的东西其实上课都讲过
106986,993,西蒙杜特怀勒,2019-04-30 14:27:18,3,4,1,帅的一批，上课认真记笔记考前复习的肯定拿高分了！
172906,993,西蒙杜特怀勒,2023-05-10 00:18:03,0,0,0,简称西特勒
5059,1012,陈平,2015-07-03 00:15:26,1,3,2,嗯。
17050,1012,陈平,2016-01-19 13:54:46,-15,2,17,讲的很详细，很棒的老师
21197,1012,陈平,2016-02-26 06:22:29,0,1,1,嗯嗯嗯
21268,1012,陈平,2016-02-27 18:07:47,3,7,4,粉底够厚
32158,1012,陈平,2016-07-06 00:13:18,-1,2,3,老师不错，给分低了点……
33897,1012,陈平,2016-09-22 11:32:31,1,4,3,讨厌 nnnnn\n\n
37869,1012,陈平,2016-11-21 12:35:34,16,16,0,化学和汉语是两门课，一男一女
38380,1012,陈平,2016-12-01 11:11:53,0,2,2,嗯\n\n\n\n\n\n嗯\n\n\n\n\n\n\n\n嗯
48633,1012,陈平,2017-03-09 00:00:31,0,2,2,很棒的老师啊 很有男人味
59201,1012,陈平,2017-09-20 07:19:05,-1,1,2,晚上上课老师一边睡一边讲课不听了。。不好好儿教
59228,1012,陈平,2017-09-20 09:36:13,0,1,1,炸糊\n\n
60434,1012,陈平,2017-10-20 00:21:49,6,11,5,全程只顾自己推导题目，也都不说明一下物理意义，可能是我太菜了吧，不知道大佬们怎么看。
60761,1012,陈平,2017-12-25 06:35:49,4,7,3,正在做作业的来评论一波。这个老师教学态度和给分不好说，目前来看也还行吧，特别喜欢点名。然而老师的讲课水平实在不敢恭维，真的是这样，上课跟着他，笔记记个不停，但是真的不懂啊。。。的确只是推导公式，不讲物理意义的，而且很少讲例题，听课的收获，大概就是会讲到他布置的作业题吧。不客气地说，学了这学期物理化学，真的没有什么收获，即使最后考试还好，即使老师给分还不错，但是作为研究性学科的同学，对基础理论搞不明白，也是挺悲哀的吧。。。
61057,1012,陈平,2017-11-07 13:44:16,4,6,2,哇这个教学方式有毒 推了半天怎么证明 也不教一个例题 根本不会用 作业也是很奇怪的样子找也找不到
61963,1012,陈平,2017-11-22 03:09:19,16,18,2,每次作业平均耗时8小时....... .然而老师说他的作业是来培养科学家的，然后我们半学期学会怎么在英文网站查数据作图计算比较理论和实验......并且自学originlab因为作业要求拿这个画图...（我爱之前的Excel）...虽然上课抄笔记抄到崩溃下课做作业做到崩....但是还是个有情怀的好老师的，作业超级特殊就是想培养自主能力。但是真的书本上的知识讲的很迷。
63696,1012,陈平,2017-12-13 03:06:50,0,1,1,讲义的目的不太清楚、态度不认真
63703,1012,陈平,2017-12-13 06:43:11,1,4,3,坑，太坑。遇到这个老师大二六黑暗了。每次作业做他个整整一天，还是一脸懵逼。上课只会对着本子推导公式。全程自学，一点不会。（物化）
64231,1012,陈平,2017-12-21 23:58:11,0,3,3,物化的老师，虽然还没有考试不知道给分怎么样，但是就凭他认真负责关爱学生的态度就给十分，真的是好老师
67540,1012,陈平,2018-01-21 13:08:03,0,1,1,慎选\n\n
68799,1012,陈平,2018-01-24 02:08:20,4,5,1,物化考前评价一发，慎选陈平的课，一个学期初来最后几次来不及了，从来不用ppt，笔记要考手写，作业难到爆炸，唯一学会的是用各个网站找物理参数和origin，后半个学期因为自身太懒，(可能也有老师讲课风格的关系)，基本在睡觉。老师说话略催眠，讲话有时候跳跃性太强，有时候逻辑不连贯，上课只公式推导，不例题分析。感觉是要挂了......
68895,1012,陈平,2018-01-24 05:22:42,21,24,3,听陈老师的物化，考试前请诸位一定记住将老师平时布置的作业题、期中和期末复习题看一遍，不知道原理没关系，请一定记住答案～一定一定\n\n
71738,1012,陈平,2018-01-29 02:18:10,2,2,0,诸位在校，有两个问题要问问自己：我给你们的题会做了吗？不会做的话选择答案大题过程记住了吗？那么阔以，你的物化能上4\n\n你问我听课？这辈几系不可能听课的，做题目又不会做
71977,1012,陈平,2018-01-29 07:15:46,2,2,0,老师对学生很好，不过彭笑刚老师的教材可能不适合工科学生
73106,1012,陈平,2018-02-01 02:27:34,0,0,0,很负责的老师啊，经常在群里答疑
74000,1012,陈平,2018-02-04 04:32:00,9,10,1,给分真的还不错，但上课真的是...希望化学系教物化的老师能走点心。作为大类基础课，如果学不到太多那么干脆别开了，如果开课了这种大学分课就要好好弄。总觉得物化教学体系很不成熟，老师之间交流沟通也很少，备课也不充分。
88553,1012,陈平,2018-11-01 08:50:52,2,2,0,请从nist查询相关数据
88615,1012,陈平,2018-11-04 02:39:33,5,5,0,花在作业上的大部分时间都是在nist上查数据，真是浪费时间啊。我只想好好把书本脉络整理好啊，求求了。助教也不怎么解答问题，这让我怎么办啊，我也想了很久的才来问助教，助教回答一下不是本职工作吗？我也很想学好物化啊。真的，现在很癫狂。
89508,1012,陈平,2018-11-19 10:49:44,2,3,1,助教真的不咋地，就是不怎么回答问题，搞的我有点无语。老师人挺好的，物化那么大本书，本来就得自己看书
96656,1012,陈平,2019-01-21 08:42:25,12,12,0,老师还是不错的...\n\n但是物化这门课真的窒息\n\n我是药学的学生\n\n这学期上的是彭笑刚版本的物化\n\n我学的很认真\n\n但是药学学的是文科高数\n\n面对偏微分我实在无从下手\n\n好不容易慢慢跟着彭彭的视频，啃书，大概7788懂了\n\n结果考试18分的大题考书上只有两页的电化学\n\n于是 我就这么凉了\n\n彭彭初衷是好的，但是希望考虑一下其他专业的同学\n\n毕竟像药学的学生不是专门研究化学的\n\n可能不需要这么新颖的教材 钻研的也没这么透彻\n\n（以及考试能不能考书上的内容啊 真的不会
97670,1012,陈平,2019-01-22 12:56:27,5,5,0,这个物化老师千万别选 谁选谁倒霉 上课念经抄书就算了 反正我也都是自学的 连期末考试试卷都让助教改的 能有多负责？期末考试过程没分？而且问助教问题他基本上都不会  作业都能给你漏登 而且是一大片同学漏登。彭神这么好的专注于理论的书 结果被他考了一道18分的书上只有3张纸的电化学。还沉浸在老物化里？那干脆别让我们学彭神的书了 真的太浪费了
98139,1012,陈平,2019-01-23 06:11:17,4,4,0,老师人真挺好的，但是助教拉低了我给老师的评分。群里助教一般不回答问题...都是老师在回答。而且感觉助教有点不负责任，作业成绩几乎给每个人都漏登了一大半，还好后来补上了。最后，我课余大部分时间都奉献给了物化，期中考的还不错，但是期末考得太烂了，物化真的狠狠地拖低了我的绩点，是我太菜了。老师上课一般是讲公式的推导，最后会给一些例题复习，感觉上课缺少例题的讲解，不能很好的将公式学以致用。各位同学如果想拿高分还是不容易的。略后悔...
100851,1012,陈平,2019-01-27 03:01:27,12,13,1,客观的说，老师还是很不错的，我是药学生预置的物化，因为大一木有学微积分，所以一开始有些吃力，尤其是偏微分那一块，但最后也还好，不需要完全弄懂偏微分，可以投机一点找找规律就好学了。很多同学说老师上课只是推导公式，确实有这样的感觉，但是公式推导也是考试题型中的一种，老师推的时候肯定会穿插原理的东西，所以上课一定要好好认真听哦～课后建议回归课本，尽量每个星期都把这个星期学的书本内容看一遍，毕竟是4学分的课，花点时间是应该的叭！然后是关于考试，陈平老师期中考不会出的很难，所以我们班考的都还行，基本上跟平时作业题类型差不多，选择题一定要刷助教发的资料，好像是彭神班平时的练习，挺有用的，好多原题，不会做也要记得答案。然后，老师真的很可爱的，一开始就因为看了查老师的评分，所以有点抵触，（而且刚开始的内容真的听得云里雾里的），后来发现老师真的很好～最后吐槽一波，微信群助教的答疑真的很不给力，我感觉助教像是来划水的，基本都是老师一个人在回答，还很不及时，其实是更希望创一个QQ群，匿名大家一起讨论更好，而且文件也不会总是找不到，（下一届小可爱最好提醒一下老师吧。）如果真不喜欢陈老师的上课方式，那莫就听学长学姐的去看彭神滴视频啵～毕竟大家都是来学知识的嘛！\n\n   以上仅个人观点，说的有问题的话，轻槽。
100853,1012,陈平,2019-01-27 03:04:18,2,2,0,老师上的的确挺不错的，到后来能自己花时间融会贯通，但是给分emmm。和平行班吴老师比起来低了一点，感觉横向比较有点亏。
108878,1012,陈平,2019-06-03 13:37:54,7,7,0,上的他的大化实验p，特别喜欢这个老师，实验报告再怎么样都有4以上（主要是如果真的处理不当，老师会指出问题回去修改然后下次补交）\n\n实验前讲的内容很明白很有条理，思考题也会给我们都讲一遍。\n\n人很和气，会帮助你做实验，不像别的老师一样骂人发脾气。\n\n真的特别好。\n\n我最喜欢的实验课老师。
117652,1012,陈平,2019-09-28 01:14:07,5,5,0,nist怎么用？
118671,1012,陈平,2019-10-30 11:14:57,-2,1,3,这本书多好啊多好 可是你讲的是个啥？ 教的东西不怎么样就算了吧 作业还难得不行  无语无语无语
120767,1012,陈平,2020-01-16 21:48:32,6,6,0,老师说实话是好老师，上课讲的其实认真听知识点都是到位的。有些人听不下去可能第一老师的语调比较平淡，第二不太注重前后的连贯性，第三可能也是教材本身在后面的课程中有一些抽象和与前面知识脱节的感觉。物化这门课本身就不太容易学，所以我觉得考的不好的也不要把责任都推给老师。我觉得老师还是不错的。
122784,1012,陈平,2020-04-06 11:44:30,1,2,1,其实老师上的挺好，都有提前总结，就是比较跳跃。平时上课一定认真做笔记，课后看书，这样就比较明白。物化这门课不是一蹴而就的，一定花时间
126935,1012,陈平,2020-10-28 14:33:55,8,8,0,他的作业才写十个小时 不过瘾不过瘾\n\n
130963,1012,陈平,2021-01-25 12:04:31,-1,0,1,说来惭愧 基本没听过课 一夜速成起码没挂科 老师其实很负责的 大家认真听还是会学有所成的 实在不行可以去听彭神的网课嘛
131453,1012,陈平,2021-01-27 14:23:12,1,1,0,本来均绩就比隔壁班低0、5，平时分还这么克扣，绝了。教得烂，给分还差，作业多得要死
132092,1012,陈平,2021-01-30 07:59:15,2,2,0,谢谢你
141814,1012,陈平,2021-10-27 03:14:46,2,5,3,老师人挺好的 上课有点不清楚讲的\n\n助教很。。。。迷。。
142023,1012,陈平,2021-11-04 05:34:10,0,0,0,好，好好
143147,1012,陈平,2021-11-20 03:25:55,0,2,2,老师讲得 一言难尽....\n\n但是助教好负责
147289,1012,陈平,2022-01-09 12:14:39,2,4,2,老师人挺好的 讲的一般般 助教真的。。。。一言难尽。。。。回答问题语气阴阳怪气 好像高人一等的样子 还挺会打击人的 嘻嘻
160375,1012,陈平,2022-09-21 00:39:20,0,0,0,逻辑不清晰，讲课较死板，考试内容都能上到，需要自己提前学习
168558,1012,陈平,2023-02-19 11:42:36,1,1,0,一言难尽，上课不知道在讲啥，全程靠自学，抱着砖头厚一样的书自己苦命地啃
169100,1012,陈平,2023-02-24 09:33:44,0,2,2,上课虽然很多时候听不懂，但是段考后的小测题、作业题加上最终期末的总结题都特别特别有用，一定要认真看并且避开答案自己推理一遍，考试知识点都是类似的。段考前内容可以在b站网课看网学天地自学热力学，段考后主要看ppt 中的公式部分就可以，虽然物化有很多看不懂的公式，但是考试常用的就几个，要做到即使不看书也能熟练写出来。作业比较奇特，但是态度良好，直接注明自己写不出来、想不出来也不会扣特别多分。按照上述做法最后4.5，老师总体还是好老师，问题更多出在物化这门课为啥给药学生学？
195325,1012,陈平,2024-06-27 17:41:20,0,0,0,大化p。老师的实验课讲的还挺好的，而且讲的快！不像其他班课前有小测。实验过程中也会很贴心指导。不过分数主要应该还是看实验报告和助教，这学期三个助教都特别好~~~
6431,1018,雷鸣,2015-07-14 02:46:11,5,8,3,超无聊的课，有机上到他的课还是早点自求多福吧
25463,1018,雷鸣,2016-05-20 14:31:43,-6,4,10,老师很负责，好老师
59817,1018,雷鸣,2017-09-27 07:30:21,1,3,2,人品实在令人难以恭维
79417,1018,雷鸣,2018-06-04 04:43:43,2,4,2,过于主观的老师，不接受学生的不同想法，沉迷过柱子和装柱子
79418,1018,雷鸣,2018-06-04 04:44:33,0,3,3,柱子老师，板子老师，差评
108557,1018,雷鸣,2019-05-28 11:31:51,1,3,2,探究实验设计时:你们这个方案没有创新啊\n\n中期答辩:你们必须有结果才能做论文，来不及了就按讲义上的做几个化合物
126122,1018,雷鸣,2020-09-18 01:45:46,4,7,3,中国速度！我不想多评论
126123,1018,雷鸣,2020-09-18 01:46:52,13,20,7,无聊得要死，就知道念PPT，一节课上三十几页，没有一页听得懂，还好不点名，翘课去图书馆自学效率都比上雷老师的课效率高。
126272,1018,雷鸣,2020-09-21 13:53:57,6,13,7,就是个憨批，上课就上一些浅显的东西，遇到我们不会的，就说你们课后去自学一下，我要是会还要你教吗
126288,1018,雷鸣,2020-09-22 02:16:17,6,10,4,配得上低分的老师：）
126508,1018,雷鸣,2020-09-29 01:50:32,4,8,4,求求大家了，能再低的
126781,1018,雷鸣,2020-10-20 01:48:08,4,7,3,老师人是挺好的。但是讲课水平确实不敢恭维。对自己自学的要求比较高。看个人吧233333。如果对自己的自学能力有信心的放心选2333不然还是算了
126836,1018,雷鸣,2020-10-22 12:15:31,1,1,0,就挺迷惑的
126896,1018,雷鸣,2020-10-27 03:55:51,1,1,0,或许是我太辣鸡了吧，这课，就离谱。
128185,1018,雷鸣,2020-12-11 00:17:38,0,6,6,傻孩子们，快跑！！！！！！！！！！！
129292,1018,雷鸣,2021-01-03 15:34:40,1,3,2,负责且耐心
129458,1018,雷鸣,2021-01-05 14:41:55,1,1,0,。。。
130608,1018,雷鸣,2021-01-24 02:32:58,2,2,0,上到后来觉得他也很耐心负责的，或许不是他出的问题，而是有机这门课的问题，前后衔接的落差确实太大了
131629,1018,雷鸣,2021-01-28 08:23:38,3,7,4,好老师，捞人第一名，耐心负责！！
131883,1018,雷鸣,2021-01-29 08:12:43,0,3,3,老师人很好，但有机化学是比较适合自学的学科，but老师会捞人！
132063,1018,雷鸣,2021-01-30 05:15:06,2,2,0,不喜欢。
132244,1018,雷鸣,2021-01-31 08:14:53,3,5,2,雷老师上课无聊昏昏欲睡，不过也不能都怪他，有机这门课程也就这样了，老师还是比较耐心的只是效果欠佳，但最重要的是———老师会捞人！！！
134153,1018,雷鸣,2021-03-17 07:36:26,0,1,1,加油！
135985,1018,雷鸣,2021-06-07 14:59:10,0,1,1,老师很耐心，会为了学生问题专门查文献，不过……适合自学能力强的吧，上课真就每次40人不到课
137589,1018,雷鸣,2021-07-05 07:55:37,5,9,4,晦气东西，离得越远越好。
141053,1018,雷鸣,2021-09-22 09:18:07,0,0,0,无聊，，，，照本宣科
142899,1018,雷鸣,2021-11-17 07:42:22,1,1,0,善良人
150315,1018,雷鸣,2022-01-22 08:56:39,1,1,0,通识给分很好，认真准备了一下考试结果分数超乎想象
150955,1018,雷鸣,2022-02-21 10:29:08,0,0,0,讲课很认真课也不错，就是对于文科生化学与人类文明真的不好拿高分
155402,1018,雷鸣,2022-06-12 07:51:01,1,1,0,化学与人类文明，我愿称之为水课。\n\n就期中或期末一个展示，期末开卷考\n\n老师给分很好，上课也很通俗易懂，汤谷平老师也是，会举很多生动有趣的事例
156387,1018,雷鸣,2022-06-19 10:15:08,0,0,0,老师人很好，会耐心解答各种疑问
156526,1018,雷鸣,2022-06-20 07:34:45,1,1,0,上课讲得很浅，全靠自己复习
156537,1018,雷鸣,2022-06-20 08:02:06,1,2,1,老师上课其实还行的，但是有机这东西就离谱没办法的。每节课点名一定程度上督促学习。老师答疑很积极很关心我们的学习情况。小测是课题组统一的，相对较少。很会捞很会捞。
156608,1018,雷鸣,2022-06-20 11:46:09,2,2,0,老师其实还是挺好的吧，之前因为跟预置课时间冲突没法选其他高分老师，“无奈之下”只能选雷老师。上课确实讲的一般（，而且纸质点名，不是很理解，不过他说其实不占最后的总评。看得出来他很关心学生，不过如果能不要每次都提到课率啊听讲的重要性啊这些或许会更好（？\n\n另外吹爆助教小哥！\n\n有机可能真的主要靠自学吧，反正老师给分还是挺好的，没后悔选他嘿
175667,1018,雷鸣,2023-06-26 06:42:04,1,1,0,最差的有机老师
179421,1018,雷鸣,2023-09-15 04:54:14,1,1,0,纯纯nt老师。教的又差平时分又故意搞人，一整届被他以一己之力拉低了均绩，挂的人远超别的班级，挂完之后几年没教有机又复出了？速逃！
188330,1018,雷鸣,2024-01-18 15:47:58,3,6,3,本学期上了化学与人类文明，这节课老师讲的不错，是对化学在各个领域应用的介绍。如果高中学过化学则难度较小，考试是开卷考试，考试前一定要把上课的PPT看一遍，很有用的。最后拿了4.5的绩点，还行
189125,1018,雷鸣,2024-01-22 05:15:31,0,0,0,通识课还行，讲课有点催眠，但是很水
189829,1018,雷鸣,2024-01-30 09:54:42,2,4,2,。。学化学的，选化学与人类文明，每节课都到了，及时上交作业，期末考试题目也都翻出来了，最后3.6。。。。。。避雷吧
195281,1018,雷鸣,2024-06-27 14:55:41,1,1,0,要不是他的有机化学基础这门课，我可能这辈子也过不了有机，带着我们复习，就差没把考试答案给我们说出来了，真的感谢
208548,1018,雷鸣,2024-12-29 07:35:41,1,1,0,老师会纸质签名，不过貌似不计入总分（？）\n\n老师性格还是很好的，但确实不会讲课，建议智云课堂听其他老师的课\n\n选雷老师班的好处是，平时很自由，有很多时间自学，而且班级人数较少，竞争感觉没其他班激烈，最后给分也还行
209837,1018,雷鸣,2025-01-07 08:20:13,3,3,0,谢谢老师 重修过了TAT
219331,1018,雷鸣,2025-05-25 11:36:42,3,3,0,化学与人类文明，作为一门通识课来说，更多的就是让非专业的同学了解化学知识，雷老师上课虽然平淡了点，但是通俗易懂，能了解很多之前不知道的东西；课程任务也不重，就两篇1500字小论文和期末考试（开卷考），平时点名是纸质；老师其实也很亲切，雷老师知道我是美术专业的学生后，在一些讲课内容里增添和美术相关的知识；汤老师也很有意思，上课会举例子，扩展很多课堂外的事，有人说汤老师爱吹牛，但是我恰好就是这一类喜欢听老师“吹牛”的学生，因为通识课程本就是普及知识的嘛。\n\n对于期末考核，汤老师也有带着复习划重点，认真准备一下的话也不会太差，自认为自己文化比不上周围同学，但最后也拿了4.8的绩点，看见有同学说自己拿了3.6，或许是期末答卷回答的太简单不够充分呢？雷老师考前也说过，回答问题是要多答一些，不要就是一两句，不然给分都不好给。\n\n总的来说，老师人很好，课程不错，还是蛮轻松的，每周去听课一个半小时可以当成很好的放松，忙的话也可以适当干自己的事情。（本来打算24年秋冬学完就评论的，一直拖到了现在，因为看还是较少同学愿意选这门课程。记得24秋冬第一堂课，雷老师看见教室里面个位数的同学，和我们说了很多，希望我们能够去学院里面宣传宣传，汤老师也说，这门课从门庭若市到门可罗雀。其实老师也很心酸的。）
5262,1024,李秀玲,2015-07-06 06:38:33,3,3,0,感觉自己飞起来了
6265,1024,李秀玲,2015-07-12 12:59:39,7,7,0,细心认真
12840,1024,李秀玲,2015-12-24 06:17:31,3,3,0,很好的老师
12948,1024,李秀玲,2015-12-24 11:08:09,3,3,0,特别好的老师
17033,1024,李秀玲,2016-01-19 13:19:30,4,4,0,好老师   认真负责
22231,1024,李秀玲,2016-03-03 04:33:42,4,4,0,超级好，很有耐心也很有经验
31032,1024,李秀玲,2017-03-10 07:32:06,2,2,0,好！！！
55437,1024,李秀玲,2017-07-01 13:17:47,3,3,0,天哪老师太认真太暖了，妈妈的感觉，讲的超级细心，一直在旁边指导实验，而且你遇到奇怪的问题还会帮你分析原因。虽然已经到了退休的年纪但是思想超级开放，非常接受新鲜的实验方法和仪器。做为关门弟子超级幸运～
121613,1024,李秀玲,2019-12-12 08:18:19,1,1,0,Emmm……其实不是在校内上的老师的课，但是还是想留下几句话。\n\n李老师是我培训的时候认识的，带的无机化学实验。当时印象最深刻的就是李老师说，你要是这个操作做不好不要说是我教的（当然语气很好玩啦2333）。\n\n那时候在浙科大，李老师每天就背一个书包给我们上实验课，就是很有那种学者的气质，毫不含糊，早餐碰见了还会很开心地跟我聊天。\n\n那时候夏天在实验室，李老师会给我们讲她儿子，会很认真一步一步教我们操作步骤，还有哪些操作以前跟现在不一样。总之就是各种仔细。\n\n她会跟我们一起讨论实验，看实验片子可以改进的地方，会跟我们一起讨论做的不好的地方以及怎么完善。真的，跟亲人一样。\n\n那天最后一堂课要结束的时候，她说有些同学可能再也见不到了，路过我身边，拍了拍我的背（哇当时真的快哭了）。\n\n最后想对老师说一声对不起，辜负了您的期望，辜负了不少人的期望，包括我自己。现在我在浙里，“而今迈步从头越”。
7982,1031,吴起,2015-09-16 13:44:36,7,13,6,老师是不错，也很有热情，就是课太无聊了……
8655,1031,吴起,2015-09-23 15:36:07,0,3,3,老师爱笑很随和 然而好像备课有点不充分 这个课也实在不好玩有点无聊
9675,1031,吴起,2015-11-04 07:26:50,2,3,1,还可以
9940,1031,吴起,2015-11-13 03:44:18,1,2,1,课有点无聊，人不错哈
10238,1031,吴起,2015-11-17 15:09:53,1,3,2,有趣哦
10979,1031,吴起,2015-11-23 14:55:39,-14,5,19,无聊  给分低\n\n
11009,1031,吴起,2015-11-24 00:24:59,5,6,1,还可以。内容有些意思，有通识的感受。
11014,1031,吴起,2015-11-24 00:47:35,5,8,3,老师很认真，给分还不错
11044,1031,吴起,2018-06-21 13:24:22,-5,4,9,好老师给分好我直接满了
11094,1031,吴起,2015-11-24 06:27:20,23,36,13,老师很好，课也很有趣，只要稍微努力一点，分一定不低，第一门出分的通识课，4.7。不过考试类型真的让我吃了一鲸。
11379,1031,吴起,2015-11-29 11:41:48,-8,5,13,妈蛋，给3.2 简直了！
11903,1031,吴起,2015-12-21 03:59:44,-1,2,3,上课很认真负责\n\n
12401,1031,吴起,2015-12-23 07:53:03,1,4,3,很有趣，平常可以水，难度大概高中竞赛水平
24588,1031,吴起,2016-05-02 04:28:58,-1,2,3,老师人挺好的
41022,1031,吴起,2017-01-08 10:08:32,-1,4,5,超级棒的老师～
57252,1031,吴起,2017-07-06 07:12:44,-1,1,2,很好啊！
58894,1031,吴起,2017-09-18 09:52:47,15,17,2,能听兵家亚圣吴起的课也是一种荣幸（滑稽）
63019,1031,吴起,2017-11-28 02:46:10,2,4,2,还可以吧挺水的一门课 考试是我没发挥好 有通识的感觉 老师很爱笑挺亲切的 给九分
63042,1031,吴起,2017-11-28 04:02:50,-3,3,6,课程分两部分，老师讲和学生展示。讲的内容大概都是高中化竞生竞的内容。学生展示的话看个人兴趣和学生的准备了。展示结束以后会有评选，个人感觉比较玄学因为很多人在水。不过只要不翘课做好作业分就不会低。最后，老师人真的超级好！！！
63053,1031,吴起,2017-11-28 04:59:35,3,6,3,开卷考 考的跟讲的没关系 给分超辣鸡
63056,1031,吴起,2017-11-28 05:12:22,-4,2,6,一般努力，平时上课不听，作业认真完成\n\n4.5  你懂这意思了吧
63063,1031,吴起,2017-11-28 06:08:20,1,3,2,老师爱笑，虽然我一直没怎么听qaq。考前通读课本有奇效。我4.2
63099,1031,吴起,2017-11-28 09:04:27,1,4,3,人还行，但是被正态了?
63196,1031,吴起,2017-11-29 06:12:46,2,3,1,老师讲课很好，不管是为了学到些什么还是为了扩充知识面，选吴老师的通识课都是不错的选择！
63200,1031,吴起,2017-11-29 06:39:19,7,8,1,老师人真的好哦，但平时上课要积极发言，ppt必须认真做，平时成绩才会高。开卷考，建议考前把书本复习一遍
73314,1031,吴起,2018-02-01 10:03:10,4,5,1,给分垃圾
73688,1031,吴起,2018-02-02 16:14:39,0,1,1,挺好的:)
90678,1031,吴起,2018-11-25 07:31:41,3,5,2,老师为人挺忠厚老实的\n\n上课有点乏味\n\n考试就是翻课本\n\n而且很看运气\n\n比如给你一个结构式去书上找对应的信息，然后补充完善\n\n作为一门通识课 期末考核题量有些大了 我看了一下，全班有一半最后没有全部答完吧 \n\n主要问题还是要翻书碰运气\n\n除非考前真的非常认真的熟知课本内容\n\n最后3.3 算是通识里面最低了的吧
90683,1031,吴起,2018-11-25 08:19:38,1,3,2,建议医学生学这门课吧  感觉比较适合医学生  老师人很好  ppt大赛还给同学发奖品 很感谢那些给我投票的同学了 爱你们 也感谢老师一学期的照顾。最后的考试题量很大 建议之后选这门课的同学要提前看书，上课必须听讲。不好水。祝大家拿高分！
90695,1031,吴起,2018-11-25 10:00:49,-5,1,6,考试考的什么几把玩意，分数奇差
90798,1031,吴起,2018-11-26 06:11:52,-15,3,18,平时不点名，我也没怎么听，后来考试时开卷，我觉得我写的还不错，看到分以后震惊，呵呵啦，历来我分最低的通识课程。建议不要去上了，没意思。
91011,1031,吴起,2018-11-29 02:19:12,-4,0,4,老师给分挺好的啊\n\n说给分差的都是自己太水了吧
91547,1031,吴起,2018-12-13 02:40:58,3,4,1,题没做完4.5  单号抱枕自己做的都对
93341,1031,吴起,2019-01-09 05:20:03,2,4,2,老师是一个很负责也很有趣的老师。平时不是点名的那种，但是在没有人回答问题的时候会看着名单抽人回答问题，所以上课一定要去啊！有的时候会点错名，把前一天的名单点成今天的......给分还可以吧……3.9
121984,1031,吴起,2020-01-28 06:55:06,0,0,0,老师人很好，授课内容方式多样
123442,1031,吴起,2020-06-09 03:05:21,0,2,2,上学期的课，老师已经很努力了，但是本来课程内容就比较无聊。展示自愿，随机点名（有可能整个课程都没有被点到）。平时有两次小作业，最后开卷考基本书上都有。
135440,1031,吴起,2021-05-10 11:37:57,0,2,2,这老师上课emmm会一直咳嗽听着有点不舒服，要求太多了，这个要求对于化学不好的我而言真的不行，上完一节课果断退课...
135979,1031,吴起,2021-06-07 12:01:20,0,2,2,这老师一直咳嗽诶听着有点难受\n\n化学课作业居然像文科那样分点给分....真的绝了
140629,1031,吴起,2021-09-14 13:10:46,-163,2,165,老师很好，虽然我只有4.8
147366,1031,吴起,2022-01-09 17:53:19,8,10,2,奇妙分子与科学创新，事少，讲课一般，对化学有兴趣的可以听听，主要是化学科普，但是真正化学专业的同学会觉得无聊。成绩构成是两次作业各占20％，课堂表现10％，期末50％。两次作业不多，比较简单。此外还有一个ppt作业，需要做一个介绍某个分子的ppt，然后每节课会让人上来展示自己的ppt。\n\n半个化学专业的觉得展示部分还是比较有意思的，印象最深刻的是一位讲AIE效应的同学，非常精彩，无论是作为科普还是前沿介绍都很好；还有一位讲甾体化合物和黄鸣龙的同学也很好；觉得不太行的是某位手推NH5分子轨道的同学，且不论推得对不对，大家是来听科普的不是学分子轨道的，有的梗可能也只有化学竞赛生能get。
162267,1031,吴起,2022-11-18 14:58:00,0,1,1,老师很亲切。我喜欢坐中间列的第二排而且第一排没人，所以和老师互动很方便。挺有趣的。先给9分，如果最后成绩不错就回来给10分。
165497,1031,吴起,2023-01-07 08:17:52,1,1,0,奇妙分子很好，推荐推荐
165519,1031,吴起,2023-01-07 22:24:22,0,0,0,老师非常好，讲课认真且事情很少，并且给分很好
166323,1031,吴起,2023-01-12 02:43:55,0,0,0,事情少，给分好，想学有东西，老师温柔
166902,1031,吴起,2023-01-14 07:34:32,0,0,0,老师人很好的
169433,1031,吴起,2023-02-26 06:53:02,-1,1,2,非常推荐奇妙分子，真正的分多事少棒棒通识课
189376,1031,吴起,2024-01-23 13:42:10,-6,3,9,给分挺好，我没有发言，没有上台展示，也有4.8
213781,1031,吴起,2025-01-20 01:16:46,0,1,1,老师给分巨好，人很和蔼，真正事少分高的通识课，选就对了
213815,1031,吴起,2025-01-20 05:27:38,5,5,0,卡绩，快跑
213837,1031,吴起,2025-01-20 08:51:46,2,2,0,每节课会随机抽人点名，最后有期末考试，可能对化学好的比较友好吧，我做了展示结果最终3.9卡绩，最后考试有些找不到吧
218671,1031,吴起,2025-04-28 13:12:08,0,0,0,说实话讲得挺烂的
3299,1072,汤谷平,2015-05-28 06:43:59,4,19,15,超级好的老师，幽默又善良
10391,1072,汤谷平,2015-11-18 11:25:10,-1,11,12,汤老师幽默风趣，爽
10400,1072,汤谷平,2015-11-18 12:10:11,2,15,13,真的特别棒
10408,1072,汤谷平,2015-11-18 12:41:51,-1,10,11,老师真的棒。
11652,1072,汤谷平,2015-12-09 10:42:00,-2,10,12,很高兴能选上汤老师的课 知识渊博 而且体贴学生 浙大的好老师
12252,1072,汤谷平,2015-12-22 14:26:55,6,19,13,关心学生  讲课幽默风趣有条理
12509,1072,汤谷平,2015-12-23 11:47:42,-4,8,12,好老师啊
12949,1072,汤谷平,2015-12-24 11:08:13,-4,7,11,照顾同学，有趣，随堂感想写得好还有奖品
13766,1072,汤谷平,2015-12-30 17:37:44,11,21,10,娘娘腔 一通废话
13838,1072,汤谷平,2016-01-01 06:57:14,12,38,26,老师经历丰富知识渊博体贴温和，他的课不是仅有知识而是结合了我们生活，很有趣，文科生也能听的。我这么懒的人出于对他的热爱来给了我的第一个分写了我的第一个评。
15877,1072,汤谷平,2016-01-16 13:26:09,-7,7,14,超级棒的老师，简直化学版百家讲坛！赞！作业少而且会有小礼品！
16087,1072,汤谷平,2016-01-17 07:17:45,-7,9,16,很好的一个老师
18449,1072,汤谷平,2016-09-20 10:11:24,-18,9,27,有汤老师在身边无论考试还是上课，你都感受不到压力
18734,1072,汤谷平,2016-01-22 12:20:56,9,24,15,什么都蛮认真地做了，结果78分，均绩直接掉了0.1，真是呵呵老师一脸，简直笑面虎⋯
20121,1072,汤谷平,2016-01-26 07:05:48,18,27,9,老师好任性，学生好累
21056,1072,汤谷平,2016-02-14 03:13:29,40,64,24,不知道老师自己有没有意识到，每节课前奖励同学的方式引起了学生之间的恶性竞争，学生很累
21623,1072,汤谷平,2016-02-29 10:45:33,13,27,14,作为一门通识，写了4篇感想，期末考试很有把握，然而最后绩点3.6...
22514,1072,汤谷平,2016-03-07 07:02:19,8,11,3,作业多到爆炸
23052,1072,汤谷平,2016-03-16 13:58:21,0,5,5,真的水课呀
24353,1072,汤谷平,2016-04-29 23:27:58,7,11,4,仪器分析是专业必修，上课扯废话，导致最后不得不补课，最后一节课的ppt大家都以为是重点一直背结果试卷完美避开重点，背了很久结果考的很差，心累
26225,1072,汤谷平,2016-06-16 10:00:28,4,7,3,恶性竞争太可怕  导致没有动力\n\n
39963,1072,汤谷平,2016-12-28 10:51:10,9,13,4,竟然说高分给低年级学生……大二的可以给低点……有这种标准的？
41320,1072,汤谷平,2017-01-10 14:16:39,6,8,2,辣鸡。
43006,1072,汤谷平,2017-01-15 14:45:13,8,10,2,事情多，分数低
43625,1072,汤谷平,2017-01-19 09:24:34,8,11,3,很傻x的老师，论文都不跟你说要你做什么，写什么。然后出分了又说你啥啥没说没做，给分超级低。真是活久见
43991,1072,汤谷平,2017-10-27 09:33:12,72,103,31,强烈建议取消化学前沿这一课程，上完唯一的收获就是看清了浙江大学化学系金玉其外败絮其中的真相，一众所谓杰出人才皆欺世盗名之徒，汤谷平更如跳梁小丑一般哗众取宠，真乃百年求是之大耻。
44461,1072,汤谷平,2017-01-18 00:37:58,15,19,4,挺照顾大一的，上课一口气讲到底不休息，听着有点累，风格略奇葩
44464,1072,汤谷平,2017-01-18 00:45:50,0,9,9,化学与人类文明:个人感觉作为通识课老师是很好的，课堂很轻松，作业少而且要求少，学生完全没有包袱;就是感觉老师评价随堂感想的标准比较奇葩，和老师胃口的会受表扬(这学期取消了物质奖励，恶性竞争不怎么有了)。期末考试要多关注老师提的要点。
44475,1072,汤谷平,2017-01-18 00:57:40,3,11,8,选的化学与人类文明，总体感觉还行。老师人还不错，挺温和的，但是没有课间，一直听会感觉很无聊。分数方面，想拿高分最好勤交随堂感想，不用很长，但最好要有自己的思考，老师挺在意这一点的。我感觉老师还是适合一部分人的口味的，但是并不一定适合所有人。
44514,1072,汤谷平,2017-01-18 02:14:14,1,12,11,老师讲的很好，就是课前话太多。不过下课很早8点半就下课，考前还给画重点。但是感觉给分。。。我感觉考的很好平时随堂感想要求3次交了4次还被表扬2次以为自己满绩然而才4.2……
44515,1072,汤谷平,2017-01-18 02:14:23,-10,4,14,大学里目前为止遇到的最好的老师。。\n\n他的通识真的很有趣，经历丰富，见多识广，满满的都是干货。
44531,1072,汤谷平,2017-01-18 02:32:13,3,8,5,老师上课的确不错，但是给分真的呵呵 本来想着认认真真做了作业 考试也认真写了 可以把我均绩拉上去 结果均绩反而掉了 建议旁听 不要选
44582,1072,汤谷平,2017-01-18 03:36:16,1,4,3,被正态了默默不说话。。总体感觉是不适合文科生啦。。。
45577,1072,汤谷平,2017-01-19 23:32:40,-3,3,6,老师课堂还是不错的 虽然没有课间可能有点无聊 但是每次坐第二排认真听讲随堂感想都交而且被表扬最后期末考的也不错只给3.9是什么意思 给分不是太好
46167,1072,汤谷平,2017-01-21 00:18:13,2,3,1,课堂还可以，交的课堂随笔老师会认真看，还会课上点评，但是给分不太好
46951,1072,汤谷平,2017-01-23 04:57:29,11,18,7,上课权当听听故事，水的一比，也不点名(翘了n次)，要求三次随堂感想，写了四次，四次都是被重点表扬，考试也挺有把握的，然而给分不好，4.5居然还是班里最高的几个，总之，不推荐
47287,1072,汤谷平,2017-01-25 05:27:52,-6,1,7,很厉害
48456,1072,汤谷平,2017-03-05 05:08:22,21,27,6,恶心的笑面虎
50181,1072,汤谷平,2017-05-01 01:39:36,-18,2,20,老师很慈爱，很关爱学生❤️
64707,1072,汤谷平,2017-12-26 18:02:00,21,22,1,请问老师知道学生也有尊严吗？请问老师明白将心比心是什么吗？
65142,1072,汤谷平,2017-12-29 09:22:36,26,29,3,去课题组开会，他一直用隐喻嘲讽他的研究生。本来说好期中给我们安排实验的，结果一直拖到期末，还就搞了个很简单的合成实验糊弄一下。真的非常失望，我们大老远跑到西溪，连个细胞生物学实验都没得做。
68626,1072,汤谷平,2018-01-23 13:16:16,-7,1,8,入团代表磁铁可靠
70113,1072,汤谷平,2018-01-26 06:22:26,7,8,1,瞎给分啊
70154,1072,汤谷平,2018-01-26 07:32:23,17,17,0,化学前沿，给分真的特别差，而且老师讲话丝毫不顾及学生的感受，很刺人的那种，不怎么建议选吧。\n\n
73089,1072,汤谷平,2018-02-01 01:50:16,22,27,5,浙大最垃圾老师，喜欢自我标榜，自称最最关心学生，为学生着想，简直是个笑话
73163,1072,汤谷平,2018-02-01 05:14:03,-8,1,9,上课有意思，但是给分就。。建议旁听
73300,1072,汤谷平,2018-02-01 09:49:37,-10,3,13,上的化学与人类文明，怎么说呢，还行吧，上课是真能讲（然而我也就认真听了一两次）。八九次课交5次随堂感想，尽量写得有创意一点，有趣一点，被评为优秀作业的话总评不会很低的。期末开卷，大部分题书上都能找到的。作为我大一一门通识课，90分4.5的绩点还是让人蛮开心的啦(๑˙ー˙๑)
75671,1072,汤谷平,2018-03-29 02:06:15,7,9,2,老师你确定……脑子没有……keng吗？
76215,1072,汤谷平,2018-03-29 05:55:33,1,2,1,给分很不客观。
77919,1072,汤谷平,2018-05-08 14:24:24,2,4,2,笑里藏刀，对专业有歧视，不过仪器分析这种课就是背背书刷刷题就不会太差（还是自学为主）
77941,1072,汤谷平,2018-05-09 00:14:42,9,10,1,仪器分析期末考试极其重要！！！可以扭转局势！
92947,1072,汤谷平,2019-01-06 07:37:40,4,5,1,有一种吃苍蝇的体验
93503,1072,汤谷平,2019-01-10 06:09:22,6,7,1,化学系的耻辱
94462,1072,汤谷平,2019-01-16 14:16:28,5,7,2,体验，呵呵！对于学化学的人来说，这老师讲的什么玩意？每节课都会自夸自擂，或明或暗，选这门课起初还是想学到点什么的，结果就是小论文，吹? ? ，勾考点，也是笑了，你怎么不把整本书都说出来呢？迄今为止大学遇到最烂的老师，不是因为他严格，只是因为他真的很垃圾！特意在考试前评论，建议禁止他上这门课
94636,1072,汤谷平,2019-01-22 07:28:15,3,4,1,给分太差！
95735,1072,汤谷平,2019-01-20 03:02:10,2,3,1,瞎给分，垃圾
95762,1072,汤谷平,2019-01-20 03:52:06,2,3,1,给分随意 真无语
103079,1072,汤谷平,2019-02-26 02:06:11,1,2,1,每次测试相当于点名   期中作业搞砸了  期末好好写  最后3.9
109260,1072,汤谷平,2019-07-07 17:07:04,1,4,3,给分蛮好
114407,1072,汤谷平,2019-07-10 01:09:43,5,10,5,汤老师给人感觉挺和善的啊，也不是很push学生
115160,1072,汤谷平,2019-07-16 11:40:36,1,7,6,好坏的老师
128742,1072,汤谷平,2020-12-25 06:31:55,-1,4,5,不知道为什么老师评分会这么差，老师很好的呀，会一直提醒你交作业，上课跟同学开玩笑，很和蔼的老师啊
131402,1072,汤谷平,2021-01-27 11:05:53,-17,3,20,啊最后4.8\n\n感觉真挺好一老师！！\n\n虽然我翘了好多课
145386,1072,汤谷平,2021-12-29 09:29:07,6,8,2,恶心的老师，喜欢自吹自擂
147538,1072,汤谷平,2022-01-10 07:53:11,-7,2,9,给分超好，很感谢老师！平时每节课都能听到老师的鼓励，超有魅力的老师，很难不喜欢他
150956,1072,汤谷平,2022-02-21 10:29:33,-8,0,8,老师很有趣，讲课很认真课也不错，就是对于文科生化学与人类文明真的不好拿高分
155306,1072,汤谷平,2022-06-10 12:25:29,18,19,1,复习分析化学的时候特地来给个差评\n\n复习第九章的时候觉得教材编的真烂，打开一看，果然是汤大师\n\n整个教材由数位老师编写而成，就你编写的八、九章错漏百出，例题涉及到的知识点前面却没有好好叙述，让学生云里雾里。\n\n除此之外，配套的学习指南，大部分老师的课后习题都配了详解，就你编的部分选择题只给个答案，请问你是觉得一个答案就能让学生理解题目背后的思路？还是靠你那牛头不对马嘴的课本内容解题？真的是浪费我宝贵的复习时间。\n\n其他章都可以看课本，只有这一章，我还得回去看别的老师的课件。\n\n推荐吴清洲老师的课件，有条件甚至可以旁听。
155622,1072,汤谷平,2022-06-14 16:48:31,1,1,0,我来水水\n\n跟个班
159311,1072,汤谷平,2022-07-12 03:55:59,9,9,0,本科时上过化学与人类文明课，就觉得汤老师上课有很多不合适的发言，给分也是乱给。研究生之后了解到，就是吃了时代红利当上浙大教授的人，毫无学术水平。在外营造和善关心学生的人设，实际上组里研究生退学转组抑郁的好多个，学术水平和人品俱差，德不配位，堪称浙大化学系乃至浙大之耻。
165831,1072,汤谷平,2023-01-10 04:08:39,5,5,0,化学导论 作为一门化学专业的专业选修课 老师不会劝退外专业学生 上课是讲座形式 三次讲座 讲一些化学前沿问题 个人觉得没有基础就不要选了 不会有太多收获 作业是一篇读书报告一篇翻译 给分感觉略随意 且不会照顾外专业学生 所以想拿它做跨专业模块的同学还是谨慎一些 凑学分可以 用来学知识➕想拿高绩点还是有难度的
166430,1072,汤谷平,2023-01-12 08:53:03,3,4,1,化学导论，不推荐外专业选来当科普，因为这门课采用的是请老师讲座的形式，每年请的老师都不一定相同，讲课风格难以预料，同时也不是科普向的。\n\n给分应该不差，个人作业是以完全不care给分的态度写的，从来没参与过课堂互动，不过小组展示应该还行，最后3.9，比预期略高。
170366,1072,汤谷平,2023-03-03 07:32:47,10,10,0,骄傲自大，笑面虎，脾气看似很好实际性格很差，一点也不考虑学生的感受
175315,1072,汤谷平,2023-06-23 15:10:29,-1,7,8,虽然看评论有好多前辈们踩汤老师，不过作为他的大一新生我感觉他对新生十分友好，不会太苛责学生，同时也十分平易近人，明明是一位学识渊博的教授却不请助教，自己批改学生作业还积极回复学生，很有师德。对于高年级学长想毕业的，老师也不卡着，说明只要交一两次作业好好准备考试都会让他们过。综上我觉得老师十分亲切有师德，也是我第一位评价了的老师。
177067,1072,汤谷平,2023-07-01 12:31:54,-6,2,8,汤老师上课确实有趣，氛围也十分轻松，不会点名，交作业的要求也比较低，但是可能是教学风格的原因，唯一不好的就是和同样课程的老师比，他把这门课讲的过于简单，有一种这门课非常简单不用学的假象。建议以后选这个老师的同学还是在复习的时候去听听别的老师的复习课，然后注意多细节一些。
185306,1072,汤谷平,2023-12-27 16:28:10,15,16,1,没话说。一开课就自称自己从不在意查老师评分，给他写差评的都是小朋友，他根本毫无波澜。\n\n我真扣666了，自己看到差评是真的从来不会思考一下自己的问题是吗，在那清高啥呢老哥……\n\n分析化学每节课不如自习，照念ppt，或者讲一堆莫名其妙的东西，时不时明里暗里标榜自己有多厉害，抱歉根本看不出来。。\n\n当初看见了评论但实在没其他可选时间，不得不上他的课。。自习吧家人们，好运
187648,1072,汤谷平,2024-01-17 03:22:43,-5,6,11,我宣布，汤谷平，就是最好的老师！
187772,1072,汤谷平,2024-01-17 11:03:45,-3,8,11,第一次评老师，但我一定要给汤老师一个正名，他人真的很好，而且特别捞，生怕你挂科，他真的，我哭死
188333,1072,汤谷平,2024-01-18 15:49:38,1,6,5,化学与人类文明这节课是由雷鸣老师和汤谷平老师共同开设。分别讲述书本的部分章节，如果高中学过化学，则难度较小，考试为开卷考试，外加两篇论文。考试前一定要把PPT看一遍，我最后也取得了较好的绩点，整体不错
188642,1072,汤谷平,2024-01-19 12:44:11,7,8,1,表面笑嘻嘻、乱给分的🪝🪨
189084,1072,汤谷平,2024-01-21 15:28:47,-4,2,6,汤老师的通识课化学与人类文明还是不错的，任务很少，如果学过化学的话期末完全可以裸考，因为我不太在意绩点所以也没有卷发言，没有认真准备这门课的考试。这门课两个老师一起上，汤老师讲这门课应该是比雷老师讲得好的，评论中有人说老师上分析化学课的时候时不时明里暗里标榜自己有多厉害，我表示很真实哈哈哈，但是通识课的时候能够听到老师八卦一些东西还是很开心的。上课可水，可自习，但是签到一定要签。
192880,1072,汤谷平,2024-05-31 07:49:31,-5,2,7,汤老师上课风趣幽默，给分还好！
194033,1072,汤谷平,2024-06-21 13:20:49,0,7,7,什么叫真正的复习课
194200,1072,汤谷平,2024-06-22 12:29:56,1,8,7,伟大，无需多言\n\n请忽略之前所有的差评，单论这个学期的体验，我宣布这个十分值
194366,1072,汤谷平,2024-06-23 11:25:31,-2,5,7,古希腊掌管复习课的神
195090,1072,汤谷平,2024-06-26 17:55:40,-6,2,8,个人感觉还是挺不错的，上课会讲一些比较有趣的东西，不是死板地按照课本上的讲（不然分析化学真的太无聊了）。老师本人挺随和的，经常笑嘻嘻的，还没有小测（不过课后会有较多的作业和思考题。思考题一定要做！这个等效于别的老师的小测。）至于复习，会专门抽出课外时间来给小班同学做重点复习。伟大，无须多言。
195117,1072,汤谷平,2024-06-27 00:13:30,-9,3,12,只能说，以前是以前，现在是现在，单论这个学期来说，十分拉满！\n\n什么叫复习课？这才叫真正的复习课！\n\n平时上课也挺有意思的，老师非常喜欢聊一些相关的东西。\n\ntips：平时思考题能做尽量做；如果有想出国的，也不要不好意思，都和老师说一声！
195252,1072,汤谷平,2024-06-27 12:25:06,1,7,6,上课比较爱吹，但是不点名，考前划重点。重点给分好，可以推荐。
195283,1072,汤谷平,2024-06-27 15:02:59,-3,4,7,汤老师伟大！！无须多言！！！
196142,1072,汤谷平,2024-07-02 00:28:03,-15,1,16,老师巨好
201791,1072,汤谷平,2024-11-06 10:37:55,21,21,0,布什戈门，你做班主任收缴学生身份证这种劣迹还好意思拿出来讲的？前头说学生有选老师的自由，后头就对离开自己组的研究生评价了句“他后来好像也没发什么好文章”，大抵素来把自己学生当奴隶看的吧。上来就告诉同学给分很好，不小心暴露了对自己的风评和讲课水平有多不自信。
202372,1072,汤谷平,2025-01-07 09:39:26,20,21,1,？这老师上课都在讲些什么
202584,1072,汤谷平,2024-11-13 08:29:47,10,10,0,强烈建议取消化学导论这一课程，一个1学分的课几乎节节课点名，要交一篇2000字的读书报告，还要再交一篇相同要求的读书报告或一篇外文翻译，然后还有一个小组pre，这比1.5学分的社发史任务还多，大三了还要在培养方案里加奥利给，真的6
204481,1072,汤谷平,2024-11-26 07:10:00,11,12,1,令人恶心 能换就换掉吧
206476,1072,汤谷平,2024-12-15 11:43:33,8,8,0,非常非常平常心，这位老师自己布置的作业从来不讲，其次，作业评分及其流于形式，平常认认真真地做，错了订正，当然不可避免有更正，用他说的斜线划去，然而这样每次只有4+（分为五档，4+为倒数第二档，最差4-）或者5-，然而用大学搜题酱拍出来的答案原封不动地抄上去，却是5+。我真的真的不清楚这样批作业是为了什么，太流于形式。
206708,1072,汤谷平,2024-12-17 07:20:26,8,8,0,拜托了，汤老师这么辛苦，就不要让他继续教书了，找个人陪老教师每天聊一聊吧。
206795,1072,汤谷平,2024-12-17 14:41:29,6,6,0,化学导论 PPT展示前\n\n牢汤第一次课的要求：PPT展示呢，我们还是以某个topic为主，一张背景两张进展还有一个展望最后是你的reference\n\n有人向他问展示是否限制主题相关的问题，牢汤又发挥出了他娘娘腔的绝招： 说 了 100 次 啦  ， 没 有 任 何 问 题 ， 但 是 太 偏 离 主 题 扣 分 就 是 啦 \n\n因 为 给 你 三 个 主 题 ， 你 一 定 要 选 别 的 ， 怎 么 说 呢 ， 游 戏 总 有 规 则 。 你 懂 的 。 \n\n我只能说：牢汤，你无敌了，这么喜欢当不知所云的谜语人是吧？\n\n最后室友一针见血地指出来：汤谷平估计根本搞不清自己的展示有什么要求，他文献综述限制的多一些，展示基本没怎么限制，他肯定把几项课程任务的要求完全搞混了，他真是个天才！
206798,1072,汤谷平,2024-12-17 15:06:16,6,6,0,一个水课为什么事情这么多，又要翻译论文又要做综述，还要小组展示。小组展示的主题一开始说可以选A、B、C三个主题，也可以选其他主题。不放心选其他主题合不合适去问他，他回复可以。然后等快展示了，另一些人问他他又说可以选其他主题，但是他要扣分。
206799,1072,汤谷平,2024-12-17 16:38:56,4,4,0,化学导论，傻逼展示，要求自己都搞不明白，对不同同学的同一问题回答的前后打脸，也是无敌了
206806,1072,汤谷平,2025-01-08 05:49:06,10,11,1,有个人带着他的儿子去天津游玩，某天，他们俩到了塘沽，走到了海河外滩公园，美丽的公园，碧蓝的河水，绿植环绕，与不远处的城市高楼交相辉映，顿时让他们感觉一下心旷神怡，专心沉浸在了这片美景之中。\n\n儿子一直凝望着这片碧蓝的河水，但是他还小，一直都想不清楚，塘沽这边的河水到底为什么是碧蓝的呢？于是他好奇的问爸爸；“塘沽凭啥碧？”\n\n过了一段时间，两人去某个滑雪场滑雪，儿子想体验一下在滑雪场滑旱冰是一种什么感觉，就只穿上了旱冰鞋进去，由于这个滑雪场长期缺乏维护，滑雪道上的雪非常脏，里面混满了泥土。结果可想而知，旱冰鞋踩进了雪里根本无法前进。等他好不容易从滑雪道里踩着雪出来，旱冰鞋的轮子上早已布满了污泥，他只好垂头丧气的说道：“泥填滑雪道、轮”\n\n更：化学导论出分了？\n\n那就给你打个六分高兴一下
206863,1072,汤谷平,2024-12-18 04:16:02,8,8,0,说年纪大了不会把微信文件传到钉钉上也就算了，发个图片也不会？还要先转发给同学再叫同学发到钉钉呢？呢呢呢～\n\n知识点讲一半突然“汤老师带实验的时候小同学呢～”“上次企业又来请教汤老师了哦”\n\n没有人能找到他的重点😵‍💫
207161,1072,汤谷平,2024-12-19 13:13:50,-11,1,12,老师人很好
208035,1072,汤谷平,2024-12-27 05:10:47,4,4,0,终于到了PPT展示，来看看牢汤当天的逆天操作：\n\n两节课，9-10节，算上课间撑死95分钟，总共十九组展示，每个组展示五分钟，勉强能连续讲完\n\n结果这个牢汤开头浪费掉五分钟不说，每一组展示完后都BBBB个不停，平均每次BB四分钟，BB的还有很多无关的问题，比如：哪里有哪些大型药企，还要提关于文献的各种问题，这个提问环节完全以为难学生为目的，如果回答不上来还会被要求求助其他同组同学。\n\n开头牢汤浪费五分钟，每组展示五分钟，牢汤再浪费四分钟，十九组，累积起来就是几近三个小时，四点十五估计得耗到七点十几(实际上真耗到了七点)，真当大家晚上都不吃饭而且没课是吧！能默默给同学们打个分非得自己来找一找存在感是吧？砂铋婉仪！\n\n另外，化学导论这烂课为什么在期末教学评价上完全没有出现！怕被喷烂是吧？\n\n再补：牢汤非常喜欢营造和善关心学生的人设，在通识选修课上他可以确保他这个人设露不了馅，但在分化乙和化学导论上，他是会露馅的！所以选这两门课的同学要注意，不要被他巧言令色的伪善面孔蒙骗了，要想到这是他的糖衣炮弹
208050,1072,汤谷平,2024-12-25 10:26:35,4,4,0,这老师属于纯纯的逆天\n\n化学导论这个课什么性质自己不清楚吗？\n\n一篇翻译一篇综述一次pre\n\npre的提问属于怎么为难怎么来\n\n把浙大化学系的学生在一门水课上面问住可太有成就感了\n\n最搞笑的是第二组pre就讲了离子液体的电化学方面他提的问题是你知不知道离子液体在生物方面的应用\n\n我们组pre讲了三个方面的应用他又说讲的太泛了\n\n不是我寻思你pre之前也没说什么要求啊-\n\n5分钟的pre能透彻到哪里去--\n\n人讲完了开始叨叨叨\n\n那可不优势在你吗\n\n指令不清，事情一堆，节节点名\n\n能力我不知道\n\n做人肯定有问题
208116,1072,汤谷平,2024-12-25 16:15:50,3,3,0,选化学导论的看。\n\n展示要求不讲人话，你问他什么东西他都给你绕弯子。\n\n展示当天明明组数很多还一堆逼话，喜欢刁难台上的学生，搞得五点五十下课的课，上到七点钟！这他妈诗人我吃。\n\n外系的兄弟姐妹们你们爱打高分就打，对化学系的人来说碰上这个老师真是倒八辈子霉
208357,1072,汤谷平,2024-12-27 04:42:49,5,5,0,先给牢汤打个8分，我到时候看看试卷上的题是不是跟你上课说的题目一样
208525,1072,汤谷平,2024-12-29 02:23:09,2,2,0,讲课主打一个思路混乱和瞎jb讲，凸ಠ︵ಠ凸
208883,1072,汤谷平,2025-01-03 15:34:04,0,2,2,掌管复习课的神
208963,1072,汤谷平,2025-01-03 15:34:36,0,1,1,古希腊掌管复习的神！！！
208964,1072,汤谷平,2025-01-03 15:36:52,7,8,1,孩子们，选汤老师的分析化学只需要听最后一节课就好了
209882,1072,汤谷平,2025-01-07 10:12:45,1,1,0,［分析化学］上汤老师的课以自学为主。他也从来不点名，但最后两节课一定要认真听，包有用
209898,1072,汤谷平,2025-01-07 10:55:23,0,0,0,掌管复习课的神！！！
209953,1072,汤谷平,2025-01-07 14:24:44,-4,0,4,化学导论都给我选
210014,1072,汤谷平,2025-01-08 02:12:17,-3,1,4,感觉汤老师很好啊，给分也还行
210207,1072,汤谷平,2025-01-08 11:15:28,2,2,0,仅针对分析化学（乙），受限于这门科神奇的教学时长和考纲，老师确实也没有办法做的更好了。但是老师为了让同学们能拿个好成绩已经可以说是付出最大的努力了，最后两节的复习课都极其有针对性。还是要感谢一下老师，单从分析化学（乙）来说，应该不会有更好的老师。不过老师身体不好，可能以后也未必会上这门课了
211798,1072,汤谷平,2025-01-12 12:56:35,0,1,1,绝世好老师，可惜要退休，太可惜了
214808,1072,汤谷平,2025-02-18 03:59:47,3,3,0,讲课确实一般，但认真上复习课的话又确实能保证你拿高分
215185,1072,汤谷平,2025-02-24 01:47:55,1,1,0,分析化学乙。\n\n上了两节课。可以感觉出老师人很好，愿意帮助同学和回答问题，还有一些分析表征的问题也会帮忙。但是课程内容侧重点有点问题，很大部分时间都在讲延伸出去的话题，课本知识反而都带过了。感觉选汤老师的课得要么多问要么再去补补其他老师的智云【笑哭】。
217674,1072,汤谷平,2025-04-15 05:08:33,0,0,0,非常好
219333,1072,汤谷平,2025-05-25 10:54:03,1,1,0,化学与人类文明，作为一门通识课来说，更多的就是让非专业的同学了解化学知识，汤老师很有意思，上课会举例子，扩展很多课堂外的事，有人说汤老师爱吹牛，但是我恰好就是这一类喜欢听老师“吹牛”的学生，因为通识课程本就是普及知识的嘛；在学校里面碰见汤老师，和他打招呼，老师也会很热情回应；雷老师上课虽然平淡了点，但是通俗易懂，能了解很多之前不知道的东西；\n\n课程任务也不重，就两篇1500字小论文和期末考试（开卷考），平时点名是纸质；\n\n对于期末考核，汤老师也有带着复习划重点，认真准备一下的话也不会太差，因为自己是美术专业，自认为自己文化比不上周围同学，但最后也拿了4.8的绩点，看见有同学说自己拿了3.6，或许是期末答卷回答的太简单不够充分呢？老师考前也说过，回答问题是要多答一些，不要就是一两句，不然给分都不好给。\n\n总的来说，老师人很好，课程不错，还是蛮轻松的，每周去听课一个半小时可以当成很好的放松，忙的话也可以适当干自己的事情。（本来打算24秋冬学完就评论的一直拖到现在..）
81906,1140,陈关喜,2018-07-06 12:56:04,-2,3,5,中级化学实验太垃圾了
215963,1140,陈关喜,2025-03-08 08:38:27,-1,0,1,cgx虽然讲课会很啰嗦，但是人还是不错的，中化一虽然很垃圾，但是课程设计的责任不在他，另外他是真的帅，至少比照片帅
217129,1140,陈关喜,2025-04-02 07:40:28,2,2,0,讲得很细，但是课程环节设计太不合理，做了这么多次实验从来没有他的gc-ms这么牢的课
14945,1148,吴百乐,2016-01-11 07:21:39,-4,1,5,快...
22671,1148,吴百乐,2016-03-09 23:55:02,-4,0,4,...
22722,1148,吴百乐,2016-03-10 07:05:37,-6,2,8,太啰嗦
22732,1148,吴百乐,2016-03-10 07:42:31,16,18,2,很和善 挺幽默
25071,1148,吴百乐,2016-05-05 06:56:14,-19,3,22,差劲，我觉得甚至可以算是浙大最差劲的老师，沽名钓誉，死板保守
25429,1148,吴百乐,2016-05-19 01:59:59,2,3,1,还好啊
30399,1148,吴百乐,2016-07-01 13:15:30,-3,4,7,特别烦，每次都要说几十分钟
30464,1148,吴百乐,2016-07-01 16:02:06,0,2,2,给分好差
30500,1148,吴百乐,2016-07-01 18:44:44,5,7,2,很奇怪怎么他分这么低！超和蔼讲话是真的蛮爱重复强调操作的
31910,1148,吴百乐,2016-07-05 06:52:03,2,3,1,难得一见的好老师。
38603,1148,吴百乐,2017-01-02 00:15:16,8,9,1,好老师\n\n
38677,1148,吴百乐,2016-12-14 08:10:37,6,8,2,吴老师的六位助教学长学姐讲解都很到位，指导实验操作都非常负责，也都很有个性，吴老师也超级和善！这学期刚开始我还对做有机实验有点畏惧，现在觉得每周二去上大化O都好开心啊！
39490,1148,吴百乐,2016-12-23 06:58:29,2,4,2,蛮开心的他的几位助教人也很和蔼
40318,1148,吴百乐,2017-01-02 11:38:37,0,1,1,喜欢！萌萌哒有耐心的老师！
40979,1148,吴百乐,2017-01-07 07:09:03,4,5,1,五星好评，下次还选
42974,1148,吴百乐,2017-01-15 14:15:51,-1,3,4,我上的是实验课，和老师没什么关系，感谢助教，平时报告分那么低都给我4.2，我们的六个助教都很好，不过可能会换……
43658,1148,吴百乐,2017-01-16 16:52:24,10,10,0,我觉得老师挺好啊。虽然助教很认真准备讲的已经很细了，但老师最后的补充每次都会让我觉得哇果然是老师啊，强调的地方肯定是经验所得。
48327,1148,吴百乐,2017-03-02 06:48:18,0,0,0,好到没话说
52240,1148,吴百乐,2017-06-16 09:20:28,1,2,1,给最美最和气最助人的助教评的分，真心在我浙能遇见最棒助教，噫噫噫……
53716,1148,吴百乐,2017-06-27 10:51:03,0,1,1,老师很好，但是为什么给分.....
53794,1148,吴百乐,2017-06-27 14:27:57,3,4,1,当时选的评分更高的吴师老师，无奈在周五下午做实验然后被教务网改成了吴百乐老师。只是想表达真的感谢教务网！老师非常好！周五下午是老师亲自讲解，是真的能学到很多东西。老师和善，耐心。助教哥哥也非常好很帅很贴心，关键给分也很棒啊！算是认真学了 最后4.8。很开心了。唯一一个想要评价的老师，选的时候评分只有6.5几 根本不是啊！最低也得9吧！打开了我有机实验和实验操作的大门
54021,1148,吴百乐,2017-06-28 08:31:18,3,4,1,很认真很负责的老师，又很幽默风趣。上老师的大化O，即使考试比较难还是有4.8，挺满意的。
54179,1148,吴百乐,2017-06-28 15:25:51,1,2,1,和善不多说，助教棒得飞起！
54945,1148,吴百乐,2017-06-30 13:09:16,0,0,0,老师挺好，助教挺逗\n\n
55603,1148,吴百乐,2017-07-02 04:31:09,0,0,0,老师耐心和蔼，知识渊博，求佑有机！
60011,1148,吴百乐,2017-10-03 06:01:06,0,0,0,很好老师\n\n
60851,1148,吴百乐,2017-10-31 08:31:04,1,1,0,老师还好
60998,1148,吴百乐,2017-11-06 16:45:09,5,8,3,老师挺好的。这学期助教有毒吧？\n\n心得一张a4纸，写满满分，少多少按比例扣分。如果这么批实验报告也太不走心了吧？我们做实验就是为了堆字数是吗？\n\n
61445,1148,吴百乐,2017-11-17 09:28:01,0,0,0,老师很棒
66532,1148,吴百乐,2018-01-17 07:43:36,0,0,0,五星好评，为认真负责的吴老师和助教点赞!
66904,1148,吴百乐,2018-01-19 08:50:22,0,0,0,老师人超好……助教……emmmmmmm……不想说了
66923,1148,吴百乐,2018-01-19 09:49:28,1,1,0,老师很可爱 助教有点凶
66928,1148,吴百乐,2018-01-19 09:57:40,0,0,0,很满足啦。自己实验报告什么的都挺水的理论考试也不好，是自己的问题，给分已经超出想象啦。
67127,1148,吴百乐,2018-01-20 10:05:35,0,0,0,助教讲得很仔细，老师偶尔会补充一些要点，老师很幽默，会和我们聊天开玩笑
67211,1148,吴百乐,2018-01-20 12:58:18,0,0,0,好老师！
72175,1148,吴百乐,2018-01-29 13:55:25,0,0,0,非常好，很有耐心~
74230,1148,吴百乐,2018-02-07 09:07:44,0,0,0,很好的老师。点赞！
74467,1148,吴百乐,2018-02-27 00:17:43,1,1,0,吴老师很认真严谨。助教们刀子嘴豆腐心，讲解实验室很耐心仔细。很幸运选到了吴老师的实验课。
80899,1148,吴百乐,2018-07-02 12:59:12,0,0,0,老师很好，化学实验课本来就就比较无聊，报告也多，这都不能怪老师嘛。老师人真的不错，讲的也很细，很学生也很和善，4.5不高不低。。给分还行吧
80931,1148,吴百乐,2018-07-03 00:35:30,0,0,0,好老师，很有耐心~
80955,1148,吴百乐,2018-07-03 04:09:13,0,0,0,老师比较和善，对学生实验操作和报告要求比较高，我们班没有助教一直都是老师在带。4.5不好不坏吧，给老师满分
81399,1148,吴百乐,2018-07-05 03:42:03,0,0,0,老师挺好的，经常回来实验室看我们操作。有一次我烘干的分液漏斗被拿走了，老师帮我又去找了一个。不过实验课还是得看助教们打的分数
85841,1148,吴百乐,2018-08-21 11:03:13,-1,3,4,太垃圾给分差
86888,1148,吴百乐,2018-09-19 07:19:44,0,0,0,很和蔼，最喜欢这种老师
97380,1148,吴百乐,2019-01-22 08:28:04,-10,0,10,94分 卡绩 没话讲了
110646,1148,吴百乐,2019-06-28 01:28:44,2,2,0,当年我们没有硅油怎么测熔点呢？有没有同学知道？嘿嘿，用浓硫酸
110840,1148,吴百乐,2019-06-28 10:28:02,4,5,1,给分不好，不知道哪里比别人差了
110930,1148,吴百乐,2019-06-28 14:41:38,0,1,1,超级好
111137,1148,吴百乐,2019-06-30 04:43:07,3,3,0,助教炒鸡可爱，老师人也很好，助教讲完会有补充，老师超级注重着装，经常“这个同学，你站起来一下。裤子有点短诶”
111276,1148,吴百乐,2019-06-30 23:58:05,0,1,1,我真的是个实验渣，所以比较害怕助教和老师。老师有时候有点凶，但是人真的很好，助教很可爱很负责。有个男助教虽然讲得不咋样，但是说话很搞笑，给分很好（233333）
111423,1148,吴百乐,2019-07-01 12:16:58,-3,1,4,老师还是很和蔼可亲的，就是助教批报告批的特别特别细（甚至试过在实验目的上被扣分TAT...）平时助教打分挺严格的我觉得，最后4.5还行吧，满意了，
111877,1148,吴百乐,2019-07-03 01:50:21,1,1,0,行吧(ﾉ_ _)ﾉ
111990,1148,吴百乐,2019-07-03 05:56:44,0,0,0,非常好\n\n
113312,1148,吴百乐,2019-07-06 05:35:37,0,1,1,助教略严 目的 步骤 现象 感想 讨论都要好好写 来自一个实验手残还不好好写报告的3.9 QAQ
114657,1148,吴百乐,2019-07-11 02:54:52,1,1,0,周小琪助教小姐姐好看！\n\n实验报告改得好严
118153,1148,吴百乐,2019-10-22 02:16:14,1,3,2,老师很好，助教给分真心低，全班最低分30分，最高80分，无语=_=
120338,1148,吴百乐,2019-11-29 03:28:18,3,3,0,自己说不清楚还甩锅
122486,1148,吴百乐,2020-03-01 11:47:24,3,3,0,是老师严格？条条框框讲了一大堆，要画图，要画图，要画图！
134451,1148,吴百乐,2021-03-29 04:59:23,0,0,0,吴老师代课，我被圈粉了，看着很严厉很麻烦，其实很耐心帮助学生
6766,1158,岳林海,2015-07-22 12:43:33,24,34,10,挺和蔼的老师，虽然无机课可能觉得会有点无聊，但是一定程度上是本身的课的性质决定的。最后给分还是不错嗒～推荐～
11757,1158,岳林海,2015-12-14 07:15:20,2,6,4,给分不错
15562,1158,岳林海,2016-01-15 11:05:13,2,8,6,可以的，给分不错
15592,1158,岳林海,2016-01-18 04:51:08,4,8,4,助教好 给分好
17782,1158,岳林海,2016-01-21 01:20:40,0,3,3,大化G是他 做实验会来巡堂 虽然标准有点严格 但是老师很和蔼
18834,1158,岳林海,2016-01-22 15:23:42,4,8,4,平时上课水一水 最后给分超级好
19467,1158,岳林海,2016-01-24 09:41:28,0,3,3,助教好人
22709,1158,岳林海,2016-03-10 05:54:01,2,4,2,有点无聊 负责任
22975,1158,岳林海,2016-03-15 11:12:44,0,4,4,给分好
23913,1158,岳林海,2016-04-21 02:24:25,2,4,2,老师讲课很有兴致啊！
28510,1158,岳林海,2016-07-01 15:30:06,4,7,3,很好的老师啊，讲的很细，评分很好啊！
29815,1158,岳林海,2016-06-30 10:52:18,4,7,3,岳爷爷?
34123,1158,岳林海,2017-01-13 09:52:28,-5,4,9,好好好好 事少分高 上课睡觉 按时交作业\n\n期末肝一天就4.5了
35061,1158,岳林海,2016-11-01 06:05:47,8,14,6,没有期中考的岳爷爷
35434,1158,岳林海,2017-04-23 03:00:23,-22,4,26,居然没有0分
38931,1158,岳林海,2017-01-17 05:50:36,0,2,2,老师平时分很好\n\n
41920,1158,岳林海,2017-01-13 08:35:38,2,4,2,岳老师真的好老师虽然无机听课经常睡着，主要是下午的原因，给分也很好！表白岳老师
41923,1158,岳林海,2017-01-13 08:38:04,11,20,9,出分超级无敌快，昨天考的今天就出了。\n\n助教很好，老师也很和蔼。不点名作业也不多。给分……主要因为上课不听平时不认真期末补天看了书但没什么卵用，还做了假卷，导致期末爆炸……还是刷题吧。\n\n
41934,1158,岳林海,2017-01-13 08:58:27,5,8,3,无机课有点无聊，可以水一水，没有期中考，只有一次quiz当做点名用，还是带回去写的。。。
41947,1158,岳林海,2017-01-13 09:27:17,2,4,2,没有期中考，讲的也不错()和隔壁刘润形成鲜明对比
41950,1158,岳林海,2017-01-13 11:27:14,1,4,3,3.6的学分 其实只和自己有关
41969,1158,岳林海,2017-01-13 10:34:34,0,2,2,老师真的很和蔼可亲！很庆幸无机是他教得！好好听课做习题成绩会不错的，看到最后的给分自己都很惊讶(≧▽≦)
42010,1158,岳林海,2017-01-13 12:07:56,0,1,1,老师人很好，助教也很好，出分超级无敌快，成绩不好只能怪自己了。。。。
42043,1158,岳林海,2017-01-13 12:56:37,0,1,1,老师讲的挺好很细致！\n\n绩点低只能怪我自己。。\n\n睡不睡觉没事儿，但是一定要好好写老师布置的作业
42102,1158,岳林海,2017-01-13 14:53:18,0,0,0,挺好的老师
42115,1158,岳林海,2017-01-14 04:02:24,6,7,1,事少人好出分快，自己努力分就高，听说17年开始就不能带A4了。但推荐各位还是要自己手写整理一遍。这样记公式也快，还可以注意到一些要死的细节，还有课后题里的英文题也要看看哦！各位加油！么么！
42139,1158,岳林海,2017-01-13 15:53:01,6,11,5,老师是个很好的人，第一印象很和蔼，结果真的很和蔼，不知道为什么莫名喜欢岳老师，岳老师是个很正直的人，但是学好无机还是要在考试前和平时多刷题，光看书是没用的……惨痛的教训，希望岳老师今后越来越好！
42156,1158,岳林海,2017-01-13 16:21:05,0,2,2,讲课认真。不过无机说实话是一门靠自己自习的课。唯有自己努力。才有成绩
42162,1158,岳林海,2017-01-13 16:43:17,0,0,0,挺细致的
42197,1158,岳林海,2017-01-14 01:11:29,0,0,0,老師人挺好 助教也很好 只是上课還是认真的好 不然期末這天可不好補
42276,1158,岳林海,2017-01-14 03:21:56,0,0,0,岳爷爷人超好
42518,1158,岳林海,2017-01-14 10:19:28,0,1,1,老师讲得很好，回答问题也很有耐心，就是最后给分有点迷？？
42777,1158,岳林海,2017-01-15 05:16:23,0,0,0,很好\n\n
48016,1158,岳林海,2017-02-28 05:12:31,0,2,2,出分超快，靠自学
49039,1158,岳林海,2017-03-22 06:41:22,0,0,0,美滋滋
49083,1158,岳林海,2017-03-24 00:51:10,0,1,1,老师挺好的，很和蔼。所以，1分扣在普通话不标准哈哈哈～(￣▽￣～)~
52931,1158,岳林海,2017-06-23 14:52:48,-1,2,3,就这么说吧一般作业都是自己交自己拿，老师非要把整个班拆成很多小班每个小班 内 定 两个班长来收交作业，最后一节课说班长辛苦了最后给加5分exm？？第一内定的第二事先未告知加分，我们怎么知道你是不是认识这几个班长啊？很后悔教务网上没有写这个。\n\n但是岳老师讲的很好。
54338,1158,岳林海,2017-06-29 06:19:51,0,1,1,是不是要挂了
54341,1158,岳林海,2017-06-29 06:21:36,0,3,3,感觉无机要挂.. 先来吸一吸仙气
56067,1158,岳林海,2017-07-03 04:21:53,2,5,3,讲的，比较容易让人注意力分散，期末分不好，和给的那份所谓的复习要点有很大的关系。考的都不是要点。坑
56075,1158,岳林海,2017-07-03 04:24:47,5,7,2,老师不错 助教垃圾
57235,1158,岳林海,2017-07-06 05:35:57,-1,1,2,和蔼的老师，但上课真的进度慢。
61709,1158,岳林海,2017-11-20 08:14:09,0,2,2,这是一门主要靠自己认真翻书做题的课，岳老师很和蔼讲的也很好，先跪好，求不凉
61858,1158,岳林海,2017-11-21 09:31:43,0,1,1,希望分数不是我想象中的那样，?
70732,1158,岳林海,2018-01-27 12:43:54,0,3,3,答疑超级认真！！老师超级好！！期末老师真的再尽力给大家找分
70943,1158,岳林海,2018-01-28 00:40:33,0,3,3,老师超可爱，体谅学生。无机分析能不能考好也是要看自己的，别裸考，该刷的题还是要刷，不能光看书。助教小姐姐也很可爱。
71397,1158,岳林海,2018-01-28 11:38:57,0,2,2,讲完题总会对你认真的笑一下
72377,1158,岳林海,2018-01-30 04:00:57,-3,1,4,老师人很棒哦，期末还特意把分批高了，满分！
73088,1158,岳林海,2018-02-01 01:49:00,-1,2,3,老师真的人超棒！我期末考试前的那个上午找老师答疑，好多上课讲的知识点我都不太会，老师虽然数落几句怎么不认真看书，但还是超认真超耐心的给我讲解。我缠了老师一个上午，问的都是超基础超简单的问题，老师都没有觉得麻烦，还一直问我听懂了吗之类的，还颇为自豪的说“又帮你搞定了一块内容”，简直超可爱啊！最后虽然期末没有考的很好，但绩点4.5真的超级开心了！谢谢老师！
73398,1158,岳林海,2018-02-01 13:38:52,0,2,2,虽然限于课程本身的性质，加上冬学期不开门窗教室很闷，真的有点催眠orz，至少我觉得有些困，考前确实认真复习但是发挥的不满意。不过，老师人真的非常好，课后去问题都回解答到明白，打9分。
74612,1158,岳林海,2018-03-04 15:28:05,-1,1,2,怪我没好好听课，老师是非常不错的，上课认真，最终老师让我过了，十分感谢(❁´ω`❁)
76494,1158,岳林海,2018-04-11 07:58:49,-1,1,2,小测只有选择题，作为点名，贼棒
78300,1158,岳林海,2018-05-10 14:11:27,0,4,4,不明白为什么，分数和努力不成正比？感觉挺挫败的
81914,1158,岳林海,2018-07-07 02:36:26,-1,5,6,楼下辣鸡别乱说，谁和你说最高4.5的，我就5.0，自己这么菜还有理了？
81915,1158,岳林海,2018-07-06 13:07:30,4,6,2,老师真的很好，但就是助教垃圾
81954,1158,岳林海,2018-07-06 15:32:14,0,6,6,我觉得这个老师虽然看起来和蔼，但是最后给分真的辣鸡，明明平时分可以给你满，就是不给，结果最后群里纷纷吐槽被卡绩，就是因为一两分的平时分，神tm全班第一绩点4.5，你自己不觉得该考虑一下么？虽然查老师的均绩仅供参考，但是，我觉得没差，基本就这样了。不上三的均绩，配不上您上九的评价！！！感谢您的卡绩！！！
81958,1158,岳林海,2018-07-06 15:38:57,0,1,1,卡绩之王
81970,1158,岳林海,2018-07-06 16:25:38,2,3,1,老师很好很复杂，给分全看助教。助教可能是新来的，不懂调分，给分不是很好，还是得看自己吧
82037,1158,岳林海,2018-07-07 02:27:51,-1,1,2,人很好
82936,1158,岳林海,2018-07-09 10:26:11,1,3,2,老师其实很可爱啦 但是助教平时分给的毫无道理，为什么不清楚操作不问问老师呢？
87323,1158,岳林海,2018-09-30 06:33:31,0,2,2,上的真的好快。。。
87837,1158,岳林海,2018-10-15 09:42:21,4,5,1,真的难受
88536,1158,岳林海,2018-11-01 03:29:26,-1,2,3,上的真的快，学不下去了
88537,1158,岳林海,2018-11-01 03:31:37,-1,3,4,完全跟不上的速度  上第七章时完全听不懂 全靠自学
89008,1158,岳林海,2018-11-13 23:14:44,0,3,3,考前奶一口岳老爷爷
89092,1158,岳林海,2018-11-15 11:18:27,1,2,1,给分挺好的，讲课也不错（不过自己有时会迷糊）也欢迎同学问问题
89201,1158,岳林海,2018-11-16 16:44:43,3,4,1,作为一个实实在在的化学渣渣…还是坚定地给岳爷爷打了十分！炒鸡负责，炒鸡认真！不过普化真的要靠自己学，预习是非常有必要的，然后上课他讲的东西都听了才有用…千万要拍PPT，还有小测的题一定要弄懂！
89236,1158,岳林海,2018-11-17 08:10:39,1,2,1,人真的好，真的认真
89351,1158,岳林海,2018-11-18 15:00:24,1,4,3,首先上课挺无聊的，就是一般老师讲的水平吧（经常忍不住睡着(つД`)）但是老师挺和蔼的，会有小测，但很水。期末千万不要去文印店买卷子，完全没用，多做做后面的题和老师的题，7.8两章虽然难，但一定要掌握，占分很多。\n\n最后忍不住说一句，老师出分真的超快！！！分也挺准的，基本你自己加一加，算一算，比着标准就差不多了。
89389,1158,岳林海,2018-11-19 02:26:19,-3,2,5,上课让人想睡觉，，全靠自学
89420,1158,岳林海,2018-11-19 04:13:50,7,8,1,棒棒哒，但是给分一般啊
89436,1158,岳林海,2018-11-19 06:50:17,0,2,2,老师真的很负责任！
89478,1158,岳林海,2018-11-19 09:06:39,5,5,0,老师很和蔼很负责，全是干货毫不掺水，认真预习认真听课多看书本绩点就摆在那里。（不包括我…）上课不点到，老师说只要最后考试分数特别高就可以直接按考试分数算绩点，平时作业可以不交。（当然几乎不存在这种情况…）助教和老师给分很友善了，都有在尽力拉上来。早上考的下午卷子就改好了第二天成绩就知道了，对卷面分有意见的还可以去找老师当面提，特别贴心。老师也很有人格魅力，推荐大家选起来呀！
89557,1158,岳林海,2018-11-19 14:18:27,5,5,0,人超好，第一个出分。普化上课超困，经常睡觉。这个学期由于国庆等原因，课时很少，上得特别快。还是平时要好好预习，不然容易一脸懵逼。要多刷题，血的教训。
89967,1158,岳林海,2018-11-21 11:50:07,1,2,1,岳爷爷真的是个很和蔼的老师  讲课很仔细下课还会留下来答疑，平时分也会尽量往高给，至于成绩主要还是看自己期末努力程度了
91222,1158,岳林海,2018-12-03 16:07:15,2,3,1,老師其實挺和靄的，在期未前的時候也開了一張答疑課，平時有不會的也樂於解答。不過只怪普化乙只有半個學期，但要學完一本1.5厘米厚的書，後面有很多內容老師都是趕着教的，節奏很快（最後有一部份還需自學），有點跟不上，老師也不容易啊。不過真心來說老師真的是一位的好老師
104737,1158,岳林海,2019-03-26 23:58:29,3,8,5,这尼玛有毒吧 作业都写成这样了还tm鸡蛋里挑骨头？给分细则自己还不一致？有意思？还要怎样？
106190,1158,岳林海,2019-04-25 12:54:13,-1,0,1,上课真的很赶时间的时候我老师人赞赞
106192,1158,岳林海,2019-04-25 13:00:57,5,5,0,高中没选化学，化学学考B，经过岳老师挽救平安通过。上课认真负责，尽可能调分保学生通过，必须十分的好老师！！！
106196,1158,岳林海,2019-04-25 13:16:35,0,1,1,靠自学
107516,1158,岳林海,2019-05-06 06:32:23,0,0,0,。。。。。。。。。。。。。。。上课有点敷衍(时间不够的原因)\n\n我自己也有问题，但总之不是很喜欢他的教学风格
107856,1158,岳林海,2019-05-10 11:18:29,-2,0,2,垃圾老师，给分贼低
119230,1158,岳林海,2019-11-11 11:24:48,0,0,0,普化乙，上课讲得贼快不过这个是课程安排的问题/期末不给考纲让我们自己体会……您自己有的内容上有的上课没讲，也不说要不要考，请问我们怎么体会？
119896,1158,岳林海,2019-11-16 23:20:07,0,0,0,一听他的课就想睡觉，考前把书过一遍，再把他的quiz题目搞懂，考过不是问题，但被卡绩了还是有点难受。
119906,1158,岳林海,2019-11-17 04:36:17,-8,1,9,老岳讲的快，其实大概都靠自学。老师平时分给的高，还捞人。考试出来自我感觉还不错，但是最后只有4.5。大概是自己菜怨不得老师吧。
119918,1158,岳林海,2019-11-17 00:49:02,1,2,1,嗯……普化乙课程内容有点催眠，我秋学期的课差不多全是睡过去的，不过老师上课挺投入的（虽然太快了，不过也没办法），也安排答疑，期末还会给我们调分，努力捞人，很好很和善。其实这门课平时作业认真点写，努力自学也是ok的。期末前一定要好好做人，读一遍书，练练老师给的题。虽然最后被卡绩了，不过绩点还是很可以的！
119926,1158,岳林海,2019-11-17 01:03:30,1,1,0,虽然因为课程量大上的飞快，但老岳真的很认真的。当时课后作业没有答案，老岳就让我们做了他帮我们改。最后期末，之前很长时间都没有管，考前努力复习了一天，成绩最后居然还可以。老岳和助教一直在辛苦拉分。表白老岳。\n\n老岳真的是世界上最好的老岳。
119947,1158,岳林海,2019-11-17 01:40:54,1,1,0,给分好，期末捞人。
119948,1158,岳林海,2019-11-17 01:44:35,0,0,0,呜呜卡绩
119966,1158,岳林海,2019-11-17 02:26:26,1,1,0,老师挺好的，给分也不错，不过上课也不可能很有趣的，课程问题。
120048,1158,岳林海,2019-11-17 07:43:54,1,1,0,老师真的很和蔼，对学生特别负责，偶尔还开开车。关于普化这个月课，本来就是时间少任务重，老师尽自己所能上课，课后还利用节假日为学生答疑真的很负责，分数也尽可能给最高。出成绩前调分拯救挂课的。老师超级赞！！
121351,1158,岳林海,2019-12-18 10:54:02,0,0,0,老师人很好，普化乙的话课时有点赶，非常考验自学能力
134942,1158,岳林海,2021-04-24 07:53:11,0,1,1,说话很直，脾气不好，经常批评同学。10分打5分还是有的
157711,1158,岳林海,2022-06-24 12:08:53,-1,0,1,无机及分析化学实验。自学。分还行。
163695,1158,岳林海,2022-12-16 03:14:58,5,5,0,蔡蔡，蔡蔡~
183728,1158,岳林海,2023-11-29 09:04:14,1,1,0,说话比较直，实验指导比较严厉，经常批评抱怨同学，但是指导上比较比较负责任的，10分打8分还是有的
197365,1158,岳林海,2024-07-11 12:41:51,0,0,0,说话虽直，但有事真会帮你
4227,1168,陈万芝,2017-09-05 07:23:15,52,67,15,有史以来最负责的大学教师\n\n
4899,1168,陈万芝,2015-06-30 06:57:11,6,8,2,最负责的老师之一
5022,1168,陈万芝,2015-07-02 07:52:48,23,28,5,很好的老师\n\n
5042,1168,陈万芝,2015-07-02 13:02:48,22,30,8,上课轻松，课下交流
5839,1168,陈万芝,2015-07-09 14:55:46,12,16,4,陈老师是我见过的最负责最可爱最尽职的老师，真心赞～
5878,1168,陈万芝,2015-07-09 17:40:36,10,13,3,老师人超级超级好！！！！很认真很负责！
6108,1168,陈万芝,2015-07-11 02:08:27,3,4,1,好
6117,1168,陈万芝,2015-07-11 04:25:47,16,21,5,老师真的很好，很负责！每天在群里陪我们解答到很晚！上课也很清楚，偶尔很好玩
6216,1168,陈万芝,2015-07-12 05:24:18,-7,6,13,挂科率太高 上课小测也很多
22538,1168,陈万芝,2016-03-07 14:34:33,-7,4,11,上课很无聊的
22689,1168,陈万芝,2016-03-10 02:36:55,7,14,7,老师是很负责很认真！ 绝对是好老师！ 但说话总是断断续续 有点说不清楚 对其他学科的知识不太了解 关联的知识有点讲不清 还说 我不懂不要紧 你们懂就好了-_-///
23140,1168,陈万芝,2016-07-03 04:55:55,4,7,3,陈老师认真的很好，可爱，负责，上课讲的清楚，会说哪里是考点，提醒睡觉的同学，有时会讲学习的真理，课下答疑很关心同学们，迟到一次就自责得不得了。真的是一个好老师，最后出分还会反复审查，确保同学们成绩无误，给分也超好。大爱大爱，无需多言
23317,1168,陈万芝,2016-03-24 07:16:41,6,8,2,听陈万芝老师的课是一种什么感觉?\n\n十分 不解释。。
23318,1168,陈万芝,2016-03-24 07:49:08,2,3,1,棒，很棒！
23319,1168,陈万芝,2016-03-24 07:49:09,81,94,13,老师特别认真负责！上课条理清晰！从教十几年吧，很有大师风范！就有一回因为一点小意外迟到，他就自己惩罚自己从紫金港走到玉泉！所有同学都很感动！
23322,1168,陈万芝,2016-03-24 08:24:32,1,2,1,人很棒的老师
23330,1168,陈万芝,2016-03-24 13:46:42,18,22,4,课件会在公群里分享，不过上课没听的筒子们就get不到彩蛋了。应该是追求完美严谨的所以自己犯个错就很难过。上课一定要密切注意讲到哪了，讲完一章之后那节课不交作业算旷课的。
23473,1168,陈万芝,2016-03-31 01:46:59,1,2,1,点赞哟
23734,1168,陈万芝,2016-04-14 02:55:26,10,13,3,很负责很负责的老师，有干货。上课也很有趣，会讲过去的经历。还会发红包点名~
25434,1168,陈万芝,2016-05-19 02:58:56,1,2,1,有趣的听课体验
26554,1168,陈万芝,2016-06-20 05:44:31,2,2,0,上课挺认真的，不知道最后给分怎么样
28115,1168,陈万芝,2016-06-28 08:07:28,33,39,6,课堂测试总是猝不及防。。上他的课得有一定化学基础才行，否则简直懵逼，因为他讲的比较深。喜欢和同学们讨论问题，在群里答疑也很起劲。
28297,1168,陈万芝,2016-06-28 08:28:16,1,2,1,老师很好 可惜我上课没有认真听过哟
28824,1168,陈万芝,2016-06-28 16:37:43,1,2,1,确实很负责很仔细，但是上课不怎么总结，节奏很快跟不上，智商不够，学的一片混乱。
30156,1168,陈万芝,2016-07-01 04:08:31,6,9,3,会有小测验形式的点名，趁着分数没出，在我挂科吃0.15gNaCN前先给10分，他会讲很多有意思的经历，讲的很到位很好，也会调分。
30273,1168,陈万芝,2017-06-02 03:48:18,179,208,29,不错的老师 就是我们班有一个叫潘奕的老是装逼 老在群里叫 考完了高兴的不得了
30357,1168,陈万芝,2016-07-01 11:28:57,0,2,2,好老师 人好 就是表达还不是很清楚..基础不好的同学听着可能吃力。有机挺难的..均绩低也正常..趁还没出分，先给个好评?
30462,1168,陈万芝,2016-07-03 02:59:00,2,3,1,认真负责又幽默，本来以为要挂了没想到给分这么好！表白老师！
30874,1168,陈万芝,2016-07-02 17:07:31,-19,3,22,我不喜欢老师以反复检查为理由，很慢很慢的出分数，如果够认真负责，就不必拖延比其他班慢两三天还给不出一个出成绩的确切时间，这显得有些刻意了！\n\n也许我小人之心，但确实有些反感了！\n\n上课风趣是有，但是对于暗示不及格是平时不努力的后果，这我理解，但是别反复好吗？因为有时候交流并未涉及这类言论，而突兀的发表会显得很不合时宜。
30914,1168,陈万芝,2016-07-03 02:44:17,3,3,0,我猜一半都是出了成绩激动的。大家果然兑现承诺纷纷来点赞
30915,1168,陈万芝,2016-07-03 02:45:15,4,4,0,老师虽然讲的很快，但是真的讲的很清楚，下课耐心解答同学问题，期末给分高，绝对最好老师！
30916,1168,陈万芝,2016-07-03 02:45:39,2,3,1,负责任。
30917,1168,陈万芝,2016-07-03 02:49:14,1,2,1,棒呆了
30918,1168,陈万芝,2016-07-03 02:49:55,2,2,0,上课细致，负责，满分满分！
30920,1168,陈万芝,2016-07-03 02:53:36,2,2,0,讲的很细致，给分好棒  我都以为要挂的 但是没有
30923,1168,陈万芝,2016-07-03 02:56:24,2,3,1,挺好的，上课认真负责，考试成绩核对认真仔细，只要认真读书，给分还是不错的
30924,1168,陈万芝,2016-07-03 02:56:56,2,2,0,非常棒
30926,1168,陈万芝,2016-07-03 03:05:55,43,47,4,有机需要记的东西很多有很杂，所以才会很难，这一点自己没学好不怪老师，老师上课按旧教材讲，没有预习上课可能找不到，喜欢陈万之老师是因为他真的很负责，和老师聊过一次，真的是非常用心地在教书，认真负责，努力提高及格率，人品也很好，是一个不可多得的好老师( • ̀ω•́ )✧（只是群里有人学霸式地装逼和秀让人觉得很幼稚又很无聊，唉！）
30930,1168,陈万芝,2016-07-03 03:16:02,0,0,0,
30936,1168,陈万芝,2016-07-03 03:31:45,2,4,2,超级负责的一个老师，上课的时候会提醒我们哪里是考点，课下也会在群里交流，所以我自己期末复习比较有针对性，不会盲目的把书全部看完。考出来成绩也挺不错的。
30937,1168,陈万芝,2016-07-03 03:34:15,3,3,0,老师真是超级棒，上课讲的好很认真，也会给我们讲点小故事，经常鼓励我们！
31048,1168,陈万芝,2016-07-05 06:48:32,2,3,1,小测是为了督促各位学习，之前我和陈老师也聊过，为了帮助各位老师真是用心良苦。至于装逼问题，大家是来学习的能学到东西别人装逼又有何妨，能学到东西就好了。况且群里讨论气氛很热烈大家互相解决问题不是挺好的吗？
31095,1168,陈万芝,2016-07-03 08:13:27,1,1,0,非常棒老师，耐心负责！
31297,1168,陈万芝,2016-07-03 15:10:07,3,3,0,老师非常好很负责 期末给分也很用心 把两百多份试卷一一看过去把他认为有道理的分数都给我们加了 很好的老师
31483,1168,陈万芝,2016-07-04 03:18:43,3,3,0,老师人很好，很负责任，考完会把每个人的试卷都重新看一遍。而且平时亲自在群里解答同学们的问题。但可能老师上课风格不太适合我，有机还是看书比较好
31646,1168,陈万芝,2016-07-04 10:38:17,2,2,0,老师上课不错，给分挺好，平时没怎么听都妥妥的过了
33346,1168,陈万芝,2016-09-18 14:43:15,4,5,1,满满师生情！本来以为有机一定挂的没想到刚好过！
35775,1168,陈万芝,2016-11-10 08:06:38,2,2,0,喜欢老师，虽然听不懂
36005,1168,陈万芝,2016-11-10 09:53:04,-4,0,4,很好的老师，负责幽默，就是讲得有些快了
36196,1168,陈万芝,2017-01-13 11:15:16,6,8,2,上完还想再上一次有机课，超好
36234,1168,陈万芝,2016-11-11 07:16:08,1,1,0,很好的老师
40205,1168,陈万芝,2016-12-30 02:49:13,4,6,2,极其认真负责，虽然有机很难，但老师很好
40330,1168,陈万芝,2017-01-03 02:00:02,3,4,1,大一上学期遇到的最好的老师。但是有机知识点真的要好好学
41301,1168,陈万芝,2017-01-10 12:49:26,8,10,2,很喜欢这个老师，让我感受到了一个优秀老师的人格魅力和学术底蕴。有机这门课本来就不简单，学习还靠自己，但是老师真的好棒！认真负责，对待工作十分认真，喜欢听他上课讲自己的故事。他很牛逼又很谦虚，可惜有机课结束了。真是舍不得啊！
43207,1168,陈万芝,2017-04-12 09:24:55,4,8,4,老师超级棒！老师最后会看他每一个学生的卷子，重点看两个分数段，会把50-59的尽量都救回来，还会把95缺一点点的尽可能补到95。老师上课很有趣，有时会讲故事。最后给我满绩~\(≧▽≦)/~
43211,1168,陈万芝,2017-01-16 03:41:26,3,4,1,老师棒棒哒，很负责，给分好，会把大家的试卷一份份看过去给大家加分。\n\n上课开始讲的是有点快的，后来有点慢，不过讲的真是很清楚，抓重点。\n\n老师上课还有很多故事，经常讲两遍的，好好上课才能get到彩蛋。
43220,1168,陈万芝,2017-01-16 04:00:59,3,4,1,虽然上课经常听不懂一脸懵逼！！！！！考试也不会做！！！！但还是过了！！！谢谢老师不杀之恩！！
43221,1168,陈万芝,2017-01-16 04:02:10,1,1,0,无与伦比的棒！极其优秀负责的老师！还想再继续上老师的课  
43222,1168,陈万芝,2017-01-17 09:45:42,5,7,2,老师自身就很优秀，会说一些自己在日本留学的经历。解答问题超耐心认真。是我自己没有认真学，再来一次的话我一定好好学
43224,1168,陈万芝,2017-01-16 04:14:04,1,1,0,特别认真的老师，给分特别好\n\n
43238,1168,陈万芝,2017-01-16 04:29:02,5,7,2,天哪 怎么会有那么好的有机老师 极其负责 对同学也很好 助教也十分认真 条理清晰 教学有着一套自己的方法 给分也很好 只能怪自己有机太渣咯
43277,1168,陈万芝,2017-01-16 05:15:49,1,1,0,老师超棒！超好！
43289,1168,陈万芝,2017-01-16 16:53:05,3,4,1,讲课认真细心，好评
43296,1168,陈万芝,2017-01-25 08:41:34,0,0,0,老师很负责，在群里尽心尽力解答问题\n\n
43406,1168,陈万芝,2017-01-16 08:22:56,2,2,0,课上会提醒你重点而且给分挺好 必须十分。
43498,1168,陈万芝,2017-01-16 11:15:41,-7,0,7,我有机分数低。
43902,1168,陈万芝,2017-01-17 05:53:48,0,1,1,いちばん!
54829,1168,陈万芝,2017-06-30 09:18:41,0,0,0,讲课超好给分也不错认真负责真的炒鸡棒的老师！
56724,1168,陈万芝,2017-07-04 12:33:38,1,1,0,满分不解释
60218,1168,陈万芝,2017-10-13 15:09:01,0,0,0,好好好
64518,1168,陈万芝,2017-12-25 01:15:33,0,1,1,差评，给十分！(ฅ>ω<*ฅ)
66443,1168,陈万芝,2018-01-16 13:22:03,0,1,1,尽心尽力，会讲自己的科研故事，群里积极回答同学们的问题
68804,1168,陈万芝,2018-01-24 02:19:18,14,16,2,老师是个好老师，学生不是个好学生啊！！！对不起您了，选上老陈的课又挂科的孩子劝告以后的孩子千万好好学。
68830,1168,陈万芝,2018-01-24 02:52:04,5,6,1,老师人超级好，群里会一直回答同学问题，尽量给同学多的分数。强力推荐。上课也会讲自己以前的故事，很有趣的老师。上老陈的课还挂就是态度的问题了
68896,1168,陈万芝,2018-01-24 05:26:16,1,2,1,认真大气负责，大师\n\n是我太菜，没复习好～嘤嘤嘤
68900,1168,陈万芝,2018-01-24 05:33:46,42,47,5,最早接触有机化学是在暑假，问学长说：“大一哪门课最难啊？”“有机化学吧，你可以暑假先看起来了。” 在暑假看完了有机化学前九章的我，一开学就很开心地点开选课系统，结果发现，woc？我只有一个评分2.30的老师可以选？EXCUSE ME？ 然后我毅然决然地退了思修，排出了一个和大类里所有人都不一样的课表，决定一个人孤单地上思修，一个人孤单地上有机。然而开课时，因为提前修高年级的课，所以...第一轮...没选上...第二轮...没选上...本以为这学期与有机无缘的我，抱着试试看的心态点了补选申请，抱着试试看的心态去找了陈老师，然后回来之后的下午，刷新求是潮就发现自己补选上了陈老师的有机化学。那个时刻的开心，无以言表。\n\n  除了老陈的有机化学外，我还蹭过很多其他老师的有机化学课。但是不得不说，陈老师真的是我听过的所有有机化学老师里面讲得最棒的。有一次为了帮助我们理解“负离子越稳定说明越不喜欢氢正离子，自然碱性就越弱”的道理，他用了“老实的男孩没有女朋友”来做比喻。\n\n  陈老师周四的课是早上1，2节，所以有时候老师七点半到的时候，有些人还在睡觉，于是老师有时候就会带一些歌来放给我们听。上课的时候还会给我们讲一些有趣的事例。 最感动我的是，在考试周的时候，陈老师每天在电脑面前蹲着7~24小时来回答我们的问题，和我任何一个课程群不同，陈老师有机化学的群几乎关掉五分钟就会被刷上99+。\n\n  选上陈老师这个大师中的大师，教授中的教授，是我的幸运，陈老师的课和陈老师的认真，带给我的影响，会一直留在我大学的四年里。
68910,1168,陈万芝,2018-01-24 05:49:31,3,4,1,老师很负责任，不过我自己比较渣没学好，，，下个学期再和老师学一年?
68914,1168,陈万芝,2018-01-24 05:51:20,1,2,1,会有小三使婚姻不稳固这种形象的比喻，课上的很好。尽职尽责，考试周除了吃饭，全程坐在电脑前答疑，晚上睡的迟早上起得早
69376,1168,陈万芝,2018-01-24 14:39:23,1,2,1,什么都好，就是听不懂
69893,1168,陈万芝,2018-01-25 15:33:31,2,3,1,真的是特别棒的老师了，何其有幸能上老师的课！很温和，很负责，期末了就一天坐在电脑前为同学解答疑惑，打的比方很形象哈哈。上课经常讲那个年代的有趣故事。超级喜欢他！！
70625,1168,陈万芝,2018-01-27 09:59:00,3,4,1,老师很棒，虽然经常因为熬夜每天都很困没怎么听过，就认真听过几次课，但每次认真听都觉得讲的很好，于是懊悔以前没好好听课（哭\n\n考试前也会在群里给大家答疑，最后期末自己也努力了一把，对自己的成绩很满意，对老师也非常满意。
70695,1168,陈万芝,2018-01-27 11:58:27,0,1,1,老师很棒，给分超好
70700,1168,陈万芝,2018-01-27 12:05:36,0,1,1,大一最喜欢的老师啊，教的非常非常好，老师水平很高，问他问题超级耐心讲解，老陈最帅！
70972,1168,陈万芝,2018-01-28 01:17:02,4,5,1,老陈绝对的好老师没话说，周四课后问他问题，然后后一节有课，他就带着同学去西区教室外面的桌椅上解答，冬天很冷的时间也不例外。耐心细致。今年除了上课进度稍微拖沓了点外，一切都很好！很喜欢听他讲故事！
74263,1168,陈万芝,2018-02-08 11:27:27,0,1,1,老师实在实在实在实在是太好了＼(^▽^)／！
74461,1168,陈万芝,2018-02-26 12:00:36,0,1,1,陈老师上课很幽默，有事会分享一些他的人生趣事。课间老师总会耐心解答同学的问题。非常好的老师！
74837,1168,陈万芝,2018-03-06 05:30:43,0,1,1,老陈是真的好！
74904,1168,陈万芝,2018-03-06 10:30:21,0,0,0,很棒啊很棒啊很棒啊！真的是超级喜欢了，老师上课讲的好，课下在群里会很认真讲题，而且给分也超好的啊！自己不舒服还坚持给我们上课，真的是超级超级认真负责啊！
75595,1168,陈万芝,2019-01-25 16:02:30,-32,3,35,58不给过 不知道为什么
76272,1168,陈万芝,2019-01-25 16:02:06,-51,4,55,太垃圾了
77484,1168,陈万芝,2018-05-06 03:34:11,0,1,1,美之感受
77711,1168,陈万芝,2018-05-07 11:11:09,17,21,4,老师很好 群里有一个叫王高昂的很烦人
79476,1168,陈万芝,2018-06-06 07:55:48,5,6,1,灵芝老师又高又帅又瘦又萌又有趣，群里和同学们讨论问题，男神！选课体验很好。
80200,1168,陈万芝,2018-06-21 11:19:40,2,3,1,老师人很和蔼，也很负责！非常棒
80697,1168,陈万芝,2018-06-29 10:18:04,0,1,1,最棒的老师，超级好，讲课又好给分又好，真的是最喜欢的老师了！老师超级认真负责，而且还特别有趣，总之超级好的老师！！！！
81425,1168,陈万芝,2018-07-05 05:04:54,5,6,1,老师太强了，考前群里答疑问题全部秒回，课本机理精确到页...
81428,1168,陈万芝,2018-07-05 05:12:59,2,3,1,上老师的课绝对是一种享受，期末也很认真很仔细地给我们答疑（考前复习看群就够了），认真严谨细致，很有教授风范。希望以后能成为老师一样的人。
81767,1168,陈万芝,2018-07-06 06:26:03,0,1,1,大爱！
81848,1168,陈万芝,2018-07-06 09:59:24,0,2,2,超级好！大学遇到最负责的老师♡
81971,1168,陈万芝,2018-07-06 16:26:28,1,3,2,大爱！！！大赞！！！老师超级好！！！我这个报了半天佛脚的人都没有挂！！！！老师真的超级超级好！期末答疑秒回！精确到页码！不说了大半夜了睡了睡了～
81983,1168,陈万芝,2018-07-06 16:46:37,2,3,1,必须10分，不多说\n\n
82007,1168,陈万芝,2018-07-06 23:50:32,1,3,2,啊啊啊啊啊啊我要吹爆他！我见过人最好的老师了！上课的时候会讲一些很有趣的小故事，期末考前答疑的那几天秒回啊，每天无论几点钟都秒回啊！还能再找到这么认真负责的老师吗？
82010,1168,陈万芝,2018-07-07 00:03:28,1,6,5,啊啊啊啊啊我爱老师 留下了不学无术的眼泪 老师居然给我?️了 哭了 爱您老师
82024,1168,陈万芝,2018-07-07 01:39:14,0,1,1,好好学会有好结果的！
82248,1168,陈万芝,2018-07-07 14:46:04,0,1,1,很棒！
83216,1168,陈万芝,2018-07-10 02:42:45,1,3,2,段子很多，讲课很精髓。大一以来第一门硬课上4.8。感动，JPG\n\n
85842,1168,陈万芝,2018-08-21 11:04:52,-32,4,36,太差了，给分差，不答疑，根本听不懂
86507,1168,陈万芝,2018-09-17 02:53:07,2,2,0,赞，没有其他评价
86514,1168,陈万芝,2018-09-17 03:26:23,1,1,0,很认真，很有趣，很不错
88636,1168,陈万芝,2018-11-05 01:16:00,3,3,0,他是一个难得的好老师！
93031,1168,陈万芝,2019-01-07 04:37:19,11,11,0,很温柔很严谨很专注的老师，上课内容完全不水，偶尔会有一些段子调节气氛或者善意提醒睡觉同学。很实际又很认真，为学生付出，会在群里答疑，私聊都会回复。考试周还没到，知道自己可能给分不太好（学生不是好学生啦）  先赞一波，到时候成绩出来可能光顾着难过啦哈哈哈。\n\n学他不会错\n\n
93826,1168,陈万芝,2019-01-14 02:49:58,1,1,0,太可爱了真的太可爱了啊啊啊啊啊啊啊\n\n他讲得很认真可是一举一动都透着萌点哈哈哈哈哈哈哈哈真的是个很认真负责很可爱的老师
93905,1168,陈万芝,2019-01-14 08:03:12,5,5,0,第一次查老师评分献给老陈！超级可爱超级贴心的老师！期末题库试卷总结到位全部发给我们，说自己准备天天坐在电脑前面给我们答疑。而且他的qq头像暴躁老哥也太可爱了hh。不管成绩怎样都要打call的老师！！！
95829,1168,陈万芝,2019-01-20 06:04:02,3,3,0,老师贼好！
97693,1168,陈万芝,2019-01-22 13:39:33,5,5,0,陈老师超级好！虽然我上课总是跟不上555
97857,1168,陈万芝,2019-01-23 00:18:22,5,5,0,超级超级超级超级好的老师！！！
99038,1168,陈万芝,2019-01-24 07:33:44,6,6,0,老师特别萌，特别特别萌。没有因为教本科生没啥“票子”就水课，超级认真负责。遗憾的是我对有机一直没开窍~
99039,1168,陈万芝,2019-01-24 07:34:57,5,5,0,负责，我学不好怪我
99041,1168,陈万芝,2019-01-24 07:36:07,5,5,0,老师真的太好了太好了太可爱了～哇塞，不仅讲课很有趣，回答问题很有耐心，而且给分也很好，老师真的超好哇超好哇
99043,1168,陈万芝,2019-01-24 07:38:13,4,5,1,我还能说什么呢？这么优秀的老师，群里到期末都在群里拼命的答疑，学风这么好，上老陈的课有机4.5稳的
99065,1168,陈万芝,2019-01-26 00:35:49,12,13,1,Laochen爱您，我翻了翻发现几乎全是好评，就想着找找Laochen缺点。emmmmm（大的缺点还真没有）可能老是说大家很厉害是一个吧。其他点名，作业都挺正常，讲课节奏和答疑就超级好了，有机预置他就偷着乐吧。
99076,1168,陈万芝,2019-01-26 00:28:46,4,4,0,有机没挂，记念一波
99119,1168,陈万芝,2019-01-24 09:45:47,1,2,1,老师挺不错的，在群里会及时的解答问题，上课会讲一些笑话。
99189,1168,陈万芝,2019-01-24 11:27:15,3,3,0,今天考完有机没出分来还愿！！！！！\n\n老陈真的超级好课上得好线上答疑又很认真而且上课的时候总会说让我们面对面答疑\n\n有机菜鸡发出了55555的声音以及感动的泪水\n\n感谢预置就能有这么好的有机老师！！！！\n\n打十分是因为只有十分！！！！！！
100146,1168,陈万芝,2019-01-25 15:51:32,4,4,0,老师太棒了！真的很开心能够遇到万芝老师！
100149,1168,陈万芝,2019-01-25 15:56:20,5,6,1,非常感谢陈老师的教导，又一次激起了我对化学的热爱，他作为一个认真搞学术研究，认真对待科学的老师，不仅仅传授了有机化学的知识，也启发了同学们对于科学的思考。凭借高中竞赛知识满绩的我如是说（逃
100164,1168,陈万芝,2019-01-25 16:26:42,6,6,0,老师真的特别棒，考前每天都在电脑前给我们回答问题，并且会认真的核对试卷三遍给我们最好的分数。真的很幸运选上了他的课，强推，目前遇到的浙大最好的老师了。
100166,1168,陈万芝,2019-01-25 16:29:07,7,7,0,老陈我爱了！会在群里答疑！上课有时候会做课外信息的拓展，挺幽默风趣的，性格也很有意思，老师人很好，讲课的ppt可能与课本顺序不太一致，最好先预习啦～有机很难很细，平时一定要努力背反应机理和类型，这些都是靠自己努力的啦，最后老师给分很好～4.5飘过
100195,1168,陈万芝,2019-01-25 19:58:38,5,5,0,关于点名，上课偶尔小测，不看成绩，只看人头齐没齐。会在群里非常认真回答问题，考试之前的晚上半夜都在。上课讲的很认真，给分很好，对于我这个只求过有机的人来说最后的得分简直就是惊喜啊。
100201,1168,陈万芝,2019-01-25 23:04:24,1,2,1,老师上课认真负责，是个非常好的老师
100277,1168,陈万芝,2019-01-26 01:54:23,1,1,0,老师有多少优点我就不说了吧，毕竟已经几乎所有人都说了哈哈，老师真的超级棒哈哈！
100450,1168,陈万芝,2019-01-26 06:50:52,2,2,0,反正就是选到他就是幸运!!!!!这学期遇到的最好的老师!!!!!期末守在电脑前给我们答疑!!!!!给分棒!!!!!!
100496,1168,陈万芝,2019-01-26 08:03:14,0,1,1,相当负责的老师，多亏了他有机才没挂。
101743,1168,陈万芝,2019-01-29 03:14:34,0,4,4,谢谢老师有机给的满绩
102137,1168,陈万芝,2019-01-30 15:34:59,5,5,0,在老师课上睡着是损失
102516,1168,陈万芝,2019-02-04 06:08:45,1,1,0,老师人挺可爱的，上课其实挺有趣的，也会讲很多和他自己有关的一些有意思的事但是有机课从第一节课开始就听不懂，不过有机就得靠自学，刷题真的很重要！上课听不懂还是要听的，做好心理准备。最后没挂，2.7，因为刷历年题一遍都没刷完，没挂已经很好了
103283,1168,陈万芝,2019-02-27 06:59:29,0,0,0,作为一个闻有机色变的人最后没挂真的要感谢开学初换老师选上了老陈！！！
103543,1168,陈万芝,2019-03-01 03:02:34,2,2,0,太喜欢了
103687,1168,陈万芝,2019-03-04 07:28:53,2,2,0,老师真的非常非常棒！！！有机知识点讲得非常透彻，简明易懂。而且还会讲一些以前的小故事，课堂氛围相当不错。
105249,1168,陈万芝,2019-04-08 10:39:19,3,3,0,过去两个月了，想念老陈
105838,1168,陈万芝,2019-04-21 22:50:24,-14,1,15,成绩主要靠自己，老陈该负责的会负责，如果不认真整理期末可能最多4.2
108372,1168,陈万芝,2019-05-22 06:29:59,24,25,1,老师是我见过的唯一一个天天把钱呀名誉挂在嘴边却从不觉得他爱钱的人❤ \n\n真的好老师
108779,1168,陈万芝,2019-06-02 03:35:48,3,3,0,太好了，无法用语言形容
109513,1168,陈万芝,2019-06-16 06:54:19,5,5,0,呜呜呜我没有好好学对不起老师
111207,1168,陈万芝,2019-06-30 14:44:58,2,2,0,陈老师真的是一位一心为同学的老师，上课很幽默。答疑很贴心，会根据你的理解程度来给你解答，而且期末考专门腾出一周时间坐在电脑前给大家答疑，基本都是秒回！
112303,1168,陈万芝,2019-07-04 01:06:58,2,2,0,老师很好，但有机真的背不下来55555
112987,1168,陈万芝,2019-07-05 17:16:38,4,4,0,我我我真的吹爆老陈！！！\n\n上课很有趣！！！忘不了他的可乐???\n\n因为我自己对有机真的无感.甚至可以说是很讨厌.是真的学不好的感觉.上课也就时不时水水手机.期末考前一周就开始恶补（就是过了一遍书背了一些公式）.然后就去考试了.考试的感觉就是完全不会.但是最后过了！！！真的海底捞！！！呜呜呜半夜一点多激动的睡不着.本来已经做好挂科的打算了.心理准备都有了.喜极而泣
113129,1168,陈万芝,2019-07-06 00:03:51,4,4,0,有机能理解，背下来太困难了，感谢老陈的不挂之恩。算了下，期末刚好60，大概我的卷子被拿回去研究了一波。老师很有趣，分数不高就是自己的原因。
113657,1168,陈万芝,2019-07-07 02:18:40,0,0,0,感谢老师不挂之恩！
113740,1168,陈万芝,2019-09-17 03:56:29,4,5,1,老师人很好，但是现在怎么开始考勤了？以前从不点名，免听没有平时分故不敢。给个9分吧。
114828,1168,陈万芝,2019-07-12 01:30:00,3,3,0,真的讲的好 老师幽默风趣 而且还会海底捞你！！！
115119,1168,陈万芝,2019-07-16 00:22:14,1,2,1,老陈我男神，这里应该有全浙大最有趣的有机课
118935,1168,陈万芝,2019-11-08 03:25:52,31,33,2,就说两点：\n\n1.我曾经半夜12点问老师问题，老师依然非常认真的给我答疑，非常感动；\n\n2.陈老师经典语录：这个能量变化，就像我们人类的家庭，当有第三者插足的时候，这能量肯定会升高，当组建形成新的家庭的时候，能量就会降低。\n\n某些同学闭上眼睛了，当你们闭上眼睛的时候，往往是考试的重点。\n\n我年轻的时候，巴拉巴拉\n\n我40年前的时候，巴拉巴拉\n\n我在日本做研究员的时候，巴拉巴拉\n\n我的儿子，巴拉巴拉\n\n我教中学生竞赛的时候，巴拉巴拉\n\n我做博士的时候，巴拉巴拉
119138,1168,陈万芝,2019-11-11 00:40:21,0,0,0,吹爆!上课讲故事太有趣了
120865,1168,陈万芝,2020-01-18 00:22:34,2,2,0,老师真的好好啊！活跃在群里，认真答疑！很认真，很幽默，北方大叔可可爱爱~认真听课，期末考刷刷题，作业准时交，上课不迟到，最后成绩都不错der
122010,1168,陈万芝,2020-01-31 01:43:48,-33,6,39,只给4.8？\n\n
123913,1168,陈万芝,2020-06-16 07:40:46,1,1,0,老师很负责
125624,1168,陈万芝,2020-09-12 11:31:01,1,2,1,去年上的，老师讲的很好，很有趣也很基础，可惜我没怎么学，最后挂了，估计考太差了老师捞不动
127171,1168,陈万芝,2020-11-11 13:10:42,0,0,0,特别好，珍惜
129828,1168,陈万芝,2021-01-12 16:05:25,-11,4,15,觉得很一般，不知道评分怎么这么高!
131966,1168,陈万芝,2021-01-29 15:42:28,5,5,0,老师认真负责，上课超好！有机难是因为要记的东西又多又杂，老师上课不完全按教材讲，建议平常上课认真听，课前一定要预习，不然跟不上节奏。期末补天实在太痛苦了！希望学弟学妹们平时好好爱有机π_π
138341,1168,陈万芝,2021-07-08 14:33:02,0,0,0,平时作业70%没写，最后两三天从零开始，最后61卡住了。感觉很对不起老师，老师真的是认真负责，讲课比较生动，便于理解，但是有机本身就比较难，建议还是一个脚印一个脚印踏实学好，最后期末会轻松很多。就我个人经验，建议文印店去买一本复习资料，先对机理有大致的了解，然后按物质种类和氧化还原加成消去重排这几个方面分门别类地去记反应，最后做点历年卷就能不挂，总之老师是很好的老师，很热情，大家应该珍惜他的课
138744,1168,陈万芝,2021-07-10 15:50:07,1,2,1,【授课】老师讲解很生动，多亏了老师，我对Sn1Sn2记得特别清楚。有机这门课本身知识量非常大，所以难免会感觉讲了很多东西难以消化……这不是老师的问题，老师已经尽力，而且讲得非常好了！！！\n\n【点名】每节课点，有机别翘\n\n【作业】一定要自己认真做……不要像我一样依赖答案。有什么问题可以问老师（老师qq群随时解答）\n\n【考试】题型每年差不多 机理也类似，比作业简单太多了……（虽然我在考的时候只知道我见过但我不记得了……）\n\n【另】这个学期的助教哥哥wbc好帅！！！！！！！！！！！！！！！！人又好！！！！！！\n\n【再】老师上课说自己有有家族性的帕金森……现在有一些症状……希望老师身体健康，还能继续给同学们讲有机！！！\n\n【总结】还是我太菜了……\n\n上课：嗯嗯我懂了\n\n作业：这啥玩意？\n\n刷历年卷：嗯嗯我会了\n\n考试：这啥玩意？\n\n谢谢老师捞捞我 让我有机没挂😘
141950,1168,陈万芝,2021-11-02 01:12:25,1,1,0,好！！
142696,1168,陈万芝,2021-11-15 07:32:29,2,4,2,血债浙大！！！\n\n写错了！！！
145456,1168,陈万芝,2021-12-30 00:15:48,1,1,0,陈老师真的真的很负责！上课也很有趣！还会讲之前自己在日本故事哈哈哈！虽然还没考过 但是先给十分！
147932,1168,陈万芝,2022-01-11 07:31:53,2,2,0,我💘万芝爷爷！
147941,1168,陈万芝,2022-01-11 07:44:34,2,2,0,当大官，挣大钱，事业有成，家庭幸福！借你吉言！我爱wz爷爷！！
147947,1168,陈万芝,2022-01-11 07:52:51,1,1,0,出成绩后再来赞一次，cwz！我的超人！来浙遇到的最好最负责任的老师之一了，真正热爱教学热爱课堂热爱学生的好老师！
148009,1168,陈万芝,2022-01-11 10:05:56,4,5,1,这么真情实感一心只为学生好的老师真的不多见了！有机今天出分了，距离考完只过去了两天（还是有人缓考被迫延迟公开成绩的情况下），看到分数真的感动哭了。我是重修，高中没选化学基础知识为0，大二第一次学有机直接挂了，这次却有3.3（我要求不高已经很满足了）。虽然第二次确实比第一次学努力，但我的成绩一般受老师影响很大，老师好我就更愿意学（坏习惯别学我）。陈老师真的是我目前为止遇到的最好的大学老师之一了，讲课有趣、认真负责、平时还会在钉群里激励我们好好学习什么的，真的一改我对化学系老师的认知。如果你真的想学好有机，选陈老师绝对不亏。最后，好好学有机，别辜负这样的好老师！
148147,1168,陈万芝,2022-01-11 15:30:24,1,1,0,cwz！我的超人
148471,1168,陈万芝,2022-01-12 15:00:29,0,0,0,负责、严谨、宽容、可爱！
155266,1168,陈万芝,2022-06-10 03:22:09,1,1,0,超棒！
155500,1168,陈万芝,2022-06-13 14:43:08,0,0,0,真的好爱死了
156462,1168,陈万芝,2022-06-20 01:21:51,0,0,0,有机化学还是一门投入产出比比较高的课了，花时间去整理，再结合老师的课件和复习题，肯定能拿理想的分数！
157183,1168,陈万芝,2022-06-22 07:54:29,1,1,0,我大学最好的老师
157233,1168,陈万芝,2022-06-22 12:52:25,2,5,3,作为一名社科生这学期选了有机当个性，陈老师讲的很细致，但进度有点慢，上课喜欢讲小故事，课后需要一定时间自习，最后总评94分4.8，差一分满绩。
160671,1168,陈万芝,2022-09-30 02:44:25,0,0,0,讲课好，答疑耐心，对学生温柔，性格好，绝了
163396,1168,陈万芝,2022-12-14 08:10:05,3,3,0,老师人真的巨好，讲的非常有条理，非常有大师的风范，分享自己对有机化学的一些看法也让学生非常受用，对自己要求很严格，追求完美，能够完美地体现“求是创新”精神。
164103,1168,陈万芝,2022-12-18 04:57:18,2,2,0,有一颗有趣的灵魂，超爱万芝的课（虽然本人有机不咋地）
164687,1168,陈万芝,2022-12-23 10:58:17,0,1,1,老师是真的好老师，上课也很有趣，不过这个学期的助教，我真的受不了了，本来不打算评价的，就很无语的助教……周二周五的课，作业让人周六下午六点交，说实话我从来没见过这样交作业的……有一次周一、周四连交两次作业。作业难道一般来说不是一周一交吗？再不济也应该上课那天之前24点交，这样我也觉得没什么，但是怎么每次不仅提前还要下午六点前交啊，这个作业的布置真的很有问题啊……周五的晚上告诉我们明天下午六点前要交作业……这个操作真的很迷，给我整无语了都\n\n老师我是很推荐的，希望大家不要遇到这个助教吧
168940,1168,陈万芝,2023-02-23 14:46:29,3,3,0,上课讲的很好，小测什么安排也会听取一下同学的意见，答疑很耐心而且及时，像我问点蠢问题也会认真回答。本人化学实在没啥天赋，最后靠老师海底捞，学术和人品都真的很棒！！！
169254,1168,陈万芝,2023-02-25 04:43:26,0,0,0,老师讲的是真好\n\n有机这门课其实算大学阶段比较难的课了，但老师尽量把课都讲的让大家都听懂，课下答疑也很及时，只要好好跟着老师学，成绩不会差的\n\n老师上课有趣，下课还会回答问题\n\n无脑冲就对了
169813,1168,陈万芝,2023-02-28 03:45:13,2,3,1,最喜欢的老师，没有之一
170038,1168,陈万芝,2023-03-01 05:43:28,-1,0,1,给分蛮捞的 讲得也很好 答疑也很耐心
171422,1168,陈万芝,2023-03-24 01:28:54,1,1,0,好！会捞！
171535,1168,陈万芝,2023-03-28 00:33:00,-2,2,4,很不好的体验
171656,1168,陈万芝,2023-03-31 05:49:26,7,8,1,老师很好，就是助教不怎么样，感觉很狠。
171851,1168,陈万芝,2023-04-08 02:13:13,7,7,0,-今晚有答疑\n\n-坏了，今晚有答疑，坏了。应该是我，我忘了（doge）\n\n\n\n-伟哥干什么用的我不知道，我反正没用过~\n\n\n\nps：wz爷爷真的很希望我们结婚hhhh
173729,1168,陈万芝,2023-06-02 04:38:04,4,4,0,芝哥我的爹
178288,1168,陈万芝,2023-07-09 13:40:57,0,1,1,超好！！
179541,1168,陈万芝,2023-09-18 05:39:22,4,4,0,好老师 幽默给分好
185704,1168,陈万芝,2024-01-03 15:52:25,1,1,0,超级喜欢的老师！！！问问题好几次都秒回，也会超级耐心的解答！
189276,1168,陈万芝,2024-01-22 18:17:51,0,0,0,好老师！
189663,1168,陈万芝,2024-01-26 12:36:26,1,1,0,课讲的好，只要不是高中没选化学跟着老师学就都能学明白。喜欢关心你的人生。小测时间听学生意见定。平时分给满了。
191988,1168,陈万芝,2024-05-07 01:19:17,0,0,0,超级超级好的老师，我有机太差了，第一遍挂科了第二遍又选了他的重修，巨认真负责，会捞
194443,1168,陈万芝,2024-06-24 02:54:02,0,0,0,有机化学，老师很好
196386,1168,陈万芝,2024-07-03 07:59:31,1,1,0,老师是不是要退休了，好可惜，老师真的很棒，不过有机化学内容多知识碎，还是很考验自主学习和整理的～
196464,1168,陈万芝,2024-07-03 14:09:22,1,1,0,上课的小故事很有意思啊，哈哈哈哈，老师人很幽默，讲课水平也在线，可惜要退休了
196966,1168,陈万芝,2024-07-06 06:44:22,1,1,0,特别好的wz爷爷！给分很好，平时事少。特别适合自学能力强的同学选择，（可以报他的课，听fcl的智云），但是如果自制能力较差还是建议选择傅妈。有机给分比想象中的好很多，期末考核安排很紧，留给有机的时间只有半天，还在担心自己会不会挂科，结果出来的绩点上4了wwwww谢谢cwz！平时测试和期中考几乎都是自测题原题，努力就能拿满，签到次数挺多的（大部分是小测签到，2次纸质）。
197359,1168,陈万芝,2024-07-11 11:15:49,0,0,0,老师上课超认真的，经常讲一讲自己原来的经历，就是点名是用小测点的，看着自己烂烂的成绩很安心。自己上课不认真听全靠期末补天，但是老实人真的蛮好的。
198687,1168,陈万芝,2024-09-11 01:26:03,1,1,0,好老师，讲的很细致，不过老师好像要退休了，好可惜
219015,1168,陈万芝,2025-05-19 03:10:47,1,1,0,老师真的很好，但有机化学我个人认为自学也要占很大一部分所以上课的时候也没咋听过，期中考完后感觉教室里的人越来越少了，唉！但真的很喜欢cwz老师
221080,1168,陈万芝,2025-06-21 07:42:30,1,1,0,老师讲得很细致，私下问题也会耐心地解答，给分很好！！！虽然有机学习的过程比较痛苦，但是最后很有收获，谢谢老师！
221081,1168,陈万芝,2025-06-21 07:49:41,1,1,0,老师讲课讲得非常认真，而且很有人格魅力，经常会给我们讲他年轻时候的经历哈哈，真的是很好很负责的老师，给分也好，必须10分
4893,1200,魏晓芳,2015-06-30 06:51:19,0,2,2,老师很负责，有时候有点苛刻
5414,1200,魏晓芳,2015-07-07 08:40:24,15,18,3,老师挺细致的。打分也不错。好老师！
17294,1200,魏晓芳,2018-03-07 05:59:41,5,7,2,很棒的老师，不多说了。
17304,1200,魏晓芳,2016-01-20 04:15:57,4,4,0,很不错的老师
17324,1200,魏晓芳,2016-01-20 04:37:44,5,9,4,老师人很细致很用心的，可以看出来是个很负责的好老师，会跟你探讨做的对不对哪里不对为什么不对
17334,1200,魏晓芳,2016-01-20 04:55:23,6,7,1,主要还是看助教吧
17518,1200,魏晓芳,2016-01-20 10:25:33,1,7,6,居然大化给我这么低
18010,1200,魏晓芳,2017-02-28 09:56:00,-2,4,6,anyway，大化G主要还是看助教的，虽然平时有点辛苦，但总评还是有4.6的绩点，很满足了。
28668,1200,魏晓芳,2016-06-28 12:00:52,0,1,1,啊，人好好的老师，给分也不错
40070,1200,魏晓芳,2016-12-29 05:07:18,0,0,0,老师讲的很细致，问问题会很耐心地回答你
40864,1200,魏晓芳,2017-01-06 03:59:32,2,2,0,不说了，我遇到的助教真棒
44268,1200,魏晓芳,2017-01-17 13:46:49,0,0,0,认真细致的好老师。
44437,1200,魏晓芳,2017-01-17 23:52:07,0,1,1,老师细心，讲的很明白
44590,1200,魏晓芳,2017-01-18 03:42:05,8,9,1,魏老师的大化G真的超棒的啊！这学期的六个助教都炒鸡可爱（特别是带我们的助教23333）魏老师人也超级耐心，很关心同学，会给我们补充很多知识，给分也超棒的咯（毕竟是我这学期最高的绩点了啊哈哈）٩(˃̶͈̀௰˂̶͈́)و
45795,1200,魏晓芳,2017-01-20 06:05:58,1,1,0,全看助教喽，有的助教好，有什么错误的地方会指出来，并且微笑着，有的就不行，急性子，做错了就板着脸，还挖苦一下
47668,1200,魏晓芳,2017-02-15 12:35:17,3,3,0,相当相当好的一个老师，她会带我们思考，人也很 nice，从来不发脾气
54943,1200,魏晓芳,2017-06-30 13:08:03,1,1,0,主要看助教，有些助教给分太低了，期末总评竟然这么低
55480,1200,魏晓芳,2017-07-01 14:59:48,2,2,0,很认真很负责的老师，上课的时候会巡查几个实验室，依次来给大家作点提醒什么的。给分还是看助教，和老师没多大关系。
55515,1200,魏晓芳,2017-07-01 22:20:07,-2,1,3,呃......老师人还是很负责的，实验课嘛，绩点一般都上4
56079,1200,魏晓芳,2017-07-03 04:26:54,-2,1,3,认真！认真！太认真！导致事儿略多
64698,1200,魏晓芳,2017-12-26 12:49:03,4,5,1,老师特别认真细致，一直戴个护目镜在实验室转悠，有机会就给同学讲解实验原理和实验需要注意的点，有时还会顺手帮你做一点。而且这学期的六个助教都很好，认真负责而且有点皮。。。
66268,1200,魏晓芳,2018-01-14 10:53:10,2,2,0,很耐心的老师
67623,1200,魏晓芳,2018-01-22 02:34:07,2,2,0,老师人很少，虽然说话慢条斯理的有点点催眠(不过实验室全程站着不给你睡觉的机会)。这门课更多看助教吧，老师只是巡视和补充。我们的助教很棒！
67864,1200,魏晓芳,2018-01-22 08:23:18,5,5,0,老师很负责，助教也很好，而且各有分格，能学到很多。虽然我最后的操作考试色差大，还重称量了，结果还算错。但最后评分还是不低的。谢谢老师。给分真的不错。谢谢老师和助教。（渣渣一枚的独白）
67961,1200,魏晓芳,2018-01-22 11:43:44,2,2,0,老师很棒！做实验的时候会在一边指导 超级温柔很耐心 还会帮忙分析实验哪里出问题了。助教们都很可爱负责！
75811,1200,魏晓芳,2018-03-19 04:11:52,1,1,0,事多，别的都不错\n\n以及很讨厌写实验报告……
76040,1200,魏晓芳,2018-05-10 14:12:42,4,6,2,人与人就怕比。某位姓王的助教你的素质呢？另外表白xi助教。
80936,1200,魏晓芳,2018-07-03 01:54:39,1,1,0,老师挺温柔挺耐心的，会经常过来转转，有错误会提醒你。六个助教也都很好，特别是优秀助教和xi助教！没上4可能是我太菜了吧，就理论考前瞄了几眼啥也没记住，理论考直接爆炸。
81022,1200,魏晓芳,2018-07-03 10:26:55,0,0,0,梦游了一个学期还能上四，感谢老师大恩大德。
81104,1200,魏晓芳,2018-07-04 02:31:23,0,0,0,老师人超级好(✪▽✪)\n\n很和蔼\n\n助教也都不错
81634,1200,魏晓芳,2018-07-05 15:23:51,-1,0,1,某王姓助教是真的emmmm搞笑
82358,1200,魏晓芳,2018-07-08 03:36:21,-1,0,1,老师很和蔼可亲，助教很有亲和力，非常感谢老师和助教。
259,1221,商志才,2015-03-14 23:28:42,14,36,22,上过他的普通化学，只能说太糟糕，最后几节课我是逃课的，他讲课慢条斯理而且非常难理解，周围的课友也不知道他在说什么，给分也呵呵哒，唯一的好处是不点名。
1131,1221,商志才,2019-11-09 04:40:33,24,45,21,不解释，不堪回首。
2004,1221,商志才,2015-03-28 12:13:27,1,15,14,期末92，给了86我都报警了。开学说好，期末好就好，唉～
2308,1221,商志才,2015-07-02 13:25:25,2,13,11,再次声明不想被普化这门水课拉绩点的人不要选他……
4562,1221,商志才,2015-06-24 11:56:22,-12,15,27,不点名、不管睡觉并且讲课的声音还具有催眠作用，午觉在他那睡绝对是最香的，这么好的老师，你们狠心给那么低的分吗
5224,1221,商志才,2015-07-06 02:08:00,21,36,15,不点名是真的，上课催眠也是真的。我从来都是上课复习别的课程来提神呵呵，最后给分还超低，我坚信我卷面分一定没那么低(再见)
7120,1221,商志才,2015-09-03 05:31:30,0,13,13,绩杀，而且讲的烂。
8831,1221,商志才,2015-09-28 13:16:38,49,73,24,催眠不用去心理系了 听他的普化就行了
9681,1221,商志才,2015-11-04 08:49:38,-8,7,15,上课讲笑话
10052,1221,商志才,2015-11-15 04:37:30,-9,6,15,万得福\n\n
10053,1221,商志才,2015-11-15 04:30:51,-7,9,16,很好的老师，讲课具体生动\n\n
10269,1221,商志才,2015-11-18 00:53:47,33,40,7,我靠，讲课具体生动的那位你是在逗我吗？
10318,1221,商志才,2015-11-18 05:21:08,-8,9,17,讲的特别好
11184,1221,商志才,2015-11-25 05:19:39,2,9,7,不要选他的课 千万不要
11185,1221,商志才,2015-11-25 05:20:59,-5,2,7,111
11772,1221,商志才,2015-12-15 02:43:02,-3,6,9,非常有条理
11790,1221,商志才,2015-12-15 12:01:03,0,6,6,当年周围的课友都是三点多，上四的寥寥无几，简直是大绩杀。而且讲课超级催眠，都靠自学。
11888,1221,商志才,2015-12-20 10:40:25,-1,7,8,逗比\n\n
12224,1221,商志才,2015-12-22 11:54:44,0,7,7,想睡觉
12225,1221,商志才,2015-12-22 11:55:13,3,10,7,这个公式大家要强（qiang3）记
12637,1221,商志才,2015-12-23 16:54:23,-3,6,9,超级幽默 超级逗
13858,1221,商志才,2016-01-01 10:45:46,-1,6,7,还可以的
14283,1221,商志才,2016-01-06 05:46:10,-1,7,8,超级垃圾
14298,1221,商志才,2016-01-06 07:05:01,-1,7,8,渣成狗，完全抹杀了我学化学的念头……遇到这种老师我也只能呵呵了
14299,1221,商志才,2016-01-06 07:08:49,-2,4,6,简直了，过来上课都嫌他打扰我自习，差点就把我弄睡着了→_→我只能说，世界之大无奇不有！
14300,1221,商志才,2016-01-06 07:44:11,-1,6,7,为什么会有这么高的评分，你是在逗我吧！
14302,1221,商志才,2016-01-06 07:18:25,3,8,5,其实认真听听还是可以的
14568,1221,商志才,2016-01-19 03:00:38,3,8,5,老师其实人很好 很为学生考虑
14911,1221,商志才,2016-01-11 02:51:16,-2,4,6,看到有好评，难道他这学期从良了？
15262,1221,商志才,2016-01-13 05:14:58,3,8,5,魔性的笑声
15389,1221,商志才,2016-01-14 07:51:07,2,5,3,其实还好
16485,1221,商志才,2016-01-18 08:10:33,3,6,3,只要认真听，还是讲的很好的。
16493,1221,商志才,2016-01-18 08:31:06,2,6,4,主要自己认真学吧
16563,1221,商志才,2016-02-22 15:39:59,-2,1,3,差差差\n\n
16589,1221,商志才,2016-01-18 12:38:46,1,5,4,上课有催眠功能。作业很少
16637,1221,商志才,2016-01-18 14:50:02,-2,1,3,…………
16669,1221,商志才,2016-01-21 15:15:46,-2,3,5,还是喜欢这种风格
16675,1221,商志才,2016-01-18 17:23:14,2,9,7,其实认真听听老师讲的很好需要你去细细品味，虽然我就去上了三次课⋯但是很后悔之前没好好听⋯期末给了90，锻炼出了实力自学能力。
16827,1221,商志才,2016-01-19 04:49:35,4,11,7,第一，不点名，可以不听可以不去。第二，给分也不错（可能只是这学期）。第三，会在群里答疑，人不错。
18258,1221,商志才,2016-01-21 10:36:38,-2,1,3,唉，上课能不读ppt？能有点激情？极大程度削弱了我对化学的热情。。
21328,1221,商志才,2016-02-28 04:38:58,0,3,3,呵呵呵呵呵呵呵呵
22662,1221,商志才,2016-03-09 11:53:34,3,4,1,慢条斯理
22998,1221,商志才,2016-03-16 03:17:26,0,1,1,听他讲课头痛
23256,1221,商志才,2016-03-23 04:31:56,4,9,5,呵呵了，听说他又来了一门无分来祸害众生，中枪的自求多福吧
24054,1221,商志才,2016-04-26 08:06:59,0,2,2,呵呵呵呵呵呵呵呵
25765,1221,商志才,2016-06-07 10:13:04,2,5,3,讲课烂就算了，还点名，每次点名都是一大堆人不到，还是硬着头皮点下去
26013,1221,商志才,2016-06-15 04:34:18,-2,3,5,很差很差！   很容易犯困睡觉
27867,1221,商志才,2016-06-28 03:12:05,3,5,2,认真负责
27883,1221,商志才,2016-06-28 03:11:32,0,3,3,没意思，不知道他在干嘛，怎么会遇到这种老师，给分还烂，无语了
27993,1221,商志才,2016-06-28 07:57:45,-2,2,4,无分，上课无聊，给分还可以，毕竟只学了一天就去考试还没挂。
28112,1221,商志才,2016-06-28 08:07:19,8,9,1,内容满满，今年新开无机及分析化学，但是老师的语音语调实在迷醉，建议听课靠前，考前多和老师交流……
28175,1221,商志才,2016-06-28 08:12:46,0,2,2,不想说什么了，从来没听明白过他在讲什么，每次非常努力地想要认真听无分，每次都失败了
29729,1221,商志才,2016-06-30 09:00:32,-3,0,3,这么说吧 尚老师唯一的好处是不点名 于是我翘了一个学期的课 想学好无机的人还是换个老师吧
30260,1221,商志才,2016-07-01 06:56:44,-4,0,4,老师专挑早上1.2节点名……
30356,1221,商志才,2018-11-22 01:00:16,40,52,12,其实老师是很想上好无分这门课的，课前准备很认真，而且期末前还坚持不出差的工作日早上都来答疑，精神可嘉
30507,1221,商志才,2016-07-01 23:11:34,0,2,2,挺认真的，然并卵……
34368,1221,商志才,2016-10-08 02:26:07,-3,1,4,讲课烂死了，学化学还是靠自学
34746,1221,商志才,2016-10-20 03:07:29,0,2,2,想睡觉\n\n\n\n
40679,1221,商志才,2017-01-05 03:06:15,-1,1,2,人还是不错的，但是真的太催眠。
41481,1221,商志才,2017-01-12 02:52:30,-1,0,1,给分不咋地
41830,1221,商志才,2017-01-13 03:23:32,0,1,1,超级想睡觉！
45273,1221,商志才,2017-01-19 08:49:04,3,3,0,话不多说，给分可以，好好学习普化
45306,1221,商志才,2017-01-19 09:54:14,1,3,2,不点名 确实不错。毕竟普化靠自学 期末也还不错?
45310,1221,商志才,2019-11-23 11:34:59,4,15,11,老师很认真啦……就是语调慢悠悠的，成绩出来也慢。。。不过给分不错?
47398,1221,商志才,2017-01-26 03:44:16,-3,2,5,普化给分好，有化学竞赛基础，这学期没听几次课，最后4.5，嘻嘻
47563,1221,商志才,2017-01-31 09:57:47,6,10,4,老师还是很负责的，人很不错
49520,1221,商志才,2017-04-17 14:34:15,-4,0,4,问我什么感觉吗？大概就是商·lullaby吧。
51282,1221,商志才,2017-05-27 09:46:33,7,13,6,哑着喉咙都要坚持上课。商老师最棒
53017,1221,商志才,2017-06-24 16:33:04,32,41,9,老师声带不太好\n\n没法大声讲话\n\n很好的老师 上课很有条理\n\n选了他的无机化学 每次坐第一排 能感觉的到他是真的很用心\n\n\n\n老师有一次喉咙痛到说不出话还是坚持来上课\n\n我觉得这样的老师\n\n“讲话催眠”不应该成为给他差评的理由
54760,1221,商志才,2017-06-30 07:20:24,4,6,2,老师对待课程的态度很用心，但讲课缺少一定的激情，不适合教学。总之不推荐选他的课。
56138,1221,商志才,2017-07-03 06:40:47,-4,1,5,被制裁两次的报个到
58048,1221,商志才,2017-07-26 15:47:42,-6,1,7,扎心，绝望，难过！！！！痛苦，不想再上他的课...
59512,1221,商志才,2017-09-22 03:00:14,-1,4,5,无机及分析化学讲得挺好
59951,1221,商志才,2017-09-29 01:45:36,31,40,9,商老师的课我从未缺席，其他地方哪里找到那么多人一起打王者！
60001,1221,商志才,2017-10-01 03:12:54,17,20,3,非常非常非常非常非常非常认真的老师
60044,1221,商志才,2017-10-08 08:03:16,9,13,4,虽然上课很快我一脸懵但是课后QQ上问问题总是迅速回答而且解答详细无比 并且幽默 是一个可爱的老师
61436,1221,商志才,2017-11-17 08:19:32,8,12,4,商老师十分负责\n\n上课有点枯燥 但认真听课还是对思维很有帮助的。
64260,1221,商志才,2017-12-22 04:18:41,1,2,1,非常滴温柔
65765,1221,商志才,2018-01-09 05:09:46,0,3,3,催眠般的语速，老师应该在上课前自己先把知识点弄懂！
70865,1221,商志才,2018-01-27 16:01:43,0,2,2,老师挺好，自己不够努力，幸好化学系仁慈不给挂科
71028,1221,商志才,2018-01-28 01:58:58,0,1,1,这老师不适合教书，宁愿下学期学无机也不要选他的课
71846,1221,商志才,2018-01-29 04:28:25,1,2,1,10分，没让我挂！！！必须10分
75767,1221,商志才,2018-03-17 01:54:48,2,3,1,老师绝对是好老师，我qq上问他每问必答，他的讲课开始风趣了。我一直坐讲台边上，老师有时也会互动。学不好是自己的事，跟老师没关系。
76391,1221,商志才,2018-04-07 06:38:06,7,8,1,真的要为商老师鸣不平，其实老师对整本书体系的理解很清晰，讲的也能让人理解，听上去没啥重点但是其实重点都会提到，必须比较专心地听。缺点就是带点口音语调平缓了点。绝对是好老师！
76520,1221,商志才,2018-04-12 06:47:42,0,2,2,上的是他的无机及分析化学。他的课...可能没接触过无分的同学听起来会觉得有点难懂...但高中接触过化竞的听起来其实还是挺舒服的（我觉得思路清晰重点突出
76726,1221,商志才,2018-04-19 07:42:04,-3,2,5,评论里说参加过化学竞赛的听课没压力是不是有问题啊，又不是每个上无机的人都是选考化学的。说实话，自己看书做题都比听他讲来的清楚。
77649,1221,商志才,2018-05-07 05:33:06,2,2,0,为什么分那么低？随便讲讲就很厉害啊
86270,1221,商志才,2018-09-11 17:40:50,4,4,0,讲道理老师上课的精神态度是不错的，但也仅限于次，而且学生都是很现实的，你给我挂了，你上课讲不明白，我们就要骂你，推荐呢该换就换，换不了也不是差到接受不了
86538,1221,商志才,2018-09-17 05:32:10,2,2,0,我fo了，你们呢
86977,1221,商志才,2018-09-20 00:32:36,2,2,0,催眠大师
87002,1221,商志才,2018-09-20 02:16:52,8,11,3,老师上课娓娓道来，很认真，然而我普化课之后都是去图书馆拿出课本……
87035,1221,商志才,2018-09-20 04:35:55,7,7,0,上课是有点想睡但是不能怪老师，是我的错，老师上课很负责鸭
87418,1221,商志才,2018-09-29 00:13:05,12,13,1,强烈建议失眠的同学去听课
88344,1221,商志才,2018-10-29 06:01:25,4,4,0,老师真的很认真，但我真的听不懂╯▂╰
88647,1221,商志才,2018-11-05 03:26:52,4,4,0,给个10分给他的教学态度，给个1分给他的教学成果，老师负责认真，但是可能不适合教书吧
88650,1221,商志才,2018-11-05 03:38:45,2,2,0,老师非常认真负责，！但是早上睡不醒的同学千万别选他的催眠化学
88805,1221,商志才,2018-11-08 09:10:15,2,4,2,恶心，垃圾\n\n全凭自学\n\n
88977,1221,商志才,2018-11-13 05:41:33,2,3,1,虽然说上课有时无聊，但老师挺负责认真的，答疑很好\n\n
89144,1221,商志才,2018-11-16 05:03:50,-1,0,1,很好的老师，你值得拥有
89262,1221,商志才,2018-11-17 15:59:03,1,1,0,老师还是很认真的，课后回答同学问题很耐心，上课认真听还是有很多东西可以听进去的，尽管老师上课声音语调确实比较平缓，但是还是讲解的还是非常细致的
89457,1221,商志才,2018-11-19 07:54:44,-1,1,2,不想说
89464,1221,商志才,2018-11-19 08:23:02,8,9,1,认真听会收获很多的;但是绩点就不能保证了，很多同学都被卡绩了，比如59
89466,1221,商志才,2018-11-19 08:25:36,3,3,0,谢商老师不杀之恩！
89507,1221,商志才,2018-11-19 10:49:40,2,2,0,上课很认真的，回答问题很认真……就是会困
89521,1221,商志才,2018-11-19 11:22:57,4,4,0,老师很认真，然而我没有一节课不睡。。
89532,1221,商志才,2018-11-19 11:43:44,2,4,2,建议坐前排，多提问
89533,1221,商志才,2018-11-19 11:50:11,5,6,1,很好，过了，谢谢商老师不杀之恩
89548,1221,商志才,2018-11-19 12:50:40,-2,2,4,上课每节都催眠\n\n考试也满绩\n\n很棒
89551,1221,商志才,2018-11-19 13:02:35,1,3,2,老师上课挺认真的，虽然听起来确实有点催眠，但是很负责，认真上课认真答疑，而且自从有个老师来代过课之后我终于知道商老师讲话有多清楚了……没挂科真好
89560,1221,商志才,2018-11-19 14:39:17,11,16,5,绩杀！！！\n\n他的挂科率最高，在普化课中。\n\n上课贼催眠
89581,1221,商志才,2018-11-20 00:43:45,1,3,2,普化乙，还是要自己好好学的，上课真的无所谓了，睡觉就行了，无所谓了。老师答疑的话，有问必答，而且比较勤快。
89594,1221,商志才,2018-11-20 01:47:22,1,4,3,老师人还是很好的，虽然确实感觉说的不咋样，但是学校给的课时少，国庆中秋又冲了课，感觉老师也已经尽力了，很负责，分也尽量给我们往上拉，给分还不错，但是真的想学好课后要多花时间自己看。
89633,1221,商志才,2018-11-20 05:25:36,-2,2,4,上课超级无聊，根本听不进去，课间睡倒一片，答疑不仔细，最后成绩emmmm，不说了，都是泪啊。。。。。
89640,1221,商志才,2018-11-20 05:56:40,2,4,2,上课无聊，给分不错。无论如何，老师辛苦了！
89709,1221,商志才,2018-11-20 10:47:28,3,3,0,很认真负责的老师
89732,1221,商志才,2018-11-20 12:10:14,5,5,0,老师知识很渊博但讲课真心不行，预制上就死了！而且回答你问题的时候可能会怼你......
89750,1221,商志才,2018-11-20 14:34:52,-1,4,5,老师很好，给的绩点很高
89836,1221,商志才,2018-11-21 03:27:22,-1,2,3,老师是个好人，就是给分太低了吧。。
89918,1221,商志才,2018-11-21 08:31:16,1,1,0,很嗨呀
90041,1221,商志才,2018-11-22 02:05:14,-1,5,6,不点名，很催眠，靠自学，终满绩
90389,1221,商志才,2018-11-23 10:37:56,1,3,2,上课总会被催眠，感觉考试卷面分感觉不低但是不及格了！！！
90474,1221,商志才,2018-11-23 15:22:58,4,5,1,绩杀！催眠大师！\n\n擅长自学的大佬随意（＃－.－）
91232,1221,商志才,2018-12-04 02:05:22,1,2,1,说绩杀的是不是需要想想是不是卷面分太低了。。。还有自我感觉卷面分不低的你可真是可以了，无话可说
92288,1221,商志才,2018-12-27 12:44:42,3,6,3,商老师绝对是个好人（他敬业的，也会尽量给提分，但要是期末考分太低，给再高的平时分也挽救不了，哭泣），但是他的普化课真的很催眠（老师声调慢悠悠的，前一天晚上睡足了也会上课犯困，老师是一直坐着的）。另外，商老师跟其他老师比起来课讲得比较快。他不点名。参加过化学竞赛或外省的人上课好好听，做点题，分不会低，就算有些东西不是很理解也没关系。没接触过这些也还好，认真听讲、好好做题，期末稳得住。
92374,1221,商志才,2018-12-28 06:00:19,2,3,1,老师态度很好，线上很认真地回答问题，讲课速度最慢，但是都是干货。
92957,1221,商志才,2019-01-06 09:37:01,4,5,1,说真，商老师特别认真的。虽然讲课的语气比较平淡有点催眠，但只要开始时用心，上课体验还是很棒的。这种课不是通识选修，最终成绩还是取决于自己课后的努力和考试，老师的评分真的只是参考。而且商老师给满绩的时候也不含糊。
102835,1221,商志才,2019-02-24 02:57:10,13,14,1,emmmmmmmmm\n\nPPT＝书\n\n他讲的＝PPT\n\n不是约等于，是等于\n\n虽然老师人应该还不错……
106239,1221,商志才,2019-04-26 02:19:03,1,1,0,这老师上课还可以啊，为什么评分这么低→上课好无聊，难怪评分这么低(其实是本菜鸡没提前预习)→哇还留一节课给我们复习诶，还准备了ppt和模拟题，我爱了！虽然最后也是靠自己，但绩点也还OK。商老师值得更高的评分呀！
106258,1221,商志才,2019-04-26 03:09:36,-2,1,3,老师挺好的，虽然有些催眠，4.5我觉得还ok
106273,1221,商志才,2019-04-26 05:26:38,-1,1,2,六天早课的选上他的课建议换了吧，睡眠不足的情况下真的撑不住。
106281,1221,商志才,2019-04-26 05:57:11,1,1,0,老师挺好的，普化这门课本身还是要靠自学吧。
106291,1221,商志才,2019-11-18 01:37:56,-9,2,11,老师是好，但是这门课肯定是要自学的。。结构零基础的我最后4.8。。。。
106348,1221,商志才,2019-04-26 13:17:48,-1,0,1,很负责
106444,1221,商志才,2019-04-27 12:05:17,1,1,0,老师挺好的\n\n是我太菜了\n\n听不懂
106484,1221,商志才,2019-04-28 00:48:56,2,2,0,老师上课是真的催眠，一学期都没有听，全靠自学，但最后竟然让我过了，哈哈哈，还是给个好评，没有小测不点名很随和，就是讲课无聊了点~
106715,1221,商志才,2019-04-29 05:16:36,2,2,0,老师特别负责，特别特别。而且本人应该也是学识渊博，很有成就。教学水平却可能真的不高。
106835,1221,商志才,2019-04-30 03:52:00,4,4,0,老师很认真 但他讲课真的不行 这两点不矛盾
109429,1221,商志才,2019-06-14 10:56:10,4,4,0,唉，后悔了\n\n宁愿不上课，也不能选他的课
116779,1221,商志才,2019-09-15 16:24:09,1,1,0,催眠，game time
117046,1221,商志才,2019-09-18 16:33:36,-1,0,1,我很喜欢听商老师的课。他上课很认真，废话少，思维简洁流畅，为何大众点评如此之低…
117082,1221,商志才,2019-09-19 05:16:02,2,2,0,老师上课真的很认真，实在是很想把这门课上好，对同学也很关心，可是…
117558,1221,商志才,2019-09-26 03:02:27,1,1,0,知识渊博，就是催眠。。。。。
117913,1221,商志才,2019-10-10 06:07:42,1,1,0,老师人很好
118008,1221,商志才,2019-10-18 11:06:21,2,2,0,讲课其实还好吧，也没有很困，就是有的时候被不标准的普通话劝退
118267,1221,商志才,2019-10-24 07:24:17,1,1,0,催眠术
118476,1221,商志才,2019-10-27 11:59:30,-3,0,3,听过概统张南松的课以后发现给商志才老师的分打低了，上个学期上课的表示老师上课真的很认真，虽然有一点口音，但至少是中文。问他问题都会很用心地回答。期末的时候他给大家的复习卷一定要认真做，只看书没用的，复习课的习题也要听，很有帮助！
118798,1221,商志才,2019-11-06 06:25:43,2,3,1,神仙老师，讲话sb，\n\n
119053,1221,商志才,2019-11-10 02:41:57,1,2,1,据说很多人上课都想睡觉……\n\n但是老师真的很负责，上课都会讲到，专业知识很丰富~\n\n上课容易睡着的慎选
119258,1221,商志才,2019-11-18 00:14:00,3,3,0,老师不喜欢捞，如果是农民的话还是选别的老师吧
119259,1221,商志才,2019-11-12 00:36:09,-1,0,1,好，好，好啊
119260,1221,商志才,2019-11-12 00:36:09,-2,0,2,好，好，好啊
119374,1221,商志才,2019-11-12 11:24:14,2,5,3,助教陆某真的垃圾，乱改作业，从不发言，期末禁言。
119385,1221,商志才,2019-11-12 13:45:51,3,4,1,楼下的，不是老师自己禁言的么？
119883,1221,商志才,2019-11-17 23:44:53,6,6,0,卡极啊！！还绩杀...
120137,1221,商志才,2019-11-17 23:24:15,-2,0,2,给分太良心了
120154,1221,商志才,2019-11-18 00:48:49,1,3,2,上课催眠，给分卡绩，还不喜欢捞人
120155,1221,商志才,2019-11-18 01:03:24,4,4,0,催眠吧，最后实际分比卷面低好多
120168,1221,商志才,2019-11-18 02:14:35,-2,0,2,给分太良心了
120170,1221,商志才,2019-11-18 02:29:32,-3,1,4,老师挺好的，虽然有些催眠，4.5我觉得还ok老师答疑超认真，人超好
120227,1221,商志才,2019-11-24 10:17:03,2,2,0,跟没听一样
120230,1221,商志才,2019-11-24 10:45:15,-6,0,6,老师回答问题很及时，怎么问他都会得到不厌其烦的回答
120295,1221,商志才,2019-11-27 14:28:56,-2,2,4,说实话，上课可能会感觉想睡觉，这都取决于你自己，毕竟成年人了，该对自己的行为负责，老商很负责，做事很有原则！他真的对学生很棒！
120366,1221,商志才,2019-12-01 04:07:48,-1,0,1,我都不知道怎么说，有时候感觉好，有时候又不好。例如，有时候问题很耐心的，但是有一两次我在课后问他题，他让我在QQ上再发给他，我照做了，但他一直不回，我就很奇怪啊，是他让我发的，后来又不理，甚至有时候在课后问题，感觉语气不和善，我问的问题总不是那种弱智的，再不济也是中等偏上的。只有3.0绩点，不说了，原本还想着可能有个满级啥的，竟然只有中等，我真是服了
121381,1221,商志才,2019-12-16 13:03:31,1,1,0,还行吧
121489,1221,商志才,2019-12-15 09:37:10,-1,0,1,绩杀，别说了。上课倒是睡得很安心。从未在课上睡过的我第一次体会到上课睡觉的感受了。老师没啥语调，讲得也不太听得懂。
123847,1221,商志才,2020-06-15 02:23:16,3,3,0,自学自学，绩点是自己考出来的
127388,1221,商志才,2020-11-22 09:05:05,1,1,0,还可以
127392,1221,商志才,2020-11-22 10:51:26,0,2,2,这老师的助教就是脑瘫，别的不说了老师一般般至少能交流，助教死板得很。
127393,1221,商志才,2020-11-22 11:03:01,2,2,0,商老师教学态度是可以的，有问题都会回答，跟助教关于作业评分有争执，他也会帮我们改，能给分就给。可是，，，商老师的教学能力确实有点不足，感觉有时候讲的有点跳跃，回放也听不明白那种。。。所以还是得靠自学。但是，diss助教，真的死脑筋，因为助教批改作业问题生了很多次气。
127394,1221,商志才,2020-11-22 11:07:29,0,1,1,太困了，每节课都打王者
127397,1221,商志才,2020-11-22 11:22:31,1,1,0,大家平时好好自习啊，尤其是上课。\n\n而且作业要好好写，否则会卡绩。
127417,1221,商志才,2020-11-22 23:23:18,-1,1,2,有一说一，老师人很好，很负责，每堂课都坚持上，为赶进度还专门用下课时间补内容。但是催眠是真的，可能是个体原因，可能是上课方法上还可以改进，但无论怎么说，普化乙是一门自学都能拿到不错成绩的学科，平时作业认真做，助教批改有问题及时反映，一般都会改回来，期中好好复习，一定没问题！
127421,1221,商志才,2020-11-23 01:02:08,0,1,1,是好老师，可能有点口音，但是好老师没错的。
127446,1221,商志才,2020-11-23 06:27:29,4,4,0,讲课能力只能说一般，但还是挺负责的，不过助教真的有毒，有一次习题不小心写成思考题，求了好几次也补交了，最后还是不给我作业分，总分直接没了4分啊。无语。。。
127731,1221,商志才,2020-11-26 06:53:41,6,7,1,老师人还是不错的，可惜我被绩杀了
127815,1221,商志才,2020-11-27 16:08:27,3,5,2,说助教有毒的……助教是刚读研的小姐姐，作业改的很细，改错了跟她反应都会很快调回来的，没什么大问题，比一些事情干不来还傲慢的人好多了
127923,1221,商志才,2020-11-30 10:53:00,-4,1,5,上课一般般，讲题很不耐心，绩点还低，5555
128294,1221,商志才,2020-12-17 01:27:44,-1,1,2,不理人
128372,1221,商志才,2020-12-21 14:06:55,3,5,2,商老师的声音好有磁性，一上他的普化就情不自禁地沉迷其中。后来学分析化学的时候眼前还总是浮现出他面带微笑，和蔼可亲，侃侃而谈，为我答疑解惑的样子。
129735,1221,商志才,2021-01-12 00:21:13,-4,0,4,压分1
131928,1221,商志才,2021-01-29 10:15:08,-1,1,2,普化(乙)\n\n怎么说呢，老师人其实感觉还挺好的，有一次自己感冒了还特意提醒我们注意身体。讲课的话我其实不好评价，主要是自己真的是一上跟化学相关的课就想睡觉(别骂了别骂了，从高中开始就是这样，像得了一种病一样😥)由于没问过老师问题，不能说老师回答问题怎么样，但感觉老师在说线下答疑的时候，挺看重的。\n\n到了学期末的时候，老师会占用其他时间来讲课。作业方面确实有几次感觉作业看错了，但自己也没去找助教(胆子小😶)\n\n成绩不知道怎么说吧，我分不太高。
132852,1221,商志才,2021-02-04 07:31:16,-2,0,2,老师挺认真，虽然真的催眠 但认真听的时候并不会困～
39485,1244,苏彬,2016-12-23 05:39:24,-27,9,36,从来没想到在浙大还能遇到那么好那么帅的老师！讲课真的很有趣！而且给分超级棒！每一个化学系的胖友都应该去听他的课！
42644,1244,苏彬,2017-01-14 16:06:26,-10,1,11,还好吧
49876,1244,苏彬,2017-04-26 16:57:54,-14,1,15,好老师！
64386,1244,苏彬,2017-12-23 06:17:56,-11,3,14,认真负责严格/死板，有一千个读者就有一千个哈姆雷特
64711,1244,苏彬,2017-12-27 00:22:17,9,12,3,讲实话，他的声音太小啦！讲课平淡，想睡觉。点名的哦
70080,1244,苏彬,2018-01-26 05:29:33,-2,11,13,谢老师不挂之恩！考完试整个人都凉了 感谢有过程分吧
70081,1244,苏彬,2018-01-26 05:30:35,-9,7,16,点名都到 考试认真准备 分就不会低\n\n超级好超级优秀的老师? \n\n
72668,1244,苏彬,2018-01-30 18:56:04,11,14,3,点名！不到课的名单会交给系里。学弟学妹们认真听课！
74679,1244,苏彬,2018-03-05 05:27:27,-4,6,10,化学哲学玩得很好，为人有原则，上课有点无聊
75178,1244,苏彬,2018-03-08 01:29:04,-15,0,15,认真负责，好好复习分不会低
75840,1244,苏彬,2018-03-19 23:40:33,19,23,4,上课死气沉沉，感觉人也很冷漠，冰山脸，学生实验有困难时，要么冷眼旁观，要么敷衍一下
78257,1244,苏彬,2018-05-10 08:15:37,-12,2,14,xjb乱学了一个春学期居然没给挂
78835,1244,苏彬,2018-05-15 13:16:07,-20,3,23,老师长得实在太帅了，我有个同学也叫苏彬，果然叫苏彬的都很帅
94093,1244,苏彬,2019-01-15 07:30:47,24,28,4,超级无敌大号催眠药  本来以为商志才够催眠了  学了分化才知道  商老师是好老师哇!!!
99800,1244,苏彬,2019-01-25 07:43:41,32,35,3,绩杀，认认真真准备了这么久，给分还这么低，从来不答疑，一副事不关己的样子
99805,1244,苏彬,2019-01-25 07:48:17,22,24,2,垃圾老师毁我青春\n\n寒窗一学期绩点二点四\n\n
99817,1244,苏彬,2019-01-25 07:58:59,16,20,4,给分超级低...老师真的有点绩杀，而且不调分。分析化学复习的时间比微积分还多，呵呵，2.7。不说了，要落泪了。
99841,1244,苏彬,2019-01-25 09:16:48,8,11,3,....
99862,1244,苏彬,2019-01-25 09:00:36,35,44,9,我普化4.几的老师我都能考4.5，分析化学出来3.3我都无语了，试卷做的时候觉得扣分不会超过10分，另外一个感觉能考5的dl出来也只有4.5，有一点低落，但也只能接受吧，自己肯定也有不完善的地方，但我还是要给你1分，觉得上课毫无意义
99943,1244,苏彬,2019-01-25 10:20:08,28,32,4,出完绩点了来写评论\n\n整个考试周都用来复习分析化学了.那张半开卷的A4纸抄了我七天.最后1.5我又能说什么呢.可能是我菜吧.但是大家绩点都很低.这老师难道会好？\n\n上课照着书巴拉巴拉讲一遍.还不如自己看来的有效.不建群.也几乎没答疑.一副刚刚在上的样子.不调分.考完试也别和他打电话发邮件.用他原话说就说“我已经是正教授了.不用再评职称什么的了.你们打分打地低也没影响.”你这么??那就给你一分呗.要是能打零分我连这一分都不想给?
100049,1244,苏彬,2019-01-25 13:19:42,14,16,2,一开始冲着这个正教授分数高才选的，我分析化学真的已经尽全力了，花了很多时间，唉，无奈，2.1的绩点让我想结束一切，是我太差了吗？
100056,1244,苏彬,2019-01-25 13:27:00,21,22,1,上课balabala讲贼快 让人觉得就在赶进度 主要绩杀...对于这种绩点很生气也很难过
100083,1244,苏彬,2019-01-25 14:10:38,17,17,0,上课比较冷漠，有时候讲话会比较刻薄。
100126,1244,苏彬,2019-01-25 15:25:56,16,17,1,可能当初是我看走眼了吧，分析化学(乙)就别选他了，真的！相信我！！！
100130,1244,苏彬,2019-01-26 16:05:22,20,21,1,会，遭报应的吧
100181,1244,苏彬,2019-01-25 16:50:07,-25,2,27,申请了免听，全靠自学，4.4，非常知足了……
100231,1244,苏彬,2019-01-26 00:02:06,-17,4,21,讲课其实一般吧，没坐过教室前7排，绩点4.8，这种半开卷的考试的确有点看运气的，大家也不知道该复习哪里，考试难度有多少也不清楚，的确，不调分对有些人来说觉得这种难度试卷纯粹想绩杀，老师也不接地气，我个人觉得不适合教大一基础课，毕竟新生，很多考试不清楚，而且只能通过邮件来与老师沟通，但这可能也是他的一种风格，希望选它分析化学乙的同学考虑清楚。绩点一部分实力，一部分运气，我是后者。
100428,1244,苏彬,2019-01-26 06:12:11,15,17,2,窒息绩杀2.1什么鬼d(ŐдŐ๑)
100554,1244,苏彬,2019-01-26 09:41:54,23,25,2,绩杀，这么大个班一天出成绩可见改的有多粗暴，而且平时分超级低? 助教态度超级差
100557,1244,苏彬,2019-01-26 09:45:43,32,34,2,全寝室三人选了他的课\n\n无一例外深受其害\n\n第一次听说某一流高校的正教授\n\n就能将学生死活置若罔闻\n\n可算是凭一点几二点几的绩点开了开眼\n\n您手下的研究生助教\n\n能以‘屏蔽 删除提出质询的同学’作为弥补打分错误的手段，可真是名师出高徒的典范呢
100871,1244,苏彬,2019-01-27 03:42:24,19,21,2,"想问老师问题只能通过邮件和下课问\n\n没有答疑，没有群\n\n真的和微积分形成鲜明对比\n\n微积分老师有答疑，还有线上答疑，还有助教答疑，分化什么都没有，问助教没用！！！（刚开始我还觉得助教小姐姐很好看，很好，然后去问题目，回都不回。qq 她不是不用的）\n\n考前两周就开始复习，买了题目自己做，考试的题目大都抄上了，除了简答题，但感觉也不会很差，结果2.4\n\n人生最低。。。。。。\n\n想查分，一句""按程序走""，真的很冷漠，不过我也不能说什么，但是真的让人。。。。。\n\n你不调分，人家老师都调分，造成的差距怎么弥补？？？？？\n\n\n\n"
102117,1244,苏彬,2019-01-30 14:07:23,21,23,2,来给大家科普一下，均绩2.4，我2.7排进班级前14%，老师可爱吗，迷人吗?如果想要体验这样的老师，欢迎选他的课，让你欲罢不能，欲仙欲死。出了这门课，拉低了已经有16分学分基础的均绩0.19。老师真的不绩杀呀，我都2.7了还给我卡绩，老师肯定是想让我好好学习不让我上3。生活真美好呀，谢谢老师了呢！老师新年快乐呢！
102542,1244,苏彬,2019-02-06 09:45:13,25,29,4,这里显示的均绩有问题，我在学习帝的成绩统计上显示，这门课挂科率49.8%，全班平均分没到1.5，该怎么做大家应该都懂了叭
102559,1244,苏彬,2019-02-08 09:17:11,16,19,3,催眠机不想说话，，本来抱着想好好听的心情去的，，听了不到10分钟，保证睡着。前排的男生直接趴了。\n\n绩杀不想说话，全都会做，考下来呢，呵呵，考完第二天就出成绩，能好好改吗??!考试前还舔着脸说什么考完不要给我发邮件说多给点分分，我只想弱弱的说一句，你也没给时间吧。你还是好好当教授吧，再见！
102776,1244,苏彬,2019-02-23 02:52:38,-4,4,8,想好好评价一下苏老师。1关于催眠，这个是千真万确，十分催眠，必须打起十二分精神。2关于绩杀，因为我觉得我分还好，无权评论。但我早听说老师超严，所以平时作业做的很认真，期末考准备也很认真，半开卷的A4纸正反面写的满满当当。3关于负责，群是有的，但助教不出现，同学们也没太有相互答疑的热情；的确老师不容易联系上，但老师课后会留在教室回答问题，挺耐心的。4老师不正太，考多少是多少。
103296,1244,苏彬,2019-02-27 07:17:24,10,11,1,OK?
103300,1244,苏彬,2019-02-27 07:25:10,-9,1,10,超级和蔼
103516,1244,苏彬,2019-03-01 00:49:11,-2,1,3,okokok
103559,1244,苏彬,2019-03-01 05:46:47,-8,3,11,说真的，我在化学这门课上没什么天赋，普化2开头，但是苏老师的课就是认真听每节课后都做笔记，考试的时候带的a4纸抄的满满的，绩点还不错。说老师不答疑的，他第一节课就留了邮箱说用那个联系他，我发了两次问问题的邮件他都回得很快。不过不调分是真的，催眠的话我觉得商志才比较..
103947,1244,苏彬,2019-03-15 01:05:44,14,14,0,他的世界一切都可第三声…… 接受侄子，失去侄子 原谅我强迫症发作想翘课 认真的\n\n我补充一下，我觉得大家说的OK是因为这是他的口头禅，瞎讲一通，OKOK结束，不是他讲的OK，别被骗了！！！
104154,1244,苏彬,2019-03-13 05:40:43,7,8,1,我到底是做了什么坏事才遭报应当了他的学生？
104470,1244,苏彬,2019-03-21 06:47:55,11,12,1,垃圾垃圾
104610,1244,苏彬,2019-03-25 06:04:55,7,7,0,???
104726,1244,苏彬,2019-03-26 14:27:13,7,8,1,苏彬老师的微博找到了@带带大师兄
104763,1244,苏彬,2019-03-27 07:55:52,9,9,0,讲课和翻书一样快，我真的尽力听了? ? ?
105068,1244,苏彬,2019-04-03 05:52:17,9,11,2,体验感差，全靠自学。所以没有给0分的选项吗？
105156,1244,苏彬,2019-04-05 11:04:12,5,7,2,绝了థ౪థ
105341,1244,苏彬,2019-04-10 07:07:13,7,9,2,真的辣鸡
106040,1244,苏彬,2019-04-24 13:31:22,-9,5,14,我是19年春学期上的苏老师的分析化学。之前可能的确有过绩杀的情况，但从这学期看来真不存在所为“绩杀”。老师专业水平是很高的，讲课也不错（一般也不会觉得枯燥哇），大家均绩低或许只是因为这门课本身不太友好？
106042,1244,苏彬,2019-04-24 13:33:21,-17,3,20,绩点4.5，老师超级好\n\n
106043,1244,苏彬,2019-04-24 13:34:05,-6,4,10,这个老师没有评论说的那么差吧，虽然出分是很快，但是感觉给的还不错，虽然和我想象的还是有点差距，但是自己的努力感觉得到回报了，可能是这门课本身就难吧
106045,1244,苏彬,2019-04-24 16:17:49,3,16,13,本人2019年春学期上的分化。想正名一下。首先，点名问题，老师一学期只点过一次名（也不算点名，只是查迟到）；第二是交作业，作业是学生分内的事情当然不能算点名的手段，虽说作业有点多，但是老师会每次提前提醒交作业的日期，而且期末能进行作业补交；第三是上课，我觉得老师上课还是可以的，分化本来就很硬核，主要就是讲书里的知识（老师又不是说书先生），就算上课不听也可以自己去看老师主页里的PPT（至于“OK”“对吧”之类的口头禅总要允许吧）；第四，关于考试准备和答疑，老师偶尔会在群里出现，邮件答疑保证会有回复，而且老师在群里说明了各种注意事项，好好准备不出意外可以考好最后我自己的情况，平时作业认真做（只有一次B+，一次A，其余全部A++），半开卷考试前那张A4纸好好准备（基本写满了），考试不慌，最终4.2，也算不辜负自己的努力了。
106047,1244,苏彬,2019-04-24 14:09:00,-9,1,10,看个人努力吧，自己真的付出了，绝对有收获。
106064,1244,苏彬,2019-04-24 17:11:26,-8,2,10,老师还是挺和蔼的，化学课本来就容易犯困இдஇ……还是有点催眠，不过好好准备，作业好好做肯定不会差的。\n\n不过分化乙这课是很坑，半个长学期上完，简直有毒。
109863,1244,苏彬,2019-06-20 01:49:37,4,8,4,辣鸡老师
117428,1244,苏彬,2019-09-24 07:12:28,3,7,4,辣鸡老师
131511,1244,苏彬,2021-01-28 00:02:09,3,4,1,好可爱
132597,1244,苏彬,2021-02-02 14:12:34,2,6,4,就一sb
147383,1244,苏彬,2022-01-10 01:36:13,1,2,1,之前看评价好像说老师不调分？但是今年出成绩特别慢，大概用了七天，最后成绩也比自己预想的高！主要还是自己那张纸抄的好，填空啥的基本都抄到了！老师出了挺多原题的，老师给的历年卷一定要刷，最后几章课后习题也要刷，很可能出原题的！老师还是不错的，挺温柔一人没有小测，有几次点名（比如交作业当做点名）
147414,1244,苏彬,2022-01-10 02:58:11,1,2,1,苏老师真的挺好的诶
161364,1244,苏彬,2022-11-05 05:54:14,0,1,1,555
165662,1244,苏彬,2023-01-09 07:24:29,0,2,2,老师讲的挺好的，复习看ppt就够了，最后4.8
165791,1244,苏彬,2023-01-09 17:53:18,-1,1,2,分析化学I 认真看ppt 抄A4纸 就可以了\n\n老师人很好
168326,1244,苏彬,2023-02-11 14:38:39,0,0,0,老师人很好，每次上课都乐呵呵的，但怎么说呢这门课本来就很无聊，有一大堆东西需要记的（虽然都能抄到纸上），知识点有一点没理解就只能硬抄A4纸了，
174526,1244,苏彬,2023-06-13 15:27:21,6,6,0,反正比分化2强
174993,1244,苏彬,2023-06-20 15:20:56,0,1,1,人很好，上课也会提醒不要玩手机，课件简单易懂\n\n一定要我做一个对比的话，我只能说为什么不接着带分化2？
188006,1244,苏彬,2024-01-18 03:24:24,2,2,0,不知道为什么评分这么低，复习PPT都给了，考的东西八九不离十还是很好的。
189478,1244,苏彬,2024-01-24 15:32:09,2,2,0,苏老师讲课语调平淡而且催眠，会突击点名，PPT内容很详细，做的很好，用它可以脱离课本直接复习，考试内容也不脱离PPT，给分不算太差，打个8分
191016,1244,苏彬,2024-03-28 08:26:17,3,4,1,会遭报应的
207492,1244,苏彬,2024-12-22 11:18:26,2,2,0,作为专业课的分析化学老师，我觉得苏老师讲课其实很清晰，分析化学书其实可读性不是很高，如果每节课认真跟老师思路其实能拿到不错的成绩的，期末考试的题型和平时作业的形式也比较像，有时会在钉钉上问老师问题，回答得很耐心，可能上课会比较平淡，但最后在课上其实也会开些冷冷的玩笑，期末复习的时候也会设置答疑时间，反正比分化2的老师好多了
212369,1244,苏彬,2025-01-14 02:20:22,2,2,0,上课内容还行，但是语气实在平淡，让人在早八不太容易坚持得住，不过这个学期没点过名，作业也不是很多。总体来说其实还行吧，感觉没有其他评论里说的那么逆天。
212370,1244,苏彬,2025-01-14 02:20:22,0,0,0,上课内容还行，但是语气实在平淡，让人在早八不太容易坚持得住，不过这个学期没点过名，作业也不是很多。总体来说其实还行吧，感觉没有其他评论里说的那么逆天。
212371,1244,苏彬,2025-01-14 02:20:22,0,0,0,上课内容还行，但是语气实在平淡，让人在早八不太容易坚持得住，不过这个学期没点过名，作业也不是很多。总体来说其实还行吧，感觉没有其他评论里说的那么逆天。
212372,1244,苏彬,2025-01-14 02:20:22,0,0,0,上课内容还行，但是语气实在平淡，让人在早八不太容易坚持得住，不过这个学期没点过名，作业也不是很多。总体来说其实还行吧，感觉没有其他评论里说的那么逆天。
212389,1244,苏彬,2025-01-14 02:50:01,3,3,0,给分还行，仅靠补天，考试分享的唯一一张历年卷在卷子里有几题原题（考的点还比较细 基本上微雕找不到）。除了后面那三章，基本上可以只看他的ppt
212737,1244,苏彬,2025-01-14 16:03:03,1,1,0,挺好的老师，还指出学生好像学风有问题的事。从不点名，最后满了，感谢老师
213096,1244,苏彬,2025-01-16 03:48:36,4,4,0,挺好的，遗憾是卡绩了
4441,1264,王从敏,2015-06-23 06:14:05,10,12,2,老师人很好，绿色化学听课挺轻松
8850,1264,王从敏,2015-09-29 02:46:13,0,3,3,也可能是物化比较难喽，反正感觉听和没听没啥区别
23313,1264,王从敏,2016-03-24 06:21:37,0,1,1,
47175,1264,王从敏,2017-06-07 06:41:41,0,2,2,别的不多说，你的助教是什么鬼啊，欠作业迟迟不发还算了，考试题目还难得一笔。我觉得考试成绩肯定很惨了
47275,1264,王从敏,2017-01-25 04:46:27,5,7,2,老师第一次开物理化学，课不错，课本很坑，自习很累，上课跟着老师走一遍还是很好的
70717,1264,王从敏,2018-01-27 12:30:49,0,2,2,迷之课堂\n\n
71121,1264,王从敏,2018-01-28 03:39:42,4,6,2,老师很和善的，就是被要求用板书教学感觉会拖慢进度吧！两次小quiz，不会很难可以翻书。考试的时候各种神助攻，哈哈
71953,1264,王从敏,2018-01-29 06:37:23,0,1,1,老师讲课还是很清楚的，很和善可爱的老头。偶尔上课提问。助教小哥哥很萌很可爱。
86705,1264,王从敏,2018-09-18 05:25:10,0,3,3,嘿嘿嘿
91472,1264,王从敏,2018-12-11 05:55:57,-2,5,7,真辣鸡...
94129,1264,王从敏,2019-01-15 08:38:36,-3,6,9,我上我也行，比你讲得还好
94967,1264,王从敏,2019-01-18 13:58:51,1,3,2,笑嘻嘻
99197,1264,王从敏,2019-01-24 11:37:07,5,5,0,老师人真的真的特别棒，说上课听不懂的同学是不是考虑一下课前准备准备，课后复习复习呢，浙大的课程本来难道就很大，物理化学又是基础中的难点。本来就是需要花特别特别多的时间去熬的呀
99546,1264,王从敏,2019-01-25 02:37:27,2,2,0,老师人很好很和蔼，不点名，有几次小测，只有选择题。上课可能会有点小无聊，但平时跟着老师划划重点，期末好好复习看看重点就好了。
101311,1264,王从敏,2019-01-28 03:58:45,0,3,3,大家都在下面用b站看彭笑刚二倍速……和曹老师比确实讲不太清楚 不过给分好像还可以？最后还会提醒没有交齐作业的同学把作业补上
116378,1264,王从敏,2019-09-10 00:29:47,20,23,3,大哥！大爷！宁把板书写重一点，哪怕一点点，行吗？！！！！
121332,1264,王从敏,2019-12-19 10:30:39,0,1,1,老师人不错，但是讲课水平真的一般
121969,1264,王从敏,2020-01-26 14:51:14,17,20,3,物化老师上课思路清晰，坚持手写板书，会停下来给同学们抄笔记，答疑也超级超级和蔼！！！期末考试之前还给了真的历年卷（不要信文印店的）！！！调分之前还特意提醒同学们补交作业因为作业占比很高（目测约50%），给分也超级超级好！！！期末考试大题目做得好选择题不失误，4.5到手！！！
122037,1264,王从敏,2020-02-03 13:25:01,0,0,0,讲的一般，课也很难，但是期末考试很简单，给分也很好，期末计算题很多都是简单的例题，只要作业自己做的一般都写的出来。
166158,1264,王从敏,2023-01-11 08:24:38,0,0,0,上的绿色化学，当跨专业的，今年比较特殊没有考试，有两篇1000字论文的样子，还有一个小组展示，小组展示居然只给了几天时间从组队开始准备。。。最后喜提3.3……可能是我不够卷吧，两篇论文写道1500的样子，然后组小组的时候别的组都是5-6人，我一个外专业的没人一起组就只能随机分配到三个人一组。上课还好，平时没什么事，偶尔叫同学回答个小问题什么的，但是给分就很不行……
212897,1264,王从敏,2025-01-15 07:52:37,1,1,0,老师讲课挺好的，钉钉回答问题也很热心！就是板书实在是比较难看清（这个也和西教没有打向黑板的灯光有关系吧）。
3624,1266,吴军,2016-09-12 16:29:03,1,8,7,上课会扯开去....讲得比较泛
4856,1266,吴军,2015-06-30 00:28:54,5,8,3,课间与书上一样，会扯开去，全靠自学。。
6169,1266,吴军,2015-07-11 14:30:07,4,8,4,挺好 会讲哪些重要哪些不会考。
22557,1266,吴军,2016-03-08 02:48:25,5,13,8,听他课太累 废话太多 有用信息提取困难
23492,1266,吴军,2016-03-31 15:49:53,3,7,4,都不能好好上课 太能扯了
23494,1266,吴军,2016-04-01 00:33:13,9,11,2,故事多
23786,1266,吴军,2016-04-16 13:35:47,48,53,5,很仔细的老师，讲的明白，就是老是做化学系的广告
24327,1266,吴军,2016-09-20 06:32:20,19,21,2,大湿胸特别厉害！
25391,1266,吴军,2016-11-20 11:08:07,5,6,1,好老师啊！很为学生着想，一直在讲大学规划，循循善诱。
26840,1266,吴军,2016-07-03 13:50:48,1,3,2,个人感觉还不错，讲课喜欢讲故事，给分也挺好的吧我感觉
27879,1266,吴军,2016-06-28 02:43:25,1,3,2,抓不住重点
28431,1266,吴军,2016-06-28 08:58:30,1,2,1,讲课速度蜜汁飞快\n\n
28732,1266,吴军,2016-06-28 13:25:45,-3,2,5,听他课太累 上课速度飞一样 赶超别的班好多 吓死宝宝了 复习的时候还是很好的
29397,1266,吴军,2016-06-29 16:20:45,32,38,6,很勤奋很认真的老师 每天比大多数同学都还要早到教室 态度真的很好 但是全靠自学
29759,1266,吴军,2016-06-30 09:40:11,25,28,3,老师人超好的啊！很幽默，上课总是像和学生对话一样去调动我们的兴趣。上完课会留下来答疑。前面几章基础知识讲的超细，后面的稍稍进度快一点。
29941,1266,吴军,2016-06-30 14:23:31,8,13,5,吴军的课非常值得上
31254,1266,吴军,2016-07-03 13:17:32,4,9,5,真心不知道为什么我们成绩就是最后出，保证年纪挂科率……老师人还是不错的
31261,1266,吴军,2016-09-22 03:15:35,-2,8,10,吴军老师感觉还不错，个人挺喜欢他的，就是有点吹水hhh。另外，楼上说大湿胸的，你够了……敢不敢自报家门？
31263,1266,吴军,2016-07-03 13:25:55,-12,6,18,大绩杀，给分超级低，一点都没师生情，出分还特别慢，上课老是扯，还特别严
31264,1266,吴军,2016-07-03 16:18:00,-10,8,18,没见过对学生要求这样严的老师！出分慢也就算了，还牺牲自己的学生去保证年级挂科率！毕竟不是每个人都是热爱有机的！很多人就是因为预置才学的。无法理解这种老师！同样是学生，一样的试卷不一样的成绩，恶心！
31338,1266,吴军,2016-07-03 16:22:54,8,9,1,就这样吧，主要靠自己
35233,1266,吴军,2016-11-07 03:38:25,-2,1,3,机理讲得蜜汁快，一直在强调学习要掌握方法之类的…呵呵，手动再见
35776,1266,吴军,2017-01-05 03:08:21,14,16,2,老师非常好，讲得很好。分低只是因为有机不会
35931,1266,吴军,2016-11-10 08:54:59,1,1,0,非常好 不照本宣科 教我们好多实践中有用的东西
36012,1266,吴军,2016-11-10 10:02:39,5,5,0,在要睡了的时候会被他的笑话吵醒，呵呵
36295,1266,吴军,2016-11-11 14:34:34,3,3,0,讲得很仔细很认真，时不时会冒出点玩笑。并且还经常给有机打广告XD
37933,1266,吴军,2017-01-15 16:59:25,6,6,0,可爱的老师！不管哪个老师，有机基本都要靠自学的！！大家一定要好好学有机！老师不错的！！答疑很认真！很负责！
38700,1266,吴军,2016-12-15 05:32:12,1,1,0,真幽默，哈哈哈，有意思
39322,1266,吴军,2016-12-22 05:40:23,0,1,1,挺无聊的
39602,1266,吴军,2016-12-26 03:16:19,6,6,0,老师很幽默风趣的，讲的也很清楚，还会讲重点、猜考题。我很喜欢这个老师
41773,1266,吴军,2017-01-12 14:16:36,13,16,3,吴老师简直段子手，讲课萌得不行。“我现在是以老学生的身份来跟你们讲怎么提高分数”会划重点。更重要的是，课后答疑非常好，会很耐心跟你讲。不过学有机就基本自学了，老师的课还是听听增加印象。现在分还没出不知给分如何。
42694,1266,吴军,2017-01-15 02:47:54,5,8,3,有机化学8分给上课态度和幽默亲切还有猜考点，会为学生整理考点什么的，2分扣在平时上课有点飘不太稳。比较能够引起学生的自学兴趣_(:з」∠)_会给ppt什么的\n\n不过想好好学有机还是建议换掉，看一眼均绩吧，听课时比较痛苦，考前花一个礼拜看有机还是能高于均绩的
42754,1266,吴军,2017-01-15 04:42:21,1,1,0,总之感谢老师
42800,1266,吴军,2017-01-15 07:28:19,3,4,1,我爱吴军，就酱
43371,1266,吴军,2017-01-16 07:52:14,3,3,0,我有机学不好不能怪老师，可是这也太不让学生好过了吧。也许有点偏激
43411,1266,吴军,2017-01-16 08:27:36,3,3,0,讲道理，老师讲的很好呀！！！还会从学生的角度出发帮学生猜考题梳理知识点，一开始讲的很慢，为的是让新生好好消化，不对大学有机产生抵触与畏惧，挺好的一位老师。
43550,1266,吴军,2017-01-18 01:46:10,2,3,1,听不懂，全靠自习，不过老师真心好，很潇洒
45302,1266,吴军,2017-01-19 09:34:46,17,18,1,开始还慢，但也别希求有多面面俱到；后来开始开飞机，虽说重点都会点到，但基本不给时间消化，有时有点跳，甚至还没找到就过掉了。\n\n作业题讲过一次，课堂小测试的题会讲。有机真的基本靠自学，自学啊。不过考前老师会带同学分析往年卷子，猜题，而且平时和考前答疑也很尽责。这点很受用。\n\n总体来说，可能真是有机一学期的学时被大大压缩，才不得不如此仓促吧，至少其他老师也差不多这样。\n\n“要分数还是真理?考试当然是要分数了，追求真理可以回家慢慢研究...”\n\n考前复习看书+历年题很重要(´▽｀)ノ，否则极可能挂科啊（不明白为什么分数没预计的高，但至少好好复习实现了妥妥的60-到最后90+的突跃）。\n\n
46004,1266,吴军,2017-01-20 11:19:16,3,3,0,好老师，讲的细，偏应试
46917,1266,吴军,2017-01-23 02:11:05,1,1,0,不错的老师
47559,1266,吴军,2017-01-31 03:33:24,1,1,0,我觉得给分挺好的
59729,1266,吴军,2017-09-26 08:04:33,3,3,0,听不懂不是老师的错
61988,1266,吴军,2017-11-22 05:00:59,3,3,0,真的很好很好，很风趣幽默，讲课真心细致，讲得很明白。是有时候说来化学系blabla，但是次数也不多，也是一种幽默啦！给吴老师打call，乡音很亲切哦。
63086,1266,吴军,2017-11-28 08:13:46,6,6,0,大叔嗓福利
63350,1266,吴军,2017-12-01 07:34:29,1,1,0,农药化学，似乎会特别照顾一点化学系的学生
63622,1266,吴军,2017-12-10 05:44:58,0,0,0,农药化学给分超好
66151,1266,吴军,2018-01-12 06:52:34,3,5,2,17求化班主任，很用心可爱的老师！打call～
67326,1266,吴军,2018-01-20 23:41:44,1,3,2,老师很认真负责，每次都会提前很多到教室，课也讲得很好，有机差也不是老师的错。\n\n
67551,1266,吴军,2018-01-21 13:28:37,1,3,2,考试之前跑来膜一下老师！！
69867,1266,吴军,2018-01-25 14:31:43,2,4,2,老师很好，但我真的听不懂有机化学。都是我的问题昨天考的，大家都说不难，但我已经绝望了。开春补考考场见。\n\n再说一遍，老师真的水平很高也教得很好。
71336,1266,吴军,2018-01-28 10:07:33,3,4,1,吴老师很关心学生的 还有蜜汁魔性笑声
71352,1266,吴军,2018-01-28 10:42:44,0,1,1,老师真的太好了 大爱老师
71353,1266,吴军,2018-01-28 10:42:45,1,3,2,老师讲课特别好  而且保过，除非自己真的不想过
71373,1266,吴军,2018-01-28 11:04:35,-2,1,3,很会扯 有用信息提取太困难了
71509,1266,吴军,2018-01-28 14:19:02,2,3,1,(有机化学)讲得超仔细超认真，就是经常劝人进化学系，考前没跟上又要总复习的时候上课很绝望
71638,1266,吴军,2018-01-28 23:19:38,0,2,2,很幽默，说实话，有机主要还是靠自己，我上课基本上都在睡觉，但是课后一定要认真看书。虽然如此，但考前我仍然没觉得自己掌握了多少，结果最后成绩出来出乎意料4.8，很满足
72386,1266,吴军,2018-01-30 04:30:00,4,5,1,我这种狗东西都能过 老师太好了！
72606,1266,吴军,2018-01-30 13:26:48,0,0,0,很不错的老师
73416,1266,吴军,2018-02-01 14:13:37,0,0,0,好好好
73622,1266,吴军,2018-02-02 06:49:10,0,2,2,虽然喜欢老师的课但是我还是要承认有些人说的信息提取的问题。千万不要下课后不复习。然后作业好好做。有机重在自己。至于给化学系做广告，这和上课质量有多少关系吗，不要因为自己不满意成绩就到处找借口。
73801,1266,吴军,2018-02-03 06:15:41,0,1,1,老师人很幽默的，讲课也可以的。只是关键在自己吧，课前预习，课中认真听（但是不得不承认我确实有好几节课睡觉了），课后再好好复习，我觉得还是可以学得会的。考前再整理一遍方程式，结合老师发的期末试卷题库和方程式总结，期末不会差的。最后，向给我满绩的吴老师比心心嘻嘻嘻嘻
74049,1266,吴军,2018-02-04 13:50:25,0,1,1,很棒很棒，但全靠自学
74068,1266,吴军,2018-02-04 16:36:15,-2,2,4,不用听....考前刷两天卷子....4.2....心动不？
74219,1266,吴军,2018-02-07 03:03:48,3,3,0,老师的认真负责与幽默真的激起了我对有机的喜爱，最后满绩啦！谢谢老师！
74890,1266,吴军,2018-03-06 09:18:46,1,1,0,老师真的超级好，最后虽然成绩不理想，但是真的是个人原因。后人切记要刷历年题，早点开始复习。一夜绝杀只能有个及格分，爱吴军。大学里遇见的最好的老师了
75604,1266,吴军,2018-03-14 02:56:07,0,1,1,考前看书刷题三天就能满
75953,1266,吴军,2018-03-22 16:27:44,1,1,0,老师很幽默哈哈哈 偶尔听课听到晃神了 但听到段子的时候马上有精神了? 有机化学基本靠自学 在课堂上说太多一回家就会忘记 只要努力读还是能考的不错的
76140,1266,吴军,2018-03-27 23:27:38,2,4,2,还不错，但千万不能忽视自习。考试周刷几遍书就轻松满绩了。
77611,1266,吴军,2018-05-07 02:11:22,2,2,0,老师上课蛮有趣的 不定期向我们推荐化学系，建议我们要是学不下去了就去学化学，常常把我们逗笑，虽然有机最终绩点还是不高，但还是想给老师打个高分。
86501,1266,吴军,2018-09-19 01:52:36,2,2,0,其实不错的，感觉很有文化\n\n
88735,1266,吴军,2018-11-07 01:09:04,2,2,0,老师超级棒！\n\n别的老师进度都很快，吴老师总是会停下来风趣几句，或讲化学中的哲学，或讲述自己的学习方式方法，或告诫我们不要想拿满分，能pass就好? 。\n\n真的，潇洒，又不会把提高绩点什么的放在嘴边。第四节下课了还会留一节课在教室，你可以去问问题。\n\n先生大好！
90054,1266,吴军,2018-11-22 03:32:12,5,9,4,作为求化1701的班长，听了班主任吴老师的农药化学，我专门跑来给一个尽可能客观的评价。\n\n有幸能选到吴老师的课。作为中国农药发展的功臣之一，吴老师在课上少有提及自己的功绩，而是把时间留给讲知识、讲启发、讲笑话。\n\n他有一句话是让我印象深刻的：我们这个学科是有问题的，有很多解释不了、解决不了的事，但我们必须承认。不敢承认这些问题的人不能算是对这一领域有了解，更枉论领袖。\n\n老师对学生要求很少，打分基本完全靠一个展示打分。你可以把这门课当一个水课听进去，但我们求化班当时的几个人都仔细听完了他每一节课并且做了厚厚的笔记。\n\n对这位有点絮叨但和蔼可亲的老师，我觉得他的讲课无可挑剔。\n\n以上。
90712,1266,吴军,2018-11-25 11:02:16,0,0,0,好老师啊
90719,1266,吴军,2018-11-25 11:31:16,-4,1,5,给分有点多(๑•́ωก̀๑)
99628,1266,吴军,2019-01-25 04:18:34,1,1,0,考完转天早上6点出成绩也太秀了吧 有机没什么好说的 把往年题刷一遍归纳一下错题就完事了 大多数人名反应的繁杂机理都不会靠记下产物就可以了 老师敲友好 复习课很有用\n\n利益相关：4.5
99727,1266,吴军,2019-01-25 05:51:29,3,3,0,最后会有复习课 老师很可爱 平时分只要每次都交作业就会给挺好
101564,1266,吴军,2019-01-28 12:36:11,4,4,0,老师真的很好非常好！！所以在评论里看到有人说建议换掉就非常委屈不平\n\n首先非常负责。上课PPT都会给；布置作业时还会自己找题目作为补充，并不仅仅是选几道课后题；会想尽办法劝同学们来听课hhh；答疑很认真课后会留很久为同学们答疑；考前还会有复习课帮我们整理！\n\n上课幽默，我常被冷笑话惊醒2333\n\n而且真的觉得老师是热爱并且认真对待上课这件事，说实话有些老师emmmm懂得。吴老师真的是有把教育事业和同学们的利益放在心上的！\n\n本来想打9分，因为刚开始觉得老师上课没啥重点，但后来意识到，有机本来就 没啥重点QAQ 老师再怎么样也不能帮你背反应式 这个东西没有捷径考前老老实实背吧
102602,1266,吴军,2019-02-12 09:03:58,1,1,0,喜欢的
102746,1266,吴军,2019-02-22 07:29:46,2,2,0,吴老师也太棒了吧，平时上课非常幽默风趣，还会告诉你哪里是重点。有专门的复习课来讲解反应类型、合成思路，非常有用，把老师给的资料好好看好好做，期末成绩肯定不会差的。超级喜欢吴老师啊！
102935,1266,吴军,2019-02-25 04:55:56,1,1,0,喜欢老师
102936,1266,吴军,2019-02-25 04:58:41,1,1,0,好幽默
104743,1266,吴军,2019-03-27 03:12:56,17,17,0,希望老师课上那个一直bb的男生赶紧退课吧，可真能折腾
104870,1266,吴军,2019-03-29 04:34:25,1,1,0,挺好的老师
105158,1266,吴军,2019-04-05 11:47:12,1,1,0,很好的老师
108030,1266,吴军,2019-05-13 08:49:20,9,9,0,顶楼上吐槽bb男生的同学
108982,1266,吴军,2019-06-05 04:10:09,1,1,0,好好好
110210,1266,吴军,2019-06-24 13:34:57,0,0,0,感觉老师重点还是讲的很仔细的，后面进度稍有点快
110693,1266,吴军,2019-07-03 23:12:41,1,2,1,老师贼棒  上课会讲小笑话  考前多刷刷题  5.0
110831,1266,吴军,2019-06-28 09:59:21,16,17,1,老师很好，就是上课有个男生一直bb，跟npy疯狂秀恩爱，真是这门课最大的槽点。
110868,1266,吴军,2019-06-28 12:15:08,1,1,0,老师人超好，上课条理非常清楚，回答问题也非常细致，偶尔还会穿插段子调节气氛～顺便表白一波认真负责的助教xgg～
110987,1266,吴军,2019-06-29 03:39:42,0,0,0,挺棒的
112039,1266,吴军,2019-07-03 09:10:07,0,0,0,好好好
112448,1266,吴军,2019-07-04 08:22:58,4,4,0,一学期的课上下来，真的能学到很多东西。吴老师讲课的时候会经常谈到哲学层面的东西(俗话叫跑火车)但是很有趣啊  还有就是预习过上课不会睡着  虽然话说回来还是要看自己 但是老师也非常重要啊。总之吴老师授课很有层次很有条理。
113393,1266,吴军,2019-07-06 16:01:25,9,9,0,前面吐槽那对cp的带带我，我也来吐槽一波。那位男同学虽然您是dl但也不要这么秀吧，吵到别人正常听课了。而且有机也不是只有你一个人学过，这个班里还是有些人看过大本和巨本还有art，做过福山的。。。
115109,1266,吴军,2019-07-15 17:52:17,3,3,0,10分不解释。出国刷分党很幸运遇见这样一个好老师，考前会准备复习资料，答疑非常清晰
116890,1266,吴军,2019-09-17 03:57:11,2,2,0,老师很好！10分
125369,1266,吴军,2020-09-07 15:26:18,1,1,0,我爱wj，感谢老师大海捞针
135665,1266,吴军,2021-05-18 11:07:33,0,0,0,曾经有一个浙江居民，他叫王赤羽，他是村里最狠的那个孩子，左手农药、右手吃鸡，精通九九八十一种游戏，在他眼里不知道什么是年少轻狂，只知道胜者为王。后来村里新来了个吴仙人，介个吴仙人可是鼎鼎大名，刚从上海有机合成所进修回来，是十二溴乙烷级别的手游玩家兼有机帮的帮主，在吴仙人的教育下，王赤羽成功掌握了异丙基苯基硫醚的合成方法，成为有机帮的又一大狠人，而不再是小小的浙江居民，但他的段位也从王者掉到了青铜，并和村花说了拜拜，他发誓一定要在有机帮里混出个名堂，从此，江湖上便流传着吴仙人智取王赤羽的传说。
136161,1266,吴军,2021-06-11 13:46:32,2,2,0,不论如何，能遇见吴老师是我在浙江大学里最幸运的事之一。谢谢您
137153,1266,吴军,2021-07-01 14:06:56,1,1,0,老师真的特别好，钉钉上问问题秒回，长得也帅，大叔嗓yyds
137313,1266,吴军,2021-07-03 05:10:24,0,0,0,我永远爱吴军老师！\n\n人贼有意思 上课讲的也很好 奈何我化学不好 希望老师捞捞我）
138363,1266,吴军,2021-07-08 16:46:02,0,0,0,赞赞赞
139394,1266,吴军,2021-07-15 05:04:18,4,4,0,老师真的很棒！觉得教会我的不仅是有机的知识更是学习的方法和态度。他说的“谦虚谨慎”我认认真真写在了书本上。这个学期的事情太多了，没有太多的精力认真复习，最后3.9也已经非常满意了。吴军老师温文尔雅，谦谦君子，无可挑剔。
142408,1266,吴军,2021-11-11 05:32:24,2,2,0,十分不解释，谁上谁知道
48408,1294,吴传德,2017-03-03 03:39:04,6,10,4,第一节课，不明白他的重点
49253,1294,吴传德,2017-03-31 04:13:16,12,18,6,宁可不上这门无机课也千万别上他的课
49312,1294,吴传德,2017-04-05 02:08:57,-4,4,8,吴教授对婚姻生活的感悟十分深刻。
50215,1294,吴传德,2017-05-01 09:46:07,-11,5,16,挺好的～
51258,1294,吴传德,2017-05-26 03:18:15,3,4,1,。。。。。。
51712,1294,吴传德,2017-06-08 12:50:31,19,25,6,不适合带本科生，适合带研究生。
51751,1294,吴传德,2017-06-09 03:53:32,25,36,11,无机课简直了 一口说课时不够，每次还要浪费半小时乱扯 个人感觉很糟糕\n\n
51908,1294,吴传德,2017-06-13 10:47:20,-18,8,26,无机很负责，讲得也好，就是那个 不能查文献又要原创只能瞎bibi的小论文 很坑
52198,1294,吴传德,2017-06-16 00:33:46,-1,18,19,老师超级棒啊，有时候很可爱！！注重发散创新思维，这才是理科应该有的学习方式。\n\n有时候上课会把理论知识和生活类比，很亲切的一个老师。
52410,1294,吴传德,2017-07-01 01:20:52,4,5,1,马上考试了来膜拜一下  求过……
52509,1294,吴传德,2017-06-30 07:22:46,20,23,3,看得出老师水平高，经常延伸，但是对我这种没有基础的学生来说，就显得有点混乱了
57300,1294,吴传德,2017-07-06 13:21:43,3,4,1,希望讲无机的时候好歹发一份讲义\n\n老师人不错
57370,1294,吴传德,2017-07-07 04:34:22,7,8,1,好歹没挂科。
59076,1294,吴传德,2017-09-19 10:36:35,12,14,2,无机课慎选，没重点，经常跑偏，没讲义ppt学习效率贼低，两本大书期末完全来不及复习，小论文太坑了
74823,1294,吴传德,2018-03-21 10:45:28,3,10,7,我不知道他科研水平水平怎么样，但是上课水平是真的菜！化学系也不知道怎么想的让他上无机！！！！
75522,1294,吴传德,2018-03-13 02:23:53,8,10,2,神tm提高认知水平......\n\n
75537,1294,吴传德,2018-03-13 05:31:41,6,7,1,自学。
75921,1294,吴传德,2018-03-22 02:31:56,0,7,7,不懂还要硬讲……服气
78634,1294,吴传德,2018-05-14 05:18:17,2,5,3,讲课十分混乱
79346,1294,吴传德,2018-05-31 08:41:20,23,24,1,每节课提一次盖斯定律
80388,1294,吴传德,2018-06-26 02:14:41,3,3,0,…………
82130,1294,吴传德,2018-07-07 07:42:33,20,21,1,考前膜一膜。学了一个学期感觉什么也没学到，而且没有题库可以刷，根本不知道怎么复习。这学期最虚的一门课。。。保佑别挂啊。。。
82436,1294,吴传德,2018-07-08 07:40:20,3,4,1,有时候听听他的某些观点还觉得挺有意思的
82743,1294,吴传德,2018-07-09 05:05:18,4,5,1,恭喜无机化学挂科人数再创新高！
84078,1294,吴传德,2018-07-12 03:34:27,4,5,1,可愁死了(●—●)
84949,1294,吴传德,2018-07-14 13:44:41,6,6,0,最后应该是调了分的，再挂就是真没好好学吧
85798,1294,吴传德,2018-08-10 12:24:58,5,5,0,学过化奥的可能会觉得简单，也可能期末死得很惨
102945,1294,吴传德,2019-02-25 05:45:46,1,3,2,感觉不好
103662,1294,吴传德,2019-03-04 02:02:25,1,3,2,挂科预定了【龇牙】
108981,1294,吴传德,2019-06-05 04:07:34,3,4,1,听到最后感觉老师真的很可爱
109007,1294,吴传德,2019-06-05 10:07:58,1,4,3,研究生也别来了，没有什么实质性的指导。
109496,1294,吴传德,2019-06-16 03:08:14,3,4,1,讲课偏重启发性，算得上是一个很有想法的学者\n\n
112037,1294,吴传德,2019-07-03 09:07:35,1,3,2,老师讲的很好很细致，很有正能量，给分也很好，喜欢喜欢
112073,1294,吴传德,2019-07-03 11:52:23,18,18,0,老师可能不适合教我这样的学生，在我看来，老师是一个难得的理想主义者，到了中年依然有探索自然的热情，但在本科生夯实基础用的无机化学课上，这样的节奏无疑是毁灭性的：跳脱的教学顺序，混乱的板书，偶尔抒发对现行科研体制的不满，花上大量时间来抛出许多名词…其实李浩然老师也喜欢介绍各种前沿化学进展，但他却是建立在基本教学内容已经完成的情况下，与之相比，吴老师不免有些本末倒置了。无机化学作为大一的化学专业课，我还是真诚的希望吴老师能够用更慢一点的节奏将各种内容介绍得再清楚详细一点。（虽然给分还是挺好的）
115400,1294,吴传德,2019-07-21 04:53:59,4,4,0,可以看出老师科研水平很高，为人也很宽容，但是教学水平让人无语……高中学过化竞的上课完全不听也可以轻松上4.5，其他人认真听一个学期总评也不一定能上80
125410,1294,吴传德,2020-09-08 07:52:13,10,11,1,绝了，极化解释不了就反极化，反极化解释不了就相互极化。极化，yyds。
133695,1294,吴传德,2021-03-04 02:53:42,-3,1,4,吴老师很好，善于启发学生
137627,1294,吴传德,2021-07-05 10:40:27,3,3,0,我觉得，如果本身没有化竞基础，教材的一些基础理论最好早点弄懂。要不然...上课会听不懂的（暴雨哭泣）
147465,1294,吴传德,2022-01-10 05:03:16,-1,1,2,我觉得好
152368,1294,吴传德,2022-04-07 03:28:31,6,7,1,可能大家对他的授课方式和授课内容褒贬不一，个人感觉他现在的分数（7.2分）和他的各方面能力不匹配，但是对化学系的学生来讲反正没得选，放宽心听他的课我觉得也能学好（
152861,1294,吴传德,2022-04-21 02:16:13,1,2,1,讲的好烂(▼皿▼#)
153309,1294,吴传德,2022-04-28 01:54:17,4,5,1,怎么学啊啊啊啊啊
153310,1294,吴传德,2022-04-28 01:54:17,2,2,0,怎么学啊啊啊啊啊
155512,1294,吴传德,2022-06-14 01:28:13,14,14,0,怎么说呢？没有谦卑没有敬畏，虽然承认老师很有才华很有资历，但大话空话一堆，有一点点目中无人；再加上连上三节课，讲的又贼烂；个人认为学无机化学根本不必去上他的课，化学又不是特别偏数学也好理解，结果有一天全员点名，我人傻了。就专业课你教东西，每说一个知识点扯一句“我今年要考”“我去年没考”啥的，“没听课的人这道肯定不会做”“我希望你们都能拿诺贝尔奖”。很搞笑的其实，课上问的问题80％答案是极化；口口声声说要开拓思考，自己不还是被所谓common sense限制？而且无机化学这一门专业课一学期学下来，除了简单应付考试，P都没学到。对不起，我不尊师重道；但我忍不了了，学习果然是一个毁灭兴趣的过程。
157516,1294,吴传德,2022-06-23 14:12:02,2,5,3,给吴老师打个中立8分吧，只能说认认真真听吴老师讲课并且高中拥有化竞基础的话4.5以上其实不是特别难。吴老师的讲授似乎并没有起到无机化学作为化学系学生接触到第一门专业课的入门意义，考的内容基本上是课上讲过的，特别是后期的元素化学课讲得又快又急。小论文也是一言难尽，可水可卷，但是老师也并没有说过占比多少，最后似乎对我的成绩影响不是很大。期末考试和历年题相比其实差别不是很大，建议要选这门课的同学期末考前去98找找历年卷。
157541,1294,吴传德,2022-06-23 16:21:42,18,18,0,画大饼能力一绝，天天不是教我们拿诺奖就是教我们当院士，每节课都是“这个东西我要考”，结果整个学期下来两本书全是要考的东西，讲的也很一般，专业课没得选只能上他的课
171373,1294,吴传德,2023-03-22 14:50:53,12,13,1,每节课会扯一段时间，而且跟上学期大学化学课衔接不好，大学化学使劲的重点，又详讲一遍，普化强调的，大学化学略过的东西，反而也不去讲
172130,1294,吴传德,2023-04-27 07:46:17,11,14,3,画大饼能力一绝，在他嘴里我们随随便便一堆诺奖到手，这可不是画大饼了，这把一桌子菜都画完了\n\n讲配位化学的时候内容杂乱无章，根本没法在书上索引，有时还不如自学！\n\n有人在课程群里问书上习题的答案（注：书上习题不是作业，该同学热爱化学，希望做更多自主学习），然后被它发现了，它直接在课上说：这家伙是想抄答案吧？别以为我发现不了。握曹！想抄作业还用得着在大群里问？当我们傻子是吧，你是有多大的恶意才能作出这种揣测来！
173222,1294,吴传德,2023-05-16 06:15:50,8,9,1,讲的拎不清重点，相当无趣，处处强调考试，真的乌鸡鲅鱼
175485,1294,吴传德,2023-06-25 07:34:23,4,4,0,上课水平不行
175502,1294,吴传德,2023-06-25 08:22:49,5,5,0,卷面分尚且不说，平时分说好的能高就高其实还是很低，根本不知道为什么这么低
175512,1294,吴传德,2023-06-25 09:42:27,17,17,0,你说的对。\n\n​但是无机化学是一门基于极化的魔法学科。\n\n​该门课志在利用一学期每星期三节课的时间让同学们学会如何进行无机化学的考试。\n\n​课程安排大致为利用十周左右的时间用极化的视角体验普通化学，并利用剩下的时间讲解完500页左右的元素化学内容。\n\n老师将以“我考试要考”带领同学们领略化学世界的魅力。与此同时，老师期望同学们能够获取生态、历史、诺贝尔奖的相关知识。\n\n​
175684,1294,吴传德,2023-06-26 07:40:37,4,5,1,差强人意吧
175780,1294,吴传德,2023-06-26 14:30:41,6,8,2,你吴大教授要是想发财一秒就能身价破亿，人家只是没精力。
184159,1294,吴传德,2023-12-11 12:01:39,8,8,0,再来追个评\n\n这次要热烈庆祝23级化学系学弟学妹无机摆脱wcd迫害！！！
203178,1294,吴传德,2024-11-17 15:22:29,1,1,0,授课中规中矩，但是人品我是真的没话讲，哪个沟里爬出来的清朝老僵尸啊，一整个迂腐劲真的给我整的大无语
206804,1294,吴传德,2024-12-17 15:15:53,1,1,0,上课一半以上的时间在瞎扯
208980,1294,吴传德,2025-01-04 05:08:21,1,1,0,我今天看到一个视频里说某些211里老师会和上课的学生怎么样斤斤计较，我在想：这不完美符合吴传德这个老毕登干的事吗？\n\n还有，吴传德，你在浙大教师个人主页上怎么不敢把你山东师范大学本科的学历放出来呢，到了中石大华东的教室个人主页上怎么就好意思放出来了呢？怕被喷烂是吧？
215193,1294,吴传德,2025-02-24 03:00:35,2,2,0,吴传德无机化学这套阴间而落后的体系，终于彻底被陈志杰扫进垃圾堆里了
215682,1294,吴传德,2025-03-04 04:12:41,1,1,0,且不论上课如何，这老登人品就有问题
3335,1301,曾秀琼,2015-06-02 11:23:07,97,105,8,讲得很好，非常严格，有花式点名，不准迟到，不准玩手机，经常讲“你们是浙大学生……”，课上会穿插讲自己和女儿的故事。
3941,1301,曾秀琼,2015-06-17 10:39:39,16,24,8,无机分分钟满绩
4146,1301,曾秀琼,2015-06-18 02:03:01,3,6,3,听她的课你绝对不会无聊不会想睡觉
4148,1301,曾秀琼,2015-06-18 02:08:08,2,4,2,很好的老师。难得大学老师对学生玩手机动真格。
4730,1301,曾秀琼,2015-06-27 00:35:02,4,5,1,花式点名法，但是讲的很不错
4945,1301,曾秀琼,2015-07-01 08:41:43,4,5,1,从此不敢水手机
4962,1301,曾秀琼,2015-07-01 15:30:55,10,13,3,还好上了她的无机课，期末只要复习一下就好了
5393,1301,曾秀琼,2015-07-07 07:17:54,2,3,1,花式大面积点名
5540,1301,曾秀琼,2015-07-08 05:58:55,49,52,3,除了刺激，还是刺激，各种点名，不过话说也就那么十几个特别容易被点(๑• . •๑)，夏学期无机都不敢水，不过也好，期末就不用预习了。
5936,1301,曾秀琼,2015-07-10 03:17:52,29,31,2,老师很认真，像高中老师一样~
10837,1301,曾秀琼,2015-11-23 06:51:52,10,12,2,想要绩点高就要管得严，有认真听课的感觉，ppt有她旅游的皂片
10846,1301,曾秀琼,2015-11-23 07:11:02,3,4,1,非常好的老师，管的挺严，很棒！\n\n
12110,1301,曾秀琼,2015-12-22 00:54:20,8,9,1,老师真的超级棒，很独特的上课体验
12206,1301,曾秀琼,2015-12-22 10:12:44,3,4,1,寓教于乐
13569,1301,曾秀琼,2015-12-29 10:07:29,-28,3,31,太危险
14105,1301,曾秀琼,2016-01-04 09:27:20,4,5,1,非常好
14463,1301,曾秀琼,2016-01-07 07:16:22,24,27,3,曾老师，极有责任心，极有激情，讲的很清楚，要求也很严格。大一课程中唯一一位课堂教学一等奖获得者，超赞！
15375,1301,曾秀琼,2016-01-14 06:14:50,2,3,1,花式点名，分分钟不敢玩手机！
20228,1301,曾秀琼,2016-01-26 15:17:09,5,5,0,很赞的老师，上课很严格，下课很耐心与同学交流，最后也尽力给你好成绩。赞！
21760,1301,曾秀琼,2016-03-01 04:11:30,4,4,0,老师很棒
22296,1301,曾秀琼,2016-03-03 09:41:10,3,5,2,简直壕啊！过年会发分量不少的红包！！
26533,1301,曾秀琼,2016-06-20 02:55:06,3,3,0,只有听她的课认真
27857,1301,曾秀琼,2016-06-28 00:07:30,9,9,0,花式点名，但是真的很棒的老师！无机讲的很好，也很关心学生～
29921,1301,曾秀琼,2016-06-30 13:47:49,12,12,0,真的是好老师。虽然对你很凶。但是她就是把你当自己是女儿看了。超级棒。一学期下来你会发现期末不用补天了。
30482,1301,曾秀琼,2016-07-01 16:41:45,18,20,2,大学里少有的上课完全不碰手机在曾老师课堂上做到了。要求的确很严格，上课抽着提问，还有课堂小测。但这样要求有效防止期末预习。认真负责到如此，感动。她的负责或许是一位母亲的自然的感情流露吧。可惜下一年她要到海宁那边，大家暂时没机会上她的课了。
35037,1301,曾秀琼,2016-10-31 05:24:04,-28,2,30,总是用不给你分威胁你
49098,1301,曾秀琼,2017-06-28 02:51:33,6,8,2,好好好
49146,1301,曾秀琼,2017-03-27 14:38:27,8,8,0,很负责
49926,1301,曾秀琼,2017-04-27 08:43:03,15,16,1,期中平均85，90分以上一半人……简直炸裂，好成绩都是逼出来的
51287,1301,曾秀琼,2017-05-27 11:58:20,1,2,1,还不错啦
51367,1301,曾秀琼,2017-06-02 04:22:02,21,22,1,虽然还没有期末考试，但要先给老师10分啦，真的是好老师啊！太负责了～给老师笔芯(⁎⁍̴̛ᴗ⁍̴̛⁎)
51505,1301,曾秀琼,2017-06-30 11:25:08,-69,2,71,pronunciation 可怕
51717,1301,曾秀琼,2017-06-30 10:53:12,34,35,1,老师真是太好了，真的当自己的儿女来看待
52411,1301,曾秀琼,2017-06-20 01:54:38,10,10,0,老师很棒的很棒的很棒的，给满分满分！不管我自己成绩怎么样都爱老师！老师像对自己的孩子一样对学生～真的好老师啊！！！
52412,1301,曾秀琼,2017-06-30 07:51:37,10,11,1,绩点出来的时候简直太感人了！！！讲得也好，复习全考曾老师的ppt了，当然平时认真听的大佬们大概不用复习了
52413,1301,曾秀琼,2017-06-20 01:55:49,8,8,0,非常棒 上课非常投入 认真听很有收获
52417,1301,曾秀琼,2017-06-30 12:21:46,5,5,0,有课有故事~
52428,1301,曾秀琼,2017-06-26 23:27:35,4,4,0,真心是好老师
52796,1301,曾秀琼,2017-06-30 10:41:58,6,6,0,好老师！
52825,1301,曾秀琼,2017-06-23 05:40:07,2,2,0,真的很好很认真
52827,1301,曾秀琼,2017-06-23 05:44:47,5,5,0,听曾老师的课是享受呀！选上曾老师的课是大大大大福利呀? ? ? 比心～\n\n上课水平很棒，非常认真负责，合理的严格，更是个讲人情的好老师～
52927,1301,曾秀琼,2017-06-23 14:36:00,4,4,0,负责任的好老师
54768,1301,曾秀琼,2017-06-30 07:51:54,4,4,0,负责的老师才是好老师，而且也通情达理，要是门门平时都抓得紧期末也不用修仙了
54769,1301,曾秀琼,2017-06-30 07:53:32,25,26,1,期中期末平均分都是平行班第一，期末超难但是平时分会给满，超棒的老师。六一儿童节每人红包六块一
54770,1301,曾秀琼,2017-06-30 07:55:12,2,2,0,好老师，不解释
54771,1301,曾秀琼,2017-06-30 07:58:41,3,3,0,哇真的是好老师！上课节奏很紧，很刺激，然后很认真负责！因为上课效率高，所以整个班分都很好！比心曾老师。
54779,1301,曾秀琼,2017-06-30 11:28:51,21,22,1,曾老师的课上一般不允许看手机，督促我们好好听课，当然成绩自然就上去了。课前预习，上课的时候好好听，老师上课很棒很棒，当我们是女儿儿子（女婿）来看，给分也很好很好。总归是目前遇到的最好的的老师之一了
54782,1301,曾秀琼,2017-06-30 08:25:08,2,2,0,老师超棒！！！！！最好的无机老师！
54784,1301,曾秀琼,2017-06-30 08:26:26,2,2,0,好老师不解释
54785,1301,曾秀琼,2017-06-30 08:26:34,2,2,0,老师上课蛮严的，但是课教的真心好，也很负责
54787,1301,曾秀琼,2017-06-30 08:27:04,2,2,0,很棒的老师！是我来浙大以后见过对学生最认真负责的老师之一\n\n
54789,1301,曾秀琼,2017-06-30 08:31:30,11,11,0,人真的好，教的也好。虽然上课会时不时的提问，也会时不时的小测，但都是在巩固和复习啊。课间会讲她世界各国的经历，很棒。评论里有说曾老师英文发音可怕的不知是什么想法，我个人感觉她的口语很好啊。碰到了史上最难期末考试，她和课程组老师讨论好久，最后把期末比重降了10%，平时分能给满的都给满。曾老师的女儿跟我们同龄，她对待每个学生都像对待自己孩子一样的。这样的老师不给10分还有什么好说的！
54800,1301,曾秀琼,2017-06-30 08:46:17,3,3,0,大学里遇到了两个很严厉的老师，一个是汪洁老师，第二个就是曾老师，由于都不怎么感兴趣，过程比较痛苦，但这二位人师真的让我感受到了一种教师对于学生的关怀（捂脸）
54803,1301,曾秀琼,2017-06-30 08:50:36,6,6,0,很好的老师啊，被老师带着的班能考第一的，期中80+没上平均分，期末60+超过平均分「(°ヘ°)
54833,1301,曾秀琼,2017-06-30 09:28:42,5,5,0,老师非常细心，会真的把你当作自己的孩子一样教导，收益终生的课
54834,1301,曾秀琼,2017-06-30 09:29:00,5,7,2,老师非常严格认真，是真正把学生当作儿女来看待的，期末考虽然很难（全年级均分60），最后绩点也不难看，大学听的最认真的课，感谢老师！
54836,1301,曾秀琼,2017-06-30 09:40:43,11,11,0,目前为止在大学遇到的最好的老师，没有之一。可以很清晰地感觉到曾老师是在用心上课，而且无机与分析化学是我作为一个学渣唯一上课可以从头听到尾的课！唉可惜最后期末太渣，给老师拖后腿！老师对不起了！\n\n变相点名，不允许水手机，是我唯一一门期末看书有复习感觉的课！\n\n曾老师加油＾０＾~身体健康，阖家欢乐
54839,1301,曾秀琼,2017-06-30 09:48:04,-20,6,26,老师平翘舌不分，听力不好，有的时候还会失智。上课严格，会花式点名，提问还得站起来答，小测多，不能看手机，有的时候还会拖课。但是，因为她的课，我大化G上了4，期末考试也没有预习，虽然卡绩了，但这还是一位10分的老师。像李将云朱静芬一样棒的老师。
54845,1301,曾秀琼,2017-06-30 10:02:00,10,10,0,老师风格较严，但是在考试的时候就会意识到这种严格有多么的好！\n\n会在课程上面加一些自己和女儿的小故事，轻松一刻~\n\n而且老师人很好的，讲课也非常认真负责，就课程讲授这一块相当不错，课后也可以和同学打成一片，非常幸运可以和曾老师一起学习无分，以后有机会希望可以一起“传播正能量”。
54861,1301,曾秀琼,2017-06-30 10:35:20,9,9,0,考完试整理书，突然拿到了无分的书和众多小测，只能感慨只有一个长学期啊！！良心，诚心！
54864,1301,曾秀琼,2017-06-30 10:43:31,11,11,0,老师上课真的讲得炒鸡棒的，而且人很nice，看她的票圈会发现全是满满的正能量！真的很棒！
54866,1301,曾秀琼,2017-06-30 10:45:06,4,4,0,老师上课超级负责任，还经常分享自己的旅行趣事。
54868,1301,曾秀琼,2017-06-30 10:51:07,10,11,1,第一次在查老师上给老师评分，觉得曾老师真的像妈妈一样贴心，会悉心教导，会恨铁不成钢，更多的是希望我们能在课上学到有用的东西，不浪费坐在课堂上的每分钟~预置上这样一门课真的非常幸运，期中期末第一都不是盖的，希望以后遇到的老师也能和曾老师一样~
54871,1301,曾秀琼,2017-06-30 10:59:39,3,5,2,贼好，不多解释
54876,1301,曾秀琼,2017-06-30 13:41:58,6,6,0,真的非常非常棒
54878,1301,曾秀琼,2017-06-30 11:08:49,4,4,0,非常爽
54884,1301,曾秀琼,2017-06-30 11:21:58,4,4,0,不可多得的好老师啊，认真负责，把学生当子女一样对待！可惜我自己最后期末太渣，感觉很对不起老师一学期辛勤教诲TAT
54886,1301,曾秀琼,2017-06-30 11:23:59,4,4,0,老师真的很好，很负责，也很有人情味。
54893,1301,曾秀琼,2017-06-30 11:49:55,5,6,1,超级赞
54895,1301,曾秀琼,2017-06-30 12:00:32,5,5,0,老师上课极其认真负责
54909,1301,曾秀琼,2017-06-30 12:35:20,-18,1,19,不太适合我
54922,1301,曾秀琼,2017-06-30 12:54:52,17,17,0,woc这老师你们不打满分什么心态，你见过比这更负责的？自己没考好就打低分，我老实和你说，你如果不是这老师上的课，你连现在的分都没有，必须满分。
54924,1301,曾秀琼,2017-06-30 12:55:43,5,5,0,很负责
54936,1301,曾秀琼,2017-06-30 13:04:32,5,5,0,?
54940,1301,曾秀琼,2017-06-30 13:06:03,4,4,0,老师会在讲了许多知识后，穿插讲自己留学和旅行的故事，还是挺有趣的。
54976,1301,曾秀琼,2017-06-30 13:57:58,4,4,0,很棒的上课氛围\n\n
55028,1301,曾秀琼,2017-06-30 16:13:36,14,14,0,在浙大遇到的最好的老师，没有之一，在曾老师眼里，我们就是她的女儿女婿（为什么不是儿子上课了就知道了），特别特别特别负责，不但教了很多知识，还有许多的人生道理，上课满满的正能量啊！爱你曾老师！！
55117,1301,曾秀琼,2019-11-17 02:21:55,12,12,0,老师上课很有激情，也很负责任，还会穿插一些她自己有意思的经历。上课因为不能玩手机，听课的效率很高，可以说是我听课最认真的一门课了。超感谢曾老师！！！
55287,1301,曾秀琼,2017-07-01 08:14:19,2,2,0,很不错
55289,1301,曾秀琼,2017-07-01 08:14:52,1,1,0,超级好
55325,1301,曾秀琼,2017-07-01 09:14:50,2,2,0,上课比较严会点名回答问题会叫玩手机的同学但是可以督促学习很棒
55384,1301,曾秀琼,2017-07-01 11:51:22,6,7,1,这么说吧，预置了曾老师的无机是福分。
75323,1301,曾秀琼,2018-03-09 02:29:17,2,2,0,我老板还是挺好的
78900,1301,曾秀琼,2018-05-16 10:46:10,-18,1,19,一节课要点二三十个人回答问题，还不许迟到，又酷爱装逼。上她的课“非常有体验”，大家走过路过不要错过0.0
80592,1301,曾秀琼,2018-06-28 06:29:22,2,2,0,期末不用复习\n\n
80906,1301,曾秀琼,2018-07-02 14:31:57,3,3,0,明天考无机了，老师真的很负责，熬夜出习题做PPT，答疑也特别认真。期末省了好多“预习”的时间！在这里说一句老师辛苦啦！
80932,1301,曾秀琼,2018-07-03 00:47:33,3,3,0,真的是我见过的最最最负责的老师！
80961,1301,曾秀琼,2018-07-03 04:59:17,3,3,0,刚考完试就来评论\n\n曾老师人真的很好！真的上他的课很舒服！
80962,1301,曾秀琼,2018-07-03 04:59:55,3,3,0,曾老师真的超级好！！！
80969,1301,曾秀琼,2018-07-03 05:15:49,4,4,0,真的是非常好的老师了，课堂上不敢玩手机“只能”认真听课，到了期末再也不用从头预习，老师人也很和蔼，课堂上会讲她留学的故事
80974,1301,曾秀琼,2018-07-03 06:36:44,4,4,0,超级好的老师，大学以来遇到过最好的老师
81518,1301,曾秀琼,2018-07-05 09:21:52,2,2,0,好老师不解释
81520,1301,曾秀琼,2018-07-05 09:23:58,2,2,0,上课很有心，备课认真，真的能学到东西，给分也很好！强推！！！
81526,1301,曾秀琼,2018-07-05 09:30:54,3,3,0,基化实验1刚刚出分，我来感谢老师了。曾老师绝对是我见过的最负责人的老师!真的是超级超级认真，超级超级负责。对待学生也很和蔼可亲，就像对待孩子一样。而且真的能学到很多东西。绝对力荐!
81698,1301,曾秀琼,2018-07-13 05:20:08,3,4,1,贼棒真的，讲得很清楚很有条理，而且给分超级走心，平时分给满了所以正好不被咔叽，（虽然之前春学期商老师带的时候平时分扣了挺多但是最后平时满分真的超感动），给老师比一个大大的心！
81701,1301,曾秀琼,2018-07-06 02:35:16,5,5,0,花式点名，上课不得不集中注意力，虽然听下来会比较累，但是这样对学生认真负责的老师哪里再找一个？真的非常关怀学生，把学生看成自己的子女一样。老师非常非常好，答疑很及时，期末还熬夜给大家出习题，所以到了期末也不用补天，跟着她的思路来再辅助点刷题，期末就没问题了！(明年听说没无分了...老师可能去上普化？)
81933,1301,曾秀琼,2018-07-06 13:41:17,3,3,0,来浙大遇到的最好的老师之一
81955,1301,曾秀琼,2018-07-06 15:36:00,1,2,1,好老师，不解释，跟着这种老师才能学到东西，从隔壁岳某人班上得知，好多学生因为平时分被卡绩，还好曾老师人好。
85218,1301,曾秀琼,2018-07-16 06:30:35,1,1,0,最最认真负责没有之一！！！\n\n很严格，堪比高中班主任。总之老师的课绝对不敢分心或者睡觉，每句话都认真听。在大学应该还很少有这样严格的好老师了。感觉考不好都对不起老师了。
85793,1301,曾秀琼,2018-08-10 12:16:43,1,1,0,虽然答辩跪了，但这种老师不给满分也太对不起她了吧！
86104,1301,曾秀琼,2018-09-07 10:29:55,1,1,0,严格但是很负责任！爱她！
112068,1301,曾秀琼,2019-07-03 11:28:44,1,2,1,老师真的幽默又温柔，但是也非常严谨，非常符合我心目中的大学教授形象（给分也很好）
115399,1301,曾秀琼,2019-07-21 04:47:00,0,0,0,老师真的很好很负责，给分也行，但极其严格，每次上她的实验课都提心吊胆，如履薄冰……
117205,1301,曾秀琼,2019-09-20 08:55:25,1,1,0,特别好
117694,1301,曾秀琼,2019-09-29 03:37:50,-16,1,17,拖堂大王
119043,1301,曾秀琼,2019-11-10 02:31:30,5,5,0,看了那么多查老师 第一次为老师打分就是因为彻底被曾老师的负责和认真感动到了
119045,1301,曾秀琼,2019-11-10 02:35:30,3,3,0,老师很认真负责 虽然教研组规定 上课上的开火箭 但是老师还自发帮我们补课…虽然自己高中没选物理学的很崩溃 依然很喜欢曾老师！
119046,1301,曾秀琼,2019-11-10 02:37:48,5,5,0,老师太好辽！！讲课认真负责，作业也不多，还有各种游记图片和小故事，超赞超赞！点名基本没有，讲课也贼有意思，学弟学妹看到别犹豫，普化看到她就选了叭，选不得吃亏选不得上当，绝对好！！\n\n赞就一个字(/≧▽≦/)?
119048,1301,曾秀琼,2019-11-10 02:38:20,3,3,0,老师真的太负责了！！！！人特别可爱！！！！ppt里有很多旅游照片！课也上的很好！！
119049,1301,曾秀琼,2019-11-10 02:39:57,4,4,0,很好，劳逸结合
119050,1301,曾秀琼,2019-11-10 02:39:24,3,3,0,绝对难得的好老师！！！预置到曾老师的课真的太幸运了！！！\n\n特别特别认真负责，不会的知识点反复讲，给我们额外上课赶快进度留出时间复习ww\n\n老师人非常有亲和力，有耐心，知识点讲的逻辑清楚。\n\n总之选就对了！！
119051,1301,曾秀琼,2019-11-10 02:39:57,2,2,0,很清楚，帮助你打好平时基础。
119052,1301,曾秀琼,2019-11-10 02:41:21,11,11,0,老师真的好好呜呜呜呜我爆哭！！！发自己整理过的课件，发模拟题，给我们加课牺牲自己午饭时间，还有考试加油红包虽然没领到。要求严格但是真的值得！！
119054,1301,曾秀琼,2019-11-10 02:43:10,4,4,0,老师超好，有耐心，有责任心
119055,1301,曾秀琼,2019-11-10 02:44:50,4,4,0,非常负责，细心的老师。
119056,1301,曾秀琼,2019-11-10 02:45:13,5,5,0,解答耐心，认真负责
119057,1301,曾秀琼,2019-11-10 02:45:37,4,4,0,虽然本人考试考砸了\n\n但老师真的超负责超用心?\n\n老师讲课快， 拖课，作业小测多\n\n但线上答疑有问必答，课件也会发邮箱\n\n复习起来真的方便有条理\n\n能选到老师的课是幸运\n\n～大家记得提早复习普化～
119059,1301,曾秀琼,2019-11-10 02:49:28,4,4,0,老师真的人蛮好的，上课的时候除了讲课偶尔会放出自己旅行的照片，还会分享自己的经历。最起码听她的课不会睡着。最后还有机会和老师合照。并且她也会虚心地接受同学提出的意见，虽然有的时候会占用额外时间，但上她的课大家都心甘情愿。\n\n一句话：体验极佳！
119060,1301,曾秀琼,2019-11-10 02:50:01,4,4,0,真的很好很好的老师，上课细心讲的很清楚，下课答疑耐心，经常还因为为我们答疑牺牲了吃饭时间\n\n表白曾老师，锦鲤附体才有幸选上宁的课
119061,1301,曾秀琼,2019-11-10 02:57:42,3,3,0,老师上课很仔细，也和有趣\n\n最主要是很负责，回忆之前上课真的觉得老师上课很棒，平时群里的疑问，她总是一有时间就会答复，而且一定解答到底，谢谢老师，老师平时也很可爱，喜欢和我们交流～\n\n刚考完试，也希望自己能有个好成绩。
119062,1301,曾秀琼,2019-11-16 00:54:46,4,4,0,老师很负责 期末考试是因为自己的原因没有好好复习导致考的不好
119063,1301,曾秀琼,2019-11-10 02:52:33,3,3,0,老师超棒的！特别耐心，讲课也很好(✪▽✪)
119064,1301,曾秀琼,2019-11-10 02:53:12,3,3,0,老师很耐心，很负责，愿意为了学生牺牲自己的休息时间，很伟大！
119065,1301,曾秀琼,2019-11-10 02:59:34,3,3,0,老师上课超级好，无偿给我们补课，就是为了我们能考出一个好绩点，真的很喜欢老师，这就是一个浙大老师该有的样子！！！点赞
119066,1301,曾秀琼,2019-11-10 03:01:30,4,4,0,老师真的太负责啦！非常耐心，会给我们答疑。上课会讲她和她女儿，还有她在瑞士的故事。虽然对化学很绝望，但是老师真的超棒！
119068,1301,曾秀琼,2019-11-16 07:20:40,6,6,0,曾老师太好了哇? ！！！！！\n\n我这个辣鸡最后都能考4.8，只要上课认真听，满绩都很稳！\n\n早知道应该再努力一点的。\n\n只要你不翘课，不漏交作业，平时分都会很高！\n\n总之，是不可多得的好老师！！
119069,1301,曾秀琼,2019-11-10 03:09:04,3,3,0,很棒的老师
119074,1301,曾秀琼,2019-11-10 04:58:22,3,3,0,棒棒棒，爱了
119075,1301,曾秀琼,2019-11-10 04:59:08,3,3,0,收获很大
119077,1301,曾秀琼,2019-11-10 05:03:14,7,7,0,曾老师上课真的超认真超负责，即使课程很紧张，也会抽出时间给我们讲她在世界各地学术研究，旅游的故事让我们轻松一下【不得不说曾老师的自拍真的好迷啊哈哈哈哈哈】，甚至会无偿为我们补课，答疑，只为了我们能考出一个好成绩，能遇上如此用心负责的老师，真的太幸运了！
119078,1301,曾秀琼,2019-11-10 05:04:38,4,4,0,老师很负责，也很耐心，在大学第一次碰见有老师会给学生补课的。很不错的老师
119086,1301,曾秀琼,2019-11-10 07:39:28,4,4,0,太棒了，上课ppt里还会穿插她出国去研学(旅游)的照片，数不胜数的MIT hhh，超好的一个老师，很负责，选到就是赚到！！
119098,1301,曾秀琼,2019-11-10 09:41:34,3,3,0,老师很棒呀 虽然课很紧 而且只是秋学期 但是老师真的把我们当作自己的亲学生 我不是预置的 是靠自己的实力选上的 我真的好幸运 哈哈
119103,1301,曾秀琼,2019-11-10 10:35:47,3,3,0,老师很负责，很有耐心，会针对学生的学习情况备课，上课挺有意思的，会分享她在瑞士的经历，好评！
119153,1301,曾秀琼,2019-11-11 01:57:43,2,2,0,真的超级好
119187,1301,曾秀琼,2019-11-18 02:50:23,3,3,0,666
119206,1301,曾秀琼,2019-11-11 07:33:39,2,2,0,老师真的很好，很负责任!!!
119212,1301,曾秀琼,2019-11-11 08:12:28,5,5,0,老师，学期课不够，给我们补课，太牛逼
119384,1301,曾秀琼,2019-11-12 13:35:21,4,4,0,在浙大迄今遇见的最好的老师，即便要挂，也是自己的错。
119546,1301,曾秀琼,2019-11-13 11:41:41,3,3,0,后悔没有认真听课吧，绝对是超级超级超级超级无敌好的老师，考前耐心回答我们的问题，还给我们发红包
119626,1301,曾秀琼,2019-11-14 09:16:06,4,4,0,曾老师真的超级超级超级好！我女神！又亲切又漂亮！请大家一定要多多支持老师！
119778,1301,曾秀琼,2019-11-15 22:49:43,6,6,0,老师真的超级超级负责，课前会督促我们预习，课后会发整理的PPT，最重要的是上课效率很高，可以把很难懂的内容讲清楚。普化真的是一门学习时间短，内容又多的课，但如果跟着曾老师学的话，一定会收获满满。总之一句话，选她选她选她！！！
119792,1301,曾秀琼,2019-11-16 00:37:51,1,1,0,太棒了
119793,1301,曾秀琼,2019-11-16 00:37:40,2,2,0,老师超级负责！虽然考试考差了！但是人真的很好
119797,1301,曾秀琼,2019-11-16 01:23:57,1,1,0,很棒！！
119807,1301,曾秀琼,2019-11-16 01:48:09,1,1,0,我好喜欢老师，很负责的老师，把佛系的我拉回来了
119824,1301,曾秀琼,2019-11-16 03:02:51,1,1,0,多人我绩点低可我还是要给老师高分！！！！
119939,1301,曾秀琼,2019-11-17 01:25:52,1,1,0,老师特别负责！！
119965,1301,曾秀琼,2019-11-17 02:20:45,2,2,0,很负责，你好好听课就不用怕考试
120287,1301,曾秀琼,2019-11-27 11:54:27,1,1,0,老师很负责\n\n
120289,1301,曾秀琼,2019-11-27 12:31:56,1,1,0,太棒了！
120402,1301,曾秀琼,2019-12-03 13:26:05,1,1,0,太棒了，会分享很多自己的故事。老师水平很高，说自己德语很6哈哈哈哈
121405,1301,曾秀琼,2019-12-16 10:26:36,3,3,0,大学第一个满绩，没什么好说的，选就是了。老师真的很负责任
124475,1301,曾秀琼,2020-07-01 19:10:04,4,4,0,非常好的老师！
131643,1301,曾秀琼,2021-01-28 09:33:36,4,4,0,超级棒
131649,1301,曾秀琼,2021-01-28 10:00:39,4,4,0,很负责很用心的老师真的花了很多心思\n\n会给我们发红包发巧克力\n\n德语超6老师超强！
134376,1301,曾秀琼,2021-03-25 07:52:58,3,3,0,直接十分拉满，把学生当自己孩子，教学生又认真负责又有耐心，实验课开学第一课说自己上课会非常严格，但其实是对学生十分细心，是一个能感受到真心对我们好的老师，请吹爆！
136589,1301,曾秀琼,2021-06-21 12:03:03,2,2,0,超级好的老师
138185,1301,曾秀琼,2021-07-07 23:56:21,3,3,0,曾老师是一个非常认真负责的好老师，本人上的是她的普通化学实验乙，上课不准我们看手机是为了我们能好好听课，实验课中也非常悉心体贴，期末还特意为我们整理了十几个ppt帮助复习。能选到曾老师的课我感到非常幸运！
138193,1301,曾秀琼,2021-07-08 01:13:09,4,4,0,认真负责，细心周到，很有耐心，亲和力强，每一次实验都会亲自录实验视频和讲座视频，实验前还会花一些时间点拨一下实验重点，期末还会专门帮学生整理复习PPT，给分还很赞，不可多得的好老师
144777,1301,曾秀琼,2021-12-23 14:28:14,2,2,0,我觉得曾老师要求挺严格的是一件好事情
174669,1301,曾秀琼,2023-06-15 09:55:44,2,2,0,曾老师太负责了，上课也上得很好，也很努力的在融入我们
174730,1301,曾秀琼,2023-06-16 08:59:01,2,2,0,曾老师嘿嘿嘿
176977,1301,曾秀琼,2023-07-01 02:42:16,2,2,0,老师是真把学生当女儿女婿对待的，人超好~
177023,1301,曾秀琼,2023-07-01 06:25:47,3,3,0,真正的老师，非常用心非常真诚地对待每一位学生。拜托，有一个会钉钉秒回的老师真的超级酷！
177301,1301,曾秀琼,2023-07-02 23:29:35,2,3,1,曾老师真的特别特别好！讲课很细致，对待同学也很认真负责，给分也很好，吹爆！
178529,1301,曾秀琼,2023-07-13 13:08:33,1,3,2,曾老师真的太好啦！非常喜欢上她的实验课~\n\n曾老师对学生非常负责，同时也非常地亲切，非常关心学生！\n\n知识储备很丰富，对学生的教学有着非常清楚的思路~\n\n能像曾老师这样上课还要求我们不要玩手机、认真负责的老师真的很不多见了~\n\n给曾老师打call！！！
190340,1301,曾秀琼,2024-02-28 08:04:14,-1,1,2,超级无敌好
206812,1301,曾秀琼,2024-12-17 15:51:07,-2,1,3,老师超级好！第一个给十分的老师
208353,1301,曾秀琼,2024-12-27 04:29:36,-2,1,3,收获满满
212486,1301,曾秀琼,2025-01-14 05:24:56,-2,1,3,曾老师超级好！上课很认真负责，期末给分也很好
213099,1301,曾秀琼,2025-01-16 03:51:48,-1,0,1,这个是真好
215121,1301,曾秀琼,2025-02-21 15:27:03,2,3,1,事儿逼
216912,1301,曾秀琼,2025-03-29 02:35:59,-1,1,2,曾秀琼老师主导设计的基础化学实验1是化学专业四门必修实验中体验最好的一门\n\n实验设计的非常好，体现了曾老师很有教书育人的情怀\n\n给分也不错\n\n虽然有人说这个实验课也反映了化学专业实验与科研等等脱节很大的问题，但是这是基础实验，这个问题应该是高级实验课的问题，而不是基础实验课的问题\n\n从曾老师这位实验师的视角来看，她所做的努力是几乎完美的
219599,1301,曾秀琼,2025-05-31 08:32:19,-1,0,1,曾老师真的超好的，很亲和，对同学的实验指导也很耐心，而且端午节还发红包，真的超超超好的
220669,1301,曾秀琼,2025-06-19 06:45:42,1,1,0,就尼玛是个纯傻逼，合成化学实验就尼玛是个纯逼课，他妈的不以实验表现实验报告为主，全他妈靠一堆杂七杂八的东西给分，还tm不让在他讲课的时候看手机，纯纯你妈脑瘫一个
7193,1321,聂晶晶,2015-09-10 09:19:50,-8,10,18,老师讲课超仔细，人特好！
8942,1321,聂晶晶,2015-10-03 14:38:19,-7,4,11,老师很亲切很细致
10805,1321,聂晶晶,2015-11-23 05:43:14,1,2,1,。。。
11387,1321,聂晶晶,2015-11-29 15:56:22,-8,4,12,老师很和蔼、亲切
11967,1321,聂晶晶,2015-12-21 12:02:46,-4,4,8,上课很认真负责 偶尔还会跟我们做做课堂小实验
13487,1321,聂晶晶,2015-12-28 10:48:48,-10,1,11,很轻松，很清楚
13604,1321,聂晶晶,2015-12-30 03:22:47,21,35,14,非常不喜欢，废话太多，自己都没想清楚的知识就说记住就行。
14416,1321,聂晶晶,2019-09-23 15:45:12,30,46,16,差得要死，我对化学的期待都没了
15362,1321,聂晶晶,2016-01-14 04:19:41,-1,2,3,化学实验给分还不错 只要认真做实验绩点就不会低
16185,1321,聂晶晶,2016-01-17 12:19:57,-4,5,9,老师很有耐心
16203,1321,聂晶晶,2016-01-17 13:19:25,19,23,4,没听懂，几乎靠自习。
16241,1321,聂晶晶,2019-10-05 23:36:20,4,6,2,被正态了
16243,1321,聂晶晶,2016-01-17 14:32:29,12,15,3,讲得。。。比较混乱
16245,1321,聂晶晶,2016-01-17 14:37:57,12,15,3,未能清晰讲述知识
16250,1321,聂晶晶,2016-01-17 14:34:36,3,3,0,就那样吧，给分很奇怪的说
16278,1321,聂晶晶,2016-01-17 15:57:11,18,22,4,讲课语速快讲不清楚，逻辑混乱，作业也不讲，喜欢把所有问题都推到学生身上，给分不好
16312,1321,聂晶晶,2016-01-18 02:21:53,-4,3,7,虽然上课完全不知道学了什么 但是考试前复习一下还是没问题的 老师人很好
17043,1321,聂晶晶,2016-01-19 13:49:04,-11,5,16,本宝宝给9分，毕竟，绩点不算高但是也有学到东西。唯一的问题是讨论作业，分小组这个很坑啊，有个渣组员根本就逃不过被正态好吗？
20127,1321,聂晶晶,2016-01-26 07:18:44,0,4,4,答疑时还不错……但是考试完给平时分太低，和平时判若两人…
25271,1321,聂晶晶,2016-05-09 06:47:21,4,6,2,平时知识点讲得是很水的，最终的打分也很奇怪，最不能接受的就是讨论作业，布置的都是什么鬼…
31037,1321,聂晶晶,2016-07-03 06:43:04,1,2,1,就是差\n\n
34122,1321,聂晶晶,2016-09-27 06:56:54,16,16,0,只讲你会的，上课没头绪，想到什么讲什么，虽然人挺好，但是上课体验真心差
34466,1321,聂晶晶,2017-03-02 05:13:35,3,5,2,很不认真，作业从来不讲，也没随堂测试\n\n
34751,1321,聂晶晶,2016-10-20 06:03:29,2,4,2,很烂，没有逻辑\n\n
34754,1321,聂晶晶,2016-10-20 06:54:26,0,2,2,声音像母鸭，语速飞快。学起来很费力。
37374,1321,聂晶晶,2016-12-22 07:31:09,0,4,4,讲课有点混乱。
38282,1321,聂晶晶,2016-11-29 07:12:54,10,12,2,混乱......感觉她讲不清知识啊，东一下西一下，没有完整的体系，不如自学看书...
38546,1321,聂晶晶,2016-12-08 10:17:56,-1,2,3,毫无逻辑，完全听不懂，每次想睡觉！！！
38547,1321,聂晶晶,2016-12-08 10:20:23,-1,2,3,全靠自学
39340,1321,聂晶晶,2016-12-22 06:25:49,3,6,3,只听见一阵阵神经质的笑声三节课就结束了完全不知道在讲什么
39361,1321,聂晶晶,2016-12-22 07:45:13,12,17,5,感觉还行吧，虽然不说那种特别牛，但还是中规中矩，知识点都能讲清楚，上课认真听就好了，只是不懂评分为什么这么低，才开学的时候被吓到了。嗯，可能是给分的原因吧，不过还没结课这个不知道
40412,1321,聂晶晶,2017-01-03 07:43:04,-1,4,5,普化上课别听效率会高些
43751,1321,聂晶晶,2017-01-17 02:25:11,2,3,1,还不错哒
43763,1321,聂晶晶,2017-01-17 02:38:13,4,5,1,老师教课还行的，也没有上面说的那么差  关键是自己不能水  好好复习其实给分挺好的
43806,1321,聂晶晶,2017-01-17 03:50:01,1,4,3,我都是在睡觉不要问我为啥，还有给分坑的一笔。
43868,1321,聂晶晶,2017-01-17 05:20:29,11,15,4,老师讲的课可能是枯燥了一点吧，但普通化学这门课本身就一堆公式，和高中的化学也有点差别，聂老师其实是很棒的老师，虽然她布置的作业题不大会讲，但可以问问同学，或者下课问老师，老师每节课都早到，老师很有耐心，按时完成作业，上课听一听，考前看一遍书，会有好成绩的，学不好普化并不是老师的错。
43880,1321,聂晶晶,2017-01-17 05:29:53,3,8,5,上课坐第一排还是给分差到死
43927,1321,聂晶晶,2017-01-17 06:35:34,8,10,2,老师讲课是根据期末考要考什么讲的，普化本来也比较水，基本靠自学，给分我感觉还行。
48081,1321,聂晶晶,2017-02-28 10:23:02,10,12,2,还行，重点不突出，讲着讲着会笑，好好复习好好预习吧！
50424,1321,聂晶晶,2017-05-03 00:40:35,2,3,1,很好。
59631,1321,聂晶晶,2017-09-25 04:59:01,3,3,0,听不懂啊emmm
60500,1321,聂晶晶,2017-10-22 15:07:37,3,4,1,逻辑真混乱，
60775,1321,聂晶晶,2017-10-30 03:02:07,5,6,1,知识点讲不清楚，上课全程颤音，听了半天课最后发现还是自学才能掌握
63864,1321,聂晶晶,2017-12-18 03:31:40,0,2,2,还可以
66413,1321,聂晶晶,2018-01-16 07:25:26,-1,1,2,虽然只听了老师两节课 以为普化水水随便过的 期末的时候后背凉凉…老师靠您的平时分了啊啊啊啊啊啊\n\n
69259,1321,聂晶晶,2018-01-24 11:25:57,3,4,1,还行 普化一开始还听得挺懵 后面认真听就觉得讲得还不错 重点基本都讲了 给分也还挺公道 努力之后有结果
72283,1321,聂晶晶,2018-01-29 21:04:11,2,2,0,不怎么样
87610,1321,聂晶晶,2018-10-08 07:22:08,3,3,0,不知道在说啥
88387,1321,聂晶晶,2018-10-30 03:54:18,3,4,1,这个女的太作了，我的天，而且讲课也太不着边际了，废话一大堆，讲不到重点
88974,1321,聂晶晶,2018-11-13 11:06:10,1,3,2,很差，没换的话去蹭课。
92935,1321,聂晶晶,2019-01-21 12:09:43,0,5,5,老师人很好，要是严格点，估计没有普化老师比聂晶晶老师好。
92936,1321,聂晶晶,2019-01-06 02:29:09,3,4,1,认真听的话还行。
94459,1321,聂晶晶,2019-01-16 13:48:50,1,2,1,我觉得还挺可以的吧
95368,1321,聂晶晶,2019-01-19 09:23:03,1,2,1,考验自学。老师人还行。
95379,1321,聂晶晶,2019-01-19 09:40:56,0,2,2,老师挺温柔可爱的，虽然讲的是有点混乱，但是还行吧。给分也挺好的
95401,1321,聂晶晶,2019-01-19 10:35:04,2,3,1,声音蜜汁催眠，笑点更是迷醉。上她的课只要人到（小测很水，用来点到），有PPT就好了，真的建议自习。给分很差（？可能是我菜）。还有邮件答疑真的敷衍，每次问她，回答不会超过一句话。
95535,1321,聂晶晶,2019-01-19 14:18:11,0,1,1,除了笑的很鬼畜笑点低  其实说实在讲的还不错
95835,1321,聂晶晶,2019-01-20 06:07:39,2,2,0,给分还行。最后一节课说考前没有答疑...
95888,1321,聂晶晶,2019-01-20 07:36:06,-1,1,2,非常差 各种方面  纯靠自学吧  普化本身有难度 不知道为什的这样一个老师可以留住教荣誉课
96088,1321,聂晶晶,2019-01-20 12:41:10,1,1,0,张口睡，不过人性格感觉还蛮好的，学习靠自学。
96264,1321,聂晶晶,2019-01-20 15:31:52,4,4,0,人是挺好的
96516,1321,聂晶晶,2019-01-21 05:26:52,1,1,0,emmmm其实也没有那么差吧，讲的内容其实还可以吧，就是我真的想认真听的，但是...对不起我还是睡着了
96590,1321,聂晶晶,2019-01-21 07:01:03,4,4,0,老师好好笑哈哈哈哈哈哈～real爱笑。朋友们最后的成绩还是取决于你的化学水平！
97176,1321,聂晶晶,2019-01-21 23:41:28,2,2,0,老师人很好。第一堂课觉得超级无聊，但后面发现其实讲的还好，上课有时会莫名冷场，有时会莫名笑出来。平时不考试，就一次签到性质的小测（一道题），平时不点名，虽然我每次上课都睡觉，课程作业不多，没有答疑，但平时可以自己问，虽然评分低（我也不知道为什么），但还是可以选的呀（如果怕事多）。
98083,1321,聂晶晶,2019-01-23 05:08:45,4,4,0,上课体验差，听课我觉得有时候讲解图的含义还可以，其他不如自己看书。喜欢跟我们搞，抛一些问题吊胃口，又笑，过很久才回答，让人非常难受。
98635,1321,聂晶晶,2019-01-23 16:22:26,-1,0,1,不知道，全程在睡觉，给分奇差
98638,1321,聂晶晶,2019-01-23 16:22:58,1,1,0,全程在睡觉的体验
100451,1321,聂晶晶,2019-01-26 06:51:39,2,2,0,我以为自己考很好，然而果然还是考太差了，恭喜普化成功成为我本学期最低分
104411,1321,聂晶晶,2019-03-20 02:32:40,2,4,2,老师人很好，很爱笑。一直说要quiz点名，但一直没有，就只做了一次课堂小测（一道题 超容易）当点名。给分也好。
117034,1321,聂晶晶,2019-09-18 12:10:18,0,3,3,老师挺好的
117383,1321,聂晶晶,2019-09-23 15:44:55,3,5,2,讲课思路很清晰！虽然语速快了点，有时候思路会跟不上语速。对知识点都有讲解帮助学生理解。回答学生问题很耐心，态度很好。
118126,1321,聂晶晶,2019-10-21 07:24:22,1,1,0,不好呀
119072,1321,聂晶晶,2019-11-10 04:43:55,0,2,2,人挺好，就是讲不太清楚，感觉经验不足，抓不住学生需要的关键点
120936,1321,聂晶晶,2020-01-19 00:14:27,-6,2,8,看到聂老师的评分又降了，补一把。讲课虽然不行，给分给力啊。很人情的，你跟她认识认识，表现一下你多菜，她就多给平时分。本来都放弃普化了，就最后期末把书上的题都写了一遍 还有4.2，不错
131230,1321,聂晶晶,2021-01-26 17:10:22,-5,0,5,讲课好，给分也好！！
131382,1321,聂晶晶,2021-01-27 09:20:47,-1,1,2,平时没怎么听过课，但作业都做，期末补了半天的天，平时分不是很高，但最后综合拿了4.8，怒赞！
136432,1321,聂晶晶,2021-06-18 02:17:02,0,2,2,老师讲课不差啊，给分也超好
144126,1321,聂晶晶,2021-12-19 02:47:48,2,3,1,代过一节课，分这么低不是没有原因的
144211,1321,聂晶晶,2021-12-20 12:58:56,2,3,1,代了两节课了，我觉得挺好啊，分怎么这么低？
148561,1321,聂晶晶,2022-01-13 01:33:15,1,2,1,出的什么勾八试卷
148587,1321,聂晶晶,2022-01-13 02:33:45,1,2,1,给分好个锤子
148714,1321,聂晶晶,2022-01-13 09:38:11,3,4,1,上课笑嘻嘻，给分mmp
150131,1321,聂晶晶,2022-01-19 09:09:05,2,2,0,给分差，上课差，试卷乱出
150263,1321,聂晶晶,2022-01-21 04:46:10,10,12,2,上了聂老师的普化（H），说实话我感觉老师确实有的课讲的不是很清楚，但是人真的很好，下课问问题的时候也都会很耐心、很慈祥地回答。不过对于普化（H）而言，考试考的确实不会太难，老师虽然有些地方讲的不是很好，但是影响不大，自己看看课本还是可以会的，小测每章都有但是也不会很难，反而我认为有很好地巩固知识。非说不太喜欢的就是布置的讨论题作业了，我在考前也认真看了看课本，考试时也感觉基本都会，最后总评我也满意了。但是老师人真的很好，考完交卷后我忍不住对老师说了句再见。
160384,1321,聂晶晶,2022-09-28 03:03:08,3,3,0,逻辑乱七八糟，啥也不是
160781,1321,聂晶晶,2022-10-11 07:07:51,4,4,0,一般般
161081,1321,聂晶晶,2022-10-30 23:43:10,1,2,1,看到大家都听不懂我就放心了
161429,1321,聂晶晶,2022-11-07 01:57:06,0,2,2,学不会不是老师的问题
161616,1321,聂晶晶,2022-11-09 12:27:13,-1,1,2,还行👌🏻
161661,1321,聂晶晶,2022-11-10 07:03:50,-3,1,4,还可以
161700,1321,聂晶晶,2022-11-11 00:05:23,1,2,1,呵呵呵
162083,1321,聂晶晶,2022-11-16 14:40:53,0,1,1,我是真无语，没基础真的听不懂啊呜呜呜呜呜呜呜
162331,1321,聂晶晶,2022-11-20 07:31:53,0,1,1,哈哈哈
162474,1321,聂晶晶,2022-11-23 03:34:40,1,2,1,上课毫无逻辑，认识的好多人都不来上课，或者去隔壁方文军那里上课了，跟着她上普化就是折磨
164430,1321,聂晶晶,2022-12-21 03:23:43,1,2,1,这个老师专治不emo，心情美美哒不要怕，来三节普化，保你心中妈买批……上课听也不是，自学的时候听她讲嫌乱，只能旷课了……
165140,1321,聂晶晶,2022-12-29 09:58:33,4,4,0,涉及评分的事情特别多，而且难以学到东西，逻辑性差，不知道这样可以打下什么化学基础
165143,1321,聂晶晶,2022-12-29 09:54:28,-2,0,2,虽然老师讲的不大好，有时候挺乱的，但是老师人很好
168982,1321,聂晶晶,2023-02-24 02:27:50,1,1,0,芝士答辩
169101,1321,聂晶晶,2023-02-24 09:44:11,-1,0,1,1、复习课上得比新课好\n\n2、有些概念确实讲的模模糊糊\n\n3、下课很耐心解答\n\n4、老师明确了不鼓励卷，但是给分迷（单期中期末考的好没用）
169116,1321,聂晶晶,2023-02-24 10:59:22,0,0,0,老师人很好，给分不错，就是讲课的时候可能存在一些逻辑问题，但是老师很用心很细心
169549,1321,聂晶晶,2023-02-27 01:44:30,-1,0,1,给分挺好的
172446,1321,聂晶晶,2023-04-27 03:33:23,1,2,1,依托答辩😅
172878,1321,聂晶晶,2023-05-09 03:06:21,0,2,2,大学普化5.0，给分666
181068,1321,聂晶晶,2023-10-07 07:23:11,1,1,0,老师答疑非常耐心认真，支持！
188295,1321,聂晶晶,2024-01-18 15:01:52,1,1,0,很温柔的老师，而且线上答疑只要她看到基本就是秒回，很有耐心的老师一位
200769,1321,聂晶晶,2024-10-22 06:14:21,2,2,0,人挺温柔，但是这个课讲的，你得细品
209598,1321,聂晶晶,2025-01-06 10:33:38,1,1,0,老师人很好
210448,1321,聂晶晶,2025-01-09 07:40:02,0,2,2,好老师 线上作业有一次没交也有4.8
210497,1321,聂晶晶,2025-01-09 09:01:59,2,3,1,老师人很好，但要学会自学哦
210503,1321,聂晶晶,2025-01-09 09:07:21,1,2,1,给满了，一个学期没去，最后一大题全错，给了4.8
210638,1321,聂晶晶,2025-01-09 14:03:20,-1,0,1,人美心善给分好
211736,1321,聂晶晶,2025-01-15 04:25:40,2,2,0,绩杀了
214051,1321,聂晶晶,2025-01-23 09:57:22,0,1,1,讲不明白一点，事多的一匹，给分低，还踏马卡绩。\n\n要不你就跟老师混得熟一点，她会闭着眼睛给分。但是要是混得不熟，她也会闭着眼睛给分。\n\n让我见识了一下6分老师的最低水平
217753,1321,聂晶晶,2025-04-16 03:34:26,0,0,0,工化实验讲课中规中矩，但是给分是真的差啊，四份报告写的满满当当，实验也有都在好好做，最后85分3.9卡我绩点无敌了
49234,1345,张昭,2017-03-30 07:49:46,5,8,3,老师口音超重但是因为自己也在不断调整所以能听得懂，刚开始因为他的口音笑了好久，后来发现他人真的超好，特宽容特耐心
57720,1345,张昭,2017-07-13 01:32:24,4,5,1,给分感人！老师有口音，第一节课不停地我们说话，帮助我们努力适应他的口音，平时超级关爱学生，没脾气，讲实验原理特别仔细有逻辑，简直不需要预习，给分很赞。实习报告手写，一定要注意图表什么的格式规范。第一次碰到满绩的实验课ε٩(๑> ₃ <)۶ з。
75701,1345,张昭,2018-03-15 07:39:27,2,4,2,魔性口音，迷之好玩
76190,1345,张昭,2018-05-09 06:23:57,24,33,9,给分恶心
76280,1345,张昭,2018-04-02 01:08:44,-3,2,5,。。。
76408,1345,张昭,2018-04-08 02:54:14,-4,4,8,不得不说，无聊的课，无聊的老师。很气人！！！
78171,1345,张昭,2018-05-09 23:28:12,3,7,4,工化，老师讲的蛮好，一直叫我们适应口音，很替我们想，但是给分太迷了 作业都认真写了交了 考试也不可能翻车翻到这种地步……想不明白……
80987,1345,张昭,2018-07-03 07:41:46,4,5,1,上过老师的工程化学 口音的确重 但是有在尽力地让学生听得懂 上课很耐心 感觉是一个很nice的人（虽然我日常睡觉）给分也还好吧 挺喜欢老师的
82488,1345,张昭,2018-07-08 10:27:26,3,7,4,上的老师的大化P 最大的感觉就是佛系！实验服没带？没事！实验报告没带？没事！预习报告也不用写……然后每次数据给他看的时候还一个劲儿说谢谢你谢谢你? 交上去的实验报告就杳无音信了，都不知道自己多少分，错在哪里，然后最后佛系考试～
86688,1345,张昭,2018-09-18 03:12:45,2,5,3,很好！
91216,1345,张昭,2018-12-03 13:00:17,4,7,3,很可爱的老师
125671,1345,张昭,2020-09-13 00:44:34,2,3,1,实验报告交了就没有回音，实验考试认真准备了，期末3.0，你永远不知道是怎么评分的。
140919,1345,张昭,2021-09-18 01:24:20,0,2,2,哈哈哈
141222,1345,张昭,2021-09-27 00:39:35,12,14,2,普化（乙）讲得好烂
141760,1345,张昭,2021-10-25 01:43:56,2,3,1,普化乙讲的很烂 建议就着ppt自学或者看其他老师的网课
142091,1345,张昭,2021-11-05 12:39:54,1,4,3,老师还是很负责任的，至少在考试的最后两周给我们加了课，下课也会拖一点堂，很敬业的老师。个人觉得是因为课时的限制导致讲得这么不清楚，湖南口音还是可以听懂的。学校课时安排的本来就不合理，估计听不懂要自学的现象都很普遍，反正我觉得和抽着烟的张老师讨论化学的感觉挺不错的。
142526,1345,张昭,2021-11-12 15:36:26,5,9,4,课程：普化乙\n\n老师上课十分认真，虽然有口音，但还是很努力让我们听懂了。只是有时因为老师拓展过多而看不懂PPT（\n\n问老师问题也总是细心解答 在期末课时上不完的情况下主动给我们增加课时\n\n总体上还是有教学热情的老师啦
142527,1345,张昭,2021-11-12 15:38:45,4,6,2,普化乙\n\n被卡绩了…老师人不错是真的，全靠自学也是真的
142528,1345,张昭,2021-11-12 15:44:54,1,3,2,老师湖南口音 但是真的会尽量让我们听懂 除了刚开始讲很慢后面还要加课补 其他就很完美了
142532,1345,张昭,2021-11-12 15:57:11,-17,5,22,挺喜欢老师每次上课之前能带着复习一下这个环节的。口音方面没什么大问题，老师上课也很有热情。不点名也没有测验（室友的老师就有），该讲的也讲的挺清晰。普化本身课时很紧，老师有的地方讲的快也没办法吧，是需要自己花点时间的课程。绩点4.8，虽然应该承认部分得益于普化和高考化学的重叠，但是还是谢谢老师。
142538,1345,张昭,2021-11-12 22:58:27,-3,2,5,刚看了成绩，还是感谢老师在平时分上捞了我一把，刚开始会不适应他的口音，不过过几次课就好啦，每次都会花十几二十分钟回顾上次课所学，我觉得这个十分值得借鉴。毕竟这学期时间紧任务重，老师能讲成这样很不错了，给分方面也比较宽容，我觉得还是靠自己更重要
142539,1345,张昭,2021-11-13 00:59:14,2,3,1,绩点杀手2以下，选课全靠自学，无聊透顶！！！
142546,1345,张昭,2021-11-13 02:59:56,10,10,0,负责但是没水平
142548,1345,张昭,2021-11-13 04:14:32,7,14,7,我好不容易对普化心动一次～～\n\n你（绩点）却让我输得这么彻底！！\n\n呵呵呵呵呵呵呵\n\n★★\n\nps：老师是真的很好，也比较负责o(≧v≦)o 但……最终选择还是要看你哦
142558,1345,张昭,2021-11-13 08:35:38,1,1,0,老师人很好，很负责，不过这门课主要看自学。刚看了成绩，不说了，去哭了，是我太菜。
142714,1345,张昭,2021-11-15 11:29:42,1,4,3,就给数据吧\n\n别的班同学67.5绩点3.0\n\n我是71绩点2.4\n\n确实有那么点绩杀了
145330,1345,张昭,2021-12-29 05:16:39,15,15,0,普通话学
151903,1345,张昭,2022-03-20 07:35:40,0,0,0,一般般
152091,1345,张昭,2022-03-25 12:25:59,4,4,0,老师很认真。\n\n口音有点重。\n\n上课节奏快（课程安排问题），偶尔超纲更加听不懂。\n\n基本自学。\n\n老师很认真。
153390,1345,张昭,2022-04-29 03:15:08,7,7,0,老师虽然口音很重有时超纲，但是上课态度很认真(一直跟我们商量延长上课时间)，也会用一些很形象的方式解释抽象的理论，考前会发一个很精炼的复习ppt\n\n只要把作业自主认真完成的话成绩不会太差，大部分考试题也跑不出这些题\n\n还有就是自学很重要，上课听不懂回去一定要争取把作业题搞懂\n\n成绩挺出乎我意料的，还是打个高分吧
153393,1345,张昭,2022-04-29 04:09:45,4,5,1,上的普化乙，抛开授课效果不谈。老师有着非常浓烈的爱国热情!尊敬国内外伟人，他的精神非常值得我们学习!平时会鼓励学生，关心同学，非常有趣!
153530,1345,张昭,2022-05-04 02:25:59,5,6,1,老师却很负责，但不建议选
158496,1345,张昭,2022-06-29 23:55:50,2,4,2,我上的是大化P\n\n张昭老师是湖南人，讲话有比较明显的口音，但很快就习惯了，甚至还有点亲切www。\n\n张老师是个很细心周到的人，每次上课前会把各种要点发在群里。实验前知识点的讲解思路也很清楚，没有多余的废话。\n\n张老师为人谦逊，和他交流起来没有任何困难，实验中遇到问题向他求助，都会很耐心地解答，绝不会摆出一副高高在上的样子。\n\n\n\n庆幸能够选到张老师的课，我永远喜欢“他老人家”！
170170,1345,张昭,2023-03-02 00:05:20,2,2,0,口音好怪
172741,1345,张昭,2023-05-06 02:49:21,5,5,0,在课上内容还没讲清楚的情况下拓展内容太多，期末考试卷上甚至出现了老师没讲过也没发过自学PPT的内容
173184,1345,张昭,2023-05-15 05:16:29,1,2,1,老师讲课还可以，但是考试的内容中有过多需要自学的部份，上起来十分吃力。同时老师给分并不可观
190572,1345,张昭,2024-03-09 10:49:04,11,14,3,作业难做的要死，一大堆的作业，直接写疯了，连抄都不想抄了，学这门课就只有难受。
190811,1345,张昭,2024-03-20 03:28:32,6,7,1,拖课 特别会拖课
191135,1345,张昭,2024-04-08 00:14:27,2,5,3,依托答辩，勾史
191165,1345,张昭,2024-04-10 07:48:30,1,1,0,有点迷。
191295,1345,张昭,2024-04-17 01:50:57,5,7,2,课前预习PPT上的作业跟课上PPT要求的作业完全不一样，作业多得一批就算了，连布置都布置不清楚是几个意思啊？
191300,1345,张昭,2024-04-17 03:50:37,5,8,3,能不能别搞你那b随堂考试啊，时间又短，本来当堂的知识就很难马上掌握，真的够烦，还乱拖堂
191314,1345,张昭,2024-04-17 13:44:33,4,7,3,讲话听不懂权且不论，错峰吃饭也不论，一节课要两次小测也不论，鞋跌鹅（薛定谔）方程也不论，这吊玩意浪费了两节课也不论，钉钉不回也不论，周一交作业前一天通知也不论，张昭仍然还是负责任的！阿 a 米mi诺nuo 斯si的 老师
191491,1345,张昭,2024-04-23 14:01:39,1,6,5,我其实还挺喜欢他的
191979,1345,张昭,2024-05-06 14:11:55,16,16,0,先说结论，上课有多苦，看见老师捞的结果就会有多开心。说实话，如学长学姐所说的，普化是真的不建议选的，但是如果必须要上的话，还是希望选一个好老师。张老师，人其实是特别负责的，有种班主任的感觉（疯狂拖堂，想方设法占用下课时间，作业仿佛担心你会做完，作业巨多），但是课程摆在那里。而且，在课程如此紧张的状况下，老师还会在课上补充很多拓展内容，但是期末按照课程要求复习一下，重点是那几个方程（好像是关于电化学和那个啥G的，考完就忘了）。突然又想到了斜订饿方程，老师的口音真的很重，一般张老师也会给大家机会去选其他老师的课的，如果有一点不适应，千万不要将就，不要将就，不要将就，后期学习会很痛苦的，再加上拖堂，在心里要多难受有多难受。
192019,1345,张昭,2024-05-08 00:10:34,5,5,0,zz老师比较适合自学的同学，上课口音比较重，刚开始会不习惯，但是第一节课过后就会习惯。上课中后期有频繁的小测，而且作业略多。不过老师人还是蛮好的，给分挺捞。普化乙如果高中选化学的话自学还是比较轻松的
198615,1345,张昭,2024-09-10 08:34:44,5,5,0,口音很重，还要求早到，作业特别多
198750,1345,张昭,2024-09-11 09:35:48,6,6,0,高中班主任的感觉，不喜勿选
200876,1345,张昭,2024-10-24 02:20:14,3,3,0,老师很负责任，作业有点多，但认真写会学到很多。有口音，但听进去了也能听懂。
201079,1345,张昭,2024-10-28 08:05:23,11,11,0,适应湖南话后期是能听懂的，老师会反复讲知识点怕我们不懂，罪作业确实挺多但个人觉得很有利于知识点的巩固
202090,1345,张昭,2024-11-09 07:43:25,3,3,0,普化乙 1.老师讲的很快，基本上一般知识点都是提一遍就过，不过第二次课前会复习回顾(普化乙课程确实很紧)\n\n2.会随堂十分钟小测，都是很基础的题目，相当于点名\n\n3.作业确实多，不过会留出充足的时间\n\n感觉老师挺负责的，最后我的分数也还好，赞了👍🏻\n\n还有助教姐姐真的超级超级可爱，超级超级好😘
202122,1345,张昭,2024-11-09 15:44:44,3,3,0,大爱张老师
202173,1345,张昭,2024-11-10 10:17:59,0,2,2,。。。
202200,1345,张昭,2024-11-10 16:05:31,2,2,0,除了第一节课听了后面全靠自学，上课管的不严，口音我个人觉得问题不大，可能因为我不怎么听，喜欢拖堂占时间其实我不是很在意因为我都在自习。最后绩点还过得去，只能说适合自学能力强的人吧
206240,1345,张昭,2024-12-13 10:37:48,3,4,1,有口音是硬伤，然后还会拖堂，变成了提前上课，对要午睡的不太友好，\n\n但是讲课重点很分明，会带着总结重点是什么，这点真的很好！\n\n不过我以为试卷很简单，就没复习其他的内容，结果试卷有点超纲。\n\n他会告诉那些要换课的同学想换就换，所以其实还是蛮可以的了，毕竟wjm评分也不高啊
215410,1345,张昭,2025-02-26 02:44:24,0,1,1,真服了
215534,1345,张昭,2025-02-27 23:54:29,1,2,1,凭心而论，选普通化学的同学大部分都不是化学专业的，不见得对化学有多大的兴趣，对于一门学了就忘，以后再也用不到的课，我们对扩展知识真的没有兴趣，更不愿意拖堂，希望老师也理解一下学生，少讲点不考的东西。
218611,1345,张昭,2025-04-27 01:24:04,1,1,0,据我所知，老师尽可能把平时分拉满了，平时小测一共有五次，随堂小测，一道题，本人有两次因为没听课基本上全做错了，但是平时分出奇的高，老师最后应该会根据总评不卡绩调分的。而且老师人也蛮好的，有口音是硬伤，平时上课有时候也会有些啰嗦，但是我倒是不太建议自学，因为课本的内容太多太杂了，自己学不容易抓到重点，老师每一节课的课前都会总结上节课，我建议这时候听听精华就够了。
218628,1345,张昭,2025-04-27 11:56:15,0,0,0,老师讲课有口音，这是硬伤，但是老师人还是很好的，讲解的也细致，出分前也说了尽量会往高绩点给分。如果没法接受口音的话那就不要选
219295,1345,张昭,2025-05-24 08:59:03,0,0,0,给张昭补个十分，再苦都是值得的
87048,1355,金一政,2018-09-20 05:48:50,24,30,6,可能这个老师以为我们在念博士
87049,1355,金一政,2018-09-20 05:49:15,-7,11,18,太可爱了
87050,1355,金一政,2018-09-20 05:50:38,16,19,3,完全听不懂，而且感觉他自己也讲不来
87051,1355,金一政,2018-09-20 05:59:12,16,17,1,物化令人头秃…
87070,1355,金一政,2018-09-20 06:45:18,7,9,2,怀疑人生......
87333,1355,金一政,2018-09-27 05:53:23,10,12,2,听课的时候感觉什么都没听懂，做题的时候发现果然什么都没听懂
87738,1355,金一政,2018-10-11 05:46:30,-2,7,9,对考试啊给分啊都不清楚\n\n讲课听不懂\n\n特别喜欢记同学名字\n\n现在已经发展到答题加分答错扣分了\n\n
87739,1355,金一政,2018-10-14 23:44:11,3,4,1,我太笨了
87941,1355,金一政,2018-10-18 06:44:55,7,8,1,大概在神童眼里我们全是神童吧
87942,1355,金一政,2018-10-18 06:45:45,4,4,0,对不对对吧
88255,1355,金一政,2018-10-25 06:29:17,7,8,1,老师上课从来不备课的吗?
88329,1355,金一政,2018-10-29 00:34:47,26,31,5,老师在期中的时候发现了这是门长学期的课
88334,1355,金一政,2018-10-29 01:59:45,7,10,3,“绩点不重要，只是换了一种人生。”\n\n绩点不重要你给我满绩好不好啦\n\n中二病还没结束吗
88335,1355,金一政,2018-10-29 02:06:33,9,10,1,都上了半个学期了竟然还不清楚这是长学期的课，而且感觉决定给分机制随随便便......佛了
88356,1355,金一政,2018-10-29 09:16:22,4,8,4,讲的很乱，一直抱着平板写板书，大概没备课，人是很聪明的，但是讲课真的差，而且很随意
90656,1355,金一政,2018-11-25 01:43:21,10,11,1,上课我就不说什么了，tmd请你给出作业数据谢谢，查尼玛的数据几个小时
90732,1355,金一政,2018-11-25 12:53:21,3,4,1,楼下的兄弟，我数据还没查出来呢(ಥ_ಥ)
90990,1355,金一政,2018-11-28 13:04:15,2,4,2,无话可说
91400,1355,金一政,2018-12-08 12:39:48,4,5,1,? ? ? ? ? ? ? ?
93500,1355,金一政,2019-01-10 06:04:38,5,7,2,老师你真帅，头皮锃亮，讲课活泼可爱，就是听不懂
93572,1355,金一政,2019-01-10 12:40:19,4,4,0,（╯‵□′）╯︵┴─┴
94932,1355,金一政,2019-01-18 13:07:26,11,12,1,对不起我比不上您二年级的儿子
95976,1355,金一政,2019-01-20 09:57:07,0,3,3,上课有点跟不上，没有PPT，差不多把书上公式推导一遍，平时小测挺多的，但是给分真的太好了！
95986,1355,金一政,2019-01-20 10:21:18,11,12,1,浓浓师生情
95990,1355,金一政,2019-01-20 10:29:16,23,42,19,瑞安市1998年高考状元，考上北大的时候只有16岁，20岁不到就大学毕业去了剑桥，3年拿到博士学位，又在卡文迪许实验室工作2年，07年来浙大，直接副教授，那时候刚刚25岁。这样的老师，你凭什么不好好听他上课？
96003,1355,金一政,2019-01-29 15:02:05,-55,5,60,谢谢老师物化的满绩
96010,1355,金一政,2019-01-20 11:14:43,1,4,3,老师上课很迷是真的，但给分真的很好，本来以为要挂的，被老师抬了好大一手！浓浓师生情！\n\n
96080,1355,金一政,2019-01-20 12:29:47,10,11,1,嘴上说着挂科也是一种人生经历，出题出分的时候......身体挺诚实的。
96297,1355,金一政,2019-01-20 17:00:59,6,8,2,这个小测有点东西啊
96394,1355,金一政,2019-01-21 02:15:12,-6,4,10,金老师真的帅呀
96705,1355,金一政,2019-01-21 09:29:18,0,2,2,老师很帅
102584,1355,金一政,2019-02-11 05:31:28,1,2,1,要不是小测“泄题”，大部分人估计会很惨
116421,1355,金一政,2019-09-10 06:46:38,-2,1,3,加油！
121238,1355,金一政,2019-12-26 03:21:22,5,6,1,教学水平真的有限.....
121239,1355,金一政,2019-12-26 02:33:10,5,5,0,虽然老师应该备课了，但是真的毫无上课体验感。讲书速度大于手翻书速度。并且上课重点常常在偏数学的推导，而不是物化体系的构建。(后来也不怎么听了不再评价其他的了)。之前看过评论，有人说他很厉害上课的学生有什么资格不听他的课。我也抱着见见世面的想法安安心心上了(没有想办法换老师)。结果我只能说，他学历厉害也好，学术厉害也好，教学不厉害，不是学生有什么这个不好好听课，说严重一点，仿写一句，是老师有什么资格上课。
126045,1355,金一政,2020-09-17 02:43:11,7,7,0,临考涕零，不知所言
129313,1355,金一政,2021-01-04 05:24:05,-4,2,6,金老师可可爱了
133564,1355,金一政,2021-03-02 07:17:42,1,2,1,上课问几个身边的大佬貌似也说听不懂，只能课后复习一遍上课内容。期中考试成绩不太影响期末（考得好除外），物化期末计算简单，选择题要注重平时知识细节。顺便：人生没有平衡态。
160557,1355,金一政,2022-09-27 01:56:54,0,0,0,作业数据不给，完全不备课，绩点也瞎搞，顶着神通的名号就可以为所欲为吗
168702,1355,金一政,2023-02-21 08:21:02,1,1,0,？？？
168755,1355,金一政,2023-02-21 16:34:59,0,1,1,上课挺轻松，学习还得靠自己
169841,1355,金一政,2023-02-28 05:58:32,1,3,2,大爱金一政，平时不点名，小测随便考，反正海底捞
169842,1355,金一政,2023-02-28 06:36:38,0,1,1,助教gg和JJ是天使👼🏻👼🏻👼🏻👼🏻
180462,1355,金一政,2023-09-22 00:14:01,4,4,0,听了两节课，很累，总是在推书上没有的公式，不知道在讲什么。还有老师可能不是很熟悉中文环境，一句话会中断很多次。
181273,1355,金一政,2023-10-13 01:11:30,10,10,0,感觉老师改进了一些讲课方式，每节课也有回顾(虽然我还是大部分不懂😭)，没有PPT之后，纯板书更让人难过，目前节奏还算能跟上。\n\n老师本身是很随和的，喜欢问问题和对话。
185951,1355,金一政,2024-01-06 09:58:14,5,5,0,是我太笨了
186752,1355,金一政,2024-01-13 02:46:00,5,5,0,老师说不点名，真的就一次也没点过。
187210,1355,金一政,2024-01-15 05:18:29,6,6,0,一个学期下来，感觉老师挺好沟通相处的。认真看书加刷题确实不用去听课，估计也考得出来，毕竟金老师也不点名。就短短两个学期吃下一本彭神之作，实属不易，书是好书，适合安静的午后沉浸式的看，真正的去思考。而要是考前补天，书一定是看不进去的，要么大致翻翻找重点，要么找前辈的复习资料，考试应该能过的。也许这个评分更多的不是针对金老师，而是这门课。因为我看之前的评价和今年上的课，老师的讲法确实改了许多，配合书本食用，一整个学期下来可以给你搭建一个物化的框架的。
187351,1355,金一政,2024-01-15 14:29:01,1,1,0,老师很可爱很厉害，是我太菜了
187354,1355,金一政,2024-01-15 14:53:39,1,1,0,感谢老师捞捞😭
187402,1355,金一政,2024-01-16 02:53:38,1,1,0,无功无过吧，物化本来就是一门需要思考（比较抽象）的科目，两次小测，不会点名，，靠自己啃书+做作业。可以感受到老师的随和以及想让我们感受到化学的神奇之处的热情，一开始的课堂还会介绍诺贝尔化学奖，但是无奈我太菜了只想先理解考试要用的公式呜呜呜·
188475,1355,金一政,2024-01-19 05:11:35,1,3,2,课前有复习，课后作业挺难的，但是还挺捞。总体来说上课认真听的话会感觉老师思路比书上写的更好理解，个人感觉会是比自学更高效的学习方式，当然不喜欢听的话还是推荐自学哦。小测真是浓浓师生情吧，跟期中期末题考点蛮重合的。
189369,1355,金一政,2024-01-23 12:28:38,6,6,0,说不点名真就不点名，赞！适合自学的老师，反正两个早八我是睡饱了（雾）
199712,1355,金一政,2024-09-28 05:24:12,14,15,1,化学专业物化二，只能说牢金讲的真的非常抽象，讲课不知所云，PPT就是贴了新版物化讲义的图片，然后连个P都没，关键他也不发新讲义的电子版（新讲义没有纸质书），最后还是助教给发的，最可笑的是有一次：“这个推导证明比较难搞，助教，你拿到习题课上去讲一下”，然后助教脸色立马垮的一批，只能说，纯论讲课水平，牢金和姚加之间差了100个苏彬\n\nqtdydjyz，听牛魔的课，自学启动！
201111,1355,金一政,2024-10-29 01:59:58,19,19,0,板书烂，上课没什么逻辑。想一节课讲完几节课的内容，但是开课三十分钟放了两个无关的视频🤒
202625,1355,金一政,2024-11-13 12:14:04,11,11,0,重要知识点几乎是习题课助教讲和自学，物化二还没考就忘记面相了。
1586,1458,王彦广,2015-03-22 23:51:56,-14,9,23,真的很困啊上课。PPT和书一模一样。
1848,1458,王彦广,2015-03-26 02:01:37,-18,3,21,无聊死。。
2138,1458,王彦广,2015-04-02 08:42:46,-8,10,18,化学系主任，上课略无聊...
4037,1458,王彦广,2015-07-08 03:40:27,45,50,5,挺好的
4460,1458,王彦广,2015-06-23 09:06:28,-12,2,14,呵呵
6273,1458,王彦广,2015-07-12 14:16:53,16,21,5,老师上课略无聊，但绝对是良心老师，人很好
10116,1458,王彦广,2015-11-23 15:25:10,38,41,3,老师上课经常讲一些新的研究成果，能够了解有机化学的发展过程和前沿，也让我懂得了所谓的批判性学习。老师很棒，赞一个！
12015,1458,王彦广,2015-12-24 03:33:33,-9,2,11,
12933,1458,王彦广,2015-12-24 10:57:41,15,17,2,很有趣
13012,1458,王彦广,2015-12-24 13:40:55,18,18,0,很好的老师
18671,1458,王彦广,2016-01-22 09:01:49,4,6,2,只能说老师人挺好的
21398,1458,王彦广,2016-02-28 13:38:43,26,27,1,绝对不错
22349,1458,王彦广,2016-03-04 01:52:44,-14,3,17,可怕啊
22539,1458,王彦广,2016-03-07 14:49:17,35,43,8,确实是高水平老师，用的书也是他写的，知识渊博，讲课很清楚，就是作业太多了，每章后的习题全要做
22851,1458,王彦广,2016-03-13 12:12:13,26,26,0,老师课讲的很清楚，很负责任，很有学问，听他讲课是一种享受……
22941,1458,王彦广,2016-03-15 03:57:22,29,30,1,浙大最好的老师之一
23050,1458,王彦广,2016-03-16 13:41:28,25,27,2,讲课有深度，大师风范，有问必答，很喜欢他的课，偶尔还有小幽默的
23051,1458,王彦广,2016-03-16 13:57:50,12,12,0,老师很好，负责任，给分也算公道的
23102,1458,王彦广,2016-06-30 14:32:14,2,11,9,说实话挺好的
23268,1458,王彦广,2016-03-23 08:58:19,14,15,1,太喜欢王老师的课了
23334,1458,王彦广,2016-03-25 01:53:56,10,10,0,老师萌萌哒
23702,1458,王彦广,2016-04-13 02:20:11,14,14,0,老师人超赞 很幽默 上课条理清晰 很喜欢他！
23707,1458,王彦广,2016-04-13 05:31:59,6,6,0,老师很认真很仔细
23750,1458,王彦广,2016-04-14 12:02:37,16,16,0,大牛教授，讲课生动，很清楚...经常答疑，我很喜欢他
26311,1458,王彦广,2016-06-16 23:54:27,13,13,0,讲的很细，其他老师不要求的知识王老师是要讲的。非常亲切和蔼，会在群里发一些自己拍的美景图。作业多，全部都要做。很好的老师！
26507,1458,王彦广,2016-06-30 14:50:08,9,11,2,给分超级厚道 倾力推荐
28352,1458,王彦广,2016-06-28 08:38:52,10,10,0,老师上课很不错，人很萌很有趣，选到他的课表示很开心
29290,1458,王彦广,2016-06-29 14:33:01,7,7,0,老师讲的很好，也很幽默，绝对好老师！
29717,1458,王彦广,2016-06-30 08:29:56,11,11,0,老师课讲得很清楚，人也很好，至于我学不起来那应该是我自己的问题。。。
29947,1458,王彦广,2016-06-30 14:34:33,3,3,0,老师人超级好 超级耐心
29948,1458,王彦广,2016-06-30 14:35:01,7,7,0,挺幽默的老师，给分还可以
29962,1458,王彦广,2016-06-30 15:05:39,7,7,0,好好好！来浙大遇到的最喜欢的老师
29964,1458,王彦广,2016-06-30 15:18:36,4,4,0,出分快 给分好
29965,1458,王彦广,2016-06-30 15:23:51,10,10,0,啥都不说了，就冲着这让我及格的浓浓师生情，我打10分！！！
30041,1458,王彦广,2016-07-01 00:40:59,3,3,0,和蔼可亲
30094,1458,王彦广,2016-07-01 02:21:28,15,16,1,老师挺好 但有机这门课 不行
30638,1458,王彦广,2016-07-02 06:02:31,2,2,0,棒，帮啦啦啦\n\n
31440,1458,王彦广,2016-07-04 02:12:55,2,2,0,上课很棒啊，老师也很有趣！助教人很好，哈哈哈
31682,1458,王彦广,2016-07-04 13:02:32,6,6,0,很负责，很可爱
34133,1458,王彦广,2016-09-27 11:08:50,2,2,0,好好好
34719,1458,王彦广,2016-10-19 08:15:27,6,6,0,上课超级认真仔细，有问必答，超喜欢的老师
35908,1458,王彦广,2016-11-10 08:50:01,7,7,0,老师超好的，讲的很好，认真负责，很喜欢
36798,1458,王彦广,2016-11-16 05:30:50,4,4,0,老师很萌很可爱
41511,1458,王彦广,2017-01-12 05:38:06,7,7,0,老师上课真的好，很考虑学生的学习进度。作业是多，但是有机就是要多做多看。老师上课还会讲些故事和一些最新的研究进展，挺有趣的。笔芯
41560,1458,王彦广,2017-01-12 07:48:04,7,7,0,绝对名师，听他的有机化学课获益颇多
48809,1458,王彦广,2017-03-13 11:17:52,-4,1,5,，，，
51249,1458,王彦广,2017-05-25 11:06:23,4,4,0,绝对的大佬
51260,1458,王彦广,2017-05-26 03:54:49,2,2,0,老师身上有一种很儒雅的气质，人很好，有机讲的也很仔细
51525,1458,王彦广,2017-06-07 03:06:26,5,5,0,特别好的老师，上课很细致，在群里匿名答疑也是real可爱了，有机很难但是有老师在感觉会好一点…
56577,1458,王彦广,2017-07-04 04:08:41,2,2,0,老师上课比我们还认真(ಡωಡ) 时不时卖个萌。真的太萌啦！
57433,1458,王彦广,2017-07-07 16:26:15,2,2,0,大师风范?
57452,1458,王彦广,2017-07-08 05:05:58,3,3,0,王彦广老师真的很可爱，有时候真的很萌啊，上课讲得也很细。有机确实很难，所以老师是要求我们每一章的课后习题全部要写的。但是绝对是一名好老师。
59609,1458,王彦广,2017-09-25 01:31:50,2,3,1,好课(✪▽✪)
63826,1458,王彦广,2017-12-16 05:35:13,4,4,0,很萌的老师?
66636,1458,王彦广,2018-01-17 23:39:54,9,10,1,老师人特别好特别可爱 很亲切 有机讲的也很好 很有条理逻辑 绝对的好老师 考不好都是因为我没花时间学
68120,1458,王彦广,2018-01-22 15:04:12,2,6,4,有机2给分超级好了！！！！浓浓浓浓师生情！！感谢王彦广爸爸！！
71836,1458,王彦广,2018-01-29 04:16:13,2,3,1,讲得很清楚明白 给分也很好\n\n超级感动
81086,1458,王彦广,2018-07-03 17:23:52,8,9,1,普通的老师讲解教材，一流的老师编写教材，超一流的老师被写进教材。有机考试前夕必须吹一波王老师，各种反应信手拈来，反应机理出口成章。（好了，说了那么多，绩点就千万别卡我档啊( ̥́ ˍ ̀ू )…
83109,1458,王彦广,2018-07-10 01:15:37,-10,5,15,大学，就是个取巧的地方，讲的再好你也是自学，真的不如选个给分好的老师，想选的请看均绩，跟其他有机老师比比，不要让自己的努力白费?
83415,1458,王彦广,2018-07-10 08:45:09,4,7,3,男神老师！超级有学者风度！大赞！人很好，最后一节课结束大家排队要签名，给我签完后还问了一下我的名字！超级感动！
89984,1458,王彦广,2018-11-21 12:48:26,1,2,1,老师超级超级超级可爱☺
98148,1458,王彦广,2019-01-23 06:20:42,5,5,0,老师真的讲的很好 但是有机太难了我学的不好? 希望老师别让我挂?? 提前给您拜年了? 我假期好好自学 下学期一定改过自新 学好有机 感谢老师！！
98171,1458,王彦广,2019-01-23 06:52:13,1,1,0,翘阔爱
108193,1458,王彦广,2019-05-16 06:21:49,0,2,2,老师很和蔼，讲课也超棒
116480,1458,王彦广,2019-09-11 01:51:09,-22,1,23,相当差
117468,1458,王彦广,2019-09-25 00:45:09,0,0,0,niceeeee
122665,1458,王彦广,2020-03-14 01:52:09,19,19,0,王老师讲课很细心，真的很好，会一字一句说清楚，答疑解惑也很好，还会发历年卷……可惜我太菜，才前两章就已经听不懂了
126042,1458,王彦广,2020-09-17 01:58:56,3,3,0,细致耐心，讲课认真，重视学生，王老师太帅了
135080,1458,王彦广,2021-04-29 10:16:15,1,2,1,大慈大悲王老师，挂科边缘救学子
143913,1458,王彦广,2021-12-12 09:20:43,0,0,0,好老师！
148811,1458,王彦广,2022-01-13 14:53:27,0,0,0,王老师，我滴超人！
152850,1458,王彦广,2022-04-20 15:28:26,0,0,0,难得一遇的好老师
164250,1458,王彦广,2022-12-20 03:34:35,1,1,0,偶尔点名，讲课很优秀说的很清楚，但是催眠作用也很强，注意力不容易专注（可能也是有机化学这个学科就这样吧）。\n\n老师很和蔼也很认真负责，课上课下问问题老师都会认真和你解答的，总之给了10分。
164291,1458,王彦广,2022-12-20 06:43:11,0,1,1,高中化学竞赛夏令营，讲得很好，但画机理一个碳五根键，省队选拔有机怎么这么难
164839,1458,王彦广,2022-12-26 14:35:26,15,15,0,上了一个学期，说点我个人上《有机化学》这一门课的感受。\n\n首先老师人品脾气方面绝对没得说，上课的时候风度翩翩温文尔雅，颇有学者风度；而且还会耐心答疑，无论是固定答疑时间去还是在每周有机化学下课之后去，老师都会一点都不敷衍地耐心解答，一遍没听懂再讲一遍。这一点就很赞了。\n\n但是，课堂方面，个人感觉上课效果欠佳。有机化学对于化学系之外的学生来说，整个知识结构体系是非常复杂的，知识点很多，记忆量也很大，这就需要慢慢理顺有机化学的结构脉络，让知识形成框架来辅助记忆。但是王彦广老师的课堂上课用的是自己编写的PPT，PPT的知识呈现顺序完全是和课本内容不相符，这就导致如果不课前进行预习就得花大量的时间去翻书跟上上课进度，从而破坏整个课堂的连续性。其次，课后习题作业方面，助教很认真负责，如果你的机理题和产物分析是和答案如出一辙，他会直接给你按B处理。但是不得不说课后的习题和作业是真的太多了，自测题每周60-70道，外加课本的一堆极其变态的题。课本上课后题完全不是给非化学系同学学习有机化学的时候做的，那个难度是真的变态......关键你不是不会做，很多反应物都不认识，更别提什么分析、合成了。这样下来，每周花费在有机化学上的时间就得占大半，收入与投入时间之比却没有那么高。\n\n给分还是不错的，就是学习过程很难受。
181701,1458,王彦广,2023-10-29 07:29:40,3,4,1,大牛教授，有谦谦君子之风，有点小幽默，对化学专业有机课程学习的保障非常到位。
183943,1458,王彦广,2023-12-04 12:03:51,4,4,0,王老师上的很好，人也很好，有机学不会是我自己的问题，也可以是有机这个学科的问题
186618,1458,王彦广,2024-01-12 07:00:09,0,0,0,谢王老师不挂之恩😭😭😭讲课非常好，有机不会是我自己的问题
186619,1458,王彦广,2024-01-12 07:02:43,0,0,0,王老师讲的超级超级超级超级好🥳🥳🥳但也像其他评论说的那样PPT顺序和书上不一样，提前预习一下就能解决这个问题，而且听的也能更透彻！答疑很耐心，给分巨好，男神🥳🥳
186621,1458,王彦广,2024-01-12 07:07:45,-5,0,5,老师特别好！！！讲课很温和，语速也很照顾！！感觉自己平时不怎么看期末考前恶补觉的一般但却被捞上了4.8！！
186946,1458,王彦广,2024-01-13 19:42:17,0,0,0,感谢彦广sensei不挂之大恩！！！对于有机这门课我只能说付出与收获不成正比
200742,1458,王彦广,2024-10-22 00:48:16,0,0,0,好好好！
201929,1458,王彦广,2024-11-07 12:22:22,0,0,0,王老师人很好，很慈祥，问的问题也会尽心回答，上课很负责
202932,1458,王彦广,2024-11-15 08:31:48,-1,0,1,谢谢老师海底捞
209208,1458,王彦广,2025-01-05 04:43:59,0,0,0,感恩🥹
209720,1458,王彦广,2025-01-07 01:03:27,1,1,0,王老师给分超级好
210840,1458,王彦广,2025-01-10 05:22:11,0,0,0,教的很认真，老师很儒雅，给分好
212517,1458,王彦广,2025-01-14 06:21:42,0,0,0,王老师教的很好，他都已经捞我捞到这个程度了，有机学不会是我的问题😭
213095,1458,王彦广,2025-01-16 03:46:49,1,1,0,讲解题差点
216180,1458,王彦广,2025-03-11 14:42:15,4,5,1,彦广我好想你啊彦广为什么不教我们有机III
219365,1458,王彦广,2025-05-26 00:46:07,-1,0,1,王老师啊，上了dhf的课才意识到您的好啊，为什么不是你来教我们有机三呢😭
2860,1493,姚加,2015-05-09 05:10:06,0,7,7,很和善的老师，课堂几乎无要求，给分也不错
26852,1493,姚加,2016-06-21 10:01:09,3,4,1,很和蔼的老师 批实验报告很认真
35032,1493,姚加,2016-10-31 02:17:57,-1,1,2,好老师！你说过一个人去掉你是我的生活里最美
36335,1493,姚加,2016-11-12 03:29:08,0,3,3,老师上课爱笑，特别可爱的老师，很nice，给分也不错
36475,1493,姚加,2016-11-14 05:14:01,9,11,2,很和蔼的老师，听课还是有收获的，工化给分不错的
37060,1493,姚加,2016-11-17 08:16:51,-2,1,3,课程内容很无聊
47272,1493,姚加,2017-01-25 04:41:52,5,7,2,老师第一次开物理化学，虽然课本很玄学，老师上课还是很吸引人的
47340,1493,姚加,2017-01-25 10:39:15,-8,2,10,老师上课虽然只是念ppt，但已经尽力了，在我看来，工程化学这门课开了真是浪费时间，对初学者内容太多，玩过化竞又太简单，但是老师还是很负责的。
71956,1493,姚加,2018-01-29 06:38:59,0,1,1,老师讲课很清楚，不过物化挺难，最好课前预习（不过真的有点多预习不过来我觉得_(:з」∠)_）
74976,1493,姚加,2018-03-07 01:58:26,0,1,1,微笑 保持微笑?
77177,1493,姚加,2018-05-03 10:27:06,1,2,1,不是能源学院的学生选了老师的工化，从不点名！作业随时可以补交！上课也是更注重原理而非简单的概念，亲身感受是有点像普化精简版，好老师～
77599,1493,姚加,2018-05-07 01:46:30,-10,1,11,三点多的绩点真心对不起我每次认真的作业和考前刷书的复习，谢谢您呐，呵呵
77732,1493,姚加,2018-05-07 12:14:06,0,0,0,老师挺好，就是开卷考试太难了……
77805,1493,姚加,2018-05-08 02:10:34,-9,1,10,第一节课说好要按时交作业，自己努力的赶完作业，后面竟然还有补交作业的操作。上课讲课完全按照PPT念，每节课都想睡觉。\n\n明知道有几个学生不到，还是不做任何表态，是仁慈的表现，但是对每节课都去的人是极大的不公平。
94771,1493,姚加,2019-01-18 05:50:32,0,0,0,老师脾气很好，给分也好，要求不严苛，实验课氛围很轻松
112896,1493,姚加,2019-07-05 09:10:18,5,5,0,老师上大课还有认真的备课，上习题课就不是特别认真了。
161826,1493,姚加,2022-11-14 07:07:01,0,0,0,老师很棒
175469,1493,姚加,2023-06-25 06:04:53,0,1,1,老师人很好，习题课老师也会偶尔去听一下，上课基本都是板书，人是好人但是课实在是太难了，但并不妨碍给他8分，虽然老师自己不点名但是系里会安排课前点名
177077,1493,姚加,2023-07-01 14:41:39,0,3,3,老师很好，其实上课讲的跟着他的步调一步步来都能听懂\n\n就是有些概念的问题需要下课进一步巩固和整理，像我一样以为上课都能听懂下课作业也做了就没有好好复习是会寄的\n\n考试内容也不难，基本上都是作业出现过的题型
184955,1493,姚加,2023-12-24 15:29:10,2,3,1,炒鸡奈斯
193423,1493,姚加,2024-06-10 10:39:00,9,9,0,好老师，物化一手写板书，讲课认真，助教答疑质量很高
193868,1493,姚加,2024-06-20 11:02:00,2,2,0,姚老师，平时上课板书，一点点来，人真的非常和蔼非常好！！！
196337,1493,姚加,2024-07-03 03:10:51,2,2,0,物化课上的不错，板书很漂亮，思维很清晰。\n\n有时候有点尴尬，可能是同学们不愿意互动。\n\n助教学长yyds，我爱你们！！！
200280,1493,姚加,2024-10-15 10:24:06,2,2,0,姚加你快回来吧😭😭😭😭😭😭😭😭😭😭😭😭
200403,1493,姚加,2024-10-16 15:11:52,2,2,0,姚加你快回来吧！！！！！！！！！！！！
203657,1493,姚加,2024-11-20 10:57:13,1,1,0,物化二教的好，最后是他负责给分的，给分也很好，上课逻辑，时间安排和板书质量都比jyz强很多
210016,1493,姚加,2025-01-08 02:16:01,1,1,0,趁物化成绩还没出，先来评个分。物化这玩意，算了，怪不了姚老师。
211941,1493,姚加,2025-01-13 02:22:56,2,2,0,物化很好，中化2……建议课程组统一评分标准，老师给分标准的差距偏大了。
8433,1499,王琦,2015-09-21 08:12:17,1,2,1,读ppt……完了
8956,1499,王琦,2015-10-05 01:15:21,3,5,2,听他的，不如自己在下面看书
9267,1499,王琦,2015-10-19 09:03:31,1,2,1,很沉闷
9268,1499,王琦,2015-10-19 09:21:37,6,9,3,普化催眠曲~
12169,1499,王琦,2015-12-22 06:50:08,7,13,6,还好啦 没那么恐怖
15542,1499,王琦,2016-01-15 08:07:06,1,5,4,老师答疑很耐心，即使一个问题有十个同学问他十次，每一次都会认真给你说哒
15641,1499,王琦,2016-01-16 02:38:35,0,2,2,答疑很详细
15649,1499,王琦,2016-01-16 04:22:08,3,4,1,自习吧
15886,1499,王琦,2016-01-16 13:51:35,3,3,0,个人觉得 还是自己看书吧 或者结合ppt
17040,1499,王琦,2016-01-19 13:31:25,0,1,1,讲的比较详细，个人觉得太详细了
17303,1499,王琦,2016-01-20 04:13:08,1,2,1,老师讲的很好，就是语速略快
17447,1499,王琦,2016-01-20 08:27:04,4,6,2,虽然讲课不咋滴，但是人特别好，解答问题超详细，给分还可以，推荐失眠的同学听
17749,1499,王琦,2016-01-21 00:00:16,0,2,2,很耐心的老师 萌萌的 就是上课有时候有些无聊～ 给分还算正常吧
18490,1499,王琦,2016-01-21 23:23:46,0,1,1,老师讲得很认真，有问题去问他会十分重视帮你解答，不论多迟
22247,1499,王琦,2016-03-03 05:37:08,0,1,1,5分太低了吧… 讲得一般 典型理科老师 自己学比较有用 给分没感觉
33040,1499,王琦,2016-09-10 12:36:41,0,1,1,一般般
160394,1499,王琦,2022-09-21 08:39:53,1,1,0,听不太懂，也可能是我的问题
164104,1499,王琦,2022-12-18 04:59:13,1,2,1,普化课很棒啊，讲得很耐心很细致，而且是很可爱的老师！
181302,1499,王琦,2023-10-13 10:19:30,0,1,1,其实老师挺好的
181493,1499,王琦,2023-10-19 07:32:24,0,0,0,超级可爱！
181642,1499,王琦,2023-10-25 05:40:15,0,0,0,太好了
182374,1499,王琦,2023-11-15 09:35:10,9,10,1,评分不太好可能是历史遗留问题，就2023年秋学期的普化体验来说是很好的老师，讲课认真，答疑也认真
184464,1499,王琦,2023-12-20 07:27:48,2,2,0,可爱的
186678,1499,王琦,2024-01-12 12:13:29,3,3,0,老师人真的很好 超级认真负责
188291,1499,王琦,2024-01-18 14:55:23,-2,3,5,老师给分巨差，我平时成绩也不错，作业完成的也还行，期末考90以上，结果绩点只有4.2，巨离谱好吧
188361,1499,王琦,2024-01-18 18:11:31,2,2,0,普化甲，我觉得老师该做的都做了，上课认真讲了，学期间和考前还有共两次习题课，考前还有模拟题。本人4.2在预料之内。值得选他。
188604,1499,王琦,2024-01-19 10:58:06,0,0,0,老师讲的很细致，也很负责任
188818,1499,王琦,2024-01-20 05:14:18,1,1,0,很好的老师，很认真负责，人也很好，期末给分也不错～
207977,1499,王琦,2024-12-25 06:19:31,1,1,0,老师人好，不怎么点名，就按学校要求意思一下，就是讲课一般，但是解答问题很仔细，随时可以提问
208807,1499,王琦,2025-01-02 06:04:30,3,3,0,老师很好，平时的线上讨论忘做了截止以后去找老师会给你延长截止日期，不点名
208947,1499,王琦,2025-01-03 13:33:45,3,3,0,老师人其实很好，但讲得很快（不过感觉别的老师也这样）就有点难听懂
210976,1499,王琦,2025-01-13 16:26:51,-3,0,3,逆天，说好了考试先做实验，结果先做理论，一个小时实验，一卡住就完蛋
211365,1499,王琦,2025-01-11 08:51:00,1,1,0,老师讲的有点快，不过人还是很和善的，普化这门课一开始学起来比较吃力，不过只要不是期末补天，平时一点一点理解，期末考试还是比较基础友好的。4.8飘过，老师应该尽力把我捞到这档最高分了嘿嘿～～
211366,1499,王琦,2025-01-11 08:53:03,2,3,1,老师很和蔼的，虽然普化这门课确实有的地方不太好理解，但是wq老师给分也很好！！！
211386,1499,王琦,2025-01-11 09:57:06,1,1,0,感觉讲课不适合我的节奏，但是预习过一遍再听就会发现他讲课的逻辑比书本有意思。没刷过真题，就做好分内的作业和讨论，小测认真一点，最后喜提4.5
211729,1499,王琦,2025-01-12 09:33:29,2,2,0,「普化甲」：好老师，上课风格有点像我的高中化学老师，看得出来老师对于这门课是有自己的理解的，至少是认真的备过课的（因为老师的ppt和讲解顺序比混乱的教材要符合逻辑多了）值得一上。比较不错的是老师会有习题课和最后的复习总结课，也会发很有用的模拟卷（虽然也是祖传资料了（w））老师欢迎提问的同学，讲解也很清晰。
212035,1499,王琦,2025-01-13 05:19:39,1,1,0,老师讲课像高中老师是真的hh。需要努力听懂。比较难的几章需要自己去领悟。老师最后一节课的ppt蛮有用的，给分不错，好评～
213189,1499,王琦,2025-01-16 09:03:36,1,1,0,老师很好，但是普化太难了
215720,1499,王琦,2025-03-04 15:56:35,1,1,0,老师讲课的时候其实我是有点听不懂的（前两章其实难度是真的挺大的，但是受限于课时限制老师可能讲不了那么细），但是课后你去问他他会给你耐心答疑，感觉老师的态度真的挺好的
216142,1499,王琦,2025-03-11 04:12:11,0,0,0,老师人超好！！讨论题忘记了时间限制没做上还给很多同学重开
216272,1499,王琦,2025-03-13 01:07:08,0,0,0,老师挺好的 也会提醒我们做讨论拿分 讲课微微有点快 不过自己下去看几遍书就懂了 给分很迷啊 疑似平时分被扣8+分？教材从头到尾学了6遍 期末考试不知道错哪了总评87？助教zc已读不回呵呵
8671,1510,刘润,2019-11-08 11:12:16,45,73,28,好评，给1分
21997,1510,刘润,2016-03-02 05:11:09,11,13,2,人好多
22475,1510,刘润,2016-03-07 00:29:39,27,38,11,他真的是专业的吗！真是没谁了！
22477,1510,刘润,2016-03-09 07:35:24,5,9,4,每日一分
22483,1510,刘润,2016-03-07 01:41:37,20,30,10,在教室睡觉容易落枕
22484,1510,刘润,2016-03-07 01:42:09,20,29,9,老师你上课照着ppt念都不能念的通顺一点么
22644,1510,刘润,2016-06-28 08:36:14,8,12,4,人生如戏，全靠自己，不说了，我去预习无机及分析化学了
22696,1510,刘润,2016-03-10 02:58:19,28,40,12,很显然，老师上课只是应付教学任务，备课十分不充分，很多概念自己都没搞清楚，也就很难把学生讲懂，希望老师自己能重视。
23005,1510,刘润,2016-04-05 15:54:09,0,5,5,呵呵呵
23009,1510,刘润,2016-03-16 05:16:24,11,19,8,老师的水平太高 不适合教本科生 大学生
23011,1510,刘润,2016-03-16 05:43:27,-6,7,13,很好啊\n\n
23017,1510,刘润,2016-03-16 07:09:47,2,2,0,...
23053,1510,刘润,2016-03-16 14:38:44,3,3,0,ddd
23059,1510,刘润,2016-03-16 23:51:09,0,1,1,好像拿纸的手在发抖
23150,1510,刘润,2016-03-20 08:34:25,8,13,5,作业这么多还都是查表的？！有意思吗？上课还点名叫人上去回答问题，几分钟就一道几分钟又一道，我勒个去，差评。绝对差评
23163,1510,刘润,2016-03-21 00:38:00,14,24,10,我就呵呵 能把无分上成思修史纲马原的老师也是厉害的 每次听得昏昏欲睡 关键是 他的杀手锏就是给一道题点名让同学上去做 我个人及其讨厌这种方式 就是这样
23168,1510,刘润,2016-03-21 01:54:14,2,3,1,笑笑不说话...
23195,1510,刘润,2016-03-21 11:20:02,-4,1,5,zhenbuc
23251,1510,刘润,2016-03-23 03:31:30,4,6,2,让人听不下去的课却高频率叫同学上台解题。
23262,1510,刘润,2016-03-23 05:50:15,4,5,1,╮（╯＿╰）╭
23622,1510,刘润,2016-04-10 15:19:18,20,27,7,orz 梦里梦见在上无分课，吓醒了，醒来一看，果然在上无分课！
23884,1510,刘润,2016-04-20 02:02:39,0,0,0,没谁了
25288,1510,刘润,2016-05-09 08:52:45,102,137,35,学霸从来不玩这个的～今天实在无聊来看了一眼，卧槽不能忍了！你们这群辣鸡，听不懂老师的课就说讲的不好，真是够了让劳资用专业的水准告诉你们，如果你能听懂老师讲了什么，跟上老师思路，认真做笔记，每次作业都认真写的话，你才能体会到，这老师讲课是真辣鸡！
25375,1510,刘润,2016-05-16 08:09:56,0,5,5,能坚持听五分钟算你牛x
26036,1510,刘润,2016-06-15 07:16:48,-2,2,4,mdzz真的绝对是进大学来遇到最差的老师  不会上课好好做研究去啊
26519,1510,刘润,2016-06-20 00:43:49,5,7,2,不如自习
26962,1510,刘润,2016-06-22 02:27:10,3,5,2,这专业水平我是服的，习题课就是讲学习指导，自己解释不清的东西就让同学们当理论常识记住
27374,1510,刘润,2016-06-25 10:38:24,-2,2,4,马德你说一个水平不高的老师上课还不备课充分是不是智障？马德你说一个上课没魅力让人昏昏欲睡的老师还通过叫人回答问题方式来点名是不是智障？
28576,1510,刘润,2016-06-28 10:34:13,0,2,2,太容易犯困
28602,1510,刘润,2016-06-28 10:52:17,-5,5,10,很认真的老师！
28822,1510,刘润,2016-06-28 16:31:14,9,13,4,老师上课很辛苦，比我们还辛苦，时时刻刻盼着下课，感觉没一节课都在煎熬，担心我们的学业，但是自己却无可奈何，所以每次上课都是十分的尴尬，即使没一节课都下决心好好听一下，不过10分钟后，我觉得书上的思路更加清晰。另外。老师的花式点名也是上很多同学每一节课都来自习。学习这东西，还得看自己，更要看造化，每个人的机会不一样，当自己输在起跑线上时，就要把终点线弄近一点。为自己祈祷。
30134,1510,刘润,2016-07-01 03:23:15,3,3,0,外界球什么鬼？已经崩了。
31114,1510,刘润,2016-07-03 08:40:26,-2,0,2,这老师好像既不会讲课也不会给分。无机课上的如同史纲，又臭又长，而且还臭！期末给分给的超级烂，走过路过的千万别被坑了
31160,1510,刘润,2016-07-03 09:57:51,3,4,1,每次遇到“高深”的问题，他都会停下来让我们认真思考几秒，然后跳过。好吧，对他无缘无故安静了讲不下去了的现象，我只能找到这个理由了。
31544,1510,刘润,2016-07-04 05:55:44,0,2,2,我是个尊敬老师的人 所以就不说话了
31594,1510,刘润,2016-07-04 08:53:34,0,1,1,上课就是念PPT，而且不备课，讲得毫无逻辑。考试也是重点错乱，乱七八糟的。
31851,1510,刘润,2016-07-05 04:18:45,4,5,1,为什么没有0分这个选项
33540,1510,刘润,2016-09-20 03:40:58,13,15,2,老师人还是很和蔼的
33698,1510,刘润,2017-01-23 09:18:11,0,1,1,我只想说，如果你一不小心选上了这老师，赶紧退了吧，不然你会后悔的
33709,1510,刘润,2016-09-21 06:19:16,3,4,1,千万别选，辣鸡
33710,1510,刘润,2017-01-07 02:54:47,18,19,1,很温柔哦
33718,1510,刘润,2016-11-02 05:15:46,-1,2,3,照ppt念也会出错  还就他一个人有期中考试！
33720,1510,刘润,2016-09-21 06:57:23,0,1,1,睡觉睡的贼爽
34131,1510,刘润,2016-09-27 10:58:52,-1,7,8,非常非常负责的老师，学弟学妹们好好听他的课，能够学到很多东西。而且期末评分非常好，只要上课认真听。
35075,1510,刘润,2017-01-15 06:09:49,6,6,0,人蛮好的。。。
35109,1510,刘润,2017-01-25 07:29:31,13,15,2,老师人很好，作业不多，自学能力好一点绩点也不会太差
35190,1510,刘润,2016-11-04 13:59:37,1,2,1,很不好的体验
35237,1510,刘润,2016-11-07 04:53:12,0,1,1,日常每日一分
35614,1510,刘润,2016-11-10 07:33:37,0,2,2,老师挺萌 水平实在不敢恭维 可能与这么课也有关系 下午上课的可以考虑带个枕头
36170,1510,刘润,2016-11-10 19:51:33,0,0,0,还是不错的，除困以外。
36174,1510,刘润,2017-01-20 06:01:28,4,5,1,的确无聊至极，这个没有可争议的，不过要想学好无机，大部分还是靠自学，在其他老师的班里也是一样。
38266,1510,刘润,2016-11-28 15:51:28,2,3,1,很好啊
40565,1510,刘润,2017-01-04 05:47:02,8,8,0,大家最后两次课认识一下 来点一次名吧（¯﹃¯）
40823,1510,刘润,2017-01-06 00:29:50,0,0,0,不说话
40824,1510,刘润,2017-01-06 00:39:49,-1,3,4,上得真好
40829,1510,刘润,2017-01-06 01:14:36,8,9,1,老师很温和，很有耐心，但是需要自己努力学
41383,1510,刘润,2017-01-11 07:48:19,0,1,1,学过他的无分就知道什么是真正的催眠
41387,1510,刘润,2017-01-11 08:01:14,2,2,0,主要靠自己
41450,1510,刘润,2017-01-17 09:53:59,7,10,3,老师很有趣，虽然容易睡着，但醒了之后就不会睡了\n\n
41537,1510,刘润,2017-01-12 07:02:01,2,3,1,玄学无机\n\n期末考试肯定不是老师出的卷子\n\n
42640,1510,刘润,2017-01-16 06:59:24,37,40,3,\n\n一天上课，老师突然严肃地说：喜欢上课睡觉的同学你们得小心点了啊！………………………………………………天有点冷…别着凉了。 老师和蔼可亲平易近人挺不错的，老师讲得也很尽力了，不过这门课光靠听肯定是不行的自己也得下很大功夫
43195,1510,刘润,2017-01-16 03:21:58,2,3,1,其实还可以
43199,1510,刘润,2017-01-16 03:52:32,25,28,3,无机本来就是无聊的课程。老师人蛮好的，作业不多，但布置得都是重点类型，讲课嘛反正我不是特别听讲的类型所以讲好讲差我也不能随便说，讲课质量对我来说也没有很大关系。建议无机及分析化学去买一本跟课程配套的教材解析，书上知识点繁杂，那本解析挺好的，我是靠那本自学的，老师的课后习题那本书上都有解析，听不进没关系，自己看着那本书摸索摸索就有套路了。
43454,1510,刘润,2017-01-16 09:47:43,2,3,1,老师就这样，不过要自己学，自己学最后绩点还是蛮高的。
44077,1510,刘润,2017-01-17 09:01:51,2,3,1,教得确实不怎么样，但是冲着上课还算幽默这一点…
49003,1510,刘润,2017-05-11 00:40:44,1,4,3,全靠自学，ppt的题老师自己都不会做，讲课全程念ppt，高中学过的无压力，没学过的就gg  (微笑
49023,1510,刘润,2017-03-22 01:17:38,5,6,1,runrun不错啦
50829,1510,刘润,2017-05-06 04:14:10,-10,3,13,念ppt的大水货.sb老师
51101,1510,刘润,2017-05-17 05:42:56,6,8,2,干嘛给他打这么低，别的老师也念PPT也小测
51425,1510,刘润,2017-06-29 06:58:40,-8,1,9,或许吧……因为他……对无机这门课……实在是……不感兴趣……浙大为什么会有这样的老师呢……
51883,1510,刘润,2017-06-13 06:50:11,22,27,5,老师在改变，不点名不叫同学上去做题
53416,1510,刘润,2017-06-26 14:29:11,16,19,3,老师上课上得不咋地 \n\n但是人还不错
54188,1510,刘润,2017-06-28 15:36:28,6,8,2,PPT内容丰富，性格和善，考试不太难。
54776,1510,刘润,2017-06-30 08:09:35,2,3,1,老师人还是挺和蔼的，但是上课实在是...
55115,1510,刘润,2017-07-01 00:38:49,5,6,1,老师其实很和蔼的，上课也挺认真的为学生着想但是上课并不是很有趣
55969,1510,刘润,2017-07-03 00:33:18,13,14,1,老师虽然课讲的不太好（有时候自己的ppt上面的题都讲不明白），大部分得靠自己去学，但是我想如果你不想好好学即使是秀琼也没有救吧，所以说还得靠自己，今年的题虽然很难，但是感觉润润还是很不错的。毕竟在我看来他真的不是绩杀，毕竟很有可能过不了的情况下，他还给我过了，感谢润润。至于之前那些差评，我也不知道是为什么。。至于点名什么的，老师真的在改变了  不会找人去上面做题了，而是时不时有课堂练习（有的时候要交，有的时候不要交）。请相信我。（）他这学期还是不错的！！
55974,1510,刘润,2017-07-03 00:53:22,-4,3,7,还有这种老师，讲课就是念ppt，念着念着还会串行，每次打算认真听，听了不到十分钟就听不下去，结构高中没学，上课也没法听，并且刘润还特别喜欢上课课堂测验，虽然不严，交了就有分，但是这种强迫不想听他的课想自学的人的行为就很烦。总之辣鸡老师。预置到的同学自求多福吧。
59358,1510,刘润,2017-09-21 03:55:08,0,3,3,巨无聊，真是服了这SB
59363,1510,刘润,2017-09-21 04:23:03,5,6,1,emmmm\n\n怎么说呢\n\n无机还是自学吧
59868,1510,刘润,2017-09-28 01:57:08,2,3,1,老师很努力
60639,1510,刘润,2017-10-26 02:11:31,4,4,0,一般般吧，还好，就是困=_=，至今没掌握他上课的逻辑，不过直觉告诉我，其实还好。我只想知道这个老师能不能在考试前上完要考试的内容
60651,1510,刘润,2017-10-26 03:50:20,7,10,3,不为别的，就冲他对修门师傅的态度我就不会给到2分及以上，学生不认真听他就嫌弃修门师傅捣蛋，也不看看是不是自己的问题。真是不好意思，他没把人家赶出去之前我都不知道有人在修门。对了，楼下修草的声音响多了你怎么不去吼人家
63752,1510,刘润,2017-12-14 03:32:03,-2,1,3,我想去吸氧，真的令人窒息啊
64396,1510,刘润,2017-12-23 07:55:37,1,4,3,我超级感谢这个老师的！让我证明了我自学的能力！给老师好评，1分！！
64906,1510,刘润,2017-12-28 02:03:06,-3,2,5,人确实还好，但他并没有尽到老师的责任
65437,1510,刘润,2018-01-04 02:44:12,-5,0,5,讲的非常不清楚，好气啊
66004,1510,刘润,2018-01-11 02:05:21,1,1,0,修行靠个人
66025,1510,刘润,2018-01-11 03:52:51,3,4,1,还是很好的，很和蔼，不错的老师，至少不凶啊
66033,1510,刘润,2018-01-11 05:14:06,17,18,1,我觉得刘润老师超级可爱的呀\n\n讲话呆呆萌萌的\n\n问他问题的话都会很耐心的解答的\n\n平时成绩给分特别厚道\n\n挂科什么的 除非是经常翘课不写作业的\n\n否则应该是很难挂吧\n\n上课可能是有点不合大部分同学的胃口\n\n但是无机也不是不能自学的课程呀\n\n老师给ppt都很及时的 完全可以自学\n\n反正我还是蛮喜欢润润老师的呀\n\nwww
68541,1510,刘润,2018-01-23 10:30:30,14,14,0,很喜欢润哥\n\n开始的时候在查老师上看到润哥评分只有4+真的很绝望，想尽了一切办法都没有把他的课退掉。然后抱着大不了自学的态度上了课。但是！！！虽然润哥的课是真的有点无聊，可认真听总是有收获的，虽然听了课自己下来还是要再自学一遍才能完全掌握，可是依然很喜欢润哥讲课。并且这是一个超级有耐心的小胖胖老师，每次去问题都会笑眯眯地给你讲清楚。总之，这是在出成绩之前写的，表白润哥！
70540,1510,刘润,2018-01-27 01:06:58,5,5,0,棒棒哒，和蔼的老师，无机这种课，不能怨老师的，换谁讲都一样的
70542,1510,刘润,2018-01-27 01:16:21,4,4,0,我就不懂为啥老是评分那么低\n\n老师挺萌的  好好学还是有所收获  平时分都给很高
70724,1510,刘润,2018-01-27 12:36:29,2,2,0,润奶奶让我过了！！！无机没挂科的人先拜上三拜为敬！！！
70925,1510,刘润,2018-01-28 00:25:23,3,4,1,上课水平可能不尽人意，但是到最后才发现老师真的好，老师去海宁了，加油/点赞
70927,1510,刘润,2018-01-28 00:26:19,4,4,0,老师其实人真的很好。学生请教问题时很有耐心，也很认真地为学生解答。老师上课可能会无聊些，但认真听还是会很有收获的！
70937,1510,刘润,2018-01-28 00:36:39,5,5,0,老师上课不点名，但是有小测验，无机这门课还是得靠自己去琢磨，老师人挺好的！
70938,1510,刘润,2018-01-28 00:37:38,3,4,1,想要每个老师上课都有趣深入浅出都不可能的，无机这门课还是靠自己努力，润润人挺好的，有耐心，一直在改进自己，给10分
70951,1510,刘润,2018-01-28 00:45:51,2,2,0,老实人其实超级好的 平时分都给满
71075,1510,刘润,2018-01-28 02:26:20,4,4,0,虽然吧平时主要靠自学\n\n但毕竟给分还挺不错的 作为一个高中的文科生以为期末要挂了 结果还是有个平均分的\n\n老师很和蔼的\n\n
71711,1510,刘润,2018-01-29 01:34:50,3,3,0,老师的课确实不怎么样，但是老师人很好，脾气好，即使一半人没来上课也不生气。
74462,1510,刘润,2018-02-26 14:16:00,1,1,0,老师人真的很好!学习主要还是靠自己的
87413,1510,刘润,2018-09-28 12:25:01,3,3,0,满口胡言，啥都不会，误人子弟。
87625,1510,刘润,2018-10-08 12:47:20,1,1,0,什么鬼，怀疑自己都不知道在讲啥，水平真的。。。
89504,1510,刘润,2019-11-14 01:57:06,9,10,1,高等无机给分好啊，刘龙观。
104523,1510,刘润,2019-03-22 12:00:31,3,3,0,老师每次都来的很早，至少早20到30分钟来准备讲课。人挺温柔，但讲课腔调太平容易犯困
104614,1510,刘润,2019-03-25 07:07:57,0,0,0,全靠自学，老师根本起不到什么作用，上课念ppt，讲都讲不清楚，不过你自学能力要是好的话，我也就无话可说了
106691,1510,刘润,2019-04-29 03:07:42,1,1,0,辣鸡一个，什么都没学到，给分还巨低
119597,1510,刘润,2019-11-14 04:12:17,1,1,0,上课念经，无聊，没有见过更无聊的课
119905,1510,刘润,2019-11-16 23:58:45,1,1,0,讲得无聊，考得有点细，但是给分还行，脾气也挺好hhh
126352,1510,刘润,2020-09-23 11:31:27,-1,2,3,神智无知?
126353,1510,刘润,2020-09-23 11:36:36,0,2,2,一陀谢
127382,1510,刘润,2020-11-22 01:52:15,3,3,0,撇开给分不谈，高等无机这门课认真听一听还是能学到不少东西的。说真的，老师有时候可能稍微有些糊涂，单独问问题讲不太清楚，但是讲课过程还是会有干货的，至少课件很有用啊！就算老师讲课略显无聊，至少总得拿课件看一看，不听课、不看课件，光看教材容易云里雾里。另外，老师人真的很和善，知道学生不听课也不生气。有时候看老师在上面讲得那么起劲下面却没几个人听，确实挺愧疚的。第二次课至倒数第三次课几乎每节课都有小测，但是很简单，大多数都会当场公布答案，权当点名。\n\n（当然如果你是个精通无机和结构的竞赛大佬可以跳过我的评价）
127960,1510,刘润,2020-12-01 11:43:55,3,3,0,老师人真的很好呀
130179,1510,刘润,2021-01-18 12:27:03,3,3,0,老师人很好，很和蔼，有问必答。我加了老师的微信，问老师问题回复也很及时。没有评论说的那么差。
138501,1510,刘润,2021-07-09 14:31:20,3,3,0,其他课不清楚，普化PPT个人认为比其他老师情晰，给分也不错
138639,1510,刘润,2021-07-10 05:10:37,5,5,0,老师，我愿称您为最强捞王👑👑半年一点课没听，一个学期作业花一晚上补完了，最后竟然有七十多分👍👍👍👍👍
142059,1510,刘润,2021-11-05 02:53:20,2,2,0,老师人挺和蔼，平时压力也不大，感觉还不错的
143344,1510,刘润,2021-11-24 00:37:45,2,2,0,挺好的老师呀。人很和蔼，也不点名，给分不错。
144429,1510,刘润,2021-12-21 12:48:47,1,1,0,客观来讲，老师的授课水平确实不怎么高，比较生硬，尤其是对于化学基础比较差的同学来说，比如我，上课就根本听不懂，但是老师人很好，很有耐心，比较适合有一定基础或者会提前预习的小伙伴。
148040,1510,刘润,2022-01-11 11:34:14,5,5,0,平时分满 从不点名 课后靠自己吧
152668,1510,刘润,2022-04-18 02:38:30,-1,0,1,讲课太无聊了，根本没法听，把ppt念完当成上课目标的感觉
153275,1510,刘润,2022-04-27 10:44:18,2,2,0,老师上课虽然真的只是念PPT但是给的小测题蛮有意义的，认真去问他问题也是很靠谱儿的！平时分差不多给满的，刘老师真的蛮适合喜欢自学的同学的！不过要是不适合自学的同学还是谨慎一些吧毕竟期末考还得靠自己～
153385,1510,刘润,2022-04-29 01:51:09,1,2,1,老师很温柔
153496,1510,刘润,2022-05-02 03:37:54,1,2,1,老师授课能力有限，有时候题目讲不清楚，适合有化学基础的uu吧，作业经常不能得满分，最后期末考试也考得云里雾里的，但还是给了很不错的分数，可能是平时自己下苦功夫比较多，对了要记得买那本和教材配套的辅导书，这样听起来不会太吃力。
163915,1510,刘润,2022-12-16 14:11:34,2,2,0,希望22春夏的uu分享下刘润老师的小测和作业哇。
171008,1510,刘润,2023-03-22 15:06:57,2,2,0,现在开始，作业巨多而且还有随堂小测
172862,1510,刘润,2023-05-09 00:08:34,1,1,0,一分都不多给 好吧
172894,1510,刘润,2023-05-09 11:08:50,0,1,1,上课念ppt，讲课思路很不清晰，有些知识点没讲到，作业多给分很很很差
172910,1510,刘润,2023-05-10 01:27:38,0,0,0,上课凑合着听，想考好的话作业题弄明白，期末按上课ppt复习就可以了
172937,1510,刘润,2023-05-10 06:30:09,0,1,1,如果是润老师的课 那就先润了吧
188388,1510,刘润,2024-01-19 01:38:08,1,1,0,普化实验甲，老师上课还是很和蔼平易近人的，给分也好
190173,1510,刘润,2024-02-24 07:57:20,1,1,0,上了刘老师的普化实验，老师上课的要求不高，只要实验报告交齐和步骤规范，拿高分的难度不大。老师本人很随和，他的实验课还是很好的！
191792,1510,刘润,2024-04-30 07:56:42,6,6,0,虽然主要靠自学但是给分超好！
191793,1510,刘润,2024-04-30 08:14:15,2,2,0,无脑十分，讲课虽然比较无聊但很和蔼，逆天好老师，十分送走好老师
191795,1510,刘润,2024-04-30 08:22:07,6,8,2,全寝满绩，不用多说了吧
191811,1510,刘润,2024-04-30 12:40:27,3,3,0,给分很好诶，也很关心同学的一位老师
191818,1510,刘润,2024-04-30 16:48:25,2,2,0,刘老师大半课都点名，但是人超级好，给分也好，虽然上课全靠自学，但是绝对给你的自学做足了保障的，10分不多说
191831,1510,刘润,2024-05-01 05:49:46,1,1,0,伟大，无须多言！十分欢送
191984,1510,刘润,2024-05-07 00:52:21,2,2,0,非常非常非常好，普化乙给分极其极其极其好，我的神！普化乙收获大学第一个满绩
192453,1510,刘润,2024-05-20 11:02:21,1,1,0,非常好的老师
192772,1510,刘润,2024-05-30 06:47:56,0,1,1,满绩啦 谢谢老师
193121,1510,刘润,2024-06-03 16:54:08,0,1,1,谢谢老师，满绩了
199884,1510,刘润,2024-10-06 14:27:03,3,3,0,三个室友在上配位化学，无一不反映：讲课是垃圾的，作业是爆多的，DDL是奇葩的，小测或课堂作业是每节都有的
200183,1510,刘润,2024-10-14 15:28:38,2,2,0,朋友圈里：\n\n咱就是说配位化学你能不能考虑一下适配程度的问题\n\n​你讲的东西和书上挨不到边就算了怎么作业还和两者都挨不到边呢\n\n​写不下去完全写不下去哈哈哈哈哈（安详倒下）
202624,1510,刘润,2024-11-13 12:11:10,2,2,0,给分还行，讲课一言难尽
210460,1510,刘润,2025-01-09 07:59:10,-1,0,1,老师人还挺好的，你哪步做错了找他，他甚至会帮你搞定，然后也不会死磕你的操作标不标准。但是做实验前就是念PPT，有点枯燥，主要还是要自己预习好。4.8飘过。
215592,1510,刘润,2025-03-02 06:50:53,0,0,0,我作业忘记交了他直接延长了5天！！！\n\n\n\n先不论别的打个10分
217102,1510,刘润,2025-04-02 01:53:12,2,2,0,从他讲课水平来看，我给他评分3.0；从他的小测和给分来看，我给他评分13.0
218608,1510,刘润,2025-04-26 13:23:56,0,0,0,唉唉唉，上课只知道念ppt
218662,1510,刘润,2025-04-28 11:41:38,0,1,1,很可爱的一个老师，虽然上课属于读PPT的类型，但是小测都很水，查手机也没关系，虽然最后被卡绩了，但是还是很喜欢lr老师
219926,1510,刘润,2025-06-11 08:47:41,0,1,1,上课很水，小测更水，给分无敌，把普化上成水课了，简直是神
221259,1510,刘润,2025-06-22 09:51:27,1,1,0,没办法，平时分太高了，只能给你评10分\n\n但是PPTreader，不如智云
225,1513,吕萍,2015-03-14 17:06:08,31,38,7,老师特别大神！条理很清晰！就是上课说话实在太快了 经常跟不上
421,1513,吕萍,2015-03-15 02:10:08,11,14,3,老师逻辑思维特别清晰，对有机本质的理解也十分到位。上课语速偏快，需要高度集中注意力。
3154,1513,吕萍,2016-09-14 01:50:57,22,26,4,实在觉得应该给吕萍老师一百万奖金 真是好老师啊
4744,1513,吕萍,2015-06-27 06:43:26,0,4,4,赞，就是作业多了点...
5261,1513,吕萍,2015-07-06 06:31:35,0,0,0,一个字爽
6799,1513,吕萍,2015-07-23 03:55:09,19,19,0,神一般的老师，让我的有机化学从零开始飞跃，不强调记忆而注重思考，很好的方法。
7348,1513,吕萍,2015-09-14 02:30:36,154,165,11,我的体育课是化学老师教的
9684,1513,吕萍,2015-11-04 11:03:25,46,48,2,“你问我为什么写机理这么自信？我只是比你们多写了30年罢了。绝对好老师！
16441,1513,吕萍,2016-01-18 05:51:05,3,9,6,普体很轻松，会做游戏，给分也好
22565,1513,吕萍,2016-03-08 03:29:41,22,23,1,吕奶奶讲的好啊……然而基础有机没学好，吕奶奶你在讲什么我听不懂啊π_π
24413,1513,吕萍,2016-04-30 13:29:07,5,5,0,有水平，有想法的老师，只是上课时会觉得自己很菜
26217,1513,吕萍,2016-06-16 09:38:18,79,86,7,鉴于吕老师的特殊情况，请大家评论时注明上的是体育还是化学，谢谢配合！！
32982,1513,吕萍,2016-09-08 15:09:11,17,20,3,恕我直言把两个老师混在一起mdzz
33996,1513,吕萍,2016-09-25 06:03:42,22,26,4,课上会组织做游戏，偶尔写两个反应试。体育技巧和有机知识并重，难得的好老师。
34823,1513,吕萍,2016-10-24 06:28:23,0,0,0,上课上到开心给老师来打个十分
35044,1513,吕萍,2016-10-31 10:09:23,3,3,0,挺好的。不错
35763,1513,吕萍,2016-11-10 08:04:57,0,0,0,讲得好
36368,1513,吕萍,2018-06-14 15:03:25,18,19,1,毕竟是浙江第一位有机博士，上课上得好，只是我学不会
36486,1513,吕萍,2016-11-14 07:45:41,1,2,1,老师真的很可爱 每节一杯麦斯微哈哈哈 给分真的很良心 讲课也炒鸡好 只是我比较渣 但还是给过了 感恩⊙﹏⊙
36512,1513,吕萍,2016-11-14 11:22:23,0,1,1,上吕老师的课好爽
37243,1513,吕萍,2016-11-18 04:05:04,1,1,0,老师简直业界良心
37689,1513,吕萍,2016-11-20 07:14:55,6,7,1,好啊，非常好啊。\n\n我是大一选的，因为我是其他专业的渣但是想学化学还听说是竺院的课。\n\n谁知道是大二的2333结果开课那天一群学长围坐。\n\n课真的挺不错的吧，不过求是班的课自然难，主要是要有高中竞赛基础。\n\n老师喜欢和Mysweet啊，上课上到一半让助教去买hhh.\n\n经常讲一些浙大有机研究的历史啊，听得入迷，也能让我们的目光捕捉到科学前沿。\n\n英文单词考得挺多的，一定加油学好英语。\n\n就这样啦，满分。
37785,1513,吕萍,2016-11-21 04:41:41,0,0,0,超级棒的老师
39503,1513,吕萍,2017-05-02 06:33:56,-6,5,11,有机讲得很好，没得说。吕老师经常吐槽期末卷子应该怎么出才能保证及格率，经常讲各种段子，非常幽默。中级有机的期末考机理题十选五，上课都讲过，平时分给的也超好，然后出乎意料地得了99分。
40197,1513,吕萍,2018-07-25 06:39:26,1,2,1,法力高强，亦可赛艇！
40356,1513,吕萍,2017-01-03 04:40:49,12,14,2,教普体的和教有机的真不是一个老师。。有机上的好没的说！
45263,1513,吕萍,2017-01-19 08:28:43,5,6,1,忘不了萍姐银铃般的笑声hhhh
49219,1513,吕萍,2017-03-30 01:18:43,2,2,0,有机很难，但是吕奶奶让我爱上有机，她是真的把有机当自己孩子在讲，感觉即使毕业之后再来听吕奶奶的课还是能找回最初对有机的喜爱
49731,1513,吕萍,2017-04-25 03:13:22,4,4,0,表白吕大佬～任性得可爱，牛B地令人发指。
49735,1513,吕萍,2017-04-25 04:14:54,3,4,1,吕奶奶简直有机女神啊
49747,1513,吕萍,2017-04-25 10:05:16,1,1,0,吕奶奶超级棒！真的是有机大神啊，给分比我预估的好多了！
50828,1513,吕萍,2017-05-06 03:58:28,0,0,0,女神！！！！
51848,1513,吕萍,2017-06-12 09:53:51,1,1,0,跟不上
61525,1513,吕萍,2017-11-18 08:51:45,13,13,0,吕奶奶的机理写的是行云流水啊，看她写机理是享受，能从电子轨道构型给你解释为什么机理是这么写的，真的是有一种完全不靠记太多东西就直接从原理层次出发写出机理的感觉，果然是大佬。而且奶奶喜欢飙英语，上课讲的速度飞起，如果一不小心跟丢了就完全不知道在说什么了，周三下午中有前面有物化，物化全程打瞌睡(物化老师我对不起你)然后去听中有一点没瞌睡，thinking keeps you away from napping.这门课分还没出，但是不管我考的咋样我都要给十分。
62418,1513,吕萍,2017-11-25 04:40:56,2,2,0,绩点低毕竟是自己不努力，老师不挂已经超感恩了。\n\n讲课棒人又贼可爱，而且深入浅出易于理解，爱她一万年
69262,1513,吕萍,2018-01-24 11:36:09,8,8,0,我的化学是体育老师教的，千真万确，不信你看顶部的介绍(^з^)-☆
69271,1513,吕萍,2018-01-24 11:46:59,1,1,0,吕老师超可爱，给分也不错
77267,1513,吕萍,2018-05-04 08:32:16,3,3,0,把有机化学讲成了一门艺术，浙大老师中的楷模。
78463,1513,吕萍,2018-05-12 05:25:41,2,2,0,吕奶奶炒鸡可爱 麦斯威的超级粉丝
81429,1513,吕萍,2018-07-05 05:18:47,0,3,3,体育。这人人格有缺陷。
82160,1513,吕萍,2018-07-07 09:37:56,2,3,1,选了老师两年普体，都是满绩，表白老师^^
86045,1513,吕萍,2018-08-29 14:16:01,2,2,0,在有机的海洋畅游
89140,1513,吕萍,2018-11-16 04:49:19,8,8,0,吕萍老师真的超级棒，条理清楚教的超棒，而且认真负责考前一直都在线上答疑，还会人性化地调整考试难度。也给王其峻助教疯狂打call，超级负责又超级可爱的助教！
89475,1513,吕萍,2018-11-19 08:58:06,2,2,0,浓浓师生情 给分超好啊\n\n老师很可爱 上课讲的也好
89579,1513,吕萍,2018-11-20 00:22:25,0,0,0,老师超级棒，给分超级好的
89941,1513,吕萍,2018-11-21 10:42:36,1,1,0,造化钟神秀\n\n选上是一种幸运
90025,1513,吕萍,2018-11-21 16:57:00,1,2,1,老师太棒啦！不点名！想去就去 想不去就不去 真是太好了
93340,1513,吕萍,2019-01-09 05:18:16,2,2,0,吕老师是一个特别负责特别可爱的老师！中级有机化学讲得很棒，真可惜我自己太差了所有绩点不好看，但是老师真的很好，平时分会努力往上调的！基本上不点名（毕竟人太多了），和王彦广老师是一对有点萌的好老师～如果时光可以倒流，希望能再来一次，改写我的有机绩点。
93818,1513,吕萍,2019-01-14 02:13:24,-11,1,12,那个春学期中有，高分子专业的，那个你是可以吃基础有机老本的，能吃个85分吧，再看看能更高
96000,1513,吕萍,2019-01-20 10:54:34,1,1,0,大赞老师，课讲的好，学术水平也高。
103845,1513,吕萍,2019-03-06 08:24:50,3,3,0,跟不上啊..吕老师..
104582,1513,吕萍,2019-03-24 08:14:15,1,1,0,讲的真的好
105887,1513,吕萍,2019-04-23 01:35:52,-19,2,21,听老师的课是享受。\n\n某位助教小哥哥，没时间就不要当助教好不好，总是非常莫名其妙
105897,1513,吕萍,2019-04-23 01:39:32,17,17,0,机理太美
105905,1513,吕萍,2019-04-23 02:20:14,2,3,1,老师讲得超棒！表白助教！认真负责！
105925,1513,吕萍,2019-04-23 07:56:10,8,9,1,疯狂表白吕奶奶和王其峻xgg！老师上课水平极高，写机理行云流水！助教xgg极其认真负责！爱上了！
105927,1513,吕萍,2019-04-23 08:16:22,1,1,0,老师真女神啊
105929,1513,吕萍,2019-04-23 08:27:27,2,2,0,行云流水
105930,1513,吕萍,2019-04-23 08:32:33,7,8,1,吹爆吕奶奶行云流水的机理和助教xgg的耐心答疑，上午考完试下午出分，这效率?
105956,1513,吕萍,2019-04-23 13:40:52,1,1,0,行云流水
106314,1513,吕萍,2019-04-26 09:54:13,1,1,0,耐心答疑，认真负责，吹爆助教xgg
106439,1513,吕萍,2019-04-27 11:25:10,2,2,0,吕老师真的是个超级可爱的老师，老师，我爱你
115271,1513,吕萍,2019-07-17 09:07:21,0,0,0,讲课不错
115304,1513,吕萍,2019-07-18 07:42:57,0,0,0,吕老师讲课很好啊
115385,1513,吕萍,2019-07-20 12:39:37,1,1,0,超级好评
115642,1513,吕萍,2019-08-14 05:52:03,1,1,0,很好的课
118997,1513,吕萍,2019-11-09 05:15:42,1,1,0,老奶奶讲得非常好啊
119033,1513,吕萍,2019-11-09 23:22:35,1,1,0,吕奶奶非常可爱思路特别清晰~
119337,1513,吕萍,2019-11-12 06:25:49,4,4,0,机理太美⊙▽⊙，语速贼快，萍姐姐贼可爱，mysweet贼好喝
121615,1513,吕萍,2019-12-12 08:01:41,1,1,0,吕老师上课超可爱超可爱超可爱
125043,1513,吕萍,2020-08-18 12:01:37,3,3,0,有机。吹爆吕奶奶，业界良心qvq
135097,1513,吕萍,2021-04-30 08:22:12,1,1,0,我能过不是我努力了，是吕老师努力了
140990,1513,吕萍,2021-09-19 13:05:57,1,1,0,吕奶奶大佬
172883,1513,吕萍,2023-05-09 05:12:22,2,2,0,21级，上午考完试下午出分+1，吕奶奶牛
190870,1513,吕萍,2024-03-23 01:53:22,0,0,0,一个字：强
191166,1513,吕萍,2024-04-10 08:11:45,2,2,0,老师很有实力，虽然中有全班天天被她嘲讽，但收货很大。还没考试，先记一下。
191435,1513,吕萍,2024-04-22 09:28:35,0,0,0,👍👍👍
191556,1513,吕萍,2024-04-24 23:07:23,6,6,0,可惜吕老师今年结束带课了，不然还想继续选她的课。只能说不愧是浙江省第一位有机博士，其水平之高在上课时能真真切切的感受到，老师特别可爱（就是讲的太好太专业了导致很多时候跟不上）。最让我感动的是期末考试的前一天课上，吕老师过来问我有没有把握，我说只能尽力而为了，实在过不了就只能重新再来，毕竟中有的难度摆在那里的，吕老师听闻后露出了担忧的面色，随后便开始给我讲应该如何去复习，最后也是擦边过了，只能说感谢老师和助教。
191560,1513,吕萍,2024-04-25 03:09:47,4,4,0,神中神
144,1535,边平凤,2015-03-14 16:08:48,25,48,23,不满绩是你的错
2134,1535,边平凤,2015-04-02 08:37:33,2,8,6,不错的老师
2201,1535,边平凤,2015-04-08 03:46:15,8,18,10,老师很好和同学很新近
3181,1535,边平凤,2015-05-19 08:37:25,1,5,4,很轻松
4533,1535,边平凤,2015-06-24 07:43:10,-1,2,3,教的好\n\n
4936,1535,边平凤,2015-07-01 07:19:26,54,78,24,人好，教的好，给分好，强烈推荐。借楼上一句话:不满绩是你的错。
5460,1535,边平凤,2015-07-07 16:18:06,3,9,6,人很好，课也很好，还在群里热心解答
6360,1535,边平凤,2015-07-13 08:09:34,6,14,8,人超好！只要你每节课都去一定可以抓住课本重点的，虽然差一分满鸡但一点都不遗憾，因为没有特别多的刷题只是跟着老师一点点学的所以感觉很好！真的很好的老师！强推！
9044,1535,边平凤,2015-10-11 08:21:38,5,9,4,老师讲得很好，但你一定要注意，老师讲得也很快，所以一定要预习后听！强烈建议要好好预习，预习多一点！
11502,1535,边平凤,2015-12-03 02:24:57,5,8,3,很有意思，上课很有条理清晰，给个赞！很喜欢！
12419,1535,边平凤,2015-12-23 08:35:50,3,5,2,很赞的老师，挺好笑的，只要你上课听的，一般都能懂
13559,1535,边平凤,2015-12-29 07:38:30,3,5,2,老师讲课很细致，也很亲近，而且心态特别年轻。
14459,1535,边平凤,2016-01-07 07:08:32,-2,1,3,很好的老师！
16070,1535,边平凤,2016-01-17 06:33:02,-1,1,2,很棒的，喜欢边边≥﹏≤
19023,1535,边平凤,2016-01-23 05:11:50,-1,0,1,老师很和蔼
20372,1535,边平凤,2016-01-27 07:45:29,2,5,3,不满级你的错
20382,1535,边平凤,2016-01-27 09:11:55,-1,0,1,很好的老师  不满绩是你的错
20467,1535,边平凤,2016-01-27 16:42:48,3,5,2,老师人不错，讲课也认真。然而我期末考炸了导致分数不好看。大化G给分不错的！
20605,1535,边平凤,2016-01-29 02:32:49,1,2,1,老师真的很负责，每天QQ答疑，而且很可爱很和蔼，只要认真学，做作业，很容易就满了
21045,1535,边平凤,2016-02-13 09:29:28,2,4,2,…………
24838,1535,边平凤,2016-05-04 03:08:16,2,17,15,说真的对于一个期末补天党，三天两头的小测和动不动上课叫人回答问题觉得有点烦。讲得很好完全不否认，就是你必须听她的，没法自己看书。然而这课占座又十分可怕，后排完全无力…
25819,1535,边平凤,2016-06-09 11:01:04,0,5,5,想睡觉
26235,1535,边平凤,2016-06-16 10:32:11,3,6,3,好老师 好老师
27300,1535,边平凤,2016-06-24 14:34:46,1,2,1,讲课很认真，对学生也很负责，平易近人
28684,1535,边平凤,2016-06-28 12:19:43,0,1,1,关心学生，上课叫同学上去写题这个私以为有点浪费时间。
29916,1535,边平凤,2016-06-30 13:42:41,2,4,2,人很好，给分高，拿到一个出乎意料的分数，很开心~
29920,1535,边平凤,2016-06-30 13:47:27,0,1,1,老师成绩负责 讲课很细致 有一种回到高中的感觉 重点是 人很可爱！！！
30448,1535,边平凤,2016-12-26 08:50:55,9,19,10,老师超级可爱，两个麻花辫哈哈哈哈，教的也好
31243,1535,边平凤,2016-07-03 12:38:36,0,1,1,非常可爱又非常负责认真的老师
31725,1535,边平凤,2016-07-04 15:33:46,0,0,0,超好啦 差一分满绩我的错\n\n
33895,1535,边平凤,2016-09-22 11:09:29,0,0,0,好老师一生推！
39487,1535,边平凤,2016-12-23 05:51:29,0,0,0,老师特别好，特别耐心地解答问题，很平易近人
44987,1535,边平凤,2017-01-18 17:39:24,0,1,1,老师真的真的很负责任 期末没考好对不起老师…小测是挺烦de
45020,1535,边平凤,2017-01-19 00:04:40,0,0,0,老师很好，很有趣，最后给分让我惊喜，太谢谢老师了
45031,1535,边平凤,2017-01-19 00:34:19,2,3,1,真的。没有满绩是我们的错。平时题目刷得不够。能取得这样的成绩全仰仗老师\n\n
45049,1535,边平凤,2017-01-19 01:47:23,9,13,4,边老师人超好，记得考试的时候坐我前面的同学咳嗽很厉害，边老师给他药，并叮嘱他要注意身体。上课讲的蛮好，只要认真听了，会有很大的帮助的。啊，顺便说一句，边老师还是摄影爱好者呢，貌似是我们学校摄影协会的会员~
45061,1535,边平凤,2017-01-19 02:03:22,8,13,5,边老师人很好，也很可爱，上课也讲的很清楚（就是有时候语速快了像打仗2333），不过给分只能说还行，没有楼上说满不了是你的错那么夸张，anyway，努力一定有收获，满不满又有什么影响呢
45100,1535,边平凤,2017-01-19 03:33:10,1,1,0,棒极了，很负责，给分好！
45159,1535,边平凤,2017-01-19 05:17:42,1,2,1,不满确实我的错\n\n
60551,1535,边平凤,2017-10-24 03:01:34,2,6,4,我觉得老师对不起这个分数啊…
65807,1535,边平凤,2018-01-09 08:38:03,1,1,0,讲的很快
68610,1535,边平凤,2018-01-23 13:00:31,-2,1,3,老师人很好～    求期末考试60以上
72673,1535,边平凤,2018-11-19 06:53:04,0,1,1,老师人很好，借前面的话，不满是我的错(˵¯͒⌢͗¯͒˵)
72698,1535,边平凤,2018-01-31 02:13:54,0,2,2,老师其实是个很好的人，但是上课比较无聊，而且有的时候回答问题要想很久。人不错。
73434,1535,边平凤,2018-02-01 14:36:18,1,2,1,必须给十分，好老師，沒学好很对不起老師，老師很不錯，她很鼓励大家去问她問题，超萌的老師
74001,1535,边平凤,2018-02-04 04:47:50,3,4,1,边边是个不错的老师，很有耐心，也很鼓励大家在群里交流。喜欢这种学习的氛围，爱上了无机。
74827,1535,边平凤,2018-03-06 05:00:54,2,4,2,平时分给的不是特别高\n\n但是考试成绩给分公平\n\n讲的好有点快\n\n认真负责耐心\n\n好老师
78401,1535,边平凤,2018-05-11 09:50:25,1,4,3,一个挺好的高中老师，我只能这么说\n\n如果你很习惯高中的教学方式可以好好学，如果你更喜欢大学，别选
79801,1535,边平凤,2018-06-14 01:11:37,0,2,2,语速快，有时候听不清，课挺好，但我听起来很难受，
83138,1535,边平凤,2018-07-09 22:55:55,-12,2,14,老师讲的还是挺好的，而且要求还是比较严格，想翘课或不交作业的同学平时分就别想拿满了。不过无分最终还是看考试，不知道会不会调分，反正我没调，期末就差一分就满了然而并没有被安排一下?
83825,1535,边平凤,2018-07-11 09:07:34,-4,7,11,垃圾绩杀 慎选
88539,1535,边平凤,2018-11-01 04:04:26,3,4,1,慎选啊
88685,1535,边平凤,2018-11-12 09:42:02,0,1,1,真的是一个好老师啊！
89001,1535,边平凤,2018-11-13 14:43:21,0,0,0,老师很可爱呀\n\n
89308,1535,边平凤,2018-11-18 09:09:40,0,0,0,老师很可爱，讲课讲的也很细很认真。经常会在群里给同学们答疑，很好的老师～
89437,1535,边平凤,2018-11-19 06:52:32,0,0,0,爽快啊
89802,1535,边平凤,2018-11-21 01:28:32,1,1,0,教的很好
89858,1535,边平凤,2018-11-21 04:56:39,0,0,0,好老师！不满绩是我的错
89940,1535,边平凤,2018-11-21 10:42:31,0,2,2,反正我满绩了，给分超好的，讲得很清晰，答疑很负责认真，经常答疑到下午一点
90459,1535,边平凤,2018-11-23 14:29:42,1,1,0,讲得很细，很负责
90480,1535,边平凤,2018-11-23 15:35:20,-14,1,15,边边人很好呀～借前面人的话不满是你的错，反正我满了～
90564,1535,边平凤,2018-11-24 05:54:35,1,3,2,老师炒鸡负责，，，虽然在下不才\n\n
101347,1535,边平凤,2019-01-28 05:07:33,1,7,6,出分慢给分差
101405,1535,边平凤,2019-01-28 06:57:51,2,3,1,为边边吹爆小橘灯!!!这给分也太好了，人还这么温柔，还会在群里答疑互动
101456,1535,边平凤,2019-01-28 08:39:14,0,3,3,不喜欢 对学生有偏见
101462,1535,边平凤,2019-01-28 09:00:52,1,2,1,感觉给分方式真的不好，老师人是好的，但是给分方式真的不好，你选了就明白了。不是指分析化学。
103379,1535,边平凤,2019-02-27 23:38:18,0,1,1,笑起来好像我的一个同学
106415,1535,边平凤,2019-04-30 11:34:33,7,8,1,出分慢到想骂人，就不能学学分化？？
106460,1535,边平凤,2019-04-27 14:42:01,7,12,5,出分是真的慢\n\n
107253,1535,边平凤,2019-06-25 09:21:02,11,17,6,普化3.9，普化实验4.2，我自己没把太多心思花在上面啰。但是匿名表白实验助教李慧鑫小姐姐！人美心善给分超好！！！
107258,1535,边平凤,2019-05-02 19:46:22,3,4,1,卡绩了难受
107259,1535,边平凤,2019-05-02 20:42:12,1,2,1,虽然处分很慢，但是老师真的是一个好老师，很注重和学生交流，喜欢她的课堂，希望以后上她课的同学也会有好的体验，不要急，成绩会有惊喜。
107271,1535,边平凤,2019-05-03 01:18:33,5,7,2,给分很好，老师很和蔼，总提醒大家交作业，不要因为缺作业导致成绩不好，要上无机及分析化学的同学一定要选她，连我是个留学生也能及格，真的太感谢她了。
107277,1535,边平凤,2019-05-03 02:30:45,0,1,1,边边是个很可爱的老师～上课很耐心讲得很细致，平时会提醒没有交作业的同学。虽然出分慢了点但是给分还是不错滴～是个可爱认真负责的好老师！
107284,1535,边平凤,2019-05-03 03:54:06,2,4,2,助教功课分不认真记录，作业前一天不发，考试前一天还要我们到教学楼去领，而且作业分每次不认真记录，搞得很多人的作业分记录不完整，而且去那边也没有意义，浪费我的复习时间而已。老师也没有很好，总是让我们自己预习，听她上课不如自己读课本，没差别，而且自己教不完还要拖堂。
107290,1535,边平凤,2019-05-03 05:00:03,17,18,1,七八两章高中选修没学过结构的话上课体会到了学渣的感受
107314,1535,边平凤,2019-05-03 12:26:57,-2,1,3,老师的人炒鸡好，又认真又负责，可惜因为从前的习气没有好好听没能满绩，现在真的很后悔(⋟﹏⋞)
107562,1535,边平凤,2019-05-06 15:01:58,0,1,1,老师有水平是真的，和蔼也是真的。\n\n但是个人感觉她上课废话有点多，听了觉得浪费时间，不听又不知不觉过去了。还有，她和我高中语文老师一样，有临近考试心急症，最后几次课作业显著增加，还多上了两节课。\n\n补充一下，出分慢也是事实。\n\n总体8分吧
110143,1535,边平凤,2019-06-24 01:04:25,2,2,0,刚刚出完普化实验（乙）的成绩，出来答一波。老师和助教小姐姐都炒鸡好，很和蔼，做实验之前讲解也很细致。最后来看的话只要实验报告都交全了，大家相差不会很多。主要还是看理论考试。理论考试准备的时候一定把所有做过的实验的原理、操作步骤、仪器、数据处理方法和思考题仔仔细细过一遍。然后对于一些重点的数据处理，比如碘时钟，自己再算一下。最后如果有时间的话可以总结一下各种实验方法。感觉并不需要去回顾很多普化的内容，只要把实验里的东西搞透，上4还是不难的。
110160,1535,边平凤,2019-06-24 03:45:52,-1,2,3,普化期末考试没考好，打不出的比会的多。最后成绩一般，但比预期好，给分很善良。下次一定会努力学化学的！
110204,1535,边平凤,2019-06-24 12:16:47,6,7,1,助教小姐姐怎么这么漂亮啊，是心动的感觉，认准李鑫慧小姐姐，人美心善有才华
111401,1535,边平凤,2019-07-01 06:35:24,4,6,2,碗碗星小姐姐长得好看不说，还才华洋溢温柔可爱，完全就是女神嘛！重点是炒鸡认真、字又好看、给分又好，只能是仙女下凡了^_^边边老师的两角辫也很可爱，实验课是我整个学期最喜欢的课！
116791,1535,边平凤,2019-09-16 02:01:52,-2,0,2,好 特别可爱的老师
120082,1535,边平凤,2019-11-17 10:51:27,1,2,1,上课挺好的 也负责 但是出成绩龟龟龟速 奇慢无比
120913,1535,边平凤,2020-01-18 17:27:06,6,10,4,实验中有什么现象不对劲问她她都答不上来，讲的不好还很自私，最后考试的时候肚子疼想去洗手间愣是不让我去，后来实在忍不了最后三道题没看就交卷了
122286,1535,边平凤,2020-02-22 08:10:40,2,2,0,普化实验，还可以，但是上课有一些根本没必要的严谨，很无聊
122514,1535,边平凤,2020-04-16 16:42:56,1,2,1,课堂笔记互评看得尴尬癌都犯了 批改我的同学人都非常nice谢谢你们\^O^/
125468,1535,边平凤,2020-09-09 23:02:03,8,11,3,慎选啊
125800,1535,边平凤,2020-09-14 10:46:16,8,17,9,给1分是因为真的没有0这个选项，普化乙不怕死就选她好了。上课体验差到极致，要求每节课交笔记，结果上课一堆废话还不让记课件有的内容，还搞什么匿名笔记互评，一堆人莫名其妙给你扣分，简直是助长鹅颈势力小能手。一切学不好的学生都是因为自己没努力，跟她讲的差真是没有半毛钱关系呢。总而言之一句话，因为她开始厌恶化学。真不懂这种老师怎么会有这样的评分。
126759,1535,边平凤,2020-10-19 03:20:27,3,4,1,。。老师没毛病，这学期的助教我吐了
126829,1535,边平凤,2020-10-22 09:12:32,-5,2,7,老师好可爱，讲的又慢又好
127245,1535,边平凤,2020-11-17 03:22:33,-25,0,25,考前学了两天就能90+
128453,1535,边平凤,2020-12-23 09:21:42,1,1,0,很好的老师，注意预习，预习，预习（说三遍）
129236,1535,边平凤,2021-01-02 05:08:09,-8,1,9,老师上课超级棒，认真负责又很亲切，努力学的话满绩不是问题，两个麻花辫真是太可爱啦
134479,1535,边平凤,2021-03-30 01:50:57,11,12,1,助教恶心人
134985,1535,边平凤,2021-04-26 01:28:05,-1,1,2,呵呵呵
134992,1535,边平凤,2021-04-26 06:11:21,21,25,4,房助教极不负责，作业分是乱登记的吧？有同感的赞我
135475,1535,边平凤,2021-05-11 05:35:19,2,6,4,不捞人 作业都交了 考前还说类似逼人去答疑 说不答疑就不捞人 线上问了问题还是没捞 助教非常不负责任 态度真的很恶劣
135476,1535,边平凤,2021-05-11 07:02:07,3,3,0,普化乙，实际上要花很多功夫的课，作业量挺大，上课随机小测、点名，高中学过结构的同学可能好很多
135536,1535,边平凤,2021-05-13 01:28:57,-3,1,4,考前逼答疑就离谱
142802,1535,边平凤,2021-11-16 08:38:39,5,9,4,上课说得好听，记笔记可认真了，实际上考的差她也不会捞，只会调平时成绩，绩点出来就无语至极
152031,1535,边平凤,2022-03-23 13:29:10,2,3,1,b事多
152680,1535,边平凤,2022-04-18 08:21:07,3,3,0,讲课有点快啊……
152681,1535,边平凤,2022-04-18 08:21:10,3,3,0,讲课有点快啊……
153507,1535,边平凤,2022-05-03 01:03:18,0,1,1,爱了爱了
160573,1535,边平凤,2022-09-27 08:26:57,6,6,0,讲课太快了
160809,1535,边平凤,2022-10-13 07:30:24,6,6,0,不是，为什么分这么高啊。
160871,1535,边平凤,2022-10-29 13:15:44,0,1,1,马勒戈壁
161024,1535,边平凤,2022-10-24 06:48:15,0,1,1,老师人很可爱也很伤心，会经常巡视纠错！之前看到我在用goodnotes 记录数据纠正了我的行为习惯，但是向我询问应用的软件和使用方法！除此之外表白助教小姐姐，超级耐心超级上心超级温柔！
161165,1535,边平凤,2022-10-30 11:59:40,2,3,1,讲课无聊，只会念PPT
161168,1535,边平凤,2022-10-30 13:41:06,1,2,1,避雷，别的不说
161200,1535,边平凤,2022-10-31 14:39:42,2,3,1,什么傻逼助教，闭着眼评分，老师讲课太快，基本靠自学
161232,1535,边平凤,2022-11-01 10:43:08,1,1,0,普化甲作业多，实验报告要抄思考题，有一课二十多道题，也要全抄，离谱
161486,1535,边平凤,2022-11-07 13:44:07,0,1,1,不愿意搞平时分恶意竞争的慎选
161883,1535,边平凤,2022-11-15 00:00:32,1,2,1,老师人很好，分也比想象中的高
161902,1535,边平凤,2022-11-15 06:13:22,-3,0,3,老师还算中规中矩，大部分人应该能接受，也肯定有人喷。普化乙内容比较多，上课倒不是很快，但有些地方会讲的比较少。下课问问题老师会比较认真地回答，平时可以私戳，但本人没问过无法评价。本学期作业占了评分的百分之二十，不知道其他时候怎么样，但平时分占比还是比较多。本人上课有时候会打瞌睡，但正常学下来还是要自学多看书。比较依赖老师建议不要选，能自学选什么老师都无所谓了。
161905,1535,边平凤,2022-11-15 02:15:09,0,0,0,给分很好，不过三位助教有一位好像给分偏低
161907,1535,边平凤,2022-11-15 02:20:46,0,0,0,😅😅😅
161993,1535,边平凤,2022-11-16 00:53:55,-1,1,2,上课讲的有点太快了……讲到有些知识点的时候，直接一句“同学们中学的时候学过”就带过了，但不是每个同学高中都有选化学的啊。最后只能靠看着ppt自学……\n\n总而言之，建议别选。
162026,1535,边平凤,2022-11-16 06:10:19,1,2,1,人很好，给分超棒，磕头磕头
162273,1535,边平凤,2022-11-19 01:30:20,0,1,1,老师很可爱，对同学们也比较负责。上课速度确实有点快，提前预习肯定是要的。作业认真完成+开卷小测尽量少错+期末考前好好复习，拿高绩点不难的。（就是最后出分真的好慢啊啊啊）
163484,1535,边平凤,2022-12-14 12:34:02,1,1,0,老师上课讲得特别认真，但是对高中不选化学的同学不太友好，上课速度太快啦。也可能是我还不够努力，不影响我喜欢老师哈哈
163711,1535,边平凤,2022-12-16 03:54:48,1,3,2,我上的普化乙，边老师真的很好，她会很希望大家学好，然后一开始就会劝大家认真，就很负责。我是没学过高中化学的，化学很菜，一开始完全听不懂，照着边老师说的，上课前预习，上课听讲，课后做作业，也没做过额外的练习或听过其他课什么的，能过我真的超开心（高中一直没怎么及格过化学），很感谢老师。老师基本上每节课都要点名，作业量不大，每章一次小测，期末会调分。平时鼓励大家向她提问，虽然我怂没敢去哈哈哈，我看下课大家围过去她都很乐意解答，群里也都会回复的。好老师，想学好你就来。只要认真学绩点肯定不会低的，我身边很多人都是4.5往上的。
163746,1535,边平凤,2022-12-16 04:55:18,0,2,2,不满绩是你的错
165289,1535,边平凤,2022-12-31 04:24:29,2,4,2,普化喜提目前大学最低绩点\n\n老师一般吧，无感。
165338,1535,边平凤,2023-01-01 14:19:05,0,3,3,老师真的很好，对学生很负责，她说这门课主要是为了大家掌握化学知识，对掌握的要求并不高，不卷，但也绝不是水课，本人上课偶尔（经常）开小差，但是考前认真准备了几天，拿了满绩，老师真的很好，期末出分慢都是在捞人，真的爱惨了!
166004,1535,边平凤,2023-01-10 16:59:25,4,5,1,认真完成作业，实验报告分很高，给分比自我感觉低好些，不知道是哪的问题。出分也不算慢，助教xjj挺好的，但得这个分还是好难受啊。
172361,1535,边平凤,2023-04-25 11:13:12,4,4,0,小测很多，八周的课四次小测加期末考，真的吐了，老师认真负责，但是课程这安排太不合理了！！
173131,1535,边平凤,2023-05-14 05:47:56,5,5,0,（普化乙出分来评论）不知道是不是因为这学期学校开始强调过程化管理，边老师也“尤其”重视的缘故：春学期一共八周十六节课，十五次点名（数字/雷达），唯一一次不点名是因为清明节放假（真的很感动- -）；然后四次线上小测（至于线上有多少水分就不必多言吧，没考到90分我真的被自己笨哭）（最后一次小测甚至在夏一周，期末考也排在五一长假之后，这也多少导致期末考不太理想吧），只能说真的排太多了吧。\n\n老师上课讲的蛮好的，能跟着老师课件的思路走，课后作业尽量独立思考完成+订正 学会这门课肯定没问题的。\n\n但是老师讲课基本跟前几个学期这门课差差不多（从智云来看连举例都一模一样）；然后课后私聊基本都是已读不回（因为我错过了一次小测，当天就去找她了一直得不得答复；还有就是小测题目出错了找她报错，她当晚已读不回，第二天我问她另外一个问题了她回了个“知道了”，把我整的不知道了……）；考完试后在群里发个“失望+流汗黄豆”，出分后“期末自己可以算出，不用再问我+流汗黄豆”多少让人感到很不适叭……不过如果在课间或者课后找她问问题她还是会很耐心解答的。\n\n以上为上了一个春学期课的一家之言，仅作参考。还是希望老师把课堂与课程带的越来越好吧！
185215,1535,边平凤,2023-12-27 06:01:48,2,2,0,好老师，超有趣
185796,1535,边平凤,2024-01-04 12:31:22,1,2,1,普化甲实验特别水，助教人超好
185851,1535,边平凤,2024-01-05 02:19:26,4,4,0,很好的助教，很好的老师，很难忘的大学第一节实验课
188405,1535,边平凤,2024-01-19 02:28:16,1,1,0,普化实验甲，老师非常好，上课会把实验内容以及注意事项再全部过一遍，非常有耐心很细致，助教姐姐人也超好！！！我吹爆好嘛，10分！！！
188864,1535,边平凤,2024-01-20 10:16:19,0,0,0,老师人很好，上课讲的很细致，答疑也很热情，助教人也超级好，非常棒的实验课
190722,1535,边平凤,2024-03-16 01:53:27,0,0,0,优点：超级好，细致，学的到很多\n\n缺点：有点想睡觉
193634,1535,边平凤,2024-06-14 07:16:13,1,2,1,啥比一个
195715,1535,边平凤,2024-06-29 17:34:15,7,7,0,上的普化实验（乙）\n\n既然你给我打分这么小气，那我也小气点给你打分。她上课的优缺点如下：\n\n优点：上课讲得详细（但是个人感觉没有必要这么详细）\n\n缺点：1.考试前说我们可以线上答疑，但是钉钉问问题已读不回怎么个事\n\n2.实验的思考题一般是要求全写，还会额外加几道题目（你知不知道抗坏血酸滴定的pH突跃有多难算啊）\n\n3.给分差，出分慢
197729,1535,边平凤,2024-08-05 10:19:18,0,0,0,老师讲课很细致，实验前会讲许多东西，花费的时间比较长（不过很容易犯困）。如果实验动手能力差的话下一堂课需要赶着才能不迟到（没错就是我）。助教老师很好，很负责，实验中有问题也会耐心解答。实验报告给分感觉一般，规规矩矩吧。老师人真的很好，看得出来是希望我们能够学到东西的。
208266,1535,边平凤,2024-12-26 12:17:57,0,0,0,普化实验甲，边老师讲课非常细致，助教yngg我吹爆，超级认真负责！
209079,1535,边平凤,2025-01-04 11:30:28,0,0,0,普化实验甲。老师做实验之前会细致过一遍实验内容，做实验的时候也会在旁边转，纠正操作问题。然后就是助教yn非常非常好，实验报告改的很认真，有问题会及时跟你说，钉钉上问问题也会耐心回答。
212570,1535,边平凤,2025-01-14 08:13:39,0,1,1,老师真的很温柔，有问题会细心解答，甚至还会亲手帮忙调整装置，理论考之后还会耐心安慰，超级好的老师！还有助教yngg我也吹爆！问问题都会超级耐心地回答，改实验报告也非常认真，钉钉上也会非常及时地答疑解惑。
212598,1535,边平凤,2025-01-14 09:02:51,0,0,0,好老师，好助教，高中没有实验底子，在普化甲真的学到了很多
217062,1535,边平凤,2025-04-01 05:39:57,1,1,0,感觉评分过高了，老师人挺好的但是上课有点讲不到重点的感觉
221746,1535,边平凤,2025-06-26 01:24:03,0,0,0,感觉评分过高了
221935,1535,边平凤,2025-06-27 13:23:35,0,0,0,普化实验 感觉还不错
616,1566,谢玉群,2015-03-15 07:24:35,1,33,32,科学与生活，你值得拥有
643,1566,谢玉群,2015-03-15 09:51:03,72,194,122,哗众取宠
1563,1566,谢玉群,2015-03-22 14:27:22,14,28,14,听一听一种与众不同思想
2162,1566,谢玉群,2015-04-04 06:34:34,23,57,34,感觉世界观呵呵哒了
2517,1566,谢玉群,2015-05-04 13:22:42,38,99,61,传说中的浙大第一黄课……曾有学生上课崩溃掉“老子再也不要听了”
2748,1566,谢玉群,2015-05-06 22:32:40,8,25,17,很无聊 就是换一种方式炒冷饭
2987,1566,谢玉群,2015-05-12 08:30:07,16,38,22,江湖术士
3343,1566,谢玉群,2015-06-03 06:16:53,17,52,35,低俗无趣，不建议选
3975,1566,谢玉群,2015-06-17 11:37:48,34,50,16,老师对化学实验操作及教学很有自己的想法⋯⋯讲话比较特别可以一听⋯⋯喜欢他不古板的实验教学
4285,1566,谢玉群,2015-06-18 14:54:17,1,22,21,我喜欢！
4603,1566,谢玉群,2015-06-25 02:54:15,5,13,8,神奇的……体验……
4835,1566,谢玉群,2015-06-29 12:21:02,-1,13,14,哗众取宠
5175,1566,谢玉群,2015-07-05 14:34:30,-2,6,8,呵呵
6393,1566,谢玉群,2015-07-13 13:35:33,2,19,17,明明好好听课了  得分还是很低  不建议选
6395,1566,谢玉群,2015-07-13 13:56:40,0,15,15,不想骂他了，反正千万别选
7254,1566,谢玉群,2015-09-12 08:26:40,3,19,16,老师很有意思，我挺喜欢的
8139,1566,谢玉群,2015-09-17 06:20:13,1,16,15,补选科学与生活，两次去找他，他都特别诚恳善良，现在对他的印象很不错呢。
8430,1566,谢玉群,2015-09-21 07:45:28,33,80,47,从没遇到这样的老师，为他的人生担忧无比。
10486,1566,谢玉群,2015-11-19 05:42:07,53,125,72,迟早药丸。没有依据的批判当下社会。 感觉自己高人一等，看破万物，其他人都不不如他看得透。 我只能呵呵。体会下第一节课上的话“教授上课都是屎，那你们都在吃屎”
10790,1566,谢玉群,2015-11-23 05:21:00,16,32,16,期末复习指南：好好听林黛玉
10822,1566,谢玉群,2015-11-23 06:16:38,40,95,55,真想不通教务处怎么允许开设这样的课程，这么愤世嫉俗的老师带给学生的只是消极的，自大的影响\n\n一副自己多高大上的样子，好像别人都不咋地，还把浙大拆成水课加折腾
10859,1566,谢玉群,2015-11-23 07:25:00,1,9,8,恶心
10969,1566,谢玉群,2017-04-19 07:39:22,-18,28,46,它就是被化学系赶出来的一条狗。
11079,1566,谢玉群,2015-11-24 05:25:17,5,12,7,中医还是可以了解一下的
11365,1566,谢玉群,2015-11-29 03:37:43,-1,4,5,考试卷像语文卷
11474,1566,谢玉群,2015-12-02 11:15:28,-3,4,7,还行吧，能听懂
11756,1566,谢玉群,2015-12-14 05:48:16,52,126,74,真的没有负分吗？\n\n三观很可怕 选之前以为只是单纯的黄而已 没想到我还是太年轻\n\n性别歧视严重，居然说女性穿太少就是在勾引男的犯罪？按你说强奸罪要判女的死刑咯？
12601,1566,谢玉群,2015-12-23 14:52:47,24,31,7,很独特，大家可以选听看看，最好听两节，老师后面会讲很多不一样的好东西，不像第一节课的吐槽哦～真的，你上了就知道了
13407,1566,谢玉群,2015-12-28 01:17:41,15,50,35,毁三观…常讽刺挖苦别人，但明明自己长相言辞无比猥琐，满口屎，狗屁字眼…告诉你西方医学都骗人的，扯他自己的观点，这课一点也不高雅实用，俗不可耐
14101,1566,谢玉群,2016-01-04 08:57:20,-2,6,8,分数随机给 前排没人坐
14625,1566,谢玉群,2016-01-08 03:47:18,-3,14,17,黄课，我喜欢，就是喜欢这样的老师
14682,1566,谢玉群,2016-01-08 09:40:33,-3,8,11,渣啊，完全乱叫
15567,1566,谢玉群,2016-01-15 11:22:47,19,27,8,很有特点的老师，教人做人
15882,1566,谢玉群,2016-01-16 13:40:48,2,7,5,呵呵呵
16405,1566,谢玉群,2016-01-18 05:02:30,2,9,7,老师其实也还挺好的啦  讲话很有趣啊  教实验的时候也挺好笑的  没有传言的那么不好
16413,1566,谢玉群,2016-01-26 06:55:59,18,44,26,不知道说什么了，学校居然会允许让这种课开下去了
16461,1566,谢玉群,2016-01-18 06:53:27,27,58,31,狗屁不通，是我在科学与生活印象最深刻的知识。。。\n\n
18566,1566,谢玉群,2016-01-22 04:35:55,-3,10,13,很好！
18907,1566,谢玉群,2016-01-22 17:48:09,15,33,18,呵呵 自以为是 哗众取宠 怀着无比期待的心去选了科学与生活 上了以后真是无趣 给分更是毫无说服力
19501,1566,谢玉群,2016-01-24 11:57:35,7,18,11,除了理科生其他系都没有存在的必要，理科里除了化学也都没什么暖用。我们化学系最牛逼，艺术人文去吃屎……无语…
19568,1566,谢玉群,2016-01-24 17:19:53,19,44,25,第一节课去过就再也没去给 给分低我认了 但第一节课简直忍不住想站起来和他撕
19675,1566,谢玉群,2018-12-27 03:18:31,-10,17,27,考核完全无法看出学生是否认真，给分烂，狂拉均绩。你没有资格当老师，浪费学生时间谋财害命！
20104,1566,谢玉群,2016-01-26 06:05:32,3,9,6,呵呵呵呵实在不知道上课内容跟这门课的名字有什么联系，不知道他为啥这么喜欢林黛玉。考试卷子简直就是语文卷，一堆文言文就算了还要写作文，总之就是坑坑
20118,1566,谢玉群,2016-01-26 07:00:11,8,21,13,大写的垃圾。自命不凡。
20130,1566,谢玉群,2016-01-26 07:30:17,1,15,14,上课口不择言，一大堆狗屎、猥琐等词语，简直降低大家的整体素质。考试与你认真学与否无关，我至今不明白能翻书找几句话有什么用?
20135,1566,谢玉群,2016-01-26 07:48:06,3,9,6,我被骗了\n\n
20139,1566,谢玉群,2016-06-20 05:47:21,14,24,10,并不是每个老师都能像夏婉婉，赵晖那样扯出新高度，作为一门通识只要上课不讲一堆没人愿意听的理论不无聊就行了
20182,1566,谢玉群,2016-01-26 12:17:27,-5,5,10,绝对水课，不过老师的世界观是很有意思的，典型机械唯物主义者。有点走火入魔了
21276,1566,谢玉群,2016-02-28 02:57:32,33,62,29,正因为是黄课，我坚决地选了这门课，看了看教材，心中更是狂喜
21278,1566,谢玉群,2016-02-29 08:51:37,7,24,17,三观很可怕，感觉跟方舟子是一类人。
21386,1566,谢玉群,2016-02-28 11:47:43,-1,7,8,好厉害！
21615,1566,谢玉群,2016-02-29 10:31:15,1,9,8,这种垃圾课…我已经出离愤怒了！
21686,1566,谢玉群,2016-02-29 15:31:04,1,6,5,神经了
21691,1566,谢玉群,2019-02-25 04:15:10,158,237,79,化学课上的谢老师细心负责，绝对是一名好老师。开一门通识课仿佛变化一人虽然言语偏激却绝对是浙大一名具有突破思维的老师，即使言语上满是对文科生与女性的“蔑视”（姑且用双引号）思考一下，如果他真有如此这般歧视女性与文科生，那么在化学实验课上他为什么对同学们依然会视人为狗屎？如果你没上过他的化学实验课你有什么资格对老师进行评判。我们去听他的课只论赞同不赞同观点，对人不大好吧。为什么老师一节课说了几句狗屎就觉得他在蔑视女性文科生，本来就是玄学的东西，没听出来老师只是打趣地给我们讲吗，他一直都是傻笑着说，难道他真有那么歧视女性和文科生？\n\n\n\n反观zju这里的的喷子们多半只上过半节课就开始跟随大众的舆论开始骂人了吧嘻嘻～
21999,1566,谢玉群,2016-03-02 05:16:45,6,16,10,从来不懂得深入思考，总是说一些偏激的言论，煽动性的语言，搞得唯我独尊的一个人，上面词说得好：哗众取宠。如果你们是个愤世嫉俗，需要反社会言论刺激的就去，想要好好做研究，沉下心的，还是别去了
22264,1566,谢玉群,2016-03-03 06:28:29,2,7,5,不懂为什么一节课上可以讲那么多遍'和狗屎一样'…
22444,1566,谢玉群,2016-03-06 05:17:04,2,4,2,呵呵哒
22505,1566,谢玉群,2016-03-07 05:28:32,2,9,7,看重绩点不要选，没事旁听一下娱乐娱乐
22710,1566,谢玉群,2016-03-10 05:59:27,1,6,5,表达直接 说的还行\n\n
23179,1566,谢玉群,2016-03-21 05:27:03,0,11,11,直男癌，自大狂，无事实根据胡乱否定一切，严重的性别歧视，无生物及社会学研究成果，最后一点：恶心！
23185,1566,谢玉群,2016-03-21 07:04:32,1,6,5,学文科的，而且还是女生的，千万要慎选，听课会经常听到对女性的贬低和对文科的蔑视，心里挺不舒服的
23936,1566,谢玉群,2016-04-22 01:30:57,14,20,6,想和老师撕逼的课才是有价值的课，虽然不敢认同老师的价值观，但这门课让我思考了很多东西。
24193,1566,谢玉群,2016-04-28 07:35:34,-3,3,6,上课一般，哗众取宠
24581,1566,谢玉群,2016-05-02 03:47:18,4,11,7,自认为三观很正的就别去听了，为了成绩的也别去听。我反正为了开拓眼界听了不少好东西。
24590,1566,谢玉群,2016-05-02 05:04:16,-6,2,8,愤世嫉俗
24609,1566,谢玉群,2016-05-02 07:30:45,2,5,3,很有愤青的感觉，毫无根据的愤世嫉俗，上课内容随性到不值得一听 ，考试和上课基本没什么关系，且以这种考核标准为荣（即上课听讲无用考前刷书才是正道）
24746,1566,谢玉群,2016-05-03 10:23:49,6,8,2,不知道这个老师怎么会这么这么讨厌林黛玉
24923,1566,谢玉群,2016-05-04 10:39:23,8,18,10,浙江大学第一黄课，不过如此，\n\n也就这样了，哈哈哈\n\n给分乱来，\n\n上课随意\n\n不点名，没有必要\n\n有个性的老师\n\n或者说，是个乱七八糟的老师\n\n哈哈哈
24933,1566,谢玉群,2016-05-04 11:07:29,-1,7,8,差一分满绩我也不知道要不要黑他了。
24952,1566,谢玉群,2016-05-04 12:07:05,7,19,12,我喜欢啊，零平时成绩，就是考多少给多少，还要怎样才有说服力啊，首先我也不觉得老师讲的有多好，但是至于什么不让这门课开的同学，我想说别人有表达自己言论的自由，你可以不赞成别人的观点，但你凭什么不让别人说你不同意的观点？你反对的就不准别人说了？你有选课的自由老师也有授课的自由
25022,1566,谢玉群,2016-05-05 01:34:41,2,8,6,并不黄，还蛮有意思，能了解中医的知识。有些人太玻璃心了。
25061,1566,谢玉群,2016-05-05 05:36:47,-2,7,9,三观不正，偏激无脑，老流氓一个。
25080,1566,谢玉群,2016-05-05 07:32:52,-2,5,7,科学与生活课，很黄很暴力，PPT的插图无比恶心，观点偏激，脏话连篇，显得素质超级低，而且总是贬低文科生，身为一名文科生，我表示非常不爽！！！！！
25144,1566,谢玉群,2016-05-06 06:48:23,7,12,5,讲道理的说，老师给分还算好，因为毕竟只靠开卷考试…区分度估计在后面那篇小论文上。至于观点嘛，适当听听不同的观念，能接受最好，不能接受就当体验一下新的角度嘛。
25229,1566,谢玉群,2016-05-08 13:48:09,2,3,1,大写的傲慢与偏见
25292,1566,谢玉群,2016-05-09 10:15:44,-1,2,3,倍儿爽。\n\n
25315,1566,谢玉群,2016-05-13 12:01:15,31,46,15,平时不点名，爱去不去。给我的分很好哇。怎么说呢虽然有些讲的内容难以接受，说话方式也有点令人不适，但起码有锋芒，言之有物，就当听听不同意见了呗。最后的分数全看期末考，作文一定要有自己很鲜明的观点，少讲套话。
25738,1566,谢玉群,2016-06-06 05:05:13,1,7,6,满满的负能量，错过了退选时间，烦。
26446,1566,谢玉群,2016-06-18 13:45:50,2,6,4,垃圾课
26532,1566,谢玉群,2016-06-20 02:28:28,62,79,17,要我看，在座的各位都太偏激了
27029,1566,谢玉群,2017-04-22 13:17:06,78,103,25,首先感谢群爷，听的一节课都不落，老是有思想，敢说敢做，身为浙大学子，就要学会面对各种态度的老师，好吧，浙大没什么有态度的老师了，，顺便说一句，没有虚伪的论文抄袭，最后考试文章写的好，前面就算不写也满绩\n\n！！！！
28606,1566,谢玉群,2016-06-28 10:57:19,2,5,3,自己有判断力就好，拿来主义取舍什么要听什么不要听。\n\n这次考试不考林黛玉了，考西游记了，泪奔……
30232,1566,谢玉群,2016-07-01 06:12:12,2,5,3,心如死灰
30234,1566,谢玉群,2016-07-01 06:15:44,8,15,7,我想劝选了课的同学能退就退了吧，首先，不知道老师的出题标准和对作文的评判标准。其次，老师饱读诗书知识面很广是可以看得出来的，三观虽然没有好坏之分但老师的世界和看待问题的方法似乎不是大多数人能接受得了的，因此在我看来能学到的东西不多。既然能学到的东西不多，给分又摸不到规律，一不小心就会拿到低分，那为什么还要选呢。
30256,1566,谢玉群,2016-07-01 06:44:30,-3,2,5,呵呵。给了大学生涯最低的通识课分数。三观畸形阴阳怪气的老头
30259,1566,谢玉群,2016-07-01 06:56:25,-3,9,12,大学最敬佩的老师之一 知识面广 其实很细心
30262,1566,谢玉群,2016-07-01 06:59:27,-1,2,3,拉低均绩
30274,1566,谢玉群,2016-07-01 07:17:59,-3,3,6,成绩全看考试，前面名词解释和填空都得在书里去找，400多页的书，就找几个名词，难…还要找一句句的文言文来填空，不知道有什么意思…分数乱给，忠告!选上就退了吧！拉低均绩！
30353,1566,谢玉群,2016-07-01 11:18:13,-3,1,4,狗屁不通，浪费时间。考的内容与上课无关，给分极差。。。。。。。。。\n\n
30411,1566,谢玉群,2016-07-01 13:44:50,-3,7,10,老师比较有思想，只要能记住几个上课讲的例子，亲测5.0
30511,1566,谢玉群,2016-07-01 23:18:46,-3,1,4,上课水，给分一般
30536,1566,谢玉群,2016-07-02 00:48:47,-1,2,3,。。。
30825,1566,谢玉群,2016-07-02 14:45:45,-1,2,3,感觉老师的观点我们听起来是和一般人有点不一样的，所以我们多多少少有点不习惯，其实有一些我还是赞同的。而期末考试的话，名词解释还是好找的，古文填空就有些看运气了，有时本来在找名词的反而找到古文了，至于小作文就写出自己的观点吧。给分一般。
31109,1566,谢玉群,2016-07-03 08:25:25,-3,1,4,只去听了第一节课。
31228,1566,谢玉群,2016-07-03 12:17:00,8,14,6,最后分数是九十六，我不知道为什么这么高。。。。。。因为我觉得自己只有八十。。。。。大家在这评论其实很明显。。。给分高的同学对老师大多数都会态度比较好。。。给分低自然就开骂了，我刚考完很心灰意冷那是心情也很差，但是不可否认，谢老师有句话说的很对，你不能因为别人和你的观点不一样就骂人啊。。。。。。虽然他自己上课也骂人。。。。。
32928,1566,谢玉群,2016-08-05 09:51:19,7,13,6,楼上说本来就是玄学的，看清楚，这门课叫科学与生活，不叫佛学与生活。
32977,1566,谢玉群,2016-09-08 01:48:45,-6,0,6,自以为是 目中无人的自大狂
33239,1566,谢玉群,2016-09-16 09:20:02,-2,3,5,我不知道这老师在生活中是怎么样，所反正他上课的样子令人反感
33391,1566,谢玉群,2016-09-19 05:13:11,-3,1,4,呵呵呵\n\n
33400,1566,谢玉群,2016-09-19 05:57:46,-10,2,12,我弟弟说他简直就是神经病，额，，，\n\n
33859,1566,谢玉群,2016-09-22 06:31:24,-3,0,3,呵呵呵。。。这个人竟然能当老师 ？我艹。。。真心话，尽量别选。。。（反正选了你会后悔的 ）
33873,1566,谢玉群,2016-09-22 07:47:47,-1,4,5,老师上课骂了一节课女生  直男癌  日了狗了的感觉
33881,1566,谢玉群,2016-09-22 09:02:15,-1,3,4,一种日了狗的体验。
33944,1566,谢玉群,2016-11-17 03:59:30,2,5,3,不点名，所以……我不知道……
34042,1566,谢玉群,2016-09-26 05:42:25,-3,1,4,真的是垃圾 粗俗 不尊重别的文化 自以为是
34046,1566,谢玉群,2016-09-26 06:34:18,-4,0,4,渣渣渣
34250,1566,谢玉群,2016-09-29 05:54:15,-4,1,5,抱歉有些观点恕我不敢苟同。\n\n\n\n\n\n\n\n
34326,1566,谢玉群,2016-10-02 13:35:28,-3,0,3,呵呵。\n\n
34755,1566,谢玉群,2016-11-17 07:18:47,30,38,8,"选课了后看这里尽是批判的评论，不由得有些慌。上完课发觉浙大需要这样的老师，课虽偏激确话粗理不粗，而教材编得尤其好。那些说老师哗众取宠的同学，你们恐怕只记住了课上老师说的""狗屎""二字吧!\n\n"
35036,1566,谢玉群,2016-11-21 02:00:04,0,4,4,这课随缘……
35773,1566,谢玉群,2016-11-11 10:05:52,-4,2,6,呵呵哒，不要选，不要选，不要选，重要的事说三遍
35937,1566,谢玉群,2016-11-10 08:58:35,2,3,1,开拓思路的课?
36043,1566,谢玉群,2016-11-10 10:46:39,7,10,3,这里这么多觉得狗屎不文明的居然满口垃圾神经？自己是什么东西，觉得讲得不对去和老师理论喽，只会躲在这里匿名喷粪？
36128,1566,谢玉群,2016-11-10 13:42:51,-4,1,5,这课还是不要听的好
36337,1566,谢玉群,2016-11-12 03:49:58,32,40,8,看评论很多说“呵呵观点不敢苟同”“三观可怕”，我就想问，难道一定要别人的观点都和你一样吗？你的观点就一定是对的吗？如果真老师和你的观点都一样，那你上这课对于你来说又有什么用呢？的确老师经常说一些让人听着不顺耳不正确的东西，但只有这些才能引发我们的思考啊。
36714,1566,谢玉群,2016-11-15 13:33:52,-1,2,3,我上的科学与生活，说说考试吧，很多书中犄角旮旯的名句填空和名词解释，所以课可以不上书不可以不看，最后是一篇小作文，到不难
36816,1566,谢玉群,2017-04-19 04:44:24,-15,9,24,绝逼辣鸡\n\n活该被停课
36823,1566,谢玉群,2016-11-16 06:54:34,-1,4,5,还好 很水 给分不错
36829,1566,谢玉群,2016-11-16 07:13:14,4,12,8,给一分都算高的，每次都去听课，考试觉得都做出了，结果3.3也是日了狗了，话说平均4.4是怎么上去的
36846,1566,谢玉群,2016-11-16 08:36:58,2,4,2,垃圾课！给分乱七八糟！上课胡乱扯！毫无营养！真后悔选了这种课！
36852,1566,谢玉群,2016-11-16 08:55:59,-4,1,5,tnnd，这特么鬼课，千万不要选，这是我第一次想骂一节课
36855,1566,谢玉群,2016-11-16 08:58:40,2,5,3,上课什么的我懒得吐槽，只想说……给分简直是天坑……看见给分，万念俱灰T_T\n\n
36862,1566,谢玉群,2017-04-30 01:16:58,48,55,7,老师很有思想，很可惜课停了，给分很好，只是老师很实在不虚假，所以被很多人骂
36868,1566,谢玉群,2016-11-16 10:05:26,2,3,1,神奇的体验，每节课都有惊喜(xia)\n\n给分还不错，比我预想的高
36869,1566,谢玉群,2016-11-16 10:05:39,6,11,5,一门神奇的通识课，上课不去不要紧，分数都看期末考试。\n\n考试攻略：要好好看书，一页一页看，特别是要标记出引用的话或者文言文！！最后的作文不要写套话，要有个人的鲜明的观点！！只去了两节课却意外满绩的在这里（举手
36872,1566,谢玉群,2016-11-16 10:10:53,4,5,1,老师的思维很独特，注意是真的会颠覆世界观，最后就一场考试，文章好好写给分还是很高的，记的好好听红楼梦那一章，特别是讲到林黛玉的时候
36880,1566,谢玉群,2016-11-16 10:34:46,-6,0,6,直男癌晚期的老师
36882,1566,谢玉群,2016-11-16 10:48:44,2,3,1,老师还好吧 不点名
36884,1566,谢玉群,2016-11-16 10:55:59,-6,1,7,三观不正
36889,1566,谢玉群,2016-11-16 11:06:37,-6,1,7,大傻逼大傻逼
36892,1566,谢玉群,2016-11-16 11:13:14,-3,0,3,不建议选，不点名，也学不到什么，完全看你开卷考试会不会翻书
36929,1566,谢玉群,2017-01-23 14:23:50,6,8,2,话糙理不糙，感觉老师其实有关心学生的一面。对社会现象是有思考的，说话方式什么的都是性格所成吧。老师给分超好，均绩4.4，试问那一门水水的课能这样？？
36953,1566,谢玉群,2017-01-23 13:33:17,4,6,2,课很水，基本不怎么听 ，但是给分很好
36955,1566,谢玉群,2016-11-16 16:04:23,1,6,5,不知道为什么这么多人黑，像这种均绩4.4的老师到哪找！？
36960,1566,谢玉群,2016-11-16 16:34:53,3,7,4,大水课，浙大第一小黄课。每一节课都认真听结果绩点3.9呵呵哒 朋友4.8 5.0都有。考试看作文，作文写得好前面不写都行。
37007,1566,谢玉群,2016-11-17 05:51:38,-3,0,3,好无聊，分数又不高，平时分为零，全靠最后考试，林黛玉好好听，别问我为什么
37050,1566,谢玉群,2017-01-20 15:11:38,-6,1,7,严重拉绩点，不知道是怎么给分的，随意。而且上课三观严重有问题。
37065,1566,谢玉群,2016-11-17 08:22:36,1,2,1,在座的各位，人生各有态度，话不在多不在于好听而在于理，最偏激的反而是坐在底下玩着手机偶尔听到只言片语就义愤填膺的某些学子而已。
37110,1566,谢玉群,2017-01-18 02:01:53,-1,4,5,无聊，粗俗，没水平。只会用粗俗语言表达自己混乱的思想，他写的书也一样！
37267,1566,谢玉群,2016-11-18 06:21:02,-1,2,3,我想骂人  xjb乱搞嗯老师\n\n
37475,1566,谢玉群,2016-11-24 06:39:33,-3,1,4,呵呵呵呵
37502,1566,谢玉群,2016-11-19 07:06:27,-3,1,4,上课真的很糟心，不如不听，考前看书就好，文笔好的人的推荐选，分数挺好
37642,1566,谢玉群,2016-11-20 02:11:58,6,8,2,老师的有些观点主观性太强，但是突破了思维定势，能学到新鲜的东西。
37792,1566,谢玉群,2016-11-21 05:46:57,-4,1,5,黄，无语，别选，选了赶紧退
37805,1566,谢玉群,2016-11-21 06:57:15,-4,2,6,腊鸡。只能说垃圾
37858,1566,谢玉群,2017-01-23 08:06:51,2,7,5,连词成句:这门课就是垃圾，给分像臭狗屎，我们都是烂货，这下您爽了吧
38728,1566,谢玉群,2016-12-16 00:00:49,-4,1,5,不要选…何必为难自己……
39007,1566,谢玉群,2017-01-14 07:44:19,-4,1,5,垃圾课拉我绩点被正态了
39214,1566,谢玉群,2016-12-21 15:41:19,2,4,2,思想很与众不同，能够拓展自己的思维，但是有些思想听听就可以了。
39619,1566,谢玉群,2016-12-26 07:15:04,0,3,3,OMG这个老师遭遇了些什么呀
40006,1566,谢玉群,2017-01-17 09:57:06,-3,1,4,给分低，而且学不来多少东西，课上讲得都是西游记和红楼梦
40080,1566,谢玉群,2017-01-25 09:51:40,0,6,6,不知道为什么均绩这么高，我才3.0，最后考试的作文完全就是高中生作文的那种，不知道一个化学老师怎么改语文考卷的
40128,1566,谢玉群,2016-12-29 10:08:10,38,38,0,浙大能接受这样的老师，可能更印证了其包容，大学是言论思想的碰撞和交汇最激烈的地方，尊重不同的三观，这个社会才会进步
40148,1566,谢玉群,2016-12-29 11:59:00,2,3,1,和其他课很不同啊，作为通识课，想去就去，给你自由，已经很不错了，给分很重要？
40343,1566,谢玉群,2017-01-03 03:55:27,-1,3,4,只要作文写的好，分数就高，关键是跟着他的思路走
40715,1566,谢玉群,2017-01-05 06:03:16,-3,0,3,永远在发表些奇怪的观点，特别看不起女生和文科生，期末考卷也很奇怪，我都不知道当初为什么要选这门课
40983,1566,谢玉群,2017-01-07 07:46:46,0,3,3,给分好。纯粹是学分不够才选的，完全不知道上课讲了什么的我，绩点还蛮高 
41170,1566,谢玉群,2017-01-09 17:08:55,7,10,3,人文的听科学与生活很尴尬，尤其在同时上着一门中国古代小说鉴赏的情况下。\n\n还没考过，就槽一下这位上课讲古代小说真是让人很想抽他，完全没有做学问的严谨态度，就算是化学系的不懂相关理论，作为浙大的老师至少要严谨一点吧？比丘是音译这种东西百度就能知道还要强行说成两个乳房？
41217,1566,谢玉群,2017-01-10 05:44:57,0,3,3,每节课必讲屎
43308,1566,谢玉群,2017-01-16 06:27:20,-4,0,4,不开心
44891,1566,谢玉群,2017-01-18 12:43:29,0,3,3,神tm科学与生活  我有句mmp我一定要讲
44932,1566,谢玉群,2017-01-18 14:22:25,-2,3,5,講真 大家千萬別選這課了 別不信邪，我就是因為這種不信邪的獵奇心理才選的。真的沒啥營養 給分又隨機 何必呢 讓這個課從浙大消失吧！雖然我知道這個評論並不會影響多少人，但是我要盡可能讓身邊更少的人不選這個課！真的惡心了好多次。
45782,1566,谢玉群,2017-01-20 05:27:20,-3,1,4,给分好，不过学不到东西
46345,1566,谢玉群,2017-01-21 09:38:13,-2,2,4,已经出分了嘛？
46754,1566,谢玉群,2017-01-23 07:47:26,2,5,3,得到了大学以来最低的绩点
46981,1566,谢玉群,2017-01-23 07:21:44,-2,0,2,全看作文
46999,1566,谢玉群,2017-01-23 11:06:51,3,5,2,不同意楼上。我就是文科女生…分数很好
47003,1566,谢玉群,2017-01-26 06:40:01,-10,0,10,哼4都不给我
47004,1566,谢玉群,2017-01-23 09:10:59,8,9,1,"讲课如此投入的老师有什么黑点，虽然说话说的""原始""了一些，但是个好老师。"
47014,1566,谢玉群,2017-01-23 09:37:24,0,4,4,几乎没听过，但我听得那两次课也没说的那么可怕，考前看一下书，有名词解释和言论应用知道一下标记一下，其他的，随缘啦，估计作文比较看重吧，思想新颖一些，不要太套路(〜￣▽￣)〜
47036,1566,谢玉群,2017-01-23 10:19:48,-2,1,3,这门课挺水的，上课不听考试也能过，只要会翻书。但是这老师对文科生、女生有偏见，建议理科男生选。
47052,1566,谢玉群,2017-01-23 11:47:24,9,12,3,科学与生活：老师上课不点名也没有其他作业，考试除了三道填空是课上讲的其他书上全都能找到。作文30分，不要红、专、套路，最好要针砭时弊（同学说写黄一点比较容易得高分…）有些关于《西游记》《红楼梦》的解读可能很多人不太认同，毕竟一千个人心里有一千个哈姆莱特。我个人比较喜欢听老师讲养生那一部分的内容。特别喜欢老师的一句话：大学就是要培养男生的正气和女生的灵气。
47058,1566,谢玉群,2017-01-23 12:42:21,-2,2,4,考了林黛玉和皇帝
47080,1566,谢玉群,2017-01-23 14:57:38,-4,2,6,垃圾老师思想偏激给分还差
47299,1566,谢玉群,2017-01-25 06:59:33,0,4,4,说句实话，我只上了一节课，但是看了三章我觉得说的挺对的，不过后面都是讲中医红楼梦啥的就不看了。建议大家要是上这个课可以看看前两章节的书，有些内容很不错。至于给分比较随意了……我觉得答得很好给了我4.2 不知道为什么均绩为什么那么高
47643,1566,谢玉群,2017-02-11 03:38:04,12,14,2,老师还不错，不像你们评价的那样的一无是处
47804,1566,谢玉群,2017-04-19 07:39:29,-26,1,27,傻逼老师
47927,1566,谢玉群,2017-02-27 10:29:22,1,7,6,讲个笑话，考试写了林黛玉的小黄文
48311,1566,谢玉群,2017-03-02 05:47:25,8,8,0,666，厉害的老师
48328,1566,谢玉群,2017-03-02 07:12:58,3,6,3,适合旁听。看中绩点，不能接受反动言论的慎选。
48504,1566,谢玉群,2017-03-06 07:20:44,7,9,2,还好啊
48568,1566,谢玉群,2017-03-07 09:33:58,-13,2,15,贵浙有这样的老师吃枣药丸。说的是科学与生活这门课。神棍一个，简直辣鸡，内容没有半点科学，强裂建议大家远离这门课。
49123,1566,谢玉群,2017-03-27 07:20:16,67,76,9,我想為謝老師做一些平反\n\n很多留言都否定老師課程\n\n因此我覺得親自選這門看看\n\n是否和大家的評論相符\n\n\n\n不過我親自上了這門課後\n\n覺得有些同學太誇張了 \n\n評論也過度浮誇\n\n甚至我認為有些同學就是跟風然後發表評論\n\n你們有認真上過課嗎\n\n或許老師有自己的主觀價值\n\n但是他上的內容很多都是有數據去證明他的看法的 雖然我不認為他講得完全正確\n\n不過他很上課是非常有熱情的也很認真的\n\n三堂課就一直這樣上下去 中間也沒有休息\n\n\n\n大家在評論的時候 我覺得要用心評論 不要大家說什麼 就抱著一個主觀的意識來上這門課  多有點自己的看法吧  都考上浙大了 有點自我價值的思考取向吧
49499,1566,谢玉群,2017-04-17 06:20:48,7,9,2,独特≠辣鸡
49573,1566,谢玉群,2017-04-19 03:38:36,4,7,3,好好好好
49587,1566,谢玉群,2017-04-19 11:41:16,-19,5,24,这课终于被停了 1分庆祝
49605,1566,谢玉群,2017-04-20 06:46:42,22,29,7,给了10分。看起来楼下基本不准备结婚生子了啊，也不会和情侣周末出去开开房什么的？你们不敢讲是怎样？不能接受不同的思想？ 随随便便就可以叫停？建立国际一流大学？ 抱歉 一流大学不会这样鲁莽。真实见证了zju的喷子们的智商 用脑子思考 别用屌
49606,1566,谢玉群,2017-04-20 06:59:34,30,40,10,我必须要给老师洗一波了，我是觉得老师讲的很好，一些自以为想活在童话世界里的小朋友就不要来了，都18岁了，自己没有能力判别吗？啊，性教育不对吗？啊？说一个人是婊子，如果她不是，那就是骂她，如果她确实是做皮肉生意的，那就是说了实话了。鲁迅。别人说的观点，你一定要和你一样吗？你不会批判再吸收吗？虽然有一些观点是偏激的，但是我认为课程不仅有内容，也有思想（至少是自己的，不是人云亦云），总之不要以为自己认为的都是对的，有些人还没有能力认为老师讲的怎么样，你的阅历还不够，不喜欢，请退课，我很喜欢，非要搞得以后别人都上不了课，自私！
49665,1566,谢玉群,2017-04-22 13:24:19,2,9,7,世界一流大学处事有点鲁莽啊
50067,1566,谢玉群,2017-04-29 06:05:46,-13,2,15,愚蠢至极
50104,1566,谢玉群,2017-04-30 00:44:45,-18,1,19,我真的诅咒他 活该被停课?
50105,1566,谢玉群,2017-04-30 01:22:21,4,8,4,作为文科生，我实在无法接受老师对于红楼梦的观点，但给分还是相当可以的
50152,1566,谢玉群,2017-04-30 11:21:26,9,11,2,老师其实挺好还是需要一种新视角去看待
50170,1566,谢玉群,2017-04-30 14:49:25,-9,3,12,护短莫从师
50360,1566,谢玉群,2017-05-02 12:41:47,-8,4,12,哦第一次被正态谢谢他
51620,1566,谢玉群,2017-06-07 14:41:57,3,8,5,科学与生活超棒的，无敌大水课，从来没去上过课只带了课本去开卷期末考
59403,1566,谢玉群,2017-09-21 06:53:24,-11,0,11,自以为是\n\n
60930,1566,谢玉群,2017-11-03 04:04:43,11,11,0,实验还是没话说的，理论课没上过不作评论，实验讲解详细，也拓展了许多
64384,1566,谢玉群,2017-12-23 05:49:04,13,13,0,老师很棒的，大化实验上对学生十分负责，能不局限于讲义把知识讲出一个新高度。可能只是老师有点嫉世愤俗，有时候会对浙大和中国的一些体系发表一些尖锐的观点而已，也很有启发的。给分也挺好。
64431,1566,谢玉群,2017-12-23 13:42:03,5,5,0,老师超级赞，会耐心的讲课，即使实验是助教带，但是他还是会一直来回看着耐心指导\n\n
65182,1566,谢玉群,2017-12-30 08:08:32,17,17,0,大化实验，老师讲课很认真，一讲讲好久，有人说偏激什么的，世界观不同，为什么一定要别人的跟你一样呢？老师言语上确实有说文科生咋滴咋滴，但是可以看出来也不是很尖锐的态度，半开玩笑的那种，听起来也没有歧视的感觉，我只能说前面的人不够包容吧
65368,1566,谢玉群,2018-01-20 06:15:23,0,5,5,绩点不错，老师还行
65493,1566,谢玉群,2018-01-04 14:48:32,13,13,0,大化实验老师很好啊，他有很多自己的思考，虽然我不能站在专业的角度讲，但看得出老师很博学，有一种仙风道骨的感觉，老师只是很有特点，很潇洒，真的不希望这么好的老师不能开课
65494,1566,谢玉群,2018-01-04 14:53:42,12,12,0,最深的印象就是老师说的怀疑一切。因为这句话，我不再会去对各种资料言听计从，也会开始自己思考。搞学术的话，就应该拥有批判的思维，太多表面的功夫也许会很好看，但是没有什么实质内容的话，倒不如老老实实来的朴素和可贵。不知道老师能不能看到，但是我们都希望我们和老师可以一起在学术这条路上走下去。
65495,1566,谢玉群,2018-01-04 14:54:05,21,23,2,说实在的，老师的课并不是像那些评论那样。上了老师的大化G，十分特立独行，没有想到化学实验还能听到这些思想。老师会讲到“学会质疑”书上的东西，也会讲很多书上错误的东西。对于实验的一些细枝末节的操作其实老师并不提倡死扣，感觉老师在化学系或者浙大还是受到了很不公平的评价！老师抓重点真的很好，也会很细致的解释你问的问题。而且老师懂的东西真的很广，在化学方面可以拓展到药学、地学、生物学，在文学方面的素养真的很高，这么多老师，谢老师算是我见过文学素养最高的理科老师了。总而言之，老师还是很好的，听听老师的课，除了书上的东西，还是有很多更深层次的内涵的。
65557,1566,谢玉群,2018-01-06 03:20:16,4,4,0,老师很好的，别被误导了\n\n
65558,1566,谢玉群,2018-01-06 03:21:04,3,3,0,还是蛮好的
65669,1566,谢玉群,2018-01-08 06:53:05,5,5,0,老师人很好，每次实验都会过来看，也会讲很多有用的东西，可能这才是大学真正该有的先生。总之，希望未来还可以和老师再见。
65674,1566,谢玉群,2018-01-08 07:15:33,3,3,0,老师很好
66097,1566,谢玉群,2018-01-11 15:02:31,5,6,1,老师真的很好，无法理解分数为什么这么低
66577,1566,谢玉群,2018-01-17 11:02:49,3,3,0,好。\n\n
67031,1566,谢玉群,2018-01-20 05:10:27,3,3,0,真的觉得老师挺好的!
67045,1566,谢玉群,2018-01-20 06:42:27,30,30,0,一个一直叫你站直了身子做实验的老师
67153,1566,谢玉群,2018-01-20 10:39:27,3,3,0,通识课不做评价，实验课讲的还是不错的，黄黄的...也没机会感受到，就是为什么这么喜欢红楼梦？第一节课给我们念了117页PPT
67344,1566,谢玉群,2018-01-21 01:28:11,3,3,0,还可以吧，看得出来是个很有学识和经验的老师。给分还行吧。
67446,1566,谢玉群,2018-01-21 08:13:03,3,3,0,老师好好，给分超棒\n\n
67976,1566,谢玉群,2018-01-22 12:03:41,7,7,0,不要听风就是雨
74675,1566,谢玉群,2018-03-05 05:11:39,3,4,1,老师人很好
74677,1566,谢玉群,2018-03-05 05:13:07,3,3,0,给老师点赞
75485,1566,谢玉群,2018-03-12 10:38:37,2,2,0,作为一名有幸上最后一次科学与生活课的同学，我觉得这个老师还是很有思想的。虽然我不知道前面的那些人为什么疯狂喷他，虽然他上课总是喜欢讲红楼梦，但是不得不说他肚子里还是很有货的。并不知道评价的人有没有认真看他自己编的教材，有没有听他讲西游记（真的很有料），作为一个大学生，本来就是应该增长见识，听取多样的领悟的。没必要过分解读，会显得很幼稚。
75583,1566,谢玉群,2018-03-13 14:31:49,11,11,0,很喜欢谢老师，思维很具有批判性，听他说的东西很受教，突破教材，突破权威，要自己思考!
76333,1566,谢玉群,2018-04-03 08:47:51,17,17,0,你们看看评论就知道了很感谢那些写了长评的同学，谢老师真的是个好老师，大家都十八九岁了没点自我判别能力？听不惯可以选择别信啊！我只上了他的实验课，所以对他的思想没有深入了解，但难道一定要所有人都千篇一律你们才满意么？很不理解那些评论''哗众取宠''言论的喷子   老师人很和蔼，归根结底 我只想说我的确学到了一些东西，也的确想传授些东西。   第一节亲身演示硫酸洒手上怎么处理，并且冷静分析会发生什么现象，的确真材实料，有所裨益。
76974,1566,谢玉群,2018-04-27 01:47:57,-12,0,12,5分，不能再高
77094,1566,谢玉群,2018-05-02 02:41:20,50,65,15,化学实验课，绝对的好老师。切身关心学生，耐心讲解，非化工专业的学生在实验课也能收获很多。而且实验给分很好，只要按照流程、套路认真写实验报告，分数不会低，这里不存在鹅颈的！！！\n\n老师的确有时稍微偏激，但是大学生作为成年人，也应该有自己的判断能力吧……甚至老师还亲自手试浓硫酸，告诉我们如何处理，如果这样，老师还得不到好评，这未免也太说不过去了……总之，化学实验课，该老师推荐选择，希望理工科学生不要被不懂科学的、人云亦云的文科生误导。理工科学生也应当站出来，不要让文科生黑掉这位手试浓硫酸的伟大老师。
77095,1566,谢玉群,2018-05-02 03:36:06,2,2,0,海星吧
77515,1566,谢玉群,2018-05-06 08:09:28,10,10,0,个人觉得这种极具批判性思维的老师不应该只有这么点分数
81572,1566,谢玉群,2018-07-05 12:24:35,6,6,0,老师人很好
81583,1566,谢玉群,2018-07-05 12:49:32,6,6,0,老师人很好啊
87012,1566,谢玉群,2018-09-20 02:49:57,-21,1,22,我她妈明明选的是蒋银土的课为什么是谢玉群上啊?怎么肥四啊！！！还有，谢老师您可去您妈的吧，自以为是，还贬低女性，看那么多古书就有意思了吗？红楼梦就一定对吗？你那么喜欢封建主义，清朝遗老吗呵呵！
87382,1566,谢玉群,2018-09-28 01:34:04,6,6,0,很可爱的老师啊！！\n\n实事求是，有自己思想\n\n只是萝卜青菜各有所爱
87806,1566,谢玉群,2018-10-14 09:52:37,6,6,0,喜欢太极的化学老师，有种道士范
88521,1566,谢玉群,2018-10-31 23:57:56,2,2,0,真不错
91124,1566,谢玉群,2018-11-30 23:53:44,11,11,0,老师挺好的，虽然有的时候观点有些偏激，但是也没有什么...我觉得老师是一个很好的人，很耐心也很温和的，对我们特别好。做实验嘛，关键看自己，老师虽然有的时候实验操作“猛”了一点，但是事后想想也觉得他说的不无道理!
92011,1566,谢玉群,2018-12-25 11:41:18,13,14,1,"谢老师是一位认真负责的好老师，真正以学生为重，不死板，会认为一些领导的行为非常""猥琐""。不会凶学生，实验出错，把试管摔了都不会说什么。"
92187,1566,谢玉群,2018-12-27 03:17:27,7,7,0,很风趣的一个老师，有自己的想法，科学与玄学两手抓，听他的的课有别样的收获
93097,1566,谢玉群,2019-01-07 09:41:40,7,7,0,老师挺不错的，能把很多东西都联系在一起的思想很有趣，喜欢讲红楼梦，有些思想可能有点过于奇特，没有强迫某些人喜欢或认同，只是一种不一样的思想听听就可以过去了，况且很多并不是没有道理的。谢老师很有原则，在实验室对于要求一些执行的非常认真，一些又不死板。老师人也很好，还有人记得老师第一节课手试浓硫酸吗?实验讨论课有人讲到没有用过的仪器，储备室有的老师立马跑过去拿过来给我们看……是个好老师
93195,1566,谢玉群,2019-01-08 05:44:43,5,5,0,老师讲理论很形象，虽然开始选的是蒋老师的课，但是不后悔被分过来了\n\n✺◟(∗❛ัᴗ❛ั∗)◞✺
93537,1566,谢玉群,2019-01-10 08:05:54,2,2,0,还可以
94555,1566,谢玉群,2019-01-17 08:02:12,2,4,2,我觉得谢老师很好啊，会讲很多书上没有的东西，开拓视野。实验课堂很有意思啊！而且还会有比较偏激的思想碰撞，我觉得这个对于当下的学生还是很有启发意义的。最后，上课不黄吧？。
94609,1566,谢玉群,2019-01-18 12:16:05,7,7,0,老师很负责的，人文知识也很丰富! 总感觉老师不开几门人文类通识有点可惜
94638,1566,谢玉群,2019-01-17 13:11:50,1,4,3,4.8 稳
94639,1566,谢玉群,2019-01-17 13:17:35,4,4,0,哪怕不说特别好，至少没有那么差
94715,1566,谢玉群,2019-01-18 02:52:36,7,7,0,老师很负责，缺什么仪器会立刻给你拿，有什么问题一定会认真回答，态度很好，有时候偏离一下主题无伤大雅，而且给分很好。
94817,1566,谢玉群,2019-01-18 08:45:51,8,8,0,老师红楼梦，中医讲的很好，课真的很有意思。给分也挺好了，卡分会上调
94844,1566,谢玉群,2019-01-18 10:07:16,4,4,0,老师人很好，给分很好。虽然他的三观与众不同，在座各位应该尊重别人的观点看法，而不是抓住一点就乱喷。实验课的原理也讲得很好，还会普及人文知识。
94919,1566,谢玉群,2019-01-18 12:52:28,3,3,0,我觉得老师挺用心的，有那种很愿意和同学分享的性格
95125,1566,谢玉群,2019-01-19 00:37:42,-17,2,19,老师挺不错的，也不是那么黄\n\n但最后4.2把我绩杀
95326,1566,谢玉群,2019-01-19 08:15:50,4,4,0,讲课十分钟实验，四十分钟红楼梦西游记和八卦
95354,1566,谢玉群,2019-01-19 08:52:55,1,1,0,普化甲期末考理论之前一定要复习讲义！
95410,1566,谢玉群,2019-01-19 10:45:25,1,1,0,挺不错的一个老师，有自己的想法，不会让我们死板地按照实验书操作。
95534,1566,谢玉群,2019-01-19 14:17:42,1,1,0,emm喜欢哲学2333其他也都还行吧
95933,1566,谢玉群,2019-01-20 08:38:08,3,3,0,老师很爱说红楼梦和中医哈哈前面讲解一个小时有四十五分钟都在讲这些 有点累是早八的课啊啊啊 催眠哈哈\n\n实验理论考不太会 但最终成绩虽然不高 但幸好没挂！！
97700,1566,谢玉群,2019-01-22 13:47:52,13,13,0,老师确实很负责的，手试浓硫酸给我们看。就是有时候听他讲红楼梦，有点担心实验做不完…老师确实很有想法，值得见识一下
99297,1566,谢玉群,2019-01-24 14:23:29,12,12,0,老师很博学，精通中医理论，中国传统文化，每次上化学实验课还能听到许多西游记和红楼梦的故事。不过最为关键的是，谢老师教会了我们要有批判性的精神，所以我觉得上他的课让我受益匪浅
102943,1566,谢玉群,2019-02-25 05:40:29,4,4,0,第一节课:一本正经的忽悠课_(:з」∠)_
102973,1566,谢玉群,2019-02-25 08:45:19,41,46,5,就冲老师手试浓硫酸这一点！！！分数已经没有意义了！！！必须10分！！！
103049,1566,谢玉群,2019-03-04 04:12:16,-4,1,5,一般吧。挺认真的
103990,1566,谢玉群,2019-03-08 12:39:40,21,21,0,不吹不黑，这是一个丁西林式的人物。文理兼修，君子不器。
104387,1566,谢玉群,2019-03-19 07:14:09,11,11,0,其实不错的，如果真的理解了他的意思的话。作为化学老师无可挑剔了。
105153,1566,谢玉群,2019-04-05 06:48:22,-8,5,13,自以为是，自命清高，故步自封，哗众取宠。
105160,1566,谢玉群,2019-04-05 12:10:16,43,46,3,其实这是一位红楼梦 、道教文化、阴阳、养生老师，而且对事物见解也很独到
106834,1566,谢玉群,2019-04-30 03:50:52,4,6,2,老师很多价值观我们不能理解 也不认同 但作为一名授课老师 真的不能说不好吧。希望大家过滤一些不好的方面 单单把他看作一个化学老师吧
108376,1566,谢玉群,2019-05-22 07:49:42,10,12,2,谢老师感人！给缺课的同学单独讲课，补做实验！试问有几人能做到?
109070,1566,谢玉群,2019-06-07 05:04:55,-1,2,3,老师，您是不是有个兄弟叫谢玉环？
109156,1566,谢玉群,2019-06-10 11:39:16,2,2,0,普通化学乙\n\n表白助教小姐姐！！！
109388,1566,谢玉群,2019-06-13 15:41:15,5,6,1,老师还行吧，“他的语言你不喜欢，但他不应该消失。”\n\n有一个助教（女）给分太烂，不说要求就扣分，预习报告给一堆B，没考试都忍不住来评论
109576,1566,谢玉群,2019-06-17 07:24:25,11,11,0,透过现象看本质，很真实直率的老师。第一节课安全教育上手试70%浓硫酸告诉我们应该如何处理，告诉我们其实掌握了正确的知识和正确的处理方法就没有什么可怕的，透过花花世界的包装很多东西都可以看到“分子水平”。一直叫我们要实在，学会变通，多动脑子，站直身子做实验。虽然有些话可能没有那么文雅，但是仔细想想却是很有道理的。告诉学生“做实验就是体验”，有时间还教学生怎么推拿按摩怎么养生。我觉得这是个不可多得的好老师。
109941,1566,谢玉群,2019-07-01 04:15:16,2,4,2,那个，老师，隔壁xll和jyt老师早都出分了。。。
110036,1566,谢玉群,2019-06-21 13:33:31,8,8,0,老师上的很好会补充一些课外知识，会让大家不要迷信科学和书本，让我们开拓思维，至于评论里的杠精，不想听的可以不听，都是大学生了，怎么还听不见不一样的话了。
111073,1566,谢玉群,2019-06-29 12:32:20,9,9,0,逐渐学着老师说话：“这不是瞎扯吗”/“恶心死了”/“......，很猥琐的”。另外，个人感觉听老师的普化实验课体验很好，时不时就把我逗乐了
111743,1566,谢玉群,2019-07-02 17:28:11,3,4,1,不说了，老师很好但是我真的不适合化学，上完这门课后化学也该再见了?
111798,1566,谢玉群,2019-07-02 23:27:31,0,1,1,老师真的很喜欢扯些别的东西，每次课前理论都听的腰酸背痛\n\n本来作为一个普通的学生混到混合班里一起正态分布以为会凉，最后期末考感觉写的也很差。没有想到绩点还不错，感谢老师
111841,1566,谢玉群,2019-07-03 00:54:44,1,3,2,作为一位老师，他是完全合格的，甚至可以说是以为十分优秀的老师，很负责也很耐心。那些令人争议的言论我觉得里面对于文科生的女性的歧视色彩也没有那么强，不喜欢的忽略掉就好了，如果可以接受这一点的话，上他的普化实验体验还是很不错的！
111842,1566,谢玉群,2019-07-03 00:55:19,3,3,0,老师给分好，助教小哥哥和老师平时都很好，对学生很有耐心。老师爱讲些奇怪的东西是他自己的事，他也没侮辱人格啥的，我觉得是个不错的老师。
113244,1566,谢玉群,2019-07-06 02:37:53,2,2,0,这学期选了普化实验做个性，每周去做实验真滴好快乐。老师人也超好，第一节课手试浓硫酸，告诉我们遇到事故不要惊慌。会改一些实验操作，叫我们不要盲从课本。每次还会讲好多中医养生知识，感觉老师真是全能型选手?大家可以放心选谢老师的课呀，不会后悔的！
114988,1566,谢玉群,2019-07-13 23:49:40,2,4,2,老师乍听起来好像有点“歧视”女性，但有一次我听出来，他其实是对有些女性，哀其不幸怒其不争。那次我突然觉得老师很好。
116927,1566,谢玉群,2019-09-17 10:38:19,5,5,0,奇葩老师，第一节课浓硫酸洗手，第二节课讲黄色小说的魅力。
116979,1566,谢玉群,2019-09-18 02:40:07,5,5,0,老师的口音可有趣了，经常举一些典型范例，喜欢与化学药品亲密接触，的确是易经大师，精通八卦。
118638,1566,谢玉群,2019-10-30 02:06:15,3,3,0,可以学到易经、中医、人生哲理等课外知识，很棒！希望来年老师可以开一门通识课。
118836,1566,谢玉群,2019-11-07 01:47:16,0,0,0,除了比较“长”之外，都棒棒哒！
118931,1566,谢玉群,2019-11-08 02:22:14,2,2,0,大一没上过他的通识课，但是就凭化学实验这一门，我必须打10分。
119030,1566,谢玉群,2019-11-09 18:12:54,2,2,0,老师和女助教不错 男助教一般
119603,1566,谢玉群,2019-11-14 05:31:12,5,5,0,是玄学大师哈，各种说阴阳五行?有时候废话有点多emmmm这个时候我就低头玩手机了……\n\n老师的课事情很少，上课也很有趣，而且也讲了很多和书上不一样的事情，敢于质疑理论。第一节课手试硫酸，是个勇士✓\n\n
121263,1566,谢玉群,2019-12-25 05:04:25,4,4,0,上了老师的实验课，老师说话确实很直，可能让很多人不舒服。虽然有些观点显得过于传统但是还是很有趣的一个人。实验课很注重学生的能力和兴趣探究而不是拘泥在实验内容。
121510,1566,谢玉群,2019-12-13 15:49:39,2,2,0,挺好的，做实验有问题他会及时解答
122093,1566,谢玉群,2020-02-12 14:23:42,4,4,0,他对学术的追求大概是很严格的，但是谈吐真的很偏激，而且很喜欢向人灌输他的思想。
122445,1566,谢玉群,2020-02-28 02:38:21,12,12,0,“健康的社会不应该只有一种声音”，这是微博、朋友圈很常见的一句话，可到了自己身上很多人却接受不了了。谢老师的观点与大众传统不同、表达方式或可称为真实，但这恰恰应该成为值得我们珍惜的，亲身尝试浓硫酸的勇气又是多少人能做到的？你们说他歧视文科生，可老师本身又富有人文学识，你若自认学问更深又为何要计较他人评价呢?一个勇敢、真实的老师值得被珍惜，不应该像国懿老师那样，等到失去才知道珍惜。
122985,1566,谢玉群,2020-04-27 12:56:33,1,1,0,听说工化成绩出了……名字很合老师心意
123843,1566,谢玉群,2020-06-15 02:08:18,3,3,0,普化实验，老师特别喜欢讲红楼梦，特别喜欢比较中西方和文理科，网课听得比较痛苦，大半节课都在讲别的……实验体验还行
125126,1566,谢玉群,2020-09-01 11:39:06,2,3,1,老师人挺好挺和蔼的，很喜欢与同学交流。
126026,1566,谢玉群,2020-09-16 15:07:13,-2,2,4,就对很多事情很有偏见，还认为自己是对的
126181,1566,谢玉群,2020-09-18 12:34:08,7,9,2,是的，他第一节课的大部分内容或许确实与化学实验毫不相干。但是作为一门通识课，无论你赞同与否，他都传授了许多他自己独特的人生观。赞同可以鼓掌叫好，而不赞同却绝不能是给老师打低分的理由。ZJU应该以有这样特立独行的老师为荣，也真正的做到了“大不自多，海纳江河”。而第一课更是通过亲手沾浓硫酸来教授同学如何冷静、正确地应对类似的实验室突发情况。还有什么样的授课方式能比言传身教更有冲击力和影响力呢？10分实至名归，无可挑剔。
126839,1566,谢玉群,2020-10-22 15:24:07,1,4,3,猥琐哈哈
127057,1566,谢玉群,2020-11-04 12:46:31,5,8,3,作为一个化学老师，能够博古通今，妈的不给十分？
127314,1566,谢玉群,2020-11-20 03:49:48,10,12,2,老师可太有意思了。每节实验课必讲红楼梦。\n\n感觉是道家中人，和他聊周易老子聊的很愉快。上课的时候偶尔嘴瓢说些话但我觉得老师也没有歧视的意思啊\n\n我是女生，老师和我聊的来和其他同学也是有问题就指出，虽然是“怎么这么笨'“没有一点生活经验”之类的话，但是却也是笑着说的。老师也有一个女儿。可能他只会用激烈的方式表达一些事情？\n\n感觉老师绝对是已经超脱红尘了。。。
127354,1566,谢玉群,2020-11-21 02:13:44,1,2,1,思想非常独特的老师，会和你讲很多养生之道和人生哲理，上课很有意思
128151,1566,谢玉群,2020-12-09 00:21:13,1,2,1,真的是很有个性的一个老师。相处多了这种个性也会让人能够接受
128366,1566,谢玉群,2021-01-30 04:48:53,29,31,2,若干年前，谢玉群可是被誉为浙大四大才子之一，现在，唉，时过境迁，只能整点“国学智慧”了
128920,1566,谢玉群,2020-12-27 02:12:44,6,7,1,独立的灵魂\n\n或许思维的碰撞也是大学的特色之一吧\n\n不喜欢也不讨厌很正常
129056,1566,谢玉群,2020-12-29 07:44:55,3,4,1,老师上课很有意思，这种化学实验课才能真正学到很多东西，并不只是简单的书本上的内容，老师虽然话说起来会让有些人感觉不习惯，但老师心地很善良，对同学们也很好，刀子嘴豆腐心。一定要选他！！！
130463,1566,谢玉群,2021-01-22 14:57:22,2,6,4,真的很幸运可以来上老师的实验课。意外的能在实验课上听到有关周易、红楼梦等内容，真心觉得老师您做到了融会贯通，把易经的思想内容和化学内容结合起来，让我不仅仅是在上实验课。都很期待每次上课的内容，因为个人对周易也挺感兴趣。在大学课堂能听到这样的课，实属幸运。铭记老师的话，不要从众。 真的很感谢老师，是我这么多年来第一次遇到的思想这么特别，知识面广融会贯通的老师。虽然给分不算特别高
130564,1566,谢玉群,2021-01-23 16:16:00,1,5,4,洗一洗，别说了什么就觉得老师不好
130590,1566,谢玉群,2021-01-24 01:27:29,0,4,4,老师超级好，助教也超级好（就是可能平时实验报告给分比较平？）不过最后给分很好，i了i了
131355,1566,谢玉群,2021-01-27 07:20:27,4,7,3,老师给分不错，最后一节课也复习了很多最后考到的也不少，而且老师能把化学知识用通俗的语言阐述清楚，这难道还不算是好老师吗？虽然老师的部分观点可能确实有些偏激，或许令你难以接受。你可以选择不认同，但不能因为不认同而去否认他的教学水平以及对红楼梦周易中医等还算很深入的理解吧！捍卫老师说话的权利，10分！
133263,1566,谢玉群,2021-02-22 00:55:41,3,5,2,“那些中学老师，都恶心死人了！” 然鹅讽刺的是，他本科毕业后就当过三年中学老师，后来才读了硕士并留校任教至今。
133652,1566,谢玉群,2021-03-03 08:51:36,9,12,3,刚上完第一节课，老师很有个性。的确有些观点听起来有些偏激，但我感觉都是在开玩笑的口气说的，老师的观点很独特，对红楼梦易经以及生活的理解和化学贯穿，让一个非化学专业的学生都能听得很敢兴趣，之后听说老师亲手试硫酸。更加敬佩了，反正我觉得很真实很有个性的一个老师，教学能力也很出色，当然有不好的地方，但绝对是一个能打8、9分的好老师。我私心给了10分是觉得老师评分太低了
136344,1566,谢玉群,2021-06-16 14:43:19,0,2,2,严厉了一点，思想也特别有自己的个性（有些狂，哈哈），ppt就很特殊，感觉上实验课有另一种感觉。讲得多，做实验时间就少了，手残党表示。。。
136856,1566,谢玉群,2021-06-26 03:27:43,9,10,1,两年前上的普化实验。现在在玉泉\n\n还记得那个学期的实验课上\n\n他说的最多的一句话就是\n\n“那些中学老师，都恶心死人了”\n\n当时觉得老师是个明白人，敢于针砭时弊\n\n后来发现了一个名叫浙江大学教师个人主页的网站\n\n怀着好奇，我搜索了“谢玉群”\n\n赫然发现他的主页上第一句话就是\n\n“本科毕业后，当过三年中学老师”
137198,1566,谢玉群,2021-07-02 07:47:01,4,5,1,老色胚，经常打我屁股摸我头，还喜欢在课件上放他自己偷拍的照片（我男的）
138021,1566,谢玉群,2021-07-07 05:37:52,15,15,0,与一些得分很高的老师相比，我更喜欢谢老师这样的老师
140505,1566,谢玉群,2021-09-13 06:21:57,12,13,1,化学老师？\n\n不不不，是国学大师和人生导师。
140511,1566,谢玉群,2021-09-13 07:54:50,1,1,0,大家都来报谢老师的课啊/招手/招手
140664,1566,谢玉群,2021-09-15 02:39:54,5,6,1,谢老师yyds，虽然有些偏激
144434,1566,谢玉群,2021-12-21 13:23:41,44,46,2,我是女生，我一入学就打算转专业到汉语言文学\n\n谢玉群老师是我对理科留恋的唯一原因\n\n要不是他我第二轮专业确认肯定会铁了心转的\n\n这是我唯一觉得有趣的理科课程\n\n至于什么歧视之类的，谢玉群老师对女生真的很温柔\n\n想选汉语言文学的我也并没有因为某些人所谓的“歧视”而感到不开心\n\n他不仅仅会讲课程书本设置的内容，对思想的启发真的很大，学习的乐趣就在于此吧\n\n做实验他不要求数据准确的，所以我们可以大胆放飞自我而不吹毛求疵在乎结果\n\n而且冬天会让你不要脱衣服，以及怎么穿实验服，找对象，养生，真的人超好的\n\n当时我做完实验一个人去讲台上看看他讲解时摆弄的仪器，他就把课上因为时间原因没来得及讲的内容给我认认真真讲了好久，并不在乎只有一个人听\n\n像这样不在乎形式而在乎内容、在乎用心，真心希望启迪学生的老师，真的很少了\n\n我直接一点，一位老师笑着说太蠢了然后指正学生的错误操作、亲自把实验服肩头给学生扯好然后又笑着说连实验服都穿不好，你会觉得这是侮辱蔑视？？？\n\n老师人真的很好，选他我真是赚大发了\n\n这是我喜欢理科喜欢化学喜欢实验的原因，会教你什么是商品的所谓的“含有丰富的人体所需物质”会告诉你三鹿奶粉是怎么搞出来的会教你怎么“吹捧产品糊弄老百姓”，说到底，他教自己的学生不要受骗，不要只看到表面，不要受到束缚，不要盲从，不要以为权威就是对的，什么是批判性思维，老师用自己的这样的方式活生生地教你\n\n我也不会照单全收他的观点，但和自己的参照，受益匪浅，幸好当时没有根据评分退课，其实这样也好，让那些只看评分的人远离也不错\n\n如果你缺少自己的思考能力，缺心肠缺心眼以及缺碘缺锌，不要选，自己的问题自己的臆想不要怪老师。\n\n就问，思想肯定是会在普通的语言中消减的，老师不做自己不直白勇敢地阐述自己的观点，甚至夸张一些，大众能听进去？？？
144490,1566,谢玉群,2021-12-22 00:59:46,2,2,0,yyds
145345,1566,谢玉群,2021-12-29 08:54:40,14,14,0,呜呜呜忘了要谢老师签名\n\n老师教会我思考与不盲从\n\n给他十分是因为只有十分
146101,1566,谢玉群,2022-01-05 13:00:08,4,4,0,给助教打call！！
146187,1566,谢玉群,2022-01-05 16:52:05,3,3,0,我真的爱死这个男人了
146899,1566,谢玉群,2022-01-08 03:02:53,1,1,0,好，讲得很深刻( ｰ̀дｰ́ )
147777,1566,谢玉群,2022-01-10 23:49:46,3,3,0,最讨厌形式主义的实验报告
147821,1566,谢玉群,2022-01-11 03:00:29,4,4,0,实验讲得不错，就是上课老喜欢讲道家阴阳和红楼梦，助教实验报告给分挺好，卡绩有点郁闷，我打八分吧
150009,1566,谢玉群,2022-01-18 09:22:42,1,1,0,实验，挺好
150483,1566,谢玉群,2022-01-26 11:06:15,0,1,1,哼，有趣的老师
151557,1566,谢玉群,2022-03-07 13:51:15,1,1,0,歪瑞古德啊
152027,1566,谢玉群,2022-03-23 12:06:34,3,3,0,我学的不是实验，我学了更多
152457,1566,谢玉群,2022-04-12 05:25:27,1,1,0,nice
153148,1566,谢玉群,2022-04-26 06:16:50,0,0,0,啊这还行
153149,1566,谢玉群,2022-04-26 06:23:39,-1,1,2,实验课，听麻了
153267,1566,谢玉群,2022-04-27 08:39:13,4,4,0,很好的老师，有独立的思想
155229,1566,谢玉群,2022-06-09 13:42:15,7,7,0,电子天平称量中存在刚柔相济，普化实验不上谢老师的课是不完整的
155526,1566,谢玉群,2022-06-14 03:11:07,9,10,1,谢老师博古通今~上课会把化学和哲学、文学、经济学的知识融合起来，挺不错的。虽然会骂骂学生，但也是为了让你对规范的操作印象更加深刻。\n\nBTW，助教姐姐人美心善！
155814,1566,谢玉群,2022-06-16 05:49:19,6,7,1,老师是真正的大师，对自然科学的见解非同一般，对学生也非常负责，虽然很严厉，但教你的都是有用的。至于其他言论，大学生们至少应该学会独立思考，觉得有道理的就接纳，没道理的久不听呗
156139,1566,谢玉群,2022-06-18 02:28:57,2,2,0,讲课有特点的老师，很关心学生
158911,1566,谢玉群,2022-07-03 08:07:01,0,1,1,国学智慧班唔
159214,1566,谢玉群,2022-07-08 07:10:37,1,1,0,谢老师很不错 有很宏大的世界观
160106,1566,谢玉群,2022-09-13 08:22:02,0,0,0,good
160136,1566,谢玉群,2022-09-13 15:47:56,0,0,0,很有态度
160716,1566,谢玉群,2022-10-05 06:49:47,0,0,0,很好的老师
160763,1566,谢玉群,2022-10-10 06:29:15,1,1,0,非常好的一个老师
160785,1566,谢玉群,2022-10-11 09:47:29,2,2,0,博学而幽默，上课轻松自在，（除却对文科生的些许不屑）
163399,1566,谢玉群,2022-12-14 08:17:35,7,9,2,老师有些观点确实带有个人主义，但依然不能否定老师是一位有自己思想的好老师，不知道评论区为什么戾气这么重，老师上课会讲很多实验之外的东西，也会认真思考实验操作的改良，我们所做的实验都是他改良后的操作，老师在下课后也会自己一个人默默进行打扫，真的是很好的老师。
163545,1566,谢玉群,2022-12-15 04:06:28,1,2,1,老师很认真，上课会拓展很多东西，老师也很有趣
163623,1566,谢玉群,2022-12-16 00:41:05,13,13,0,22年刚刚上完谢玉群老师课的同学来评价一下\n\n我不知道以前他是什么样子\n\n至少在教我们的时候并没有出现什么明显歧视女性的词汇\n\n可能也是收了些锋芒\n\n尽管我认为他前面对易经啊等等中医理论的讲解确实像废话\n\n但是他对实验的讲解是绝对很好的\n\n也曾经手试浓硫酸\n\n总是叫人站直了做实验确实有点烦（因为我经常弯腰）\n\n但态度确实没得说（接受不了他那种说话方式的我不予置评）
163671,1566,谢玉群,2022-12-16 02:30:36,0,1,1,老师挺好的
163702,1566,谢玉群,2022-12-16 03:33:33,0,1,1,谢老师的课生动有趣，就是其他内容太多了
164472,1566,谢玉群,2022-12-21 07:12:40,5,5,0,幽默风趣，很聪明的一个人，可惜就是线上再也不能听他骂我蠢了
164820,1566,谢玉群,2022-12-26 09:55:06,15,15,0,在选到谢老师的课之后上查老师看评论真的有被劝退的想法，但现在回过头来，如果当时真的换了老师，或许会很遗憾吧…谢老师知识真的非常渊博，很有自己的看法（但你如果不认同完全可以左耳进右耳出）。在他的课堂上真的能学到很多，包括但不限于《红楼梦》、中医学、易经、哲学，与其说是知识，不如说他在努力传达给我们一种方法，一种态度，一种道理！真的是很开明的老师，在学生面前无半点架子，是真心想帮学生提高的好老师！感谢谢老师！
166175,1566,谢玉群,2023-01-11 09:56:22,5,7,2,还是挺喜欢谢老师的，实事求是的说，谢老师可以把部分中医方面的知识与现实、化学联系起来，我觉得很奇妙。（肯定会有人觉得这是课程之外的废话，观点不一样吧）\n\n确实是很求是地按平时来打分的，只要好好写实验报告、好好地按老师的要求来我觉得绩点不会很低。（我和朋友的情况是这样）\n\n在这门课确实学到了很多东西，当然老师还是会有骂人的时候，由于我对这种东西免疫，所以我觉得无所谓。只是当时翻个白眼就结束的程度。（个人看法！！！）\n\n特别表白李梦杰助教！助教真的人超温柔，我一直在骚扰助教问问题，助教一直很耐心的引导我去思考，也没有不耐烦。\n\n谢谢助教和老师这一学期的教学！祝身体安康、心想事成！
168647,1566,谢玉群,2023-02-20 14:17:52,3,5,2,老师人真的很好，中医化学文学融会贯通😋
169815,1566,谢玉群,2023-02-28 04:18:37,6,9,3,自由之风永远吹拂
169908,1566,谢玉群,2023-03-07 12:08:13,6,14,8,老师知识量很渊博，思想很有趣，\n\n记录2023.3.7名场面——手试盐酸！我属实大开眼界，看傻眼了
169921,1566,谢玉群,2023-02-28 11:45:18,-2,6,8,就我看来 有些东西 即使是玩笑话 也不是能随便指摘的
169940,1566,谢玉群,2023-02-28 14:16:11,-6,5,11,朵朵上慕名而来
169958,1566,谢玉群,2023-02-28 15:44:17,-8,6,14,yue了捏什么脑瘫
169963,1566,谢玉群,2023-02-28 17:41:51,-7,6,13,多多慕名，yue了
175296,1566,谢玉群,2023-06-23 11:11:29,5,6,1,曾经的四大才子之首。\n\n之前的课被停了，所以会在使实验课上将讲国学。\n\n有自己独到的见解。\n\n还请多包容。
175617,1566,谢玉群,2023-06-26 02:19:13,7,10,3,虽说可能有些不同寻常，但总体上是个好老师，风趣幽默😉
181440,1566,谢玉群,2023-10-17 16:33:42,10,10,0,啊，为何我如此伟大，为何我如此聪明
181805,1566,谢玉群,2023-11-01 07:31:54,3,4,1,感觉谢老师无论性格、谈吐、举止、穿着（白大褂）、做事风格、讲话口吻、价值观都神似《瑞克与莫蒂》里的瑞克外公
183792,1566,谢玉群,2023-11-30 06:30:36,0,4,4,单纯针对前面的言论\n\n\n\n“希望理工科学生不要被不懂科学的、人云亦云的文科生误导。理工科学生也应当站出来，不要让文科生黑掉这位手试浓硫酸的伟大老师。”\n\n\n\n能说出来这种话你的脑子是真的有毛病
184443,1566,谢玉群,2023-12-20 01:01:20,2,3,1,老师人还是挺好的，虽然上课还是会讲一些阴阳五行，养生等等内容，但不会导致拖堂，（一般还提前下课），指导实验也很认真，讲知识点也很认真，还会带很多东西来给我们展示
184917,1566,谢玉群,2023-12-24 10:01:30,0,1,1,总的来说很不错的老师
185027,1566,谢玉群,2023-12-26 02:25:14,-1,0,1,对于这位老师的言行，我只能评价一个抽象。但是老师教实验确实尚可。所以给个8分吧……
185161,1566,谢玉群,2023-12-27 01:42:04,-7,2,9,1分是查老师的极限，不是谢玉群的极限
185269,1566,谢玉群,2023-12-27 12:29:06,4,5,1,听不惯谢玉群的课可以在第一周退掉补选其他老师的课，可以不用在这里像小丑一样哼哧哼哧上一个学期课然后在这里匿名差评😋没活可以去1分林建华😅😅😅
185415,1566,谢玉群,2023-12-29 03:52:13,2,2,0,老师挺好的
186041,1566,谢玉群,2024-01-08 03:49:51,3,3,0,老师人还是很好的，很有意思，正常绝对9分以上，就怕正义感爆棚的同学们看不惯（doge）
186246,1566,谢玉群,2024-01-10 05:05:26,2,3,1,非常非常好的老师，除了有些言论女生会听得不太舒服之外，我觉得没有不给他10分的理由！
186247,1566,谢玉群,2024-01-10 05:05:50,1,3,2,老师上课会拓展很多知识点，看见你操作失误会亲身下来指点，也不骂人，给分又很好，是个好老师！！
186271,1566,谢玉群,2024-01-10 09:40:27,2,3,1,谢大师超好的！！！！！再夸夸助教，助教也超好的！
186293,1566,谢玉群,2024-01-10 11:03:44,2,2,0,老师很好但我的绩点不太好看，人还是挺有趣的
187157,1566,谢玉群,2024-01-15 00:32:48,0,2,2,run，授课时不讲实验步骤，大谈《易经》《红楼梦》（如其化学系个人主页所写）【观点非常逆天，之前还在微博上发过，但是现在微博好像被封了】，还拖课讲，蕴含传统重男轻女思想，歧视文科、工科、农科，全盘接受传统中医理论，否定现代医学。对实验规范严于律人，宽于律己。助教给分也差，30分实验报告分平均扣8分（基于多个案例，其他班级一般27+），期末还不捞人，卡绩。除非对其独特思想有浓厚兴趣，否则不建议选。
187993,1566,谢玉群,2024-01-18 02:58:44,6,6,0,很好的老师，大家不要被査老师劝退。谢老师是很有思想的老师，这在浙大算是比较难得的，虽然部分观念比较刻板守旧，但是大家选择性忽视即可。谢老师上课，即使学生坐在第一排当着他的面玩手机都不会生气。但是有1。。不好的就是他的ppt是不会全部发群里的，但这也不是很重要啦，期末考试教材和cc98的资源已经够用了。平时做实验犯错，谢老师和助教小哥都笑眯眯的，总之人很好！而且谢老师不会严格按照教材，他使得化学实验更加灵活。如果你预制的是他的课，放心去上吧！！！
188892,1566,谢玉群,2024-01-20 12:00:46,5,5,0,你若仔细品味，谢老师真的是一位好老师。早八开始的，四节课的普通化学实验课，一般人可能听到谢老师上课要讲近两个小时的讲儒释道三道和各种养生之道与红楼梦，就开始感到昏昏欲睡。但事实上，如果认真去听（当然一直全神贯注不太现实，你可以间歇性开摆）你会发现谢老师是一位很有自己想法的老师，他所讲的一些养生知识也的确可以在生活中被我们运用。谢老师讲解实验过程的条理清晰，也会补充一些原理与知识点，重要的是谢老师不会盲从课本讲义，而是会根据自己实验时的一些数据来让我们进行一些调整。谢老师人也很好，平时实验过程中有什么问题，去询问他，他也会耐心解答；老师还会鼓励你去多尝试玩玩一些实验仪器，让我们少玩手机。虽然有些时候上课会有一些比较“惊人”的话语，但我个人认为谢老师的三观还是非常正确的，有些话可能并不是他想表达的本意？虽然听起来会有些些不舒服。总体来说，如果能忍住不一直玩手机，能听听谢老师讲的各种“道法”，还是能学到很多东西的，谢老师是一名不错的老师！
191106,1566,谢玉群,2024-04-03 11:27:53,1,2,1,老师人很好，模仿孙悟空特别像，给分好，会捞，而且上课会讲知识点（就是讲之前和讲时候会穿插一些输出），但是老师真的还挺好玩的，是个有想法的老爷子。
191934,1566,谢玉群,2024-05-06 00:33:22,1,1,0,老师挺有意思的，虽然讲一些实验之外的，和大家观念不一样的东西，但是人很好
192294,1566,谢玉群,2024-05-14 06:29:20,1,1,0,上课氛围轻松 挺好的
193951,1566,谢玉群,2024-06-21 04:20:43,4,4,0,求是地说，谢老师的言论不无偏激。但我想作为top3学子，也该有自己的三观，不至于和老师观念不合就一棒子打死。谢老师上课还是风趣幽默富有激情的，并且能够学到不少东西，最后给分也还可以。老师要退休了，后来人学不到谢老师的课程，也算是一种遗憾吧。
195648,1566,谢玉群,2024-06-29 06:59:37,0,0,0,自己感受去
206507,1566,谢玉群,2024-12-15 15:04:52,1,1,0,事实上挺好的一个老师
1499,1590,李浩然,2015-03-22 08:15:32,1,4,3,提升你的学习境界
4012,1590,李浩然,2015-06-17 13:49:53,0,5,5,多和老师聊聊挺好的
9657,1590,李浩然,2015-11-04 00:44:50,-8,9,17,听的懂，很好。
11571,1590,李浩然,2015-12-06 08:24:12,28,35,7,浙大最牛量子力学老师！！！
11786,1590,李浩然,2015-12-15 10:47:37,2,5,3,这老师物理不是一般的好！
11821,1590,李浩然,2015-12-16 07:25:08,-9,1,10,oj s h s h s j s j s j s
12811,1590,李浩然,2015-12-24 05:47:10,1,6,5,多和老师聊聊人生吧，挺好的
14395,1590,李浩然,2016-01-07 01:32:42,51,70,19,讲的特别浅显易懂。（本句话只对高中化学竞赛省一以上并且熟练掌握结构化学、量子力学、常微偏微方程的大一上新生适用）
17736,1590,李浩然,2016-01-20 22:57:05,1,3,2,呵呵呵呵
18145,1590,李浩然,2016-01-21 08:20:29,17,18,1,如果你对自己的物理很自信，可以选。如果想对学弟学妹说什么：千万别学化学
18413,1590,李浩然,2016-01-21 14:44:49,-1,2,3,多给一分行不行啊⋯⋯
20474,1590,李浩然,2016-01-27 17:00:27,0,2,2,喔喔 喔
23749,1590,李浩然,2016-04-14 11:59:35,-5,3,8,只是说水平一般
24091,1590,李浩然,2016-04-27 01:37:58,0,6,6,很好的老师 上课生动有趣 虽然课程繁琐 但是授课很有耐心 自带学神光环 膜拜
24190,1590,李浩然,2016-04-28 07:30:53,8,8,0,亿万符文的课你懂么
34635,1590,李浩然,2016-11-10 09:33:49,12,12,0,没法听懂
35021,1590,李浩然,2016-10-30 11:51:42,-11,6,17,烂，不想多说，不明白他怎么还会有7分多的评分
37945,1590,李浩然,2017-01-11 15:10:40,4,6,2,看到期末考试量化占80我能说什么\n\n
38733,1590,李浩然,2016-12-16 00:30:44,5,6,1,这门课读作量子物理
39588,1590,李浩然,2016-12-26 01:53:24,7,13,6,两个字：呵呵\n\n完全不明白为什么会出现在培养方案的推荐课里，更不明白为什么我选择不退课
41208,1590,李浩然,2017-01-10 04:14:13,13,17,4,今天是最后一节课，讲了艺术，人文，科学之类的。真的是很博学很有趣的老师。虽然讲的对于求化之外的人很难，但是助教姐姐，哥哥很好，考试不是很难，判得很松。最后小测的时候老师还在旁边提醒我一个题?虽然最后我还没做出来，对不起老师，一定好好考期末
43205,1590,李浩然,2017-01-16 03:39:08,15,18,3,硬生生地把普通化学上成了数理玄学，建议修完物化量化结构化学什么的再来修lhr的普化
44718,1590,李浩然,2017-01-18 06:55:14,-1,4,5,很好\n\n给分好\n\n
51893,1590,李浩然,2017-06-13 08:05:56,4,5,1,边上课边看物化效果可能会好一点…量化还是要重点掌握…顺带自学微积分味道更佳_(:_」∠)_
58221,1590,李浩然,2017-08-25 12:44:04,0,4,4,谱学♂给学 求化萌新两大秘籍
60074,1590,李浩然,2017-10-09 13:04:38,8,11,3,物理没有省一不要选他的化学课
60809,1590,李浩然,2017-10-30 14:09:54,0,6,6,爽的一b，感觉非常不错，觉得这个老师讲的真好，上课真的很舒服，还不用占座，打call
60810,1590,李浩然,2017-10-30 14:32:39,3,8,5,不用占座，从不点名，讲课非常好！强烈推荐
62778,1590,李浩然,2017-11-27 02:58:28,12,15,3,你如果没有结构化学，量子化学以及物理化学的造诣，你来听这节课就是听老师和一些竞赛出来的同学在嗨。看讲义你也不见得懂，还不如课后看网上的视频和参考书籍。对于这节课，就是给已经学过的同学准备的。
65640,1590,李浩然,2018-01-08 02:48:57,-1,1,2,好，真的好
66520,1590,李浩然,2018-01-17 06:38:00,6,9,3,我觉得李浩然老师是一个很有个人魅力的老师，虽然我这一学期的课都在吃老本，但是我觉得他的普化虽然上起来累，但是是能让你学到东西的。李老师是教物化的，所以后面物化讲的很棒，我个人认为是非常好的。不过如果当时自己竞赛学得不好就不要选了，可能会很吃力。绩点的话还不知道，因为没考试呢，应该不会吧？
67276,1590,李浩然,2018-01-20 14:49:17,1,4,3,不占座 不点名，有个谢顶的助教哥哥真的好帅!给分也不错，课讲的也很好，强推!
88634,1590,李浩然,2018-11-04 17:57:49,7,10,3,浪费时间看一堆有基础的人和老师瞎玩，自己只能学到打击，纯粹是浪费时间，不如选普化乙，能真的学到有用的化学。
89329,1590,李浩然,2018-11-18 12:55:18,0,1,1,听不懂
91176,1590,李浩然,2018-12-02 15:10:53,1,2,1,他应该觉得他教的算是正常普化吧
98327,1590,李浩然,2019-01-23 10:23:10,3,4,1,李老师教的普化相当于结构化学和物理化学的集合。难度比较大，没有基础的同学会比较吃力。但是，如果你选了，好好学，多看书，成绩也会好的。
102785,1590,李浩然,2019-02-23 04:12:04,2,3,1,他用自己生动形象的讲义带大家浏览了一遍化学，然后就好像就应该什么化学都会了？他的讲义错别字很多，复习的时候很烦人，学他的课，一定要自己找一本教材认真过一下（说起来开学的时候他推荐过一本，还很热心的帮大家订，我们太懒了没要）
115494,1590,李浩然,2019-07-28 22:40:17,17,18,1,他的普化甲和正常的普化甲区别很大的说
118899,1590,李浩然,2019-11-07 12:31:52,2,3,1,老师很可爱！知识渊博 上课侃侃而谈 浅入深出?  非常耐心地回答我们问题 还给我们买小玩具！
118947,1590,李浩然,2019-11-08 07:51:06,5,7,2,竞赛生很开心，非竞赛生很痛苦，但真的很有意义。
120741,1590,李浩然,2020-01-16 06:16:19,0,4,4,老师人超好。课也讲的很好。就是这绩点让我丧失了在浙大活下去的勇气。
128532,1590,李浩然,2020-12-23 15:35:36,13,14,1,李老师用的是MIT的体系在上普通化学，要求自然是，很高。\n\n需要同学的脑袋保持不死板（但是浩然确实跳过了很多基础知识，需要，自己查知乎）\n\n另外一说，李老师写的讲义可以称得上真正的教材（同样地，跳了很多东西），国内的教材，大都太像读书笔记了
142620,1590,李浩然,2021-11-14 15:28:02,0,5,5,我觉得这是第一个给我讲明白基本的化学的老师，真的超级爱，我第一次真正理解薛定谔方程，第一次真正理解能级，第一次学明白了general chemistry ，这门课才是general的本意。但想要学明白本来就要求一些物理基础，注意：真的只是需要一定的物理基础，没有前面几位讲的那么恐怖，讲的真的很好，而且这门课本意也不是开给其他同学听的吧，
143976,1590,李浩然,2021-12-15 01:57:08,0,1,1,老师讲的特别好
145067,1590,李浩然,2021-12-27 08:14:45,0,2,2,讲义错误太多，公式时常有错
147578,1590,李浩然,2022-01-10 08:48:50,2,2,0,听不懂
148124,1590,李浩然,2022-01-11 14:27:21,3,3,0,老师真的很强，但我真的听不懂，我也不知道为什么我一个预置要求乙的人会来选这个课，就是已经很努力学了但是真的学不明白。物理基础不好的劝退吧😥😥😥反正我已经挂科了，不考虑重修😰
163513,1590,李浩然,2022-12-15 00:38:03,4,5,1,别选，切记
168240,1590,李浩然,2023-02-05 12:42:12,0,1,1,有收获的课程
170353,1590,李浩然,2023-03-03 05:16:26,1,2,1,化专学生。李老师这门普化一开始上课会觉得很抽象（指的只是课程内容难理解！）但是课下花多点时间讨论讨论就不难弄通了\n\n答疑课很认真 耐心解答问题！\n\n总的来说是带领学生走进化学大门的好老师 对学科理解到位 对学生认真负责
173893,1590,李浩然,2023-06-04 07:28:45,-4,1,5,老师学识渊博，讲课富有条理深入浅出，教材编写引人入胜，期末还很捞，快去选！
174101,1590,李浩然,2023-06-06 07:55:04,12,12,0,上过李老师的普化，又当了一学期助教，来写点东西吧。\n\n首先，不要被相同的名称“普通化学（甲）”迷惑了，这门课和正常的普化甲内容和逻辑上都有较大差别，面向人群也仅为竺院求化和强化两个班（李老师自己的表述是欢迎外系同学选，实际上大部分外系同学要么被劝退，坚持下来的最终结果可能也不尽人意），且不配普化实验课，因此不建议外系和化学系基地班同学选择。竺院求化和强化两个班是预置课，问过教学科的老师称虽然代码一样但不能替换，否则不满足毕业要求。\n\n其次，这门课内容还是非常多的，对物化、结构、量子物理的涉及比一般的普通化学要深，但考核完全是回到讲义内容的。讲义内容不少，但总体比较简明，小故事和附文也很有意思，是可以集合出版的程度。建议同学们善用讲义。\n\n最后，考核是三次小测、每次课后作业和期末考试，没有明确斩杀线，你别太摆一般挂不了，但也不调分，高分不简单。
187185,1590,李浩然,2024-01-15 03:45:43,2,2,0,老师很牛，课程很难，没有化学或者物理竞赛背景和听天书差不多。老师上课思维比较跳脱，讲义讲着讲着就会扯开去，而且很多时候一讲内容一堂课讲不完，所以预习是很有必要的。至于小测和期末考试，我只能说随缘吧，看开点总是好的，就当自己用绩点换长见识吧。
193072,1590,李浩然,2024-06-03 08:28:12,0,0,0,大一不可多得的学到真东西的课，需要有一点点基础
197125,1590,李浩然,2024-07-08 03:27:06,8,8,0,两年过去了，现在才意识到，lhr老师一定是化学系最负责认真之一的老师了，普化是为数不多真正能够学到东西一门课程，虽然很难；其他课程老实说考完就忘，但普化不同，可能还有不少没学懂，但印象是很深刻的，那张A4纸不夸张的说可以当做化学学习的框架了。最后，感觉没有必要过于纠结于绩点吧，在这门课的收获远不止绩点。
197736,1590,李浩然,2024-08-07 04:54:17,0,0,0,“启真班招的学生比高考招的学生更准。”浙大化学系教授李浩然本身就是个“天才”，才20岁就从浙大化工系本科毕业。他曾放言，如果让他给本科生上课，他只愿意给启真班上。“这种对比太明显了，没经历过高三的学生，进了大学还很活，求知欲旺盛，而经历过高三的学生好像都蔫耷了。”\n\n\n\n李教授给求是科学班和启真班同时上普通化学，每周有一天专门在化学实验楼里等着给学生答疑，结果来问问题的学生里10个有9个是启真班的学生，而且启真班学生问的问题一个接一个。\n\n\n\n但李浩然并不认为“一刀切”地取消高三，就能扫除高三的弊端。“因为那样的话，高二可能就变成了高三，学知识的进度全部前移。”
197737,1590,李浩然,2024-08-07 04:53:42,0,0,0,“启真班招的学生比高考招的学生更准。”浙大化学系教授李浩然本身就是个“天才”，才20岁就从浙大化工系本科毕业。他曾放言，如果让他给本科生上课，他只愿意给启真班上。“这种对比太明显了，没经历过高三的学生，进了大学还很活，求知欲旺盛，而经历过高三的学生好像都蔫耷了。”\n\n\n\n　　李教授给求是科学班和启真班同时上普通化学，每周有一天专门在化学实验楼里等着给学生答疑，结果来问问题的学生里10个有9个是启真班的学生，而且启真班学生问的问题一个接一个。\n\n\n\n　　但李浩然并不认为“一刀切”地取消高三，就能扫除高三的弊端。“因为那样的话，高二可能就变成了高三，学知识的进度全部前移。”
199685,1590,李浩然,2024-09-27 13:30:45,-31,0,31,一坨纯屎，讲课讲的一坨屎，遍的破几把讲义也是一坨屎，讲义一堆傻逼玩意儿，哪里他妈是普化？摊上这种傻逼老师真是特么的倒霉到家
205367,1590,李浩然,2024-12-05 06:59:50,2,2,0,很好的老师，很喜欢听他的普化甲
205581,1590,李浩然,2024-12-09 14:36:58,2,2,0,讲得很好，很喜欢李老师的普化甲！
207876,1590,李浩然,2024-12-25 10:54:56,6,6,0,老师教学很认真，教案应该是是李老师自己编写的，在各个知识点旁边时有他自己画的草图，很好玩哈哈哈哈\n\n而且李老师非常平易近人，虽然知识内容确实相当难，但是他上课总能用很有趣的比喻，比方说“酸和碱”比作“穷人和富人”（电子），而且“穷人会酸”，“富人很涩（色）”再比方说把化学键比作婚约，把分子间作用力和化学键比作人与人之间的缘分，还有做功类比跳楼和电子成键比喻作打牌等等等等，上课很能旁征博引很有趣很引人入胜\n\n两位助教老师也非常非常认真细心和温柔热心！很喜欢普化课！\n\n（PS：期末考，老师捞捞😆😋😚）
210219,1590,李浩然,2025-01-08 12:06:54,4,4,0,如果你是竞赛生，你会学得很轻松很快乐\n\n如果你不是竞赛生，你会学得很快乐
8372,1596,周仁贤,2015-09-19 15:19:51,9,13,4,老师很棒
29395,1596,周仁贤,2016-06-29 16:16:13,5,6,1,一个萌萌的老头子
47891,1596,周仁贤,2017-02-27 04:17:53,2,2,0,摸鱼，爱学习的朋友不知道能不能爽到啊
49929,1596,周仁贤,2017-04-27 09:01:35,1,2,1,好老师。。。。。
77143,1596,周仁贤,2018-05-03 02:18:05,0,1,1,老师的课真的很棒
77146,1596,周仁贤,2018-05-07 06:50:32,1,2,1,最后一届环境化学，只有十来个人……只要每节课都去了，最后考试给提纲，稍微背一下考试写错了好多都感觉给分好棒！ｂ(￣▽￣)ｄ
104044,1596,周仁贤,2019-03-11 02:56:16,0,1,1,楼下都是水军吗？
106555,1596,周仁贤,2019-04-28 06:07:32,6,7,1,仪器分析..好难受
106556,1596,周仁贤,2019-04-28 06:27:13,5,6,1,入学三年第一门不算平时分的课
106584,1596,周仁贤,2019-04-28 08:00:31,1,6,5,对于老师上的仪器分析，我花了几个小时只背了提纲，最后上4，并没有觉得老师的题超很多纲，与其怪老师和助教，不如想想为什么一门只需要记忆的课你考成这样。
106594,1596,周仁贤,2019-04-28 09:01:09,0,2,2,我觉得老师挺好的呀
106635,1596,周仁贤,2019-04-28 13:14:19,1,2,1,没有平时分\n\n不多说
106947,1596,周仁贤,2019-04-30 10:47:41,0,0,0,给分奇差。。\n\n
109783,1596,周仁贤,2019-06-19 07:33:19,2,2,0,老师挺好的
135769,1596,周仁贤,2021-05-24 23:51:31,5,6,1,分化讲的着实有点困 带一点口音
155844,1596,周仁贤,2022-06-16 08:19:23,2,2,0,一般吧，讲课不如自己看书，老师在上面念着，反正老师要退休啦，祝老师退休快乐
23116,1658,唐睿康,2016-03-18 03:29:30,22,25,3,唐给康
23158,1658,唐睿康,2016-12-27 20:01:27,0,11,11,学化学一定要选这门课
23823,1658,唐睿康,2017-12-24 11:18:11,19,21,2,gay康
26527,1658,唐睿康,2016-06-22 11:02:25,-12,5,17,老师超级认真负责，真正在教课的好老师!
27037,1658,唐睿康,2016-06-22 11:00:22,3,15,12,不上一次终身遗憾，浙大最值得听的一门课
27281,1658,唐睿康,2016-06-24 11:35:08,8,12,4,腊鸡给康毁我青春
27399,1658,唐睿康,2016-06-25 16:34:09,-9,2,11,无与伦比
27922,1658,唐睿康,2016-06-28 05:34:50,-9,7,16,虽然他的课真的很累很多事，但是老师不唯考试分数不唯绩点是论的思想在现在追求GPA的大学环境中还是很值得欣赏的
28057,1658,唐睿康,2016-06-28 08:02:50,8,13,5,垃圾老师，3学分的课事情有15学分的课多，浪费时间给分又差，害死人了
28391,1658,唐睿康,2016-06-28 08:48:56,4,6,2,有点自以为是
31714,1658,唐睿康,2016-07-04 14:49:51,1,5,4,讨厌死了
32895,1658,唐睿康,2016-12-27 20:00:57,6,11,5,磨学生时间的老师，最是可恶！\n\n写报告什么的，你说你也说清楚了评价标准呀！啥也不说，我们花20个小时写的报告，最后只因为格式问题给个D……
33750,1658,唐睿康,2016-09-21 10:29:54,-8,5,13,与其他老师截然不同，非常好，求化最好的课之一
33776,1658,唐睿康,2016-09-21 12:28:02,0,3,3,很难评价
38859,1658,唐睿康,2017-05-04 04:04:21,8,9,1,我们给知道……
48449,1658,唐睿康,2017-03-04 09:16:15,16,21,5,我并不认为这个老师的教学理念与方式有什么不妥，但我只想说，我们并不是一学期只上一门课
48822,1658,唐睿康,2017-03-14 03:08:17,11,13,2,给里给气的
48956,1658,唐睿康,2017-03-19 04:19:58,7,8,1,论文写到绝望
49413,1658,唐睿康,2017-04-11 06:18:30,7,8,1,呵呵  浪费青春
51293,1658,唐睿康,2017-05-28 06:40:19,8,9,1,很差，就算科研不错也不能为了科研胡乱教学啊\n\n
52789,1658,唐睿康,2017-07-02 00:23:51,4,6,2,怎么说呢，如果无机化学有基础，并且学过竞赛，唐老师是一个不错的选择。如果没有，还是不要了吧，我真后悔为什么选了他的无机化学课。
56593,1658,唐睿康,2017-07-04 05:21:50,5,6,1,给分真的有毒
56885,1658,唐睿康,2017-07-05 02:16:06,0,1,1,自己体会
58107,1658,唐睿康,2017-07-31 08:07:31,-7,0,7,给分还好，上课的模式和一般老师有很大的区别，没有科技论文写作基础以及无机化学（大纲要求的知识）的人慎选
58222,1658,唐睿康,2017-08-25 12:49:33,9,16,7,/作为无机拿了4.5的人我其实内心复杂\n\n求化的同学对gay康其实应该早有耳闻(ps.我数过他半个小时说了487个给字)。给康其实他本人是有非常浓厚的精英主义色彩。。。他内心其实从开始就不怎么瞧得起一般人，他本人是那种天才型的人物，他对很多东西的要求和标准在一般人看来是不可能的。。。他其实上课就没想讲给我们一般人听。。。给分也很随意，玄学给分，基本上上课他非常欣赏的人都有高分，而他没记住名字对无名氏们就。。。emmmm\n\n/吴传德老爷子怎么还不来给我们上无机
63351,1658,唐睿康,2017-12-01 07:37:21,4,5,1,这课的主要问题在于学分太少，事情太多，应该增加2学分
86043,1658,唐睿康,2018-08-29 12:20:57,0,4,4,做事随性，不拘小节，欲得赏识，需要看起来是个天才，否则会很惨，但话说回来，他赏不赏识你跟你有啥关系呢，同学醒醒，点名啦
87809,1658,唐睿康,2018-10-14 16:04:13,6,7,1,大傻逼
104805,1658,唐睿康,2019-03-28 03:30:40,2,2,0,。。。
128127,1658,唐睿康,2020-12-08 03:13:59,-8,5,13,让牙齿再生、给疫苗“穿衣”、造出通用熊猫血……浙大这个团队迸发着奇思妙想\n\nhttps://mp.weixin.qq.com/s/fzmJy8O144UmxWXqhFoaNA\n\n浙江大学第九届研究生“五好导学团队”荣誉称号
200798,1658,唐睿康,2024-10-22 12:39:31,2,2,0,拖堂cnm
209824,1658,唐睿康,2025-01-07 07:42:50,0,0,0,还行吧
23357,1661,郭永胜,2016-03-26 12:05:16,14,14,0,老师讲课超清楚！良心好老师！手残党爱上化学实验了
29874,1661,郭永胜,2016-06-30 12:30:02,1,2,1,老师讲的超详细
44505,1661,郭永胜,2017-01-18 01:55:43,4,4,0,很耐心
56291,1661,郭永胜,2017-07-03 12:04:30,5,5,0,人超好，脾气很好，讲课言简意赅，绝对不浪费时间，而且很多实验他都减少一些实验组减轻学生负担。\n\n而且超好说话的，大化P的时候我某些实验条件没按书上来（是我搞错了），他都允许我按自己的条件来。\n\n最后大化P考试挺难的，但是老师调分很给力。表白。
75864,1661,郭永胜,2018-03-20 06:50:08,9,9,0,实验讲的很清楚hh
76117,1661,郭永胜,2018-03-27 08:17:28,4,5,1,虽然课程还没结束…但是几周实验已经爱上了这个老师！真的！超！棒！清楚简洁，实验报写不用多写，数据处理和分析讨论写得好就行。对学生也超级有耐心，非常非常尊重学生。现在简直爱上了大化P……
81829,1661,郭永胜,2018-07-06 09:24:57,4,4,0,考完来评价一下，老师是很可爱的老师，实验内容不会很繁重，讲的清楚，特别希望我们快快做完一起走的那种。然后大化p理论考要好好准备，会挂的。
81860,1661,郭永胜,2018-07-06 10:20:26,5,5,0,老师大化p课很好，讲的很清楚，也不拖沓，人很好。事不算多，最后给分挺好，推荐一下
99902,1661,郭永胜,2019-01-25 09:21:22,5,5,0,老师人真的很好 讲课也很清楚 平时报告认真写 弄懂原理 考试前花一天时间复习 上四没问题的
105663,1661,郭永胜,2019-04-18 06:24:34,0,0,0,好啊啊啊
112560,1661,郭永胜,2019-07-04 17:42:27,3,3,0,超爱郭老师，脾气无敌好，和我一样喜欢篮球，课上看到我的手机壳是关于篮球的还跟我唠了几句，笑的样子简直男神！
113197,1661,郭永胜,2019-07-06 01:27:26,0,2,2,老师人很好，讲课很仔细，平时实验给分平均在85，因为他说到时候所有班实验分都会调整成平均85左右，所以大家别太在意。555就是我大化P理论考和专业课考试排在一起没时间复习，结果挂了啊啊啊啊啊
142649,1661,郭永胜,2021-11-15 02:23:54,2,2,0,老师超可爱。六一那天上课的第一句话就是祝同学们六一快乐😁！而且耐心亲和！路上遇到会忍不住和老师打招呼！超级棒！
147411,1661,郭永胜,2022-01-10 02:54:56,2,2,0,老师很可爱~教学也很耐心
151404,1661,郭永胜,2022-03-02 11:28:26,2,3,1,老师好帅
161126,1661,郭永胜,2022-10-27 16:44:20,2,3,1,老师真的超温柔
182031,1661,郭永胜,2023-11-08 12:31:12,4,5,1,神中神，上课幽默风趣紧跟时事，语言很年轻，作业也很少！
182444,1661,郭永胜,2023-11-16 04:55:22,2,4,2,昀爸真的很幽默，人很好，男神！
182809,1661,郭永胜,2023-11-20 10:45:15,2,3,1,不说了我太爱郭永胜老师了 好温柔啊啊啊啊而且一看生活里就是一个热爱生活充满爱的人
183140,1661,郭永胜,2023-11-22 11:12:53,-9,0,9,很好的老师，上课很有趣，高中没学过化学，绩点4.5
183148,1661,郭永胜,2023-11-22 11:54:06,11,13,2,太谢谢老师了，大一第一门必修课喜提3.0
183153,1661,郭永胜,2023-11-22 12:06:34,4,5,1,绩杀了哈哈哈。。
183158,1661,郭永胜,2023-11-22 12:34:21,4,4,0,老师讲课挺好，给分也不错，就是普化这门课太抽象了，一个秋学期讲完整个高中化学知识的大半
183167,1661,郭永胜,2023-11-22 13:04:24,1,2,1,很好的老师，特别细心，即使高中没学过化学也能有所收获。
183176,1661,郭永胜,2023-11-22 13:58:12,1,1,0,高中没有学过结构化学，但依旧被老师救活了
183206,1661,郭永胜,2023-11-23 00:37:57,6,7,1,老师讲课确实好，就是我没听，喜提2.4，大一保研梦直接破灭
183209,1661,郭永胜,2023-11-23 01:02:04,4,5,1,普化出分特来感谢老师。郭老师真的非常温柔和善！上课会时不时的开小玩笑，总是笑眯眯的，最后专门留了一节课把所有知识点和小测的题目过了一遍，还给了套之前的真题，都非常有用！说到底还是普化的课程安排不太合理，八周时间要上高中化学全部内容，之前没选化学的同学确实有些吃亏。如果有化学基础的话基本最后一周把重要知识点过一遍，做下真题就差不多了，考试不会考的特别细，以及郭老师会狠狠捞滴～
183285,1661,郭永胜,2023-11-23 11:53:25,0,1,1,喜欢老师的课！
183309,1661,郭永胜,2023-11-23 15:08:50,2,2,0,他上的普化课比较有趣，风格幽默，能近取譬
183344,1661,郭永胜,2023-11-24 03:20:40,4,5,1,怎么说，这个老师看上去人挺不错的（可能也确实如此）上课很幽默。但是，高中没选过化学的同学慎选！！！！！！！建议你退掉这个预置课（他讲得自己也不明白，而且很快，真的不太会教）最后绩点喜提2字开头！！！！！
183735,1661,郭永胜,2023-11-29 10:48:13,0,0,0,老师人真的很好！
184344,1661,郭永胜,2023-12-18 05:40:33,0,0,0,老师会捞人，很好
184399,1661,郭永胜,2023-12-19 02:31:42,1,1,0,好老师，上课幽默有条理，可能是普化乙课程本身内容多老师讲的比较快，但真的会捞
190828,1661,郭永胜,2024-03-20 11:18:25,2,2,0,老师上课讲得很快，高中没选化学建议退掉预置课。学得最认真的一门，绩点喜提3.0
191971,1661,郭永胜,2024-05-06 13:16:20,0,0,0,补档上学期普化乙，老师讲的很清楚，课上会给例题，到了最后一节课还会带我们做一张卷子。平时讲课还会特意关照高中没选化学的同学，即使高中没学过化学也能学懂。最后老师会捞
193000,1661,郭永胜,2024-06-02 08:46:19,0,0,0,上了大化P，助教jjgg人都特别好
197279,1661,郭永胜,2024-07-10 08:23:27,2,2,0,补充一下下面评论的背景吧，下面的评论基本上都是针对一门叫做普通化学（乙）的课程。这门课程设置非常不合理，对于高中没有学过化学的同学而言就是努力了还没有结果。让大家两个月内学完浙江高考选必一和选必二，还要进行考试，我觉得真的挺难的。帮老师辩驳一下，是课程的错不是郭老师的错。\n\n我上的是老师的大化实验（O），老师实验前的讲课非常的细致，效率也挺高的，基本上大家听完就能清楚地去做实验，不会怎么拖堂耽误大家的时间。最后给分也很不错！可以选！
212172,1661,郭永胜,2025-01-13 10:07:57,1,1,0,大化实验P\n\n特别好老师，都选他！
217336,1661,郭永胜,2025-04-09 00:11:04,1,1,0,郭老师，我的神，老师永远是那么的有耐心讲课，上课幽默风趣，他课题组的研究生生活听他的学生说也是丰富多彩，老师从来不压榨学生，学生都是自主发挥自己的优势，老师还很支持各种科研活动
3309,1698,张仕勇,2015-05-30 05:27:54,1,2,1,虽然无聊虽然水水过，作业一定要交
3492,1698,张仕勇,2015-06-16 15:07:00,1,2,1,典型的旧时代教授。
4406,1698,张仕勇,2015-06-21 16:01:02,1,1,0,然而的确有学识。
4876,1698,张仕勇,2015-06-30 06:34:40,2,2,0,人很好，但讲课效果不大，很容易睡
5546,1698,张仕勇,2015-07-08 07:01:30,0,0,0,哎
5634,1698,张仕勇,2015-07-09 00:28:18,0,0,0,虽然给分不高，但是讲课还是挺详细的。
5660,1698,张仕勇,2015-07-09 04:30:31,0,0,0,只想说看到无机分数的那一刻眼泪掉下来
5780,1698,张仕勇,2015-07-09 10:26:37,2,2,0,梦幻西游技能唧唧歪歪，很容易睡着。没有连续认真听讲超过10分钟…
5992,1698,张仕勇,2015-07-10 07:09:51,0,0,0,催眠大师
6446,1698,张仕勇,2015-07-14 04:06:15,0,0,0,催眠+1 而且平时分是爆难的期中考，说好的师生情呢
12610,1698,张仕勇,2015-12-23 15:22:42,0,0,0,很催眠啊
72045,1698,张仕勇,2018-01-29 08:57:12,0,0,0,无语了
750,1716,陈时忠,2015-03-16 07:37:57,-11,1,12,哦哦哦
18296,1716,陈时忠,2016-01-21 11:50:47,-3,4,7,呵呵呵
21742,1716,陈时忠,2016-03-01 02:43:51,-3,3,6,嘿嘿嘿
28376,1716,陈时忠,2016-06-28 08:43:35,7,9,2,蛮好的，很随和。
33959,1716,陈时忠,2016-09-24 00:13:03,18,20,2,循环补充教学班的老师，很负责任
48441,1716,陈时忠,2017-03-04 00:42:10,2,3,1,负责任
52488,1716,陈时忠,2017-06-20 12:33:52,-4,1,5,。。。
52615,1716,陈时忠,2017-06-27 16:34:09,9,10,1,循环补充班，超级认真负责，我周六其实经常起不来，总是迟到，但老师是真的很负责任讲课也很好。重修过了非常感谢陈老师
53501,1716,陈时忠,2017-06-27 01:04:12,6,7,1,陈老师是真好啊!讲的认真细心，还讲一些生活感悟，就像个父亲一般……感动
53545,1716,陈时忠,2017-06-27 02:56:40,3,4,1,有机化学循环班的老师，很负责任，在你会的情况下不要求到课和作业，讲课挺清楚的
55440,1716,陈时忠,2017-07-01 13:20:28,2,4,2,重修班挺认真负责，要求也不算很严格的老师，只要稍微学一学，平时认真交作业一定能过，老师偶尔会点名上去做题，建议每节课都去。
59562,1716,陈时忠,2017-09-23 00:20:08,2,2,0,很随和的老师，会体谅学生，希望同学们不要缺课太多
65166,1716,陈时忠,2017-12-30 00:45:59,1,2,1,老师人很好，讲课也很清楚，不会照本宣科，感觉和大一的不是一个层次的。就是周六，经常会不小心睡过头。但总还是会挣扎着去上课。老师人太好，讲的也好，都不想逃课了。
83494,1716,陈时忠,2018-07-10 12:14:53,0,1,1,成绩出啦，过啦。早知道开学初就不补考了，老师说的很对啊，你一学期学下来都不及格了，一假期能学嘛？而且补考只有卷面分，不及格也计入总均绩，就很尴尬了，还不如直接重修好啊。\n\n老师人很好，讲得清楚，也耐心，上课不点名，允许已经会了的同学缺席，迟到也不说什么。最后一节课建议去，老师会分复习题。就酱。
84990,1716,陈时忠,2018-07-15 01:35:42,1,1,0,嗷～～
85229,1716,陈时忠,2018-07-16 08:28:26,-1,4,5,这个老师口癖严重，每句话接一个啊，巨啰嗦，下场实习各种浪费时间，无聊，一直重复乱说，真的服了。
85294,1716,陈时忠,2018-07-16 23:57:21,0,5,5,下厂实习口癖奇怪，每句话接一个“啊”，然后行程混乱，根本不知道要干什么。官方实力劝退
85342,1716,陈时忠,2018-07-17 05:54:38,1,1,0,老师人挺好的，去办公室问问题都会耐心回答（因为问了很基础的题被他质疑到底有没有来上课）平时还是要去听一下课滴，毕竟比某些老师负责到哪里去都不知道了
85549,1716,陈时忠,2018-07-19 08:04:47,0,2,2,带下场实习的确是辛苦，也看得出来老师想对学生负责的心，有时候确实话多了点，但是老师年纪也有点大了所以尽量理解吧。
100682,1716,陈时忠,2019-01-26 14:30:44,-1,2,3,老师很负责也很为学生好\n\n循环班期末认真准备一下就能过\n\n来自一个没学过有机最后刷卷子过的渣渣
110101,1716,陈时忠,2019-06-23 00:27:48,1,1,0,啊~~
111750,1716,陈时忠,2019-07-02 18:14:03,4,4,0,半夜查了分，重修过了，说实话，一学期课，我可能来了半学期，不过，陈老师的ppt是真的好用，特别适合基础差乃至几乎没基础的人学，比起正常班的老师来说，好的不知道多少，老师上课讲的也细。\n\n终于把我这个拖了很久的累赘给结束了，挂一门课，给我带来影响很大，做什么都没积极性，终于over了它，如释重负！！！解脱！！！
125365,1716,陈时忠,2020-09-07 13:07:59,0,0,0,真的是一位非常好的老师
131006,1716,陈时忠,2021-01-25 14:04:41,4,4,0,考试时内心完全没有底，查成绩发现过了，很开心，谢谢老师，老师很负责很亲善，也没有看上去那么严格。
166852,1716,陈时忠,2023-01-14 02:32:01,1,1,0,有机循环班通过了，感谢老师！老师快要退休了，祝老师之后生活愉快！
16909,1758,李啸风,2016-06-18 12:12:51,-24,10,34,超级好的老师！满分！
18513,1758,李啸风,2016-01-22 01:10:27,12,16,4,不咋样
23203,1758,李啸风,2017-06-09 13:14:09,32,38,6,混乱，不能仔细听，仔细听更乱
25435,1758,李啸风,2016-05-19 03:11:58,8,12,4,不知道在讲些什么，和彭神差远了
25777,1758,李啸风,2016-06-25 13:15:58,14,20,6,客观的说 李老师非常认真。但认真不一定代表讲课学生能听懂。其实本来物理化学就很难靠别人讲来学懂 更多的是自己课下投入精力
25891,1758,李啸风,2016-07-01 07:18:40,0,7,7,讲真他上的物化听不懂…开学说期中考考过的不考，结果考完期中考又说期末还要考…出尔反尔不能忍
26439,1758,李啸风,2016-07-01 08:37:18,7,14,7,出分以后 黑转粉 给分还是挺良心的 不过考试之前那种看课件没用看课本要疯的状态真的不想体验第二次了 因为上课内容跟考试内容脱节太严重
26664,1758,李啸风,2016-06-21 00:03:08,-14,4,18,男神系列～
27370,1758,李啸风,2016-06-25 09:16:12,20,30,10,春夏学期唯一的物化老师。老师很认真，周末无偿来上习题课，也是彭神习题课的老师，彭神每节课他都坐在第一排听课。用的彭神教材，把彭神三个短学期的物化压缩到了一个长学期。上课有点跳，夹杂了很多“人生哲理”，我很难跟上他的思维。作业难且繁，数据要自己找。考试很难。慎选。
28195,1758,李啸风,2016-06-28 08:16:46,0,2,2,八点开始上课就八点十五过去，八点半过去也没问题。别问我为什么。
28261,1758,李啸风,2016-06-28 08:22:42,13,14,1,作业难，考试难，上课先扯30分钟。。
30761,1758,李啸风,2016-07-02 12:02:21,0,2,2,呵呵了。
31576,1758,李啸风,2016-07-04 06:57:18,-4,6,10,给分不错
47490,1758,李啸风,2017-01-28 01:27:51,2,4,2,不知所云的老师
49120,1758,李啸风,2017-03-27 06:15:52,4,6,2,听着半截大化A就过来评论了。。反正也是在闲聊，思路也太跳跃了_(:з」∠)_
49776,1758,李啸风,2017-04-26 01:12:58,2,3,1,大化给分最低
50147,1758,李啸风,2017-04-30 09:02:10,4,5,1,还是乖乖的听彭神的视频公开课吧
51384,1758,李啸风,2017-06-04 02:43:17,4,6,2,喜欢讲科学精神，但讲课水平不咋样
57457,1758,李啸风,2017-07-08 05:38:49,1,3,2,讲课很迷，让人完全不想听。但是也能感觉出来老师在努力多教给我们一点东西，还有很多道理。平时作业做起来很痛苦，要查阅英文网站，并且跟考试内容不怎么相关，不过也有很大的收获。考试题还算挺简单的，仔细看过ppt和课本没什么问题，老师给分也特别好。
57717,1758,李啸风,2017-07-13 00:10:55,6,7,1,其实老师上课很用心
57719,1758,李啸风,2017-07-13 00:30:00,0,4,4,老师原来的小胡子很帅，不过后来剃掉了。咳咳，老师更像人生导师。(他似乎很敬重彭笑刚
75443,1758,李啸风,2018-03-12 02:59:18,3,4,1,老师超级无敌口头禅“就说说是”一块把我逼疯，你就简单地说“就是”不就完了。但是看起来好像挺关心同学的。课实在听不下去。
81907,1758,李啸风,2018-07-06 12:56:52,9,10,1,太自以为是了
84391,1758,李啸风,2018-07-12 16:48:55,-5,0,5,特此跪谢不挂之恩
104286,1758,李啸风,2019-05-07 15:53:52,8,8,0,没有翅膀就带我们飞，结果就是摔倒很惨，得不偿失。总之就是不讲基础，强行起飞。
107563,1758,李啸风,2019-05-06 16:10:28,6,6,0,讲得东西书上没有的呵呵，不按教材讲\n\n
107634,1758,李啸风,2019-05-08 00:35:26,2,2,0,听不懂(=_=)
108673,1758,李啸风,2019-05-31 00:56:12,22,23,1,李啸风，存在主义带哲学家，干涉主义带经济学家，理性主义集带成者，现任教于浙江大学化学系，名人名言：那是因为你笨。
108934,1758,李啸风,2019-06-04 10:59:11,-4,1,5,大化实验a给讲了一些别的东西，老师讲课非常认真。个人认为老师说的一些很有道理，受益匪浅。对于成绩给分不了解，但就上课插入的内容来说，见仁见智。
109074,1758,李啸风,2019-06-07 10:15:58,7,7,0,物化弟中弟，选他的课真的坑到你怀疑人生
109608,1758,李啸风,2019-07-04 09:02:15,4,6,2,努力了一个学期，考试感觉不错，结果没有想要的成绩，关键是卡了绩点，有点难受。还是别选了吧，真正有用的寥寥无几
110145,1758,李啸风,2019-06-24 01:59:58,2,2,0,老师挺关心大家的，但上课的效果不太理想
110191,1758,李啸风,2019-06-24 09:40:23,2,3,1,老师人倒是蛮和蔼的，只是讲课……实在不敢恭维啊。建议非大佬还是不要选了，我就是教训。
111086,1758,李啸风,2019-06-29 14:01:13,-2,2,4,听李老师上课挺有趣的，他会在课前和坐在前排的同学交流，在课堂上穿插一些科学小故事和自己对物化的见解，上课不用ppt都是板书，不过当时没好好听的话回头看笔记十有八九是看不懂的，所以新课内容有问题要及时去问。他经常会推错公式，但是最后的结果不知道为啥总是对的……和他争论一般是争论不过他的，因为他总是鄙视我们这群刚学物化的人，最后也没把问题讲清楚。想学好要把笔记和书结合起来看，作业题和考试题都是有关系的，不用记公式，要理解公式的适用条件，笔记最好不要记书上，否则就会像我一样期末复习的时候老找不到。总的来说李老师的课很不错，大家静下心来本着听故事的心态就不会想睡觉啦。
111884,1758,李啸风,2019-07-03 02:07:52,0,1,1,讲的挺认真的，但是讲的效果实在是不行 期中考简直是地狱 期末考很师生情
111901,1758,李啸风,2019-07-03 02:23:46,0,2,2,给分非常好，上课着实无聊，全靠自学。但是老师会很耐心的解答问题，浓浓师生情。
112165,1758,李啸风,2019-07-03 18:14:52,0,2,2,物理化学。我给老师打10分，因为他的教学态度，他是真正想让我们学到有用的东西的老师。但是物化这门课真的太玄了555，感觉是平时花的最多时间的一门课，书看了好几遍了，刷完作业＋助教给的题目，可能是期末考试最后一个大题做错的原因，最后只有3.3。但是还是给老师满分，至于老师的教学水平嘛，emmm，还是自学吧！
124026,1758,李啸风,2020-06-21 06:51:23,3,3,0,两个助教小哥哥真的超级超级认真负责，作业批改反馈，答疑，总结，私戳回答问题都很仔细，爱了爱了
124371,1758,李啸风,2020-06-30 01:36:55,0,1,1,讲的内容不错，很有收获，作业有点难，但还是努力一把就可以做出来的。考试在数学和计算方面不难，但一定要清楚概念，许多题目错一个就可能连续错。我前半学期很认真，后半学期不太认真，最后几讲完全靠突击，作业缺了几次，最后4.5
128023,1758,李啸风,2020-12-03 10:27:50,-6,5,11,李老师真的很努力了！评分也超好的！不要被课否的错误统计欺骗了，我身边没有4. 5以下的
128034,1758,李啸风,2020-12-03 15:46:53,3,7,4,恩师！他已经很努力了，你们要是还是一点兴趣也没有，那他也是一点办法也没有。我劝各位年轻人好好反思。
133543,1758,李啸风,2021-03-02 02:56:04,5,5,0,讲的课和作业完全不符 第一节课就感到无语。
134003,1758,李啸风,2021-03-11 14:46:12,10,10,0,助教XGG人很好，但LXF……就一言难尽了\n\n\n\n物理化学（×）\n\nEXCEL作业（√）\n\n\n\n讲课有自己的一套（跟书上有很大出入，动不动就不按书上讲）\n\n布置作业多且总要用EXCEL做\n\n自己觉得自己挺NB\n\n\n\nWDNMD
134008,1758,李啸风,2021-03-12 00:45:21,4,4,0,我麻了
134193,1758,李啸风,2021-03-18 14:18:20,4,6,2,上他的课学会了很多与这门课无关的东西——数据库、excel、origin。被迫无师自通= =
134417,1758,李啸风,2021-03-27 15:38:03,-26,2,28,事实上，如果我们仔细去读物化教材，就会发现很多问题自己没法解决。而这些问题正好是老师会用更细致的数理推导讲到的。我相信热爱数理的人会喜欢李老师。
135045,1758,李啸风,2021-04-27 15:40:21,7,7,0,听不懂救命 你上课就好好把概念和公式讲清楚不好吗 我们大部分又不是天才😆
136130,1758,李啸风,2021-06-11 06:17:39,-5,0,5,恩师，人生导师，给分巨好。至于物理化学？智云课堂不香嘛。
136580,1758,李啸风,2021-06-21 08:16:29,2,3,1,真不如自己找网课听
137902,1758,李啸风,2021-07-06 13:50:07,4,5,1,25w的zju电灯泡尽力了，谢谢助教物化指导，谢谢老师的哲学指导，然后抄到下一页…
141230,1758,李啸风,2021-09-27 03:10:37,2,2,0,感觉物理化学上了个寂寞，啥也没学到
141614,1758,李啸风,2021-10-18 02:26:45,5,5,0,误人子弟啊老李
160521,1758,李啸风,2022-09-26 00:39:54,1,1,0,呵呵，呵呵
162072,1758,李啸风,2022-11-16 12:34:39,10,10,0,李老师的现代化学方法论给分很差，上课时候天天diss不认真听课题组宣传bb的同学（真的没啥好听的啊）。而且这课的外出见习除了是个秋游啥也学不到，走路还累。
162104,1758,李啸风,2022-11-17 01:04:31,5,5,0,乱给分
162176,1758,李啸风,2022-11-17 09:27:34,4,4,0,给分什么玩意
166414,1758,李啸风,2023-01-12 08:01:05,10,10,0,专业课拉我均绩，给分纯主观，垃圾
173815,1758,李啸风,2023-06-03 07:54:20,7,7,0,水平没有，歪理一堆的垃圾老师，又菜又爱讲，误人子弟
176988,1758,李啸风,2023-07-01 03:33:20,3,3,0,给分什么东西
176989,1758,李啸风,2023-07-01 03:33:36,3,3,0,给分针不行吧？
178272,1758,李啸风,2023-07-12 04:10:08,11,11,0,开的实践课是什么东西啊，方法论听学生报告出去接电话好久，给分纯主观还差，实践课成绩一出主修均绩狂掉。出去实习和研究所的人说自己是属于被浙大排挤的老师，被排挤了就来乱开没什么用给分差的实践课啊
179734,1758,李啸风,2023-09-19 15:27:12,3,3,0,出题品味特别差
180623,1758,李啸风,2023-09-23 15:09:02,17,19,2,根据五级分制，lxf被评为2.5一档
180624,1758,李啸风,2023-09-23 15:10:38,29,31,2,啸风老师，学问未见有何高明，但善于输出自己在人生中好不容易积累的歪理，评分更是不知所谓，大抵是闭眼盲选吧。明明可以把实践课调成二级分制，可他偏要用3.5来恶心我们，我真的哭死。
180625,1758,李啸风,2023-09-23 15:27:14,16,17,1,同学们，这边举报需要具体证据，麻烦大家与他谈话时搜集证据（录音之类），我们需要有正确价值观、对待同学们有正确态度的老师！
180626,1758,李啸风,2023-09-23 15:23:46,56,58,2,《诗经·彼阳》\n\n\n\n彼阳若至，初升东曦。\n\n\n\n绯雾飒蔽，似幕绡绸。\n\n\n\n彼阳篝碧，雾霂涧滁。\n\n\n\n赤石冬溪，似玛瑙潭。\n\n\n\n彼阳晚意，暖梦似乐。\n\n\n\n寐游浮沐，若雉飞舞。
180887,1758,李啸风,2023-09-28 00:17:48,7,7,0,不会讲课可以不讲，别出来祸害人，感兴趣的同学可以看看他个人主页，这人怎么进的浙大？
181224,1758,李啸风,2023-10-12 05:49:34,11,12,1,什么玩意儿？？？
181236,1758,李啸风,2023-10-12 04:44:18,-15,7,22,很好的老师！满分！作业布置得也很通情达理，从来不给学生找麻烦，作业要求很简单，在每一个老师介绍完课题组的时候，他都不会废话，也不会逼我们问问题，他的话很少，也很少跟我们讲一些空的道理，满嘴都是学术，挺好
181237,1758,李啸风,2023-10-12 03:42:28,8,8,0,前人之述备矣，收敛于一
181238,1758,李啸风,2023-10-12 03:42:44,6,6,0,无语。。。
181241,1758,李啸风,2023-10-12 03:54:22,3,4,1,好好好
181242,1758,李啸风,2023-10-12 04:05:04,12,12,0,现代化学方法论：第二次课结束后说第三次课后要求上交听课笔记，第三次课结束后告知需要电子版，自行体会。
182744,1758,李啸风,2023-11-21 02:48:30,11,11,0,鉴定为：史
183668,1758,李啸风,2023-11-28 12:02:53,28,29,1,我已经是出离的愤怒了\n\n现代化学方法论这么课是好课，可惜lxf是答辩\n\n讲话语无伦次，不知道在说什么\n\n只会贬低学生，“我的儿子独立生活能力比你们强得多”\n\n最后答辩也不听是吧，我认认真真做PPT讲精心准备的学术问题，没有任何卵用\n\n表面上说“不想看到别人吹捧自己”，实际上只有这样才有机会4.5？\n\n你也知道竺院绩点要求高，但就说一句“学校有比例要求我也没办法”就乱打分？？？\n\n幸好他自己说过几年“把接力棒交给下一任”，希望以后的学弟学妹们不要被他祸害了
183759,1758,李啸风,2023-11-30 00:09:14,10,12,2,乱给分😅，没能力当老师就别当，头一次见全员3.5的，有水平👍👍👍
183829,1758,李啸风,2023-11-30 15:01:16,-19,4,23,本人觉得老师人还可以吧 至少能看出来是挺善良的老师…而且要是真的认真完成作业了（这个请见仁见智 觉得委屈的可以看看那些高分的同学的作业 其实老师也没有那么严格（勿喷 虽然本人分也不高 但是觉得不能简单地以乱给分的评价抹杀掉别人的努力
190578,1758,李啸风,2024-03-10 06:39:29,9,9,0,你布置的作业和你讲的东西有一点关系吗
190749,1758,李啸风,2024-03-17 09:02:00,7,7,0,唉，您老人家不讲考试考的就算了，能不能作业留点你讲的，或者给点答案解析呢。。
191046,1758,李啸风,2024-04-01 05:02:04,9,9,0,要人品有人品，要教学水平有人品，动不动就扯到名人名言，作业乱来还不给答案
191381,1758,李啸风,2024-04-19 02:53:21,4,4,0,纯sm，别扯你那做人哲学了，你先当个人再说吧🤣
191427,1758,李啸风,2024-04-23 12:19:04,53,60,7,自己出的物化期中卷子，76个人就9个及格。对的，不是90+有9个，而是及格就9个。\n\n跟历年卷完全不一样，选择题全考推理题，推理某个数值变大变小或不变，没有那种送分的。\n\n大题全是又臭又长的解题，没有那种一行公式能秒的，你但凡模仿历年卷出个1题简单的大题，都不至于只有9个及格。\n\n骂的就是你，踩了就踩了，遇到你是学生倒霉
191703,1758,李啸风,2024-04-28 12:16:35,7,7,0,考试给的公式都是错的，自己什么水平无需多言，连书都不愿意看一眼
191704,1758,李啸风,2024-04-30 04:00:35,25,25,0,槽点太多，总的来说不要对他抱有任何的期望\n\n1讲课完全按照自己的想法乱来，和教材根本对不上号，PPT给你一堆没用的公式，书是一点都没看过吧？\n\n2作业乱来，布置一堆要用excel大规模计算的公式，纯恶心人。而且这些作业很多都是用他自己的无用东西，对于掌握课本知识毫无帮助\n\n3上课喜欢扯淡，浪费时间来讲很多假大空的东西，连课都上不好还教学生做人啊？？？\n\n4考试瞎出题，选择题一个过程出十几道题目，考察的东西很窄，也就是说我要是有一个参量变化弄不清楚可能这些分全都送了。你但凡多考察一些知识点出点正常的选择题也不会让期中考试这么难看。出了教学事故就是你作，非要按自己认定的东西乱来，期中考完后还是布置一些鬼作业，没见过你这么不会亡羊补牢的\n\n综上所述，lxf是一个自以为是又缺少教学水平的家伙，遇到他就是学生倒霉\n\n\n\n2024.4.30补档：意见是一点不听，还觉着自己上课和试卷那是相当牛逼，上高度认为自己才是真正的“教书育人”。迂腐，固执，愚昧而不自知，春夏的物理化学课真是被你毁了，愤登
191905,1758,李啸风,2024-05-04 12:31:54,10,10,0,一个字：史
192143,1758,李啸风,2024-05-10 06:17:52,6,6,0,听不懂
192370,1758,李啸风,2024-05-17 01:00:34,9,9,0,我的本意是不想攻击老师的\n\n除非讲的确实是不好且不自知\n\n固执己见认为自己在塑造学生的高尚人格而其实连最基本的知识传授都做不好\n\n妄图装出尊重学生的假象实则对所谓的到课率百般计较\n\n很可悲的一个老师
192416,1758,李啸风,2024-05-18 13:30:55,11,11,0,让人充分认识到什么叫道貌岸然。。。\n\n明明教学已经出很大问题了，意见却还是一点不听，整天沉浸在自己所谓的“教书育人”和“对物理化学的不同理解”中，挺可悲的。
192500,1758,李啸风,2024-05-22 04:35:18,11,12,1,同样是红外定量分析探究实验，陈志春已经把红外定量分析聚合物的适用的方法讲授给了自己那边的同学，指导上比李啸风好得多，李啸风这边根本就不会指导，每次就问我们有什么方法，当我们在介绍方法时碰到难题，就只会说：方法有的是！只能说红外是好实验，但是lxf是答辩。任何一位诗人，但凡了解过它一点皮毛，都会留下这样的评价：这旧时诗，诗人握持！
192612,1758,李啸风,2024-05-26 10:53:57,11,11,0,想死就选春夏的物理化学课（考试都是他出题）。讲课与教材分离，作业与讲课分离，考试与作业分离，有水平[赞][赞][赞]
192831,1758,李啸风,2024-05-31 02:40:07,8,8,0,上过的化学课就你小测次数比2周一次还多的，5分钟5道题，就算开卷也是鸟用没有
192832,1758,李啸风,2024-05-31 02:42:21,6,6,0,快跑！没话说
193750,1758,李啸风,2024-06-17 12:36:35,12,12,0,探究实验答辩完了，今天再更一期连续剧\n\n实验后面两周，一次挂机，一次只问我们有啥问题，最后还是陈志春先发现问题的。\n\n最后答辩的时候一直叫个不停，红外探究某一组展示完了直接自己开始哔哔，差点没考虑有同学还要提问。\n\n红外两个小组都展示完了，更是把两组的人全喊上台来又是一通做人道理的输出\n\n最后还说：我这个实验自己不给你们解法就是想让你们体验探究的乐趣！\n\n再结合那个语气，怎么说了……简直把“事后诸葛亮”演绎得活灵活现
193759,1758,李啸风,2024-06-17 14:29:27,11,11,0,无敌老师，上实验课喜欢说谜语，问问题答非所问，真无敌了
193761,1758,李啸风,2024-06-17 14:36:42,13,13,0,你猜我舍友为什么骂了他一晚上
193826,1758,李啸风,2024-06-20 03:12:18,14,15,1,史，但助教人很好，觉得助教不该跟这托史
193965,1758,李啸风,2024-06-21 06:25:49,13,14,1,是人我吃，只可惜打不了负分
194044,1758,李啸风,2024-06-21 14:21:29,12,13,1,助教真我干爹，再捞不上来我真是狗了，全靠助教哥哥擦的屁股
194133,1758,李啸风,2024-06-22 06:31:45,13,14,1,类人生物。
194134,1758,李啸风,2024-06-22 06:32:08,10,11,1,衣冠-
194147,1758,李啸风,2024-06-22 08:32:35,9,10,1,能不能让这个老登滚出关于仪器分析的任何实验课，然后全让czc接管！这个尸位素餐的玩意，就算把它扔到大野地里饿死也没人收尸，腊鸡玩意！还敢说自己被浙大排挤？我看你特么长的就像个巨大的教学事故，活该被排挤！
194154,1758,李啸风,2024-06-22 08:53:57,13,14,1,从大家的评论可以看出来李啸峰中化实验的探究实验带了三届了，还是没有什么改变，诗人握持
194252,1758,李啸风,2024-06-23 02:02:21,6,7,1,萎黯的老师
194404,1758,李啸风,2024-07-04 13:53:36,22,23,1,lxf的物化，直到出完分了才去调分，隔壁的cl都看不下去了，搞的他也继续跟着调分，他的理由是：因为平行班李啸风不遵守既定评分规则需要进行重新赋分……\n\n如此可以见得，lxf说自己被排挤不是没有原因的
194636,1758,李啸风,2024-06-24 17:55:25,7,8,1,傻卵老师上课作业考试三分离 老师坏 助教哥哥捞捞开习题课复习 助教好 如果你不是想被他拓展无数用不到的东西的话慎重选择
194648,1758,李啸风,2024-06-25 00:44:46,8,10,2,上的物理化学\n\n老师坏，助教哥哥好
195523,1758,李啸风,2024-06-28 14:36:48,6,7,1,宇宙大爆炸以来地球历史第一初生
195811,1758,李啸风,2024-06-30 04:09:35,4,5,1,傻逼李啸风期中搞了个阴间考试，然后搞得班级均绩巨低，然后出了分之后才开始调分，搞人心态，真尼玛出生玩意儿
196336,1758,李啸风,2024-07-03 03:16:53,16,17,1,李啸风是全球第一位无脑猿类，他的头骨内部藏着一颗只会放屁的气球。大家都说他没有脑子，其实他根本就是一只被人类穿着裤子的鸵鸟，每天都在为找不到脑子而苦恼不已。他的行为举止就像一只误入人间的外星生物，甚至比外星生物还要荒谬可笑。如果你在街上看到一只脑子被忘在家里的猿猴，那么十有八九就是李啸风。
196476,1758,李啸风,2024-07-03 16:34:11,-86,3,89,看到化学系各位同学对老师的评价，真是悲哀：无论如何，也应保持对老师最起码的尊重，体现自己的修养。
197456,1758,李啸风,2024-07-15 14:45:23,8,8,0,花姑娘的太君
197555,1758,李啸风,2024-07-18 15:03:19,11,11,0,怎么形容呢？它基本上可以说是广州地铁6号线往浔峰岗方向的倒数第三站，武汉地铁16号线通航机场的前一站，深圳地铁3号线木棉湾和丹竹头之间的那一站，达芬奇没有奇，贺知章没有姓
197674,1758,李啸风,2024-07-27 01:13:49,7,7,0,楼下说尊重的那个，你知不知道尊重都是相互的！lxf在它自以为是、刚愎自用、不听学生意见的时候，在它乱给分，探究实验挂机，教学自以为是的时候，真的尊重学生了吗？！凭什么一定要我们给这种人足够的尊重呢！你这么给它洗是圣母心泛滥了欠收拾吗！
197765,1758,李啸风,2024-08-11 14:32:16,14,14,0,活全家东西
198868,1758,李啸风,2024-11-23 03:15:19,15,15,0,鲜花坊出分4.5\n\n那就给你打个两分高兴一下😡
199067,1758,李啸风,2024-09-15 02:33:18,10,10,0,说尊重的那个是本人上号了？
199214,1758,李啸风,2024-09-19 08:45:15,6,6,0,很难想象一个老师连上课教室都能说错
200038,1758,李啸风,2024-10-11 13:35:23,4,4,0,不好评价
200040,1758,李啸风,2024-10-11 14:11:20,12,12,0,纯纯的傻B，废话一堆，给分也是傻B，只有4.5和3.5，能拿4.5的不超过5个，真的很难想象美好的大学生活会摊上这种傻B，凭什么？他有什么水平？ 什么成果？ 真恶心，一个纯傻B， 诅咒他一辈子，化学系赶紧开掉他吧，真晦气
200498,1758,李啸风,2024-10-17 17:32:02,6,6,0,lxf的评分居然不是最低，这我是不认可的。
200816,1758,李啸风,2024-10-23 01:53:37,13,13,0,我是化学家，这就是铈
201209,1758,李啸风,2024-10-30 07:56:07,4,4,0,任何一位美食家，但凡碰到了李啸风，都会这么介绍它：这就是你在某些高档会员制餐厅会遇到的东西（非常的新鲜，非常的美味！）
201517,1758,李啸风,2024-11-04 04:29:56,5,5,0,构思一坨
201570,1758,李啸风,2024-11-04 11:51:59,5,5,0,byd
202040,1758,李啸风,2024-11-08 14:31:15,8,8,0,李啸风退休的那天记得喊我去放鞭炮
203020,1758,李啸风,2024-11-16 02:49:52,2,2,0,你无敌了
203614,1758,李啸风,2024-11-20 07:09:44,4,4,0,这就是使
204002,1758,李啸风,2024-11-23 03:05:28,6,6,0,必样的老师（必须成为榜样的）\n\n绩点无脑给3.5\n\n建议是不听的，提建议的人是要被喷的，答辩课程最后还要答辩再给答辩一样的分
204003,1758,李啸风,2024-11-23 03:09:31,4,4,0,给个两分报答一下
204006,1758,李啸风,2024-11-23 03:18:59,1,1,0,💩💩💩
204007,1758,李啸风,2024-11-23 03:20:32,3,3,0,Byd弱智\n\n废话一坨，课程依托，给分也一坨\n\n（选这门课的话，基本上就做好3.5的准备吧）
204137,1758,李啸风,2024-11-24 14:42:14,5,5,0,化学系遇到的最差的老师
204372,1758,李啸风,2024-11-25 13:44:14,7,7,0,我乃鸟类学家，这就是雕👍
204417,1758,李啸风,2024-12-02 18:08:05,12,12,0,还有不到两个星期就要选物化课了，学弟学妹们擦亮眼睛，不要被它道貌岸然的人品哲学讲授蒙骗了，悬浊液过滤之后会留下滤渣，李啸风不需要过滤就是（）（）。
204724,1758,李啸风,2024-11-27 13:43:54,6,6,0,我 曹 肆 倪 的 嘛
204727,1758,李啸风,2024-11-27 13:47:48,12,12,0,一把年纪的副教授，鉴定为入机
205155,1758,李啸风,2024-12-02 08:24:57,8,8,0,我澡称码勒个福
205757,1758,李啸风,2024-12-12 16:58:13,11,11,0,你们怎么能给我们天下第一好的lxf打低分啊？\n\n必养的老师👍👍👍，祖国的奋变😄😄😄，民族的挑担💪💪💪，社会的英精🌹🌹🌹
206183,1758,李啸风,2024-12-13 07:21:29,5,5,0,十分的新鲜，十分的美味，希望其受到淳平的厚待
206940,1758,李啸风,2024-12-18 15:14:32,7,7,0,现代化学方法论，聆听各课题组介绍，参观企业，让你写感想做PPT，顺便把均绩从4.2拉到3.9多
208390,1758,李啸风,2024-12-27 10:13:28,9,14,5,各位同学们好！我是李啸风老师。我知道大家可能对我有一些误解，但请大家忽视评论区的差评。我推荐同学们选我开设的《物理化学》课程，因为我的课事情少，给分高。希望通过我的努力，让大家能学得轻松愉快，获得满意的成绩！
208452,1758,李啸风,2025-01-01 10:28:17,6,8,2,李 魈 酆， 鉨 j ι υ 惿 個 寄 δ 巴 ！\n\n李 鸮 蜂， 尓 勼 寔 個 寄 妑 ！\n\n李 嚣 ф е н г， γ o υ 就 四 個 寄 紦 ！\n\n李 嚻 麷 ， 伱 噈 寔 箇 寄 o 巴 ！
211206,1758,李啸风,2025-01-11 04:18:14,15,16,1,大家好!下面那条评论是假的，我才是李老师。看到下面这么多的负面评价，我很难过，进行了深刻的反思。以后能当我面言我之过的同学，都会奖励一个华为手表
219154,1758,李啸风,2025-05-22 12:01:06,3,3,0,锂啸疯今年又把中化一的探究实验恶心出了一个新高度\n\n本来去年是苯乙烯——丙烯酸丁酯共聚物红外分析成分比例\n\n锂啸疯完全没指导就够恶心的\n\n今年是塑料袋成分分析，先是红外然后烧成灰分，拿灰分做原子吸收，未知种类未知大概含量，实验室只有几种灯\n\n结果就是锂啸疯手底下的人实际上在被分散给各个老师带，谁看不下去就帮一把
219163,1758,李啸风,2025-05-22 14:25:25,1,1,0,史中史
2635,1806,王国平,2015-05-05 02:11:38,-32,22,54,痛苦。。累。。
4532,1806,王国平,2015-06-24 07:36:54,-41,16,57,我选择死亡…
5923,1806,王国平,2015-07-10 02:41:39,128,143,15,一门还比十门强
28411,1806,王国平,2016-06-28 09:03:54,123,149,26,我是13级林炜程，实名支持王老师。我认为王老师是一个对教学很有想法的人，虽然平时要求有点高，但是可以得到很大的锻炼。当然最后王老师给了我们很不错的分数
32378,1806,王国平,2016-07-06 10:49:57,-58,9,67,给分极差
32751,1806,王国平,2017-10-31 03:35:54,-56,13,69,不是什么好人
37882,1806,王国平,2017-11-09 02:22:29,-63,15,78,宛如一个智障
42442,1806,王国平,2017-01-14 08:31:15,117,132,15,一开始觉得好辛苦的，后面觉得得心应手了，最后感谢老师，给分很好，挺爱学生的
43283,1806,王国平,2017-01-16 05:25:18,-56,12,68,不否认王国平老师确实有一定的真才实学和能力，但是我认为他的言行与他的所表现的行为大相径庭，而且注重形式搞一些所谓的有用的事情，实则没有多大意义。他的教学方式我也不是很赞同，多华而无实，全靠个人努力。
44492,1806,王国平,2017-01-18 01:26:53,62,69,7,很有收获！难以忘怀！
52632,1806,王国平,2017-09-24 02:39:51,89,97,8,老师超好的！！
57264,1806,王国平,2017-07-06 09:40:22,103,113,10,老师很好，很爱学生，认真学会很有收获
57999,1806,王国平,2017-07-21 16:48:58,57,63,6,有思想，有爱心，有原则！
58803,1806,王国平,2017-10-31 03:36:04,-55,10,65,个鸟人
60814,1806,王国平,2017-10-30 16:09:19,56,62,6,蛮有收获滴
60834,1806,王国平,2017-10-31 03:35:14,132,151,19,王国平老师是一个非常负责任的老师。严格要求是真的，但这是为了培养未来化学领域的人才，努力付出了，都会取得好成绩的。在浙大化学系如此松垮的风气里，王老师就是一股清泉，希望王老师能继续自己的教育理念！满分！
62219,1806,王国平,2017-11-23 08:04:34,-43,12,55,我只希望我在付出这些精力的同时，其他班的学生可以付出与我对等的精力，而不是他们轻轻松松拿高绩我们却累得要死被正态
63510,1806,王国平,2017-12-05 13:35:33,55,61,6,王老师教学很不错的，对学生要求严，但是非常关心。等各位以后进了课题组，就知道曾经的训练是有很大帮助的
66220,1806,王国平,2018-01-14 11:18:27,-18,4,22,xcgghh
66775,1806,王国平,2018-01-19 03:47:50,99,107,8,很棒的老师！很有思想，一直引导学生独立思考！课前的预习提纲认真做的话很有效果！感谢老师！
66802,1806,王国平,2018-01-19 06:18:52,98,106,8,上了王老师的课收获很大，不同于别的老师，他有自己的教学方式，平时分尽量给的高了，考试认真准备，真的是个好老师
66803,1806,王国平,2018-01-19 06:22:53,53,58,5,挺有收获的
66809,1806,王国平,2018-01-19 06:48:22,80,87,7,老师无敌好！！对学生要求挺高的，但我觉得这样挺好的
66906,1806,王国平,2018-01-19 08:56:27,66,73,7,老师人很好，教的很仔细！
67098,1806,王国平,2018-01-20 09:21:57,90,99,9,我觉得老师讲课很好啊，给学生上课的思路不一样，平时会有小测帮我们巩固，最后还有考前总复习，总之老师教学很负责任的，很喜欢。
67255,1806,王国平,2018-01-20 14:10:58,69,76,7,老师真的超级棒 ✧୧(๑=̴̀⌄=̴́๑)૭✧
69604,1806,王国平,2018-01-25 05:14:09,72,81,9,我不管，我就是喜欢国平哥哥
69931,1806,王国平,2018-01-25 16:33:07,-50,12,62,这你发挥自我的地方 教学大纲和评分都想随便改 你以为你是谁？
75427,1806,王国平,2018-03-24 08:12:55,-56,11,67,简直就是个智障，布置的什么傻逼作业
75614,1806,王国平,2018-03-14 05:40:40,66,73,7,是目前来说遇到的最负责的大学老师了！很喜歡很喜歡。
75905,1806,王国平,2018-03-28 09:18:27,65,76,11,有同学说老师“智障”，把你自己的素质暴露无遗啦。况且老师讲课、备课那么认真，布置作业又给你自由，还好意思喷？
76161,1806,王国平,2018-03-28 05:28:37,52,57,5,贼强...
78841,1806,王国平,2018-05-15 15:39:17,38,42,4,不错哦
79702,1806,王国平,2018-06-13 02:21:33,-53,14,67,弱智老师
79709,1806,王国平,2018-06-13 02:53:58,-50,10,60,脑血栓
79715,1806,王国平,2018-07-10 15:52:53,-61,15,76,一副自命不凡的样子，孰不知自己就是一傻屌。
80116,1806,王国平,2018-06-20 06:41:32,105,112,7,他满足了我之前对于大学老师很多的想法吧。真的很尽职尽责，不仅仅是教书，他的确在育人。是一个家国情怀很重的老师。人生榜样！
80661,1806,王国平,2018-06-29 02:51:40,-55,8,63,教学方式有问题，原理公式没讲清楚就放题目让做，以为都是竞赛生吗？讲么又讲不清，还不给ppt让自学。下课问问题，又不是什么很蠢的问题，还让自己翻书
82163,1806,王国平,2018-07-07 09:47:28,40,43,3,从我们班的平均分期中期末都能领先别的班看出，老师是真的负责，只要平时作业跟上，题目认真写是不会差的。缺点就在不给ppt，虽然是想我们上课认真点，但复习起来有点头疼。虽然我成绩还不知道，但我还是给老师好评。
82610,1806,王国平,2018-07-08 17:02:47,80,81,1,王老师超级认真超级负责，是真的在用心教每一个学生。因为我基础特别差，学的很不好，老师就单独找我教我鼓励我，真的真的特别好，最后给分也很好！
82614,1806,王国平,2018-07-08 17:26:45,107,113,6,王老师真的很用心很负责了。好奇楼那些骂老师的自己听课究竟是怎样一种状态。老师虽然没给ppt但明显该用的公式课本上都有，好好看过书的话也不需要ppt啊。老师对我们的要求比较高。而期中期末考的班级平均分都比其他班高这个事实就摆在这里也不需要其他的辩解吧。天上真的不会掉馅饼，该自己努力的还是要靠自己。老师真的很用心了。反正这课我觉得值。
82616,1806,王国平,2018-07-08 17:42:28,50,51,1,虽然小测很多，上课有时候很容易困，但老师很可爱，最后几天速成的无机，期中考也很差，给分超级好。再来一次还选王老师的课就酱
82618,1806,王国平,2018-07-08 18:24:29,73,75,2,老师很好啊，很负责任
82621,1806,王国平,2018-07-08 22:23:39,49,50,1,好极了
82623,1806,王国平,2018-07-08 22:40:08,66,68,2,王老师上课说过，学理科使人踏实，想必这也是求是的一种。
82625,1806,王国平,2018-07-08 23:07:03,69,71,2,师辈之楷模
82626,1806,王国平,2018-07-09 00:03:00,68,70,2,王老师是一位非常有责任心的老师，说真的我都不知道，老师为何关注到了我，老师那天问我为什么上课睡觉，还说是不是他讲得不够生动，我惊了一下，其实虽然有一定原因，可是老师就很信任我，真的老师，特别好，学得不好的同学基本上都是不用心学的，我之前也是这样，后来被老师感动了太多太多……真的是非常好的一位老师，我觉得其他同仁评分低不过就是因为老师要求高，自己学得累吧，我觉得虽然累，但是应该要面对，而不是说老师不好！谢谢！
82629,1806,王国平,2018-07-09 00:46:59,100,104,4,王老师上课充满活力，语速快思维活，王老师的无机及分析化学是我唯一从来没有水过手机全程跟着听的课。王老师平时作业也不多，会自己出一些竞赛题给大家做，题量少，就是比较难，适合跟学过化竞的学生一起讨论来做。非常喜欢王老师！
82643,1806,王国平,2018-07-09 01:55:07,63,65,2,老师很负责 很有想法
83101,1806,王国平,2018-07-09 16:25:08,77,80,3,王老师是真的人超级超级好，上课认真负责，偶尔小测督促大家复习，虽然小测成绩不理想但是平时分给的很好，期末会给大家复习重点，尽量调整分数让同学能过！pick王老师！
83483,1806,王国平,2018-07-10 11:33:21,95,99,4,老师认真负责，对得起大学老师四个字!\n\n这里请各位同学铭记竺可桢先生的两问，记住自己来干啥的
83486,1806,王国平,2018-07-10 11:50:18,62,64,2,老师很负责，实验报告的批改对我们写报告的规范性很有帮助，平时也会给我们小测，让我们了解考试题目的类型，让我们复习也更有方向，是真的负责！特别好，平时被多督促！考试不慌！
83522,1806,王国平,2018-07-10 13:29:56,58,61,3,十分不解释
83556,1806,王国平,2018-07-10 15:08:49,57,60,3,做他的作业   认真做  就满绩了
83557,1806,王国平,2018-07-10 15:09:17,66,69,3,王老师今年是第一次上无机课，真的非常用心非常认真，会自己出题目给我们做，平时对学生也超级好，还经常发红包。虽然明年无机就要变成普化和物化了，但真的喜欢无机，喜欢王老师！
83558,1806,王国平,2018-07-10 15:09:40,57,60,3,上的老师无机与分析的课，老师真的人巨负责巨好！！！
83561,1806,王国平,2018-07-10 15:11:27,50,54,4,老师真的超级负责吧 虽然老是吐槽有小测但是真的挺有用的
83563,1806,王国平,2018-07-10 15:12:55,75,77,2,超级无敌好，无机分析化学，一生难遇的好老师，认真负责，无限泪目，特别走心也特别关心学生，希望老师诸事顺意！
83565,1806,王国平,2018-07-10 15:15:29,49,50,1,给分不错了 人很和蔼
83567,1806,王国平,2018-07-10 15:20:16,66,68,2,老师超好，很平易近人，教学方法也是很适合的，讲练结合，真的很有用，是真的教会我们把知识用起来的好老师！老师对待教学工作十分认真重视，尽管我们已经觉得老师很棒了，他还是会反思自己，特别深刻的那种！选上老师的课，无关绩点，毕竟学习这件事情终归还是要靠自己，你会收获很多！
83572,1806,王国平,2018-07-10 15:32:08,55,56,1,很好。
83577,1806,王国平,2018-07-10 15:41:49,84,87,3,听老师的课真的收获满满，老师炒鸡负责，上了大学以来除了物理系的罗孟波老师，就他最负责了，会经常小测保持警惕感，但的确对学习很有帮助。复习也很到位。明明自己的任务很多还是很尽心地教我们这批小朋友。平时在群里也很活跃会经常发红包。答疑很到位，总之超棒的。给分也很好啊
83578,1806,王国平,2018-07-10 15:46:23,54,55,1,老师给分超好，真实的故事，平时没学过，期末考不及格，还有2.1
83579,1806,王国平,2018-07-10 15:48:14,46,48,2,老师说这是他第一次上无机和分析化学，但我们这个教学班却是所有班里面平均分和通过率最高的。老师人还挺好的，课后作业也不多，而且是选做，自己自觉做就行。老师还会经常在微信群里发红包，耐心解答大家的问题。如果说缺点的话就是上课有时候会扯点别的东西，个人感觉没什么意义；PPT也不发给大家，不是很方便复习。但总体来说，老师还是个很好的人的，最后给分也挺好的。
83607,1806,王国平,2018-07-10 23:26:08,48,52,4,无机及分析化学，每次上课前扯点别的活跃气氛，虽说有时老师讲得知识点不是很明白，但一部分原因是自己上课没集中听讲，总体是很不错的，作业量少，但贵于精，基本只要认真完成作业，考试不是问题。很不错的老师，第一次上这门课，很谦虚友好，对学生很好，感谢王老师！
83624,1806,王国平,2018-07-11 00:19:03,67,72,5,老实说这是我上大学后碰到的最认真负责的一位老师了，平时上课讲解仔细，考前复习也仔细，回答问题耐心，所以我们班的平均分是所有班中最高的，挂科人数特别低！
84323,1806,王国平,2018-07-28 23:19:06,78,83,5,条理清晰，语言朴实易懂，作业不多但有难度。
84757,1806,王国平,2018-07-13 22:18:44,58,62,4,很不错
84781,1806,王国平,2018-07-14 01:00:33,77,81,4,无机及分析化学 \n\n老师人很好，上课不水，真的可以学到东西，平时有小测所以也不敢懈怠，但是这样期中期末考才不会太紧张呀
85445,1806,王国平,2018-07-18 02:45:10,73,77,4,大化P，很负责的老师。作业其实也不是很累。十分不解释了。
87582,1806,王国平,2018-10-07 16:05:27,-61,11,72,和这个老师打过一些交道，平常教学说是严格，实际上是苛责，有很多自己的歪理。最要命的是此人气量极小，心胸狭隘，某次学生因故影响了他的比赛业绩，竟然用尽自己私下的关系去搞那个学生，穷尽伎俩打击报复。
87896,1806,王国平,2018-10-17 06:34:10,-57,8,65,水平很差，心胸狭隘。
88312,1806,王国平,2018-10-28 07:06:18,74,77,3,讲课细致，深入浅出，平和儒雅。每次实验课都提前发预习提纲，解释问题很耐心。
88367,1806,王国平,2018-10-29 16:03:33,68,72,4,今天听老师讲分子轨道理论，有一种豁然开朗的感觉！有激情、负责任、很有水平的老师！
88494,1806,王国平,2018-10-31 10:07:06,58,62,4,老师的实验课别具一格，注重每个环节，很有家国情怀，是一个真心、用心做教育的好老师。
88621,1806,王国平,2018-11-04 10:31:22,58,62,4,十分，不解释！
88870,1806,王国平,2018-11-11 07:35:29,67,70,3,老师很棒很nice啊，上课细致认真，讲得很容易懂，对学生也太好了吧，经常总是发大红包
88894,1806,王国平,2018-11-12 01:17:08,-63,9,72,评论都是wgp请来的水军吗？我真没见过课讲不清楚还不给学生ppt，美其名曰避免你们不认真听课，毫无道理可言。
90983,1806,王国平,2018-11-28 11:30:41,58,61,3,说水军的是怎么回事啊？17级，大一时候上的王老师的无机及分析化学，讲得真的很好，班上均分也是所有平行班里最高的。要不到ppt自己上课把觉得重点的内容拍下来不行吗？再者，做做笔记不行吗？考前王老师都会整理一些练习题来帮助大家巩固书本重点的，跟着老师的节奏来就好了啊。不要给自己的无能找借口！
91823,1806,王国平,2018-12-21 09:15:13,51,52,1,这个学期王老师给我们重修班上课，依然很认真，每周一还加课，很难得！
92324,1806,王国平,2018-12-27 20:14:43,48,49,1,无机分析课，细致耐心有条理，为我们出模拟试卷，赞！
92407,1806,王国平,2018-12-28 09:41:33,52,54,2,评论区有一位造谣说老师动用私人关系搞因故不去参加实验竞赛的同学，我就是那位因故没去参加比赛的当事人，老师根本没有因此对我有所针对，我也没有受到任何不公正的待遇，老师带实验课很认真，也很体恤学生，我一直很敬重他，希望那位造谣的同学不要再胡言乱语，否则如果校方追查起来，我绝对无条件配合调查，维护老师的清誉，别以为在匿名系统就可以胡乱造谣
92961,1806,王国平,2019-01-06 11:03:30,43,44,1,中化2考完了，虽然不知道成绩，但老师一个学期下来的辛苦、负责和用心做教育的点点滴滴，都在我心头，也许如学长所说，我做毕设时就会体会到他的所有的努力、所有的好！虽然有同学对老师的认真不喜欢，但我喜欢！真心谢谢老师！愿老师的教书热情继续保持，做化学系所有教师的榜样！
93758,1806,王国平,2019-01-13 08:31:48,37,38,1,老师超级棒
93759,1806,王国平,2019-01-13 08:34:21,36,38,2,老师很负责的！
93760,1806,王国平,2019-01-13 08:34:35,39,40,1,非常负责，性格超好的老师o(^o^)o
93761,1806,王国平,2019-01-13 08:51:41,35,36,1,非常认真负责的老师
93763,1806,王国平,2019-01-13 09:32:38,17,18,1,9分给老师的负责耐心 少1分因为老师的专业知识   总之感谢老师
93765,1806,王国平,2019-01-13 10:02:56,34,35,1,老师教课，重视过程，重视思想，也重视学生的成绩。课件做得好，讲课讲得好，浅显易懂（因为专业术语难懂，老师用自己的语言解释更好懂）。感谢老师！
93872,1806,王国平,2019-01-14 05:51:07,41,43,2,神仙上课罢辽。想不到大四还能碰到这种级别的神仙结果居然评分这个样子？？没有12分我都觉得过意不去好吗？（诚恳）\n\n我菜是我的问题，我垃圾那也是我脑子不太行离高三太久了，但是→老师是真的好，真的牛逼，化学系男神.jpg，想给他拉一条横幅【王老师世界第一，王老师超级牛逼】（dbq不太会说话）\n\n对待所有学生一视同仁，认真负责，讲课也深入浅出，有所付出的都有收获（=好好上课就会有高分），能很明显感受到是从心底里喜欢学生、关心学生、希望小朋友们可以学有所成。\n\n我是真的菜，我是个循补班的，原来正常班上课不听天天翘课最后全班三个挂了两个缺考一个我（这不活该），后来循补乖乖上课好好学习（其实也没有。循补没过我就要在线延毕了）就做掉作业，上课滚去，期末好好复习跟着老师做卷子，安安稳稳啊可能原来的我是个沙币。（我说我干嘛。）\n\n感谢老师！最后一年还能苟到神仙上课，我太幸运了。
93994,1806,王国平,2019-01-14 15:54:53,34,35,1,老师非常认真，负责任，是难得的好老师
94209,1806,王国平,2019-01-15 16:20:55,33,34,1,很负责任
94210,1806,王国平,2019-01-15 16:59:15,32,33,1,感天动地好老师，真的男神，体恤学生，又有教师的风骨，从不敷衍，教书更育人！！！男神！！！
94211,1806,王国平,2019-01-15 17:04:34,33,34,1,感想王国平老师，祝老师工作顺利，更重要的是多注意身体呀
94212,1806,王国平,2019-01-15 18:39:22,30,32,2,遇到了一个很好的老师，只能说，谢谢您。
94679,1806,王国平,2019-01-17 17:39:35,34,35,1,很负责的老师，平时稍微严格些，但事情并不多，给分相当好，一学期下来会很有收获感
95570,1806,王国平,2019-01-19 15:39:38,32,34,2,一生中遇到好老师是多么的幸运！真心感谢老师！
100005,1806,王国平,2019-01-25 12:28:31,27,28,1,老师这么好，评分这么低也是情理之中，总会有人喜欢，有人不喜欢，特别是老师严格要求时，但愿老师始终坚持自我！坚守自己的教育理念。
100211,1806,王国平,2019-02-02 02:31:49,22,25,3,记得实验课上王老师给我讲了不少化学对于国家发展民族振兴等方面的意义，是一个很有家国情怀的老师，可惜我因为化学专业工资待遇比较低的原因准备退坑，实在比不上王老师的格局和境界，自愧不如。
102411,1806,王国平,2019-02-01 15:19:17,23,24,1,老师很负责，中化2评分也很好！分数高低不取决于老师打分，取决于自己的考试成绩。全年级统一的标准，分数不高的话，应自己反思。为老师点赞！
103059,1806,王国平,2019-02-28 02:58:12,13,15,2,挺好的老师
103168,1806,王国平,2019-02-26 10:25:51,16,17,1,普化乙第一堂课，感觉老师幽默负责，很期待！好老师总有人喜欢或不喜欢。
103443,1806,王国平,2019-02-28 06:46:32,17,17,0,循环补充班选的老师，但是很好，不厌其烦，平时会鼓励大家\n\n
103544,1806,王国平,2019-03-01 03:05:12,13,13,0,普化乙两次课，感受到老师逻辑清晰，知识点重点明确，浅显易懂，讲练结合，周边几乎没人水手机啊，都在用计算器。很幸运选了老师的课。
103731,1806,王国平,2019-03-04 23:57:20,11,12,1,讲课很好，长的像沈腾
103889,1806,王国平,2019-03-07 03:38:52,16,16,0,老师敲级好呀！男神男神，把晦涩的物化讲的浅显易懂，大爱
103994,1806,王国平,2019-03-08 13:11:19,-5,7,12,。。为啥上这么慢？？
104213,1806,王国平,2019-03-14 05:01:52,13,15,2,普化乙\n\n感觉老师炒鸡棒！\n\n让我有一种回到了高中的感觉！\n\n课讲的很清楚！人也很和蔼可亲！\n\n儒雅！\n\n甚至想转去化学（误）
104459,1806,王国平,2019-03-21 03:18:57,-10,8,18,上完两节课第五节课拿来考试？？\n\n？？？\n\n
104493,1806,王国平,2019-05-21 14:09:36,21,22,1,大化P，体会到实验方法、技术，还有老师的爱心、耐心和家国情怀！
105633,1806,王国平,2019-04-17 13:24:09,-12,6,18,普化（乙）。讲得真的不清楚。进度把握有问题。这真是无语了。课前一定要预习！！
105798,1806,王国平,2019-07-11 15:38:17,25,28,3,哇瑟，经常会在群里鼓励我们，怎么会有这么善良的好老师…
105938,1806,王国平,2019-04-23 09:31:38,19,19,0,会发红包让我们买糖吃 会耐心地讲解问题 会告诉我们我们为何要学习 认真负责且有君子之风 总之就是好！非常幸运选上了老师的课
105981,1806,王国平,2019-04-24 03:21:55,17,17,0,老师真的不错 普化乙上课时间比较短 老师也是挑最重要的细讲 上课会点名 要求也比较严格 但是真的很好 给分也不错 还喜欢在微信群里发红包鼓励我们 老师真的很可爱呐
106098,1806,王国平,2019-04-25 03:10:10,18,18,0,天哪，老师太可爱了(๑• . •๑)
106099,1806,王国平,2019-04-25 03:10:10,18,18,0,天哪，老师太可爱了(๑• . •๑)
106109,1806,王国平,2019-04-25 03:51:13,17,18,1,太棒了我一不小心就满绩了
106110,1806,王国平,2019-04-25 03:55:33,21,21,0,老师人超好！还会发红包！超爱这个老师的！
106111,1806,王国平,2019-04-25 03:56:18,19,19,0,耐心细致，是热爱化学并能感染人的好老师。
106112,1806,王国平,2019-04-25 03:59:55,20,20,0,老师人超级棒！课条理清晰，疑难点都会帮你解决！！！有机化学还选他，不知道选不选的上了。
106113,1806,王国平,2019-04-25 04:03:47,20,20,0,老师人很好，但是自己不争气的话也是不行的，一定要跟上老师节奏，自己多看书，并且最后老师给的模拟题一定要做，好多都会考的
106114,1806,王国平,2019-04-25 04:04:36,19,19,0,超级可爱的老师！讲课非常清楚，作业量也在正常范围。非常关心学生，有问必答，还常常在微信里发红包。只要去上课平时分就给满。真的是很好的老师
106116,1806,王国平,2019-04-25 04:17:12,16,16,0,老师很负责，热心，真的很把学生放在心上，考完还可以找他问分数，平时也会问学生听没听懂，好棒一老师！
106118,1806,王国平,2019-04-25 04:29:43,16,18,2,好好好，虽然满绩了，却还是想重修
106123,1806,王国平,2019-04-25 04:44:59,18,18,0,超棒的老师！！很亲切，平时会经常在微信群里发红包。只要上课去了小测做了平时分就给满。上课讲得很仔细，进度把握得很好，重点突出！考前会发模拟卷，只要认真做了，就会发现考试完全没问题。在微信上问问题，老师都会耐心解答。真的是一不小心就满? 啦～太爱老师了！
106138,1806,王国平,2019-04-25 06:59:03,18,18,0,认真负责，讲课条理清晰深入浅出。上课每次都去平时分就能满，课堂题目跟着做+课后作业认真完成+弄明白老师给的复习题，考试八十分打底
106141,1806,王国平,2019-04-25 07:55:07,23,23,0,老师很负责认真，但是毕竟课时少，普化需要更多的课后梳理
106220,1806,王国平,2019-04-25 17:02:59,19,19,0,老师超级好的！讲的深入浅出，很生动。因为我高中没学过结构化学，所以学起来很吃力，但是老师讲过以后好理解了很多！不过还是因为自己方法没掌握好吧，尽管老师调了分还是很差，感觉好对不起老师55555。不过大家不要担心，王老师最后会尽量把平时分给满的(只要你去听课了)，而且很关心同学！不仅是学习上的，还有心理上的。考前一直在群上安抚大家，为大家调整复习方向。很好的老师。
106445,1806,王国平,2019-04-27 12:08:52,17,17,0,老师上课按照PPT，很有条理，有平时例题练习，有考前模拟冲刺，平常也就一次小测，题目不难。\n\n平时分尽量给满，改卷出分都很快。\n\n我不确定是不是我上课漏听了，但是最后的考试内容中沉淀溶解平衡老师上课没讲到，而且英文题英文回答也没有在平时强调，感觉对我的期末分数造成了一定影响（但是结果也不算太差。\n\n对了，平时还有微信小红包鼓励我们复习（笑哭）老师也是非常可爱。
106818,1806,王国平,2019-04-30 01:47:54,21,21,0,王老师人超好，平时还会在微信群里发红包，超喜欢老师！！！比心～～
108045,1806,王国平,2019-05-18 01:40:41,23,23,0,老师昨天又发红包了（没抢到，哭唧唧），鼓励我们好好利用周末。天哪，太好了吧。
108278,1806,王国平,2019-05-19 14:48:20,25,25,0,初听，不觉得怎么特别，如同谈话；再听，感觉逻辑清晰、层层深入；结束后，与其他老师一比较，感觉很怀念王老师的课。
109166,1806,王国平,2019-06-11 01:46:09,21,22,1,结构谱学，老师很认真，思路也很清晰。赞！
110364,1806,王国平,2019-06-26 05:17:05,25,26,1,普化乙，快半学期了回来打个满分~真的是遇到就很幸运的老师，上课条理清晰，课后很关心学生的课业和生活，会很细心地知道我们复习，还会在微信群里发红包让我们买糖吃~而且课上完了还会在群里继续和同学互动，帮助我们解决分化的问题(虽然我没有问他T﹏T)，绝对的师德典范。
110443,1806,王国平,2019-07-03 14:17:38,22,23,1,好老师！！
113313,1806,王国平,2019-07-06 05:38:38,22,23,1,平时实验报告要求比较高 比较学术 会在群里发红包鼓励我们 给分不错 是个非常nice的老师
115450,1806,王国平,2019-07-24 14:50:35,20,21,1,上课体验很不错，课后依然有老师的关爱。
122979,1806,王国平,2020-04-27 09:35:48,17,18,1,老师超可爱，上课会讲有趣的故事，人很和善
125068,1806,王国平,2020-08-27 12:07:15,-9,3,12,上课如同平时谈话，很温和，但我抵挡不住想睡觉
139484,1806,王国平,2021-07-16 10:57:22,2,5,3,给分不错(bushi
140476,1806,王国平,2021-09-13 02:20:17,17,18,1,老师红包真香
141112,1806,王国平,2021-09-24 01:15:02,17,18,1,王国平老师人真的特别好，特别友善
141237,1806,王国平,2021-09-27 04:21:21,17,18,1,老师很和蔼，很有趣，上课非常认真！
141392,1806,王国平,2021-10-05 15:07:27,19,20,1,很不错，条理清晰，深入浅出。
142137,1806,王国平,2021-11-07 11:22:37,19,20,1,所有老师中最好的，非常亲切，讲课的时候会举非常生动的例子帮助理解，我爱！
142151,1806,王国平,2021-11-08 01:51:34,20,22,2,认真负责老师很好，上课调理清晰
142153,1806,王国平,2021-11-12 05:33:28,23,24,1,三生有幸大学第一节课遇见王老师
142155,1806,王国平,2021-11-08 02:44:44,19,20,1,好老师好老师
142476,1806,王国平,2021-11-12 04:27:15,24,25,1,谢谢老师捞捞呜呜呜，普化过了，一度担心我会挂科。老师真的很好，很关心我们还会在群里发红包给我们买糖吃。能遇到王老师真的很幸运。
142486,1806,王国平,2021-11-12 06:00:33,22,23,1,普化乙的预置老师，也是高中化竞培训遇到过的老师。上课氛围很好，深入浅出，虽然课时很少还是会把知识点讲解的很仔细，最后还留了一节复习课把知识点都梳理了一遍。很负责耐心的老师。
142490,1806,王国平,2021-11-12 13:27:49,19,20,1,哈哈，老师真的真的很亲切！讲得很细很照顾所有人，虽然偶尔拖堂，但是真的很负责，像朋友一样，还经常给我们发红包！！现在已经结课了，但我真的非常舍不得他。
142521,1806,王国平,2021-11-12 13:26:45,21,22,1,高中没学过化学的崽，普化被疯狂的捞！爱死！
142545,1806,王国平,2021-11-13 02:10:31,3,4,1,呜呜呜
142656,1806,王国平,2021-11-15 02:49:37,23,24,1,虽然因为课程冲突没能选到王老师的普化课，但一直在学习王老师智云课堂，讲的超棒，帮助很大，感谢！
143325,1806,王国平,2021-11-23 10:44:05,22,23,1,老师很耐心，真的是教育家
143680,1806,王国平,2021-12-01 13:01:26,23,24,1,天哪！我爱王老师！！大一遇到这么好的老师很感动了就是说！
143795,1806,王国平,2021-12-06 14:30:50,26,28,2,王老师超级和蔼，讲课易懂，会捞你，答疑超级耐心，助教gg也很好。顺带一提，会发红包的老师一般不会太差。
144082,1806,王国平,2021-12-17 09:23:18,25,26,1,学为人师，行为世范，足矣
146428,1806,王国平,2022-01-06 14:41:49,28,28,0,高考化学81.5\n\n大一进门给了我4.8  真的重新点燃了我学化学的信心
147579,1806,王国平,2022-01-10 08:48:54,27,27,0,王老师真的做到了教书育人，绝对浙大好老师不解释！！！（还有小红包喔~
149010,1806,王国平,2022-01-14 06:39:38,18,18,0,【无机化学】其实是元素化学，没学过竞赛的真学麻了，学过竞赛的也麻了（\n\n王国平老师上课水平不错的，最后给分也不错，要怪就怪元素这玩意知识点细细碎碎烦。
151515,1806,王国平,2022-03-06 13:25:58,20,21,1,555不晓得为什么大家都在说老师不给PPT，我要了几次老师都给了呀(๑• . •๑)
151741,1806,王国平,2022-03-14 11:17:36,21,23,2,老师把课件发到群里了，想学的想用的可自己下载嘛；再说了，老师的课件为什么一定要发给大家呢？老师备课很辛苦的，做过PPT的都知道。
152669,1806,王国平,2022-04-18 02:41:47,19,20,1,没有选上老师的课，但是一直在听老师的智云！连我都能听懂，讲得太好了！
152858,1806,王国平,2022-04-21 02:02:04,17,18,1,老师，今天的课是上午的。
152859,1806,王国平,2022-04-21 02:05:55,14,14,0,某节课甚至记错课表的戏剧性表演老师～\n\n上课效果杠杠滴好哇
152860,1806,王国平,2022-04-21 02:07:50,19,19,0,国平gg上课认真有趣，但是作业可能会有点难度，高中竞赛题，哈哈！
153124,1806,王国平,2022-04-26 02:23:40,21,21,0,王老师真的很好，是我在大学遇到过最好的老师，上课尽心尽责上的非常好，而且主动捞人，班级氛围很好，无话不谈，考完试老师说海底捞也是我的责任，真的感动了，好好学肯定可以4.5以上
153349,1806,王国平,2022-04-28 09:45:52,20,21,1,老师真的超级超级好！真的很认真负责，上课也讲得很棒，是我见过最关心学生学习的老师了！给分也超级无敌好！！！能选上王老师的普化课是真的很幸运了www
153352,1806,王国平,2022-04-28 09:57:03,22,22,0,考完试凑巧眼神交流到，他问了我一句“爽吧？”我回了一句很大声的“爽。”感觉整个考场都听见了（社死一下），上他的课真的是我的福分，讲课很生动，然后还会在群里发红包激励我们学习猛学，很关心每一位同学，真的是很好的老师呜呜呜呜呜。
153353,1806,王国平,2022-04-28 10:01:24,22,22,0,我直接称王老为浙大之光！进大学遇到过的最好的老师，yyds！
153354,1806,王国平,2022-04-28 10:25:00,19,19,0,王老师，你！是！我的！神！！！
154460,1806,王国平,2022-06-01 17:05:27,0,6,6,无机化学 作业难度随缘，PPT错误有点多，上课容易口胡，元素化学内容分配不太好，后面讲的太少了。自命题期中难度很高但是会捞一下下。单纯听课完全不够用感觉，要花很多时间自己补。老师人确实很好，会细心引导你解决问题。还会发红包。除了给分一般其他都很棒的。
154510,1806,王国平,2022-06-03 03:36:35,24,25,1,你永远无法拒绝一个给学生发红包的老师！春学期结束的课，端午居然还在班级群里发红包！！这老师你说不爱我和你急！！！
156703,1806,王国平,2022-06-20 16:41:15,19,22,3,超级棒的老师！！！平时上课超级有意思，讲的内容比书上的好理解一百倍！上课很认真，会提醒开小差的同学。期末海底捞！！！马里亚纳海沟的捞！
156705,1806,王国平,2022-06-20 16:47:42,21,23,2,给分浓浓师生情
156716,1806,王国平,2022-06-20 17:39:30,23,24,1,老师上课很用心，很认真，给分非常好。先说唯一的缺点，就是上课讲“闲话”（生活实例）有点过于多了，有时甚至我们会担心耽误讲课。但这和这门课内容太多也有关系。不过由于最终只考一二三章节，所以其实还是讲得完的。高考选考化学的同学认真做作业就基本能搞定。\n\n再就是老师的思想和传递的师生情，远远不止几个红包，更是鼓励大家认真学习。老师年轻时很厉害，现在也是一两点睡觉、五六点起床，我们要像老师一样精神抖擞，努力学习，建设国家！
156717,1806,王国平,2022-06-20 17:51:28,20,22,2,高考没选化学，普化乙4.8，懂？
156726,1806,王国平,2022-06-20 23:21:25,16,17,1,风趣幽默，和学生关系特别好，讲的也清楚，按部就班跟着，所有习题认真做就会高分，期末的时候就会发现大部分都是作业原题改编的。老师给了我99/5.0，可我只能给他10分
156758,1806,王国平,2022-06-21 02:08:45,1,26,25,别的我不多说，我是化学系的，上竺院的无机化学，讲的真的不太行，而且很随意，作业小测想不留就不留，是个理想主义者但是缺乏脚踏实地实干精神
156868,1806,王国平,2022-06-21 08:08:20,23,25,2,求捞的时候，老师的回复：我已经穿好泳装了。哈哈哈哈哈哈哈，都给我选，给分真的巨好！！！
156966,1806,王国平,2022-06-21 12:43:57,17,23,6,无机化学考试前一天来评价。\n\n我高中没有任何化学竞赛经历，学无机这门课很痛苦，基础薄弱，背不出来。但是这不妨碍我认为王老师是个好老师，他对学生的负责、对三观的引领令我印象非常深刻。如我以后也成为一名老师，我想我会以他为榜样。\n\n绝对的10分。
157021,1806,王国平,2022-06-21 15:13:09,18,21,3,老师课讲的好，给分也好，也特别关心学生
157090,1806,王国平,2022-06-22 01:36:31,16,21,5,认真负责
158276,1806,王国平,2022-06-28 03:25:27,2,26,24,教育理念奇特，对化学系非竞赛生不友好，捞人方面不公平，刻意拉大差距
158357,1806,王国平,2022-06-28 15:57:36,5,23,18,好奇楼上这位化学系同学的奇怪思维，老师捞人已属难得，不怀感恩之心却追求公平？老师怎么才能刻意拉大差距？技术上可行吗？是你自己的臆测吧？老师很公平，对每位同学都友好，但是你自己不上进却要老师哄着你？老师的教育理念很好啊。我们普化乙的同学都喜欢王老师，为何对老师有意见的却是化学系同学？难道教化学系的课老师的水平就突然下降了？真是难以理解。好老师，十分！
159527,1806,王国平,2022-08-03 09:57:17,1,9,8,较细致
159753,1806,王国平,2022-08-28 08:26:57,6,12,6,这这这这也太能捞了吧😭😭😭
160013,1806,王国平,2022-09-11 15:11:35,-14,1,15,怪美的
162648,1806,王国平,2022-12-01 16:41:06,10,18,8,秋学期的普化乙，一直跟着老师的智云课堂（这学期老师没开课），虽然不是线下听课，但看到视频中气氛融洽而活跃的课堂，真心羡慕。深入浅出的讲解让我快速理解课堂中难懂的原理。期待有机会听老师的线下课，应该是一种美好的享受，期待老师每学期都为本科生开课。
163535,1806,王国平,2022-12-15 02:37:20,3,19,16,王国平，无机化学被连续投诉了三年
164064,1806,王国平,2022-12-17 15:17:24,0,18,18,楼上属于无稽之谈，王老师才上了两年无机课，哪来投诉三年？老师一贯要求高，上课和考试都不水，老师被投诉，说明是个好老师。
164100,1806,王国平,2022-12-18 04:27:26,15,31,16,有些人被糊弄了都不知道
165019,1806,王国平,2022-12-28 10:57:47,17,36,19,同意楼上，有些人被糊弄了还不知道！如果你喜欢被糊弄，还想着能赚几个小红包，那选wgp的普化没啥问题。但是如果是求化强化的学生，特别是像我一样没学过化竞的，那么恭喜，赶紧逃，自学无机！！！一个为了自己走穴轻松而不布置作业，次次上课大谈特谈自己的那一套教学理念的老师能是什么样的。每次都说自己认真备课，备课备课，然后呢？备了个寂寞。这学期的实验课，每次早上在实验中心做实验预习，看到他就恶心。“别人学了三年竞赛，你一个没学过竞赛的人凭什么学一个学期的无机化学就想赶上他们”，这话是一个任课老师，在无机课堂上能说的出来的？（大意转述）我当时课上听到这句话真的心都寒了……纯纯无语。无机出分接近一个学期之后来考古一波。之前看到朵朵上有外系的同学问能不能退别的老师的无机课选wgp老师班，只能说wgp教的无机化学，看似是元素化学（其他无机化学和普化的内容更接近），实则是****
169638,1806,王国平,2023-02-27 08:29:49,14,28,14,这老师真的不好，别被忽悠了
171856,1806,王国平,2023-04-08 05:34:43,5,23,18,这边建议化学系的同学不需要再给我们优秀的wgp老师做评价了，反正王老师在系外风评很好，而且系内谁会遇到wgp老师呢[狗头]大家dddd。
172982,1806,王国平,2023-05-11 00:07:52,5,16,11,原话“通过是很难的”\n\n几乎每节课都点名，一周两节课的早八，提前五分钟去，被批评太晚。\n\n小测前大部分不说，不管讲没讲完该章随机小测。\n\n期中考试周，突然说加强小测，添加期中考试，但是也没有具体说明。在夏三周突然通知下周期中考试。\n\n讲课很繁杂琐碎，深度逻辑性也很弱。
173300,1806,王国平,2023-05-18 05:33:28,3,14,11,缝合怪
173325,1806,王国平,2023-05-19 05:14:09,0,10,10,普化乙，一年之后来打分。王老师上课有趣，深入浅出，作业不多，难度不小，课堂内外提醒学生刻苦学习，师德高尚。不过王老师要求严格，有人喜欢，也肯定有人不喜欢，特别是那些摆烂躺平的同学。
177016,1806,王国平,2023-07-01 05:54:46,-11,9,20,无机考完，特来感谢老师，平时很认真，捞人很尽力。无机元素化学繁之又烦，老师用两条主线贯穿其中，条理清晰，理解深刻，曾经学化学竞赛时望而生畏的元素变得不再反锁，学起来豁然。如果不静下心来学，可能会觉得难学，这不是老师的问题。十分！
178273,1806,王国平,2023-07-09 07:53:37,3,14,11,老师很关心学生，给分也在尽力往高给，但无机化学讲得真的不太行...
180627,1806,王国平,2023-09-24 05:13:47,7,11,4,无机确实不好讲，出成绩搞心态又是什么玩意？
185571,1806,王国平,2024-01-02 09:31:19,8,12,4,实验课千万千万别选
195675,1806,王国平,2024-06-29 12:29:50,-13,4,17,王老师人很好的！！无机课能学到东西，虽然内容比较难但是给分不错的。
195700,1806,王国平,2024-06-29 16:30:45,9,10,1,一般般
195704,1806,王国平,2024-06-29 17:05:40,8,10,2,无机化学虽然主讲元素实用性可能有点欠缺，但讲课很有调理，虽然几乎每次都点名但给分巨好
198567,1806,王国平,2024-12-12 08:17:42,19,21,2,实验课（中化二），报告重形式轻内容，画饼画的比宇宙飞船都大，绪论课上说要把实验报告写成文献综述…只能说离谱。\n\n另外同一个老师教不同课的质量完全是可以天差地别的（比如wgp的普化和化学专业课，wm的基化一和分化二，张寒洁的通识选修和大物实验等等）
199152,1806,王国平,2024-09-18 08:06:47,-17,2,19,王老师上课非常负责!非常生动!从他的竞赛一直跟着到大学，超爱!
199153,1806,王国平,2024-09-18 08:06:47,-18,2,20,王老师上课非常负责!非常生动!从他的竞赛一直跟着到大学，超爱!
201289,1806,王国平,2024-10-31 06:38:14,17,19,2,以下评价仅针对wgp的中级化学实验2\n\n1.讲课拖拖拉拉，不到12点完事不了（对比一下：方文军基本11点完事，王永尧在强调了各种细节的情况下也能11点半完事）\n\n2.实验课中仪器使用出现问题自己从不设法解决，每次都从其他实验室把hgj喊过来解决，而且wgp本身根本没有使用与调节仪器的能力和态度，有一次他碰到一个仪器没法用又要找hgj，结果：“这个仪器需要一小时去准备使用，怎么只开了十分钟”，反复如此，最后搞得hgj都想吐槽他\n\n3.实验报告鼓励恶竞，撑死不超过2000字的实验报告，竟然要求写摘要（四五千字的论文要写个摘要无可厚非，但是那是实验报告，那么点字真的有必要写摘要吗）\n\n4.教学态度上，几乎完全瞧不起自己所教授的各项实验（关键他是靠这些实验拿工资的，而我们是被要求交了学费去上这些无意义的垃圾实验的）\n\n5.唯一的优点：成绩不正态\n\n他以前还是物理化学实验教学体系建设的主要负责人之一，现在在实验教学上却沦落到了这么不求向上，自甘中下，已经到了无耻的地步，只能说他在实验教学上把新瓶装旧酒玩到了极致，严重僵化了，这种成绩，令人汗颜！不管他以前有什么成绩，现在的他就是一个为物理化学实验教学长期贡献负能量的人！\n\n另外中化2还是预置的，每个教学班都是预置满的，想换课基本换不掉，而且中年人的思想是根深蒂固难以改变的，只能期待未来他把接力棒交给更多专业水平强、教学态度好的年轻老师吧
202199,1806,王国平,2024-11-14 00:23:45,19,20,1,王老师充分的让我感受到了实验的魅力，我愿称其为实魅老师
202205,1806,王国平,2024-11-10 16:30:54,15,17,2,以下评价仅针对中级化学实验二\n\n1 预习报告的要求是“能根据它做实验而且不能抄书”，还要另外回答理论推导实验设计注意事项原因误差来源影响等一系列问题基本相当于自己设计一遍这个实验，并强烈推荐我们“去查资料去整理这个实验还能用什么方法做比如整理成文献综述把一个实验做成一类实验”\n\n2 实验前会讲一堆原理相关内容，有时会提问会“不要读资料也别翻书你自己想自己理解”，怀疑是要我们自己自学自己捋通整个实验自己融会贯通的程度，不知道对我哪来的自信\n\n3 表示“这些实验都是老古董实验了具体的操作不重要你以后科研也不会做这个的重要的是方法是思维”所以基本不演示实验操作，会讲步骤但是感觉车轱辘话而且讲细节讲不到重点，自己也基本不预做实验一有BUG就拉hgj老师帮忙，又非常注重数据的精确性非要我们每个人重复不重要的操作好几遍保证仪器常数的一致，尽管这些实验本身的精确性加上我们的操作加上不充分的操作教学实在是不知道能精确到哪里去\n\n（超字数了还有后续）
202206,1806,王国平,2024-11-10 16:36:32,15,17,2,(超字数的后续）\n\n4 实验报告非常注重格式，完全当论文写，建议写摘要关键词，作的图像轴标题之类的地方不能有文字要全部使用符号，相图里自己做不出来的细节建议查文献补上，表面张力实验没有人向别人要数据做拓展内容被吐槽“缺乏合作意识”，强烈建议我们拿回报告之后“花一两个小时很快的改改好再交一次，如果还不满意你还可以再再交一次”\n\n5 “当然我上面说的要求很高但都是 建 议 啊，你们愿意做到什么程度就做什么程度我完全奉陪，想改论文我帮你改想要仪器进一步实验我帮你申请，都看你自己啊，你们的学长学姐他们都做得很好的”“这是农学院的报告，你们那肯定要做得比他们好对不对你们可是化学专业的，专业是什么意思专业就是别人无法超越啊，你说对不对”\n\n6 成绩不正态\n\n总结是如果你非常有时间或者非常有热情或者非常有天赋的话你或许可能大概会有收获，但对大多数同学估计主打一个抽象，憋屈到每个周末边写边骂身边同学全部深表同情和实验室老师都能一起吐槽吐槽得停不下来，从来不喜欢骂人的人半夜打开查老师逼逼叨叨疯狂超字数、还要特地爬下床换电脑端不发完吐不了胸中一口浊气
202666,1806,王国平,2024-11-13 17:00:04,24,26,2,不说别的，非竞赛生上他的无机学不到任何东西
204418,1806,王国平,2024-11-25 17:40:39,13,15,2,一天，王国下达圣旨，赏赐给一位大臣一块金子，另一位大臣一块玉璧，得到金子的大臣感觉不公平，对着圣旨大叫了一声：“王国，凭啥璧！”
205564,1806,王国平,2024-12-09 16:03:48,7,8,1,Wgp的实验课绝对会让你觉得槽多无口\n\n而他的实验课讲课就像一个包满了空气的塑料袋，看上去很饱满，实际上非常干瘪，无用，而且占地方。
205736,1806,王国平,2024-12-11 16:34:00,10,11,1,中级化学实验里wgp的各种debuff楼下已经写得很详细了\n\n除此之外，wgp的四学分无机，最大的问题就是：歧视非竞赛生\n\n另外wgp已经连着三年只教中化2和四学分无机了，想听他高质量好课的人估计只能在智云上翻很久远的视频了\n\n现在很多思政课老师的最新评论都是：不要被査老师上的低分忽悠了\n\n而对于wgp情况则相反：不要被他的高分忽悠了
207633,1806,王国平,2024-12-24 11:17:39,5,7,2,成绩不正态，给分好，这是优点
207736,1806,王国平,2024-12-24 12:57:26,-5,4,9,楼上同学我想问甲酸操作考试难在哪里了？不用配溶液，不用连电路，参数都是计算机测定的，你就把试剂加进去在电脑上点开始不就好了？\n\n数据处理难道写报告的时候没做过？\n\n不要自己理论掌握不好还来这里无依据碰瓷王老师
209493,1806,王国平,2025-01-06 05:41:07,3,3,0,这就是我爸爸
209938,1806,王国平,2025-01-07 13:27:51,3,3,0,中化二虽然上课过程当中很抽象很令人痛苦但是最后给分好，一个班可以产生四个满绩
218737,1806,王国平,2025-04-30 03:47:21,1,2,1,上课不知所云
4778,1873,钟建华,2015-06-28 15:08:30,7,7,0,很好
5553,1873,钟建华,2015-07-08 08:06:34,4,4,0,很好的老师
5557,1873,钟建华,2015-07-08 08:29:13,4,5,1,人好 给分也好
23212,1873,钟建华,2016-03-22 02:49:29,0,3,3,话痨一个……\n\n
30699,1873,钟建华,2016-07-02 08:49:48,1,3,2,给分在实验课中算一般，而且如果一两次实验出错会被记住
30726,1873,钟建华,2016-07-02 10:19:57,6,6,0,真的人很好的老师，对学生很关心，给分也好！
75710,1873,钟建华,2018-03-15 09:22:53,6,6,0,老师讲的真的很仔细，做实验也在旁边指导你。对于非大佬会收获很多，大佬会觉得很啰嗦。
76127,1873,钟建华,2018-03-27 10:09:53,2,3,1,非常和蔼 非常耐心
109909,1873,钟建华,2019-06-20 06:18:26,2,2,0,老师很认真很关心学生，探究性实验十分鼓励我们去尝试
138086,1873,钟建华,2021-07-07 09:36:15,2,2,0,吹爆钟建华老师，真的很想教好我们的实验知识，会讲很多实验的设计思路和方法，认真听真的可以学会很多（虽然我是个菜菜听了也没记住多少），实验的时候非常非常好，鼓励我们积极问问题，会很认真地和你分析，认为老师就是给学生解答疑惑的因此学生要积极去问，注重学生实验能力的培养而不是单次的实验结果（“第一失败正常的，我以前做第一次也会失败”），探究性实验希望看到我们的是有自己的思考而不是单纯的重复实验，失败点没关系，因为本身时间不够，答辩的时候很和蔼，是一种轻松的讨论的氛围，希望我们能从相互的实验中学习。\n\n有些同学会觉得老师很唠叨，主要是他会讲很多课外但真正专业实验中要用到的知识点，建议可以听一下（虽然内容确实很多哈哈哈哈），记不下来全部没关系，能有一点转化为自己的知识就是额外的收获了\n\n还有老师的课要高分的话建议抱着学习的态度去上，实验有问题就去问老师，不要担心结果做得不好不敢问，老师第一节课就说了他不看重结果，看重的是我们学习思考的过程
149663,1873,钟建华,2022-01-16 09:42:04,1,1,0,老师人很好，上课讲的很多，也挺唠叨的，美女学姐助教超级温柔，但给分确实不怎么样。
166781,1873,钟建华,2023-01-13 14:36:48,0,0,0,好老师，耐心负责交实验。\n\n除了有点话痨hhh\n\n有机化学实验给分真的好！
192550,1873,钟建华,2024-05-23 10:40:28,0,0,0,。。。
23121,1909,胡吉明,2016-03-18 09:05:35,2,7,5,老师很幽默啊啊啊啊^_^
50664,1909,胡吉明,2017-05-04 06:21:35,11,15,4,上课深入浅出，循循善诱，作业布置得当，少而精，针对性强。老师在电化学上，有自己的一套理解和教学体系，也许有失偏颇，但抓住了精要，难得的赞课。而且课堂结合实验——虽然实验水了点——四大化学课上完后，如果对电化学感兴趣，千万不要错过胡老师。ps该课配合傅献彩物理化学里的电化学部分及教材电化学原理食用有补充增益的作用。
76487,1909,胡吉明,2018-04-11 03:24:37,7,10,3,菜菜菜
76675,1909,胡吉明,2018-04-18 03:46:44,6,8,2,僵硬，睿智
77256,1909,胡吉明,2018-05-04 07:09:47,2,3,1,？？？
78496,1909,胡吉明,2018-05-12 11:04:39,11,11,0,专业限选课里面给分最低的...不过以后也不会有人去上了吧
79618,1909,胡吉明,2018-06-11 12:30:42,14,18,4,哦呵呵每年都要让学生不及格？
79619,1909,胡吉明,2018-06-11 12:36:59,11,13,2,有毒毒？18级同学们真幸福
79621,1909,胡吉明,2018-06-11 12:46:38,8,8,0,究竟什么时候才能讲完…
79622,1909,胡吉明,2018-06-11 13:03:54,19,26,7,告诉我我不是唯一一个在学长组大会上被他的讲话激怒跑来查老师搜他的人
79623,1909,胡吉明,2018-06-11 13:05:42,3,5,2,sb吧！
79624,1909,胡吉明,2018-06-11 13:09:49,0,4,4,呵呵哒正态分布 “老师给高分是害了学生”。什么时候中国大学能少一些这样自以为是的所谓教育者管理者，什么时候才真的有可能成为世界一流大学吧。
81994,1909,胡吉明,2018-07-06 18:48:00,0,3,3,官僚主义傻逼
86000,1909,胡吉明,2018-08-26 13:00:54,0,1,1,。。。
106183,1909,胡吉明,2019-04-25 12:30:04,6,8,2,讲课很棒，选课学生少，老师记住了每个人的名字；上课很轻松，电化学课讲得真心好，而且手写板书
106513,1909,胡吉明,2019-04-28 03:28:44,0,2,2,上课讲的还行，最后考试给分不好，很无语了
106523,1909,胡吉明,2019-04-28 03:51:42,2,4,2,讲课好。给分迷
136517,1909,胡吉明,2021-06-20 03:43:38,14,14,0,我不会到12:00再讲完的，我会到11:59就结束的= =
136518,1909,胡吉明,2021-06-20 03:47:24,11,11,0,好有趣的老师，虽然比较严但个人觉得可能他更适合校长
136519,1909,胡吉明,2021-06-20 03:57:57,1,3,2,竟然提前结束\n\n饿着肚子听nt学长组培训\n\n为什么不直接讲给新生呢
164063,1909,胡吉明,2022-12-17 14:40:36,4,4,0,电化学，老师讲得很细致，作业不多，给分也好，还是很有收获的
164459,1909,胡吉明,2022-12-21 05:51:44,3,4,1,老师上课有自己的比较完善的理论体系，可以学到很多东西，虽然电化学本研混读，但老师真的很关心本科生的学习情况，22年春学期期末的时候真的能感觉到老师不太希望我们挂科。虽然还有线上的MOOC需要做，但是在期末复习的时候MOOC帮助挺大。
170683,1909,胡吉明,2023-03-08 05:59:37,30,31,1,工程化学，有自己的教学体系，备课很用心，讲的很仔细，很有耐心，谦谦君子风范，好像是化学系一把手
172212,1909,胡吉明,2023-04-22 11:25:41,9,9,0,工程化学讲得很棒，老师对待每节课都很认真
172420,1909,胡吉明,2023-04-26 16:32:38,17,17,0,胡老师可以说是我进浙大遇到讲课最好的老师之一了，不知道为什么之前的评分这么低，但在工程化学这门课上绝对值得十分。胡老师为这门课备课很久，所有的ppt都是自己精心打磨得来的，按照自己的思路重新组织内容，便于学生理解。上课在原理方面解释细致，对记忆性强的知识点则要求学生自习，对于高中没有学习化学的同学非常友好，只要上课认真听绝对能跟上。小测不难，好好复习都能拿接近满分。\n\n在课上基本不签到，他认为签到是很没有水平的事情。在课上很有激情，也很幽默，会要求学生课前打开飞行模式认真听讲。\n\n区助教也很耐心，答疑每次都很快而且很耐心，也是不可多得的好助教，平时分也会帮学生尽量捞（而且是个帅哥）\n\n如果你高中没有学过化学，希望这门课能拿到好成绩，那就选胡老师
172436,1909,胡吉明,2023-04-27 02:02:56,2,4,2,工程化学讲的很清晰，给分很好，爱了爱了
172437,1909,胡吉明,2023-04-27 02:10:44,8,8,0,胡老师是一个幽默风趣的老师，会非常认真地备课，初次教工化按自己的理解将书本浓缩成PPT，个人认为这些PPT省时高效，很感谢胡老师的备课。这种有幽默感的老师不应该是这样的评分，个人观点仅供参考。
172449,1909,胡吉明,2023-04-27 03:57:26,5,6,1,工程化学，不点名，还挺有意思
172455,1909,胡吉明,2023-04-27 06:23:03,4,5,1,怎么说呢，很敬业，备课很充分，对学生很照顾，资料整理的很好，教的很生动。
191885,1909,胡吉明,2024-05-03 12:16:32,2,3,1,工程化学，胡老师讲课讲得很细致很好，超级耐心，会顾及高中没选化学的同学，而且给分也特别特别好
191888,1909,胡吉明,2024-05-03 14:20:07,2,4,2,工程化学给分挺好的，不点名，讲课有趣，因为上课有很多人没去，老师还在群里发链接让大家反应一下他讲课是不是有什么问题、有没有需要改进的地方。老师现在评分低应该是和之前发生的某些事有关，但是就课程方面来看是挺好的，完全能给10分。
192010,1909,胡吉明,2024-05-07 14:06:18,2,2,0,上的是胡老师的工程化学，仅就这一门课来说，胡老师讲的非常不错，上课条理清晰，例题和知识点紧密结合（就算是高中没有选考的也可以听懂的程度），最后给分也超级好！本来担心自己高中没有选化学绩点不会很高，很幸运遇到了胡老师！！
192552,1909,胡吉明,2024-05-23 10:47:21,0,0,0,！！！
196119,1909,胡吉明,2024-07-01 17:13:13,3,3,0,刚看完电化学的分，海底捞的一个老师\n\n课很难，但是重点部分会一遍一遍讲，从这个学期开始需要组队，每节课要对上一节课的内容做15分钟左右的复习，另外还有慕课，期末占比多少不清楚，但看我期末卷子那坨屎样感觉应该占比不大\n\n助教哥哥人很好
196659,1909,胡吉明,2024-07-04 15:17:21,3,3,0,电化学\n\n课好，硬，给分很好，会捞卡绩
215736,1909,胡吉明,2025-03-05 03:17:13,0,0,0,老师讲的很好，很幽默
216347,1909,胡吉明,2025-03-14 01:35:11,1,1,0,签字点名
217439,1909,胡吉明,2025-04-10 11:58:54,0,0,0,冲就完事了！
217490,1909,胡吉明,2025-04-11 07:26:26,0,0,0,人很幽默，授课水平高，小测送分。（工化）
217900,1909,胡吉明,2025-04-17 16:47:02,0,0,0,工程化学，是真的好老师
218038,1909,胡吉明,2025-04-19 13:18:43,0,0,0,上课讲的真得挺不错的（个人觉得），而且老师人也很有意思。非常乐意和学生交流
219538,1909,胡吉明,2025-05-29 10:33:50,0,0,0,神中神，工程化学无脑选
82694,1936,王建明,2018-07-09 03:32:37,0,2,2,佛系老师。强推
129019,1936,王建明,2020-12-28 15:47:05,-1,1,2,老师很佛系，人很好，上年纪了，讲机理的时候总会说句话然后喘口气，不会要求实验的精准度，但是对实验报告格式有点要求
667,1947,厉刚,2015-03-15 11:19:38,72,108,36,我这辈子最感谢的人就是历刚老师，谢谢您
3334,1947,厉刚,2015-06-02 11:20:13,21,32,11,讲得不错
8164,1947,厉刚,2015-11-30 03:12:46,11,18,7,报警了
12547,1947,厉刚,2016-01-04 01:52:39,-3,8,11,没意思
14371,1947,厉刚,2016-01-06 14:19:00,1,6,5,老师很耐心，很愿意帮助你解答各种问题
16606,1947,厉刚,2016-01-18 13:34:48,2,8,6,平时分几乎没有用
16769,1947,厉刚,2016-01-19 02:44:26,-6,2,8,。。。
16999,1947,厉刚,2016-01-19 12:11:06,13,18,5,老师很细致，很认真，虽然我是那种喜欢自己看书的
17049,1947,厉刚,2016-01-19 13:53:43,12,16,4,老师讲的超级棒！上课认真听不仅有知识的收获还有学习方法和思维方面的收获，人也超级好！
17305,1947,厉刚,2016-01-20 04:16:05,3,10,7,讲的太好了，听他的课，真的轻松满绩，又负责任，作业改错了，还给你改回来了，棒，蟹蟹厉老师，爱你！
18924,1947,厉刚,2016-01-22 22:56:25,0,3,3,救命恩人。
20620,1947,厉刚,2016-01-29 05:33:49,3,5,2,不错的
21101,1947,厉刚,2016-02-17 07:50:30,-8,11,19,老师挺负责的但是讲得太差了。后来都不想去上课了，无奈他抽点名不去扣分。纯自学（；￣ェ￣）
27192,1947,厉刚,2016-07-01 12:57:13,2,6,4,老师是会短信回我问题的负责任的暖男
29158,1947,厉刚,2016-06-29 10:06:31,-1,2,3,整体上还是挺好的
29168,1947,厉刚,2016-06-29 10:20:02,-4,9,13,有点昏昏欲睡，听不下去，不过看学霸们学得很high，自学吧•﹏•
30393,1947,厉刚,2016-07-01 13:06:39,27,34,7,没人觉得讲课速度不合理吗？急速2节课然后……
30483,1947,厉刚,2016-09-29 02:05:21,0,6,6,厉刚老师上课是读PPT和讲解相结合吧，不过节奏比较慢。有时候提问得不到反应有种很无奈的感觉。不过课堂质量还是高的，认真上能理解好。
34376,1947,厉刚,2016-10-08 07:25:15,1,8,7,讲课速度贼快，根本听不懂好吧，老是以为我们学过
39164,1947,厉刚,2016-12-21 11:52:02,0,1,1,真的很棒
43497,1947,厉刚,2017-01-16 11:14:20,1,6,5,分数不好。
43507,1947,厉刚,2017-01-16 11:34:42,4,7,3,老师很负责 很和蔼 会提醒考试重点 虽然课程比较杂乱 那是因为考试大纲乱 水一水也有90+  开心
43552,1947,厉刚,2017-01-16 13:59:11,2,8,6,上课老师讲课不是很清楚，蜜汁笑点，经常觉得大家都是会的。平时每节课都去，作业认真做，考试前认真复习，我感觉考得应该还不错，结果，我的绩点出来？？瞎了我的眼
43652,1947,厉刚,2017-01-16 16:41:56,15,20,5,强烈推荐，这个老师讲课又有意思有爱笑，答疑超级耐心不把你讲懂了还拉着你不让你走!
43680,1947,厉刚,2017-01-16 22:47:15,2,6,4,老师还是不错的。\n\n不过普化真心水，上课不是很有趣，给分还不错，但考试大家都考得好，比较容易被正态吧
44024,1947,厉刚,2017-01-17 08:21:53,17,21,4,老师人真的超级赞  看着他莫名笑超可爱   讲课很清楚   认真听  物化没问题的?
45880,1947,厉刚,2017-01-20 08:16:32,29,36,7,老师讲的特别好，但是就是有时和同学互动时得不到回应会有点急，最最最重要的是给分超级良心！！！上过的都懂，不解释！
45889,1947,厉刚,2017-01-20 08:33:38,2,5,3,老师很好很好 是我自己没好好学…考试有两道大题没算出来 真的很感谢老师…给分极赞
45916,1947,厉刚,2017-01-20 09:05:19,21,29,8,老师超可爱啊，作业也不多，期末考试很多都是书上的，师生情逆天，只做出2道大题，填空没对几道，居然有3.9！
45921,1947,厉刚,2017-01-20 09:09:18,4,5,1,超赞的老师
46070,1947,厉刚,2017-01-20 14:34:03,4,7,3,老师很随和 给分也很好～
46174,1947,厉刚,2017-01-21 00:53:03,3,4,1,绝对要选他
46219,1947,厉刚,2017-01-21 03:05:09,5,7,2,老师给分棒！上课也很萌，很耐心，是个超可爱的老师
46372,1947,厉刚,2017-01-21 11:06:15,1,3,2,浓浓的师生情
48642,1947,厉刚,2017-03-09 01:23:46,4,5,1,物理化学讲的很好，但是自己刷题也很重要\n\n
48961,1947,厉刚,2017-03-19 10:22:29,-23,11,34,管他老师好不好，反正我满绩(￣O￣）
48962,1947,厉刚,2017-03-19 10:23:13,2,4,2,楼下下的是称耗麦
60394,1947,厉刚,2017-10-19 03:27:49,19,20,1,普通化学速度起飞……mad愣是让我这个听什么课都没劲的人目不转睛地盯着他的嘴巴
62950,1947,厉刚,2017-11-27 12:19:08,-1,1,2,很和蔼的老师
63305,1947,厉刚,2017-11-30 09:20:18,1,3,2,灰常好的老丝
65075,1947,厉刚,2017-12-28 13:31:11,14,17,3,听不进去...自己的问题 可是我不觉得简单啊 满绩什么的也从来没想过 膜楼上轻松学普化的大佬们 我挺吃力的
65413,1947,厉刚,2018-01-03 17:21:53,27,33,6,老师自己水平很高，但真没办法讲到我能听懂，也许我自己水平低？总之化学靠自学啦。
65521,1947,厉刚,2018-01-05 03:53:36,31,45,14,这老师讲课真的有人能听懂？？？
65783,1947,厉刚,2018-01-09 06:05:30,-6,0,6,不止讲化学
66756,1947,厉刚,2018-01-19 01:23:40,38,46,8,不好意思，讲的飞速。听不懂，只能自学
68596,1947,厉刚,2018-01-23 12:25:49,-1,2,3,普化真的好好听讲再做些题就好了，
68613,1947,厉刚,2018-01-23 13:02:36,0,4,4,厉刚老师真的很好，喜欢他的笑容。普化的话光是靠上课是不可能完全吃透的，需要多消化，自己多看几遍书才能消化。
69289,1947,厉刚,2018-01-24 12:04:55,-5,3,8,普化很简单的，好好学的话我觉得比高中化学简单的多
70169,1947,厉刚,2018-01-26 07:52:43,-10,3,13,老师给分真的太好了，感觉自己要挂了，还有4
70337,1947,厉刚,2018-01-26 13:08:21,0,3,3,物化不错，成绩不怎么样，怪自己咯
73450,1947,厉刚,2018-02-01 14:42:46,2,5,3,讲的很难，考的很简单。这大概就是普化的样子吧
82047,1947,厉刚,2018-07-07 02:43:09,-1,1,2,习题课的老师 真的非常负责用心 很好的老师
88253,1947,厉刚,2018-10-25 03:39:16,2,3,1,老师人很好，水平很高，问问题也很耐心，但是普化真的听不懂：）。是我太菜了……
89004,1947,厉刚,2018-11-13 15:14:24,1,3,2,老师讲得超仔细！！课文内容详细解读配套例题巩固，保证你们能听得懂，那些说不懂多半是因为没有认真听。而且老师人很温柔和蔼，非常好！！
93548,1947,厉刚,2019-01-10 09:45:33,1,3,2,老师总是强调：不同的学生当然有差异，这个是很正常的。但是无论如何这门课程基本的要求要达到。\n\n每次拿着都是叉的试卷问问题，老师不仅给我耐心地讲。还总告诉我：分数不要太在意，重要的是把题目弄懂。助教也经常鼓励我。\n\n我很喜欢有这些想法的老师，就像高中的天文老师一样，上他们的课可以由衷地感受到自由和快乐。
94172,1947,厉刚,2019-01-15 12:10:36,6,7,1,不学无术的悲哀，嘤嘤嘤qaq。老师很热心，不过讲到重点时声音不自主放低。所以听课请在前2排。✧٩(ˊωˋ*)و✧
94487,1947,厉刚,2019-01-17 01:18:41,0,1,1,厉刚老师太棒啦，对学生很有耐心，还会引导我们自己掌握学习方法
96490,1947,厉刚,2019-01-21 05:10:23,3,6,3,这门课由于高中大部分学过，课下也很花时间所以拿了满绩点。老师吗，首先他是个好老师，非常关心学生，你有不会的会抓住你不让你走，直到讲清楚，但老师讲课的时候确实有时候突然低沉，这点不太好，而且到重点有一丢丢快。\n\n真的是个好老师，我和我同学考前去问题，老师非常热心，他肯定会给你讲懂，而不只是如何做对（直到考前十几分钟问他，他还是拒绝直接告诉我是还是不是，而是问我原理，推了出来）\n\n关于期末考，所有的知识点课本上都有，如果能花时间看一看（我整本书做了30多页笔记）会很不错的。
96509,1947,厉刚,2019-01-21 05:23:46,3,3,0,好老师。
96517,1947,厉刚,2019-01-21 05:26:53,2,2,0,特别好的老师♡上课有趣并且很清晰，还会讲一些人生道理（？) 总之上课体验极佳！为了欣赏老师的人格魅力每次都抢前两排！群里的助教也很可爱哈哈哈哈哈哈！但是因为自己菜所以被卡?了QAQ
96527,1947,厉刚,2019-01-21 05:33:37,-1,0,1,老师人很好，解答问题也很耐心。不过，上课是真的有丶听不懂，特别是一开始就有讲到公式推导关于定积分的知识的时候，自己很菜，期中没考好，期末也只救回来了点……\n\n\n\n大家，公式推导不会就跳过，重点是例题和课后题，一定要做一遍，然后历年卷也一定要刷！！！
96529,1947,厉刚,2019-01-21 05:34:34,1,1,0,感觉有点快
96544,1947,厉刚,2019-01-21 06:08:25,2,2,0,老师超棒，超可爱，上课体验很棒。但是普化也不是靠老师好就可以学好的吧。emmm花了蛮多时间，但是结果没有十分理想，只能是自己菜了吧。然后老师小测的卷子一定要弄懂，期末会出到，还有课后题也要仔细看。
96586,1947,厉刚,2019-01-21 06:59:45,-7,0,7,老师是特别负责那种！上课知识点讲的挺细也很清楚，考前一定要翻PPT和笔记！然后还会有很多次小测hhh但是只要做了小测就会有分数这种操作还是很令人心动！而且给分也很好hhh
96617,1947,厉刚,2019-01-21 07:52:13,0,2,2,老师不错 小测要做 公式挺烦 背下不难
97411,1947,厉刚,2019-01-22 08:43:05,0,1,1,平时分很高，老师人超好！
99959,1947,厉刚,2019-01-25 10:47:26,-2,0,2,老师上的很好啊，就是有的时候讲太深了。对于我这样比较差的同学可能就…不过还是挺感谢老师哒，很棒的一个人
103151,1947,厉刚,2019-02-26 15:44:47,16,19,3,我觉得老师好像大司马啊哈哈哈
106525,1947,厉刚,2019-04-28 04:00:02,19,22,3,上课老师思路不够清楚，课堂小测四次计入平时分。。。
106544,1947,厉刚,2019-04-28 05:13:29,11,16,5,讲的不清楚，以为自己很有思路，实际上乱的一匹。平时小测占分数。普化要学好还是靠自己看书吧。
106749,1947,厉刚,2019-04-29 08:27:23,3,5,2,虽然不点名 但是一周两节课 一节交作业一节发作业 时不时来个quiz 上的还是可以的 就是拿到考卷我蒙的一批 考书上理论？这种不是只有知道有它的存在就ok的理论吗？？？本来内容就多 还抠细节 反正我普化绩点最低 史无前例 清醒做人
109309,1947,厉刚,2019-06-13 04:29:13,2,6,4,没评论中说得那么好吧，讲得挺一般的，不过速度是很快。就是老师居然不知道姜泰勒效应真的让我无语=_=考试太坑了出了里德堡公式考得不好也没办法，但卡绩真的心塞\n\n
122011,1947,厉刚,2020-01-31 01:46:37,5,10,5,讲的难考的易，而且助教答疑非常棒\n\n感谢老师让我物化满了，我有次小测因为去外地找女朋友去了未到课，lmc助教记我到了，特别好的老师+特别好的助教，给10分
131098,1947,厉刚,2021-01-26 02:48:56,1,3,2,出分真的快，普化开始几章热力学会比较难，到后面会容易一些，老师讲的很详细，上课认真听一定会有收获的，老师讲课给人一种很有风度的感觉，感谢老师
131102,1947,厉刚,2021-01-26 03:11:34,1,1,0,老师真的很好啊呜呜呜呜呜期中考考差了老师还会安慰鼓励我呜呜呜呜真的太好了大学里真的很少有这种老师吧呜呜呜虽然绩点不高但是真的强推老师普化还是靠自己的吧
131115,1947,厉刚,2021-01-26 04:35:14,-1,1,2,讲的好
131116,1947,厉刚,2021-01-26 04:36:07,1,2,1,给分针不戳
131121,1947,厉刚,2021-01-26 04:51:23,0,1,1,老师挺好的，最后的给分超出我预期
135581,1947,厉刚,2021-05-15 06:32:41,4,6,2,讲的不错，但是不会捞人啦。期末98，总评93~，想水的同学注意一下子
146339,1947,厉刚,2022-01-06 09:11:05,4,5,1,感谢老师和助教呜呜呜，嗯是给我捞到及格，在这给老师和助教磕一个\n\n老师讲的很好很不错，是我没有好好学才需要捞的，呜呜呜
146343,1947,厉刚,2022-01-06 09:31:45,1,2,1,如果老师不小测的话，是没有点名的
146345,1947,厉刚,2022-01-06 09:33:19,-2,1,3,厉刚老师的小测就离谱，错一道题扣14分，并且平常上课有时候的口音让我听不太懂……
146348,1947,厉刚,2022-01-06 09:42:21,-3,1,4,感谢老师捞我呜呜呜呜呜呜！厉刚老师我的超人！！孩子高中没学过化学，大学上来一整个看天书的状态，期中考只有二十几分，期末考前疯狂补天，最后低空过了！老师讲课很清楚，答疑也很耐心
146351,1947,厉刚,2022-01-06 09:50:50,6,8,2,厉老师捞人能力一流
146359,1947,厉刚,2022-01-06 10:10:14,-1,0,1,老师人真的好好！下课他总是耐心为同学解答问题，有时候一讲就是四十多分钟。特别喜欢老师的笑容，真的很温暖！
146504,1947,厉刚,2022-01-06 17:41:28,0,1,1,老师人贼好！！超级好
148432,1947,厉刚,2022-01-12 12:31:15,0,2,2,BEST TEACHER IN THE WORLD!!!!!!!!
152173,1947,厉刚,2022-03-29 11:44:26,-1,1,2,老师超级好
159566,1947,厉刚,2022-08-13 01:30:56,1,2,1,讲得很清楚啊，没有像某些老师一样一路狂奔，充分照顾了大部分学生
161056,1947,厉刚,2022-10-25 07:27:10,-1,0,1,很好的老师，上课细致，人很好
161571,1947,厉刚,2022-11-09 07:01:12,1,3,2,特别好
161583,1947,厉刚,2022-11-09 07:55:53,3,4,1,如图所示
161586,1947,厉刚,2022-11-09 08:05:26,0,2,2,口音很重，声音很糊，从不点名。以前学过化学的话还是蛮有趣的
161587,1947,厉刚,2022-11-09 08:10:26,1,5,4,老师真的超级有耐心！！高中没选化学的人到了大学忽然一下子塞了这么多化学知识真的很迷茫，每次在钉钉上问老师老师都很耐心地解答了。考试的时候其实也挺慌的，但是成绩出来真的超乎我的预料。普化真的很需要花时间去理解书本，再次感谢老师！！
161590,1947,厉刚,2022-11-09 08:13:40,-1,2,3,老师讲课很清晰 有自己的一套方法 事少能捞 小测都是选择qwq（不知道以后会如何
161620,1947,厉刚,2022-11-09 12:54:55,2,5,3,普通化学乙，老师上课给分个人感觉非常好，讲的也很详细，虽然讲话声音会比较小，建议要认真听的同学做前排。老师很耐心，会解答问题，有一次已经很晚了老师还回复了我的问题。小测是五到六次，取最好的四次，每次是五个选择题，小测占总评20%。作业占20%，一定要认真做，做了也要扫一下答案或者拍一下考途订正！作业是会按对错给实时分数的（不过认真写了有错好像也会有80%以上的分数？），考勤10%，但老师从来不点名，估计是通过小测来判断考勤的吧！这门课关键要多看书，考试大题事后老师说都来自书上，这也会令没过45分斩杀线的同学汗颜吧！想学普通化学的选这位老师就对了！（当然这门课程由于时间短节奏快高中没学化学或者没学物质结构的学这门课程是会有些吃力的，需要花更多时间）
161672,1947,厉刚,2022-11-10 08:39:57,0,2,2,老师好好，期末会捞捞，讲得很好，问问题也很热情
161673,1947,厉刚,2022-11-10 08:41:38,-1,2,3,爱死厉刚老师😻😻
161718,1947,厉刚,2022-11-11 05:01:43,-1,2,3,说话不太清楚，但讲得可能还行，人挺好的
161769,1947,厉刚,2022-11-13 01:18:38,-1,4,5,老师声音小，重点听不清，但是没关系，考前冲一晚，轻松3.9绩（厉刚老师）无脑室友学一学期，以为自己能满绩，考完发现挂科了，清早怒吼没人性（bpf老师）
161932,1947,厉刚,2022-11-15 06:11:39,2,6,4,不捞是真
162546,1947,厉刚,2022-11-25 04:09:42,1,3,2,老师人很好，除了说话稍微有点不清楚，10分
162685,1947,厉刚,2022-12-04 05:58:34,3,4,1,老师人很好  但是讲课真的太快了5555
163841,1947,厉刚,2022-12-16 08:19:21,3,4,1,老师人算OK，作业稍微多一点。就是说话不太清楚导致同学们听不懂。
163886,1947,厉刚,2022-12-16 11:13:39,2,6,4,斩杀线。。。不捞人，靠自己，无语了
164764,1947,厉刚,2022-12-25 13:29:08,-1,1,2,绩点说明一切，分是真不调
165378,1947,厉刚,2023-01-03 19:20:30,4,4,0,讲课稍微有点小声，看回放比较困难，不过讲得挺好的，问问题也会很耐心的解答。整个课程签过两次到，六次小测选最佳的四次计入最终成绩。是个好老师，感恩！
165411,1947,厉刚,2023-01-04 13:39:12,1,3,2,厉老师不说是物化老师里讲得最清楚的，也肯定是物化老师中讲得非常好的。上课PPT和板书结合，重要公式都在PPT上，推导过程结合书本然后自己板书手推，而且会请同学来回答问题，迫使学生去思考。课后答疑的感觉也非常好，线下答疑完全就是讨论的氛围；本人一共线上提问4次，每次都是秒回。唯一的缺点就是当老师翻到下一页PPT，讲完下一个知识点的时候，你可能还在翻书找公式。所以上这门课一定要预习，上课专心听讲，自己整理笔记，千万不要边翻书边听课。
168842,1947,厉刚,2023-02-22 15:59:36,1,2,1,物化是一门需要静下心来好好研究的课，平常上课的时候过于浮躁根本没好好学，寒假听回放才感受到这门课的奥妙，虽然最后绩点爆炸，但老师的教学水平依然是在线的，大伙放心选\n\n最后感谢刚子不挂之恩！
172843,1947,厉刚,2023-05-08 10:51:59,2,3,1,老师真的很棒，不过普化还是得自己下去看
173493,1947,厉刚,2023-05-26 06:14:02,1,4,3,讲得真不怎么样，高中没有化学基础的听着就根本听不懂
175535,1947,厉刚,2023-06-25 11:41:28,0,0,0,老师很细，阳寿抽卡很好用
180851,1947,厉刚,2023-09-27 07:16:27,1,3,2,老师非常耐心也很nice，问到自己都不好意思的时候他还会问你懂没有，没有又再讲，可以讲到下节课开始了被迫结束后在钉钉上继续跟你解释，为人也非常和气，很好的老师~
181104,1947,厉刚,2023-10-08 14:18:55,5,6,1,讲课好快😢😢
182233,1947,厉刚,2023-11-13 05:11:00,-1,1,2,很关心学生，就是后面赶进度有点快
183149,1947,厉刚,2023-11-22 12:04:29,5,5,0,我真的，我哭死，他是真的能捞啊——
183151,1947,厉刚,2023-11-22 12:04:52,0,2,2,我觉得老师讲的还是不错的，也比较认真，但是由于不点名需要自己的自制力很强，而且要认真听。
183152,1947,厉刚,2023-11-22 12:05:43,9,10,1,我是刚哥的🐶
183157,1947,厉刚,2023-11-22 12:33:38,-4,4,8,上课稀里哗啦的根本听不清在讲什么，而且经常要下课了还要加速。上课经常自己西里哇啦讲PPT跳的巨快。不是高中学过的完全不会。考前一周就在复习了。但最后考出来只有2.7。说实话不是自学能力有自信的别选
183171,1947,厉刚,2023-11-22 13:14:29,0,0,0,不错的老师，人很好
183175,1947,厉刚,2023-11-22 13:54:53,-1,0,1,高中有学过化学，上老师的课感觉还是很好的。
183191,1947,厉刚,2023-11-22 14:42:23,1,1,0,老师教的很好，给分也很好！
183201,1947,厉刚,2023-11-22 16:24:14,-1,0,1,感恩的心🥹
183208,1947,厉刚,2023-11-23 01:01:55,9,9,0,上的是普化乙，小测有点多，但是是六次小测取四次最高分算进总成绩，其实可以说测得越多对大家越有利。就算两次没考好也没关系。\n\n出分后老师在钉钉群发了一长串消息，先是说出分慢了很抱歉（其实才考完三天），后面是在鼓励大家，以及感谢和祝福之类。虽然都是老生常谈，但是发这样一段话也确实是老师有心了。\n\n老师平常在钉钉群很活跃，回消息也及时，这学期因为上课的人太多还去联系学校换大教室，之后上课前就一直会在钉钉群里提醒同学们不要走错教室了。确实是关心学生的好老师。
183217,1947,厉刚,2023-11-23 01:45:39,3,3,0,惨遭卡绩。。。🥹🥹🥹🥹🥹老师讲课还可以，正常教书，但是比较快。主要是有点口糊…但是老师人很好
183249,1947,厉刚,2023-11-23 06:36:52,1,3,2,普化乙\n\n老师讲课速度快是因为教学安排的不合理，内容较多课时少，老师讲的还是很不错的，但课下需要多看书，多做做题，感悟一下方法。（对自学能力有要求）\n\n六次小测选四次作为成绩是真的感人，给你机会你不中用就没办法了\n\n平时作业好好写过程，看样子老师是有认真看的，别指望后面二维码抄个答案，不会有好分数的\n\n最后期末复习，看老师给的模拟卷还有平时小测，答案对不对不重要，重要的是思路和知识点，做完后，去书中找，公式不可避免地要记一记\n\n最后4.8，感谢厉老师。
183255,1947,厉刚,2023-11-23 07:45:08,2,2,0,还行吧
183340,1947,厉刚,2023-11-24 02:54:49,15,15,0,老师人很好，但我觉得是课程设置有问题\n\n高中不选化学的人很难很难学起来
183562,1947,厉刚,2023-11-27 11:22:30,3,3,0,超级好的老师！课堂重视原理，而不是单纯让你记住。感谢您！
183827,1947,厉刚,2023-11-30 14:08:47,1,1,0,很好的老师，不多说了，10分，能看出来老师是真的有在认真想让学生学会知识，也非常关心学生
183831,1947,厉刚,2023-11-30 16:53:05,1,1,0,普化乙。\n\n厉刚老师是一个很nice的老师！问问题会及时回，不会摆架子，上课很认真，考试也会捞捞！上课不点名，小测六取四，很友善啦！（虽然本人卡绩😭）\n\n普化乙对高中学过化学的人还算是蛮友好的，我基本上上课没怎么听过全靠自学（确实上课会有点无聊，一般我最多坚持一个小时认真听，我比较容易走神bhys），最后出来绩点也蛮满意的！
183923,1947,厉刚,2023-12-04 01:23:25,0,1,1,超级好的老师，虽然上课没怎么听，但是被捞上来了
184393,1947,厉刚,2023-12-19 00:35:00,3,3,0,捞。讲课快是课的问题，老师真的希望学生能学到东西
184463,1947,厉刚,2023-12-20 07:18:23,1,1,0,厉刚老师真的很好！！！上课风趣幽默，而且期末考狠狠捞人，爱了爱了。
184554,1947,厉刚,2023-12-21 15:10:29,4,4,0,硬捞啊哥
184754,1947,厉刚,2023-12-22 12:45:37,-1,0,1,谢谢老师，满级了
185120,1947,厉刚,2023-12-26 11:25:27,0,0,0,超好！！！！！！！！！！！！！！真的很有耐心，在钉钉上问问题基本上都秒回，还会鼓励你！！！最后绩点也很好看！！超好的老师！！
188058,1947,厉刚,2024-01-18 06:25:29,2,2,0,义父受孩儿一拜！
191709,1947,厉刚,2024-04-30 04:53:03,2,3,1,认真看老师的ppt，认真听老师讲，没有高中化学基础也是能学好普化乙的。出分了，喜提满绩
191769,1947,厉刚,2024-04-30 04:28:25,3,5,2,为义父给的100分磕个头
191770,1947,厉刚,2024-04-30 04:32:29,2,3,1,厉刚我真义父，赐我满绩
191771,1947,厉刚,2024-04-30 04:37:39,3,3,0,义父！
191772,1947,厉刚,2024-04-30 04:43:01,0,1,1,lg老师真的好，答疑细心，每次都及时回复，给分也很好
191774,1947,厉刚,2024-04-30 05:27:48,-1,0,1,挺好的老师，钉钉回消息很及时，有一次半夜还在回我消息，讲课稍微有点逻辑不清，也比较快，高中没学过化学需要自己看看站自学一下。捞的话感觉不是很明显，感觉期末考多少分就是多少，但是最后分数还算满意，总体来说是好老师
191785,1947,厉刚,2024-04-30 07:05:46,1,1,0,宝藏老师🤩
191786,1947,厉刚,2024-04-30 07:06:36,1,1,0,中国好老师，满绩前来感谢😊
191883,1947,厉刚,2024-05-03 11:37:22,0,1,1,把老师讲过的话记下来，尤其是不在PPT上的，然后把小测题，PPT上的所有例题以及作业题都弄懂，不会就问老师，老师回应比较及时，然后就OK了。
191933,1947,厉刚,2024-05-06 00:29:55,-1,1,2,给分好
192317,1947,厉刚,2024-05-15 02:56:30,1,2,1,厉刚老师是真正在为学生的学业考虑的，人很亲切和蔼，强推啊
193011,1947,厉刚,2024-06-02 12:04:01,2,3,1,lg老师人真的特别好！24春学期的普化乙6次小测取4次最高分，小测是5道概念判断的选择题（上课认真听+课前翻书复习就能做对，上课不听的话只能怪你自己），不过要看准时间免得忘记提交（我就是因为这个小测少了2分QAQ）。温馨提示：高考没选化学的同学请做好心理准备。期末考试还算简单。老师给分应该还可以，反正我最后狠狠拿下5.0！
195326,1947,厉刚,2024-06-27 17:44:28,1,2,1,选物化的别被普化乙的评论诱骗了。物化是真的……讲的挺一般的……小测是六取四最高，每次五道选择题。身边统计学普遍认为给分没有其他老师好，完全不捞……建议直接看pxg老师的课就行
196831,1947,厉刚,2024-07-05 11:15:59,6,6,0,首先说明我高中时没有选化学，在学这门课之前一直担心学不好甚至挂科，还好在这个学期时间还算够，也可能是因为转专业退掉了一些课的原因，所以在春学期花了大量时间在这门课上，最后也是意外地拿了满绩，说明非化学选考生普化乙考一个好的分数还是很可能的。厉刚老师上课还是讲的很好的，加上我每节课前看ppt预习，所以上课相对轻松。小测的话都是比较基础的选择题（5分钟），且跟往年重合度较大，可参考。平时作业可以对完答案交，考勤的话一共五次雷达点名。老师上课上的还是挺好，对于没有化学基础的学生基本上也能够听懂，然后老师人也很好，多次问他问题都很耐心地解答。然后给分应该也是挺捞的，选普化乙应该首选lg老师。\n\n对于非化学选考生来说，感觉有必要过一遍高中物质结构那本书，基本概念搞搞懂，其实认真学相对还是好应付的，没有想象中这么可怕，然后把厉刚老师发的模拟卷题目都搞懂，知识点主要看ppt，仅靠记忆的内容还是能拿很多分的。然后挺意外的，大学第一门满绩居然是高中最害怕的化学。\n\n资源：【学习天地】2023-2024春学期lg老师普化（乙）资料 https://www.cc98.org/topic/5876021\n\n【学习天地】【普化乙】2023秋学期普通化学（乙）笔记与资料 https://www.cc98.org/topic/5757371
197090,1947,厉刚,2024-07-07 13:15:17,-17,1,18,100分有手就行
199469,1947,厉刚,2024-09-24 07:13:04,1,1,0,好快啊
199470,1947,厉刚,2024-09-24 07:17:19,3,4,1,个人化学是不错的，因为高中学化竞也听过不少老师的课，能听出老师是有水平的，但表达能力有大问题，语气太平重点不突出上课很困，上课问问题有时候大家都不知道在问什么，下课问问题也是说不太清楚沟通很费劲，总之水平是不错的但真的需要改善下表达技巧
201363,1947,厉刚,2024-11-01 06:17:01,0,0,0,老师很可爱，讲的也很好！
201384,1947,厉刚,2024-11-01 10:10:24,1,1,0,老师特别好，上课很有趣，对于我这种ddl的学生很合适，有六次小测，选取四次计入成绩，会强迫自己复习，知识点也能掌握，PPT超级棒，但是上课最好抢前排，老师声音不怎么清楚
201486,1947,厉刚,2024-11-04 00:51:26,7,7,0,坐标普通化学，令我怀念的第一个老师\n\n上课讲的比较快，如果没有时间提前复习的话，写作业前一定要好好看书和ppt，小测6取4最高，小测前复习好基本上能拿满。\n\n考前给了模拟卷，钉钉答疑群里氛围也很好
201506,1947,厉刚,2024-11-07 23:07:41,-1,0,1,厉老师好！！！！
201553,1947,厉刚,2024-11-04 08:31:03,0,0,0,非常好
201590,1947,厉刚,2024-11-04 14:51:11,3,3,0,不点名。上课速度偏快，且声音稍有点模糊，有时间最好提前看一眼ppt。小测6选4，这个学期的小测有五次都是考概念，有一次全是计算的比较难。复习可以直接用ppt，写的很清楚。
201646,1947,厉刚,2024-11-05 06:15:02,1,2,1,10分送给老师，非常棒\n\n\n\n高中化学菜狗，希望别挂\n\n\n\n老师人很有意思，讲话风趣幽默，上课博采众长，采用一些课外的外国教材图标印证教材观点\n\n\n\n小测六次取4，还是不错的，大小知识点都能涉及到，对考试有帮助\n\n\n\n上课进度太快了。。。虽然是课时问题但是必须要预习不然跟不上（个人观点）
201713,1947,厉刚,2024-11-05 15:00:39,5,5,0,没有上过老师的课，但是有幸参加过老师的答疑，老师讲得很认真很清楚，受益匪浅。
201714,1947,厉刚,2024-11-08 08:13:38,2,2,0,厉老师讲的很认真详细，为人也很和蔼，但是讲的稍微有点快，期末出题有点难，还是很推荐选厉老师的课。
201786,1947,厉刚,2024-11-06 09:30:22,0,1,1,老师人真的很好啊，建立答疑群，耐心回答同学问题，上课中同学有问题也会耐心回答，期末因为我自己听课的问题不做评价，但是据说给分很好，平时去上课认真写作业平时分基本就给满，总是笑眯眯的很和蔼，虽然语调平平会让人想睡觉（可能只是我自己容易困），但是真的很赞，10分！
201897,1947,厉刚,2024-11-07 08:41:31,-1,0,1,大爱厉刚
201955,1947,厉刚,2024-11-07 23:07:04,1,1,0,完美，无需多言
201956,1947,厉刚,2024-11-07 23:48:39,-1,0,1,说话快，模糊，但挺认真热情的
201957,1947,厉刚,2024-11-07 23:56:20,2,2,0,讲课:有点催眠(声音起伏不大，音量小)但是讲得挺好的，不过老师默认大家都学过化学了，高中没学过化学的同学可能要课前自学，高中学过化学的要课后自学\n\n成绩:捞人大师，会捞人 肯捞人 能捞人\n\n课下:建议线下去问问题，老师可能不太想要被占用课外时间，而且他好像想象不到我们的化学竟然那样差
201959,1947,厉刚,2024-11-08 00:07:39,1,1,0,最好的老师
201960,1947,厉刚,2024-11-08 00:13:51,0,0,0,小测与智云组成了我的普化课程。。。\n\n厉老师讲得还挺好的！！！
201962,1947,厉刚,2024-11-08 00:19:58,2,2,0,虽然我2.70但是厉刚老师确实好
201967,1947,厉刚,2024-11-08 00:50:36,2,2,0,挺温柔的老师，但是感觉有时候好快，不过这应该是我自己的问题。
201972,1947,厉刚,2024-11-08 01:18:14,3,3,0,很好的老师，小测成绩六考选四次，考失一两次也没事
201973,1947,厉刚,2024-11-08 01:24:19,-2,0,2,老师讲课风趣幽默，通俗易懂！解答问题也十分耐心啊！还有六次五分钟的小测取4次高分，给我们容错几率。最后期末也是海底捞啊啊啊啊啊啊！爱死lg了
201974,1947,厉刚,2024-11-08 01:31:06,2,2,0,全力捞人，说讲的快单纯是因为普化乙是一个学期的课，内容又多，所以要提提速，这算是学校课程安排的问题。历老师本身非常和蔼，希望大家学到更多的东西，会经常鼓励学生。觉得讲的快的同学可以课后多熟悉一下课本。期末的题目主要看基础扎不扎实，平时认真听课就行（甚至还有书本作业原题？！）第一印象老师很爽朗真挚，是真的在乎学生学业的好老师。
201976,1947,厉刚,2024-11-08 01:55:20,5,5,0,老师是好老师但显然没捞我
201977,1947,厉刚,2024-11-08 01:58:09,-1,0,1,很好的老师，知识很渊博，PPT做的也很详细，问他问题他都会及时解答，在答疑群很活跃，都来报厉老师的课啊啊啊
202005,1947,厉刚,2024-11-08 04:48:45,0,0,0,很好的老师，不点名，只要小测都去考了就是全勤。但是上课速度很快，语调很平，有时候会跟不上节奏。考前刷98历年卷和老师给的模拟卷，把不会的点都搞懂，平时作业认真完成，上课听不懂也没什么问题。期末考试的计算部分和历年卷和作业的题目重合挺大，选填和简答题还是要认真把概念搞懂
202012,1947,厉刚,2024-11-08 07:07:24,-1,0,1,老师其实很好，对知识点的讲解详略得当。但限于课程只有一个短学期，对于没提前学过的讲课速度确实很快。蛮后悔自己明知这门课时间短却没有投入心思去学。虽然自己没问过问题但老师在群里答疑很认真，平时也会督促学生，挺好的。学不好、跟不上只能怪自己，没投入心思和精力。其实我觉得好好学4.0闭眼拿，我虽然差一点点3.9，但我觉得不是老师的问题。
202021,1947,厉刚,2024-11-08 08:52:49,1,2,1,第一条查老师献给lg老师，厉刚老师你是我唯一的神！！！\n\n老师讲的很好，深入浅出，还会引导大家思考，但是讲的比较快（节奏快并且声音可能有一点含糊）。老师的PPT做的超级详细，可以直接下载下来做笔记！复习的时候也很适合用这个。\n\n老师人很好，可以直接去问他成绩组成或者问题什么的，老师会很风趣地解答问题。\n\n普化乙不算难，大概就是高中化学和高中原子物理的延拓（探寻原理），公式更多，但是半学期学这么多的话，可能会有点恼火。高中没有学过化学的同学可以考虑多花点时间预习，看书，上课认真听！期末考试其实比较简单，98上有回忆卷，老师自己也会发模拟卷，只用熟悉一下题型，然后很多题都是小测或者课后习题甚至例题的原题或者变式题。平时一定要认真做作业，把公式多记一记。复习的时候拉通看一遍公式，做做课后习题就可以了！\n\n老师真的讲很好（虽然我国庆节之后就开始在课上划水玩手机了），最后我裸分本来就是满绩的，但是平时作业不怎么对答案，可能跟很多同学比起来略低了一点，但是老师还是给我满了！！！谢谢老师！！！
202024,1947,厉刚,2024-11-08 08:58:53,3,4,1,老师还是挺好的，感觉给我的绩点挺客观的，我也是认真听课和做作业的，最后普化乙绩点3.3，大家不要盲目期待被捞，那些说自己轻松满绩的同学可能是比较聪明且谦虚。另外可能是个人原因，我听这节课特别特别容易困，感觉老师说话的声音比较轻，而且总感觉听懂的是高中本来就会的内容，其他部分感觉听得不是那么明白，当然我化学本来就一般。老师还是挺认真负责的，希望选这门课的同学都能收获理想的分数和绩点。
202136,1947,厉刚,2024-11-10 03:03:42,2,3,1,老师水平很高，但是表达能力可能有点问题，不过这个应该是没法改的。上课进度快是教学安排的问题。同学们不要期待老师捞你，老师捞你是情分，不捞你是本分，在这门课的学习上一定要谦虚和踏实，最好做到预习加复习，期末复习压力就可以小一点了，刷刷题就行。这次的期末卷我认为较难，考的内容很灵活也很细，最后还是收获了一个还行的分数，4.2，谢谢厉老师。
202275,1947,厉刚,2024-11-11 07:02:26,0,3,3,老师讲话不太清楚，但从周围人的反应，给分好像不错，虽然我认真自学才3.9，我感觉我考试都会写啊，就离谱，反正我看不到试卷也没办法。。
202390,1947,厉刚,2024-11-12 09:31:09,0,1,1,很用心的老师
202826,1947,厉刚,2024-11-14 15:01:30,1,1,0,厉老师讲的非常好！考前答疑的晚上在办公室里为去的同学详细解答问题。讲课幽默风趣，从来不训斥学生。
203146,1947,厉刚,2024-11-17 11:49:10,0,0,0,确实讲的挺快，得自学一些，厉刚老师人确实挺好，找他都会回复的
204115,1947,厉刚,2024-11-24 11:03:07,1,1,0,老师讲课声音有点轻（不是小）不要缺觉的时候妄图去听课。。。老师人真的很好 小测会提前通知无点名 但是更适合有一定基础的同学听不然非常容易听不懂（）
205384,1947,厉刚,2024-12-05 10:41:56,0,1,1,厉刚老师人很好，小测六取四，基本不点名，就是可能说话方式的原因（？），困的时候非常容易走神，课其实讲的不错
205767,1947,厉刚,2024-12-12 03:14:25,0,1,1,讲课速度不合理，薛定谔方程这种不考的东西讲的很细，考试重点反而匆匆略过，重点不清晰。非常离谱的是说话声音会在重点出变轻！！！如果不得不选他的课的话，化学基础一般的建议上课不听直接自学
205880,1947,厉刚,2024-12-12 12:23:34,0,2,2,老师人真的很好，大学第一门满绩！期末考试只要认真复习ppt，平时上课认真听，作业认真做就一定能学好
206283,1947,厉刚,2024-12-13 14:03:46,3,4,1,老师讲得还可以吧，不过需要有一定基础，或者课前有预习过，不然很容易跟不上老师跳跃的思路。会点名，喜欢小测，平时成绩是作业＋小测六选四
206553,1947,厉刚,2024-12-16 04:23:16,-1,0,1,好怀念他的课
207058,1947,厉刚,2024-12-19 06:05:47,2,2,0,ppt很好，讲课稍快一点，下了课自己要好好回顾，选普化乙直接冲
207140,1947,厉刚,2024-12-19 11:32:34,1,2,1,普化乙，不点名，小测全测就算全勤，小测成绩六选四，算是很好了。讲课水平不清楚，感觉高中化学老师都讲过（？）所以就没听。每次小测前和期末自学一下，绩点也还行了。适合化学基础好的同学吧。
209046,1947,厉刚,2025-01-04 09:32:48,2,2,0,上课比较犯困，但其实老师的逻辑还是很清楚的，下课把作业认真做了，面向历年卷复习一下还是可以拿到不错的分数
210033,1947,厉刚,2025-01-08 03:19:38,2,3,1,上过老师的普化乙，当时就很喜欢老师的上课方式，老师是真的很关心自己的课程，ppt每年都会有更新，课后问老师题目也会很好的解答，回消息很快啊！普化乙平时小测6选4，学在浙大五道选择题，小测前会点名。\n\n之后又选过老师的物化（这课本身太硬了），讲课方式差不多，平时小测6选4，点过两三次名（有一次是接近期末了，早八课很多人没来，老师来了次纸质签到┐(´-｀)┌）。\n\n给分还是不错的，就普化我认识的几位表示有被捞，神！总的来说挺不错的老师，十分！\n\n可惜以后没有厉刚老师的课了……
211099,1947,厉刚,2025-01-10 15:30:01,-2,2,4,怎么上完物化没人来评分？我敢肯定他绝对不会捞已经及格的人，总评就是各项分数加和。但助教改卷非常宽松，努力学了完全不用担心被绩杀
211311,1947,厉刚,2025-01-11 07:33:36,5,5,0,物理化学\n\n老师人还是很好的，也会经常关注同学们的反馈。但是个人感觉讲课可能听起来有点凌乱，跟不太上（建议可以多看看教材或者多看看b站上pxg老师的课）。6选4的课前5分钟课堂小测，每次5道选择题，一般都是讲完一个单元测一次，大多是概念题，个人感受是还是有些难度的，尤其是时间很短、早八小测、经常涉及一些细小知识点（小测从来没有得过一次满分的菜菜难受了o(╥﹏╥)o）平时一般不会点名，这学期只点了两次，一次雷达点名一次纸质签到。期中考试和期末考试老师和助教改卷子判得还是比较松的，并不会在分数上为难大家。这门课本身难度摆在这，所以成绩可能并不会很高，不过能感受到老师还是很希望大家都能拿到好成绩的。
214052,1947,厉刚,2025-01-23 10:03:37,-12,3,15,本人普化物化都在厉老师手下拿了满绩。普化不用说了，课程跟物化比真是太简单了，难度差个五六倍吧，期末也随便满分。这物化课程虽然很难，但期中期末也都挺水的，很多原题，老师为了捞人是煞费苦心啊，满绩其实不难。从来不去上课，考前一天补天的人也不会被斩杀，可见改卷真的很捞。如果学的是物化，一定要特别重视期中考，这可占30%啊
214812,1947,厉刚,2025-02-18 04:56:11,1,1,0,老师是很负责的，但是感觉物化太难了，上课有点跟不上😢
218186,1947,厉刚,2025-04-22 02:58:50,3,3,0,为什么没有近年的评论了
218576,1947,厉刚,2025-05-10 11:33:23,5,6,1,√9=3，所以厉=100
218586,1947,厉刚,2025-04-25 10:12:10,3,3,0,普化乙 出分后来感谢老师捞捞！
218742,1947,厉刚,2025-04-30 06:25:21,3,3,0,出分了，满绩前来还愿！\n\n老师上课讲的结构很清晰，重点突出，由于不会所有都讲，需要一定的预习。\n\n比起掌握知识点，老师更想让你了解普化这门课各种概念的来源，深究背后原因。\n\n课程设置上六次小测容错率极高，期末考难度偏大，但是认真学一定没问题！相信厉老师就行了！
580,1986,滕启文,2015-03-15 06:01:26,21,25,4,萌 调理清楚主次分明
5388,1986,滕启文,2015-07-07 05:55:06,-1,3,4,还好吧…
6977,1986,滕启文,2015-08-23 13:03:45,2,3,1,还不错\n\n
9735,1986,滕启文,2015-11-06 08:52:17,0,2,2,可以的
10566,1986,滕启文,2015-11-20 03:01:00,0,1,1,还好吧
11766,1986,滕启文,2015-12-14 11:36:22,0,1,1,可以的
14803,1986,滕启文,2016-01-10 12:50:05,35,35,0,奥妙奶奶
15265,1986,滕启文,2016-01-13 05:31:44,1,5,4,讲的蛮清楚，就是有些中老年女人的特性。。。
17046,1986,滕启文,2016-01-19 13:51:38,11,11,0,很逗的一个老师
19939,1986,滕启文,2016-01-25 14:55:50,14,15,1,这老师点名贼6了，点完明还要回答问题，但上课贼有趣，看到敢用自拍照做PPT背景的老师就选了吧（大笑）
21402,1986,滕启文,2016-04-09 02:48:59,7,7,0,奥妙姐
23293,1986,滕启文,2016-03-24 00:42:33,7,7,0,喜欢说 哎呀妈呀 我的天哪
23661,1986,滕启文,2016-04-12 01:13:22,3,4,1,每次上课前十几分钟会提问七八个同学 都是上节课课件只要看过就会回答的 挺好的模式吧 督促我们复习 有个秘密是课件的图表背后会是老师的照片 上课还是讲的挺好的
26347,1986,滕启文,2016-06-17 04:40:38,1,1,0,亲，宝宝~\n\n老师很和蔼
35121,1986,滕启文,2016-11-03 00:14:11,5,5,0,奥妙 东北口音贼萌！
40509,1986,滕启文,2017-01-04 02:23:17,2,2,0,听老师课是一种什么样的体验？—可奥妙了
44543,1986,滕启文,2017-01-18 02:42:17,1,1,0,严格按照评分细则，但是老师很好！
46166,1986,滕启文,2017-01-21 00:15:59,6,7,1,老师讲的好很亲切，虽然点名，但只要回答问题别太离谱，作业按时叫，平时分40至少36以上。最后还给了我90分，真心推荐学滕老师的双语班
46294,1986,滕启文,2017-01-21 07:06:09,4,4,0,虽然只得了3.3，但是滕老师又特地把我试卷的错误一一指出来了，我服，好老师10分！
46327,1986,滕启文,2017-01-21 08:37:29,1,1,0,可奥妙了
65504,1986,滕启文,2018-01-04 23:15:36,10,12,2,相对奥妙奶奶的双语物化课提几点建议:\n\n1.其实这门课程除了ppt是英文，大部分知识点还是按照中文书的脉络讲的，感觉和英文教材联系不太紧密(除了作业是英文书上的习题)。\n\n2.可能老师上这个课时间比较长了，ppt应该好久没更新了。经常两节课不到就讲完了然后开始和大家唠嗑...还有就是作业题经常和学的内容对不上。希望老师能再备一下课。\n\n总之老师上课还不错，上面只是我的一些小建议。
75030,1986,滕启文,2018-03-07 05:21:48,0,0,0,滕奶奶的课真的贼有趣，虽然课件和书本是有一点不太一样，但是上课讲的全都是重点，只要好好做笔记，认真做作业认真复习90分还是挺好考的。谢谢奥妙奶奶！
81943,1986,滕启文,2018-07-06 14:35:54,0,1,1,可奥妙了
95068,1986,滕启文,2019-05-31 06:02:56,1,1,0,明天就要考物化了，今天来给老师打个10分，求不要出太难的题
98982,1986,滕启文,2019-01-24 06:20:02,0,0,0,物化满了前排表白奥妙奶奶……
99635,1986,滕启文,2019-01-25 04:22:19,2,4,2,从80道作业题里面出4道一字不差的原题 再加上3道简单到令人发指的计算题 考场上逐字翻译 再不上4就真的是自己的问题了 滕奶奶讲课敲棒\n\n(心疼一波修中文物化的可怜孩子们
100288,1986,滕启文,2019-01-26 02:12:45,3,3,0,收获了大学第一个满绩，大爱滕奶奶。上课有趣，ppt上都是知识点，没有其他没用的东西，认真记笔记就行。每次课前都会提问，每人每学期提问两次，一次五分，计入平时成绩，每次作业也会按照分数折合算入平时成绩。考试是七道题，题目逐字翻译好，有作业题原题，非作业题也很简单。作业每次都交，和答案校对好，毕竟做错了是要扣分的。比起中文物化简直幸福到爆炸。
100417,1986,滕启文,2019-01-26 05:50:24,0,0,0,可奥妙了
101283,1986,滕启文,2019-01-28 03:17:36,2,2,0,很有意思（老师应该是东北的吧……）上课条理超级清楚，虽然是英文授课，但很好懂...
117167,1986,滕启文,2019-09-20 03:16:11,0,1,1,很骚哦
122399,1986,滕启文,2020-02-26 06:46:15,0,0,0,超好的老师，我爱她！
132443,1986,滕启文,2021-02-01 15:28:23,10,11,1,大家的物化能选滕启文老师就不要选其它中文班的老师啊！功利地算一笔账：老师的作业都来自atkins的物化书，这本书是有详细的答案详解的，（a）在students instruct里面，（b）在teachers instruct里面，这是两本单独的书，这样你作业35分全拿了吧？其次，另外5分是课前提问，每节课上课前15分钟左右，抽4-5位同学回答问题，以上节课所学知识为主，注意是可以看课件和笔记的哦，这个5分也是稳的吧？最后，60分是期末考试，期末考试里面有70分是作业原题，一字不改，也就是说，一个学期总共90个作业题，你把所有题答案背下来，会抽中其中5个，那么期末70分稳的吧，折算比例后是60%*70=42分，这样你已经有35+5+42=82分了，这是你完全不动脑子，用背书的方法学物化，能得到的分数。当然了，你在这样的背书过程中，已经将物化学了个大概了，平时听听课，自己做做作业，压力也不大，就能把物化学的很好了！
134507,1986,滕启文,2021-03-30 11:53:28,7,7,0,化工学院的同学一定要选滕奶奶的课！滕奶奶是目前唯一一位采用传统物化体系的老师，而上中文物化的老师用的都是彭教授那本书，两者体系区别非常大，相当于完全不一样的课程。而化工专业同学接下来要学的大化实验P、化工热力学、化工原理等课程都是沿用的传统物化体系的脉络和内容。学中文物化的同学学化热大部分都很吃力。\n\n千万别看到是双语害怕就不选，平常上课ppt是英文，老师讲中文，提问也用中文。作业是英文但是有翻译软件，考试题目是英文但是考试开始的时候老师会一句一句翻译。而且作答都用的中文。
149013,1986,滕启文,2022-01-14 06:45:12,2,2,0,英文物化yyds！滕奶奶超好的！
168838,1986,滕启文,2023-02-22 15:03:32,0,0,0,非常好
708,1995,毛建新,2015-03-16 01:08:22,-4,4,8,老师人好，给分也好，认真听，有收获
5484,1995,毛建新,2015-07-08 02:12:45,5,12,7,给分好，虽然看起来事情多，其实水的
5937,1995,毛建新,2015-07-10 03:18:55,20,25,5,文科生别去
9589,1995,毛建新,2015-11-02 10:23:17,-4,2,6,轻松，轻松
9784,1995,毛建新,2015-11-09 04:39:12,8,11,3,要求特别多，烦死了
9989,1995,毛建新,2015-11-14 02:17:11,1,5,4,老师人挺好，课水，考试对文科生略有难度
10080,1995,毛建新,2015-11-15 13:41:44,11,19,8,坑爹的期末考。只能在书上找到50%，我要报警。PPT里也没有多少。最后一题是500字的作文。我就呵呵。建议文科生选。\n\n\n\n
10432,1995,毛建新,2015-11-18 16:02:18,-5,3,8,事比较多，考试要写作文....不过给分居然还不错？！
10457,1995,毛建新,2015-11-19 02:40:40,7,9,2,给分已报警
10471,1995,毛建新,2015-11-19 03:49:03,4,8,4,上课很水，考试一点都不水，客观上说给分和其他通识相比并不好，文科生经过努力可能也会发现没有得到回报，慎选
10476,1995,毛建新,2015-11-19 04:09:24,0,1,1,课很水，考试要命
10477,1995,毛建新,2015-11-19 04:10:28,0,2,2,没有化学的严谨，很坑慎选
10480,1995,毛建新,2015-11-19 05:05:50,0,3,3,课水，事多，考试烦
10503,1995,毛建新,2015-11-19 08:24:34,-1,1,2,老师很好，但是给分略坑啊啊啊啊啊
10505,1995,毛建新,2015-11-19 09:09:34,7,9,2,很松……虽然事情很多但是很水，认真完成任务分就还好。考试坑
10524,1995,毛建新,2015-12-08 08:08:58,-2,2,4,水水…总觉得他在讲我们在各干各的…不过老师人很好，给分还行
10528,1995,毛建新,2015-11-19 11:43:28,3,6,3,讲课一般，学期结束了都没讲什么内容。平时好多事情，期末还有考试。真是蛋疼
10621,1995,毛建新,2015-11-20 16:47:18,1,4,3,老师很好，考试坑，但是ppt和课本上都有，拼手速…
10792,1995,毛建新,2015-11-23 05:26:21,2,4,2,上课很无聊，考试内容和他讲的基本没关系，理科生别以为你化学好就可以浪，文科生也可以虐你
14377,1995,毛建新,2016-01-06 15:04:37,1,3,2,理科生基本是可以课不上水手机，平时别人演讲你要评分当做点到，期末交一篇论文，考试用书感觉没啥用，建议把他ppt用六分页打印下来，考前看一遍，还是比较难拿分的。
14789,1995,毛建新,2016-01-23 23:19:23,0,2,2,太水了
16038,1995,毛建新,2016-01-17 05:03:54,0,0,0,给分一般般
16052,1995,毛建新,2016-01-17 05:28:05,-1,1,2,老师一般会用其他方式来点名，不直接点，上课认真，事挺多，但是上课还是比较水的，给分有点坑
17655,1995,毛建新,2016-01-20 14:51:00,-1,1,2,大化p挺好的，实验讲得挺详细，人也很好。
20897,1995,毛建新,2016-02-03 08:33:01,8,9,1,文科生憋选文科生憋选文科生憋选！重要的事说三遍！
26346,1995,毛建新,2016-06-17 04:28:28,-2,2,4,我觉得毛老师…脾气很好人很好，但是讲课讲真无聊，事情很多但是其实挺水啊，最后考试比较麻烦，好好看书准备一下，绩点还是可以很高的。
27284,1995,毛建新,2016-06-24 12:13:36,7,7,0,mdzz，就没见过这么烦的通识课，2000-4000论文，还有小组展示，还有期末考试，期末考试还有两篇类似写文章的题，其中一道还规定＞500字，受不了。题目乱七八糟什么鬼\n\n
28309,1995,毛建新,2016-06-28 08:30:02,-1,1,2,每节课点名伤不起 学过化学的同学就别选了 浪费时间
28874,1995,毛建新,2016-06-29 02:11:42,6,7,1,本想0分的没有。。。。这次考试最后一题是谈谈五水共治的意义，20分，我上的是化学与人类文明，40个选择判断一个一分
28913,1995,毛建新,2016-06-29 03:18:16,-2,0,2,给分还可以，事有点多
28951,1995,毛建新,2016-06-29 04:16:32,1,2,1,给分太坑了吧。几乎每节课点名，呵呵....考试还很烦事情很多，也学不到东西。
29019,1995,毛建新,2016-06-29 06:38:30,3,3,0,老师巨水，讲的都是常识。事情还特别多，比一般通核还麻烦。还是不要选。。
29537,1995,毛建新,2016-06-30 02:48:15,2,3,1,老师讲课特别无聊，要分组展示，展示主题还要给他审核，各种不满意，说这个太专业，这个不够有趣，还每节课都要点名，还有课堂测试，要交一份论文，还要开卷考试，题量超大，给分还特别不好，建议不要选，上过最麻烦的通识课
30279,1995,毛建新,2016-07-01 07:29:07,5,6,1,内容无聊+小论文（2000+）+小组展示（确定主题很麻烦）+平时打分（变相点名）+课堂小测验（文科生一脸懵逼）+期末开卷考试（题量超大）+给分一般（差）。如果你准备好了，就来上这门课吧，不然还是退了吧（其实感觉老师很认真，很负责，上课的内容很充实，想要把课上好，但感觉每次上课提问的时候都很尴尬，课堂互动效果…不好，没人回答就喜欢找人直接讲）
31762,1995,毛建新,2016-07-05 01:27:46,2,4,2,化学与人类文明，超级坑，不知道分数是怎么给的，有机，无机接近满绩的人，居然才3.×，好好的一门课能上成这样也是醉了，事多，给分差，真不如不选，老师自己讲的都有好多错误。这真是化学系的老师？
33424,1995,毛建新,2016-11-10 09:42:05,2,2,0,amazing\n\n害怕\n\n狗带\n\n
33683,1995,毛建新,2016-11-11 15:37:23,-1,0,1,理科生表示简直醉了，非化学系一脸懵逼，还学不到东西
35399,1995,毛建新,2016-11-10 02:44:26,0,0,0,我真是日了狗
35580,1995,毛建新,2016-11-10 07:29:05,-1,0,1,还是不错的老师，学到的通识知识还比较多
35730,1995,毛建新,2016-11-10 07:55:09,1,1,0,我的天……每节课都无聊到睡觉，考试没有往年题，中间某节课有个课堂小测验，变相点名，测验的题目完全不来自课本，一脸懵逼！
35836,1995,毛建新,2016-11-10 08:24:56,0,0,0,困困困
36256,1995,毛建新,2016-11-11 09:39:49,0,0,0,很无聊 很没劲 千万不要选
36871,1995,毛建新,2016-11-16 10:10:39,0,0,0,没有任何收获 特别水
37002,1995,毛建新,2016-11-17 05:01:28,0,0,0,靠，还能给这么低的分，爸爸也是醉了
37039,1995,毛建新,2016-11-17 07:12:49,0,0,0,水极了
38523,1995,毛建新,2016-12-07 14:08:22,2,3,1,我上的是大化（P），不要喷。老师极好，很有耐心，一班十个人，实验完全不用预习，老师上课讲的很细致，重点会强调很多次，做实验挺关心同学的，实验报告改的很认真，会注重好多小细节，要说缺点，那就是对学生要求略高，只要用心就可以达到标准的那种。记得某次，老师打电话给家里说，今天做实验可能回来的有点迟（食堂要是这个点，早就没饭吃了）
39611,1995,毛建新,2016-12-26 04:56:32,4,4,0,老师人挺和气的，上课可以不听(但是这样的话你期末开卷考就可能会找不到知识点在哪个角落)，要交一篇2000-4000字的论文，会随机抽大概6个人分享自己的论文，期末考试时间特别紧张，必须提前熟悉ppt和课本，给分还行吧。
44497,1995,毛建新,2017-01-18 01:32:40,2,2,0,很好的一个老师就是希望大家都不讨厌他的那种弱弱的老师，很可爱。给分还可以吧我觉得。。考试书上老师讲的都有，只要你好好听了。就肯定找得到
45115,1995,毛建新,2017-01-19 03:56:47,0,0,0,大化p不错的
51329,1995,毛建新,2017-05-31 12:01:23,-2,0,2,大化p不错
52742,1995,毛建新,2017-06-22 11:31:08,-2,0,2,事多 小测难 变相点名 文科生很懵逼 表示很慌
54640,1995,毛建新,2017-06-30 03:04:21,-2,0,2,给分还行，考试题量大，频繁小测就不是很好
54734,1995,毛建新,2017-06-30 06:11:24,2,2,0,这门课建议理科生去水学分，考试是开卷考。本人医学生，平时不怎么听考试时带一本书带一份课件ppt打印版，然后再加自己理科生的常识稳稳的4.8。平时有时候会小测（其实就是为了点名），平时作业就一篇小论文，总体上来说还是很轻松的。
69126,1995,毛建新,2018-01-24 08:47:43,0,1,1,大化P，老师人真的很好，讲的很详细，指导也很耐心，但给分的话，人少的实验课正态分布都会有点糟心的吧?卡绩点这种，习惯就好
80350,1995,毛建新,2018-06-25 11:52:08,-1,1,2,经常变相点名，各种小测，废话贼多，给分恶心。上了这么多通识头一次遇到说我这次论文给分普遍比较低的。
81272,1995,毛建新,2018-07-04 13:32:59,2,2,0,很认真的老师，我第一次遇见通识课老师论文还会写评语的。
83296,1995,毛建新,2018-07-10 04:55:52,3,3,0,化学与人类文明:平时几分钟的小测当点名，可以百度，再一篇小论文，期末开卷考，书和PPT都能找到，上课都讲过，最后绩点挺好，看看班级均绩也挺高。课的内容真的不错，不管是文科还是理工都能学到很多，虽然老师讲的不够激情，但是非常认真负责，希望大家可以好好对待。
122147,1995,毛建新,2020-02-17 09:56:33,-1,0,1,大化p，老师上课炒鸡可爱，给分还行
125658,1995,毛建新,2020-09-12 15:38:18,0,1,1,大化p体验极好，事少出分快给分好！
125980,1995,毛建新,2020-09-16 07:34:44,3,3,0,事情好多人好墨迹
143346,1995,毛建新,2021-11-24 00:53:56,0,0,0,无语了
148172,1995,毛建新,2022-01-11 18:10:25,1,2,1,普化实验甲 毛老师很好！之前很少做实验所以经常犯错，但老师没有很严厉地骂我，而是和蔼地给我讲解！非常感谢老师！
148187,1995,毛建新,2022-01-12 00:05:41,1,1,0,老师真的很耐心很亲切！很可爱
150316,1995,毛建新,2022-01-22 08:57:07,-2,1,3,通识给分好
175253,1995,毛建新,2023-06-23 04:00:27,0,0,0,老师人很和善，实验会认真纠正错误，但是给分不太高，如果不在意绩点而且希望学到真东西的还是可以选的
195724,1995,毛建新,2024-06-29 17:43:55,-1,0,1,毛老师人很好，很耐心负责，关心学生
206869,1995,毛建新,2024-12-18 05:33:44,0,2,2,真的上课很无聊事还很多
210028,1995,毛建新,2025-01-08 03:08:14,2,2,0,这学期上了毛老师的普化实验（甲），体验良好。\n\n老师做实验前会很系统的讲解，也会亲自示范一下新仪器的用法，很耐心很仔细。在做实验的过程中也会在一旁观察纠正错误。\n\n至于实验报告老师要求还是比较严格的，老师会仔细看，助教打分如果虚高了老师可能会改一下成绩，是等级制，相比其他老师给分可能没有那么宽松，但是给出的修改建议还是非常有价值的。\n\n这次普化实验期末考其实挺难的，考讲义上的内容非常细，所以可能也是绩点不高的原因之一。\n\n老师给分还是相对求是的，可能因为正态其他同学太卷了（）相比其他老师可能没有那么捞。\n\n如果希望提升实验技能规范的话还是非常推荐的，老师人也很好，很耐心很和蔼，课上一些同学打碎了试剂瓶也不会责怪同学，还会亲自帮忙处理。
212036,1995,毛建新,2025-01-13 05:22:06,0,0,0,老师其实是要求高但又很温和的那一类。会不断纠正你操作中的错误，但每次我去求助老师都蛮耐心的。\n\n实验报告方面要求确实高。每次助教批完老师再批分数都会降一档。。不过能学到真东西。\n\n建议期末考试好好准备，最后的总结好好做
145,2033,吴师,2015-03-14 16:09:21,7,9,2,德高望重
573,2033,吴师,2015-03-15 05:41:31,8,10,2,人好 打分也很好
944,2033,吴师,2017-01-12 08:31:31,43,46,3,老师严格～学的时候觉得有点受挫\n\n老师很认真\n\n收获很大～高尚的人～
2135,2033,吴师,2015-04-02 08:38:20,11,14,3,要求严格，搞科研的人很适合选他的实验
2809,2033,吴师,2015-05-08 02:30:46,26,28,2,开始觉得挺严厉 ，后来发现可萌，东北大爷们用粉色的手机贴2333。上课提问略难，但属于只要认真就会有好成绩的课，想水的还是飘过～～
3900,2033,吴师,2015-06-17 07:45:59,11,12,1,老师很严格，但是真能学到东西。认真写讨论，认真预习。
4083,2033,吴师,2015-06-17 16:35:08,4,4,0,特别棒
4085,2033,吴师,2015-06-17 16:36:26,5,7,2,老师很负责，讲解详细又清楚，真的可以学到知识
4250,2033,吴师,2015-06-18 10:37:15,32,32,0,老师萌萌哒。最后理论考试还没开始的时候，老师看了看表，掏出手机，说：“还有几分钟，我们来合张影。”
4253,2033,吴师,2015-06-18 10:50:25,5,6,1,人很好
4385,2033,吴师,2015-06-20 15:07:49,0,2,2,爽
5354,2033,吴师,2015-07-07 02:51:38,11,12,1,严格，但是很幽默，严肃的那种幽默(￣∇￣)
5719,2033,吴师,2015-07-09 07:51:54,17,17,0,白头发老帅的
8537,2033,吴师,2015-09-22 07:23:33,11,12,1,超级认真的 而且我们大化o助教老师正好是夫妻～超萌
8568,2033,吴师,2015-09-22 11:32:17,8,8,0,老师太帅啦！还非常萌！大一上完他的实验课，之后的实验写报告都觉得很简单了！多查文献！多写讨论！
8690,2033,吴师,2015-09-24 05:31:58,4,5,1,博学幽默慈祥和蔼，总之就是大师风范^_^
8738,2033,吴师,2015-09-25 03:20:28,2,3,1,谁上谁知道～
10190,2033,吴师,2015-11-17 09:55:35,2,2,0,好老师不解释\n\n
15050,2033,吴师,2016-01-11 16:48:44,5,5,0,实验前讲得很多很久。但很负责。人很好
15387,2033,吴师,2016-01-14 07:47:51,3,3,0,挺严格的一个老师，非常负责
15403,2033,吴师,2016-01-14 08:31:35,1,1,0,老师很温和
15420,2033,吴师,2016-01-14 10:26:52,0,3,3,就是被正态了 平时报告勤勤恳恳 期末考考差就完全无视平时报告打分 各位好好复习考试吧
15617,2033,吴师,2016-01-15 19:21:39,6,6,0,老师挺好的。第一门满绩。
15732,2033,吴师,2016-01-16 08:01:09,2,2,0,人很萌，给分也好，认真负责
17297,2033,吴师,2016-01-20 03:55:18,2,2,0,老师很严肃但是很有趣，真的能学到很多东西，大师风范
18061,2033,吴师,2016-01-21 07:15:42,2,2,0,感觉超有范，很好的老师，对于助教比对学生严格，认真的能学到很多东西
18738,2033,吴师,2016-01-22 12:27:34,7,7,0,"很严 但是习惯了就好 讨论一定要""见工夫""(大物就。。)名言 ""做实验就像炒鸡蛋干饭"" 还有在吉大搞氟的奋斗史。老师要退休了，祝身体健康!(80字!"
23346,2033,吴师,2016-03-25 12:31:25,2,3,1,挺好的，让人崇敬的老师
25712,2033,吴师,2016-06-04 09:37:42,3,4,1,真的很好的老师，对于助教超严格，对同学很好的
28320,2033,吴师,2016-06-28 08:32:29,5,5,0,东北大爷口音略萌啊233，平常来看我们实验操作的时候有点严，但感觉学到很多
28365,2033,吴师,2016-06-28 08:40:54,1,1,0,老师很严格
30284,2033,吴师,2016-07-01 07:47:12,3,4,1,老师超认真！我觉得就是一个老教授应有的样子hh然后仔仔细细做实验认认真真写报告会获得一个不错的分数^_^
30358,2033,吴师,2016-07-01 11:31:03,3,3,0,对助教真的要求很高/讲实验的时候话特别多2333/很可爱的老师/大化o还是很水的认真写报告满记不是梦
30363,2033,吴师,2016-07-01 11:55:17,1,1,0,老师人好好啊 超赞
30406,2033,吴师,2016-07-01 13:32:58,2,3,1,严谨的老师，很有风范！
30460,2033,吴师,2016-07-01 15:53:46,1,2,1,严格又幽默，东北音略萌。\n\n大化o可以满绩
30618,2033,吴师,2016-07-13 03:11:39,0,1,1,录错成绩了…老师人还是不错的
30637,2033,吴师,2016-07-02 06:02:21,0,0,0,话多，真多，很多有的 没的，但是助教好，给分一般
32455,2033,吴师,2016-07-07 02:34:00,0,0,0,萌萌哒白发老爷爷。我是不会说，当助教讲课的时候，我和老师都在睡午觉滴。。。
34277,2033,吴师,2016-09-29 13:38:58,0,0,0,这个老师超赞\(≧▽≦)/\n\n
41779,2033,吴师,2017-01-12 14:22:32,1,1,0,给分好啊～o(^_^)o
42021,2033,吴师,2017-01-13 12:25:16,0,0,0,老师人不错，认真就有分数。大一第一学期就5的课，好感动呀
42354,2033,吴师,2017-01-14 05:15:24,0,0,0,很认真
42549,2033,吴师,2017-01-14 12:19:02,1,2,1,东北大爷很和蔼
47013,2033,吴师,2017-01-23 09:32:48,1,1,0,刚好有两回实验课老师都在旁听，助教讲解完后都再补充了很多，很和蔼的老人家。
47295,2033,吴师,2017-01-25 06:42:21,1,1,0,很认真的老头
47983,2033,吴师,2017-02-28 01:30:45,0,0,0,炒鸡棒
47984,2033,吴师,2017-02-28 01:48:35,2,2,0,萌萌的东北老汉，实验的时候很严肃，对助教要求高，毕竟实验，认真地去做事情就能拿高分的，助教人特好，简直想再修一次大化！
52141,2033,吴师,2017-06-15 06:09:58,1,1,0,老师很可爱 讲课认真负责 对学生要求高 实验报告一定要认真写 一个学期下来有了很大收获
53610,2033,吴师,2017-06-27 07:17:27,1,1,0,虽然成绩最后不太好 但是老师真的是科研方面的好老师。
53626,2033,吴师,2017-06-27 07:52:21,0,1,1,太赞了 给分很好 遇上的助教都很好 感谢组里一直带我的大佬
53648,2033,吴师,2017-06-27 08:41:29,2,2,0,棒棒棒！助教也很赞！能学到很多！
53672,2033,吴师,2017-06-27 09:38:11,2,2,0,过誉了吧，大化o主要看助教，还有自己的态度，老师没什么关系
53723,2033,吴师,2017-06-27 11:20:39,1,1,0,助教sb
53753,2033,吴师,2017-06-27 13:16:00,1,2,1,给分应该还好吧，有史以来第一个上4的课。。。。
58207,2033,吴师,2017-08-22 09:15:03,0,0,0,怎么会有这么棒的老师！其他班的同学只是听助教讲解一会儿，就直接开始实验，但吴师老师会讲很多有关实验甚至延伸的东西，对于今后的学习会很有用。虽然实验报告打分很严，但最后成绩很好～
65282,2033,吴师,2018-01-02 09:21:55,-5,2,7,感觉这个老师跟助教基本没啥沟通，实验报告写讨论的要求也跟助教不一样，最后探究性实验居然说助教发过去的实验方案看都没看过，然后上课我们要的原料一半没有，还要临场改，不知道设计方案的意义在哪儿。感觉上课讲的要求的也没有前面吹得那么厉害，是关于本次实验选用的仪器，设计之类的，说实话百度上都有，出分的安排倒是挺快。趁还没出分先评价一波。
67683,2033,吴师,2018-01-22 05:03:54,1,2,1,emmm均绩4.1左右结果绩点3.0
67786,2033,吴师,2018-01-22 07:16:14,1,2,1,一学期报告90左右 最后绩点才勉勉强强4.2   刘zx老师班级的同学报告80+也有4.2 而且最后做研究性试验还是失败的。有点受挫
67923,2033,吴师,2018-01-22 10:17:16,1,1,0,感觉老师很和蔼，助教讲实验的时候有时他会坐在旁边实验台看报告，助教讲完还会来补充细节。很负责，而且认真对待的话可以拿到很不错的绩点。很喜欢这样的老师。
67969,2033,吴师,2018-01-22 11:57:26,2,2,0,助教超级耐心呐～颜值超高！
68040,2033,吴师,2018-01-22 13:49:09,2,2,0,我上的是大化O，所以一般是听助教讲，老师有时在的话会补充一下。助教真是nice，有什么问题都可以找他们帮忙解决，非常认真负责。弄碎了好几样玻璃仪器真是愧疚。绩点感人，大学第一门实验课就这么圆满结束了。再次感谢老师，感谢助教！
69524,2033,吴师,2018-01-25 02:34:48,-1,2,3,助教人很好，平时的一些任务按时完成就行啦，态度要端正，最后理论我考的也不错，有了4.8的绩点，功夫不负有心人啊……
69997,2033,吴师,2018-01-26 02:12:07,0,0,0,给分没有另一个大化O的老师好，但是老师教的很好
70110,2033,吴师,2018-01-26 06:16:47,0,0,0,一般实验课都是助教上跟老师没太大关系，但是助教讲的时老师也会在旁边补充，还是要靠自己实验报告好好写期末好好考吧～
74175,2033,吴师,2018-02-06 03:39:44,2,2,0,好的不行
82326,2033,吴师,2018-07-08 01:36:45,1,2,1,要求非常非常严格！是一个很认真的老师～
97926,2033,吴师,2019-01-23 01:56:35,1,1,0,老师很棒
105478,2033,吴师,2019-04-15 05:48:47,1,1,0,老师严格，
108302,2033,吴师,2019-05-20 14:33:56,0,0,0,emmm一言难尽
108367,2033,吴师,2019-05-22 05:27:00,2,2,0,有时严厉但很负责
109357,2033,吴师,2019-06-13 08:23:58,2,2,0,超级棒的老师！
110189,2033,吴师,2019-06-24 09:21:07,1,1,0,别问！问就是超级无敌棒！助教小姐姐也超级无敌棒！
111027,2033,吴师,2019-06-29 08:30:47,3,3,0,老师超级超级无敌棒！可能刚开始觉得他很凶，但是其实后来会发现是个可爱的东北大爷呀！最后给分也很好，认真学不会后悔的！
111043,2033,吴师,2019-06-29 10:12:47,1,1,0,”老师你最可爱啦”\n\n“老师当然最可爱”
111650,2033,吴师,2019-07-02 10:39:56,2,3,1,傻逼助教李君临
114918,2033,吴师,2019-07-12 17:20:16,3,3,0,上课时候是最讨厌的老师，跟高中老师一样苛刻，所有课出分之后发现错怪你了。10
1646,2056,李宁,2015-03-23 05:26:05,0,7,7,好老师，但有口误。前提是你认真听，看一遍ppt和书
2166,2056,李宁,2015-04-04 09:38:31,25,36,11,不条理
2270,2056,李宁,2018-03-30 03:54:24,-106,7,113,至少给我满绩了（≧∇≦）
4955,2056,李宁,2015-07-01 13:43:00,-11,2,13,还可以
5192,2056,李宁,2015-07-05 16:34:29,-13,3,16,还好
9260,2056,李宁,2015-10-19 05:54:43,10,14,4,不调理
9262,2056,李宁,2018-12-28 07:48:40,27,46,19,讲的混乱，而且与学生脱节，自顾自地讲。
12139,2056,李宁,2015-12-22 03:47:30,-1,1,2,一般般
14460,2056,李宁,2016-01-07 07:11:43,20,31,11,李宁老师很和蔼，有责任心，课下很认真地答疑。只是上课不怎么有条理，重点也不太突出，需要下功夫预习。
24733,2056,李宁,2016-05-03 08:47:42,0,3,3,虽然老师挺好的   但感觉给分太坑   明明自己特别努力的复习  自我感觉考的也不错 但最后只有78  太伤心了
39520,2056,李宁,2016-12-23 12:54:13,2,2,0,这么一来
48651,2056,李宁,2017-03-22 06:41:43,17,24,7,没条理，混乱，自顾自的讲，无语。
48705,2056,李宁,2017-03-10 01:32:46,16,23,7,口音重，ppt差，水平低，不知道她在讲什么，这样的也能当老师?
49197,2056,李宁,2017-03-29 06:26:39,8,14,6,可以给负分吗？讲的什么乱七八糟的…一门开卷考的课，每节课都要强调考试很难考试很难考试很难？烦不烦？
50525,2056,李宁,2017-05-03 09:38:32,7,14,7,老师人很好啊，期末了还来专门答疑
50593,2056,李宁,2017-05-03 23:39:36,-11,4,15,期末给分不错，给个十分拉拉平均水平。。_(:_」∠)_
50782,2056,李宁,2017-05-05 09:14:09,-8,3,11,给分好 抬一手
50893,2056,李宁,2017-05-08 06:25:51,-15,2,17,给分炒鸡好，人也很好啊~
50984,2056,李宁,2017-05-11 03:26:15,-2,0,2,哈哈哈
59486,2056,李宁,2017-09-22 01:49:43,1,1,0,哈哈哈
75336,2056,李宁,2018-03-09 03:49:37,17,20,3,第一节课就让我绝望了\n\n讲课真的讲不清楚
75993,2056,李宁,2018-03-23 07:04:36,9,11,2,上过她的无分…真的没有条理…啥都听不懂…
76246,2056,李宁,2018-03-30 03:54:08,19,26,7,给分随意，不知所云? ? ? ? ? ? ? ? ? ? ? ? ? ? ? ? ? ? ? ? ? ? ? ? ? ? ? ? ? ?? ? ? ? ? ? ? ? ? ? ? ?
76630,2056,李宁,2018-04-24 12:22:34,5,7,2,不知所云……上课是课件放到哪里她就念到哪里，没有条理、重点不突出
78857,2056,李宁,2018-05-16 00:56:57,4,8,4,老师人还不错吧。但是，真的真的真的真的不会讲课啊。重点难点没有表示，所有知识点都是几句话带过，根本不考虑学生的感受啊。
79523,2056,李宁,2018-06-08 02:30:42,4,6,2,最难受的课，没有之一
79524,2056,李宁,2018-06-08 02:34:48,3,3,0,重点一句话带过，时间大部分放在没意义的地方\n\n
80466,2056,李宁,2018-06-27 01:33:55,2,4,2,这么不推荐…PPT基本都是书上删减一些来的，直接照着念，也没有条理，听了和没听过一样…
80990,2056,李宁,2018-07-03 08:08:26,4,6,2,老师人挺好的，就是课的话真的是没法听，全靠自学。理论课真的别选了。
81555,2056,李宁,2018-07-05 11:00:55,0,2,2,负责任\n\n
81985,2056,李宁,2018-07-06 17:02:01,0,3,3,别选。。。
81991,2056,李宁,2018-07-06 18:08:51,-1,3,4,不如不听 浪费生命 学校为什么招这种老师？？？？
81995,2056,李宁,2018-07-06 19:29:21,15,19,4,老实人真的很好 是我觉得上浙大以来心最好的老师\n\n对于学习不好的人也很关怀\n\n虽然我挂了 但还是很喜欢她的\n\n半夜两三点看到学生讯息都会回复的老师不多了
81997,2056,李宁,2018-07-06 21:00:52,1,5,4,讲真无机这门课其实书本编排就乱的要死，老师也只是按教学安排讲而已。大学本来也就是更多看自学而非老师讲的多好。考的不好怪老师讲的不好吗。我觉得至少老师很尽力想要每个同学都能好好的了，虽然考的不好，但我觉得更多还是我自己的原因。这样的老师能特别耐心得讲题，半夜也能答疑，甚至我们成绩也是半夜出来的，节日的时候还在群里发红包，小测基本也只是当点名尽量给平时分的老师已经很棒了。
81998,2056,李宁,2018-07-06 22:05:42,0,2,2,上课不知所云\n\n平时分不知道怎么给\n\n反正正好卡绩
82001,2056,李宁,2018-07-06 22:47:42,0,2,2,很难过，给分很随意，讲课乱七八糟
82005,2056,李宁,2018-07-06 23:38:30,1,4,3,神tm乱给平时分，上课无数次小测，这种要考试的硬课给这点平时分真的是脑残。
82011,2056,李宁,2018-07-07 00:08:03,0,2,2,平时分怎么给的，讲的都是什么啊
82019,2056,李宁,2018-07-07 01:13:01,-2,4,6,说平时分乱给的，自己问问自己，上课都认真听了吗，老师上课让写在本子上的都写了吗，作业每次都交了吗，有没有补交的，作业都认真写了吗。麻烦再看看跟自己平时分对不对等，再来查老师评论！
82020,2056,李宁,2018-07-07 01:13:46,2,3,1,怎么没有0分？
82023,2056,李宁,2018-07-07 01:35:05,1,2,1,上课先让我们做几道题，但大家基本都不会做，她自己balabala讲思路，讲完就上新课。因为本子下课要交，我们只能在课上做，做完差不多快下课了，根本就不用再听课了，所以还是靠自学吧。
82035,2056,李宁,2018-07-08 12:59:20,8,9,1,人是很好的，给平时分是乱来的。
82056,2056,李宁,2018-07-07 03:24:33,0,2,2,上面说先想想自己有没有认真听，有没有按时交作业什么的再来问平时分的。\n\n答：上课认真，作业按时从未补交且每次都全对，上课让写在本子上的都写了，小测全对。但为什么还是不给满？\n\n老师至少也要说明给分依据好吗？
82093,2056,李宁,2018-07-07 05:57:55,0,1,1,自学吧，听不听都可以
82094,2056,李宁,2018-07-07 05:58:47,2,3,1,讲课极差，思路混乱，自顾自讲，该停的地方不停，该快的地方不快。上课口胡，错误奇多。\n\n平时分很迷，中间学生的末日
82219,2056,李宁,2018-07-07 12:52:28,1,2,1,评分和实际蛮符合的\n\n老师想交给我们点什么但没有那个能力
82541,2056,李宁,2018-07-08 12:27:11,1,3,2,PPT和上课方式都不喜欢，口音很重让人很无语，最重要的是平时分有些给得莫名其妙的低
83273,2056,李宁,2018-07-10 03:59:27,1,3,2,老师人品还是不错的，但是讲课真的很混乱，建议自学。另外告诉各位一个坏消息，无机现在是纯闭卷的，公式也不让带，难度也大，因为面太广了
85123,2056,李宁,2018-07-15 14:09:59,6,6,0,老师讲课真的不怎么样，但是人挺好。这种课还是主要自学吧。平时分可能是看期末成绩给的，期末努力考好吧。
85441,2056,李宁,2018-07-18 01:42:19,0,1,1,下厂实习体验巨差
85769,2056,李宁,2018-08-05 06:34:01,-1,1,2,她的课让我转了专业，不再去学化学，再见
93764,2056,李宁,2019-01-13 09:34:08,-5,1,6,讲的不好 毫无条理 给分也不好
105945,2056,李宁,2019-04-23 12:32:48,-7,1,8,垃圾老师。上课没有条理。PPT差。重点一句带过。把时间浪费在不重要的地方。老是搞一些自以为幽默的比喻。浪费时间
105959,2056,李宁,2019-04-23 14:20:34,10,11,1,老师很和蔼的，知识点多看几遍很容易理解清的，自己没预习，上课不认真的，就不要怪老师了，什么都不努力的话谁还能帮你，说没有条理可以再看看PPT，其实都是按照化学的思路降下来的，那些骂老师的摸着良心反思一下，自己努力没有！！
105974,2056,李宁,2019-04-24 02:23:00,3,4,1,老师解答可耐心
105975,2056,李宁,2019-04-24 02:29:07,7,9,2,老师讲的还是比较细致的，最重要的是考前会发上课讲的ppt，很认真的解答同学们的疑惑。考试的时候还帮忙接水，送计算机。我刚考完，吹爆！！！
106227,2056,李宁,2019-04-25 23:50:19,1,2,1,老师很负责，每节课有课前回顾，课后会答疑。老师真的很用心。
107018,2056,李宁,2019-05-01 00:31:59,4,4,0,老师讲课比较用心，也很细致，有时候也会讲一些自己的故事，或许会有一些细节不清楚，但可以理解，毕竟课多时间少，课下向老师问的问题，老师都会很用心的解答，给分也很好，真的是一个用心负责的考试。考试的时候还积极给同学借计算器，打水，令人感动！
107021,2056,李宁,2019-05-01 01:14:14,2,2,0,思路确实有些不清晰 大不自多 但是人很好啊 课后答疑很耐心滴
107022,2056,李宁,2019-05-01 01:48:55,10,11,1,不明白为什么老师的评分那么低\n\n在浙上了两学期的课了觉得是我见过最负责的老师之一\n\n我上的是《工程化学》  班上应该也是五十多人的班嘛  人每次都来不齐  可能因为是开卷考大家都很水嘛……每周两次课都是早课   \n\n记得老师每次课上都要复习上次课的内容  有疑问QQ上都很耐心解答的    要课堂小测了还叫我们提醒没来的同学记得要来上课   最后考试反复提醒我们不要紧张然而大家可能都觉得题目偏简单  计算机忘带老师也有备用虽然最后我还是自己又买了一个555\n\n嘤嘤嘤   总而言之老师真的很好   顶up?
107287,2056,李宁,2019-05-03 04:19:38,6,7,1,虽然业务水平可能确实有所欠缺，但她的态度还是非常认真的，而且也十分关心学生。
120303,2056,李宁,2019-11-28 01:16:21,2,2,0,老师是我们的班主任，也是本学期综化实验的老师。老师确实是一个负责任的班主任，对我们的学习情况还是比较关心的，也会出席我们班会。带实验方面也没有什么问题，一切都做了很充分的准备。可能唯一不足的就是本南方人有时真的听不太懂老师的口音吧233
122734,2056,李宁,2020-03-27 02:54:56,5,6,1,上网课毫无时间观念
122778,2056,李宁,2020-04-03 11:05:39,0,4,4,老师主动额外习题课为学生排忧解惑，人太好了！
122787,2056,李宁,2020-04-07 01:46:48,6,9,3,次次拖堂
122900,2056,李宁,2020-04-18 09:27:46,2,3,1,老师人很好，可是上课真的不怎么有调理，都靠自学
122936,2056,李宁,2020-04-22 14:01:31,3,5,2,老师人非常好，但是上课能力的确有点欠缺，还喜欢拖课。但是对学生很热心很细致，这一点可以掩盖很多瑕疵
124890,2056,李宁,2020-07-15 09:53:09,3,5,2,老师很好，人特别好，而且今年知道了给分规则以后也说会好好给分了，只是讲东西有点太理所当然，大概是不清楚很多东西我们是不知道的
125367,2056,李宁,2020-09-07 14:14:36,3,5,2,真的感觉老师挺好的，一直都在好好讲课，只是缺点很明显，就是讲的不太好。好好预习肯定没问题的，老师特别有责任心，课后会给上补习课，这真的是很可贵了好吧！老师分数这么低，很难以想象这怎么可能。
126819,2056,李宁,2020-10-21 11:03:34,0,2,2,我是疫情期间上的工化，好几次课都没听，后来才知道翘课一定数目直接挂科，发邮件跟老师说了之后她同意我补上了，最后真的没挂！
127383,2056,李宁,2020-11-22 02:18:05,3,5,2,李老师明明超好有没有，有哪个老师上课前会给我们做题并且会抽同学提问直到我们弄懂为止，而且还会专门给我们准备复习课，平时分也尽量拉，能给满就给满，那些说老师不好的？？？？？？
127839,2056,李宁,2020-11-28 08:09:44,0,3,3,普化实验超级好
128594,2056,李宁,2020-12-24 09:30:53,7,9,2,老师讲课很慢，讲的很详细，一个学期快结束了，课本还有三分之二没讲完。
129676,2056,李宁,2021-01-11 00:03:05,0,3,3,喜欢 很负责
131303,2056,李宁,2021-01-27 04:36:33,1,3,2,老师非常复责，辅导非常耐心\n\n感觉评分不应该这么低的
132545,2056,李宁,2021-02-02 08:02:58,1,3,2,老师给我满了我也要给老师满绩！
132549,2056,李宁,2021-02-02 08:23:07,1,3,2,虽然上课讲得云里雾里 但是看得出来老师真的很努力很认真地在讲了 最后考前突击了一下 抄了一天的A4 给了4.5
133436,2056,李宁,2021-02-28 15:36:59,1,2,1,好老师
133549,2056,李宁,2021-03-02 04:31:52,0,1,1,yyds
134934,2056,李宁,2021-04-23 06:48:12,1,2,1,上的是老师的实验课，觉得老师真的很和善，对学生很好，很细致
136677,2056,李宁,2021-06-23 01:40:52,1,3,2,老师人很好！很和善！经常会问我们上课进度快不快是否需要调整；上课水平可能确实差点火候，不过对分析化学这种主要靠自学的科目影响不大；然后就是下节课要点名都会在上节课提前预告哈哈哈哈哈哈
137507,2056,李宁,2021-07-04 15:14:06,-1,2,3,如听仙乐耳暂明
138337,2056,李宁,2021-07-08 14:25:24,1,2,1,感觉老师人很好，每节课都过得很开心。没想到老师评分这么低，可能老师其他课讲得不太好吧，但是半个学期下来真的挺开心的。
139243,2056,李宁,2021-07-13 16:41:45,3,4,1,老师真的很好，我觉得选上了也不用换的，讲的其实蛮清楚，本来分化乙要求也不是很高。而且老师真的蛮和善的，超级善良，很考虑学生，给分也不错。
139251,2056,李宁,2021-07-13 23:22:38,3,5,2,感谢老师！96前来答谢啦～
143201,2056,李宁,2021-11-21 10:37:51,4,5,1,老师人很好，热爱生活，很喜欢与学生分享生活和实验中的趣事，人很温柔，体贴学生！
144645,2056,李宁,2021-12-23 03:21:02,0,1,1,老师很好啊，体贴关心学生，和蔼可亲，会和学生聊聊天啥的
144646,2056,李宁,2021-12-23 03:21:01,0,1,1,老师很好啊，体贴关心学生，和蔼可亲，会和学生聊聊天啥的
149343,2056,李宁,2022-01-15 06:36:09,0,1,1,感觉普化甲实验老师人还挺好的，课讲的也比较清楚，给分还可以
150600,2056,李宁,2022-02-03 09:48:01,0,1,1,超级和蔼温柔
151148,2056,李宁,2022-02-23 12:06:06,0,1,1,老师老了，你们还年轻
152074,2056,李宁,2022-03-25 02:54:30,6,7,1,首先，我打一分是因为没有零分。\n\n讲课乱七八糟根本听不懂。或许她可能研究很好，但绝对不是一个好老师。
152483,2056,李宁,2022-04-13 01:06:37,2,2,0,听不懂啊，听不懂
153495,2056,李宁,2022-05-02 02:08:11,0,0,0,好老师 虽然最后被卡绩点了
153511,2056,李宁,2022-05-03 02:33:41,0,1,1,老师很温柔，看得出在努力讲清楚了\n\n其实个人感觉工程化学这门课本来就不好讲，如果你想深入了解清楚，工化只讲皮毛，肯定是讲不明白的，涉及面广但每一部分都是浅讲一下，割裂性强不系统\n\n所以对高中没选化学的uu来说肯定有点费劲，如果有时间建议把高中的有机结构的基础知识自学一下，至少有点概念，有什么不明白的地方积极问老师和助教，或者去答疑\n\n努力了最后绩点不会难看的
166265,2056,李宁,2023-01-11 14:59:33,1,1,0,老师很和蔼，就是比较喜欢卡绩😅
172091,2056,李宁,2023-04-19 07:16:54,1,1,0,老师太好，我好爱她呀家人们
172581,2056,李宁,2023-05-01 01:56:35,4,4,0,老师很好了呀。我高中只学了一年化学，但是我前几节课认真听完全可以听懂，后面上课不太认真但是考前看PPT也全部看懂了。因为考试的时候有很多名词看不懂，他也没告诉我化学式，我这个化学基础差的最怕最怕挂科了，结果给我捞的蛮高。老师不错的，但是你要用心上课。
172583,2056,李宁,2023-05-01 02:07:26,3,3,0,这学期跟的老师的工程化学和工程化学实验，看评论好多人说讲的混乱，这点我比较认同。老师是不太会讲课，但是没有认真听怎么会听的懂，认真听了真的能学到很多东西。李老师上课点名会提醒大家好几次，还用数字点名让没来教室的同学也能顺利签到。在平时成绩上让大家尽量拿高分不让大家最后成绩难看。在平时上课也说了很多很多生活的真谛和自己学术生涯过程中碰到的人和事。她是一位很负责很贴心一直在改正自己的老师。这一学期的两门课，我不认同评论区大多数人的观点。她不能只因讲课不够十分而只有低评分。大学劝大家在上课别玩手机，鼓励大家多去外面转转，多与同学玩，有问题害怕在群里问尽量私戳问她……这样的帖心老师真的不多啊
172752,2056,李宁,2023-05-06 05:56:51,1,1,0,老师人很好
173973,2056,李宁,2023-06-05 10:19:06,3,3,0,建议看评论的同学同时注意一下评论的年份。李老师还是挺好的。课上会点名，但是会说下节课点名，没来的同学大家相互提醒一下，让他赶过来。工化内容不算难，看看课件基本能搞明白，建议还是听老师讲，就算一开始听不懂，在看完课件之后回头听智云，你会发现老师讲得很不错。我是浙江考生，没选过化学，化学基础挺差的，课上老师讲得全能搞明白，虽然最后考试有很多当常识的化合物我甚至搞不清楚化学式净瞎选，考得也还可以。绩点3.9，对我来说算满意。一分付出一分收获吧。
180897,2056,李宁,2023-09-28 02:49:35,1,1,0,老师挺和蔼的呀
185902,2056,李宁,2024-01-05 15:21:41,8,8,0,老师真的很好\n\n实验课解答的很耐心 不摆架子\n\n每次我做实验都特慢 老师每次都肯留下来等我等到很晚\n\n下课了也会唠唠家常 真的很和蔼 很亲切 很会关心同学们\n\n不知道是不是以前因为什么原因导致老师分不高\n\n（老师刚刚知道有这个东西 真的怕老师看到评分会伤心\n\n（另外吹爆普化实验的助教 超级负责 超级有趣 交流起来完全没隔阂\n\n还爱打三国杀（bushi）
188345,2056,李宁,2024-01-18 16:56:25,-5,1,6,给分不好，而且个人认为期末笔试的内容片面，并未起到考察整个学期学习情况的作用，运气成分大
188418,2056,李宁,2024-01-19 03:08:33,6,6,0,很棒的老师！
190973,2056,李宁,2024-03-27 02:06:15,3,3,0,真的好
191873,2056,李宁,2024-05-02 18:23:28,2,2,0,永远的神，讲课给力，课后辅导无敌！学生值得信任的老师
191940,2056,李宁,2024-05-06 02:01:01,2,2,0,老师人很好，很慈祥，工程化学这门课，签到都会提前说，平时成绩也是努力给我们高分，感觉学过化学的同学选李老师挺合适的，不过没有化学基础的同学应该还是上hjm老师的课更轻松（我是没有化学基础的，上课会听不懂，然后看hjm老师的智云活下来的）最后86非常满意了，李老师人真的很和蔼，答疑也很认真
191942,2056,李宁,2024-05-06 02:59:10,2,2,0,很棒的老师，认真负责，给分好，选了绝对不后悔（是不想辜负的老师）
192760,2056,李宁,2024-05-30 05:37:36,1,1,0,老师非常温柔，点名都会提前说，真的很棒。
206008,2056,李宁,2024-12-13 03:02:09,0,0,0,老师很负责，普通化学实验很有趣，经常分享化学与生活的联系，激发同学们的兴趣。指导学生非常耐心，很和蔼，经常给学生鼓励，老师经常留到最后才走
208278,2056,李宁,2024-12-26 12:53:14,4,4,0,李老师的分数这么低是出乎我想象的，只能说李老师是我大学两年里面碰到的最好的老师之一，人非常和蔼可亲，讲课讲的也还不错呀，我高中学过化学，听她的普化实验课没有觉得很混乱。反正强推李老师，真的好老师。
208861,2056,李宁,2025-01-02 15:25:13,3,3,0,老师很温柔，讲的也很好，人脾气很好很有耐心，尤其要吹爆助教小哥哥，人特别好，实验报告给分高，最后还会给我们礼物书签和巧克力，很好的老师
210288,2056,李宁,2025-01-08 17:34:54,0,0,0,综合化学实验，老师很和蔼，在我们实验失败手忙脚乱的时候会直接帮忙，多的不想说，第一次在大学老师里面感觉到师生情的温暖
213380,2056,李宁,2025-01-17 06:34:06,0,0,0,老师很负责任，很在意学生，最后一节课还给所有人准备了礼物
214804,2056,李宁,2025-02-18 03:52:48,1,1,0,给分不错
217162,2056,李宁,2025-04-03 01:46:18,0,1,1,签到的史
219161,2056,李宁,2025-05-22 14:24:47,0,0,0,老师很好
220232,2056,李宁,2025-06-16 14:10:31,0,0,0,老师人很好，点名会提前通知，很关心学生。上课可能不太明白，但给分很好，而且工化本身以高中知识为主。
11095,2074,朱龙观,2015-11-24 06:34:25,13,15,2,上谱学导论的课，很认真的老师，第一次见到念ppt也念得很有条理，思路清晰的老师。
26002,2074,朱龙观,2016-06-15 04:05:41,4,14,10,结构化学，太水了，讲课极差
27523,2074,朱龙观,2016-06-27 01:09:04,17,20,3,自从掉下去一支笔后就没有听懂过。“这个你懂的”(我什么都不知道)
29907,2074,朱龙观,2016-06-30 13:25:57,6,8,2,这么催眠的课本渣居然及格了……
30080,2074,朱龙观,2016-07-01 02:04:06,5,7,2,老师是挺水的。但是比较好人\n\n
40605,2074,朱龙观,2017-01-04 09:15:16,6,14,8,讲课内容很有深度，但是讲得不够细致明白，但考试内容很基础，东西还是能学到的，就是上课太无聊（结构化学+谱学基础）
41186,2074,朱龙观,2017-01-10 02:34:00,8,10,2,好老师！很负责，讲课条理清晰。
41242,2074,朱龙观,2017-01-10 07:33:40,8,11,3,好好听，老师还是人好的
66345,2074,朱龙观,2018-01-15 07:55:45,6,7,1,老师人很好，但可能是我 太菜了吧ಥ_ಥ听不懂哇
66635,2074,朱龙观,2018-01-17 23:36:45,4,5,1,老师讲的很细呀我觉得 就是我太笨了吧 真的听不懂
66986,2074,朱龙观,2018-01-19 14:42:18,7,9,2,老师很负责很认真，就是讲课稍微有点不吸引人。不过真的超级喜欢老师的考试全是原题哈哈哈
71289,2074,朱龙观,2018-01-28 08:51:46,8,13,5,花了大功夫去复习各种数理的内容，最后让默写量子力学假设……所以这课把数理相关的内容都忽略剩下文字全部背会即可满绩？
71838,2074,朱龙观,2018-01-29 04:18:42,4,5,1,论述题考得心里拔凉拔凉
77505,2074,朱龙观,2018-06-30 03:52:57,16,16,0,别的不说\n\n给分是真的好
77506,2074,朱龙观,2018-05-06 06:56:13,7,8,1,非常认真负责的优秀老师，在给分上真的很努力
77510,2074,朱龙观,2018-05-06 07:24:02,-6,2,8,能说这课很水吗?
77553,2074,朱龙观,2018-05-06 12:13:12,9,10,1,给分是真的好，不过课程设计可能有点缺陷吧，总觉得还是不够到位，很多深入的东西没有展开，在数理上纠结倒是很多，不过ppt做得不错。
78525,2074,朱龙观,2018-05-12 14:33:13,14,14,0,看得出来老师很认真地在讲，也在很努力地让我们得高分，只是结构化学这门课本身就是那种考难一点大家的分数都可能比较难看，所以最后才会显得有点水。
79707,2074,朱龙观,2018-06-13 02:38:58,8,8,0,老师终于想开了，为难学生多没意思
82637,2074,朱龙观,2018-07-09 01:24:01,4,4,0,老师为了不让我们挂真的是煞费苦心了……不过还是建议讲课的时候数学推导稍微少一点 这样大家听课效率可能也会更高。。
82641,2074,朱龙观,2018-07-09 01:43:34,5,5,0,上课不用听的\n\n考前背平时作业+小测题目就行\n\n答疑的时候注意技巧，可以获得很多提示\n\n给分很好很善良
82642,2074,朱龙观,2018-07-09 01:54:42,6,6,0,老师人很好的
82666,2074,朱龙观,2018-07-09 02:34:07,11,11,0,朱哥哥真的人很好啊！考试简单给分好建议实在考试还会滑范围！我真的喜欢朱哥哥！永远念着朱哥哥的好！给满分不为过！
82868,2074,朱龙观,2019-08-20 08:12:07,3,5,2,上课有点无聊，考试十分友好，给分真的良心
83164,2074,朱龙观,2018-07-10 00:44:22,3,4,1,给分真滴好
83171,2074,朱龙观,2018-07-10 00:59:08,4,4,0,好老师！绝壁好老师！
83176,2074,朱龙观,2018-07-10 01:15:34,4,4,0,还不错
83182,2074,朱龙观,2018-07-10 01:31:03,7,7,0,后两章基本没看拿到卷子简答题懵逼了 跪谢朱哥 超快出分 神奇给分
83929,2074,朱龙观,2018-07-11 14:10:05,7,7,0,业界良心
94854,2074,朱龙观,2019-01-18 10:32:18,1,2,1,讲的其实很不错。。给分真的好。。作业也是老师自己改的。人也很和蔼。。
110201,2074,朱龙观,2019-06-24 11:37:40,3,4,1,朱哥人好给分好
111628,2074,朱龙观,2019-07-02 09:00:01,7,7,0,朱老师人很好，课讲的比结构与谱学的另一位老师王鹏好很多，能学到不少东西。\n\n但是结构3给分比结构2差好多啊呜呜呜
184389,2074,朱龙观,2023-12-18 15:55:33,2,2,0,朱爷我男神，大手一挥免了中化II一个班同学一学期的午餐费，老子以后发达了一定来报恩🙏
186892,2074,朱龙观,2024-01-13 12:28:39,1,1,0,我爱朱爷
4525,2076,叶春芳,2015-06-24 07:07:23,1,5,4,进实验室必须穿实验服戴护目镜不许玩手机喝水要出去，做完实验出去了才能脱实验服=_=但据说给分不错
12131,2076,叶春芳,2016-12-19 02:44:11,5,6,1,教授人很好，很随和～～实验室细节抓得很紧 但也是为了我们的安全啊～～亲切感满满的 给分听说也很好
15851,2076,叶春芳,2016-01-16 12:22:44,1,2,1,叶老人超好，每次催助教别瞎逼逼，早点放我们回去\n\n
17012,2076,叶春芳,2016-01-19 12:35:11,1,1,0,给分好，而且是个挺有趣的老师。
17141,2076,叶春芳,2016-01-19 16:32:21,0,1,1,认真负责，为人随和，理论考试最后还和我聊天来着
18281,2076,叶春芳,2016-01-21 11:25:24,0,0,0,感觉老师挺严肃的，不过助教都挺好的，而且给分挺好的
18463,2076,叶春芳,2016-01-21 16:18:44,0,0,0,给分不错，助教都很好
76430,2076,叶春芳,2018-04-09 06:06:12,0,1,1,老师真的很可爱，有趣，和蔼
92032,2076,叶春芳,2018-12-25 13:24:10,0,0,0,有趣、很nice的老师
94578,2076,叶春芳,2019-01-17 08:50:45,3,3,0,很可爱的老师
95391,2076,叶春芳,2019-01-19 10:09:30,3,4,1,老师是个好老师，课也是个好课，不像某些大物实验
96532,2076,叶春芳,2019-01-21 05:39:04,0,0,0,很nice
97916,2076,叶春芳,2019-01-23 01:42:13,1,1,0,老师很好啊，但是悄悄告诉你们，他来巡视的时候，一定要装作很认真的样子，不然，他会记下来的。。
108084,2076,叶春芳,2019-05-14 09:47:17,1,2,1,老师人很好，但每一次怼那个比较严格的助教时都xswl，我都有点看不下去了。助教3人，一个和蔼事少注重思考给分好，一个讲解认真，乐于助人，声音有力但要求严格，给分思考与形式都注重，一个讲解一般，声音偏娘，事情贼多给分平均70+。就这样了。
111763,2076,叶春芳,2019-07-02 21:23:42,0,0,0,nice
111797,2076,叶春芳,2019-07-02 23:25:52,0,0,0,卡绩了，但给10分！
139001,2076,叶春芳,2021-07-12 06:59:29,2,2,0,卡绩了但是老师人很好，很想让我们早点回去，实验水平很高，希望老师多保重身体呀
156467,2076,叶春芳,2022-06-20 01:41:28,1,1,0,和蔼可亲的小老头
183486,2076,叶春芳,2023-11-26 16:43:31,0,0,0,很有趣的小老头，讲解的时候很高效并且有意思。注重安全问题，对实验中的细节操作倒没那么care，总是会让我们早点回去
193706,2076,叶春芳,2024-06-16 02:08:58,3,3,0,老师真的是超级超级好的，讲课有趣，而且有自己的个性和见解，如果能够学习他的这种思维的方法也是非常不错的一种提升。对学生也很好，不要求死记硬背的东西，不要求一些无意义的东西（不过这门课平时报告什么的分得看助教，而且有很多助教，如果按照他的要求来的话其实压力反而会小，可惜）总之是非常非常喜欢的老师
194414,2076,叶春芳,2024-06-23 17:21:41,0,0,0,老师真的特别好，口音很可爱也很理解学生，有不懂的地方都会耐心讲解，遇到问题也会帮忙解决，可以看出叶老师经验很丰富。最后的成绩在意料之外了，不失为全zju最强捞王，可惜老师好像要退休了，舍不得TT
209869,2076,叶春芳,2025-01-07 09:26:57,0,0,0,给分还行，但不是很满意，可能是助教的问题？上课实验不用预习，随便做，他不会按标准操作教，很随意的，你别出事就行
214368,2076,叶春芳,2025-02-02 06:31:31,-1,0,1,给分一般，辛辛苦苦写了一学期的实验报告最后得分还没一学期没听的普化甲高
3176,2077,郑永泉,2015-05-19 05:41:56,10,12,2,很不错的
4887,2077,郑永泉,2015-06-30 06:48:23,5,6,1,老师很好的，给分很大方
13169,2077,郑永泉,2015-12-25 04:10:24,4,7,3,郑老师超棒啦！很和蔼喜欢和学生开玩笑哈哈哈
15371,2077,郑永泉,2016-01-14 05:49:37,0,2,2,超可爱啊！
15385,2077,郑永泉,2016-01-14 07:33:39,0,2,2,啦啦啦
15391,2077,郑永泉,2016-01-14 08:04:39,3,6,3,满了 真好
15417,2077,郑永泉,2016-01-14 10:17:47,0,1,1,老师很好
15426,2077,郑永泉,2016-01-14 10:50:34,3,3,0,很棒，很细致
15504,2077,郑永泉,2016-01-15 02:41:44,5,6,1,老师很和蔼～给分也很好～而且虽然老师年纪比较大了，但我觉得老师挺帅的!
15523,2077,郑永泉,2016-01-15 05:52:42,3,3,0,老师很不错
17245,2077,郑永泉,2016-01-20 02:31:38,1,1,0,老师很和蔼，问他问题都会耐心解答。
19857,2077,郑永泉,2016-01-25 12:20:13,0,0,0,老师很不错，就是我理论考太差了
28785,2077,郑永泉,2016-06-28 15:02:07,3,3,0,老师人超级好的！经常和我们聊天！助教人也很棒很逗
29024,2077,郑永泉,2016-06-29 06:44:11,2,2,0,老师超级负责  讲的很细  认真听一定有收获  理论考轻松搞定  老师人也很和蔼  问他问题会认真解答 平时也会跟你开个玩笑什么的  很符合我心目中老师的形象  嗯  满了  谢谢老师
52231,2077,郑永泉,2017-06-16 07:45:03,1,1,0,超级棒
52232,2077,郑永泉,2017-06-16 07:45:54,0,1,1,人超好，给分棒
52917,2077,郑永泉,2017-06-23 13:31:51,1,2,1,浙大遇過最好的老師！
52918,2077,郑永泉,2017-06-23 13:33:11,2,2,0,老师很可爱，超级亲力亲为的，会自己洗地拖的老師
79784,2077,郑永泉,2018-06-13 13:50:42,3,4,1,还没考试但是先给十分，可爱和蔼的老爷爷，在电梯上遇见都会觉得这一天真好的老师当然先给10分啦，改报告很认真
79988,2077,郑永泉,2018-06-18 14:52:16,3,3,0,爷爷太萌了
80870,2077,郑永泉,2018-07-02 06:39:14,4,5,1,老师超级超级可爱的呀 嘻嘻 我觉得他是我见过的所有大化o老师里面最可爱的 在这里再悄咪咪表白一波助教小哥哥
82675,2077,郑永泉,2018-07-09 02:44:46,1,1,0,爷爷太萌了
105488,2077,郑永泉,2019-04-15 08:57:05,1,1,0,老师很好的，指导实验很有耐心，对学生很好
109289,2077,郑永泉,2019-06-13 02:03:37,1,1,0,事少，为人和蔼幽默，对报告的要求也不高，注重让你在实验中有所收获，分数主要是助教打的，分数高低不能显示课程如何，但是这个老师是真的好。另外gjc助教xgg也非常棒！两个都是超好的人啊
110377,2077,郑永泉,2019-06-26 08:05:07,2,2,0,十分轻松愉悦的体验
110387,2077,郑永泉,2019-06-26 08:42:38,2,2,0,超喜欢爷爷，给分好，讲的超仔细，也很幽默:)是我见过的最好的大化老师了！
110399,2077,郑永泉,2019-06-26 10:31:40,2,3,1,老师很儒雅，很有耐心，口音也很可爱
111218,2077,郑永泉,2019-06-30 15:40:33,0,1,1,老师人很好！助教xgg也很好！
114408,2077,郑永泉,2019-07-10 01:10:19,5,6,1,老师改实验报告扣分点还是挺多的
156213,2077,郑永泉,2022-06-18 08:46:27,2,3,1,老师上课很求是，讲解很清晰。给分也很求是
174354,2077,郑永泉,2023-06-10 12:06:37,5,5,0,超级和蔼可亲
179455,2077,郑永泉,2023-09-16 06:36:40,2,2,0,hhhh老师很和蔼，最后操作考试的时候，还碎碎念提醒我“差不多可以停止加热了噢”，不过他装作路过第二遍我才听清
194001,2077,郑永泉,2024-06-21 10:02:51,0,0,0,好好好！挺和蔼的
208889,2077,郑永泉,2025-01-03 06:41:29,0,0,0,老师真的非常非常和蔼，非常非常耐心，是一个很好的老人家，虽然感觉给分比我预期中要低了一些，但还是会给老师十分
182,2086,马成,2018-06-03 14:58:37,73,83,10,个人认为他是个很负责的老师，上有机会尽力让所有人听懂，偶尔幽默一下，不过上他的课看ppt灯关着节奏慢容易睡着
593,2086,马成,2015-03-15 06:17:00,-12,15,27,感觉学生问他问题并不是很认真解答
2482,2086,马成,2015-05-04 13:10:14,15,19,4,很负责的一个老师，经常提醒同学好好听
2788,2086,马成,2015-05-07 08:50:12,24,31,7,真的是一个国际化的老师，对于一个英语渣来说，不过上课讲的很细致，很多，给分还不错啊
3883,2086,马成,2015-06-17 07:23:04,13,22,9,我坐前排听了一个学期，什么都没听懂……对有机绝望了，最后两周靠自己救回来的。
6447,2086,马成,2015-07-14 04:10:09,39,43,4,平时表现的十分傲娇，但是给分真是浓浓师生情！
6591,2086,马成,2015-07-16 03:34:01,1,2,1,嗯
6620,2086,马成,2015-07-16 13:01:07,29,33,4,老师讲的还是不错的。认真听可以听懂！不要弃疗啊孩子们…虽然姐姐最后是靠自己预习的……
8106,2086,马成,2015-09-17 04:54:52,13,14,1,课后给同学讲题很认真 很和蔼
9594,2086,马成,2015-11-02 11:15:46,15,18,3,答疑很耐心，上课思维很活跃，不局限于书本，能学到真的东西
10458,2086,马成,2015-11-26 06:50:39,19,21,2,基础太差了表示真的听不懂。。但反正就是很喜欢这个老师啊 负责又耐心
12609,2086,马成,2015-12-23 15:20:15,-12,3,15,我觉得他的中文我听起来很困难，还有一开始讲的就太深入了，后来一直没跟上。最后两周速成的
13475,2086,马成,2015-12-28 08:25:35,7,11,4,很负责的老师，上课节奏挺好的，睡着什么的纯粹因为自己睡得不够，给分什么的只能说有机东西太多很难记，老师讲的还是很清楚的
14519,2086,马成,2016-01-07 11:13:20,6,7,1,很好的老师。
14657,2086,马成,2016-01-08 06:19:36,21,24,3,老师真的上的很认真，尽力想让所有人听懂，而且前期上课速度慢，很重视基础，很国际化很棒的老师！
14943,2086,马成,2016-01-11 06:58:07,27,28,1,老师是好的，热爱化学，经常说，让我们来玩有机。可是我听不懂。。。。。。希望你们认真听，一定受益匪浅
15184,2086,马成,2016-01-12 13:25:41,5,6,1,可以的
15718,2086,马成,2016-01-16 07:36:41,13,15,2,伟大的人格魅力
16025,2086,马成,2016-01-19 01:04:16,7,8,1,好好学习
16716,2086,马成,2016-01-19 00:28:47,8,10,2,老师讲课很好啊，基础讲的很扎实。人也挺好的，挺关心学生学习。
17238,2086,马成,2016-01-20 02:22:29,15,17,2,好老师。上课经常来点小幽默，说接下来怎么玩怎么玩。就是上到关键地方音量突然变小，跟不上节奏的话容易弃疗
18172,2086,马成,2016-01-21 08:32:36,4,6,2,很萌，有师生情
18462,2086,马成,2016-01-21 16:15:11,9,10,1,思维很发散，难得的好老师，答疑也很认真负责，11:25下课经常答疑到12:30，人也很好，很关心同学们
22262,2086,马成,2016-03-03 06:29:47,7,8,1,上课认真听可以学到很多东西，但是不预习的话会跟不上节奏，好老师！
23864,2086,马成,2016-04-19 04:42:24,7,8,1,真的很认真负责，上课讲的东西很能抓住重点，认真听得话绝对受益匪浅，大一碰到的最好的老师，没有之一！
23871,2086,马成,2016-04-19 07:32:45,3,4,1,好老师，不解释
27097,2086,马成,2016-06-23 01:42:16,4,5,1,得成哥，得永生。
34946,2086,马成,2016-10-27 02:41:03,3,3,0,老师讲课真的超棒啊啊！这么难的有机只要认真听一定都可以听懂！最好的有机老师没有之一！
36819,2086,马成,2016-11-16 06:51:57,4,4,0,他的课会讲的很清楚，人也很有魅力
38963,2086,马成,2016-12-20 04:16:17,16,16,0,最深的印象是下着雨，他脱了外套，上了一节课，去外面露天的两楼的过道上，淋着雨，抽着烟。
39796,2086,马成,2017-01-18 06:27:42,26,42,16,马老师是一个很和蔼可亲，很好的老师。\n\n但是我想说的是，16-17学年秋冬学期的助教:刘翔，他真的是一个不折不扣的垃圾，嘲讽同学，甚至辱骂，对同学提的问题也是视若无睹，这样的垃圾助教是怎么让他选上的？一个助教毁掉一个教学班的故事
39953,2086,马成,2016-12-28 09:29:56,4,5,1,很棒哦
40110,2086,马成,2016-12-29 07:58:22,7,14,7,超级负责的一个老师，老师超级棒，但是助教有病啊= =没人教他怎么说话吗？可把他牛逼的，啧啧啧
41735,2086,马成,2017-01-18 06:45:24,-2,2,4,楼上的说猪脚不好的，肯定是你们平时不交作业，又不来上课的，刘翔猪脚是非常负责的，作业记录的很详细，对于平常不交作业的的确经常在群里教育，但都是为了你们好，答疑的时候，猪脚很耐心，很有趣，你们肯定没来
41778,2086,马成,2017-01-12 14:21:02,-5,3,8,马老师是个很好的老师 助教刘翔也是个很好的助教 虽然有些话比较不好听，但是说话直接一点激励你们学习难道不好吗？你凭什么就靠这几句话评判别人？ 我帮助教干过活有一点接触 助教是个很好的人 。
43174,2086,马成,2017-01-16 08:36:37,0,3,3,老师很好，助教刘翔也很好！可能是因为他qq上的语言比较..直接，有点不开心。后来答疑的时候很热心的过来问我有没有问题！
44799,2086,马成,2017-01-18 09:14:14,3,7,4,事实证明，助教刘翔之所以言辞犀利，不过是马老师为了压制班里的浮躁之风，给分上很照顾大家的，希望楼上议论助教的那位把评论改改掉。学弟学妹选上马成有机的，偷着笑吧，不说了，看物化去，毕竟有机物化必有一挂...
44811,2086,马成,2017-01-18 09:30:14,0,2,2,老师真的是亲人啊...师生情很浓，而且上课很有味道，听起来也很舒服，学不好只能怪自己。还有就是为助教洗下冤...
44837,2086,马成,2017-01-18 11:11:24,5,6,1,马成老师没得说，上课仔细，答疑也负责，助教真的真的很好 很热心的一个人，不要光看群里 真的负责任 给分真的好得感动 评价给满分 没毛病
45110,2086,马成,2017-01-19 03:51:42,6,7,1,很可爱的有机老师，听课的时候可以感受到他真的在自己的王国里玩得很开心，讲课节奏比较快，一走神就会拉下很多，不过毕竟有机内容这么多节奏应该都挺快的。很喜欢这个老师，给分也很棒
45184,2086,马成,2017-01-19 06:09:17,1,1,0,老师很不错，强调理解，但就是ppt弄的有些让人发困
45755,2086,马成,2017-01-20 04:31:24,5,5,0,好老师，给分高，讲的好
58811,2086,马成,2017-09-18 02:42:47,0,2,2,很爽欲仙欲死
65306,2086,马成,2018-01-03 01:35:12,3,4,1,张玉红的学生飘过，你们作为马成的学生知足吧，上张玉红的课就等着自学吧
65638,2086,马成,2018-01-08 02:45:12,5,6,1,很棒啊讲得。超级清楚   说没听懂的真是没听过丁代表的课
65786,2086,马成,2018-01-09 06:12:28,15,16,1,我觉得马老师真的是超级可爱的老师啊!但是听他的课一定要预习，因为他会把很多知识联系起来讲，如果预习过的话，会有种“原来是这样”的感觉，但是不预习的话还是比较容易弃疗的，不过有机....这个....自己不努力老师再好也没用（捂脸）。选上马成老师的课很幸运啊!
66047,2086,马成,2018-01-11 07:20:35,6,7,1,真的真的真的真的超级好超级可爱的老师 不要因为有机的可怕而恐惧老师！
66478,2086,马成,2018-01-17 02:39:13,9,10,1,老师强我弱○|￣|_
68585,2086,马成,2018-01-23 11:47:43,9,11,2,对不起马老师我一点都没有学，预习好可怕，我们明年再见！爱您❤ ❤ ❤ ！么么哒！\n\n马老师真的超负责！超好！就是我自己不争气！大哭！
69454,2086,马成,2018-01-24 16:46:13,3,3,0,有机交卷时，马成老师站在门口对我的微笑让我产生了一种有机不会考的很差的错觉?
70602,2086,马成,2018-01-27 09:32:25,7,7,0,马成老师很棒，上课也很可爱，就是有时声音有点小。。总的来说，很棒的老师。
71749,2086,马成,2018-01-29 02:28:46,0,2,2,唔两三次小测拖着拖着拖到期末然后测了一次没了……
71851,2086,马成,2018-01-29 04:33:42,8,8,0,老师人很和蔼，有问题都可以直接问他，不过课快得飞起，要注意平时好好复习啊。
72774,2086,马成,2018-01-31 05:20:18,11,11,0,首先 老师人很好 去问问题不会不耐烦 会很耐心的讲解 而且一语中的\n\n其次 上课前面很慢后面什么醇酚醚就很快了 一定要预习加复习 不然期末自己预习500+页是会gg的\n\n再次 作业不改 就是只看有没有做 反正答案大家都搞得到 马老师不把作业做的正确率放到评分系统中。他说对那些自己认真做但是错很多的同学来说不公平 个人认为 这真的 很 好。。。就是人格魅力\n\n从次 小测 哈哈 不存在 拖到最后做了一次 还有最后一次因为老师记错上课时间迟到了就打了水漂 \n\n最后 绩点还没出 紧张 考试结束老师笑眯眯的 。。。马老师不要给我考得好的错觉啊
73137,2086,马成,2018-02-01 03:44:45,6,8,2,老师很棒，讲课很细致，后面会稍微加快一点但要点清楚，最后还有合成的复习，对学生很耐心，助教们也很棒，重点是，老师给分真的是浓浓师生情啊！本来以及格为目标的人4.5飘过，虽然又被卡绩了∠( ᐛ 」∠)＿但马成真的真的是超级棒的老师啊！！
73146,2086,马成,2018-02-01 04:22:58,0,0,0,有点深奥
73152,2086,马成,2018-02-01 04:39:40,6,6,0,nice，老师讲的超越课本
73218,2086,马成,2018-02-01 07:44:40,6,6,0,有趣负责的老师，成绩说实话认真学不会差的
73498,2086,马成,2018-02-01 18:15:46,10,10,0,把老师最开始讲的基础理解好，后面按着这个思路看下去就不难了。虽然上课还是经常会扯到一些跟考试没啥关系还听不懂的东西(ㅍ_ㅍ)认真负责还是没毛病的，中年大叔的感觉爆棚，挺亲切，给分也很好。 (*≧▽≦)
75639,2086,马成,2018-03-14 11:24:58,2,7,5,嘴巴很大，鼻孔很大，上课手舞足蹈，天马行空
75987,2086,马成,2018-03-23 04:42:23,6,6,0,大三老腊肉回来觉得是两年多来遇到的最好的老师了。
84017,2086,马成,2018-07-11 23:35:44,8,8,0,满分，绝对是满分！老师上课可萌了，也很负责，给分绝对浓浓师生情！
85876,2086,马成,2018-08-25 00:32:14,0,2,2,个人认为，老师很棒，无论是学科能力还是对学生的态度。但是，有时候课慢得让我想睡觉?
87885,2086,马成,2018-10-17 01:25:45,6,6,0,very good！认真听就会有收获
108195,2086,马成,2019-05-16 06:24:10,4,4,0,讲课节奏不快，挺适合我的
109688,2086,马成,2019-06-18 11:38:00,7,7,0,绝对满分，上化学不上老师的课，白来了浙大一趟。特别有趣，
111670,2086,马成,2019-07-02 13:20:02,8,8,0,好可爱的mac老师！\n\n
111973,2086,马成,2019-07-03 05:15:13,8,8,0,mac老师微笑的表情真的好萌！
112476,2086,马成,2019-07-04 10:47:20,11,11,0,烦请注意，有机化学课程，各位在学习过程可能处在一个坎上，务请费心，多花时间，掌握基本知识。
112759,2086,马成,2019-07-05 02:36:20,2,5,3,有机化学，我属于全程边玩手机边听讲那种，我觉得我上课这么做，挺对不起老师的，，，mac老师真的特有趣的，笑起来很有特点，上课也很舒服。。\n\n至于课程难度，，我觉得还好吧，只要每次作业按时完成（其实我每次都是直接抄的答案hhh），小测其实也只是用来签到而已，最后要考试了用了一天时间把整本书看了一下，PPT看了一点，我觉得期末考的还挺简单的，我一个电气学生最后总评还拿了80多分，，hhh
112789,2086,马成,2019-07-05 03:13:16,8,8,0,本以为有机药丸，但老师真的浓浓师生情啊！！老师讲课很认真，对学生的态度也很认真，好老师，绝对好老师。
112790,2086,马成,2019-07-05 03:13:38,0,3,3,满绩+1，\n\n马老师上课很认真也很有技巧，基本只要认真地跟着他走挂是不会挂的。\n\n看起来很严厉其实对学生真的很好，会耐心地解答问题，也会在期末捞你一把。\n\n有机选马成，没错的
112868,2086,马成,2019-07-05 07:15:53,4,4,0,有机选马成，浓浓师生情！
114834,2086,马成,2019-07-12 01:34:51,2,3,1,ppt很特别，内容适度
118562,2086,马成,2019-10-28 13:28:54,4,4,0,mac老师不在的日子，超想他！
125409,2086,马成,2020-09-08 07:45:57,4,4,0,人真的很好
125683,2086,马成,2020-09-13 04:20:35,0,4,4,永远听不懂他在讲什么
125754,2086,马成,2020-09-14 03:35:39,2,3,1,感谢mac老师海底捞救我一命
134322,2086,马成,2021-03-23 15:57:47,6,6,0,讲得很透彻，会把知识联系起来，听他讲课很有收获，答疑也很耐心，是个认真负责亲切的老师。而且马老师好可爱啊哈哈哈哈！
136532,2086,马成,2021-06-20 09:49:13,1,2,1,老师真的人很好，讲课特别棒，有一点点严厉，也是对大家都很期待，只是有机真的太难，我真的太菜了QAQ
139797,2086,马成,2021-07-27 13:31:05,8,12,4,永远听不懂他在讲什么
156590,2086,马成,2022-06-20 11:00:26,1,1,0,马老师，是个很负责也很严厉的老师。
157191,2086,马成,2022-06-22 08:29:06,0,0,0,mac老师嘴硬心软！
174041,2086,马成,2023-06-06 01:18:37,9,9,0,“抬头看一看，迈开腿走一走，拜托拜托”
175080,2086,马成,2023-06-21 12:15:07,1,2,1,老师真的很负责，人很好
177341,2086,马成,2023-07-03 03:17:52,2,2,0,课上的真的不错，但感觉对化学实力还行的同学来说会更合适，小白会有点痛苦。据说是很捞的，但是这个应该也看概率，本人应该是没被捞
177347,2086,马成,2023-07-03 03:24:57,2,2,0,马成老师嘴硬心软
177828,2086,马成,2023-07-05 03:10:29,16,16,0,马爹上课还是非常不错的，逻辑性很强讲得也很清楚，就是对完全小白可能不是那么友好。缺点在于他好像不怎么省流，这对同学们的归纳总结能力提出了挺高的要求。小测都是自测题，认真做自测的话很容易；不看作业对错，只看交没交，而且作业和自测题最后都是可以补交的（他真的好好）。最后满了，感谢马爹的教导！
180903,2086,马成,2023-09-28 03:56:20,-1,3,4,差 上的一点也不好
181436,2086,马成,2023-10-17 15:27:56,-1,4,5,嘴碎，讲得听不懂还必须要一定来听他讲，对比过之后真的感觉讲的不太行，底子差同学慎重！
193089,2086,马成,2024-06-03 11:06:28,-1,0,1,就这样
195545,2086,马成,2024-06-28 17:24:15,1,2,1,老师人还不错，确实比较刀子嘴豆腐心，某些处事风格有点逆天（比如上课不让玩手机）。上课会让你把课堂某一部分内容写下来交上去作为点名。讲课很不基础且非常枯燥无聊，全靠自学。给分比较求是，考多少给多少，不捞。
195549,2086,马成,2024-06-28 17:31:27,1,2,1,马老师的课确实有点不适合小白，上课建议要提前预习，但马老师水平很高，能带你理解有机的本质，不过有机考试的内容比书本内容会简单很多，应付考试比较简单，但是想真正学明白有机，内容应该是远超过相同4学分的课程。\n\n马老师不会用线上点名，一般都是线下交纸质课堂问题来点名，还是蛮频繁的。\n\n马老师自己还是很可爱的（笑） \n\n好老师！10分奉上，感谢一学期的教导（比心）
195569,2086,马成,2024-06-28 23:32:35,0,1,1,Mac老师真的是一位很负责任的教师。如果你和他在钉钉上有沟通交流，他整个学期都会一直关心你的成绩，提醒你测试中出现的问题。说话虽然听起来凶凶的，但是又带着一种反差萌。
221343,2086,马成,2025-06-23 04:10:31,0,0,0,马爹刀子嘴豆腐心，平时钉钉私聊问问题总是秒回，很有耐心，笑起来很可爱。期中考的不怎么样，但最后成绩很好，只能说付出一定有回报。爱你马爹！
41027,2102,许莉,2017-01-08 11:55:05,1,1,0,林周晨助教报告乱打分
42023,2102,许莉,2017-01-13 12:29:00,4,4,0,化学实验（甲），老师很好讲课很细很认真，分也给的很好！
42620,2102,许莉,2017-01-14 15:18:39,-4,0,4,很好，人不错，就是改实验报告有点狠
42665,2102,许莉,2017-01-14 23:17:28,0,0,0,很\n\n可以
64392,2102,许莉,2017-12-23 07:30:48,4,4,0,许老师讲课很细致，解答问题很耐心，实验做不完老师就留下陪着一起做实验，非常好的老师
65276,2102,许莉,2018-01-02 08:23:27,3,4,1,超级耐心超级温柔超级细致，点赞\n\n
65293,2102,许莉,2018-01-02 13:08:35,1,1,0,耐心，认真地对待每一个实验和每一个学生！
65528,2102,许莉,2018-01-05 07:25:00,7,7,0,许老师真的超好，所有的问题都会很耐心的解答，甚至为了回答我们的问题，翻遍了图书馆所有的分析化学〔感动ing〕选上许老师课的宝宝偷着乐吧?
87290,2102,许莉,2018-09-26 15:06:18,0,0,0,人很和蔼，上课很认真
91526,2102,许莉,2018-12-12 14:19:22,5,5,0,怎么说呢  老师改变了我对实验的态度  开始的时候超级开心啊  一直在讲话什么的  后来一次我太急把仪器搞坏了（我真的知道错了）老师过来处理  很耐心地告诉我仪器本来要怎么做  让我先回去  老师真的超级好啊  上课认真听会很有收获的
92572,2102,许莉,2019-01-03 03:42:49,0,0,0,老师很好的！很关心学生！讲课非常细致！
93644,2102,许莉,2019-01-11 05:07:22,0,0,0,老师上课超级nice！
93658,2102,许莉,2019-01-11 08:01:28,0,0,0,虽然我大概理论考凉凉但是我不得不说许老师是炒鸡炒鸡棒的老师鸭\n\n很认真很nice很可爱\n\n每一步操作，每一个原理都会很细致的讲\n\n我们有次试剂出问题了整组都失败了她也和我们一起找问题重复做了很多次终于成功啦\n\n在展示课的时候也会在后面认真听\n\n偶尔开开玩笑\n\n快选快选不会后悔的嗷\n\n
95174,2102,许莉,2019-01-19 03:40:25,0,0,0,讲的耐心
95180,2102,许莉,2019-01-19 04:03:47,2,3,1,老师绝对是好老师，不过助教评分有点狠，绩点难受?
95380,2102,许莉,2019-01-19 09:41:11,1,1,0,老师超级温柔超级耐心nice  nice啊～\n\n虽然只是上四一点点但是老师是真的好老师!手动点赞!
95392,2102,许莉,2019-01-19 10:11:03,1,1,0,评分凉凉
95430,2102,许莉,2019-01-19 11:16:40,1,1,0,很棒很细心的老师！
95511,2102,许莉,2019-01-19 13:29:21,0,0,0,许老师很耐心，很温柔，很可爱，很好。在我有两个3+分的实验报告，理论考试感觉凉凉后还是有个不错的绩点，我真的超开心。
96289,2102,许莉,2019-01-20 16:30:24,0,0,0,老师很好很耐心。放心选吧。没问题的。
96914,2102,许莉,2019-01-21 12:20:48,0,0,0,老师很温柔 会提醒我实验过程不要玩手机
103094,2102,许莉,2019-02-26 02:49:43,1,1,0,有个叫罗远倩的助教，大击杀，别的助教4.6/4.7，这狗逼3.4/3.6/3.7，实力推荐李冰助教
120539,2102,许莉,2020-01-12 09:16:31,1,1,0,不喜欢助教朱路静
122210,2102,许莉,2020-02-20 04:00:02,0,0,0,助教和老师都超级好，是这样的吗？
123941,2102,许莉,2020-06-17 08:51:10,1,1,0,老师蛮不错的，助教超好，特别喜欢！
141977,2102,许莉,2021-11-02 14:25:01,3,3,0,老师真的超级好！我不仅是实验上很上心对学生的方方面面都很好！助教小姐姐也很好！人可爱性格好！
142681,2102,许莉,2021-11-15 05:25:50,0,0,0,我只能说  表白老师和助教姐姐
147322,2102,许莉,2022-01-09 14:03:50,4,4,0,许莉老师不仅教得很细致很有耐心 而且精准关心每一位学生 是一位非常非常难得的好老师！！\n\n网课后第一次线下上实验课 老师说“同学们 我一想到今天可以在线下看到你们了 昨天晚上就兴奋得睡不着觉 网课这段时间我特别想念大家 经常去学生多的食堂吃饭 就是希望可以偶遇大家”\n\n假如你选到了许莉老师的课 一定要好好珍惜！
515,2118,赵华绒,2015-03-15 03:58:10,18,21,3,讲课详细但又不失趣味，而且讲解地非常清楚，很喜欢！
717,2118,赵华绒,2015-03-16 02:22:32,32,34,2,老师很爱笑 提意见也能虚心接受  赞
816,2118,赵华绒,2015-03-17 12:25:13,17,19,2,老师人很好！
888,2118,赵华绒,2015-03-18 11:10:34,13,16,3,上课十分细致认真，讲解很清楚。而且人很亲切友善，好老师！
2152,2118,赵华绒,2015-04-03 02:35:12,11,13,2,到目前为止在浙大遇见的最棒的老师，赞！
4078,2118,赵华绒,2015-06-17 16:12:58,6,7,1,讲课特别特别特别认真 课件内容丰富 很多课本上没有的内容
5360,2118,赵华绒,2015-07-07 03:27:15,7,8,1,可爱 讲得很好
5637,2118,赵华绒,2015-07-09 01:42:32,7,8,1,超级棒的老师，人很好，讲课也很棒！还想多听几节课呢T_T
5713,2118,赵华绒,2015-07-09 07:47:59,8,9,1,助教超级给力啊 姚神大赞
6278,2118,赵华绒,2015-08-30 15:34:16,5,6,1,真的很赞，老师讲的很细，助教还会帮忙出自制答案，平时课堂练习多，能很好督促自己。
6311,2118,赵华绒,2015-07-13 02:25:48,2,3,1,人超好 讲的也清楚
6314,2118,赵华绒,2015-07-13 02:42:25,2,3,1,老师超赞超好玩
6437,2118,赵华绒,2015-07-14 03:33:59,2,3,1,老师讲话有点快 但是容易听懂 还会讲冷笑话 哈哈
6652,2118,赵华绒,2015-07-17 04:19:51,1,3,2,声音好好听，还很认真哦
6795,2118,赵华绒,2015-07-23 03:38:21,5,6,1,赵老师的实验课，理论与操作结合的恰到好处，耐心批改我们的实验报告。绝对好老师。
7147,2118,赵华绒,2015-09-08 03:01:03,4,5,1,很耐心
9574,2118,赵华绒,2015-11-02 02:05:09,6,7,1,感谢老师一个学期的有机教学，讲得很清楚，学习资料也准备得很用心。
11477,2118,赵华绒,2015-12-02 11:18:39,4,5,1,讲课很好啊
12394,2118,赵华绒,2015-12-23 07:27:16,5,6,1,耐心 好老师
13352,2118,赵华绒,2015-12-27 07:05:40,3,4,1,6666666
13357,2118,赵华绒,2015-12-27 07:39:57,5,6,1,女神 不解释
14944,2118,赵华绒,2016-01-11 07:18:22,6,7,1,老师超级超级好(๑• . •๑)
26740,2118,赵华绒,2016-06-21 04:20:08,4,5,1,很赞很温柔\n\n
40005,2118,赵华绒,2016-12-28 15:08:07,5,6,1,亲切的称呼我们的同学为“计算化学大佬”
43337,2118,赵华绒,2017-01-16 07:06:42,4,5,1,赵老师授课严谨细心，和蔼可亲\n\n上她的课一定要提前预习
57047,2118,赵华绒,2017-07-05 09:18:12,0,1,1,很好啊
83763,2118,赵华绒,2018-07-11 07:35:45,5,6,1,温柔负责细致 用心爱学生培养学生的好老师
117972,2118,赵华绒,2019-10-17 07:35:27,-13,0,13,鼓励恶竞，学术水平有限
149003,2118,赵华绒,2022-01-14 06:21:58,3,3,0,【有机化学实验】实验开始前的理论讲解略显冗长，但指导实验很具有亲和力，总体来说还是体验良好。
167248,2118,赵华绒,2023-01-15 08:22:27,-7,0,7,老师讲课不错，也很耐心，但这学期线上，老师一直关注一些很无语的点，说表达能力不行，之前报告得分也都不错的，最后期末一两份作业完全毁掉，真的很无语…
167709,2118,赵华绒,2023-01-18 13:13:03,1,1,0,有机化学实验4.5\n\n老师很好说话，人超nice
185430,2118,赵华绒,2023-12-29 08:12:02,2,2,0,祝赵老师新年快乐！除了课前指导有点长，智慧树网课和实际操作契合的不好之外，没有任何缺点！
185431,2118,赵华绒,2023-12-29 08:15:24,0,0,0,赵老师是一个特别好的人，指导专业，细致耐心\n\n新年还会发红包~
185432,2118,赵华绒,2023-12-29 08:15:26,1,1,0,打10分是因为查老师只有10分，祝赵老师和助教gg新年快乐！！！
185974,2118,赵华绒,2024-01-07 03:14:16,1,2,1,凭赵老师上课水平和耐心给10分，元旦给学生发红包+1分，探究性实验要写800字的实验感想-1分，总计10分
187122,2118,赵华绒,2024-01-14 14:50:06,1,1,0,呜呜呜我的赵妈妈怎么这么好哇\n\n经验非常丰富 知识面特别广 非常体贴关心学生的好老师！\n\n新年会给同学们发红包！也会主动和同学们交流各个方面\n\n能够从赵老师身上学到很多很多东西\n\n如果能够精简课前统一授课的时间，改进一下慕课和实验方案有点脱节的话就更好啦
187397,2118,赵华绒,2024-01-16 01:55:39,2,2,0,赵老师真的好温柔，跟妈妈一样，虽然苯人笨笨的，但是老师从来没有让我感觉被嫌弃，老师尊嘟好温暖，过年发了好大的红包，助教gg也非常好，实验报告可以写电子版还给了模板，给分也很好，还没有pre，期末考试也非常体贴学生，尊嘟每个方面都很喜欢
191275,2118,赵华绒,2024-04-16 10:11:39,2,2,0,赵老师是只做教学的教授，知识渊博，讲课虽然比较冗长琐碎，但很大一部分是有机实验本身任务重负担大的原因，她讲课能启发思考而且非常详细，面面俱到，对实验过程中的问题可以耐心讲解并且给出建议。另外对实验报告，她会鼓励大家去卷，但是非常重视内容（比如分析讨论，思考，还有思维的连贯性等等），不注重形式。除此之外，她在其他的事务上也比较开明，比如允许电脑打印实验报告，能给出一些时间在她讲完课后出去吃饭再回来做实验。总的来说，她的基化二可能不那么完美，但不妨碍我给她打10分
197642,2118,赵华绒,2024-07-23 12:04:40,0,0,0,超级无敌好，实验指导认真，失败了说一下就能换日子重做，理论考判卷大捞特捞，探究实验准备细心，强推她的有机实验
197696,2118,赵华绒,2024-07-31 02:38:52,1,1,0,lgc：我以为我理论考判卷已经是捞的很了，没想到赵老师比我还能捞分
208989,2118,赵华绒,2025-01-04 05:45:20,1,1,0,妈妈！
212725,2118,赵华绒,2025-01-14 15:08:12,0,0,0,上课讲解引发思考，对实验报告要求高，期末理论给分高，好老师！
220448,2118,赵华绒,2025-06-18 03:18:30,0,0,0,神，无需多言
221023,2118,赵华绒,2025-06-21 01:29:12,0,0,0,体验一般
221877,2118,赵华绒,2025-06-27 04:55:13,0,0,0,赵老师在实验前讲课的部分比较拖沓冗长（对我有点催眠），但出发点是好的，希望启发我们做实验时的思考，不要只照课本。实验报告也会有一定要求，不觉引发了恶竞。不过其他环节都是完美的，实验过程的指导、理论考的批卷等。
221991,2118,赵华绒,2025-06-28 08:56:33,0,0,0,老师上课会拓展很多知识，助教教导也很耐心
581,2123,楼辉,2015-03-15 06:02:01,-1,3,4,给分偏低
5572,2123,楼辉,2015-07-08 10:17:37,-9,1,10,给分偏低
9734,2123,楼辉,2015-11-06 08:51:36,2,3,1,还可以
14808,2123,楼辉,2016-01-09 12:13:01,0,1,1,还不错
17048,2123,楼辉,2016-01-19 13:53:07,9,9,0,比较严格的一个老师，但是上课会把知识点讲到，而且事先会自己准备，负责的老师
19334,2123,楼辉,2016-01-24 01:58:03,2,2,0,讲课负责 是真的好
23660,2123,楼辉,2016-04-12 01:14:18,-3,1,4,老师讲课还是有些讲不太清楚的 不如滕启文老师 课后要注意复习 但老师还是有些萌的
25287,2123,楼辉,2016-05-09 08:39:09,3,3,0,可好了
39638,2123,楼辉,2016-12-26 10:14:05,2,2,0,好老师，对于知识讲述很有趣
40278,2123,楼辉,2016-12-31 13:06:36,3,3,0,很负责的老师，非常亲切，乐于帮同学解答问题
47428,2123,楼辉,2017-01-26 08:59:19,0,1,1,还蛮有趣的吧，老师经常拓展一些别的东西，比如，泵。老师解答问题也很有耐心~
47429,2123,楼辉,2017-01-26 09:15:47,1,2,1,等出分等得好苦啊终于出了......我觉得给分挺好的。然而上课还是不推荐，还是去选中文版的，或者自学吧。渣渣表示这学期物化学的挺苦的，所幸考试简单，给分也行。
47446,2123,楼辉,2017-01-26 12:04:18,5,5,0,这个学期学得我好苦...不过和老师无关啦，是自己没有用心学。老师真的人挺好的。还好考试不难，老师给分很赞呀。上课也很好～
47450,2123,楼辉,2017-01-26 14:17:41,0,2,2,很负责的老师，建议加老师qq 问题，年二十九出分，没有年三十出分，很开心，感谢老师
57213,2123,楼辉,2017-07-06 04:51:00,2,2,0,楼老师人真的很好！我生病住院两礼拜，关于请假以及之后的选做实验、原来的实验补做各种事情老师都耐心解答；其他同学有一些实验冲突、漏做的事情老师也很宽容和耐心。关于成绩，实验报告分数确实很少像别的老师(比如滕老师)给的那么好，但是严格正是态度认真负责的表现。老师很乐于解答问题的！(而且实际上最后总的给分还是很好的哈哈哈)
66210,2123,楼辉,2018-01-13 08:45:46,9,9,0,老师很棒啊，今年带完我们就退休了?
66216,2123,楼辉,2018-01-13 10:21:57,2,2,0,老师很好的，但是马上就要退休了，没有考试呢，先给老师十分！希望老师天天开心～
67054,2123,楼辉,2018-01-20 07:21:54,4,4,0,楼老师很萌啊，自带萌萌哒宁波口音。可惜带完我们就退休了…上课会讲一些发生在自己身上的小故事，真的是很好的老师了
68705,2123,楼辉,2018-01-23 15:49:27,0,0,0,老师上课很用心给的点也很详细 明天就要考试啦写自己能把老师教的知识好好发挥出来就好
70843,2123,楼辉,2018-01-27 15:25:43,0,0,0,备课很认真  给分贼棒
71087,2123,楼辉,2018-01-28 02:47:18,1,1,0,老师真的太棒了ᅲᅲ物化其实学的时候因为是英文一直很紧张 但老师上课很好很有耐心 有时候作业题做得不好还会给我们讲解 最后的绩点也很高 真的太喜欢老师了ᅲᅲ老师退休快乐噢 能做你最后一届学生真的超开心(｡･ω･｡)ﾉ♡
76594,2123,楼辉,2018-04-16 05:56:00,1,1,0,老师真的很好呀，物化讲的条理清晰，上课还会讲很多自己以前做实验的经历。最后一节课很淡然地说他就要退休了。有幸能上老师的最后一次物化课。
10630,2170,习玲玲,2015-11-21 03:08:14,-1,9,10,习老师人挺好的，比较负责，给分也超棒！
24654,2170,习玲玲,2016-05-03 02:35:42,-1,5,6,老师人挺不错的，上课耐心，课件虽然不是很漂亮但是重点很突出。虽然有些时候上课比较严厉但也还不错。给分可以的
27560,2170,习玲玲,2016-06-27 03:33:55,-4,2,6,给分超好！人也很和善！
28605,2170,习玲玲,2016-06-28 10:57:13,-2,2,4,很认真负责！
49278,2170,习玲玲,2017-04-01 07:14:18,4,11,7,能不上仪器分析就别上仪器分析，能不选习玲玲的课就别选她的课。
50308,2170,习玲玲,2017-05-02 09:21:01,4,4,0,简直了
50539,2170,习玲玲,2017-05-03 10:35:12,-4,3,7,PPT一般，给分真的良心
50617,2170,习玲玲,2017-05-04 01:54:21,3,6,3,这是一门平时很水，期末考坑的课。给分正常吧。老师上课虽然有点无聊，但可以看出她有用心在上这门课，人也比较好说话。
50822,2170,习玲玲,2017-05-06 02:07:19,-2,3,5,老师人很好但是期末考的很坑很坑很坑…可以看出老师提分过了考的很渣绩点不低…绩点低的在自己身上找找原因吧…我是大一的误选了高分子的专业课
68872,2170,习玲玲,2018-01-24 04:18:34,-2,7,9,老师可能有时候会唠叨，但实际是刀子嘴豆腐心，期末给分真不错，对学生的成绩能往上拉一把就尽量往上拉，很nice
71272,2170,习玲玲,2018-12-25 03:18:30,1,5,4,基化实验这种大学分并且普遍给分好的课卡绩真的很伤均绩，不过老师教课很用心，人也很和善，对学生很好。
75347,2170,习玲玲,2018-03-09 04:49:00,6,9,3,真的讲的不怎么样。。。。。。。上过大化a再选仪器分析，反正听她讲就是一脸蒙。完全不知道重点在哪里。。。。
75990,2170,习玲玲,2018-03-23 05:55:49,6,19,13,讲课可能不是很有激情，但上课干货满满，还会介绍一些前沿的技术，重点突出，可以说守住了优秀老师的底线。
76242,2170,习玲玲,2018-03-30 02:19:03,8,11,3,单只评价仪器分析。老师的问题在于，ppt是按照她的思路来做的，语句就比较破碎，需要讲得很好很连贯有逻辑性才能把ppt发挥到最大效用。但是老师讲课并没有到那个高度，就容易听完了一脸懵逼ppt也看不懂。我还是自学吧。
76742,2170,习玲玲,2018-04-20 03:41:42,-8,2,10,ppt是真的有思想，牛逼！
77845,2170,习玲玲,2018-05-08 06:15:44,35,56,21,为什么评价这么高？？上课完全不知道在听什么，就是照着念，答疑的时候各种不愿意回答问题各种“上课不是讲过吗”然后就开始骂人...最后也完全没看出来给分哪里好...每节课都坐前几排，最后复习了很多天试卷也都写起来了，给的分数跟预期落差还挺大的
78197,2170,习玲玲,2018-05-10 02:52:39,-2,3,5,给分超好啊…
94020,2170,习玲玲,2019-01-15 02:31:14,22,28,6,上课有个问题没懂下课去问老师\n\n老师很不耐烦的说上课不是讲过了?\n\n不耐烦的语气加上讲的还是不清楚\n\n好的我蠢我不配听您的课\n\n打个及格分吧\n\n希望同学们慎重选课 评分不代表一切
96167,2170,习玲玲,2019-01-20 13:50:08,1,2,1,老师上课对实验过程的讲解基本不听，不太听得懂，总是重复自己爱干净、重复普化实验甲的同学多优秀，对于这个老师评价也就这样吧。表白三位助教，助教小姐姐小哥哥给分都很好～
96262,2170,习玲玲,2019-01-20 15:21:59,-5,1,6,上课讲的很细但要求也很多，感觉跟高中班主任一样。冬学期的实验基本都满分，最后还是败在了卡绩，我无话可说。
96303,2170,习玲玲,2019-01-20 17:59:15,-18,6,24,本渣渣读了三个学期，第一次满绩，感动到落泪，必须来评论，老师挺和蔼的，对学生负责，值得一选。
96426,2170,习玲玲,2019-01-21 03:14:53,1,4,3,怪自己吧，分数没有想象中的好。但是老师很负责。
101112,2170,习玲玲,2019-01-27 14:12:14,3,7,4,老师确实是在认真上课!人还好，就是比较严格，上课讲过的一般不想再重复了，其他还好。最后成绩不咋滴(ಥ_ಥ)，怪自己喽!
104086,2170,习玲玲,2019-03-12 00:52:12,25,33,8,我们比不上去年的学长……? 那您是否比得上去年的自己呢
104430,2170,习玲玲,2019-03-20 06:47:36,14,23,9,真的脑残 对学生态度恶劣根本不能交流 以自我为中心
104619,2170,习玲玲,2019-03-25 08:00:37,1,1,0,，，，
104851,2170,习玲玲,2019-03-28 16:40:50,25,34,9,老师的确很希望我们能学到东西，但脾气不太好，会把个人的负面情绪带入课堂
105353,2170,习玲玲,2019-04-15 04:46:38,24,31,7,真的态度差
106121,2170,习玲玲,2019-06-28 06:11:08,7,19,12,天哪天哪，我普化实验居然上4啦，我每次实验报告都低于40，期末会做的题也没几道，是大家都满绩吗？
106206,2170,习玲玲,2019-04-25 13:58:35,19,26,7,平心而论 经验有余 情商不足
106504,2170,习玲玲,2019-04-28 03:01:12,13,17,4,上课是真的真的真的特别无聊啊我的天，能把人生生讲困死。
106702,2170,习玲玲,2019-06-28 13:43:30,14,19,5,给分不好，当然可能是我理论考太差了
108040,2170,习玲玲,2019-05-14 00:10:19,15,21,6,总是一副不可一世的样子，有一种莫名其妙的优越感。感觉她自己作为老师就有资格要求学生做任何事情。。讲课真的很一般，还自以为很厉害......
108042,2170,习玲玲,2019-05-14 00:30:24,45,57,12,实在不行，很喜欢在课上投诉学生上课不认真，没有给予反馈，可是实在跟不上上课的节奏，自己读吧zzz如果老师吧抱怨的时间拿来讲课，肯定就不会那么赶了，搞得这门课难了不只一倍
108046,2170,习玲玲,2019-05-23 03:28:38,30,38,8,以下几点：\n\n1.你要永远认为她说的对，她教的是最好的，忍受她的自以为是\n\n2.你要无视她在课上所有与学习无关的瞎bb，接受她的贬低和抱怨，以及世风日下的负能量\n\n3.你要做到小学生一样的以老师为至尊，她说什么你就做什么\n\n4.要预习要复习，做好问她题要被她嘲讽的准备，因为她认为你所有的精力都该用来学这一门课\n\n5.不能在她面前吃东西喝东西，不要睡觉不要玩手机，不要在群里面跟她要ppt
108161,2170,习玲玲,2019-05-23 03:33:18,33,41,8,开始上课先抱怨十分钟，自视清高不可一世全世界都错了只有她是对的，所有学生都是她的敌人她的耻辱必须先贬低一下才可以讲课，每天来上课真的需要很大的勇气我快坚持不住了╥﹏╥
108162,2170,习玲玲,2019-05-16 02:17:40,17,21,4,总是一副不可一世的样子，有一种莫名其妙的优越感。感觉她自己作为老师就有资格要求学生做任何事情。。讲课真的很一般，还自以为很厉害.。。。
108165,2170,习玲玲,2019-05-16 02:49:45,15,20,5,每隔十分钟diss一下学生，然后说学生太菜进度来不及。自己几斤几两没点数的吗？上课上成这样还能天天吹自己。行吧，再您妈的见
108168,2170,习玲玲,2019-05-16 03:12:20,10,12,2,自以为是，天天吹自己，diss学生浪费时间，发现自己讲不完课居然理所当然地说因为学生菜。我佛了，憨憨老师。情商不足，经验水平我也看不到。
108169,2170,习玲玲,2019-05-16 03:25:55,3,3,0,有点难
108171,2170,习玲玲,2019-06-20 03:06:04,26,37,11,习老师挺有意思的，今天把我逗乐了
108201,2170,习玲玲,2019-05-16 08:30:40,30,39,9,刁玲玲
108305,2170,习玲玲,2019-05-20 17:34:11,9,9,0,实在是难受
108306,2170,习玲玲,2019-05-28 00:16:09,10,15,5,哭了，老师讲的真好
108307,2170,习玲玲,2019-05-21 00:08:31,14,17,3,真的佛系，怎么会有负能量这么重的老师，一天天的没完没了
108308,2170,习玲玲,2019-05-21 00:08:32,16,17,1,这个老师一节课至少用十分之一的时间来说与课堂无关的东西nmd，用我们四川话来说就是B话多
108309,2170,习玲玲,2019-05-21 00:08:44,10,11,1,我求求您别逼逼了，你看下面有几个人吊你，还觉得自己牛逼呢。
108311,2170,习玲玲,2019-05-28 00:24:56,28,35,7,“我们现在已经落后一百年，看你们的听课状态，只会越来越落后。”\n\n谢谢您高瞻远瞩嘞
108316,2170,习玲玲,2019-05-21 02:52:56,9,10,1,其实感觉老师还是很希望我们能学好的。总是为了自己课后没有很多时间去复习预习而羞愧。分析化学其实并不是一门，在我眼中重要性不如专业课的东西。上课状态不好其实也是很多课的普遍现象吧？老师吐槽课前吃饭，可是课前抓紧吃难道不是补救吗？课间一群趴着睡的，可是实在精神不好，数分课间睡得还要多呢。虽然，我还是比较认同老师的一些观点。我确实没有达到认真学习自主学习的标准。此外，老师真的身体不舒服也可以坐着讲呀。
108360,2170,习玲玲,2019-06-06 01:36:19,10,14,4,当个大学老师可把你牛逼坏了
108392,2170,习玲玲,2019-06-15 04:51:53,26,33,7,逐渐能够理解老师的用心了。\n\n我很敬佩这样的老师！
108393,2170,习玲玲,2019-05-22 15:04:22,32,36,4,评论的各位会说话就多说点，我都赞不过来了。
108398,2170,习玲玲,2019-05-23 02:04:03,6,6,0,毫无体验
108402,2170,习玲玲,2019-05-23 04:06:36,11,12,1,说我们一定要听她讲课，不讲课就疯狂diss我们搞得我自学都没法自学好不容易忍住不适听了一节，不就是念ppt吗？我看书没看懂的也没解释，上课小测还总是测预习内容。真的无力吐槽。那个QQ群也是，你不准同学在里面请假、问问题也不准，你自己又说自己不会在里面发言，那建群有个毛用？不如把老师踢了算了。
108409,2170,习玲玲,2019-05-23 05:06:59,5,7,2,说自己讲不完课还要动不动花时间说教我们的好老师，她真的很情绪化☹️
108484,2170,习玲玲,2019-05-26 15:18:37,10,13,3,选1分的原因是没有0分....
108528,2170,习玲玲,2019-06-04 01:26:29,5,6,1,好棒哦呵呵
108530,2170,习玲玲,2019-05-28 00:20:09,7,9,2,15min翻过了第一张PPT……
108532,2170,习玲玲,2019-05-28 00:46:32,13,16,3,刁玲玲的那个秀儿你过来
108534,2170,习玲玲,2019-05-28 01:52:29,8,10,2,原来您也知道您非常自信呢 可能对自己讲课是什么水平真的没什么数吧
108606,2170,习玲玲,2019-05-29 12:21:37,15,17,2,没点心理准备根本不敢去上课。
108616,2170,习玲玲,2019-05-30 02:14:06,1,7,6,老师还是挺好的人，就是有点情绪化，家国情怀挺强的。\n\n有时强行互动显得既尴尬又可爱。
108619,2170,习玲玲,2019-05-30 02:50:35,10,12,2,有mooc上的分化推荐吗（手动狗头
108621,2170,习玲玲,2019-06-25 18:05:13,10,17,7,听说分析化学挂科率57%
108631,2170,习玲玲,2019-05-30 04:24:15,8,10,2,上得有点厌学
108838,2170,习玲玲,2019-06-03 05:45:10,-5,3,8,一分给助教xjj吧
108839,2170,习玲玲,2019-06-03 05:46:49,2,3,1,不说啥，看分就好
109246,2170,习玲玲,2019-06-12 08:52:34,1,3,2,不知道哪里来的自信
109732,2170,习玲玲,2019-06-19 02:29:55,6,7,1,? ? ☺ ? ? ? ? ? ? ? ? ?
109862,2170,习玲玲,2019-06-20 01:47:16,-3,3,6,习姐好美
109872,2170,习玲玲,2019-06-20 02:46:06,7,8,1,“考完之后你们会来表白我的，不好意思我真的有眼睛?
109875,2170,习玲玲,2019-06-20 03:06:35,6,7,1,几个月前评分还是七点几分，现在。。
110012,2170,习玲玲,2019-06-21 06:48:41,10,13,3,为什么老师的评价这么低？我是上老师的普化实验课的 觉得老师很好呀～感觉老师是真的把我们当自己的孩子 平时做实验的时候 有小错误什么的老师看到都会指正 也很耐心 上课的时候喜欢和学生互动 老师看着你的时候真的感觉很暖呀～
110029,2170,习玲玲,2019-06-21 12:43:53,0,0,0,噡噡噡
110065,2170,习玲玲,2019-06-22 05:42:11,9,14,5,nmd，我选这门课的时候她还是九分!欺诈消费者呢吗
110330,2170,习玲玲,2019-06-25 16:13:42,-1,2,3,上课除了装逼就是喷人，要你何用，当了副教授觉得自己天下无敌
110331,2170,习玲玲,2019-06-25 16:13:44,2,3,1,我和室友吐槽的时候念成习刁刁了
110335,2170,习玲玲,2019-06-26 13:30:23,0,2,2,真的不知道还说啥，别选
110371,2170,习玲玲,2019-06-26 06:14:21,-1,0,1,非常糟糕
110674,2170,习玲玲,2019-06-28 04:07:45,-4,2,6,老师，对不起，之前给你打一分是我有眼无珠！虽然课真的不怎么样，但是感谢您海底捞捞了我一把！好老师啊，大家选她！
110676,2170,习玲玲,2019-06-28 04:08:15,-4,1,5,我只上了一半的课左右，平时作业也就写了开始几次，期末一共复习可以一天，期末考试题目没写出几题，结果居然没挂，我好感动，谢谢习老师，以后一定好好毒树
110679,2170,习玲玲,2019-06-28 04:12:57,2,4,2,有家国情怀的老师
110681,2170,习玲玲,2019-06-28 04:16:30,0,2,2,感谢老师不杀之恩
110687,2170,习玲玲,2019-06-28 04:25:18,2,3,1,哎，和热评第一一样的感受啊……给分落差挺大的。平时作业批分上课抽学号区间做题也算分？总评肯定比我期末成绩低。
110723,2170,习玲玲,2019-06-28 11:17:13,2,2,0,说老师不好的多是分析化学理论课的，实验课老师怎么样我们不知道，理论课真的是一言难尽
110732,2170,习玲玲,2019-06-28 06:07:42,-6,1,7,老子真的遇得到这种人，课上无外乎两个内容，贬低学生，吹捧自己。上她两门课都被卡绩，我真的服了，倒了八辈子霉
110758,2170,习玲玲,2019-06-28 07:42:15,8,11,3,怎么说呢？仁者见仁，智者见智，我觉得老师挺负责的，也能理解老师为什么批评这批评那的，没做好批评一下怎么了？难不成闭着眼睛天天夸大家？而且其实老师做完实验后有时候跟助教讨论我们哪里有进步，哪里没做好，我觉得挺好的。可能dl们都喜欢那种天天夸天天闭着眼睛不指出错误批评学生的老师吧。
110851,2170,习玲玲,2019-06-28 11:52:49,6,7,1,我给了10分，其中10分给我自己的努力，剩下的给老师。老师我不做过多评价，上面80%的评论我都认同，就是像是十年前初中班主任的感觉。我最棒，我给自己10分！
110949,2170,习玲玲,2019-06-28 16:48:31,0,1,1,爱哟哟 唉了唉了
110994,2170,习玲玲,2019-06-29 04:19:05,6,7,1,我同时上了老师的分析化学和普化实验，确实是，实验课体验挺好的，虽然老师也偶尔会批评我们不积极但是那也是事实。但是分析课感觉老师有一些暴躁，然后大家也开始暴躁，就恶性循环了。老师常常说，实验课同学开始改善了，理论课同学却还是老样子。我只能说，至少实验课的我和理论课的我就的确是同一个我啊。最后，我觉得老师并不会恶意扣分，没有必要因为分数低就退掉，毕竟化学课，大半是靠自己的。
111676,2170,习玲玲,2019-07-02 13:22:48,-1,2,3,废话永远比本事多。
112727,2170,习玲玲,2019-07-05 01:18:11,12,17,5,老师人很好啊，不明白为什么评分会掉下来。\n\n我上的普化实验，老师讲的超级清楚，而且仪器有限的时候还会分好组，做实验的时候很有序。而且老师也会考虑到实验时长，不会让我们拖很久。\n\n很和蔼的老师，普化实验给分也很正常。
113043,2170,习玲玲,2019-07-05 20:05:47,-7,4,11,我不是歧视学历和出身，但是从和老师交流和答疑过程中就明显感到她很多东西都不会，知识水准连本科生都不如。查了下她本科是二本，也不知道怎么做到浙大的副教授的，世一大要真想成为世一大，这种没本事的万年副教授得清理干净。
113721,2170,习玲玲,2019-07-07 05:57:11,-7,3,10,这习刁刁怎么回事 为啥还有三分?
119104,2170,习玲玲,2019-11-10 10:47:54,2,3,1,听完老师的课觉得老师讲的挺不错的，没有像评论里说的那样
120647,2170,习玲玲,2020-01-14 15:10:54,4,4,0,普化实验甲，感觉老师并没有说的那么严苛难搞，实验前会讲比较久的理论，一直站着听感觉有点累呢，总体感觉还可以。助教xgg很可爱，特别有亲和力！实验报告按要求写认真点，讨论分析和思考题写点自己的理解。理论考前把讲义复习一遍，给分就挺好。
123482,2170,习玲玲,2020-06-09 06:14:25,2,2,0,老师的理论课体验还可以，收获也挺多，但理论课我上的时候属实不行，不知道现在好点了没。另外感觉评论里有些人戾气太重，虽然老师上课确实离谱，但是也别人身攻击啊。
123856,2170,习玲玲,2020-06-15 04:01:37,9,9,0,老师真的很好，之前看评论吓到了，后来上了一学期后发现完全不是那么回事。有一次我实验出了bug，老师陪我在实验室多留了半个小时，并且没有责怪我，一直都很有耐心。给分也还是不错的啦，喜欢这个老师。
125721,2170,习玲玲,2020-09-13 13:53:09,5,5,0,其实习老师挺负责的，给分也还不错（个人感受）
126602,2170,习玲玲,2020-10-06 16:49:13,7,7,0,上的化学实验，感觉老师很有亲和力呀
129327,2170,习玲玲,2021-01-04 07:32:30,2,2,0,老师挺好的
129675,2170,习玲玲,2021-01-26 03:19:55,4,4,0,天哪！普化实验上四了啊啊啊！！！感谢老师捞我，再感谢超级好的助教xgg!!!
131093,2170,习玲玲,2021-01-26 02:31:50,5,5,0,我上普化实验甲的，其实老师没有之前评论里的那么可怕啦，老师只是负责上课的，其他的评分啊各种几乎都是助教在处理的，取决于助教啦。\n\n助教xgg超级超级好！！！！
131108,2170,习玲玲,2021-01-26 04:08:11,7,7,0,普化实验甲，挺好的老师，很亲和，认真做分数也不低，看了学长学姐的评价感到真实迷惑 我们的老师是同一个人吗（）
131128,2170,习玲玲,2021-01-26 05:24:59,6,7,1,为什么不给习玲玲老师10分，海底捞
131129,2170,习玲玲,2021-01-26 05:26:54,5,5,0,老师超级棒，助教小哥哥也很帅呀！给分超级nice，选她
132317,2170,习玲玲,2021-01-31 16:32:11,6,6,0,老师人特别好！记得这学期把实验服落在实验室了，老师亲自赶过来开锁帮我拿实验服，真的很感动！
133521,2170,习玲玲,2021-03-01 15:12:57,9,9,0,我上的是普化实验（甲）。我觉得习老师真的很好，我作为一个特别慢吞吞的人经常超时，但老师和助教小哥哥总是耐心等我。习老师课前讲原理和操作注意事项都很细心，讲解对做实验和写报告都有帮助。
138607,2170,习玲玲,2021-07-10 03:03:15,8,10,2,我是分化乙，感觉老师挺温柔的，对同学的作业也认真批改指导，认真学了认真复习最后分就会高
144371,2170,习玲玲,2021-12-21 08:30:22,9,9,0,普化实验（甲），记得认真预习，人很温和、耐心，真人比我看到的风评好多了
145648,2170,习玲玲,2021-12-31 02:32:35,10,10,0,时间是2021年12月31号，大化甲刚结课。上了半年的课，老师人很好的，说话很和蔼，喜欢跟同学们唠嗑聊天，而且并没有不当言论。逢年过节老师还会在群里祝福大家。我不知道以前老师怎样，反正我看到的老师是个很好、很关爱学生的老师。大家放心选。
147805,2170,习玲玲,2022-01-11 01:30:43,4,4,0,老师真的好体谅学生，会想办法减轻我们的负担。做实验的时候老师也会四处看看，给我们指导。
147935,2170,习玲玲,2022-01-11 07:38:53,3,3,0,普化实验甲。说不上好，也没有以前的评价里说的那么差
154630,2170,习玲玲,2022-06-02 13:58:48,3,3,0,普化乙，老师和助教真的都比想象中的好很多，指导也很耐心
154892,2170,习玲玲,2022-06-06 13:40:01,4,4,0,坐标普化乙\n\n老师上课可能偏唠叨那种（主要也是面对我这种实验不预习的菜鸡）但老师还是很细心负责的。\n\n以及助教姐姐真的超级好！温柔负责！真的吹爆！
155195,2170,习玲玲,2022-06-09 07:57:03,5,7,2,分析化学乙刚结课。首先，在上课这方面我觉得老师不算很优秀的，理论讲一大堆，但没有重点，最重要的是还不怎么讲例子，我做题完全靠答案。讲课也没有什么逻辑，不如自己看书。但我还是给了8分，因为老师真的很和蔼，我甚至还领到了五块多的红包，也会给我们补充最新的一些知识，能看出老师是认真在讲课，也是真的热爱化学，但可能讲课方法上有待提高
155265,2170,习玲玲,2022-06-10 03:02:54,10,10,0,好怪啊，有段时间习老师的评分我记得有九点几的，这下子怎么给干到五分去了\n\n我上的是习老师的普化实验，上课会提醒你少看手机，实验时步骤讲解也很细心，而且平时聊天平易近人，我个人觉得习老师是很称职的
155446,2170,习玲玲,2022-06-13 03:11:01,4,5,1,上课真的比较差劲
155990,2170,习玲玲,2022-06-17 04:25:54,1,3,2,牛马老师，上课垃圾，给分差
156023,2170,习玲玲,2022-06-17 07:01:13,2,5,3,刚出成绩就把钉钉群聊给解散了，是对自己有多不自信呀？诶~
156035,2170,习玲玲,2022-06-17 07:43:56,-1,0,1,普化实验乙\n\n平时其实挺水的也没啥要求(\n\n考试稍微看看 拿个4.2知足了
156037,2170,习玲玲,2022-06-17 07:55:39,3,4,1,上课完全不知道她在讲什么，全靠自学
156286,2170,习玲玲,2022-06-18 16:48:21,2,3,1,上的普化实验\n\n老师给分如何每个人看法不同，但从查老师均绩来看处目前在中间水平，没那么差。\n\n很享受这学期普化实验氛围，老师讲得一般，有时候有点深但有点啰嗦，助教gg超好，超亲切。平时认真写报告，考试认真准备，最终93，很满意了，谢谢老师和助教。
156306,2170,习玲玲,2022-06-19 02:01:26,3,4,1,首先肯定老师人挺好的，很好说话，还给我们发过红包。\n\n但是上课真的有点难顶。。。感觉就是对着ppt看到什么讲什么，实在忍不住在老师眼皮底下打瞌睡。\n\n期末复习就是把之前上课的ppt再翻一遍，真的没有重点，甚至都没和我们说期末卷上是不给红外光谱的吸收峰大小的。。。
160876,2170,习玲玲,2022-10-18 01:30:53,-1,1,2,上普化（甲）真的感觉老师很耐心负责啊
164531,2170,习玲玲,2022-12-21 12:54:42,5,5,0,【普化实验】不知道为啥大家diss老师。。。。。。之前来查老师的时候担心的一批，但是上了课之后发现老师还挺好的啊，之前杭州大雪她还兴奋地跟同学们分享。总之我觉得老师挺可爱的（虽然分还没出hhh）
166126,2170,习玲玲,2023-01-11 07:19:00,3,3,0,老师不错的
169511,2170,习玲玲,2023-02-26 14:00:48,2,2,0,老师还是很悉心，关心同学的呢
174222,2170,习玲玲,2023-06-27 10:33:26,7,8,1,上的分化乙，上课体验相比前面所说有所改善，基本不会挖苦学生（当然有时会吐槽），老师也挺好说话的，跟她说有事情小测给我延长时间了。但是上课确实基本就是念自己的PPT，经常找不到讲的东西在课本的哪一页。此外上课喜欢高中老师式的提问对我来说确实很难顶\n\n\n\n6月结课出分后补充评论：老师给分不错的，四次小测均分大概73，平时作业和点名分基本拿满，考试估计八十多，绩点上了3.9。分析化学确实有很多枯燥无聊的东西，特别是到了仪器分析部分，也不能全说是老师讲课水平不够好（可是分化是半开卷，这种繁文缛节考试前抄一抄就好了😉）平时课一定要来上，会有突击点名，但只要你来上课了，老师还是会给你补签的。
175337,2170,习玲玲,2023-06-24 04:31:43,2,2,0,好老师推荐了！\n\n一整个很善良，因为我是混合班的，可能对化学实验确实不怎么感冒也不想多花时间。每周实验报告就是无脑套模板抄（工整点注意下有效数字基本90+问题不大的），实验原理我甚至觉得你去了学都能学会，照着ppt做就好了。期末考试的话就考前稍微做下历年卷考个80+应该问题也不大。最后应该是小捞了刚好上线4.5（基本上就是按照开学初公布的占比考核的）。习老师真的就不会检查你的预习报告或者什么之类的，要求比较松，对大家也特别友好会耐心指导。可选！
175978,2170,习玲玲,2023-06-27 10:07:16,2,2,0,老师真的还蛮不错的，点名可能会比较突然，不过按时去上课就好，考试前会划一下重点，挺有用的，出分前还在群里跟大家开玩笑，有问题回复的也很快
176007,2170,习玲玲,2023-06-27 11:49:03,2,2,0,给分好，被狠狠捞了。上课的话确实靠自学（分化乙），几乎每节课都点名，还是挺认真负责的老师
181181,2170,习玲玲,2023-10-11 03:00:04,6,7,1,整个实验楼就我们下课最早，这必须打十分！
186694,2170,习玲玲,2024-01-12 13:59:30,1,2,1,其实我觉得没有评论区说的那么不好，就我2023秋冬上的普化实验甲来说，老师还是很有耐心很温和，作业也不多，特地告诉我们预习报告不用写太多，助教打分也挺好的，虽然期末考试全不会，平时实验报告都80多，最后还是给我捞到4.2。
186706,2170,习玲玲,2024-01-12 14:37:24,3,4,1,普化实验甲：老师现在从不挖苦学生了，大家请看最新评论。老师上课非常的认真效率也很高，我们基本上是下课最早的，虽然我不怎么好好听课，但是能感觉到老师用心在讲。老师会提前一个学期把实验的ppt以及视频材料放在学在浙大上，写预习报告的时候就很轻松（不是所有的老师都会把ppt放到学在浙大上的！），而且老师对预习报告没有太多要求，写好实验报告就行。至于给分，均绩比4.2还高是能说明一定问题的（给分很好了）。感觉老师很和蔼，也比较爱笑，有正能量！狠狠点赞
186732,2170,习玲玲,2024-01-13 00:53:30,3,4,1,挺好的，人很温柔很好，助教也很好
186777,2170,习玲玲,2024-01-13 04:44:02,2,3,1,老师真的不啰嗦，效率超高，两个半小时美美下课！！并且助教也很好，有问必答，打分也很好！！评分这么低我不允许\n\n最后理论考好多没填出来居然上了4.5  肯定被捞了谢谢老师助教谢谢谢谢谢谢谢谢谢
186906,2170,习玲玲,2024-01-13 13:23:11,2,3,1,上了习老师的普化实验甲）课前讲的内容会比较多，不过讲的东西在后面实验和理论考中都挺有用的（但是老师有点点碎碎念就是了，挺可爱的），会让我们实验报告不要写太多嘿嘿，很会为学生着想。实验做的挺快，也蛮有意思的，基本上三节课不到肯定能下课了。助教gg呆呆的特别可爱ww。给分挺好的，感觉对得起一学期实验课的付出。（（不知道19年的评论是怎么回事……给我的感觉是不像一个老师……
187853,2170,习玲玲,2024-01-17 15:16:35,3,4,1,习老师真的特别好，是一个特别温柔的老师，上课讲的很耐心很细致，但是说实话普化实验期末卷面考的东西也是真的很细，上课老师反复强调的点都会考到，其他的真的要很认真地看实验讲义。老师不仅会很耐心地指导我们实验，也会跟我们聊聊别的。而且有别的问题都可以跟老师讨论，从转专业到医学化学未来的发展前景，老师真的是一个很耐心很和蔼的人。甚至做Vc实验的时候我开玩笑的说想吃实验用的猕猴桃，老师真的记住了，下一周的时候还问我们想吃什么样的或者我们自己去买老师给我们报销。玲玲姐人真的特别好，甚至结课之后老师也说以后有任何问题欢迎随时去她的办公室找她聊天。评论区的一些不好的声音现实中真的真的真的完全不存在，也不存在卡绩，感觉都会捞的！遇到习老师的课你就偷着乐吧！！！plus：表白助教宇航xgg，憨憨的给分超好哈哈哈哈
188530,2170,习玲玲,2024-01-19 07:26:24,3,4,1,我觉得老师挺好的……？
195835,2170,习玲玲,2024-06-30 07:02:16,0,1,1,考核：平时作业+点名22%、四次线上小测28%、期末半开卷考50%\n\n【上课】感觉老师上课有点云里雾里，她懂了但是讲出来就很奇怪，让苯人有点难以理解，但是挺认真的（会提醒大家不要玩手机、好好听课）；挺喜欢和学生互动的，希望有反馈\n\n【小测】学在浙大上考试，基本可以搜题或者在书本上找到，题目比较简单，但是4次小测在夏学期特别是考试周临近着实有点多。\n\n【点名】每次上课都要点名，可以补\n\n【考试】半开卷考试，xll不划重点（由于同学在tgp那里上课，他划的重点很多都考到了，真的是很有效的划重点，苯人很感动\n\n【绩点】我最后是卡绩在94，虽然有点伤心，但是给分感觉蛮不错的捏（室友2道大题没做出来最后总评也上4了
199151,2170,习玲玲,2024-09-18 08:05:42,1,2,1,不知道为什么分低，人真的很好
202298,2170,习玲玲,2024-11-11 09:59:22,-1,1,2,好牛魔，课下回复你问题态度极其冷淡不负责，避坑
206913,2170,习玲玲,2024-12-18 11:34:30,0,0,0,看旧的评论好像老师问题很大 但是这学期上老师的普化实验（甲）真的感觉很好 是个很温柔的老师 也是个很有情怀的学者 可能老师也在不断地摸索吧
208277,2170,习玲玲,2024-12-26 12:50:42,2,2,0,老师挺好的，恶评大都是18.19年的，（本人24级大一小登，之前的习老师不知道怎么样，至少我上课的感觉挺好的），老师也会耐心解答每个同学的问题，个人认为还不错？
220004,2170,习玲玲,2025-06-13 12:01:51,0,0,0,分低到我不知道说什么（）
38182,2193,林峰,2016-11-25 11:26:54,5,5,0,这老师上课听不出重点！作业很多又难，还不讲解，实验的事又从来不在课上说！
46560,2193,林峰,2017-01-23 05:38:59,5,5,0,见过的最垃圾的老师，没有之一
51631,2193,林峰,2017-06-07 16:30:04,10,10,0,这老师到底电院的还是化学系的啊，怎么什么都教
59392,2193,林峰,2017-09-21 06:15:31,5,5,0,讲的不行，基本靠自学，给分不错
63962,2193,林峰,2017-12-20 06:40:56,4,4,0,辣鸡，乱扯其他无关的事情
66288,2193,林峰,2018-01-15 01:58:54,4,4,0,上课不讲重点...复习课还在闲聊...
66291,2193,林峰,2018-01-15 02:25:48,3,3,0,有点难受，讲课没有重点，感觉在闲扯
89373,2193,林峰,2018-11-19 01:22:35,1,1,0,...\n\n
91167,2193,林峰,2018-12-02 13:35:43,2,2,0,作业多，不讲解，讲课差，瞎扯淡，给分还不知道，慎选
91190,2193,林峰,2018-12-10 02:24:24,2,2,0,乱讲\n\n
91870,2193,林峰,2018-12-24 01:59:43,1,2,1,难受的一批
108661,2193,林峰,2019-05-30 14:56:34,5,6,1,想问问大家电院的林峰老师怎么样
17647,2310,侯昭胤,2016-01-20 14:33:04,-6,7,13,科研认知给分挺好的
25472,2310,侯昭胤,2016-05-21 10:44:54,-27,9,36,不知道侯老师亲手带出多少个垃圾，才会在刚开始上实验课的时候说出这样的话：“无论你们毕业以后在社会混成什么样，在最底层也好，现在在实验室你们都是大熊猫，国家一级保护动物。”“老师迟到一分钟就是教学事故，学生就可以随便迟到，学校的规定太不公平。”
34699,2310,侯昭胤,2016-10-18 12:46:58,-6,3,9,很和蔼的一个老师
41337,2310,侯昭胤,2017-01-10 15:38:31,-5,6,11,挺好的吧
41515,2310,侯昭胤,2017-01-12 05:44:47,0,9,9,老师很和蔼
60457,2310,侯昭胤,2017-12-30 03:02:36,15,18,3,废话真的多，硬耗时间，怎么会有这种老师，墨守成规，不懂变通。
68815,2310,侯昭胤,2018-01-24 02:34:36,21,24,3,科研认知玄学给分
97275,2310,侯昭胤,2019-01-22 07:40:49,20,21,1,我就不明白了 为什么科研认知这种课就给我低分 我参观也去了讲座也去了实验也做了报告也写了 大家有什么不一样 就因为我不愿意编那些无聊的东西吗 在这种课上严格要求有什么意义 真的很伤心/:break   我不知道我到底错在哪了
117464,2310,侯昭胤,2019-09-24 23:57:28,23,24,1,讲座乱选时间，和晚课冲突没能签到他说“请同学自行取舍”，讲座上讲俩小时有一小时四十分钟讲的都是废话
117489,2310,侯昭胤,2019-09-25 03:49:21,13,13,0,责任感低
118783,2310,侯昭胤,2019-11-01 03:53:58,7,8,1,依旧是乱选时间，出去参观定在考试周，还说“周五下午有考试安排啊？”“如果有考试安排的同学比较多，可以选择另外的机会”。纯种大憨批
124967,2310,侯昭胤,2020-07-26 15:21:48,18,22,4,一开始听他实验室的同学说，侯某死了会是件大好事，我觉得这个同学太过激。后来发现，绝对的大实话。\n\n言归正传，浙江大学确实有很多好老师、好导师，但侯老不在其中。绕着走就对了。
129510,2310,侯昭胤,2021-01-06 11:57:41,9,10,1,垃圾老师，讲座废话连篇，科研认知要求上课说完后从来不讲，也不会发文件，就会催人，然后屁事不管
140109,2310,侯昭胤,2021-08-26 03:14:05,10,12,2,作为hou组实验室的毕业生，坏话说多了也不好，只说一句，如果重新选导师，我绝对不会选他。懂得都懂。
140110,2310,侯昭胤,2021-08-26 03:45:23,-17,3,20,非常负责任的一位老师，无论是科研认知还是催化原理，只要认真上课都能拿到好成绩。侯老师的声音很有特色，听他的课并不容易走神
141105,2310,侯昭胤,2021-09-23 13:48:32,8,8,0,说话偏激 不负责任 安排时间考虑事情根本不为学生想
160475,2310,侯昭胤,2022-09-23 11:52:46,20,22,2,有点人身攻击嗷，但是我觉得他一副奴才相hhhh
170693,2310,侯昭胤,2023-03-08 07:35:24,4,5,1,科研认知喜提2.7\n\n讲座有一次没去，实验做了，报告认真写的\n\n这课能刷新我绩点下限我是属实没想到
185923,2310,侯昭胤,2024-01-06 05:07:37,8,8,0,消息已读不回
192548,2310,侯昭胤,2024-05-23 10:34:28,5,5,0,如果你的人生过于一帆风顺，不如来选侯老师的课吧
192644,2310,侯昭胤,2024-05-26 12:51:32,7,7,0,催化化学课……只能说还是那句话，只有差劲的老师才会那么在意点名人数……
192680,2310,侯昭胤,2024-05-27 17:23:01,1,1,0,催化化学\n\n侯老对课程本身的帮助约等于零，不上传PPT（理由：智云里面随时都能扒到，省得我上传），讲课喜欢瞎聊自嗨，会计较点名情况，还觉得到课率高了可以跟化学系系里装逼。另外他课程信息放的是期末开卷考试，然后前段时间才说期末闭卷……如此骚操作不断，确实值得一个1分\n\n说回这个课本身：是个科普性质的水课，会用课堂作业兼代点名（翻智云很容易找到答案），会提早下课，而且选课的人不在少数。总而言之这门课适合大部分人，除了真正想学催化的人
200609,2310,侯昭胤,2024-10-20 08:59:28,2,2,0,😋😋🤓🤓👆🙌
200950,2310,侯昭胤,2024-10-25 10:31:27,2,2,0,小丑\n\n纯小丑
201196,2310,侯昭胤,2024-10-30 03:17:14,1,1,0,是个神人
206885,2310,侯昭胤,2024-12-19 12:46:15,1,1,0,hzy比起tgp至少还算比较拟人\n\n和tgp的化学导论相比，牢侯的科研认知虽然也很逆天，但是会让你清楚知道这门课总共都该干些什么，有什么要求，而且同是1学分，总任务量也比化学导论少很多，另外，他虽然很逆天但是绝不会装相，让人一眼就能看出他是🤡，而tgp总是会装相装的停不下来，最后让人在一次次讲课中不经意间蹦出的只言片语，以及对课程要求的逆天混淆和神奇解读中，才能感受到他加倍的逆天
212362,2310,侯昭胤,2025-01-14 02:13:04,6,6,0,科研认知给分尚可，课程任务量也还好。就是这好端端的人，怎么能长这么一张淬了毒的嘴😅
217317,2310,侯昭胤,2025-04-08 10:48:20,0,0,0,小心眼，爱阴阳人。真的阴险
7253,2313,方文军,2015-09-12 08:15:29,8,25,17,不点名，普化H有一次小测试。讲课感觉很认真但是可惜完全听不懂，几乎全靠自学。回答学生的问题时表现出不耐烦。给分还好。
8423,2313,方文军,2015-09-21 07:03:23,4,12,8,听不懂，好难受
8590,2313,方文军,2015-09-23 01:26:16,2,8,6,还可以
9399,2313,方文军,2015-10-26 06:40:10,3,13,10,感觉要是不自学，听课时完全听不懂。毫无逻辑，没有重点。
9568,2313,方文军,2015-11-01 15:52:35,21,33,12,老师很认真，但是对于学生来说很难理解上课内容，考试会很方
10517,2313,方文军,2015-11-19 10:50:26,0,4,4,很认真的老师
10782,2313,方文军,2015-11-23 05:10:39,-4,2,6,。。。
13425,2313,方文军,2015-12-28 03:21:27,4,12,8,听不懂。给分太差。
16182,2313,方文军,2016-01-17 12:05:03,-1,4,5,好极了\n\n最后靠PPT\n\n参加考试
16249,2313,方文军,2016-01-17 14:34:13,-2,3,5,讲的不错但要自学
17018,2313,方文军,2016-01-19 12:42:59,3,9,6,听不懂 太强调自己的理论 考试坑 给分坑
17020,2313,方文军,2016-01-19 12:55:12,1,8,7,给分超级坑，明明全做出来了还是只有一点点绩点
17021,2313,方文军,2016-01-19 13:01:16,-12,9,21,滚犊子，谁选谁傻逼，讲课不会讲，ppt6年不改，给分极差
17029,2313,方文军,2016-01-19 13:12:55,-5,7,12,如果有想给0分
17074,2313,方文军,2016-01-19 14:29:01,2,9,7,老师真的很好！可以学到很多东西！老师上课会讲更多不是书本的知识，也会根据理论上给出解题简便的方法，如果有问题老师回答非常详细，而且助教也是帅帅的！
18157,2313,方文军,2016-01-21 08:27:05,8,13,5,我能说我考试全靠自学吗 完全听不懂 思维跳跃
18213,2313,方文军,2016-01-21 09:33:55,2,7,5,全靠自学，有帮助的就是学习方法，然而学不到知识。给分很差。
18478,2313,方文军,2016-01-21 17:17:44,-1,4,5,课下老师会耐心回答问题。我们这一届不知是怎样的评分体系。卷子和其他班的人分一样，绩点却低好多。心疼大学霸们几点没几个上4。
20233,2313,方文军,2016-01-26 15:28:12,0,4,4,给分一般，上课给的思想很好，但还是要考试吖。
21949,2313,方文军,2019-02-01 07:02:53,-44,6,50,傻逼好吗
23890,2313,方文军,2018-01-17 03:42:03,1,6,5,给分坑给分坑给分坑，重要的事情说三遍
33204,2313,方文军,2019-02-24 23:35:15,-58,3,61,什么傻逼玩意儿\n\n
35206,2313,方文军,2017-01-18 05:54:49,-1,6,7,感恩，极高的提高了我们的自学能力，还有?点
35318,2313,方文军,2017-01-19 02:35:10,-4,4,8,感恩全靠自学拿的到目前的最高绩点
35866,2313,方文军,2018-08-22 14:53:48,7,16,9,方老的课是对自学能力的极大锻炼，他总是苦心孤诣的让我们听不懂以启发民智
35891,2313,方文军,2016-11-16 10:53:06,-2,1,3,听不下去 作业也是迷的不行
37808,2313,方文军,2016-11-21 07:02:14,-4,5,9,为什么没有零分？
39248,2313,方文军,2016-12-22 00:28:18,-4,0,4,迷醉啊
41439,2313,方文军,2017-01-11 14:49:23,-4,0,4,.........
42357,2313,方文军,2017-01-14 05:17:46,0,3,3,为什么这么多人说不好呢?每个人体会不一样啊
42591,2313,方文军,2017-01-14 13:39:55,-12,0,12,回答问题不耐心\n\n
42956,2313,方文军,2017-01-15 13:32:35,3,4,1,还是不错的，虽然讲一些不在考试范围内的前沿问题。
44102,2313,方文军,2017-01-17 09:21:44,0,3,3,其实老师蛮好的…
44662,2313,方文军,2017-01-18 05:43:02,2,5,3,上课太想讲明白以至于说一堆其他东西而不单刀直入主干知识，但解答问题确实很耐心\n\n另：\n\n出成绩后爱上方老师
44665,2313,方文军,2017-01-18 05:45:18,-5,1,6,其实老师很耐心的，就是听着蜜汁想睡觉，给分也很好
44666,2313,方文军,2017-01-18 05:45:36,-13,2,15,讲得烂 考试做出来给分也差 真的CTM
44684,2313,方文军,2017-01-18 06:20:44,1,5,4,给分无敌棒！就是讲的烂，讲课无重点无章法，想睡觉。但是靠自学能几乎拿满。
44689,2313,方文军,2017-01-18 06:25:55,0,4,4,唔...H课给分还是不错的...不过什么课都一样要靠自己
44731,2313,方文军,2017-01-18 07:13:35,12,22,10,这门课实际上就是一门通识课，相当于把四大化学(物化 无机 有机  分析)东西都拿一点出来讲 ，讲的东西多就注定不会很深入  其实高中接触了一点点竞赛自学这门压力都不会怎么大   老师很和善 很认真  可以容忍同学们旷课(记得过去交作业  有时候会有小测验)和上课睡觉  不过讲课实在是听不大懂 ，还是自学比较稳。自学学好了成绩不会差的 。不过小论文是真的迷
44769,2313,方文军,2017-02-09 05:35:17,4,5,1,需要自己下来花功夫整理知识
44778,2313,方文军,2017-01-18 08:39:08,-18,1,19,绝对的绩杀，大绩杀
48450,2313,方文军,2017-03-04 09:49:29,3,5,2,老师人超好的～就是下午的课很想睡觉...
58824,2313,方文军,2017-09-18 04:06:23,-5,3,8,怼怼怼
59119,2313,方文军,2017-09-20 00:06:44,-5,3,8,化竞党表示方老师的课还是很友好的。
59172,2313,方文军,2017-09-20 05:32:55,-3,0,3,哈哈哈
59805,2313,方文军,2017-09-27 06:20:49,2,4,2,为数不多的不只读书的好老师，自己的东西很多，打call打call！
59994,2313,方文军,2018-01-22 15:14:53,3,9,6,这学期没听课，纯自学。最后4.5，一般吧。老师人还挺好的。
60029,2313,方文军,2018-01-22 15:31:48,71,91,20,方老师是出色的研究者，教会了我们一些思想。\n\n但是，仅限于研究者。方老师似乎更适合教求化的学生，但是对于混合的学生来讲，他的课也许真的难以理解，自学、竞赛基础似乎更加重要。\n\n老师给分好像调整了不少，拯救了不少人。老师至少还在看重我们的前程，试图拯救我们，唯一的不足只是我们难以理解他的上课内容，但是毕竟积极答疑，还在关心我们，从这个角度讲，我认为方老师不应当收到差评……
64555,2313,方文军,2018-01-22 14:37:37,0,2,2,人很好啊、期末师生情啊！
65911,2313,方文军,2019-01-20 10:04:06,-15,4,19,? 我觉得老师表现出了想让我们听懂的意思 可是很无奈我的水平不足以支持我理解他的想法  他讲课有自己的逻辑 但是是偏研究方面的理解 让我听得很难受 每次讲一段就问 能理解吧？ 然后鸦雀无声 然后继续讲\n\n 而且我们最关心的是怎么做题考试 他却不讲题目 整天扯化学理论 思路更重要 我们大学生没到那境界 他还看不起数学系的 还黑矿爷不会做研究 我也就黑你不会讲课
66616,2313,方文军,2018-01-17 14:04:45,0,2,2,老师感觉很认真，但是，但是，我全是自学的。感谢他给了我这么一个自学的机会。
68058,2313,方文军,2018-01-22 14:22:39,0,2,2,其实我觉得老师讲的挺好的啊，又温柔，虽然确实让人想睡觉…但是给分很好啊！而且助教小哥哥超级帅！
68060,2313,方文军,2018-01-22 14:25:48,0,1,1,助教小哥哥名字又好听人长的又帅！！
68077,2313,方文军,2018-01-22 14:40:29,6,6,0,讲的很有道理，但是我不是计科的为什么要学化学呢？\n\n
68081,2313,方文军,2018-01-22 15:01:44,8,10,2,不听课就来评价老师的同学是什么心理呢……
68084,2313,方文军,2018-01-22 14:43:58,0,2,2,棒棒棒棒棒
68086,2313,方文军,2018-01-22 14:44:57,0,2,2,上课讲乱七八糟的东西讲的飞起。。。有时候讲的东西还挺有用
68097,2313,方文军,2018-01-22 14:49:42,0,1,1,听不懂
68101,2313,方文军,2018-10-02 10:40:38,-15,5,20,觉得某些人因为给分高师生情就在群里号召给老师刷高分的行为蛮搞笑的，讲的怎么样你们自己心里没点数吗？给分怎么样你们自己心里没点数吗？多少人听课你们自己心里没点数吗？
68103,2313,方文军,2018-01-22 14:51:33,17,21,4,刚刚上过方老师的课，客观的说老师的讲课的确不太容易听懂，但是其实这应该也是普化的通病吧，真正想搞懂还是要自己学。不过这个老师感觉还是不错的，这个学期老师感冒了，有学生上去问题时，都会注意带上口罩，总体来说还是个不错的老师，但想学好还主要靠自己。
68110,2313,方文军,2018-01-22 14:56:47,5,8,3,老师人很好的，讲题也很耐心的，上课认真听会有很大的收获的，虽然我没有认真学化学，但是公道话还是要说的
68119,2313,方文军,2018-01-22 15:03:19,2,4,2,现在给分挺好的。
68127,2313,方文军,2018-01-22 15:21:08,41,50,9,可能几乎没有像我这样的垃圾了吧，我已经不是被退院，而是快要被退学了，普化卷子说实话我几乎没有一道题会做的因为我压根儿就没学过，结果竟然强行给了及格，生生把我从退学边缘拉回来了。单单从师生情来讲，我感激到流泪。
68140,2313,方文军,2018-01-22 15:40:04,3,3,0,其实我觉得方老师讲得挺好的，一直在引导我们的思路，最后绩点不高也只能怪自己不上心
68142,2313,方文军,2018-01-22 15:42:23,8,9,1,老师讲课还是很用心的，会将知识与生活联系起来，增加学生的兴趣（不过作为连知识点都听不懂的弱鸡的我，还是一脸茫然），认真听，作业认真做，还行。但是对于我来说，化学课都有一个通病，让我想睡觉（坐第一排的情况下）。总的来说，老师很好（普化H）
68151,2313,方文军,2018-01-22 15:46:10,5,5,0,普化。上课有成熟的体系，对化学思维比较注重，每周的答疑也很负责。作业量不大，小论文确实迷。给分还行，毕竟不可能让所有人满意啊。
68155,2313,方文军,2018-01-22 15:47:10,2,2,0,很不错
68186,2313,方文军,2018-01-22 17:01:21,4,4,0,其实感觉老师真的很用心讲课啊 半期期末前也有复习 很注重培养学生的思维..不过就是容易犯困和听不懂 我最后几天才开始预习 没想到给分意外的不错
68192,2313,方文军,2018-01-22 17:12:48,2,2,0,和这门学科也有关系，普化涉及面广，学习起来可深可浅，上课就迷迷糊糊。\n\n老师讲的好不好不知道因为没怎么听过（听也没听懂），但挺负责任的\n\n考试前认真复习，可以过
68207,2313,方文军,2018-01-22 23:37:40,13,14,1,优秀的老师，会给你讲科研的思路，是真正对我们竺院学生有用的东西，我认为大学知识不是最重要的，如果只要学知识，为什么要来浙大竺院，老师给分也很好，谢谢老师。
68232,2313,方文军,2018-01-23 01:22:38,0,1,1,还行的，老师性格不错，给分也可以
68234,2313,方文军,2018-01-23 01:22:23,2,2,0,老师上课很好的，就是节奏有点慢，希望能更密实一点。老师能从很高的思想层面分析问题，不拘小节，很值得大家注意这一点，学习站在高层次看问题的方法。
68258,2313,方文军,2018-01-23 01:50:20,0,1,1,良心老师
69956,2313,方文军,2018-01-26 00:06:40,0,1,1,为什么普化绩点还没出，其他舍友的早都出了(ﾟДﾟ)ﾉ
70531,2313,方文军,2018-01-27 00:53:59,3,3,0,别批评老师了，老师上课挺好的，挺开阔见识的，而且考试内容其实都有讲，不讲得差不多也都没考到，顺带一提，感谢老师的平时分，挽尊，强力挽尊
71138,2313,方文军,2018-01-28 04:16:21,0,1,1,听了还是有收获的，给分不错。
71616,2313,方文军,2018-01-28 17:04:16,0,0,0,我想转化学系了
73014,2313,方文军,2018-01-31 14:49:41,0,0,0,成绩不是很满意，不过诚实地说认真听老师上课是很有收获的。\n\n
73391,2313,方文军,2018-02-01 13:14:02,0,0,0,老师讲的还可以，不过有时候会讲的较深，与考试内容没什么关系。答疑的时候回答问题不是特别清晰，听了总觉得似懂非懂。
79277,2313,方文军,2018-05-30 01:57:47,2,2,0,很好的老师，不要错过
87181,2313,方文军,2019-01-27 00:54:11,-4,6,10,这本来就是好老师；菜鸡本尊考完感觉快挂了，结果竟然4.5。。。\n\n17级学长们其实挺努力了，把方老师从4.7刷到了7.1；分数的确不太客观，可能当初改卷比较严吧……但是总之，现在老师给分不错了，欢迎大家选择。
88677,2313,方文军,2018-11-05 13:34:13,6,7,1,讲道理，听了隔壁某tong老师的只念ppt的课，顿时感觉方老师的普化课不知道要高到哪里去了
88926,2313,方文军,2018-11-12 11:03:58,3,3,0,好老师真心的不错
90902,2313,方文军,2018-11-27 07:42:32,7,7,0,其实，老师讲课很循循善诱，我曾经很清醒地听了一次，那一节讲得很清晰。不懂应该是积分的锅，以及普化很容易催眠的锅……我觉得也没办法，这东西讲得有趣那就成神仙了。老师课后曾经花一个小时回答我们的问题，虽然他当时已经上了六节课肯定很累了。老师真的还是很负责的！
91571,2313,方文军,2018-12-13 14:40:25,-5,2,7,如果你有竞赛基础，那么你会认为方老师确实在努力引导你成为一个合格的学习者甚至一个合格的科研工作者。但是对于大部分非化学专业的人来说，实在是很勉强，也无法理解其深意，希望这门课本身能有所改变吧。
93010,2313,方文军,2019-01-07 01:49:54,42,42,0,方老师是一个非常好的老师。上他的课你真真正正地会感受到一名真正科学研究者的严谨科学的态度。我上方老师的普化课，老师善于开导我们学生 不单单传授书本知识，更是在拓宽我们的思路，让我们学会真正的大学学习。方老师平易近人，和蔼可亲，积极答疑，关心同学，很喜欢上方老师的课。我想，如果你想真正学到知识，有更高的视野，我强推荐方老师的课?
93853,2313,方文军,2019-01-14 04:15:07,3,3,0,优秀！
94410,2313,方文军,2019-01-16 10:41:46,14,15,1,超级可爱的老师，像表情包里的那只小仓鼠QAQ
94656,2313,方文军,2019-01-17 14:38:34,4,4,0,虽然我没上过他的课，但我室友很爱他，希望我室友能有1.8
95975,2313,方文军,2019-01-20 12:44:58,28,35,7,呵呵，原来楼上那位来浙大就是为了学习如何考试?你的生活里只剩绩点了是吧?大学教授都像高中老师一样了你就高兴了? 另外方老师只是说矿爷刷题的策略不太符合大学精神，从来没有看不起矿爷，更从来没有看不起数学系。 今天方老师还在为大家看试卷，担心出现评分不公的情况。平时答疑总是到很晚，也十分耐心。真不明白方老师有什么可喷的。 老师会教导我们用科学思想来分析问题，而不是靠机械的重复记忆。如果您坚持认为上大学“我们”（此处您以己度人）需要的是刷题，那我建议您今年寒假返回母校宣讲时再多刷点题。 最后说明，现在还没出分，我不是既得利益者。但我还是要为方老师打call。可能老师讲课的风格不同人有不同的体会，但我觉得获益良多。7分真的是太不客观了。我认为方老师应该得到至少九分甚至更多。感谢方老师答疑时告诉了我高中与大学的本质区别。
96058,2313,方文军,2019-01-20 12:07:35,8,9,1,我觉得查老师的评分有点不符实际了。方老师讲课真的连贯，比有次讲课读ppt好多了。有认真帮我们复习，微信里答疑最快的老师。
96146,2313,方文军,2019-01-20 13:29:08,19,21,2,浙大学子送我上去:方老师，只要您以后抽出时间每节课讲几道习题，您的评分一定会上9的！！！
96226,2313,方文军,2019-01-20 14:40:25,2,3,1,强烈支持楼下的楼下 跟着方老师学习 受益匪浅
97119,2313,方文军,2019-01-21 16:28:08,2,3,1,方老师感觉是真的挺好的，讲课是真的没什么问题，只能说学科本身就有一定难度（还有催眠特效）其他的给分也不错啊。答疑回复也是相当给力的！！
97125,2313,方文军,2019-01-21 16:38:11,2,3,1,很早就听过他的课……所以毫不犹豫地选了他。讲课很好……人也很好
97131,2313,方文军,2019-01-21 17:03:33,15,15,0,刚刚看到分数！！土拨鼠式尖叫！！感觉老师调分了 我一个高中没有选考化学的渣渣普化都能拿到3.9 太良心了！然后才发现老师评分怎么这么低！虽然他上的课我的确听不懂 但毕竟我一点化学基础都没有 听懂的人应该不少啊！反正我室友都听得懂.而且能看出来讲的很好 知识点都融会贯通的那种 也很生动.毫不犹豫的十分！！
97136,2313,方文军,2019-01-21 17:43:22,3,4,1,课堂有东西，考试靠自己（哪门课不是呢）
97139,2313,方文军,2019-01-21 17:47:12,5,7,2,开心划水3.6上课讲很多关于大学学习的东西，与高中不同的东西。普化内容没怎么学就考试前看了看，划水3.6保我不退院，我这种及格就好混吃等死的人很满足，老师确实有东西，只是我对普化没兴趣，但老师所教的大学与高中不同还是挺影响我的，嘿就最后也没做题直接上考场，考出来也行吧哈哈哈
97143,2313,方文军,2019-01-21 18:06:45,18,18,0,老实人超级棒，对学生好，答疑耐心。真的很棒诶！！7.1的评分太不真实了?\n\n新年快到啦，祝老师新年快乐！
97148,2313,方文军,2019-01-21 19:01:44,-15,4,19,"方老师真的超好...看的出来是一个非常有理想主义的气质的学者，一直努力传达他心目中的""大学""应该传授的东西。所以就不像很多同学期待的那样针对解题技巧地讲课。\n\n最后给分很棒，30%的平时分(不算期中考)是给满的(只要按时交作业就好了);期中考爆炸只考了84，而最后期末考感觉调过分...我最后硬生生被拉上95，勉强满了绩...\n\n10分不解释！"
97149,2313,方文军,2019-01-21 19:01:29,-12,2,14,"方老师真的超好...看的出来是一个非常有理想主义的气质的学者，一直努力传达他心目中的""大学""应该传授的东西。所以就不像很多同学期待的那样针对解题技巧地讲课。\n\n最后给分很棒，30%的平时分(不算期中考)是给满的(只要按时交作业就好了);期中考爆炸只考了84，而最后期末考感觉调过分...我最后硬生生被拉上95，勉强满了绩...\n\n10分不解释！"
97150,2313,方文军,2019-01-21 19:01:32,-9,4,13,"方老师真的超好...看的出来是一个非常有理想主义的气质的学者，一直努力传达他心目中的""大学""应该传授的东西。所以就不像很多同学期待的那样针对解题技巧地讲课。\n\n最后给分很棒，30%的平时分(不算期中考)是给满的(只要按时交作业就好了);期中考爆炸只考了84，而最后期末考感觉调过分...我最后硬生生被拉上95，勉强满了绩...\n\n10分不解释！"
97169,2313,方文军,2019-01-21 23:31:37,9,11,2,方老师的评分不应该只有7.1，他不但是一位优秀的科研工作者，还是一位很好的老师。至少我感觉比替他上了几节课、只放PPT的那位老师讲的清晰的多。大爱老师，真的认真听会收获很多
97171,2313,方文军,2019-01-21 23:32:40,8,9,1,方老师讲课超级好，思路十分清楚，从听他讲课就明白他是一个水平超级高的人，所有知识点的内在联系都明明白白，表述得也很幽默清晰。方老师最后复习时理清的思路真的拯救了我的热力学！老师人也超好，经常在微信群里分享一些化学学习方法和科技前沿的知识，答疑时也很耐心。而且老师给分也挺好，平常小测先给50分打底。作为一个高中化学经常不及格的人，我不喜欢化学，因为自己的原因普化学得也一般（觉得有点对不起老师_(:з」∠)_），但超级喜欢方老师！
97173,2313,方文军,2019-01-21 23:33:48,2,3,1,老师人很好，在微信群和同学们答疑也很快
97178,2313,方文军,2019-01-21 23:43:05,3,4,1,很负责的老师
97184,2313,方文军,2019-01-21 23:57:25,2,3,1,上课条理清楚，重点明确，生动形象，答疑负责，不可多得的好老师！
97191,2313,方文军,2019-01-22 00:00:20,2,3,1,上课很有激情，答疑十分用心。平时小测50打底，想方设法的送同学分。
97193,2313,方文军,2019-01-22 00:03:00,2,3,1,上课讲的太好啦
97195,2313,方文军,2019-01-22 00:06:40,5,7,2,方教授讲课很用心，对高中与大学的知识链接研究得很透彻，对待学生很亲切，有一次我晚课下课才去答疑（还拖堂了一会），只是在微信群说了一声，教授说等到9点半，到了答疑的地方都超过答疑时间了，周教授就为了我在那干坐了差不多一个小时，为了这个都要10分
97205,2313,方文军,2019-01-22 00:19:09,3,4,1,老师的课很有意思 每次都做前排 方老师上课会给你带来许多化学思想 而不是读ppt之类的 赞！
97208,2313,方文军,2019-01-22 00:21:44,3,4,1,方老师人真的超好！讲课思路超清晰！中间有一段时间是另外一个老师代的课，导致我的热力学惨不忍睹，方老师回来以后复习了一下，感觉对热力学的理解都深入了！虽然最后成绩一般般，但那是我自己期末没考好，根本不影响老师的啊。还是很喜欢老师，期末没考好感觉很对不起老师呢(都怪自己临时抱佛脚
97217,2313,方文军,2019-01-22 00:41:03,2,3,1,方老师上课讲的好，而且对同学们认真负责，经常答疑到晚上十点多。他理解我们水普化的心态，已经把要求降的很低了，平时交作业就满分，小测交了就有50分保底，已经是很贴心了。最后给分也很好。好老师无疑！
97234,2313,方文军,2019-01-22 00:58:51,3,4,1,方老师人真的超级好～很明白普化对于混合的意义 教学非常用心
97238,2313,方文军,2019-01-22 01:03:55,0,2,2,虽然被提问了两次而且没有答出来，但是最后成绩还是不错，多谢老师
97240,2313,方文军,2019-01-22 01:05:40,3,4,1,老师课讲的真的很好，很赞同楼上说热力学那个，老师回来一节课把我一个月没梳理清楚的讲清了，简单明了，高中结构自招没学明白，方老师大学讲的很清楚终于弄明白了，真的是很好的老师，不管从哪个方面，真的很有教学水平！
98699,2313,方文军,2019-01-23 23:44:22,-4,0,4,老师是还行，但是一般来说去他的课的都是神级一样的人物什么听着他讲的，当然觉得好，所以如果没有一定化学学基础，没有搞过化学竞赛的话，最好还是不要选
99998,2313,方文军,2019-01-25 12:14:43,1,2,1,10分\n\n但是...楼上几位说的代了三周课的女老师\n\n是方老师的夫人...
101542,2313,方文军,2019-01-28 11:41:00,1,1,0,超级棒，超级好，学到很多东西
102403,2313,方文军,2019-02-01 12:53:11,5,6,1,我感觉，老师分低，应该是，因为，小测多orz\n\n老师还在课上委屈巴巴自己查老师分低hhhhhh超可爱的\n\n想学东西真的推荐选，听他的普化课完全不睡觉w
102610,2313,方文军,2019-02-13 03:05:54,3,3,0,方老师，真的是好老师
105124,2313,方文军,2019-04-04 05:06:08,1,1,0,请认准方老师
116482,2313,方文军,2019-09-11 01:55:37,16,17,1,听说我们的四月选考题是您出的
118042,2313,方文军,2019-10-19 07:39:59,2,2,0,方老师在化学课微积分讲得很不错
122248,2313,方文军,2020-02-21 01:08:18,5,5,0,绝对好老师
125067,2313,方文军,2020-08-25 15:16:31,3,3,0,夏令营就见过的好老师！讲课不错。
126913,2313,方文军,2020-10-28 04:40:09,3,3,0,呜呜刚刚突然一个小测把我送走
129842,2313,方文军,2021-01-13 02:59:27,1,1,0,真的是一个很好的化学老师
130164,2313,方文军,2021-01-18 09:55:49,4,4,0,从高中开始就听了好多好多好多方老师的课。方老师本周三晚上亲自答疑，非常耐心和蔼，就算只冲这点也给10分了。在大学再次听课，抛开竞赛学习中的浮躁与功利，自以为还是有在思维上的启发，尤其是第一节课的绪论。把化学与生活联系的诸多事例确乎是震撼到我了。也许是大学学习方式本身就应该与高中不一样吧，我还不知道，但我认为如果没有初赛较好水平的竞赛基础的同学只靠听课和作业是较难掌握和学明白的，课下是需要花一定时间去琢磨的。
130556,2313,方文军,2021-01-23 15:16:00,1,1,0,方文军老师讲课挺不错的，只是我真的学不来普化。哭泣
131107,2313,方文军,2021-01-26 03:29:34,1,1,0,冲冲冲
131237,2313,方文军,2021-01-26 18:06:19,1,1,0,我好像以一己之力拉低了老师的均绩……对不起老师，但是方老师人真的很奈斯
131429,2313,方文军,2021-01-27 12:58:44,8,8,0,方文军老师是一位非常优秀的化学老师。本人上的是方老师的普通化学，客观来讲，方老师讲知识点挺好，但感觉并不是那么清楚（就本人体验），但方老师会很注重思想的传授，课程中也会融入很多思政元素。做题和考试在方老师眼中并不重要，所以如果只是想冲绩点，课后还得花足功夫。还有就是方老师会很乐意为同学答疑，不管是在微信还是钉钉上问他，都会得到认真的答复的哦~
133083,2313,方文军,2021-02-07 14:56:38,1,1,0,nice
137530,2313,方文军,2021-07-05 03:41:19,1,2,1,方老师yyds
141779,2313,方文军,2021-10-25 12:00:54,1,1,0,讲的很慢，每个点真的讲的很详细，思路超清晰。\n\n浙江人会特别有亲切感（他的课上总能找到高考化学卷的影子所以很多东西真的感觉一下子就来了）。
141851,2313,方文军,2021-10-28 01:09:59,5,5,0,老师超棒，超级负责，第一次见能在每周抽出来半天专门给同学答疑的老师，虽然可能去的同学还没有老师多，老师还是在认真给我们答疑
143885,2313,方文军,2021-12-10 06:20:35,2,2,0,很不错
145682,2313,方文军,2022-01-13 06:07:37,3,5,2,必须打满分的老师
145752,2313,方文军,2022-01-01 10:56:23,3,3,0,真的很好！超级认真！
147878,2313,方文军,2022-01-11 05:10:54,1,1,0,认真的老师
148517,2313,方文军,2022-01-12 18:01:19,5,5,0,上课跳跃性有点大，主要靠自学\n\n但最后试卷没有为难学生
148568,2313,方文军,2022-01-13 01:39:39,3,4,1,能不能单独出卷？\n\n不要和njj一起考
148576,2313,方文军,2022-01-13 02:03:24,-4,0,4,这必须10！
148602,2313,方文军,2022-01-13 03:10:57,0,1,1,普化出分后来评。\n\n感觉老师讲课是挺不错的，很有条理，拓展的思想方法和知识点都挺深。然而我经常没怎么听…主要还是自学去了…\n\n最后的考试出得很基础，大概就是课后作业的难度，自然给分也不错。
149073,2313,方文军,2022-01-14 09:40:33,4,5,1,不知道是不是助教的缘故\n\n这学期给分很烂\n\n群里都没有多少人谢谢老师的啊哈哈哈哈
156111,2313,方文军,2022-06-17 14:51:23,0,0,0,普化h\n\n讲得实在是太好了我都不知道该咋形容\n\n但给分也实在是太求是了我都不知道该咋形容\n\n十分
159565,2313,方文军,2022-08-13 01:27:58,-3,1,4,给我们没选化学的上先修课，很多同学都表示“一路狂奔”，讲太快了啊喂！老师需要调整一下速度555555555555或者他根本就不适合教我们这种菜鸡。。。。。。。。。。。
159916,2313,方文军,2022-09-09 02:29:00,8,9,1,方老师的课我没听过，但方老师出的高考卷子。。。不说了，您的试卷值这10分
160652,2313,方文军,2022-09-29 10:21:31,4,4,0,今天被感动到了 在大学里很少遇到如此认真负责的好老师了 每周都能固定的抽出大量时间为同学答疑 我只是问了一个小问题 方老师完完整整的给我讲述了整个章节 让我豁然开朗 这半个小时让我看到了一个水平极高且认真负责循循善诱的好老师 必须满分
163616,2313,方文军,2022-12-15 16:46:23,4,4,0,有幸接受学长的建议并且选中了方老师的普化H，上课真的超赞！！十分都少了，我要打一百分！！\n\n普化H前一节在机房，你能想象大一有人提早润掉或者根本不去只为了在方老师的教室抢个座的盛况吗？提前十五分钟前五排将近没座了（大教室），第一排需要至少提前二十分钟\n\n每次方老师都提前十五分钟到，然后连续三节课，下课五分钟答疑，上完课答疑，下午晚上答疑，真的是非常认真负责的老师（我只在上课后答疑过，12:25下课，一直和学生待到12:45还在回答），每次教室里都是围了两圈问问题的同学。每周三节课，课后答疑时间给了我们四个小时直到晚上十点。还有每章要求的讨论，虽然你可以水，但他和助教都会尽量全部回答，我是真的爱了。\n\n难点几乎都是手写板书（参考手写板书的数学老师们），时不时来点生活案例和人生哲理，也是蛮有趣的，从化学小白到化竞大佬都喜欢。虽然他也搞研究，但是一点架子没有，不管怎样都会语气亲和。虽然我的普化不算太好，但我一定给方老师吹爆！！\n\nPS：方老师荣获诸多奖项，上了他的课，就知道什么叫做好老师。
164184,2313,方文军,2022-12-19 02:56:40,1,1,0,老师是好的，但是对于菜鸡来说前面上的太跳跃了，有点难受（主要前面两章有点难而且微积分的内容太多了）
168569,2313,方文军,2023-02-19 14:39:09,0,0,0,真的是好老师
169197,2313,方文军,2023-02-24 15:17:51,0,0,0,老师真的很好，讲课细致，关心同学，很乐意给同学解答问题，唯一要说的是，给分非常求是
169198,2313,方文军,2023-02-24 15:27:37,4,4,0,高中没有选择化学，就是因为化学实在太差。但是方老师非常认真讲解，平时也有好好学，有问题老师和助教都会耐心地回答。我见过很多和老师讨论听不懂的高深问题的老师，但是基础薄弱的我提出的那些略显愚蠢的问题老师从来没有不耐烦，都会仔细地解答。虽然最后没有拿到很高的绩点，但是对于我的基础真的很满意了，也非常感谢老师和助教一个学期的帮助。先生之风，山高水长。
169199,2313,方文军,2023-02-24 15:28:20,3,3,0,你是我的神！！！
169200,2313,方文军,2023-02-24 15:31:21,4,4,0,作为一个高中没有选考化学因为培养方案要修普化h的人来说说。\n\n如果没有化学基础前面热力学那些还可以上课听懂，结构有机那些如果高中没学过上课基本是听不懂的，如果大家对普化学习热情不高的话可以翻翻高中课本大致了解，不会的问问同学保证老师布置的课后题都会做就可以拿到不错的分数了。\n\n期末题型我们这次前面有很多大于小于等于的判断很考察大家对于热力学过程变量的理解，就算没基础听不懂后面的课想考高分的话，把前四章书仔细看，这些还会出大题。\n\n方老师真的是非常负责的老师，晚上都会抽出好几个小时给同学答疑，跟大家说有问题一定要问（小测题老师不会讲，想弄懂可以找老师答疑）。\n\n普化可以说是我大一上学期最怕的课了，感谢方老师。
169232,2313,方文军,2023-02-25 01:31:12,3,4,1,高中没选化学，绩点4.5，老师真的是好老师！
169357,2313,方文军,2023-02-25 14:42:34,2,2,0,授课认真 关心学生
169424,2313,方文军,2023-02-26 06:06:39,6,6,0,方老师我哭死  人超级好强烈推推  上课超级仔细认真负责  给分也是相当nice会捞捞
169477,2313,方文军,2023-02-26 11:08:35,2,2,0,能曾经忝列方文军老师的课堂实在是不胜荣幸。老师和蔼可亲，答疑认真，非常负责，讲课总而言之也条理清晰（尽管我对这本教材有很大意见）。给分对我来说很不错了，谢谢方老师。
175822,2313,方文军,2023-06-27 01:12:26,10,12,2,没上过fwj的课，但我高考那年化学选考是他出题的
182268,2313,方文军,2023-11-13 15:42:43,2,2,0,耐心，细致，关注同学，之前我线上问问题时他说有空来交流，真的很关心同学
188816,2313,方文军,2024-01-20 05:11:38,4,5,1,如果你选了普化H，那我首推方文军老师。\n\n首先，方老师的学术和教学水平都是超高的。（高考命题人）上课能感受到他能把整个体系都串在一起，整本书都串在一起，可谓是融会贯通，在大多老师的课堂上体会不到。\n\n教学上，偏向于针对化学选考生（所以没选考的吃力很正常）。但是普化本身难度不及数学，不管有没有选考化学，只要好好学这门课，把课本和老师板书都理解掌握了，也能拿到一个好分数。\n\n老师不仅平时关心我们，还有宝贵的一点是经常教我们一些化学学科思想，希望学弟学妹们除了应试，也能吸收一些思想方法，对以后的学习大有裨益。
188826,2313,方文军,2024-01-20 06:02:14,3,4,1,很好的老师，上课逻辑清晰，不拘泥于书本，让我这个高中没学化学的人也能听懂，给分也好，最后4.8
188950,2313,方文军,2024-01-20 19:20:51,6,6,0,普化H\n\n老师教学水平高且可爱亲切。上课时会将整本书的知识点都讲得很透彻，并串联起来形成一个完整的体系，答疑非常认真，提供的资料也很齐全。考试前会带同学们复习重点，给分很捞很捞！！怒打10分！
189184,2313,方文军,2024-01-22 09:23:40,4,4,0,客观来讲老师讲课逻辑很清晰，最后考试内容跟高考也比较接近（但是浙江高考所以对我来说还是有不少新知识）。课程本身公式很多都跟微积分沾边，老师会尽量略过推导或者用通俗的语言解释，但是就我个人感觉如果会一点点微积分知识不管是听课还是自学都会容易很多。另外本课程内容有点多所以后期会进入一课一章的高速，提醒后人记得预习
205245,2313,方文军,2024-12-03 07:55:04,1,1,0,每周四小时答疑时间，what can i say\n\n满分
211094,2313,方文军,2025-01-10 15:21:27,1,1,0,很负责！
211141,2313,方文军,2025-01-11 01:39:41,3,4,1,老师是好的。\n\n但课程设置实在是太差，刷学在浙大的要求不清不楚，最后说算平时分比重大；课程思政量太多以至于我都不明白自己学的是不是化学，综合一下我给不出很高的评分。\n\n算了，是我不懂。
214677,2313,方文军,2025-02-16 13:00:08,0,0,0,很负责的老师！
216788,2313,方文军,2025-03-25 15:14:53,0,0,0,好老师！
217335,2313,方文军,2025-04-09 00:08:39,0,0,0,方老师真的yyds，严谨的治学，认真的答疑，每次问问题都会及时的回复
50901,2358,史炳锋,2017-05-08 07:45:38,-2,4,6,有机合成平时没有任何任务，考试前把屁屁踢看完就行了
53418,2358,史炳锋,2017-06-26 14:35:07,0,6,6,有机合成，不点名，没有作业，没有小测\n\n期末考试定终生\n\n11个ppt看到昏厥，期末开卷\n\n老师还不错
89519,2358,史炳锋,2018-11-19 11:21:27,0,4,4,ppt全靠截图
90761,2358,史炳锋,2018-11-26 00:46:06,-2,5,7,我会尽力给高分的……
91209,2358,史炳锋,2018-12-03 10:48:11,3,7,4,给分好烂
120012,2358,史炳锋,2019-11-17 04:42:23,6,10,4,认真看PPT，高等有机合成90，考试难度一般，非常好的老师，认真负责
152839,2358,史炳锋,2022-04-20 10:33:39,0,2,2,有机123没有4以上就别选了
154693,2358,史炳锋,2022-06-04 16:07:16,0,2,2,老师人挺好的
158164,2358,史炳锋,2022-06-27 08:46:07,-1,1,2,老师上课很有意思，考试开卷也比较友好。
161992,2358,史炳锋,2022-11-16 00:48:35,0,1,1,给分有点烂
216064,2358,史炳锋,2025-03-10 05:56:32,0,1,1,课程很水，不点名，给分吧，也不高，除非你认真互动。存在代课现象。科研的话，基本不怎么管，只问问进度，实际是手下小老板在管，实验经费充足，但老师本人对科研没什么指导，要去问师兄师姐或者小老板。
567,2371,黄建国,2015-03-15 05:12:21,19,20,1,认真负责，讲解细致，是个好老师
3377,2371,黄建国,2015-06-08 04:10:02,3,6,3,很厚道，讲课清晰
4596,2371,黄建国,2015-06-25 00:44:55,4,5,1,很负责 很细致  实验课没有什么点不点名 没去一眼就看到了
8422,2371,黄建国,2015-09-21 06:55:21,1,9,8,说话不太清楚，讲得不够细致
12730,2371,黄建国,2015-12-24 02:46:42,6,11,5,说话不清楚，而且讲课快……需要再自学一遍。不过上课会讲些老师自己的经历感觉不错。
14681,2371,黄建国,2016-01-08 09:10:43,6,9,3,好老师，耐心负责，和气，就是口齿稍微不太清晰
15733,2371,黄建国,2016-01-16 08:02:36,15,18,3,讲得一般般啊，但对学生真的超nice，最后一节课还用宫崎骏的经典台词寄语我们
16332,2371,黄建国,2016-01-18 03:10:50,11,14,3,老师讲课一般般，但特别认真负责，课件特别好！给分感人！
34937,2371,黄建国,2016-10-26 17:10:06,11,13,2,Mr.Huang超级nice，是真的用心对学生的老师～很可爱的科学家～
38246,2371,黄建国,2016-11-28 05:58:10,26,29,3,苏东坡和李白算版权真是太有趣了哈哈哈哈！课超棒！从来没上过这么有意思的课！
38247,2371,黄建国,2017-01-20 03:38:42,21,23,2,能遇见这么好的老师真的是我的荣幸，其实，对于老师最后一节课给我们的寄语，我想说：作为您一学期的学生，虽然我们已经在这个站台下车了，但这是我们人生中值得回忆的风景，我们会在列车上不停的前行，但这风景，我们将一直铭记在心，故事，不会在下车时结束！
45706,2371,黄建国,2017-01-20 03:14:38,14,17,3,老师的人文素养太厉害了好咩～～上课随手就是一首诗抄到黑板上什么的～～～人也超级认真，回邮件感觉炒鸡尊重学生～～～棒棒哒～～
46773,2371,黄建国,2017-01-22 09:54:41,16,18,2,老师特别尊重学生，发过去论文请他指教结果每个可以改进的地方老师都用认真红色的改好了还附上了原因简直太感动。对学生特别好。因为学校用的这本书不太适合自己看，上课可能会跟不上，但是老师最后出题不难的，认真复习不会有问题的，给分也还好，不用担心。总之好老师啦
47678,2371,黄建国,2017-02-16 08:24:38,4,6,2,负责任的老师。
69798,2371,黄建国,2018-01-25 11:55:18,3,7,4,口齿不清，但是思路清晰。认真负责，人文素养棒！诗句信手拈来。
69847,2371,黄建国,2018-01-25 13:45:03,6,9,3,是个非常好的老师，虽然上课略显平淡但总会在不经意间给你惊喜。比如在黑板上信手拈来一首古诗然后以此为例教你写论文的格式，比如给你讲当初老师在理研留学的时候的见闻，又比如最后一堂课以宫崎骏的台词作为寄语。\n\n最最重要的是！！！！老师超级认真负责，对学生很好，小论文和PPT会非常耐心地用红笔写出修改意见【一篇论文帮你改六稿都不烦还是很有耐心的老师上哪里找！！！】最后考试也不难，给分也不错。。
71758,2371,黄建国,2018-01-29 02:47:58,3,6,3,老师挺\n\n好
75403,2371,黄建国,2018-03-11 00:11:21,4,6,2,非常好的老师~很有耐心，改论文啊小展示什么的都是不厌其烦一遍遍仔仔细细的改，考试不难，最后给分也还不错，感谢老师！
99092,2371,黄建国,2019-01-24 08:53:40,4,7,3,黄老师真的是很好的老师！虽然是纯理科老师但是文学素养高到可怕哈哈哈！借用李白和杜甫的例子讲述引用文献的重要性！老师太可爱了！讲课也很棒，基础很扎实，解答疑问十分耐心，发邮件给老师每次都是认真回复，发给老师的小论文他会一遍遍修改。教学相长！
128346,2371,黄建国,2020-12-20 06:27:20,2,3,1,黄老师是一个非常厚道的老师，非常感谢他。
128602,2371,黄建国,2020-12-24 11:54:20,2,4,2,爱你。
129747,2371,黄建国,2021-01-12 03:12:13,2,5,3,在浙大遇到的最负责，最可爱，对学生最好的老师。爱你，么么哒(｡･ω･｡)ﾉ♡
131610,2371,黄建国,2021-01-28 07:08:59,3,4,1,老师上课很好，非常负责\n\n但非本专业同学慎选，课程本身非常硬核，期末分数也不高
131986,2371,黄建国,2021-01-30 01:20:24,-2,1,3,挺好的老师，就是普通话听着有点累，，，绩点虽然不高，自己还满意
146925,2371,黄建国,2022-01-08 05:14:30,0,4,4,我寄了，黄老师这么好一定要捞我呀😯
147121,2371,黄建国,2022-01-08 23:16:03,5,6,1,期末寄了，但是老师是很好的人，希望能捞捞我呜呜呜
147456,2371,黄建国,2022-01-10 04:37:20,5,7,2,黄老师太好啦( •͈ᴗ⁃͈)ᓂ- - -♡﻿\n\n是能够为学生考虑的好老师，最感动的是老师和我们讲如果小论文不方便打印的话他可以帮我们打，老师上课讲的不是很细，一定要自己下来多学一些！
147850,2371,黄建国,2022-01-11 04:04:42,-1,3,4,非常可爱的科学家，期末肝完ddl把论文和pre发给老师老师还仔细的帮我改出了修改建议，两次在东教迷路还为路痴的我指路，特别是通过他的课你可以学到查阅文献之类的很多知识，帮助会非常大的
148125,2371,黄建国,2022-01-11 14:30:28,3,5,2,老师很好，我不行，但是老师能捞。谢谢黄老师，一学期什么也没学懂却没挂。\n\n很遗憾的是智云课堂听您的声音比现场话筒收声要好很多……听得最认真的反而是网课期间，大概是现场听会有很重的气声。\n\n期末论文+pre，作业很少，考试反正我是真不会。
148421,2371,黄建国,2022-01-12 12:04:26,8,11,3,抛开其他的，仅仅是回复信息这一点就足够让我感动了！\n\n老师真的会非常认真地回复学生发的邮件，认真地标注，还会安慰展示没做好的我（苦笑）\n\n亲切，感到自己也是被尊重的\n\n就是我的最大感受\n\n至于其他的学习内容\n\n说实话，我觉得这门课的主要目的不是教授我们多少无机化学的知识\n\n\n\n以上仅个人观点。
151547,2371,黄建国,2022-03-07 07:31:11,-12,6,18,讲课轻重不分，有气无力
151711,2371,黄建国,2022-03-13 09:20:57,0,4,4,老师讲课逻辑性很强，重点突出，寓教于乐，声音清楚。
153291,2371,黄建国,2022-04-27 15:20:36,-7,4,11,真的是坑，管理实施方案可以随意更改
153591,2371,黄建国,2022-05-05 10:14:05,7,8,1,我心目中大学老师该有的样子：知识渊博，尊重学生且没有架子，个人看淡功利但是又会体谅学生对绩点的追求。唯一不好的是他说话确实不太清楚，而且声音较小。
163065,2371,黄建国,2022-12-07 04:54:05,5,5,0,老师人特别好\n\n文艺日系青年
165494,2371,黄建国,2023-01-12 04:01:18,1,3,2,黄老师很负责任，人也好好，对学生也是特别特别的认真。很有趣的老师，因为自己的基础问题和方法上的一些问题分数比较低，但是也还是很感谢黄老师的陪伴~
165496,2371,黄建国,2023-01-07 08:12:59,1,3,2,1.7出分，来给黄桑打10分，老师真的很体贴，因为疫情还把小论文取消了，考试也全改成选择题，真的很棒的老师，就是被卡绩有点小难受
165507,2371,黄建国,2023-01-07 13:11:43,-1,3,4,配位和结构其实不难的，讲得足够清楚了。
167080,2371,黄建国,2023-01-15 01:53:49,2,3,1,考虑到疫情，期末取消了论文。原子结构配合物要好好学，回顾ppt就能对知识的理解有所掌握。听课有些费力，但老师很认真！！感觉不是为了纯粹学知识，还能了解具体的一些化学历史。作业很少，也会划重点。
168550,2371,黄建国,2023-02-19 10:21:11,1,1,0,黄老师😭😭😭😭海底捞😭😭😭😭😭我的神😭😭😭😭😭
173603,2371,黄建国,2023-05-30 01:45:04,0,2,2,人很好，知识水平高。会捞。讲课一般，讲的快又很多重点不提，全靠自己总结翻书
174657,2371,黄建国,2023-06-15 06:54:50,-30,3,33,人很好，但是上课讲的什么东西啊，一半时间在讲没有屁用的化学史和各种科学家的故事 一半时间飞快地掠过重点内容🙄
174847,2371,黄建国,2023-06-19 03:55:23,0,2,2,真正做到立德树人的好老师，选上他是我的运气😃👍
175313,2371,黄建国,2023-06-23 15:00:14,12,14,2,以下是一段雷厉风行的科普：（简称雷普）\n\n是一个十分甚至九分的好老师啊。（确信）\n\n是一个能在学生错过补交马上要统计成绩的时候让他补交的好老师啊啊啊。（喜）\n\n再也没碰到过比这更好的老师了，讲课讲得也很好啊。（喜）\n\n我的评语是：疑一时，误一世，疑久依旧把益领。（如果猜疑这是个坏老师一时，那么你就误了自己一世，但即使猜疑了很久，你也能收获很丰富的知识啊）\n\n如果你问我会不会再选他的课，我的回答是：想啊，很想啊。（便乘）\n\n如果你问我他上课怎么样，我的回答是：漂亮的很呐。（智将）\n\nsodayo。
175467,2371,黄建国,2023-06-25 05:50:00,1,4,3,平时分非常好拿，作业交了就行对错不论，人也很平和。我四次小测加期末考几乎都是临时抱佛脚，本来以为只有3点几没想到4.5。
175468,2371,黄建国,2023-06-25 05:53:53,3,5,2,人很好的老师，就是上课内容比较拓展，喜欢讲故事。可能对基础差的人不是很友好。\n\n普化内容建议多自学\n\n考前12小时刷夜补天最后4.2，老师很捞，会提醒补交作业
175493,2371,黄建国,2023-06-25 07:47:23,-1,1,2,非常好老师，高中化学赋分83的孩子在本门课程拿了94。
175506,2371,黄建国,2023-06-25 08:45:15,0,2,2,神中神，100分。\n\n上课虽然听不清但是我一个学期没学过老师也让我过了。\n\n人很和善。
178506,2371,黄建国,2023-07-13 04:58:13,2,4,2,好老师呐，太好了，夏学期的普化课因为太热，很多人没去，让他很生气，也很伤心，就点了一次名，但是在最后一节课还是心软了，不把这次点名计入成绩，平时分拉满。\n\n建议大家都来教室上课，因为在智云逃课的话，你根本听不清在讲什么（bushi
182658,2371,黄建国,2023-11-19 04:38:21,3,5,2,黄老师真的超级好人很和蔼也不会管上课玩手机什么的\n\n问问题很耐心，但上课讲的有点快，虽然有些同学觉得慢\n\n黄老师捞我！！！
182758,2371,黄建国,2023-11-20 06:11:04,2,3,1,黄老师真的特别好，但我高中没选化学，基础特别差，考试也是一点不会，希望黄老师捞捞我
183100,2371,黄建国,2023-11-22 07:15:05,4,5,1,老师超好！！😆😆😆真的超级可爱的老师
183102,2371,黄建国,2023-11-22 07:23:41,2,5,3,充满人文底蕴的一位老师，可能讲的一般？课我都是水过去的，但是问题回复地很耐心很迅速。平时分挺高的，最后自学三天96
183103,2371,黄建国,2023-11-22 07:41:37,5,6,1,老师真的很温柔啊，在结课的时候还会写小作文和我们告别。平时上课也都非常和蔼TwT
183105,2371,黄建国,2023-11-22 08:05:11,4,6,2,不错的老师
183106,2371,黄建国,2023-11-22 08:08:29,6,6,0,谢谢黄老师。重修选上了您的课我感激不尽。大一学的时候浑浑噩噩，没认真听。大二选到您的课，您讲的很仔细也很有趣。非常感谢这一次学习的旅途能与你同行。再见。
183111,2371,黄建国,2023-11-22 08:39:18,4,5,1,老师很可爱，除了上课讲话声音比较小之外都很好，结课后还给同学们写小作文告别，真的很感动。
183163,2371,黄建国,2023-11-22 12:56:46,-2,2,4,选就对了
183166,2371,黄建国,2023-11-22 13:03:45,0,2,2,老师非常好
183185,2371,黄建国,2023-11-22 14:19:50,1,2,1,老师超好！真的很不错👍结课还和我们发文告别，答疑也很耐心。可惜我没考好呜呜
183188,2371,黄建国,2023-11-22 14:27:37,4,4,0,黄老师很好，上课幽默风趣，人也很好
183190,2371,黄建国,2023-11-22 14:36:38,2,3,1,jg哥哥真的很好，人也很幽默，不点名，人温柔也很可爱~~，最后靠着高中老本还能拿不错的分数
183250,2371,黄建国,2023-11-23 06:43:18,3,5,2,黄老师真的超级好！！！我高中没学过化学，考试以为寄了，但是老师硬是给我捞满绩了，太感动了呜呜呜呜呜……结课了还发小作文跟我们道别😭😭上课可能讲得不是特别明白，但是看ppt自学能懂。ps:老师上课经常会讲他在日本理研留学的故事，非常有趣
183422,2371,黄建国,2023-11-25 15:43:17,5,7,2,作为黄老师的学生和助教，万分荣幸，事无巨细总是亲力亲为，惭愧没能为黄老师分担更多
183703,2371,黄建国,2023-11-29 02:44:35,1,1,0,老师特别特别好，非常有耐心，还讲了非常多有趣的故事🥰🥳
183716,2371,黄建国,2023-11-29 06:48:36,2,3,1,态度满分💯
183909,2371,黄建国,2023-12-03 12:46:17,1,2,1,化学小故事真的有趣哈哈哈哈哈，满分
184355,2371,黄建国,2023-12-18 06:58:26,3,3,0,100满昏
185668,2371,黄建国,2024-01-03 11:47:03,5,6,1,黄老师特别好，在课上学到的不只是化学
186157,2371,黄建国,2024-01-09 06:15:49,3,3,0,大学之大，非有大楼之谓也，而有大师之谓也（黄老师保佑我期末考好）
186295,2371,黄建国,2024-01-10 11:29:52,7,7,0,黄老师是我心目中最符合大师形象的一个人，人文素养与科学素养兼具，对学生关心，对学术求是！
193892,2371,黄建国,2024-06-20 12:41:35,4,4,0,老师太好啦！
194929,2371,黄建国,2024-06-26 03:03:57,2,3,1,爱死你了老师😭😭😭老师又好又温柔，给分还高
195182,2371,黄建国,2024-06-27 05:43:55,8,9,1,捞神啊！我都不知道他期末采用了什么改卷方式才把我捞起来的
198362,2371,黄建国,2024-09-08 02:48:59,-1,2,3,野外生态学绝世好课，老师超级好，去宁夏好吃好玩的同时还能学到知识，老师也特别幽默！
198722,2371,黄建国,2024-09-11 06:08:23,0,2,2,理研的神
199525,2371,黄建国,2024-09-25 02:46:00,1,2,1,爽爽爽
199655,2371,黄建国,2024-09-27 03:21:44,-18,3,21,讲课只会照本宣科，不过人挺好的，给八分吧。
199838,2371,黄建国,2024-10-02 06:32:15,0,2,2,这里是教化学的黄老师，不是另外一个。
201356,2371,黄建国,2024-11-01 05:04:19,4,6,2,老师真的非常温柔，非常好，讲课真的非常认真负责，还经常开一些幽默的玩笑来激励我们，对化学史颇有了解，作业也很少，也会帮助捞捞，真的非常想一直上他的课！
201445,2371,黄建国,2024-11-03 05:30:30,9,10,1,表白黄建国，人太好了。希望老师捞捞我这该死的普化。没带校园卡去考试（因为上一场微积分没有查校园卡），被另一个监考老师说你连校园卡都不带，你来考什么？你回去吧。只有建国哥哥温柔的让我打开手机，放我进去。(ಥ_ಥ)话说这次考试为什么这么难？\n\n\n\n我本来是不会游泳的，现在我连潜水都会了
201448,2371,黄建国,2024-11-03 06:10:56,3,5,2,老师人真的很好😭虽然我都翘课了 感觉普化要挂了 老师菜菜捞捞😭
201462,2371,黄建国,2024-11-03 10:21:33,-5,5,10,黄老师宇宙无敌大好人！小测开卷而且下课后交。不过小测太简单了，与期末考严重脱节，希望给下一届上点难度。
201534,2371,黄建国,2024-11-04 06:27:35,4,5,1,我的超人！
201567,2371,黄建国,2024-11-04 11:18:17,8,8,0,黄老师人真的很好，期末还会捞人，小测开卷，没有时间限制，有问题问的话也会及时回复。如果非要说有缺点的话，那就是课程内容是不得不要自学
201640,2371,黄建国,2024-11-06 08:57:50,6,9,3,可爱的小老头
201643,2371,黄建国,2024-11-05 06:03:39,16,18,2,大学第一次在查老师上打分。这学期学普化乙，非常幸运能够上到黄老师的课。黄老师的课堂内容非常的丰富，除了课本知识有时候还会穿插一些自己的学习经历或拓展一些与课本相关的内容，尤其是配合物的部分，讲得非常清楚；而且黄老师人超好，很体谅大家。非常推荐大家去上他的课。
201715,2371,黄建国,2024-11-05 15:03:26,3,5,2,很推荐
201730,2371,黄建国,2024-11-05 23:59:03,1,3,2,有缘相聚，有缘再聚！
201731,2371,黄建国,2024-11-06 00:19:11,8,10,2,黄老师很幽默很可爱，但是对不起我普化乙基本没怎么听꒰ *•ɷ•* ꒱，最后绩点4.2 谢谢黄老师小测管得那么宽！
201734,2371,黄建国,2024-11-06 02:47:55,11,12,1,老高考理科生一枚，上课老实本分听讲，课后老实本分写题，最后喜提绩点4.8。老师真的很好qwq最后一节课还和我们告别，上课也会讲一些他的留学故事！
201737,2371,黄建国,2024-11-06 01:22:10,13,13,0,很好很捞！建国最帅！爱了爱了
201738,2371,黄建国,2024-11-06 01:22:33,7,8,1,真的捞啊！！！预习一个晚上就给捞到4.8！
201739,2371,黄建国,2024-11-06 01:23:21,6,7,1,伟大黄老师伟大海底捞\n\nI've tried my best.
201740,2371,黄建国,2024-11-06 01:27:16,2,5,3,老师水平别人都说过了，我就补一点：所有公式都是ln！不是lg！作业要好好做，小测最好自己当闭卷来考！3.9遗憾离场
201741,2371,黄建国,2024-11-06 01:50:05,21,21,0,欢迎来到 普通化学+科学八卦史+科研论文阅读培训+日本留学经验交流+南京大学学长见面会+从不点名+小测开卷+平时分拉满+期末海底捞 小课堂（手动狗头）
201749,2371,黄建国,2024-11-06 02:45:37,2,5,3,你是我的神，老师太太太好了，期末考得感觉要挂了，紧张得脚趾扣地，最后被狠狠捞了，总评85，超超温柔，楼下没带证件的考试就坐在我的前面，真的好人。
201750,2371,黄建国,2024-11-06 02:53:12,5,5,0,哒哒哒，黄老师刚刚问作业少是优点还是缺点
201751,2371,黄建国,2024-11-06 02:55:52,3,3,0,绝对好老师 经历多 学识广 快冲
201753,2371,黄建国,2024-11-06 03:00:39,-3,2,5,老师人很好，但上课个人感觉讲的比较枯燥，期末绩点不是很好看，被卡绩了，唉感觉没有很捞吧
201778,2371,黄建国,2024-11-06 07:07:19,1,2,1,出绩点了，上课根本不听考前两周开始疯狂自学，亲测有效！！虽然有很多uu被卡绩了…但老师还是不错的
201781,2371,黄建国,2024-11-06 07:50:36,5,5,0,老师人好事少，但我被绩杀了。。虽然过了但绩点真不高
201792,2371,黄建国,2024-11-06 10:38:36,2,4,2,老师人真的特别特别好！小测很水，但他不让我们说，说他会难过（）一整个学期基本没听，全靠吃老本和考前冲刺补天，还好被捞了……可能被绩杀了但是我知道绩点低就是我自己的问题。。真的绝世好老师，强推！
201798,2371,黄建国,2024-11-06 11:07:25,0,3,3,黄老师没有卡绩！！没有卡绩！他都是给捞到你所能达到的那一档绩点的最高分！虽然认真学了但是最后考试没有发挥好TT老师也是给捞了最后4.2，黄老师人真的好好www无脑选就对了！
201802,2371,黄建国,2024-11-06 11:32:42,3,4,1,虽然没怎么听课但是还是很喜欢老师......其实本人由于高中化学老师太凶和化学成绩一直最差不太喜欢化学，不管谁给我讲课我都听不进去一点的，但是建国是个可爱的小老头，虽然我还是听不进去讲课但是这是我自己的问题。上午考试前一天下午才开始翻开教材，加上感觉今年考试难难的，3点几的绩点我罪有应得，但是没挂已经是非常奇迹的事情了。总而言之，黄老师的课冲就完了
202043,2371,黄建国,2024-11-08 14:37:44,6,7,1,只能说，我绩点低都是我自己的问题，他真的海底捞
202311,2371,黄建国,2024-11-11 12:19:53,3,5,2,海底捞，去年期末考完都感觉要挂了，选择一堆蒙的，大题只会做一半，最后被捞到4.2
204602,2371,黄建国,2024-11-27 03:36:10,1,3,2,宝藏老师！
204873,2371,黄建国,2024-11-28 08:58:21,6,6,0,给分炒鸡好！！！
205738,2371,黄建国,2024-12-11 19:26:15,5,6,1,我已经可以把长冈半太郎谱系默写出来啦
208885,2371,黄建国,2025-01-03 05:04:01,4,5,1,普化实验乙，讲课有趣给分好，不过这门课本身事比较多就是了，总之是很好的老师
209212,2371,黄建国,2025-01-05 05:05:00,0,1,1,黄老师人真的很好！是个幽默可爱，上课认真负责的小老头！给分也很好！
209467,2371,黄建国,2025-01-06 04:45:58,2,3,1,很好的老师，很幽默，普化乙实验给分也很好。
210012,2371,黄建国,2025-01-08 02:08:54,1,2,1,老师好，考试坏，但老师好
210024,2371,黄建国,2025-01-08 02:49:27,3,3,0,大一新生，第一个学期接触了很多个老师，但黄建国老师绝对是我最喜爱最钦佩的
210655,2371,黄建国,2025-01-09 14:44:04,2,3,1,真正关心学生的老师永远会被学生高高举起，结束黄桑的课的时候真有流泪的冲动。说实话无机这门课知识点很多过得很快，但是黄桑有在好好备课和讲，期末怕我们后面还要考试影响心情，让我们可以不看成绩，“但是也可以看看，会有惊喜哦”。（www真的太好了）伟大！！！
211424,2371,黄建国,2025-01-11 11:10:38,0,2,2,怎么能被这些别有用心的同学煽动点名呢～很不错的老师，化学史讲得很好，而且有问题回的也很快，真的很认真负责
211925,2371,黄建国,2025-01-13 01:58:34,0,2,2,普化乙虽然有点催眠，但老师人好，小测开卷不限时，捞（公式里面lg和ln记混了，捞到3.9）
213860,2371,黄建国,2025-01-20 13:53:49,2,3,1,某天化学系邀请了一群班团骨干座谈，谈到基地班无机化学的教学问题，谈了一会后大家才想起来黄老师也在教无机，而且课程代码和化学基地班的无机一样\n\n于是大家达成了一个共识：黄老师什么时候可以来教化学基地班的无机化学，拯救一下水深火热的化学基地班学子啊
214383,2371,黄建国,2025-02-02 15:00:47,0,0,0,555
217913,2371,黄建国,2025-04-18 02:04:00,2,2,0,小测太难了（doge
219953,2371,黄建国,2025-06-12 05:00:20,1,1,0,很可爱的老师，普化实验乙给分神中神！！！
221299,2371,黄建国,2025-06-22 16:58:33,0,0,0,特别好老师
762,2470,费金华,2015-03-16 12:20:32,38,50,12,实验之前的原理和设备使用讲的很透彻清楚，能学到很多东西，老师人也好。建议:听原理时尽量找个东西靠着。
2177,2470,费金华,2015-04-05 06:35:48,6,22,16,通识给分超低 千万别选
13004,2470,费金华,2015-12-24 13:18:44,2,3,1,上的实验。 感觉老师说话很燃阿
14689,2470,费金华,2016-01-08 10:10:54,0,3,3,文科生上的通识。听不懂，但人很好。
15537,2470,费金华,2016-01-15 07:47:02,2,4,2,上的他的化学实验，原理讲的很透彻，赞。
17268,2470,费金华,2016-01-20 03:11:30,4,5,1,看得出来是有思想的老师
18260,2470,费金华,2016-01-21 10:40:16,8,10,2,很棒的老师啊，能学到很多东西
18551,2470,费金华,2016-01-22 04:00:24,8,10,2,让学生自主实验，不要怕做错，学会吸取经验，培养学术型的好老师。
19413,2470,费金华,2016-01-24 06:25:51,2,3,1,挺好的，感觉老师很好
20092,2470,费金华,2016-01-26 05:25:25,10,16,6,感觉很用心在学，但是最后给的绩点真的不敢恭维\n\n
20105,2470,费金华,2016-01-26 06:10:19,3,9,6,通识别选，千万别选
20144,2470,费金华,2016-01-30 11:42:19,0,3,3,通识别选\n\n
20238,2470,费金华,2016-01-26 15:50:53,0,5,5,通识真的很无聊
20257,2470,费金华,2016-01-26 16:20:02,3,10,7,他的化学与人类文明千万别选，怎么死的都不知道
21582,2470,费金华,2016-02-29 08:47:23,6,8,2,通识无聊至极
25237,2470,费金华,2016-05-09 00:05:15,3,6,3,通识真心有点坑，点名加论文就算了，问题是教材不说啊，第一节课说这套教材有两版，而他自己喜欢第一版，结果大家都去买了第一版，特么考试考的是第二版。感觉他很适合做研究，但不适合来上通识诶
33323,2470,费金华,2016-09-18 07:15:44,1,2,1,“我们实验室那设备，就两三百万”
37000,2470,费金华,2016-11-17 04:51:03,0,2,2,拉低我的绩点
39984,2470,费金华,2017-01-16 06:14:06,3,4,1,哈哈哈哈
43307,2470,费金华,2017-01-16 06:18:42,2,5,3,通识死得莫名其妙...拉低绩点
43309,2470,费金华,2017-01-16 06:27:30,1,2,1,水课给分超好\n\n
43352,2470,费金华,2017-01-16 07:32:38,3,4,1,老师很负责
43476,2470,费金华,2017-01-16 10:20:26,3,4,1,超好的老师啊为啥评分这么低啊！老师很和蔼啊指导学生做实验也很棒！不用怕出错，会讲怎样能做好实验怎样能写一份好的实验报告！很可爱很喜欢的一个老师！！
43482,2470,费金华,2017-01-16 10:35:39,3,4,1,真正在听的分数不会差\n\n给分厚道\n\n有干货的老师\n\n
43489,2470,费金华,2017-01-16 10:45:26,1,3,2,垃圾通识，给分超低，上课无聊，千万别选
43537,2470,费金华,2017-01-16 13:37:36,2,4,2,老师人很好，但是给分真的太低了太低了……下了3…………真的不想说什么了太坑了
43653,2470,费金华,2017-01-16 16:43:43,0,1,1,上课还可以，给分真不行。
50447,2470,费金华,2017-05-03 02:48:35,1,2,1,通识课会死人
60859,2470,费金华,2017-10-31 11:39:46,0,1,1,。。。
63982,2470,费金华,2017-12-20 11:59:46,0,2,2,讲课还行
64857,2470,费金华,2017-12-27 12:35:30,7,8,1,老师会点名 而且基本上每节课都点\n\n我是支持老师点名的 选了这门课不来不仅仅是对老师的不尊重  更是对来了的同学的不尊重 你们不来而不扣分最后被正态的是其他同学  对其他同学是不公平的\n\n
65204,2470,费金华,2017-12-31 03:19:58,3,4,1,感觉这里面好多水军，我感觉他上课特别无聊，而且错别字特别多
65228,2470,费金华,2018-01-01 16:18:38,6,6,0,只想针对这门课说说，一门1.5分的课，占用时间真的太多，说实话，我基础化学实验和化学实验甲同时修的，特么半天的化甲在课下的时间比一天的基化还多，我%#!?%#*$&!!!
67478,2470,费金华,2018-01-21 09:52:47,8,8,0,我上的实验课，实验操作很迷的时候，老师总是会过来细心地教！\n\n总体感觉还是学到了很多的。
70569,2470,费金华,2018-01-27 08:32:00,9,10,1,化学与人类文明很有趣 学到了很多 高中学化学的同学强烈推荐
70577,2470,费金华,2018-01-27 08:51:14,3,3,0,化学实验甲，每次来讲课的时候原理都讲的很透彻，给分也不错，蛮负责的老师
70652,2470,费金华,2018-02-01 11:32:52,-3,1,4,垃圾老师，给分不说，上课讲的，考试不考。
70882,2470,费金华,2018-01-27 16:35:38,6,7,1,老师特别的可爱呀～人特别好的～然后作为一个文科生 化学课听的还是云里雾里的…不过放心 最后开卷考，题目都是课件书本里有的 只要考前认真准备过 没问题的～给分好哦～4.5已经很满意啦
71685,2470,费金华,2018-01-29 00:38:07,3,4,1,老师会点名，数人头的那种，但是这对于认真上课的同学绝对是一种优势。作为文科生，平时听课有些跟不上，真的很担心最后的考试。但好在自己坚持没有退课。试卷上的内容大部分能在书上找到，简答和论述题的占比大，已经明显向文科生倾斜了。最后成绩上4了，非常感激老师。毕竟已经做好了被正态的准备……好好准备，认真听课，还不错的通识，没那么可怕哦
73751,2470,费金华,2018-02-03 05:06:07,2,4,2,老师人超级好
74740,2470,费金华,2018-03-05 10:52:38,3,3,0,给分一般，几乎每节课都点名
87306,2470,费金华,2018-09-27 01:08:33,0,1,1,为什么不留联系方式，也不建群。
88844,2470,费金华,2018-11-09 23:44:44,9,9,0,真正的好老师，楼上绩点低的请考虑自己的问题！他喜欢你按自己的思路写报告，而不是抄书！他会为你的实验报告专门去找助教修改！
92540,2470,费金华,2019-01-02 09:37:38,8,8,0,老师人超级超级超级好，上实验特别有趣可爱，经常走到旁边指导错误！我的滴定管不通，老师亲自给我捅，帮我做实验~助教人也都超好超好，强烈安利！
93406,2470,费金华,2019-01-09 12:19:27,0,1,1,老师讲的很有激情。非常适合文科生来上，因为就是讲的化学与生活，有趣又简单，
95351,2470,费金华,2019-01-19 08:50:18,2,3,1,上的是老师的普化实验。老师很心细，会走来走去纠正你的错误，帮你弄仪器。实验操作前会认真地讲实验原理，废话很少，但可惜我没好好记啊，理论考很多都是老师讲过的但是书上没提的，好好听课很重要！
98694,2470,费金华,2019-01-23 23:19:24,2,6,4,化学与人类文明觉得给分不好的右边直觉点
99577,2470,费金华,2019-01-25 03:38:44,4,4,0,给分一般 人挺好的
103389,2470,费金华,2019-02-28 01:20:39,2,3,1,开心快乐喜欢他！！！
118264,2470,费金华,2019-10-24 05:08:05,5,6,1,绩点跟这个脑残玩意有仇，而且脑子僵化死板不会变通，实验报告该写的都写了嫌位置不对也扣分，评论里没有0分我才打一分。
127265,2470,费金华,2020-11-18 12:45:22,-1,0,1,上课讲和丈母娘商量装修自己的别墅？？？
141015,2470,费金华,2021-09-21 12:52:25,-4,0,4,rnm垃圾老师\n\n拖课死妈\n\n实验预习报告实验报告司马要求多 cnm
145424,2470,费金华,2021-12-29 13:11:47,0,1,1,实验课超级好！老师很亲切和蔼，会帮你弄装置。每次实验我的装置都有问题，他都会帮我搞好，感觉他也挺辛苦的
145425,2470,费金华,2021-12-29 13:11:47,1,2,1,实验课超级好！老师很亲切和蔼，会帮你弄装置。每次实验我的装置都有问题，他都会帮我搞好，感觉他也挺辛苦的
145426,2470,费金华,2021-12-29 13:11:47,1,1,0,实验课超级好！老师很亲切和蔼，会帮你弄装置。每次实验我的装置都有问题，他都会帮我搞好，感觉他也挺辛苦的
145427,2470,费金华,2021-12-29 13:11:47,1,1,0,实验课超级好！老师很亲切和蔼，会帮你弄装置。每次实验我的装置都有问题，他都会帮我搞好，感觉他也挺辛苦的
148190,2470,费金华,2022-01-12 00:20:53,3,5,2,作为一门通识课很难把其当成专业课来讲我承认，期末确实只需要带书，涉及物理化学生物的内容，我自认为做的不错（高中选的理化生），平时作业也在认真写，论文3000也交了，最后结果不咋地给分真的不好，可能只有老师认识的才给高分吧，通识课不建议选了
148191,2470,费金华,2022-01-12 01:12:28,2,3,1,《化学与人类文明》作为一门通识课，屁都没学到。在上课经常吹嘘自己家的情况怎么样。而且快到期末了还布置什么论文。最后有人论文没交4.2，我交了论文3.6。给分机制可谓随意，如果你想拼运气就选这个课吧🐶
148235,2470,费金华,2022-01-12 02:27:52,2,2,0,我不理解，高中选过化学，平时上课从不缺勤，论文也好好写，最后只有3.6，另一个高中全文的同学，论文都没交却能上4.2，这就是所谓的“正态分布”？呵呵，看来是他不想让我继续当个文明人了。
148248,2470,费金华,2022-01-12 03:30:45,1,1,0,真的不理解，自己也有好好学，但是还是乱给分，高中学的化学白学了呗。到底是怪老师，还是怪该死的正态分布。真的不理解，建议别选这课，真心想人死。
148325,2470,费金华,2022-01-12 06:50:42,3,3,0,我上的是费金华老师的《化学与人类文明》课，在此将本课相关信息列出，供后来同学参考，希望能有一定帮助：（注：这些只是2021秋冬学期的情况，可能之后会有变化）\n\n1.老师比较在意上课是否缺勤，有时候会点名\n\n2.老师上课的时候会在讲台和前排走来走去，而且有时会随机点名提问，有点类似高中授课方式\n\n3.会布置小的思考题作业，大概每节课两道，不一定每节都有。思考题大部分与上课内容相关，有些需要认真听讲，有些需要上网查一些资料，但还是推荐认真听讲。另外从网上随便抄一些资料对付不过去的，抄再多也没用，本人一次c-作业为证（\n\n4.上课记笔记不用特别详细，记一些老师讲了但是PPT上没有的知识点，因为在临近期末的时候老师会把课堂内容整理成PDF文档，多数比较详细，但是部分只是纲要，课堂上他拓展或者深讲的具体信息需要你自己的笔记补充\n\n5.课本上课几乎用不到，但是考试会用到，还是买吧\n\n6.考试开卷，分为小问答题、选择题和大简答题。小问答题和选择题主要是课本知识和生化物基础知识，翻书和知识基础基本能解决。大简答题三选二，有很多跟费老师布置过的作业以及上课讲过的问题有很深关联。但考试不让带你平时的作业本，大家做作业的时候认真就好。另外，考之前跟别的老师教的同学互通一下有无，考试卷是几个老师合出的，多了解一下别的班画的重点，对考试有帮助\n\n7.老师可能会布置“期中小论文”，3000字以上，期末考试之前交，算入平时成绩\n\n8.平时成绩占30%，包括作业，课程论文，课堂和其他\n\n8.老师人还是不错的，很和蔼，很好玩，但是绩点可能不太尽人意，确实存在不缺勤也交作业也交论文但是绩点3.几的情况\n\n以上。
157714,2470,费金华,2022-06-24 12:19:16,2,2,0,今年上了费金华老师的普通化学实验（乙）这门课，觉得费老师是一个很不错的老师。（当时选化学实验课的时候还因为费老师7左右的评分而担惊受怕来着，后来完全没这样的想法了。）上课的时候如果有不会的操作老师会来教你、帮你搞，讲实验原理的时候会比较细致（找个能靠着的地方站，真的）。费老师对实验报告的要求会有点高，但是用心写的话老师会给比较好的分数的（费老师偶尔会亲自批实验报告）。还有助教小姐姐人也很好，很耐心也很温柔。
179026,2470,费金华,2023-08-22 13:20:32,1,1,0,老师讲得很详细，人也很和蔼。助教差评，一个学期下来实验报告没拿过一个A。
181560,2470,费金华,2023-10-23 01:25:44,3,4,1,大化p，我的评价是避雷。老师人还不错，但事情真的很多。实验报告隔壁可以电子版，但是老师要求全手写，数据处理方式也要求的更加复杂，预习测试分数计入总分但是开放太晚，总之慎选，比较各个班分数最后都会调平，没必要选事多的老师。
189119,2470,费金华,2024-01-22 04:09:35,0,0,0,讲得很详细，给分很求是
189160,2470,费金华,2024-01-22 08:08:08,5,5,0,上的是老师的大学化学实验（P）\n\n老师人很好，上课对实验原理和步骤讲得非常详细（反正比我的物化老师讲得好多了），实验过程也是保姆式教学，演示直到你完全会了为止。实验报告的话要求手写，会比别的班多用一些时间。听说给分很求是，但是这门课好像规定了平均分是85分吧，最后每个班内部都是调平的，给分应该也不会特别差。我的建议是可以冲。
194348,2470,费金华,2024-06-23 10:00:50,0,0,0,给分一般般
197067,2470,费金华,2024-07-07 05:41:53,0,0,0,化学实验乙\n\n首先老师确实把实验操作讲得很详细，实验中还会帮你搭装置，但他对报告的要求比较高，要做的计算更多更复杂，因此给分并不好，建议慎选。\n\n另外吐槽一下助教，我报告辛辛苦苦写四页是B，后面摆烂写两页也是B，不知道怎么评的
2039,2553,郭伟强,2015-03-30 06:35:06,1,1,0,很棒的老师
91533,2553,郭伟强,2018-12-12 22:53:54,0,0,0,思路清晰，很好
415,2557,包伟良,2015-03-15 02:06:33,18,24,6,老师本人水平还是很高的 但讲的乱听的累 无重点 最后给分真是一丝不苟严肃认真
2812,2557,包伟良,2015-05-08 02:44:09,2,3,1,上课，作业，考试一路跪到底，看在将将给我及格份上勉强给个中评好了quq
8330,2557,包伟良,2015-09-18 11:05:26,6,7,1,讲得好乱
8495,2557,包伟良,2015-09-22 01:12:11,11,13,2,讲的太乱了！！！！！\n\n完全不知道他在讲哪里？
11742,2557,包伟良,2015-12-13 12:51:31,2,3,1,非一般的感觉
12128,2557,包伟良,2015-12-24 05:20:24,3,5,2,就是这么任性
12129,2557,包伟良,2015-12-22 02:43:53,-5,2,7,好极了
12238,2557,包伟良,2015-12-22 13:06:10,2,3,1,不错!
12424,2557,包伟良,2015-12-23 08:43:36,1,2,1,其实还不错的
12441,2557,包伟良,2015-12-23 09:28:05,-7,3,10,老师给分高
21734,2557,包伟良,2016-03-01 02:26:25,-5,1,6,好的好的
22302,2557,包伟良,2016-03-03 10:47:16,1,1,0,第一节课感觉还不错
22341,2557,包伟良,2016-03-04 01:00:50,0,1,1,讲课凌乱，完全听不懂
22594,2557,包伟良,2016-03-08 09:23:07,3,4,1,表示不知道在讲什么\n\n
23145,2557,包伟良,2016-03-20 02:40:04,7,8,1,深深的恐惧和极度的绝望。我看不到我有机的未来。
23333,2557,包伟良,2016-03-25 01:33:05,2,3,1,上课完全不按课本，为什么不用别的教材
23651,2557,包伟良,2016-04-11 16:12:13,1,2,1,怎么没有零分?\n\n讲的乱，作业可以难一些，但您好歹给个答案吧，甚至作业都得去自己拷。\n\n
29072,2557,包伟良,2016-06-29 08:09:26,2,4,2,完全不按书，乱七八糟，第一节课就让我失去了对有机的兴趣。。。交完我们就退休了。。。。。呵呵哒。。。为什么要来荼毒我们。。。。。。
32068,2557,包伟良,2016-07-05 14:15:08,1,2,1,一个很可爱的老爷爷，学识渊博，水平很高，认真听课看书的话给分还是不错的
32369,2557,包伟良,2016-07-06 09:41:48,0,0,0,给分不行啊兄弟
34241,2557,包伟良,2016-09-29 03:04:41,1,1,0,重修听了其他老师的课才知道这个老师讲课有多没重点，多渣
2343,2636,周宏伟,2015-04-23 23:58:02,0,0,0,段子手系列
17165,2660,阎卫东,2016-01-19 22:51:56,0,1,1,还可以
33537,2660,阎卫东,2016-09-20 03:20:57,-1,0,1,很能扯啊
34528,2660,阎卫东,2016-10-13 01:12:38,0,2,2,讲得烂，还经常要签到，还数人数，每次上他课都莫名的不想听，纯靠自学
38692,2660,阎卫东,2016-12-15 01:23:56,-1,0,1,人很好的老师哦 物化挺有趣的吧hhhh 老师讲到生活和物化历史啥的时候都停不下来 没有期中考 给分的话呢我还不知道0 0
39344,2660,阎卫东,2016-12-22 06:41:30,-1,0,1,故事挺多的
40317,2660,阎卫东,2017-01-02 11:35:27,2,3,1,喜欢这个老师，视野宽广不拘泥于课本，有许多往事。UC berkeley。。。。我好想去啊(≧ω≦)
46452,2660,阎卫东,2017-01-21 15:09:24,-1,0,1,怎么说呢，老师人是很好的，全身弥漫着一股学者的气息，很喜欢讲他以前学习的事。但是上课是真的有点枯燥，认真的娃可以听下去，比较水的只能自习，上课有时候会有点名册传下来签名。总体还好。
280,2684,吴清洲,2015-03-15 00:04:06,21,24,3,老师上课很耐心，做实验的时候会每桌转过去指出错误，问问题总是热心解答，很棒哒老师！
1096,2684,吴清洲,2015-03-21 16:09:10,15,15,0,老师讲课挺好，认真，给分也不错
1538,2684,吴清洲,2015-03-22 11:21:44,4,4,0,不错，很认真也很和气，给分也不错
9450,2684,吴清洲,2015-10-27 12:37:54,8,10,2,和老师没啥关系。关键是碰上怎么样的助教。默哀一分钟～
14694,2684,吴清洲,2016-01-08 10:59:17,1,3,2,人很好
15720,2684,吴清洲,2016-01-16 07:41:39,5,5,0,做实验的时候会指出你的错误，会引导你去想为什么实验步骤要这样做
15899,2684,吴清洲,2016-01-16 14:14:51,5,5,0,好老师，很可爱，很和蔼，给分好，助教也很有爱
15936,2684,吴清洲,2016-01-16 16:03:51,3,3,0,棒棒哒
16798,2684,吴清洲,2016-01-19 03:49:38,7,7,0,老师人很好，给分也好
33899,2684,吴清洲,2016-09-22 11:42:18,5,5,0,帮帮嘚，老师人很好嘞
36908,2684,吴清洲,2016-11-16 12:28:31,3,3,0,老师很开朗的老头子(？)会告诉你哪里错了，回答问题挺热情的。不过大多数时间是助教全程教学，因为老师要管几个班。每个实验助教都不一样，都挺好的，就有些会严格点，看你运气了_(:з」∠)_
37082,2684,吴清洲,2016-11-17 09:32:17,3,3,0,大概有好几个班的原因，实验思路一般都是助教讲，每三四周会亲自讲一次，讲的很耐心，很和蔼，实验时会和助教一起走来走去指导实验，指出问题，引导思考解决方案，很棒的老师。每次作业都计分的，格式很重要，要认真做。
41558,2684,吴清洲,2017-01-12 07:43:51,3,3,0,很喜欢，只要实验报告认真写，最后绩点很高\n\n\n\n
41564,2684,吴清洲,2017-01-12 07:49:45,2,2,0,像个和蔼的老头
41566,2684,吴清洲,2017-01-12 07:57:14,2,2,0,超级可爱的老师！很负责。助教们也是超级棒，几个助教姐姐超好看！
41569,2684,吴清洲,2017-01-12 08:04:53,5,6,1,作为一个信息大类的不小心误选了化学实验的某zz 只能说没学过普化 分就这样hhhhh 但老师人很好 挺和蔼的 虽然有些助教不太好 但最后分还行
65831,2684,吴清洲,2018-01-09 12:24:47,1,1,0,超喜欢他。。超可爱的一个的老师。人特别好，特别好！！！
66117,2684,吴清洲,2018-01-12 02:36:15,1,1,0,真的超棒，你去问他问题他会很耐心地引导你，而且还会看着你做下去。对人也很和蔼，经常会自己傻笑，真的超级可爱！
68387,2684,吴清洲,2018-01-23 05:56:13,1,1,0,老师很耐心，很有人格魅力，但是有的助教有点凶。
68456,2684,吴清洲,2018-01-23 08:28:08,0,0,0,老师很可爱很和蔼，但是有两个助教给分难看还没耐心，见了鬼了
72761,2684,吴清洲,2018-01-31 05:03:59,1,1,0,老师真的超级超级可爱啊 我们叫他小可爱\n\n给分我觉的还好 都是自己一次一次实验报告写出来的结果 没什么好抱怨的 助教人也很好 祝大家满绩
75226,2684,吴清洲,2018-03-08 05:40:41,1,1,0,老师很和蔼的～过节还会在群里发大红包让大家抢（只允许他自己发哈哈哈哈）问他问题都会很和蔼地告诉你，特别喜欢老师的口音233。实验报告是助教给分的，和老师没有关系。期末的考试我们班是老师自己改的，能给的都给了（考前还说这个考试不重要哈哈哈）
77728,2684,吴清洲,2018-05-07 12:01:47,0,0,0,人很和蔼
80864,2684,吴清洲,2018-07-02 05:38:49,0,0,0,特别可爱的老师 很爱学生 鼓励自主思考\n\n
90050,2684,吴清洲,2018-11-22 03:11:15,3,3,0,挺搞的
90865,2684,吴清洲,2018-11-27 00:21:45,4,4,0,突药?
93567,2684,吴清洲,2019-01-10 12:16:41,6,6,0,说话模模糊糊，很搞
94002,2684,吴清洲,2019-01-15 00:23:26,12,12,0,老师是个很可爱的老头，总是讲着讲着就自己笑，口音也很可爱，不过还是能听清课的。分析化学这门课只凭听课是不行的，讲的内容又多又杂，老师讲的速度也很快，但经常在群里发课件和注意事项，给同学们答疑也很积极，很认真的老师！
94591,2684,吴清洲,2019-01-17 09:45:58,3,3,0,吴老师人真的很nice，普化实验课氛围很轻松。平时分占75％，最后的理论考占25％。平时分主要看实验报告，一定要好好写，实验报告的分数是助教改的，有些助教很好，小错误不会给你扣分，但有些助教就很固执地给你扣掉。所以，你尽量自己注意一些去拿满分，期末理论考也要好好复习每个实验，包括基本的原理和操作。最后绩点虽然没有达到我的预期，但还是很谢谢老师一个学期以来的悉心指导。
97659,2684,吴清洲,2019-01-22 12:51:00,1,1,0,这门课到底咋学\n\n学了干嘛的
98253,2684,吴清洲,2019-01-23 08:45:33,0,0,0,ppt超可爱，来表个白～
101254,2684,吴清洲,2019-01-28 02:47:28,2,2,0,虽然没有拿到自己想要的成绩，但是不得不说老师人还是很好的。平时在群里会很热心的回答问题，也会在看到有人半夜回答问题时让他好好休息，老师真的是个好老师
101267,2684,吴清洲,2019-01-28 03:05:12,0,0,0,老师会把题目讲得很清楚，十分负责，而且会教我们做题的技巧，感谢老师！！
101488,2684,吴清洲,2019-01-28 09:45:53,18,23,5,超级棒！ 上了实验课 不但4.5 还脱单了 真的是非常好滴老师 讲实验又幽默又认真
101964,2684,吴清洲,2019-01-30 01:29:04,1,1,0,不怎么听课emmm老师很认真实在
110678,2684,吴清洲,2019-06-28 04:12:40,2,2,0,很好，很有耐心，笑嘻嘻，很负责任
110765,2684,吴清洲,2019-06-28 07:52:24,4,5,1,带本化学菜鸡上了3.9！！！
110768,2684,吴清洲,2019-06-28 07:58:21,0,0,0,多谢老师，老师讲的分析化学很有趣，给分也好，超赞的
110771,2684,吴清洲,2019-06-28 08:03:00,1,1,0,老师给分超级好
115413,2684,吴清洲,2019-07-22 03:45:40,1,1,0,很好的老师
120895,2684,吴清洲,2020-01-18 10:25:56,2,2,0,课件质量很高，答疑像打了鸡血，谢谢道长的课件让我整个学期没翻书。
121587,2684,吴清洲,2019-12-12 10:02:34,7,7,0,课件质量极高\n\n\n\n不考英文题。\n\n\n\n“化学课，不是英文课。\n\n种好自己的地，不耕他人的田[呲牙]”\n\n然后大家疯狂水群，发一堆极其夸张的大拇指…\n\n“好好学习，别整这些没用的[微笑]”\n\n全群死寂…
124528,2684,吴清洲,2020-07-02 10:57:05,1,5,4,说话含含糊糊，听不清
131118,2684,吴清洲,2021-01-26 04:38:44,4,4,0,老师人超级好啊，可爱又和蔼，讲着讲着自己就会开始笑，不点名，会捞人～另外强烈安利老师的PPT，真的超级用心，各种划重点、做批注。最后这门课大家抄A4纸一定要注意细节，用0.38的笔，各种颜色的笔混着抄，祝大家都上4！
131133,2684,吴清洲,2021-01-26 06:56:18,6,6,0,这是老师期末考完之后给我们的话（直接复制来了）:\n\n也祝贺同学们！ \n\n祝愿同学们各科都取得好成绩[微笑] \n\n吴老师没有被评为名师过，但吴老师也是浙大学生的家长。[微笑] \n\n做为老师，希望大家都能取得满绩点。但老师不是超人，要多给一分都要找原始数据。同学们的卷子要集体改，最后卷子还要存在系档案室。[憨笑]
131136,2684,吴清洲,2021-01-26 06:53:00,3,4,1,吹爆吴老师！！！！！太好了！PPT简直太棒了！！！！和蔼有耐心！超级会捞！特别关心同学！！！！！虽然课程比较难但看PPT做好作业就特别好！！！！太好了！！绩点4.5我满足了！！！不选他后悔！
131904,2684,吴清洲,2021-01-29 09:47:01,4,4,0,上的老师的分析化学乙\n\n老师是个非常可爱的人，平时总是面带笑容，上课很用心，也经常在群里解答问题。老师的PPT质量很好，不过感觉上课之前还是可以粗略的看一下书，因为这门课其实内容很多，但学时少。\n\n成绩方面，老师是非常努力的捞人的。结课的时候班上挂科的是一些平时作业低于45分的人，看到老师在群里面发的信息，感到了老师的努力和痛心，也感受到了老师关心同学的心。
138652,2684,吴清洲,2021-07-10 06:26:27,-3,0,3,选上吴老师的分析化学课是我最大的幸运
144321,2684,吴清洲,2021-12-21 05:55:21,-3,0,3,老师人真的很棒！！！很可爱很有耐心哇！！！
148413,2684,吴清洲,2022-01-12 11:26:45,3,3,0,老师人很好，虽然讲课模糊不清。
150158,2684,吴清洲,2022-01-19 15:15:47,3,3,0,吴老师人很好，但是说话比较模糊，并且对原理的解释可能不太到位，主要靠自学（可能是个人原因，或者是分析化学要学的内容太多）
165361,2684,吴清洲,2023-01-02 16:45:32,2,2,0,谁听得懂他说什么啊，听都听不见，我真的无语了，心累……
166856,2684,吴清洲,2023-01-14 02:51:18,1,1,0,总体还行
17670,2690,冷文华,2016-01-20 15:13:47,1,4,3,冷老师很认真，上课也蛮好的。
17694,2690,冷文华,2016-01-20 15:49:55,-1,3,4,有意思，会讲点大道理。
17899,2690,冷文华,2016-01-21 03:33:24,0,4,4,有意思的老师，关键这里怎么没物化！老师明明还上物化呀！
29607,2690,冷文华,2016-06-30 04:46:56,0,2,2,我上的大化p，老师人不错，很有帮助，就是不会来讲考试的东西，考试还要靠自己啊
32044,2690,冷文华,2016-07-05 12:59:31,4,4,0,感觉不太靠谱，语言表达能力让人无语，就是人还算好，事少。
48555,2690,冷文华,2017-03-07 07:36:33,0,3,3,太可爱了啊啊啊啊啊啊啊啊！！！！
50625,2690,冷文华,2017-05-04 02:29:04,1,1,0,。。。
57209,2690,冷文华,2017-07-06 04:48:07,0,2,2,挺好的\n\n
57217,2690,冷文华,2017-07-06 04:54:33,11,12,1,大化P最差的一次体验...
86674,2690,冷文华,2018-09-18 02:23:55,1,1,0,要求很严格，老师人挺好的，发型很可爱噗，讲话有点听不懂？
105667,2690,冷文华,2019-04-18 07:21:41,8,9,1,大化p体验极差
109814,2690,冷文华,2019-06-29 04:01:15,6,6,0,sb不解释
115010,2690,冷文华,2019-07-14 04:08:00,-2,6,8,老师对于实验报告近乎严苛的要求对于我们其实是非常好的训练
115541,2690,冷文华,2019-08-02 04:17:32,2,2,0,本学期最恶心的老师
116179,2690,冷文华,2019-09-05 14:11:14,0,0,0,体验感极差
166974,2690,冷文华,2023-01-14 12:50:08,0,1,1,绩杀，老师可爱
184116,2690,冷文华,2023-12-10 00:51:21,1,1,0,老师对实验报告的要求比较高，但这确实使我在后续的大化实验（O）和大化实验（A）中报告没再翻过车
209115,2690,冷文华,2025-01-04 14:06:06,2,2,0,普化实验甲，上课喜欢分享自己的独特观点（听了一个学期感觉很认可，也许被同化了），除了吐字不是很清楚都不戳，能学到不少东西
48175,2707,肖丰收,2017-03-01 05:35:31,1,3,2,大化P老师真的是太水了啊。。。最后完全靠自己的，复习课也没有，老师经常都在出差，最后给分几乎完全参照期末理论考试，略显随意
66800,2707,肖丰收,2018-01-19 06:03:42,8,8,0,老师科研能力很强，时间下课最快，省事
68165,2707,肖丰收,2018-01-22 16:07:13,1,3,2,总之感觉老师的心思根本不在给我们上课上……大概和总是飞来飞去参加各种会议有关吧……给分也很迷，虽然要求低，可是根本没学到什么，原理都完全没弄懂就突然开始做实验……
91583,2707,肖丰收,2018-12-14 06:29:40,1,2,1,呵呵，他带实验麻烦给他配个什么都会的助教吧
99150,2707,肖丰收,2019-01-24 10:26:01,1,2,1,实验很轻松，理论考没挂，给分不高，貌似大化p都不高
104080,2707,肖丰收,2019-03-11 14:36:14,1,1,0,指导实验很不负责任，不仔细讲原理放任我们自己做，学的很艰辛。
118450,2707,肖丰收,2019-10-27 06:12:50,6,9,3,事情少，批报告比废金华成绩高很多，评分不知为啥这么低，应该给10分
33290,2921,丁寒锋,2016-09-18 02:02:34,17,37,20,听天书
33291,2921,丁寒锋,2017-01-17 08:39:01,4,16,12,绝对的好老师，学不好有机是自己的原因
33295,2921,丁寒锋,2017-01-03 06:30:19,37,50,13,没有对比不知道原来老师上的那么好，最后一节课别的老师来代课，那酸爽，所以丁老师讲的真的很好
33312,2921,丁寒锋,2017-01-12 16:01:49,83,106,23,好老师！没有对比就没有伤害！完美丁代表
33315,2921,丁寒锋,2017-01-17 03:43:20,11,19,8,老师人很好，只能说是自己不努力了?
33320,2921,丁寒锋,2016-09-18 06:46:28,-5,10,15,还不错
33333,2921,丁寒锋,2017-01-19 10:20:54,61,71,10,挺好的老师。小可爱，小迷糊。
33339,2921,丁寒锋,2017-02-28 07:55:32,9,17,8,爽翻了
33354,2921,丁寒锋,2017-01-16 11:25:02,2,9,7,自学成才
33386,2921,丁寒锋,2016-09-19 03:56:00,6,19,13,不如自己看ppt
33532,2921,丁寒锋,2017-01-17 03:30:02,4,16,12,绝对的好老师，考试之前我以为我挂定了，但最终结果让我意想不到。
33557,2921,丁寒锋,2017-01-12 08:09:07,7,19,12,丁老师知识水平很高，而且很负责，脾气也很好，更我们讲的道理也非常深刻，对人生颇有帮助
33565,2921,丁寒锋,2017-01-15 04:57:48,101,137,36,绝对的好老师
33566,2921,丁寒锋,2016-09-20 06:29:48,1,10,9,很不错
33568,2921,丁寒锋,2017-01-15 05:02:32,73,93,20,丁代表超级棒超级棒超级棒 你上的一定不会是假有机 没有丁代表的课你的人生是不完整的
33569,2921,丁寒锋,2016-09-20 06:37:23,-3,6,9,一连蒙蔽 什么鬼
33570,2921,丁寒锋,2017-01-21 11:43:10,8,22,14,不选他你一定会遗憾的！快来吧
33573,2921,丁寒锋,2016-09-27 07:28:25,-2,8,10,这老师有毒！
33577,2921,丁寒锋,2016-12-30 01:18:58,6,13,7,越来越觉得有趣hhh
33578,2921,丁寒锋,2017-01-19 09:17:49,-3,6,9,好老师，不仅教得好，好关系同学的生活，强烈推荐
33584,2921,丁寒锋,2016-09-20 07:19:48,4,11,7,嗯 这很容易理解的 你们都可以理解的吧 好下面继续。。。。。。我去 上课飞速 还不如自学
33585,2921,丁寒锋,2016-09-20 08:07:02,10,18,8,很厉害  不愧是教求是班的  吃土的我一脸萌比
33586,2921,丁寒锋,2017-01-03 06:54:15,37,56,19,没有丁老师的有机课简直生不如死，有机就得选丁寒锋，最后祝大家不要挂科。
33592,2921,丁寒锋,2017-01-17 05:41:14,-2,8,10,遇上丁代表是我的幸运
33593,2921,丁寒锋,2016-09-20 07:42:30,-3,6,9,一言难尽
33920,2921,丁寒锋,2017-01-03 07:04:18,21,35,14,中马友谊的小船就这样翻了！
34126,2921,丁寒锋,2017-01-18 02:07:43,33,44,11,是一种享受
34287,2921,丁寒锋,2016-11-25 00:28:08,5,9,4,其实认真听老师课的还是不错的 就是难度太大了 对我们来说有点苦难 但是老师人很不错?
34288,2921,丁寒锋,2016-09-30 01:49:49,-1,6,7,上课....没什么拓展，有点照本宣科的味道。总体还过得去吧，要学好还得靠自己....
34463,2921,丁寒锋,2016-10-11 06:46:47,-3,4,7,表达能力不好
34622,2921,丁寒锋,2016-10-15 14:25:22,-1,5,6,我觉得我已经讲的很清楚了
34637,2921,丁寒锋,2016-10-17 05:15:42,-3,7,10,完全靠自学
34682,2921,丁寒锋,2017-01-12 02:42:19,-6,2,8,哈哈哈哈哈哈哈哈人大代表的凝视
35084,2921,丁寒锋,2016-11-01 23:49:49,3,7,4,我想他已经讲得很清楚了
35174,2921,丁寒锋,2016-11-25 00:28:27,41,51,10,突然爱上了霸道总裁丁寒锋
35176,2921,丁寒锋,2016-11-04 00:59:44,4,10,6,沉浸在自己的世界中无法自拔。全程一脸懵逼。
35311,2921,丁寒锋,2017-01-17 02:59:08,-7,7,14,自学的，过了不用再来了。但也感谢丁代表一个学期的教导。
35315,2921,丁寒锋,2016-11-08 15:29:37,4,8,4,讲道理怎么有这样的老师 死亡凝视
35506,2921,丁寒锋,2017-01-17 07:20:31,33,45,12,真的是个有神奇魅力的老师。一个学期下来，老师渐渐地每天打击我们会挂科变成了每天督促我们看有机书、在群里耐心解答问题，在最后打平时分时也尽量帮着我们。上课总会怼怼我们，可没有恶意，真的是希望我们变得更好。他带给我们的不只是知识，更多的是一些未来人生道路上的警示。大家都亲切地称他“丁代表”，虽然没有当选人大代表，但你永远是我们的丁代表！我相信之后的学生一定会对你带有同我们开始时一样的偏见，但最后一定都会被你的刀子嘴豆腐心给温暖的！丁代表，虽然我有机不会，但我们都爱你呀！
35527,2921,丁寒锋,2017-01-17 05:37:43,5,8,3,上完他的课你绝对是老师脑残粉真的人生导师
35567,2921,丁寒锋,2016-11-10 07:28:10,30,47,17,我只能说你如果认真听你能懂ppt但是你真的听不懂他在讲什么，或许是因为和外国人以及大佬打交道多了他在讲课的时候不会浅显易懂的话。但是，他在怼你的时候那语言能力那逻辑清晰的那是不要不要的
35808,2921,丁寒锋,2017-01-03 06:37:26,63,76,13,丁代表的课是真的清楚，平时还会和同学们分享人生感悟，从来没有一位任课老师像丁代表一样的关心同学们的日常生活，如果你选上了丁代表的课，绝对是你大学生活最大的幸运
36125,2921,丁寒锋,2016-11-10 13:06:42,-4,4,8,无聊得很
36484,2921,丁寒锋,2016-11-14 07:16:22,4,11,7,迟到了不管上课睡觉不管 然鹅课后积极讨论抱怨课太难他就会在课上嘲讽你的智商?️ 哦还好我是上课睡觉那一拨的 心疼积极宝宝们
36643,2921,丁寒锋,2017-01-15 08:14:29,10,24,14,好听的课！！超级棒！！关心同学！！！
36705,2921,丁寒锋,2016-11-15 12:43:12,5,10,5,很负责任的老师，作业写的不好会被点，就是可能原来是教竺院大佬的所以听起课来会有点困难。经常吐槽我们嫌弃我们，但是其实听他那些金句还是很有意思的事情。认真听几周的课会喜欢上他?
37645,2921,丁寒锋,2017-11-23 09:07:47,21,31,10,计算机这么简单的课还算课吗
38122,2921,丁寒锋,2016-11-25 00:28:19,23,31,8,可爱的丁代表
38557,2921,丁寒锋,2016-12-08 11:56:38,14,19,5,祝老师圣诞劫快乐！
38645,2921,丁寒锋,2016-12-23 02:51:21,7,12,5,听老师的课，最有趣的部分是听他回忆他的光辉岁月！
38687,2921,丁寒锋,2017-01-03 06:39:13,72,84,12,我爱丁代表！丁代表是电丁代表是光，丁代表是人民的榜样！\n\n我要和代表一起给大家拜个早年！
38913,2921,丁寒锋,2016-12-20 00:08:14,1,2,1,丁代表还是很棒的~
38985,2921,丁寒锋,2017-01-13 04:44:57,4,7,3,不选丁代表的课我都怕你后悔
39448,2921,丁寒锋,2016-12-23 02:51:44,2,8,6,这老师有毒\n\n反正上课只听得懂他怼人还有嘲讽马来西亚小哥以及那些富含毒性的人生鸡汤\n\n看得出来他尽力了\n\n如果不是我的老师 我应该很喜欢他
40190,2921,丁寒锋,2017-01-15 05:19:56,22,31,9,超级棒，抑制不住自己想在去一次的冲动！！！
40194,2921,丁寒锋,2016-12-30 01:53:22,19,26,7,我相信来查丁代表分数的人会发现评论里有很多看不懂的梗，作为丁代表摧残下上完有机的学生，这些梗可以玩四年[手动滑稽]
40210,2921,丁寒锋,2017-01-15 05:04:18,5,10,5,丁大佬，丁代表，丁爸爸，一个个称呼代表着我们的尊敬。在浙大遇到这样的老师真的是三生修来的福分，且行且珍惜
40220,2921,丁寒锋,2016-12-30 07:20:59,5,7,2,好老师，智者的幽默！
40375,2921,丁寒锋,2017-01-03 06:26:28,42,53,11,丁代表在不断进步\n\n如果说听不懂 错的不是老师 一定是课本身\n\n有机这门课特例过多并且落差太大 老师已经很努力了
40377,2921,丁寒锋,2017-01-03 06:29:27,50,60,10,前面说不好的都是喷子，强推丁代表的有机\n\n
40378,2921,丁寒锋,2017-01-03 06:34:57,5,7,2,他已经很努力了
40379,2921,丁寒锋,2017-01-03 06:35:25,6,9,3,虽然听不太懂，但是真的很认真讲，老师人很好\n\n
40380,2921,丁寒锋,2017-01-03 06:36:00,29,39,10,超赞 有机老师里面讲得最认真细致 学弟学妹们选这门课不会错
40381,2921,丁寒锋,2017-01-03 06:37:23,25,34,9,是个好奶爸，好儿子，天才化学合成家，心灵导师……
40382,2921,丁寒锋,2017-01-03 06:36:26,23,31,8,人文关怀+心灵鸡汤)×有机化学=丁代表
40383,2921,丁寒锋,2017-01-17 07:21:36,18,24,6,好，你们请珍惜一个虽然不善言辞但是心地善良有煲心灵鸡汤的老师
40384,2921,丁寒锋,2017-01-03 06:36:41,5,7,2,讲课思路清晰，上课时而幽默时而严肃，集知识与启蒙与一身
40385,2921,丁寒锋,2017-01-03 06:37:53,4,6,2,我真的好爱丁老师 他改变了我的一生 一定要选 强推
40386,2921,丁寒锋,2017-01-03 06:39:22,4,7,3,丁爸爸极大的培养了我的自学能力
40389,2921,丁寒锋,2017-01-03 06:42:47,6,8,2,很有意思！来听听就知道，上面有很多评论是同学们上他第一节课做的，了解的还不够深入，越上到后面越觉不错！
40390,2921,丁寒锋,2017-01-03 06:45:59,4,4,0,跟其他老师对比起来就知道丁代表的好，丁代表是真心为同学
40395,2921,丁寒锋,2017-01-03 06:51:40,4,4,0,没有对比就没有伤害
40400,2921,丁寒锋,2017-01-03 07:09:14,13,15,2,丁代表，明年再来看你。
40405,2921,丁寒锋,2017-01-03 07:16:54,7,11,4,慢慢会圈人为粉的老师
40479,2921,丁寒锋,2017-01-03 14:45:31,4,5,1,一定要刷脸，就算为此翘节课、抄一次作业也是可以的
40837,2921,丁寒锋,2017-03-01 05:11:28,6,9,3,我爱丁爸爸
40860,2921,丁寒锋,2017-01-06 03:45:55,3,5,2,非常棒的老师！讲课思路非常清晰！幽默风趣！就是有一点不好喜欢撩妹
41046,2921,丁寒锋,2017-01-08 16:07:31,5,6,1,我预置的不是丁老师，这几天去蹭丁老师的有机课，觉得他真是一个幽默风趣又很有水平的好老师，感觉学到了很多，真的超喜欢他！！！虽然毒舌但是超级可爱！！！！
41555,2921,丁寒锋,2017-01-15 03:43:48,-2,5,7,学弟学妹如果能选别选丁代表...他的梗我能讲四年
41570,2921,丁寒锋,2017-01-12 08:05:41,-1,1,2,王者荣耀型男\n\n
41622,2921,丁寒锋,2017-01-12 09:12:31,2,3,1,人大代表的凝视，让你体会有机的温柔
41623,2921,丁寒锋,2017-03-19 07:57:04,-20,7,27,超差，退了吧
41777,2921,丁寒锋,2017-01-12 14:21:02,4,5,1,怎么会这么低的分！丁大佬简直完美好嘛！上课讲的只要好好复习一下，完全没问题啊！老师带来的好处是思维上的，上过大佬的课天天都想好好学习了！这么帅气的老师到哪找啊！而且还是个超暖心的奶爸！\n\n
41801,2921,丁寒锋,2017-01-12 16:11:45,3,3,0,老师挺好的，但是有机太难?
42476,2921,丁寒锋,2017-01-14 09:21:30,-10,1,11,胖胖的
42840,2921,丁寒锋,2017-01-15 09:13:03,-1,1,2,很好的老师
43297,2921,丁寒锋,2017-01-17 03:42:47,1,4,3,有机其实没那么恐怖
43362,2921,丁寒锋,2017-01-16 07:42:25,1,2,1,讲课炒鸡炒鸡细致，知识点讲解清晰，只是有机这门课太难，成绩差只能怪我自己太腊鸡，
43787,2921,丁寒锋,2017-01-17 03:09:36,1,2,1,有机很难，上丁代表的课才有了学有机的动力！感谢老师尽力给分！永远的丁爸爸！
43790,2921,丁寒锋,2017-01-17 03:14:16,4,5,1,点名会点网名，想被点名就多水群哈!丁大佬很幽默，又关心学生，很感谢丁老师!
43796,2921,丁寒锋,2017-01-17 03:29:09,-2,1,3,。。。\n\n
43802,2921,丁寒锋,2017-01-17 03:44:11,-3,3,6,特别好的老师，我想给十分
43867,2921,丁寒锋,2017-01-17 05:19:11,4,5,1,丁代表的课最好了啊说不好的都是没感受过代表真正魅力的人！！！
44511,2921,丁寒锋,2017-01-18 02:10:04,4,5,1,好老师，上有机多看书，多看书，多看书，重要的话说三遍，不开玩笑，就算高中上过化学竞赛也得看
45313,2921,丁寒锋,2017-01-19 10:03:20,3,4,1,666
45319,2921,丁寒锋,2017-01-19 10:11:55,10,14,4,丁男神！可爱又帅气！课堂内容充实，与科研前端有一定程度地连接，人风趣幽默，炒鸡可爱！最重要的是真的是很热爱科研的一个人，聪明又努力，认真又勤奋，还很顾家，工作学习和家庭责任都能承担好！而且明明就是刀子嘴豆腐心的一个人，傲娇炒鸡萌萌！上课没有一句废话，每一句话都值得深思，看似在聊天，其实是传授丰富的人生经历，在他的课上，学到的不仅是化学！正直坚持有信念有热情，值得膜！
45382,2921,丁寒锋,2017-01-19 13:35:14,3,4,1,值得期待！
45933,2921,丁寒锋,2017-01-20 09:27:00,6,8,2,丁老师真的特别特别好 讲课非常细致 还会讲人生道理 是我来浙碰见的最好的老师
46014,2921,丁寒锋,2017-01-20 11:50:14,2,5,3,就这样
46178,2921,丁寒锋,2017-01-21 01:00:36,6,8,2,我对他的课没有什么感觉，几乎没有认真听过。但是丁爸爸其实很好，会讲一些小哲理，启发我们好好学习，好好做人。一个人学期结束了，还是舍不得的。
46333,2921,丁寒锋,2017-01-21 08:50:32,0,6,6,想睡觉
47297,2921,丁寒锋,2017-01-25 06:45:23,0,7,7,说实话，课讲的不咋滴，喜欢扯，但本人是比较牛逼的，喜欢骗学生（有时候说要小测其实根本没有），有机全靠自学
47397,2921,丁寒锋,2017-01-26 03:42:52,4,6,2,非常好的老师
47760,2921,丁寒锋,2017-02-24 01:56:08,8,11,3,丁代表是电，是光，是唯一的神话，给你给你宠爱，你还还还不明白！
48711,2921,丁寒锋,2017-03-10 02:28:43,2,2,0,好!!!
51042,2921,丁寒锋,2017-05-15 05:12:24,1,2,1,之前的评论是大家大一第一节课写的，其实上任何老师的有机都会懵逼啦。丁代表作为人赢，其实还是真的很有人格魅力的。
51173,2921,丁寒锋,2017-05-22 15:23:55,2,2,0,超级棒
52421,2921,丁寒锋,2017-06-20 02:48:27,5,5,0,丁爸爸是我大一遇到最高的老师。
52465,2921,丁寒锋,2017-06-20 08:38:31,3,3,0,丁大佬的课……\n\n十分厉害\n\n绝对的好老师
58986,2921,丁寒锋,2017-09-19 03:45:22,2,3,1,超级棒
59081,2921,丁寒锋,2017-09-19 10:57:50,2,4,2,棒。非常棒。\n\n
59101,2921,丁寒锋,2017-09-19 12:36:01,2,4,2,丁爸爸最好了啊！
59108,2921,丁寒锋,2017-09-19 13:25:55,2,4,2,老师很好，我是16党，没有对比没有伤害，去听听其他的老师的有机课，你就知道老师多好了。
59310,2921,丁寒锋,2017-09-20 23:49:52,-1,2,3,全靠人格魅力
59496,2921,丁寒锋,2017-09-22 02:24:10,-4,4,8,很糟糕
59535,2921,丁寒锋,2017-09-22 09:06:53,-4,5,9,好像只会读PPT╮（╯＿╰）╭
59958,2921,丁寒锋,2017-09-29 03:01:12,-3,5,8,挂科，绝对的挂科
60285,2921,丁寒锋,2017-12-21 05:09:36,1,6,5,全靠自学...
60954,2921,丁寒锋,2017-11-05 07:21:58,3,6,3,丁代表很贴心，答疑很细心，下课闲聊也是一把好手。可能是有机教学届隐藏的段子手之一。55分就能及格了，好好看书一点不虚。
61189,2921,丁寒锋,2017-11-10 09:15:47,2,3,1,挺好的，不错的老师
62448,2921,丁寒锋,2017-11-25 09:35:58,3,5,2,不如自学
64040,2921,丁寒锋,2017-12-20 15:34:46,6,9,3,非常好的老师，11:25下的课他能耐心地答疑到12:15，略微毒舌，但其实是很可爱的老师。\n\n有机马上要结束了，非常舍不得，挂次科再上一遍吧?
64919,2921,丁寒锋,2017-12-28 03:10:52,1,2,1,好好好
65155,2921,丁寒锋,2017-12-29 13:26:13,0,1,1,更像人生哲理课\n\n老师很好\n\n课很难\n\n还是听丁代表的话多看看书吧
65797,2921,丁寒锋,2018-01-09 07:30:25,2,5,3,念幻灯片
67327,2921,丁寒锋,2018-01-20 23:41:49,1,2,1,奈斯  好老师  有机就选丁寒锋
68338,2921,丁寒锋,2018-01-23 03:49:54,-1,2,3,呵呵呵
68453,2921,丁寒锋,2018-01-23 08:25:12,1,2,1,帅帅帅不解释~
70389,2921,丁寒锋,2018-01-26 14:29:26,-3,1,4,听了就赚
71867,2921,丁寒锋,2018-01-29 04:51:47,0,3,3,又帅又有内涵，你值得拥有
71875,2921,丁寒锋,2018-01-29 05:02:36,-1,2,3,呵呵呵
71923,2921,丁寒锋,2018-01-29 05:47:45,-1,2,3,老师挺好的，会给我们讲一些道理，叫我们多看书，虽然课听不太懂但这是我自己的原因，不过最后绩点出来还是比预期要好一点，谢谢老师
71971,2921,丁寒锋,2018-01-29 07:10:52,5,6,1,自学吧！少年们
71972,2921,丁寒锋,2018-01-29 07:11:21,-1,0,1,超级心灵导师
71996,2921,丁寒锋,2018-01-29 07:37:55,-1,0,1,大爱丁爸爸让我及格
72080,2921,丁寒锋,2018-01-29 10:04:15,-1,0,1,有机一定要好好学  感谢丁代表没让我挂科
72473,2921,丁寒锋,2018-01-30 07:47:12,0,1,1,老师是人生导师，课是听不懂的，靠自学，但是，上老师的课是绝对的好！
73582,2921,丁寒锋,2018-02-02 04:14:52,2,2,0,老师挺好的，上课会扯一些大道理，感觉给分一般般吧，跟想象中差不多但总觉得差了一档。
73643,2921,丁寒锋,2018-02-02 08:57:41,3,4,1,优秀的青年教师丁寒锋
74206,2921,丁寒锋,2018-02-06 14:02:15,-1,3,4,自己没学好，只有3.9，不怪谁，他的实力在那
74226,2921,丁寒锋,2018-02-07 07:56:51,1,6,5,既教有机又教人生，4.5飘过，为什么还有这么好的有机老师，划水浙大仅有的干货老师，不顶不行(▼皿▼#)
74424,2921,丁寒锋,2018-02-21 12:46:58,2,3,1,讲道理有机这门课靠自学的比重非常大，考的不好的同学不能全怪老师，而且丁代表真的是人生导师，教了很多课堂外的道理，上课如果你没预习还是自己看ppt和书吧，毕竟教学进度要求，课上的肯定快
74470,2921,丁寒锋,2018-02-27 04:25:25,-1,1,2,很好的老师
75224,2921,丁寒锋,2018-03-08 05:32:21,0,2,2,一言难尽
75305,2921,丁寒锋,2018-03-09 01:20:03,3,4,1,上的时候还觉得没什么，只觉得有趣，也总是不好好听，但等到新学期遇到新老师之后，真希望我什么课都是丁代表上的，真没有对比就没有伤害orz
75713,2921,丁寒锋,2018-03-15 10:25:03,0,1,1,很棒啊
76118,2921,丁寒锋,2018-03-27 08:18:04,1,2,1,好好好
76290,2921,丁寒锋,2018-04-02 06:51:17,-2,3,5,讲的很烂
79275,2921,丁寒锋,2018-05-30 01:19:38,0,2,2,开始可能觉得这个老师不是很好，但期末给分好呀
79797,2921,丁寒锋,2018-06-13 16:55:51,2,3,1,Amazing! reshape your philosophy of life
86518,2921,丁寒锋,2018-09-17 04:10:00,3,4,1,老师真的很好，讲课清楚，但是对我们也非常严格，是真心希望我们好好学习的好老师
87805,2921,丁寒锋,2018-10-14 09:39:14,1,2,1,老师很负责很负责，大学里这么负责的老师不多见了.
87836,2921,丁寒锋,2018-10-15 09:05:13,4,5,1,听不懂，感觉难点没讲清楚。可能是我太弱了。
88338,2921,丁寒锋,2018-10-29 02:47:39,1,1,0,很快乐
88898,2921,丁寒锋,2018-11-12 02:50:09,2,2,0,虽然表面冷但还是喜欢
88925,2921,丁寒锋,2018-11-12 10:56:05,0,0,0,喜欢喜欢
91276,2921,丁寒锋,2019-01-21 09:53:30,4,4,0,最喜欢锋哥！！！！！！！！\n\n抱我锋哥大腿！！！！！！！\n\n??????????
91493,2921,丁寒锋,2019-03-03 11:03:20,-27,16,43,史上最nc老师 千万别选 否则他可能随时给你不及格 让你坐第一排 疯狂怼你 还看不起本科生 自己是什么东西没点b数吗 傻逼玩意
91494,2921,丁寒锋,2018-12-12 00:52:15,-1,2,3,太睿智了
93281,2921,丁寒锋,2019-01-08 16:55:49,4,4,0,“我是一个反复无常的人”
95622,2921,丁寒锋,2019-01-19 16:22:08,1,8,7,虽然老师会调分让你没那么容易挂，可是真的啥也没学到，上课讲的差，题也讲不清楚，又很多无关的话，老师适合搞科研不适合教书
97754,2921,丁寒锋,2019-01-22 15:12:16,2,2,0,恨不早生十年
99085,2921,丁寒锋,2019-01-24 08:50:27,0,0,0,老师我爱你！！！
99086,2921,丁寒锋,2019-01-24 08:51:29,0,1,1,老师太棒了吧！！！！！十分！！！能督促学生听课的老师 真的很棒了！！！
99095,2921,丁寒锋,2019-01-24 08:56:25,0,1,1,真的超级好！！！！！满分！！巨牛逼的老师！还很幽默！
99097,2921,丁寒锋,2019-01-24 08:58:12,0,2,2,老师很逗，虽然很毒舌但是很可爱
99110,2921,丁寒锋,2019-01-24 09:16:35,3,5,2,吹爆机理之王！555本来以为有机快挂了结果给分意外好!
99115,2921,丁寒锋,2019-01-24 09:31:10,3,6,3,男神！绝对男神！出分特别快(上午10点考完下午5点就出来了)，给分特别好！！\n\n开始学霸专家型，最后几节课就像朋友一样，尽量帮助我们考个好分数\n\n以后找npy就以他为参考了
99117,2921,丁寒锋,2019-01-24 09:35:29,3,3,0,大爱丁代表 算刀子嘴豆腐心吧 习惯就好\n\n 毕竟老师自己很厉害 有机都怪自己没学好哎
99120,2921,丁寒锋,2019-01-24 09:45:52,0,0,0,超级棒
99123,2921,丁寒锋,2019-01-24 09:51:06,0,0,0,老师超级好
99168,2921,丁寒锋,2019-01-24 11:00:51,-1,0,1,真正的教育者
99170,2921,丁寒锋,2019-01-24 11:02:32,0,1,1,毒舌老师，但是豆腐心，给分意外好！很有意思的老师，反差萌好可爱！
99171,2921,丁寒锋,2019-01-24 11:03:14,2,3,1,我努力了一把，老师也努力了一把，我就及格了，谢谢老师。?
100848,2921,丁寒锋,2019-01-27 02:55:48,-8,2,10,上课一头雾水啊，讲得太快了。但是自己好好学，照样满绩点。
101098,2921,丁寒锋,2019-01-27 13:23:57,3,5,2,姚子鹏没有教会我有机   张祖德没有教会我有机  还有好几个忘记名字的老师   但是丁代表教会了我！！！
104104,2921,丁寒锋,2019-03-12 04:00:47,1,1,0,好好好
104329,2921,丁寒锋,2019-03-18 03:17:38,1,1,0,超级好
105809,2921,丁寒锋,2019-04-21 05:48:09,2,2,0,真的好老师，相信我！
107308,2921,丁寒锋,2019-05-03 11:04:56,2,2,0,机理之王
107560,2921,丁寒锋,2019-05-06 14:02:59,2,2,0,好好好
116534,2921,丁寒锋,2019-09-11 07:23:58,7,12,5,说真的他的课对化学基础差的同学太不友好了…解释和讲解都不太清楚，按想当然的方式讲的飞快…慎选
120763,2921,丁寒锋,2020-01-16 18:46:37,5,6,1,考前说我明年再来一次，结果绩点上3。嘤嘤嘤！
120771,2921,丁寒锋,2020-01-16 22:05:22,3,3,0,刀子嘴豆腐心！莫名有点萌萌的
122050,2921,丁寒锋,2020-02-07 15:07:04,3,4,1,还不如自己看书吧
122815,2921,丁寒锋,2020-04-09 15:28:06,5,7,2,非常好的老师，人家可是曾经的竺奖获得者，不要参加社团，学习！！
125964,2921,丁寒锋,2020-09-16 05:21:39,4,4,0,人超严格，一直打击我们会挂科，所以我不得不努力学习，虽然最后得分不怎么样但是没挂科已经很开心了...
127504,2921,丁寒锋,2020-11-23 17:53:44,3,3,0,丁代表很棒，有机课值得一上
127967,2921,丁寒锋,2020-12-01 14:16:19,0,2,2,丁老怪的课是真的认真负责，幽默风趣。你们去听过就知道了。
128750,2921,丁寒锋,2020-12-25 07:00:47,4,5,1,好家伙，还有控评水军是不是
131359,2921,丁寒锋,2021-01-27 07:48:06,1,4,3,老师很好，就是有时候会故意搞你，强推
132011,2921,丁寒锋,2021-01-30 02:42:37,5,12,7,讲课水平一般。但是处事的路数和一般老师不同。慎选。\n\nPS：之前的评论说他“刀子嘴，豆腐心”。可惜只对了一半。
141221,2921,丁寒锋,2021-09-27 00:02:37,17,18,1,座位安排大师丁寒锋
141343,2921,丁寒锋,2021-09-30 05:41:54,11,15,4,日常看不起农学类的同学，听他的课会有一肚子气，到是会让你提起学习的劲头，不怕气死的记得来选噢！
141473,2921,丁寒锋,2021-10-11 05:00:07,4,6,2,座位前面不坐满，后面不给人坐，坐后面就骂滚出教室
141601,2921,丁寒锋,2021-10-17 00:38:50,3,7,4,每次上课都在yygq，对最后一排同学深恶痛绝，做一些让人无法理解的事情，比如将并没有影响他讲课的下一节课同学赶出教室。也是一位让人无法理解的座位安排大师。
145304,2921,丁寒锋,2021-12-29 03:36:28,1,2,1,有机，我就是被他骂“全紫金港就你们专业的学生最差劲”的某专业同学，如果除开他的专业歧视真的是一个好老师，虽然有机这种东西主要靠自学hhh
147988,2921,丁寒锋,2022-01-11 09:07:06,-17,4,21,老师超级好，上课很负责讲的很清楚，刀子嘴豆腐心，半个学期没交作业两次没点到最后居然还能满，丁老师我的超人呜呜呜呜呜呜呜
148218,2921,丁寒锋,2022-01-12 01:47:09,5,7,2,有机过了，锋宝快来请我吃饭
149351,2921,丁寒锋,2022-01-15 06:58:34,14,16,2,刚上老师的课时，觉得老师真的太不近人情了：各种疑似专业歧视的词频出，上课经常说我们要挂了；上课不允许同学随便出去上厕所，要打报告才行；迟到的同学要坐第一排，最后一排不要坐人；对请假的要求也很严苛……\n\n但老师自身水平很高，有专门的百度词条。讲课水平也挺高的，有时候还有点有趣。平时作业也不多，上课几乎不叫人回答问题\n\n到了期末的时候发现老师人真的挺好的，不仅把之前已经截止的自测题重新开放，让大家补平时分，期末也是真的很能捞！
150280,2921,丁寒锋,2022-01-21 10:03:18,-33,3,36,丁老师大好人！平时分扣0.6，期末100，总评还是100！
151097,2921,丁寒锋,2022-02-25 02:40:18,2,3,1,😭😭😭😭寒锋，呜呜我的寒锋😭😭😭😭
151774,2921,丁寒锋,2022-03-15 06:43:35,4,6,2,我张一驰觉得dhf是好老师
154873,2921,丁寒锋,2022-06-06 10:33:35,-3,3,6,课程：有机化学靠自己看书\n\n老师：严格，水平高，满满鞭策，会划重点\n\n成绩：4.5 卡绩
161925,2921,丁寒锋,2022-11-15 04:59:50,3,3,0,已经过去5年了，17年的评论似乎过时了（泪）现在丁教授的课建议自学
164263,2921,丁寒锋,2022-12-20 05:12:06,6,6,0,虽然严格，但是很负责，刀子嘴豆腐心
169843,2921,丁寒锋,2023-02-28 06:00:16,-1,3,4,大爱丁寒峰，有机有机，认准峰哥🌝🌝
169844,2921,丁寒锋,2023-02-28 06:00:28,-7,1,8,大爱丁寒锋，坐第一排随便摸鱼
183949,2921,丁寒锋,2023-12-04 13:20:22,3,7,4,人挺好的，教书水平一般般，只会念PPT
184119,2921,丁寒锋,2023-12-10 04:54:48,5,6,1,感觉不如蔡昌慧
186830,2921,丁寒锋,2024-01-13 08:07:19,-3,2,5,丁老师很好，有一种黑色幽默，虽然有点听不懂他上课，最后是自学的（），但是给分很满意。冲！
187041,2921,丁寒锋,2024-01-14 08:35:30,-12,7,19,满绩了呜呜呜，来评一下丁老师。有水平，上他的课不建议迟到，否则你会被扔到第一排（座位安排大师），有机这门课主要还是自学的，可以多水水助教群不会的会有人互助。上课节奏很快，虽然是讲的ppt但是也还是有点东西，印象很深的是他讲过的pinacol重排（不知道为什么）。\n\n\n\n上课有一种高中老师的压迫感...
192413,2921,丁寒锋,2024-05-18 10:48:08,13,14,1,有机三\n\n典型压力怪，迟到会被他安排座位，小测写机理巨难，不过讲课讲的很细，会做课堂练习，会提供历年卷方便复习，最后的给分也还是不差的
193125,2921,丁寒锋,2024-06-04 01:42:42,6,8,2,有机三，“这些题外系的都会做你们还不会”
201367,2921,丁寒锋,2024-11-01 06:36:44,13,13,0,史史史
202900,2921,丁寒锋,2024-11-15 05:03:45,0,1,1,对不起我不孤立你了
207477,2921,丁寒锋,2024-12-22 08:31:08,10,11,1,新学期教求是班和强基班，讲课中规中矩吧，读ppt为主，讲完课会出一些习题现场写+讲解，然后此时才是牢丁真正的主场，非常典型的刀子嘴豆腐心，对于飘飘然的竞赛生来说是鞭策，但是对于基础不太好又玻璃心的同学就是灾难。总体来讲牢丁的责任心还是很强的，也真是希望大家都能学好有机，但是也想他自己天天吐槽的一样，我们的教育的确有问题🤨
211942,2921,丁寒锋,2025-01-13 02:24:30,6,8,2,虽然有机差是我脑子的问题，但回答不上来问题直接说我要挂科是不是攻击性太强了朋友。
215683,2921,丁寒锋,2025-03-04 04:18:22,13,14,1,我嘞个护犊子啊，外系的那群宝贝要被他宠飞了呢～对化学系的学生就是百般侮辱啊，小嘴跟淬了毒似的
216158,2921,丁寒锋,2025-03-11 07:27:45,13,14,1,守序邪恶
216592,2921,丁寒锋,2025-03-19 02:58:37,0,1,1,听不懂
217121,2921,丁寒锋,2025-04-02 05:57:08,3,5,2,讲课还挺清晰的，但是小测也太难了吧，而且老师人很毒舌
217144,2921,丁寒锋,2025-04-02 12:49:38,6,7,1,上课就是读ppt，所谓的习题练习就是找点没啥营养的题目让你写，两节课一共就讲了六七道题，约等于上课低效率写作业，如果找不到好题可以不讲的其实\n\n让你做题的时候就下来爆典，走到人家面前问你上学期是不是没有及格，讲成这个样子我觉得没人挂科才不正常(你不能指望你把所有知识念一遍，大家就都是满分了)\n\n豆腐心没有明确的表现，刀子嘴是真的，不知道他到底给外系的人施了什么魔法评分这么高
217157,2921,丁寒锋,2025-04-03 00:23:43,8,9,1,“人家外系的两学期就学完了，你们都学了三个学期还学不过人家”
217158,2921,丁寒锋,2025-04-03 00:26:11,4,6,2,丁老师也是格外喜欢外系的学生啊😅🤡
218003,2921,丁寒锋,2025-04-19 04:57:48,8,9,1,不是您有机三期末考也太难了吧，明明就比历年卷出得都难，还非要说比往届简单
218009,2921,丁寒锋,2025-04-19 05:46:50,7,9,2,讲课一坨，考试难度惊人
218010,2921,丁寒锋,2025-04-19 06:00:01,26,27,1,我真是不明白丁老师所谓的“简单”，所谓的“外系的学生”究竟有多强。考试前说的“已经不能再简单了”可以勉强理解为缓解同学的焦虑的话，那么信以为真的同学们看到卷子只能用绝望来形容。来年也许还会再见，课上或许还会有代代传的“试卷已经出的很简单了，但是你们还是考得很差”，那么这个差的标准在哪里，“外系的学生”好的标准在哪里？只用分数来评判吗？那外系的期中考全是自测题一般的选择产物，在总评占比也不少。化学系的试卷呢？呵呵，每到期中就结课，考的内容更深入，对于靠化学吃饭的同学们来说，这样确实无可厚非。那既然都已经是这样两个孤立的体系了，怎么能如此比较。热评里面有着许多“刀子嘴豆腐心”的评价，可以体会这种对我们“烂泥扶不上墙”的担忧，但我想说的是，您的课堂，真的能激发出同学们的学习热情吗？真的能体现有机化学的趣味吗？我认为没有，每节课结束，我只觉得兴味索然，真正学到东西的时候，可能是课后抱着书和PPT的时候，或许我真的不适合学化学，占着化学系的位置，我深感惭愧。
218011,2921,丁寒锋,2025-04-19 06:46:51,8,9,1,你对简单有什么误解吗。。。还有我是修完外系的有机才来学专业课的，我系外的满绩也不见得有机三期末就会写呀😅
218046,2921,丁寒锋,2025-04-19 15:48:11,4,5,1,牢丁已经退化成了一个纯粹的push怪，基本上他当压力怪和同学们学不好是会形成恶性循环的
218081,2921,丁寒锋,2025-04-20 13:24:21,4,5,1,压力怪，有机本来就难期末还设个斩杀线
218082,2921,丁寒锋,2025-04-20 13:50:50,-6,3,9,还行哦
218584,2921,丁寒锋,2025-04-25 09:39:05,5,7,2,"以下内容由deepseek生成，内容仅供参考，请仔细甄别。\n\n丁寒锋老师这波操作我真的会谢！期末卷子杀疯了是吧？周环反应题目难到反人类，往年真题刷了三遍都像在预习！您是不是忘了我们大二还要学结谱、物化、分析三座大山啊？现在全班平均分直接坠机，楼道里哭倒一片您听见了吗？\n\n上课就更离谱了，您那PPT是装了小马达吗？各种反应讲得跟报菜名似的，我tm咖啡灌了三杯还是记混了规则。最绝的是每次说完""系外学生早该推出来了""就冷笑，我们化学狗不配得到人类的教学进度吗？\n\n现在看着教务系统里飘红的分数，满脑子都是您考前说的""题目很基础""。原来在您眼里基础=周环反应？建议改名《丁の有机地狱绘图》，建议周环反应改叫""学生命周期终结反应""，建议下届自带速效救心丸上课！"
218585,2921,丁寒锋,2025-04-29 07:18:31,1,3,2,懒得喷，老师很喜欢压力，找不出一节不贬低学生的课，敏感的同学还是自学吧，把他当背景音哈哈，别浪费生命换抑郁。
218604,2921,丁寒锋,2025-04-26 05:48:18,6,7,1,有机3出分之后cls竟然崩了，终于可以来写一点评论了。\n\n牢丁真的很压力怪，感觉每次课上都会嘲讽一下“现在的学生”，提一嘴挂科率“吓唬”一下我们，对我这种有机2就低分飘过又玻璃心的人来说压力更大了。\n\n不过牢丁也算比较有责任心吧，考前也是开放了自测题试题和答案，至少让我补足点碱性、亲核性比较之类的基础（考试证明，答对这几道选择题还是很重要）；然后也算是告诉了我们复习要点，比如他周环反应考更多（虽然还是不会做）；讲课其实我也不太懂如何评价，感觉有一点念ppt，你怎么能指望你念一遍ppt就能让学生学会这么多呢？不过牢丁又会在每一章讲完让我们做题，尤其是写机理。我的评价是练习写机理对我来说提升作用太小，练习写合成路线还有一点用处，而每次做题感觉就是一整个浪费时间，只是有机本来就很好的同学上黑板写以赚取平时分罢（感觉旱的旱死涝的涝死了）\n\n牢丁偶尔还有一些黑色幽默，比如说他要是让我们把氨基酸都背下来我们又要说他邪恶了。\n\n至于给分如何，感觉又好又坏的，毕竟我也对我能考几分毫无概念。但是TAgg们都很好，最后几天我也没少“骚扰”他们，感觉还是解救了我很多选择题。\n\nanyway感觉牢丁还是很符合“守序邪恶😈”，不过说话方式、教学方式又能不能稍微改一改呢（至少不要总是打击同学吧）
218612,2921,丁寒锋,2025-04-27 02:21:18,2,3,1,很难不赞同下面同学的评价，考完有机三还能收住戾气能体现出个人极强抗压力（bushi\n\n骂归骂，但不要在cls只为了骂，更多的还是要提醒后人遇到牢丁赶紧跳车或者联合举报（其实化学系就算举报也不会换老师的，参考文献略），说实话听一个学期牢丁的课真不如自己过课本，奈何上课随机点名真的很恼火（我们要提升的是教学质量而不是驯化学生！）我认为课程你想教的深可以，但前提是有相应的教学质量，而不是纯粹教考分离用超绝低绩点增加学生焦虑，不然就还是让化学系上4学分大课，自己想学的再选修丁氏有机算了
218640,2921,丁寒锋,2025-04-28 03:03:12,1,2,1,牢丁你真寒啊
218659,2921,丁寒锋,2025-04-28 10:52:01,0,1,1,教的很快，不考虑学生感受
218682,2921,丁寒锋,2025-04-29 01:11:52,0,1,1,底线吗哈哈
218686,2921,丁寒锋,2025-04-29 02:54:19,-1,0,1,牢丁你无敌了
218697,2921,丁寒锋,2025-04-29 04:49:13,5,6,1,成绩让我丁寒
218698,2921,丁寒锋,2025-04-29 05:37:27,0,1,1,诗人啊，牢丁
218700,2921,丁寒锋,2025-04-29 05:47:46,0,1,1,牢丁你。。。。。
218732,2921,丁寒锋,2025-04-29 16:49:10,0,1,1,太坏了牢丁
218834,2921,丁寒锋,2025-05-07 12:23:22,1,2,1,为了喷你，我花钱科学上网了
219152,2921,丁寒锋,2025-05-22 11:23:00,0,1,1,难绷。
219364,2921,丁寒锋,2025-05-26 00:43:48,1,2,1,啥比玩意。讲课不如wyg一根天天上课就是pua上压力阴阳怪气，吃大份去吧😅
220811,2921,丁寒锋,2025-06-20 02:27:02,1,1,0,什么时候收敛于1？
11858,2992,吴韬,2015-12-18 08:54:43,5,9,4,吴韬老师学识渊博，要是自己没点料，听课会脖子疼，全是仰视
16908,2992,吴韬,2016-01-19 08:37:26,0,4,4,老师真的超级棒！后悔上课没有好好听！！
64336,2992,吴韬,2017-12-22 13:29:24,1,5,4,特别特别喜欢这个老师!虽然我选的是他的实验课，但是他会把知识，实验和专业融合在一起给我们讲。课前也很照顾学生，会自己做一份实验报告给同学当样本。给分也很nice啊啊啊拯救了一个手残的实验自尊心
86487,2992,吴韬,2018-09-17 01:18:56,6,9,3,上课天马行空不知所云\n\n
86488,2992,吴韬,2018-09-17 01:19:04,5,9,4,非常催眠，完全脱离课本，天马行空
87800,2992,吴韬,2018-10-14 06:28:54,-5,7,12,大学以来碰到的最差的老师，没有之一。上课毫无条理，废话多，进度慢。成天讲生化、医学，没考虑下不是医学专业学生的感受吗？
88328,2992,吴韬,2018-10-29 00:25:44,1,3,2,上课节奏不行啊，物化前几章不重要讲得贼慢，456章很重要却讲得飞快，也不管讲没讲清楚、有没有听懂...推公式就是念ppt，还会念错？
90999,2992,吴韬,2018-11-28 23:54:49,20,20,0,虽然我完全不敢恭维老师的讲课水平，但我不能否认老师的学术水平很高。上课随便就能举出物化在制药，医学方面的应用，也能把大化P联系起来，其学术水平一定不小吧，只是被讲课耽误了。
91182,2992,吴韬,2018-12-03 01:09:56,-1,3,4,既然不按照书本讲 干嘛要定教材？ 慎选！
93798,2992,吴韬,2019-01-14 00:15:10,-7,2,9,垃圾，特垃圾
94682,2992,吴韬,2019-01-17 19:13:42,5,5,0,老师很渊博，但是扯得很远，可能是应试蒙蔽了我的双眼，抛开考试老师讲得挺好的，但是更多针对的是药学同学，另外最后一节课才说考试范围，导致一些复习做了无用功
100513,2992,吴韬,2019-01-26 08:32:31,6,6,0,老师给分，真的很有师生情了
100520,2992,吴韬,2019-01-26 08:40:36,2,2,0,稳稳稳
100535,2992,吴韬,2019-01-26 09:14:03,4,4,0,讲课很迷\n\n但是感天动地师生情
100544,2992,吴韬,2019-01-26 09:23:13,11,11,0,讲课有自己风格，主要是课本在用彭彭的，浙大彭彭课本只有彭彭自己讲的出来。主要是wt给分好！
100571,2992,吴韬,2019-01-26 10:23:40,5,5,0,老师给分超级棒！感谢老师不挂之恩！平时的话......就自学吧……
100579,2992,吴韬,2019-01-26 10:40:32,3,3,0,物化 上课略迷 建议一开始就对着彭彭的视频学习 划重点 然后吴老师给分真的挺好的 人也不错 大概是应试教育蒙蔽了我的双眼 \n\n最后一定要刷题 +对着书的重点过一遍 得理解每个公式的含义 上四不难的
100597,2992,吴韬,2019-01-26 11:21:37,1,1,0,给分超级好了！
100685,2992,吴韬,2019-01-26 14:33:09,2,2,0,浓浓师生情\n\n没听过课因为听不懂\n\n期末放弃复习了一个化学学考的真的学不会\n\n可是老师没挂我\n\n真的很感动了
100705,2992,吴韬,2019-01-26 15:04:21,1,1,0,给分好
100858,2992,吴韬,2019-01-27 03:13:00,4,5,1,讲课比较迷，经常跑题讲各种小故事，上课节奏也很迷，前期简单的两三章讲的贼慢，后面又快到飞起，但是给分真的好，被师生情感动了，我愿意做老师的舔狗
101094,2992,吴韬,2019-01-27 12:53:39,3,3,0,课虽然难懂，但是雾化给分超棒
101565,2992,吴韬,2019-01-28 12:48:27,-9,1,10,瞎扯多，给分气死
102881,2992,吴韬,2019-02-24 14:09:38,1,1,0,给分好
144002,2992,吴韬,2021-12-15 14:46:00,-3,1,4,给的材料很乱又错误百出，很浪费写实验报告时间
146717,2992,吴韬,2022-01-07 09:06:26,1,1,0,翩翩君子
147603,2992,吴韬,2022-01-10 09:30:18,0,0,0,把我刀了
149804,2992,吴韬,2022-01-17 04:17:44,1,1,0,好好好！
152801,2992,吴韬,2022-04-20 03:58:56,4,4,0,吴老师是20年前慕尼黑工业大学的博士后。能听他讲课真是三生有幸👍👍👍
154567,2992,吴韬,2022-06-02 06:53:42,6,6,0,见多识广，可称之为鸿儒也
156860,2992,吴韬,2022-06-21 07:34:28,1,1,0,感天动地师生情
158501,2992,吴韬,2022-06-30 00:30:02,5,6,1,吴韬老师是我在大学见过的为数不多的真正有大学者风范的老师。他不会在乎上课来了多少人，从来不点名，但永远是热情饱满地授课。听他的课是很自由的，也确实能学到很多东西。上课的时候他还会经常穿插各种科学家的小故事。最后给分也是不错的。
166096,2992,吴韬,2023-01-11 06:11:35,2,2,0,大化p。老师ppt跟别的老师相比做的有点水，实验课演示得也挺少的，一般讲几分钟就让同学自己做了，有时候听起来云里雾里的对仪器就要摸索很久才能用明白（是我预习不充分了）。不过老师人挺好的，实验报告手写和电子版都可以，数据也会帮忙检查一遍有没有问题。给分个人感觉不错，本人实验报告a-、b+居多，期末考复习了一天多，选择题有一些不确定的，最后95分满了，不知道别的同学情况怎样。总的来说老师还是不错的。
169626,2992,吴韬,2023-02-27 07:43:28,5,5,0,结构化学，化学系专业课。不多说了，得给吴老师磕一个。
200674,2992,吴韬,2024-10-21 01:45:32,0,2,2,物理化学讲的真是一言难尽
212899,2992,吴韬,2025-01-15 07:55:44,0,0,0,老师从来不点名，不小测，很好了。他的物化课我听不太懂，主要还是自学，上课讲推导比较多，不讲题。\n\n大化实验p可以交打印的实验报告，挺好的。但是演示比较少，PPT也老，还是要自己琢磨清楚怎么做实验。
221803,2992,吴韬,2025-06-26 10:21:09,0,0,0,化学信息学纯正好（水）课\n\n平时就代码复制粘贴\n\n期末作业随便kaggle上找个项目复制粘贴\n\n期末选择题答案从填空里找\n\n填空答案从选择里找\n\n大题答案从填空选择里找\n\n剩下的只要稍微能看得懂一点英文\n\n一学期没去过最后给了4.8
6316,3017,张嘉捷,2015-07-13 02:44:16,24,28,4,绝对的好老师
14218,3017,张嘉捷,2016-01-05 12:33:30,13,14,1,很和善
22786,3017,张嘉捷,2016-03-11 06:57:31,5,6,1,很和蔼很友善
35606,3017,张嘉捷,2017-01-10 03:44:17,11,12,1,超级棒的老师！虽然每周要写实验报告也是很难过，但是真的对学生超好，她自称最喜欢和我们这些小孩子打交道了
36481,3017,张嘉捷,2016-11-14 05:46:47,8,9,1,很和蔼，还努力跟上年轻人的步伐
37283,3017,张嘉捷,2016-11-18 07:44:14,11,12,1,学有所获又和蔼可亲，很为学生着想
37293,3017,张嘉捷,2016-11-18 08:30:12,4,6,2,特别可爱的老师，讲课也不错啊
38947,3017,张嘉捷,2016-12-20 03:12:01,19,20,1,超喜欢老师，很可爱，讲课很细致，比很多助教都要亲切，在老师面前出错一点都不心慌啊，如果她有空还会在旁边帮帮你，实验报告给分比助教批要高，赞赞赞！
39443,3017,张嘉捷,2016-12-22 18:29:17,8,9,1,超棒 自称喜欢嘲笑学生 他很喜欢和学生打交道的 喜欢开玩笑很有趣！\n\n
39647,3017,张嘉捷,2016-12-26 12:24:12,8,9,1,超级可爱，超级好，绝对的好老师一枚
41019,3017,张嘉捷,2017-01-08 07:56:28,5,6,1,老师很赞~温柔友善 讲实验的时候思路清晰 板书简练 嗯
41881,3017,张嘉捷,2017-01-13 07:07:30,3,4,1,老师超级和善，而且博学幽默 给分也好！
41910,3017,张嘉捷,2017-01-13 08:09:29,3,3,0,妈妈一样和善，超喜欢?
41955,3017,张嘉捷,2017-01-13 09:49:02,5,6,1,超级萌的老师！很棒！！年轻校花！！
41978,3017,张嘉捷,2017-01-13 10:50:29,2,3,1,棒！讲课棒，人也棒棒的！\n\n
41994,3017,张嘉捷,2017-01-13 11:21:38,2,4,2,好！能学到很多东西
42024,3017,张嘉捷,2017-01-13 12:29:50,0,2,2,是助教讲的实验，都很好很认真啦！
42035,3017,张嘉捷,2017-01-13 12:46:02,3,5,2,虽然我才4.3，但是老师真的超级可爱，还经常穿着一双科比11代到处晃悠
42050,3017,张嘉捷,2017-01-13 13:09:08,3,4,1,给分不错，老师人也很好。\n\n不过实验课有几个助教比较坑的...
42083,3017,张嘉捷,2017-01-13 14:21:45,1,2,1,老师很不错～人挺好的！而且很关心同学！
42117,3017,张嘉捷,2017-01-13 15:19:47,0,1,1,均绩4.11怎么来的 3的绩点。。
42119,3017,张嘉捷,2017-01-13 15:21:33,2,4,2,没什么好说的，4.11的均绩离我好遥远。。。老师是很不错的。
42451,3017,张嘉捷,2017-01-14 08:46:59,0,1,1,超级棒的老师，有时候还会来开玩笑
42557,3017,张嘉捷,2017-01-14 12:42:57,1,2,1,非常棒的老师
42626,3017,张嘉捷,2017-04-26 06:03:54,1,3,2,老师人挺不错的
43225,3017,张嘉捷,2017-01-16 04:14:55,0,3,3,好老师，友善，给分好\n\n只要用心听，起码4.2
43377,3017,张嘉捷,2017-01-16 07:56:31,2,3,1,老师挺好的，给分不错。很好讲话的。
44500,3017,张嘉捷,2017-01-18 01:44:30,1,2,1,老师批报告比助要高
46791,3017,张嘉捷,2017-01-22 10:20:27,5,5,0,老师人挺好，助教给发呵呵了
47282,3017,张嘉捷,2017-01-25 05:04:20,-5,4,9,呵呵呵，通识最低，莫名其妙，助教给分一点都不客观，有的嬉皮笑脸，有的天天拉个长脸，实验认真做，报告每次都拿出半天时间写，考试前认真准备，卷子答得好，最后低于这个破课的均绩，拜拜\n\n最后再跟你们说一点，选这个课，真的需要去跟助教有意拉近关系，虚伪恶心\n\n不知道为啥上个课还要这么累\n\n老师倒是挺和善的，但可惜90%的时间都是助教在，老师不怎么参与
49838,3017,张嘉捷,2017-04-26 11:10:00,1,1,0,老师很和善
49847,3017,张嘉捷,2017-04-26 12:51:49,6,6,0,老师挺好的。对助教无语。
49857,3017,张嘉捷,2017-04-26 14:55:58,1,2,1,不冲这门课，就冲这个老师，超喜欢！
49879,3017,张嘉捷,2017-04-27 00:07:50,0,2,2,虽然卡在89分上了不过是好老师哇
50600,3017,张嘉捷,2017-05-03 23:57:48,0,1,1,均绩上四的课绩点还是没有上四。。。看来还是自己太菜了啊。。。。冏rz
50973,3017,张嘉捷,2017-05-10 14:43:07,0,0,0,老师很和蔼
51792,3017,张嘉捷,2017-06-10 09:45:33,0,0,0,超级好的老师！超级友善！！给分也很公平。
58850,3017,张嘉捷,2017-09-18 05:33:27,4,4,0,繁重的课程中的一点令人舒心的关怀
75942,3017,张嘉捷,2018-03-22 09:26:15,-2,1,3,老师人挺好。助教傻逼
76787,3017,张嘉捷,2018-04-23 10:22:02,1,1,0,最后一节课啦，老师和助教小姐姐都超级棒～
77641,3017,张嘉捷,2018-05-07 04:41:00,3,3,0,老师很和蔼，助教很漂亮，老师超级温柔！讲的又快又好又有趣！
85640,3017,张嘉捷,2018-07-23 14:35:42,1,1,0,愉快的一堂课
87922,3017,张嘉捷,2018-10-17 23:49:40,0,0,0,挺好的，老师很温柔，讲话也有趣
93586,3017,张嘉捷,2019-01-10 14:51:53,9,9,0,毫不犹豫给10分！进浙大来最喜欢的老师了！讲课思路超清晰，很有效率。人还超级超级可爱，会和我们打趣，完全没有距离感！对我们超好！和学生站在统一战线的哈哈哈哈。长得也好看，上次听到老师说自己五十岁还吓了一跳呢。然后助教小姐姐性格也很好，平时实验报告给分挺客观的，写的认真还有加分。
94778,3017,张嘉捷,2019-01-18 06:18:42,2,2,0,老师真的非常可爱！！示范的时候无实物表演还会碎碎念“假假的”，最后一节课还说了一点八卦hhh
95555,3017,张嘉捷,2019-01-19 14:57:40,5,5,0,超级棒的老师，慈祥和蔼有人格魅力，就是那种第一节课就觉得喜欢的
96036,3017,张嘉捷,2019-01-20 11:49:02,1,2,1,老师讲课很清楚，人也很可爱
96867,3017,张嘉捷,2019-01-21 11:06:52,7,7,0,老师人真的超级和蔼！上课的时候不仅指导做实验而且会指导你实验报告里哪些最好要写！\n\n并且还会跟我们说她以前和她的孩子\n\n说感觉我们都和她孩子一般大不忍心发火\n\n真的是到浙大来以后碰到的最好的老师之一\n\n疯狂为张老师打电话?！！！\n\n（与张老师相比某些谢姓教师来代课的时候上课课堂氛围就很迷了 我是不信大一学生跟着xyq能把实验做出来的? ）
97153,3017,张嘉捷,2019-01-21 21:15:35,1,1,0,很好的老师?对学生尽心尽责
104777,3017,张嘉捷,2019-04-17 05:15:03,14,16,2,我儿子大二找了个女朋友 大三分手了 哈哈
105603,3017,张嘉捷,2019-04-17 05:15:56,0,1,1,超鸡棒
105965,3017,张嘉捷,2019-04-23 17:02:52,1,1,0,真的是很和蔼很可爱的老师了，给分超级超级好！！
105972,3017,张嘉捷,2019-04-24 01:30:00,-9,1,10,虽然花了超多时间在这个半学分课上（对的鹅颈），但还是只有4.5，不过老师真的超好，助教给分较谜。。。
105978,3017,张嘉捷,2019-04-24 02:48:24,0,0,0,棒！！
106690,3017,张嘉捷,2019-04-29 03:06:34,7,7,0,是心目中浙大老师的模样\n\n
108198,3017,张嘉捷,2019-05-16 07:01:01,5,5,0,我想问一下有没有老师的联系方式，
128937,3017,张嘉捷,2020-12-27 06:44:42,1,1,0,真的是个宝藏老师
130374,3017,张嘉捷,2021-01-21 12:57:52,0,0,0,很幸运碰到张老师～\n\n温馨提示，把TISAB的中文名记下来。
134911,3017,张嘉捷,2021-04-22 05:13:03,3,3,0,是上了大学遇到的最好的老师了
136804,3017,张嘉捷,2021-06-25 02:38:32,2,2,0,太喜欢了，舍不得她😭每周都在期待周一的普化实验
137215,3017,张嘉捷,2021-07-02 10:12:20,2,3,1,强烈推荐！！老师可以叫出每个同学的名字，对每个同学都很耐心指导！大学里真的很难遇到这样的好老师！
137219,3017,张嘉捷,2021-07-02 10:52:34,0,1,1,老师人很好 是我不配呜呜呜
139282,3017,张嘉捷,2021-07-14 04:37:52,2,2,0,想喊张老师一声老婆😘，对学生真的超级好，一点都没有架子，还会和大家讨论人生规划
143802,3017,张嘉捷,2021-12-07 06:59:22,5,5,0,啊啊啊啊啊老师人超级好啊！！大一上学期唯一喜欢的老师（哈哈哈哈可能有点夸张了）！每周的盼头就是周三的普化实验了！虽然不点名，但要是第一节课就迟到被老师记住了之后每次课就逃不掉了哈哈哈哈哈。助教xgg人也很好很负责，每次实验报告都会把我们的问题总结起来发群里。实验报告认真写的话给分还是很高的。天呐，越说越舍不得这门课了呜呜呜
146349,3017,张嘉捷,2022-01-06 09:45:42,1,1,0,oTina，巨负责，回复巨快，说话巨有趣，人也巨可爱的老师！在实验课上能感受到努力付出是有回报的，巨感动，棒呆了！！
149748,3017,张嘉捷,2022-01-16 15:59:40,1,1,0,好喜欢张老师！！每个星期最期待的就是实验课了！！讲实验的时候会开一些玩笑还有碎碎念，总之就是很可爱！！原理要点什么的也都讲得很到位啦，本化学白痴都能够清清楚楚！实验报告好好写最后的分也可以令人满意的！选她！！
159551,3017,张嘉捷,2022-08-08 21:34:57,0,1,1,老师人很好。为什么给分好差。。。
165390,3017,张嘉捷,2023-01-04 05:02:18,0,1,1,老师总给我一种淡然平和的感觉，喜欢她的课
168287,3017,张嘉捷,2023-02-09 11:51:48,0,1,1,张老师超棒！！！！！！！！
175130,3017,张嘉捷,2023-06-21 16:54:12,1,1,0,老师人很好，你不会做实验的话她还会亲自教你怎么做，是一位非常认真细心的老师。\n\n希望有机会能跟老师切磋一下COC🤔️
178746,3017,张嘉捷,2023-07-21 13:43:20,1,1,0,老师好好！像妈妈一样😍上课能叫出基本上所有同学的名字
178747,3017,张嘉捷,2023-07-21 13:43:20,1,1,0,老师好好！像妈妈一样😍上课能叫出基本上所有同学的名字
184482,3017,张嘉捷,2023-12-20 12:51:58,2,2,0,张老师真的超级负责，虽然已不再年轻，但与同学们交往毫无隔阂，和蔼可亲。只要认真看预习视频，写预习报告，在老师的悉心指导下，实验一定是稳稳上岸，而且收获到的不只是知识，还有浓浓的师生情谊哈。还有助教也是一位非常认真负责的及颜值与才华一体的暖男，你在实验报告上费的心思一定不会付诸东流，而是会收到一个感人的分数。真心建议闭眼冲。
186684,3017,张嘉捷,2024-01-12 12:34:58,3,3,0,大家放心冲，老师不仅关心学生通情达理，和蔼可亲，还很可爱个人魅力拉满，给分挺好。\n\n而且每次上老师的课下课都比较早，爽爽爽
188236,3017,张嘉捷,2024-01-18 12:57:40,1,1,0,老师超级好
189079,3017,张嘉捷,2024-01-21 15:23:20,1,1,0,老师超级好！很和蔼，很耐心！
194128,3017,张嘉捷,2024-06-22 06:10:26,0,0,0,老师很好很和蔼，被捞上95了
202392,3017,张嘉捷,2024-11-12 09:48:00,0,0,0,超级棒的老师
203027,3017,张嘉捷,2024-11-16 03:31:04,1,1,0,10分！普化实验期中考错过ddl，老师二话不说直接再给一次机会ww，赞美老师！！
206012,3017,张嘉捷,2024-12-13 03:06:13,0,0,0,太喜欢了
206878,3017,张嘉捷,2024-12-18 06:25:35,1,1,0,为张嘉捷老师疯狂打call～～\n\n老师和助教学姐人都超级好，每次碎碎念都超可爱，指导实验时超级耐心，得知我别的选修课被正态还安慰我。预置到的同学可以偷着乐了
207917,3017,张嘉捷,2024-12-25 03:14:06,0,0,0,老师人真的好，上课讲的很细\n\n助教很认真，会一一指出实验报告和预习报告里的问题，而且有时候实验报告有错也不扣分
208362,3017,张嘉捷,2024-12-27 05:40:37,0,0,0,老师人真的很好，体贴又温柔。真的能把我放在心上。知道我实验报告写的不好后还手把手教我怎么改好实验报告。泪目了
208367,3017,张嘉捷,2024-12-27 06:55:44,0,0,0,老师人超级好！超级温柔、特别耐心，像妈妈一样！
209253,3017,张嘉捷,2025-01-05 08:02:37,0,0,0,很好的老师
209643,3017,张嘉捷,2025-01-06 11:50:04,1,1,0,老师人真的超级超级亲切，事少分高，期末还会捞！！！助教学姐人也特别的好！
215499,3017,张嘉捷,2025-02-27 05:16:07,0,0,0,最好的实验老师，没有之一
9600,3036,陈敏,2015-11-02 12:30:18,0,0,0,蛮好的
22717,3036,陈敏,2016-03-10 06:41:49,0,0,0,挺好的。
3890,3041,何巧红,2015-06-17 07:34:23,2,2,0,很好的老师
4295,3041,何巧红,2015-06-18 16:31:00,2,2,0,讲课很清楚
7424,3041,何巧红,2015-09-14 10:42:35,1,1,0,何老师超级棒，又和蔼讲课又好
58707,3041,何巧红,2017-09-15 09:42:05,0,0,0,很亲近同学
108192,3041,何巧红,2019-05-16 06:19:55,1,1,0,好老师，讲课特别用心，对学生也很好
14281,3061,陈幼芳,2016-06-08 10:54:53,8,20,12,老师人特别特别好
16103,3061,陈幼芳,2016-01-17 08:01:09,20,34,14,非常非常好的老师，很为同学们考虑
16885,3061,陈幼芳,2016-01-19 07:13:28,5,14,9,很棒
19160,3061,陈幼芳,2016-01-23 11:34:05,12,20,8,陈老师真的真的真的很好！化学实验甲是整个大一上上的最有趣的课！真的，化学实验超级好玩的啊！
19163,3061,陈幼芳,2016-01-23 11:36:28,12,19,7,是个好老师啊
19164,3061,陈幼芳,2016-01-23 11:36:50,6,15,9,分高人好
19165,3061,陈幼芳,2016-01-23 11:37:49,5,14,9,特别为学生考虑，一切以学生利益优先。给分超级棒，点赞。
19167,3061,陈幼芳,2016-01-23 11:39:16,3,10,7,太好了感动到哭\n\n
19169,3061,陈幼芳,2016-01-23 11:39:23,5,13,8,老师非常负责，需要注意的地方会多次给我们提醒，而且给分非常好！棒！
19170,3061,陈幼芳,2016-01-23 11:39:29,4,11,7,分高人好，请战友放心
19171,3061,陈幼芳,2016-01-23 11:39:57,4,12,8,反正赞一个，不管不管\n\n(/≧▽≦/)
19172,3061,陈幼芳,2016-01-23 11:41:28,5,12,7,老师人特别和蔼可亲 人好给分好
19173,3061,陈幼芳,2016-01-23 11:41:31,8,15,7,给分超级好！老师人也超级棒！考试前讲很多遍操作，怕我们不会，平时实验报告都挨个看，把每个人问题都指出来帮助我们改正，大赞！
19175,3061,陈幼芳,2016-01-23 11:42:14,3,9,6,老师和助教讲实验都很仔细，还经常演示，而且化学实验很有意思
19177,3061,陈幼芳,2016-01-23 11:44:15,0,6,6,真正为学生着想，为我们考虑的好老师，给分也很好！
19181,3061,陈幼芳,2016-01-23 11:47:40,3,11,8,给分相当赞就不说了，主要是老师人特别好，在群里耐心给大家解答问题，重要的地方会反复提醒，确保每一个细节大家都理解到位。贴心温暖，化甲请认准陈老师。
19187,3061,陈幼芳,2016-01-23 12:28:58,0,5,5,人挺好的
19188,3061,陈幼芳,2016-01-23 12:29:14,0,5,5,老师超级负责任！好老师！
19308,3061,陈幼芳,2016-01-24 00:49:47,3,10,7,老师体谅学生，实验报告都会告诉我们哪里有需要改的。特别负责任，很关心实验安全。而且，给分高！
21584,3061,陈幼芳,2016-02-29 08:51:48,2,7,5,给分特好
25801,3061,陈幼芳,2016-06-08 12:03:41,1,6,5,对学生超好
28118,3061,陈幼芳,2016-06-28 08:07:43,1,6,5,给分很好，很替同学考虑
29519,3061,陈幼芳,2016-06-30 02:17:14,1,8,7,就是好老师不解释。像妈妈待你
34281,3061,陈幼芳,2016-09-29 15:36:01,0,6,6,特别好的老师
35784,3061,陈幼芳,2016-11-10 08:08:30,-1,8,9,人特别好，特别贴心，很仔细的为同学解决问题，虽然工程化学这门课实在有点水，但是老师教的一点都不水。
37025,3061,陈幼芳,2016-11-17 07:00:43,0,7,7,人好分高
37031,3061,陈幼芳,2016-11-17 07:07:29,0,6,6,老师人很好，处处为同学们考虑。最重要的是给分老高了
37035,3061,陈幼芳,2016-11-17 07:09:36,1,5,4,老师很和善，真的很好
37036,3061,陈幼芳,2016-11-17 07:09:58,-1,6,7,上课认真细致，给分特别好!
37040,3061,陈幼芳,2016-11-17 07:12:58,-2,6,8,感谢老师啊，给分太好了，而且非常为同学们考虑，分数都好说话的，平时在群里也很关注同学们的想法\n\n
37056,3061,陈幼芳,2016-11-17 08:05:02,0,5,5,老师授课认真，人也很好
37151,3061,陈幼芳,2016-11-17 15:21:35,0,5,5,好好好
37170,3061,陈幼芳,2016-11-17 17:06:40,-1,5,6,给分好，负责！
37626,3061,陈幼芳,2016-11-20 01:11:59,0,6,6,非常好，讲课细致给分高
48634,3061,陈幼芳,2017-05-07 12:02:19,-2,18,20,4.24\n\n本来上课给及格分，无非是照本宣科，理性素养低。 但考完试我觉得吧，得把这评分打下来，所以给一分，可惜没有零分。 考试的时候一个劲地碎碎念，【快把试卷填满，这卷子很难，你们快填满，时间不够了】 就这样唠叨了十多分钟，很影响考试。 烦到什么地步？连着两个同学出声，让老师不要再吵了。 哪怕是一个合格的老师，也不应是如此。理科素养低，逻辑不清，处事幼稚。 当然可以说这老师天真负责认真。 但她不是个好老师。 甚至算不得一个合格的老师。\n\n5.4\n\n出分了，4.8，符合预期。\n\n看到后面这些因为给分低而喷的评论我觉得很无趣，更多的像是因为给分低触及到了自己的利益而开喷。这个理由很荒唐——因为自己的原因而怪罪老师，而不是因为老师上得不好而喷。\n\n可怜。这些仅从给分来评价老师的人。
49058,3061,陈幼芳,2017-03-23 01:16:21,-1,9,10,别的课不知道，共化上的不如高中化学课，一天到晚催你画重点，上课ppt读过就好。给分再好也没有用
49802,3061,陈幼芳,2017-04-26 07:03:37,-5,4,9,工程化学，均绩4.3，选不选随便你们
49874,3061,陈幼芳,2017-04-26 15:42:29,0,2,2,好好好
49931,3061,陈幼芳,2017-04-27 09:07:17,0,4,4,老师人很不错的
50156,3061,陈幼芳,2017-04-30 11:32:16,-1,4,5,能感觉到老师很尽力在讲这门课，但是这门课实在太浅又太杂真是不好讲啊……
50188,3061,陈幼芳,2017-05-01 03:22:13,-1,16,17,其他课不知道如何，但就工化而言，不是贬低老师，就一个客观评价：幼稚，情商低，不知道是不是一个好学者，但绝对不是一个好老师。
50647,3061,陈幼芳,2017-05-04 05:22:49,-16,1,17,没有满只有4.5
50649,3061,陈幼芳,2017-05-07 03:57:43,-1,13,14,上课，照本宣科毫无趣味性，甚至缺乏逻辑性，想到什么说什么。一门简简单单的课硬要分小组，强制小组讨论，搞课堂小测。考试，我们在下面写她在上面拼命说，严重干扰做题。跟我一起的几位大二的为了选上工化，调整了一半的预制专业课，其他课冲突甚至也翘其他课来上工化，每次点名都在，每次小测都交，最后成绩很低，我去查分查出来平时分才给了70多，上大学以来从没有这么低的平时分，我去找老师，这位老师就找各种理由来指责我们，小测上清清楚楚有批改痕迹却说我们小测没交；讨论组的规则是她自己定的，每人每周轮流当组长却说我不是组长。说实话，就算老师给我们高分我们也要指出这些问题，相反，那些吹捧老师的评论基本都是一句话夸老师好而拿不出任何事实，甚至某个评论在出分前后完全两种态度，还说都是同学自己的原因，同样春学期的另外两门课我分别拿了4.8和4.2;同样跟我一个专业的同学，在另一个工化班的基本是90分以上，而这个班的基本是80分以下，那是我们故意不学好工化咯？究竟是谁仅从给分来评价老师呢？
50651,3061,陈幼芳,2017-05-04 05:27:34,2,10,8,呵呵呵
50652,3061,陈幼芳,2017-05-04 05:27:49,0,10,10,上课还不如高中老师，考试的时候还一直在催，真的不知道她在想什么，还说什么只要写满就有分，真的以为学生都是zz。最后给分还低，GG
50654,3061,陈幼芳,2017-09-25 09:22:35,-1,8,9,不想说什么，辛辛苦苦冲突选课选来的工化，就是冲着不用点名只收作业的名气才来的，结果又点名又quiz；翘了常微分来听这没有营养的画重点课，最后的考试又这样找我们麻烦；给分高？也不知道是按什么给的分，给分高就不用正态？naive。77飘过，坐看大一狗无脑捧。
50716,3061,陈幼芳,2017-05-04 13:39:13,1,5,4,呵呵呵
50849,3061,陈幼芳,2017-05-07 04:11:36,-1,2,3,照本宣科
50850,3061,陈幼芳,2017-05-07 04:14:07,-1,7,8,完全不是一个大学老师的应有的素养，上课照ppt念完，没有学科前沿知识的补充，听得最多的就是这个知识点要考？哪里哪里以前考过，很多学生做错？一个劲的划重点，记……例题？这老师真的是来教我们怎么考试怎么过这门课么，而不是先想想怎么把课给上好？
50881,3061,陈幼芳,2017-05-08 02:26:39,-1,2,3,啥都不想说 这种课就是浪费时间
62723,3061,陈幼芳,2017-11-26 14:50:58,-4,0,4,呵呵呵
62724,3061,陈幼芳,2017-11-26 14:57:20,3,3,0,绩点给很高
63000,3061,陈幼芳,2017-11-28 01:11:55,-4,0,4,水课。。
93670,3061,陈幼芳,2019-01-11 11:09:50,12,12,0,感觉老师真的是很好的老师了 非常为我们着想 还会在群里发布做实验的板书和录音方便我们做预习报告 一直很耐心给我们答疑 而且在期末考试之前让我们放宽心 考试之后一直在开导我们 虽然还没出分 还是给老师十分 感觉老师真的很好
93981,3061,陈幼芳,2019-01-14 14:25:32,7,7,0,老师真的超好
95201,3061,陈幼芳,2019-01-19 04:46:50,9,9,0,【普化实验】超级认真的一个老师吖 助教小姐姐和小哥哥颜值也超级高 会准备板书和录音在QQ群里 然后考试什么的都是玄学  绩点最后还是不错的
95524,3061,陈幼芳,2019-01-19 14:05:34,12,12,0,超级超级超级超级好的老师！\n\n处处为同学考虑着想！\n\n理论考时真的超级照顾了！\n\n绩点也给的很好！\n\n十分满上！
98227,3061,陈幼芳,2019-01-23 08:20:47,-1,2,3,陈老师非常关心学生，实验要求不特别严格，很在乎学生对她的评价以及领导对她的看法。但是她讲课水平确实不高，而且十分催眠。\n\n
100373,3061,陈幼芳,2019-01-26 03:57:42,4,4,0,老师给分超级好，充满人文关怀
117999,3061,陈幼芳,2019-10-18 02:59:58,-14,1,15,上的普化实验，她对人的态度。。。呵呵
120551,3061,陈幼芳,2020-01-12 14:52:00,3,4,1,很好的老师，很详细，为同学考虑！真的很好\n\n
120596,3061,陈幼芳,2020-01-13 15:04:50,3,3,0,老师真的超好，真的很关心同学的啦！出分前先为老师打call！
130599,3061,陈幼芳,2021-01-24 01:57:18,4,5,1,老师很认真很负责  很为同学们着想 让人感觉很亲切很放心（会教你怎么把成绩弄得好看点）\n\n助教姐姐也很耐心 qq上提的问题都会及时处理！！课堂上也很轻松\n\n普化实验这门课就是实验报告让人头疼（比较耗时）每次认真对待结果还不错\n\n理论考试比较玄学 有些比较难准备到！\n\n先前忘了几次预习考试\n\n最后92惊险4.8 \n\n感恩大一上预置到陈老师的课～
152012,3061,陈幼芳,2022-03-23 05:15:05,3,7,4,大化实验O，老师很好，助教傻逼
156074,3061,陈幼芳,2022-06-17 11:11:25,1,1,0,大化实验O，老师挺好说话的，很宽容。我感觉最后绩点主要还是看理论考，我实验报告的分数都挺低的，最后有4.5，所以理论考还是要好好准备下
166077,3061,陈幼芳,2023-01-11 04:49:04,0,2,2,老师很可爱上课也很认真，还会给我们放水让我们做好实验的可以早点回去。\n\n助教姐姐人也很好\n\n平时实验报告的成绩不会告诉我们，在我看来是一个缺点吧，因为不知道自己哪里需要改进的\n\n因为疫情原因最终没有期末考，绩点拿了3.9，有点小失落（因为感觉平时写的还是蛮认真的）不过还是要谢谢老师啦
175986,3061,陈幼芳,2023-06-27 10:44:48,1,1,0,很耐心很温柔的一位老师，不会因为实验结果如何去苛求你，但是很注重实验操作的规范和实验安全\n\n助教人也很好，判每一份实验报告都很认真，也会在做实验的时候耐心帮助和指点\n\n虽然绩点不高，但是上课体验很不错（绩点不高九成责任在最后的期末考试没复习，以为会以实验操作还有原理为主，结果尽是些反应物反应条件的默写，栽了）
203551,3061,陈幼芳,2024-11-20 03:32:10,7,7,0,虽然还没有到给分（希望不要让我失望老师捞捞）。但是陈老师真的特别特别好特别特别好，很为学生考虑也很友好（尤其跟室友天天骂人的普化实验老师比起来）特别特别好的老师😭😭😭😭😭😭😭😭助教也很好😭😭😭😭😭😭
204692,3061,陈幼芳,2024-11-27 11:21:55,7,7,0,虽然不知道给分咋样，但确实名不虚传，特别好
208698,3061,陈幼芳,2024-12-31 05:44:01,4,4,0,非常棒的一个老师！特别有耐心！
210620,3061,陈幼芳,2025-01-09 12:44:08,4,4,0,喜欢陈老师！很有耐心！最后给分也很好！
6632,3068,刘清,2015-07-16 15:29:32,1,1,0,老师人很好，超级认真
11469,3068,刘清,2015-12-02 10:41:10,1,2,1,刘老师特别慈祥，对学生很好，答疑很有耐心，赞！
9656,3150,潘远江,2015-11-04 00:45:54,2,5,3,很好的。
12071,3150,潘远江,2015-12-21 15:40:11,5,8,3,很认真\n\n
37939,3150,潘远江,2016-11-22 06:30:15,-11,4,15,长枪短炮
65440,3150,潘远江,2018-01-04 02:54:46,2,5,3,能学到真本事
86017,3150,潘远江,2018-08-27 06:13:37,4,6,2,有激情，挺好的。
88283,3150,潘远江,2018-10-26 11:44:07,3,7,4,云里雾里
89263,3150,潘远江,2018-11-17 16:34:45,3,6,3,老有水平
89612,3150,潘远江,2018-11-20 03:06:29,8,12,4,口音迷醉但很可爱 水平很高 能真正学到东西
98134,3150,潘远江,2019-01-23 06:02:27,10,11,1,老师很可爱 当然也很有水平 个人感觉课很难 我太菜了……
98271,3150,潘远江,2019-01-23 08:58:20,6,7,1,明天考试了 我祈祷
100512,3150,潘远江,2019-01-26 08:30:00,2,3,1,有激情，不错。
101763,3150,潘远江,2019-01-29 04:16:25,4,4,0,还没出成绩，我祈祷+66
102435,3150,潘远江,2019-02-02 03:03:07,6,8,2,老师人很好，讲课像个艺术家，水平很高。
102741,3150,潘远江,2019-02-22 06:29:25,1,7,6,老师学术水平很高!18秋高有波谱分析唯一的大一学生，老师很关心，我很喜欢上老师的课，最后绩点4.8据说前三?讲了很多东西，算是给核磁和质谱入了门。老师还邀请了外校的老师来交流讲授，很精彩。这门课可以提升的更深入一些，比如带学生到玉泉实操一波?（好像往届是有的，今年选课的人多）或者讲一讲怎么用nus这类的软件的宝贵经验。下次厚脸皮去请老师给我试试质谱看看(⁄ ⁄•⁄ω⁄•⁄ ⁄)
109555,3150,潘远江,2019-06-17 03:21:16,1,4,3,棒棒哒
127564,3150,潘远江,2020-11-24 11:54:23,4,5,1,讲课风格参考马保国\n\n不过讲的很好
130018,3150,潘远江,2021-01-15 03:28:42,12,14,2,有水平，但是上课质谱题和核磁题不讲答案，不顾及低水平同学的上课体验。
130312,3150,潘远江,2021-01-20 15:03:01,8,10,2,我愿称之为化学系马保国
150065,3150,潘远江,2022-01-18 17:15:52,-8,2,10,上课过分自以为是不论，虽然本人上课能跟上的说，但是给分是真的很迷，做完非常自信的说，结果4还没上，和同学讨论出的结果中考试答案基本也没大问题（除非我们都错），总之很迷，不说了，去找老师查卷子去了
163223,3150,潘远江,2022-12-10 08:57:50,2,3,1,老师上课例题都不给答案而且多数题目都不讲…….不点名但会在做题的时候在教室来回转…..总之挺好的老师但选课要三思
181306,3150,潘远江,2023-10-13 13:34:31,0,3,3,上课一直要做题 题目难度大 不给答案 不要选！！！
189836,3150,潘远江,2024-01-30 13:18:15,1,1,0,坐牢是真坐牢，但给分真不错
213206,3150,潘远江,2025-01-16 10:14:10,3,3,0,虽然课堂练习经常进度贼快不给答案，虽然期末考试和说好的不太一样！但是！禁不住他能捞啊！平时课没这么认真听就是跟着做题，期末考完感觉天要塌了最后出分好看的。小老头我永远的神啊。
214732,3150,潘远江,2025-02-17 06:34:28,0,0,0,挺有水平的，听老师吹牛特别有意思\n\n期末四道题两个小时居然没人提前交卷（说明有的题确实有难度）\n\n上课做题很多（占70%时间）
540,3272,吴金龙,2015-03-15 04:37:59,6,9,3,上课照本宣科，基本靠自己。不过有每周课后答疑，还是个负责的小老头。
600,3272,吴金龙,2015-03-15 06:33:32,5,7,2,上过他的有机化学，平时上课就是照着ppt读，基本靠自学，但是问问题他会很热情解答，每周都会抽一个晚上为学生答疑。适合自学能力强的学生。
3332,3272,吴金龙,2015-06-02 11:06:55,0,2,2,上课基本念PPT，会有一些神奇的比喻，每周有答疑，挺负责的。
6234,3272,吴金龙,2015-07-12 07:58:56,0,2,2,一般
9421,3272,吴金龙,2015-10-27 00:05:19,0,2,2,全靠自学，上个课还要点名。一个专业课靠点名维持听课人数，呵呵呵
11800,3272,吴金龙,2015-12-16 01:47:24,9,10,1,永远喜欢用两性关系来比喻有机反应，我已然无言以对
12674,3272,吴金龙,2015-12-24 00:58:38,-1,1,2,除了奇奇怪怪的比喻和有些佶屈的口音之外，其实不错的。
15929,3272,吴金龙,2016-01-16 15:43:50,2,2,0,认真听还是可以的
17000,3272,吴金龙,2016-01-19 12:12:06,3,3,0,讲的一般，但是大学谁不是自己看书呐，认真答疑这点很不错
17788,3272,吴金龙,2016-01-21 01:37:15,0,1,1,此人只应天上有，人间难得几回闻！！！
35899,3272,吴金龙,2016-11-10 08:47:48,0,1,1,上课会做一些奇怪的比喻，讲有机反应的时候，机理讲的不大清除基本靠看书，每节课要签到，不过老师挺负责的，每周抽时间自己答疑
41724,3272,吴金龙,2017-01-16 08:58:52,0,2,2,吴老师人特别好，也很喜欢上他的课。但可能是我自己学不好吧，吴老师真的特别好
43393,3272,吴金龙,2017-01-16 08:11:08,0,1,1,。。。
43403,3272,吴金龙,2017-01-16 08:20:38,2,3,1,好想给他0分
43405,3272,吴金龙,2017-01-16 08:22:55,0,2,2,感谢老师的真情付出。一学期下来收获巨多
43433,3272,吴金龙,2017-01-16 09:07:52,0,1,1,凑合吧
43434,3272,吴金龙,2017-01-16 09:10:36,1,3,2,其他老师班的均绩比他的班高0.3 0.4，你就知道这老师给分多差了。每节课点名。一句话，别选
43452,3272,吴金龙,2017-01-16 09:46:52,1,2,1,我觉得老师是想让我们对有机产生兴趣，有在用心的。然而授课方式让人迷之困倦啊。
43622,3272,吴金龙,2017-01-16 15:46:10,0,1,1,还不错呀
43707,3272,吴金龙,2017-01-17 00:20:53,1,3,2,金龙均绩3.0，隔壁傅妈马哥均绩都3.3和3.2差一个档，给分太差，感觉不太公平
43797,3272,吴金龙,2017-01-17 03:31:52,0,0,0,慎选吧
47015,3272,吴金龙,2017-01-23 09:38:28,0,3,3,上课水平确实不算高吧，念PPT为主，基本自学了。听过吕奶奶的课确实很好，有些问题也解释清楚了。不过老师每周末都自己抽时间答疑很用心了。上课喜欢用两性关系比喻也是神奇的经历。给分。。。这学期因为卷面难度高据说调分了？满了不清楚。
62892,3272,吴金龙,2017-11-27 09:32:22,1,2,1,他的有机实验课真是呵呵呵了，大概是觉得学生应该什么都会，去问个问题“你不会看讲义吗”“你不会看别人吗”永远一副“我忙着玩手机呢这么简单的东西别来问我你来问我我也不会给你好脸色看的”的样子，实验步骤讲的比刚调完pH的乙酰二茂铁还像屎一样?
87762,3272,吴金龙,2018-10-11 15:45:14,-1,0,1,吴老师人真的特别特别好～有机实验课完全被他圈粉了！即使再简单的问题都会被他认真的回答√ 而且因为我的实验操作有一步不对，导致进度比别人慢了很多，他还会经常过来看看我的进度，给我提一些加快速度提高产率的小建议。而且我们的实验报告他特别特别认真的去改(不是助教改的，是他亲自改的)，花一天的时间来改我们的实验报告，逐字逐句的去看！我觉得能遇到这么这么nice的老师即使到期末给分再差我都接受。
219,3346,许宜铭,2015-03-14 17:00:02,4,8,4,摧毁了我对大学老师残存的一丢丢幻想
525,3346,许宜铭,2015-03-15 04:17:13,12,33,21,是我目前知道的教得最呵呵的老师（2012年）。上课基本就是念课件，概念讲得不透彻，例题也不讲清楚。总之，老师自己的科研的确很好，可惜不善于表达。
682,3346,许宜铭,2015-03-15 11:56:04,5,9,4,完全无语
8427,3346,许宜铭,2015-09-21 07:38:18,10,16,6,大家好好自习吧。。
8431,3346,许宜铭,2015-09-21 08:05:05,3,8,5,what are you 讲啥呢
10056,3346,许宜铭,2015-11-15 05:39:52,2,5,3,呵呵…
10650,3346,许宜铭,2015-11-21 12:35:05,7,14,7,听老师说过原来的一次“考试事故”，貌似从那之后他基本就是“不管不问”的态度了…
10862,3346,许宜铭,2015-11-23 07:37:10,6,10,4,均绩超过评分的好老师！
16320,3346,许宜铭,2016-01-18 02:47:27,36,44,8,为什么对他评价这么差？我觉得这才是一个真正的好老师。叫我们如何学习如何做人而不是死套公式，而且重点是考试不难给分很好
26472,3346,许宜铭,2016-06-18 17:32:14,0,5,5,考试给分什么的还是很良心的
33224,3346,许宜铭,2016-09-16 03:17:26,0,4,4,虽然上课不咋地但是给分还是挺厚道的…
34253,3346,许宜铭,2016-09-29 06:37:43,3,5,2,老师挺好的。是我听不懂?????
36137,3346,许宜铭,2016-11-24 05:35:57,2,5,3,很有趣
39315,3346,许宜铭,2016-12-22 05:12:12,14,18,4,老师上课吐槽超级有趣，脑洞超大（可能是做研究必要的），一个知识点就可以无限延伸，谈天谈地谈政策。有一次老师做完研究熬夜赶课件，就睡了一个小时，来上课的时候都一脸憔悴，但是上到一半又生龙活虎的哈哈，挺感动的，好老师。知识什么的可以下课学，段子和吐槽千万不能错过！希望大家支持。
40742,3346,许宜铭,2017-01-05 07:53:06,14,19,5,一个适合当导师而不适合教大一新生的好老师
44929,3346,许宜铭,2017-01-18 14:12:34,-9,3,12,呵呵。。。完全讲不明白\n\n
44965,3346,许宜铭,2017-01-18 16:02:17,7,9,2,超级棒，这老师很好的，一定要选他的课，期末超好过，平时很水，考试巨简单，上课幽默风趣。
46984,3346,许宜铭,2017-01-23 08:10:38,4,5,1,口音听不大懂，习惯口音后，仍然听不太进……真的是在讲课么？平时水一水考前突击下分数不会有大问题。总之是讲课迷，给分良心，硬生生把必修上成通识的一门课。
47557,3346,许宜铭,2017-01-31 02:31:15,-9,1,10,不想说他
63572,3346,许宜铭,2017-12-07 05:29:26,6,6,0,我认为很好啊，老师为人正直，偶尔讲段子，而且这门课没有一些乱七八糟的任务，只要考试就行了(⊃‿⊂)
66044,3346,许宜铭,2018-01-11 07:12:38,3,4,1,除了讲的不好，其他都很好！老师的思想很前卫，很有批判性。
69621,3346,许宜铭,2018-01-27 10:06:14,0,2,2,说实话给分并不是特别好，有点小绩杀。
69654,3346,许宜铭,2018-01-25 07:08:43,4,6,2,牛逼老师牛逼老师，这老师贼好，10分不解释
70545,3346,许宜铭,2018-01-27 07:41:37,-2,1,3,给分好嘛？好吧可能是我真的没好好学QAQ
70753,3346,许宜铭,2018-01-27 13:13:55,1,4,3,说绩杀的你们可真是够了吧。只要作业每次都交了就有40分，剩下的考多少是多少。自己差就是差，怪老师？真是有本事。
70949,3346,许宜铭,2018-01-28 00:45:29,1,2,1,讲得很活泼，我喜欢
71303,3346,许宜铭,2018-01-28 09:14:12,-1,1,2,人很好，给分不咋地
72416,3346,许宜铭,2018-01-30 05:38:14,0,4,4,这老师瞎jb给分吧……最后考的那么水不知道分是怎么给的
73806,3346,许宜铭,2018-02-03 06:22:37,-2,1,3,上课水，考试更水，自学吧。给分还行。
83751,3346,许宜铭,2018-07-11 06:59:11,-1,1,2,讲课不好还绩杀，但教会了我们其他东西
88618,3346,许宜铭,2018-11-04 06:58:08,4,5,1,很早以前课程期末考试的时候，一位同学没有带计算器，然后问许老师能不能用手机上的计算器，当时老师允许了。后来有同考场的举报这件事，导致这门课期末考试成绩作废，全员重考，也给老师记了一次教学事故。从那以后老师就不太管学生了。
89401,3346,许宜铭,2018-11-19 03:07:48,4,5,1,上课幽默，上他的课不困，单这一点就10分
93075,3346,许宜铭,2019-01-07 08:13:45,-6,4,10,SB\n\n胡说八道
93877,3346,许宜铭,2019-01-14 06:37:39,1,2,1,还行吧
102724,3346,许宜铭,2019-02-22 03:53:44,0,0,0,老师对学生还是很好的，但是讲课有点迷，重点不太突出，导致复习的时候都无从下手。
121049,3346,许宜铭,2020-01-19 10:29:53,3,4,1,我觉得这才是一门大学课程该有的模样，这门课拿了4.8，这完全是意外之喜，其实哪怕到了4以下我也没什么好抱怨的，毕竟是真的没怎么学，当然并不是因为期末题目简单和分数高才给老师这个分数，我觉得先生值得。
129696,3346,许宜铭,2021-01-11 03:32:28,1,1,0,超可爱的老师！很亲切！小伙伴们选起来！
130703,3346,许宜铭,2021-01-24 10:01:35,3,3,0,有通知课那味了，慎选
132183,3346,许宜铭,2021-01-31 01:05:13,-2,0,2,老师卡绩，上课上了个寂寞。
145350,3346,许宜铭,2021-12-29 06:57:35,3,5,2,如果一定要评的话，许老师的课能在应晶，苏德矿之类的大佬中脱颖而出，成为大一我最喜欢的课
167822,3346,许宜铭,2023-01-19 08:59:10,4,4,0,节哀。
167856,3346,许宜铭,2023-01-19 13:52:24,4,4,0,🕯️
167864,3346,许宜铭,2023-01-19 14:30:53,4,4,0,🕯️
167959,3346,许宜铭,2023-01-20 17:25:21,4,4,0,先生千古
168268,3346,许宜铭,2023-02-08 04:38:55,2,2,0,先生千古，节哀
7870,3359,张玉红,2015-09-16 01:08:18,23,25,2,好垃圾啊 完全没有乐趣 声音又小 对着PPT也不知道在念什么
8396,3359,张玉红,2015-09-21 02:44:27,5,6,1,垃圾，老师根本不会讲课
8397,3359,张玉红,2015-09-21 02:44:31,3,4,1,听不懂。。。。。。。。。。。。。。
8798,3359,张玉红,2015-10-12 01:46:11,40,43,3,给1分是因为没有0分这个选项。
8830,3359,张玉红,2015-09-28 12:58:14,18,19,1,我像是一个你可有可无的影子，冷冷地看着你说谎的样子
8890,3359,张玉红,2015-09-30 00:05:39,8,8,0,垃圾的一笔。跟自己讲课
8893,3359,张玉红,2015-09-30 01:29:10,6,6,0,我要报警！
10736,3359,张玉红,2015-11-23 03:44:00,5,5,0,超级水，没话说
11633,3359,张玉红,2015-12-09 00:30:34,4,5,1,啥也不说了。专治失眠
11661,3359,张玉红,2015-12-09 13:50:32,3,3,0,听不清！
11666,3359,张玉红,2015-12-09 15:50:16,22,22,0,谁打的2分？站出来！！！
11788,3359,张玉红,2015-12-15 11:14:43,2,2,0,...
13946,3359,张玉红,2016-01-03 01:11:04,15,16,1,老师有这样一种神力，本来你下定决心要好好听课，在她开口的那一瞬间你就心甘情愿地打脸
14083,3359,张玉红,2016-01-04 06:35:11,2,4,2,极不推荐
14145,3359,张玉红,2016-01-05 02:45:40,8,8,0,声音太轻，反映之后下节课还是老样子，催眠能力极强\n\n有一周出差找刘占祥老师代课，讲课水平差距马上出来了【那老师真心好】\n\n当年没有退了预置重新选真是太自信
14341,3359,张玉红,2016-01-06 12:11:39,4,7,3,老师就是声音小、有点沉醉于自己的世界，机理讲的还是蛮清楚的、问她问题也蛮耐心的、感觉科研能力很强、教学能力差了一些
14809,3359,张玉红,2016-01-09 12:18:47,1,1,0,...\n\n
17487,3359,张玉红,2016-01-20 09:47:11,2,2,0,安眠曲的感觉，人不错，上课太烂！
17488,3359,张玉红,2016-01-20 09:48:06,-2,8,10,蛮好的
21355,3359,张玉红,2016-02-28 07:48:28,2,2,0,hhh
22210,3359,张玉红,2016-03-03 02:58:24,11,11,0,上中级有机才知道自己渣成什么样，然而从张玉红老师过来的所有人上中级有机基本都是一脸懵逼
22211,3359,张玉红,2016-03-03 03:03:40,2,2,0,渣渣，
25628,3359,张玉红,2016-05-30 02:57:04,1,2,1,hhh
28074,3359,张玉红,2016-06-28 08:04:28,0,1,1,辣鸡哟
39304,3359,张玉红,2016-12-22 03:55:56,0,3,3,可以的
39306,3359,张玉红,2016-12-22 04:07:57,4,5,1,吕奶奶给我们上中有的时候问了好多遍有没有学过基础有机。
45242,3359,张玉红,2017-01-19 07:59:43,4,4,0,靠自己
58050,3359,张玉红,2017-07-27 05:30:28,0,3,3,太垃圾了，学校应该淘汰一些水笔老师，就像劝退一些学生一样
58864,3359,张玉红,2017-09-18 06:15:22,3,3,0,为什么没0分
59463,3359,张玉红,2017-09-21 13:47:38,2,4,2,老师声音是小了一点 但是讲的很清楚啊
59630,3359,张玉红,2017-09-25 04:50:40,6,7,1,你自言自语，我无动于衷
60067,3359,张玉红,2017-10-09 08:47:33,30,32,2,“我考考大家，看你们有没有学会。”一个大佬起身回答了问题。 \n\n“好，看来大家都学会了，我们继续。”
60068,3359,张玉红,2017-10-09 08:51:17,3,3,0,真的销魂到死
60522,3359,张玉红,2017-10-23 07:13:10,2,4,2,太差，跳着乱上，还以为很有道理。先建高楼，再打基础。非常后悔选她的课，差到不行。
64714,3359,张玉红,2017-12-27 01:00:38,0,2,2,太垃圾\n\n
65304,3359,张玉红,2018-01-03 01:06:17,2,2,0,无语sb
68463,3359,张玉红,2018-01-29 21:01:23,3,3,0,除了声音小之外没什么大毛病
68551,3359,张玉红,2018-01-23 10:51:27,4,4,0,给助教打call，助教真的很不辞辛劳
68593,3359,张玉红,2018-01-23 12:18:35,5,8,3,我的10分是给助教姐姐的，真的人美心善，期末还手写给我们资料，讲课也非常清晰。至于张老师，只能怪班里大佬，让老师产生我们都会的错觉。讲课声音是比较小，坐靠后就听不清。到了期末，班里只剩下1/3的同学。。。你们自己感受下。。。然后我想说，自己菜，怪不了谁了。
69464,3359,张玉红,2018-01-24 18:58:08,0,2,2,"我很无奈，我向来化学就不怎么好，当初哪来的勇气不退预置上她的课？上课是没有什么意义的，连个话筒都不肯拿的吗？作业真的多，而且写了这么多作业有什么用，期末真的想哭，所有知识全靠自学，考试全靠想象。在别人期末说着""这个，我们老师上课讲过""的时候，我只能默默翻开课本预习/手动再见"
69769,3359,张玉红,2018-01-25 10:59:48,3,4,1,老师人很好的，讲题也很耐心的，喜欢这个老师o(^o^)o，还有超级认真的助教也很好呀
72153,3359,张玉红,2018-01-29 13:14:25,2,3,1,我没怎么听，，但是觉得老师很好很认真啊，解答问题很热心
72154,3359,张玉红,2018-01-29 13:15:57,-1,2,3,其实老师是很不错的，说老师不好的同学是因为朗他们没有听过其他老师的课，你如果觉得老师讲得糊涂或是声音小，你可以早起去占第一排，或者提前预习，最后考试前的小技巧还是很有用的。
72155,3359,张玉红,2018-01-29 13:16:33,3,4,1,虽然声音有点轻，但老师人很好！超级好！助教小姐姐也很好！很认真，很负责！
72571,3359,张玉红,2018-01-30 11:51:36,4,4,0,只有一个建议：请退课，别嫌麻烦
76650,3359,张玉红,2018-04-17 07:07:34,18,19,1,我觉得老师上得挺好的啊？一直劝我们大一的好好读书，对班级里大五大六的同学也很关照，然后一直强调自己不能改分数算教学事故，然后每次课后都会布置很充实的作业，上课的时候也很好地改善了我们的睡眠质量，上课的时候也可以干别的事情。嗯，这么好的老师。所以我给一分。
80452,3359,张玉红,2018-06-26 15:48:52,1,3,2,老师挺耐心的，人还挺好，问问题会认真解答
89377,3359,张玉红,2018-11-19 01:33:01,6,6,0,我真的想好好听课? ，但实在听不下去，预习了也听不下去? ，只能上课自己看书，听到她的声音就觉得烦。劳资不学了(掀桌
90760,3359,张玉红,2018-11-26 00:43:19,3,3,0,不知道她在给谁讲课。
91866,3359,张玉红,2018-12-23 23:27:22,6,6,0,每次有机之前，都希望她有什么事能让别人帮忙代课，我是真的想听化学课学点什么。。。。
97068,3359,张玉红,2019-01-21 15:40:31,0,1,1,还行 就是声音太小了
100421,3359,张玉红,2019-01-26 05:55:12,1,1,0,感觉不太会上课吧，声音小且轻，提不起兴趣，对于大佬来说应该是没有问题的。有期中考，我们这次是老师发到公邮里，让我们自己做然后第二天上课时候交。前几次上课会点名，但是有机也不是一个老师教的好就可以学的好的课，还是看考前自己能记住多少吧。
101276,3359,张玉红,2019-01-28 03:15:12,1,1,0,老师人很好，但讲课真的......（此处省略1000字吐槽，请自行体会）。其实班里有80左右的人，最后来上课的人越来越少，到期末能有30个就不错了……上课基本靠自学（大佬除外）。但助教小姐姐很负责...
104292,3359,张玉红,2019-03-17 01:02:17,2,2,0,有空听听别的老师讲课吧，上重修班深刻感觉到差距。
105187,3359,张玉红,2019-04-07 00:54:04,2,2,0,讲课太垃圾了，你知道自己在讲什么吗？
106021,3359,张玉红,2019-04-24 10:27:59,2,2,0,听老师上课是什么感觉？老师不上课。
133579,3359,张玉红,2021-03-02 09:52:05,0,0,0,好，挺好的
1751,3385,赵明坚,2015-03-24 04:11:38,8,9,1,很认真很负责任的老师，实验讲课很仔细，还会给ppt和复习资料。不过课前有预习测验要好好准备。
25965,3385,赵明坚,2016-06-14 15:35:23,2,3,1,很棒的老师
29838,3385,赵明坚,2016-06-30 11:30:37,0,0,0,很好的老师 很负责 刚开始可能有些严厉 但是后面会慢慢感受到温暖呢
34811,3385,赵明坚,2016-10-24 02:17:02,4,4,0,老师课前讲的太多了，每回实验都被拖到5、6点，有晚课的我简直要哭起来
45153,3385,赵明坚,2017-01-19 05:05:56,1,1,0,老师万能，什么实验设备看一眼就知道那里出故障了，超级牛。
46329,3385,赵明坚,2017-01-21 08:38:48,4,4,0,是我遇到的最认真负责的老师，可以学到很多
80436,3385,赵明坚,2018-06-26 12:09:52,1,1,0,老师真得超级棒超级厉害！非常认真负责，实验有问题会非常耐心的指导。仪器有问题老师马上就能看出来。考试前会给复习资料超级棒！
81944,3385,赵明坚,2018-07-06 14:38:01,0,0,0,大化P的考试还是有点难的
88413,3385,赵明坚,2018-10-30 10:11:26,1,1,0,这老师有点东西，就是废话太多了
90899,3385,赵明坚,2018-11-27 07:33:30,2,2,0,中级化学实验2玄学给分\n\n
112778,3385,赵明坚,2019-07-05 02:55:26,1,2,1,老师很认真负责，非常关心同学，为同学考虑，为老师疯狂打call！
115108,3385,赵明坚,2019-07-15 17:51:15,1,1,0,10分不解释
137536,3385,赵明坚,2021-07-05 04:13:40,1,1,0,赵老师讲课很细致，人也超级棒～谢谢老师呀，专业又儒雅的好老师
150293,3385,赵明坚,2022-01-21 16:51:25,1,1,0,难得碰到这么认真负责任的老师！
15431,3440,刘明,2016-01-14 11:05:41,25,32,7,相当会玩
27017,3440,刘明,2016-06-22 07:39:19,4,10,6,上他的定向越野，老师挺好的，就是挺累
27570,3440,刘明,2016-06-27 04:10:37,5,12,7,大一两门体育课都是她的，挺好玩的，特别是户外拓展，很刺激，但是太严格了，水不了
29737,3440,刘明,2016-06-30 09:08:36,19,24,5,老师很有趣，东北人，上课讲的都挺实用的，和课上的小伙伴玩的很欢乐，虽然没记住几个名字hhhh
29780,3440,刘明,2016-06-30 10:04:42,38,60,22,老师教的真的非常好！  上课也非常愉快，   我感觉在浙大基本找不到一门像这样的体育课，上完之后，全班真的联系在了一起！   而且给发非常好！ 考试绳结与团队项目都很简单！
29783,3440,刘明,2016-06-30 10:08:18,13,16,3,上课一颗赛艇，给分亦可赛艇
29853,3440,刘明,2016-06-30 11:59:48,-9,5,14,给分呵呵
30222,3440,刘明,2016-07-01 05:46:26,-9,6,15,给分一般?
30228,3440,刘明,2016-07-01 05:52:40,-19,7,26,体育课给我这个分我也是呵呵呵....太严 不讲情面
33582,3440,刘明,2016-09-20 07:17:55,23,26,3,老师很逗很有趣\n\n户外拓展\n\n姚翔老师带你飞
36109,3440,刘明,2016-11-10 12:36:01,4,5,1,老师很好，幽默但一直一个套路
36342,3440,刘明,2016-11-12 04:56:25,1,5,4,我一直不相信老师是化学系的 好老师，绝对好老师，喜欢他的课，有种天然的让团队凝聚起来的魔力
39091,3440,刘明,2016-12-21 06:28:48,11,15,4,真男神！185+长腿大帅哥！上的户外拓展，我从小喜欢爬爬爬，感觉这个课真的释放天性啊～而且老师超专业超酷炫，会关心、鼓励每个人，发掘自己最大潜力啊！超幽默超逗，每次上课我都笑到不能自已……最后嘛，老师严肃起来还是非常严格的，毕竟性命攸关的事儿…（恐高的同学就别选了，除非跟自己过不去）
39115,3440,刘明,2016-12-21 08:12:59,12,14,2,一年多了，在路上跟老师打招呼老师都还认识我~
39203,3440,刘明,2016-12-21 15:03:46,8,10,2,（姚翔）老师简直不能更可爱啊（*/∇＼*），我修的是他的户外拓展，强势安利～超有趣～
39502,3440,刘明,2016-12-23 09:02:30,1,2,1,萌萌哒～
39837,3440,刘明,2016-12-28 03:00:21,0,1,1,这样的老师越多越好
39838,3440,刘明,2016-12-28 03:02:17,0,1,1,相当有趣的一个老师，上他的课感觉很有意思。可遇不可求的好老师
39974,3440,刘明,2016-12-28 12:47:50,3,5,2,人超好！可爱！怎么能不刷到十分！
40299,3440,刘明,2017-01-01 16:16:53,1,3,2,因为他感受到了团队
40591,3440,刘明,2017-01-04 08:03:52,1,4,3,超喜欢姚翔老师！很幽默，虽然攀岩课苦逼了一点，但老师一直鼓励我！就这样成了我的男神！\n\n不过老师考试挺严格的～
42846,3440,刘明,2017-01-15 09:38:31,3,8,5,老师的给分...
42875,3440,刘明,2017-01-15 11:24:59,3,8,5,攀岩跪
42896,3440,刘明,2017-01-15 11:23:46,2,6,4,给分。。。
42904,3440,刘明,2017-01-15 11:44:30,2,5,3,我上了他的户外拓展这门课，虽然我有点小恐高，在刚开始听老师介绍的时候感到非常害怕，但一学期下来体验还是不错的。课堂表现的10分每个人都是能满分的，最后的翻墙考试我们小组严重超时，但他也只扣了我们5分，当时我以为十几分起码是要扣的。最后几节课教的绳结非常实用，但不容易听懂，还不如自己上网或用软件学。绳结的考试是十分严格的，还非常拼人品，这也是让我略不满的一点。总体上老师对同学非常有爱，还很擅长激励人心，不过在你犯下可能涉及安全的错误时，他会变得非常严厉。
43075,3440,刘明,2017-01-15 15:55:42,0,2,2,棒棒棒
43180,3440,刘明,2017-01-16 02:49:32,1,3,2,能学到干货
43832,3440,刘明,2017-01-17 04:39:53,1,3,2,很好很喜欢！我12分钟满的，最后就理论扣了2分，98。定向只看最后一次，很简单，让我继续选定向！
43887,3440,刘明,2017-01-17 05:37:04,0,4,4,上课挺有意思，但是分太低
45725,3440,刘明,2017-01-20 03:45:28,1,4,3,老师真的很好，户外拓展课各种好玩，能挑战自己从来没有挑战过的东西。老师平常很逗，民间段子手，示范动作的时候经常无比风骚。还记得唯一一次凶我的时候是安全带没系紧，老师就很严肃地说你命不要了么。给分也很公正，会给我们看怎么算的，反正强推！
48127,3440,刘明,2017-02-28 15:12:43,5,6,1,直爽有趣，良心好老师。户外拓展课超超超好玩，很注重同学们之间友谊的建立，团队精神超强，考试不算很难绩点也不错4.5
48276,3440,刘明,2017-03-02 01:24:38,0,1,1,年度最佳段子手
48409,3440,刘明,2017-03-03 02:34:02,10,12,2,这么说被，给10分我都嫌少
48665,3440,刘明,2017-03-09 05:26:19,4,7,3,非常重视男女同学之间的互动，会组织一些羞羞的活动
51433,3440,刘明,2017-06-05 11:40:42,1,3,2,老师很好人，攀岩虽然好玩，只是真的有点难
51915,3440,刘明,2017-06-13 12:51:52,4,5,1,炒鸡炒鸡可爱的老师，也很负责。户外拓展超有意思，强推
53138,3440,刘明,2017-06-26 04:18:09,5,7,2,今天天气拔错，能跑出好成绩。
54177,3440,刘明,2017-06-28 15:21:41,2,4,2,非非非。。。非常好
55007,3440,刘明,2017-06-30 15:44:08,-11,2,13,一般般吧。
56236,3440,刘明,2017-07-03 10:02:38,2,4,2,我会告诉你这一年来体育是我的唯一满绩吗。。。\n\n虽然这是建立在十二分钟和体测都拼了老命的基础上，也不能阻挡大明成为我男神。\n\n真的老师本身性格就很爽朗，对女生更好的，你再要是混个脸熟比如像我这样，一切皆有可能?
58572,3440,刘明,2017-09-04 18:48:34,4,7,3,我得分两个方面来评价这位老师，我上的攀岩课，从课程体验和课程考核上来讲讲感受。\n\n\n\n\n\n 首先课程体验是非常棒的，老师会让你明白很多东西，团结，坚持，勇敢，友爱，学会变得outgoing。收获很大。\n\n\n\n 其次是课程考核，我得感谢期末地时候下雨了，有一门没有考，不然我是真的顶不住期末考试的难度。理论考没有题库，注意补充相关知识。我为了专项考试，每天哑铃200个。期末老师很务实的先进行了成绩公示，我综合下来81分，中等的水平。 我推荐女生报，女生考试容易，全班就一个满绩的。而且上了90的基本是女生。\n\n\n\n我给老师评了8分，扣的2分是觉得男女生考试难度相比极不公平。\n\n
59390,3440,刘明,2017-09-21 06:09:49,1,2,1,棒棒哒
62281,3440,刘明,2017-11-24 02:49:06,1,2,1,老师真的超级好，而且口嫌体正直\n\n(｡･ω･｡)ﾉ♡
64541,3440,刘明,2017-12-25 05:06:47,0,3,3,听个乐呵还行，但不是特别能正经办事。比如定向的理论考试，老师基本上啥也没讲，考题设计的他一句都没提过，全靠推理
64923,3440,刘明,2017-12-28 03:25:41,5,7,2,老师真的超棒！经常有一些好玩的小活动，还会夹杂一点鸡汤。很幽默很有意思，非常注重同学们的安全，户外拓展真的是治好了我多年恐高症的一门课。非常培养团队协作能力，最后大家一起翻墙的时候真的很棒！
64972,3440,刘明,2017-12-28 05:46:20,56,61,5,刘明的班有着全操场最魔性最骚的热身运动
64983,3440,刘明,2017-12-28 06:28:05,1,1,0,贼喜欢的老师  特好特好
65483,3440,刘明,2018-01-04 11:55:25,19,20,1,攀岩课的助教小哥哥身材好又长得好看，主要是爬墙就像飞的一样，SpiderMan！
65920,3440,刘明,2018-01-26 13:49:29,2,7,5,给分也太差了吧，不敢相信这是体育成绩
65966,3440,刘明,2018-01-10 13:03:17,5,7,2,老师非常好，专业幽默，有原则，考试严格但是平时认真训练还是不难的。满满的干货，以后有机会也会一直坚持攀岩。然后助教小哥哥很帅啊，人也很幽默，攀岩都是用飞的啊啊啊
70307,3440,刘明,2018-01-26 11:57:52,3,4,1,刘明老师炒鸡帅气，很有幽默感，但是定向越野专项考只看最后一次成绩......偶然性太大......
70431,3440,刘明,2018-01-26 15:15:14,0,1,1,一般般
70574,3440,刘明,2018-01-27 08:38:03,3,5,2,嘻嘻嘻留下了很棒的回忆\n\n老师很有趣 在开玩笑的同时对安全问题也很严肃\n\n更重要的是真的很培养团队精神 \n\n团队里的小朋友很真的很可爱啦\n\n想上四次的户外扩展嘻嘻嘻
72343,3440,刘明,2018-01-30 02:33:51,0,2,2,老师人超级好，很关心学生，有时候身体不舒服也都很体谅，给分也很好
72630,3440,刘明,2018-01-30 14:24:58,8,10,2,疯狂为攀岩课好看的助教小哥哥打尻，攀岩课刘明老师会让小哥哥演示一遍的，就全程都可以说是飞的！
74968,3440,刘明,2018-03-14 01:37:26,1,1,0,滑稽。
79646,3440,刘明,2018-06-12 08:27:30,1,1,0,上学期选的他的定向越野，给分3.9还可以吧，不愿意跑步的就不要选了，还带我们攀岩
79897,3440,刘明,2018-06-15 03:16:10,1,1,0,老师真的太好了！认真负责严格又有趣！特别特别特别喜欢老师！日常交流也非常的可爱！太喜欢老师了！
81215,3440,刘明,2018-07-04 09:52:48,1,1,0,老师是我最喜欢的老师！该严肃的时候严肃，对同学们还是很严格的，平时特别幽默可爱，会鼓励大家，上课气氛特别好，学到了很多实用的技巧，攀岩课一点也不水！但是上了绝对不会后悔！
83168,3440,刘明,2018-07-10 00:54:16,1,2,1,最后考试有难度啊，3分钟时间对女生来说根本不够感觉(ಥ_ಥ)老师很重视团队合作，一学期下来很愉快。\n\n再问一句，老师您到底什么时候出分啊(*/ω＼*)
83718,3440,刘明,2018-07-11 05:30:03,0,0,0,体验非常棒！真的能体会到团队精神！
84480,3440,刘明,2018-07-13 02:54:39,2,2,0,上课是真的有意思，老师人真的好。不过分数不怎么样，不调分的，成绩都是自己考出来的。不过能体验到这种课，第一次感觉成绩无所谓了
84918,3440,刘明,2018-07-14 11:05:23,2,2,0,阳光开朗正能量!不过好像不调分呐，都是自己考出来的~体育课挑战很大，但会很快乐!
85717,3440,刘明,2018-07-27 22:59:23,0,0,0,总的来说，课好老师好考核严格给分严格
85861,3440,刘明,2018-08-24 03:57:57,1,1,0,老师非常有趣，课有点累但是也挺有意思
85862,3440,刘明,2018-08-24 03:58:36,0,1,1,老师人很好啊！
86895,3440,刘明,2018-09-19 09:16:11,2,2,0,可以说是很幸福了，老师讲话非常的幽默，有种这才是体育课的感觉，上课很开心
87097,3440,刘明,2018-09-20 09:04:52,2,2,0,骚气满满，太秀了
89925,3440,刘明,2018-11-21 09:34:37,2,2,0,欢迎各位来此用立体机动装置学习上天\n\n
91572,3440,刘明,2018-12-13 15:46:11,4,4,0,上课有激情，人也很好，一做准备活动我就哈哈哈哈哈哈哈哈哈哈哈哈哈哈哈哈
91613,3440,刘明,2018-12-16 03:08:45,4,4,0,这么！有趣！的！老师！居然！有人！不打！十分！！！！神级段子手！（除了冬天爬墙手冷脚痛）
91775,3440,刘明,2018-12-20 01:16:23,1,1,0,好老师，没的说
92828,3440,刘明,2019-01-05 02:20:49,8,8,0,全浙大最有趣的课 户外拓展 没有之一！！！
92864,3440,刘明,2019-01-05 08:21:17,1,1,0,给10分是因为没有100分
93745,3440,刘明,2019-01-12 14:07:45,1,1,0,开场劝退哈哈哈哈哈哈老师超有趣超友善\n\n真的吹爆老师\n\n但考试对男生比较难   女生还好
93762,3440,刘明,2019-01-13 08:52:38,2,2,0,我爱攀岩！我爱刘明老师！虽然我真的很菜?老师真的人又帅又好 希望还能选上老师的课
99193,3440,刘明,2019-01-24 11:33:44,3,5,2,出分晚，还不调分
99391,3440,刘明,2019-01-24 16:04:15,6,6,0,老师人确实很好，但给分是不是有点严了。体育虽然只有一学分影响不大但还是感觉给分有点少。
103414,3440,刘明,2019-02-28 03:50:04,0,0,0,喜欢刘老师！！！
103797,3440,刘明,2019-03-06 00:26:13,3,3,0,我只想劝各位体育不好的小可怜慎重选攀岩
105127,3440,刘明,2019-04-04 05:23:28,3,3,0,刘明老师真的是我最最最喜欢的老师了！对每位同学都特别好！虽然严格但是真的很希望我们能学到点东西！像朋友一样 课外见面还会主动跟你打招呼真的特别可爱特别有趣特别帅一老师！！
105218,3440,刘明,2019-04-07 12:13:12,-38,2,40,我是ikun，考前刷蔡徐坤nmsl，看蔡徐坤打篮球，结果我满了
108704,3440,刘明,2019-05-31 11:11:12,1,1,0,超级棒的体育老师！
108961,3440,刘明,2019-06-04 17:12:55,6,6,0,攀岩课真的是人生难忘的体验了。非常硬核不放水但是真的能学到很多很多。老师非常有趣，我大冬天零下手都冻僵掉我说我手没感觉了老师还给我暖手！真的暖男了！虽然我绩点低而且真的遇到很多困难但是从来没有后悔过选攀岩！就一分的体育课，何必那么被束缚！如果不去做一些自己想做的事情，人生还有什么意义呢？强烈推荐不恐高想挑战自己的同学选择！绝对不会后悔的！不过最好还是选春夏学期的，至今记得我的冷冻猪蹄从攀岩鞋里解救出来的样子。。
115422,3440,刘明,2019-07-22 16:36:47,12,12,0,火钳刘明！
120990,3440,刘明,2020-01-19 07:38:17,0,0,0,直接满绩，考试看抽签运气
128713,3440,刘明,2020-12-25 05:22:51,2,2,0,绝绝绝绝绝对推荐！！！\n\n绝对有保证的体育老师！选上绝对不亏！\n\n课程很有意思，可以认识很多朋友！\n\n考试团队项目通过即是满分（我们这节课两个小组都是满分），个人项目是绳结，也不难！
129290,3440,刘明,2021-01-03 15:25:28,2,2,0,太好了！！！！10分嫌少！！！！！人生最棒的身体素质课老师没有之一，课程安排用心，能学到东西！在他的帮助下瘦了好多好多！想改变的同学来！
136394,3440,刘明,2021-06-19 04:30:05,1,1,0,老师真的超级棒啊！\n\n攀岩确实有点难的，又难又有趣。老师同学也都很相互鼓励，上课氛围很赞！
144447,3440,刘明,2021-12-21 13:50:21,1,1,0,刘老师户外\n\n老师人超级好！课也很有趣！\n\n就是恐高的同学还是尽量不要选吧（本人恐高真的难受）想挑战自己也可以
144608,3440,刘明,2021-12-22 15:22:23,2,2,0,刘明老师人很nice，攀岩课超级棒！想挑战自己的同学可以选，我本人在没上攀岩墙以前以为不会害怕，结果还是恐高，但是老师一直很耐心的鼓励，最后考试前终于突破了自己的恐惧，成就感满满
144670,3440,刘明,2021-12-23 05:02:24,1,1,0,考试有点难，很容易得低分，但课程是最有趣的，老师人很幽默，非常负责
151037,3440,刘明,2022-02-22 06:23:56,1,1,0,刘哥yyds
155272,3440,刘明,2022-06-10 04:40:41,3,3,0,很有人格魅力的老师
155351,3440,刘明,2022-06-11 09:57:15,1,1,0,爱死你了
163931,3440,刘明,2022-12-16 15:14:01,0,1,1,轻松，好玩，给分好
164148,3440,刘明,2022-12-18 12:33:11,0,0,0,推荐！
170644,3440,刘明,2023-03-07 11:53:27,2,2,0,好好好好好\n\n注重思想教育，理念先进不拘一格，为人亲切，师生相处平等 爱死了
173806,3440,刘明,2023-06-03 06:34:51,1,1,0,爱死啦
185589,3440,刘明,2024-01-02 12:43:21,0,0,0,有攀岩练得好的可能引体做不了几个也能高分，当然你完全可以靠拉十几个引体的蛮力拿满分（比如me）。肥肠公平的课，爬多少拿多少分，上课巨有趣，老师身上有很多故事，非常好地调动全班积极性，学得高兴玩的开心，恐高慎入，想充实点的冲爆他，认准刘明老师，刘明老师yyds
214927,3440,刘明,2025-02-19 06:45:31,10,10,0,我要找教化学的刘明老师，结果评论区里全是教攀岩的刘明老师
218822,3440,刘明,2025-05-07 03:00:09,2,2,0,讲得昏昏欲睡
219306,3440,刘明,2025-05-24 12:38:42,0,0,0,老师非常幽默非常耐心，上课内容也很有趣，高空项目虽然有点怕但是体验感满满
219710,3440,刘明,2025-06-04 11:35:52,1,1,0,化学刘明，事多，抢占周末时间补课，上课无聊念ppt，助力收敛
26286,3517,王敏,2016-06-16 14:48:12,13,21,8,作业太多
26287,3517,王敏,2016-06-16 14:50:00,9,14,5,作业做到凌晨两三点
34169,3517,王敏,2016-10-31 05:24:49,21,25,4,作业有毒
37793,3517,王敏,2016-11-21 05:50:56,-15,4,19,课讲的一般吧…自学也能掌握大半，但老师人很好，答疑也很耐心、细心。
68161,3517,王敏,2018-01-22 15:54:47,8,12,4,不调分，再见?
72841,3517,王敏,2018-01-31 07:36:52,-2,4,6,上课中规中矩，有些时候讲得也不是很有条理……不过老师是个很耐心的人啦
73148,3517,王敏,2018-02-01 04:30:08,-20,3,23,老师人挺好吧\n\n
76065,3517,王敏,2018-03-26 06:43:19,6,9,3,呵呵呵
76579,3517,王敏,2018-04-15 13:52:37,28,35,7,听老师的课是怎样一种体验？\n\n我没听过课
76779,3517,王敏,2018-04-23 06:11:02,5,9,4,无话可说
78973,3517,王敏,2018-05-21 05:30:55,73,85,12,每次打开布置的作业 我一阵窒息
80929,3517,王敏,2018-07-02 23:47:09,-10,4,14,老师人很有耐心 怪我没有好好听?
83917,3517,王敏,2018-07-11 13:50:08,10,12,2,不懂期末有进步就给总分加分的操作
84187,3517,王敏,2018-07-12 07:48:13,32,39,7,不挑分是真的，还会再查一遍分数，平均更低了...也不讲明期中和平时占多少，一学期下来懵逼得很，英语不是很好还双语，发音听的真累。
94589,3517,王敏,2019-01-17 09:39:22,37,42,5,仔细回想，的确一般，眉毛胡子一把抓，条理不清，主次不分。
108275,3517,王敏,2019-05-19 09:13:19,9,15,6,老师很优秀\n\n但也请清楚的认识我们的水平\n\n我们是来学习的\n\n不是一开始就能达到您要的要求\n\n能不能给我们一点耐心\n\n不要逼的我们太狠好吗\n\n您的作业和考试真的应付不来
113449,3517,王敏,2019-07-06 17:27:00,29,33,4,我该怎么说呢....上课极其糟糕，根本没法听。实际课程难度大概是全化学系专业课垫底的了，偏偏她喜欢把简单的事情复杂化，给出来的成绩也是我所有专业课的垫底。
121533,3517,王敏,2019-12-13 00:54:05,-1,4,5,我的妈，上课一脸懵逼（可能确实预习不够\n\n但是这个考试真的是顶不住，真就全凭心情出题啊，复习有什么用？淦
127972,3517,王敏,2020-12-02 01:35:04,1,4,3,救命想逃
132960,3517,王敏,2021-02-05 11:58:33,3,6,3,被绩杀，讲课不是很有效果。普通人靠自学
133209,3517,王敏,2021-02-18 02:24:25,4,9,5,有一说一，老师是真的很有耐心，课后课上都在积极鼓励我们探讨问题，并与我们一起探讨问题；\n\n但是，天知道她出题到底是什么根据，和我复习的方向完完全全的偏差，绩点裂开了。\n\n总之，这课是预置给我们的，绩点炸就炸吧。\n\n老师人很好，但是课程全靠你自学，上课嘛。。开心就好。
134912,3517,王敏,2021-04-22 05:19:32,2,5,3,治好了我多年的失眠
135259,3517,王敏,2021-05-07 02:45:53,3,5,2,我想哭
135539,3517,王敏,2021-05-13 04:09:21,18,22,4,1.英文PPT，“帮助同学们拓展视野”\n\n2.开课时没有说过期中考，五一放假突然宣布“在同学们意愿下，自己辛苦辛苦出张卷子，借个考场正规考一考”\n\n3.上课讲作业题，不开放下载，“大家看看回放就好了”\n\n4.上课内容方面，很一般，PPT上跟书本很不一样，课后看书找不到，看PPT看不懂
135582,3517,王敏,2021-05-15 06:40:32,1,4,3,谢谢阿敏～/:heart
136374,3517,王敏,2021-06-17 05:23:54,14,15,1,xs 课程就是个垃圾 见过最令人无语的老师
136860,3517,王敏,2021-06-26 06:11:01,2,5,3,帮助我建立了新的世界观，谢谢老师:）
137787,3517,王敏,2021-07-06 06:44:23,4,9,5,害，怎么说，上课讲的东西其实值得学的挺多的，但首先课件是英文，和书本大不一样（和她给的英文教材符合），给的资料和PPT都不给开放权限做笔记，小测巨多，而且英文居多，莫名其妙多了期中考还说征求过我们的意见明明就没有人愿意，期末考难水题混杂，不过最终给分还可以，总之过程很痛苦，结果可以忍受
142221,3517,王敏,2021-11-09 01:29:24,16,19,3,超级可爱多小姐姐，温柔好，还有点点黑色幽默。哦，原来我在做梦
143117,3517,王敏,2021-11-19 06:36:48,2,5,3,真的不好
144885,3517,王敏,2021-12-25 12:15:20,7,9,2,分化II全英文授课，作业、小测也是英文题目，而且又多又难。上课枯燥无聊，没有重点，特爱讲些边边角角的背景知识。
145961,3517,王敏,2022-01-04 15:56:24,-1,4,5,王敏老师真的好有耐心，虽然上课听不懂，但是会耐心解答
145966,3517,王敏,2022-01-04 16:03:45,8,9,1,感觉提供了非常多的自学资料，要是能提供一些自学时间就好了，课上的很好，下次别讲了
146646,3517,王敏,2022-01-07 06:54:56,5,6,1,感觉还是会捞人的，我水了一个学期，考完试都做好挂科准备了，然后被捞回来了，灰暗的世界瞬间有了光
146650,3517,王敏,2022-01-07 07:07:18,-8,3,11,绩点不错
146652,3517,王敏,2022-01-07 07:09:28,0,3,3,捞我啦
146673,3517,王敏,2022-01-07 07:41:20,-1,7,8,王老师太好啦！！！之前看查老师的评论心理属实是很害怕，但上过之后发现老师其实挺好的。上课准备的很充分 有在很认真地教学，第一次课前和最后一次课都发调查问卷，了解大家的情况 让大家给教学提意见，还附带红包哈哈哈，平时回答问题也很有耐心。最终绩点挺满意的，总之 谢谢老师了！！
146779,3517,王敏,2022-01-07 12:15:20,-5,2,7,老师人很好，解答问题很细心，这门课程一定要自己多多努力啊，老师可能上课讲的时候有些重点会一笔带过，一定要自己下来弄清楚，不能因为老师没有将或者讲得重点不够突出而摆烂啊，刚出完分的人来答一波
148126,3517,王敏,2022-01-11 14:32:30,3,4,1,谢谢王老师捞我，毕竟分析化学我一点也没学懂。
148221,3517,王敏,2022-01-12 01:58:16,1,4,3,老师上课有点模糊不太容易懂，但是很负责，给分也蛮求是的，总体上感觉一般，但也没那么糟糕，嗯嗯，老师是个好人
151551,3517,王敏,2022-03-07 09:18:48,7,10,3,逆天老师，不给理由，想体验一下的话可以一战
152932,3517,王敏,2022-04-22 02:31:09,1,4,3,王老师的英文PPT真是近视党的一大福利，是为数不多的坐最后一排也能看清的讲课
157900,3517,王敏,2022-06-25 11:39:21,3,6,3,垃圾课，浪费时间浪费生命。
160760,3517,王敏,2022-10-10 05:28:22,4,4,0,讲的就很混乱 听不懂 不如自学
161812,3517,王敏,2022-11-21 01:17:28,2,3,1,真的听不懂 还觉得我们应该什么都懂
163061,3517,王敏,2022-12-07 04:46:02,4,5,1,真的听不懂，全靠自学，ppt还全是英文
163062,3517,王敏,2022-12-07 04:45:21,2,4,2,international捏\n\n上完课要整理半天\n\n作业又不会做\n\n体感最难的一门课
166341,3517,王敏,2023-01-12 04:04:44,1,5,4,啊哈哈 竟然是上wm老师的分析化学\n\n从学期开始就知道肯定是学不会多少东西 作业特别多 讲课也轻重不分\n\n\n\nwm老师的背景是很不错的\n\n做科研肯定很厉害\n\n但是讲课和给分嘛...有待改进
167081,3517,王敏,2023-01-15 01:56:19,3,6,3,虽然是英文ppt，但是讲述内容还是很基础的，而且老师也会在钉钉上答疑，整体感觉还蛮亲和的。授课也还好，能够覆盖考试，但是考试比如小测和期中考总感觉有些无力。授课水平不好评价，但是人很好
168552,3517,王敏,2023-02-19 10:23:04,-13,4,17,老师比较严格🤤但给分有点好🤤
169083,3517,王敏,2023-03-02 13:48:06,5,7,2,双语教学，平时小测、期中考都是英文的，对词汇要求比较高，但好在期末考是中文的\n\n讲课是很认真的，但是老师是按照多本教材贯通起来讲的，听起来可能会有点费劲，不过认真学还是可以的\n\n要吐槽一点就是作业真的超级超级超级超级多\n\n而且我们这个助教也是非常的无语 批作业太随意了\n\n给分的话......就这样吧
169641,3517,王敏,2023-02-27 08:47:53,1,2,1,给分非常求是，听说均绩2开头。不过会捞人，我高中没选化学，大一上来就英语授课，上课完全听不懂作业也是抄的，就是考前补天了一下，发现，还是可以过的…
170323,3517,王敏,2023-03-03 01:37:29,6,9,3,真的一拖十，没见过讲课这么垃圾的老师，偏偏还是们必修的课，草了
171148,3517,王敏,2023-03-24 02:51:52,22,25,3,课没上完先给个平均分，课件英语作业英语说是小测也英语，偏偏上课用汉语，我就纳闷了搞国际化有必要国人对国人说英语么？我这绩点能不能出国能不能考研我心里没点b数？她的课我是真的把书翻烂了都不知道在讲哪\n\n评分没到1在座的都有责任
171615,3517,王敏,2023-05-11 13:41:52,11,14,3,每周四晚上我都会怀疑我是不是上的大英
171964,3517,王敏,2023-04-14 02:57:45,15,16,1,wm的评分没到1在座的都有责任
172319,3517,王敏,2023-04-25 04:39:20,10,12,2,能不能换回苏彬来上，再来个负责点的助教？
172447,3517,王敏,2023-04-27 03:33:40,8,9,1,收敛于1
172476,3517,王敏,2023-04-27 12:09:18,2,5,3,真的离谱，家人们谁懂啊！太折磨啦！
175546,3517,王敏,2023-06-25 16:25:16,21,21,0,看她的ppt复习破防了，过来打个1分
177510,3517,王敏,2023-07-03 14:11:25,5,8,3,2023年来评论，王敏老师怎么说呢，她有她自己的想法，你有你自己的目的（分数），我就全程没听她讲，因为我知道她讲的不好，我在b站上全程看国家精品课程（清华大学张新荣老师讲的），她的评分规则你就遵守就完事了（点名、quiz啥的），对于仪器分析该学的还得自己学，我反正感觉听了张新荣老师的课然后再结合她讲的感觉对仪器分析原理还是理解了很多，然后至于给分考试，她今年考的很简单，而且还一页a4开卷（我感觉今年没必要a4开卷），可能是去年太难了（因为我本来该去年学的，但是去年有课冲突我就给退了，今年跟学弟学妹们一起学的），反正我感觉还好，自己学了很多，然后最后得分90（对比于方群老师可能给分很好？）
179493,3517,王敏,2023-09-17 12:27:33,10,12,2,怎么评分还是3开头？你们是不是该反思一下你们的攻击力够不够强了？
181294,3517,王敏,2023-10-13 07:27:30,-1,3,4,老师人还是不错的，五分给四分。但是课实在不行，绝对听的你云里雾里，重点，讲课次序分不清，有时候只剩半小时才开始讲重点内容，前面全在讲别的，不如拿来自学。作业也很多很烦，五分给1.51分，根据分析化学的数字修约规则，取1分，综上，为5分。
181689,3517,王敏,2023-10-28 07:03:32,4,6,2,一个自以为是的大傻逼
181954,3517,王敏,2023-11-06 10:25:55,11,12,1,五星上将麦克阿瑟曾说过，如果让我在地狱和wm的课堂上选择一个，那么我会毫不犹豫选择地狱，因为相比较于她的课堂那里才算是天堂
182983,3517,王敏,2023-11-21 09:50:31,3,4,1,一个星期前临时通知期中考试，谢谢您
183417,3517,王敏,2023-11-25 12:54:26,7,7,0,罄竹难书
183419,3517,王敏,2023-11-25 13:08:54,3,4,1,期中好评，锻炼我的英语水平，不是不上大英课，而是分析化学更有性价比
183833,3517,王敏,2023-12-01 02:03:16,6,6,0,收敛于1
184886,3517,王敏,2023-12-24 03:21:03,-6,6,12,很有科学家气质的老师，虽然英语课件但能理解（我英语一般，很多都有注释），一定要重视那个英文教材讲得比中文教程好，答疑很有耐心
189828,3517,王敏,2024-01-30 09:12:25,-16,6,22,课没听，人挺好，作业全抄，考前两小时翻书写一页开卷，最后4.2
190193,3517,王敏,2024-02-25 06:36:05,2,4,2,明明英语也不是很好 却坚持用全英文的课件 讲课又很跳跃 过于不适合教大一的学生
190404,3517,王敏,2024-03-02 01:33:52,13,16,3,没上课就想来打一分，上了第一节课我更特么想打了，我给一分不是因为她配这一分，而是没有零分，一天天的大搞花里胡哨玩它吗小组任务。上来就发了一个问卷，然后在周五的时候说要计平时分。你tm设陷阱呢是不是？老子根本没听说过这阴间规则！当然日常她恶心人的事情那就更多了:1.全英文PPT，只有极个别中文标注，而且还有文档编辑加密打断腿，大大提高PPT转中文难度，课程进度内容混乱\n\n2.两次期中，多次小测，任务量大得一批\n\n最后最可笑的是，这sb课小组任务随机分配，每个小组内每周都特么要写学习日志，要求内含学习感想，还特么要求不单纯回归上课内容（每个人至少要写4次），同学们辛辛苦苦听课做作业，学的都累成狗了，结果还尼玛来个感想，还感想个机掰！并且整个学期还有至少三四次的小组研习作业。这些作业都游离在常规作业之外！合着分化二平时分比例百分之六十全用来搞这么多花活了是吧。这简直是我唯一一门希望降低平时分比例的课程！另外楼下说的一点没错，三学分的分化二，等于仪器分析+大英+思修，真的一节更比三节强！\n\n昨天偶然翻了一通查老师，知道了海院的李爽在新学期的Python上又搞了一堆花活，评分已经降到了海院最低。然后我才突然想起来，wm在课程设计这方面，真的和李爽没有差别！
190405,3517,王敏,2024-03-01 05:04:29,5,9,4,我的评价是浙大需要负责的老师，但不需要这么“负责”的老师\n\nBYD我上个专业课又是小组作业又是心得体会，她一门课抵得上一门专业课加两门通识课，属于是一节更比三节强。\n\n最绷不住的是她开学第一周周一发了一个课前问卷，“让同学们提提意见”，周三截止。结果周五上课和我们说那个算平时分。
191027,3517,王敏,2024-03-29 01:18:39,7,9,2,傻逼作业搞心态
191206,3517,王敏,2024-04-14 05:24:17,7,10,3,五星上将麦克阿瑟曾说:如果上帝让我去做wm的作业和小测，那我宁可拿加特林指着上帝\n\nsbwm nmsl
191426,3517,王敏,2024-04-22 00:48:10,10,10,0,期中考试题型极其逆天，现场看文献做题，一个人根本完不成这么大的量。
192517,3517,王敏,2024-05-22 15:03:13,4,6,2,化学系开的课，不管是基化一，还是分化二，还是求生分化一，哪里有王敏，哪里就有双语教学。\n\n此外，为什么它的课是必修！
192834,3517,王敏,2024-05-31 02:44:50,4,6,2,数学不会，英语不好，偏偏喜欢用英语讲数学
192922,3517,王敏,2024-05-31 14:34:16,6,6,0,学不会，听不懂。。。。考试一页开卷根本没用。。真的快跑吧。期末给分巨低。期中班级60以下的比60以上的还多，就这个难度可想而知了。
193447,3517,王敏,2024-06-11 04:42:02,13,14,1,为什么不把pdf弄成文本的形式，而是图片的形式呢，是怕我们用电脑翻译吗？
193732,3517,王敏,2024-06-17 12:39:27,4,6,2,敏师慈悲，我佛无量。授化学学子一一四五一四难，呜呼，敏哉！
193966,3517,王敏,2024-06-21 06:34:42,6,8,2,如果有哥们推荐你去上分析化学2这门课，只能有兄弟他是真的坑
193967,3517,王敏,2024-06-21 06:35:09,14,15,1,有一人（外系的）第一节课特别活跃，说王敏教得特别好所以选她的课，后来，在智云中逐渐见不到他的身影，你猜为什么😆
194131,3517,王敏,2024-06-22 06:29:24,11,12,1,说好的半开卷，你猜怎么着，最后变成A4纸只能抄一面。伟大，无需多言。
194146,3517,王敏,2024-06-22 08:28:31,5,6,1,你的分析化学是跟军训一样的服从性测试吗？！周围大部分人都在忍着恶心去用这个啥比PPT复习，我问为什么会这样，结果回答是怕你考些奇奇怪怪的东西出来……真是一种吃翔也要被逼着说好吃一样的体验！
194255,3517,王敏,2024-06-23 02:05:16,16,18,2,类人生物2号（1号是李啸风）
194458,3517,王敏,2024-06-24 04:57:50,33,37,4,你烧杯是铜做的还是容量瓶是铜做的？0.5g样品中微量铜只有3g，只有790%的产率是吧。\n\nwm，wrnm！
194460,3517,王敏,2024-06-24 04:59:50,16,17,1,看到卷子之前我以为wm已经到达我知道的化学老师的最低点了，直到我看到卷子后才觉得才知道什么是类人群星闪耀时，这卷子不大像活人出的，更不要说是化学系教授了。
194461,3517,王敏,2024-06-24 05:01:41,22,22,0,微量铜含量计算结果是700%多，我请问老师您是拿自己的实验数据来出题了吗\n\n试卷不像人出的，但是如果是王敏出的，我只能说那太对了
194464,3517,王敏,2024-06-24 05:09:07,6,10,4,你出的试卷你自己考能考几分？
194468,3517,王敏,2024-06-24 05:19:54,21,22,1,我们中老年人就是喜欢让孩子上wm的课，太谢谢王老师了。每节课是要突然来个quiz点名的，孩子跑也跑不掉；讲课是烂的没人听的，可以锻炼孩子吃史的能力；PPT是全洋文的，国际化学分是没有的，化学系最为孩子考虑的一集，我们这些当父母的少交两个学分费就能让孩子上到国际化答辩；小组作业是拿来给你下一届的作业题当素材的，自己每天不知道讲的什么东西还敢让大家写学习日志，让孩子见过的弱智人类到达极点的，以后走上社会见到什么弱智都不会惊讶的；每次作业是不给答案的，上课讲评的时候是要阴阳怪气同学们的，我草我问助教都没答案的，真无敌了敏王大帝，真无敌了
194471,3517,王敏,2024-06-24 05:29:43,5,7,2,温色巨撒陪 老早好去浸猪笼了
194489,3517,王敏,2024-06-24 06:31:47,7,10,3,日你妈！退课！！！！
194507,3517,王敏,2024-06-24 08:05:22,2,4,2,评分还是太高了
194520,3517,王敏,2024-06-24 08:29:13,6,6,0,0.5克的样品里有将近4克铜，这是薛定谔的铜还是皇帝的新铜？！！！\n\n最后一次受它折磨就是这个逆天考试\n\n总算不用再受它的无限制噪音污染了……
194535,3517,王敏,2024-06-24 09:22:26,3,5,2,不是哥们 你自己看看你出的是什么卷子呢？我0.5g样品里我能搞出来快4g的Cu，要不我去拿个诺贝尔奖呢？
195297,3517,王敏,2024-06-27 16:10:43,8,10,2,一日，国王给了一位大臣一块金子，给了一位平民一块玉，大臣感觉不公平，说：王，民啥璧？\n\n\n\n孙子出题让老子做\n\n老子不会\n\n\n\n如果把我和minwang，落榜美术生还有墨光头关在一间房里，再给我一把枪和两发子弹，我会打minwang两次，打完再用枪托砸\n\n\n\n僵尸打开了分化二的脑袋失望的走了\n\n老八眼前一亮\n\nWM就跟活不到下学期了一样，平时要求逆天出题恶心是为了大家一直铭记它，让它永垂不朽
195653,3517,王敏,2024-12-03 16:01:32,31,36,5,min wang是最伟大的阴语牢尸\n\n选仪器分析课不选min wang，就像抽烟不抽电子烟，看抖音不看孟伟，运动不用浙大体艺，吃食堂不吃东二麦斯威，说明这个人文学造诣和自我修养不足，他理解不了这种内在的阳春白雪的高雅艺术，他只能看到外表的辞藻堆砌，参不透其中深奥的精神内核，他整个人的层次就卡在这里了，只能度过一个相对失败的人生\n\nShame on you!Shame on ZJU chem's fundamental education!\n\n再更：\n\n问：为什么敏王的钉钉头像是一顿饭\n\n答：因为它的各种骚操作根本没有一刻是不下饭的
195703,3517,王敏,2024-06-29 17:05:27,16,17,1,嘿嘿，被学前问卷美美卡绩点，一分走好不送
195729,3517,王敏,2024-06-29 17:54:34,15,17,2,浅谈FS社艾尔登法环DLC——《黄金树之影》与浙江大学《分析化学2》的异同点\n\n同：1.开发者存在为难玩家的愿景并将其付诸于实践。游玩难度极大，玩家容易产生挫败感\n\n2.玩家群体对其的评价远低于对市面上其他游戏的评价。且均有前作，前作的口碑较优。\n\n3.均通过难度和要求锻炼玩家的服从性。\n\n异：试分析《分析化学2》优于《黄金树之影》的原因。\n\n1.分析化学带玩家脱离语言舒适圈，黄金树之影却纵容玩家选择语言，此乃一胜。\n\n2.分析化学在大凉排泄物中为玩家埋藏了宝贵的知识，为黄金树之影只为玩家准备了锻造石这种垃圾，此乃二胜。\n\n3.分析化学的关底boss以及剧情线可能与平时所学到的战斗技巧以及得到的战斗武器毫无关系，这更加考验玩家的随机应变能力，反观黄金树之影却可以通过背板等死板的方式获得胜利，此乃三胜。\n\n4.分析化学面向五彩缤纷的现实世界，而黄金树之影只存在于虚拟世界，此乃四胜。\n\n七局四胜，优势在我，此战必胜！\n\n可是，作为FS社的游戏测试员，我可以不玩分析化学2，但我能不玩黄金树之影吗？
195781,3517,王敏,2024-06-30 02:31:49,15,16,1,依托，能不选千万别选，上课问题是回答不出来的，英文ppt是要保护产权不开放的，简单的内容是要靠英文复杂化的，考试出卷是拿脚出的，最后分数是乱填的
196462,3517,王敏,2024-07-03 14:04:42,1,4,3,。。。
197307,3517,王敏,2024-07-10 16:49:37,6,8,2,化学领域凭空造铜第一人
197360,3517,王敏,2024-07-11 12:33:17,5,6,1,没想到苏斌之后还是苏斌（sb）
197373,3517,王敏,2024-07-11 16:29:28,5,6,1,哇塞！王敏真是太厉害了，居然成功地进入了化学系低分榜倒二！这种成就可真是让人望尘莫及啊！要知道，要想拿到这么低的分数，可是需要付出无数的努力和坚持才能做到的呢！恭喜它成为了低分榜的一员，真是羡慕嫉妒恨啊！
197455,3517,王敏,2024-07-15 14:43:46,10,10,0,太君的花姑娘
197553,3517,王敏,2024-07-18 15:00:19,3,6,3,这门课真的沙贝，特别是这个老师。它是智障学校毕业的吧，它上课的声音，比工厂的噪音污染还要糟糕；摸过的话筒和遥控器，连阿米巴原虫都活不下去。它和猪最大的区别是，猪不能随便变成人，而它隔三差五就变成猪。我猜它是用猪蹄做的PPT，用猪脑布置的课程任务吧。建议它吃点痔疮药，治疗一下它的口蹄疫。
197919,3517,王敏,2024-08-21 00:57:53,8,8,0,仪验丁真！Min!Wang!\n\n握持兵权摧河山\n\n曹贼篡汉势昭然\n\n逆民心者须当诛\n\n马踏许都定危乱\n\n我测你马我测你马我测你马我测你马……………………………………
198016,3517,王敏,2024-08-24 09:19:49,26,26,0,王敏 阴包 群 体力3\n\n阴文：出牌阶段限一次，你可以用阴文写一张牌，当南蛮入侵或万箭齐发使用。\n\n日志：剩余可用4次，每轮限1次，出牌阶段，你可以将一张牌当学习日志使用，使用后其他角色随机分为X组（X为其他角色的数量被4整除的得数+1），每名其他角色视为对其组内除其以外的所有角色各使用一张决斗\n\n小测：剩余可用6次，每轮限1次，出牌阶段，你可以将一张牌当小测使用，使用后所有其他角色顺次执行如下效果：随机弃一张牌，然后重复此流程，直到弃置了锦囊牌为止。\n\n期中：限定技，出牌阶段，你可以将一张牌当期中考试使用，使用后你武将牌翻至正面并重置，所有其他角色进入连环状态，弃置除藤甲外的所有装备牌，然后你对一名其他角色造成一点火焰伤害\n\n制铜：限定技，出牌阶段，你可以弃置一张牌，然后将牌堆顶的8张牌放置于你的武将牌上，称为铜，出牌阶段，你可以弃置一张铜，从牌堆、弃牌堆、场上、其他角色手牌区范围内随机获得一张武器牌或防具牌，如果该牌来自一名其他角色手牌区或者装备区，该角色对你造成1点伤害\n\n测马：当一名其他角色因为你的技能效果（包括弃置或获得牌）而无牌时，其可以进行一次判定，若为黑色，其获得你所有手牌，若为红色，其获得你装备区内的所有牌。当一名其他角色因为你的技能效果（由你的技能引发的虚拟牌、转化牌伤害或直接伤害）而死亡时，其可对你进行一次判定，若为黑色，你受到4点雷电伤害，若为红色，你受到4点火焰伤害。
198348,3517,王敏,2024-09-07 14:22:05,7,8,1,逆天老师快跑
198811,3517,王敏,2024-12-08 12:21:56,30,33,3,哥们化竞河北前50，上这破壁老师的破壁分化破防了，什么含金量各位自行体会。
198953,3517,王敏,2024-09-13 10:40:54,5,8,3,讲课是答辩的，任务是繁重的，小测是突击的，给分是吝啬的
199096,3517,王敏,2024-09-17 07:00:28,6,7,1,相信大家都懂了吧，这个我就不讲了
199188,3517,王敏,2024-09-19 01:48:03,8,10,2,作业是爆多的，课间是英文的，上课是没用的，学习日志是要写的，这就是wm
199350,3517,王敏,2024-09-21 12:41:28,3,4,1,完完全全是依托
199587,3517,王敏,2024-09-26 02:25:49,0,3,3,快跑啊孩子们
200186,3517,王敏,2024-10-14 15:47:00,2,3,1,快跑!
200187,3517,王敏,2024-10-14 15:48:22,3,4,1,What can I say呢
200537,3517,王敏,2024-10-18 10:36:45,7,8,1,一想到minwang我就越想越气，再来打个一分\n\n浙大化学专业结构化学教学水平差是因为没能力提高\n\n而分析化学就不一样了，明明是有能力提高教学水平的，结果也是搞成一副狗屎样\n\n其中minwang至少要担60%的责任
200833,3517,王敏,2024-10-23 05:46:54,14,14,0,作业量比无机和线代加起来都多，比肩微积分，wm我tm跟你爆了
200998,3517,王敏,2024-11-14 12:56:21,-10,10,20,期中考令人窒息
200999,3517,王敏,2024-10-26 10:47:37,8,8,0,跑啊孩子们
201267,3517,王敏,2024-10-31 02:18:17,4,6,2,大家都来看看吧
201721,3517,王敏,2024-11-05 15:51:11,2,4,2,布置一些莫名其妙的作业
201742,3517,王敏,2024-11-06 01:52:21,4,5,1,冥王真鬼\n\n无需多言\n\n又被她的小组作业搞崩
201915,3517,王敏,2024-11-07 10:42:41,5,6,1,听不懂，能不选千万别选，内容跳跃很大，ppt全英文
202041,3517,王敏,2024-11-08 14:31:48,11,13,2,敏王退休的那天记得喊我去放鞭炮
202308,3517,王敏,2024-11-11 11:40:45,5,7,2,作业是真的多\n\n比微积分的都多\n\n真不愧是冥王
202642,3517,王敏,2024-11-13 14:49:47,7,9,2,想给她放转转回收了🌷
202802,3517,王敏,2024-11-14 12:36:52,8,9,1,期中考令人窒息
202803,3517,王敏,2024-11-14 12:38:20,7,8,1,期中考令人窒息
202804,3517,王敏,2024-11-14 12:44:56,5,7,2,期中考令人窒息
203125,3517,王敏,2024-11-17 05:52:43,4,6,2,就是一坨，孩子们能跑就跑吧
203225,3517,王敏,2024-11-23 12:11:05,4,6,2,为什么有期中考，为什么要用英文，本来就不懂，更烂了\\n\n两分的课怎么那么多事，还有傻逼的期中考试，纯纯有病
203742,3517,王敏,2024-11-21 02:13:39,12,15,3,纯**，还要装出一副为学生着想的样子，开学时说作业多是因为后面其他科目作业会多一些，所以一开始作业多但是后面作业就少了一样，时常拖堂理由是因为我们后面没课，tomato后面没课就是你拖堂的理由咯，真是奶奶钻被窝给爷整笑了，小测从来不通知，不是你自己这个课毫无逻辑自己没点数吗，纯靠自学还不提前通知，遇到这种老师也算是小刀剌屁股开了眼了
203744,3517,王敏,2024-11-21 02:15:28,14,15,1,刚刚又被课前quiz整吐了，从来不提前通知，往往已经发布了才通知，总共十分钟手忙脚乱进去就剩八分钟了，还是全英文我看都看不懂，还在查单词呢已经给我截止了，做完还不讲，我也不知道哪个题错了不能去学，听说她的期中考试更边台，在被整死之前先留个一分
203746,3517,王敏,2024-11-23 12:10:31,10,11,1,sb小测
203753,3517,王敏,2024-11-26 06:04:44,10,10,0,今天突击小测，美其名曰“配位反应让人感觉很complex，所以有上次的作业和今天的小测”。班级均分4.多/10。为什么quiz突击啊啊啊啊啊啊啊啊啊啊
203770,3517,王敏,2024-11-21 03:21:15,0,1,1,想死，期末不知道还是不是英文卷，反正全英文小测让我窒息
203779,3517,王敏,2024-11-21 03:55:33,0,0,0,lbm
203866,3517,王敏,2024-11-21 15:18:27,0,1,1,据说很烂bdbd
204051,3517,王敏,2024-11-23 12:09:36,4,7,3,期中考来报恩了
204052,3517,王敏,2024-11-23 12:13:57,2,3,1,致敬传奇英语化学老师wm
204053,3517,王敏,2024-11-23 12:12:38,7,8,1,微积分5学分的课，短学期一个小测一个期中考试，分析化学2学分的课，短学期三次小测一次期中
204054,3517,王敏,2024-11-23 12:18:28,3,3,0,老师讲的不易于理解，做事一塌糊涂。
204055,3517,王敏,2024-11-23 12:21:45,6,7,1,上他的课我真是我真是我真是我真是我真是我真是我真是我真是我真是我真是我真是我真是我真是我真是我真是我真是我真是我真是我真是我真是我真是我真是我真是我真是我真是我真是我真是我真是我真是我真是我真是我真是我真是我真是我真是我真是我真是我真是我真是我真是我真是我真是我真是我真是我真是我真是我真是我真是我真是我真是我真是我真是我真是我真是 …
204056,3517,王敏,2024-11-23 12:22:01,0,3,3,尽在不言中
204057,3517,王敏,2024-11-23 12:25:47,1,3,2,周六晚无声无息考期中 死难
205203,3517,王敏,2024-12-02 15:27:37,6,6,0,纯有病。。。前一天晚上十点半通知第二天上课实验的要求和准备工作，要做的东西是其他老师班上的三倍。。。分光光度计的实验甚至时间的影响让我们一直站到最后，，，快跑孩子们
205227,3517,王敏,2024-12-09 11:23:28,10,11,1,有一说一，真心崩溃，快收敛吧
205318,3517,王敏,2024-12-04 09:04:52,9,9,0,真的很烂的老师，可惜只教专业课，避无可避
205340,3517,王敏,2024-12-04 13:03:35,0,4,4,最喜欢的老师吖啊啊 助力收敛
205388,3517,王敏,2024-12-05 11:33:03,4,6,2,敏王的钉钉头像是一顿早饭，这充分反映了它的自知之明，因为它从开课到考试的种种举动中没有一个是不下饭的
206419,3517,王敏,2024-12-25 15:42:22,6,7,1,这就是史
206486,3517,王敏,2024-12-15 13:15:43,6,6,0,这个指示剂变色不同原理本来就少，怎么写出一篇论文啊，然后作业的提示也模棱两可，找论文的错？离谱
206801,3517,王敏,2024-12-17 15:11:41,9,9,0,第一节课让我们给反馈提建议还以为会改观些，结果好话是说了的反馈是念了的操作是不改的，难以想象怎么会对自己没有一点b数
206802,3517,王敏,2024-12-17 15:12:54,7,8,1,wm的评分没到1大家都有责任
207723,3517,王敏,2025-01-14 06:41:36,10,12,2,基化是门好课，wm在这门课也很好，分化难以评价，综上：基化（合成化学实验）放心选，分化能逃多远逃多远（如果从刷分角度也可以选，给分真不错，分化1考试也很简单）
208709,3517,王敏,2024-12-31 07:06:41,4,5,1,就是一坨屎，从没有见过哪个考试带一张纸只能写一面，纯纯nt，尽干一些与学习与课程无关的事，纯故意刁难学生
208884,3517,王敏,2025-01-03 04:51:59,7,9,2,或许需要较长的磨合适应期，老师本身也还可以，就是突击小测等太太太太太阴间。。。
208985,3517,王敏,2025-01-04 05:31:25,-5,1,6,啊对对对
209274,3517,王敏,2025-01-05 09:39:39,3,6,3,看在期末的难度上还行，没有太刁难
211421,3517,王敏,2025-01-11 11:07:21,-4,6,10,其实吧老师人挺认真，有看出是在用心上课的，但是可能真的不适合讲课，上课挺平淡无趣的，还有课前小测真的是扣分项，期末的卷子搞了双语但是老师也会帮你翻译题目(你问就会)，给一分过分了，6到7分是更加客观的 最后本人翘了一次小测拿了4.5
212513,3517,王敏,2025-01-14 06:07:17,4,7,3,上课前会有突击英文小测，事情也不少，虽然讲的一般，但是老师本身人还是不错的，问问题也会耐心解答，给分不错的
212521,3517,王敏,2025-01-14 06:38:16,0,3,3,老师 你没有心😭😭😭😭😭😭
213185,3517,王敏,2025-01-16 09:00:31,-1,4,5,老师人不错，就是作业有些多且刁钻，最后期末考不太为难，期末周前一两周就开始复习课本和PPT，最后结果真的不错。
214204,3517,王敏,2025-01-28 06:40:31,1,2,1,请收下我的膝盖!
214842,3517,王敏,2025-02-18 07:58:04,-3,0,3,just so so
214923,3517,王敏,2025-02-19 06:18:15,5,5,0,不如sb
215431,3517,王敏,2025-02-26 05:50:33,3,3,0,纯逆天，不知道在上啥
216846,3517,王敏,2025-03-26 23:46:05,0,2,2,人心中的成见是一座大山。分化1开学前看了王老师的各种评论，以为真的很差劲。但是一个学期上下来发现王老师还是比较认真的，会结合学生的专业讲课（因为都是生物所以加了与生物有关的，比如配对t检验）。虽然光听了她的课不一定会做作业，但是只要去问她，总能得到满意的回答。期末考试也比较简单，很基础。\n\np.s.不过难忘的是期中考试（对，有期中考试！），求出来pH缓冲液中氯化镁的溶解度达到1000+mol/L（答案正确）。。。
217120,3517,王敏,2025-04-02 05:55:11,3,3,0,讲课不知所云，小测突如其来，作业全英文
217136,3517,王敏,2025-04-02 11:13:07,1,1,0,两眼一黑
217976,3517,王敏,2025-04-18 15:14:30,1,1,0,喜不喜欢妈妈的大quiz
218430,3517,王敏,2025-04-23 11:35:05,5,5,0,分化2更新。。。复习ppt破防了，一堆专业名词没翻译，只有一些众所周知的词汇会翻译，pdf还是加密了没办法用文献阅读软件翻，喂给DeepSeek也无法全部识别
218707,3517,王敏,2025-04-29 08:43:01,5,5,0,搞个全英文ppt是生怕我学会是吧
219625,3517,王敏,2025-06-01 19:07:09,3,3,0,放过我吧。
220013,3517,王敏,2025-06-13 12:59:07,3,3,0,勾石一坨
220017,3517,王敏,2025-06-13 13:26:40,1,1,0,我恨你
220022,3517,王敏,2025-06-13 14:01:18,1,1,0,喜欢我的分析化学史么孩子们
220024,3517,王敏,2025-06-18 02:04:18,0,0,0,无须多言
220447,3517,王敏,2025-06-18 03:17:27,1,1,0,回前面成见的，minwang分化1分化2完全是两幅模样，把系内学生当日本人整
221052,3517,王敏,2025-06-21 05:28:21,2,2,0,上课催眠 突击小测 还全英文PPT 最后考试出的都是一些乱七八糟的题目 寒窗迷茫一学期 结果拿到了本学期最低绩点 科学上网只为喷你
221208,3517,王敏,2025-06-22 03:30:59,2,2,0,说实话，抛开全英文课件这一点，老师这个学期其实都挺好的，后面几次课的课件老师也听劝加了大量中文解释在下面，期末考试也没有过多为难，内容大部分是她强调过的，并且最后的A4开卷也如她所料真的是一点用没有啊🙃，期末成绩出了，有80分我挺高兴的，没有和传闻中一样给我打死，因此我愿意给她8分，剩下的一分留给阴文课件，一分留给不给答案只讲一下的作业🙃
221506,3517,王敏,2025-06-24 06:23:54,1,1,0,分化2，期末开卷纸抄了白抄，和考的内容0重合，都是有关仪器的应用，我抄的都是原理，甚至还考什么x射线什么仪的结构图，还有分化1的t检验。。。除了计算题都只能乱写，只能靠中化实验的记忆。。。给分的话我还以为我会在挂的边缘，结果也有3.几，但是别人会写的人也和我一个分数，emmmm
221876,3517,王敏,2025-06-27 04:51:18,0,0,0,其他都忍了，考试是真破防，抄了都没用，而且感觉会和不会都一样
221988,3517,王敏,2025-06-28 08:54:19,0,0,0,上课不知道为什么要用英文做ppt，导致同学上课很困难
24047,3617,袁银霞,2016-04-26 07:00:41,-1,1,2,我不喜欢这个老师
34735,3617,袁银霞,2019-02-26 08:22:55,-1,1,2,呵呵哒，补选的体验很不好
48523,3617,袁银霞,2017-03-06 12:59:57,0,1,1,孩子的老师，觉得很有耐心，看了他们的对话，孩子打听专业排名，觉得是一位对工作很认真的老师
65311,3617,袁银霞,2018-01-03 02:13:58,-2,0,2,为了我系学子延毕真是不择手段（滑稽
103155,3617,袁银霞,2019-02-26 08:22:18,2,3,1,老师态度超差劲，不是一个老师该有的态度，不配当老师，差评。
103183,3617,袁银霞,2019-02-26 11:59:46,-1,1,2,为什么没有零分
106083,3617,袁银霞,2019-04-25 02:02:58,-1,0,1,好可以吧\n\n
33575,3659,陆展,2017-01-12 02:47:47,2,4,2,老师很负责，还会点一点课外的只是，跟着老师一定有收获
34117,3659,陆展,2016-09-27 06:18:46,-6,1,7,水水水
34308,3659,陆展,2017-01-05 02:50:16,8,13,5,老师很好很友善，听不懂是我自己的问题。预习很重要
34318,3659,陆展,2017-01-12 07:51:47,2,5,3,老师很棒\n\n我太渣
34473,3659,陆展,2016-10-11 11:08:39,1,6,5,挺有趣的，但有点水，知识点说的不是很详细，自学了效果才行，但给了我们很多科学的启发。
34485,3659,陆展,2017-01-13 09:41:58,13,18,5,我只想说，你们都忽略了两位男神助教，还有我们万能的有机群。。。
34539,3659,陆展,2017-01-12 09:17:39,21,26,5,老师很可爱，上课会讲有趣的比喻（故事？），会随机抽同学去黑板上做题顺带点名
34684,3659,陆展,2016-10-18 06:52:35,35,44,9,感觉老师已经很负责.. 但我还是听不懂
35124,3659,陆展,2017-01-12 08:54:19,0,5,5,老师真的挺好的，也在尽力用最生动有趣的方法解释，就是有机这门课要记的太多了，有点累
35171,3659,陆展,2016-11-03 12:33:56,5,10,5,负责是挺负责，教学水平是硬伤，原来是教研究生的吧。不过也不能全怪他，编有机化学教材的那个老师太恶心了。
35736,3659,陆展,2016-11-10 07:56:45,4,7,3,老师很有趣
35779,3659,陆展,2016-11-10 08:07:32,23,26,3,老师很可爱人很好 学不好是我自己的问题〒▽〒还是要多看书吧
36614,3659,陆展,2016-11-15 05:36:10,12,15,3,很负责，会很努力地让同学听懂！
39245,3659,陆展,2017-01-13 15:47:11,8,11,3,老师挺好的，讲得很有调理，也挺关心学生的。就是大概是理科生有时候说话有点卡哈哈。怪我自己没有好好听课，谆谆教诲未牢记于心，期末再怎么泡自习室也无济于事。大一上，算是给自己一个教训。不畏将来，不念过去，大家共勉。
40256,3659,陆展,2017-01-17 00:06:59,4,6,2,很棒的老师 上课不会念课本念ppt而是真正的教人理解 平时作业都认真独立完成把不懂的弄懂考试一定没问题啦
40662,3659,陆展,2017-01-05 00:05:07,15,19,4,老师人真的好，和蔼，从不点名，或者说点到没到也没关系，但真的听不懂，编有机书的是个脑残，东西杂
40668,3659,陆展,2017-01-15 10:59:05,3,6,3,怪我自己没学好
41478,3659,陆展,2017-01-12 02:41:33,17,22,5,上课讲的太棒了，也很仔细。有一次陆老师出差，找了一个差点当上人大代表的丁老师代课，我才知道陆老师是一位这么好的老师。有机其实很有趣的，平时要打好基础，课前预习很重要，不要错过这位好老师。
41479,3659,陆展,2017-01-12 02:47:08,4,5,1,老师真的很好，考的差完全是自己的问题，特别棒
41541,3659,陆展,2017-01-12 07:04:58,13,16,3,老师真的很好，听不懂怪我自己，最开始的课，总是会水手机，导致后来很多基础知识都不是很清楚，后来就..想听都不太懂。后悔<(ToT)>一定要好好听课，预习很重要，课后看也是要有的，毕竟老师在最后半节课节奏快的飞起(｡ì _ í｡)表示前面听懂了后面也难以接受这种速度...表示期末再补天也是挺难的(#ﾟДﾟ)可能是我渣(ノ=Д=)ノ┻━┻
41553,3659,陆展,2017-01-13 09:57:47,7,10,3,真的超级超级超级爱陆老师    他就是我男神！！！！爱他一辈子！！！！！！
41554,3659,陆展,2017-01-12 07:40:55,2,3,1,老师是个好老师，只是我听不懂orz果然考试前一天学习效率最高?
41563,3659,陆展,2017-01-12 07:49:00,1,4,3,老师很棒 有节课让丁代表代课才知道什么事差距  很舍不得陆老师啊啊啊啊啊
41565,3659,陆展,2017-01-12 07:52:57,1,1,0,课堂比较轻松啊但是一定要自己努力！老师很负责的，很愿意回答问题有点像高中的老师。
41571,3659,陆展,2017-01-12 08:07:35,-2,0,2,。。。
41579,3659,陆展,2017-01-18 06:56:09,1,3,2,很棒，特别好。上课特别风趣。
41591,3659,陆展,2017-01-12 08:28:25,1,1,0,特别好的老师！课后会耐心答疑 不点名 各种暖心 超赞
41594,3659,陆展,2017-01-12 08:33:47,1,1,0,老师上课很细心，感觉学不好有机都对不起老师…
41605,3659,陆展,2017-01-12 08:50:54,2,3,1,上课很好玩，虽然有机还是一如既往的让我想睡觉，但老师真的好棒，现在还记得黄鸣龙反应，嘿嘿，上午考到了。上课有质量，当年还有别的班的同学翘自己老师的课来听呢！
41608,3659,陆展,2017-01-12 08:54:23,1,3,2,老师气质从容，节奏明快，有机还是。。多看书多做题，要先背再理解，，刚开始看不懂没关系的
41624,3659,陆展,2017-01-12 09:16:00,1,2,1,超级棒的老师，很可爱，室友是让隔壁丁代表班的，经过对比陆老师实在是超级棒的老师
41625,3659,陆展,2017-01-12 09:16:44,1,3,2,陆老板，很负责，讲课速度是快的，但这就是有机。给学有机的朋友们一句忠告！一定！要！预习！
41640,3659,陆展,2017-01-12 09:34:35,4,6,2,深刻记得老师把自由基比作咖啡……
41673,3659,陆展,2017-01-12 10:36:46,1,3,2,考完有机老师祝我考试顺利，我要好好琢磨一下这句话....万一挂了，下学期还选他的课，呸呸呸，说什么不知道，下面的同学好好听课啊，补天真的很痛苦。要是你预置了他的课，真的很好啊
41684,3659,陆展,2017-01-12 10:54:26,1,2,1,感觉老师比较耐心，讲话也有意思。。。。虽然我听不懂
41781,3659,陆展,2017-01-12 14:35:38,1,2,1,陆老师真的很好啊！他以前好像没教过本科生，都是带研究生，对我们特别温柔。感觉还讲了很多比知识更重要的东西！\n\n
41802,3659,陆展,2017-01-12 16:14:37,1,2,1,老师很棒，上课很有意思。然而我没有好好学有机，真是太惭愧了。
42359,3659,陆展,2017-01-14 05:21:24,1,2,1,大家成绩都没出就一个个来打分也是够强hhh 班里气氛超级好，我记得刚选上课的时候老师在系统里是0.0分的，现在飙升233其实有机主要靠自学，但是老师上课讲的如果听的话效果会很好。老师很耐心，助教也很棒棒，我不管我挂不挂，反正你们是最胖der！
42471,3659,陆展,2017-01-14 09:16:18,1,2,1,老师人很好，水平也高，就是我平时不认真。/::-| 尴尬
42690,3659,陆展,2017-01-15 02:41:47,1,2,1,老师超级负责…超级认真…学不好都是我垃圾…
42817,3659,陆展,2017-01-15 08:25:44,1,2,1,老师人真的很好很负责。。学不好是我的原因，觉得很对不起老师。。。希望老师工作顺利，感谢老师，后悔不好好学
42948,3659,陆展,2017-01-15 13:06:48,1,2,1,很耐心地回答同学们的问题，超给力的
43040,3659,陆展,2017-01-15 15:16:32,1,2,1,老师超好
43230,3659,陆展,2017-01-16 04:20:03,2,4,2,可爱了我的展。。。
43273,3659,陆展,2017-01-16 05:10:00,3,5,2,老师上课很有趣 给分也很好 学弟学妹从第一节课起就要好好学 这样后面复习不会太累
43534,3659,陆展,2017-01-16 13:36:11,2,4,2,老师讲得很细致，表白老师！
43639,3659,陆展,2017-01-16 16:24:03,6,7,1,楼上那么多大佬都说老师讲课好，其实老师讲课好不好我还真不清楚，因为听不懂了以后就逃了好多课，但是捏～我们的有机群真得很有爱哦，表白有机助教大大～最后，我想说虽然我没挂科，但如果你选上了他的课，一定要预习，作业认真做，考前刷点题就没问题，千万别和我似的。
44636,3659,陆展,2017-01-18 05:08:21,2,3,1,老师很棒讲课很温柔。虽然我经常会不知不觉睡着。而且不点名只会叫人上去写题目。知道很多人没来也不点名，就说天气太冷了让我们记得起来这些话。真的好喜欢他
46013,3659,陆展,2017-01-20 11:48:43,1,2,1,没感觉
47762,3659,陆展,2017-02-24 02:26:30,1,1,0,大陆展  好好听课别睡觉就行
48791,3659,陆展,2017-03-13 06:11:06,1,1,0,喜欢呀
48860,3659,陆展,2017-03-15 03:39:36,1,1,0,好有趣
49043,3659,陆展,2017-03-22 09:10:51,5,5,0,老师的红色卫衣很好看
58666,3659,陆展,2017-09-13 09:16:24,1,1,0,好好好
68607,3659,陆展,2018-01-23 12:53:09,2,3,1,人生没遇到过这样一位伟大的教师
69005,3659,陆展,2018-01-24 07:39:15,1,2,1,陆老板真是把学生当作亲生的孩子在教啊，耐心细心，生怕我们听不懂，感谢他
69112,3659,陆展,2018-01-24 08:38:21,7,8,1,98分...烷基钯玩好了
69606,3659,陆展,2018-01-25 05:18:48,1,3,2,考前吓唬我们平均分大概60，然而试卷绝大部分都是书本的内容，还有一些课堂练习，只要认真看书基本不会有多大问题，给分良心，寝室三个4.8，很棒的老师
90944,3659,陆展,2018-11-28 01:35:57,1,2,1,讲的真的很清楚了
99537,3659,陆展,2019-01-25 02:25:35,-3,1,4,优秀的老师?
99543,3659,陆展,2019-01-25 02:30:54,0,1,1,老师讲的真的很清楚了，只是我没认真听，所以考试很没底，但是老师给分真的仁慈，感动！另外告诫学弟学妹们有机一定要个人努力，只靠老师是带不动的，考前抱佛脚的话真的要看人品的(不推荐)
100283,3659,陆展,2019-01-26 02:01:25,-2,0,2,今年的给分有点点伤心π_π被卡绩了。这学期陆老师很忙，不过助教超负责对我们超好的，助教自己出了小测批改讲解，最后一天还答疑到10点。
100948,3659,陆展,2019-01-27 07:45:54,2,2,0,老师给分是真的好，也非常负责！！！就是讲课有点抽象
109695,3659,陆展,2019-06-18 12:25:51,-1,0,1,跟隔壁某专业课形成了鲜明的对比（？）
111389,3659,陆展,2019-07-01 05:54:24,3,4,1,金属有机很硬核，老师上课会用心去备课，会让你用课上的基础知识去理解一些前沿的工作。总体体验很好，课下负担不重，但课上一定要认真听，要不然可能会错过zhanzhan的奇妙比喻(误)
111479,3659,陆展,2019-07-01 17:58:24,0,1,1,陆老师人真的超级好 讲得也很清楚 上课很有热情 也很认真负责 但是我太菜 真的听不懂记不住?
112996,3659,陆展,2019-07-05 17:20:28,0,2,2,讲课深入浅出，关心学生感受，水平极高，给分很好。
115671,3659,陆展,2019-08-17 12:24:43,2,4,2,听着，陆男神已经是优青啦
120749,3659,陆展,2020-01-16 09:12:31,0,2,2,老师讲课特别特别好！期末也会很用心地审成绩！最后绩点出来比预期好了太多！
120768,3659,陆展,2020-01-16 21:52:01,7,9,2,讲真的我大陆展老师还需要别人夸吗？上过课的明眼人自然知道讲的可以。只是吐槽一下编有机的教材的时候可不可以再多考虑一下学生，实在不理解有机教材的逻辑性和连贯性在哪
131787,3659,陆展,2021-01-29 02:53:42,6,8,2,陆宝，妈妈爱你
140698,3659,陆展,2021-09-15 07:01:42,0,2,2,难是真的难，老师好是真的好
140969,3659,陆展,2021-09-18 14:30:52,3,5,2,简单的要讲好久，难的就一句话带过，不会忘记来一句：我相信你们的自学能力
141919,3659,陆展,2021-11-01 01:21:12,6,7,1,陆老师上课：同学们今天我们是要开飞机还是开火箭？\n\n很棒的老师，就是课时太少导致老师不得不在课上自由飞翔。
141920,3659,陆展,2021-11-01 01:21:11,1,2,1,陆老师上课：同学们今天我们是要开飞机还是开火箭？\n\n很棒的老师，就是课时太少导致老师不得不在课上自由飞翔。
144614,3659,陆展,2021-12-22 16:57:27,1,2,1,陆老师yyds  \n\n你值得拥有！
146917,3659,陆展,2022-01-09 13:10:20,10,11,1,光速出分
147640,3659,陆展,2022-01-10 10:48:57,3,4,1,感谢老师和助教捞我上4，这学期没有怎么认真学，感觉有机可能只是刚入门，但是老师讲的真的很好，也非常负责。
147644,3659,陆展,2022-01-10 10:54:55,2,3,1,老师上课讲得好好 给分也好
147657,3659,陆展,2022-01-10 11:08:03,2,3,1,老师幽默又负责，课讲的真的很好，可惜我太菜...不过期末真的海底捞！我爱展宝！
147672,3659,陆展,2022-01-10 11:55:02,2,3,1,老师人很好很可爱大爱，课也上的很好！老师和助教都是海底大捞法师!!谢谢谢谢！我爱展展！！
147673,3659,陆展,2022-01-10 11:58:14,2,4,2,感谢老师给的满绩
147699,3659,陆展,2022-01-10 13:34:02,1,2,1,老师海底捞
148178,3659,陆展,2022-01-11 19:55:13,4,5,1,太好了
148365,3659,陆展,2022-01-12 08:55:10,3,7,4,老师超级好，真的超级好！长得很帅（尤其是那张评价老师网上的那张照片），然后讲的还是比较快的…我大部分还是自己课后预习，不过和我自己没有课前看过一遍有关系，总之就是很需要课前看一遍书先大概的，这样应该会跟得上一点。然后给分的话真的是出乎意料的好！我从没想过自己能满绩！！！
150180,3659,陆展,2022-01-20 02:02:46,7,9,2,陆宝陆宝陆宝！捞捞捞捞啊捞
150796,3659,陆展,2022-02-18 15:56:57,8,10,2,一节课上50多页完全是正常操作，难的部分感觉讲不清楚只能交给学生自己来解决。老师人很好，也有可能是化学这门课原来就讲不清楚吧。如果你是对老师依赖性很强的学生最好别选他。然后不管选没选一定要预习不然会死的很惨5555 今年分高是因为今年给分给的很松所以一堆人来感谢捞人的，所以不是很客观哦。最后祝你好运～
154714,3659,陆展,2022-06-04 06:00:51,0,2,2,展爷yyds
186578,3659,陆展,2024-01-12 02:25:33,0,2,2,捞人好老师
186651,3659,陆展,2024-01-12 10:43:49,0,2,2,我爱陆宝！只要课前预习就可以获得很好的听课体验!
188815,3659,陆展,2024-01-20 05:11:12,1,3,2,超级好的老师！只要好好预习复习一定能拿高绩点！
190160,3659,陆展,2024-02-24 06:40:00,5,5,0,听不懂
193599,3659,陆展,2024-06-13 11:51:18,0,3,3,挺好的呀
199534,3659,陆展,2024-09-25 04:25:09,4,5,1,虽然老师很好但是听不懂……
200348,3659,陆展,2024-10-16 06:58:55,-12,4,16,就是勾石
200539,3659,陆展,2024-10-18 10:45:10,1,3,2,金属有机化学\n\n先不谈考试，因为没考试也没法谈考试\n\n展子哥绝对属于化学系里教学水平很强的老师\n\n上课内容详细，重点突出，旁征博引，而且有非常多的课堂练习环节帮助巩固知识\n\n但是他和金属有机也有缺点：课程非常难（挂科率约20%，是化学专业挂科率最高的专业选修课，为此他连着几节课一直在劝退，直到过了退课时间，22级化学总共至少有12人在开课之后退课）讲课过快难以跟上，点人上黑板做题或者判断对错相当频繁（有时是按座次点，有时是按名次点，另外这门课不太推荐非化学专业的同学选来水课，上课强度还是非常大的，有一次他专门点外专业同学的名字，结果前两个都没来）
205263,3659,陆展,2024-12-03 12:04:23,-7,6,13,构式老师构式主教
207829,3659,陆展,2024-12-24 12:04:24,1,1,0,金属有机，课程很难，但是他想方设法的强调重点，想方设法的在除了pre以外基本没有作业的情况下出课堂练习，真的是生怕你挂科。另外有机化学想教好除了上压力也没有太好的方法，如果换其他老师想教好有机，估计除了当个压力怪以外别无他法
208878,3659,陆展,2025-01-03 03:21:39,1,1,0,老陆上课不错不错!
209049,3659,陆展,2025-01-04 09:45:00,2,2,0,上课水平很高，金属有机来的
209064,3659,陆展,2025-01-04 10:31:09,1,3,2,满分满分 超级捞的男神一枚 讲课ppt思路很简洁清晰，平时认真听及时复习不会有问题的 我期中考考的特别差 但最后还是上四了
209202,3659,陆展,2025-01-05 04:25:27,4,4,0,天呐，这学期跟着陆老师学有机，老师也太好了，上课思路清晰，给分也非常慷慨，赞美陆老师
209221,3659,陆展,2025-01-06 10:40:15,1,3,2,展子哥好，值得10分
209305,3659,陆展,2025-01-05 11:19:17,2,2,0,这学期每节课都点名，但是真的真的很捞啊！一晚上速成的很满意了
209583,3659,陆展,2025-01-06 09:43:48,2,2,0,展子哥教的确实好！
209763,3659,陆展,2025-01-07 03:58:00,4,4,0,有机化学课\n\n老师讲的非常好，节奏很合适（可能是因为我自己理解力比较差，fcl老师过来代过课，我个人觉得傅老师节奏我有点跟不上），会很在意同学们有没有跟上、理解，可以看得出来是对本科生教学很上心的一个老师，而不是为了完成任务而进行上课。鼓励大家加他微信问问题（虽然我没有加，我一般有问题都问助教，助教都会回答）\n\n上课每节课前都随机二维码点名，具体点名怎么计算平时分不清楚，除此之外上课偶尔也会点同学名字回答问题，没到好像会记录。小测一共四次，三次简单的学在浙大上自测题，一次很难的纸质小测，取两次最高分算入平时成绩（注意小测的时候会传名单签名，老师说会严查小测提交和签到名单人数差异，但是也不清楚具体会怎么计算到平时分里）\n\n最后给分，陆老师的给分是挺慷慨的，我自己和几个认识的朋友都反映给分不错，推荐想要高分，并且想好好学下来的同学选陆老师的课\n\n最后可以给出一点我的学习建议和评分参考，我学有机化学就是跟着陆老师的课听，然后课后自己看一遍书，整理反应和理解机理，不过期中之后节奏有点乱，最后一两章没好好看书，考前才复习的。作业量和难度都挺大的，我大部分其实也是抄，，，小测和期中考都复习学在浙大上面的自测题就可以了（尤其是小测，线上小测基本就是原题，哪怕你不会做，背下来题目也能过），期末考前看PPT和书本复习，同时刷历年卷，会发现历年卷其实后面大题是有规律可循的，很多反应都是重复考（不过选择题就比较吃理解，要平时积累）最后我的分数是两次最高的小测好像一次98，一次96；期中考88分；期末考老师说不会公布，但我问了，他说我成绩不错，结合自己感觉应该有90以上，总评96分。\n\n是大学目前为止遇到的最喜欢的老师，私心强烈推荐！（如果会在意在后排水课的时候被老师一直cue那还是慎选哈哈哈，老师会时常提到前后排同学的，有几次摸鱼被cue都非常心虚）
210027,3659,陆展,2025-01-08 02:59:58,2,2,0,陆展老师上的好好，就是我自己菜菜的，没基础的孩子一定要多花点时间
210404,3659,陆展,2025-01-09 05:58:26,0,0,0,呜呼！展哥！
211299,3659,陆展,2025-01-11 07:12:08,4,4,0,有机化学\n\n人好给分好。每节课必点名，而且时不时抽取幸运观众上台做题，也会经常cue后排同学（在后排划水的时候总有种被push的不安感（），想平时摸鱼的uu谨慎）。讲课的话也比较细致，速度适中，而且经常会附上一些相关题目练习。三次线上小测，题目都是从平时布置的自测题里面挑的，难度不是很大。还有一次纸质小测，难度比较大，会涉及完成反应、写出机理、合成题，而且有不少坑，当然最后这个纸质小测一般不会计入成绩，不用很担心。期中考试是线上机考，题目也很类似自测题。最后期末考试建议多刷刷老师给的历年卷，考试题目还是和历年卷里比较相似的。最后从成绩能感觉到老师还是很能捞的，而且人也很和善，十分，推荐！
214335,3659,陆展,2025-02-01 10:26:00,2,2,0,展子哥是一个能把教学和科研都兼顾的很好的古典派大佬，当之无愧的配得上金质丽奖教金
214870,3659,陆展,2025-02-18 13:38:14,2,2,0,强推！！！笨人非化学系，大二上硬着头皮选了陆老师的金属有机化学，课特别难，我的分也很低，但真的非常感激老师对我这个外专业学生的包容与耐心指导！师恩无以报答，给老师默写个四大基元反应吧（）🥺
106189,3811,王杰,2019-04-25 12:46:34,1,1,0,化学与人类文明，期末考大部分内容都是PPT，如果像我一样光翻书，没去复印PPT，很尴尬，非常尴尬（︶︿︶）=凸
118846,3811,王杰,2019-11-07 03:30:53,0,0,0,很牛逼
89585,3872,徐光明,2018-11-20 01:13:54,4,5,1,虽然现在只上了老师的一节课 但是老师可爱风趣！！！引人入胜 真的太喜欢了 10分！！！
91042,3872,徐光明,2018-11-29 07:17:20,3,3,0,interesting!\n\n
91260,3872,徐光明,2018-12-04 12:01:00,11,11,0,老师真的很幽默，讲课风趣，认真负责。作业都是他自己改的，他说助教改得不到好的反馈。改作业是一种享受，晚上忙完了，在书房喝杯茶，放着音乐，改改作业，是一种享受。为了让老师的享受不那么痛苦，我一定好好学化学！
91345,3872,徐光明,2018-12-06 06:34:13,-6,0,6,我靠讲啥都布吉岛
92626,3872,徐光明,2019-01-03 06:58:18,3,3,0,中气十足，很宽容，很和蔼
92631,3872,徐光明,2019-01-03 07:22:13,3,3,0,老师好可爱，讲的很细
93162,3872,徐光明,2019-01-08 01:41:57,12,12,0,老师很细心 作业都是自己批改的 讲课很细致很有耐心 虽然我有时候听不大懂分析化学但也有如沐春风的感觉
94037,3872,徐光明,2019-01-15 03:28:54,4,4,0,老师人真的很好，作业都是自己批改，讲课认真负责很有热情，还会用很俏皮的方式地展示某个知识点～而且老师特别体贴学生，期末给我们复习划重点，交作业时间灵活，总之是一位全心全意希望同学好的老师！
94198,3872,徐光明,2019-01-15 14:22:44,2,2,0,不错的?\n\n
99818,3872,徐光明,2019-01-25 07:59:16,4,4,0,贼鸡儿有意思 就是上课有些时候不讲例题 让你自己回去看 老师知识超级渊博 会给你讲各种仪器还有一些他大学的趣事。就是期末复习有点要命 哈哈哈
101705,3872,徐光明,2019-01-29 01:58:44,-5,0,5,其他都还好，就是很容易睡着，或许是自己的问题吧，就是觉得语调没有丝毫波澜，而且重点很不突出，讲了一节课啥都不知道。不是按照教材讲的，期末复习很要命。
101742,3872,徐光明,2019-01-29 03:09:33,4,4,0,老师讲课很耐心细致 也特别幽默风趣 时不时抖个包袱 最后特地给我们加了一节复习课画考试重点 很喜欢徐老师
101853,3872,徐光明,2019-01-29 09:35:49,3,3,0,如沐春风
105247,3872,徐光明,2019-04-08 10:13:40,2,2,0,很幽默可爱的老师，非常不错
106547,3872,徐光明,2019-04-30 09:08:50,-4,0,4,很好的老师，上课也很轻松，最后成绩也可以的。
106597,3872,徐光明,2019-04-28 09:24:07,0,0,0,好老师，平时会讲一些有意思的东西，生活啊，化学里的轶闻趣事啊。但是可能课程有点难，不过考试的时候可以带一张A4纸复习资料，一定要好好准备！老师每个单元结束的时候布置的课后习题要好好做，因为很多都是考试计算题的题型。最后，成绩还没出，希望有个满意的分数。?
106821,3872,徐光明,2019-04-30 02:11:19,3,3,0,感觉自己考试考的应该还行啊作业也都交了最后3.0…
106837,3872,徐光明,2019-04-30 04:08:40,1,1,0,很有趣的老师，感觉作业也交了考试应该也还行，结果只有2.7，可能还是我太菜了
106841,3872,徐光明,2019-04-30 04:23:48,0,0,0,人很好，上课很有意思。但评分真的看不懂
106918,3872,徐光明,2019-04-30 08:29:06,1,1,0,老师很好，作业自己批改真的让人很佩服，上课也有意思。真真的是个好老师，但是我不理解我为啥绩点这么低。
71311,3936,邬建敏,2018-01-28 09:23:05,1,2,1,讲课无聊，给分垃圾。
106507,3936,邬建敏,2019-04-28 03:11:07,4,6,2,很喜欢英文装X，其实说的嘛也听不懂
147771,3936,邬建敏,2022-01-10 18:59:22,2,3,1,好好听课好好完成作业然后考试感觉还好。。。绩点4.2\n\n但是老师的课似乎对英语化学不好的人很是不友好\n\n主要是自学吧上课逻辑有点  奇怪?
214369,3936,邬建敏,2025-02-02 07:04:53,0,0,0,给分极差
100150,4087,沈宏,2019-01-25 15:56:54,0,3,3,老师真的很好很用心啊
129781,4087,沈宏,2021-01-12 09:28:51,0,1,1,选了就很亏
80581,4262,沈莉萍,2018-06-28 05:01:30,1,1,0,化学系美女老师，讲的好不好没注意（笑哭），注意力全在颜值和气质上啦，很亲切。
109577,4262,沈莉萍,2019-06-17 07:29:33,0,0,0,老师人很好
115890,4333,王利剑,2019-08-23 12:28:46,2,4,2,挺好的~~~
116346,4333,王利剑,2019-09-09 00:32:36,3,10,7,我也不知道他点不点名，但是第一堂课他迟到了，现在迟到32分钟了。
116347,4333,王利剑,2019-09-09 00:36:14,3,7,4,第一节课，迟到40min，没话说。。。。。。
117718,4333,王利剑,2019-09-30 01:42:43,4,8,4,第一次上课忘记来，上课经常迟到就占用下课时间，导致第二节课来不及，上课时还经常接电话，体验极差。内容也没什么实质性的东西，思修课讲的和历史解读课一样。
118016,4333,王利剑,2019-10-19 00:27:38,3,5,2,那位期待思修课有实质内容的，还是太年轻（…）老师挺可爱，第一次课好像是生病了吧，最后来的是代课老师啊
121686,4333,王利剑,2020-01-20 23:44:22,4,7,3,上课毫无意义，思修绩杀不解释，平时成绩从未公布，over
121947,4333,王利剑,2020-01-25 09:37:14,-1,4,5,王老师特别好！！！上课认真负责！给分还很棒！
122035,4333,王利剑,2020-02-03 05:10:00,4,6,2,平时作业，小组发言需要学生问才会布置，给学生的准备时间根本不够→_→，我是思修组长最后3.3实在是无语...
122170,4333,王利剑,2020-02-18 14:13:43,0,1,1,老师上课真的水，而且没有逻辑，不过我自己4.2的绩点还是可以的
122377,4333,王利剑,2020-02-26 01:50:57,0,2,2,平时基本上课不用听 期末好好复习好好答题 平时发言可以举举手 老师讲的还是挺有人文关怀的鸭 最后给了我4.5也还行 （我估计老师应该是完全按照期末考给分的
122540,4333,王利剑,2020-03-03 11:54:23,5,5,0,上课很水。但给分还可4.5。事情也不多。去西湖庄园的体验还不错～
122572,4333,王利剑,2020-03-04 08:43:51,-2,2,4,事情少，给分好，记得举手回答问题，保你有好绩点
132468,4333,王利剑,2021-02-01 17:28:55,3,4,1,上课水 但是给分高
147524,4333,王利剑,2022-01-10 06:51:05,2,2,0,上课确实很水，但思修真的别想学到什么东西。。。\n\n相比之下给分真的挺好的，每学期任务认真完成，最后分数真的不会差
190201,4333,王利剑,2024-02-25 10:24:17,2,3,1,上学期的思政\n\n事很少，比较水，没论文，会点名，早八睡了一学期，最后4.2供参考
212773,4333,王利剑,2025-01-15 01:29:34,0,0,0,上课水 布置作业布置不清楚 绩杀
212890,4333,王利剑,2025-01-15 07:28:57,1,1,0,思政\n\n1. 上课会点名\n\n2. 事挺少的，一篇读书报告+一个小组pre+一个实践活动感想。\n\n3. 上课没啥内容，一节课没听\n\n4. 期末考试应该是集体改卷，分数各个老师之间应该不会差太大\n\n5. 高中选了政治，最后绩点4.5，供大家参考。
212991,4333,王利剑,2025-01-15 12:20:37,1,1,0,水，点名
213181,4333,王利剑,2025-01-16 08:52:38,0,0,0,上课啥也没学到
94461,4449,雷群芳,2019-01-16 14:10:52,0,0,0,体验极差，想睡觉
97127,4449,雷群芳,2019-01-21 16:41:30,0,0,0,上课就想睡觉，只念ppt
71578,4511,程思遥,2018-01-28 15:38:22,6,15,9,大美女，和潘贤林一起上思修，两个老师一前一后一起讲课，很有意思
71908,4511,程思遥,2018-01-29 11:26:21,-1,1,2,体验非常好
71910,4511,程思遥,2018-01-29 05:28:05,-2,0,2,还不错
72117,4511,程思遥,2018-01-29 11:24:24,2,4,2,很好的老师
72223,4511,程思遥,2018-01-29 14:46:37,0,4,4,脾气很好，讲的不错，主要讲前面部分
72506,4511,程思遥,2018-01-30 09:06:01,0,2,2,好好好
73194,4511,程思遥,2018-02-01 06:47:18,4,5,1,支持两位老师！
75911,4511,程思遥,2018-03-21 12:05:03,0,4,4,可以评分了，开心。讲课中规中矩吧，但是人漂亮啊。笑起来很魔性。
78153,4511,程思遥,2018-05-09 14:12:19,7,24,17,架子比书记还大，以为老娘天下第一？
79166,4511,程思遥,2018-05-25 05:39:32,0,10,10,没脑子的白痴
85855,4511,程思遥,2018-08-23 02:12:00,-2,1,3,很好的
100317,4511,程思遥,2019-01-26 02:51:41,-2,1,3,好好好！
121045,4511,程思遥,2020-01-19 10:14:03,2,2,0,没听课
121061,4511,程思遥,2020-01-19 11:42:11,2,4,2,思修上课水，事情少，要是读书报告和展示别太水给分也不错，老师也挺漂亮的，上她的课认真听也能学到很多东西，还会有很多大牛学长来分享，很有意思而且干货满满。
129116,4511,程思遥,2020-12-30 07:47:54,0,2,2,挺好的，我觉得
130079,4511,程思遥,2021-01-16 11:19:21,2,6,4,恶性竞争，不公平分配时间，
131538,4511,程思遥,2021-01-28 03:07:25,2,3,1,会捞会捞
131540,4511,程思遥,2021-01-28 03:17:36,1,1,0,会捞人！
131541,4511,程思遥,2021-01-28 03:18:14,3,4,1,程老师很好的，人美心善，会捞人，上课有课外活动课，还有学长学姐分享，强烈推荐。
131542,4511,程思遥,2021-01-28 03:17:10,0,0,0,程老师很好的，思修课带出去参观，还有学长学姐的分享，最重要的是，会捞，人美心善，强烈推荐。
131543,4511,程思遥,2021-01-28 03:21:26,-1,0,1,专门跑过来跟老师评价。本来看到自己读书报告和小组作业85因为会被卡绩，但是最后4.5真的挺开心的。老师讲课也很好，会找大牛学长来分享。只点过一次名，还是因为老师发现来的同学太少了😇
131586,4511,程思遥,2021-01-28 05:46:01,0,0,0,人美心善，很好的老师
133729,4511,程思遥,2021-03-04 09:06:14,-16,2,18,被绩杀。作业用心做了，考试也认真复习了。想不通为什么最后给分这么低。唯一解释是有两次点名我没到。但她明明说过要把出勤率占的分数比重往下调的。别选快跑。
136490,4511,程思遥,2021-06-19 01:47:15,1,3,2,点名有一次没到 展示作业没上去过 期末水水地考 最后4.5 快选她！
172499,4511,程思遥,2023-05-23 07:04:29,2,2,0,职规课，老师人美事少给分好，所有作业按基本要求完成，没有额外卷也能被捞到 89/4.5，强推
174573,4511,程思遥,2023-06-14 08:13:39,1,1,0,这学期课选多了，职业规划书来不及写，跟老师实话讲了。平时上课没发过一次言，最后被捞到4.2，吹爆！
182310,4511,程思遥,2023-11-14 11:26:39,2,2,0,上过职规课，总是要上台分享一些莫名其妙的感想
192164,4511,程思遥,2024-05-10 11:36:30,2,2,0,职规课，总体感觉下来，老师人美心善。\n\n绩点方面，不用太卷，完成基本要求就可以获取一个不错的绩点。\n\n老师也会请学长学姐来分享经验，不过因为专业原因我收获不是很大(专业不同，发展路线有些差异)，但如果是相关专业的同学收获应该会很大。\n\n还有最后的几节课会讲一些职场礼仪着装和简历相关的内容，不知道别的老师会不会讲。这些东西虽然现在用不到，但以后找工作面试时应该挺有用的。
192981,4511,程思遥,2024-06-01 15:36:28,0,0,0,老师人很好也很体谅学生，第一节课就会分组然后会上台汇报介绍小组成员，当组长的话会加分，不过我这学期当了组长也没太感觉到加分哈哈哈但是给分还是不错滴4.8已经满意啦。平时上课也很有意思，都是分享或者小游戏，每节课需要小组成员上台汇报。反正综合感觉老师人很好也热心，还欢迎我们有问题和她分享交流呀
82776,4618,袁艺,2018-07-09 06:05:30,1,8,7,老师讲很用心，循循善诱。还很关心同学，不计较实验成功与否。我几次没做好实验，一直鼓励我，让我好感动。期末自主实验答辩还买了水果零食让我们边吃边听，超级开心~
87068,4618,袁艺,2018-09-20 06:37:25,1,6,5,老师人很好！
91879,4618,袁艺,2018-12-24 05:46:40,-1,4,5,水平太低，很多实验里的问题都没办法解释
111826,4618,袁艺,2019-07-07 14:49:13,-3,2,5,老师注重提升学生的分析化学基础，给分好。
126734,4618,袁艺,2020-10-16 11:14:24,1,6,5,不太行
146376,4618,袁艺,2022-01-06 11:25:03,-3,0,3,老师很好的呀！很有趣！
155217,4618,袁艺,2022-06-09 11:59:52,1,3,2,超级超级和蔼的一位老师，平常也喜欢和我们聊天开玩笑，常常是我们一边等实验进程一边和她聊天，爱了爱了
171459,4618,袁艺,2023-03-25 01:32:50,0,2,2,老师人很好啊，经常和我们聊天
175050,4618,袁艺,2023-06-21 09:33:51,-2,0,2,还行吧
175158,4618,袁艺,2023-06-22 03:52:30,0,1,1,老师上课很认真！但是从成绩来看，应该是被正太了
186457,4618,袁艺,2024-01-11 07:41:39,-2,0,2,老师人很可爱，给分不咋地\n\nxkc主角改实验报告也抠得很严格\n\n杠就是我菜🥹菜是原罪
186584,4618,袁艺,2024-01-12 02:54:42,-2,2,4,老师人挺不错的，上课指导得很细心。从期末总评来看也还可以
193034,4618,袁艺,2024-06-04 08:43:03,3,5,2,老师给6分，勉强及格，无极分析实验课给0分，助教w-5分，总分1分。关于课程，也许能学到一些操作，但是不妨碍这们课史
195121,4618,袁艺,2024-06-27 01:09:28,8,10,2,助教小哥哥wsc很可爱呀，经常嘴飚🐊，实验报告动不动扣🔟，动不动扣🔟，😗
195122,4618,袁艺,2024-06-27 01:08:34,2,4,2,给分不太好，人品还行，水平不太行，24年春夏选的本科生助教烂出边际，也懒出边际！
195651,4618,袁艺,2024-06-29 08:10:34,1,3,2,老师人很好很好，至于wsc......
199612,4618,袁艺,2024-09-26 08:31:30,1,1,0,是春夏学期选的大化o，看到一些评论说助教不好，可能不是同一节课吧，我必须要为老师正名，老师人首先很好，真的给我一种妈妈一样温暖的感觉，你做错什么步骤不会指责你，会耐心的继续告诉你怎么做，而且特别关系学生有没有烫到受伤什么的，我们的助教是一个小姐姐，判报告给分也很好，我前期一次报告没按要求写+设计性实验出了一点问题，这两个扣分应该也不少，但是最后好好复习4.5飘过，对我而言我很满意，而且最主要的是袁老师真的让我感觉有在被关心，而且真正体验到了实验的乐趣。
210026,4618,袁艺,2025-01-08 02:58:23,1,1,0,好喜欢老师，老师真的很和蔼亲切，我当时被差评搞得害怕了，但是上下来发现老师真的很有耐心，很亲切，每次见到我们都笑眯眯的。很喜欢，上老师的课很开心。老师很看重报告的最后的思考，拿高绩点思考要写的多多的！
102760,4654,范杰,2019-02-22 12:12:27,3,8,5,老师会拓展很多学科前沿的东西
103159,4654,范杰,2019-02-26 08:55:31,7,16,9,人本身挺好，也算是大牛，不過自己本身也沒有太厚的化學知識基礎，所以普化很多時候也聽沒太懂；另外有時教授也會問學生一些思考題，喜歡化學的會覺得有趣，我個人則不然；總的來說如非大牛/非精神極集中的人慎選
181219,4654,范杰,2023-10-12 02:23:04,2,2,0,讲的好
188428,4654,范杰,2024-01-19 06:52:41,0,0,0,老师人不错
200123,4654,范杰,2024-10-25 14:12:05,3,3,0,尊重每一个能跟上的大佬
212876,4654,范杰,2025-01-15 06:42:14,-1,0,1,绩点真是让人惊喜
213007,4654,范杰,2025-01-15 14:39:58,1,1,0,疑似被卡绩了，上课真的听不懂
94542,4809,王勇,2019-01-17 07:20:14,-1,3,4,虽然我学不好普化，但是老师很可爱，哈哈哈
96368,4809,王勇,2019-01-21 01:19:09,-2,2,4,普化讲的是真的好~
97698,4809,王勇,2019-01-22 13:44:32,-2,3,5,老师不点名，就最后一节课助教上去抽了几个同学回答问题结果有人不在就记了旷课。上课基本没听过…是一个比较有人文精神的老师吧，个人基本去了就是睡觉…讲课的声音很催眠。
99303,4809,王勇,2019-01-24 14:26:45,0,3,3,挺有意思的，老师上课经常会抛出一些有趣的问题让我们各抒己见
99610,4809,王勇,2019-01-25 04:06:26,-4,3,7,尽管普化虐的我遍体鳞伤，但一点也不影响王老师讲课的优秀..这学期的助教也是超赞的，也是很努力地给我们涨平时分了！
99864,4809,王勇,2019-01-25 08:49:29,2,7,5,普化3分，老师10分
101175,4809,王勇,2019-01-28 01:10:03,3,6,3,老师真的太可爱了！上课会抽同学回答一些简单的问题，会看大家有没有在听课。经常讲一些有意思的学术史
103334,4809,王勇,2019-02-27 10:29:48,-1,1,2,很细心！好好听都能拿高分
105719,4809,王勇,2019-04-19 01:33:45,5,7,2,基本不用PPT，写的一手好板书
120735,4809,王勇,2020-01-16 03:54:15,-1,1,2,老师讲的很好！但还是建议要预习一下！
121038,4809,王勇,2020-01-19 09:53:34,-1,1,2,老师很好！助教调分好辛苦！但我菜 害
132218,4809,王勇,2021-01-31 04:15:34,-1,3,4,不调分
132541,4809,王勇,2021-02-02 07:06:51,5,9,4,给分求是过头了hhh
133283,4809,王勇,2021-02-23 12:46:25,-1,3,4,讲得挺好的。期末不捞人。无基础同学一定要预习了再上课！！
148251,4809,王勇,2022-01-12 03:32:03,2,5,3,课上的不错，不调分
148269,4809,王勇,2022-01-12 04:23:27,0,5,5,讲课讲的很轻，有时候就自己闷头写板书，挺无聊的
148279,4809,王勇,2022-01-12 04:48:24,3,17,14,hhh……3.9你怎么打的出来的……期末考基本全对，期中80＋，结果给我个3.9……hhh，普化三分诶哥，什么新种的绩杀啊?直接拉我0.1几的均绩……hhh，成绩还不透明……hhh普通话简直了……hhh
148319,4809,王勇,2022-01-12 06:31:50,2,3,1,害...给个平均分吧，有一说一课上得不错，就是给分...
148333,4809,王勇,2022-01-12 07:05:20,2,5,3,辅修化学，所以是大二来上的老师的普化。老师上课是非常好的。高中没有化学竞赛基础，也完全可以跟上，甚至可以说是上大学听的最懂的一门课。声音轻确实是一个问题，所以尽量往前面坐一点。\n\n关于给分的问题，老师第一节课就说自己不会调不会捞的。自然科学通识类的课比专业课受条条框框约束会更多一点，特别是普化这种成绩比例统一规定、需要进行过程性评价的课操作余地就更小了。所以大家千万不要认为调分是老师的义务，总会有几个老师教你做做人的。而且学分多了以后一门课的绩点对均绩的影响会变得很小，可能因为普化大部分是大一的小朋友所以会肉痛绩点啦，还是要放宽心。\n\n当然也不用太紧张，本人的情况是期中84，总评89，供参考，按成绩比例计算的话如果期中考、期末考都是80分，绩点应该在3.6-3.9，如果考到85左右乃至90上4的希望还是很大的，毕竟普化相对于数学课来说思维含量是真的很低，好好学不会有问题的。\n\n普化学习的建议方面，难点其实是偏物理的热学和物质结构，化学热力学、电化学、有机、配位等都是它们的应用而已。个人的体会是，化学热力学、电化学是在理解热学的基础上应用，而物质结构（尤其是杂化轨道理论）是需要在有机和配位的应用中加深理解的。至于动力学，只要掌握了分离变量两边积分的方法就不会有太大问题，是个人认为最为简单的一个模块。仪器分析稍微看两眼就好了，考题就算是蒙也能蒙个大概，分值也很低。
169919,4809,王勇,2023-02-28 11:27:32,0,1,1,助教真的海底捞TT
180109,4809,王勇,2023-09-20 10:06:36,3,7,4,服辣。这么多年md第一次看到作业一大堆p要求的老师，你要求一大堆格式我能理解，你要求钉钉布置作业要标明消息日期我还能忍，你要求抄写题目是什么玩意儿？md还搞什么A本B本，宁是小学老师吗？真是服辣
181461,4809,王勇,2023-10-18 07:22:35,-1,1,2,事多课无聊
183882,4809,王勇,2023-12-02 10:53:32,2,2,0,勇子哥怎么还没上9呜呜。时隔一年来评价，因为物化讲到了普化相关内容，一对比更觉老师讲得细致清晰了。
188561,4809,王勇,2024-01-19 08:55:04,0,2,2,普化讲的不是很好，但是普化本来内容就不多，考前看看公式就行，给分神中神，一个班95%80分以上
188657,4809,王勇,2024-01-19 13:09:05,2,2,0,在其他同学看来课上的有点慢，但有人暗中知道他顾及到了高中没学化学的www\n\n作业格式确实多，但是那是助教要求的，潦草点不抄题目也行，助教不会说什么\n\n给分超级好，高中不学化学听下来也有4.2
189237,4809,王勇,2024-01-22 14:01:05,1,3,2,感觉老师前几届给分或许比较严格，但今年给分确实好耶，94%的同学80分以上，40%的同学90分以上。作为高中没学过化学的一张白纸喜提4.5，还是要大大为王勇老师打call的。个人感觉，wy上课比较佛，语速慢，内容中规中矩有点催眠，常常提到自己的一些经历趣事，课程密度比较低，所以本人后期都到周二fwj的课上蹭课。fwj讲课极其极其细致，而且会把高中的内容进行深度结合，比如说用普化知识深度解析浙江高考化学卷真题（都是他出的O(∩_∩)O哈哈~），相对而言对化学基础弱的同学更友好。很多结构、有机、配位的内容在wy课上听个大概，在fwj课上再听一遍基本吸收，这个策略很不错哈哈。至于考试，主要还是概念和公式的运用，考完期末考对答案发现算错好多很慌，但公式都认真仔细地写上去了，所以也没有扣多少应该。当然平时作业要认真完成，尤其是前四章计算，后四章比较玄学，仔细看看PPT，考前突击突击，概念搞懂就行。总之还是给wy老师打十分，超赞！
189724,4809,王勇,2024-01-27 15:05:12,8,10,2,你说得对，但是你必须要知道兰德缪尔研究了人工降雨并用于越战
208877,4809,王勇,2025-01-03 03:22:09,3,3,0,《化学研究中的方法论》\n\n写的很认真，不如别人抄的长篇大论，上课安排混乱，老师经常迟到，不是必修课有什么人选?
209255,4809,王勇,2025-01-05 08:16:59,7,8,1,挺难评的，整个一学期上课体验就是很糟糕。课程安排是混乱的，小测是乱来的，说的6次小测最后就只剩下2次，2次要占比30%我拿什么救？学的和考的完全不知道有什么关系，人经常不在是另一个老师代课，一两节课就觉得是代课了，最后一学期下来没仔细数不知道他亲自上课的时间达到一半没有。还没考试呢先来给个差评，答疑是不在线的，钉钉是已读不回的，好在助教还是很热心的。反正建议避雷吧
210279,4809,王勇,2025-01-08 16:13:11,4,4,0,普化是教不会的，学生是不停折磨的，小测是🦐几把乱安排的，给分是相当求是的，问题是已读不回的，怎么学普化？全靠助教和自己。
211048,4809,王勇,2025-01-10 11:51:08,0,1,1,东亚历史与文化\n\n92/4.8\n\n是周勇老师和周妍老师交替上\n\n事情有点多但是知识很丰富\n\n如果对东亚历史与文化感兴趣的话可以尝试\n\n一般一节知识➕一节讨论课或者观看课等等\n\n还有制作折扇手工课\n\n内容很丰富\n\n想要事情少一点再考虑一下\n\n不过选了也不亏～
211107,4809,王勇,2025-01-10 17:54:27,0,1,1,东亚历史与文化 是王勇老师和周妍老师轮流上 两位老师都特别好讲课也很有意思 任务不多听听课偶尔回答点问题（平时分）就好 最后考试开卷 轻松get满绩✓
76283,4827,王林军,2018-04-02 02:08:42,23,24,1,老师快迟到了下车跑步上课，很敬业了
78533,4827,王林军,2018-05-12 16:15:21,8,10,2,化院数理基础最好的l s
119813,4827,王林军,2019-11-16 02:12:43,15,16,1,课上得很好，对量化底层理论理解十分深刻，进计算化学组的同学必修
132640,4827,王林军,2021-02-03 04:37:01,9,9,0,老师上课真的棒，不过大家可能需要复习一下微积分和线性代数以及一点常微分方程的数理基础才能愉快的听课，专业基础课里老师讲的量子可以说比较简单了，只要上课认真听，多思考多问，总会收获很多的。
135886,4827,王林军,2021-06-01 01:53:25,9,9,0,老师数理基础很好，讲课很细心
137792,4827,王林军,2021-07-06 06:58:52,12,12,0,老师是真的牛，上课是真的硬核，但整个内容非常严密，一步步推导下来层层递进是真的享受（让我重温当初爱上数理的心情了，虽然对量化还是爱不起来），只不过对学生的数理基础要求比较高，按化学系的培养方案来的数理知识是不够的。\n\n老师人也超好，上课哪块听不懂，只要你提出来，他会给你从头到尾推导一遍，建议学弟学妹们别害羞，有问题就直接问，老师人很好的，也不会嫌弃你问的问题太基础，因为这门课大家基本都是菜鸡，老师已经在我们的课上教得多次怀疑人生，我们也学得怀疑人生，差距过大就不会有不好意思的情绪了，哈哈哈哈哈哈。\n\n还有，课确实很难，但考试的话还好，高分难但挂科也难，不用太担心
144508,4827,王林军,2021-12-22 03:03:53,7,7,0,老师已经想方设法不让你挂科了
147772,4827,王林军,2022-01-10 19:01:22,-6,6,12,节节点名，上课感觉挺好，作业难死。死难死难，头大
149789,4827,王林军,2022-01-17 03:21:44,4,5,1,结构与谱学，听不懂也喜欢(>_<)，要感谢老师让我能够自主去思考世界的本质、科学的本质这一类问题，获益很多。
150666,4827,王林军,2022-02-11 04:21:39,5,5,0,老师是好老师，想尽量给我们拓展思维而非简单的局限于应试，上课也比较生动有趣。做作业时可能会发现作业和上课内容有时没什么联系，但作业题是比较贴近考试题的。给老师打九分，剩下一分是因为有个一言难尽的助教。
151588,4827,王林军,2022-03-08 11:42:01,4,5,1,个人感觉化学系内讲课水平最高的老师，上课能把如此晦涩艰深的量子力学讲得妙趣横生滴水不漏，足以见得老师物理系出身非常坚实的数理基础。最后考试只要平时好好写作业都能答出一大半，像我这种化学专业学习水平非常低下的小弱鸡（x）都能收获一个比较不错的成绩，真的还是非常感谢老师！
171146,4827,王林军,2023-03-17 03:28:55,5,5,0,课是真的硬，人是真的好，老师是已经想尽一切办法让我们考高分了，考场有人不会写提前交卷他都主动退回去，给他讲的再多写一点不然没法捞，但是作业是真的难
171316,4827,王林军,2023-03-21 11:47:52,5,5,0,没上过他的课，但是请老师来办过讲座。感觉是一个很疼爱学生的老师，第一次见一个老师认真地把自己的个人主页布满了自己学生的照片
174360,4827,王林军,2023-06-11 02:12:02,5,6,1,受好兄弟邀请去了王老师的课题组参观，王老师对待我们几个大一萌新十分热情，带我们转了一圈课题组和计算机，还很热心的跟我们讨论了一下化学学习（尤其是结构谱学）的讲授内容，难点与规划。另外，王老师的课题组氛围真的超级好！
189430,4827,王林军,2024-01-24 06:08:02,19,19,0,结构与谱学1绝对是化学系数一数二的好课，王老师绝对是化学系里数理基础最好的老师，在老师的解读下，原来晦涩难懂的量子力学也变得非常好玩。另外虽然平时讲的可能有点难，但考试考的十分基础，只要认真地理解老师的PPT都能取得满意的成绩。这门课既可以拓展视野、加深对化学的理解，又可以轻松拿到高绩点，绝对的好课。
189476,4827,王林军,2024-01-24 22:51:49,6,6,0,上完结谱一再来追个评:\n\n1.量子力学书不要预订，没用，那个是给物理专业学生学的，王老师的PPT内容都非常详细，他的课基本不会脱离PPT，复习主要参考PPT就可以，尤其要注意PPT上的推导内容，势垒势阱那块要注意提升解题能力\n\n2.考试是闭卷，几乎都是大题包小题，大部分大题里的各个小题都相互独立，会和作业题之间有一定的重合度，因此必须要重视作业题！（助教会开两次答疑课讲作业题，王老师会亲自开一节量子力学前沿专题讨论课作为兴趣课）\n\n3.王老师给分很好，不卡绩，但是课程本身难度极大，可参考的题目很少，所以必须极其重视该门课程学习（一般至少要和有机二所用的精力一样）建议要准备好的数学基础:行列式与矩阵基本概念，向量空间，特征值与特征向量，一元函数微积分与多元函数微分，常微分方程，概率论（至少要到一维连续随机变量）
191248,4827,王林军,2024-04-15 03:05:38,5,5,0,军神我男神
194211,4827,王林军,2024-06-22 13:38:21,11,11,0,无论从课程质量、人品和给分上看都是很好的老师，唯一缺点就是不接着上结谱23
194403,4827,王林军,2024-06-23 16:07:49,12,12,0,上结谱一的时候只觉得林军讲的死难死难，难以享受，很难听懂，体会到了结谱三的各种妖魔鬼怪之后，才懂得了量子化学基础教学里林军这样的老师究竟有多可贵
198927,4827,王林军,2024-09-13 03:10:04,7,7,0,班主任yyds
199713,4827,王林军,2024-09-28 05:12:05,5,5,0,班主任😋
202032,4827,王林军,2024-11-08 12:09:17,6,9,3,在复习物化的过程中被老师私聊庆祝量化满绩，又幸福了
211203,4827,王林军,2025-01-11 04:15:42,6,6,0,爱死你了林军老师，不愧是能参加索尔维会议的人
213044,4827,王林军,2025-01-16 01:06:29,3,3,0,课程难度是有的，但是考试感觉和历年题（98只有回忆卷）很像，考试没有那么难。老师很喜欢三体，ppt里好像还在火影忍者，感觉老师虽然年纪40多了，心态还是很年轻的，钉钉回消息的时候也会用很可爱的表情
213046,4827,王林军,2025-01-16 01:16:00,2,2,0,完全听不懂但3.9，已经很满足了，不愧是军哥
213097,4827,王林军,2025-01-16 03:49:44,1,1,0,很好的
213170,4827,王林军,2025-01-16 08:07:37,1,1,0,老师海底捞
75796,4871,毛侦军,2018-03-18 17:46:19,5,6,1,耐心解答问题
80860,4871,毛侦军,2018-07-02 05:27:40,4,4,0,特别可爱特别搞笑！！！人超好！
108799,4871,毛侦军,2019-06-02 15:57:17,6,8,2,毛老师超可爱的！\n\n
159976,4871,毛侦军,2022-09-10 16:06:05,0,0,0,上的大化实验O，毛老师很耐心也很可爱
177399,4871,毛侦军,2023-07-03 06:43:47,0,0,0,超级nice!
206948,4871,毛侦军,2024-12-18 16:30:10,0,0,0,毛老师带的课大部分都是化学专业课所以评论比较少\n\n1.可爱有耐心\n\n2.体贴学生，尽心尽责\n\n3.给分不错（除了下厂实践的五级制以外）
213534,4871,毛侦军,2025-01-18 05:52:32,0,0,0,超级可爱的毛老师！！！
217784,4871,毛侦军,2025-04-16 12:00:49,0,0,0,非常高兴的老师，总是乐呵呵的
219070,4871,毛侦军,2025-05-20 13:24:25,0,0,0,好人，选中lxf中化探究性实验就全靠mzj了🙏
221992,4871,毛侦军,2025-06-28 08:57:14,0,0,0,老师很赞
99271,5011,洪鑫,2019-01-24 14:09:43,0,1,1,真的是超级好的老师啊，每次很耐心地在群里答疑，每次作业也都会认真讲解，偶尔还会跟我们开玩笑。虽然有机靠的是最后几天的女娲补天，但是真的很谢谢老师。
99286,5011,洪鑫,2019-01-24 14:17:37,4,5,1,老师真的太太太可爱啦～～　(￣ε(#￣)☆╰╮o(￣▽￣///)超级帅 有机也教的超级认真 大家上课一定好好听呀 老师是非常优秀的人！～
99310,5011,洪鑫,2019-01-24 14:35:50,3,3,0,老师超级nice，上课讲得很仔细，给分也炒鸡nice，顺便吹一波助教小姐姐。
99363,5011,洪鑫,2019-01-24 15:31:52,10,11,1,老师人超级好！当天就出分了！超级认真负责。刚刚归国回来上课偶尔还有英文单词超级可爱(๑• . •๑)
99417,5011,洪鑫,2019-01-24 19:44:16,1,1,0,虽然我太菜了，有机什么都不会。但老师还是让我及了格。不用补考简直开心。
99466,5011,洪鑫,2019-01-25 00:24:32,18,19,1,温文儒雅，一代归国英才\n\n有问必答，不愧良师益友\n\n不怕问题tricky，不管试卷难易\n\n有机不会，挂科不易\n\n当日出分，祝您满绩！\n\n
100606,5011,洪鑫,2019-01-26 11:34:15,4,4,0,超级厉害的老师！！！(加州大学回国的)超级强，知识渊博，很耐心细致地回答问题，真的好老师！！(不过上课语速略快…要适应)
105718,5011,洪鑫,2019-04-19 01:31:38,2,2,0,很棒\n\n（很喜欢老师说tricky）
110465,5011,洪鑫,2019-06-27 03:31:19,0,0,0,我觉得老师很棒啊
116489,5011,洪鑫,2019-09-11 02:11:10,0,0,0,nice
116490,5011,洪鑫,2019-09-11 02:11:11,0,0,0,nice
117526,5011,洪鑫,2019-09-25 10:44:24,0,0,0,嘻嘻来给老师打满
117599,5011,洪鑫,2019-09-26 13:53:03,2,2,0,老师讲的超级细\n\n虽然我会犯困\n\n但我知道他是好老师\n\n课后问题也答的超级及时哇哇哇\n\n爱辽！
117600,5011,洪鑫,2019-09-26 13:56:12,1,1,0,超级棒，爱了爱了。\n\n人真的很亲和，还会为我们听不懂的孩子考虑，不说那些过于学术的词语，遇到这样的老师真的好幸运！\n\n（好有气质的。上课会嘬奶茶哎，太可爱了）
118208,5011,洪鑫,2019-10-23 02:52:28,1,1,0,讲课很耐心，讲习题也很耐心，上课喜欢嘬奶茶（太可爱了吧）。
118933,5011,洪鑫,2019-11-08 03:02:29,1,1,0,听得懂的体验，跟代课老师形成鲜明对比
121231,5011,洪鑫,2019-12-26 12:11:08,0,0,0,不多说 强推\n\n（清晰明了 很懂我们）
121546,5011,洪鑫,2019-12-12 14:47:20,1,1,0,超级可爱，上课爱喝奶茶，讲课幽默有趣不超纲。
127335,5011,洪鑫,2020-11-20 09:12:10,0,0,0,可以的
142175,5011,洪鑫,2021-11-08 07:13:41,0,0,0,老师很好很亲切
143594,5011,洪鑫,2021-11-28 08:05:42,3,3,0,tricky
147405,5011,洪鑫,2022-01-10 02:47:44,3,3,0,tricky！老师真的看起来很儒雅，很有学识，上课也很有耐心。
147710,5011,洪鑫,2022-01-10 13:55:29,6,6,0,太好了太好了，我要吹爆他，认真善良又负责，特别的可爱，我期中考试考倒数的，但是最后给我捞上4了，我真的太爱洪鑫！
147713,5011,洪鑫,2022-01-10 14:02:05,4,5,1,超好的老师，跟代课的老师一比真绝了，对比后才知道听有逻辑条理、思维清晰的讲课是什么样的享受。期末考有许多小错，真的想不到会上4，开心！妙！
147715,5011,洪鑫,2022-01-10 14:04:01,8,8,0,又可爱又善良又专业又负责的年轻老师！！！履历很高，上课总有一杯麦斯威，喜欢说这个题有一点tricky的，我自己估分以为会很差，因为有几次作业不怎么好，小测成绩也不高，但居然上4了！！老师还会检查期末考试卷有没有给我们少给分，真的超级好！！！我爱洪老师，有机化学，认准洪鑫老师
147723,5011,洪鑫,2022-01-10 14:19:05,2,2,0,老师不仅气质好，而且有机讲得非常有条理，助教和老师都会很有耐心地答疑。强烈推荐！\n\n我自己摆烂了一学期，实在太对不起这么高质量的授课了。课后作业和平时畅课上的练习题一定要做，作业量很适中。\n\n最后感恩海底捞，磕头咚咚咚！
147745,5011,洪鑫,2022-01-10 16:02:34,0,0,0,很好的老师！履历超级牛，上课也很有条理讲的很清楚！除了小测的课外不点名，作业也不多，个人挺喜欢这种不push的老师。有机还是要自己额外下功夫学的科目，学起来有点痛苦但会有结果的！最后4.5超满意了～（老师真的好爱喝咖啡奶茶哇
147823,5011,洪鑫,2022-01-11 03:02:57,6,6,0,老师很好，挂了是我的问题，强推洪鑫老师，年轻温和有学识，人也很可爱，我打十分
148112,5011,洪鑫,2022-01-11 13:59:27,1,1,0,（老师的学术背景真的好厉害！我真的配得上这样的老师吗）\n\n老师上课节奏适中，但有机课程的节奏终究还是比较紧凑的。建议上课前先预习一下再听课。有了预习的基础再听洪老师的课，真的会听得很开心的！（噢是谁没预习就上课，课上听得非常痛苦云里雾里  课后啃书智云才豁然开朗  梳理清楚老师讲课的条理呜呜呜）\n\n另外老师答疑非常耐心，非常亲和，会时不时和我们开一些玩笑哈哈哈。\n\n最后，强推强推强推~~~
153409,5011,洪鑫,2022-04-29 07:19:19,1,1,0,讲课好～给分好～助教小哥哥人也超好～
160593,5011,洪鑫,2022-09-27 14:44:42,3,3,0,1.老师非常和善\n\n2.深入浅出，通俗易懂\n\n3.学识渊博，有问必答\n\n4.温文儒雅，一代男神\n\n5.有些年轻，讲的稍快
163605,5011,洪鑫,2022-12-15 13:51:04,0,0,0,很喜欢洪鑫老师的节奏
164338,5011,洪鑫,2022-12-20 10:25:13,0,0,0,不多说，选了绝对不亏
166115,5011,洪鑫,2023-01-11 07:04:52,0,0,0,tricky
168289,5011,洪鑫,2023-02-09 11:59:28,3,3,0,补天补累了提前给老师刷分嘿嘿 老师实在是太可爱了 有机实在是太tricky了
168836,5011,洪鑫,2023-02-22 14:31:44,1,1,0,nice
169090,5011,洪鑫,2023-02-24 09:05:03,0,0,0,老师真的讲课很好！！！
169096,5011,洪鑫,2023-02-24 09:24:58,2,2,0,洪老师上课很负责，点名会提前通知，讲课很细腻，对考试的帮助超大。
169108,5011,洪鑫,2023-02-24 10:12:56,1,1,0,多谢红心老师！没有您的慷(捞)慨(我)奉(一)献(把)，哪有我收获的今日😭 😭 😭
169164,5011,洪鑫,2023-02-24 13:28:27,1,1,0,洪老师yyds，总评能够海底捞，长得还那么帅，i了i了
169321,5011,洪鑫,2023-02-25 11:58:37,2,2,0,独立前沿无愧归国英才，提携后辈当称求是师表
169428,5011,洪鑫,2023-02-26 06:37:05,2,2,0,老师讲的很好，是我自己不学
169551,5011,洪鑫,2023-02-27 01:47:21,2,2,0,大爱！
171280,5011,洪鑫,2023-03-20 14:43:51,0,0,0,hxgg海底捞555
191867,5011,洪鑫,2024-05-02 11:25:41,1,1,0,hxgg好老师，物理有机是好课，只要有机不算太差，作业和课内练习认真思考并作答，都会有不错的成绩，强推！
217798,5011,洪鑫,2025-04-16 13:37:55,0,0,0,非常好的老师
219744,5011,洪鑫,2025-06-05 05:34:22,0,0,0,人工智能无脑选。\n\n超级无敌温柔并且好说话\n\n每次都提醒我们小测➕提前点名通知\n\n特别负责任我哭出来😭
79572,5129,李昊,2018-06-10 07:16:42,0,1,1,究极无敌好老师
87459,5129,李昊,2018-09-29 05:12:26,1,2,1,很好很好的老师
92330,5129,李昊,2018-12-28 01:22:32,15,18,3,老师很可爱，就是总喜欢讲超纲内容，you all learning master，right？
92336,5129,李昊,2018-12-28 01:50:56,3,6,3,You should be learning master  ，right?
92337,5129,李昊,2018-12-28 01:53:33,6,7,1,It should be very easy， right？\n\nYou all learning masters！\n\n这是两句有声音的回答，重音should， all master:)\n\n
105236,5129,李昊,2019-04-08 06:37:53,0,0,0,滔滔不绝
105242,5129,李昊,2019-04-08 08:46:31,0,0,0,You are learning masters. 加s
110548,5129,李昊,2019-06-27 10:48:39,4,6,2,李老师对科研真的有火一般的热情啊，讲课特别有感染力！每次听课都是智慧的享受，爱死李老师了！
113834,5129,李昊,2019-07-07 17:22:35,0,1,1,超分子化学就是一种享受，李昊老师和黄飞鹤老师强强联手，这课，上得爽啊。
113906,5129,李昊,2019-07-08 00:25:52,1,1,0,老师对科研很有热情，对学生也很好～\n\n超分子真的不只是科学，还是艺术～
116673,5129,李昊,2019-09-13 01:07:14,70,76,6,我知道你们听到这里又迷茫了
117536,5129,李昊,2019-09-26 06:20:47,20,21,1,湖南人说话真的这么快吗\n\n
117882,5129,李昊,2019-10-23 02:47:35,13,15,2,“教会你们是我的义务，不是权利”
118026,5129,李昊,2019-10-19 03:29:51,13,14,1,很可爱的老师，特别认真，感动到我了。
118122,5129,李昊,2019-10-21 04:40:37,36,37,1,老师人是很好的，讲的也很认真。问问题也不会不耐烦。但是语速真的很快，再加上有机基础差，是真的听不懂啊。
119127,5129,李昊,2019-11-10 15:56:40,7,7,0,很棒很棒的老师
120493,5129,李昊,2019-12-09 08:30:10,21,21,0,哎呀 这不是很简单嘛 简单的令人发指 老师如是说
120635,5129,李昊,2020-01-14 05:24:30,2,2,0,老师真的特别特别可爱，很爱教学，上课非常有趣，段子很多。虽然很忙，但每次同学有问题会一个个回答。超级可爱，强推一波。但是有机很难，所以平时也要自己多努努力。
120797,5129,李昊,2020-01-17 08:57:22,0,1,1,还行，是个好老师
120824,5129,李昊,2020-01-17 17:06:35,10,10,0,超级认真，超级负责(只不过有机容易讲超纲)。。
121230,5129,李昊,2019-12-26 13:37:59,0,0,0,很负责的老师
121521,5129,李昊,2019-12-13 06:42:22,13,13,0,“简单的令人发指”
122914,5129,李昊,2020-04-20 07:29:16,1,1,0,讲的巨好巨有趣！
124318,5129,李昊,2020-06-29 05:43:30,2,2,0,好好好
125122,5129,李昊,2020-09-01 08:44:08,2,2,0,给李昊老师10分，老师很爱教学，上课有趣，认真负责，很好很好很好，真的挺难得的这么热爱教学的老师。
126236,5129,李昊,2020-09-20 14:44:55,8,8,0,老师说话好快\n\n
126363,5129,李昊,2020-09-24 01:32:43,1,1,0,有趣，解惑达人
126381,5129,李昊,2020-09-24 11:59:59,1,1,0,课上还是课下有问必答，同学们不明白的知识点会反复讲解，很励志的老师，20级的战友们加油呀
126393,5129,李昊,2020-09-25 00:34:56,1,2,1,很好的老师
127753,5129,李昊,2020-11-26 10:28:32,1,1,0,老师超可爱，超认真
128245,5129,李昊,2020-12-15 04:20:52,19,19,0,浙大第一段子手，开局三分钟，一刀999
128397,5129,李昊,2020-12-22 07:51:31,5,5,0,老师人很好！
129288,5129,李昊,2021-01-03 14:39:28,0,1,1,老师认真负责
129841,5129,李昊,2021-01-13 02:06:17,43,45,2,"在你面前的，可是：浙大化学系段子王，反应原理的思想家，三体文化宣传大使，金庸小说忠实拥趸——李•""有机真简单""•昊"
129950,5129,李昊,2021-01-14 05:32:18,8,8,0,老师是好老师，就是语速有点快
130145,5129,李昊,2021-01-18 04:45:25,6,7,1,老师人超好，很负责，有问必答。上课会讲段子，课堂氛围很好。讲课很生动，容易听懂，课余要自己认真做题。
131271,5129,李昊,2021-01-27 02:26:15,8,8,0,浙大段子手，一刀999。又迷茫了吗？很简单的，你们这些学霸自己看一下就懂了。哈哈哈哈哈老师超可爱，讲段子是认真的哈哈哈哈哈
131446,5129,李昊,2021-01-27 14:02:12,6,9,3,昊哥绝对是我的男神了，有机事贼少，平时分打满，期末必然海底捞你，只要你认真补了天，哪怕不听课最后也能过。关于上课内容，昊哥喜欢讲机理，很少讲题，所以得靠自己下去背和刷。但不管怎么样，昊哥超棒
131968,5129,李昊,2021-01-29 15:47:37,12,13,1,力赞李老师，10分必须的!一个学术和师德都很高的老师~我化学基础不好，一个学期里线上线下问了很多很基础的问题，李老师都不厌其烦地解答。“教会你不是我的义务吗？”真的炒鸡感动!虽然最后期末考试也不是很好，但会一直怀念那段坐在前排听课的时光。呜呜，再也没有了…
136749,5129,李昊,2021-06-24 03:04:07,15,17,2,我相信高考比这个难多了
141074,5129,李昊,2021-09-23 00:33:16,4,5,1,讲得好快……
141445,5129,李昊,2021-10-09 06:08:14,2,6,4,每天上课跟听天书一样
141509,5129,李昊,2021-10-12 14:44:40,1,1,0,老师有问必答，非常耐心，而且上课很有趣哦～
141557,5129,李昊,2021-10-14 11:10:53,4,5,1,讲的……太快了……都不知道在哪里…
141650,5129,李昊,2021-10-19 06:44:54,2,2,0,老师很nb，讲得也很好 就是感觉在说唱 讲的有点快 我感觉自己在观看 浙大新说唱（有机现场）李老师专场表演 但讲得挺好的！
141850,5129,李昊,2021-10-28 00:55:25,7,7,0,不正经评价：快乐式教学，“这个东西，容易得一塌糊涂，简单得令人发指。”\n\n正经评价：老师会讲很本质的东西，也会讲一些拓展的，还是很不错的，但是预习和复习很重要！
143210,5129,李昊,2021-11-21 11:50:30,2,2,0,老师超级好，会在群里很认真的讲题目，有问必答的那种，真的很不错哒
143211,5129,李昊,2021-11-21 11:51:27,2,2,0,很喜欢老师，回答问题很认真，有问必答，说话是挺快的但是只要注意力集中还是能听清的，就当是在练听了。总之，老师很好
143296,5129,李昊,2021-11-23 04:57:39,4,4,0,老师很好很负责，有问必答。线上问问题真的秒回。而且老师竟然是三体迷和金庸迷！hhh太对口了！
143311,5129,李昊,2021-11-23 07:55:52,2,2,0,唉๑•́₃•̀๑ 不听课也能考挺好 \n\n只要你听懂了超共轭\n\n反正我是真的接下来全靠自学\n\n有问题多问问老师
144050,5129,李昊,2021-12-17 04:37:05,5,7,2,说实话，老师人真的挺好的，非常负责，问问题也会非常细心及时的解答。但是……我觉得老师讲课的方式我有点接受不了，个人认为老师讲课在讲一些问题时只是描述现象，给出结论，还会举一些虽然有趣但是意义不大的例子，这其实对于理解问题没啥实际意义。老师不太讲原因，如何推导，如何考虑，在何种情况下会出现特例，特例出现的原因等等，感觉讲的都不够深入，讲的都是表面的，只是告诉我们是这样的，而很少告诉我们为什么会这样，原因讲的不够透彻吧……（个人看法）
145366,5129,李昊,2021-12-29 07:35:11,6,6,0,练好中文听力，好好听李老师讲课，如果再来一遍，一定会冲在第一排，不让你这样的好老师对着空荡荡的教室难过
147915,5129,李昊,2022-01-11 07:03:54,4,4,0,老师真的不错的，可能有同学不习惯他的语速，但是老师是很很很负责的老师
148284,5129,李昊,2022-01-12 05:08:36,4,5,1,老师人很好，很耐心很认真的，这学期的助教老师也很认真，就是说问他们问题都是有问必答类型的  然后老师会在微信群里回答大家提出的问题，私聊的问题也会发出来大家共同参考，解释的超级认真  期中我们班没考好老师也是有点down，真的是那种想教会我们东西的老师。之后不点名了就会直接说，完全不会卡死我们。就是上课讲的不是很清楚，需要自学，不过有机这东西本来就是要自己去琢磨才能考好的啊。\n\n如果你是需要老师详细引导的，李昊老师的课可能学起来比较吃力，但是我觉得总体来说老师很棒
151345,5129,李昊,2022-03-01 02:32:38,31,32,1,《浙大教授鼓励学生不来上课》
151766,5129,李昊,2022-03-15 03:29:39,2,2,0,老师人很好 但是真的讲的太快了！！！讲课生动是真的，喜欢用各种奇妙比喻
151809,5129,李昊,2022-03-16 11:37:46,5,5,0,“有没有同学可以用他的智慧告诉我这是为什么？”
152720,5129,李昊,2022-04-19 02:04:43,7,7,0,我们班不歧视天才……
154538,5129,李昊,2022-06-02 05:34:47,0,0,0,好耶～
156178,5129,李昊,2022-06-23 03:57:59,2,2,0,高中没选化学，有机没挂，谢谢老师！！！！
157358,5129,李昊,2022-06-23 04:53:19,2,2,0,不用交作业，从不点名，超级能捞，重修选的lh老师班，期末过啦！！lh老师我的超人！！
157555,5129,李昊,2022-06-23 16:57:36,0,1,1,没捞，58，退院…
157706,5129,李昊,2022-06-24 11:57:51,2,3,1,呜呜呜很愧疚我这学期有机几乎什么都没学懂但也没挂，感谢老师！当时看到140几个人挂了19个+3个没去考试的的时候心里超级慌，赶紧查了一下分数，发现没挂真是太感谢老师了！李老师上课挺生动形象的，常常会举一些神奇的例子，而且还酷爱金庸和三体，经常给我们讲这些。只是语速偏快，对于早八没睡醒的我来说有一些超负荷了，常常要靠智云课堂的回放来补笔记。第一节课就说了不会点名。基本上只要来上课老师就会记住你，虽然叫不出名字但是对每个人的脸都会有印象（受宠若惊hhh）。但是有机真的好难，我属于那种看一页忘一页的，考试和做作业全凭本能。
157961,5129,李昊,2022-06-25 22:45:32,1,4,3,不点名，没作业，上课有趣，通俗易懂，只要认真听课，期末考都没有问题。真的不歧视天才，更不歧视蠢材，有机就给了我满绩
158828,5129,李昊,2022-07-02 12:53:40,1,1,0,上课有收获，尤其和隔壁hfh老师比起来
159488,5129,李昊,2022-07-25 09:06:44,1,2,1,老师人挺好的。但是如果听不懂课还是不要去上课了，自学就好
159557,5129,李昊,2022-08-09 04:17:33,-5,0,5,怎么上一条听着像是衣服挺好的，但是不怎么能穿
181410,5129,李昊,2023-10-17 07:03:35,9,9,0,“说不定三体人正在嘲笑我们，说我们学的都是虫子的化学😂”
182131,5129,李昊,2023-11-10 11:39:22,1,1,0,好老师谁选谁幸运
186460,5129,李昊,2024-01-11 07:46:01,14,14,0,谢邀，刚考完有机期末。众所周知，有机化学是一门虫子的学科，但是我知道你们又迷茫了，不来上课的同学肯定是听不懂我讲的笑话的。就比如一家好吃但是有点远的食堂和一家难吃但很近的食堂。我喜欢一坛十八年的女儿红和很坚固的钻石。我知道在座的各位都是学霸，我们不歧视天才，虫子学科跟你们高考比起来简单太多。希望大家都能学会虫子的化学然后去对抗三体人
187007,5129,李昊,2024-01-14 06:20:15,5,5,0,真的是很好的老师\n\n如果能重来\n\n我一定每节课坐第一排
187008,5129,李昊,2024-01-14 06:24:55,4,4,0,老师真的很好很用心，有机这个烂课我学了两次终于成功过了呜呜呜呜呜呜呜
187010,5129,李昊,2024-01-14 06:32:34,2,3,1,很遗憾没有好好学李老师的课......最后的成绩也只是看得过去，推荐大家来选
187044,5129,李昊,2024-01-14 08:53:12,3,3,0,我爱你鹿晗
200710,5129,李昊,2024-10-21 07:47:15,0,0,0,讲课幽默 为人随和
204689,5129,李昊,2024-11-27 10:53:56,-1,0,1,。。。
117279,5162,潘贤林,2019-09-22 06:48:19,0,0,0,好好好
127248,5162,潘贤林,2020-11-17 04:56:32,4,4,0,吹爆的好老师啊
127260,5162,潘贤林,2020-11-18 04:57:33,3,3,0,满分，不解释
127469,5162,潘贤林,2020-11-23 09:42:56,1,1,0,很好呀
127498,5162,潘贤林,2020-11-23 15:39:57,1,1,0,满分大佬
127525,5162,潘贤林,2020-11-24 02:38:44,4,4,0,思修课的极限
127541,5162,潘贤林,2020-11-24 06:50:18,0,0,0,会上课就多开几个班
127879,5162,潘贤林,2020-11-29 15:44:06,1,1,0,形势与政策，点名，讲得很有趣
128292,5162,潘贤林,2020-12-17 01:07:44,0,0,0,哈哈哈，课堂氛围太好了
129789,5162,潘贤林,2021-01-12 11:22:51,3,3,0,不错的老师哦
146304,5162,潘贤林,2022-01-06 07:25:04,0,0,0,哈哈哈
146314,5162,潘贤林,2022-01-06 07:52:52,0,0,0,好老师无缺点
146915,5162,潘贤林,2022-01-08 04:51:41,12,12,0,绝对绝对绝对的好老师啊，有一次意外受伤没有去碰上了点名，老师说点名是学校要求的没办法，只在需要捞的时候看点名加点分，不会扣你分的，哈哈哈
146919,5162,潘贤林,2022-01-08 04:59:53,0,0,0,满分大佬，绝对捞王
148509,5162,潘贤林,2022-01-12 17:20:01,1,1,0,人好事少分数高讲课棒
148760,5162,潘贤林,2022-01-13 12:28:20,1,1,0,这位是真不错了
150395,5162,潘贤林,2022-01-24 06:48:17,1,1,0,神仙老师不多说
150490,5162,潘贤林,2022-01-26 15:20:06,4,4,0,一个会讲笑话的老师，一个视野开阔的老师，一个体谅学生的老师，一个大气包容的老师，一个理性温暖的老师，一个会发红包的老师，一个给分很好的老师，一个会压考题的老师……遇上了是我的幸运
150499,5162,潘贤林,2022-01-27 07:29:47,2,2,0,思修课的极限
150541,5162,潘贤林,2022-01-29 14:24:46,2,2,0,讲课有趣，没法做作业哈
150646,5162,潘贤林,2022-02-08 19:11:33,1,1,0,特别特别特别好的老师
150647,5162,潘贤林,2022-02-09 04:36:20,4,4,0,发新年红包的老师都棒棒的
160404,5162,潘贤林,2022-09-21 11:35:21,9,9,0,第一堂课感脚就很好
164667,5162,潘贤林,2022-12-23 01:35:37,6,6,0,最后一节课给我们过大纲，说放松心态，分不会低的，让我们把时间放在微积分和线代上面，他太好了
165060,5162,潘贤林,2022-12-29 02:54:38,2,2,0,好老师，无脑冲
165345,5162,潘贤林,2023-01-02 04:01:18,3,3,0,绝对的好老师，很照顾阳了的同学。
165362,5162,潘贤林,2023-01-02 18:13:56,1,1,0,好老师好老师好老师
77948,5176,朱海明,2018-05-09 02:43:36,0,1,1,先占坑\n\n
92843,5176,朱海明,2019-01-05 06:21:44,6,7,1,男神老师
100320,5176,朱海明,2019-01-26 02:55:09,6,6,0,不多说，好老师
108458,5176,朱海明,2019-05-25 01:20:51,1,1,0,挺好很棒
109349,5176,朱海明,2019-06-13 07:25:03,6,6,0,很可爱的一个老师，对学生简直不要太好太亲切
110388,5176,朱海明,2019-06-26 08:45:18,1,1,0,查老师终于有分数了，考物化前先占占
110903,5176,朱海明,2019-06-28 13:40:26,0,0,0,考前占坑
111013,5176,朱海明,2019-06-29 06:23:19,-7,4,11,很多知识都不懂
112894,5176,朱海明,2019-07-05 09:08:25,1,2,1,不多说，好老师
113919,5176,朱海明,2019-07-08 00:38:20,1,2,1,老师的性格真的很好～平时答疑也很热心，上课讲得很细，10分送上
117455,5176,朱海明,2019-09-24 14:25:38,1,3,2,补一波满分评分，曾经的老师，现在已经变成研究生导师，各方面配的起这个十分
126779,5176,朱海明,2020-10-20 01:30:18,5,5,0,虽然老朱讲课经常有含糊不清的情况，作业里也总有上课没讲需要自己思考的题，但是这和老师本人十分好没什么关系，是教材的风格就是这样，老师也只能根据教材来讲。\n\n反正老师很喜欢，教材风格很嫌弃
130227,5176,朱海明,2021-01-19 11:55:03,3,3,0,讲述有条理，思路清晰\n\n（没听懂怪我自己555
152906,5176,朱海明,2022-04-21 13:00:33,6,7,1,好老师，不多说了
179472,5176,朱海明,2023-09-16 13:39:08,4,4,0,有这位无敌贴心的老师，往届学长直接羡慕嫉妒。无需多言好吧
183236,5176,朱海明,2023-11-23 04:17:24,2,2,0,极好，极好！
183531,5176,朱海明,2023-11-27 06:46:52,3,3,0,真的很好的老师，今天去补大物实验，超级温柔，讲课也很好！
190473,5176,朱海明,2024-03-05 09:43:23,4,13,9,老师教结构与谱学2教的不行啊，上课说我们不用关注数学推导，作业却是数学推导，结果啥都不会，ppt也看不懂，ppt好像还是上课前刚弄的，感觉不太靠谱。
191651,5176,朱海明,2024-04-27 00:19:11,4,5,1,感谢老师结构朴学Ⅱ的海底捞呜呜呜呜
192412,5176,朱海明,2024-05-18 10:45:24,4,4,0,结谱二\n\n老朱的PPT很精致，讲课完全是照着PPT解释，会用小测代替点名，作业是大题，小测是选择题，作业和考试内容也比较贴近，但是考试题量大的逆天而且巨难，而且很难捞分。不过他对课程保障很到位，会安排很多答疑解惑的时间，虽然开课上课水平有些欠佳，但是他的人品可以补足这个缺憾
194401,5176,朱海明,2024-06-23 15:56:29,6,6,0,学过谱学三后，谱学二越看越亲切
199971,5176,朱海明,2024-10-10 03:56:05,3,3,0,大二学的结构与谱学，半年后来追个评，记得老师说想在下一年把群论知识删掉，我建议不要，学到大三发现群论没有其他老师会讲，物化里却反复提，还得回来听海明的智云。后知后觉老师群论部分的PPT和讲解还是很不错的，怎么当时就没听明白呢（雾）
212856,5176,朱海明,2025-01-15 05:23:22,-2,2,4,物化3给分超好，赞爆
213617,5176,朱海明,2025-01-18 15:08:06,2,2,0,物化三的好老师，虽然给分上成绩是四六开而且没调分，但他作业小测都放了不少水，考试出题也不为难，也算是某种意义的给分好吧
217122,5176,朱海明,2025-04-02 05:58:44,5,6,1,老师人很好，讲话还挺温和。虽然每周一都要小测，小测题目不难，作业题目超难
218241,5176,朱海明,2025-04-22 07:36:07,0,6,6,海底捞
218252,5176,朱海明,2025-04-22 08:20:40,3,7,4,老师不会点名，但是结谱都有小测的，姓名学号占10分。期末考试的内容确实有点难了。教材的话推荐去看atkins的physical chemistry，老师会发电子版的。学弟学妹们加油吧，是门好课（正在学结谱3的我哭了）
218253,5176,朱海明,2025-04-22 08:27:18,4,8,4,很亲切，讲课很清楚，期末也很捞（感觉半开卷还是能抄很多东西的），拯救抽象的结谱。然后老师以前可能作业偏重数理推导，但是感觉我们这届作业还是重应用，主要是能明白公式在讲什么，量子力学那些晕晕的东西好像几乎没有。小测是助教出的，弥补了一些概念上的理解问题。期末考试最后也是和作业风格比较像吧，复习的都比较有用。
218309,5176,朱海明,2025-04-22 12:02:31,6,6,0,多看ppt 多看ppt 多看ppt\n\n课后作业也要看
218328,5176,朱海明,2025-04-22 15:16:51,0,2,2,讲的很有逻辑，不会太难为学生
218335,5176,朱海明,2025-04-22 16:22:23,0,2,2,老师讲课还是挺清晰的，而且期末给分很好
218339,5176,朱海明,2025-04-22 17:30:53,-12,5,17,确实捞，捞到每一档最高分🤣\n\n   本来想着考试难度还行而且作业和小测分数也挺好，还挺自信的没有问卷面分，这下好了总评76没眼看。期末卷子说实话我认为出题风格跟小测很像，只是降低了难度而已，选择题不难，大题是作业水平，如果认真做作业肯定是能做出来的，选择题我知道自己只有红外探测器那题错了，那就真连一道全对的大题都没有？不然就是我阅读理解有问题？如果是那我结谱Ⅰ能满，有机4.8是我买的分？做梦都没想到结谱Ⅱ成了史低分数。\n\n   说实在话老师是真的对教学很上心，每次向老师提问题他都很有耐心，也会主动向我们学生询问该怎样改进课程，我也理解老师说的结谱很难带，很难出卷子，但既然结谱Ⅱ是光谱内容可以多扩充些比如像老师说的被cut的氢谱和拉曼等内容，这样考试出题就可以抓重点而不是拼命的用偏的知识点挤出刚好凑数的题目（而且结谱Ⅲ的谱学导论也不算白买）\n\n   给额外学习建议的话其实可以直接先参考Atkins的9-11章把基本概念看懂，范康年老师的谱学导论网课会涉及到很多计算，其实比较适合结谱Ⅱ的考核（上课不讲但作业与考试要求计算），还有如果以后还是半开卷除了第一节之外不要放过任何细碎的知识点（我都快把PPT搬完了就这还有漏掉的），但我都这么烂了也没什么参考价值吧（笑\n\n   助教平时小测题也准备的很用心，但学生都还是挺在意最后结果的，毕竟绩点直接跟自己本科阶段的发展相关（我也是被唯绩点论洗脑的群众之一），我真不希望平时我心中的美好形象到最后全部崩塌。\n\n   我知道自己不该在这里泄愤，是的我很菜，肯定有神仙学的很好差距无法弥补我懂，但就算再晦涩的知识我也愿意花时间去啃硬骨头，学不懂是我自己的问题我认，那我理解了，构建了自己的知识体系了，不止结谱Ⅱ，像这样的考核又是在筛选学生的哪项品质呢？遇到努力跟结果不成正比的课这让我无法接受。
218427,5176,朱海明,2025-04-23 11:22:35,5,10,5,小测就当点名，姓名序号占一半，难的小测赋分（✗），平时分已经给得很高了（喜）。老师和助教还是很致力于解答大家问题的，可能就是时间上安排的稍微紧张了些，以致于后面几章有点简略了。\n\n（叠甲，我不是那些考得很好的神仙）至于评论所谓考得“偏”，红外的选择题（仅一道）确实偏，画图有点恶心，但是电子、振动、转动、原子光谱难道不是课程主线吗，光谱项不是重点吗，大题有脱离这些吗？
218429,5176,朱海明,2025-04-23 11:31:20,2,9,7,下面那个76闹麻了…自己不会去问期末考考多少分？也不说就在这叫。还得练
218431,5176,朱海明,2025-04-23 11:52:28,1,4,3,伟大！无需多言！
218436,5176,朱海明,2025-04-23 12:37:33,-5,6,11,下面的没看完就在这里叫是吧，看来阅读理解有障碍的居然不止是我🥰总评76了期末不是60多还能是多少，而且我是认真学了又不是没学等人捞，那你现在问助教期末具体得分情况会给你说？反正我是从来没有遇到过都出分了还能问小分的。\n\n你是不是以为我在这里叫是想改成绩是吧🤗没你内心那么狭隘，我只是在陈述客观事实罢了，最后我也说了结果我认不会再闹，想不通的只是目前上过的所有课我都付出了同等精力，有分数波动在正常不过，但这么离谱的真是第一次见\n\n一天没看查老师怎么就全是捞捞捞的，这叫捞那王林军老师结谱Ⅰ不就是起死回生了😇到底是拿了4.5，4.8的神仙说话就是有底气，菜就多练那么我是真的想请教你结谱Ⅱ该怎么学了，老师教教我吧😭\n\n照你这样说我就是为喷而喷了？就算我发的是纯恶评都读不下去那你心理是有够脆弱的，还是说只有孙吧的那些美文你才读的下去🥺
218444,5176,朱海明,2025-04-24 00:57:05,7,13,6,那个76的自己考的烂就别来查老师误导下届学弟学妹了吧，不知道考试到底哪里出什么偏的知识点了把这位熟读过atkins 9-11章的大神都难倒了。为啥我包括身边同学都是正常跟着ppt学就能考得挺好。
218534,5176,朱海明,2025-04-24 09:16:09,0,1,1,那位总评76的哥们儿，别的不想多说了，就关于老师捞没捞这个话题，反正提前找助教问过卷面分的同学都说老师很捞，平时分给得很好，总评76只能是期末出的问题。老师捞只是捞在了平时分上，有些老师捞人会从卷面上去捞，那总评才能比预期高很多，在卷面保证客观的情况下，平时分已经是老师能捞到的极限了。另外都看过Atkins能说考试题偏我是不理解的，大题里面，计算非谐常数的那个大题，且不说作业有类似的题，Atkins里面光谱那一章振动光谱有一个例题就是很类似考试题，我是考前那个早上看到的，还专门记录了一下，选择题不像小测对概念挖得很深，直观考得要多一点，而且光谱项谱项符号那个偏重应用。大题难度摆在那里没办法，但是和作业已经是比较类似的了。卷面分数出问题了真别怪老师没捞了，不然就找老师查原卷看有没有批错的题呗
91718,5182,王鹏,2018-12-18 16:32:14,22,29,7,王老师上的第一节课节开始说我们要构建一个大的结构与谱学知识框架，创新授课方式，你们的教材，北大编写的那一本结构化学基础错误太多，想用南开那一本结构化学，但是他那本错误也太多了，但是现在我系里的事情太多了，没有时间，我打算明年出一本自己的讲义做教材。好，那我们来看一下王老师到底做了什么，创新，就是让同学们听得似懂非懂，流于公式，却又不懂公式的真正意义。构建大的结构与谱学知识框架就是循规蹈矩的按照南开、北大的教材顺序来，课件几乎完全来自南开的课件，只是把南开的标识去掉，甚至把精华的一部分删掉，甚至于到讨论课的题目都要完完全全的在南开的讨论课题目中搬运，他所作的无非就是把几个英文人名译成了中文。很难想象他明年要出的教材会是什么样的。我在浙江大学学习的这一年半的时间里，遇到了太多的垃圾的教材。于这节课上，我感觉浙江大学在不远的将来又会出版一本烂之又烂，于教学毫无意义的教材。\n\n       在讲到光谱项的时候，讲的云里雾里，我之所以能做那一次作业，完全是靠着班里几位同学帮我。我觉得我上课已经很认真在听了，但是真的听不懂他的表述，他的授课给我一种混乱的感觉，似乎这些东西就应该这样，但是我却不懂到底为什么要这样，这样的感觉让我觉得难受。很多东西囫囵吞枣的讲掉，对于那些容易产生误解的地方却毫不加以解释。一位合格的老师绝不会知道此处有一个学生靠着自己的理解是需要极长的时间才能领悟的东西而不加以提示。推测原因，我觉得王老师之前已经回答过这个问题，他自称自己大学都在旷课。\n\n       除此之外，王老师说他最后一定会让几个同学挂科，我想来想去，心里不禁一颤，这是怎样的对待学生的想法才会说出这样一种一定让学生挂科的言论，是否让学生挂科难道不应当是由学生自己的学习情况决定的吗？我是否可以看做这是王老师新官上任三把火中的第一把火，要拿我们班来个下马威？\n\n       嗟夫！
91720,5182,王鹏,2019-01-18 08:32:14,8,9,1,绩杀！惨死！
94499,5182,王鹏,2019-06-11 07:59:22,-22,5,27,非常好，建议选
105989,5182,王鹏,2019-04-24 04:54:33,9,11,2,作业题出课本题，考试题比竞赛题还难，上课天天说的东西跟zlg也没啥区别，呵呵，还天天说人家教学事故，你这不是教学事故？\n\n
106052,5182,王鹏,2019-04-24 14:53:39,9,10,1,怎么没零分
106057,5182,王鹏,2019-04-24 15:47:30,4,6,2,求化班两大特色，谱学和给学，学弟们这是你们的必由之路
106276,5182,王鹏,2019-04-26 05:35:58,17,21,4,不好意思，一分送上，理由如下。\n\n第一，因为王老师第一次开课，所以在讲课方面可能不太成熟，情有可原，但是这不该由我们求是班的学生来承担，我们有权利选择接受更高质量的教学(当然这是在资源充沛的前提下，而化学系在结构这门课上，一位老师是足够的)，而专门为求是班开课的老师讲课水平不敢恭维，实在遗憾。\n\n第二，身为一名老师，想方设法想让学生挂科，这是一名合格的老师该做的事情吗?仅仅认为这门课应该难度较大，就应该让一部分学生挂科?难道不应该好好教我们，不让我们挂科?\n\n第三，结构1改卷严格，狠抓步骤分，导致全班绩点低下，这些就算了，毕竟步骤有问题，你扣了分我最多只能吐槽一下，不能批判。但是结构2的时候，用极其简单的作业糊弄我们，就是我一边看lpl季后赛，那边在bp环节，这边我就把作业做完了，可见其简单！期末考试呢?拿决赛难度的结构题?拿巨复杂的分子判断对称性?判断螺旋轴?空间群?题目里的概念你讲过吗?麻烦老师您扪心自问一下???难道不是摆明了不想让我们做出来???\n\n第四，课上是不是说过，群的特征标表不考，然后空间群根本没讲过，怎么划重点的时候就要考了???怎么考场上又告诉我们特征标表不考了??浪费我们复习时间???为人师表，就这样出卖学生对老师的信任???\n\n第五，考试的时候在考场上bbbbbbbb个不停，吵的要死，身为老师不知道考场纪律???\n\n其他的吐槽点懒得想了，以上。
108020,5182,王鹏,2019-05-13 04:02:25,10,10,0,撇开主观情绪的客观评价:思维太跳跃，考试太难，给分太低
111630,5182,王鹏,2019-07-02 09:01:17,7,8,1,结构3改选了朱龙观老师的，比王老师讲的好多了，呵呵，我最后悔的就是结构1和2没上朱老师的课
115305,5182,王鹏,2019-07-18 07:43:27,2,3,1,不点名，不用点名
124754,5182,王鹏,2020-07-08 03:26:13,2,2,0,一言难尽
141261,5182,王鹏,2021-09-27 21:23:18,5,5,0,唉，不需要说理由，大家都懂。
177241,5182,王鹏,2023-07-02 11:11:17,3,3,0,相关人士表示，这货就是个人渣，骚扰女学生
205166,5182,王鹏,2024-12-02 10:27:57,3,3,0,一天，国王给了一位大臣一块金子，给了大臣的朋友一块玉，大臣感觉不公平，说道：“王，朋啥璧？”
208977,5182,王鹏,2025-01-04 03:48:18,3,3,0,泥浙结构化学教学现在还这么烂很大一部分原因就在王鹏，它对结构化学教学的作用约等于自己砍树让后人暴晒
209717,5182,王鹏,2025-01-07 00:27:16,3,3,0,结构化学教学的一大历史遗毒
179594,5223,麻生明,2023-09-18 13:28:52,6,6,0,好消息\n\n听到大牛授课\n\n坏消息\n\n大牛讲近现代史
179845,5223,麻生明,2023-09-20 02:11:51,0,1,1,金属有机化学来讲第一节课，讲话很有趣的院士。
125083,5225,曹楚南,2020-08-29 05:42:08,2,2,0,老院士一路走好
128549,5225,曹楚南,2020-12-24 00:09:38,1,1,0,沉痛哀掉！中国科学院院士、浙江大学教授曹楚南先生逝世\n\nhttps://www.thepaper.cn/newsDetail_forward_8916354
137126,5257,孔学谦,2021-07-01 10:34:09,2,5,3,好老师！！！
137788,5257,孔学谦,2021-07-06 06:46:23,2,4,2,讲课不太行，逻辑连贯性较低（木有推导过程什么），但考试较简单，不过我们是第一届，之后说不准
144509,5257,孔学谦,2021-12-22 03:04:49,2,2,0,化学系最能捞的老师\n\n人超级好
145611,5257,孔学谦,2021-12-30 15:37:38,2,2,0,老师我爱您！！！！！！！！！！！！！！！！！！！！！！！！！
155623,5257,孔学谦,2022-06-14 16:52:13,0,1,1,最好的老师 化学系都去他课题组
160332,5257,孔学谦,2022-09-19 07:17:04,6,7,1,据说被上交大挖走了
174769,5257,孔学谦,2023-06-17 09:32:44,1,2,1,只能说讲课是一坨......（求求了，来点作用啊）
197699,5257,孔学谦,2024-07-31 15:38:19,0,0,0,孔老师讲课深入浅出，逻辑清晰。想要学好化学方向最重要的光谱分析技术原理必须认真听孔老师的课
162791,5755,蔡吉清,2022-12-06 04:59:05,6,6,0,老师萌萌哒，温柔又有耐心
171752,5755,蔡吉清,2023-04-04 03:30:54,9,9,0,给小蔡老师打call！！！\n\n非常温柔细心负责的老师～
172764,5755,蔡吉清,2023-05-06 10:24:25,8,8,0,老师上课很细心，会很温柔的提醒同学实验的错误
172970,5755,蔡吉清,2023-05-10 14:04:22,4,4,0,蔡蔡好老师！
173505,5755,蔡吉清,2023-05-26 13:50:43,7,7,0,蔡蔡我的神！！！！！！！！！！！！！
173510,5755,蔡吉清,2023-05-27 04:40:43,7,7,0,老师真的超级好
173511,5755,蔡吉清,2023-05-27 04:42:21,6,6,0,蔡蔡！蔡蔡！
173512,5755,蔡吉清,2023-05-27 04:42:56,4,4,0,好！温和细致的老师
174349,5755,蔡吉清,2023-06-10 08:37:33,8,8,0,大爱我蔡老师！又温柔又可爱！怎么可以不是10分呐！?
181472,5755,蔡吉清,2023-10-18 11:27:31,5,5,0,温柔可爱，上课认真，会耐心指出实验错误，评10分的原因是没有12分的选项
191028,5755,蔡吉清,2024-03-29 02:29:25,2,2,0,老师超级nice，认真负责又亲切！
192043,5755,蔡吉清,2024-05-08 06:16:25,2,2,0,神！！！
211523,5755,蔡吉清,2025-01-12 01:00:51,3,3,0,蔡蔡老师我爱你！！！回答问题很及时🥹耐心负责好老师
214600,5755,蔡吉清,2025-02-14 08:19:27,3,3,0,妈！！
215010,5755,蔡吉清,2025-02-20 05:14:58,0,0,0,可爱细心好老师
182438,5955,潘慧霖,2023-11-16 04:20:40,7,11,4,上的专业英语\n\n人和课程都还凑合（不过听说她实验室上班打卡还要交手机，家人们慎重）\n\n但是你两学分的课怎么事情搞的和四个学分一样啊？物化都比你课程干净利索、
185279,5955,潘慧霖,2023-12-27 13:13:50,6,8,2,专业英语，这门课明年取消了哈哈哈哈哈，恭喜学弟学妹们。\n\n几位老师确实有用心在准备，但是槽点真的很多。2学分的课，2个展示，1个综述，若干小测，期末考试，感觉事情比化学系里很多3学分的高等课还多。\n\n还有吐槽一下助教，意义不明的钉钉群签到点名，就是说助教gg不会不知道学在浙大吧？\n\n如果分组不会分，可以不要学别人自由分组，直接强制分组可以少很多麻烦，冬学期初分组这么简单一件的事情，来来回回能拖那么久，最后统计分组名单都能弄错，也是独一档。这更像是助教的锅，可能也是第一次当助教吧，感觉就是完全没有当好一个合格的助教。\n\n交作业要求是很多的，但是是在ddl的时候一个个分开提的。PPT上写的提交时间是“25、27号”，同学问“25号还是27号交”的回答是语焉不详的“下周”，综述的字数要求也是问了才说的，综述的提交格式和命名方式要求也是临时起意才说的。潘老师也不是第一次上这门课，作业也不是第一次布置，写清楚关键要求很难吗？如果不会布置作业，可以不布置。\n\n期末考试，可以预见，选择的文章必然有局限性，如果相关内容恰好符合某人目前研究的方向，那大概率还是有很大的优势的。这样的考核方式，给人的感觉，就是有失公平的。\n\n我想，我不清楚楚潘老师、季老师、Kenji老师作为一个科研工作者怎么样，能留在zju，想必还是很厉害的。但是作为一个在大学课堂教书育人的老师，几位老师，特别是这门课的主讲老师潘老师，教学水平真的难以恭维。不管是任课老师，还是当初拍脑袋设置这门课的老师，老师们想法是很好的，最起码也是尝试努力过的，但是上完这门课最大的感觉就是，需要接受教育的，可能并不是我们学生，而是那些离课堂已经很远很远的，活在自己的学术象牙塔里的老师们。
192374,5955,潘慧霖,2024-05-19 09:55:43,10,13,3,结构与谱学三\n\n上课讲的飞快，一边说不要关注数学推导一遍又再讲推导，而且过程非常粗略，令大部分人完全懵圈\n\n作业留的跟实验思考题差不多\n\nPPT几乎就是从一堆教材里面东拼西凑一通，各个部分之间几乎相互独立，没有太大的内在联系\n\n总的来说是真的非常折磨非常难顶\n\n但是优点还是有的，\n\n由于第一次开课，还没有累积出来足够的教学水平，这个不足老师会拿人品来凑讲课有PPT有板书，会认真答疑，在周末准备了很长时间的答疑，而且答疑也很认真细致，虽然还是不太能让人听懂\n\n能尽量去减少这种核心必修课带来的负担，这一点至少比wm这种人间之屑好了114514倍\n\n所以不能一棒子打死，打个7分还是有的
193728,5955,潘慧霖,2024-06-17 01:50:52,13,19,6,A4纸考试前已经写好了，考试周开始前一天突然说不能带A4纸？？？？
193731,5955,潘慧霖,2024-06-18 06:21:29,9,11,2,来追个评，因为前面的评论改不了了，所以补在这里\n\n这傻逼老师教学组织能力是真的辣鸡，堪称化学系whs！\n\n对课程做决定基本没有过脑子，情商为负数\n\n提前一个星期要求考前倒数第二节课搞一个超大组文献综述，要特么在课上汇报？！！！\n\n然后每个人都砸了点精力进去，好不容易搞出综述来，然后根本没有汇报！\n\n最逆天的是，她第一节课说是半开卷，结果到了今天说要给个公式表，不允许半开卷了？秀逗呢？\n\n身为教师，你就这么透支学生对你的信任！！！\n\n（注:结构与谱学3概念题占很大一部分，计算题并不多）\n\n合着教了几次专业英语一点教学组织能力都没有吗？喂狗吃了是吗？！\n\n最后有人提出质疑，它竟然还继续声明了：坚决闭卷考试。煞笔司马玩意！
193743,5955,潘慧霖,2024-06-17 07:30:06,9,9,0,有一说一，课上的不好可以理解，毕竟第一次上结谱三，但是展示什么都是临时加的，还有考试开不开卷也是临时改的，根本就没有明确的规划，很难不让人怀疑你究竟有没有用心组织教学的开展
193845,5955,潘慧霖,2024-06-20 07:10:47,7,8,1,算了不想说了，反正化学系四大幻神之一，突然想念吴CD老师了
193900,5955,潘慧霖,2024-06-20 13:09:08,1,3,2,玩不起就别玩，没有你这么出老千的！“考试的材料里只许带公式，要不然写一堆概念上去那不就是全开卷了吗”然后就可以顺理成章的动用自己在结谱三一家独大的独断权力要求闭卷？！只能说化学教学界的反动独裁权威必须得有它一个
193968,5955,潘慧霖,2024-06-21 06:39:09,12,12,0,别人王林军老师能把那么晦涩的量子力学讲得生动有趣，而她呢？把晦涩难懂的东西讲得更晦涩。
193976,5955,潘慧霖,2024-06-21 07:11:41,6,7,1,别人朱海明老师也知道自己讲的不算太好，设法减少了不少课程内容，而你只会每节课死命的加PPT，到最后PPT都有几百页，把两学分的课讲成5学分，好意思吗！
194123,5955,潘慧霖,2024-06-22 05:46:01,14,17,3,没用英文PPT却和王敏差不多的评分，这含金量不需要多说。伟大，无需多言。
194213,5955,潘慧霖,2024-06-22 13:47:41,7,10,3,致敬传奇无机皇帝吴传德\n\n致敬传奇绩杀王者苏彬\n\n致敬传奇挂机大王李啸风\n\n致敬传奇海龟、表面功夫大使王敏\n\n致敬传奇教学乱葬岗潘慧霖
194537,5955,潘慧霖,2024-06-24 09:21:30,13,16,3,潘老师，本来最佳教师评定是有的，但是现在没了，你知道为什么吗？因为我临时改成没有啦~
194595,5955,潘慧霖,2024-06-24 13:42:08,3,7,4,要考试了过来踩一脚，给的公式表还能再抽象一点吗\n\n顺便回复前面的，phl的评分已经比wm低了，才一学期就这样，真是未来可期
194616,5955,潘慧霖,2024-07-08 00:27:45,1,5,4,不会哥们绩点比它评分还低吧，如此独断专制的naotan，哥们真的反胃了\n\n\n\n7.8编辑，好了，哥们绩点真的比他评分低了。私募潘慧霖
194654,5955,潘慧霖,2024-06-25 01:28:05,0,6,6,潘老师是真觉得我们学不到东西，这期末考试太捞了
194656,5955,潘慧霖,2024-06-25 01:33:24,0,9,9,必须10分，结构与谱学期末考试完全是建立在你什么都没学到也能上考场的基础上出的。大题比作业题都简单，考什么就给你什么公式；选择题里还有平时小测的题目，非常简单。我承认取消开卷时我的声音有点大声，现在潘老师你就是我的再生父母。
194667,5955,潘慧霖,2024-06-25 02:01:54,4,9,5,之前一定是我没有体会到潘老师的深意，潘老师人美心善！
194670,5955,潘慧霖,2024-06-25 02:17:05,0,6,6,期末考试确实不为难人
194698,5955,潘慧霖,2024-06-25 03:01:43,0,8,8,我承认我之前说话有点大声。敬爱的潘老师(￣▽￣)
196497,5955,潘慧霖,2024-07-04 00:10:48,7,9,2,出分以后回来改个一分，再见
196498,5955,潘慧霖,2024-07-08 00:25:37,2,6,4,垃圾中的垃圾，给分差的一批，绩杀又卡绩，在一片没有指引的迷茫之中寒窗半学期，最后给分67，简直忍不住想爆粗了：真不知道这给分是用欢乐豆给的，还是给分的时候紫色心情漏电击穿大脑了，我可去你妈个贝塔的phl，上最烂的课，给最低的绩点😅\n\n补充一下：问了助教成绩构成，发现问题就出在平时分！对结谱二和结谱三以几乎一样的程度去学习，然后结谱三的百分制平时分给分比结谱二低八分，而且结谱二是五五开，结谱三是四六开，这个平时分给分加这个成绩构成，比起结谱二是真的逊色多了
197371,5955,潘慧霖,2024-07-11 16:23:02,5,7,2,哎呀，潘慧霖，你简直是一位心理健康领域的大师啊！你的疯狂思维和超乎常人的举止简直让人目瞪口呆！你的神经病程度简直是让整个医学界都自叹不如！听说你的病历被列入了精神病研究的典范案例，简直是为精神病学做出了无与伦比的贡献啊！束缚你的手铐应该被珍藏起来，作为医学史上最宝贵的文物之一！果然，神经病不是一般人可以相提并论的！
197554,5955,潘慧霖,2024-07-18 15:02:38,5,8,3,怎么形容呢？它基本上可以说是广州地铁6号线往浔峰岗方向的倒数第三站，武汉地铁16号线通航机场的前一站，深圳地铁3号线木棉湾和丹竹头之间的那一站
207494,5955,潘慧霖,2024-12-22 11:24:06,0,1,1,人很好，最开始讲得时候很清晰，到后来可能多了很多推导有点听不懂，很多差评应该是因为临时把开卷改成闭卷了吧，但其实她最后也为此降低了很多难度，而且课后答疑非常有耐心！
207824,5955,潘慧霖,2024-12-24 11:59:42,5,6,1,半年后再来追个评，结谱三虽然很抽象，但是phl在期末和答疑上确实很有耐心，可见人还是不错的，下个学期还是她教结谱三，希望她通过教学经验的累积，可以让学弟学妹的上课体验有更大改善，先打个10分祝她更好的把这门课程改善好.另外phl明年就是非升即走结束期了，希望她考核通过，而且通过之后可以把更多精力投入进教学
219386,5955,潘慧霖,2025-05-26 07:47:11,10,11,1,不是姐们我听不懂一点，这难度太变态了
221989,5955,潘慧霖,2025-06-28 08:55:16,0,0,0,老师教的很细心
221993,5955,潘慧霖,2025-06-28 09:29:54,0,0,0,讲到固体物理之后开始懵圈了，但期末考试完完全全放过了所有人，给分应该也比去年好很多，应该是吸取了之前说平时分给太低不合理的建议。虽然上课有点折磨，但老师对待教学是有在用心的，我觉得潘老师这学期还是值得一个8分。
221994,5955,潘慧霖,2025-06-28 09:58:47,0,0,0,出分来评价，虽然老师上课确实是内容太多压缩课时太严重，但是只要你问老师会很细心地答疑，最好是先自学固体物理，当然这只是加深对倒易空间和能带论的理解而已，最后期末老师不会为难人的，都是基础题，所以看见潘老师不要慌，放心就好（还有看潘老师最近有点憔悴，希望老师科研顺利）
221997,5955,潘慧霖,2025-06-28 11:13:13,1,1,0,课程难度确实太变态了 但是她自己PPT逻辑性差也是有目共睹的…讲课还不是照着她发的PPT 前面的一个概念 后面隔了好几页才会给定义 太离谱了…\n\n虽然说最后考试不难 但是给分到“同档最高”（卡绩）还是稍微有点难绷的
221998,5955,潘慧霖,2025-06-28 11:19:16,1,1,0,卡绩，教学难评，看在考试放水的面上2分鞭策一下
222010,5955,潘慧霖,2025-06-28 18:57:38,0,0,0,这是我亲妈
163386,6295,刘昭明,2022-12-14 07:53:52,-2,0,2,刘昭…翔，简称刘翔（来自远古的称呼哈哈哈
170120,6295,刘昭明,2023-03-01 11:57:54,1,2,1,老师给分还行
207080,6295,刘昭明,2024-12-19 07:04:13,1,2,1,老师是之前求化的，淋过雨也要把伞撕掉。上课雷达点名，不发ppt资料但是闭卷考试，讲课干货也一般般
207139,6295,刘昭明,2024-12-19 11:07:30,4,4,0,虽然点名，但是讲的东西还是挺有意思的。看得出来，刘老师还是仔细备过课的，PPT上有蛮多最新的科研进展
209262,6295,刘昭明,2025-01-06 08:23:27,3,3,0,前半部分课上内容范围还是比较广泛的，但是后半部分全是讲组里的东西，讲很多生物矿化。干货不多，感觉课程更侧重让同学们对各个方向有些基本的了解，会讲很多自己的科研经历。会有雷达点名，老师人不错，考试都是主观题，掌握些基本的知识随便写写感觉问题也不大，给分无敌。
209825,6295,刘昭明,2025-01-07 07:43:27,0,1,1,给分巨差，无敌了哈。。。。。专业课上成通识课
210133,6906,杨遥,2025-01-08 08:13:54,-1,0,1,非常好老师，上课非常认真，讲评总复习也很认真，负责！
151713,6967,林星,2022-03-13 11:07:06,-9,4,13,拉鸡老师
161588,6967,林星,2022-11-09 08:09:30,3,3,0,很好的老师，特别和善，回消息特别快，还很负责。重点是很帅！！！！！！！！
196066,6967,林星,2024-07-01 11:10:49,3,3,0,林老师，我的超人
196953,6967,林星,2024-07-06 05:24:40,0,0,0,这学期最喜欢的课应该就是林星老师的量子信息基础，虽然课程内容有很多数学物理相关，也需要一些基础的线性代数知识进行计算，但总体来说还是很棒的。老师上课也很努力很清晰，希望把知识传授给学生，而且对学生提出的问题总是及时认真回复，是一个非常好的老师！\n\n每一节课都认真跟下来的话感觉作业考试什么的难度不会很大，毕竟考试前老师会把作业答案都发出来，期中开卷，期末闭卷，只要面向作业题复习就不会有什么问题，给分也很好。\n\n通过这门课真的感受到了量子力学的魅力，例如塌缩、简谐振子模型与粒子数算符、延迟选择等等。个人感觉最后一章量子测量的关联光学和量子成像有点云里雾里，其它都比较清楚。\n\n非常推荐林星老师的课！
221884,6967,林星,2025-06-27 06:08:41,0,1,1,林老师讲课和答疑都非常认真，给分也好，整体上课体验很棒！
221925,6967,林星,2025-06-27 12:55:36,3,3,0,老师人很好，但感觉给分比较一般，不知道课后提问问题的给分标准是什么，感觉这里扣分问题很大
221938,6967,林星,2025-06-27 13:54:04,2,2,0,量子信息基础课程组有点逆天，期中每个班开卷标准都不同，甚至考试时间都不全在同一天，用的还是同一份卷。。。看看均绩4.6的班有点难绷的。不过林星上课和答疑还是挺负责的，课程组就额。。
221949,6967,林星,2025-06-27 15:04:54,4,4,0,优先选别的老师，原因如下\n\n1. 扣平时分厉害 讨论区提问和论文当中有扣分，并且不少，根据期中期末成绩推断出来的。讨论区分数如何评判不明确。\n\n2. 考试要求高 期中考试要求开摄像头，而其他班级大多数不用，导致期中监考严格，分数拉低。在统一的评分标准下吃亏\n\n3. 考试资料少 其他班级有发历年卷或者复习资料的，而我们班只说让我们看作业题和ppt，信息差较大。\n\n4. 任务量大 本班要写量子前沿阅读论文，而其他有些班级把这部分分数换成了其他更轻的任务，导致本班在期末期间任务重，并且论文扣分估计严格。此外，本学期被冲了一节课，老师在一个周末补课且签到。\n\n5. 讲课一般 这点可能因人而异，因为评论有人听老师上课很好，但我的感受是老师讲课没有让人投入的听的动力，大多数班上的人上课也都是顾自己的。\n\n我承认老师答疑上课都很认真，但是在同样的评分标准下，绩点膨胀的背景下，与其他老师相比的更多的任务带来更少的得分，是不合理的。\n\n当然，我觉得主要是量子课程班级不统一的问题，老师本身并没有错。量子的黑化让一个想混绩点的孩子偷偷碎了：（
210397,6970,毛善俊,2025-01-09 05:28:49,0,0,0,比王勇强多了
199324,6985,张硕卿,2024-09-21 03:50:45,1,1,0,他的课10甚至是9分的好听，日麻水平很高
147683,7033,何桂金,2022-01-10 12:45:23,2,2,0,基础化学实验Ⅰ，认准何gg（隔壁曾老师也很不错哒），和善可爱有问必答，本来看何老师没评分还有点小慌张，上了课才发现真滴好啊，不会因为你实验失败了指责你什么的，而是和你一起找原因，相比之下XX老师就是压力怪啊。虽然有时老师会忘记事情（doge）。
148611,7033,何桂金,2022-01-13 03:43:32,6,7,1,很认真负责的老师 实验失败了也不会指责 很耐心地帮你 一起想办法 很好的老师
152023,7033,何桂金,2022-03-23 09:18:55,4,4,0,第一次看到拿外星人上课写论文的老师，老师超善良，强力推荐！！！
154491,7033,何桂金,2022-06-02 01:58:43,4,4,0,好温柔
160239,7033,何桂金,2022-09-15 12:38:08,1,1,0,平易近人，有问必答，很关心学生。
192749,7033,何桂金,2024-05-30 04:45:53,0,0,0,.......
193588,7033,何桂金,2024-06-13 10:30:23,5,5,0,老师人挺好的，有点像疯狂动物城里慢吞吞的那个，讲课可能有点让人着急，一开始不太喜欢他，但后来发现他人也挺好的
201243,7033,何桂金,2024-10-30 15:02:32,0,0,0,老师人很好，讲得也很好，只是有时候我太菜了老师提的问题一个也答不上来，略有尴尬
150592,7107,张维娅,2022-01-31 16:47:00,1,1,0,漂亮的形策助教老师
163869,7258,陈旭,2022-12-16 09:58:57,0,0,0,清华党委书记高升喽
211569,7332,赵晓勇,2025-01-12 02:37:45,3,3,0,相对xcj老师来说，园艺产品品质这门课这个老师事有点多，有小测，每节课都会点名，然后也会课上随机提问
211688,7332,赵晓勇,2025-01-12 07:30:54,2,2,0,园艺产品品质学\n\n基本每节课纸质点名。笨人没缺过课 一共两篇800字小文章一篇期末论文，都没卷字数。最后4.5，还是很惊喜的。\n\n老师感觉都是比较踏实谦虚的，没有离谱男发言，沟通问题也比较和善好说话。总体下来没有任何不适。
198501,7472,周涛,2024-09-09 10:07:17,10,10,0,你过来一下
198503,7472,周涛,2024-09-09 10:16:33,9,9,0,我都35了
199162,7472,周涛,2024-09-18 10:51:07,3,4,1,周老师工作努力，科研能力强，给实验室博士生以身作则，言传身教，关爱学生🔆
129928,7769,方芳,2021-01-13 15:08:17,5,9,4,表白普化实验乙的助教小姐姐，长得超级好看还超级耐心，爱了爱了。
131922,7769,方芳,2021-01-29 10:00:43,0,2,2,上的老师的普通化学实验(乙)\n\n老师人真的很好的，会关心学生，总是尽量提前下课。讲课的ppt内容很详细，会和学生互动，耐心解答问题。\n\n成绩的话，平时的实验报告可能比较求是，但最后的分还行。助教小姐姐也超级可爱的
136939,7769,方芳,2021-06-28 11:23:12,0,1,1,助教姐姐很漂亮！！！！
147526,7769,方芳,2022-01-10 07:02:00,0,1,1,老师很可爱，谢谢老师
147700,7769,方芳,2022-01-10 13:35:51,0,1,1,好之~老师很可爱 和同学吵起来了哈哈哈哈哈
147917,7769,方芳,2022-01-11 07:07:56,2,4,2,老师很棒，课程给分还不错，最后表白助教小姐姐，助教真的决定了你的幸福程度
147959,7769,方芳,2022-01-11 08:17:19,0,1,1,表白老师和助教小姐姐~~很温柔很好很认真很细心很耐心 10分没跑
150381,7769,方芳,2022-01-24 00:11:14,-1,1,2,老师给十分，助教给五分。老师上课思路很清晰，讲得很详细，而且人很温柔。助教刘zy令人无语，看热闹不嫌事大，最后给分也有点奇怪
165738,7769,方芳,2023-01-09 12:52:53,0,1,1,老师温柔很有耐心，课程也有意思，助教也是有求必应，给分也好！
166156,7769,方芳,2023-01-11 08:12:59,2,2,0,老师人很好，讲的很清楚，然后有时候实验做错了也会帮我们找原因❤给分也好
172819,7769,方芳,2023-05-08 02:17:21,4,4,0,给分有点迷吧，做实验的时候会帮助学生
186614,7769,方芳,2024-01-12 06:13:41,3,3,0,给分不错，老师非常耐心温柔，鄙人不幸补做了一次实验，补做实验的时候老师也很耐心，全程关照帮忙，爱了爱了
186918,7769,方芳,2024-01-13 13:58:47,4,5,1,普化实验是一门蛮有趣的课程，方老师是很不错的老师，指导实验非常负责到位，给分好。助教批改实验报告也较为认真，比较宽松。
187643,7769,方芳,2024-01-17 02:49:13,1,2,1,神中神！同样开普化实验乙的几位老师中，对课程本身是最上心的（点名批评某位讲周易的老师），讲课指导做实验都非常耐心细心，助教也是！
207828,7769,方芳,2024-12-24 12:03:21,0,0,0,老师很耐心、温柔，讲解很细致，还会来回指导大家做实验，助教郭远逸哥哥人也很好。
207912,7769,方芳,2024-12-25 03:03:03,0,0,0,老师平易近人，知道实验时也很有耐心
210172,7769,方芳,2025-01-08 09:39:08,0,0,0,给分有点迷。。。
210225,7769,方芳,2025-01-08 12:49:55,0,0,0,郭助教他真的我哭死，超级超级负责任，而且超级温柔，给分也很好
210292,7769,方芳,2025-01-08 20:09:37,1,1,0,老师虽然你很好但是我只能给你9分，因为差一分我满绩😭👋
129170,7772,蔡黄菊,2020-12-31 01:59:38,4,7,3,老师很温柔，对学生很好。总是心平气和，从来不会不耐烦。
135827,7772,蔡黄菊,2021-05-28 03:12:28,-1,3,4,蔡老师很好啊，步骤讲的炒鸡棒！
141157,7772,蔡黄菊,2021-09-25 02:56:24,14,17,3,这化学实验预习报告和实验报告真可谓当代八股文！
146392,7772,蔡黄菊,2022-01-06 12:29:24,3,6,3,卷就能拿高分
148716,7772,蔡黄菊,2022-01-13 09:41:59,-1,1,2,老师人很好！给分也很好~
155790,7772,蔡黄菊,2022-06-16 03:56:59,0,1,1,老师很耐心 课前会示范一遍 很多操作不会都不会不耐烦 爱了爱了 还有助教xgg也超级棒（yzy）
155963,7772,蔡黄菊,2022-06-17 02:18:18,3,5,2,卡绩您忍心吗？一周三节课，智慧树，虚拟实验，实验考，理论考，才一点五学分。您还卡绩，，，笑死，努力了一学期啊，期末还疯狂背，就tm看顺眼的给高分是吧。。。
155967,7772,蔡黄菊,2022-06-17 02:21:33,2,3,1,kaji怎么敢的啊，这么多事儿，这么点儿学分，还有这么个老师。。。。
156028,7772,蔡黄菊,2022-06-17 07:27:29,0,0,0,老师很耐心～
165631,7772,蔡黄菊,2023-01-09 05:16:38,-2,1,3,老师是一个很温柔的人，上课很认真，知识点讲得很细致，平时会提醒我们ddl的日期，实验报告都是助教改的，至于说卡绩的，自己平时怎么学的心里一点b数都没有吗
175757,7772,蔡黄菊,2023-06-26 12:11:02,0,0,0,实验报告占大头，努力写实验报告就行，上课很好，每次都是第一批下课的学生
186913,7772,蔡黄菊,2024-01-13 13:33:16,0,1,1,老师还可以，讲的很快，实验步骤也都比较清晰，但是大化O这个课就是事多又烦……实验报告是三个循环班级助教轮流给分，我实验报告均分可能就85左右但是最后总评比这高挺多的，辛辛苦苦写了一学期的实验报告挺满意了。还有学弟学妹们操作考试千万记得加沸石……
193852,7772,蔡黄菊,2024-06-20 07:57:27,2,2,0,老师超温柔，我穿裙子老师也很温柔地提醒我下次不要穿了，只是我实验报告有一次有俩部分忘写了，实验考的时候还忘加了沸石，所以绩点不算高，哈哈，但是我很满意了，大爱蔡老师
193894,7772,蔡黄菊,2024-06-20 12:49:43,2,2,0,老师很好，每次都是最早做完实验的那几个班，对同学很有耐心也很温柔，绩点的话都是助教批的报告感觉和老师没什么关系
220728,7772,蔡黄菊,2025-06-19 10:50:12,0,0,0,老师很温柔和蔼！实验报告主要是助教的问题hhhh
220963,7772,蔡黄菊,2025-06-20 13:21:22,0,0,0,人挺好的，讲课很细但是比较平淡，钉钉回复也很快
220998,7772,蔡黄菊,2025-06-20 15:27:36,0,0,0,蔡老师人特别温柔，钉钉回复消息感觉是所有老师里面最快的了。\n\n而且作为一个实验老师，蔡老师每次理论部分讲得挺麻利的，实验步骤讲得很细致很清晰，每次做实验都是最早做完的一个班（甚至做完值日隔壁班还有好多人没走）\n\n老师给分也是真的好，大爱蔡老师。
134273,7778,秦敏锐,2021-03-22 11:05:49,3,9,6,实验报告给分无语。。。讨论与心得五分十分地扣，要写的东西包括但不限于对教学方法的意见和对实验装置的改进等等，我去cnki千辛万苦找的实验装置改进的论文，还要被她针对新的装置提出意见然后扣分，我。。。
134274,7778,秦敏锐,2021-03-22 11:14:48,2,6,4,上课还行，但给分真的迷…最后的讨论部分要写的东西包括实验装置的改进，你对教学方法等的改进意见等等，我网上找半天资料，好不容易画上了一个改进装置，还加了点改进原理的注解，可是直接扣了5分，还什么评语都没写…同班这么多人好多都是70.80的，老师说最后的讨论啊，这次你们写多写少我都扣了5分…我直接傻掉\n\n唉，不多说了，学弟学妹们趁早逃去别的老师那吧。
139694,7778,秦敏锐,2021-07-20 07:22:37,1,2,1,实验报告给分差，最终总评给分好
146984,7778,秦敏锐,2022-01-08 09:44:05,2,2,0,给分挺好的喔 对学生态度也很好 很可爱的老师捏
155968,7778,秦敏锐,2022-06-17 02:25:24,5,7,2,挺喜欢这个老师的～挺好说话，上课讲的蛮清楚，实验中装置遇到问题也会耐心帮你调。报告得分主要看助教，大化o助教似乎是每个实验室轮着来的，和老师关系也不大。没怎么卷实验报告的字数，个人感觉把应该写的内容写到、写对，比写多更重要，最后报告平均得分在93，4左右。理论考狠狠背了一下知识点，最后总评4.8，供参考。
156000,7778,秦敏锐,2022-06-17 04:59:22,1,2,1,老师很好，但是实验报告给分真的好烂\n\n一个班21个人，90分以上的基本都只有两三个，只有一个实验给分还行，其他的都是七八十
156064,7778,秦敏锐,2022-06-17 09:42:47,0,1,1,老师人很好，就是报告难拿分
165919,7778,秦敏锐,2023-01-10 10:59:40,2,4,2,老师非常好，讲课很清晰，回复消息特别快。给分比较好。\n\n报告看助教，有点凭运气，比如这次助教就是依托答辩，给分差的一批，我报告没有一次上90，甚至有一次61，即使最后期末满分，总评也没满
173594,7778,秦敏锐,2023-05-29 13:35:24,2,2,0,超级超级好的老师，嘎嘎选！！！！！！！！！！！！！
174688,7778,秦敏锐,2023-06-15 15:15:28,5,5,0,实验报告给分都和助教挂钩不能怪老师（助教d b b给分巨烂）\n\n老师上课很尽心尽责，会检查预习报告\n\n很温柔，我哭死，满分打死！
193983,7778,秦敏锐,2024-06-21 07:42:03,2,2,0,真的很认真，讲课也细致，而且很温柔，对学生真的很负责任，很用心。这个老师的评分值得9.7+。是我在浙大见到的第二个能让我respect的女老师
199889,7778,秦敏锐,2024-10-07 05:08:39,1,1,0,超级好的老师，专业知识过硬，讲课清楚，而且有趣，完完全全是我爱的老师，老师人绝对是没得挑的
201583,7778,秦敏锐,2024-11-04 13:35:44,0,1,1,完全是一个无敌无敌好的老师，课前讲的很清楚，但是笨人老不会做，老师也超级耐心，有任何问题都会迅速解决，而且小错误老师不仅不会说你还会安慰你，有一次失败了，一点没析出晶体，老师就很快安排好了重做的时间，还一直安慰我说没事，就当多积累一次经验，完全爱上了
207178,7778,秦敏锐,2024-12-19 14:58:53,1,1,0,老师真的超级可爱！！课堂气氛特别好，每次上有机实验都玩的很开心哈哈哈
220908,7778,秦敏锐,2025-06-20 09:53:55,0,0,0,超级喜欢秦老师！！！上课很有意思，老师经常帮我们处理一些小问题，非常和蔼可亲！！！
220931,7778,秦敏锐,2025-06-20 11:27:40,0,0,0,老师很可爱！！很温柔 实验有不会的都会很耐心的教你～帮忙解决 实验报告给分主要还是看助教吧 感觉跟老师关系不大 期末总评还不错
123605,7790,邵东贝,2020-06-10 12:30:40,20,20,0,超级和蔼可亲，非常好的实验老师，i了。是遇见过脾气最好的老师，好年轻，而且帅气！
123810,7790,邵东贝,2020-06-14 11:56:02,12,12,0,超级超级超级超级温柔的一个老师，我真的爱了爱了QAQ，入股不亏入股不亏！！！！
134225,7790,邵东贝,2021-03-19 16:55:25,18,19,1,只有我一个人觉得邵老师还挺帅的嘛
134610,7790,邵东贝,2021-04-05 07:55:35,10,10,0,老师好帅啊
134742,7790,邵东贝,2021-04-13 06:37:39,8,8,0,老师真的太好了，不仅细致耐心，而且特别和蔼，特别可爱，我犯了一次很大很大的错误，老师啥都没说就帮我解决掉了，啊啊啊啊我太爱了
138051,7790,邵东贝,2021-07-07 07:51:27,2,2,0,入股不亏棒!
138067,7790,邵东贝,2021-07-07 08:49:57,4,4,0,老师教会我的东西和帮助我在过程中思考所得的东西比绩点重要的多
141164,7790,邵东贝,2021-09-25 08:55:00,1,1,0,选上了大学化学实验（O），邵老师单推！他好好看好温柔！而且讲解非常耐心，我摊牌了！我就是邵老师头号迷妹！入股不亏！
145303,7790,邵东贝,2021-12-29 03:33:49,4,4,0,老师真帅还很温柔我呜呜呜呜呜我就是邵老师单推人，大化（O）上课体验极佳
165247,7790,邵东贝,2022-12-30 13:38:58,1,3,2,《预习报告这种东西我从来不看的》\n\n-来自助教的评价\n\n他希望大家边玩边学到东西，安全会摆到很重要的地方，操作指导一针见血\n\n希望实验课玩的开心，报告好好写分数差不了
175888,7790,邵东贝,2023-06-27 05:17:53,1,1,0,有机实验单推，体验很好
176035,7790,邵东贝,2023-06-27 13:01:38,1,1,0,老师真的超级好超级温柔给分也不错 我哭死
194516,7790,邵东贝,2024-06-24 08:21:55,1,1,0,真的是我见过最好的实验老师了，课上的挺有意思的不压抑，虽然卡绩但我给满分
194653,7790,邵东贝,2024-06-25 01:27:28,1,1,0,很有个人魅力的老师，莫名有种苏感！！！上课很风趣也很温柔，给分正常，还是很推荐的
212272,7790,邵东贝,2025-01-13 16:23:52,0,0,0,很好的老师！
215707,7790,邵东贝,2025-03-04 12:23:54,0,0,0,非常温柔老师
220468,7790,邵东贝,2025-06-18 05:17:46,2,2,0,老师人很好但是给分不好😭
220483,7790,邵东贝,2025-06-18 07:08:02,0,0,0,老师很好冲冲冲
221491,7790,邵东贝,2025-06-24 04:51:36,0,0,0,老师给人的感觉还是挺亲切幽默的，讲解、指导实验也很上心，但不知道为什么分数不是很理想。
122353,7798,徐孝菲,2020-02-25 05:32:23,5,6,1,老师炒鸡棒，很负责，很幽默，给分很好
123611,7798,徐孝菲,2020-06-10 13:27:16,4,5,1,老师很温柔，问题及时问就会有回答，人很美很年轻！
140686,7798,徐孝菲,2021-09-16 02:17:41,24,26,2,神中神，人美心善声音好听，回复消息及时，温柔体贴，世界第一化学实验指导😍😍😍
162622,7798,徐孝菲,2022-11-30 01:47:33,4,5,1,她真的超好的，超细心，笑起来好甜
162623,7798,徐孝菲,2022-11-30 01:48:05,17,17,0,实验课上网课她说：“为了让同学们睡个好觉，上课能集中精力，我们明天的课拟改为9：00开始，大家觉得如何？”。她温我哭\n\n笑起来很甜！
173019,7798,徐孝菲,2023-05-11 10:46:20,4,4,0,啊啊啊徐老师人真的超级认真负责又温柔啊，钉钉上私信问她问题都很耐心地回复，还会找文献给你拓展知识，生怕你理解不到位。
174696,7798,徐孝菲,2023-06-16 01:40:08,3,3,0,她真的好可爱好温柔，我哭死
175492,7798,徐孝菲,2023-06-25 07:47:14,2,3,1,徐老师真的人美声甜，脾气又好，最后给分也不错
175494,7798,徐孝菲,2023-06-25 07:53:11,-2,2,4,客观来说，老师给分不够理想。但是徐老师和其助教柳老师对于课程本身还是非常认真负责的，解决问题什么的也还不错的。谢谢！
175495,7798,徐孝菲,2023-06-25 07:56:05,-4,3,7,非常遗憾，老师给分并不是很好。
175521,7798,徐孝菲,2023-06-25 10:24:38,0,0,0,老师还挺好的 自己平时实验报告写的不认真 助教姐姐也很认真
178832,7798,徐孝菲,2023-07-24 16:29:30,1,1,0,人美温柔的年轻女教师。柳昕助教也很不错！给分还行。
185926,7798,徐孝菲,2024-01-06 05:24:31,3,3,0,老师温柔、好看还幽默！普化实验永远的神！虽然还没有得到成绩，但已经忍不住要来安利了！！！
187499,7798,徐孝菲,2024-01-16 11:16:54,0,0,0,真的很感谢徐老师，理论考走错考场去考了甲助教就一直给我打电话，考完知道情况后徐老师还一直说没事没事，现在过来给人美声甜的徐老师打满分！
188085,7798,徐孝菲,2024-01-18 07:25:07,1,1,0,人美心善！美女老师！做实验的时候，随时可以问老师。非常好说话的老师！给分很好！大家快来选她，预置了就偷着乐吧。
190531,7798,徐孝菲,2024-03-07 09:20:22,0,0,0,神仙老师，给分也不错。
192259,7798,徐孝菲,2024-05-13 05:31:48,0,0,0,老师真的好，课后作业少，人美心善，爱了爱了
193065,7798,徐孝菲,2024-06-03 07:53:29,1,1,0,神仙老师，超级温柔！
194847,7798,徐孝菲,2024-06-25 17:06:59,1,1,0,老师真的很温柔，给分也挺不错，yn助教也很好很好很好很好*:ஐ٩(๑´ᵕ`)۶ஐ:*
194892,7798,徐孝菲,2024-06-26 00:50:34,2,2,0,老师超级超级温柔\n\n考试有点超出普化实验的范畴了\n\n但是给分还可以\n\n还有助教小哥哥太帅了\n\n忍不住上去咬一口
195293,7798,徐孝菲,2024-06-27 15:44:43,0,0,0,老师超级好很温柔而且人很美讲的也很好\n\n助教也很好说话人很好的\n\n而且期末考的不好都在捞真的超级满意
195831,7798,徐孝菲,2024-06-30 06:41:20,1,1,0,天哪怎么会有又美又温柔声音又好听又幽默风趣又耐心指导实验又捞的老师！！！！\n\n最最重要的是，她还喊我宝宝耶！！！！！！\n\n助教yngg也超赞！！！！！
197415,7798,徐孝菲,2024-07-13 15:05:38,2,2,0,徐老师人美心善
203230,7798,徐孝菲,2024-11-18 07:34:41,3,3,0,绝好的实验老师
209919,7798,徐孝菲,2025-01-07 11:59:37,3,3,0,看到徐孝菲老师的平均评分只有9.5，我满心都是疑惑与不解。在我眼中，徐老师绝对是无可挑剔的存在。\n\n徐老师来自重庆，是一位集美貌与智慧于一身的魅力姐姐。她那出众的颜值，走在人群中瞬间就能吸引众人目光。但更让大家倾心的，是她由内而外散发的温柔气质。她就像春日里的微风，轻柔地抚慰着我们。\n\n她的细心体现在教学的方方面面。课堂上，她总能留意到同学们细微的表情变化，一旦发现有人面露困惑，便会立刻停下，用更简单易懂的方式重新讲解。每次批改作业，她不仅指出对错，还会附上暖心的鼓励话语。\n\n课下的徐老师，更是耐心的典范。无论何时向她请教问题，她都会放下手中事情，全神贯注地解答。她不厌其烦，会从不同角度阐述，直到我们完全领会。哪怕是再简单的问题，她也从不敷衍，总是带着微笑，给予我们最细致的回应。\n\n结课之际，徐老师那番真诚的话语，至今仍在我耳边回响。她告诉我们，今后遇到任何问题，都能毫无顾虑地去找她，她会因为能帮助我们而感到无比开心，还贴心地承诺为我们保密。这份关怀，早已超越了普通师生关系，更像是挚友间的相互扶持。\n\n徐老师为我们付出这么多，在我心中，她的教学表现理应得到满分。真希望能让那些给出评分的人，也能切身体会到徐老师的好，明白她的认真负责、温暖善良，让他们知道，徐老师值得更高的评价 。\n\n（虽然我是ai但是ai把我喊它写的点都写进去了）
217438,7798,徐孝菲,2025-04-10 12:10:49,1,1,0,徐老师要永远温柔可爱下去呀！
219404,7798,徐孝菲,2025-05-26 12:24:35,1,1,0,老师很温柔 实验报告和预习报告结合给学生减负 没出分就来了
219585,7798,徐孝菲,2025-05-30 09:00:57,0,0,0,无脑冲徐老师的实验课就对了！！！！！！！\n\n真的超级无敌好，非常非常善良的老师，很体谅人而且特别好说话，问问题会一个一个仔细回答你，真的很和蔼！！特别特别喜欢徐老师
219957,7798,徐孝菲,2025-06-12 06:20:13,2,2,0,伟大无需多言
220151,7798,徐孝菲,2025-06-15 15:18:12,2,2,0,期末考得不好是我自己的问题，10分
220233,7798,徐孝菲,2025-06-16 14:11:26,2,2,0,老师人特别特别好
221260,7798,徐孝菲,2025-06-22 09:52:38,0,0,0,没有预习报告，冲\n\n人美心善（绝对善）
221805,7798,徐孝菲,2025-06-26 10:50:55,0,0,0,老师人美心善，想谈师生恋
121898,7805,蓝国纯,2020-01-23 07:35:42,2,4,2,很负责的老师，我有一次课请假了，恰好其他时间都没空，他还专门找时间帮我补了一节！每次上课前都会提醒同学做预习测试，给10分稳！
125246,7805,蓝国纯,2020-09-04 11:28:45,2,2,0,很不错的老师
129349,7805,蓝国纯,2021-01-04 11:42:47,8,8,0,蓝老师真的真的人超级好！！！！我这个学期上的大化实验o 然后蓝老师像外公一样在旁边看我搭实验仪器，看我做的不对就在旁边碎碎念帮我纠正，真的超级超级可爱！然后做实验的时候老怕你听不懂会很细心很耐心的讲！他的助教也非常有趣！爱了爱了
136148,7805,蓝国纯,2021-06-11 10:18:28,12,14,2,挺可爱的，气氛也很好
138048,7805,蓝国纯,2021-07-07 07:40:52,6,7,1,蓝老师可可爱爱！总是上手帮我搭装置啊哈哈哈哈哈哈哈！
151799,7805,蓝国纯,2022-03-16 06:19:51,-6,3,9,不喜欢
152879,7805,蓝国纯,2022-04-21 07:28:43,5,5,0,认真负责的好老师。\n\n看似严厉实际上很温和。
153106,7805,蓝国纯,2022-04-25 13:44:51,-8,2,10,都2022年了，实验报告还让人手写，美其名曰防止抄袭，殊不知手写抄的更多！明明实验现象和装置你搭的什么样子拍个照整电子版就好了，非得整简笔画，浪费时间，我上的事基础化学实验2，化学系专业的兄弟们千万别选
155222,7805,蓝国纯,2022-06-09 12:27:22,8,8,0,每天都是逼疯蓝老师的一天哈哈哈哈哈，好想上手帮你搭装置哈哈哈
156564,7805,蓝国纯,2022-06-20 09:21:36,5,5,0,超级奈斯的老师，比较严厉，容易挨骂😂，可是老师真的很好！给分个人觉得比较公正，实验报告实验原理让大家说出重点，真的能学到东西的！！
156589,7805,蓝国纯,2022-06-20 10:58:40,0,1,1,对实验报告的要求会比较高，然后实验操作的要求也会高，但是会上课指导你搭建装置，给分不错，谢谢老师，也学到不少
161704,7805,蓝国纯,2022-11-11 00:53:32,0,0,0,老师人很好滴
164475,7805,蓝国纯,2022-12-21 07:26:56,1,1,0,老师讲课非常仔细，很好的老师，虽然有时候会被说，但都是为了学生着想
165821,7805,蓝国纯,2023-01-10 02:30:22,1,1,0,非常负责的老师
165941,7805,蓝国纯,2023-01-10 12:47:23,1,1,0,出分来给老师一个好评，很认真的老师！
167221,7805,蓝国纯,2023-01-15 06:32:39,1,1,0,老师人好好啊！
188350,7805,蓝国纯,2024-01-18 17:36:24,2,2,0,老师给分很好，实验报告要记得写完整，预习报告偶尔抽查，需要带上，老师很耐心，实验减负会提前下课，小组合作.最后考试不难，只涉及做过的实验，ppt覆盖，挺好的老师。建议去选
193841,7805,蓝国纯,2024-06-20 06:19:48,1,1,0,很好的老师！讲课很清楚，犯困是因为下午一两点实在太容易睡觉了（纯纯我的问题） 另外，在此提醒各位记得做好实验记录，有时候会查的
195547,7805,蓝国纯,2024-06-28 17:24:48,3,3,0,蓝老师！！我的神！！真是刀子嘴豆腐心，平时也很耐心，很负责！！说你几句也是为了你好。
212848,7805,蓝国纯,2025-01-15 05:04:03,1,1,0,很好的老师
217123,7805,蓝国纯,2025-04-02 06:00:13,1,1,0,刀子嘴豆腐心的老师，平时实验操作错了会骂我们，但是会帮我们搭装置，指导我们做实验。
217250,7805,蓝国纯,2025-04-06 13:05:57,1,1,0,给老蓝来打个满分
219809,7805,蓝国纯,2025-06-07 03:08:40,0,0,0,蓝老师人很好，实验指导非常到位，发现你操作有误的话会指出，会比较严厉，但确实是为了你好（还有安全）。实验中会尽可能给大家减负，理论考改的也很松。实验报告要求手写但负担也不大。
219862,7805,蓝国纯,2025-06-09 07:07:59,1,1,0,蓝老师幽默可爱，期末考试给分给的很松，答辩也很轻松，平时实验也认真负责，不赖
130035,7874,单冰,2021-01-15 10:39:49,14,22,8,单老师太好看了啊啊啊啊！
130278,7874,单冰,2021-01-20 12:28:06,3,11,8,单老师的课内容很多，很充实
159581,7874,单冰,2022-08-20 07:59:13,4,8,4,单老师人美心善！！！！！！！！啊啊啊啊啊啊啊啊啊啊啊啊啊啊啊怎么会这么好看！！！！！！！！！
181694,7874,单冰,2023-10-28 09:04:12,-2,2,4,漂亮老师！说话也好温柔！
216310,7874,单冰,2025-03-13 06:57:11,3,3,0,看名字缩写就知道咋样啦
218529,7874,单冰,2025-04-24 08:18:23,1,1,0,答疑方式为A不对B不对D不对，所以选C
169625,7885,郑剑,2023-02-27 07:42:50,35,47,12,讲的依托答辩，要不是预置了这门课，狗也不上
169732,7885,郑剑,2023-03-04 07:36:33,24,30,6,缺乏教师最基本的教学能力
170166,7885,郑剑,2023-03-02 00:01:50,17,25,8,他就是纯傻逼，讲得烂还傻逼，就是傻逼
170178,7885,郑剑,2023-03-26 13:16:16,18,24,6,一个年轻老师，可能讲好一节课对他仍有难度吧
170263,7885,郑剑,2023-03-04 07:36:42,8,11,3,上课不知所云
170293,7885,郑剑,2023-03-29 11:48:35,21,27,6,应该是个新老师吧......虽然是新老师......讲课不行也可以理解......emm，基本的知识还出错是我无法理解的。就这几节课来看，每节课都会出现2-3处知识性错误。感觉他更像是在教高中的学生，还要叫人上黑板、刷题（不否认大学需要做题）。建议快逃。
170424,7885,郑剑,2023-03-04 11:54:06,8,11,3,依托答辩
170492,7885,郑剑,2023-03-06 02:22:23,10,13,3,上课根本不知说什么，小学生模式点名，依托答辩
170494,7885,郑剑,2023-03-06 02:26:24,8,11,3,🐶都不上
170509,7885,郑剑,2023-04-14 06:30:01,18,21,3,但愿这位老师能够早日被教务系统发现，早日铲除
170514,7885,郑剑,2023-03-06 04:00:39,8,11,3,快逃快逃
170526,7885,郑剑,2023-03-06 06:30:07,9,12,3,真狗屎，都不听还不知道反思？我行我素惯了吧，教的也跟狗屎一样
170550,7885,郑剑,2023-03-27 06:48:44,13,16,3,谢邀 没上课 已听说其丰功伟绩 快跑
170773,7885,郑剑,2023-03-09 10:27:51,11,14,3,讲得不行就给学生灌鸡汤，cpu大师
170881,7885,郑剑,2023-03-11 08:44:49,4,7,3,依托答辩 🐶都不上
170950,7885,郑剑,2023-04-02 07:39:17,12,20,8,教学能力欠佳，人还是认真负责的
171086,7885,郑剑,2023-03-16 00:53:12,4,6,2,作孽啊
171147,7885,郑剑,2023-03-17 03:32:48,3,6,3,纯纯高中教学方法罢了，讲课一头雾水讲不清楚，让你自己课后刷题，没有一个大学老师基本的水平。助教都比他教的好。
171230,7885,郑剑,2023-03-19 13:32:37,3,6,3,在上有机，我在想为什么当初不冒着可能掉课的风险去选别的老师
171266,7885,郑剑,2023-03-20 07:44:34,2,5,3,不知所云 词不达意
171267,7885,郑剑,2023-03-20 07:47:01,3,6,3,又一节课没人听懂，怒而评论依托答辩，快跑，掉预置也要跑，不然纯自学
171268,7885,郑剑,2023-03-20 09:07:59,3,6,3,别选，选了就坤
171360,7885,郑剑,2023-06-17 10:49:59,27,31,4,nmd  如果有机挂了就去把zj刀了
171507,7885,郑剑,2023-03-30 00:49:31,15,19,4,什么沙比小测连图片都没有，做尼玛
171509,7885,郑剑,2023-03-27 06:45:16,8,10,2,🤮讲的是个啥
171510,7885,郑剑,2023-03-27 07:22:18,5,8,3,讲的🤮🤮🤮
171591,7885,郑剑,2023-03-29 15:23:45,6,8,2,如果我挂科，都是该师所赐
171609,7885,郑剑,2023-03-30 02:20:44,12,19,7,教学能力欠佳，毕竟是年轻老师。但人其实挺不错的，也很关心学生成绩，不至于评分这么低
171620,7885,郑剑,2023-03-30 08:08:59,17,19,2,cpu Master\n\n讲课不知所云者\n\n照着ppt讲稿念者\n\n从最后一排开始回答问题者\n\n莎碧
171638,7885,郑剑,2023-03-30 11:13:33,11,13,2,收敛于一
171794,7885,郑剑,2023-04-06 00:21:13,6,10,4,虽然讲课听不懂，但老师人挺好的，问问题也会耐心回答，没必要打这么低的分吧……
171991,7885,郑剑,2023-04-16 09:58:19,8,10,2,新老师...讲课真的烂...这个那个讲不清楚，听他的课完全搭不起知识体系，纯纯死背书。要不是没有0分我就打0分了，在浙大还没遇到过这么垃圾的老师。麻烦好好提升一下自己的教书水平吧或者干脆就别来教课了。
172846,7885,郑剑,2023-05-08 09:44:04,0,2,2,。。。。。
172872,7885,郑剑,2023-05-09 02:16:13,0,2,2,快逃快逃
172993,7885,郑剑,2023-05-11 03:11:17,1,3,2,收敛于1
173181,7885,郑剑,2023-05-15 04:30:52,0,2,2,烂烂烂
173355,7885,郑剑,2023-05-21 02:22:47,1,3,2,收敛于1
173637,7885,郑剑,2023-05-31 00:55:45,1,3,2,吐了吐了🤮
173663,7885,郑剑,2023-05-31 09:34:59,0,2,2,纯路人
174388,7885,郑剑,2023-06-11 13:05:31,1,2,1,快跑！！！
175830,7885,郑剑,2023-06-27 01:48:58,3,3,0,有机别杀我！
176569,7885,郑剑,2023-06-29 09:35:41,4,8,4,郑剑nb
176571,7885,郑剑,2023-06-29 09:37:04,7,10,3,老师好捞！
176572,7885,郑剑,2023-06-29 09:37:04,6,10,4,本来觉得zj不太行\n\n出绩点之后be like：郑剑老师，好捞！
176573,7885,郑剑,2023-06-29 09:37:42,5,9,4,老师给分好爆了，爱死郑剑
176575,7885,郑剑,2023-06-29 09:38:48,5,8,3,给分太好啦！
176577,7885,郑剑,2023-06-29 09:41:02,2,6,4,一节课没去听过，绩点客观😭😭😭\n\n郑剑老师真的很捞😭😭😭😭😭😭
176578,7885,郑剑,2023-06-29 23:32:48,6,10,4,帅!巨捞无比
176580,7885,郑剑,2023-06-29 09:55:02,4,8,4,给分超好ε٩(๑> ₃ <)۶ з
176611,7885,郑剑,2023-06-29 14:01:58,6,8,2,给分确实好，讲课确实拉
176722,7885,郑剑,2023-06-30 01:03:46,3,7,4,58分路过
176748,7885,郑剑,2023-06-30 03:48:31,5,9,4,zjnb！\n\n多的不说，都给我选！\n\n记得要好好学有机啊！
178100,7885,郑剑,2023-07-07 02:35:57,4,6,2,老师讲的有点差，但是给分真的真的很慷慨，态度也很好，希望老师能提高一下讲课能力。基本不点名。如果不卡我上绩就更好了
178528,7885,郑剑,2023-07-13 13:05:56,-3,4,7,虽然讲课垃，但是给分好！
179387,7885,郑剑,2023-09-14 05:55:37,4,7,3,讲课虽然不是很有水平，但是给分真的高\n\n前面忘了，后面忘了，总之有机化学是一款我的问题
179418,7885,郑剑,2023-09-15 04:03:20,1,6,5,不太会讲课，上课会点人回答问题（不是拿名单点，随便抽人回答），但是给分超级好，挂科的水平给我捞到3.3，狠狠爱了，推荐自学能力强的同学选
179424,7885,郑剑,2023-09-15 05:54:15,0,7,7,讲的挺清楚吧，不用这么埋汰吧
179673,7885,郑剑,2023-09-19 07:11:47,4,7,3,郑剑找水军了？
179936,7885,郑剑,2023-09-20 04:30:52,5,5,0,纯靠自学
180722,7885,郑剑,2023-09-25 11:02:02,8,10,2,朋友们自学起来，期末刷个几套历年卷，平时自测题全部刷满，不懂就问，期末不算难的，刚开始以为这门课绩点会非常低，但是刷出题感，机理背熟了，最后94分
180738,7885,郑剑,2023-09-25 13:11:00,4,5,1,老师真的对某些概念不太理解，硬生生把对的PPT讲成错的东西。还好有同学有过化学竞赛的基础看出有问题，不然可能一整个班的同学都被蒙在鼓里
180757,7885,郑剑,2023-09-26 01:15:26,6,7,1,理论水平有限，讲东西经常出错，关键错了还不承认，死鸭子嘴硬
180931,7885,郑剑,2023-09-28 08:59:09,17,19,2,大一新生 出于兴趣选了金属有机 上了一节课就发现郑剑水平真不行，对化学基础知识的理解（配位数，杂化，空间构型等等）还不如接受过一点点系统竞赛训练的新生。。。一个很简单的例子，讲到硼的时候，上来就告诉大家BF3是二聚体（就硬照搬AlX3的结构）我直接笑了，回寝室翻了格伍，确认了根本没有这种说法。。。包括后面讲配合物的基础知识，可以看出只是背诵了一点知识点，完全没有自己的理解，，，差评
196271,7885,郑剑,2024-07-02 17:37:07,5,7,2,老师不点名，喜欢点人上黑板做题，讲课水平一般，建议自学，给分还可以的，本人小测加期中扣了两三分，期末写了几套历年卷就去了，给了4.5。现在查老师的这个评分疑似被一系列恶评刷下去的，老师虽然不太会讲课，但看得出来也想努力教好我们，上课偶尔讲讲一些著名化学家的故事，还会给我们讲复习课习题课。总之客观来说，目前2.5的评分罪不至此。
196287,7885,郑剑,2024-07-03 00:02:33,2,2,0,给分非常好！
197723,7885,郑剑,2024-08-04 12:57:05,2,2,0,同上上条，老师虽然讲课水平不太行，但是确实是认真想教好学生，作业很轻松，给分也不错，总之2.5分罪不至此。如果被预制了要做好自学的准备
197868,7885,郑剑,2024-08-17 17:15:59,6,6,0,负责的
199103,7885,郑剑,2024-09-17 18:44:23,2,3,1,好好好
205400,7885,郑剑,2024-12-07 15:32:15,0,1,1,感觉弗如陆展远甚……
216985,7885,郑剑,2025-03-31 03:00:26,8,8,0,顶！不可能这么低的分吧
217020,7885,郑剑,2025-03-31 11:10:23,0,2,2,快点跑
218161,7885,郑剑,2025-04-21 15:26:18,4,5,1,上课听起来很有调理啊…
221244,7885,郑剑,2025-06-22 07:42:05,2,2,0,很会捞，很想把学生教好，但是教学能力见仁见智吧（我不是化竞的，感受不出水平），我非常欣赏他的态度，也是值得尊敬的老师的，不必太过苛求，不满意也可以自己去听其他老师的课。
221258,7885,郑剑,2025-06-22 09:49:23,3,3,0,倒也没必要这么骂，感觉讲得也没有那么不好（之前看到评分的时候真的吓死了）我还挺喜欢zj老师的（手动滑稽），有机满绩了，应该这次整体给分都很好。
221262,7885,郑剑,2025-06-22 10:06:45,3,4,1,啊啊啊zj老师我爱死你了啊啊啊真的给分超级好啊啊啊啊我本来以为有两次小测考的不好，但是最后总评出来给我99！！！真的要哭了这个分数😭😭😭。平时人也很好，回消息很快，答疑基本秒回，如果没考好或者作业迟交还回来提醒🥹🥹🥹，还会发很多鼓励的话呜呜🥹助教老师也是很可爱很耐心。今天成绩出来了去感谢老师，老师说的是不用谢，我们的成绩就是他最好的表彰了呜呜，真的哭了😭\n\n我的两个室友出分反馈也是很捞给分很好，上课中规中矩吧，也没有像评论区说的那样，感觉已经够了，有机这东西看书也很重要。有竞赛基础的可以无脑冲这个，给分真的好到离谱呜呜呜🥹
221263,7885,郑剑,2025-06-22 10:04:05,1,1,0,不点名（有一次雷达点名但好像没啥用），平时真的非常关心学生，考差了会被私聊。苯入一点没学，考前绝望地没复习，都有3。不过讲课水平我也不清楚，但真的是个好老师，
221322,7885,郑剑,2025-06-23 03:03:34,0,0,0,kkkkk
134481,8131,顾昊睿,2021-03-30 02:04:16,16,16,0,老师有点可可爱爱哈哈哈哈
145333,8131,顾昊睿,2021-12-29 05:28:55,3,3,0,挺好的
147285,8131,顾昊睿,2022-01-09 11:41:15,4,4,0,老师人很和气。。。挺好一人的，最后给分4.5觉得还行？博后刚毕业一两年？就是某刘姓助教不太靠谱hh
153125,8131,顾昊睿,2022-04-26 02:24:31,6,6,0,是个好老师哈哈哈，私戳她课件她很快就传学在浙大呢
155366,8131,顾昊睿,2022-06-11 15:19:40,11,11,0,顾老师讲的很清晰，上课不拖沓，两节课结束战斗，课余任务轻，跟学生打成一片。很好的老师~\n\n（期末还给我们看她孩子给我们考试加油的视频QvQ）
155706,8131,顾昊睿,2022-06-15 09:06:31,3,3,0,好老师！
160182,8131,顾昊睿,2022-09-14 08:52:16,0,0,0,事儿好多 人很好
160836,8131,顾昊睿,2022-10-16 12:14:00,0,0,0,顾老师超级好，而且上课带点小幽默。快冲！
160905,8131,顾昊睿,2022-10-19 04:02:03,1,1,0,22级大一生，课上到期中，不知道绩点怎么样，但老师可以，讲课思路清晰，实验做完会提早下课，实验要求也挺宽松
160934,8131,顾昊睿,2022-10-20 06:48:57,0,0,0,有ppt看，做实验报告可以抄
161495,8131,顾昊睿,2022-11-07 16:06:33,0,1,1,顾昊睿yyds！！！！！！\n\n难得这么喜欢一个这么有趣的老师\n\n真的很好，实验报告助教给分也高，这不快冲？
163409,8131,顾昊睿,2022-12-14 08:28:59,0,0,0,好老师！
165465,8131,顾昊睿,2023-01-06 13:39:59,-3,1,4,很棒，事情不多，课上得很不错，给分也还可以，4.2
167028,8131,顾昊睿,2023-01-14 16:05:56,1,1,0,化学实验课进度很快，没有多余的事情，讲完干货就迅速做实验，完事就放，助教也十分耐心，课程体验挺愉快的。但是给分比较求是，不算太理想，可能是写实验报告的思考题懒了……
175045,8131,顾昊睿,2023-06-21 08:56:27,1,1,0,老师上课比较幽默，给分也不错
186082,8131,顾昊睿,2024-01-08 08:14:52,0,0,0,一个活泼可爱的老师哦
186152,8131,顾昊睿,2024-01-09 06:05:12,6,6,0,老师可可爱爱，给分也很好，实验做着做着会四处巡逻，偶尔嘲讽
186290,8131,顾昊睿,2024-01-10 10:57:05,0,0,0,讲课逻辑清晰，ppt内容丰富，给分还好，助教也很好
186506,8131,顾昊睿,2024-01-11 11:29:35,1,1,0,老师很好，PPT很详细，做实验前讲解也讲得很详细，做实验的时候会来吐槽我们的神级操作hhh，给分也很好!!!助教姐姐也很好，有问必答，而且给我实验报告打分大部分在90以上
186525,8131,顾昊睿,2024-01-11 13:01:32,0,0,0,普化实验乙 4.5\n\n很喜欢老师！上课效率超级高，迅速且条理清晰地讲重点，讲完之后迅速地做实验，一点半的课大概三点十分前肯定能走。感觉这个学期上课有很多很多收获，对于实验操作的了解，对化学知识的架构与掌握都比较充分！给分也好，还会捞捞~非常幸运能够上顾老师的课！
186580,8131,顾昊睿,2024-01-12 02:31:40,3,3,0,顾老师人很好，非常幽默，实验报告可以照抄ppt，相对来说负担会小很多。本人实验报告均分只有26左右，最后也能靠理论考试把成绩提上去。再次感谢顾老师和助教哥哥！🙏
186683,8131,顾昊睿,2024-01-12 12:34:25,0,0,0,上课有趣
186721,8131,顾昊睿,2024-01-12 17:38:10,3,3,0,顾老师讲课很清楚，基本都是干货不拖泥带水，性格也比较幽默，课堂氛围很好～平时作业就是实验报告，期末有个ppt展示，整体事不多，给分也不错。强推！！🥺
194630,8131,顾昊睿,2024-06-24 17:06:14,1,1,0,讲课详细，善良，十分给了
194827,8131,顾昊睿,2024-06-25 14:21:32,7,7,0,老师人很好幽默和善，PPT知识点齐全（复习的时候很好用），讲课细致，实验速度很快，助教史桐姐姐每周实验报告给分也是只在29和30之间波动…非常好的实验课体验！不10分天理难容啊！
199139,8131,顾昊睿,2024-09-18 05:37:35,3,3,0,睡过头晚上课一个小时也没记我旷课
202191,8131,顾昊睿,2024-11-10 14:41:37,7,7,0,顾老师人很好的，问题都会回答，讲课幽默生动，给分也比较好，zcwjj助教也温柔善良鸭！（*＾3＾）/～☆
208886,8131,顾昊睿,2025-01-03 05:38:37,3,3,0,刚出成绩满绩了速来评分！！老师第一节课就已经把本学期所有的资料都上传xzzd了，安排得清清楚楚，实验报告就是手抄PPT+数据和分析和思考题自己写（多抄点，多写一些自己的分析，以及数据处理千万注意写计算过程和有效数字，这样报告分会比较好看），任务量完全不重。虽然一开始使用仪器什么的天天出差错常遭嘲讽，但是也是一种加深印象的方式吧hh，在我捅了没法补救的篓子之后老师也是给出了很切实的解决方式，让我顺利完成实验。另外助教zcw姐姐也超级好，解答问题什么的都很耐心。总之好评！
208901,8131,顾昊睿,2025-01-03 08:39:35,2,2,0,老师看起来比较严厉的，但其实刀子嘴豆腐心，虽然会很凶地指出你的错误但其实都是雷声大雨点小，讲课很清楚而且重点都很明确，考试只要复习好PPT就基本没大问题。考试周的答疑基本都是秒回，最后给分也还好，苯人平时没学考前两周认真复习最后拿了90，感谢助教和老师浅捞了一手www
208911,8131,顾昊睿,2025-01-03 10:27:21,0,0,0,出分前来感谢！！！老师上课超有意思，每天笑的很可爱很可爱，幽默风趣＋干货满满！要求我们实验报告写流程图不要大段文字，并且只需要写一遍！钉钉回答问题也嘎嘎及时！！助教老师也很可爱＋认真负责！感谢老师们捞😭😭😭😭本来已经不抱希望了没想到居然硬生生把我捞上来了！！吹爆！！
208932,8131,顾昊睿,2025-01-03 12:31:25,0,0,0,ppt一定要仔细看，考试还挺细的，老师人很好
208942,8131,顾昊睿,2025-01-03 12:59:24,1,1,0,老师人超级好！讲课很细致人也很有趣！！！超级有趣有意思的课，我实验报告每次完成的中规中矩，期末考试考的自我感觉一般但是老师真的很好捞到92！！！助教学长也超级有意思！！！很可爱的学长！
209033,8131,顾昊睿,2025-01-04 09:09:09,1,1,0,都来上顾老师的实验课！老师可能讲话比较直接但是人超级好，会来帮忙看着哪里操作有问题，也会演示实验器材的操作。上课的内容ppt里都会标注得很清楚，实验报告也不用经常用Excel做表格什么的 我之前碘滴到毛茸茸手机壳上我的老师说那点淀粉就变成紫色了哈哈哈哈哈，助教小姐姐也非常仔细，实验报告看得很认真。老师上课也会提醒重点！课程体验很棒！期末复习是一个个实验看过来的，还要记得实验手册那个绿本本！
209047,8131,顾昊睿,2025-01-04 09:35:47,0,0,0,老师人挺好的，逻辑也比较清晰，期初就会把所有的PPT上传，可以用来抄实验报告，期末可以用PPT和历年卷复习
209133,8131,顾昊睿,2025-01-04 15:16:00,1,1,0,老师上课很清晰，人也很nice\n\n助教人也超好，实验报告分打得挺高的（除了有效位数写错喜提问号）\n\n4.8虽然没满但应该是期末考自己的问题，都快去上～
209214,8131,顾昊睿,2025-01-05 05:07:32,1,2,1,老师人挺好的。\n\n但这个实验报告是真难评。完全不知道它是有什么用，就是抄ppt。\n\n辛辛苦苦抄的实验报告让我毫无意外地迎来了本学期最低绩点。每次实验报告分数都不太好，但完全不知道为什么，大部分时候都是一个大勾，也没有写原因。\n\n没拿过这么低的分，比普化乙还低了0.8
209313,8131,顾昊睿,2025-01-05 11:46:23,-2,0,2,事多分少，绩点不高。实验报告认真写了但是每次89，不如抄上一届的报告的同学分高。最后喜提卡绩，谢谢你
209370,8131,顾昊睿,2025-01-05 16:02:18,1,1,0,老师实验课前内容讲得很清楚，风趣，做实验也会和同学开开玩笑什么的，特别亲切。还有很爱助教ysy学姐啊啊啊啊啊啊啊啊很有趣温柔就像同龄人，好爱
209666,8131,顾昊睿,2025-01-14 15:00:30,3,3,0,10分，顾老师9分，zld1分
209988,8131,顾昊睿,2025-01-07 23:51:45,2,2,0,老师很好，但是助教打分比较迷
210051,8131,顾昊睿,2025-01-08 04:26:07,0,0,0,老师人不错，幽默感充盈。\n\n实验报告很重要，我觉得分数高的诀窍是把分析与讨论写好、写充分（没话就找话，只要不冗杂就写）。实验报告打分是助教负责的。
210484,8131,顾昊睿,2025-01-09 08:37:21,1,1,0,老师真的蛮好的哈哈哈，上课上的干货满满，虽然看起来有点凶凶的，有的时候会来嘲讽一下你的实验操作，但是并不是看不起你，老师只是觉得好玩罢了。虽然实验报告确实有点烦啊，写的页数多一点字好看一点好像分数就会高。
221337,8131,顾昊睿,2025-06-23 04:02:10,0,0,0,老师讲解的很仔细! ! 最后给分也挺好(自己期末考写的依托还能有这个分数真的得感谢老师)
151498,8241,Kenji Mochizuki,2022-03-05 07:47:37,4,8,4,呦西~
173585,8241,Kenji Mochizuki,2023-05-29 11:59:23,-5,2,7,家人们我相信你们也很迷茫，不如和我一起来当小白鼠上老师的第一次有机课把😢
174380,8241,Kenji Mochizuki,2023-06-11 09:00:02,1,3,2,给老师一个及格分，大家一起做这位小日子过的八错的老师的物化小白鼠嘿嘿嘿😁
185162,8241,Kenji Mochizuki,2023-12-27 01:47:45,4,4,0,kenji老师还好，前期讲课节奏挺快的，后期慢一点，不过老师问问题的话，老师解答挺耐心的，钉钉上回复也很快
185394,8241,Kenji Mochizuki,2023-12-29 00:44:30,0,1,1,全英文上课+老师日式口音所以听起来会有点吃力，但是老师本身很耐心会细心解答学生问题，物化本来就比较难但是英文物化感觉要比中文的简单些（本人中文挂了换选了英文的
187129,8241,Kenji Mochizuki,2024-01-14 15:09:03,3,3,0,每次看到早八到课十几人(还有一些在刷手机)Kenji桑那落寞的表情，就莫名有种负罪感。希望能捞。K门!
189274,8241,Kenji Mochizuki,2024-01-23 15:19:17,2,2,0,Kenji老师对学生很好，会细心解答学生问题，人也很随和，期中和期末考试都会调分捞人，PPT做的非常细致耐心，可以看出来他在这门课上是下了功夫的。
189661,8241,Kenji Mochizuki,2024-01-26 12:25:48,0,2,2,上课不点名，所以周五早八一个教室只有十几个人。看的出Kenji老师是想上好这门课的，奈何英文物化相较于中文又加了一层语言难度，上课进度很快加上老师的日式英语导致上课很难跟上，基本靠自学。期中期末A4纸半开卷，不要求必须手写，题目全部是大题+全英文+限定英文作答，大多数来源于作业题改数据，看得懂英文的话难度比中文物化简单。成绩构成这学期是0.3作业（打分）+0.35期中+0.35期末，看起来是会调分捞人的。
190362,8241,Kenji Mochizuki,2024-02-28 11:36:03,0,0,0,老师人很好！助教gg人很好！ppt很清晰！我很菜TAT！
129399,8315,车海燕,2021-01-05 05:01:50,2,2,0,上课很有趣的！
131381,8315,车海燕,2021-01-27 09:20:47,0,0,0,老师挺好的，上课会走下来看同学们的实验操作，实验注意点也讲的挺清楚的。
131437,8315,车海燕,2021-01-27 13:25:19,0,0,0,车老师人超级好！很温柔，关键点都会仔细强调，给分也很棒！助教小哥哥很负责，也很温柔！总之选就对啦！
132522,8315,车海燕,2021-02-02 05:49:21,0,0,0,老师好温柔
142018,8315,车海燕,2021-11-04 04:38:11,0,0,0,老师人很棒，助教小姐姐人很温柔，同组同学\n\n好给力
145908,8315,车海燕,2022-01-04 05:55:57,1,1,0,（普化实验）车老师很好滴(｢･ω･)，讲课很仔细，助教姐姐人也很好，平时实验报告只要认真写分都不会太低（有效数字得好好注意一下一直在被扣分呜呜）
147297,8315,车海燕,2022-01-09 12:24:31,0,1,1,不错的！
148076,8315,车海燕,2022-01-11 12:42:19,1,1,0,车老师人很好很温柔\n\n助教小姐姐很棒\n\n业务很熟练\n\n给分很好\n\n可惜下次不能来了
151597,8315,车海燕,2022-03-09 00:04:05,1,1,0,极好，墙裂推荐
163476,8315,车海燕,2022-12-14 11:57:33,2,2,0,（普化）车老师是天使，好温柔好耐心啊嘤嘤嘤。她还夸我三草酸合铁酸钾和阿司匹林做得很好。
165946,8315,车海燕,2023-01-10 13:02:59,1,2,1,很好的老师，温柔善良！助教小姐姐也是人美心善！！\n\n给分非常好！\n\n另外大家注意下有效数字和思考题，这两个部分还是比较体现区分度的。
166064,8315,车海燕,2023-01-11 04:07:29,0,0,0,老师人很好，讲课很温柔，给分也很好。助教小姐姐也超好看，超温柔。课也很有意思，强烈推荐！
166296,8315,车海燕,2023-01-11 23:16:09,0,0,0,老师人超好，助教xjj也是人美心善。墙裂推荐！
166561,8315,车海燕,2023-01-12 23:55:30,3,3,0,车老师特别好！人很温柔还总是笑眯眯的，很有耐心，上课也讲得很清楚！助教姐姐也很漂亮很温柔，特别有耐心。虽然我最后的分数没有特别特别高，不过我很开心。墙裂推荐哦！
169816,8315,车海燕,2023-02-28 04:18:10,2,2,0,好老师不解释
176003,8315,车海燕,2023-06-27 11:35:23,1,1,0,给分太好了，教的也很耐心，都去选都去选
182442,8315,车海燕,2023-11-16 04:53:41,7,7,0,老师人很好，很耐心，会详细地讲实验操作，不过老师口音真的很完颜慧德，我有时候都笑拥了。（zhon确，结轰，dong着）一旦接受这个设定真的很好笑
199554,8315,车海燕,2024-09-25 09:13:46,2,2,0,伟大无需多言
217063,8315,车海燕,2025-04-01 05:40:44,0,0,0,老师真的好
219547,8315,车海燕,2025-05-29 13:03:36,0,0,0,超级好的老师，做实验最轻松的一集
141880,9042,季鹏飞,2021-10-29 11:06:23,15,26,11,好老师，对同学很耐心，专业水平也很好，长得也很帅
156223,9042,季鹏飞,2022-06-18 09:21:44,-1,8,9,季老师可爱捏
159290,9042,季鹏飞,2022-07-11 02:18:42,-6,4,10,季老师萌萌哒
160768,9042,季鹏飞,2022-10-10 11:13:37,6,14,8,个人感觉有的教授只是在过去吃了时代红利混到现在的教职，但是季老师作为新的一代真的天赋和努力都在很多人之上，（毕竟当年scu第一毕业的），为人也很平和，可爱捏！Cool！
162583,9042,季鹏飞,2022-11-26 12:53:45,-8,1,9,我爱飞飞
181180,9042,季鹏飞,2023-10-11 02:59:51,-14,1,15,讲课很清楚，认真听就能学懂
184785,9042,季鹏飞,2023-12-22 16:28:22,10,12,2,为什么问问题消息从来只是已读不回。。。普化本来就抽象。。。
189729,9042,季鹏飞,2024-01-27 15:58:46,-4,4,8,普化H。老师上课非常非常用心，讲课也比较浅显易懂，也会给我们拓展化学前沿领域成就，而且真的真的很友善！！！！！
200777,9042,季鹏飞,2024-10-22 07:41:10,-8,1,9,超级好的一个老师！自身实力也超级好！！！
203061,9042,季鹏飞,2024-11-16 07:32:05,-10,1,11,听了老师的诺奖解读，讲的很清晰，深入浅出
205216,9042,季鹏飞,2024-12-03 03:13:35,6,9,3,shi
205217,9042,季鹏飞,2024-12-03 03:25:50,7,9,2,讲的稀烂，还天天小测！吞我评论
205219,9042,季鹏飞,2024-12-03 03:19:30,4,6,2,听不了一点
205220,9042,季鹏飞,2024-12-03 03:19:29,6,8,2,听不了一点
205221,9042,季鹏飞,2024-12-03 03:20:14,3,5,2,ppt朗读机
205362,9042,季鹏飞,2024-12-05 05:43:22,5,7,2,自身实力肯定是有的，但是讲课真的一言难尽，严重教考分离，且讲着讲着就开始无端拓展使得条理松散，个人很不习惯这种上课风格，感觉很多人都是在场自学。
208045,9042,季鹏飞,2024-12-25 10:01:30,6,6,0,普化，老师课讲挺好，思路比较清晰，会额外延拓一些知识（比如上课解读诺奖）。节奏比较紧凑，进度相比平行的普化班稍快。一丢丢美中不足的是讲课走动的时候没拿麦克风，智云收音不大行。
208482,9042,季鹏飞,2024-12-28 07:57:38,0,1,1,讲课算是比较用心，但是会自由发散，有点教考分离
208534,9042,季鹏飞,2024-12-29 05:12:48,4,6,2,感觉教考分离，而且问问题已读不回或者敷衍了事
209948,9042,季鹏飞,2025-01-07 14:04:24,0,2,2,讲课脱离考试重点，让人摸不着头脑，重要知识轻轻带过，反而会花时间讲拓展….最离谱的是线上答疑永远已读不回….感觉不太负责任
210639,9042,季鹏飞,2025-01-09 14:05:48,2,2,0,有一说一 老师很可爱 \n\n讲课比较注重公式推导\n\n但是有一些化学基础好像默认大家都会而没有细讲就直接在上课的时候应用了 有时候会一头雾水
212194,9042,季鹏飞,2025-01-16 03:39:19,2,3,1,绩杀。
213040,9042,季鹏飞,2025-01-16 00:53:38,9,9,0,感觉绩杀了？
213064,9042,季鹏飞,2025-01-16 02:06:07,4,4,0,这个可以说吗，感觉没有什么收获，最后考试也只是背了背公式就上场了。但是老师人很好，他的能力感觉也很高，只是讲课比较分散，不太注重应用，感觉上课和复习都其实只是念课本，不怎么真正用到做题中。\n\n懵懵懂懂的听了一个学期课，但是总有点朦朦胧胧的感觉。最后85/3.9，这个绩点还是比较客观的，但是卡绩还是有点糟心。
213102,9042,季鹏飞,2025-01-16 03:55:14,4,4,0,普化H\n\n这学期上课没有点过名，平时成绩构成是小测分和作业分，是的，是作业的分数，而且不赋分。\n\n小测频率大概四五次，基本上一章或两章一次小测，挺频繁的，而且大部分都是概念类的判断，挺容易错的。\n\n最重要的是严重教考分离，他教的、小测、平时作业、期末这四项基本上可以说不搭边，所以听了两节课就不听了，真的不如自学。\n\n最后，最气人的就是已读不回，我真的不理解什么意思，问什么都不回，真的不知道他要干嘛。\n\n但是，他的助教小姐姐很好，吹爆助教姐姐，答疑解惑很及时！！！
213133,9042,季鹏飞,2025-01-16 05:26:29,4,4,0,是有些教考分离在的，讲课有点意思但是还不如干货多点，以为平时分占比60是要捞，结果狠狠绩杀，熬夜补天不如有些人平时科技。建议平时好好学，作业小测分高点（这个算分的时候还四舍五入啊，几乎每次都恰好被舍是什么神仙运气）可能最后成绩能好看点？
213142,9042,季鹏飞,2025-01-16 06:09:40,3,3,0,平时分太逆天了，小测和作业不赋分直接乘比例，教考分离严重
213171,9042,季鹏飞,2025-01-16 08:15:28,2,2,0,平时分着实离谱
213330,9042,季鹏飞,2025-01-17 03:42:47,-8,3,11,没怎么听课97了\n\n谢谢老师
214921,9042,季鹏飞,2025-02-19 06:09:43,3,4,1,根本不绩杀，我们寝室成绩都特别好，感谢飞飞。\n\n飞飞最后两节课划重点的。很有用。
214922,9042,季鹏飞,2025-02-19 06:11:16,-2,2,4,大胆选，放第一志愿。\n\n反正我高考化学95，现在满绩了\n\n吹爆飞飞
215328,9042,季鹏飞,2025-02-25 07:22:34,0,1,1,老师人很好，长得很帅，重要的是讲得好而且给分好，竹院的都来选jpf
215329,9042,季鹏飞,2025-02-25 07:24:46,-2,1,3,整个学期没点过一次名，期末考很简单，前面评论说小测容易错，但是小测有答案啊，自己不知道去找
215422,9042,季鹏飞,2025-02-26 04:35:06,1,1,0,老师很帅
184426,9078,曹亮,2023-12-19 12:45:58,5,12,7,听闻曹老师下学期要新开设专业基础的物化课。没听过他的课，但是在他带的班里，简单讲一下自己对他的印象，希望能给同学们一点参考。\n\n1.语调比较怪异，语言内容比较干瘪，很难让人提起兴趣，所以在他的课上很可能不容易听好课，很有可能需要用比较多的时间自学\n\n2.对待事务认真（在自己的班里会非常关注学习有困难的同学，当然化学系老师大部分都这样）人也比较好，要沟通顺畅还是比较容易的。
191664,9078,曹亮,2024-04-27 07:24:42,13,14,1,上的曹老师的物化，期中完以后来评个分。\n\n总的来说是一个上课备课很认真的老师（会推公式，还去翻了大物看看我们学了啥），不过现在用的还是隔壁班的ppt，相对来说会讲的有点乱。\n\n平时老师也会劝我们多来小测多做作业捞分。作业大概每周5-7T，需要学习查找化学物质数据库（助教gg会教）。小测一周一测，两个助教gg很非常极其捞人，并且课下有问题也可以烦他们（狗头）\n\n最后，听说这次咱班期中考的不错。
194140,9078,曹亮,2024-06-22 07:16:28,12,12,0,对比隔壁 都不算助教的话 也是一流认真有水平
194413,9078,曹亮,2024-07-09 11:43:24,14,14,0,本来都出分结算了 已经可查了，因为lxf搞事情，老师又把成绩捞了一波！第二次出分！！这不nb！！！\n\n\n\n能感觉到老师是好老师！\n\n是真的想让你成绩好看一点的！\n\n谢谢老师和助教这个学期的打捞！\n\n对比隔壁lxf，曹老师第一年教课，真的很好了。
194650,9078,曹亮,2024-06-25 00:56:26,9,9,0,上的物理化学，好像是老师第一年上，所以上课方面可能没那么优秀，但是老师很负责，问什么都会回答，还会去看大物和微积分的教材看看我们都学过什么\n\n\n\n两个助教还有隔壁班的助教都很好，有什么问题都可以解答，还会开习题课\n\n\n\n总的来说，老师好，助教好，隔壁的老师坏
194788,9078,曹亮,2024-06-25 11:54:55,10,10,0,虽然是第一次上课感觉曹老师讲的很清楚而且会推公式，对待学生的问题也认真，助教哥哥也很棒，有问必答。比起隔壁班LXF真的不要好太多
196505,9078,曹亮,2024-07-04 00:54:48,7,7,0,绝对可以信赖的老师\n\n出了分后继续捞了一波分，理由是：因平行班李啸风不遵守既定评分规则需对成绩重新赋分
196830,9078,曹亮,2024-07-05 10:59:26,8,8,0,还好曹老师开了春夏的物化，要是不开去隔壁lxf班直接寄了。\n\n老师人很好，上课认真，在钉钉上会提醒同学们及时交作业还有来小测。\n\n但是不得不说，期中的卷子出得实在太离谱了。\n\n因为我是要出国所以来重修的，之前吴韬上课的时候作业和考试都很简单。\n\n但是今年的期中考试一拿到卷子就懵了，考点集中在理想气体内能与温度有关，不过题目很花炮，就是换了很多条件。\n\n大题就没有送分题，计算焓变、熵变、热能都很复杂，没有代公式能算出来的。\n\n这门物化课的同学都是外专业的同学，希望老师们可以根据同学们的实际需求进行教学。\n\n老师10分！两位助教也是10分！
197224,9078,曹亮,2024-07-09 11:59:09,8,8,0,老师是真的人特别特别好，几位助教gg人也特别好，都很认真负责，问问题会耐心解答，最最重要的是能捞！给分好！
197227,9078,曹亮,2024-07-09 13:47:11,6,6,0,就真神
197479,9078,曹亮,2024-07-16 11:34:24,5,6,1,伟大 无需多言\n\n每周两次课 一次交作业 一次小测 勉强算点名了\n\n期中很抽象 考的比较偏 特定的知识点不知道可能后面大题两三道都算不出结果(好像是就热容公式出了俩)\n\n期末很友善
198373,9078,曹亮,2024-09-08 07:53:59,5,5,0,十分老师，负责认真有水平。
150074,9113,冯鸿儒,2022-01-19 00:27:43,8,8,0,特别认真的老师
154410,9113,冯鸿儒,2022-06-01 04:38:39,6,6,0,老师很友好，讲课很细，实验过程中也会下来指导。暖男一枚
154580,9113,冯鸿儒,2022-06-02 08:04:32,4,4,0,多可爱的老师啊，上大学以来第一个评分就给他吧，大家上课有不明白的就问好了，绝对有亲和力
155309,9113,冯鸿儒,2022-06-10 13:14:39,10,10,0,上大学以来的第一个满分给冯鸿儒老师呜呜呜！我真的太爱他了！\n\n超级温柔的老师！！很年轻，而且讲课的时候会偶尔分享一点自己的搞笑往事~\n\n实验讲的也很清楚，自己操作的时候不会的话也可以直接问老师！老师会耐心帮忙\n\n有一次不小心弄坏了实验仪器，本来还挺害怕的，老师说是仪器的生命到头了，不是我的错，超级暖心超级温柔！！我哭死！\n\n兄弟姐妹们不上一次他的课我都会伤心的好吗！！！！！！！
175043,9113,冯鸿儒,2023-06-21 08:40:12,4,4,0,很棒的老师！细心也很温柔！
175056,9113,冯鸿儒,2023-06-21 09:54:25,4,4,0,老师人超好呀，男神！
175905,9113,冯鸿儒,2023-06-27 05:51:52,4,4,0,老师真的很温柔，大化实验O给分也很好！！很幸运预置到了老师的课，老师真的人如其名٩(๑ᵒ̴̶̷͈᷄ᗨᵒ̴̶̷͈᷅)و
184910,9113,冯鸿儒,2023-12-24 09:51:49,1,1,0,超级超级超级脾气超级好超级关心同学的老师啊啊啊啊啊啊啊啊啊啊啊啊啊啊啊啊啊啊啊！！！！！
186841,9113,冯鸿儒,2024-01-13 08:34:11,0,0,0,老师讲课超温柔的！实验过程中遇到问题也很耐心解答～
206684,9113,冯鸿儒,2024-12-17 05:30:28,0,0,0,老师人超级好！！！有一次没带实验服老师给了我一件（老师恰好有），然后平时一些小错误也比较耐心！一直笑眯眯的！很为学生着想！讲课和指导也很专业！！绝对值得10分！！上老师的课很幸运啊啊！
208387,9113,冯鸿儒,2024-12-27 10:03:29,0,0,0,冯老师人真的超级好！温温柔柔的，很有儒士的风范！
209684,9113,冯鸿儒,2025-01-06 13:57:45,0,0,0,老师很好，选就完事了
210402,9113,冯鸿儒,2025-01-09 05:56:04,1,1,0,神中神！！！老师人很好的，很耐心，很温柔！！！
169598,9309,陈晨,2023-02-27 05:18:58,19,20,1,老师讲课很好，而且是真的很温柔！最后给分也很不错，群里都在各种感谢哈哈哈哈哈哈
173945,9309,陈晨,2023-06-05 05:44:23,13,13,0,陈老师没有十分是我们学生打分的失败。
176008,9309,陈晨,2023-06-27 11:53:06,8,9,1,陈老师真的好好，很温柔
184757,9309,陈晨,2023-12-22 13:02:54,4,4,0,陈晨老师真的超好超温柔，虽然有时候可能会因为同学操作不规范有点生气，但还是很温柔地指导我们，而且遇到有的同学可能因为仪器问题数据很离谱还会自己去操作一遍，就像一个大姐姐一样。助教zx老师很认真负责，实验报告看的很仔细，虽然有几次我都是因为小数点不规范实验报告有点低了，但是真的很好很好，会提醒你很多东西，不懂的去问也会很耐心地和你解释，是个害羞的大男孩哈哈。总的来说陈晨老师的课入股不亏！
184766,9309,陈晨,2023-12-22 14:40:26,1,2,1,理论讲解能看出PPT很用心，都是有用的知识，做实验也会耐心纠错，很平易近人，有时候讲理论部分时会碎碎念，很可爱的老师，也支持我们在剩余时间多探索实验可能情况，很棒的老师！助教zx也很棒，数据错很多次，每次问都会耐心回答！
185235,9309,陈晨,2023-12-27 08:04:11,0,0,0,超级好的老师，选到就是赚到
185523,9309,陈晨,2024-01-01 14:31:49,2,2,0,老师人挺好的，挺耐心的，但是就是目前不知道给分怎么样
187468,9309,陈晨,2024-01-16 09:36:45,0,0,0,谢谢老师捞我，给我捞4.5了
187477,9309,陈晨,2024-01-16 10:05:33,0,0,0,老师很温柔，助教也很友善！同学实验过程中出现问题了会很有耐心地帮忙补救！因为很喜欢老师所以平时实验课上得很认真，拿到了自己比较满意的绩点！选上老师的课值了˃ʍ˂
191117,9309,陈晨,2024-04-05 09:24:06,1,1,0,老师讲得特别好特别用心。助教老师也很好。给分很好。
191428,9309,陈晨,2024-04-22 05:10:35,0,0,0,拉曼光谱指导实验的老师，人很好，因为很年轻所以跟我们都没有代沟，指导实验的同时还会和我们闲聊放松一下心情，真的是很好的老师
196832,9309,陈晨,2024-07-05 11:11:14,0,0,0,老师很年轻，上课对理论部分讲的很详细，也会认真指导实验，讲到哪里理论考会考都会强调，虽然今年理论考大变样，但最后给分也还行，我在自我感觉不好的情况下拿了4.2？不知道大家的情况如何……值得一提的是我中间稍稍社死了一次，蓝图制作那次实验选了个赵今麦的图片晒，然后老师问这张照片是谁的，说“选的很好，但是感光液现在还没洗干净”，于是全班都知道那张照片是我的了.\n\n也由于高中没有选化学，相关化学仪器的操作都不大熟练，实验原理都一知半解，每次做实验前都要跟我的搭档对着讲义懵逼5分钟，也导致最后实验数据都不是特别好但是助教姐姐还是很好的，会积极帮忙。然后这课其实还挺有意思的，能自己做肥皂，晒蓝图等等。唯一难受的是实验报告，1.5学分的课实验报告手写量都快比上5学分的微积分了。考试的话，由于今年大变样，应该不能再纯粹面向历年卷复习了
208844,9309,陈晨,2025-01-02 12:07:47,2,2,0,陈晨老师是这个世界上最好的老师，期末理论考结束了，之前粗心期中线上测试提前退出就得五分，找到我一个人重测，实在是太好了，上课也好交流，小眼神也很好玩，预习报告实验报告没带都没事下次带来，真心推荐
211282,9309,陈晨,2025-01-11 06:20:58,2,2,0,陈晨老师超好 又温柔又耐心讲的也很清楚 平时实验认真做最后4.8！爱了爱了呜呜
213184,9309,陈晨,2025-01-16 08:58:56,2,2,0,老师很温柔，原理讲解很透彻，实验搞砸了也会帮忙尽力抢救，棒棒棒！
215536,9309,陈晨,2025-02-28 01:12:40,2,2,0,没什么可说的，只能说老师不满分真的是难以理解，非常非常非常非常棒的老师，比什么曾秀琼好多了
215715,9309,陈晨,2025-03-04 15:39:49,4,4,0,很温柔的老师，讲理论讲的也很细，感觉比助教老师看起来还年轻？
216828,9309,陈晨,2025-03-26 07:40:02,4,4,0,我是czy\n\n楼下谁说我老的😡\n\n给你扣两分，快给我刷好评😡
219487,9309,陈晨,2025-05-28 12:09:34,1,1,0,陈晨老师上课特别认真负责
219780,9309,陈晨,2025-06-05 15:32:53,1,1,0,老师是完美的
221878,9309,陈晨,2025-06-27 04:56:53,1,1,0,中级化学实验讲课最清晰的老师之一，她教的两个仪器我都学的最好。探究性实验也是她的“银纳米颗粒表面增强拉曼效应影响因素的探究”，会给出很多指导和帮助，跟学生关系好
167079,9310,胡芳,2023-01-15 01:50:41,1,1,0,老师人真的很好，实验内容讲的很详细，有什么问题找老师都会很和蔼的给你解答，最重要的是给分真的很好啊😍
168909,9310,胡芳,2023-02-23 10:56:48,4,5,1,老师真的人美心善，实验中有什么问题老师都会很细心的帮你解决，而且给分太好了，我实验报告写的一般（略低于周围同学），mooc视频甚至没刷完，最后都有4.8，大赞🥳
174474,9310,胡芳,2023-06-13 01:14:23,1,1,0,芳姐，温柔认真负责，我真的爱死了真的
174687,9310,胡芳,2023-06-15 15:13:25,2,2,0,胡芳老师人超级温柔，连折纸也会仔仔细细地教你，实验有错误也不会发火，超级好的老师
175568,9310,胡芳,2023-06-25 13:54:42,2,2,0,老师真的很好，每次我的柜子里没有实验用的装置就去薅老师的hhh人超级温柔，给分很好，总评比预期高了五六分的样子
175695,9310,胡芳,2023-06-26 08:14:16,2,2,0,老师很温柔的，有什么不会的你去问都会耐心指导你，给分也差不多，大化o这门课事情是有点多的，最后感觉有点遗憾。
179581,9310,胡芳,2023-09-18 11:38:55,1,2,1,真的很温柔呀
199333,9310,胡芳,2024-09-21 07:24:13,2,2,0,真的好温柔
217375,9310,胡芳,2025-04-09 07:15:02,2,2,0,真的很温柔
217906,9310,胡芳,2025-04-18 01:10:14,2,2,0,超级温柔的老师，感觉很有涵养和知识的底蕴
218083,9310,胡芳,2025-04-20 14:35:13,3,3,0,妈妈级老师😍我上过的实验课里最喜欢的一位老师
220459,9310,胡芳,2025-06-18 04:41:10,1,1,0,妈妈好温柔😭
220571,9310,胡芳,2025-06-18 14:26:52,0,0,0,无敌温柔的老师，给人很有智慧又和善的感觉，给分好
216189,9452,陈洪亮,2025-03-12 03:20:53,5,6,1,前有薛平贵与王宝钏，后有马斯克和马云，老师上课挺幽默的，而且课后有什么问题的话钉钉秒回，老师是很负责的。不过老师还是新老师，可能还有点不太适应授课的模式，但老师肯定会进步的！
216593,9452,陈洪亮,2025-03-19 03:09:18,2,3,1,新老师
219678,9452,陈洪亮,2025-06-04 04:04:05,7,7,0,很认真负责的一位老师！
219785,9452,陈洪亮,2025-06-06 07:27:10,4,4,0,虽然授课的模式还略显稚嫩，讲课略显生疏，但是真的是很认真负责的一位老师，钉钉看到必回，在群内集中解决问题，未来可期的一位老师！
220725,9452,陈洪亮,2025-06-19 10:45:05,4,4,0,chl老师真的特别特别好！讲得很清楚，回答问题基本都是秒回，真的很认真负责，考试也是超级捞！！满分送上~
220731,9452,陈洪亮,2025-06-19 11:09:02,2,2,0,陈老师真的是一位很好的老师，上课热情满满，课后问问题秒回！
220799,9452,陈洪亮,2025-06-20 02:29:33,1,1,0,超级好的老师，考试超级捞
220802,9452,陈洪亮,2025-06-20 01:20:34,1,1,0,很负责，对同学很用心，是一个当之无愧的好老师，good teacher。期末也很捞人
220985,9452,陈洪亮,2025-06-20 14:50:20,1,1,0,老师上课讲的还好，解答问题非常认真积极，一天内必回，给分还可以
221002,9452,陈洪亮,2025-06-20 15:35:19,1,1,0,钉钉上回答问题超级耐心，是非常认真负责的老师\n\n虽然是第一次上课但是老师真的很用心，最后给分也很好
221290,9452,陈洪亮,2025-06-22 13:57:52,1,1,0,非常好的老师
221486,9452,陈洪亮,2025-06-24 04:40:36,1,1,0,陈老师是有机化学授课组里最年轻的老师。老师的风格还是比较风趣幽默的，课堂进度虽然很快，但老师有时会分享几句题外话。\n\n老师课上阶段测试的次数只有两次，小测的时间相比其他几位老师也要宽裕的多，期末给分也很捞。\n\n总体来讲，陈老师的教学和为人都还是很值得称赞的，老师经常上课写板书，也经常笑呵呵的鼓励大家，虽然感觉讲课略显生疏，但毕竟是新老师，相信老师是可以取得进步的！
190547,9458,陈志杰,2024-03-08 03:37:11,31,36,5,ppt念的很好\n\nppt翻的很快\n\n课教的是真垮\n\n《嗯这个书里都有大家可以看书理解原理》
190701,9458,陈志杰,2024-03-15 04:32:55,18,21,3,讲课不知所云
191618,9458,陈志杰,2024-04-26 02:16:53,4,5,1,哈哈哈
192478,9458,陈志杰,2024-05-21 12:23:25,2,4,2,新老师吧，讲课念ppt，翻页很快来不及记笔记，但是感觉人很好的样子
192501,9458,陈志杰,2024-05-22 04:43:50,25,26,1,22级化学的路过，听学弟讲了他学无机的安排和体会，然后自己又翻了翻czj的智云\n\n首先czj最大的问题就是无机教学在走wcd的老路，基本的课程安排，作业任务跟wcd几乎是差不多的\n\n无机就一个wcd来上，上的烂，可以说是他的问题\n\n换一个czj来上，上的还不行，那就是这课本身定位有问题！\n\n大学化学讲过的内容还要强调一通，元素化学就是超级压缩时间\n\n这是真的学不到什么东西的\n\n所以无机这种课是真的需要变革的。我已经为此向系里的学代会做了提案，希望能有所改进吧。
193622,9458,陈志杰,2024-06-14 03:47:43,7,7,0,幽默！
194192,9458,陈志杰,2024-06-22 12:04:14,12,19,7,先不谈教学能力，强烈建议新生不要去他的课题组，不然在本科就早早喜提研究生待遇（我一个仅仅大二的同学，在他的课题组里，不仅这个阶段要写月报。也就是说每一个都要总结一个月做了什么然后当众汇报，而且在期末周也不得安宁会被叫回去做实验），化学系有那么多好老师，我建议没有受虐倾向的同学不要进他的课题组。
194706,9458,陈志杰,2024-06-25 03:59:38,3,4,1,感觉缺少教学经验
194722,9458,陈志杰,2024-06-25 05:26:18,2,5,3,感觉弗如彭神远甚……
196599,9458,陈志杰,2024-07-04 07:56:22,1,3,2,课挺水的，而且还会突然出现小测，不过期末给分我觉得还不错吧。
198408,9458,陈志杰,2024-09-08 14:39:56,0,3,3,纯念ppt
202413,9458,陈志杰,2024-11-12 12:16:46,-2,3,5,绩杀勾
205793,9458,陈志杰,2024-12-12 04:17:44,-4,4,8,煞笔一个
208294,9458,陈志杰,2024-12-26 13:32:35,9,9,0,大一上过陈老师的课，大二科研认知重新接触老师，回头来评价一下，供参考。\n\n老师本人是个很不错的人，去年上无机化学的时候感觉到这门课程很幽默（当时没少在私下里骂这门课和老师的教学方式），一是因为老师是第一年接手无机化学教学，二是这门课本身存在很大问题，历史遗留问题，与其他课程重复的内容占了大头，真正需要新学的反而匆匆带过，大二重新接触老师，也了解到老师正在对课程进行改革，也参考了上过这门课的学生的感受和建议，这方面我认为老师人还是很好的，对教学也是有一定想法的。当然最后能否真的改变现在无机化学课程存在的问题，还是得看学弟学妹们亲身上过后再来反馈了。\n\n点名方面印象不深，应该是以随堂小测形式代替的。课程内容不算难，没有普化，大化基础应该也能掌握
214734,9458,陈志杰,2025-02-17 07:03:50,6,7,1,老师人很好，对学生都很有亲近感，积极地听取建议，相信老师的教学水平会越来越高。
214993,9458,陈志杰,2025-02-20 02:18:54,4,5,1,感觉还好
215191,9458,陈志杰,2025-02-24 02:39:29,4,5,1,态度9分，讲课1分，综合5分，课是真讲不来，又要自学辣
215192,9458,陈志杰,2025-02-24 02:59:22,13,13,0,czj对无机化学态度还是不错的，这个学期淘汰了吴传德这个老毕登留下来的清朝PPT和阴间授课体系，重新做了PPT而且设计了课程体系，人还是不错的
215678,9458,陈志杰,2025-03-04 03:44:53,1,7,6,讲课没有条理，属于连英文字母都没讲明白就开始讲英语单词的那种；加上几个学过竞赛的b哥各种扰乱课堂节奏。几节课听下来感觉云里雾里的。
216146,9458,陈志杰,2025-03-13 12:00:11,18,19,1,下面直接开骂的同学，我希望你知道，这是一位新手老师，无机化学这门课是他第二年讲，而且从他的PPT绪论部分可以看出，今年他对无机化学的课程内容动了大手术，这需要他去重新备课，更需要魄力。教学经验需要时间去沉淀，我们能不能对愿意花时间去改革课程的老师多一份包容？你说他“弗如彭神远甚”，现在这么说确实没错，可是你拿什么保证，五年、十年后的陈老师的无机化学课不能和彭神的大学化学课同时成为zju化学专业课改革的典范呢？上个学期我拿着czj稀烂的查老师评分问彭神“这个无机化学老师怎么这么差，要不您教吧”，彭神回复“小伙子他干劲很足，但经验不够，只是时间问题”。\n\n这是一位会说“抱歉”“打扰同学们了”的老师，是一位有问题钉钉找他可以秒回的老师，就像他在第一节课说的那样，有问题有建议应该钉钉找他或者当面说，而不是在查老师上借机泄愤。\n\n你如果去教师个人主页看一下czj的简历，其实他在自己的科研领域已经可以称得上“青年才俊”了，毕竟国内外顶级院校毕业生+jacs等顶刊审稿人的buff可不是想要就能有的————如何将自己的学术优势转化为授课效果也是很关键的一环，我相信陈老师也已经在思考并着手解决这一问题了。\n\n（感谢楼下提醒理解问题，最后一段已修改）
216153,9458,陈志杰,2025-03-11 05:43:12,10,10,0,楼下评论除了最后一段都比较认可，最后一段很明显是理解错了，原评论的意思是czj在没有铺垫基础知识的基础上就开始讲高级知识，就像不讲字母就讲单词一样，不是说czj的英语水平有问题\n\n出现这种情况的一大原因就是：他一开始讲的是配位化学，配位化学的前置知识是原子结构与分子结构，这些东西学过大学化学的肯定熟悉，但是有很多冲地信之类专业的同学大一第一个学期没有学任何化学课，对这部分前置知识就不太熟悉了，所以就有这个问题，而这个问题可以通过鼓励这部分同学利用寒假等时间听大学化学智云或者自学无机教材第五章到第七章解决
216605,9458,陈志杰,2025-03-19 05:35:44,6,6,0,老师还行，助教哥哥很帅
217308,9458,陈志杰,2025-04-08 06:53:28,4,4,0,会因为期中考试周推迟交作业时间的老师，真的没话说啊！虽然上课水平还欠火候，但是这种真心为学生着想的老师，给100分都不为过！
218693,9458,陈志杰,2025-04-29 03:55:44,4,4,0,24级化学系学生留言：\n\nczj老师今年真的非常用心对无机化学这门课做了很大程度的调整，个人感觉是很好的。摒弃了传统无机化学的教学模式，新加了很多更有意思的内容。\n\n老师教课确实稍欠火候，但他自己也在为之努力。经常熬夜加班备课，给学生答疑等等真的体现出他的用心。个人感觉虽然他上课时的思维偶尔会比较跳跃，但也不是跟不上，跟上了甚至收益颇多。好好跟着老师上课的节奏，这门课还是很好学的。\n\n给这样一个为学生着想，真心希望学生能从他那里学到点东西的好老师，10/10分真不为过！
220900,9458,陈志杰,2025-06-20 09:41:47,3,3,0,老师人真的特别好！！！老师在着手无机化学的课程改革，在课程体系稳定之前可能每一届都会有一定区别，24级考试60%以上的题都是原题，钉钉找老师答疑老师回复很快，而且也很耐心，两位助教gg也超级好，反正陈老师真的很好很好！
221187,9458,陈志杰,2025-06-22 01:23:06,2,2,0,这不10分？想打100分
221205,9458,陈志杰,2025-06-22 03:22:35,1,1,0,24级，绩点5.0，评价：\n\n老师人很好，上课生动，也会耐心回答同学问题。虽然讲的东西可能比较杂，但是认真听记好笔记是没问题的。而且老师会考虑到不同同学基础不同的问题，会照顾像我这样没上过大化或者普化的人。\n\n作业是老师自己出的，用来巩固课上知识。小测会提前说，难度和作业差不多，都是巩固知识用的。\n\n这次期末的话是20道选择，好像是7、8道问答和3道计算你，量不大，很多人都是提前交卷的，和传统的考试似乎不太一样（说的就是你，求化的无机）。把课上讲的内容巩固好不会有问题的。甚至考完两天后就出成绩了（神速）。\n\n另外，课改应该还在继续，老师也还在征求我们的感受和意见，估计之后可能还会有一些改动，但我相信肯定是越改越好的。\n\n总之，虽然23级的时候可能不好，但现在陈老师的这门课肯定没问题了，学弟学妹们不用慌(^_^)
221215,9458,陈志杰,2025-06-22 04:25:01,1,1,0,只要作业和小测都做好了，就有95+。\n\n老师非常有亲和力，乐于听取建议，甚至会对你提出感谢。\n\n如有异议，为何不去和老师亲自聊一下呢？你会获得更深刻的体验。
221672,9458,陈志杰,2025-06-25 07:52:03,0,0,0,人很好
219603,9507,王宇平,2025-05-31 08:54:16,1,1,0,讲课有点快（这与这门课的课时有关。），但看得出来对有机很有心得，基础很好。给分还好吧，上的也尽量的易懂了。\n\n总之推荐有机学的不错的，对有机感兴趣的，愿意挑战自我的同学选一下中级有机，对后面继续学习帮助很大，否则学有机就是盲人摸象。。
219382,9550,胡宁,2025-05-26 07:36:15,1,1,0,我真服了这个傻逼老师，一直说要有理工科的方法，自己会一点东西就在那里高高在上地指导，我们想出方法他还说不行，非要说这是文科生的方法，这是笨方法，这样不行，你在这里不行你🐴呢，瞧不起文科生？张口闭口我们化学系的学生，sb老师，最恶心的老师没有之一
202272,9640,马光中,2024-11-11 06:24:39,17,17,0,腼腆的帅哥，讲的很详细，例子很多，是这个学期听的最认真的一门课
210828,9640,马光中,2025-01-10 04:43:24,8,8,0,比较腼腆的帅哥（）上课非常认真，虽然有一点念ppt的感觉比较枯燥，但是知识点讲得很细致，认真听都能理解，而且还会根据上课同学的专业情况拓展一下，总体来说是一个非常非常好的老师。\n\n上课会不定期以学在浙大上的互动小题目当作点名，不过不计分；小测放在周六晚上；期末考试半开卷，允许带一张A4纸\n\n（其实我感觉分析化学这门课的期末考试想要拿高分全在于“微雕”手艺好不好，如果考的知识点A4纸上有那就是爽抄，如果没有那就是一点办法都没有，和平时有没有认真学关系不是很大，因为知识点太多太碎脑子实在记不过来）
221098,9640,马光中,2025-06-21 08:38:11,0,0,0,人帅事少分高
221109,9640,马光中,2025-06-21 09:25:25,0,0,0,人帅事少分高，互动签到，小测忘考签到漏签还是给的很好，强推
221238,9640,马光中,2025-06-22 06:47:34,0,0,0,点名是学在浙大小测，老师上课比较平淡。考试比较靠微雕，给分一般。
221639,9640,马光中,2025-06-25 04:49:43,0,0,0,一共也就点了两次名，还是那种不限时不限定位的，这门课给分也没啥好说的，期末微雕做得好就高，或者你就平时学认真一点多背一点，老师是不错的
197705,10456,赵玲丽,2024-08-01 11:36:54,0,6,6,中级化学实验做圆二色谱的老师，讲课念PPT而且会和预习视频大部分重复，所以预习视频可以水过。但是zll人很好，而且这个实验任务也不重，一组三个人扫描三个样品就OK
199963,10456,赵玲丽,2024-10-09 14:52:23,6,6,0,美丽，给分好，温柔，耐心，助教也不错。
200355,10456,赵玲丽,2024-10-16 07:36:34,4,4,0,讲课专业清晰，给分好，是一位好老师！
208361,10456,赵玲丽,2024-12-27 05:16:35,1,1,0,老师很好的
208373,10456,赵玲丽,2024-12-27 07:38:29,5,5,0,美女姐姐超级温柔有耐心 最后有线上视频没看完的同学还会私信提醒 问不懂的地方也会耐心解答🥰
211948,10456,赵玲丽,2025-01-13 02:36:32,3,3,0,出分之后前来评价\n\n真的吹爆zll老师，人美心善，超级温柔，给分也超好，助教姐姐人也超好！！！
216134,10456,赵玲丽,2025-03-11 03:25:56,1,1,0,女神！！！讲课很清晰，很耐心，超级为学生着想，预习报告可以直接写在实验报告上不用重复写！给分也很好！
216358,10456,赵玲丽,2025-03-14 08:43:20,0,0,0,挺好的老师捏
220181,10456,赵玲丽,2025-06-16 05:03:38,0,0,0,特别特别好的老师！！讲得很清楚，人很温柔，给分也特别特别捞！无脑冲就行了！！
220768,10456,赵玲丽,2025-06-19 15:04:50,0,0,0,非常温柔，很包容的老师！！她甚至可以记住同学的名字！
201663,10683,白宏震,2024-11-05 07:50:34,6,15,9,好老师，上课幽默，作业少
205350,10683,白宏震,2024-12-05 00:01:21,-10,7,17,油饼。
205616,10683,白宏震,2024-12-10 07:05:22,-16,7,23,屁事死多要求死多怎么不去死
205619,10683,白宏震,2024-12-10 07:18:27,-12,9,21,这个不公平那个不公平，你活着对死了的人不公平，你怎么不去死
205621,10683,白宏震,2024-12-10 07:28:07,5,9,4,感觉他有一种讲了笑话没人笑的无力感
205622,10683,白宏震,2024-12-10 07:31:49,-5,7,12,白公平又在鼓励我向24/65676里的分子学习啦！
205652,10683,白宏震,2024-12-10 22:15:05,12,13,1,作业很少。
205765,10683,白宏震,2024-12-12 03:09:53,3,12,9,请假不让在网上请？我要是能去班里上课那我为什么还要请假？
207825,10683,白宏震,2024-12-26 13:02:28,20,20,0,白老师要求每节课到课，请假要正式，有时会吐槽大家作业字不好，但绝对不是一个事多的老师。白老师讲课很用心，鼓励大家发言，作业布置的少，不给大家增加负担，还带着大家复习，提醒大家准备A4纸和计算器，绝对不应该得到这么低的评价，想选白老师课的人就放心选吧，别受负面评论的干扰。
208144,10683,白宏震,2024-12-26 02:38:30,16,16,0,学的白老师的分析化学。\n\n老师很温柔，作业留的少，上课很有激情。虽然偏爱字好看、爱发言、坐前排的学生，但是对每个学生都是平等且负责的。\n\n老师的上课态度很板正，用收发作业本的形式看大家到齐没有。白老师看不惯迟到、睡觉、翘课和请假。\n\n上课不局限于书本和PPT，会拓展一些知识，是真的想要教会我们知识的。
208320,10683,白宏震,2024-12-27 01:07:16,8,8,0,就在他代课的时候上了一节课，但真的收获特别多，只要认真听跟老师互动就能听的很爽。综合的不清楚，但上课上的是真的好
209490,10683,白宏震,2025-01-06 05:31:59,10,10,0,老师很负责很关心同学，可能平时上课管的会有点多，但是讲课讲的很清楚，期末也会捞人。豪老师，选他
209753,10683,白宏震,2025-01-07 03:37:38,7,9,2,很好很负责的老师，考完之后还特意给我发私信鼓励我继续加油，上课也很好，对同学真的很关心，作业也少，考前划重点几乎全覆盖，甚至2个月时间还会去记同学的名字，真的很庆幸碰到他
209881,10683,白宏震,2025-01-07 10:11:38,5,6,1,老师真的是好老师，很负责，只要平常上课都到作业都写，平时分都会很高，期末给分也好好，大学第一门满绩，谢谢老师！可冲
209892,10683,白宏震,2025-01-07 10:37:20,11,11,0,老师上课其实很有激情，也会和班里的的同学互动，想认真学的同学可以报白老师的课，不要被一些负面的言论影响。平时会偶尔留作业和点名，但是能上课坚持去，作业坚持做，就算做的不好平时分也会拉满，不用担心。(PS：老师喜欢线下的点名，所以最好早一点到，去迟了被点到真的会很尴尬。)期末考试是半开卷的，就是可以带一张A4纸进去，最好自己先开始做，就参照98上的就行，有好多做的很精美的。其实白老师自己划的重点有点太啰嗦了，很多都是不考的，尤其是结构图，不用等到最后一节讲完才开始复习。题目会考的很细，但基本都是上课讲过的内容，书最好认真看一遍，像很多举例分析的内容都是考点。成功拿下大一的第一个5.0，比某个普通化学的wjm好多了
209903,10683,白宏震,2025-01-07 11:07:54,5,5,0,挺好的老师有魅力
209936,10683,白宏震,2025-01-07 13:04:52,6,6,0,很好的老师，真的在认真的上课，想学到知识的同学完全可以闭眼选，作业少，刀子嘴豆腐心，很耐心的留下来回答同学们的问题，唯一的缺点可能会有一点像教高中生一样，总体还是很推荐的，不应该是这么低的分数
209990,10683,白宏震,2025-01-07 23:53:26,5,5,0,给分好，相信这才是很多人最关心的吧，
210669,10683,白宏震,2025-01-09 15:14:02,3,4,1,总体上是不错的老师，教学非常认真负责，讲的也比较仔细，比较重视出勤率和学习态度。作业很少，也没有小测。在课余比较关心学生。\n\n但是也有一些小缺点，比如说钉钉回复比较慢，有的时候甚至已读不回。还有没有说明平时分最高90，由于作业和签到基本拉不开差距，所以最后就取决于你上课回答问题的频率了TAT……至于绝大多数不怎么发言的同学，给的分就相当随机。不过放心，只要作业和出勤都好，差的也不会很多。\n\n在我看来评分至少是8.5以上吧，不知道为什么只有五点几，打个十分平衡一下。
211858,10683,白宏震,2025-01-12 17:40:04,0,1,1,好，很好
219375,10683,白宏震,2025-05-26 05:51:31,1,2,1,emm，老师情绪很不稳定，大化A气相色谱如果是这个老师，那你就等着被骂吧。。。。。
221165,10683,白宏震,2025-06-21 15:42:34,1,1,0,白老师其实上课很有激情吧，很用心会去记大家名字，实验课可能老师性格有些急，就可能比较有压力。但分析化学老师真的讲的很用心，看得出来老师真的很热爱科研也很用心在教学，会提醒大家复习，上课会纸质签到也可能会数人数。讲课很清晰也比较容易跟上，考前复习真的基本全覆盖，半开卷其实不是很好准备但跟着老师思路可以准备的不错。不过我还是感觉我准备不充分，考试太多了😢考完感觉自己完了这门课，老师说大家放心交给他。结果出分真的出乎意料的好！🥹
221665,10683,白宏震,2025-06-25 07:09:09,0,0,0,老师人很好很负责，但比较严厉，要求纸质签到和作业按时交，很讨厌上课迟到。但给分很不错，考前划重点真的是重点哦，考前重点听明白就基本稳了
198764,10684,商夏,2024-09-11 12:05:30,2,4,2,老师的职业生涯规划课讲的好好
199171,10684,商夏,2024-09-18 13:59:05,0,4,4,给分多，事情少，人长得漂亮
199172,10684,商夏,2024-09-18 13:58:32,3,6,3,给分多，事情少，老师好漂亮
199205,10684,商夏,2024-09-19 05:51:02,4,7,3,老师讲课是不错的，对学生也很认真负责，也会听取学生的意见。但是每节课必定会点名，课后也必定会安排作业，并且是需要花上时间的...只能说作为职规这门课的事情还是有些多的。认真学的话会有收获，但只想上水课拿好分数的同学请务必慎重！
200393,10684,商夏,2024-10-16 13:46:17,3,5,2,人美心善
200870,10684,商夏,2024-10-23 23:32:02,-4,4,8,上课蛮有趣的，商夏姐姐人美心善（机器人实名疯狂），而且很懂很体谅学生，整个课写一个生涯规划、成就故事（小几百字）、生涯人物访谈（小组作业）、生涯发展战略十问（五百字）与了解一个新职业就结束，上课轻松，作业做起来也快。推荐选。
202416,10684,商夏,2024-11-12 13:18:43,0,1,1,人美心善，等一手绩点，但是事少，管得松
203117,10684,商夏,2024-11-17 04:45:45,1,2,1,老师给分好，很求是，认真完成作业一定有高分，想水的就没办法了。
203195,10684,商夏,2024-11-18 01:59:37,1,1,0,绩点超高，事情巨少，无脑选就行了
203244,10684,商夏,2024-11-18 10:35:01,3,3,0,给未来想选商老师的同学们一些建议：\n\n1.别翘课 每节课必点名 占20%\n\n2.认真完成课后作业 这个也很重要\n\n3.在第一节课抢小组组长的职位（老师给过保证必定满绩 除非点名没到 那又回到第1条）\n\n老师整体还是非常负责认真的，对待教学有自己的一套方法 由于是新老师 也会征求同学对课堂的意见 值得一选！
203510,10684,商夏,2024-11-20 02:02:21,-5,0,5,老师事少分高，不会每节课都布置作业。拿了4.8给我爽死了
203557,10684,商夏,2024-11-20 04:09:08,10,10,0,详细说一下吧，给以后选课的同学参考\n\n\n\n课程成绩组成：\n\n签到10%（每节课都有，4位数字签到码，老师不会提醒你，一定一定要记得签到！！（血泪教训，有两次我去了但没签到也被算作缺勤，课后没办法补）一次没签扣2分）\n\n\n\n个人作业（50%）\n\n职业调研报告10%（老师会有推荐职业，当然也可以自选，建议善用ai，轻松干到3000字）\n\n职业生涯规划书30%（期末大作业，要求不少于3000字，同样，善用ai）\n\n成就故事+生涯发展战略十问10%（小作业，合起来1000字以内就够了）\n\n\n\n小组作业（40%）\n\n生涯人物访谈10%（有点麻烦，要采访一位在某领域工作5年以上的人，可能找亲戚或者熟悉的老师会比较好做）\n\n期末展示20%（主题与职业规划相关即可，形式不限，ppt展示，表演等等都可以，建议早做准备，尽量结合上课ppt去展示）\n\n组内互评10%\n\n\n\n其他：\n\n1. 小组长只要不缺勤，小组作业也ok，承诺满绩，对绩点有追求的同学可冲\n\n2. 上课极少会提问，放心水，不要对课程内容抱有期望，学不到什么。课本可以不买，上课用不到\n\n3. 老师讲的一些学生故事挺有意思，中间有一次课还请了竺奖得主来分享\n\n4. 老师温柔美丽，声音动听（
203626,10684,商夏,2024-11-20 07:51:50,0,0,0,额额额，我是组长之一，但是不知道什么原因才得了4.5，但总体来说分还是比较高的，大家可冲
205259,10684,商夏,2024-12-03 13:01:23,1,1,0,大家都在说职规，我来评价一下商老师当辅导员：\n\n1.对待工作事务非常认真，对大部分工作事务亲力亲为，事必躬亲\n\n2.处理事务效率比较高\n\n3.对同学态度和蔼可爱，能和很多同学打成一片（一个具体表现：最近一段时间每次她发关于生活的朋友圈时都可以收获很多大三和大四同学的点赞）\n\n4.有点健忘
206099,10684,商夏,2024-12-13 05:24:48,0,1,1,人美心善
206916,10684,商夏,2024-12-18 11:44:14,0,0,0,超级好超级温柔的老师 被哄成胚胎了，课前玩小游戏放歌放电影，会让没吃晚饭的吃晚饭，甚至可以写作业，很体谅大家，还有小奖品小奖章～虽然没有出分，但是还是想给美女老师打十分🥰🥰🥰🥰
206917,10684,商夏,2024-12-18 11:46:27,0,0,0,老师人美心善🥰超级超级超级温柔好说话~会在课上放歌放电影，看到拎着外卖进来的同学会很认真的说可以在下面吃饭🥺职规作业多是这门课的硬性要求了，但是老师真的很好感觉已经在最大范围为同学们减轻负担了，讲课也不错！所以要上职规的话非常推荐商夏老师的课🥺
207596,10684,商夏,2024-12-23 07:54:41,-1,0,1,非常好
211060,10684,商夏,2025-01-10 12:33:31,-1,0,1,真诚的老师，大学里面不多见
211085,10684,商夏,2025-01-12 06:23:35,1,1,0,非常好的老师，上课很轻松，还让写作业，给分也可以
215655,10684,商夏,2025-03-03 11:28:16,-1,0,1,上课忘签到了可以补签，请假不扣分，人美心善好老师
216065,10684,商夏,2025-03-10 06:16:28,1,1,0,老师还行，就是课程sm
