评论id,老师id,老师姓名,发表时间,点赞减去点踩数量,点赞量,点踩量,内容
61226,398,施虹,2017-11-12 15:12:21,0,3,3,非常认真，一点点严厉，强大的气场，但也很幽默。我最爱的老师。
205196,398,施虹,2024-12-02 13:36:58,2,2,0,这位老师的基本素质令人质疑。上课期间多次撒谎，并通过带有威胁性质的言语给学生带来不必要的恐慌和压力。明明说要点名，却最终没有执行，这种不负责任的行为已经彻底失去了学生的信任。\n\n\n\n此外，课堂内容经常无法在规定时间内完成，导致学生感到困惑。而且连预定的时间安排都无法遵守，这种表现完全看不到作为一名教师应有的责任心。这不仅让学生感到失望，更让人愤怒。\n\n\n\n教师的职责是为学生创造一个专注学习的环境，但这样的行为只会带来混乱和焦虑，是完全不可接受的。必须立即改变态度并改进教学方式，否则实在没有资格继续站在讲台上。
115585,426,胡晓慧,2019-08-06 00:32:10,-1,3,4,次陈? 儿童团
147527,426,胡晓慧,2022-01-10 07:08:22,2,3,1,学不到什么东西。绩点很低。
147543,426,胡晓慧,2022-01-10 08:00:58,2,3,1,真的给分很离谱
147550,426,胡晓慧,2022-01-10 08:09:23,5,7,2,自己教成什么样没点b数的吗???\n\n明明教不出什么东西分数还低的不行
147583,426,胡晓慧,2022-01-10 08:55:00,2,6,4,大学写作。学的时候很认真，读书报告和文献综述都熬着夜写，翻来覆去地改好多遍。有一说一，确实让刚步入大学的我会了很多，论文的格式、技巧等等，但相应的事情也巨多。而且最无法接受的是孩子辛苦了大半个学期，给分竟然是五级制？？？本来还有点好感的，最后也。。。
148067,426,胡晓慧,2022-01-11 12:30:26,1,3,2,绩点真的很低，预置了一定要换掉。
148385,426,胡晓慧,2022-01-12 09:59:44,5,7,2,五级制已经改了，大家嘴下留德，但就个人来说还是不推荐
149054,426,胡晓慧,2022-01-16 10:15:20,5,5,0,五级制已经改了，但我从成绩更正的地方看到的是，没有一个人满绩，最高93\n\n补充：\n\n5.0 0人\n\n4.8 4人\n\n4.5 8人\n\n4.2 13人\n\n3.9 19人\n\n3.6 1人\n\n3.3 11人\n\n3.0 2人\n\n3.0以下 2人
149426,426,胡晓慧,2022-01-15 09:42:44,0,0,0,呵呵。
149683,426,胡晓慧,2022-01-16 10:42:06,4,4,0,给分不高，但老师人不错
152899,426,胡晓慧,2022-04-21 11:50:47,3,4,1,没有常识没有知识，事多分少。
155022,426,胡晓慧,2022-06-07 14:04:35,4,9,5,大学写作千万避雷，下半个学期要交一篇读书报告一篇文献综述，每篇写两遍，还要求要去听3次讲座，这个老师还要求必须有一次线下，事情多，不推荐
156167,426,胡晓慧,2022-06-18 04:04:00,1,4,3,避雷大学写作！！！事情多，读书报告、文献综述，两篇小写作。文献综述格式要求很繁琐，说每页都要加注释，但又没有给具体要求。按照自己的理解填上了注释（自认为格式算比较好看的），打下来的分数比改格式前还要低，说注释格式不合格。我寻思您要是要求填注释起码给个标准呀？在课堂上花了很多时间，感觉最终收获甚少。慎选！慎选！
157386,426,胡晓慧,2022-06-23 05:53:43,-1,1,2,点名每次都到，两次讲座都去，课堂表现还给我扣了三分，80分大作业扣了9.5分，最后四舍五入总评88。可能是我能力不足，可能是必须保持正态分布，但确实伤了我的心。
165433,426,胡晓慧,2023-01-05 05:38:10,2,4,2,绩杀快跑 如果你想拥有很低很低的绩点，又不想学到任何东西，还想做很多作业，那你就尽情选
165479,426,胡晓慧,2023-01-07 02:05:55,0,2,2,大学写作\n\n快逃快逃\n\n别浪费时间和垃圾绩点了
167021,426,胡晓慧,2023-01-14 15:40:17,-1,1,2,真的太无语了大学写作\n\n这种老师都能称之为老师吗？\n\n教成啥样了啊\n\n我是来学习的 不是来浪费时间的\n\n我的绩点也不是你随意挥霍的\n\n别装作很认真的样子\n\n上课要质量没质量的\n\n纯纯浪费时间
167088,426,胡晓慧,2023-01-15 02:32:36,4,8,4,讲座参加两次，作业一次不漏，最后3.3，什么辣鸡老师，给爷爬。
185377,426,胡晓慧,2023-12-28 13:40:50,-6,2,8,什么破老师！每节课不仅要点名，还要数一数班里有多少人，真无语！！！！！！！！！！！！！！！！！！！！！！！！！！！！！！！\n\n讲的啥也不是，消息也是已读不回，什么破老师，从没见过这么垃圾的老师
185577,426,胡晓慧,2024-01-02 11:00:07,0,2,2,雀食很差
188512,426,胡晓慧,2024-01-19 06:23:46,7,7,0,谢谢老师！
205277,426,胡晓慧,2024-12-03 16:47:12,3,4,1,胡老师很认真在准备每一节课，要求严格，跟下来全程是会有收获的。
108303,564,陈磊,2019-05-20 16:03:17,0,0,0,很棒！
108304,564,陈磊,2019-05-20 16:04:10,0,0,0,棒棒棒
207491,564,陈磊,2024-12-22 11:16:09,0,0,0,好好好
219409,564,陈磊,2025-05-26 14:39:18,0,0,0,人还怪好的
129967,636,李佳,2021-01-14 07:23:16,-10,8,18,感觉是一个很有内涵的老师
130080,636,李佳,2021-01-16 11:27:47,24,28,4,Emmm词不达意，讲的不是很好
132322,636,李佳,2021-01-31 17:34:12,14,19,5,老师人挺好的，但是讲课水平。。。纯念ppt\n\n课程论文建议多卷吧，我是很认真地写的，花了很多心思，但字数不多，分数估计没那些复制粘贴同义转换的长篇论文高。。
133922,636,李佳,2021-03-09 12:43:04,17,21,4,实话实说真的很没得水平，一听就是没读过书的，讲的都很虚，没自己的思考。\n\n一句话用五句话解释，仔细听就发现没实际意义，更别谈时不时的错误\n\n2020年了 谈供给侧改革说要改变发展方式还能用“中国连圆珠笔尖都生产不出来”这种例子
140846,636,李佳,2021-09-17 01:23:36,16,19,3,《不婚不育是不负责任》\n\n不能苟同。\n\n无语住了。
141050,636,李佳,2021-09-22 08:09:43,12,16,4,感觉与时代脱节了，有点古墓派公知的味道了
141567,636,李佳,2021-10-15 01:17:24,7,10,3,建议别选，首先老师本身国际历史知识底蕴不足，有些时候瞎讲。其次，老师的有些观点是真的让人无语，“90后不生孩子是不负责任”是她说的没错。最后，这节秋学期的课程，居然十月中旬才得到教材（可能考虑到补选的同学才很晚买），十月中旬才通知你要写报告。。。
141699,636,李佳,2021-10-21 02:08:41,8,11,3,认识老师两年多了，一直不理解评分为什么那么低，这学期选上课了才有切身体会
141823,636,李佳,2021-10-27 04:43:24,25,31,6,zhiz老师\n\nshab学生\n\n就看两群人小学生吵架似的，乌烟瘴气，真的无语。其中一组几个人讲话格外ruoz，只看内容还以为不满十岁，一想到一起上课，简直一言难尽。老师也不承认错误，以为自己没错。我一路人都看不下去了。要我说，直接找老师吵去，那两组人因为老师犯的错误而互相内部争吵，简直了。\n\n什么都学不到，老师估计没读过（什么）书。PPT北大嫖来的，直接念。说上课不用心，大概也是因为老师真的是脑子空空如也，讲的全是口水话，毫无内涵。\n\n偏偏还有很多人认真记笔记。\n\n呃，培养这些人才...为我国外交事业担忧。\n\n所以文科读研别来浙大，有很多更好的选择。\n\n拿高绩点，不是因为有多厉害，而是有多体制化。\n\n言语比思想更偏激，但为传达在言语中消损的思想，我还是这样写了。\n\n有时我自己都在想，老师其实人也不错，但那些智障也是真的，她自己估计都没意识到人品有问题。\n\n上课她是真水还是假水我也不清楚，反正我感觉像她这样根本不用备课，好轻松。\n\n关键是，什么都学不到。
142084,636,李佳,2021-11-05 10:36:14,7,10,3,这个老师非常的事儿\n\n总是临时起意 布置作业 提前一天通知 打得你措手不及\n\n而且她讲的东西基本都是废话\n\n上她的课感觉就是浪费时间 浪费人生
142753,636,李佳,2021-11-16 02:15:02,13,16,3,国际事务与中国实践 很卷很无聊😅
143589,636,李佳,2021-11-28 06:32:29,20,26,6,刚开始没有课本，觉得她的PPT做得不错\n\n开课好久后买了课本\n\n翻开一看，好家伙，PPT就一模一样粘贴了课本内容，那你何必呢？\n\n小组pre，我没当组长，也没有发言，任务分到我头上确实不重\n\n期末论文给了很多选题，我挑了一个在书上找到了有关章节，然后在知网找文献，大致有了思路以后开始文科生擅长的胡编乱造。\n\n她要求论文字数两千左右，我写了五千多字，因为知道自己确实没认真听课，这是唯一可以卷分数的地方，但也没花太多时间，实打实算起来，从确定选题到搜集资料到开始写到整篇完稿，两三天吧\n\n最后出分4.5\n\n这门课，说水确实水，你就算不听也没关系，老师喜欢正式且形式的风格，比如喜欢精美的座签、穿西装的激情pre等等，但她也不会强求。\n\n至于别的评论里说的两个小组的掐架问题，我想说明一下：\n\n在正式开始小组pre前，老师要求pre时间控制在15-18分钟，小组互评打分\n\n第一组严格控时，第二组讲的全面详细但超时了近十分钟\n\n第二组讲完后老师在钉钉告知我们，第二组私下向老师要求延时并获得同意\n\n这引发了矛盾，打分的同学不知如何进行评分，第一组同学害怕因控制时长导致pre过于简化从而分数过低，第二组认为自己是在合理地维护自己的权利\n\n在线上争执过程中，某一组说出了“他们是维护自己的正当权益，而其余人是在占用公共群资源”的观点，且在群内进行了大篇幅的反驳，语气嘲讽\n\n我不是第一、二组的同学，我站在路人角度来看，大家都在维护自己的利益，又何来占用群资源一说？不同意另外建群调解却又不允许其他人“占用群资源”，这难道不是粗暴地剥夺话语权行为？\n\n这件事令我对这门课、这位老师的评价直转急下。如果想水课，能卷字数，有着淡然的处事态度，那么建议你来这节课\n\n如果想学到东西，想收获温馨的人际关系，那建议换一门吧。
143591,636,李佳,2021-11-28 07:24:31,0,3,3,拉偏架
143775,636,李佳,2021-12-06 03:20:25,3,5,2,凑学分补选的课，退不了。一节没听，无聊又乌烟瘴气。
144030,636,李佳,2021-12-16 08:39:20,8,10,2,摸鱼的神，但是课程展示会很卷，要考虑到很多方面
145356,636,李佳,2021-12-29 07:21:44,4,6,2,对展示要求不高，课程压力大部分是来自同学的“卷”
147106,636,李佳,2022-01-08 17:14:43,10,13,3,联合国可持续发展目标，深夜出分，来评价一下。\n\n李佳老师是一个很复杂的人，大家也能看到她的言行不太妥当的情况，而且课程内容基本上靠同学们的展示组成，但我觉得这或许也很有意义，比起让老师一个人讲，确实听到更多小组不同的想法会是很棒的。\n\n我开学的时候看到查老师的评价，可能带有先入为主的判断，但后来从她对每次展示的评点和提问中来看，我却发现她知识面非常广，每个领域都懂一些，也有自己的看法。特别是我们展示最后一组的女性计算机的策划，李佳老师分享了自己关于女性主义的观点，从女性主义的范式思考这个世界的角度真的非常打动我，她是有在这个方面有所了解的。\n\n综合来看，这门课程的事情不多，分数就我个人而言还可以，上课确实老师自己也不用太多备课讲授(毕竟sdg讲来讲去其实就那样)，但是我从大家的展示中获益良多，这也是我从这门课程中最大的收获。
147380,636,李佳,2022-01-10 01:26:05,9,11,2,怎么说呢？这个老师只会念PPT，而且特别不负责任，先是通知我们晚上好像是十点去领教材，去了以后等了很久她也没来，竟然鸽了我们，就无语，最后轻描淡写地说了句有事😓\n\n再有就是自己给另一组学生展示增加了时间，但是没有通知其他人，导致两组人在群里吵起来了，这个老师已读就是不回，哎~就是玩，等到最后两组人发朵朵了，她才站出来说话😓还是一些无营养的话。\n\n最后，我为什么没有打一分，是因为她上课水，事少，我整个秋学期就写了一篇论文，然后绩点还不错，只能到这了，不建议选她的课
149576,636,李佳,2022-01-16 04:31:20,2,4,2,建议不要选
152391,636,李佳,2022-04-08 06:25:11,9,11,2,讲课没什么有价值的内容\n\n布置作业乃至课程长短学期都没有规划\n\n这周通知下周立马期中展示\n\n\n\n课程上的内容基本是一些copy复制加上简单的新闻\n\n上三节课时间撑不够就会让大家小组讨论、做pre\n\n点评基本是随便说点泛泛而谈\n\n见多识广可以算得上一些\n\n但是实在感觉不出老师到底在哪个学术领域有所钻研\n\n\n\n水学分水绩点可以来\n\n想学东西就真的没必要了\n\n\n\n劝退这位老师的课\n\n顺便劝退GEP\n\n有那个时间和精力，真的还不如去学点真的硬课充实自己\n\n没有必要为了这个可有可无的辅修在这里消磨时间\n\n\n\n在高等教育行业如此内卷的时代这位老师也算得上一朵奇葩
158535,636,李佳,2022-06-30 05:31:29,-5,6,11,给分天使😭夏学期为数不多的安慰
160221,636,李佳,2022-09-15 06:56:44,5,6,1,第一节课人没见找 先评个分
170124,636,李佳,2023-03-01 12:00:17,0,3,3,浪费时间讲废话
172346,636,李佳,2023-04-25 08:29:46,0,3,3,emmmmm就那样吧
172407,636,李佳,2023-04-26 09:18:02,2,4,2,大无语。。。
179639,636,李佳,2023-09-19 03:51:33,6,10,4,内容很少，事情很少，分也很少😬
179724,636,李佳,2023-09-19 13:37:07,4,6,2,课堂展示很卷，课上得一般般（主要在念ppt，且ppt上的内容和书上别无二致）
183222,636,李佳,2023-11-23 02:22:34,2,9,7,虽然有很多观点确实不能苟同（比如印度理工有多牛逼，年轻人应该怎么怎么样blabla）。但没评论说的那么糟糕。讲课还是蛮清楚的，对某些时政问题的思考很深刻（这个上过她课的人会有体会），真的能学到国际知识。也不会发脾气，给学生摆脸色之类的，事情很少。而且老师人脉比较广，会时不时邀请联合国某些领域的大佬来做讲座（还是很有用的，不仅是知识方面，也可以帮你水一水学业指鉴）。我的建议是选课之前去智云上看看她的讲课风格自己到底喜不喜欢，不用完全根据评论来。至于评论区说的那个drama，我表示这很难评，学生滞胀，老师也滞胀，不会处理问题，只会拿“不要绩点至上”和稀泥。不过这事已经发生过了，以后应该不会有这种问题了。给分没那么邪乎，在外院老师里面真的算好的了。
184105,636,李佳,2023-12-09 10:36:04,5,7,2,真的快逃吧，上了她一年的课，要么是用小组pre凑时间，要么是放别的教授的录播视频。拜托，我是来听您现场授课的，不是换个地方听录播的！从各种意义上来说都迷到不行的一个老师。。。
184417,636,李佳,2023-12-19 08:21:23,-1,2,3,很难评
184497,636,李佳,2023-12-21 01:53:38,2,4,2,完全讲的没有用，还要写一万字论文，无语死了
189649,636,李佳,2024-01-26 09:08:35,-3,6,9,老师知识面很广，讲课水平也很好，起码不无聊，如果好好听课的话确实能够学到不少，对拓宽国际视野还是很有帮助的\n\n老师性格也很好，从来没发过脾气，下课去找她讨论问题老师都会很耐心很充分地回答，下课的时候还会和同学们微笑着说再见\n\n说实话感觉没有别的评论说的那么离谱，我和不少课友还都是很喜欢老师的，给分也不错，前提是小组展示确实要下大功夫\n\n坐标国际事务与中国实践，个人认为如果有关国际方面了解不多，想要多了解一些相关知识的话这门课还是值得一选的
190047,636,李佳,2024-02-16 08:06:22,0,2,2,事少分少
190243,636,李佳,2024-02-26 11:27:31,2,4,2,事少分少。另外当她课代表毫无收益。累死累活帮她干一堆事也对绩点无帮助，纯纯免费劳动力了属于是
192319,636,李佳,2024-05-15 03:16:20,0,3,3,zju混子。。
193748,636,李佳,2024-06-17 12:17:57,-1,2,3,小组展示永远是要占课下时间的，交论文是要浪费1小时的
195237,636,李佳,2024-06-27 11:30:04,1,4,3,混子垃圾
200812,636,李佳,2024-10-23 01:28:39,2,4,2,对于所有社会概念的解释浮于表面，评论水平和一般鉴证网民没有任何区别。最可怕的是还有一群同学觉得她讲得很有道理。
203292,636,李佳,2024-11-19 02:53:14,1,4,3,钉钉已读不回
204855,636,李佳,2024-11-28 07:15:52,1,2,1,呃，其实还好？讲的还是有内容的，不过确实有几节课的ppt是和教材一模一样的来着……不过总体还好啦！人也很温柔。回信息总体还好吧，可能比较忙有时候会慢一点，但基本都会看的……呃，就是，感觉好像，嗯，不知道能不能讲……就，对国际上的事有自己的看法吧，也不能说是偏见吧……总体还是不错的！
209802,636,李佳,2025-01-07 06:47:59,0,1,1,客观来讲老师还是很好的，虽然有的时候会照着书念，可以看出来老师的阅历很丰富，对国际上的事也有自己的看法，还会在课上给我们分享对于国际事务上她参加的会议里面的信息，但是确实老师比较忙，回信息可能不太及时，上课有点摆，互相理解吧
210201,636,李佳,2025-01-08 10:53:04,0,3,3,给的分对不起我的付出
216012,636,李佳,2025-03-09 12:01:48,3,4,1,李老师为人和善，对同学非常关心，相处下来是一位有才华而且非常和蔼的老师，值得尊敬
216013,636,李佳,2025-03-09 12:05:36,1,2,1,挺好的老师
216021,636,李佳,2025-03-09 12:31:44,0,1,1,李老师人很好，很关心学生
216848,636,李佳,2025-03-27 01:43:07,-2,1,3,很不错的老师
218404,636,李佳,2025-04-23 07:39:53,-3,0,3,全球安全治理（估计我要掉马了，笑死）\n\n因为人很少，老师会给我们买麦斯威的奶茶和点心，相处起来非常亲切\n\n诚然老师讲课的方式不是人人都能接受的，相比于老师，她更像学者一些，但是认真完成任务下来也会很有收获的！
218648,636,李佳,2025-04-28 07:22:52,-3,0,3,李佳老师其实有很多干货的，但确实感觉课有点多，老师没法完全兼顾。老师其实很温柔，很体贴学生。认真听老师的一些讲话其实学到了很多。对楼下“居然有人觉得老师讲得有道理”那位，你才是有偏见的那个人吧
45975,813,祁青,2017-01-20 10:26:27,0,0,0,绩杀，上课很无聊，每节课都点名，讲的全都是中学教过政治地理历史。
46044,813,祁青,2017-01-20 13:26:29,0,0,0,老师打分不公平
7141,1234,林加,2015-09-05 15:53:32,0,0,0,生动活泼
103018,1234,林加,2019-02-25 11:48:40,1,1,0,为什么没人评论 我来开先河
103403,1234,林加,2019-02-28 02:29:46,0,0,0,无聊无聊 死变态老师
158348,1234,林加,2022-06-28 14:24:20,0,0,0,老色皮
9597,1488,陈敏,2015-11-02 12:25:46,1,1,0,催眠曲
13344,1488,陈敏,2015-12-27 06:08:38,0,2,2,别的不说 光是思修课老是发鸡汤材料 然后把自己的励志故事一直说个不停 我就很烦
34593,1488,陈敏,2016-10-15 08:34:58,0,0,0,7语音
64573,1488,陈敏,2017-12-25 10:14:39,0,2,2,还好吧
88552,1488,陈敏,2018-11-01 08:49:45,-1,0,1,电子测量慎选！！！学不到东西_(´□`」 ∠)_
207428,1488,陈敏,2024-12-21 14:17:03,2,2,0,她很喜欢黄头发，白人。如果你是白人的话推荐这个老师。
39867,1631,黄晓芳,2016-12-28 05:04:42,0,0,0,。。。
209298,3147,徐为民,2025-01-05 10:58:39,0,0,0,老师人很好，讲课很幽默
33877,3510,郭婵丽,2016-09-22 08:33:54,1,1,0,很有趣
151117,3510,郭婵丽,2022-02-23 06:37:37,1,1,0,老师会很注重线上的学生，使用钉钉视频会议上课，事比较多，但认真上课分会很好
165256,3510,郭婵丽,2022-12-30 14:24:16,1,3,2,郭老师很棒！教学态度认真，讲解清晰，无论是线上或线下的同学，老师都认真关注！
190260,3510,郭婵丽,2024-02-26 15:21:08,3,3,0,老师很有趣，教的很好，但是卡绩:(
207429,3510,郭婵丽,2024-12-21 14:18:51,0,0,0,——爱——
126650,4151,赵银姬,2020-10-11 16:07:45,5,8,3,新生之友  姐姐好温柔
134210,4151,赵银姬,2021-03-19 11:42:22,0,4,4,大爱银姬姐姐
158710,4151,赵银姬,2022-07-01 13:45:25,2,9,7,中国概况给分挺迷的，每节课都到，课内作业认真写了，mooc也认真完成，期中ppt也做了两周，最后只能拿一个79纯nt课，中国概况。。。。
158790,4151,赵银姬,2022-07-02 08:15:28,6,9,3,中国概况这种傻逼课，就别花费太多时间了 纯nt课
170607,4151,赵银姬,2023-03-07 06:20:02,5,5,0,中国概况给分太太太迷了
71961,4352,赵丹丽,2018-01-29 06:53:29,0,0,0,军训给的绩点
154978,4352,赵丹丽,2022-06-07 07:41:57,0,0,0,以前一直不明白为什么会有人骂人家是畜生，现在终于懂了。
72753,4669,过文英,2018-01-31 04:40:42,0,3,3,一开始花半个小时点名，有可能看学生少了最后下课前再花半个小时点名，只用交两次手写的小论文，给分是快给的！！\n\n我们好几个华人都没有上4！华人的中文还没有其他留学生好吗！极度怀疑老师的绩点是闭着眼睛乱给的，全凭心情！真是想骂人，当留学生不在乎绩点吗
77714,4669,过文英,2018-05-07 11:22:04,1,2,1,讲分无聊，给分闭着眼睛给，必点名，自习课，不要太在意绩点
153365,4669,过文英,2022-04-28 13:55:32,1,2,1,别的班作业成绩都公布了  这个班春学期助教还没开始改
153829,4669,过文英,2022-05-12 09:24:57,0,3,3,给1分都嫌多
155993,4669,过文英,2022-06-17 04:28:39,0,1,1,不太行
162059,4669,过文英,2022-11-16 11:28:40,-6,1,7,怎么说呢，连自习课都当不了，天天点同学发言。作业ddl贼紧，还逼你内卷。给一分是因为没有0分
162724,4669,过文英,2022-12-05 07:49:13,1,2,1,没有成熟的授课思路 想到一码是一码 不考虑学生的能力和时间 差评
164197,4669,过文英,2022-12-19 07:01:52,1,2,1,上课压力怪 疯狂暗示同学积极回答问题 分不多事不少
164813,4669,过文英,2022-12-26 08:39:37,-1,2,3,垃圾  没什么好说的
166643,4669,过文英,2023-01-13 06:29:29,15,17,2,挺好的老师吧，挺有人情味的传统语文老师
166656,4669,过文英,2023-01-13 07:26:49,3,6,3,过文英老师还是蛮好的。大学写作这门课虽然事情比较多，要写读书报告和文献综述但是会让你学到蛮多东西的！！之前大课堂的两次随堂写作只有八十几，最后拿了90，真的很满意了，谢谢老师😘
166733,4669,过文英,2023-01-13 11:00:28,-1,0,1,大学写作讲课内容不错，但是感觉去问问题的时候得到的答案牛头不对马嘴，不过给分还行
177788,4669,过文英,2023-07-05 01:21:16,-2,2,4,老师很温柔，给分也很好，喜提4.8。老师真的好耐心地教学www真的能在课上学到好东西
188523,4669,过文英,2024-01-19 07:09:06,-2,0,2,如果嫌事多的不要选她的大学写作，要写一篇读书报告和一篇文献综述还是听费精力的。不过老师的给分还是很不错的
192052,4669,过文英,2024-05-08 08:57:34,-5,1,6,烦死了，天天上课随机抽人。大学写作避雷
193254,4669,过文英,2024-06-05 07:24:50,-1,4,5,大学写作\n\n老师很和蔼，不知道分怎么这么低，上课点人回答问题也不是什么不应该的事情吧\n\n给分怎么样不知道
197246,4669,过文英,2024-07-10 01:31:03,-9,2,11,大学写作，p事特别多，要求极高，给分烂，卡绩，那个助教也是不知所云，提意见和没说一样。每节课必点名，随机抽人回答问题。垃圾老师，避雷
197587,4669,过文英,2024-07-20 10:14:18,9,11,2,我其实觉得老师很和蔼温柔，上课讲的内容也是切中肯綮的，在课上学到很多写作知识。其实我高中写作很差的，上这门课一直担心最后成绩会很难看，因此也花了很大心思学，不过好在最后分数不错，所以这门课用心上也是能拿高分的
121504,4925,刘艳,2019-12-14 06:31:48,6,14,8,很好的老师！老师记住所有学生，谁disappear都知道哦。
171553,4925,刘艳,2023-03-28 12:33:35,1,2,1,真的很无语啊，好严格好凶，自以为是，自视清高
209300,4991,吴剑,2025-01-05 11:00:12,8,8,0,老师人超好超温和。会给我们介绍很多纪录片等等！为吴老师打Call
214873,4991,吴剑,2025-02-18 13:49:27,8,8,0,吴老师讲课很温柔，对学生也很认真负责
138541,7333,刘潇璘,2021-07-09 16:25:58,8,10,2,老师很有耐心，看得出来是很认真的在备课，而且上课也挺有意思的
139367,7333,刘潇璘,2021-07-14 22:04:34,-8,3,11,没啥本事
144903,7333,刘潇璘,2021-12-26 01:29:15,1,1,0,刘老师教课非常耐心和谦虚。
148753,7333,刘潇璘,2022-01-13 12:13:21,0,0,0,老师很好很温柔～会和同学们互动，讲课也很细心，没什么作业但课堂会有小测，给分合理
148953,7333,刘潇璘,2022-01-14 04:23:18,0,0,0,老师很好很温柔~每次都会有随堂测试 而且互动也很好~
207947,7333,刘潇璘,2024-12-25 04:22:38,0,0,0,老师很善良
212274,7333,刘潇璘,2025-01-13 17:32:29,1,1,0,为啥不是10分😭😭😭她汉语课的给分超级好 好到离谱的程度 啊啊啊啊 这次拿到了4.5 yyds 我爱你老师😭😭😭 她是像一个妈妈一样温柔善良可爱美丽🥹🥹🥹🥹
122820,7786,高宁,2020-04-11 01:59:26,1,3,2,老师积极热情教我们汉语课。\n\n随时问她问题，她回答得比较清楚。\n\n蛮好的~ 喜欢她的课！
124658,7786,高宁,2020-07-05 07:42:29,0,1,1,老师特别棒
140552,7786,高宁,2021-09-13 15:27:20,3,3,0,上过老师两个学期的汉语课，备课很认真，老师超可爱的，超级友善，课堂也很好玩，上课氛围轻松有趣，强烈推荐！！！
140553,7786,高宁,2021-09-13 15:27:18,1,1,0,上过老师两个学期的汉语课，备课很认真，老师超可爱的，超级友善，课堂也很好玩，上课氛围轻松有趣，强烈推荐！！！
152605,7786,高宁,2022-04-15 14:41:12,0,0,0,老师真的好好好可爱，讲课也认真，而且不会闷，可惜只教汉语TT 好像继续上老师别的课
212012,7786,高宁,2025-01-13 04:30:57,0,0,0,老师超级好！是朋友之间的关系！给我们介绍好多东北的美食和景色，会记得每个人的名字和专业。每周的汉语课都是最期待的！
135568,8301,高一瑄,2021-05-14 10:26:38,-2,5,7,没有0分，我不开心
150014,8301,高一瑄,2022-01-18 09:32:40,0,2,2,选就对了！！老师人很好
153941,8301,高一瑄,2022-05-17 11:42:12,1,1,0,老师很好
158483,8301,高一瑄,2022-06-29 14:37:11,1,1,0,老师人很好，很温柔，两次都选了她的课，推！！！
164526,8301,高一瑄,2022-12-21 12:39:13,3,3,0,我的高姐🤤🤤🤤又好看 声音也好听 也很温柔\n\n但是很爱怼哈哈哈 但是老师很负责的\n\n选她没错！！！
164901,8301,高一瑄,2022-12-27 11:52:51,2,2,0,高姐真的超级棒啊！！！声音糯糯的，但是她也会指正我们的错误提醒我们，给分也超级好！！！\n\n❤️❤️❤️如果课程有容量，请务必选择高姐！！！
164902,8301,高一瑄,2022-12-27 11:54:31,1,1,0,选爆高姐！
165030,8301,高一瑄,2022-12-28 12:52:40,1,1,0,上了一学期感觉就是老师说话真的温柔，但是平时上课会点人回答问题
133726,8302,吕妍醒,2021-03-04 08:12:52,3,4,1,老师非常好
140512,8302,吕妍醒,2021-09-13 07:58:46,4,4,0,给分很好
142321,8302,吕妍醒,2021-11-10 07:12:55,5,7,2,老师非常好，选她绝对无误！
144302,8302,吕妍醒,2021-12-28 08:55:06,7,9,2,老师很漂亮，我的waifu 。
144330,8302,吕妍醒,2021-12-21 06:01:39,3,3,0,温柔～
144724,8302,吕妍醒,2021-12-23 10:39:47,2,2,0,老师非常好，课程很有趣，会点名。
145225,8302,吕妍醒,2021-12-28 10:14:38,3,3,0,好老师，温温柔柔事情不多
145916,8302,吕妍醒,2022-01-04 10:17:31,3,4,1,我希望每个老师会跟老师一样！老师又漂亮有优秀，绝对不会后悔
151059,8302,吕妍醒,2022-02-22 11:53:58,1,1,0,老师非常好。给分也很好。
154695,8302,吕妍醒,2022-06-03 14:50:39,1,1,0,老师很温柔，讲课也挺有趣。会特别点在钉钉不发言的同学回答问题，所以上课还是要多发言哦
155077,8302,吕妍醒,2022-06-08 05:40:56,4,4,0,满分10分还远远不能表达出吕老师的好，吕老师yyds！
157098,8302,吕妍醒,2022-06-22 02:22:54,0,0,0,老师非常漂亮。给分也非常漂亮
157506,8302,吕妍醒,2022-06-23 13:05:59,0,0,0,老师超温柔，超好的
158144,8302,吕妍醒,2022-06-27 07:27:27,4,4,0,老师好美～给分超棒～
171835,8302,吕妍醒,2023-04-07 04:15:59,2,2,0,神仙姐姐 选她没错！！
185107,8302,吕妍醒,2023-12-26 09:57:25,0,1,1,超级超级好的老师，上课特别体贴同学们，i人上她的课也很快乐！！！今天在食堂碰到老师，还分了点心给我，真的哭死。能抢到她的课就偷着乐吧！
185257,8302,吕妍醒,2023-12-27 11:09:06,1,1,0,还好吧
188528,8302,吕妍醒,2024-01-19 07:23:13,0,0,0,特别好的老师！帮忙改文章很耐心，给分很高！谢谢老师
189077,8302,吕妍醒,2024-01-21 15:21:10,0,0,0,神仙姐姐！！快选快选！会很耐心地帮你改文章！然后这个学期有一次小小的pre（纯自愿上台），老师会给上台讲的同学送一本书！给分也超棒！
196760,8302,吕妍醒,2024-07-05 03:41:58,0,0,0,仙女老师 谢谢你教我还有同学教的能让汉语变得更有趣，每一节课她都会问同学的问题然而如果答不对她也没骂同学，只是让我们再想一下，我觉得这样好棒好棒的。赞赞！最后也谢谢您一直以来的鼓励还有照顾我。非常非常感谢
207855,8302,吕妍醒,2024-12-24 13:29:34,0,0,0,人美心善
213400,8302,吕妍醒,2025-01-17 08:13:13,1,1,0,温柔的好老师！
213403,8302,吕妍醒,2025-01-17 08:24:00,0,0,0,老师人很漂亮很温柔୧꒰•̀ᴗ•́꒱୨   被捞到4.5了喵
214145,8302,吕妍醒,2025-01-25 10:34:34,0,0,0,一直叫我回答还给我那么低分qaq
214951,8302,吕妍醒,2025-02-19 09:08:09,1,1,0,感觉挺好的，本来不是很想认真上这门课的，觉得水一水就差不多了。但老师真的很负责，也是被带动的好好学起来了…\n\n收获挺大的（作为一个完全没有接触过论文的大一小灯来说）最后也是感谢给了4.8的绩点
201904,8303,沈煜,2024-11-07 09:29:59,0,0,0,汉语言专业最强老师yyds
195246,10090,冯巩,2024-06-27 11:57:44,-1,0,1,如果这个是上形策的那个老师的话，是很不错的老师
