评论id,老师id,老师姓名,发表时间,点赞减去点踩数量,点赞量,点踩量,内容
4232,19,吴媛媛,2015-06-18 08:17:03,0,6,6,很年轻很有爱的老师～
7981,19,吴媛媛,2015-09-16 10:57:17,0,2,2,很有爱的老师
8898,19,吴媛媛,2015-09-30 03:36:53,17,20,3,讲课无聊
9691,19,吴媛媛,2015-11-04 13:34:34,7,11,4,拖课！
9692,19,吴媛媛,2015-11-04 13:34:46,1,4,3,点名，无聊，拖堂
9693,19,吴媛媛,2015-11-04 13:58:35,0,2,2,无限拖课 有强迫症
9717,19,吴媛媛,2015-11-05 08:45:01,1,3,2,其实老师很好，拖堂的事不能那么片面
10572,19,吴媛媛,2015-11-22 02:31:44,0,3,3,拖堂点名讲的也是我们听不懂的茶与健康改成不考试期末ppt展示加论文第一堂课满怀期待的我看到这样一下就不好了坑课
10606,19,吴媛媛,2015-11-20 13:50:16,-4,2,6,给了我4.4的绩点那么就不黑了。这学期的课很坑，只要点个卯就可以溜、最后两节课展示ppt浪费时间。
10677,19,吴媛媛,2015-11-22 10:14:29,-1,0,1,老师太负责了~希望以后可以用三节课来展示ppt.怎么说呢~这个绩点给的~并不是特别高，但不知道其他同学怎么样。
10706,19,吴媛媛,2015-11-23 02:13:43,-2,0,2,很无聊，给分标准是怎样的，好想问啊
11008,19,吴媛媛,2015-11-24 00:12:48,0,1,1,我只能说，这个成绩不值得！坑
11074,19,吴媛媛,2015-11-24 05:08:24,0,0,0,拖堂一小时其实看在是期末考察还可以理解\n\n人还蛮好的 但是请允许我看着我的绩点哭一会 给分不算差 但是真的PPT考察太坑 交个论文不是差不多了
12155,19,吴媛媛,2015-12-22 06:01:55,1,2,1,给分太低\n\n
12772,19,吴媛媛,2015-12-27 07:59:18,2,4,2,老师人还是蛮好的 只是茶与健康本身内容真的有点无聊
13046,19,吴媛媛,2015-12-24 15:31:37,0,1,1,人很好啊!美美哒~课程结业论文在于看你有没有自己的想法，照抄书本人云亦云的当然拿不到好绩点
14021,19,吴媛媛,2016-01-03 16:38:17,1,3,2,拖课是真的有毒。。不过感觉高分给的还是挺高的，主要是通识的正态
16279,19,吴媛媛,2016-01-17 15:58:16,0,1,1,超级拖堂……坑课 很认真结果给分低
17925,19,吴媛媛,2016-01-21 04:06:29,0,1,1,课挺水的。但是讲的挺好的。
17965,19,吴媛媛,2016-01-21 04:53:31,0,1,1,给分不好，学不到什么东西
24893,19,吴媛媛,2016-05-04 08:39:23,0,1,1,给分差
65380,19,吴媛媛,2018-01-03 12:31:28,2,2,0,太，，负责了
68921,19,吴媛媛,2018-01-24 06:03:00,4,9,5,茶与健康，上课无聊，不停地吹浙大茶学系。事多给分差，似乎还有鼓励恶竞的意思。屠幼英和吴媛媛两位老师让我知道了所谓宇宙第一茶学不过如此。
74056,19,吴媛媛,2018-02-04 15:04:07,1,2,1,上到最后一节课突然“说你们来这节课是听什么的，是听我讲一些你们没听说过的嘻嘻哈哈的吗，这些我是讲的很没意思的。”首先真没人觉得那些东西有意思，其次既然没意思你为什么要讲。
74060,19,吴媛媛,2018-02-04 16:04:17,2,4,2,给分超级差……讲课态度也没有很好！
74062,19,吴媛媛,2018-02-04 16:17:04,2,4,2,上课要求很高，作为一门通识课，对学生的要求真的有点高啊啊啊，做个展示也会被不停diss。\n\n给分有点迷，做过一次展示的按理有分加（做展示的人也不多）但最后给分却不高，而且开卷考巨坑，PPT的东西变填空题，就是翻烂课本都找不到的哈哈哈，所以认真记笔记吧各位!\n\n最后只有4.2但是我觉得这门课付出太多不值
74071,19,吴媛媛,2018-02-05 00:52:20,4,5,1,上课无聊 还搞什么小组PK 回答不上来直接扣平时分 期末的ppt展示想做就做想不做就不做 还说要做就做好做不好就别做 感觉像在鼓励恶竞的意思 我觉得在课上没有学到我想要的东西
74083,19,吴媛媛,2018-02-05 02:27:13,2,3,1,反正就是奉劝各位。那些能水的课不是你能水的。除非你各种心机 把那些根本不重要的东西都去恶竞一遍。上的第一门水课。水课最大的弊端是你无法通过平时一些过程分数来体现你的学习甚至有助于期末的发挥。我觉得课很不错。但是被某些人恶心到了
74397,19,吴媛媛,2018-03-08 02:56:55,0,1,1,每次点名 很努力听课 每次积极参与 上课一点干货没有 绩点爆低 千万别选 误人子弟 上课就吹牛逼
78392,19,吴媛媛,2018-05-11 09:09:23,0,1,1,茶与健康，同屠幼英老师:会点名，每次都到了。考试开卷，考前囫囵过了一遍。晚课会犯困，醒的时候听的比较认真。会小组PK，不过真的不算麻烦，课上现翻就行。4.2，比较符合预期。老师上课讲的内容可能有点偏，甚至不是很有意思，不过我感觉老师人是很好的
126895,19,吴媛媛,2020-10-27 02:43:55,3,4,1,感觉还好啊，可以喝茶 期末不考试，但要写论文，不过还是要点名的
127619,19,吴媛媛,2020-11-25 05:19:48,-1,0,1,非常喜欢吴媛媛老师，然后期末不考试，平常没有作业，每次都要点名但可以请假，总之就是非常好，很喜欢她，希望还能选他的课（我可不是水军啊），强烈推荐
162328,19,吴媛媛,2022-11-20 06:46:43,3,3,0,给分我个人觉得还行，讲课内容确实比较无聊，但老师人很好，给分我个人感觉主要还是看最后的论文，因为除了论文和小组展示也没啥作业了，如果喜欢化学，那听着还是比较有意思的，否则就很无聊了，也可以权当水课，轻松地上（我们这次没有考试，是写论文，所以不知道考试难不难）
163414,19,吴媛媛,2022-12-14 08:40:34,2,2,0,茶与健康   水课啦，老师很认真，但是有点无聊，会带茶给我们喝，给分也不错，上课笑着讲，小班，氛围很好，给高分
163986,19,吴媛媛,2022-12-17 06:08:17,0,0,0,上课比较无聊，除了讲到部分化学知识以外，基本不是很硬核，可以写其他课的作业。我上的是秋学期的课，没有期末考试，就一篇期末论文和一次小组展示。事少，给分一般。我认真写了论文3.9，不高不低吧。老师上课像给幼儿园小朋友上一样，一直微笑，且语速很慢，虽然下面真的没什么人在听。。。中间有一节课还会带茶给我们喝。
1004,58,沈朝栋,2015-03-21 07:24:33,-1,14,15,栋栋太可爱了！超喜欢他！
1007,58,沈朝栋,2015-03-21 07:43:02,4,10,6,感觉整个职业生涯要交代在这里了
1042,58,沈朝栋,2015-03-21 13:16:25,0,9,9,萌神
2028,58,沈朝栋,2015-03-29 15:05:04,12,20,8,你们栋爹要是专心讲讲植物，真的算是园林的良心了。
2030,58,沈朝栋,2015-03-29 15:34:47,-35,5,40,我爱栋哥，都给了我九十分以上呢，学渣好开心
3229,58,沈朝栋,2015-05-21 11:51:18,-2,11,13,在欢乐中听老师吐槽这个吐槽那个  又能学到很多实实在在的东西
8356,58,沈朝栋,2015-09-19 06:35:39,37,40,3,恶意卖萌，给分神坑
10970,58,沈朝栋,2015-11-23 14:00:16,14,16,2,给分差
16460,58,沈朝栋,2016-01-18 06:49:36,-5,7,12,虽然不是园林专业出生 但传道授业解惑真的很尽力很务实!
19603,58,沈朝栋,2016-01-25 02:04:37,28,30,2,上课极其没有条理，完全意识流啊
23429,58,沈朝栋,2016-03-29 23:12:38,20,23,3,观念落伍 自视其高 没有像样的作品
31102,58,沈朝栋,2016-07-03 08:18:26,5,6,1,意识流不解释。
32843,58,沈朝栋,2016-07-18 04:57:26,6,9,3,讲的很乱，作业，考试题也很随意，交代不清楚，基本学不到什么，给分很差
32911,58,沈朝栋,2016-07-30 00:27:46,2,2,0,噢……柿子树和椤木石楠……我一辈子不会忘记……
33279,58,沈朝栋,2016-09-17 11:47:19,6,7,1,自此跟园林说再见。
52255,58,沈朝栋,2017-06-16 12:14:11,22,25,3,讲课极其混乱，没有条理，不敢相信这是接受过高等教育的浙大老师。年纪大了，跟不上新时代，多次发表不尊重女性言论，令人心寒。
52258,58,沈朝栋,2017-06-16 12:35:39,8,10,2,逻辑是什么？不存在的！
52259,58,沈朝栋,2017-06-16 12:40:36,15,20,5,多次发表歧视女性的言论比如妆容打扮+1观念老旧+1可怜的老头子
54694,58,沈朝栋,2017-06-30 04:54:54,-2,3,5,可爱的
57172,58,沈朝栋,2017-07-06 01:11:28,0,1,1,谢谢东爷不杀之恩……
57177,58,沈朝栋,2017-07-06 01:32:18,2,4,2,教学上如果注意系统性会更好。这学期他的两门课给分还可以...很感动
57178,58,沈朝栋,2017-07-06 01:42:06,9,11,2,作为老师对学生起码的尊重和正确的导向要有吧？不说给分至少同时上两门课老师您自己先分分清楚好吗
57189,58,沈朝栋,2017-07-06 03:05:09,2,3,1,上课混乱 给分差
57510,58,沈朝栋,2017-07-09 04:24:05,15,15,0,栋爷有弱水三千，我脑中是一漏勺。
58840,58,沈朝栋,2017-09-18 05:21:19,0,1,1,为什么论文字号大说要扣分…为什么加封面也要扣分…不知道实际扣不扣，先呵呵为敬
63527,58,沈朝栋,2017-12-06 04:29:39,10,16,6,大四之后爱上冬夜！跟凶悍的督导强调大四的学生很忙有自己的事情是体制有错并且坚持不点名！园林所唯一为学生着想的老师了！
68363,58,沈朝栋,2018-01-23 05:07:14,0,1,1,自求多福
72102,58,沈朝栋,2018-01-29 10:45:51,1,3,2,给分一般，人挺好，群里面一直在回答我们问题的
79485,58,沈朝栋,2018-06-06 16:24:58,9,14,5,真的要离开园林了才知道栋爷的好，比园林所任何一个老师都好。
79507,58,沈朝栋,2018-06-07 09:27:58,33,42,9,相比于园林所某些老师以及500人校友群里的那些傻逼，栋哥可能是唯一一个愿意承认自身专业水平不足，而不会恶意排斥别的学校别的老师(具体是谁我想大家都清楚)。愿意反省自身，反省专业教育的不足，而不是那种老子天下无敌的姿态，虽然喜欢骂人，但心地绝对很好。刀子嘴豆腐心。
82631,58,沈朝栋,2018-07-09 00:53:33,6,7,1,期末火葬场
85423,58,沈朝栋,2018-07-17 16:45:36,6,6,0,不点名，然而给分也太低了吧
87380,58,沈朝栋,2018-09-28 01:06:44,-3,0,3,。。。。。。。。。。
89899,58,沈朝栋,2018-11-21 07:42:08,12,15,3,太尼玛服气 非得要把大四学子逼死 园林所是在存心死了命折腾学生吗  一门非设计课突然变成设计课  要求贼多  还一副样子说自己理解学生 大家都不需要时间做事情搞申请了  你 们 存 心 要 把 我 们 对 园 林 最 后 的 好 感 毁 灭 掉
111075,58,沈朝栋,2019-06-29 12:56:35,0,4,4,马上毕业了 还是要回来给栋爷打个10分 对学生很负责 三观很正 好老师
111897,58,沈朝栋,2019-07-03 02:18:52,0,2,2,考前来评个分 求不挂(栋爷确实是挺可爱的 就是这提纲。。。有些混乱啊)
112086,58,沈朝栋,2019-07-03 12:50:38,0,0,0,跪求不挂
114481,58,沈朝栋,2019-07-10 05:17:18,2,4,2,给分真的是毫无b数啊，真的快被气死了，有点搞不清楚他到底是不是真正为学生着想
137968,58,沈朝栋,2021-07-07 02:49:28,7,7,0,不会做ppt就别做
138068,58,沈朝栋,2021-07-07 08:54:16,6,7,1,这是人能背下来的东西吗？
138191,58,沈朝栋,2021-07-08 00:59:38,7,7,0,😅按照大纲把大纲的内容有条理性地教教透就可以了而不是啥都想教东一点西一点，大多是学生又不是天赋型选手能在一个学期学会那么多植物
140421,58,沈朝栋,2021-10-08 12:49:54,3,3,0,哈哈 给分真低 无语啦
140610,58,沈朝栋,2021-09-14 09:22:33,3,3,0,至少不点名
153568,58,沈朝栋,2022-05-05 02:10:19,3,3,0,受不了了
158424,58,沈朝栋,2022-06-29 06:50:45,-3,2,5,沈老师人还可以
158954,58,沈朝栋,2022-07-04 11:58:41,-6,3,9,为学生考虑
159496,58,沈朝栋,2022-07-26 07:46:59,11,11,0,作为一名高校教师，是不是太没公德、太没逻辑、太没素质了。。。
171612,58,沈朝栋,2023-03-30 02:59:05,5,6,1,TM的骂人骂人骂人，就知道骂人nmd，设计作业还多，还不尊重别人劳动成果，cnm花好几个晚上做的图和ppt然后你说感觉没花什么时间？？？cnm怎么敢的
171651,58,沈朝栋,2023-03-31 02:15:07,2,2,0,我见过最恶心的不配为师的人
172023,58,沈朝栋,2023-04-17 15:41:16,7,7,0,如果一个房间里有希特勒，墨索里尼和沈朝栋，给我一把枪和两颗子弹，我会杀沈朝栋两次。
180791,58,沈朝栋,2023-09-26 08:30:55,1,1,0,给课程论文平分太随性了。可能是不喜欢听到和自己不一样的想法吧。
10414,88,吴殿星,2015-11-18 13:30:51,23,34,11,有趣，没作业，不用记课堂笔记
15878,88,吴殿星,2016-01-16 13:28:10,5,9,4,强推！老师可爱又好！
16318,88,吴殿星,2016-01-18 02:44:01,5,16,11,老师上课还算不错，会发零食，但是最后给分挺坑
20599,88,吴殿星,2016-01-29 00:57:50,3,7,4,老师超级好，最后一节课还bg我们
25969,88,吴殿星,2016-06-14 15:59:30,0,4,4,好！好！绝对好
27129,88,吴殿星,2016-06-23 06:26:20,2,5,3,会bg！
34476,88,吴殿星,2016-11-15 06:53:08,8,19,11,老师很和善，想水的话也可以，认真听课也很有收获的.平时没作业，只要期末写论文就好了，用心写给分也挺高，我就上4了
35087,88,吴殿星,2016-11-02 00:54:56,3,5,2,很和蔼的老师
35604,88,吴殿星,2016-11-10 07:31:31,0,2,2,轻松惬意
35747,88,吴殿星,2016-11-15 03:13:24,-3,4,7,大学第一门满绩的课
36058,88,吴殿星,2016-11-10 11:05:17,0,3,3,老师还发零食，一大袋，上课态度很好，感觉很舒服
36458,88,吴殿星,2016-11-14 02:33:10,11,15,4,上吴老师的课很多福利啦，比如吃，吃，吃……平时没什么事，只要期末交论文就行啦……只是绩点不高？可能只是我太渣了
36465,88,吴殿星,2016-11-14 03:53:25,8,11,3,我爱吴殿星\n\n这门课可水可听 没作业 不考试 只有期末小组展示和一篇小论文\n\n小组展示一定要去展示 要有特点  一定要让老师记住你\n\n老师还会给你发吃的喝的 还会bg\n\n怎么会有这么好的老师
36469,88,吴殿星,2016-11-27 16:03:19,-4,4,8,可以水的课 老师会bg \n\n作业是一篇论文加小组展示 \n\n哈哈哈第一门通识居然满绩了\n\n
36485,88,吴殿星,2016-11-14 07:42:18,0,3,3,老师超好 给分很棒 还会发一些吃的 很有意义的一门课
36495,88,吴殿星,2016-11-14 09:28:07,7,14,7,给分好坑
36496,88,吴殿星,2016-11-14 09:35:21,1,4,3,老师人很好！认真写论文上课坐前排展示做组长分数就不会低了。会发各种零食。
36527,88,吴殿星,2016-11-15 11:54:04,-3,1,4,老师人很随和。
36555,88,吴殿星,2016-11-15 01:03:55,0,9,9,给分特坑 辣鸡
36573,88,吴殿星,2016-11-15 11:33:31,0,3,3,老师很好，发特产和减肥产品，提前放学，主动bg，论文不用按格式写。中途会点名一次，坐一二排有加分。
36604,88,吴殿星,2016-11-15 04:49:30,0,4,4,老师讲的课很贴近生活，如果你想好好听的话要坐在前面，老师人很好，下课早，会发礼物，会bg，轻松不麻烦，期末一篇没有什么限制的论文，好好对待给分好～
36619,88,吴殿星,2016-11-15 06:00:12,0,3,3,水过去的一门课 写作业之余听一下还是能听到很多生活小tip的 期末只有一篇论文挺轻松的 虽然我的绩点不是很高但是也很满意了毕竟没有当小组长也没做展示嘛 老师真的很好会各种bg 如果坐前排福利很高 有一次坐后排抢到了一罐方便糊真是不容易
36664,88,吴殿星,2016-11-15 08:42:57,0,2,2,挺好的推荐选
36749,88,吴殿星,2016-11-16 01:45:26,2,7,5,评分机制太简单 题目限定 没有努力空间 通识最低分
36970,88,吴殿星,2016-12-12 12:44:35,2,5,3,这老师超级好！！同是衢州老乡，感觉很亲切。然后每节课会BG大家！！经常带来很好吃的东西，，，，超级赞。。
37034,88,吴殿星,2016-11-17 07:09:16,0,4,4,老师上课还是不错的，有趣有营养。就是给分有点迷，大学最低通识……不知如何通过短短两页纸评判分数的，同组的同学整高了接近一分的绩点……
37037,88,吴殿星,2016-11-17 07:11:40,-3,1,4,事少人好给分高
37365,88,吴殿星,2016-11-18 13:27:50,-2,0,2,只要小组PPT和期末论文就好啦，老师还会bg
37977,88,吴殿星,2016-11-22 14:20:17,0,1,1,生活实际有用
38537,88,吴殿星,2016-12-08 05:24:16,2,4,2,挺有意思的，既有吃的（真的是吃的），又有关于农业的知识，老师很可爱，口音的话，忍忍就过去了。最后展示按专业分小组分配专题，给分还不错。第一节课点名认识一下大家，布置课题的那节课点名，貌似坐前排混脸熟会给他留下好印象。最后还会请吃饭，但大家好像参与热情不高。
38616,88,吴殿星,2016-12-12 11:39:39,5,7,2,酒很烈，喝得我上课都不敢开车了。
43958,88,吴殿星,2017-01-17 07:08:44,0,2,2,轻松，还会发零食哦\n\n写论文看中态度，通识课关键是认真
43965,88,吴殿星,2017-01-17 07:14:47,2,4,2,老师好棒啊，萌萌哒，上课发各种实验室的产品，还会BG，食堂三楼，记住，是顿大餐
44000,88,吴殿星,2017-01-17 07:47:17,0,2,2,讲的有趣的，虽然是功能型农业与健康，但大部分讲一些食物啥的，还是蛮科普的。没作业 压力小 老师会给我们带零食
44116,88,吴殿星,2017-01-17 09:42:36,0,1,1,很水，期末论文好好写，再加小组展示认真点，就好了
44245,88,吴殿星,2017-01-17 13:00:24,0,2,2,老师很可爱啊！！给分好！好好写论文就好！展示好像也不怎么看。。但一定要做组长哦！有bg！！！唯一的遗憾就是没吃到老手的bg……
44348,88,吴殿星,2017-01-17 15:52:12,2,4,2,课还不错老师人也挺好 不过给分确实有点随意只有组长分才会好 通识最低了
44547,88,吴殿星,2017-01-18 02:46:11,1,2,1,超可爱超随性的老师，喜欢bg同学们呀，经常给同学们带吃的分～讲课内容其实对食品营养健康还是很实用的干货～老师会努力认识大家，记住大家的名字和人～事情少，给分好，这么好的课强推！
62085,88,吴殿星,2017-11-22 11:01:06,0,1,1,我都不知道中文还有这种连读……………
65736,88,吴殿星,2018-01-08 15:31:43,1,1,0,和学生做朋友的好老师！
65949,88,吴殿星,2018-01-10 12:12:06,0,0,0,老师超可爱
66087,88,吴殿星,2018-01-11 13:03:35,8,10,2,他说，大学不要只是忙着学各种课，要给自己时间空下来，想想自己要什么，未来怎么走。
69505,88,吴殿星,2018-01-25 01:40:45,0,1,1,平时讲的都是生活小知识挺有趣哒，坐前两排写作业，写一会儿听一会儿。中期论文认真的写了3000字，期末都是随堂测大家都不需要准备然后4.8~超开心！强烈安利这门课！
69512,88,吴殿星,2018-01-25 01:52:41,2,2,0,学了一些感兴趣的，老师人也很好，\n\n
69541,88,吴殿星,2018-01-25 03:15:13,2,4,2,可以水，但是要是想听的话很有意思，论文和作业分数完全靠你的态度，我感觉自己写的不是很好但最后绩点4.8，很开心
69562,88,吴殿星,2018-01-25 03:56:07,0,1,1,喜欢，大爱吴老师
69596,88,吴殿星,2018-01-25 04:49:31,0,0,0,事少给分好~
69786,88,吴殿星,2018-01-25 11:35:09,0,1,1,老师人很好 给分也很好 事情很少
69961,88,吴殿星,2018-01-26 00:23:41,0,0,0,老师讲课的内容挺充实的，而且事情较少
70743,88,吴殿星,2018-01-27 12:55:27,-4,0,4,坐前排，作业不要太拘泥，有创意和思想比较好。轻松满绩。
74008,88,吴殿星,2018-02-04 05:19:36,0,1,1,老师人好 总共只写了两次东西 开放 说出自己的想法 但是给分的话就很迷 我觉得自己低了 建议农学的选
74602,88,吴殿星,2018-03-04 14:20:11,0,1,1,浙大目前遇到的最好的老师！！！
75753,88,吴殿星,2018-03-16 08:44:15,0,1,1,不错的课
77494,88,吴殿星,2018-05-06 04:18:42,0,2,2,给分好，事情少\n\n
80078,88,吴殿星,2018-06-19 15:56:36,0,0,0,放轻松
92105,88,吴殿星,2018-12-26 11:46:25,0,0,0,好老师！轻松的课！\n\n但是老师说话有点模糊，我不是太听得清，所以就上课体验不怎么好。
93084,88,吴殿星,2019-01-07 08:43:57,0,2,2,事情少，期末只要交论文，建议选。
93389,88,吴殿星,2019-01-20 10:11:21,0,1,1,今天出分了，就...正常分数吧，不高不低的
93404,88,吴殿星,2019-01-09 12:09:19,0,1,1,十分可爱的老师，老是让我们要空闲下来，还会请吃的，点一次名，事少，给分还不知道
95625,88,吴殿星,2019-01-19 16:24:44,1,3,2,感觉老师上课很随便，没有花多少时间备课，就是照着ppt念念，而且让我感觉ppt也不是他自己做的。。。老师的口音听起来也有些费劲。当然了很好水，只点过一次名，事情就期末一篇2000-3000的论文，我的绩点也还不错，上4了。老师人确实很好，会讲点他对我们的建议忠告，最后一节课还买了零食请大家吃。
95632,88,吴殿星,2019-01-19 16:39:38,2,2,0,很好啊事情少，只要一篇论文。\n\n最后节课还会请吃东西！
95644,88,吴殿星,2019-01-19 22:29:24,6,7,1,人好，事情少。整个课程就一篇论文而且规定上限，注意格式鸭！认真听其实能有不少关于健康的知识。老师人真的好，BG前排同学，最后一节课还带吃的。最触动的是，他总是提醒大家大学不能只是学习，要停下来想想。也不必太在一每一门课的绩点。诸如此类的教导，让人深深触动。
95659,88,吴殿星,2019-01-19 23:46:33,3,6,3,第二门通识 第二次卡绩（影响最小的那种）?  不过老师上的内容真的很赞 只在乎于你想不想去听 内容的想法有没有足够多的思考 可以说是很大学的一门课 随和、理解、博学等等每一项都是那么的迷人！
95663,88,吴殿星,2019-01-20 00:01:20,4,4,0,吹爆!!!!!!\n\n真的很体谅我们qwq
95674,88,吴殿星,2019-01-20 00:36:25,5,5,0,老师超可爱，上课属于你想听就可以听，会有收获的，不想听也能自习的那种，还请大家吃东西，超感动。
95677,88,吴殿星,2019-01-20 00:51:39,0,2,2,给分坑
95692,88,吴殿星,2019-01-20 01:59:12,0,3,3,啥也不说了，我被正态了！！！
95703,88,吴殿星,2019-01-20 02:17:59,3,3,0,老师很好，好好写论文
95734,88,吴殿星,2019-01-20 03:01:34,3,3,0,给分好\n\n
95756,88,吴殿星,2019-01-20 03:46:38,2,3,1,老师特别可爱，上课可听可水，给分很棒，还会bg和请大家喝酒吃小零食
95772,88,吴殿星,2019-01-20 04:26:16,1,1,0,老师特别好  人很幽默又很憨实  很温暖\n\n事少给分好  好老师！
95853,88,吴殿星,2019-01-20 06:27:30,7,7,0,最后一节课会bg哦，做前两排可以快乐的挑选东西吃。作业只有一篇论文，可以说很轻松了。老师课上会介绍一些生活小知识，认真听很有收获呢—富硒米其实不好，下次减肥可以早上吃红薯。给分的话有一点点不满意呢，好像被被卡绩了?
95877,88,吴殿星,2019-01-20 07:17:57,4,6,2,老师人挺好，上课可以水，作业只有期末论文，但是给分真的迷。。。。我的论文有很认真的写，结果给我3.0??哭晕
96061,88,吴殿星,2019-01-20 12:10:19,1,2,1,貌似一个学期就点了一次名。只有一篇期末论文，事情很少。最后一节课会BG。非常可爱的老师，认真听还是能学到很多知识的！认真写了期末论文，没有鹅颈，三千字左右，也没有坐在前排，老师给了4.8。超快乐！绝对是好老师！
96131,88,吴殿星,2019-01-20 13:17:14,1,1,0,更多关注科研而非课堂的老师，听课会觉得是在跟科学家交流，很享受。最后一节课会发零食，注重论文的创新性，给分很好，下课早，有时间会告诉你很多课堂以外的道理，在大学生活中很受用。
96794,88,吴殿星,2019-01-21 10:02:30,3,4,1,文科生听了也很感兴趣！！老师人特别好，还会给学生送小零食呜呜呜！米酒真好喝！我每次去都要坐前排，讲的东西很实用了。很羞愧都是一边写作业一边听，但是期末论文写得很用心，老师还比较注重排版什么的，满绩啦，比心心～❤️
120671,88,吴殿星,2020-01-15 01:19:17,1,1,0,上课轻松事不多
120686,88,吴殿星,2020-01-15 08:10:21,1,2,1,挺好的就是绩点不高，可能是我太菜了吧
120991,88,吴殿星,2020-01-19 07:39:35,-1,0,1,上课和我喝醉了
121015,88,吴殿星,2020-01-19 08:43:46,-1,0,1,老师语速很快，能一口气讲很久然后提前下课。最后一节课会bg。其实干货不是很多，要想水的话选他没错_(:_」∠)_期末论文认真写了给分应该还不错。
121144,88,吴殿星,2020-01-20 00:46:53,0,1,1,上课会点名，论文定绩点，但基本没有其他课程任务，老师是很好的老师，只是我太菜了qwq
128377,88,吴殿星,2020-12-22 02:36:06,-9,0,9,22门课程满绩，获最高层次奖学金！她在浙大逐梦前行\n\nhttps://mp.weixin.qq.com/s/TWY-cRUE3g4_1WkWoOqpyg\n\n彭影彤并不拘囿于农科专业内的学习，而是敢于跨界突破，致力学科交融。这起源于彭影彤大一时，在原子核农业研究所吴殿星教授处的科研实习经历。吴教授曾带领她们参观彩色水稻的生产应用及推广基地。在此过程中，彭影彤认识到，纯粹的科研技术不足以将实验室内的研究成果推广至现实应用，其中管理学与传播学思维起着不可或缺的作用。
133268,88,吴殿星,2021-02-22 07:33:33,0,1,1,实验室导师、浙江大学农学院吴殿星教授说：“种业是农业的芯片，种业做好了以后，可以从保障粮食安全，或农业生产环保等方面，对国家经济做贡献。我们科研要花费比较多的时间，甚至有时候要牺牲一些节假日的时间，但我个人认为是非常有意义的。”\n\nhttps://mp.weixin.qq.com/s/EZEKRbT6hyVQxIDrn6LLAg
149114,88,吴殿星,2022-01-14 12:24:19,1,1,0,不需要听，期末一篇两千字论文，给分不咋滴
149412,88,吴殿星,2022-01-15 08:59:13,0,1,1,期末论文很认真准备了，上课也都坐在第一排仔细听。付出和成绩成正比，感谢老师给的满绩。
165443,88,吴殿星,2023-01-05 12:37:17,1,1,0,老师点名出其不意，但是人很好，课水但是听起来还是有意思的 论文只要两千字，老师给分也还可以 乱写的论文4.2（但是写得很痛苦，比秋学期那节花了很多时间的通识给分还高
165452,88,吴殿星,2023-01-06 07:41:50,1,1,0,老师的课可水但绩点一般般吧，可能比较求是，今年写的论文目很陌生虽然认真痛苦的写了好久但还是比较拉垮了（绩点哭哭）
165475,88,吴殿星,2023-01-06 18:21:34,0,1,1,给分不好，慎选，以前怎么样不知道，反正22年冬学期上课体验感差，给分也不好
165741,88,吴殿星,2023-01-09 12:57:02,0,0,0,给分很好，论文没有花特别多时间，但是认真写的，4.8，平时事情非常少，课不听影响也不大，也没有小组作业
166042,88,吴殿星,2023-01-11 02:39:31,0,0,0,给分主要看论文吧，2000+的论文我写了3000+，改过很多次，格式也很规范，最后4.8
168551,88,吴殿星,2023-02-19 10:22:07,0,0,0,老师给分好好🤤
186304,88,吴殿星,2024-01-10 11:56:30,1,1,0,呜呜呜呜呜老师给分真的很好 课上其实讲的东西真的挺有趣的 也很水 他甚至很体谅大家呜呜呜10分必须给
186341,88,吴殿星,2024-01-10 14:16:31,0,0,0,很好的老师，有真正的大学老教授风度。功能型农业这门课不点名事少给分不错，作业只有一次课堂互动和一篇论文，论文瞎掰扯，最后4.2已经满足。
186730,88,吴殿星,2024-01-12 23:47:19,0,0,0,老师人很好很温和!
187686,88,吴殿星,2024-01-17 06:36:03,1,1,0,上课很有趣，能学到一些减肥小妙招，没有作业，最后论文写认真点分就很高。还会带零食给我们，上到酒那一课还带了酒来让我们品尝。真的是很好的老师！都给我选！
206403,88,吴殿星,2024-12-15 03:02:44,0,0,0,非常和蔼的老师，给分也很好！
207835,88,吴殿星,2024-12-24 12:17:53,2,2,0,《功能型农业与健康》课讲的很有趣实用，最后一节有酒有零食。
207836,88,吴殿星,2024-12-24 12:19:01,1,1,0,非常好
207861,88,吴殿星,2024-12-24 14:07:00,3,3,0,超级好的老师，最后一节课把家里的小零食和酒都带来了，还告诉我们要学会闲下来找到自己真正喜欢做的，谁懂，在卷绩点的环境里遇到这样的老师真的很感人૮₍ɵ̷﹏ɵ̷̥̥᷅₎ა
208512,88,吴殿星,2024-12-28 15:07:29,2,2,0,吴老师超级超级好，选他选他
210334,88,吴殿星,2025-01-09 02:39:46,0,0,0,1.课程内容有意思的，大概是食品营养学\n\n2.最后一节课老师带了几罐酒和一堆零食，然后上课的时候教室里一股酒味hhh总之氛围很好了\n\n3.这学期签到了三次，签到的方式比较意想不到所以平时一定要过去上课\n\n4.给分好，本人漏了第一次签到orz但是论文很认真很卷，最后被捞到89
210369,88,吴殿星,2025-01-09 04:04:00,0,0,0,满分不多说
20362,90,姚洪渭,2016-01-27 07:08:07,15,22,7,蛮认真的一位老师，很可爱，讲得棒。
20857,90,姚洪渭,2016-02-02 14:14:31,0,2,2,讲的挺好的老师，认真听收获很大
20965,90,姚洪渭,2016-02-05 13:01:42,0,2,2,看了老师上课的视频，毛毛虫也萌萌哒～
26761,90,姚洪渭,2016-06-21 05:10:26,1,3,2,挺可爱的老师。
33757,90,姚洪渭,2016-09-21 11:01:40,0,2,2,老师很好，讲的课有很多素材，信手拈来，讲的很生动。知识也很丰富
36271,90,姚洪渭,2016-11-11 11:26:25,0,2,2,老师人挺好的
37206,90,姚洪渭,2016-11-18 01:57:41,-1,1,2,特别好的老师 讲课很有趣
59247,90,姚洪渭,2017-09-20 10:52:45,-1,1,2,很有趣，很渊博，愿为学生考虑。
59249,90,姚洪渭,2017-09-20 11:02:32,0,3,3,幽默风趣！愿意在正态分布的范畴内给我们打高分！取消了我们的期末论文，改变了考试形式，很棒！
59252,90,姚洪渭,2017-09-20 11:16:05,-1,1,2,很愉快\n\n
61069,90,姚洪渭,2017-11-08 01:54:12,0,2,2,事情很少，为人温和
63067,90,姚洪渭,2017-11-28 06:22:54,-1,6,7,凭什么给我3.3
63077,90,姚洪渭,2017-11-28 07:40:36,-1,2,3,水水的，还可以
63297,90,姚洪渭,2017-11-30 07:44:47,0,2,2,很棒的老师
86932,90,姚洪渭,2018-09-19 12:03:17,0,2,2,超好的老师，太棒了，很幸运选到他的课
86933,90,姚洪渭,2018-09-19 12:04:43,0,5,5,没期末考试没平时作业老师超可爱的?
93411,90,姚洪渭,2019-01-09 12:32:18,0,2,2,超可爱！！！我超爱他
94162,90,姚洪渭,2019-01-15 11:07:28,0,2,2,这么可爱的老师评分不上9？？
101246,90,姚洪渭,2019-01-28 02:39:58,0,2,2,老师太可爱啦！会给我们讲在国外的事情 关心同学怕我们负担太重哈哈考前反复强调不难不难！4.2好开心！
104671,90,姚洪渭,2019-06-14 00:31:14,-17,4,21,垃圾！
104689,90,姚洪渭,2019-03-26 03:57:03,13,21,8,谢谢老师，让我找到了女朋友
121403,90,姚洪渭,2019-12-16 10:33:29,0,1,1,可爱死了
122500,90,姚洪渭,2020-03-02 12:29:44,3,6,3,讲课比叶老师好很多，也很和蔼，只是最后被正态了
133267,90,姚洪渭,2021-02-22 05:57:13,2,3,1,姚老师教得挺好的
135637,90,姚洪渭,2021-05-17 19:42:13,0,1,1,很好的老师～
137669,90,姚洪渭,2021-07-05 14:03:50,0,1,1,上课很有趣
149272,90,姚洪渭,2022-01-15 02:59:13,1,2,1,老师很能体谅大家，讨论课老师很认真地参加了，上课也很风趣，我觉得挺好的一个老师
163694,90,姚洪渭,2022-12-16 03:12:13,0,1,1,老师好和蔼，丝毫没有架子，讲课很有感情
166119,90,姚洪渭,2023-01-11 07:08:46,0,1,1,生物安全讲得不错的
170322,90,姚洪渭,2023-03-03 01:07:14,-1,0,1,姚老师超级可爱超级亲切，生物安全也很给分不错！
179500,90,姚洪渭,2023-09-17 15:59:20,0,1,1,谢谢老师，让我找到了男朋友
200586,90,姚洪渭,2024-10-20 06:07:02,0,1,1,好评～
207840,90,姚洪渭,2024-12-24 12:23:10,0,1,1,伟大无需多言！
209500,90,姚洪渭,2025-01-06 06:17:24,1,1,0,感觉上过来一般偏下
212911,90,姚洪渭,2025-01-15 08:36:24,1,1,0,老师很好的，生物安全PPT做好，讨论课稍微积极一点，给分好的（本人4.8）\n\n感谢姚老师🥺
212945,90,姚洪渭,2025-01-15 10:07:09,1,1,0,姚老师挺有亲和力的，上课直接告诉大家讲课就是科普，不想听可以做自己的事，讨论课也都会来，感觉很负责的老师
118209,103,杨景华,2019-10-23 03:13:16,5,5,0,每节课都点名\n\n“至少你们都来了，虽然不怎么愿意听，但至少也都坐那儿了嘛”\n\n不怎么愿意听太真实了蛤蛤蛤蛤蛤\n\n感觉就是积累经验的年轻老师吧。。。会讲例子 会讲生活经验 早课有点困 逻辑还是清晰的 认真听也能了解不少 至少不会觉得园艺就是在玻璃房里养花了。。。 总体及格吧 一篇2000+论文一次展示 事不算多 毕竟现代园艺概论也就一学分 还没结课不知道给分怎么样 出成绩了再来补
119958,103,杨景华,2019-11-17 02:02:12,0,1,1,还不错，
112412,115,祝水金,2019-07-04 04:55:10,1,3,2,太恶心了，偷偷给自己系的学生多一份复习资料，然后考了很多大班复习资料没有的，技术性绩点分配，厉害了
115487,115,祝水金,2019-07-28 05:06:51,4,6,2,东扯西拉，言之无物，没有真才实学，还老被自己自以为是的“幽默”感动。
125581,115,祝水金,2020-09-12 00:16:29,6,7,1,给分超级差，讲课也不觉得也多好，学长学姐说题目随便出的，可能很多教授觉得这样自己很厉害吧，受苦还不是我们
165283,115,祝水金,2022-12-31 03:22:07,14,15,1,真是依托答辩啊，邮件也不回钉钉也不看，学生的成绩在你眼中算是什么？能别选千万别选，敬告学弟学妹
178441,115,祝水金,2023-07-11 17:08:03,0,0,0,.......
199450,115,祝水金,2024-09-24 02:29:16,1,1,0,仁济😪😮‍💨
206634,115,祝水金,2024-12-17 01:00:30,1,1,0,史中史
2863,214,叶恭银,2015-05-09 08:09:38,11,15,4,呵呵搭，ppt比赛。。。\n\n
3179,214,叶恭银,2015-05-19 07:25:41,15,23,8,给分略坑。。对ppt大赛无语
5607,214,叶恭银,2015-07-08 16:00:39,3,4,1,课程很没劲…
7689,214,叶恭银,2015-09-15 09:06:24,0,1,1,呵呵嗒
7985,214,叶恭银,2015-09-16 11:24:10,0,1,1,疯疯疯
9835,214,叶恭银,2015-11-10 13:04:30,-3,3,6,……啦啦啦
10704,214,叶恭银,2015-11-23 01:58:01,5,6,1,坑死啦
10718,214,叶恭银,2015-11-23 03:05:18,0,1,1,给分不好
10768,214,叶恭银,2015-11-23 04:54:04,4,6,2,上课水，分数低
10786,214,叶恭银,2015-11-23 05:17:54,6,11,5,上课水，给分低到爆，后悔死了，绩点被拉了辣么多
10938,214,叶恭银,2015-11-23 11:22:37,1,2,1,没有更后悔
11088,214,叶恭银,2015-12-07 01:54:36,0,4,4,其实也还好啦
11173,214,叶恭银,2015-11-25 03:12:47,9,10,1,超级坑，千万不要选，做了好多，给分超低
12284,214,叶恭银,2015-12-23 00:33:09,6,14,8,绿色农业和环境安全就是水课，学到的知识没有实用性，而且给分不高，只写论文和opt，不好
12857,214,叶恭银,2015-12-24 06:44:02,1,2,1,千万别选，只会更坑。ppt做了和成绩是没有关系的。
13706,214,叶恭银,2015-12-30 11:18:26,4,6,2,绿色农业真的超级坑！！！
15227,214,叶恭银,2016-01-17 12:43:50,0,2,2,OMG
19646,214,叶恭银,2016-01-25 04:04:18,17,21,4,绩杀不解释
20963,214,叶恭银,2016-02-05 12:56:52,0,8,8,老师很关心学生发展，上课内容丰富，然而................................绩杀！
26375,214,叶恭银,2016-06-17 08:10:46,2,6,4,绩杀，慎选
27030,214,叶恭银,2016-06-22 10:15:26,-2,5,7,我上了两门老师的通识课...都上4.5了 虽然也觉得上课内容水 不过总体来讲好像也不是那么糟糕
28715,214,叶恭银,2016-06-28 12:46:57,0,6,6,我的给分还行……ppt要认真做，但是可以不讲（我怀疑讲的不好反而会拖后腿）。
33761,214,叶恭银,2016-09-21 11:25:02,2,3,1,呵呵哒
37135,214,叶恭银,2017-01-22 23:43:15,9,11,2,我他妈一个学期都在填这门通识课的坑。如果你有自信其他主课都4.5+的话请随意。
37172,214,叶恭银,2017-01-14 04:02:28,-4,15,19,很好的老师啊 不知道为什么大家都不喜欢\n\n我期末4.8\n\n就ppt和论文好好做\n\n老师人性格很好啊\n\n还在下课和我们聊天
37203,214,叶恭银,2016-11-18 01:54:46,-2,6,8,老师人挺好的 最后论文要认真写 要有自己的新意
37292,214,叶恭银,2016-12-14 10:58:16,4,5,1,郁闷，绩杀
37408,214,叶恭银,2016-11-18 16:22:48,-2,4,6,生物的多样性与安全……我想说秋学期的课我全程在做微积分水手机，最后得知要交论文+ppt，在一天半内完成后，居然有4.5 4.5啊我在浙大的第一个绩点啊。我真的已经很满意很满意了。老师上课我也没听过，但是人很有趣啊啊啊啊。强烈安利……老师会发资料，上课会签到～爱叶老师～
37566,214,叶恭银,2016-11-19 13:23:46,0,4,4,可以不听，论文还是要写
40034,214,叶恭银,2016-12-29 01:56:33,0,3,3,课是真的水。但是上课水水过期末做个论文+ppt真的很轻松啊！其实对老师也没有多大的感觉，毕竟没怎么听...但莫名觉得老师有种“殷切”的感觉，叶老师来上的时候觉得完全不听会不好意思。
45930,214,叶恭银,2017-01-20 09:20:57,3,4,1,。。。。。。
57518,214,叶恭银,2017-07-09 07:17:47,2,5,3,呵呵，给分超低，听了跟没听一样
65738,214,叶恭银,2018-01-08 15:41:36,-7,3,10,老师的科研水平挺好的，人也很好！给分就看命了！
78122,214,叶恭银,2018-05-09 11:58:57,7,10,3,不要再用自己的均绩去检验他是不是绩杀了，他真的是
78224,214,叶恭银,2018-05-10 05:21:49,3,5,2,无聊，绩点还低
78226,214,叶恭银,2018-05-10 05:25:01,5,7,2,差评差评差评差评
78228,214,叶恭银,2018-05-10 05:41:09,-3,5,8,到课人数不是很多，有些人根本没到，当然不可能参与小测，所以低绩点很正常啊...
79875,214,叶恭银,2019-03-10 11:21:34,-7,8,15,从老师身上看到满满的对生物的热爱呀，给分也很好
84289,214,叶恭银,2018-07-12 12:42:29,5,6,1,差评差评，
85459,214,叶恭银,2018-07-18 05:42:06,7,9,2,感觉有点自以为是，给分也不好
91769,214,叶恭银,2018-12-19 16:38:49,12,17,5,水！事情多！讲的真的烂！\n\n期末才布置论文！深井冰
91854,214,叶恭银,2018-12-23 05:41:22,11,15,4,上课不讲课，胡七八扯，论文讲不清要求，临到最后高要求。大家辛苦了
100771,214,叶恭银,2019-01-26 23:29:36,10,12,2,这绩点。
101247,214,叶恭银,2019-01-28 02:41:30,-8,5,13,没有绩杀呀！而且老师也在丰富课程设计 现在有平时的课堂展示期末的小论文和期末考试还有小测 这样子不能叫无缘无故的绩杀吧！而且老师幽默风趣 喜欢！
102479,214,叶恭银,2019-02-03 07:54:05,27,40,13,屎课！\n\n有这么高的评分真是不可思议！\n\n给一分，因为没有比一分更低的分数。\n\n上这节课无异于\n\n浪费时间！\n\n浪费青春！！\n\n浪费生命！！！\n\n首先，大课在那种氛围下几乎学不到任何东西！\n\n其次，讨论课就是瞎扯淡！\n\n（我们那个助教，五年级的博士，根本不能正确地引导我们，懂么不懂还搞专治，唯一一次实验还搞反了试纸，误导了全班同学！）\n\n还有的话，考试开卷却没有课本，毫无目标毫无意义！\n\n选了这门课，你只会浪费很长时间去瞎扯一篇论文！\n\n如果你不想浪费时间浪费生命浪费青春浪费绩点\n\n就万万别选此课，\n\n倘若你喜欢瞎扯，闲得无聊，浪费生命也无所谓，那你也可以选这门课试试。\n\n这真的是门给浙大丢尽脸的屎课！\n\n屎课！\n\n三学分啊大家想想清楚！\n\n和大英，c程这种课一样的学分呐！\n\n我感觉0.1学分都不值！\n\n屎课！\n\n
106199,214,叶恭银,2019-04-25 13:40:04,6,7,1,垃圾！
109703,214,叶恭银,2019-06-18 13:59:52,4,5,1,垃圾！！！\n\n
109948,214,叶恭银,2019-06-20 12:27:27,4,5,1,。。。
110614,214,叶恭银,2019-06-27 15:55:26,3,4,1,大垃圾
114104,214,叶恭银,2019-07-08 23:15:25,2,3,1,垃圾 大垃圾 考的最有信心的课 给我卡?不说就这么点？？？我日
115452,214,叶恭银,2019-07-24 23:47:10,0,2,2,超级超级大垃圾
115874,214,叶恭银,2019-08-22 16:30:29,0,1,1,太垃圾了
119224,214,叶恭银,2019-11-11 10:39:32,3,5,2,叫生物安全不如叫转基因好了！
121233,214,叶恭银,2019-12-26 09:55:01,-1,0,1,垃圾东西
122499,214,叶恭银,2020-03-02 12:28:51,1,2,1,讲课声音小，还无聊，最后还被正态qaq
122826,214,叶恭银,2020-04-11 08:25:15,2,5,3,生物安全这门通识事情是真的多，两个mooc，知到app，每周课堂展示（每周，真的），课堂展示后的讨论报告，期末论文，完全没有书的开卷考试，真的会搞崩的呀！！！上学期真的压力山大，心里还愧疚为啥别人周末都学硬课，而我不停地刷视频（课堂内容）wwww，每周的展示心里压力挺大的，结果组长一个人包圆，就搞组内竞争。哎，不是真的没有通核上了就千万别来吧，诚劝！！！
123636,214,叶恭银,2020-06-11 02:14:03,3,13,10,怎么说呢，通识课是有正太的。评价的都是被正太掉的人来发泄。课的确有点无聊，事跟其他的通核其实差不多，老师在认真讲，听不进的话不听也没关系，考前拿PPT看看就行，高中有生物基础更好，水得更轻松。我开始看到这个评分也很怕，但大家还是不要太片面了。
129580,214,叶恭银,2021-01-07 18:21:33,-1,3,4,《生物安全》课很烦，不要选，我甚至已经不在意绩点了，完全被课程内容折磨疯了，希望不幸选了他的课的同学，不要遇见sb队友。
136426,214,叶恭银,2021-06-18 01:36:12,2,4,2,老师很好啊，很和蔼，讲的也不错。说讲的不好的那是你不认真听，认真听的话其实很有意思而且能收获很多。虽然说课事有点多，但是这是通核，本来就该事多吧。没有卷，正常完成各项任务，最后4.5成绩也挺好的。真的搞不懂为什么这么多人骂他？挺可爱的小老头啊
136465,214,叶恭银,2021-06-18 07:36:32,2,3,1,真的服，要考试了才布置论文。。绝了
138157,214,叶恭银,2021-07-07 14:46:46,4,5,1,考试范围也不给，上课也不知道在讲什么，甚至还多考两章没教过的内容，真有你的
141008,214,叶恭银,2021-09-21 06:54:23,7,11,4,老师很好 生物安全去年的课了今年过节还给我们发祝福 偶尔还发一些科研文章到群里 上课很认真在讲课 认真听能学到很多科普知识 讨论课确实任务有点杂但分到小组每个人身上真的不算多 有一篇论文 开卷考很简单 打印ppt绝大多数都能找到答案 我不理解为什么这么多人骂 通核本来得分就不容易很高 我一学期没有划水 该做的好好做 也没有卷 最后还是4.5 我理解有一些同学绩点很低不满 但是凭什么去骂老师？ 顶多吐槽这节课一些设置不合理 老师已经很认真负责了啊 绩点低总有低的原因 没有必要因为自己绩点不好看就辱骂这么可爱的老师吧？？？
147086,214,叶恭银,2022-01-08 15:33:20,0,0,0,生安大课水，讨论课事贼多；有论文有期末离谱开卷考卷。不用绩点眼光看这课还行，不然性价比有点不满意。
158804,214,叶恭银,2022-07-02 11:02:59,4,4,0,老师很和蔼，就是课事情有点多
163506,214,叶恭银,2022-12-14 15:11:11,-3,1,4,其实老师人挺好的，但是生物安全这门课真的不建议选。
166117,214,叶恭银,2023-01-11 07:07:29,0,0,0,事多给分不错
166947,214,叶恭银,2023-01-14 10:20:10,0,1,1,说说生物安全\n\n讨论课每周一节，事情应该是比较多的吧（不过毕竟是通核，其他通核怎么样我也不知道hhh），基本上是ppt制作+展示+话题讨论，有两节文献导读课，就是看文章，进行翻译和讨论；有两节视频课，课上看视频但是相应的也要讨论。每次讨论都要求写讨论报告，最后整个小组整合上交。\n\n会点名。\n\n老师比较严厉（？我感觉）是那种很有原则的老教授（懂得都懂），另外一位姚老师很幽默，很考虑学生的感受，挺可爱的老师。\n\n课程考核包括mooc（要做测验+讨论，测验会下发答案所以等于人人满分，讨论区一定不要忘记发言！），一篇论文（3000-5000），一次期末考试（我感觉挺难的，但是最后老师会给ppt和相应指导，所以不用很担心。）\n\n基本上就是这样，对于我一个次次上课不听+讨论课水课的人来说课程不算很繁重，另这个成绩已经很满意了（躺
170321,214,叶恭银,2023-03-03 01:06:02,1,1,0,叶老师又严肃又可爱，生物安全，通核课确实事情比较多一点，每周一节讨论课，做PPT主题汇报还有一次超市调研，文献导读等等，其实和小组合理分工合作也蛮轻松的。叶老师主要负责大课授课，真的知识渊博好好学能学到很多，还说期末要给我们出简单一点hhh，但大课内容对考试好像影响不大，开卷考，会发《生物安全法》法典等还有PPT，都打下来，考试基本都能找到，考前还是稍微熟悉一下，不然可能来不及找，还有就是很好拿分啊啊啊，特别是对生物感兴趣的速选不亏and助教很美很亲切😍有点遗憾就是因为疫情没去成水稻基地。给分不错！
185475,214,叶恭银,2023-12-30 06:20:14,3,3,0,对人:邮件交论文邮件本身没写正文，老师很耐心地回邮件教导要用书信格式，瞬间感觉老师非常儒雅，还祝我新年快乐，但讲课真的有点无聊\n\n对课:通核生物安全 只能说cls给分这么低是有原因的，通核课好选也是有原因的，可水，事情也不少，但浪费生命！想学东西另寻他处，想选通核请入斯门，底下评论大多属实
208450,214,叶恭银,2024-12-28 04:08:19,1,1,0,叶老师人超级好，会教你给老师发邮件多少要写一点正文，交了作业还给我回邮件祝我新年快乐。我上的是生物入侵与生物安全，前面大部分都是叶老师上，会传签到表。课比较水，上课可以心无旁骛地摸鱼，老师也不为难同学，就是老师上课喜欢关门，迟到的同学得敲门进教室，有点尴尬，所以早八尽量别迟到hhh。这课期末就是交论文和论文PPT，PPT也是自愿上台展示，没有强制要求，大水课！想学东西也能学到很多！强烈推荐！
212940,214,叶恭银,2025-01-15 10:02:20,1,1,0,叶老师人很随和，生物安全课堂本身是水，所以不想听完全没关系。发他课程论文老师还会祝新年快乐。
80666,260,李斌,2018-06-29 03:23:04,1,2,1,为什么没有0分 垃圾老师上课没重点
23170,299,周杰,2016-03-21 02:52:45,0,0,0,有点……中性
131607,299,周杰,2021-01-28 07:08:01,0,0,0,周杰伦
197679,299,周杰,2024-07-28 12:58:11,0,0,0,不错的
41296,325,柴明良,2017-01-10 12:09:50,-1,9,10,很有风度，达观，豁达！
51961,325,柴明良,2017-06-14 03:05:18,11,13,2,。。。
61715,325,柴明良,2017-11-20 08:37:10,-6,6,12,老师像一位敬业的高中生物老师，讲的东西很有用，认真写了论文，最后4.8很开心
61725,325,柴明良,2017-11-20 09:43:30,14,22,8,3.3...作业都兢兢业业地做了，结果迎来史上最低通识，真是往我伤口上撒盐的一门课啊，老师您太残忍了555...\n\n
62242,325,柴明良,2017-11-23 11:14:01,-9,6,15,老师人品绝对没话说，但是课确实是无聊。不过认真弄弄论文，分数可以很好。满绩飘过……
67368,325,柴明良,2018-01-21 03:09:59,0,10,10,上了柴老师的园艺与城市环境！是真的！课水事少给分高！！！虽然话是这么说不过有时候认真听老师的课感觉还是很受用哒，就真的是很可爱的大叔叔??大概是因为这节课没有一般通识课的M/L/H这种代码，所以选的人比较少～不过我觉得会越来越多的哈哈哈哈
68391,325,柴明良,2018-01-23 06:08:31,-1,9,10,老师超认真 会签到 事情很少 期末论文认真写分数就不会低
69056,325,柴明良,2018-01-24 07:51:25,-3,6,9,现代遗传学概论还可以，高中生物课，课后小测都是判断，基本书上都能找到，认真写论文，可以上4
72654,325,柴明良,2018-01-30 16:04:16,-5,3,8,很棒的老师！
86909,325,柴明良,2018-09-19 10:42:33,7,11,4,声太小? ?
86937,325,柴明良,2018-09-19 12:22:35,0,7,7,柴老师也太可爱了叭，实名表白柴老师的现代遗传概论，可以很放松的听！
87261,325,柴明良,2018-09-26 07:21:26,0,6,6,非常之和蔼，非常之轻松
88495,325,柴明良,2018-10-31 10:08:34,2,7,5,老师很和蔼
88623,325,柴明良,2018-11-04 10:49:50,13,18,5,风趣生动，很好的老师，还会走下来给我们看一些东西的图片比如红心苹果……\n\n虽然不点名但是每节课小测……相当于点名了吧……
89789,325,柴明良,2018-11-21 00:21:43,-5,6,11,老师的课可以水，上课讲的东西课本上都有，作业挺有趣的，论文不难。水水上4很高兴。
89792,325,柴明良,2018-11-21 00:39:53,19,24,5,认认真真完成论文，每次小测也认真对待，可是分数也太低了吧……
89794,325,柴明良,2018-11-21 00:50:03,-16,4,20,屁事多，给分低，以后再选他的课我就是狗
89800,325,柴明良,2018-11-21 01:09:49,13,15,2,老师挺好，分数一般
89810,325,柴明良,2018-11-21 01:57:20,-5,4,9,老师人真的很好嘻嘻嘻，给分正常
89845,325,柴明良,2018-11-21 03:59:07,-7,2,9,对于一个高中不学生物的来说，课上遗传学的东西听不懂也听不进去。但论文好好写分数还是很好的！很感谢老师！
89847,325,柴明良,2018-11-21 04:12:31,5,9,4,不点名 但每节课都有5道题的小测相当于点名 上课可以水做其他作业 但给分不是很高只能说一般
89860,325,柴明良,2018-11-21 05:16:54,-7,2,9,老师人很好，虽然声音有点小，但是讲的很好，给分也特别高。
89902,325,柴明良,2018-11-21 07:53:37,-7,3,10,老师很认真很可爱，课基本高中生物，认真听收获还是很大的。论文认真写，分还是很高的～
89921,325,柴明良,2018-11-21 09:15:12,-6,4,10,现代遗传学概论基本都是高中生物课讲过的东西，有一些拓展就当了解一下顺便放松一下。课比较水，事少，只有一次小论文和一次结课论文。平时上课每节小测，题简单书上都有，可以翻书。上课还蛮轻松的，而且老师对学生亲切。给分不错
89924,325,柴明良,2018-11-21 09:29:53,10,15,5,说实话看到分数的那一刻我有打一分的冲动的，但是大学也不全是绩点 老师上课挺有意思的 人也很好  虽然我的分数真的很低
90069,325,柴明良,2018-11-22 04:39:01,-10,2,12,上课听着很开心 小测好好做了 因为高中没选生物其实没学到什么东西 \n\n第一篇论文乱写（看到有同学交一本）期末论文好好学（在图书馆泡一周末 后来格式调了一天）接近满绩\n\n不过老师真的很和蔼很有趣的 上课经常跟我们将植物能不能吃\n\n认真一点 分真的不会差\n\n
90098,325,柴明良,2018-11-22 06:23:25,-11,4,15,老师的现代遗传学概论是我的第一门通识，每堂课结束都有五个选择题的小测，全能在课本里找到答案，课上没听也不会有太大关系，没有考试，但是会有一篇4k的论文。我第一次写论文真的超害怕被正态，成绩出来的时候得了4.2，室友说这个绩点真的很高，和我一起选了这门课的同学好像也都是4.2，总之我很开心啦～
90111,325,柴明良,2018-11-22 06:43:16,15,18,3,遗传学概论的通识课没什么帮助，认真做了作业被正态5555\n\n
90177,325,柴明良,2018-11-22 23:55:47,2,7,5,向老师询问成绩，老师超级认真的回复了邮件。分数低应该就是自己的问题（论文写的没别人好）。老师真的人超级好，超感动。
90763,325,柴明良,2018-11-26 01:20:44,-6,3,9,LJ千万别选他的课
90788,325,柴明良,2018-11-26 05:05:29,10,13,3,老师上课很有趣，但是...每次的作业认真做了，论文认真写了...3.3分...分数比较残忍...
90816,325,柴明良,2018-11-26 08:45:40,11,13,2,老师很好，给分低(ಥ_ಥ)
90890,325,柴明良,2018-11-27 05:56:18,0,6,6,呵呵，不想3.3就别选了
91320,325,柴明良,2018-12-05 16:24:45,1,6,5,柴老师真是世界上最好的老师！！！脑残粉在此
92119,325,柴明良,2018-12-26 12:59:01,-5,3,8,现代遗传学概论，课的内容是真的水（高中生物），每节课都有课后题（可以翻书），相当于点名，一次作业加期末论文，事情不算特别少，老师上课还是有点小幽默的，给分中规中矩，认真写论文，上四也是有机会的。
93629,325,柴明良,2019-01-11 03:52:06,3,6,3,老师讲课确实挺好的，我觉得总要有不为了绩点而去学的课程，我觉得可能得到3.3的同学更倾向于来评论老师（? ? ），所以想学的不用怕绩点，因为那些绩点高的人没来评价。最后，我觉得老师值得我打9分，（即使我的论文可能在老师看来不标准）。认识了矮生百慕大，垂丝海棠沿阶草等等还打算自己捣鼓养盆景，总之为老师打call
93651,325,柴明良,2019-01-11 06:27:22,4,5,1,柴老师是一个好老师，会在课堂上延伸出去说一些社会方面的现象和问题，也会分享很多以前做学生/老师时发生的故事，不偏激不做作，中和自然而真诚。且课堂上若认真听讲是会有很多收获的，开拓了我这个工科生的视野，了解到了很多园艺方面的知识，感受得到老师在本专业内丰富的学识以及非常开阔的视野。时间紧迫复习得有些狼狈没能把论文再多花些时间写得再认真一些还是挺遗憾的。无论最终得分多少，我都不后悔来听柴老师的园艺课，我很享受着整个过程。
97707,325,柴明良,2019-01-22 13:53:59,-3,1,4,高中生物基础+翻书 老师的课你可以在后排尽情的玩耍 但一定得到 好好论文 4.5还是可以的
100304,325,柴明良,2019-01-26 02:37:32,-1,1,2,老师很好，平时没什么事，没有考试，期末交一篇论文就行了
102947,325,柴明良,2019-02-25 05:50:54,-1,0,1,如沐春风
105640,325,柴明良,2019-04-18 01:07:38,1,1,0,柴老师讲课真的很认真，人也很好，听他的课很有趣。
106074,325,柴明良,2019-04-25 01:36:15,1,1,0,柴老师上课非常幽默生动，作为文科生也能学习到很多有趣的知识。分数按规定是正态分布的，老师也没办法。。
106665,325,柴明良,2019-04-29 01:25:06,0,0,0,老师超级超级好。本来一个人文的同学选以为会很惨，但是做作业什么的老师都考虑专业差别还跟耐心的给我帮助。能把很艰涩的知识讲的很有趣，是一个很有魅力的老师。
106754,325,柴明良,2019-04-29 09:25:28,0,2,2,遗传概论，给十分，课水，老师好。说真的柴老师上课很不错，风趣幽默，让我对植物产生了兴趣hhhhh事儿真不多，就平时作业加期末论文，五节课小测，都书上的内容，也可以讨论合作，平时上课随意玩耍。最后给分很满意，付出不多，个人觉得小测好好写吧，都是分数呢！(∩_∩)谢谢老师
106774,325,柴明良,2019-04-29 11:31:59,3,3,0,想要打破评分区绩点低的现象 \n\n老师上课真的挺好 尽管内容可能不是特别深，但真的能学到挺多，而且人非常风趣，即使你在后面水作业也会有抬头看看的欲望。上课讲的全是书上的内容，所以相对轻松，每节课后有小测，但一般都很简单吧。终于有一次大作业，相当于户外采风了，可能是本人参加的社团就和这些有关，所以知道的相对多一些。最后是一篇论文，没有考试，花了一天时间泡在医图就可以了。给分超级棒哒！推荐
107028,325,柴明良,2019-05-01 02:45:58,0,0,0,柴老师讲的蛮好的，可能就是要理一下逻辑线，会有很多科普
107044,325,柴明良,2019-05-01 03:54:15,1,2,1,老师很和气，人很好！讲课也比较有意思！\n\n给分不错呀，我小测一直错最后分数也不坏
108744,325,柴明良,2019-06-01 08:02:57,0,0,0,老师的园艺课，超级好
108804,325,柴明良,2019-06-03 00:22:47,-1,0,1,老师真的很可爱！加了他的微信你就会发现了嘻嘻
120737,325,柴明良,2020-01-16 04:19:57,8,8,0,我太喜欢柴老师了，愿意就听，老师讲的内容很有意思，不愿意干自己的事老师也不会说，给分还超级棒，吹爆
126279,325,柴明良,2020-09-21 15:45:28,4,4,0,帅！！！！柴老师人帅心善！！！
141364,325,柴明良,2021-10-01 06:03:28,3,3,0,园林所为数不多真心为学生着想的老师。
152476,325,柴明良,2022-04-12 12:45:49,1,1,0,刚结课 出分前先来评价一下
152994,325,柴明良,2022-04-23 09:09:14,3,5,2,给分一点也不好....
178124,325,柴明良,2023-07-07 05:16:07,1,1,0,上了柴老师的通识课现代遗传学概论，老师讲的很有意思 很可爱的老师！！
48565,344,吴建祥,2017-03-07 09:04:35,2,4,2,很舒服，很有趣
85523,344,吴建祥,2018-07-19 02:17:52,1,1,0,考试划提纲给重点，给分也好！老师超棒！
138870,344,吴建祥,2021-07-11 11:57:35,5,5,0,分子生物学实验 实验有很价值，做科研真的用的到，实验报告要求手写，考试前会给很明确的提纲。真的是很好的老师
174700,344,吴建祥,2023-06-16 03:10:27,1,1,0,分子生物学实验真的对科研很有用吖！！！老师虽然有点点唠叨但是讲课真的非！常！详！细！！！！！狠狠爱住了\n\n而且期末考试前会有很明确的讲解，这波不亏！！！！！！
174701,344,吴建祥,2023-06-16 03:14:28,1,1,0,快冲！！！超级好的老师！！！
184026,344,吴建祥,2023-12-06 13:15:06,2,2,0,超级温柔～
217836,344,吴建祥,2025-04-17 05:41:18,1,1,0,刚开始不懂得珍惜，后面才知道吴老师已经属于遥遥领先的了
3355,385,高中山,2015-06-04 10:39:00,3,4,1,可以吃水果\n\n
21234,385,高中山,2016-02-27 06:11:36,1,1,0,给分很好 老师也很有趣
114774,385,高中山,2019-07-11 13:29:39,1,1,0,暑假了才布置作业也是第一次见
109975,401,莫建初,2019-06-21 00:58:41,-1,1,2,弗兰人，口音严重，但是上课很有激情，会分享很多生（抓）活（虫）经验? ? 或者说（吹）故（牛）事（逼）。哈哈哈还是很可爱的！听课很有意思！但是听完就忘记了，课件不许拷的（尬笑
46332,464,徐海明,2017-01-21 08:48:50,-23,2,25,给分不错哦
47799,464,徐海明,2017-02-25 05:40:09,13,14,1,老师的英语口音让我听课听得很困惑
59991,464,徐海明,2017-09-30 03:47:08,10,10,0,不知所云。
68333,464,徐海明,2018-01-23 03:39:29,11,12,1,为什么不是朱军男神来上啊啊啊啊啊啊
68972,464,徐海明,2018-01-24 07:21:52,5,5,0,听不懂他的口语...不喜欢
70451,464,徐海明,2018-01-26 15:50:19,5,5,0,听不懂。
71689,464,徐海明,2018-01-29 01:04:14,-9,1,10,听不懂...本以为会挂，过了...万幸
75470,464,徐海明,2018-05-27 07:02:08,38,38,0,助教尤其差
76068,464,徐海明,2018-03-26 06:57:54,22,25,3,希望教务处能把这个老师换掉...
76433,464,徐海明,2018-04-09 06:21:05,30,30,0,感觉老师自己也不知道自己在说什么....基本靠自学。仿佛在讲别人的ppt
76597,464,徐海明,2018-04-16 06:12:57,48,51,3,讲真，讲得垃圾，助教还不靠谱，我能说什么
77353,464,徐海明,2018-05-05 02:55:25,42,42,0,感觉没好好备课....不知所云还拽英文...差评！\n\n浙大为什么会有这样的老师，希望教务处把他开了，谢谢
80673,464,徐海明,2018-06-29 04:12:45,23,23,0,上课不知所云，助教作业乱批，极不负责。
81424,464,徐海明,2018-07-05 05:03:42,11,11,0,助教一言难尽
82826,464,徐海明,2018-07-09 07:44:22,-12,3,15,感谢老师的调分
82998,464,徐海明,2018-07-09 12:29:57,5,5,0,听的想死
84178,464,徐海明,2018-07-12 07:32:45,6,6,0,真的讲不清楚，讲义逻辑也不是很清晰，加上线代、概率论我们培养方案里又没有，真的爆炸，差一点点就挂了
86621,464,徐海明,2018-09-17 13:08:40,11,11,0,一节课 云里雾里，明明讲不清楚还偏要用英文，难怪那么多人挂
87607,464,徐海明,2018-10-08 06:46:57,15,15,0,求求你别说英文了。
88326,464,徐海明,2018-10-28 16:30:29,69,82,13,1.去问问题竟然被骂了？！？！exm？我也是第一次遇到这样的老师？！？！\n\n2.在群里问助教SAS，助教：我没装过？！？！exm？？问助教问题助教竟然回答：这个问题我不能告诉你，不能告诉你?呢？\n\n3.上课不知所云，最后我的同学们都去看网课了，那我来听你课干嘛？！？\n\n4.老师和助教都真的很迷，这门课不能换个老师多几个选择吗？讲道理如果课程难也能接受，好歹老师和助教负责一点吧？我上大学以来就没见过这么迷的老师和这么不负责任的助教...
88353,464,徐海明,2018-10-29 07:41:38,14,14,0,非常痛苦，老师不知所云，助教不知所以
88591,464,徐海明,2018-11-02 07:36:13,3,3,0,救救孩子?
90801,464,徐海明,2018-12-10 06:27:31,21,21,0,助教纯种傻逼
91174,464,徐海明,2018-12-02 14:58:55,5,5,0,…评分打完过了一个月就没了？
91175,464,徐海明,2018-12-02 14:59:42,5,5,0,无话可说
91224,464,徐海明,2018-12-03 16:20:53,18,20,2,他和他的助教真的绝配，人品差，课差，怎么混到这个地步的？垃圾！
93056,464,徐海明,2019-01-07 07:03:20,32,35,3,这什么?P助教！只会“嗯，嗯，没有”。\n\n问什么都不知道，本来这门课就难，助教还跟??一样.....可真是难受（生统的助教连SAS都没用过？干嘛呢……？？？
93079,464,徐海明,2019-01-07 08:29:07,25,25,0,没有负分？我tm就没遇到过这么sb的老师 前两周不布置作业 还有一周要期末考试了来一个实验还有一份作业？? 祝您早日被辞退
93081,464,徐海明,2019-01-07 08:31:54,9,9,0,垃圾中战斗机，谁选就后悔
94310,464,徐海明,2019-01-16 06:14:04,30,30,0, 为什么打分没有零分，我要枯了。英文口音很重，而且上课就是念PPT，还不如回去自己看网课。而且一般数学课作业都是交了就给分，你可倒好，做错一题直接扣一分，一共11次作业，全对的人22分，有错的人直接就11分，平时分是这么扣的吗？？让不让人活了？？作业不会去问助教，助教回你一句“这个我不能说啊”，合着听不懂的人活该作业被扣分？活该平时分少一半？说好的朱军和徐海明任课，最后朱老师只来了两次，这是要我们在网课上跟朱老师天天见吗？
97914,464,徐海明,2019-01-23 01:40:41,22,22,0,上课不知所云（这个能理解，课比较难）就算了，作业写的不如抄的，抄的不如练字抄的。作业给分真的恶心，学统计有必要跟练书法一样吗？还有神奇的最后一周布置一堆作业，不能早点布置吗?助教也真的让人难受，各种神奇操作。唉，谁让这是预置课，还只有这一个老师。
99403,464,徐海明,2019-01-24 17:02:52,13,13,0,人垃圾，助教更垃圾，傻逼一样，刷新对浙大教学水准的底线。
100516,464,徐海明,2019-01-26 08:38:43,35,35,0,老师：讲课重点不清不知所云，说话中英混杂而且听不懂，为人不耐心不好好解答问题对提问的同学常常训斥\n\n助教：判作业不认真自己还不以为然，要用的软件作为助教都没用过，下课也不答疑只会嗯嗯嗯（你嗯你?呢）\n\n总评：两个姓徐的sb毁了朱军留下的一切，大家都去看小视频了，要你俩有卵子用
101474,464,徐海明,2019-01-28 09:11:48,3,3,0,呵呵呵
101842,464,徐海明,2019-01-29 08:56:54,6,6,0,听我一句劝，听不懂了就去看朱军老师的视频吧，效果很明显的
102873,464,徐海明,2019-02-24 13:22:33,2,2,0,開學了友情幫助一下學弟學妹吧
103532,464,徐海明,2019-03-01 02:21:03,4,4,0,生统估计要凉
103537,464,徐海明,2019-03-01 02:35:09,3,3,0,教学水平相当差劲，做好自学准备
103556,464,徐海明,2019-03-01 04:14:03,3,4,1,龙明英语我佛了
103951,464,徐海明,2019-03-08 02:02:50,4,4,0,听到自闭
104484,464,徐海明,2019-03-21 10:38:46,0,0,0,我想问一下要不要小测
104507,464,徐海明,2019-03-22 02:26:38,4,4,0,垃圾-
105730,464,徐海明,2019-04-19 04:27:42,3,3,0,垃圾。
107245,464,徐海明,2019-05-02 14:33:00,0,0,0,emmmmmmmmmmmmmmmmmmm
107321,464,徐海明,2019-05-03 14:12:22,25,25,0,试着用老师的口音读出以下几个词?\n\nRegression model\n\nSum of square\n\nProbability
107335,464,徐海明,2019-05-04 03:37:55,3,3,0,听老师的课不如看网课
107704,464,徐海明,2019-05-08 12:10:19,4,4,0,老师上课真的神了，助教更是傻逼，问什么都不回答，问个题，这边建议您弃修，嘲讽就嘲讽吧，还永远都不会正面回答问题。
108239,464,徐海明,2019-05-17 02:46:16,3,3,0,呵呵 还不如写作业。奈何教室音响震天响 楼下都能听课。。。。。
108438,464,徐海明,2019-05-24 04:01:35,3,3,0,口音难听还双语教学，丢不丢人
109382,464,徐海明,2019-06-13 15:05:43,6,7,1,垃圾老师，垃圾助教，一个SAS和R语言的程序课，你给我ppt教学？R语言还简略带过，自学？qnmd，整个课上完我都不知道讲了什么，您真厉害?
109403,464,徐海明,2019-06-14 02:37:35,7,7,0,长得有点像胖虎
109410,464,徐海明,2019-06-14 03:30:38,4,4,0,垃圾课
109413,464,徐海明,2019-06-14 03:40:02,1,1,0,:):):)
109647,464,徐海明,2019-06-18 06:49:38,10,10,0,上课很吵，东6都听得到。任何方面都比不过朱教授，朱教授一走进来他就像个弟弟。
109957,464,徐海明,2019-06-21 02:27:42,4,4,0,垃圾\n\n
110109,464,徐海明,2019-06-23 07:15:51,0,0,0,不知所云
110322,464,徐海明,2019-06-25 15:29:56,2,2,0,朱军老师的视频挺好的
110402,464,徐海明,2019-06-26 10:36:53,2,2,0,为什么没有0分
110414,464,徐海明,2019-06-26 12:40:45,1,1,0,大概是感觉我和老师助教必有一疯
110415,464,徐海明,2019-06-26 12:45:45,0,0,0,没有什么好说的看评论大家都知道
111087,464,徐海明,2019-06-29 14:21:52,12,15,3,老师是在认真讲课的，这点并不能因为他蹩脚的英语和刺耳的声音就否认。但这种枯燥的授课方式实在很难让人集中注意，就打个5分吧。助教哥哥回答问题确实过于简洁，一般都是:书上有的。也许是我问的问题太白了~_~大家如果想不挂应该是不难的(其实我还没出分但感觉还好):1.上课强迫自己听或看朱军老师视频2.一定要学过概统和线代，不然别急着选这门课!3.每次作业和实验可以抱团完成，千万不要不做4.紫云的历年卷最好买来看，我们这次考来了一道30分的类似题目(几率低但考来就是运气）5.可以带着电脑和耳机来，但不要旷课，哪天老师心情好就点名 祝你们好运~
112158,464,徐海明,2019-07-03 17:55:29,0,0,0,最后给分居然平均拉分了。。。
112164,464,徐海明,2019-07-03 18:07:23,-21,6,27,满了。\n\n平胸而论，学这门课最重要的是不能怕他，你不能总觉得这门课特别难就不想学放弃，你把他当成正常的课来学你就已经成功了一半了，其实这门课不难的，还是开卷，我感觉比线代啥的数学课还更简单。\n\n\n\n至于xhm老师的教学水平，我不敢妄加评论，因为我一般都是自学，看不懂的就刷朱军老师的视频，就偶尔听过他几次课，所以就只说一句我的感觉:他讲的比朱军老师更详细。\n\n\n\n另外，没学概统的孩纸放弃这门课吧！！！
112304,464,徐海明,2019-07-04 01:07:21,2,2,0,靠朱军爷爷挺过期末 4.
115916,464,徐海明,2019-08-26 03:43:59,-4,1,5,上课根本听不懂，给分还成。
125069,464,徐海明,2020-08-26 03:23:54,3,3,0,哈哈哈，16级老学长看到评分解气了。建议学弟学妹们趁早自学，不然你真会怀疑人生。
126683,464,徐海明,2020-10-13 13:01:52,1,2,1,垃圾老师 猥琐助教 绝配
126787,464,徐海明,2020-10-20 04:02:44,2,2,0,胖虎老师，收手吧\n\n学不会了
129669,464,徐海明,2021-01-10 13:05:02,2,2,0,建议大家趁早自学，自学看ppt还有点救
129787,464,徐海明,2021-01-12 10:47:51,0,1,1,朱军爷爷保佑不挂科
132116,464,徐海明,2021-01-30 11:17:23,4,13,9,给分好才是真的好，我说一句徐海明🐂🍺没人反对吧
134517,464,徐海明,2021-03-31 05:42:51,-29,5,34,出分5.0，非常简单
137609,464,徐海明,2021-07-05 10:02:08,5,8,3,这学期不调分了，超级郁闷，早知道提前学了。室友上学期学的，我们水平差不多，但他比我分高多了😭😭\n\n平心而论，xhm老师讲得没那么烂，但是毕竟有朱军爷爷的对比，所以显得不太够看了。朱军爷爷永远的神！光看视频都能感受到他的魅力
139664,464,徐海明,2021-07-19 15:30:05,-2,0,2,讲得其实还不错
142454,464,徐海明,2021-11-11 14:53:19,1,1,0,好凶的
143944,464,徐海明,2021-12-13 15:51:50,0,1,1,………
149361,464,徐海明,2022-01-15 07:17:05,10,11,1,其实相比于其他几位老师，xhm已经讲得还行了，so不要因为评分先入为主，最后一节课一定要认真听，考试内容在最后一节课都讲了！
149399,464,徐海明,2022-01-15 08:37:46,22,23,1,虽然你讲课的样子很稀烂，但你捞人的样子真的很靓仔。给个5分好评。
150146,464,徐海明,2022-01-19 10:49:52,0,1,1,………
150172,464,徐海明,2022-01-20 01:05:25,-22,6,28,徐海明老师给分太tm好了，生统满了！果然还是要理解才能考试，不理解根本考不了，并不是说抄ppt就行的
156061,464,徐海明,2022-06-17 09:14:39,3,4,1,好老师，真棒啊
156575,464,徐海明,2022-06-20 09:51:05,3,6,3,听得出来，徐老师讲这门课程还是很有经验的，但是生统对农学人也是真的不友好。
157206,464,徐海明,2022-06-22 09:40:00,0,3,3,感谢老师海底捞之恩🤤🤤🤤🤤🤤
157212,464,徐海明,2022-06-22 10:12:19,1,4,3,徐老师其实理解很深入，课件也真的很棒，只是这门课在这么大的难度下只有那么些课时和练习，才会这么难的。\n\n重点是 真捞啊！！
157217,464,徐海明,2022-06-22 10:58:41,-2,2,4,我爱老师！！为什么他评分这么低！！我何德何能生统能不挂科！！老师是人类之光！！真的海底捞！！
157505,464,徐海明,2022-06-23 12:59:09,3,6,3,平时认真听课，自己写作业，听助教姐姐的习题课，我基本没有看朱军爷爷的网课，听老师的课就已经能够理解讲义应对考试了\n\n最后一节复习课一定要认真听，听完基本就知道期末是考哪5道题了\n\n最后给分还是很捞的，我自我感觉考的很一般，但是上90也很满足了，吹爆温柔善良的张齐心姐姐
165284,464,徐海明,2022-12-31 03:30:49,3,3,0,垃圾程度不太好用言语表达，上课好像自己都不知道在讲什么，一副地痞无赖的样子，朱军老师开得这么好一门课为什么要让这玩意来接班，必修课还没有其它老师可选，预习复习全靠朱军老师的网课。
165287,464,徐海明,2022-12-31 03:59:41,3,3,0,喝喝，教务处都通知统一缓考了，他偏偏不安排，就是要我们跟班考，踢皮球大师。课也讲的很烂，根本听不懂，什么时候换掉他啊
165396,464,徐海明,2023-01-04 06:54:00,3,3,0,那么难的一门课讲得很差 钉钉发消息永远都是已读不回 无语了
166619,464,徐海明,2023-03-22 06:38:33,-1,3,4,讲课不太行，给分很好，期末觉得答的还行，最后94，上课内容难考试简单
169469,464,徐海明,2023-02-26 10:36:26,0,2,2,给分还行
169471,464,徐海明,2023-02-26 10:40:05,-2,3,5,xhm老师，我愿称之为捞神。。。\n\n专业课最高的一门\n\n他值得更好的分数！！！
169572,464,徐海明,2023-02-27 03:37:54,2,3,1,认真复习了但是被绩杀，咱们谁也别放过谁🤫
169719,464,徐海明,2023-02-27 13:44:39,-1,2,3,xhm捞王
181082,464,徐海明,2023-10-07 13:36:09,1,1,0,傻逼老师我cnm
181328,464,徐海明,2023-10-14 15:12:59,3,3,0,念ppt呢？我要你翻译？a=b你说 b越大的话a越大？不解释一下公式？一句话里一般是这个那个，倒是说啊这个那个，半句话还得停顿一下想下半句话说这个还是说那个？
188803,464,徐海明,2024-01-20 04:23:17,11,11,0,小红帽胖虎哥最后的优点——海底捞，在这个学期也消失殆尽了，可惜可惜。
190422,464,徐海明,2024-03-03 04:21:18,24,26,2,shit 中英文结合合你奶奶 作业都写不来 教你大坝 第二周就小测 测你个锤子 啥也没讲就小测 作业还都是没讲过的东西 上过概统课的人都写不来你还说没基础都可以学会 回你个大头鬼 什么鸟课纯纯折磨 礼拜一早上小测礼拜天早上才通知 才发课件要求预习 沃日你仙人
191055,464,徐海明,2024-03-31 04:10:48,15,15,0,充分展现了数学的魅力呢。我愿称之为数魅老师😅……\n\n纯纯彼漾的玩意，初升的东曦。我是真不明白一门生统课课，一个老师怎么能抽象到这个程度（另外一个老师也有点逆天）。上课整天就搁那拽你那个b英语，课件也是，生怕学生听懂看懂你说的是个嘛玩意。然后上课说就罢了，你下课布置作业还tm全英文。我真*了，你他妈作业至少让我能看懂吧。别的问题肯定还有，但我已经不怎么听这老师的课了，基本全靠自学，所以不发表评价。如果不幸预置了这位老师的课，就退课或者自学吧。\n\n如果这位老师真的看到了这条评论，想改善学生的听课体验的话，我这里给出一个建议：\n\n换个老师来吧，不是所有人都适合讲课的😓
191076,464,徐海明,2024-04-01 04:44:37,14,14,0,突击小测？？？课讲的一坨构式还逼我们咽下去是吧，猫猫狗狗要是会说中文都能讲的比你好
191077,464,徐海明,2024-04-01 04:49:34,12,13,1,如果一个房间里有希特勒，墨索里尼和徐海明，给我一把枪和两颗子弹，我会杀徐海明两次。
191382,464,徐海明,2024-04-19 02:58:56,10,10,0,就你小子次次课小测是吧，讲的跟💩一样，含糊不清，没了PPT就不会讲了是吧，两节课分别速通sas和R语言，真行，助教更是个寄，真是slml
191418,464,徐海明,2024-04-21 07:30:43,3,3,0,讲课口音很重，也很语无伦次，反正听的很难受
192245,464,徐海明,2024-05-13 02:21:35,2,2,0,真的听不懂啊
192419,464,徐海明,2024-05-19 03:15:41,2,2,0,史\n\n史\n\n史
192609,464,徐海明,2024-05-25 02:42:15,15,15,0,如果你即将要上这托大份的课\n\n我的建议是一节课也不要听，纯粹的模因污染，没有一点用处甚至是负用处的飞舞老师\n\n去b站找朱军老师的生统，清晰明了幽默风趣。\n\n生统正统在朱军，不在这个讲话和嘴里含了十一样的飞舞\n\n换丨√来都得给这老师顾辉＆炼化了
193402,464,徐海明,2024-06-09 13:13:53,9,9,0,xhm的课是这样的，学生们只要先忍受老师诡异的授课，然后自学学会教案上的所有内容，然后完成老师布置的全英文作业和不提前通知的全英文小测，再完成不是人做的大作业和考试，最后回家难受一个假期就行了，而xhm要考虑的就很多了。\n\nxhm的课是zjuer赤石路上不可缺少的一环，不得不品鉴。如果以后有机会给学弟学妹们推荐一门课程的话，我一定会推荐xhm老师的生统课，让大家都体验一下赤石的乐趣。\n\n教的太好了xhm🤓\n\n太有意思了生统课😋\n\n我要上一辈子xhm的生统课🤗🤗🤗
193450,464,徐海明,2024-06-11 05:05:11,17,17,0,给他做基因鉴定你会发现是纯√生\n\n往泥地里一扔也是和pig没什么区别
193730,464,徐海明,2024-06-17 02:02:09,9,10,1,讲个笑话\n\n一学期开周一和周五两次课，期末复习只有周五补课的最后一次课有，原话“需要听的同学到该教室听课”\n\n我要不是周五同时间段有课，我需要选周一的课？\n\n钉钉群里也是够傲慢，同学问作业题直接让人去问助教，说是没有完整的答案\n\n徐海明是这样的，同学们只需要绞尽脑汁完成全英文的狗屎作业和测试就好了，徐海明不备答案出题要考虑的就很多了（98有往年的作业题答案，然而今年题又加量不加价了）
193891,464,徐海明,2024-06-20 12:40:23,-21,3,24,徐老师我有在认真复习作业题了，我给你打十分，生统一定要让我过啊（大哭）！！！
195681,464,徐海明,2024-06-29 13:41:12,6,6,0,但凡这个鬼必修课不是只有他一个人开呢
195845,464,徐海明,2024-06-30 09:24:43,4,4,0,讲得不如朱军一根毛，搞笑的是这么多年了PPT和朱军用的那套还几乎一样
199231,464,徐海明,2024-09-26 14:41:13,0,0,0,666
199272,464,徐海明,2024-09-20 07:52:07,0,0,0,新来的同学别对他抱有任何期望，建议自己看b站朱军或者翻资料自学。没有一点教学水平，格局还小得跟√8一样
199492,464,徐海明,2024-09-24 12:57:43,0,0,0,不得不品鉴一次，上了他的课，你会发现，有些东西，你学不来，真的不是自己的问题
199753,464,徐海明,2024-09-29 02:44:45,1,1,0,💩💩💩
199756,464,徐海明,2024-09-29 03:22:14,1,1,0,除了声音大让你没法入睡只能受折磨，但是讲的很乱催眠你入睡之外，没有别的优点
199930,464,徐海明,2024-10-08 14:45:06,16,17,1,你测我的试，我测你的马
202404,464,徐海明,2024-11-12 11:28:04,10,10,0,一天天小测，测你妈个头
202417,464,徐海明,2024-11-13 03:38:43,7,8,1,海明，你是依托臭大芬呀，整天测测测烦不烦
202637,464,徐海明,2024-11-13 13:30:06,10,10,0,建议把这老师和几只峨眉山猴子一起关在一个笼子里，过了一段时间你就会发现它们之间根本没有生殖隔离
203379,464,徐海明,2024-11-19 11:32:54,9,9,0,又测又测我测密码了个币
203425,464,徐海明,2024-11-19 13:13:03,22,22,0,各位观众朋友们大家好，我是从来不带节奏的（&*@%\n\n先说结论，xhm泛用性低，对策性较强，总体强度属于在超小杯打地铺，是zju教学的又一力作，xhm的优势区间为7年+沉淀老教师，劣势为口音含糊，逻辑混乱，内容枯燥，上课期间，每周小测，英文课件，幽默的水准加上本就幽默的素质，使得在学生群体中广受好评。\n\n有的人可能会问，优点完全没有，毒点一大堆的教师怎么能说对策性较强，甚至还有杯级呢？首先从生统教师来说，xhm怎么也能算得上所有课程里的最佳选择。在当今信息更加繁杂，所有学生都能够发表自己对课程的见解的年代，所有的老师都会不同程度的存在负面评价，但xhm纵使有那么多毒点，仍然是当今所有农学院老师里可以安心躺在榜单底部的教师之一，就像**和**一样，纵使面对重重限制，仍然凭借一己之力干穿榜单。\n\n总而言之，xhm是一个定位尴尬，优势区间较小的教师，拥有还算过得去的纸面数据，实际体验却十分糟糕。\n\n做评测不易，求大家关注+三连。
203662,464,徐海明,2024-11-20 16:49:03,8,9,1,听xhm三节课，不如闻lzh一言。
204604,464,徐海明,2024-11-27 03:43:17,6,6,0,吃饱了没事干整天课堂测验，已经到了厚颜无耻的地步，我宣布徐海明已经不是老师了！
206954,464,徐海明,2024-12-19 00:40:42,5,5,0,。。。大作业提交时间突然提前十天，要我命直说...
207030,464,徐海明,2024-12-24 09:06:07,4,5,1,评论不能讲脏话，所以我没话可讲。
207435,464,徐海明,2024-12-21 15:05:43,2,2,0,听不懂，啥也听不懂，完蛋啦！
207646,464,徐海明,2024-12-23 12:06:53,7,7,0,ZJU超级无敌第一大出生，外放你的课我老家农村吃槽食的猪都狂拱门以为哪里开荤了。下油锅炼一下也是可以给全班同学吃撑
207660,464,徐海明,2025-01-13 03:48:26,6,6,0,小测签到一次没落，大作业也是一个人认真完成的，期末能写的都写了，但是给分就是很💩，徐海明肚里大概也就有点💩了
207907,464,徐海明,2024-12-25 02:44:55,8,8,0,xhm的课充满了新时代交叉化的需求，在这里，你可以跳出生物学和统计学，感受文学的独特魅力，竭尽所有词汇仍然无能为力；你可以明白，先贤们关于资本主义的构想有多么超前先进，垄断让xhm拥有源源不断的免费生产力💦，，，\n\n我只能说，我们失败了，但是，火可能熄灭，光不会消失，此后如竟没有炬火，愿再有人做那光，同志们，xhm不会活的比学生更久，胜利的一天终将到来，他的坟头石碑，将有我们撰写！
208716,464,徐海明,2024-12-31 09:54:52,3,3,0,你无敌了
211863,464,徐海明,2025-01-13 00:30:52,7,8,1,第一次给一个老师打低分。\n\n讲课这样子也就算了，成绩也不捞了，拿到这种分数我是真没想到。\n\n每次作业也有在好好写，努力弄懂了每一个题目。考试也算是好好准备了，给讲义贴上了满满的标签。\n\n不过我请了两次事假没有小测，不知道为此扣了多少分。但我是真有事啊……\n\nxhm你真的没有心啊！
211876,464,徐海明,2025-01-13 01:01:37,6,6,0,点名小测狂魔。表面上看是数学课但实际上根本不如数科院开的课讲得清楚，耐心。另外，给分已经不捞了。事情真的多。
213426,464,徐海明,2025-01-17 09:34:15,5,5,0,没听过课，要拿高分的话最好认真听，或者说朱军老师的课早一堂跟进，因为几乎次次课小测而且小测还会改分。平时作业也很重要，而且98上的答案存在错误，大家会一起错得一模一样。\n\n另外捞不捞的情况貌似波动蛮大，个人感觉或许和助教相关，小测和作业60起给，具体未知，但是个人总评中平时分很差。\n\n这门课难度不低，推荐可以早早地去图书馆借一本朱军老师的《线性模型分析原理》，对理解很有帮助。
214793,464,徐海明,2025-02-18 02:58:07,6,6,0,今天上第一节课，已经感受到💩了，先来打个1分。
214869,464,徐海明,2025-02-18 13:30:30,1,1,0,学生听不懂是教室里所有人的问题。
216526,464,徐海明,2025-03-18 03:49:08,1,1,0,纯纯的构式，想认真学这门课的同学趁早跟其他老师
217302,464,徐海明,2025-04-08 05:02:26,2,3,1,cs老师，cs助教，反人类打卡，大家都忙着学习忙着工作，谁理你一天两次小程序打卡？用学在浙大签到会死吗？我次次不迟到不早退，得肺炎咳得睡不着都坚持来你课上吃屎，最后忘记签退等于没来还不能补签，不会群里提醒一下？你当我们全职上你的班呢？是不是存心想要学生挂科？
218912,464,徐海明,2025-05-13 04:30:55,4,4,0,天天测，测nm呢，自己讲的一坨，早日和nm在地下汇合
218914,464,徐海明,2025-05-13 04:41:00,3,3,0,开拍卖会呢第一次第二次第三次第四次第五次
221142,464,徐海明,2025-06-21 12:55:47,1,1,0,过程很恶心，但确实很能捞人
18727,531,张云,2016-01-22 12:12:21,0,7,7,干货多
18790,531,张云,2016-01-22 14:05:39,7,13,6,讲的虽多，但没什么实际意义
27847,531,张云,2016-06-27 19:58:43,6,12,6,老师个人素质高
31100,531,张云,2016-07-03 08:16:54,0,7,7,很尊重学生。
41295,531,张云,2017-01-10 12:06:31,-4,7,11,很好的老师，最负责，最优秀的园林老师，没有黑点～
45896,531,张云,2017-01-20 08:44:57,-1,6,7,教学有体系，有这点就足够了。
49004,531,张云,2017-03-21 07:28:57,5,15,10,吾私以为张云老师为人和善，很有原则，对学生很好，是浙大园林所唯一一个真正意义上的景观设计师。
57288,531,张云,2017-07-06 11:18:16,1,10,9,是很尊重学生想法的老师，改图也略有收获，给分也确实好..（我都不好意思了；另外亲和力也足够～
65280,531,张云,2018-01-23 17:43:04,0,7,7,大四拼命点名心里没点逼数
71290,531,张云,2018-01-28 08:51:55,10,11,1,给分实在太差了?心很痛
71296,531,张云,2018-01-28 08:59:46,5,8,3,个人认为老师上课讲的对实际设计和理念培养没有什么帮助，改图中也发现老师水平一般，但态度特别认真
75367,531,张云,2018-03-09 11:14:32,8,9,1,明明很用心花了很多时间去做作业了，但?\n\n是毁我绩点的老师了?
87229,531,张云,2018-09-26 02:32:09,-2,7,9,怎么会有这么萌这么温柔的老师啊_(:ᗤ」ㄥ)_
89703,531,张云,2018-11-20 10:20:24,11,17,6,作业多不多自己真的没有逼数，完全按照自己的想法给学生打分，根本不考虑学生的实际情况，小学期有点把学生当免费劳动力的意思，在写任务书的时候感觉有点拍脑袋做决定，会有些低级的不合理的要求比如空间框定太小又要满足很多功能和很多人的使用，在后面又临时改。虽然比贵专业很多老师好很多，学生打分一比较就往高打，因此觉得评分有些虚高。但放在浙大整个平台上是比不了的。园林所真的没什么拿得出手的
90877,531,张云,2018-11-27 03:04:13,10,15,5,表面上看是很温柔平易近人的样子，小学期出了很多突发情况，不明确和她说，她是不会管的，而且小学期很多安排也不合理，望学弟学妹警惕。设计水平一般，教学水平在园林老师里面可以矮子里面拔将军，这个分还是虚高了。
92489,531,张云,2018-12-31 05:37:51,4,6,2,1.5分的课任务量偏大，课上的内容收获并不大，小学期和长学期的课上下来感觉她并不考虑学生实际情况。
109963,531,张云,2019-06-20 14:22:42,-4,2,6,是个严谨的老师
124984,531,张云,2020-07-31 01:11:36,-6,6,12,张老师的课让大三的我第一次有了在学设计的感觉
149195,531,张云,2022-01-14 17:12:39,10,11,1,相比其他老师来说，张云老师算是比较尊重学生想法的了，也会给出很多建议，这点还不错\n\n可是，这给分也太低了吧！？？！？！？！？！！？！可能是我确实设计得不合老师心意，可是方案确实推敲过很多次，也很努力地在做，不知道为什么是这个分数。哎，心痛。
149207,531,张云,2022-01-14 19:27:42,4,4,0,老师不要在半夜出分啊啊啊啊啊
149221,531,张云,2022-01-15 00:32:57,1,2,1,给分不好。。。。
149334,531,张云,2022-01-17 03:04:31,3,4,1,挺无语的。幸好以后不用再上您老的课了。
149350,531,张云,2022-01-15 06:56:37,3,4,1,给分和付出不成正比
149357,531,张云,2022-01-15 07:09:48,4,5,1,寄。连夜跑路
149958,531,张云,2022-01-18 04:52:31,7,9,2,我今天就是从这里跳下去，si外面，也不会再学一节设计课！说到做到
160706,531,张云,2022-10-03 03:32:37,6,7,1,难以沟通，已读不回，无法体察学生难处。固执己见，直叫人流汗黄豆。建议不要深入交流。。迟早气出心脏病…
164876,531,张云,2022-12-27 06:40:42,8,9,1,教的不咋地，逼要求几把多。顶着高烧在考试周当建筑生出图😅
188725,531,张云,2024-01-19 17:05:56,2,3,1,呵呵、
188829,531,张云,2024-01-20 06:24:08,2,2,0,给分太差了
197339,531,张云,2024-07-11 04:40:35,0,0,0,....................
177739,549,孙崇德,2023-07-04 14:07:06,1,9,8,上课很烂，还布置一些奇怪的课后作业，基本听不下去课程内容
205224,549,孙崇德,2024-12-03 03:27:58,0,0,0,4.5嗯还行
47674,553,张敬泽,2017-02-15 12:53:30,0,0,0,口音真的很有意思…但是人很不错
104030,568,尹燕妮,2019-03-11 00:40:48,2,6,4,讲课没有调理，分分钟乱套，怀疑她自己是不是都不知道自己在讲什么
122413,568,尹燕妮,2020-02-27 01:05:34,4,6,2,老师自己也不是很明白，乱讲的。啰哩啰嗦，概念自己讲不清楚，垃圾东西！！！
151961,568,尹燕妮,2022-03-22 00:48:18,-1,2,3,还行吧
151963,568,尹燕妮,2022-03-22 01:56:54,7,7,0,老师虽然讲得糊里糊涂，但人还不错
200744,568,尹燕妮,2024-10-22 00:56:18,2,2,0,是不是呢？是不是呢？是不是呢?
210353,568,尹燕妮,2025-01-09 03:34:36,1,1,0,讲课纯纯一坨，我感觉他也不知道自己在讲什么，分生实验挺有用的，建议好好看看ppt，人挺好的，对学生很温柔，问问题也很耐心回答，就是问答的也很乱就是了
305,579,郭逸蓉,2015-03-15 00:36:03,0,0,0,老师人超级nice
65700,579,郭逸蓉,2018-01-08 09:49:29,0,0,0,长得美脾气好
125201,579,郭逸蓉,2020-09-03 13:37:54,0,0,0,人美心善。
177737,588,师恺,2023-07-04 14:05:28,4,5,1,老师虽然有时抽人回答问题，但是PPT制作得很用心，课程内容教得很好，认真听完全可以应付考试。
203970,588,师恺,2024-11-22 09:42:05,0,0,0,有点难说
167174,596,陆建良,2023-01-15 04:41:22,-1,3,4,讲课不好，给分也不好
80601,601,马忠华,2018-06-28 08:12:57,8,14,6,真的麻烦
140665,601,马忠华,2021-09-15 03:12:22,5,9,4,老师人很好，真的为学生考虑，希望学生能发展得更好。上课力求讲明白，但是稍微有一点点啰嗦。课程事情挺多的尤其展示很麻烦，但是给分很好。
141435,601,马忠华,2021-10-09 01:32:42,6,8,2,讲课不清，事情贼多，一天到晚看文献看文献结果学生课都没懂
189696,601,马忠华,2024-01-27 03:07:17,3,3,0,读书报告汇报和马拉松一样 7个小时真顶不住
206531,601,马忠华,2024-12-16 01:56:48,4,4,0,慎选…\n读书报告要文献做ppt录视频，还不能用综述，完了还要在台上问这问那，很烦\n上课不按教科书，喜欢夹杂英语，带点口音，听得云里雾里\n但是好像不点名？
2948,604,王岳飞,2015-05-11 12:31:16,19,30,11,茶与健康闭卷
3347,604,王岳飞,2015-06-04 01:43:11,31,40,9,很有趣很幽默的一个老师 茶与健康的闭卷考只要考前好好背 分数肯定不低！
3601,604,王岳飞,2015-06-17 01:47:36,31,34,3,茶学真高端
3801,604,王岳飞,2015-06-17 04:40:05,67,88,21,茶与健康大好课 有礼物发 期末只要背了 分数应该不会低
4292,604,王岳飞,2015-06-18 15:15:17,19,19,0,超级有趣，特别是还有每节课都有小礼品。
4649,604,王岳飞,2015-06-25 12:57:22,34,39,5,人很幽默，谈吐不凡，超级有爱
4931,604,王岳飞,2015-07-01 07:05:46,15,18,3,儒雅有魅力
7268,604,王岳飞,2015-09-12 11:52:40,11,14,3,好老师，不解释
7433,604,王岳飞,2015-09-14 11:04:10,24,29,5,绝对好！老师很幽默，讲课超级有意思，每节课还发小礼物，真是棒！
7464,604,王岳飞,2015-09-14 13:47:24,11,15,4,简直不能再棒，人超好，给分很棒，很幽默儒雅！！
7478,604,王岳飞,2015-11-23 09:31:55,14,27,13,给分坑\n\n
8448,604,王岳飞,2015-09-21 10:25:07,10,11,1,好好好
9079,604,王岳飞,2015-10-12 10:21:57,12,15,3,好老师，唯一喜欢的课（目前来说）
9196,604,王岳飞,2015-10-16 03:46:06,57,64,7,王百万，无形装逼却让人毫不反感，我男神就是他了
10004,604,王岳飞,2015-11-14 07:22:52,9,10,1,老还非常好 很幽默 每节课还有小礼物 讲课吸引人
10159,604,王岳飞,2015-11-17 03:58:32,8,8,0,幽默，有趣，
10900,604,王岳飞,2015-11-23 08:38:16,7,7,0,轻松加愉悦
10906,604,王岳飞,2015-11-23 08:52:13,-3,3,6,强行正态
10910,604,王岳飞,2015-11-23 09:02:13,13,15,2,脾气又好，上课有意思 还有小礼品，考试给参考答案，给分还蛮高的(≧▽≦)好人！！
10929,604,王岳飞,2015-11-23 10:36:12,6,6,0,上课很interesting的
11022,604,王岳飞,2015-11-24 02:02:40,2,2,0,还可以吧
11109,604,王岳飞,2015-11-24 08:44:56,14,16,2,有小东西拿。有有用的知识听。最后闭卷考试前背题库。但是会正态。会被正态到比较低
11869,604,王岳飞,2015-12-19 09:26:28,5,6,1,很搞笑的老师，分数的话只要好好背就可以了
12709,604,王岳飞,2015-12-24 02:19:36,6,6,0,记得当课代表嘻嘻
13154,604,王岳飞,2015-12-25 03:39:51,2,2,0,很好很棒
13361,604,王岳飞,2015-12-27 08:02:40,4,5,1,上课不错。。分数一般
13892,604,王岳飞,2016-01-02 01:53:39,26,32,6,一定要当课代表啊喂，肯定满绩
14621,604,王岳飞,2016-01-08 03:26:23,9,9,0,很好玩，各种逗，去背茶经吧骚年\n\n
20789,604,王岳飞,2016-01-31 12:01:01,2,3,1,口才超棒，很能讲，课堂气氛轻松活跃\n\n不过考试还是要花不少时间准备的，不要以为这门真的是水课
22057,604,王岳飞,2016-03-02 08:11:03,0,2,2,感觉背了还是分数一般…不过上课会发东西吃，老师貌似挺和蔼的
22907,604,王岳飞,2016-03-14 12:58:51,4,4,0,强推茶与健康 有礼物 考试划重点
24925,604,王岳飞,2016-05-04 10:45:17,4,4,0,好好玩
24950,604,王岳飞,2016-05-04 12:00:48,2,3,1,考前给的资料全背满绩妥妥的
24967,604,王岳飞,2016-05-04 13:48:02,8,9,1,老师幽默，发小礼物。考试虽然闭卷，但会给资料，上课强调重点。课上认真听考前复习好高分一定没问题。
28736,604,王岳飞,2018-06-19 06:42:35,-16,14,30,本来觉得茶与健康是好课 结果只是他在打广告 期末背书要死啊 那么多能容  腊鸡通识 靠礼物收买人心
30109,604,王岳飞,2016-07-01 02:46:04,5,6,1,男神男神～王百万人超好，给我多少分我都认
30280,604,王岳飞,2016-07-01 07:32:45,4,9,5,每节课都有小作业，其实就是换种方式点名，期末闭卷，每次都到，卷子几乎都写满了，给分坑啊
32190,604,王岳飞,2016-07-06 02:05:25,1,3,2,正态有点厉害啊
32504,604,王岳飞,2016-07-07 08:15:26,7,9,2,老师人太好啦~每次上课都会带小礼物~闭卷考试就背了一天竟然满了233正态是会有不过老师一定会利用好名额的只要好好背了就不用担心分数的~
34382,604,王岳飞,2016-11-23 02:51:49,2,5,3,考前背了两天，考的还是很差。。但给分实在有点低\n\n
35741,604,王岳飞,2016-11-10 08:23:55,2,2,0,老师敲幽默，会发茶叶啊饮料啊，棒!但是这门课很专业，有些章节的内容不是很容易听懂。
35987,604,王岳飞,2016-11-10 09:34:54,4,4,0,茶与健康大水课，王老师人很好，课也讲的好，就是学校正态分布很烦。
36141,604,王岳飞,2016-11-10 14:32:45,0,0,0,讲课很有趣
36514,604,王岳飞,2016-11-14 11:54:09,5,5,0,巨有意思，不选就上当，谁选谁知道
36688,604,王岳飞,2016-11-15 11:35:34,-5,6,11,给个和何老师一样的分
37199,604,王岳飞,2016-11-18 01:51:10,6,6,0,茶与健康大水课，想水的同学尽情水，最后闭卷考试只要背了题库就行了，给分很好，而且老师人非常好，每次课都有小礼物
37510,604,王岳飞,2016-11-19 07:54:16,3,4,1,考前背了两天分数一般 上课还算比较有趣的
37800,604,王岳飞,2016-11-21 06:22:48,2,3,1,挺棒棒哒，有礼物，很负责，很爱放自拍\n\n
37819,604,王岳飞,2016-11-21 07:40:33,2,3,1,老师还是挺好的，就是被正态给坑了
38864,604,王岳飞,2016-12-19 15:27:12,0,1,1,已跨大类O(∩_∩)O
49684,604,王岳飞,2018-06-16 14:18:59,-15,13,28,心平奖能发给他真是瞎了，宇宙第一茶学的水平原来就是这样啊：）
50299,604,王岳飞,2017-05-02 08:24:37,0,3,3,老师给分挺公平客观的 只要好好背题库分不会低的
50301,604,王岳飞,2017-05-02 08:33:51,3,3,0,老师人好，上课比较有意思，有礼物。但是。。。考前背了题库，考试也感觉几乎全会，最后却分数不高。。。好吧一定是我太菜了
50305,604,王岳飞,2017-05-07 06:40:35,6,8,2,绩点?
50312,604,王岳飞,2017-05-02 10:12:41,-1,5,6,老师真是超幽默(不是搞笑)，上课很有趣，期末一定要认真背复习提纲和ppt，满绩还是有可能哒~
50329,604,王岳飞,2017-05-02 10:49:14,9,11,2,适合经历过背书年代的文科生们
50492,604,王岳飞,2017-05-03 07:10:10,3,3,0,给分一般，期末背了就行，平时水，但是每节课有课堂作业，用以签到，就两道题，书上有答案，不过每节课都要去，逃不了
54334,604,王岳飞,2017-06-29 06:02:19,2,2,0,课程还是有所收获，不过期末背题真痛苦...
55068,604,王岳飞,2017-06-30 17:37:52,-2,4,6,茶与健康因为我自己期中有其他考试所以没怎么背，成绩不好看，大家自己衡量一下吧。
61455,604,王岳飞,2017-11-17 11:11:32,6,6,0,短期记忆力好的同学一定要选这门课呀！！！
62373,604,王岳飞,2017-11-24 13:21:06,36,49,13,老师上课很有意思，但是杭州口音有时会听不懂，每节课都能逗笑你。。。。\n\n\n\n每节课都掏钱（700+）买礼物（抹茶粉、茶包、茶爽）给每一位同学，考试前认真复（4个小时），哪怕你平时水过去，绩点还是可以的。。。。。。\n\n\n\n\n\n听过来人一句劝\n\n\n\n第一次课，坐第一排。\n\n\n\n对视老师的眼镜，表现出要当课代表的意愿。。。\n\n\n\n一定要主动，积极，热情，疯狂地举手示意老师，你想当课代表。\n\n\n\n因为直接满绩!!!\n\n因为直接满绩!!!\n\n因为直接满绩!!!\n\n\n\n\n\n各位送我上去!!!!!!!!!!
62374,604,王岳飞,2017-11-24 13:24:02,3,4,1,成绩出来有点崩溃啊～我觉明明考试都会啊，可是为什么被正态了？每节课都到了。真的暴击，可能真的是我太菜了。
62422,604,王岳飞,2017-11-25 05:40:09,0,1,1,如果背了老师给的题库 考试不会差的吧！老师很好 每节课都给我们带礼物 还给我们讲很多故事 百万教授hhh 第一次接触茶学 觉得还是很有意思的 想选的不要犹豫了 好好准备给分很好的！
62584,604,王岳飞,2017-11-26 04:28:50,0,1,1,很不错，能学到些知识，给分也很不错
63299,604,王岳飞,2017-11-30 07:45:50,1,2,1,超棒的老师 每节课都发小礼物\n\n课代表有福利
64465,604,王岳飞,2017-12-24 08:34:17,14,17,3,第一次来查老师评分 我想说 选课如果没选上一定不要灰心 第一次课你直接去上 老师会直接给你补选 我就是这样选上的 幸运的是还满绩了
78113,604,王岳飞,2018-05-09 10:49:38,0,1,1,王百万恐怖如斯
78369,604,王岳飞,2019-05-31 06:15:20,0,0,0,感恩 感恩
78609,604,王岳飞,2018-05-14 00:43:47,3,3,0,给分坑，上课无聊。。。
79528,604,王岳飞,2018-06-08 03:26:14,0,2,2,被拉低均绩了。。。
79780,604,王岳飞,2018-06-13 12:59:24,3,3,0,超级棒的老师 能记住所有人的名字和编号\n\n今天上课叫住我说我编号写错了\n\n超级帅 是我男神没错了
80882,604,王岳飞,2018-07-02 08:47:25,2,3,1,看个人胃口吧。因为个人不太喜欢老师上课吹，而且很多时候吹得都毫无逻辑和道理。期末复习的内容对文科生不太友好。不过也无所谓吧，在这里说自己觉得老师不对自己胃口怕是有人要来说什么。不过还是给了八分的，因为老师本身还是一个好老师。
81076,604,王岳飞,2018-07-03 14:46:42,0,2,2,就是好！真心好！
81344,604,王岳飞,2018-07-05 00:44:12,0,0,0,不糙啊
83186,604,王岳飞,2018-07-10 01:51:02,-12,7,19,一分。希望浙大能多一些有内容的，真正让学生有所得的课。
83337,604,王岳飞,2018-07-10 07:03:44,4,4,0,建议少打广告多讲课
83924,604,王岳飞,2018-07-11 14:01:09,8,9,1,第一门满绩，强推?
86586,604,王岳飞,2018-09-17 10:40:40,5,6,1,跟着老师有糖吃?
92933,604,王岳飞,2019-01-06 02:20:39,5,6,1,真性情！真用心！真名士！超级棒！《茶文化与茶健康》全班上百个同学名字居然真的倒背如流，下了非之功，成名师风范！享受茶的清香，享受茶学大餐！
99334,604,王岳飞,2019-01-24 15:00:29,0,1,1,老师很幽默，经常会和我们讲发生在他身上的有趣的事，上课经常送我们茶叶，好喜欢他
101418,604,王岳飞,2019-01-28 07:18:53,0,1,1,超级幽默风趣，有小礼物发，考试题目也很简单\n\n温馨提示，有机会一定要做课代表
101507,604,王岳飞,2019-01-28 10:19:33,1,2,1,给分低
101803,604,王岳飞,2019-01-29 06:38:39,1,4,3,给分太低了，平时分不知道怎么给的，因为这门课无法转专业很难过
102065,604,王岳飞,2019-01-30 08:51:39,1,3,2,平时有礼物拿，抢第一排礼物双倍，一周一节大课一节讨论课或者茶艺实操课，期末考核茶艺，考试闭卷，内容和重点提前会划好，会发PPT，批完还会调分，老师也很幽默，绝对10分。后悔自己每节课的问题回答太敷衍了~也不主动刷脸，但是刷脸起的作用应该不是特别大
110707,604,王岳飞,2019-06-28 05:08:08,0,0,0,非常好，棒棒哒
116094,604,王岳飞,2019-09-03 13:29:32,0,0,0,非常有收获，实在实在好！
119207,604,王岳飞,2019-11-11 07:47:35,2,3,1,茶文化课堂有趣，老师人也棒棒的，会带礼物给我们。就是以后别让何普明这个催眠大师来了，王老师讲课才有意思，嘻嘻
122107,604,王岳飞,2020-02-13 11:17:37,1,1,0,很好的老师
123300,604,王岳飞,2020-06-01 02:49:14,2,2,0,上课氛围很好，老师人也很好，节日还会群里发红包，人气很旺的老师哦～
132609,604,王岳飞,2021-02-02 16:47:44,62,65,3,评茶文化与茶健康\n\n先感谢一波，poA+，下作课程全程要点总结\n\n1.选课：①名为“茶文化与茶健康”，但更合适的名字为“茶与健康”，因为本身跟文化关系不大，且大量化学生物内容，故奔文化而来者慎选，文科生慎选（po就是文科生，全靠最后死记硬背，手动狗头）；②王老师第一节课会登记到场的补选同学，故特别想上这个通核的可首节到场补选；③选课非补选阶段若幸运选上，请一定尽早找王老师邮箱，发邮件申请当课代表，至少在2020-2021秋冬学期，课代表仍然是期末70分以上就直接满绩（说明：期末占比70%且po不是课代表）\n\n2.上课：①王老师每节课课前都会发小礼品，且第一排的礼品双倍，故有需要的同学可抢坐第一排；②王老师上课比较喜欢讲个人经历，有的时候正经内容会跳的比较快，所以课后整理PPT比较重要；③每节课后都有一次课堂测试，一两个题目且计入评分，故上课的时候要及时拍ppt从而来做课堂练习；④本学期茶文化与茶健康有两位老师来上，何教授的课相对无聊，且何教授会提前上传ppt，故po一般利用课上时间自己整理笔记，没怎么听；老师的ppt比较乱，所以需要自己梳理出来重点内容；何教授的课是没有必要坐前排的；\n\n3.讨论课：①本学期做了三次小组展示，跟其他组内容撞的可能性非常大，所以需要有一定的形式创新，但请注意创新要喜闻乐见，负面例子翻朵朵十大数学建模；②展示与讨论题的回答，助教评分，且占比较少，只占10%，可以适当的分散精力在内容学习上；③展示后无交流问答；\n\n4.考试：①考试闭卷，内容基本都来自于上课所讲，且会有对茶产业发展的数据及相关内容的考察，介意慎选；②复习的时候建议看自己的笔记，把重点放在数据记忆，茶叶生化以及健康功效与饮茶方面，文化的部分简单过一下基本就可以了；③健康部分其实有许多与茶叶无关的内容，也是会考的，甚至出现在论述题里，所以每一部分都要复习。\n\n基本这样，望造福学弟学妹，祝大家满绩
132789,604,王岳飞,2021-02-03 15:07:48,3,5,2,课后小问题是一种变相点名，茶文化与茶健康 好课 可以听王老板吹牛 还可以收到茶礼物！\n\n期末考试部分考点在平时上课的时候真的只是过了一下，不符合王老板说的“老师反复讲的肯定考，老师不讲肯定不考”比如我背了很久的两首诗，一句话都没考（小丑竟是我自己）呜呜呜最后喜提3.8 羡慕楼上满绩的！最后期末考占70%我是没想到的，老师貌似第一节课的时候没有说过占这么多55555\n\n其实讨论课的分数占比应该适当提高\n\n这门课也看到了很多dalao，合理怀疑上面满绩的同学是不是fbl？\n\n总之，通核事多没毛病，毕竟是通核。但是有小礼物，对茶感兴趣，选这门课不香吗？绩点都是云烟，我不后悔
138722,604,王岳飞,2021-07-10 13:45:07,7,7,0,王百万yyds
140962,604,王岳飞,2021-09-18 11:08:23,12,12,0,三轮车与自行车的故事(ฅ•﹏•ฅ)
148080,604,王岳飞,2022-01-11 12:45:28,-7,0,7,背书背不下去了～
150206,604,王岳飞,2022-01-20 09:59:30,-5,4,9,绩杀慎选
150214,604,王岳飞,2022-01-24 08:55:46,6,8,2,讲课生动有趣，给分也超级超级好！！\n\n爱死王老师了
150271,604,王岳飞,2022-01-21 07:30:16,6,7,1,上课吹水，期末神捞。\n\n考前花一天时间背PPT，轻松4.5
150536,604,王岳飞,2022-01-29 10:17:35,7,8,1,呜呜呜王百万yyds！
150568,604,王岳飞,2022-01-30 09:39:34,5,7,2,事情少给分好，讲课超有意思，感谢岳飞爸爸的5.0ｸﾞｯ!(๑•̀ㅂ•́)و✧
154305,604,王岳飞,2022-06-04 14:18:03,0,0,0,非常非常非常的老师
154307,604,王岳飞,2022-05-29 15:28:49,2,2,0,超级有大爱，爱生如子女。\n\n胸怀茶天下，睿智王老师。
156376,604,王岳飞,2022-06-19 09:25:37,0,0,0,下学期上
166943,604,王岳飞,2023-01-14 10:04:23,4,4,0,给分一般般
167037,604,王岳飞,2023-01-14 17:05:21,-1,0,1,事少，给分好，冲
185659,604,王岳飞,2024-01-03 10:46:16,3,5,2,没什么好说的，一个每次上课都送你几十块礼品的老师
187856,604,王岳飞,2024-01-17 15:06:57,2,2,0,上课幽默风趣，给礼物特别慷慨，为人也特别和蔼亲切，会用心地记住每一个学生的名字和序号（有一次聊天说记住我了，过了一个月问他，真的叫得出我的名字）作为一门通识课，面对这么多学生真的很用心了。而且期末考试考什么都会提前说好，复习也很有针对性。尤其表白一下助教VV姐www世界上最美丽最温柔最可爱的助教jj。茶文化与茶健康，无脑冲就完了！
189258,604,王岳飞,2024-01-22 15:41:38,-4,4,8,上了王岳飞老师的苯文化与苯健康，很好的一门通核课，王老师的课每次都有小礼品。看到很多同学说这门课给分不好，但这门课就是期末突击就能拿到高分的课，王老师都把重点给划好了，只要考前认真背一下，不说满绩4.5总能拿到的（但如果你把重点都放在pre上不认真复习考试，那绩点肯定不好看啊..）
189285,604,王岳飞,2024-01-23 01:23:56,-1,6,7,绩杀，呵呵，闭卷考试，建议别选。
195854,604,王岳飞,2024-06-30 10:28:00,0,0,0,老师真的好！
203791,604,王岳飞,2024-11-21 05:32:19,0,1,1,通识课老师真的很好
212386,604,王岳飞,2025-01-14 02:45:30,2,2,0,非常好的老师 上课有小礼物 既幽默风趣有内容充实
212436,604,王岳飞,2025-01-14 04:06:41,7,8,1,稳稳的拿下3.0，不知道发生了什么，从来没有这么低的
212439,604,王岳飞,2025-01-14 04:10:48,3,3,0,事情在通核里面应该算少的，考试是挺水的只是拿高分应该不容易
212481,604,王岳飞,2025-01-14 05:17:58,2,3,1,被狠狠的绩杀
212557,604,王岳飞,2025-01-14 07:43:23,2,3,1,绩杀，不捞。
213339,604,王岳飞,2025-01-17 04:02:30,2,2,0,平时上课是很有意思，还会有小礼品，事情也少\n\n但是期末考闭卷+绩杀hhh自己权衡一下吧
213510,604,王岳飞,2025-01-18 02:56:51,3,3,0,首先老师是一个好老师，但是一个通核对期末考试的要求太高了，不知道背了多少东西，但最后扔拿到了一个很糟糕很糟糕的成绩，低得离谱，并且一点都不捞。总之非常后悔选这门课（就我个人来说，是我个人的体验），付出和回报不成正比。
219553,604,王岳飞,2025-05-29 14:05:46,-1,0,1,茶文化：\n\n每节课都点名，绩杀。\n\n每节课的小测都认真做了，但是期考闭卷（闭卷！），大片大片重点背不下来，没有被捞。
38189,626,卢钢,2017-01-19 16:51:53,1,1,0,老师很不错的
39131,626,卢钢,2016-12-21 09:44:09,18,23,5,老师人很好，上课就以辨析植物的方式来小小点了次名。可能会有表格来签到。最重要的是！最后老师发现我们的分数都应该很高，于是去了教务处要求不要正态QAQ真的被感动到了！（虽然万恶的制度并没有被改变
39836,626,卢钢,2016-12-28 02:54:59,3,3,0,老师超级好
62982,626,卢钢,2017-11-27 17:30:03,0,1,1,给分好
71670,626,卢钢,2018-01-29 00:25:52,6,8,2,老师很萌很和蔼的！上课会给我们带植物让我们认，还带来了莲蓬给我们瓜分。有次带来的菜里面有一个大荷叶，老师看见我在玩它就说“送给你吧” 真的超萌！
73705,626,卢钢,2018-02-02 17:56:30,6,9,3,老师真的很萌很萌，会从华家池带很多蔬菜过来给我们认识，给分也超级好！（以及，助教小哥哥是个肌肉型男！）
83223,626,卢钢,2018-07-10 02:55:35,1,2,1,emmmmm突然发现老师很像我的模电老师
90620,626,卢钢,2018-11-24 15:16:56,1,2,1,老师很棒哦！生活园艺学真的很实用，干货满满～还可以自己尝试养多肉，种种子，还有课堂辩识植物活动～老师本人很反对正态，最后成绩4.5很满意啦～
119899,626,卢钢,2019-11-16 23:36:15,1,1,0,老师很温柔
120046,626,卢钢,2019-11-17 07:42:41,3,5,2,【生活园艺学】虽然上课没听…但园艺爱好者能在生活的重担中接触到花花草草真的很治愈了！最后一章就是讲园艺疗法的，?‍?布置作业论文的时候也说希望给我们一个契机走进自然放松心情。所以整门课就真的很快乐！完成论文照片采集的那个下午扛着单反在雨中拍了三四个小时，最后认认真真写论文，虽然没满但也确实没有付出很多很多的精力。课程建议的话就是真心享受这个过程，老师还会发花花草草的种子，发可爱的多肉，教授怎么种花；实用一点就是，论文要规范完整，考试所有PPT打全！各位园艺爱好者真的强强推！
120076,626,卢钢,2019-11-17 10:34:44,1,2,1,生活园艺学 水水的 给分不错
143188,626,卢钢,2021-11-21 04:05:31,1,2,1,老师很好，课程内容轻松
153456,626,卢钢,2022-04-30 09:12:50,1,2,1,不好说。。。建议老师学一学ppt的制作\n\n不知道多久之前的ppt了 实验报告还是网上随便搜搜就能找到的模版
153485,626,卢钢,2022-05-01 12:31:00,1,2,1,建议老师改善一下ppt制作+1
162095,626,卢钢,2022-11-17 00:23:00,1,2,1,4.8前来帮顶\n\n最后期末开卷考有点难，但是可能可能可能我论文写得不错？？）\n\n老师超级温柔的！会很用心地带各种植物给我们，还有小多肉！
162100,626,卢钢,2022-11-17 00:55:04,1,2,1,生活园艺学上课水水的\n\n会发多肉和蔬菜种子（虽然我养死了哈）\n\n点名是在课最后辨认蔬菜\n\n蛮好玩的\n\n最后真的要强调\n\n给分无敌超级好好好好！！！！！！！！！！！！！！！！！\n\n考试ppt一定要打全\n\n我没打全根本翻不到但是老师海底捞！！\n\n论文写的也水水的\n\n最后4.8\n\n我问到的大家绩点基本也都很高很高\n\n群里全都在感谢老师！\n\n选他选他\n\n（助教不是肌肉型男了哭哭）
162102,626,卢钢,2022-11-17 00:56:55,1,1,0,生活园艺学，建议冲。\n\n老师非常好，事少，给分多。秋学期的课没听过，考试的时候只要把PPT打印出来就可以搞定开卷考试（前提是有点生活常识哈），最后论文两天速成，绩点4.5，很不错了咱就是说。\n\n平时上课的时候，老师还好给我们拿好多种菜，让大家认，然后填表。大家在一起疯狂百度的场面还是很好笑的，非常欢乐。\n\n老师还给了一盆多肉，香菜和菠菜种子。\n\n老师真的超级棒超级棒，很值得冲！
162168,626,卢钢,2022-11-17 08:13:22,1,1,0,给分超级好，建议选
163662,626,卢钢,2022-12-16 02:18:27,1,1,0,很温柔，讲课也很幽默
164637,626,卢钢,2022-12-22 11:05:53,1,1,0,非常推荐
164823,626,卢钢,2022-12-26 10:28:59,1,1,0,第一次写论文不太会写，但最后分数也还能看吧，老师人很好
165636,626,卢钢,2023-01-09 05:39:56,1,1,0,生活园艺学，真的yyds
169212,626,卢钢,2023-02-24 16:03:34,2,2,0,生活园艺学放心冲！\n\n课可以水过去，但认真听也很有意思。老师会带各种种子过来，有什么问题也随时可以问\n\n论文很认真地写被老师请上去分享，但考试资料没打全感觉小寄  最后4.8谢谢老师！\n\n考试内容几乎都在ppt上，只要认真翻就能找到。所以一定要打全+提前翻一遍
180333,626,卢钢,2023-09-21 06:35:02,1,1,0,超级好
197520,626,卢钢,2024-07-18 03:24:11,1,1,0,生活园艺学4.5，老师讲课好好给分很好 人也很可爱
202704,626,卢钢,2024-11-14 02:43:48,0,0,0,生活园艺，先说考核，24秋学期就是实验报告（当堂交，其实蛮水的）和一篇3000字论文。\n\n再说内容，理论课很有趣，有许多有意义的园艺知识，不过也完全可以变成自修（对不起老师，虽然老师讲的真的蛮好的），实验课非常有意思，大家一起玩各类果实和种子，种了很多小植物，甚至还能免费带回一大盆精致多彩的多肉。（貌似课程有经费每人50？）\n\n最后说成绩，上课从没有听过，实验报告按部就班做，论文花了一个周末，最后4.8（朋友和我情况差不多也是4.8）\n\n另外卢老师真的肥肠好，一直都是和和气气的，朋友课外向他要种子，不仅慷慨给了非常多，还答应后面出去带一些特别的回来给他
6187,723,金敏,2015-07-11 16:27:10,11,17,6,who control、shifting boundaries、视域融合、天人合一的宇宙观等
6261,723,金敏,2015-07-12 12:18:17,9,14,5,Who control!
9338,723,金敏,2015-10-22 07:05:32,21,39,18,法制史要刷脸，混脸熟的好处等最后就知道了……上课的内容是抱怨抱怨抱怨，满满槽点…
22825,723,金敏,2016-03-13 05:59:58,22,29,7,不多说，每次课都有退课冲动
22952,723,金敏,2016-03-15 06:20:35,2,17,15,金老师的思考，需要时间的沉淀，多读书吧，少年～\n\n
27140,723,金敏,2016-06-23 07:06:33,16,30,14,骚年，金老师有一句话说得对：毕业若干年后，可能法学知识你都忘了，叙述的角度决定叙述的内容你绝对不会忘Zzzz
30321,723,金敏,2016-07-01 09:08:31,5,9,4,醉了…
30322,723,金敏,2016-07-01 09:13:20,5,9,4,伤心?
30325,723,金敏,2017-01-04 02:48:55,7,12,5,中法史一个班挂了多少人都不知道，呵呵，有的人修了几年都没过：）
30329,723,金敏,2016-07-01 09:28:20,0,4,4,嘻嘻嘻嘻
30517,723,金敏,2018-03-12 06:33:24,10,21,11,我是真的真的很想骂死她
30656,723,金敏,2016-07-02 06:58:32,4,11,7,呵呵一个混脸熟的老师
30780,723,金敏,2016-07-02 12:56:48,3,8,5,嗯…老师书还是看的很多的。就是挂人这一点太可怕了
31623,723,金敏,2016-07-04 09:31:27,10,14,4,并没有混个脸熟，只是要学会套路。建议考试最好带上她参与编写的教材，很有用。
38838,723,金敏,2017-03-30 05:13:57,8,11,3,行策课安排座位天天查人，上课毫无意思，简直是新闻联播，这是来浙大我第一次见到这么sb的老师，让我成功达成了几节课不抬头看大屏幕的成就，呵呵
39720,723,金敏,2016-12-27 07:09:03,7,8,1,无聊。。形策上课简直无聊。。还规定了座位
48316,723,金敏,2017-03-02 06:05:40,37,39,2,真的要带好脑子来。她是有点精神质的学究人物，她自己知道自己讲来讲去是为了哪个point讲的，但是可能你不知道她到底要讲什么，要想听懂得整个听下来，还不能忘记她最终想要表达的那个一闪而逝的观点。
49414,723,金敏,2017-04-11 06:32:30,7,8,1,太恐怖了！真的是每次上课都有十分强烈的退课冲动！
49541,723,金敏,2017-04-18 05:36:03,9,13,4,其实之前那几个同学说错了，不是中文课，也不是历史课，而是哲学课
50921,723,金敏,2017-05-09 05:30:40,16,20,4,没干货，学不到法律专业知识，浪费时间
50924,723,金敏,2017-05-09 06:24:55,30,35,5,我真的真的不知道要怎么说，老师上课真的真的烦。我不否认老师自己很有水平，但是真的，一学期都在说教材，这个教材不好那个教材不好，都不干，就你的陈版教材最好，为什么要推荐陈版教材。哇，听得我心态爆炸，有毒啊。我是来学中法史的，不是来这里读中法史研究生的。哇，心态爆炸，每次都觉得她好独裁，觉得自己的观点永远对，你就要说这个不好那个不好，就我的这个好。可是，我不喜欢啊，我有自己的想法不可以吗，可是我不敢写到考卷上啊，就你对，好吧。
50945,723,金敏,2017-05-23 06:37:44,36,42,6,老是说没时间讲这个那个的，也不知道到底讲了啥
51077,723,金敏,2017-05-16 06:44:55,9,10,1,觉得老师不备课的。上课别的不说，反反复复东拉西扯。
51198,723,金敏,2017-05-24 01:59:14,3,6,3,不管怎么说，比外法史和徐进的商法要好一些
51304,723,金敏,2017-05-30 06:21:06,55,69,14,内容很空洞的课。写读书报告的时候回想一下整个学期的课，觉得她过于强烈想要证明自己的观点是多么正确，所以在课堂上反复论证，在总论上浪费了很多时间。不是说她观点有误，我承认她学识广，我只说说她不适合当个老师，她没法接受和自己观点不同的人，然后请原地爆炸好吗？？？总论讲那么多关于how和why理论你分论是不是结合历史具体点讲实践方法？？又tm刹不住车开始说各种教材不好？？您行您up行不行？？给的读书报告范文都是花式夸老师，一点实质都没有，那也是很棒棒哦？？然后看一下考试题也是类似“我推荐都教材为什么好”这种问题 您说为什么（手动微笑）好是好但是您别把别的教材踩一脚啊，显得很清高是不是，得，又成我没学到您的授课精神了 可能我就一学渣吧，就喜欢来点实际的，攀不上您们这种学术高峰
51339,723,金敏,2017-06-01 03:55:53,23,25,2,建议以下三门学科基础较好的同学可以选此课：\n\n比较法制史学\n\n现象学\n\n花式吹老师学
52840,723,金敏,2017-06-23 07:00:17,8,11,3,这样的存在让人怀疑浙大聘请老师的标准
55523,723,金敏,2017-07-01 22:58:00,2,3,1,行策啊……老师给我多少绩点，我给老师多少分。连助教都比老师上的好，天哪
57042,723,金敏,2017-07-05 08:53:54,0,4,4,谜一样的中法史 给分就不说了 心碎 ???
57045,723,金敏,2017-07-05 09:10:58,7,18,11,出分了，来客观评价一下。1.虽然好多人都说金奶奶不好，但我觉得如果每节课都认真听，还是能get到老师想表达的东西。每个老师的风格都不一样，不必苛求非要在这门课上学到具体的法史知识，只要有所得就是值得的。最后的考试有点迷，但最后给我的绩点不错，我觉得让老师记住你的名字可能会对你的绩点产生一定的影响……\n\n2.一整个学期下来你需要掌握的知识点不多，范式 视域 历史的分类 大的概念理解到位就可以了\n\n3.老师上课一直会说自己的想法 认为是灌输也好 引导也罢 我觉得老师的观点有一定道理 但也存在一些问题 客观看待就好（当然期末考试还是按照老师的思路答题吧）
57058,723,金敏,2017-07-05 10:07:25,2,4,2,迷，老师本身知识渊博，大概自己太渣，总难挖到重点
57061,723,金敏,2017-07-05 10:22:12,-10,0,10,挺不错
57067,723,金敏,2017-07-05 11:01:19,-21,3,24,不仅没挂，给分还不错，不敢相信，套路和刷脸真的很重要
57122,723,金敏,2017-07-05 22:52:29,12,15,3,但凡有别的选择我都不会选择她
57273,723,金敏,2017-07-06 10:26:01,6,7,1,楼下总结的特好。她上课的重点就在批判主流范式，要想学正确的范式和分论内容，自己看书去···
57579,723,金敏,2017-07-10 03:42:30,10,11,1,大抵是一生的阴影了
57771,723,金敏,2017-07-15 01:35:37,2,5,3,一开始以为是老师玄，后来知道是自己书读太少：各论部分略少
60244,723,金敏,2017-10-15 12:20:38,3,4,1,读一遍ppt
74756,723,金敏,2018-03-05 14:24:34,5,8,3,很不清真 不尊重我们穆斯林兄弟
75540,723,金敏,2018-03-13 06:06:35,6,6,0,玄学课，真的很煎熬
75694,723,金敏,2018-03-22 06:58:48,19,22,3,世界之大，无奇不有，怎么会有人把中法史的课上成这样……我是来听法制史的，不是来听她炫技瞎哔哔的，议论完各学者议论各种教材……咱就老老实实讲历史知识不好吗?(我真的好想学中法史啊)……我真是忍无可忍了，让我差点都忘记在上什么课了。考试题竟然是问她推荐的教材好在哪里！我TM???！！！
75885,723,金敏,2018-03-21 02:14:20,7,9,2,先给个一分为敬。
76061,723,金敏,2019-05-27 07:48:31,8,8,0,1分嫌多\n\n
76063,723,金敏,2018-03-26 06:39:21,15,17,2,首先纠正一下，大家评论的都是法学院的金敏\n\n学问可能很高，但是不是一个好老师，真的老师是将复杂的问题简单化，而此老师反而把简单的问题复杂化\n\n另外，请注意您授课的学生是大一年级，不是研究生，谢谢您嘞！
76064,723,金敏,2018-07-07 08:41:38,9,9,0,真的好困啊，完全不懂在干嘛…\n\n考试需要做什么呢，快要哭了，扼杀了我的学习兴趣
76277,723,金敏,2018-04-01 12:05:06,6,8,2,来了个代课老师，就认识到形策课不应该是这样的！！！
76289,723,金敏,2018-04-02 06:27:07,6,6,0,mmpmmp
76410,723,金敏,2018-04-08 06:32:09,3,3,0,老师上课读PPT，还自我感觉良好，以为和学生的关系非常非常好。
76576,723,金敏,2018-04-15 12:48:56,1,1,0,真是有趣 两节晚课的形策上到八点半似乎是全校统一的那我也不好多说什么 那你再多讲十分钟几个意思 座位固定了就没看见我两个小时下来一动不动都累了吗 学识渊博到次次拖课 很是有趣
79230,723,金敏,2018-05-28 06:19:25,25,25,0,希望各位大佬骂人之余可以分享一下考试心得\n\n帮帮我们这些同样深受其苦的人.....
80324,723,金敏,2018-06-25 06:39:35,1,2,1,上课ing，来评论。现在的感受是，哪怕你出神一会儿，再回到课堂上，讲的还是那点东西。废话有点多。但是或许这才是浸润，仔细体会会有所收获。不建议听得太认真，会很累。可以边听边做点自己的事，关键的地方能理解就好了。and考试，一个字，玄。大概是理科生，初学文科也不知道该怎么复习
81320,723,金敏,2018-07-04 16:30:15,-1,4,5,帮老师刷个分~\n\n这门课和陈新老师的西方思想经典研读一起让我对intellectual history有了船新的认识~非常喜欢思考的感觉了！
81366,723,金敏,2018-07-05 02:21:49,1,2,1,不想说什么了，我已经打破了翘课记录
82300,723,金敏,2018-07-07 22:58:32,3,3,0,老师应该是真的很有学问和想法的那种人吧，就是上课方式真的让人很难受了…如果说要整节课都保持十分清醒全神贯注的状态，才能抓到偶尔那几个转瞬即逝的思想闪光点…抱歉我真的做不到…
83946,723,金敏,2018-07-11 15:12:12,-3,0,3,座位是固定的，拖堂是要拖的。但是真的不杀啊，从不发言的肥宅拿到3.9已经一脸满足
84070,723,金敏,2018-07-12 03:13:26,-2,0,2,如果只说形策课和给分，那绝对是保证是，一定要退课。但是作为一个农院的高官，又红又专，人倒还行。
84859,723,金敏,2018-07-14 05:51:49,-1,0,1,形策的金敏老师虽然上课无聊了点，话多了点，事儿还行，但是人还不错，给分也挺好的(和别的老师比起来)！
85201,723,金敏,2018-07-16 04:33:02,4,4,0,老师讲的课可能是有点枯燥，至于作业的话就是小组ppt展示，然后期末考一定要把思考题背出来啊，太重要了。
87154,723,金敏,2018-09-21 03:00:04,3,4,1,法学的金老师自己的水平确实高，只是教学方式不太适合学生们的胃口。我们是想听各朝代的法制历史，而不是很宏观空洞的精神、理念之类。
102816,723,金敏,2019-02-23 13:17:32,1,1,0,，，，
106765,723,金敏,2019-04-29 10:54:54,5,6,1,上过课的老学长回来说两句 金老师学贯中西 博古通今 知识储备真的丰富 认真听她讲的思维方式会给你提供一个看待世界新的方式 至于分数 认真听不会差
108816,723,金敏,2019-06-03 02:08:15,4,4,0,是一个学者，不是一个老师
109500,723,金敏,2019-06-16 03:56:17,3,3,0,全国唯一的中法史。
111690,723,金敏,2019-07-02 14:16:01,1,2,1,不管怎么说，终于结课了，真开心
112989,723,金敏,2019-07-05 17:17:03,0,0,0,淦，我明明认真听了一学期，还tm这样，害
113098,723,金敏,2019-07-05 23:21:39,4,4,0,上完才明白，她的话虽然有些啰嗦，但却提醒了我生活中一些最简单最普通但是又最重要的事情。谢谢您。
113694,723,金敏,2019-07-07 04:06:56,1,2,1,笑死了，期末出分后老师的评价怎么高了这么多。 金奶奶是个读书人，她上课的方式更适合用来开研讨会而不是上大课。 一个长学期也就反反复复讲视阈范式，总论讲来讲去就是不同学者的视角，分论部分实在讲的太少，有点坐而论道。 希望金奶奶能更好的安排一下课程，毕竟像您自己说的，没有分论的总论，是空谈。 最后，书单真心不错，尤其是绘事后素，对自己的思维和视野帮助很大。
133613,723,金敏,2021-03-03 02:01:26,0,0,0,hhh
144494,723,金敏,2021-12-22 01:11:17,1,2,1,还是很尊敬的老师，上面的部分评论确实有将老师的思想作简单化进行批判的意思。\n\n听一些不那么“主流范式”的东西未必没有意义。\n\n这不就是大学的意义所在吗？
148638,723,金敏,2022-01-13 05:29:28,-2,2,4,这么sb的老师我头一次见
102763,764,曹家树,2019-02-22 13:49:21,-1,2,3,老师人极好 讲课答疑很耐心\n\n给分极低！\n\n想学知识去蹭课吧 保绩点别选...
104983,764,曹家树,2019-04-01 16:23:19,2,3,1,呵呵还控评，你教书真像蔡徐坤
106578,764,曹家树,2019-04-28 07:21:09,0,3,3,上课基本听不到例子或者比喻，讲课很老派。ppt基本全是字（这一点真的清新脱俗），ppt一般要全部念一遍...感觉老师的授课能力很一般（不针对他的学问水平，只是授课水平）。
113147,764,曹家树,2019-07-06 00:27:46,0,2,2,老师人好严格，给分也好严格...
215537,764,曹家树,2025-02-28 01:32:05,0,0,0,容易上头而且不讲道理的骂人 真的不好评价
108527,797,谢艳,2019-05-27 23:36:51,0,1,1,基础植物病理学\n\n老师上课有点无聊，然后不许同学自己在下面看ppt看书，实验课都睡死一片人，还说你们有那么困吗  \n\n感觉就是上课不行的老师特别喜欢管东管西\n\n专业课上出思修课的无奈感
126744,797,谢艳,2020-10-18 02:29:21,2,3,1,老师说自己英文不好，但还是坚持全英授课，上课效果可以预见
153274,797,谢艳,2022-04-27 10:39:52,2,3,1,上课上得烂，实验水平差，课程安排恶，课件制作劣。还让你写的1000字吹一吹从她课堂学到了什么，hhh
153655,797,谢艳,2022-05-07 05:58:15,0,1,1,给分差 实验水平差  理论授课烂，一堆奇奇怪怪的要求和学生讲不出道理就硬说“我一直都是这样的啊”呵呵
159104,797,谢艳,2022-07-06 08:27:42,-3,2,5,很好的老师
184962,797,谢艳,2023-12-24 16:06:01,3,4,1,分子生物学实验 默认我们什么都会了 无语 嫌弃的语气和高高在上的姿态真让人不爽
217169,797,谢艳,2025-04-03 05:30:21,4,4,0,基础植病，莫名其妙加高高在上，让同学听课自己加的一大坨，上课天天讲他那个b知到课程进度，那不是随随便便刷完的吗，还真以为有人看他那b课学习啊，难道是对自己的课一点自信都没有吗天天逼人看mooc
217170,797,谢艳,2025-04-03 05:31:21,1,1,0,教的一坨
217171,797,谢艳,2025-04-03 05:38:30,1,1,0,每日一分
218514,797,谢艳,2025-04-24 05:48:49,0,0,0,sb，讲课一坨，人也一坨，ppt一坨
6084,811,朱军,2015-07-10 19:09:37,19,24,5,男神！注意力永远在他身上根本听不进生统好嘛！
6581,811,朱军,2015-07-16 01:07:27,5,5,0,男神！！已被洗脑！
7726,811,朱军,2015-09-15 10:56:22,6,7,1,老师自带表情包！上课有专门的摄像人员！炒鸡厉害！
27045,811,朱军,2016-06-22 11:54:36,1,2,1,赞赞赞赞\n\n
29342,811,朱军,2016-06-29 15:25:50,6,7,1,谁能想到，这么男神的老师竟然是与共和国一样年纪?
29680,811,朱军,2016-06-30 07:32:37,6,6,0,虽然上课没怎么听懂，但最终还是会帮大家提分
30984,811,朱军,2016-07-03 05:45:16,2,4,2,我农学院男神！很有气场，讲的很赞，给分也好！
32212,811,朱军,2016-07-06 03:13:17,0,2,2,挺好的老师
32668,811,朱军,2017-06-23 04:21:13,-34,7,41,没听课，但满了，这还不够好吗？
32828,811,朱军,2016-07-16 10:15:51,1,3,2,真男神 助教给分还行
48498,811,朱军,2017-03-20 05:39:23,5,7,2,朱军 为什么 这么帅 为什么 为什么 为什么
51279,811,朱军,2017-05-27 07:40:45,1,2,1,老师最帅了
54242,811,朱军,2017-06-29 01:08:35,-1,1,2,助教给分还行
54478,811,朱军,2017-06-29 11:07:42,0,2,2,真·男神
54485,811,朱军,2017-06-29 11:19:07,4,5,1,可以说是很男神了。不是让我们死记硬背的老师，更注重对我们的思维的培养。上课很好，给分很好，从不点名，开卷考试，有什么理由不打10分？
54591,811,朱军,2017-06-29 22:35:57,-1,1,2,沉迷于男神的兰花指\n\n
56867,811,朱军,2017-07-05 01:50:25,-2,1,3,老师很帅也很强，就是听不懂而已\n\n
102566,811,朱军,2019-02-09 00:53:06,-10,6,16,朱军，\n\n其他什么都比徐海明好，\n\n但有一点希望你能改正：\n\n您口口声声老在强调生科院的同学不要瞧不起农学。是，我们并没有瞧不起，但您每次上课说话都是“你们生科院”我就不太理解了。希望双边平等。
103533,811,朱军,2019-03-01 02:21:55,17,18,1,苦涩，上徐海明的课看到朱军老师的评价满脸苦涩
109383,811,朱军,2019-06-13 15:14:04,14,14,0,请问您为什么放任xhm和xt胡作非为？生统课已经变成了老师读ppt表演非洲英语，学生听不懂看您的网课自学，那么这门课存在的意义是什么？一学期上完了，我什么也没听懂，全靠自学？真好！
109402,811,朱军,2019-06-14 02:17:13,6,6,0,那个出现在视频中的男人
110244,811,朱军,2019-06-25 04:40:06,5,5,0,无缘听他真人讲课，生统只能靠他的教学视频得以苟活。感觉讲的挺清楚的。徐海明令人头大。
146776,811,朱军,2022-01-07 12:08:44,1,1,0,明日考生统，仍在刷网课，特来拜朱军，赐予我力量，但求不挂科！
147773,811,朱军,2022-01-10 19:32:26,11,11,0,生统不能失去朱军，就像西方不能失去耶路撒冷
175354,811,朱军,2023-06-24 06:59:04,4,4,0,A minus is not equal to A minus one.
219825,811,朱军,2025-06-08 05:18:42,0,0,0,xhm时代前来考古
65652,837,汪志平,2018-01-08 04:13:10,0,0,0,汪老师每门课我都要选
65654,837,汪志平,2018-01-08 04:14:03,1,1,0,上知天文下知地理，博闻强记，超有魅力，考试提纲超级棒
65655,837,汪志平,2018-01-08 04:15:54,0,0,0,鲁迅说.....\n\n毛主席说.....\n\n范仲淹说.....\n\n好老师\n\n然则何时而乐耶
100463,837,汪志平,2019-01-26 07:13:25,0,0,0,上课还行，但给分有点迷....
143357,837,汪志平,2021-11-24 04:04:50,0,0,0,讲课很有想法，对同学非常体贴，给考试提纲
145614,837,汪志平,2021-12-30 16:24:08,0,1,1,老师人超好，很亲切幽默，上课知识很丰富，还邀请我们去他办公室喝酒（还没考试，所以不知道给分怎么样）
147119,837,汪志平,2022-01-08 20:55:42,1,1,0,上了生物制品学，老师讲课挺有趣的但给分真的不好，查老师上的3.4均绩蛮有参考价值的
110988,862,刘树生,2019-06-29 03:42:38,0,1,1,非常专注的老先生。
14914,875,蔡新忠,2016-01-11 03:09:37,0,0,0,对学生认真负责，讲课也很仔细
20964,875,蔡新忠,2016-02-05 13:00:18,0,1,1,上课千万别迟到，一不小心迟到了一定要跑着进教室！
90019,875,蔡新忠,2018-11-21 16:03:53,0,1,1,讲课还行的，上课前会提问，植物病理学后期就是展示，老师会提问，但是不会问很刁专的问题，考试前会给复习题复习。
178321,875,蔡新忠,2023-07-10 04:19:10,0,0,0,嘤嘤嘤
201461,875,蔡新忠,2024-11-03 09:44:54,1,1,0,看碟下菜
24391,927,涂巨民,2016-07-06 03:24:21,2,2,0,只读ppt，而且英语很不流利，给分极差
24628,927,涂巨民,2016-06-21 11:33:36,1,1,0,”llllll
50455,1016,须海荣,2017-05-03 03:51:00,2,2,0,我论文通篇大部分是自己观点啊写的贼好 就3.9？？老师有毒吧我还展示了
64510,1016,须海荣,2017-12-24 18:52:39,0,0,0,贼好的课，好玩得很
103015,1016,须海荣,2019-02-25 11:23:12,0,0,0,你感兴趣的话，饮品加工原理真的挺有趣，老师是认真准备过的，有问题会尽力替你答疑，很感谢须老师
135443,1016,须海荣,2021-05-10 13:28:41,0,0,0,无敌水课 给分真不好 太气了
2631,1068,周小庄,2015-05-05 01:40:33,20,31,11,你们都会的，不用我教
2774,1068,周小庄,2015-05-07 06:26:13,8,16,8,如果选了中国画，那么祝你好运
7149,1068,周小庄,2015-09-08 08:13:06,2,8,6,日了狗了
12067,1068,周小庄,2015-12-21 15:34:36,2,8,6,什么都不教，最后画不好是我们不对，呵呵
16450,1068,周小庄,2016-01-18 06:16:04,-1,4,5,给分还可以
23905,1068,周小庄,2016-04-20 13:43:27,1,4,3,选了中国画我真的只能说科科
27293,1068,周小庄,2016-06-24 13:42:24,0,6,6,垃圾老师
32910,1068,周小庄,2016-07-30 00:21:22,3,13,10,老师很好~但是需要你自己多花时间认真画哦，你画画的状态和投入多少，在画面上是看的出来的，如果不认真，老师说话是很直的，觉得欣赏，也会夸赞你的Q3Q我个人非常喜欢老师~
33104,1068,周小庄,2019-01-24 08:55:58,2,7,5,日了仙妈妈
34649,1068,周小庄,2016-10-17 09:06:10,-1,5,6,认真画还是能学到东西的
41292,1068,周小庄,2017-01-10 12:03:51,-1,4,5,很棒的老师，人好！但是很遗憾没学会画画，诶\n\n
49870,1068,周小庄,2017-04-26 15:12:51,-4,5,9,呵呵为什么不能打0分 老是卡分数 明明知道基点和分数的关系 还故意少一分 差0.3个基点好吗？ 2017年的评分不客气
53586,1068,周小庄,2017-06-27 05:42:19,3,6,3,关于老师为什么卡分数，大概就是给的好看点吧，在应有的绩点水平给你把分拉高_:(´□`」 ∠):_
54508,1068,周小庄,2017-06-29 12:49:42,-4,6,10,不怎么指导指导了也听不懂 追求色彩鲜艳？？鲜艳就是好看？？服气 哦还有绩点爆炸
56708,1068,周小庄,2017-07-04 10:49:41,1,8,7,老师的专业素养很高，一眼就能看出线条的好与坏，而且会很直白的指出你的不好，真正愿意学习绘画的人，能收获很多的，抱怨之前，还是先想想自己是不是真的做的不够好吧
58047,1068,周小庄,2017-07-26 13:02:04,-2,6,8,一个不怎么鼓励你的老师，但是提的意见句句在理，心态好点这课真挺有意思的，好好画水平和绩点肯定有进步
76823,1068,周小庄,2018-04-24 07:36:42,4,7,3,说实话是一个很有趣的老师，画画之余会聊聊星座，八字之类的，也喜欢和学生聊天谈心开开玩笑。
77082,1068,周小庄,2018-05-01 12:55:33,2,5,3,老师是真的喜欢卡分！！！美名其曰我要是给你83不就跟85的同学一样了吗，那我82不还是跟80的同学一样吗？？？大家都高一分不好吗就很迷。然后确实也不教啊，就靠自己练，本专业的同学基本可以放心选，外专业的同学谨慎考虑。
77154,1068,周小庄,2018-05-03 03:42:49,-1,1,2,学到了人生哲理
77313,1068,周小庄,2018-05-04 14:00:02,-2,6,8,感觉评分不该这么低呀 上的国画老师人很好呀 虽然就只有刚开始统一教过一些内容但是不会画问她问题都会耐心的教 最后给分也很好（外专业同学
85477,1068,周小庄,2018-07-18 08:18:39,-3,5,8,周老师人很好呀w 感觉特别像我高中的语文老师 这一年第一次遇到这样的老师哈哈哈 我感觉画画的课就是要靠自己练的 老师不可能凭空讲很多东西 只能是靠自己主动 多去问 老师指出来的问题还是很有针对性的 感觉自己进步啦 谢谢老师
106340,1068,周小庄,2019-04-26 12:07:40,2,3,1,我哭着问我自己为什么曾经选了中国画…
108468,1068,周小庄,2019-06-02 06:54:04,5,14,9,垃圾\n\n不近人情\n\n浙大为什么会有这样的老师\n\n祝浙大园林永无翻身之日
108836,1068,周小庄,2019-06-03 05:34:58,6,11,5,说的好听是直白，说的不好听就是不太尊重学生吧。从来没见过哪个老师像她这样喂来喂去地叫学生。如果直白地指出缺点就能算优点的话，呵呵，那这样算哪门子老师，老师重点是要教啊!教学生不是放视频OK?
113190,1068,周小庄,2019-08-16 03:57:09,-7,3,10,还行。
115547,1068,周小庄,2019-08-02 11:42:31,2,6,4,疯了，讲话怎么会这么难听，几句话就能把你说成一文不值。楼下某位洗地反怼的还是算了吧，不是人人都有您那么厉害的，普通人真的只能哭着跪下膜您这种巨佬了。
115827,1068,周小庄,2019-08-20 13:50:02,1,3,2,老师人很严格，嘴巴毒了点，但是很直率
123922,1068,周小庄,2020-06-16 10:16:25,1,5,4,老师水平有，但是让我认识到了什么叫做绩杀
123923,1068,周小庄,2020-06-16 10:18:17,2,10,8,体验极差，真的迷惑，感觉老师的审美跟我完全不在一个频道上，不懂评分依据。\n\n谢谢周老师，让我懂了俞老师是多么的美好，上完两节色彩我立刻麻利滚。
124378,1068,周小庄,2020-07-05 14:54:52,1,10,9,可以很好地把80分的同学指导到95分 但完全不知道怎样把30分的同学教到60分【微笑】 老师您去教艺术生好了何必来园林呢
124631,1068,周小庄,2020-07-04 09:23:05,6,13,7,感觉老师把我们当美术生了…其实我们园林的很多同学是第一次接触水彩，根本不知道应该怎么画。但老师一上来就让我们临摹非常非常难非常复杂的图（对于一个初学者而言），也不教应该怎样上手，全靠自己摸索，这样教学方式的确欠妥吧…给分又全是按照专业级别的标准来打分，难道不应该是从学习前到学习后的变化和努力程度更值得作为打分依据吗? 有可能是我太菜了吧₍₍ (̨̡ ‾᷄ᗣ‾᷅ )̧̢ ₎₎达不到老师的标准
124670,1068,周小庄,2020-07-05 15:52:28,3,10,7,不知道说啥……抗压课吧，教会我们如何提高挫折商，挺 好 的 （ ？
124673,1068,周小庄,2020-07-06 00:32:58,1,16,15,我觉得周老师人挺好的啊~学画画就是要主动去问吧，针对性地改正练习。理论教的再多没有练习都是没用的，而且色彩的理论一开始也讲了，要靠多画来感悟吧，要是觉得老师讲得不够，可以自己再去网上找自己需要的资料嘛！而且我们也是在摹本里自己选画来画，可以先选简单的呀！何必这样说老师不教，画画本来就是实践性主观性很强的事情，就算是在外面报班学画画也是先临摹，然后老师评价告诉你哪里可以改进啊。而且周老师我们是私戳聊的，老师很负责了，如果进步了，赞扬的话也不会吝啬说的~虽然我绩点不高，但是还是很谢谢老师的。
124728,1068,周小庄,2020-07-07 08:34:35,4,12,8,否定一下前面那位同学说的“可以先找书里简单的”：书是《水彩建筑风景写生技法》陈飞虎的，里面根！本！不存在简单的图。给美院水彩专业同学看了，回答是“你们老师哪儿请的? 给初学者一上来这么高要求? ”。再参考同济大一设计新生，和我们一样都是文化生考进去的，一开始学的水彩是老师找一些例图，比如漫画风的一座小房子——几乎使用平涂，不会一上来就是如此经验老道&讲究上色技法的作者画的图。
124811,1068,周小庄,2020-07-10 08:28:33,2,7,5,人，面冷心善；课程设置，确实不到位。夜以继日地画，人都傻了。\n\n
125255,1068,周小庄,2020-09-04 16:32:31,-1,0,1,。。。
132913,1068,周小庄,2021-02-05 02:08:13,-1,4,5,半年前上的课，现在做噩梦还会梦到她，真的绝了。
134827,1068,周小庄,2021-04-17 07:48:17,0,4,4,佛系玩家，坐在那里手机逛淘宝，上课自己画，偶尔指导一下，细节操作一律不讲
135050,1068,周小庄,2021-04-28 08:04:30,14,14,0,上的是中国画课\n\n怎么说，老师属于脾气直爽，对事不对人的人，你画的不好会骂你，你画的好会夸你，仅此而已。\n\n教的内容，也不是很多，但是也不是一丁点都没有，如果认真学，基本的技法应该是可以掌握的。\n\n最后的作业量也不是特别特别大，老师看我们的进度比较慢删减了一张树种的作业量。\n\n上课下来，国画的东西，还是有点收获的，像老师这样直爽性格的人，有的人喜欢有的人不喜欢。起码这学期我上这个课老师还是范画很多次的，如果真的不会画，可以（厚着脸皮）找老师来你位置上范画……
135179,1068,周小庄,2021-05-05 11:11:59,-9,4,13,抛开教学说师德，极其不尊重同学，说话非常伤人。感觉在她眼里学生不是个人。
136512,1068,周小庄,2021-06-19 16:28:16,3,3,0,有趣的人。
137032,1068,周小庄,2021-06-30 01:28:06,21,23,2,在交作业前，我一个人在教室连续画了一个星期，从吃完饭到九点十点，画完就私聊周老师，麻烦她帮我指出问题。说实话，前两天周老师的指导挺打击我的，也有一天我直接崩溃在教室里大哭半小时。直到第四天，我终于悟到一点门路，老师也肯定了我的进步，虽然绩点不及大佬，但比起我原来的水平真的提高了太多！\n\n简单来说，只要你努力，周老师绝对会看到你的付出，也绝对不会为难你。以后的学弟学妹一定要多努力，多想想，多问问。不要怕老师“伤人”的话，你会爱上她的直爽的💪🏿
137034,1068,周小庄,2021-06-30 02:19:17,15,16,1,我觉得是很好的老师！\n\n其实老师讲话不算很伤人，其实听起来比较像朋友间的调侃，而且会作范画，会给你修改意见，就踏踏实实按她说的做成绩不会差的👌👌👌
137038,1068,周小庄,2021-06-30 02:55:03,14,16,2,实在不懂为什么之前有些评论那么恶臭！！老师明明这么好~~\n\n老师就是那种刀子嘴豆腐心的人，肯努力的话她一定会看到你~
137039,1068,周小庄,2021-06-30 03:02:22,11,12,1,周老师虽然喜欢开开玩笑但人真的超好，能发现你的问题，看得出来你的进步，给分真的很好了
137040,1068,周小庄,2021-06-30 03:06:22,9,10,1,老师值得更高的分数！
137042,1068,周小庄,2021-06-30 03:07:31,2,3,1,好哇好哇
137043,1068,周小庄,2021-06-30 03:08:23,12,13,1,（今年的周小庄和以前的周小庄可能不是一个周小庄hhhhh）\n\n我才知道原来老师之所以最开始否定我们是因为不想我们飘，是因为从小她接受的就是否定式的教育。\n\n我觉得老师挺厉害的
137044,1068,周小庄,2021-06-30 03:16:12,3,4,1,舒服，有趣
137046,1068,周小庄,2021-06-30 03:41:16,5,6,1,感动中国，吹爆周老师
137048,1068,周小庄,2021-06-30 03:48:49,7,8,1,对不起，老师真的是很好，虽然有点毒舌，但是人是真的很好，喜欢认真的孩子，我们班好多都被捞到4了
137050,1068,周小庄,2021-06-30 04:51:12,0,1,1,非常完美！
137051,1068,周小庄,2021-06-30 04:51:30,5,6,1,刚考完信号与系统望着好几页频移时移傅立叶变换，就开始怀念周日下午画画中国画的时间，也就愈发想拍死那个两年前不想去农学的自己.......
137052,1068,周小庄,2021-07-07 15:22:38,6,6,0,hhh今年的周老师和往年的周老师不太一样，虽然最开始被喷的有点惨但是后来发现这个老师超棒der
137053,1068,周小庄,2021-06-30 05:30:43,0,0,0,666
137060,1068,周小庄,2021-06-30 07:50:21,3,3,0,辣嘴毒舌欢乐多
138295,1068,周小庄,2021-07-08 11:14:20,3,4,1,周老师真的很棒吖
139044,1068,周小庄,2021-07-12 09:09:41,2,2,0,周老师超级好超级好！！
139917,1068,周小庄,2021-08-18 13:28:06,5,5,0,国画写生——欢乐源泉
153821,1068,周小庄,2022-05-12 08:32:31,1,1,0,啊啊啊啊
155570,1068,周小庄,2022-06-14 10:58:52,4,4,0,大爱小庄！！！！！！最后比起素描的绩点真的好看太多了😍😍😍小庄直爽有趣 上课内容包括但不限于 锐评你的和别人的画作 星座话题食堂话题当今时事😏 虽然一开始可能会被批评打击到，但慢慢的你一定会爱上小庄有趣的灵魂！最后给分也很好！！真的太爱小庄了\n\n祝明年要上余征老师色彩的学弟学妹们好运🙏
155577,1068,周小庄,2022-06-14 11:26:42,-1,1,2,话不多说 体育课以外的第一个满绩🥵
25208,1105,李正和,2016-05-08 07:08:19,-5,1,6,感觉触摸到了生物的美妙。
74828,1105,李正和,2018-03-06 05:02:26,2,2,0,...
78773,1105,李正和,2018-05-15 06:40:46,3,3,0,脸上笑嘻嘻，给分有点迷
107699,1105,李正和,2019-05-08 10:49:47,2,2,0,给分很迷
135557,1105,李正和,2021-05-13 13:57:23,1,2,1,阿巴阿巴阿巴
152056,1105,李正和,2022-03-24 08:41:25,2,4,2,核酸匠人，肉眼确认酶切位点，不需要计算机软件辅助
152952,1105,李正和,2022-04-22 07:54:15,5,5,0,想要高分的话慎选，想要过的话应该没问题。
152954,1105,李正和,2022-04-22 08:06:01,3,3,0,无语咯无语咯家人们
152964,1105,李正和,2022-04-22 13:00:47,2,2,0,给分真的迷，平时分一点人情味都没，最后也不捞很“公正”，就是说不如生科院的分子生物学／流汗
153815,1105,李正和,2022-05-12 02:07:22,4,4,0,平时分拉考试分 给分烂的一批 事情暴多
184286,1105,李正和,2023-12-15 10:07:06,8,8,0,真的被他的读书报告整崩溃了
184960,1105,李正和,2023-12-24 16:01:54,5,5,0,上辈子造孽 这辈子学分子生物学 哈哈 一整个大无语 sb读书报告
206635,1105,李正和,2025-01-17 04:28:52,4,4,0,啥比老师，对自己教学水平没点逼数，那个死马读书报告要求混乱还没有更改机会，怎么好意思来当老师的
207390,1105,李正和,2024-12-21 06:49:34,2,2,0,b事多得要死，疯狂考勤，一门专业理论课你还要人做PPT还展示整整两周不讲课，你是疯了吗？给分还这么低，是人吗？还一副自视甚高的样子，张口闭口自己的研究，我要是懂你懂的我还用你教吗
207668,1105,李正和,2025-01-17 04:03:05,4,4,0,每次上课都点名，事情比较多，两个班待遇有差别，一个班读书报告秋学期就布置了，另一个班冬学期布置 上课展示是提前一天公布名单的，展示需要每个人公平打分。读书报告是两周选题，一周做PPT，一周录视频。PPT有什么要求是交上去之后才说的，且交上去的作业是不允许修改一次再提交。表面上给的准备时间挺长的，但是等到他说清楚要求，那就已经没时间准备了。如果能不上这个课的话还是不要上吧
2610,1145,张传溪,2015-05-04 17:11:43,6,6,0,普通昆虫学老师，张老师是位对昆虫本身就很热爱的老师！！做了自己兴趣所在的职业也是非常幸福的事情吧！人也非常好，上课幽默又和善。
23184,1145,张传溪,2016-03-21 06:51:46,2,2,0,满分!最和蔼的老师~
75575,1145,张传溪,2018-03-13 12:18:53,0,0,0,。。。
75832,1145,张传溪,2018-03-19 11:21:34,0,0,0,有意思
158833,1277,刘小红,2022-07-02 13:39:05,2,2,0,嘎嘎好的老师
159105,1277,刘小红,2022-07-06 08:29:00,2,2,0,这么好的老师
6830,1288,张国平,2015-07-23 10:38:03,6,7,1,你会感觉老师无处不在，他那疑问的神情让你感觉自己有罪，特别是在看手机的时候。切记，好好听课
51106,1288,张国平,2017-05-17 12:23:49,1,2,1,挺和蔼的老师，口音有点重
214933,1288,张国平,2025-02-19 07:20:02,0,0,0,老师好和蔼！很有精神劲
39584,1289,郑新强,2016-12-26 01:04:53,0,0,0,很好的老师
59885,1289,郑新强,2017-09-28 05:15:05,0,0,0,亲切耿直的老师
128385,1331,徐海君,2020-12-22 02:57:08,1,3,2,荣获第十六届“中国青年科技奖”\n\nhttps://mp.weixin.qq.com/s/5tkBq97UBGba5HHIFnffhQ
157229,1331,徐海君,2022-06-22 12:37:23,5,7,2,给分比唐璞老师差的不是一星半点。真的很愤怒
216516,1331,徐海君,2025-03-18 02:34:44,1,1,0,很棒 人非常好
40246,1359,王校常,2016-12-30 13:54:48,0,1,1,Mystery
49612,1414,张明方,2019-06-13 07:53:29,8,10,2,园艺英文课，园艺学弟学妹们慎选\n\n
64318,1414,张明方,2017-12-22 11:19:26,-4,3,7,很不错的老师\n\n
76015,1414,张明方,2018-03-24 09:38:17,-7,1,8,双语教学，生动有趣
78869,1414,张明方,2018-05-16 03:26:23,9,13,4,论文太多写不起，果断退课了。同学课表上没显示这门课，就以为没选上。结果老师下载错名单了，第一堂课点名的时候，点到了那个同学，不听解释，就说那个同学还有两次请假机会。呵呵。
79035,1414,张明方,2018-05-21 06:54:25,5,5,0,超级喜欢点名哦
79046,1414,张明方,2018-05-21 11:13:58,6,8,2,非常麻烦，还学不到东西，get不到通识如此麻烦的意义，无语
79048,1414,张明方,2018-05-21 12:21:53,6,6,0,无趣 而且喜欢瞎折腾同学 上课点名站起来念英文PPT 论文多 爱点名 慎选！
80209,1414,张明方,2018-06-21 14:07:19,7,7,0,一共上了五节课，每节课都是让学生起来念英文PPT，期末6000字论文+展示，你在逗我吗老师？而且很自负。
80363,1414,张明方,2018-06-25 12:47:49,7,7,0,破课，事情多，水，没有任何基本没什么用，期末六千字论文，最后ppt展示不控制时间，搞什么都不知道
80371,1414,张明方,2018-06-25 13:37:24,6,7,1,没有时间概念。论文ddl随意提前好几周，只在前一天通知第二天要交论文。展示没有时间观念，拖到晚上10多才下课。课水，不如直接看《枪炮、病菌与钢铁》。事情非常多。而且讲农业与文明只讲农业不讲文明。
81866,1414,张明方,2018-07-06 10:30:38,6,6,0,是真的sb，念英文ppt，六千字论文还有展示，而且给分差，简直恶心
82026,1414,张明方,2018-07-07 01:49:32,3,3,0,不怎么样\n\n授课水平低 没时间观念\n\n事情多 给分差
82376,1414,张明方,2018-07-08 04:33:25,1,4,3,老师的课可水可听，认真听的话会有收获的。个人认为这门课最大的收获来自两篇论文的写作过程。阅读了大量的资料，也包括老师发的辅助读物（全英文 不过有道翻译是个好东西），确实会对一些问题有很深入的思考，这很值得..（emmm其实这门课让我对哲学产生了浓厚的兴趣）教学安排上老师可能做得还不够好，最后一次小组展示甚至拖堂到十点多，不过老师最后对大家的期望和祝愿很感人那。
93243,1414,张明方,2019-01-08 09:57:39,-1,1,2,老师的为人处世有很大进步空间
135534,1414,张明方,2021-05-13 00:20:54,9,9,0,园艺与人类 虽然上课啰啰嗦嗦讲不清楚听不懂，1.5学分事情也挺多，每次还要拖课，上课还喜欢点人起来读英文PPT，但是最后给分不错的
135537,1414,张明方,2021-05-13 01:49:11,7,7,0,园艺与人类，4.4均绩不是假的
141986,1414,张明方,2021-11-03 04:13:05,3,3,0,给分很好，冲
155106,1414,张明方,2022-06-08 10:20:48,-2,1,3,给分好
192261,1414,张明方,2024-05-13 06:26:43,2,2,0,园艺与人类\n\n点名，上课无聊，英文授课，一个小组展示，两篇论文，事多但给分好，最后满绩了，谢谢老师
216204,1414,张明方,2025-03-12 11:44:18,0,0,0,这老师备课真方便啊。把随便一个不知道哪来的英文论文复制粘贴ppt里，把选课名单打印出来。上课就换一页ppt点一个起来念翻译。又有内容又方便查勤。能把一门专业课上成比通识课还水的大水课，吸引全校这么多人拿跨专业学分，这老师也是这个。这课叫园艺与人类，选课名单一百号人里有一半非园林专业的。然后他PPT还超出框外了，同学念着念着发现不对。然后这页连取消放映都展示不完全了。连框的框都超出去了。我为什么冒雨来这课。为了防雨我穿的拖鞋然后我脚踝现在被蚊子咬了个包。
218610,1414,张明方,2025-04-26 15:07:22,2,2,0,短学期的课事情小多，一篇期中论文+一篇期末论文+一个小组展示，每节课都会点人起来念英文PPT，分数中规中矩吧
49571,1418,安千里,2017-04-19 03:20:11,5,5,0,超级负责的老师\n\n
65739,1418,安千里,2018-01-08 15:44:33,6,6,0,用心上课的好老师！
85057,1418,安千里,2018-07-15 07:21:59,4,4,0,萌萌哒，像只大熊猫，很可爱
105790,1418,安千里,2019-04-20 13:36:17,-1,3,4,事情真的超级无敌多 多到烦躁
176233,1421,蒋明星,2023-06-28 06:36:23,6,6,0,爹！！
176352,1421,蒋明星,2023-06-28 13:50:44,2,2,0,植物检验检疫学很好的一个老师，有机会选他的课的话一定要选，算是在浙大为数不多可以让我留下深刻好印象的老师了。
179682,1421,蒋明星,2023-09-19 08:44:26,0,0,0,无脑冲
181590,1421,蒋明星,2023-10-24 00:49:16,0,0,0,无脑冲
185592,1421,蒋明星,2024-01-02 13:14:53,0,0,0,作业不多 对学生很好 上课和蔼可亲 可以学到课外学不到的东西
205596,1421,蒋明星,2024-12-10 03:22:55,0,0,0,很认真的老师，能学到很多
54,1492,Imran Haider Shamsi,2015-03-14 15:33:02,-20,26,46,弄得好像是国外的兴趣激发式教学，其实就是个空壳子。真正的知识没教会多少，浪费的时间挺多。课堂B事多给分还贼低。
1024,1492,Imran Haider Shamsi,2015-03-21 10:49:10,-23,17,40,屁事多分低
2579,1492,Imran Haider Shamsi,2015-05-04 14:56:19,26,56,30,并没有很多事。必须的只要一次展示和期末考即可。老师很关心同学。练习英语交际的好地方。强推。给分靠谱。能够学到东西。但总之主要还是用来提升英语。效果非常好。
3279,1492,Imran Haider Shamsi,2015-05-26 03:12:36,14,31,17,很好啊
3441,1492,Imran Haider Shamsi,2015-06-14 03:41:12,0,11,11,超棒啊
4334,1492,Imran Haider Shamsi,2015-06-19 05:37:34,8,24,16,平心而论，事情一点都不多！连一次展示都是自选的。老师很和蔼，给分很好！只有一点，确实学不到什么东西。有些人自己不用心还要怪老师给分不好？
4350,1492,Imran Haider Shamsi,2015-06-19 08:34:57,0,11,11,老师很棒啊 其实能学到很多 特别是专业词汇 不知道某些人怎么想的
5429,1492,Imran Haider Shamsi,2015-07-07 10:58:35,5,13,8,老师很用心，虽然讲的东西很多以前就知道但是还是有不少专业词汇可以学。所有的展示老师都会一个个认真听下来。很关心学生的好老师，说给分低的多半是自己不够努力
8837,1492,Imran Haider Shamsi,2015-09-29 00:09:25,124,148,24,Water cycle round and round， vapour goes up and rain comes down …
10048,1492,Imran Haider Shamsi,2015-11-15 02:49:21,13,19,6,人很好，进度有点慢，经常让同学问问题一节课就过去了，他总说自己上课从来都手机关机我也不好意思总玩了。会照顾他印象深刻的人，一开始没好好刷脸到后来都是徒劳了。
10263,1492,Imran Haider Shamsi,2015-11-18 00:41:57,-1,8,9,很有意思啊，老师也很亲切
10435,1492,Imran Haider Shamsi,2015-11-18 17:09:05,19,25,6,给分不怎么样 真心要靠刷脸发言留深刻影响才行！！！  练口语到的确不错 只是专业名词很蛋疼
13050,1492,Imran Haider Shamsi,2015-12-24 15:50:18,-8,8,16,上课没有发过一次言。竟然给我这么高的分，看来考试也是很重要的
13576,1492,Imran Haider Shamsi,2015-12-29 11:35:47,18,25,7,给分低
13633,1492,Imran Haider Shamsi,2015-12-30 07:20:41,4,10,6,感觉挺好玩的，老师很尊重我们
18762,1492,Imran Haider Shamsi,2016-01-22 13:35:29,-2,13,15,非常好、非常棒的老师。讲课很清楚。非常照顾留学生。我建议大家选这门课吧。谢谢老师！！
18770,1492,Imran Haider Shamsi,2016-01-22 13:25:08,4,24,20,绩杀！！绩杀！！无聊至极！！不要选！千万不要选！
18857,1492,Imran Haider Shamsi,2016-01-22 15:49:48,-1,13,14,hhh作为一名生物专业的同学，课真的水水的^_^但老师待人处事淳朴，你可以了解很多英美人的思维方式（we are the best～～老师超自信有木有）
18908,1492,Imran Haider Shamsi,2016-01-22 17:48:59,28,39,11,课上的有点不知所谓。唱歌加分这种也不吐槽了。最后考试容易，但给分低呵。
19247,1492,Imran Haider Shamsi,2016-01-23 16:03:44,17,22,5,慎选，如果你不擅长刷脸
21017,1492,Imran Haider Shamsi,2016-02-10 04:26:54,1,6,5,练英语
21870,1492,Imran Haider Shamsi,2016-03-01 10:38:31,41,46,5,第一节课就迟到啊
22784,1492,Imran Haider Shamsi,2016-03-11 05:22:37,4,8,4,相对好评，不过很多很科学的知识适可而止了
23237,1492,Imran Haider Shamsi,2016-03-22 14:33:58,1,5,4,老师巴基斯坦籍的，老是夸中国好⋯其实是一节口语练习课，主题围绕植物而已⋯
24981,1492,Imran Haider Shamsi,2016-05-04 15:35:16,16,16,0,给分一阵哀嚎
24983,1492,Imran Haider Shamsi,2016-05-04 15:48:07,2,5,3,老师挺幽默，人也很好。展示做了，考试认真准备了，结果给分很好。
24986,1492,Imran Haider Shamsi,2019-11-13 10:01:30,-74,11,85,顶我上前排，这个天天喷中国的喷子
24987,1492,Imran Haider Shamsi,2018-03-02 11:59:31,12,17,5,上课水，根本学不到知识，只是上课要多发言多刷脸，presentation唱歌都可以选做，总之就是门文科生刷脸的课，根本就不是理科课程，期末考试竟然可以带字典。。。而我不知道，总之英语不好别选，想练英语的就上专门的英语课。
25790,1492,Imran Haider Shamsi,2016-06-08 11:03:50,-1,3,4,我还挺喜欢 很随性很和蔼
28588,1492,Imran Haider Shamsi,2016-06-28 10:39:43,2,4,2,事情不多，课堂也蛮轻松的，不过，这的确是一门需要刷脸的课
31234,1492,Imran Haider Shamsi,2016-07-03 12:27:30,1,4,3,听听英语还是不错，想要高还是靠自己
31606,1492,Imran Haider Shamsi,2016-07-04 09:09:00,8,9,1,课本身没什么意思 给分靠刷脸 不刷脸按部就班的话.......给分平平
33433,1492,Imran Haider Shamsi,2016-09-19 09:17:20,0,4,4,讲真，不用刷脸，给分不错的。最后一次展示虽然是选做的，但是不是附加分是计入平时成绩的。唱歌是有附加分的。最后开卷考极其容易，考好了分数还不错的。
35751,1492,Imran Haider Shamsi,2019-01-09 04:00:18,1,3,2,练口语、壮胆
37388,1492,Imran Haider Shamsi,2016-11-18 15:56:51,-2,8,10,Totally love him！上课虽然会迟到，但是会跟我们讲，safety is the most important thing！很幽默，讲的也很有趣，适合练英文，反正积极点的话，会学到东西的，至少得到锻炼吧。是一个很棒的老师！
37389,1492,Imran Haider Shamsi,2016-11-18 15:59:27,2,3,1,老师上课其实挺热情，课堂互动也比较多。但几乎每节课都会迟到，有时候迟到半个小时…
37390,1492,Imran Haider Shamsi,2016-11-18 16:00:55,-2,3,5,好老师～
37428,1492,Imran Haider Shamsi,2016-11-18 22:40:19,2,4,2,不知道为什么成绩那么差
37432,1492,Imran Haider Shamsi,2019-01-28 06:05:46,0,1,1,上课积极给分就高，事情不多
37438,1492,Imran Haider Shamsi,2016-11-18 23:52:40,4,8,4,说好给分很高的呢！结果真是出乎意料?
37975,1492,Imran Haider Shamsi,2016-11-22 13:00:51,0,4,4,得分低但是不怪老师，毕竟我只做了一次PPT展示，虽然其他展示的同学比我高了一个绩点，估计考试考差了老师人挺好的，说会给我核对成绩，并把错误发给我，大赞
38651,1492,Imran Haider Shamsi,2016-12-13 10:30:57,7,8,1,如果不擅长刷脸甚选，虽然说老师表示平时表现很重要，但考试成绩还是影响很大
38997,1492,Imran Haider Shamsi,2016-12-20 11:09:11,15,16,1,讲真，课上并不能学到什么东西，知识都是高中的，身为生物专业学生也没有什么不认识的专业单词；积极的话上课发言勉强可以练练口语，但是每次课上都主要是唱歌（植物学相关的歌，不怎么好听）才有加分，不擅长展示的人分数相对会很低。把课堂做的活泼我很支持，但也要分清比重。另外经常迟到很久很久。\n\n总结一下就是想练英语不如选综合英语或者高级英语视听；想拿绩点的话做好每节课唱歌的准备。\n\n
39234,1492,Imran Haider Shamsi,2016-12-21 16:30:38,2,5,3,"说的是双语，所以中文基本只有""大家听懂了么""等，剩下那么多专业英语，或者重要的知识点都是英语还不解释。。写到黑板上基本看不清。。还有，即便你展示了，回答了问题了，考题也基本都会，so为毛分数那么低？脸这么重要么？"
40082,1492,Imran Haider Shamsi,2017-01-22 05:53:39,-3,1,4,课水给分差
46662,1492,Imran Haider Shamsi,2017-01-29 00:11:04,3,3,0,水课。
46667,1492,Imran Haider Shamsi,2017-01-22 06:03:33,6,6,0,蛮好的，个人展示的机会比较多。可以提升自信心哟。给分不错的。
47362,1492,Imran Haider Shamsi,2017-01-25 12:19:38,4,6,2,我觉得课堂氛围很好，只要签个到就好了，所以就不要太计较分数了。想要高分就要唱歌+ppt+回答问题之类的
49839,1492,Imran Haider Shamsi,2017-04-26 12:18:03,8,8,0,这课真的好评，虽然没学什么东西，但是事情少，只有三次自愿的展示，期末考试都在ppt里，上课唱歌真的好欢乐啊，老师上课总是迟到，建议大家6:40再来就好。
50519,1492,Imran Haider Shamsi,2017-05-03 09:05:27,2,3,1,老师会给你很多表达机会，注重师生交流，课堂气氛还是很活泼的。课程内容比较基础，唱歌、展示都做了，期末考资料都给你开卷可带字典，考试也不难。感觉给分很不错！感谢老师ʕ •ᴥ•ʔ
50534,1492,Imran Haider Shamsi,2017-05-03 10:12:56,1,2,1,课堂一定要活跃，而且尽量不要念书式回答问题，课堂内容是高中生物略微深化，给分很好，差一分满?，很开心了
51618,1492,Imran Haider Shamsi,2017-06-07 14:39:35,2,3,1,水到不行的課，有夠無聊，覺得老師很混，遲到又早退，自己沒講什麼就只會一直叫同學發表意見。但是不得不說課很好混，最後開卷考帶打印店買的上課ppt跟一本英文字典就好，也不太需要上課，想混學分的選吧
52798,1492,Imran Haider Shamsi,2017-06-23 03:07:45,4,4,0,水，学不到什么，他的发音够奇怪的 不论是中文还是英文 没有什么收获 混学分？？
56346,1492,Imran Haider Shamsi,2017-07-03 14:14:30,5,7,2,哇说好的是附加分的演讲，怎么最后变成必须的了？？感觉是个被中国同化了的外国老师，上课经常迟到，上课拖沓。给分的话，如果没有演讲，没有回答（总之没有刷脸的话），那真的是有点惨的。
56738,1492,Imran Haider Shamsi,2017-07-04 13:15:38,-11,1,12,没做展示，上了两次课，从不回答。只想拿1.5，结果给我80+
59077,1492,Imran Haider Shamsi,2017-09-19 10:47:35,3,3,0,长得有点像班纳博士。。（绿巨人）
61282,1492,Imran Haider Shamsi,2017-11-13 11:53:29,2,3,1,这门课我真的有认真上，作业认真研究展示认真做的，真的想学还是能学到很多的。学东西是主动的，不是被灌输的才算啊，我感觉每个作业题我要回答都得了解好多相关的东西。真的很喜欢老师，人很有趣。万圣节前夜上课关上门，做游戏哈哈
62974,1492,Imran Haider Shamsi,2017-11-27 14:43:57,1,2,1,虽然被正太了 但是我觉得自己还算是认真完成了这门课的学习 老师人很好 也能收获很多知识 英语单词也会掌握一些 算是一次体验吧  ?
62976,1492,Imran Haider Shamsi,2017-11-27 15:04:54,2,3,1,出分有点慢。其实是一门刷脸的科目。做PPT展示，把作业记住就好。期末一定要带字典，应该没有问题。老师人很好，课上有很多留学生朋友，真的是we are the world亲如一家的感觉。课上欢乐，学到的东西不太多，但如果你有一群学生物的学姐帮助，应该不成问题。
62980,1492,Imran Haider Shamsi,2017-11-27 15:51:34,6,10,4,要不是高中选的生物真听不懂讲什么\n\n天天上课迟到，ok，中英文混讲把外国人搞晕了，上课不让玩手机不能写作业\n\n我每节课认真听不迟到早退上课发过言刷过ppt最后绩点3\n\n真他妈给搞死了
64254,1492,Imran Haider Shamsi,2017-12-22 03:40:43,0,2,2,老师很好啊，课也水水的，生活分享，课堂展示，激情互动，活动帮助记忆词汇，一定要享受课堂，这个课程会让你变得大胆，敢于思考。期末很简单，作为通识很好的调剂~4.2
65160,1492,Imran Haider Shamsi,2017-12-29 15:31:22,3,3,0,每次都迟到的一个老师
65834,1492,Imran Haider Shamsi,2018-01-09 12:42:09,3,3,0,希望他能控制ppt展示的时间。
69713,1492,Imran Haider Shamsi,2018-01-25 08:58:59,9,12,3,写在出分前。英兰老师人很好，他就像是我以前在电影里的老师，在课上会带着学生唱歌、玩游戏、做展示。一次游戏胜利直接满绩。老师本意就是不希望给大家带来很多负担。所以Introduction这门课事很少，最后的考试也简单。以后再也不会有机会上他的课了，挺遗憾的。因为他人真得很好。另这门课绝对是理科生，尤其是生物专业的学生刷分的绝佳去处。文科生听课会比较懵，但把电脑带去认真跟上，遇到不知道的单词就查还是可以听懂的。最后，如果你想学到什么知识，请不要选这门课，但如果你想有番别样的体验，请选。
73083,1492,Imran Haider Shamsi,2018-02-01 01:42:12,0,3,3,上课不听，期末做一次展示，期末考好好写，绩点上4了，上过的最轻松的一门通识课了
73095,1492,Imran Haider Shamsi,2018-02-01 01:59:18,-3,1,4,什么都不干，最后展示，期末好好考，3.9，还行吧。其实老师的课认真听还是很有意思的，就是冬学期没好好学，感觉挺对不起老师的。上课会晚开始早结束，挺好的，内容也都是高中学过的，就是语种不一样～
73149,1492,Imran Haider Shamsi,2018-03-02 11:59:47,-7,0,7,期末考好好考，绩点不会差的，而且，课真的很轻松
73816,1492,Imran Haider Shamsi,2018-02-03 06:49:31,5,5,0,我觉得 玩游戏加五分应该是没加。。。至少我们这个学期是这样的。。。亲身经历。。。
75135,1492,Imran Haider Shamsi,2018-03-07 13:00:31,3,3,0,被正太了。\n\n说来还参加过生物竞赛呢。然鹅这和高分屁关系都没。\n\n难受。
78530,1492,Imran Haider Shamsi,2018-05-12 15:38:01,9,10,1,不喜欢刷脸 不会恶竞的别去了 入学以来最低分真是怕了
83939,1492,Imran Haider Shamsi,2018-07-11 14:43:30,1,1,0,一定要讲PPT，一定要，讲了分就会很高，实测
88810,1492,Imran Haider Shamsi,2018-11-08 12:48:00,2,3,1,不觉得这个老师有多好，上课老是迟到，内容实质上也学不到多少，英语口音重如果要学英语倒不如拿外院开办的课，这堂课就是浪费时间，唯一的好处就是可以拿来自习，老师真的差评，不觉得有多风趣幽默。
92672,1492,Imran Haider Shamsi,2019-01-03 12:45:22,5,6,1,真的超级好的老师，如果你不怕唱歌，不怕展示，没课选，想要锻炼口语，强烈推荐。真的，老师人很好，我觉得是通识课中付出算很少很少的了，最后4.8。\n\n我已经推荐给身边的同学了。
92758,1492,Imran Haider Shamsi,2019-01-04 07:49:34,-18,2,20,就去了两次，最后一节课去才发现之前每节课都签到了，拿到签到表格后偷偷全部补上；规定要展示，占20%，结果翘课没展示。最后考试，4.2。\n\n\n\n总之就是去了2节课，去考了1次试，4.2。很合算。
101374,1492,Imran Haider Shamsi,2019-01-28 06:20:20,-1,0,1,老师人很好
110306,1492,Imran Haider Shamsi,2019-06-25 12:44:47,4,4,0,连考试都迟到的老师
111483,1492,Imran Haider Shamsi,2019-07-01 19:35:51,1,1,0,其實上他的課英語和知識都學不到太多。。水是挺水的，就是要刷臉。而且每節課都遲到，連考試都遲到我真的佛了
112619,1492,Imran Haider Shamsi,2019-07-04 22:48:16,0,4,4,给个平均分，老师人很好，很关心我们而且健谈，就是课吧又水又不水…说水是因为内容真的没什么，上课也不知道在讲什么orz（说实话老师很自信，但是我觉得吧有一点无聊而且内容分散，并不能真的学到什么），说不水吧想拿点平时分事儿挺多，还有期末考。ppt一定要讲，期末考占百分之80所以平时分什么都不是事儿，上课一些问题记一记可能要考但是ppt上没有?。最后给分很好！！！☺
115154,1492,Imran Haider Shamsi,2019-07-16 09:00:00,1,3,2,每节课回答问题，做pre唱歌，考试也基本全答出来了，最后80+，怀疑人生中，大家慎选
118816,1492,Imran Haider Shamsi,2019-11-06 12:35:18,2,3,1,考试真蛋疼  复习那么久的PPT啥也没有(>﹏<)  不过老师人是真好(✪▽✪)
119794,1492,Imran Haider Shamsi,2019-11-16 00:48:09,3,3,0,emm课上是学不到什么东西啦，不过老师人很好，最后考试答案在ppt上基本找不到，但是理科生靠自己基本可以答出来。那个展示不知道是不是必须做，但是到最后大家都会做的所以还是要准备。还有那个光合作用的歌实在有点难听希望换一首（小声）
119838,1492,Imran Haider Shamsi,2019-11-16 03:48:23,1,1,0,任务量真的很少\n\n学的东西有点少，但好好学也不是水课\n\n绩点的话性价比很高…但不去展示的话成绩就很一般
126444,1492,Imran Haider Shamsi,2020-09-27 03:40:31,2,2,0,还行吧\n\n\n\n
127011,1492,Imran Haider Shamsi,2020-11-02 14:14:33,6,11,5,他妈的ddl就给两天？还是三千词英语论文？你咋不让我们上天呢？？
127013,1492,Imran Haider Shamsi,2020-11-02 14:33:28,1,4,3,11.4交论文，11.2晚上10点才通知，我真的服了，还3000字纯英文。我止不住想骂人
127930,1492,Imran Haider Shamsi,2020-11-30 11:39:20,5,6,1,虽然这学期3000字论文很难受，但最后给分居然上4了，爱了爱了
130359,1492,Imran Haider Shamsi,2021-01-21 10:12:34,5,7,2,事少，缺分的人赶紧来吧
142944,1492,Imran Haider Shamsi,2021-11-19 06:10:01,0,1,1,建议选。事少分还可以
142948,1492,Imran Haider Shamsi,2021-11-17 23:10:19,1,4,3,快逃。
143005,1492,Imran Haider Shamsi,2021-11-18 06:33:14,5,6,1,基本上学不到什么新知识，都是高中生物＋地理。老师人很好，很关心学生，上课氛围也很轻松。\n\n积极展示、发言可以拿高分；不介意低分只想水课凑分也可以选。
145525,1492,Imran Haider Shamsi,2021-12-30 07:10:36,1,3,2,老师非常好！！！！
149726,1492,Imran Haider Shamsi,2022-01-16 14:34:18,6,7,1,课程：植物学与现代农业文明\n\n打分：7/10\n\n老师人还行，但是是大水课，教的是高中生物知识（英文限定版）。如果想要好分数，那么第一节课就要主动介绍自己，让他印象深刻，然后每一次上课的时候都要上去pre，唱歌要去，玩小游戏也要去，争取拉满平时分；今年没有考试，是写纯英文论文，字数有下限无上限，论文水点字数应该也有点用吧。
150289,1492,Imran Haider Shamsi,2022-01-21 13:48:05,1,2,1,给分不错，3000的英语论文着实有点劝退
153181,1492,Imran Haider Shamsi,2022-04-26 12:29:09,-2,1,3,吹爆英兰老师，都来选！！
163622,1492,Imran Haider Shamsi,2022-12-16 00:24:54,2,4,2,英兰老师很关心学生，很幽默，中文说得很好了。植物学与现代农业文明的课堂表现还蛮重要的，最好是认真准备作业然后课上回答，不过学生回答问题的时候偶尔会被老师打断（虽然可能是夸赞或者是某个单词发音的纠正，本人有时会觉得突然停下很令人抓狂）
167017,1492,Imran Haider Shamsi,2023-01-14 15:35:10,0,2,2,滚出中国（仅代表我个人观点，不管学校和中国其他人的事），每节课都pre，会给pre的人记名字，然而分数不会因此变高，给分超级拉，什么东西都学不到。
172789,1492,Imran Haider Shamsi,2023-05-07 06:19:44,0,0,0,微生物给分好烂、、、
172799,1492,Imran Haider Shamsi,2023-05-07 09:38:08,0,0,0,3.5真是尽如人意😅
172827,1492,Imran Haider Shamsi,2023-05-08 04:18:24,3,4,1,国际化课程给分太差了…\n\n开始给我们画饼，说给分很好，结果自己也不知道评分制度…\n\n我们这帮人等到分出来之后人全傻了。助教解释说“不会不尽如人意”，但我们真的不能接受。说实在我每次发言，期末论文认真写了，给这点分确实太少。谁来还还我为了这门课变白的黑发和掉的体重啊
174947,1492,Imran Haider Shamsi,2023-06-20 09:18:45,2,2,0,喜欢让人唱歌
182488,1492,Imran Haider Shamsi,2023-11-16 12:00:23,-1,0,1,英兰老师上课很有趣！第一节课就喜欢上了
182910,1492,Imran Haider Shamsi,2023-11-21 05:23:57,-1,0,1,好好好
186756,1492,Imran Haider Shamsi,2024-01-13 02:58:18,0,1,1,事少，课无聊
193048,1492,Imran Haider Shamsi,2024-06-03 03:42:27,0,2,2,《植物学与现代文明》 课上的事情非常少！ 最后就一个开卷考 老师认真负责 想练习英语口语和增强查词典能力的同学放心冲（就是学不到什么植物学知识，很多都是高中的）
208271,1492,Imran Haider Shamsi,2024-12-26 12:26:23,1,1,0,老师很关心学生，在群里请假，他会一个一个回复，还会主动加我们的微信，课堂氛围也超级好，考试开卷，每节课都会说让我们注意身体，早睡早起。老师真的人太好了，我希望我以后啥课都是他教
212451,1492,Imran Haider Shamsi,2025-01-14 04:23:21,1,1,0,虽然课有点水，但是英兰老师人真好。我上课主要是来听听而已觉得老师很关心学生的。我考试都不知道是开卷能带本子和字典入场，全都是简答题的，写的很烂很烂 以为是挂了因为考试没有带啥、考的也很差。最终老师给了4.2， 不算是很高但是我考的非常差，收到了结果感觉老师像菩萨一样哈哈哈哈。推荐大家选，事不多，如果英语好可以选，挺容易拿分的。
218471,1492,Imran Haider Shamsi,2025-04-24 02:33:55,1,1,0,课程：植物-微生物的相互作用及可持续农业\n\n评价：老师人很好，关心学生，还让我们自己选择考核方式（我们班最后选了论文\n\n课堂的氛围很好，认真学能够学到东西，老师很能调动课堂气氛\n\n如果有什么课程上的问题，都可以直接加他微信，老师很热心\n\n最后论文认真写，平时稍微发言几次，拿高分不是问题。相信仁慈的老师
79065,1543,钱琼秋,2018-05-22 05:15:28,-1,0,1,666
154411,1543,钱琼秋,2022-06-01 05:07:22,0,0,0,这老师的英文名是不是叫3q
54241,1563,郑经武,2017-06-29 01:08:05,0,1,1,老师挺好哒
57519,1626,吴琼,2017-07-09 07:18:42,-8,3,11,呵呵呵
178589,1626,吴琼,2023-07-15 23:36:00,5,6,1,老师人很好
182201,1626,吴琼,2023-11-12 13:05:41,2,2,0,满分支持一下老师~~
183082,1626,吴琼,2023-11-22 05:28:09,2,2,0,老师讲课慢条斯理，会手把手教你解剖与制作昆虫标本
184371,1626,吴琼,2023-12-18 10:22:17,0,0,0,老师很好，很温柔的，是我太烂了，嘤。
200939,1626,吴琼,2024-10-25 05:25:29,2,2,0,很好的老师，很温柔，理论课和实践课相结合，内容很丰富，尤其是最后精心准备的蝴蝶和昆虫标本把我感动到了，如果你对昆虫感兴趣，冲冲冲，如果是小白，吴老师会给你很大的惊喜
202921,1626,吴琼,2024-11-15 07:21:36,1,1,0,老师人特别温柔特别好555都来选昆虫探秘！很有意思的课给分也很好
221222,1626,吴琼,2025-06-22 05:39:14,0,0,0,非常喜欢的老师，很温柔
199929,1759,赵金浩,2024-10-08 13:49:41,3,3,0,纯nt玩意，死全家的东西
201092,1759,赵金浩,2024-10-28 11:54:41,1,1,0,很死板、大男子主义、不近人情的老师....每节课都要点名，三次不来就挂科，大四了也不例外...慎重选择吧，大四了还遇到这种老师算我倒霉
56362,1779,汪海燕,2017-07-03 14:46:37,-1,2,3,很少遇到这么负责任的老师了 真的是尽心尽力
83844,1779,汪海燕,2018-07-11 10:04:09,0,2,2,杀鸡?
149266,1779,汪海燕,2022-01-15 02:15:13,0,2,2,老师超好，上课认真清楚，考试也简单，给分超级棒
181855,1779,汪海燕,2023-11-02 12:01:49,0,2,2,核技术与应用：很棒的老师，每次提问我们答不上来都会给我们找理由开脱hhhhh。期末有结课论文和辩论赛
188477,1779,汪海燕,2024-01-19 05:14:03,1,1,0,上课还挺用心的，但每节课都会点名提问好多次！最后绩点也不好看，大大拖我均绩……
193143,1779,汪海燕,2024-06-04 04:03:09,3,3,0,通识课绩杀，真荒谬
212744,1779,汪海燕,2025-01-14 16:46:31,0,0,0,老师说通识课不是要拉我们绩点的，会给好成绩
220315,1779,汪海燕,2025-06-17 08:18:22,0,0,0,核技术：课程较无聊，基本只要听前两节就好。给分尚可，老师人还是不错的，很认真的科研女性
10562,1800,潘刚,2015-11-20 02:24:04,-9,6,15,不错，认真做就有回报
24357,1800,潘刚,2016-04-30 01:34:48,11,16,5,这老师就是个巨坑，上课对学生极其轻蔑。课程论文兢兢业业写了一周，严格按照他的格式和内容要求也只给80
25382,1800,潘刚,2016-05-16 12:07:05,10,13,3,老师不关心学生，只有真正想学的才有可能学到东西，教的东西杂乱深
34808,1800,潘刚,2016-10-24 00:50:29,1,9,8,老师上课略逗，给分一般，但是认真听确实可以学到很多知识
62762,1800,潘刚,2017-11-27 02:00:49,2,7,5,上课无聊，给分还差
76355,1800,潘刚,2018-04-04 05:42:12,2,6,4,…我觉得不行
87391,1800,潘刚,2018-09-28 02:53:07,2,7,5,真的坑，给分是有多严格还是说乱给的？？？
119565,1800,潘刚,2019-11-14 00:14:40,5,5,0,不是他自己班的一定别选，同专业隔壁班不可能分高。
123069,1800,潘刚,2020-05-07 17:11:43,-2,1,3,老师上课内容好多哦，不是很能记得住，但感觉人很好，问题回答不出也没有责怪
141326,1800,潘刚,2021-09-29 14:59:58,6,6,0,讲得内容好乱好杂，不建议选他的课。
158667,1800,潘刚,2022-07-01 07:08:59,-7,2,9,潘刚老师我男神，看着那么冷酷，给分倒是很好！
163846,1800,潘刚,2022-12-16 08:24:45,-5,0,5,只要交作业，好好做论文，老师会给比较高的分
175095,1800,潘刚,2023-06-21 13:11:43,8,8,0,千万别选这个老师做导师，pua狂魔
176896,1800,潘刚,2023-06-30 14:58:43,0,0,0,111
24191,1803,金晓丽,2016-04-28 07:31:06,3,7,4,老师表达能力不强，课程很水
29822,1803,金晓丽,2016-06-30 11:11:47,-3,2,5,上课水平一般，可能科研比较厉害吧。
29823,1803,金晓丽,2016-06-30 11:12:20,2,5,3,考完两小时出分，一点学生情面都不给
32211,1803,金晓丽,2016-07-06 03:12:12,3,6,3,讲得不好，就是读ppt。给分差
54386,1803,金晓丽,2017-06-29 08:38:42,6,9,3,辣鸡老师，ppt抄百度百科，上课念ppt，给分还死差，期末考从严批还不调分。五小时出分。作为一门必修课，真是悲哀。
56878,1803,金晓丽,2017-07-05 02:09:32,6,8,2,上午考完下午出分，从严批，而且上课没意思，很无聊
89451,1803,金晓丽,2018-11-19 07:35:00,10,11,1,上课读ppt，表达能力不行。
89648,1803,金晓丽,2018-11-20 06:30:30,-8,3,11,讲课很认真，表述清楚有条理，课后会留出长时间答疑，很温暖的一位女老师。
125050,1803,金晓丽,2020-08-21 00:17:40,-14,2,16,上金老师的遗传学课，越上越带劲，会讲很多有趣的案例。有些地方讲得很深，要课后花点心思复习才能搞懂，不过收获不少。金老师常常讲，上好遗传学课了，好多课都很好理解了，好像真有那么一点感觉哈。
141324,1803,金晓丽,2021-09-29 14:16:14,-18,0,18,第一次上金老师遗传课，非常有趣，原来一知半解的知识，一下通透，打通了任督二脉。
148668,1803,金晓丽,2022-01-13 07:04:40,-6,1,7,老师很温柔
167769,1803,金晓丽,2023-01-19 03:50:22,3,3,0,无话可说的那种无语……
167953,1803,金晓丽,2023-01-20 16:06:42,7,7,0,给分奇差，学弟学妹们不要对自己的成绩抱有期待
177743,1803,金晓丽,2023-07-04 14:22:05,4,5,1,对本科生和蔼可亲，变成导师就……农学院导师两大坑jxl和pg
31700,1809,李春梅,2017-09-21 05:19:34,19,19,0,怎么不能给零分？？
31701,1809,李春梅,2016-07-04 13:58:08,17,18,1,给一分都觉得多了！！！！！！mdzz
31733,1809,李春梅,2016-07-04 15:56:46,10,11,1,傻逼老师  1.5学分两个大设计还要考试  还考的都超出提纲  故意的吧？？？
31748,1809,李春梅,2016-07-04 21:13:11,16,16,0,十几年如一日的ppt和作业，上课差的要死，最后考试给错的提纲，全为什么会有这种老师？？
37557,1809,李春梅,2016-11-19 12:10:58,41,43,2,认真地想问贵园林系的老师有没有考虑过专业课总是给这种成绩想过学生的感受吗？？
37979,1809,李春梅,2016-11-22 14:46:58,25,25,0,请问 浙大招聘老师的标准何在？
39468,1809,李春梅,2016-12-23 03:02:22,7,7,0,呵呵。。。
57076,1809,李春梅,2017-07-05 12:13:23,8,10,2,最后给了我80分已经很感动……
57184,1809,李春梅,2017-07-06 02:18:00,8,12,4,春梅上课不用听不用去考前看ppt背背就好，和其他园林老师比起来真的是挺好的了！
59982,1809,李春梅,2017-09-30 00:47:42,4,4,0,水平低于正常\n\n
60351,1809,李春梅,2017-10-18 03:49:26,18,18,0,上课光放视频就能当老师了吗？？？真是不懂上课的意义在哪里。到课率没有一半也不点名是自己都放弃自己的课了吗？？\n\n顺便机房的cad能不能更新一下，cad2004也太过分了。
61370,1809,李春梅,2017-11-16 00:57:19,0,1,1,请给我一个还算可以的分数！谢谢老师
61444,1809,李春梅,2017-11-17 09:07:02,8,8,0,老师您......su是真的算讲完了吗......大作业根本不知从何下手也不想动手了......
62470,1809,李春梅,2017-11-25 11:22:41,4,4,0,老师 分数还打算出的吗？ 交完大作业都要半个月了
62719,1809,李春梅,2017-11-26 14:28:09,10,11,1,园林工程2给了我63分 谢谢老师让我合格！
62745,1809,李春梅,2017-11-27 00:15:33,15,16,1,上课放放老得不行的教学视频，还不是自己录的…问个问题她自己也要搞很久…反正后来我课也不去上最后水了3.9…emmmm我是可以接受，以后有这种课可以提前建议我们申请免听好吧
82361,1809,李春梅,2018-07-08 03:44:58,3,3,0,让我们一起摇摆
89003,1809,李春梅,2018-11-27 02:37:16,26,27,1,作业多 大四了两个大作业+考试 给分差 我也不想说什么了 浙大最应该淘汰的老师 不说脏话了 送你666 ntmd 不好意思 没忍住\n\nps：早上起来还是觉得很生气 还想补充两句 你教的计算机辅助设计和园林工程 说实话 让我来教 我肯定教得比你好 我真不知道浙江大学选老师的标准在哪里了 我们的付出和最终的收获完全不成正比 你讲课讲得好 我们有收获 给分差也是好事 或者你讲得不好 我们学不到什么 给分好也行 关键是你讲得不好 作业多得一比 还要考试 结果给分还差得一批？我现在知道五个人的成绩 没有超过80的 付出70%和付出30%的人最后只差了四五分 上你的课有什么意义？
89015,1809,李春梅,2018-11-14 01:55:05,8,8,0,区区1.5学分。。。
89624,1809,李春梅,2018-11-20 04:34:32,0,2,2,无话可说
90557,1809,李春梅,2018-11-24 05:02:44,3,3,0,上课真心无聊……课件万年不变对着PPT念 园林工程su课程上的是啥 跟自己看书有什么区别 浙大真的不考虑淘汰这种不作为的老师嚒！
90623,1809,李春梅,2018-11-24 15:22:05,2,2,0,不作为，最后画的su画的很认真但是绩点我也不说啥了
90685,1809,李春梅,2018-11-25 08:50:28,16,16,0,我觉得李春梅老师于我的作用 就是在我的生活里添加ddl 虽然确实是我自己每次都坐最后一排不想听课(因为听不见她说什么) 听不见也没有找老师反映过(不知道反映了有没有用) 既然没听过 也无权评价她讲的好不好 感谢老师逼我自学成(废)材 cad、ps、su从入门到入土 老师人还是挺好说话的 拖ddl也没有说什么 比同期的某位老师温柔多了 但是确实给我一种能力不足的感觉。。我可以被园林温柔以待吗？？
90875,1809,李春梅,2018-11-27 02:46:55,5,5,0,没有教任何东西，给分还贼差
90882,1809,李春梅,2018-11-27 03:21:02,13,13,0,你们怎么能这么说李老师!要不是她，你们的自学能力能得到锻炼吗?(狗头保命)\n\n上课如游魂。
90993,1809,李春梅,2018-11-28 13:55:11,3,3,0,呵呵呵呵
106721,1809,李春梅,2019-04-29 05:39:48,9,10,1,上了园林工程以后才知道计算机辅助设计课程放视频真是太棒了，毕竟李老师毫无逻辑思维的讲课方式比放视频惨烈多了。
106924,1809,李春梅,2019-04-30 09:04:44,6,7,1,园林工程实验课上过了 再次一分为敬 大家不要抱怨她的课学分少了 学分是要花钱的 什么都不教 只让你自学 还要花钱 还有比这个更***的事吗？？？
106927,1809,李春梅,2019-04-30 09:45:02,2,3,1,能打零分吗
108281,1809,李春梅,2019-05-20 01:48:39,1,2,1,
111119,1809,李春梅,2019-06-30 02:01:50,8,9,1,sb老师，作业贼多，考纲都乱给
114425,1809,李春梅,2019-07-10 01:57:18,5,6,1,遇到这种老师是我求学生涯最大的不幸  上课司?脸 考试题纲也不给全 何苦呢 nmsl 垃圾老师
135787,1809,李春梅,2021-05-26 00:37:33,5,8,3,呵呵，上课没什么水平，作业贼多，浙大园林是真的废了
138882,1809,李春梅,2021-07-11 13:25:55,6,6,0,讲课又烂，事情又多，给分又差，还天天点名，还能找出比这更烂的课？？专业课全班不上4像是有什么大病，赶紧滚吧
138888,1809,李春梅,2021-07-11 14:13:04,2,3,1,傻逼，什么时候滚
138917,1809,李春梅,2021-07-11 18:08:20,4,5,1,《园林工程1》授课内容、大小作业都和《园林设计初步》高度重合，除了小作业设计初步要求做海报园林工程要求ppt，大作业一个要求手绘一个要求cad。那为什么不叫计算机辅助设计2：设计初步的信息化表达呢。双周课的展示极其没必要
139258,1809,李春梅,2021-07-14 01:12:27,12,13,1,恭喜李春梅老师同时做到 事多 点名 给分差 学不到东西四个特点！
139440,1809,李春梅,2021-07-15 14:08:55,5,5,0,给分挺好的，你只要认真听课，努力做题，刻苦一点，就可以和我这样的混子拿差不多分。
143097,1809,李春梅,2021-11-19 02:39:06,7,7,0,作业贼多，给分贼拉，无语
143101,1809,李春梅,2021-11-19 03:13:53,8,8,0,1.5学分的课，5个作业，给分贼差，还要点名。凑齐事多分少讲课差还点名，能不能滚啊...
143102,1809,李春梅,2021-11-19 03:17:39,6,6,0,为什么要给这么低的分………有病吧………
143150,1809,李春梅,2021-11-20 03:50:11,8,9,1,为什么还能有1.6分 快滚啊！
143176,1809,李春梅,2021-11-20 14:44:47,5,5,0,作业多，给分难看，并且学生展示从不认真点评… 不知道学这门课的意义…最后认真做了设计，总之出分很痛心
152631,1809,李春梅,2022-04-16 15:03:36,3,4,1,来这里蹲一下，园林工程一出分了我再来决定园林工程二要不要躺
153315,1809,李春梅,2022-04-28 02:13:55,7,7,0,。。。服了，两学分的课作业比四学分的都多，上课讲得一团糟，最后给分差得一批，真的不懂这种老师还能继续任教的意义。。。。
153324,1809,李春梅,2022-04-28 04:15:31,3,3,0,。。。
153327,1809,李春梅,2022-04-28 05:26:55,4,4,0,垃圾老师
153543,1809,李春梅,2022-05-04 11:25:20,3,3,0,您摸着您的良心说这个分数是认真看了全班同学的作业之后给我的。
153778,1809,李春梅,2022-05-10 18:58:05,15,15,0,园林工程（1）本来想着好好画图学学技能，毕竟工程设计很重要，没想到辛辛苦苦肝了两个星期十几张图就拿了个3.6。。。。
157545,1809,李春梅,2022-06-23 16:34:21,3,3,0,垃圾老师
157757,1809,李春梅,2022-06-24 16:51:57,5,6,1,李春霉
157801,1809,李春梅,2022-06-25 01:29:52,6,8,2,新同学听我一句，作业去网上买，老师看的出来的，给我80分，但是比起我其他同学累死累活地画图，稳赚不赔。
157915,1809,李春梅,2022-06-25 13:29:03,-6,1,7,还好吧 我也买了3.9…
157993,1809,李春梅,2022-06-26 03:52:38,11,12,1,随便乱做的比认真做的分高
172931,1809,李春梅,2023-05-10 03:47:43,12,12,0,傻逼老太
192287,1809,李春梅,2024-05-13 15:20:24,4,4,0,每个作业不说多认真但至少都是自己完整写的，结果比全抄的同学低不少我请问呢
195714,1809,李春梅,2024-06-29 17:32:45,1,1,0,懒得喷
195723,1809,李春梅,2024-06-29 17:43:52,1,1,0,上完园林工程I就知道II真没必要了
218494,1809,李春梅,2025-04-24 04:17:23,5,5,0,步入一老太\n\n讲课是气若游丝\n\n课后b站学
51034,1815,邓云兰,2018-09-14 01:37:07,3,5,2,求放过:
56944,1815,邓云兰,2017-07-05 04:17:29,16,24,8,老师很忙，但还是负责的；对于不懂设计的我来说，她的建议也给了一定帮助
57257,1815,邓云兰,2017-07-17 02:01:12,-8,9,17,反感至极
57654,1815,邓云兰,2017-07-11 15:14:27,0,3,3,还可以
61371,1815,邓云兰,2017-11-26 16:08:50,-16,13,29,园林所最偏心最傻逼的老师，也不想再骂这女的了
65301,1815,邓云兰,2018-01-03 00:17:01,-1,3,4,虽然语速很快，但是老师还是挺和蔼的
79518,1815,邓云兰,2018-06-07 15:47:45,4,6,2,劝学弟学妹们选毕业论文导师慎重，这位在答辩当天凌晨一点半让学生改图，实在很尽职尽责了
90879,1815,邓云兰,2018-11-27 03:11:46,7,11,4,和稀泥大佬，很佛，教学水平很一般。
102021,1815,邓云兰,2019-01-30 04:39:57,-4,3,7,很好啊 考试会调分呢
102771,1815,邓云兰,2019-02-22 16:33:18,0,6,6,算是园林所里会为学生考虑的好老师了，也比较负责
109572,1815,邓云兰,2019-06-17 07:01:22,4,10,6,期末两星期出一个滨水大项目是有病吧。还要求完成度我可qnmd
111214,1815,邓云兰,2019-06-30 15:23:26,2,4,2,邓老师真的很好 虽然我画不完了
119911,1815,邓云兰,2019-11-17 00:26:38,2,5,3,很后悔选了这门课，因为感觉自己的付出和成绩不符，被正态了。当然，老师上课温柔和蔼，平时轻松，临近考试会很忙而已
127878,1815,邓云兰,2020-11-29 15:23:48,-1,1,2,谢邓老师不杀之恩
136782,1815,邓云兰,2021-06-24 11:30:39,14,14,0,建议直接把课改成十学分才对得起这么多作业量。\n\n还有，教到一半临时改大作业内容还随便加了个考试才是真的牛
138059,1815,邓云兰,2021-07-07 08:21:41,23,24,1,。我个人觉得一周两次展示的制度极其不合理，设计课很累很大原因就是因为这个。导致周三刚刚搞完，周四还得继续拼命画。相当于一周大部分时间都在整这个展示。但事实上呢？一来时间安排自由度下降，二来无效工作量升高，有的时候确实是没有啥思路但是为了强行推进进度也要搞出点没用的花样来。最后还不是后几周集中画展板图的效率来得高。总之我觉得这么频繁的展示就是极其没必要的。
138807,1815,邓云兰,2021-07-11 02:58:46,14,14,0,园规1，身心俱疲
138887,1815,邓云兰,2021-07-11 14:11:26,14,16,2,失望至极，失望透顶。当然邓老师本人很认真也敬业，不管对哪个组都蛮有耐心，这是大家都有目共睹的。只能说园林规划设计1付出与回报极其不成正比，在拍脑袋决定出来的课程安排下，每一天都真的不得不加班到深夜，做的东西个人感觉有80%都是无用功，总是在一边痛苦熬夜一边随便水些“成果”应付展示，最后提交真正的竞赛文件之前还不是得全部图推翻重新做。平时嘴上说体谅同学们辛苦啦，都会给高分啦，实际上工作量不减反增，绩点也不怎么样。总之谢谢你邓老师，谢谢你园林规划设计，彻底坚定了我跑路的决心。这园林，我是学不下去啦。
140419,1815,邓云兰,2021-09-11 04:23:46,12,17,5,谁也不能否认邓老师是一位认真负责、十分敬业的老师。\n\n同时，谁也也不能否认她是一名作业量天下第一，认为每个学生每个时间都应该在学她的课程的老师。\n\n已经没脾气了，邓姐姐，你是我的超人
140503,1815,邓云兰,2021-09-13 06:16:03,5,8,3,不得不说的是，邓老师是一位好老师，也不仅仅体现在她对待课程认真负责的态度上，还有就是对学生的宽容。\n\n但是，课程内容之多，时间之赶，真是令人不堪其扰。
140860,1815,邓云兰,2021-10-05 14:40:40,19,21,2,她怎么做到每一分钟都在讲话，但是我一句都记不得的😅
142128,1815,邓云兰,2021-11-07 07:49:24,7,10,3,邓老师真的很辛苦，周二一天要上12节课，从早讲到晚。园林史应该是课程的问题吧……东西太多了
143068,1815,邓云兰,2021-11-18 14:40:43,0,2,2,唉...
143075,1815,邓云兰,2021-11-19 13:38:16,-38,13,51,你妈死了吧邓云兰（删你妈的评论呢😅贱货就是贱货
143189,1815,邓云兰,2021-11-21 05:33:14,16,26,10,下面的大可不必骂得那么难听
143203,1815,邓云兰,2021-11-21 11:14:56,5,13,8,yysy邓老师真的是一位认真到能让你感动的老师（下面骂她的什么成分不解释
145157,1815,邓云兰,2021-12-28 01:59:57,9,15,6,客观说说我的感受：邓老师非常敬业，备课上课都很认真，布置作业要求比较清楚（虽然这点是老师应该做到的，但在园林这是可以算优点的），也会给出很多建议\n\n缺点的话，作业量确实极多，不太考虑学生的实际情况，布置作业比较理想化。与另一门设计课老师相比，感觉她不太尊重我们的想法，有时候纠结的点很细节，感觉有时候只是在借我们画她想画的图罢了\n\n骂那么难听大可不必，邓老师还是为学生好的
153569,1815,邓云兰,2022-05-05 02:12:24,-2,3,5,更适合那些有设计天赋的同学
158426,1815,邓云兰,2022-06-29 06:49:30,15,18,3,删nima评论呢邓除？恶心人的出声敢恶心人不让人评价是吧？一眼剑冢。
158436,1815,邓云兰,2022-06-29 09:36:42,24,25,1,两个亢奋的老师和一群精疲力竭的学生。没有午饭一天长时间在太阳下暴走，堪比又一次军训，大多数人都处在极其低效甚至无效的状态。那么这个短学期除了收获了暴晒和一天的精神不振以外有任何意义吗？和其他专业的人谈起，他们说他们当初短学期实习就是午饭时间迟了点（并且包午饭）大家都不愿意了，奇怪我们专业为什么面对这么不合理的安排没有人闹。我苦笑，或许这个行业培养的就是人如何任劳任怨做牛马的宝贵品质吧。
158552,1815,邓云兰,2022-06-30 07:32:47,7,11,4,呵呵呵呵呵，就是恶心人🤢
158553,1815,邓云兰,2022-06-30 07:33:11,16,21,5,cnm，是不是有病啊，这么多天烈日下暴走没有午饭是什么牛马，学院每人40一餐的餐标被您吃了吧，少扯nm提高效率了，乌泱泱一大群人试问哪个还有精力听，对这b专业失望透顶的原因里您的规划设计还有您的每次牛马调研真是占了绝大部分😅😅😅😅😅😅😅😅😅没资格要求我们都像您一样，我们也不想，谢谢😘😘😘😘😘😘
158583,1815,邓云兰,2022-06-30 10:32:43,14,17,3,自我高潮的老师，觉得所有同学都要把全部时间投入到这个b专业还有她的b课程上，希望您能看到真的没有多少同学有精力上您的课么么，每门课把同学折磨得半死不活您很开心是吧？
158784,1815,邓云兰,2022-07-02 07:02:21,8,12,4,纯纯nt，我他妈的实在不明白体感温度45度的天正午在外面走几个小时不吃午饭有什么意义，学到了个p！！！！！六天下来你告诉我我除了一身疲惫和负面情绪收货了什么？？？？？浙大园林给爷爬！！！狗都不学早日倒闭谢谢
158785,1815,邓云兰,2022-07-02 07:06:33,14,15,1,最后一天为什么也这么累还找外面的人讲，也没听出什么有价值的东西，纯纯牛马专业，感情就学生不是人哈哈哈
159137,1815,邓云兰,2022-07-06 15:38:24,-5,14,19,据我所知应该是没有餐补的…可以去问问学院 天确实很热 但是教学计划早就制定好也很难改 虽说两位老师有一点点不近人情 但是好好听还是很有干货的 骂那么难听没有必要吧 老师也陪着我们一起晒着 还要讲解 应该比我们要辛苦的多…
160324,1815,邓云兰,2022-09-19 05:26:25,11,12,1,天知道我听别的学院的人说老师给分都往高给是有多羡慕。虽说有排名这玩意，但出国均分不重要吗？看着我们园林所老师的给分我只想哈哈啦，绝大部分事多分少，都想盼我们没书读早日入土是吧，那先浅祝你一个早日入土。浙大园林发展成这副b样子真的不是没原因的，一群德不配位根本不为学生考虑的老师早该换换血了。
161113,1815,邓云兰,2022-10-27 11:38:05,0,0,0,。。。
162101,1815,邓云兰,2022-12-07 09:28:09,1,3,2,生活园艺学会点名\n\n不过讲课水水的\n\n老师蛮认真的蛮温柔的\n\n说话也很温柔\n\n开卷考试之前会整理ppt发给大家
164639,1815,邓云兰,2022-12-22 11:15:12,0,1,1,就生活园艺学这门通识课来说，感觉还好，不是很恶心
165638,1815,邓云兰,2023-01-09 05:41:03,1,2,1,生活园艺学，yyds
177736,1815,邓云兰,2023-07-04 14:02:29,3,5,2,学弟学妹们规划设计一定要记得作业及时交啊！！！老师讲课水平有限，实在听不下去。但作业态度要认真！每次都认真完成及时提交上课少缺勤，给分还算可以的
181641,1815,邓云兰,2023-10-25 05:37:47,19,19,0,机关枪式讲课，园林史听得很累
198971,1815,邓云兰,2024-09-13 13:18:05,0,2,2,非常好啊
219072,1815,邓云兰,2025-05-20 14:52:39,6,6,0,那么爱鼓吹内卷，你tmd去能不能去教高中
24799,1853,陈正贤,2016-05-03 17:10:30,0,1,1,老师讲课逻辑不是很清晰，但教学认真，给分高。
55167,1853,陈正贤,2017-07-01 02:33:52,1,1,0,题目贼JB难，提纲贼JB混乱
110882,1853,陈正贤,2019-06-28 12:46:33,1,1,0,老师是真的想讲懂，但是又真的讲不懂。\n\n感觉上课没什么逻辑，就东讲一点，西讲一点。\n\n最后PPT，复习资料也是毫无逻辑。\n\n令人窒息。。。
61188,1861,邬飞波,2017-11-10 09:15:01,-9,5,14,。。。
54885,1863,叶俭慧,2017-06-30 11:23:22,0,1,1,第一个满绩
153701,1863,叶俭慧,2022-05-08 16:03:04,3,7,4,人不错，但糊涂屁事多。一个配茶配方的小组作业三次课讲了三次也没听懂在说什么，开课时说觉得往年写论文没意思今年改配茶配方，出分时又说论文分数占主要，论文纯按字数给分，自己看不懂就给低分，可以说是想一出屁放一出屁了
158088,1863,叶俭慧,2022-06-28 12:24:57,1,3,2,口吐芬芳，孩子们上过她带的栽培实习就会知道了，平时真的有所保留了
158971,1863,叶俭慧,2022-07-04 05:25:09,2,2,0,呵呵，有没有零分，要不是没得选，一定不会选该老师的课。。。只能说是，展示拼命钻牛角尖，还不听人辩解的那种，只要你辩解，他就能从自己奇怪的视角提出奇怪的论点进行反驳。。。
172339,1863,叶俭慧,2023-04-25 07:24:06,0,0,0,课给分还可以，但是事情多还爱点名
217958,1863,叶俭慧,2025-04-18 13:40:54,1,1,0,爱点名 屁事多 给分严格 脾气不稳定 错怪学生后不会道歉 装
217969,1863,叶俭慧,2025-04-18 13:28:45,1,1,0,好离谱，栽培实验课，要测叶面积，说拍个照ai计算一下就好了，求相关的ai软件
218021,1863,叶俭慧,2025-04-19 08:24:47,0,0,0,嗯厌女
13969,1896,祝增荣,2016-01-03 07:09:20,1,3,2,作业挺多的，挺理想化的老师。
14360,1896,祝增荣,2016-07-04 04:26:00,1,5,4,简直男神
18645,1896,祝增荣,2016-01-22 07:48:46,1,3,2,说实话，老师挺温柔的，虽然有平时作业，但认真做，对成绩还是有很大帮助的。我们这一期的大作业是写策划案，很新颖，个人觉得很好。最后附一句：出分有点慢。
19616,1896,祝增荣,2016-01-25 03:02:40,2,4,2,人文的慎选。个人而言，投入产出完全不成正比\n\n
20360,1896,祝增荣,2016-01-27 07:03:53,6,14,8,实话，作业多给分不甚好，和老师比较熟悉的给分高。费了平时很多时间，但付出与得分并不成正比。不过能学到很多东西的，尤其对人文社科类学生拓展视野有很大帮助。
20856,1896,祝增荣,2016-02-02 14:13:40,2,5,3,作业多但是挺有意义的，记得有个作业是写西溪湿地观后感，然后我们组织了一波人去西溪湿地玩，交到了很多好朋友，最后给分还是不错的
26760,1896,祝增荣,2016-06-21 05:09:38,2,5,3,给分差，不公平。人文社科的慎选。
32965,1896,祝增荣,2016-08-31 10:42:48,2,4,2,好老师哈哈哈哈哈哈哈
52064,1896,祝增荣,2017-06-14 11:24:34,7,11,4,祝老师是一个很好的老师，英语很不错。祝老师见识很广，我在没出分前就来评价了，希望给出最客观的评价，祝老师这样的有见地的好老师当然是选选选呀。
52616,1896,祝增荣,2017-06-21 12:28:23,2,4,2,祝老师人挺好的呀，上课也不错。\n\n大作业是写策划案，可以组队。平时基本上都有小作业，但是小作业也不难。还有一次去西溪湿地博物馆的游记，感觉很棒很新颖啊。\n\n最后，看评论都说给分不好，避免因给分低而降低评分，还没出分就先来打分了。
55642,1896,祝增荣,2017-07-02 05:45:04,1,2,1,出分有点慢
57633,1896,祝增荣,2017-07-11 09:02:27,0,2,2,很无聊，老师自己也知道没人听所以每个点都讲得很水。小作业很多，不过给分在k类里还算可以。
57646,1896,祝增荣,2017-07-11 13:15:56,-15,5,20,反正满了。付出会有回报的。记得刷脸
63066,1896,祝增荣,2017-11-28 06:22:23,3,6,3,凭什么给我3.3
63078,1896,祝增荣,2017-11-28 07:41:32,5,6,1,无语了，事情贼多还给分超级差！很无语
63079,1896,祝增荣,2017-11-28 07:53:11,3,6,3,老师人很好，上课认真，ppt上很多英文标注的专业名词，好好听讲能开阔眼界。布置的任务也挺有意思的，去博物馆参观并写游记和做一个生物主题公园的设计，认真做了的话给分就还行，好评。
63296,1896,祝增荣,2017-11-30 07:44:30,-3,1,4,很棒 给分好
72576,1896,祝增荣,2018-01-30 12:32:59,0,3,3,上课不错，但是容易一堆3.3，自己体会
86048,1896,祝增荣,2018-08-30 09:02:36,4,4,0,挺有趣的老师
105091,1896,祝增荣,2019-04-03 12:06:00,12,16,4,上的是祝老师的《生物多样性》，\n\n上了六周课过来评价的，应该不片面了。\n\n感觉讲的很有意思呀(虽然PPT大部分是英文看不懂，但只要听听课就好了嘛)。\n\n而且认真听也能学到很多东西。\n\n\n\n事情的确不多，特别是和其他恶竞通核比起来，助教要求讨论课前准备之后还特别强调不要花时间提早准备（真的很感动了）。\n\n
105741,1896,祝增荣,2019-04-19 11:38:32,4,6,2,对生物科学没有太多热情的同学建议别选了，然后只是觉得生物多样性有趣的同学也别选了，这课吃的是你的讨论与合作能力。讨论题难度高，会有收获但是挫折感也很多，尤其知网、webofscience生物多样性方面少有建设性材料，最好讨论课能跟到生物大佬同组，这些人都有自己的资源获取管道，可以找到很好的资料。暂定7分，未来还可能改评分。
108388,1896,祝增荣,2019-06-26 09:43:57,0,2,2,生物多样性应该是今年第一次开课，所以有种啥事大家商量着来的感jio
110309,1896,祝增荣,2019-06-25 12:54:05,1,4,3,老师人挺好的，但是就是感觉这门课组织的不是很好，让我有种这门课比较散的感觉。然后老师可能不太懂学生，作业布置的晚，成绩构成也不知道。个人真的觉得生物多样性这门课考试有点走形式，都是一些记忆的东西，有些又很偏，反正挺蒙的
110989,1896,祝增荣,2019-06-29 03:45:48,0,1,1,很专注学生的学习态度。
113236,1896,祝增荣,2019-07-06 02:25:41,5,7,2,祝老师很好，助教也超好，还给我们准备儿童节小礼物and两次课是外出实践（去西溪湿地和自然博物馆参观）~
113327,1896,祝增荣,2019-07-06 07:02:55,0,2,2,期末考试有点迷
113573,1896,祝增荣,2019-07-07 00:17:35,2,4,2,挺幽默的老师，只是感觉上课形式太呆板，学不到什么东西。考试就是背PPT，几百页的PPT不整理真的要命。
133807,1896,祝增荣,2021-03-06 04:35:49,-1,1,2,上课讲得很好
166361,1896,祝增荣,2023-01-12 05:30:55,0,2,2,就上一节课上尼玛的生物多样性呢
172893,1896,祝增荣,2023-05-09 11:03:50,0,3,3,无聊，讨论课多，没用
177134,1896,祝增荣,2023-07-02 01:09:59,0,1,1,讲课可能不是很有意思，不过人感觉挺好的，给分也好
196514,1896,祝增荣,2024-07-04 01:33:54,-1,1,2,《生物多样性》\n\n上课偶尔点名，毕竟是通核。\n\n总体来说事情与其余通核课相比感觉差不多。期末闭卷考试花一个下午背一背就可以差不多了。最后讨论课个人只发言过1次最后91分已经很满意了
198836,1896,祝增荣,2024-09-12 05:30:48,0,2,2,罪不至此，平衡一下
203820,1896,祝增荣,2024-11-21 08:47:11,1,5,4,它妈亖的时候买不起谷辉合，于是就用打分表包着埋了
207796,1896,祝增荣,2024-12-24 09:43:36,0,0,0,老师人很好，儒雅随和
208413,1896,祝增荣,2024-12-27 11:58:28,1,1,0,助教小姐姐太好了
218816,1896,祝增荣,2025-05-06 14:58:36,1,1,0,迟到一节课，遂拖一节课，八点25结束的课硬是上到九点23
10495,1912,何普明,2015-11-19 07:08:19,14,29,15,茶与健康有点水
10902,1912,何普明,2015-11-23 08:39:18,3,8,5,上课挺和蔼的
10909,1912,何普明,2015-11-23 09:00:30,16,27,11,人很和善，脾气很好(*^ω^*)
11085,1912,何普明,2019-02-27 15:02:52,-28,18,46,差劲到底的老师，给分坑，不会做人，死也别选他的课！！！！！！
16683,1912,何普明,2016-01-18 17:42:15,-7,6,13,挂科了。。。
35817,1912,何普明,2016-11-10 08:17:22,8,21,13,上课特别水，给分也特别坑，还不给PPT，考试还闭卷，真不想再看见他了。
36687,1912,何普明,2016-11-15 11:33:05,-1,1,2,人挺好的
37929,1912,何普明,2016-11-22 04:17:12,-7,7,14,上课水水坐后排就好，因为他说得很困……但人应该不错……考前好好背，茶与健康考试闭卷，考的是复习题和上课讲过的……有课堂作业就是上课讲的百度一下不带书都行
39001,1912,何普明,2016-12-20 11:39:28,-7,4,11,用课堂作业代替点名 每次上课都会带小礼物 不过期末是闭卷 感觉给分一般吧...上课还是挺开心的
62379,1912,何普明,2017-11-24 13:42:41,5,8,3,还不错，就是上课有特殊的停顿声。
63298,1912,何普明,2017-11-30 07:45:14,-1,1,2,上课有点无聊.....但人挺好的
83189,1912,何普明,2018-07-10 01:54:32,0,3,3,觉得还行
83926,1912,何普明,2018-07-11 14:03:23,0,5,5,老师性格很好，很有耐心。
101804,1912,何普明,2019-01-29 06:39:51,12,16,4,给分低，通识课讲的文科生听不懂，因为一门课无法转专业很难过
105391,1912,何普明,2019-04-11 09:57:33,-1,3,4,呵呵，作业就给一堆题目，题目就是PPT每一页的标题，抄PPT抄到脑力倒退，呵呵有意思，搞得抄完PPT能记住一样，呕吐。不太理解这弱智作业。
106936,1912,何普明,2019-04-30 23:39:13,-11,12,23,绩点3.6 失望透顶 可以说是一坨屎一样的成绩吧。谈谈我对这门课的学习：每节课上课都认真做课堂笔记 word文档里的笔记有1w+了 每节课的课后小测认真完成 上课没讲的就翻书 基本上别人还在翻书 我已经提前上交离开了 挺自豪 考前倒数第二节课 hpm给了期末考的复习提纲 用贱嘴说考试内容都在这上面了 很好 我就结合课堂笔记和书本内容复习完了提纲内容 从考试周倒数第二个周末就开始了。考试内容却真真实实地超纲了 然后就会有sd说 努力了不代表能拿到好成绩 的确 这话适用于学习方法有问题的学生 智商不及他人的学生 但是我认为 我的学习能力不低 我至今已经修了5门通识课 其中4门是这个短学期修的 结果这门课成为了我唯一没上4.5的通识课 其他课有哲学类的 有算法类的 我觉得没有一门难度比这门低 作为大一学生 上个学期的12门课 只有一门下4.2 我还是一个工科生 所以 我相当怀疑hpm和lb的评分标准 曾不下一次致电 结果都是无人接听。 我不是说这门课不好 相反我从这门课学到了很多茶学知识 甚至培养了兴趣 但是也是这门课 让我的绩点有了污点 让我知道了有时候努力也没有回报。
106940,1912,何普明,2019-04-30 10:25:17,2,3,1,每节课都到了，考试前认真背了，3.6。。。
106946,1912,何普明,2019-04-30 10:46:52,-1,5,6,我觉得这门课其实事情真的不算多，每次课堂结束后做一个小测，两到三小题，来源于上课内容，好好听肯定没问题，然后就期末一个考试，考试内容其实比老师给的范围要多一点，因为有填空题，总而言之，自己多看书就好啦。我觉得，自己认真与否只有自己知道，起码我认为只在考试前临时抱佛脚背一背并不算认真。
107012,1912,何普明,2019-04-30 17:27:26,1,1,0,课挺无聊吧，考试一堆不会，幸好成绩比预期好点
107145,1912,何普明,2019-05-02 02:18:31,0,2,2,我的妈，绩点真是低啊，感觉我考试不算差呀。每节课都到了，知识点认真背了呀。。。还有提醒选课的同学，记住老师的名字。。。我觉得我绩点低有这个原因。。。
107753,1912,何普明,2019-05-09 05:55:02,4,6,2,课程无聊，学不到什么实用或有趣的东西，一句话总结就是多喝茶。\n\n给分差，每堂课都到、课堂测验都有交积点烂的不行，期末搞个闭卷乱考一通，不懂老师在想什么
108604,1912,何普明,2019-05-29 12:12:35,-1,1,2,恶心人
112128,1912,何普明,2019-07-03 17:11:10,2,4,2,垃圾老师垃圾老师垃圾老师，上课和考试题目都没有什么关联的话那么上课的意义何在呢？
112182,1912,何普明,2019-07-03 19:46:32,-1,2,3,说好的认真背提纲就有90分以上 考试起码一半不是提纲里的吧 这门课是我的通识新低?
112323,1912,何普明,2019-07-04 01:39:45,0,9,9,傻逼东西，上课认真听，小测认真做，考前认真背 绩点3.6，你怎么不去死啊
112335,1912,何普明,2019-07-04 02:04:33,0,2,2,虽然每节课都有小测，但是分还可以
112368,1912,何普明,2019-07-04 02:59:28,-13,5,18,茶与健康教务网上他妈明明说的是开卷，他非得弄个闭卷，期末考试一大堆要复习的东西，真没有时间弄这个。给个复习提纲ball用没有，不过还好，我长得帅，一点没复习考试乱来拿了个3.9
112873,1912,何普明,2019-07-05 07:46:04,-9,2,11,怎么说呢……感觉给分有点乱来……小测缺了好几次……考前背了一晚上……填空没几个会的……给3.9确实有些出乎我的意料……毕竟我曾经以为我会挂科……但还是谢谢老师了……
115443,1912,何普明,2019-07-24 05:14:06,1,1,0,。。。不想说话。。。
115491,1912,何普明,2019-07-28 14:57:36,-4,3,7,有空就来给个1分 嘻嘻
117384,1912,何普明,2019-09-23 23:38:37,9,11,2,茶文化与茶健康，他讲了一节课健康。还是对着古董PPT瞎扯一通，感觉完全没备课。不给宝贝PPT，笑死
118929,1912,何普明,2019-11-08 01:43:55,-1,2,3,准备好睡觉就可以了
123751,1912,何普明,2020-06-13 13:03:09,-4,0,4,这学期论文，我觉得给分还好，4.8
124014,1912,何普明,2020-06-20 08:53:11,8,10,2,茶与健康慎选吧，小测和期末论文都很认真，结果4都没上。。。。大家选个兴趣吧。
172904,1912,何普明,2023-05-09 16:06:31,4,4,0,额，不怎么样。给分很烂，每次都上课来签到小测没有落下过。最后论文写5k，就给3.6。慎选
191181,1912,何普明,2024-04-11 02:12:24,5,6,1,老师态度很差。我选这门课是兴趣使然，平时也有在认真学习各种关于茶的知识。开学第一周我在群里问他一个问题（喝茶能不能醒酒）结果第三周上课前还没回，我课前上去问他课程考核的标准，他第一句不是回答，而是质问我，你选这门课是为了成绩还是要好好学，关心这个干嘛，不管怎么问都不回答，让我自己去看课程介绍。我当时直接懵了，来浙大没见过态度这么差的老师，如果是一般学生，估计学习积极性就被他打压掉了。至于课程论文，5000字我觉得是没什么，但是他格式要求很严格，但是这也很合理，比较想吐槽的是他对提交日期上纲上线，晚一分钟都不行，总体来看是一个非常死板的老师。我的评价是，这门课慎重选择，你如果对茶感兴趣，可以去买这门课的书，书里面的知识很全，再结合b站上的知识足够了。
192461,1912,何普明,2024-05-21 03:09:33,0,0,0,给分差，慎选
201153,1912,何普明,2024-10-29 11:08:20,1,2,1,出生啊，上课不点名，但一定会留十几分钟给你m写随堂作业的，写上那该死的号码和名字，记住这个B不点名，上课只会念屁屁踢，课要结束了来一句回到“正题”。总之，茶文化可能让你很感兴趣，但一定要避开，避开，避开！
218491,1912,何普明,2025-04-24 04:04:18,0,0,0,茶与健康，每节课快结束会一个小kuiz代点名
2521,1924,屠幼英,2017-11-08 01:30:08,0,14,14,茶与健康挺好的
10588,1924,屠幼英,2015-11-20 09:22:22,-5,6,11,很宽容爱笑的老师
11405,1924,屠幼英,2015-11-30 08:30:18,1,11,10,老师很亲和，课很轻松
23176,1924,屠幼英,2016-03-21 04:48:08,-7,3,10,很好的老师
24892,1924,屠幼英,2016-05-04 08:41:59,4,7,3,从此不再大水课不听课分数低
24903,1924,屠幼英,2016-05-04 09:26:48,10,14,4,亲和的老师说暴走就暴走..
24938,1924,屠幼英,2016-05-04 11:21:13,4,9,5,太讨厌了！！！！！！！一点都不水！！！！！！！！！！！！！！！茶与健康再也不是我认识的茶与健康了！！！！！！他变了！！！！！
25492,1924,屠幼英,2016-05-23 11:29:10,2,5,3,一门麻烦的通识，上课不能水还有什么PK问答…节假日放假了考试周补课，呵呵
25527,1924,屠幼英,2016-05-24 12:02:41,-8,3,11,我感觉超级棒啊
30763,1924,屠幼英,2016-07-02 12:07:46,7,9,2,别选！\n\n给你课本也救不了你。
31942,1924,屠幼英,2016-07-05 08:06:12,7,8,1,不算差 但也不算好吧 但是给分不太懂 就这样
31946,1924,屠幼英,2016-07-05 08:14:42,7,12,5,给分相当不懂。。。。。。
31948,1924,屠幼英,2016-07-05 08:15:17,-8,3,11,给分挺好的啊
31970,1924,屠幼英,2016-07-05 09:23:38,-11,2,13,老师人超善良超好，，但是给了我通识最低分T_T
49472,1924,屠幼英,2017-04-15 14:52:26,8,9,1,事多又麻烦
50589,1924,屠幼英,2017-05-03 17:20:25,-6,4,10,屠老师知识面很广，科研也很棒
51556,1924,屠幼英,2017-12-19 16:39:23,6,8,2,老师很严厉
53830,1924,屠幼英,2017-06-27 18:53:11,-6,2,8,老师很好呀
68920,1924,屠幼英,2018-01-24 06:00:31,8,12,4,茶与健康，事多给分差，似乎还有鼓励恶竞的意思。屠幼英和吴媛媛两位老师让我知道了所谓宇宙第一茶学不过如此。
74055,1924,屠幼英,2018-02-04 14:59:33,9,12,3,来吧 你将会得到通识最低分
74059,1924,屠幼英,2018-02-04 15:30:00,4,6,2,迷 真的迷
74061,1924,屠幼英,2018-02-04 16:10:58,1,5,4,老师挺温柔的，讲课也很有干货，茶与健康可以涨姿势，但是真心不水啊这门课
74064,1924,屠幼英,2018-02-04 16:26:05,6,6,0,这门课没啥意思，唯一学到的东西就是喝茶很好。\n\n
74072,1924,屠幼英,2018-02-05 00:54:04,5,8,3,体验一把最后出的通识把均绩拉低0.1 刺激 有趣
75408,1924,屠幼英,2018-03-11 05:39:18,2,5,3,太烂了
77568,1924,屠幼英,2018-05-06 14:18:36,1,2,1,老师给分还不错
78390,1924,屠幼英,2018-05-11 09:06:23,-2,2,4,会点名，每次都到了。考试开卷，考前囫囵过了一遍。晚课会犯困，醒的时候听的比较认真。会小组PK，不过真的不算麻烦，课上现翻就行。4.2，比较符合预期。老师上课讲的内容可能有点偏，甚至不是很有意思，不过我感觉老师人是很好的
80082,1924,屠幼英,2018-06-19 23:59:40,-3,4,7,屠老师真的是一个很有情怀的老师，在第一节课上老师会说自己的故事~如果有幸上她的课，一定很震撼~可惜天然植物提取物以后好像不开了~
80195,1924,屠幼英,2018-06-21 09:54:04,2,2,0,无语，真的不建议选这个老师。除了无语不知道如何评价。
82364,1924,屠幼英,2018-07-08 03:54:06,-3,1,4,老师人很好的
82445,1924,屠幼英,2018-07-08 08:04:04,0,1,1,很可怕，一共八节新生研讨，两节把我们放在专业班听全英授课，一次展示一次做茶点，文科生表示真的慎选。。。明明请假了还是算缺勤，一次扣十分真的伤不起啊，一门通识让我绩点直降0.1
106097,1924,屠幼英,2019-04-25 03:06:07,0,0,0,喝热水
107016,1924,屠幼英,2019-04-30 23:42:37,2,3,1,真的醉了。第一节课 我们选个班长 以后每节课都叫大家起立问候一下老师   之后有一节 当着全班的面训斥一个女生上课不应该吃早饭 把电脑屏幕放下来…………宇宙第一茶学不过如此格局！！！
110469,1924,屠幼英,2019-06-27 04:13:02,0,1,1,说暴走就暴走
122418,1924,屠幼英,2020-02-27 02:06:25,0,0,0,lktp\n\n\n\n
153169,1924,屠幼英,2022-04-26 10:44:56,2,2,0,？？？？给分还挺随意
19503,1926,滕元文,2016-01-24 12:00:43,2,4,2,给分巨差，听课无聊。
19545,1926,滕元文,2016-01-24 15:26:45,2,4,2,给分超差，专业课老师这样，我也是呵呵哒
20936,1926,滕元文,2016-02-04 10:48:16,3,4,1,上课有意思 但是给分巨差
132136,1926,滕元文,2021-01-30 12:52:41,2,3,1,真是垃圾啊
147153,1926,滕元文,2022-01-09 02:15:42,3,3,0,谁也限制不了自由的tyw。
148942,1926,滕元文,2022-01-14 04:02:35,0,0,0,啊啊啊
149060,1926,滕元文,2022-01-14 09:17:20,-2,3,5,园艺植物栽培学1，想不通有考试且占比60%的一门课居然还要学生三次展示、一次思考作业、一次读书报告，真以为谁都闲的要死一天到晚学你这门课啊，考试考的奇偏，呵呵
149064,1926,滕元文,2022-01-14 09:27:39,1,4,3,虽然好像不少人说老师给分差，但是这门课好好上课考前好好复习成绩也不会差，而且老师上课的时候挺生动的。不过任务确实多了点，有好几次展示还要写读书报告，花费的时间偏多
149066,1926,滕元文,2022-01-14 09:33:41,1,5,4,老师非常敬业可爱，专业知识非常强，上课也很负责，虽然平时事情有点多，但是好好听课期末好好复习，给分还是不错哒，是一门收获很大的课
169994,1926,滕元文,2023-03-01 02:41:55,2,2,0,老师人挺好的 请他帮忙也很热心 但是给分真的太差了…考试都会写 觉得考得蛮不错的，结果出来只有二点多…真的很无法接受 不知道老师改卷标准是什么 而且作为专业课给分这么差 对于保研或者出国都非常不友好
170246,1926,滕元文,2023-03-02 07:34:08,2,3,1,跟上一位同学评论的一样，老师讲课其实是可以的。关于考试的问题，我个人的得分还不错，我猜测可能是因为老师平时课上会引申很多东西，这些知识又不会在PPT上呈现，所以最后如果只依靠PPT其实知识容量是不够的，希望以后上课的同学可以注意这一点。
210399,1926,滕元文,2025-01-09 05:32:54,2,2,0,平心而论，滕老师讲课挺好的，为人也和善友好。分数是按照平时40%和期末考60%。平时的任务是重了点不过专业核心课程再加上大家也都是一样的，所以感觉也能接受，期末考试题目是简单的，上课只要认真听，再看历年卷，基本没问题。
120508,1931,钱亚娟,2020-01-11 23:59:50,5,7,2,话不多说  好老师  选就完事了
199310,1931,钱亚娟,2024-09-20 23:46:09,1,1,0,老师很温柔很和蔼可亲，真的特别好
200975,1931,钱亚娟,2024-10-26 01:52:17,1,1,0,好老师，很耐心
2121,1958,夏宜平,2015-04-01 14:44:07,-24,10,34,夏老师很好滴
15611,1958,夏宜平,2016-01-15 15:54:01,66,83,17,夏不群\n\n
16060,1958,夏宜平,2016-01-17 05:57:56,-21,5,26,还是很不错的！
17329,1958,夏宜平,2016-01-20 04:43:20,32,39,7,毁人不倦
18789,1958,夏宜平,2016-01-22 14:01:56,16,21,5,哈哈哈夏不群
19674,1958,夏宜平,2016-01-25 05:27:55,16,22,6,明枪易躲
19829,1958,夏宜平,2016-01-25 10:54:27,16,23,7,专业课也能给出不及格，真是醉了，让本学渣怎么活？\n\n
21019,1958,夏宜平,2016-02-10 07:17:46,-16,5,21,夏叔叔，昂~
21036,1958,夏宜平,2016-02-13 02:38:39,-18,4,22,JUST探讨一下(ฅ>ω<*ฅ)
23430,1958,夏宜平,2016-03-29 23:17:42,-34,8,42,没上过他的课 但听过很多关于他的故事 我不信浙大是肮脏的 因为也有人觉得夏老师非常热心
33850,1958,夏宜平,2016-09-22 05:48:00,-15,8,23,好极好极了！！
40248,1958,夏宜平,2016-12-30 14:02:17,14,17,3,差差差
40288,1958,夏宜平,2017-04-23 01:53:19,18,21,3,四个字，过河拆桥
44613,1958,夏宜平,2017-01-18 04:27:38,9,16,7,商务之王
46370,1958,夏宜平,2017-01-21 11:02:24,-26,4,30,夏老师很不错！
51185,1958,夏宜平,2017-05-23 08:29:59,17,24,7,课堂上干货有。表面谦谦有礼，但是心里并没有学生。教书育人是什么？沽名钓誉才是正事。\n\n
51312,1958,夏宜平,2017-05-31 03:52:50,5,11,6,啊？啊？啊？
51636,1958,夏宜平,2017-06-07 17:14:55,57,61,4,过河拆桥＋1\n\n不管学生死活\n\n只顾自己\n\n用时死里用\n\n不用时弃之不顾\n\n想要找这位大所长办点事\n\n往往推三阻四\n\n马后炮\n\n酸文人\n\n为人师\n\n不见表\n\n浙大园林\n\n读之心凉\n\n
58189,1958,夏宜平,2017-08-19 08:02:57,17,22,5,自从见到了夏老师，观其所作所为，我才知道了什么叫做人心险恶。
58639,1958,夏宜平,2017-09-11 15:44:04,28,33,5,倪琪是明着搞学生，夏宜平是暗里恶心学生。
62273,1958,夏宜平,2017-11-24 01:11:13,36,46,10,"只会摆弄些花花草草的小男人，记得有一次认真请教这位大教授，结果被告知:""反正你们这群搞设计的看不起弄植物的，不用知道这么清楚。""\n\n一个老师连最起码的""传道授业解惑""也做不到，何谈育人树人？不过他在风景园林学界也没啥大地位，其实就是一农口搞花卉的，美其名曰""园林植物""，所以大概也不用要求人家真能教点什么有用的东西吧..."
64677,1958,夏宜平,2017-12-26 08:02:07,15,19,4,伪君子的典范
69883,1958,夏宜平,2018-01-25 15:20:45,-17,13,30,其实老师也只是想让我们重视植物，给分好坏还是看自己愿意花在花卉学上的时间有多少，大家一边花着很少的时间，不重视，一边抱怨低分就说不过去了。相比起来，我们在设计上花了那么多时间才得到好的分数，所以才会觉得设计给分相对好吧。老师讲的也挺好的，关键在于有没有认真听吧，不应该看不起植物好吗。并没有说 设计比植物高级到哪里去了。
71294,1958,夏宜平,2018-01-28 08:54:38,-12,6,18,老师还是挺好的 给我们班考差了补救的机会 但均绩emmmm确实可怕
72145,1958,夏宜平,2018-01-29 12:48:17,10,13,3,不负责任
73713,1958,夏宜平,2018-02-03 01:01:50,16,20,4,暗箭难防
74427,1958,夏宜平,2018-02-21 18:31:30,31,32,1,面慈心歹，道貌岸然。
76032,1958,夏宜平,2018-03-25 06:57:29,16,19,3,笑面虎
76034,1958,夏宜平,2018-03-25 09:16:21,13,16,3,夏宜平是一个人渣，鉴定完毕
76752,1958,夏宜平,2018-04-20 16:36:05,28,28,0,一个人如果装了一辈子君子，那他就是真的君子，但你演得太蹩脚了。自古道：善恶有报，天道轮回。我和一群吃瓜群众坐等你夏宜平身败名裂的那天！\n\n
76947,1958,夏宜平,2018-04-26 08:47:34,12,17,5,刷新我无耻之三观 只会装腔作势一个市侩商人而已，可惜自以为是号人物别人没把他当根葱啊。真的伪君子，垃圾。
77015,1958,夏宜平,2018-04-28 12:53:27,14,17,3,呵呵，浙大的老师？真是林子大了什么逼鸟都有。
79554,1958,夏宜平,2018-06-09 04:49:22,16,17,1,心里没有学生，只为教授名誉之位必须教学，商务挣钱挣名誉为重，名为园林所所长，从未了解关心过园林所事宜。
79868,1958,夏宜平,2018-06-14 14:12:34,16,19,3,整天朋友圈发狗屁不通的诗文，狗屁不通。
80229,1958,夏宜平,2018-06-22 07:17:58,18,20,2,等哪一天新闻爆出大所长那些臭不堪言的行为时 园林所真是要放鞭炮庆祝
85424,1958,夏宜平,2018-07-17 16:46:44,2,4,2,考试可怕
85762,1958,夏宜平,2018-08-04 03:01:35,10,12,2,真菌子
93766,1958,夏宜平,2019-01-13 10:30:50,1,4,3,垃圾老师，毁我墨盒
104282,1958,夏宜平,2019-03-16 05:34:21,7,10,3,世界上为什么会有这么恶心的人 气得人饭都吃不下
132280,1958,夏宜平,2021-01-31 13:10:54,13,14,1,笑面虎
132313,1958,夏宜平,2021-01-31 16:28:12,7,8,1,谁能告诉我照他出那个卷子到底应该怎么学啊我好难
132413,1958,夏宜平,2021-02-01 11:24:45,36,46,10,植物学1均绩真的能有3.6🐴  没到3.6的给我点个赞看看
136774,1958,夏宜平,2021-06-24 08:12:11,14,14,0,求仕创薪精神的实践者\n\n自嗨怪
141025,1958,夏宜平,2021-09-22 01:36:54,11,12,1,傻逼，懒的要死还自私
142037,1958,夏宜平,2021-11-04 11:05:52,12,14,2,有什么大病
142038,1958,夏宜平,2021-11-04 11:00:17,11,17,6,现在没跟他接触几次，但是就凭他随便占用我们的周末去植物实习，我就要给他打一分，我们又不是只上你一个课，而且第一个取消考试周的秋学期，周末忙死，宁可真行
142039,1958,夏宜平,2021-11-04 11:03:21,5,6,1,。。。
142460,1958,夏宜平,2021-11-12 00:14:23,14,18,4,取消考试周所以要考试的周末，老师要求上午海宁下午萧山实习，下午要考试的同学？哦，下午不用去了，自己从海宁坐高铁回去考试就好了。
145368,1958,夏宜平,2021-12-29 07:38:35,2,7,5,呵呵呵呵
145381,1958,夏宜平,2021-12-29 08:52:55,-28,7,35,我觉得夏老师没有那么不好吧...也不用骂的这么难听。虽然实践课是比较累，但是老师一直很认真很有激情，想让我们真的学到点什么。有时候确实对学生欠考虑，但出发点不坏啊。期末考虑到时间紧还给我们整理了复习提纲。实习报告其实也没有特别多，时间上也给我们宽限了。自己要退休了还送给我们自己编的书。或许是私下没和他有什么接触吧。如果只是单纯给分差，也不至于这样骂他。希望大家评价客观一点，尊重一点，不要太情绪化吧...抛开分数，至少以我的了解觉得他挺好的...
147976,1958,夏宜平,2022-01-11 08:42:40,6,10,4,就这么说吧\n\n请你去si
147987,1958,夏宜平,2022-01-11 21:23:15,23,27,4,第一次查老师评论光荣地献给他，我无比赞赏都快退休一人了，还很有激情来一首让所有观众印象深刻的散场死不瞑目断魂曲
147992,1958,夏宜平,2022-01-11 09:13:01,21,24,3,不太能够理解自己的总评\n\n期末卷子上的基本都能够答得出来\n\nppt重点内容也手写复习过一遍\n\n实践报告认真梳理完成最后只有一个低于3的绩点\n\n不太理解
147996,1958,夏宜平,2022-01-11 09:30:05,5,9,4,哈哈哈我是废物😄
148007,1958,夏宜平,2022-01-11 09:58:25,13,17,4,3.6的均绩是真的吗？？？？😅😅😅
148008,1958,夏宜平,2022-01-11 13:14:49,42,43,1,园林植物学专业课给我挂了，只差1分，真尼玛无语。考完出来都没想过会挂这个问题。成绩出来一脸懵逼，实习那么多次，到最后搞半天啥都没有还得补考，谢谢您啊，专业课第一门挂科，不需要正太的课硬给挂科，退休前积点德行不？真就求仕创薪呗。sb玩意cnm，能不能去死啊？
148023,1958,夏宜平,2022-01-11 10:52:54,12,12,0,纯\n\n傻逼
148027,1958,夏宜平,2022-01-11 11:04:54,15,17,2,照着提纲认真的列了一遍复习，PPT一页页看过去，实习一次不落，结果总评呵呵。早知道复习个🔨，还不如打游戏
148053,1958,夏宜平,2022-01-11 12:09:59,51,53,2,没到3.6的同志给我点赞，谢谢\n\n真是面慈心歹，表面笑眯眯的，背后阴人，没想到给分这么差
148091,1958,夏宜平,2022-01-11 13:14:36,3,4,1,dddd
148293,1958,夏宜平,2022-01-12 05:34:39,14,15,1,哈哈，无话可说了。。。这堪堪及格的分数让我觉得一次不落的实习及花在报告和复习的时间都喂了狗
148369,1958,夏宜平,2022-01-12 09:26:25,21,23,2,期末考试不给分，还tm占80%?纯纯nt。不该活就别活着，当心哪天过马路一个车出来把你撞死。你造的孽有你在地狱里面受的，等着瞧好了。
148987,1958,夏宜平,2022-01-14 06:03:45,7,9,2,给分可真好呀……
152772,1958,夏宜平,2022-04-19 13:44:13,10,10,0,脑子有点问题反正
153969,1958,夏宜平,2022-05-18 07:30:44,19,21,2,从最近的杭州西湖柳树移栽事件中的言论来看，就是一个纯纯的傻逼hhhh少给浙大丢人吧
158646,1958,夏宜平,2022-07-01 03:19:32,29,31,2,身高比评分要高
163954,1958,夏宜平,2022-12-17 01:53:48,30,32,2,特别照顾自己的儿媳？
163983,1958,夏宜平,2022-12-17 04:59:13,25,28,3,人家别人家的孩子就应该被你当成儿媳的苦力？臭辣鸡
163985,1958,夏宜平,2022-12-17 06:22:19,22,25,3,老东西，等着爆金币吧。你儿媳妇是谁，跟着你一起四一四
163994,1958,夏宜平,2022-12-17 06:44:43,24,25,1,太子妃
164549,1958,夏宜平,2022-12-21 16:29:18,23,25,2,任梓铭
166441,1958,夏宜平,2023-01-12 09:29:12,16,17,1,去死吧！62！
168477,1958,夏宜平,2023-02-18 04:01:24,-6,14,20,问心无愧地说，我认为夏老师很有情怀，朋友圈每天都会发一篇诗文鉴赏。西湖移栽柳树是出于柳树的生存考虑，然而被网暴了，我没有了解过事情的原委，查了新闻只看到网民很随大流地说柳树的文化价值+人身攻击，从老师的视角看他确实很委屈。老师考前会整理一份复习提纲，不过貌似用处不大，可以作为自己笔记的补充。也看到之前cc98说的太子妃事件，让我有些瞠目结舌。\n\n从最近的许多园林大师巨星陨落的消息及风景园林取消一级学科，我个人判断园林整体在走下坡路。园林所的老师们几乎没有出过nature等顶刊的，一是观赏植物不易发文章，一是园林确实研究得比较浅层，常从其他学科“借鉴”经验。园林归在农学却以设计为主，是园林所的老师们考虑了很多就业等方面的问题，我认为大家可以常怀感恩之心，有什么事需要解决、有什么问题可以当面和老师们好好说。当然，如果大家在这里只是倾吐一下不快，没有想要解决实际问题，则自便。\n\n备考方面的话，大家可以自己梳理提纲，记忆科-属-种及科、属的特性，不要为繁多的植物种类“迷人眼”。夏老师说一个科的植物特性相同、一个属的植物特性相同，可以记这样的“共性”。平时实习老师可能会提到一些有趣的植物见闻，说不定考试也用得起来。\n\n植物实习建议大家用电子设备，这样更方便拍摄植物照片、图文结合，可以按照一定的模板记录老师说的东西，比如植物名+科属+习性+产地，这样记得比较快，后续整理也比较方便。
168496,1958,夏宜平,2023-02-18 15:20:32,28,32,4,问心无愧地说，我认为夏老师很有禽怀，朋友圈每天都会发一篇诗文贱赏。西湖移栽柳树是出于柳树的生存考虑，然而被网暴了，我没有了解过事情的原委，查了新闻虽然看到一些网民很随大流地说柳树的文化价值+人身攻击，但也不无道理。从老师的视角看他确实很萎屈。老师考前会整理一份复习提纲，不过用处貌似不大，可以作为自己笔记的补充。也看到之前cc98说的太子妃事件，让我瞠目结舌。 从最近的许多园林大师巨星陨落的消息及风景园林取消一级学科，不用多判断，就知道园林整体在走下坡路。园林所的老师们几乎没有出过nature等顶刊的，一是观赏植物不易发文章，一是园林确实研究得比较浅层，常从其他学科“借鉴”经验。园林归在农学却以设计为主，是园林所的老师们考虑了很多就业等方面的问题，我认为大家可以有时候怀有感恩之心，有什么事需要解决、有什么问题可以当面和个别人品好的老师好好说。当然，如果大家在这里只是倾吐一下不快，也很正常。
169165,1958,夏宜平,2023-02-24 13:30:13,7,8,1,给一分都嫌多….
202957,1958,夏宜平,2024-11-15 11:47:23,-4,2,6,老师上通识课讲的非常好，上课分享农耕文化和诗词的关系，感觉诗词是老师的兴趣，还送了每个人一本自己写的书
202960,1958,夏宜平,2024-11-15 11:59:44,-6,0,6,可是他通识课送我们每人一本书诶，而且给我们讲诗词讲得超级认真，PPT也做的超好
214376,1958,夏宜平,2025-02-02 15:00:49,0,1,1,555
122487,1975,黄建中,2020-03-02 01:08:40,1,1,0,讲的不清楚
197438,2002,黄鹂,2024-07-15 08:14:00,1,1,0,。。。
24721,2021,陈进红,2016-05-03 08:02:34,3,4,1,老师人很好，给分很高
24961,2021,陈进红,2016-05-04 13:16:41,1,1,0,pretty good！
50494,2021,陈进红,2017-05-03 07:15:11,0,2,2,挺和善的老师
22113,2024,刘银泉,2016-03-02 11:19:48,1,3,2,老师还是蛮有趣
22162,2024,刘银泉,2016-03-03 00:02:45,11,15,4,脾气挺好的，先给10分好了
23459,2024,刘银泉,2016-05-03 13:18:35,8,10,2,老师给分好 虽然事情多 但是多劳多得 给分很公平
24767,2024,刘银泉,2016-05-03 12:42:39,2,3,1,老师人很好，脾气也好
24771,2024,刘银泉,2016-05-03 12:53:37,-3,7,10,虽然老师脾气挺好的，但屁事超多而且正态的给分，这门课给差评！！！
24776,2024,刘银泉,2016-05-03 13:52:49,6,7,1,事情有点多但是给分绝对棒。
24840,2024,刘银泉,2016-05-04 03:22:34,0,3,3,不给十分没道理。
24913,2024,刘银泉,2016-05-04 10:19:28,2,6,4,给分赞，能把均绩拉到4.18也是没啥说的啦 ，推荐。\n\n
24914,2024,刘银泉,2018-04-12 05:58:47,1,2,1,炒鸡棒的老师，田间调查也有趣，QQ群讨论我就笑笑不说话
24924,2024,刘银泉,2016-05-04 10:37:25,15,20,5,我给10分，老师是非常棒的，是见过真心为学生好，注重培养学生的老师，通识课会放很多视频，印象很深。但不得不说，尽管我认为很认真完成了任务，还是被正态了，文科生本身在科技类通识中不占优势，有点失望。
49531,2024,刘银泉,2017-04-18 08:06:13,1,1,0,事情多
50390,2024,刘银泉,2017-05-02 14:53:45,4,5,1,事多，人好，分慢
50733,2024,刘银泉,2017-05-04 15:37:09,0,1,1,事情是非常多的，但是老师真的很负责！脾气很好很好，最后给分也蛮好。
50799,2024,刘银泉,2017-05-05 14:12:07,0,0,0,事多，人超好，分高，但是上课催眠曲
52438,2024,刘银泉,2017-06-20 04:54:04,-2,1,3,事多，不好好准备上专业课
77658,2024,刘银泉,2018-05-07 06:35:16,2,3,1,老师出分有点慢吧
78550,2024,刘银泉,2018-05-13 02:00:54,1,2,1,老师超棒，人特别好，课也蛮有意思的！不要被第一节课吓到，其实事情不算特别多，认真写完游记和论文还有小组的作业就好，给分很高！
78561,2024,刘银泉,2018-05-13 05:15:46,3,3,0,给分高，看态度，不太看能力，挺好的，用心的话成绩会比你预期高0.3
78992,2024,刘银泉,2018-05-19 10:15:52,1,2,1,事多但分高
80137,2024,刘银泉,2018-06-20 12:15:26,0,1,1,给分好 事情一般多 水
103027,2024,刘银泉,2019-02-25 12:18:30,-3,1,4,有个人pre，个人pre，个人pre！作为一门普通通识课事情真的多，不怎么体谅文科选手吧
105354,2024,刘银泉,2019-04-10 11:04:07,1,4,3,小组报告 小组展示 个人展示 读书笔记 课程论文 田间调查30张照片 对往届读书笔记的评价...
107251,2024,刘银泉,2019-05-02 15:42:46,3,3,0,10分不解释
107260,2024,刘银泉,2019-05-02 23:51:22,2,3,1,1、老师挺亲切的，不是那种让人讨厌的老师。2、事有点多，读书报告，小组展示，田间调查(做成PPT)，个人展示(选做)，论文，时不时还有两百字小作业。3、给分好，我没有做个人展示，上课好像也没怎么回答问题，但是论文写的算是挺认真的，最后成绩很好。4、这门课也是挺有意思的，生态安全，和我们生活息息相关，所以不至于枯燥，田间调查也挺好的。总之，值得选。
107264,2024,刘银泉,2019-05-03 00:47:28,-2,3,5,事多分少很真实了
107265,2024,刘银泉,2019-05-03 00:49:35,-11,4,15,事很多，听课体验极差，老师讲的没含量学生问问题傻逼的一匹，给分也不太行，我通识就没拿过这么低的分
107269,2024,刘银泉,2019-05-03 01:15:38,3,3,0,老师人真的是好爆了，冲着直接10分。至于上课感觉嘛，事情是真的多，但是相对的也是多劳多得，而且还是能学到一些东西的，至于要不要选还是看自己衡量吧(◕ˇ∀ˇ◕)
107295,2024,刘银泉,2019-05-03 05:58:58,0,1,1,上课勤讨论，作业认真做，小组长什么的也抢着做，给分就不错。总之是一个看态度更甚于能力的课
107299,2024,刘银泉,2019-05-03 06:59:11,1,2,1,超级喜欢的老师，很认真。是属于你努力就有回报的一门课。
107448,2024,刘银泉,2019-05-05 08:41:23,1,1,0,老师上课超级棒！
107588,2024,刘银泉,2019-05-07 06:38:19,0,0,0,老师很好，鼓励同学进行讨论，课程形式也比较丰富，田间实验很有意思，老师全程带领，非常负责了，有收获
108812,2024,刘银泉,2019-06-03 01:51:37,-2,0,2,蛮轻松的
123088,2024,刘银泉,2020-05-09 04:11:22,5,5,0,大三老学长个性通识都满了，选这门课纯属感兴趣，老师人很好很有耐心的！当了组长，小组论文应该写的不错，个人论文也还行，没有做个人展示，最后4.8
123099,2024,刘银泉,2020-05-09 12:10:08,1,2,1,老师人很好，做事认真，给分公平，能者多劳，劳者多得。我没有做小组长和个人pre，但是论文很认真的写了，最后4.5。
123280,2024,刘银泉,2020-05-28 12:51:16,1,1,0,课很有意思；你的成绩和你的努力成正比
130481,2024,刘银泉,2021-01-23 02:03:27,0,0,0,哈哈哈
134922,2024,刘银泉,2021-04-22 13:23:06,3,3,0,老师人真的很好啊，性格超级温和的老师了，而且很有趣\n\n田间调查的时候看到番茄快熟了说等熟了带我们去摘2333\n\n希望下学期还能选上老师的课\n\n祝老师万事顺遂天天开心
135298,2024,刘银泉,2021-05-07 17:08:59,3,4,1,我论文好好写了啊，为什么给分这么低，啊啊啊啊。
135361,2024,刘银泉,2021-05-08 11:30:54,0,3,3,做了组长，认真做了展示，论文写的很用心，最后3.3，，，给大家参考一下\n\n申明一下我没有不努力，这是我最低的通识，给分真的迷
136447,2024,刘银泉,2021-06-18 03:38:28,2,2,0,很好的老师 还给我们发了昆虫扑克牌 课上用心了最后绩点也不错
138298,2024,刘银泉,2021-07-08 11:40:01,3,3,0,老师和蔼，但是讲课水平有待提升，感觉语速比较慢，重点不够突出
153211,2024,刘银泉,2022-04-26 16:11:49,2,2,0,老师蛮专业，也学到了挺多东西。但是感觉给分有些一般?（可能需要付出更多努力吧）但是这门课感觉相比其他通识来说可能作业会多一点点。
153222,2024,刘银泉,2022-04-27 00:42:59,2,2,0,给分一般一般一般……但是老师人比较和蔼，消息回复也比较及时
154095,2024,刘银泉,2022-05-23 05:32:13,2,2,0,很棒的老师啊！很亲切！给分也很好！常年被正态选手也终于上4了呜呜呜
154217,2024,刘银泉,2022-05-26 05:41:10,1,1,0,很和蔼的老师
191957,2024,刘银泉,2024-05-06 09:06:24,0,1,1,今年是论文1+田间生物多样性调查1+读书笔记/纪录片观后感/课堂展示任选1，任务不多不少，注意格式。老师人很和蔼，上课会点名or小问卷，还是要尽量到课。给分很好，拿了4.5
195765,2024,刘银泉,2024-06-30 02:00:58,1,1,0,生态安全导论还是十分推荐选课的，教学内容不仅仅局限于这一领域，一学期收获很多，老师给分也非常非常好。
218566,2024,刘银泉,2025-04-24 15:55:04,0,0,0,老师很有趣，有在认真教东西
78774,2083,陈云,2018-05-15 06:42:01,-2,6,8,虽然讲课不是很好，但刀子嘴最后还是会拉你一把
106167,2083,陈云,2019-04-25 11:44:25,0,5,5,真的是很好很负责的老师，半个学期班上同学的名字都记得了，植保其实是一门蛮简单的课，好好去记就好了。虽然我自己没认真记，感觉蛮对不起老师的。
135473,2083,陈云,2021-05-11 05:31:37,-4,2,6,陈云爸爸我爱你
138174,2083,陈云,2021-07-07 17:19:29,-4,1,5,期末考完再改实验报告，贼好
173057,2083,陈云,2023-05-12 05:48:55,-9,0,9,很负责很可爱
217329,2083,陈云,2025-04-08 13:30:48,4,4,0,很奇怪的一个人，脸上一直堆着笑脸看的人很恶心，他是不是以为自己特别有心机然后脸上一套心里一套做得天衣无缝？近距离交流时只要你做错了且你不是女生，绝对不会正眼看你正面回答你问题，而是一副为大家好的样子提醒所有人我们要怎么怎么样，这对提问者有任何基本的尊重吗？对女的倒是好，polo肥猪闹麻了
47675,2112,王洪凯,2017-02-15 12:54:11,0,0,0,讲课自带催眠效果…人还算不错吧。
51600,2112,王洪凯,2017-06-07 12:07:35,0,1,1,啊老师萌萌哒，特别乐观即使上课没人听也不生气~种子病理学课就期末一篇论文，实验报告当堂完成。事少给分特别好~
57259,2171,李红叶,2017-07-06 08:06:08,0,0,0,李老师很可爱啊！
107344,2171,李红叶,2019-05-04 05:44:53,0,0,0,挺好的嗷老师
122111,2171,李红叶,2020-02-13 11:24:39,3,3,0,必须给李老师好评，虽然毕业十年了
158834,2171,李红叶,2022-07-02 13:39:42,1,1,0,嘎嘎好的老师
216856,2171,李红叶,2025-03-27 06:17:37,0,0,0,农学院至高无上好的守序善良类型的老师，就是可惜今年教完就要退休了😭
219749,2171,李红叶,2025-06-05 06:18:38,0,0,0,红叶老师快回来吧红叶老师QAQ，另外几个诗人啊
998,2182,倪琪,2015-03-21 11:32:44,19,23,4,假大空
1000,2182,倪琪,2015-03-21 07:22:17,21,25,4,美术老师上语文课的既视感
1003,2182,倪琪,2015-03-21 07:23:51,61,86,25,很醉人
1006,2182,倪琪,2015-03-21 07:27:51,21,26,5,跟普通人不在一个调调上，毕竟北京来的老太太
1009,2182,倪琪,2015-03-30 02:40:46,26,29,3,上课对着ppt读说这是意识流
1011,2182,倪琪,2015-03-21 08:23:58,51,61,10,不能玩手机，要目不转睛地看着她的ppt，课间不能在教室里吃东西。\n\n如果说了不好听的话不要再解释请马上说我错了！\n\n教务系统评教请给她满分，不然命运会很坎坷。
1014,2182,倪琪,2015-03-21 09:42:49,31,32,1,我很害怕评分以后又被发现…血雨腥风
1015,2182,倪琪,2015-03-21 09:44:35,24,27,3,啊老师说的对！啊没错没错！说的真好！！！嗯嗯嗯！！！哇好厉害！老师你是我女神！\n\n  要以这样的星星眼花痴状上完她的课。
1027,2182,倪琪,2015-03-21 11:26:57,25,28,3,一开始会被唬住，缓过来就只能呵呵，然后看手机，然后被骂，然后竟然让做视频，然后还要万字论文，然后你妹的绩点
1028,2182,倪琪,2015-03-21 11:46:47,37,39,2,绝对不能跟她起任何冲突  不要迟到 不要玩手机 上课不要突然跑出去 总而言之要安静得像一只鸡
1043,2182,倪琪,2015-03-21 13:17:14,9,10,1,困又不能睡\n\n
1659,2182,倪琪,2015-03-23 06:55:25,13,16,3,神一样的大作业给了61
1965,2182,倪琪,2015-03-27 04:21:57,-47,7,54,还可以的。
2022,2182,倪琪,2015-03-29 14:11:18,4,6,2,听听就好
2025,2182,倪琪,2015-03-29 14:52:12,53,104,51,倪琪者，北平人也。文革末年学于京师林业学堂，共和小平四年元月入职国立浙江大学掌造园之事。\n\n倪琪常喻语众人曰：孤天子岭之一华夏，似凡尔赛之于法夷。时众人皆拜之。
2027,2182,倪琪,2015-03-29 15:01:52,40,45,5,感觉浙大园林烂的永世不得翻身有一半仰仗倪老太太呢，没准老人家退休了大园林还有进全国前30的可能哈哈哈
2031,2182,倪琪,2015-03-29 15:35:58,9,11,2,不共戴天的仇人。哈哈
2036,2182,倪琪,2015-03-30 02:26:27,29,31,2,记仇 小心眼 自己喜欢的学生那可就简直是完美 不小心得罪她的？哼，等着拿60+吧☺️
2038,2182,倪琪,2015-03-30 04:46:51,38,42,4,荷尔蒙严重失调！男生永远是堪称完美，女生永远视如草芥！悲惨的爬过！
2089,2182,倪琪,2015-04-01 09:10:42,5,8,3,渣的一比，神了！
2093,2182,倪琪,2015-04-01 10:07:47,-19,7,26,其实么……就是一个正常的老太太～好好哄就行了～不要黑她了
2116,2182,倪琪,2015-04-01 13:35:20,1,3,2,进错了教室？
2123,2182,倪琪,2015-04-01 14:56:17,20,23,3,要敢于直视她的眼睛，对她所讲表示认同，频频点头，给予赞许。如果男生身高不高的话，那么恭喜你，身高这个梗就会非你莫属了…总而言之面对她，夹着尾巴做人就好了。
2323,2182,倪琪,2015-04-21 11:40:36,9,12,3,这是以前的班主任简直哔~，感觉红卫兵出身\n\n
2630,2182,倪琪,2015-05-05 01:39:21,2,5,3,多大仇!!!!
3138,2182,倪琪,2015-05-16 15:57:45,-22,4,26,其实挺好的
3445,2182,倪琪,2015-06-14 20:45:58,1,2,1,睡不着。+_+
4924,2182,倪琪,2015-07-01 05:19:16,9,10,1,大学的噩梦
6868,2182,倪琪,2015-07-27 04:43:41,8,10,2,话说她退休没
13949,2182,倪琪,2016-01-03 01:36:10,7,8,1,真的超可怕，普通心理素质的还是不要自寻死路了
15325,2182,倪琪,2016-01-13 19:22:29,25,27,2,倚老卖老，动不动就北林北林，老子再也不想听到北林二字！浙大海纳百川的精神在这里荡然无存。
17344,2182,倪琪,2016-01-20 05:16:18,15,16,1,人在做，天在看，多行不义，必遭天谴！
20395,2182,倪琪,2016-01-27 12:17:42,10,11,1,呵呵，北林一枝花。
20823,2182,倪琪,2016-02-01 08:13:36,2,3,1,呵呵呵呵呵
21037,2182,倪琪,2016-02-13 02:40:38,9,10,1,真不知道这种人怎么能当上老师的，还特么是个副教授，感觉论资历排上去的吧？
27178,2182,倪琪,2016-06-23 12:21:11,21,23,2,为什么没有0分可以选 觉得她根本不配当老师 不看学生的努力和成果 完全看自己的心情和个人恩怨 遇到她就是园林生涯的不幸
28133,2182,倪琪,2016-06-28 08:08:48,7,8,1,这人师德真的有问题
30394,2182,倪琪,2016-07-01 13:09:16,6,9,3,就我们14级而言，并没有在她课上感受到“更年期妇女”的焦躁与醉人，课下交流也可以称她为“善解人意”；不过在她的课上，确实无法学到任何有实际价值的东西。
31046,2182,倪琪,2016-07-03 07:07:52,9,11,2,看你第一眼就给你打好成绩了大作业不用做了可以（微笑）。女孩子千万穿的朴素点去。
31092,2182,倪琪,2016-07-03 08:11:39,8,9,1,2012级毕业答辩。。真是惨不忍睹。
32986,2182,倪琪,2016-09-09 14:05:00,1,3,2,呵呵呵
37369,2182,倪琪,2016-11-18 13:46:21,6,7,1,真想骂人
37727,2182,倪琪,2016-11-20 12:16:07,8,13,5,北林算个什么东西，尽出一堆设计能力渣到爆的垃圾，以及智障。
40387,2182,倪琪,2017-01-03 06:41:09,-15,4,19,润物细无声，讲课有味道
41291,2182,倪琪,2017-01-10 12:02:31,0,8,8,讲课内容需要一定的人文功底和耐心才能听进去，一峰山太华千寻，一勺水江湖万里
41485,2182,倪琪,2017-01-12 08:03:21,1,12,11,老太太还算和善吧..
41492,2182,倪琪,2017-01-12 03:51:15,-3,3,6,导论课听听还是不错的 毕竟我什么都不懂 虽然北林出现的频率的确很高
41493,2182,倪琪,2017-01-12 03:52:14,-8,12,20,开始被震住，然后后来比较水，后面几节课给我们看各种照片。老师确实会比较喜欢男孩子，但是最后的论文认真写的话给分还是挺公平的。三句不离北林渐渐成了一种萌点。总的来说还是挺好的一老师，毕竟导论这种课一般都学不到什么东西，但我要承认，我背出了园林的定义。\n\nps：我是女孩子
41510,2182,倪琪,2017-01-12 05:37:20,-1,5,6,蛮好玩的
47599,2182,倪琪,2017-02-06 07:38:09,-13,4,17,老师平时严，会一针见血地指出你的错误，给分还是不错的
48728,2182,倪琪,2017-03-19 07:05:36,6,11,5,妖魔鬼怪  牛鬼蛇神   兴风作浪   不配为师。
49540,2182,倪琪,2017-04-18 05:33:48,-18,6,24,看了大家的评论战战兢兢地去上课发现老师并没有很可怕啊……\n\n上课不能玩手机的不能吃东西这类的要求也正常吧，只要不拿出来就好了。老师其实挺随和的，偶尔还开开玩笑，一学期下来也没怼人没很严厉的批评，上课干货也有。\n\n给分还可以的，其实只要认真做作业就好啊。老师还说可能会取消正太，因为大家都很认真。\n\n就想说评论里的人大概都是上课不认真玩手机作业不好好做被怼的吧？能怪谁呢？
57604,2182,倪琪,2017-07-10 12:29:06,2,3,1,不说了
58134,2182,倪琪,2017-08-05 05:12:09,10,10,0,北林跪舔狗，既然看不起浙大，当初为什么还要来？有本事去你的北林爹那里啊
58640,2182,倪琪,2017-09-11 15:45:57,6,7,1,园林界的败类，教师中的吊车尾。
60921,2182,倪琪,2017-11-02 16:23:12,1,1,0,很累
62241,2182,倪琪,2017-11-23 10:53:57,2,3,1,看着挺猛的一个人，其实只会吹逼，小心眼儿，没有真才实学。
62746,2182,倪琪,2017-11-27 06:25:48,16,18,2,园林艺术，出分以后，看到分数我是懵的，过了会缓过来有点想哭，可能我心理承受能力不那么好吧，现在在怀疑我这一年多坚持学园林的意义。\n\n我知道有些时候分数不能看太重，但是在为一个大作业付出了很多而且成果的确是不错的前提下期待一个高出平均分的绩点很过分吗…
63126,2182,倪琪,2018-01-16 06:25:44,20,24,4,真的给分只看她喜不喜欢，女孩子做作业再用心也会挑一堆毛病，喜欢的男生做的视频烂到恶心也只是夸，没什么想说的了，这专业不是努力就有用的，如果你是男生还会拍马屁成绩随便拿
63348,2182,倪琪,2017-12-01 05:52:16,14,14,0,真的重男轻女吧。。。。喜欢的男生分数很高。。。对女生严苛，严苛的多，分数也低，园林专业真的尽出垃圾老师
63349,2182,倪琪,2017-12-01 05:57:15,1,1,0,………………
63426,2182,倪琪,2017-12-05 08:28:16,8,11,3,看着那些在她面前骚操作的男生和她堆着一坨皱纹笑的脸就觉得很恶心。园林里面只有男女之别，没有优劣之分。
64522,2182,倪琪,2017-12-25 02:09:32,0,0,0,。。。
64680,2182,倪琪,2017-12-26 08:06:04,1,12,11,倪琪这个人确实恶心，但也没恶心到是个男生就喜欢得不得了，某人呕心沥血做了好几个月的视频被给了及格，所以某些女的不要再叫了。
65897,2182,倪琪,2018-01-10 04:00:33,1,3,2,负分滚粗
66193,2182,倪琪,2018-01-13 01:19:39,1,1,0,人品极差
67655,2182,倪琪,2018-01-22 04:09:02,3,3,0,这个上课很醉人，要求太高，关手机，电脑收起来，桌子上也不让放，还会叫起来回答问题。
67665,2182,倪琪,2018-01-22 04:36:12,3,5,2,上课还可以吧，感觉挺有趣，就是给分很迷啊，明明做的很认真啊，难过唉╯﹏╰
67676,2182,倪琪,2018-01-22 04:54:08,9,9,0,上课严格给分又差，均绩是假的吧
67914,2182,倪琪,2018-01-22 09:52:20,2,3,1,抛去上课不谈人品极差及其刻薄无趣
68388,2182,倪琪,2018-01-23 05:57:38,14,14,0,哭晕在厕所，导论给分六十几呵呵，笑里藏刀的老太太，教的两门课讲来讲去就是这么点东西呵呵，没见过这么爱憎分明的老师呵呵
73646,2182,倪琪,2018-02-02 09:15:37,6,8,2,这门课让我觉得…男生谄媚起来真的恶心?想拿高分的话，女孩子不用想了，对她再好也没用的，可能分数更低。男生突破下限跪舔就行?
73656,2182,倪琪,2018-02-02 09:34:26,18,19,1,可以批评我作业的缺点，但请不要侮辱我的人格，园林是凭能力考进来的，不是所有人都喜欢作妖。谢谢
73662,2182,倪琪,2018-02-02 10:45:10,3,5,2,最难过大抵是再认真 都可以被看作一文不值 我害怕自己未来的命运
74162,2182,倪琪,2018-02-06 02:54:40,3,4,1,老师的课总有很多重复，大概一样的话能听到三四遍吧，整个学期认真听课了，还是有一定的收获，只能说绩点这东西，还是看自己吧。平时分很重要，不然即使论文写得好，绩点也不会太高。
74403,2182,倪琪,2019-09-11 06:10:17,-54,14,68,呵呵，这群女的真是够了，自己没实力非说老太偏袒男的，那你们倒是变个性啊，一群女表。
76010,2182,倪琪,2018-03-24 07:28:52,-15,5,20,虽然有时候有一点凶，价值观与我们也有一些出入，还会把小朋友的家庭、成绩问得一清二楚。但是！我还是觉得她讲课很有趣啊！知道了关于园林很基础的知识！以及最后给分在我看来很高了！ps：我是女生
76148,2182,倪琪,2018-03-28 03:28:04,8,8,0,庙小妖风大
76318,2182,倪琪,2018-04-03 02:35:52,4,4,0,上课请假扣十分。在我请假没上的那节课才说( ´･ᴗ･` )不是万不得已谁会请假( ´･ᴗ･` )呵呵
76992,2182,倪琪,2018-04-27 12:08:19,7,10,3,倪琪这种货色也就只能骗骗外校的研究生。还说什么评不上教授有黑幕，呵呵，自己没实力就是没实力，别老往黑幕上瞎j8扯。\n\n
79163,2182,倪琪,2018-05-25 02:26:04,-1,0,1,哈哈……哈……哈……
80230,2182,倪琪,2018-06-22 07:22:33,-10,3,13,其实挺好的人...
81057,2182,倪琪,2018-07-03 13:15:28,7,8,1,老鹰打饱嗝～～鸡儿吃多了～～嗝～～
85759,2182,倪琪,2018-08-03 12:44:53,7,8,1,每次看到一群外校学生想要成为倪琪的研究生，嘴上说倪老师要求很严格，心里只飘过俩字儿：“傻逼”
87193,2182,倪琪,2018-09-22 01:38:54,2,4,2,世间竟有如此奇女子
89700,2182,倪琪,2018-11-20 10:14:23,14,17,3,说变性的那位，浙大怎么会有这种垃圾人
90317,2182,倪琪,2018-11-23 06:15:49,-11,2,13,倪老师其实除了龟毛一点，还是很好的。\n\n给分至少比通识课卡绩要好…
90618,2182,倪琪,2018-11-24 15:12:11,-8,2,10,倪老师很好的，上课干货多，作业认真做，上课认真听吧
96406,2182,倪琪,2019-01-21 02:29:30,0,0,0,？？？
103591,2182,倪琪,2019-03-02 03:06:45,4,6,2,校友在群里祝贺申请上gsd的同学 你出来谢谢大家？关你屁事 你谢你?呢
104876,2182,倪琪,2019-03-29 08:14:23,3,3,0,过来人的体会就是，大家不要对她有如此大的负面情绪，毕竟她对一个还未进社会的青年的成长经历帮助还是很大的，经历过她之后，什么苦难什么奇葩我都能云淡风轻地面对了！！！
106338,2182,倪琪,2019-04-26 12:04:31,3,3,0,谢谢倪奶奶不杀之恩！！！\n\n我终于修完您所有的课程了！！！
106418,2182,倪琪,2019-04-27 07:35:43,0,1,1,为什么没有0分
109043,2182,倪琪,2019-06-06 06:08:46,-5,0,5,还行吧
118219,2182,倪琪,2019-10-23 06:34:23,3,4,1,作为园林系的老师，园林史课干货很多。但说实话她没有让我感受到大学老师——特别是作为设计类专业的老师——应有的大气。\n\n其实如果她是我高中语文老师的话，我应该会相当喜欢她的课。
118796,2182,倪琪,2019-11-06 04:59:44,0,0,0,楼上的小朋友 她教的是园林艺术- -
119770,2182,倪琪,2019-11-15 15:53:38,1,1,0,第一次上查老师上写评价。真的是老师吗请问，脑里有泡，嘴里刘能，阴阳怪调，祝福你早日受到福报，真的不配当老师，狠不配。
120370,2182,倪琪,2019-12-01 05:17:05,1,1,0,莫得呵呵呵
122349,2182,倪琪,2020-02-25 02:20:47,11,11,0,由于疫情影响，浙大绝大多数老师都采用钉钉直播平台授课（效果不佳，但也还能正常上课），唯独这个老太太顽固不化，在微信群发语音上课，而且态度极其粗暴与刻薄，浙大有这老师真是醉了
122879,2182,倪琪,2020-04-16 08:14:52,14,15,1,退课之前来写个评价。可喜可贺，老太太终于要退休了，前辈们应该也很欣慰吧！浙大园林的翻身之日或许不远了。春学期的导论，本来完全可以用钉钉上的，哪怕是视频会议也可以啊，视频会议还能互动它不香吗，nll你不想听我们给你背西湖三十景吗？？结果人家非要推迟开课。那就以后补呗。老太太可能以为很快就能回学校在教室里听大家背西湖三十景了吧，谁知道夏学期都开始了大家还回不了学校。这下好了，退休之前不把这课上掉怎么行？于是老太太选了一个时间，通知所有人要微信上课，也不管那个时间本来选上了课的同学有没有其他课，如果问她冲突怎么办，那就只有退掉一门咯：）。我纠缠这么久，压根就不是想听nll退休之前的最后一课，我就是咽不下这口气，凭什么你一个人的过失，要我们这些正常选了课的同学来替你承担？？再见了您嘞！哪怕我毕业之前才能补这门课，我也不想再做您的学生！
122976,2182,倪琪,2020-04-27 09:15:06,3,3,0,没有师德真的很过分。退课了等她退休再选吧。哪怕是到大三了，只要不是她教，一切都好说。
123927,2182,倪琪,2020-06-16 16:51:55,-13,2,15,也许是因为是网络授课叭，也许是因为她就要退休了叭\n\n这个让我战战兢兢上了两个月的课的老师，竟然因为下课前的一番话而让我有了一丝感动\n\n“你们也许是我教的最后一届本科生了……现在我发一张照片给你们留作纪念，照片上是我教的第一届学生……”\n\n很有幸能够成为倪老师的学生，让我看见了一位跟查老师描述上不一样的老师！\n\n刚下课就赶来为老师打分，第一次在查老师上为老师打分\n\n\n\n今天刚交上课程论文，成绩还没有出来，管它呢\n\n我也许是浙大园林的学生中第一个给老师打10分的人，hh，也许是唯一一个\n\n不过这又有什么关系呢 我是老师教的最后一届本科生了\n\n
123930,2182,倪琪,2020-06-17 01:42:21,-7,1,8,老师最后一节课特别温柔。
124532,2182,倪琪,2020-07-03 02:26:31,4,5,1,非常后悔没有退课
124535,2182,倪琪,2020-07-02 12:15:49,5,5,0,给分好差啊
124557,2182,倪琪,2020-07-03 02:15:17,4,4,0,给分极低
124568,2182,倪琪,2020-07-03 05:04:07,5,5,0,这给分我哭了，后悔极了，虽然最后一节课很温柔但是绵里藏针😭
124985,2182,倪琪,2020-07-31 01:25:35,6,6,0,被她感动的孩子，太天真了，给她打10分，也太可笑了，就算你被感动了，那么这半个学期，你从她那里学到了什么呢，学到了像小学生一样怕老师、怕迟到、战战兢兢？就这，也配十分，让那些真正值得10分的老师情何以堪呢。
124988,2182,倪琪,2020-07-31 11:40:26,0,0,0,不大行
125303,2182,倪琪,2020-09-06 04:23:56,10,11,1,这老师比较不大行，但凭良心讲最后一节课还是感动到了我，也不知道她的恩师，浙大园林的开创者看到她现在在园林所得教学质量会有什么感受。\n\n我和我的室友分享她上课的奇葩语录的时候，到底还是意难平，就一分的导论课，还是微信上课，60s60s的语音发，精神压迫，人身攻击，真是难为抱团取暖的大家了。\n\n1分给了，如果有0分，我更想给她-1分，
126280,2182,倪琪,2020-09-21 15:48:25,0,1,1,道歉信已经发您信箱～
130630,2182,倪琪,2021-01-24 04:45:21,1,1,0,真的很辣鸡，挑刺，把死板当作严谨，控制欲极强。
130694,2182,倪琪,2021-01-24 08:48:20,1,1,0,咄咄逼人
133240,2182,倪琪,2021-02-20 06:12:33,1,1,0,垃圾垃圾垃圾垃圾垃圾
159156,2182,倪琪,2022-07-07 04:04:30,5,5,0,倪琪老师永远的💩
130763,2210,孔祥礼,2021-01-24 13:32:21,-1,1,2,上课声音有点小
131678,2210,孔祥礼,2021-01-28 11:41:29,4,6,2,孔老师人很好，有问必答，给分不错，新年还会送小礼物。不过生科导的授课内容跟网课差不多，上课气氛也不是很活跃～但是这门课还是教给了我很多硬知识哈哈
138350,2210,孔祥礼,2021-07-08 15:14:12,10,11,1,选的老师的生物科学导论，老师上课很认真，很明显是真的想给学生传授一些东西，愿意和学生交流的，而不是仅仅把课程当成一个任务。
148654,2210,孔祥礼,2022-01-13 06:22:24,5,6,1,选！！！老师非常的好！网课学习时间很自由，给分不错，新年还有小盲盒😭
168672,2210,孔祥礼,2023-02-21 01:03:41,4,5,1,老师很温和 但是上课还是要到的 给分也不错
185808,2210,孔祥礼,2024-01-04 13:31:04,6,6,0,老师特别儒雅 温温柔柔的 结课还有小礼物 呜呜呜
185817,2210,孔祥礼,2024-01-04 14:49:58,5,5,0,老师超级温柔，结课还会送小礼物。而且真的希望你学到一些东西
185832,2210,孔祥礼,2024-01-04 17:25:37,2,2,0,老师人很好，看得出来是真的在好好教学，最后课程展示的时候全程都听得很认真，一直鼓励大家交流。可能是因为通识课本身的问题把，上课互动性不是很强，很多时候感觉老师问问题得不到回应还是有点难过的，希望老师能越来越好吧！值得得到更好的对待！最后一节课还有小礼物，可以说挺用心了。
185924,2210,孔祥礼,2024-01-06 05:21:44,4,4,0,选他选他就是选他！！真的是好老师！！很用心在上课想传授知识的好老师一枚！
190208,2210,孔祥礼,2024-02-25 11:39:37,4,4,0,上学期上的生命科学导论通识，回来追评～\n\n最终绩点4.5，也算是达到预期了。孔老师这门课平时是有课前课后作业的，每次课前小测是在上次课后和这次课前的题库里出题（10道选择题）。所以建议结伴去选这门课！或者是胆子大一点找同学一起共享题目。本人就是课上可以挂完要学的视频+做完开放的作业，课下基本不花时间。有课后作业的好处就是期末闭卷考题库熟悉，我花了两个半小时就复习完了所有选择判断题库。平时还有一个小组合作的展示，不难。孔老师人很好的，对待课程也很认真～
203768,2210,孔祥礼,2024-11-21 03:15:17,2,2,0,上学期上的，回来追评一个，高中生物选考生，这门课几乎没花时间裸考的，最终拿到了很好的绩点，平时上课可水可听，有一点点催眠，小测都是作业题，稍微看两眼就会，作业合作的话每周不到30分钟时间吧，小组展示也可水可努力，感觉老师人也特别好也不点名，很有学者风范的好老师，10分强推！
213779,2210,孔祥礼,2025-01-20 00:50:15,0,1,1,老师人很好，给分我不满意
42969,2240,赵烨,2017-01-15 14:06:57,0,0,0,给分还挺好的
65732,2240,赵烨,2018-01-08 14:52:39,0,0,0,老师水平很好！
67967,2240,赵烨,2018-01-22 11:53:52,-1,0,1,给分没有想象中的好...每次点名都到了
184445,2240,赵烨,2023-12-20 01:45:01,2,3,1,我是求生2301邱子轩，实名给班主任满分
145149,2256,舒小丽,2021-12-28 01:01:15,3,4,1,最后一节课和我们不断唠要早睡早起、不管科研还是学习都不要弄得太累的好老师
167303,2256,舒小丽,2023-01-15 12:42:41,1,2,1,满绩啦，老师给分很好！
31506,2262,叶明儿,2016-07-04 04:11:12,0,0,0,吃翔一样呵呵\n\n
54043,2262,叶明儿,2017-06-28 09:48:51,-1,0,1,好！喵喵喵
108400,2262,叶明儿,2019-05-23 02:26:02,0,0,0,感觉这个老师好讨厌，有点自以为是
109660,2262,叶明儿,2019-06-18 07:39:20,4,4,0,为什么没有零分？一分都不想给
138354,2262,叶明儿,2021-07-08 15:49:53,1,1,0,傻逼！
154477,2262,叶明儿,2022-06-02 01:22:36,1,1,0,身在福中不知福.jpg
174501,2262,叶明儿,2023-06-13 08:35:41,1,1,0,这种老师，我去上他课都是给他脸。\n\n展示要求不说清楚，点评了说你这个不行哪个不行，要有临床临床……保健食疗你搁这天天临床临床
55094,2323,陈利萍,2017-07-01 00:12:25,4,4,0,不调分/再见，蜜汁实验报告，出分以后再交
64440,2323,陈利萍,2017-12-23 15:56:27,3,3,0,心累啊
107498,2323,陈利萍,2019-05-06 02:21:57,13,14,1,感觉废话很多，很会吹nb
125191,2323,陈利萍,2020-09-03 09:44:04,6,6,0,迷惑给分读PPT
125376,2323,陈利萍,2020-09-08 01:19:29,2,3,1,上网课乱给分 SB老师 走好不谢……不考试的话课不用听了浪费时间和青春哦 就好好水论文就可以了
127081,2323,陈利萍,2020-11-06 00:26:18,0,1,1,奇怪的老师，感觉自己研究的东西都说不清 我就呵呵了 给分乱给 专业课还正态分布：我看给分曲线很好 很符合 符合你妈啊
138130,2323,陈利萍,2021-07-07 12:31:02,6,7,1,园艺专业的学生大二以后没有像其他专业那样4.7+高均绩的同学，不是因为专业的同学没巨佬，只是单纯因为专业课给分太差了，这个老师就是最好的证明\n\n而且不得不说，考试周中途抽空观察实验结果还要交实验报告就很瓜皮
138141,2323,陈利萍,2021-07-07 13:25:21,1,1,0,不调分是真的，事情多，投入产出比极低，挺让人失望的一门专业课。
140518,2323,陈利萍,2021-09-13 08:50:06,6,6,0,我只想说上过得都懂，不懂的我也不多说了\n\n细细品吧，你也别来问我怎么回事，这学习过程中折磨太大了，说了对你我都没有好处\n\n你就当不知道就行了，其余的我只能说这课水太深，考的东西你掌握不住\n\n当然，简单来说就两个字 伞兵
153743,2323,陈利萍,2022-05-10 03:20:50,1,1,0,牢 牢 牢
173376,2323,陈利萍,2023-05-22 04:07:33,5,5,0,上完课只记住了，我中科院读博的学生就想回过头做我的研究方向。我们实验室坐冷板凳坐了10年+科研比教学重要多了，最后还是得看我们科研。合着科研教学都不行是吧
216145,2323,陈利萍,2025-03-11 04:34:04,2,2,0,不认真备课一节课时间让学生随便说说对生物技术的任何认知\n\n上课突然说饿了吃饼干莫名其妙\n\n一半时间在吹嘘自己研究成果 实际上没人接收哈 还需要我们助力您的研究\n\n自己的研究成果没人看就让学生下课看把学上当免费劳动力了哈免费刷浏览量
216147,2323,陈利萍,2025-03-11 04:32:06,2,2,0,求清真版课堂😭
7166,2342,俞征,2015-09-09 11:08:43,-5,10,15,带你们去农家乐，顺便画副画
8167,2342,俞征,2015-09-17 08:06:14,-9,4,13,挺逗的
8197,2342,俞征,2015-09-17 11:40:13,-8,7,15,有趣又亲切
8224,2342,俞征,2015-09-17 15:08:23,10,18,8,不怎么教你
8350,2342,俞征,2015-09-19 01:48:48,8,12,4,不怎么讲
10783,2342,俞征,2015-11-23 05:11:16,0,4,4,呵呵，呵呵。
13373,2342,俞征,2015-12-27 11:01:54,0,5,5,呵呵。
16449,2342,俞征,2016-01-18 06:14:21,1,3,2,就 靠自己悟吧
17387,2342,俞征,2016-01-20 07:14:37,1,4,3,呵呵。。。
20075,2342,俞征,2016-01-26 04:54:18,5,10,5,他真的是来教课的吗
24435,2342,俞征,2016-04-30 13:50:45,1,4,3,教了一节课之后就……再也没有了？
33068,2342,俞征,2016-09-11 13:28:27,13,18,5,…给分呵呵\n\n
33220,2342,俞征,2016-09-16 03:09:22,0,2,2,。。。
33260,2342,俞征,2017-01-12 13:50:56,3,10,7,按水课意义来说可以10分，但我就是不太明白为什么搞雕塑的老师  立体构成都教不出什么东西。什么  你说素描？
39232,2342,俞征,2017-04-22 01:51:42,8,14,6,极其不负责任 对于大学里有这样的老师感到很失望
41294,2342,俞征,2017-01-10 12:05:23,-5,5,10,很亲切，光老师人很好。
52727,2342,俞征,2017-06-22 10:17:14,7,9,2,不懂老师的审美
52738,2342,俞征,2017-06-22 11:19:27,-1,10,11,其实还是要靠之前的基础，如果之前有素描基础的话，得分就是比别人要高，另外对于结构和形体理解到位，就算基础不好，分也不会太低。所以……最终分数和老师教的关系不大。老师人还是很好的呀，夏天写生看我们热还给我们买饮料喝orz ，而且有什么问题都会及时回答。
54509,2342,俞征,2017-06-29 12:51:11,8,13,5,人好给分差
58597,2342,俞征,2017-09-08 03:24:52,4,15,11,很松很松的老师 \n\n虽然给我的绩点创了新低，但是人真的巨好     园林养老派代表人物\n\n和某位令人头皮发麻的老师真是形成鲜明对比
58598,2342,俞征,2017-09-08 03:28:42,-2,6,8,说真的挺好的，是园林老师中的清流
59009,2342,俞征,2018-01-06 21:26:25,35,40,5,不教东西 以前基础差就是火葬场?\n\n真的搞不懂大学里面专业课都是这样什么也不教的吗？我一个没学过素描的人过来这种专业，素描基础什么的都不教就拉出去写生？然后不告诉你该怎么画最后绩点低得要死轻飘飘一句“要多练”，算我求你的，告诉我怎么练好吗？wqnmlgb
59308,2342,俞征,2017-09-20 18:24:28,3,5,2,还以为慢慢走出在看到均绩和自己成绩后的绝望了，不知道这种努力刷分转头空的迷茫是源于哪处，真是当头一棒，准备好好想想到底来这里干什么以后怎么办。\n\n
60017,2342,俞征,2017-10-03 14:36:01,5,7,2,真的无语 什么都不教 上课就是放羊 基础差别想拿高分
64213,2342,俞征,2017-12-21 14:14:36,4,7,3,落魄艺术家，不像老师
78411,2342,俞征,2018-05-11 11:56:51,4,7,3,不想多吐槽了，心善的同时不近人情
78412,2342,俞征,2018-05-11 11:58:17,-4,6,10,我觉得他教得很好啊\n\n素描这种课本来就是要自己多联系的啊……
78419,2342,俞征,2018-05-11 13:01:47,5,8,3,上课不教 画不好怪你自己 给分不好必须憋着
78587,2342,俞征,2018-05-13 13:24:39,27,36,9,为什么不能打0分？垃圾，老师中的败类，极其不负责任。上课随意，学不到东西，浪费时间。没有本事却自视甚高，觉得画得细腻的都是给死人画像，没有一点包容气度。
78592,2342,俞征,2018-05-13 15:10:27,-2,3,5,真的很好的老师，你们试试就知道
78593,2342,俞征,2018-05-13 15:10:28,0,3,3,你们随意感受一下，呵呵
78594,2342,俞征,2018-05-13 15:10:29,2,3,1,呵呵呵
78595,2342,俞征,2018-05-13 15:10:40,6,8,2,自己去上上就知道了…呵呵…
78596,2342,俞征,2018-05-13 15:10:48,3,5,2,老师也太差了吧
78597,2342,俞征,2018-05-13 15:10:50,2,4,2,买挂吗
78599,2342,俞征,2018-05-13 15:54:05,0,1,1,呵呵哒
86062,2342,俞征,2018-09-02 11:18:27,1,5,4,我喜欢他 问他就能学到东西 或多或少 不接受反驳
96453,2342,俞征,2019-01-21 04:10:21,1,3,2,建议基础好的同学去 老师其实人挺好的
102987,2342,俞征,2019-02-25 08:23:51,0,2,2,给台湾交换生补选，不给其他专业学生补选。
106324,2342,俞征,2019-04-26 10:30:43,1,2,1,什么东西都教不出来……
111057,2342,俞征,2019-06-29 11:34:20,2,4,2,不讲课、不范画、不点名，上课就是自学。有同学找他请假，答曰：你们只要不忘初心就好！\n\n\n\n唉，只希望“不忘初心”这个梗能在浙大园林永世流传。
113979,2342,俞征,2019-07-08 05:38:47,4,9,5,说俞老师给分不好的上周姓老师的课试试？
113980,2342,俞征,2019-07-08 05:39:59,-2,2,4,佛，不教，但给分好
116531,2342,俞征,2019-09-11 06:23:28,1,4,3,为什么没有零分啊。被打分恶心到了
122934,2342,俞征,2020-04-22 12:04:58,4,6,2,怎么说...给分迷
122984,2342,俞征,2020-04-27 11:50:47,1,3,2,老师挺好的吧
124671,2342,俞征,2020-07-05 16:05:46,3,7,4,跟周老师相比，俞老师简直好到不行了好吧=_=
124840,2342,俞征,2020-07-12 04:13:46,5,11,6,想给俞老师拉高一下分数，虽然也不怎么教但至少教的还是比周老师多吧。至少还给我们范画，这让上完周老师课的我已经非常非常感动了。
124865,2342,俞征,2020-07-14 02:14:15,1,2,1,挺佛系的
124898,2342,俞征,2020-07-16 06:14:14,2,3,1,幸福是比较出来的
125269,2342,俞征,2020-09-05 05:56:36,1,2,1,很佛系
125378,2342,俞征,2020-09-08 01:51:46,3,4,1,似乎喜欢卡绩
134035,2342,俞征,2021-03-13 04:06:42,11,20,9,之前有很多同学说了一些贬低老师的言论，我在这里只客观评价。我是有几年素描功底的。俞老师的教法和画室里的老师基本没区别，都是让你自己去画然后给你点评，说不范画的也不能全怪老师，学习这东西本来就要主动，你要主动去向老师寻求帮助，老师就会来范画，你不主动的话老师一节课最多就给你一次点评（要是坐在角落里甚至没点评）。这种教学方式是画室最常见的教学方式，老师以前学画也是从画室走出来的，所以这么教也很正常。但客观评价放羊式教学不如理论课+实践课的教学模式。所以想有所提高的同学建议买结构素描书练练（十几块薄薄的那种就行）最好不要临摹百度上的图片，因为不系统。理论的话最好上b站找找（有很多良心UP主）素描这东西理论知识不太多，重在实践。进步的基础建立在肌肉记忆的强化上，说得难听点就算老师很用心的教你了，你不多画还是进步不了。你说八次课想速成确实不现实，但凡是画画的东西都很难速成（天才除外）说对基础差的同学不公平的同学最好摆正心态，你不能指望每一门课的同学起点都是相同的（素描课也一样）。你可能会抱怨基础差学不好，那你怎么不抱怨大英课上英语基础比你好的同学呢？笨鸟就是要先飞，多飞不是吗？最后总结一下，这门课想学好第一要上网补一下理论知识（这个过程不会太久，要有信心，把起形方式，怎么铺调子，一二三点透视学一下就足够支撑起你的整个画面了）第二，多练，带脑子练别瞎画，把理论的东西运用到时间里去，带脑子画会让你进步地更快。相信努力的人都会拿到好成绩。话可能说得有点冲，但希望能帮助到小白们，顶上去让基础差的同学看到！
134939,2342,俞征,2021-04-24 05:18:36,7,8,1,老师还是凭借一己之力磨灭我对素描的大部分热情
135100,2342,俞征,2021-04-30 09:27:22,2,5,3,挺好的，但是要主动
135101,2342,俞征,2021-04-30 09:36:34,9,12,3,之前学了很久的素描，最后交的作业也不错，最后就落得个3.6的绩点。一个从来没学过素描的画的也一般绩点都比我高很多。\n\n行啊，我认了。
135102,2342,俞征,2021-04-30 09:32:22,2,4,2,老艺术家的感觉
135103,2342,俞征,2021-04-30 09:53:05,-8,3,11,老师其实挺好的，而且有点小幽默，课上没有很多限制，毕竟画一天人都会累，我有一点点基础，感觉其实老师没有评价里写的那么……，练习素描的过程本就比较枯燥，需要真的去好好找形，你只要主动多问问老师就好了。
135105,2342,俞征,2021-04-30 09:41:22,3,4,1,被绩杀…无语了，白瞎了之前的基础
135107,2342,俞征,2021-04-30 10:22:24,7,10,3,老师是典型的外冷内热，之前为了给大家争取绘画空间，四处找人反映。我绘画基础不好，但上课还是比较认真的，平时每周回去都会画一幅画上课的时候带给老师点评，最后我感觉自己的考核作业画的并不是很好，但老师还是给了我不错的分数。感觉这个主要还是看个人态度吧，老师有关系但并不是决定性的。
135134,2342,俞征,2021-05-03 03:36:29,16,16,0,教学安排不合理。\n\n画完几何体之后，直接上手画石膏人像写生，讲真中间不用画静物过渡一下吗？而且前几节课都是几何体第六节课突然就画人像了，关键是大家都不知道要怎么办，然后就硬画，硬画。\n\n那素描一画石膏人像了素描二要干嘛？
135452,2342,俞征,2021-05-11 02:32:05,-10,5,15,底下那个3.6的没必要吧。自己上课不去还怪老师给分不好？学过素描就能画好？那大家都上高中咋不都去北大？自己去画的啥样自己没点b数？怪老师？
135472,2342,俞征,2021-05-11 05:27:14,5,5,0,不教
135858,2342,俞征,2021-05-30 03:59:18,8,11,3,？楼下又知道别人不去上课？？还人人都上高中咋不上北大？你逻辑挺强呗，那人人都吃饭你咋不长姚明那么高啊？？\n\n笑死，学画这种东西学生还不能觉得老师教得不好吗？（虽然也没看见他教了什么）...\n\n也不是没人去问他，给他看画，我也没看到那些同学最后几点很好啊...\n\n必修课开在这里，要么让学生学到东西，要么不要考核那么死，让大家对设计还有点兴趣...\n\n刚选完专业上来就整这么一出，不教什么有用的东西就算了，还搁这儿大跃进，明明画石膏人像就很难，也没有技术指导打分也不考虑大家初学者的水平，上完课大半个班都不想搞设计不想学画，所以这门课的意义是什么？？\n\n早日让我们认清自己是垃圾？？\n\n笑死，明明大家有正常的课程都可以好好学素描然后能力慢慢提上来的，这种打压式的课程安排还不许学生说😅？
135931,2342,俞征,2021-06-03 15:15:36,8,9,1,俞老师是养老派人物，师傅领进门，修行靠个人，佛人\n\n其实最主要是课表安排不合理，课太满，周末画一整天，如果一学期就15学分的话，素描自己80%自学，然后20%看老师在画室，还说的过去
138293,2342,俞征,2021-07-08 11:12:07,6,7,1,7.9小学期开课\n\n\n\n7.8下午18.55通知要准备细铁丝黑卡纸。。。\n\n😅😅😅
138379,2342,俞征,2021-07-08 23:32:18,1,3,2,上课前一天晚上通知大家网购材料。。前一天晚上。。网购。。
138389,2342,俞征,2021-07-09 01:12:25,6,9,3,看到大家都在骂我就满意了😅…\n\n不会上可以不上…
138394,2342,俞征,2021-07-09 01:56:08,9,10,1,不备课，上课像脚踩西瓜皮滑到那里是哪里，暑学期上课不过一小时就有同学直接离课。。。
152071,2342,俞征,2022-03-25 01:45:20,4,5,1,喜欢听俞老师上课讲艺术
152908,2342,俞征,2022-04-21 13:22:42,2,3,1,。。。
152979,2342,俞征,2022-04-23 03:11:35,0,2,2,点评很耐心
154744,2342,俞征,2022-06-04 12:42:25,6,6,0,上课自学
158673,2342,俞征,2022-07-01 08:16:19,5,5,0,很不负责
196001,2342,俞征,2024-07-01 05:35:52,8,8,0,懒得喷
196005,2342,俞征,2024-07-01 05:55:43,6,6,0,你无敌了
196171,2342,俞征,2024-07-02 03:28:53,4,4,0,转人工
196466,2342,俞征,2024-07-03 14:17:31,2,2,0,懒得喷
196467,2342,俞征,2024-07-03 14:17:53,1,1,0,人之机也
202074,2342,俞征,2024-11-10 01:30:04,1,1,0,啥都学不到，给分看天，和花的精力不成正比
221861,2342,俞征,2025-06-29 10:29:37,1,1,0,老师人挺好\n\n虽然不统一教 但是会下来转 指导一下
221882,2342,俞征,2025-06-27 05:53:28,1,1,0,。。。
39511,2502,汪自强,2016-12-23 11:31:16,1,1,0,逗逗逗
42804,2502,汪自强,2017-01-15 07:42:58,4,4,0,扎根偏远乡镇，把论文写到田间地头，为农民义务讲课
42806,2502,汪自强,2017-01-15 07:53:14,0,0,0,是名字
42880,2502,汪自强,2017-01-15 10:40:07,3,3,0,思修考到的老师，好赞！
94176,2502,汪自强,2019-01-15 12:30:17,0,0,0,思修来的 给老师评十分\n\n那个点不点名是我乱写的【手动狗头
16083,2523,胡晋,2016-01-17 07:00:14,1,1,0,老师心理素质太好了！！！上课很仔细啊！管你学生只有一两个听，照常讲的京津有味！
67825,2523,胡晋,2018-01-22 07:58:09,0,0,0,听课想睡觉，实验课也是
4276,2530,甘银波,2015-06-18 13:48:59,35,54,19,高水平sci论文有一个很炫酷的名字其实是一门极其无聊的课。。。。。。
21378,2530,甘银波,2016-02-28 11:01:06,1,2,1,………
24962,2530,甘银波,2016-05-04 13:20:52,0,5,5,interesting
25493,2530,甘银波,2016-05-23 12:23:39,7,12,5,csi论文念PPT，听到头疼
26623,2530,甘银波,2016-06-20 11:50:15,2,6,4,巨坑，麻烦。
28552,2530,甘银波,2016-06-28 10:04:27,1,4,3,sci就不要想趣味性了，想实用性吧。
28955,2530,甘银波,2016-06-29 04:20:32,7,9,2,无聊的课\n\n
29165,2530,甘银波,2016-06-29 10:17:06,5,7,2,超级无聊。。。给分巨坑。。。完全按照屁屁踢念。。。关键是给分太特么低了
35072,2530,甘银波,2016-11-01 10:36:25,8,9,1,无聊透顶……除了念PPT 啥都不会了
36735,2530,甘银波,2016-11-18 05:40:35,4,9,5,有点无聊，不过还是有很大收获。学会利用学校资源。
37215,2530,甘银波,2016-11-18 02:37:51,1,1,0,ಠ_ಠ
37656,2530,甘银波,2016-11-20 03:27:09,4,7,3,大部分时间是自己写别的作业，主要原因是有用的东西太少，但是学到的特别有用，给分还不错
39102,2530,甘银波,2016-12-21 07:25:57,3,5,2,全程念ppt 给分令人不服
49556,2530,甘银波,2017-04-18 10:26:51,18,20,2,憨而不蠢，迟而不钝
49557,2530,甘银波,2017-04-18 10:46:59,3,3,0,智障课
49558,2530,甘银波,2017-04-18 11:09:41,2,5,3,很无聊。。。只念PPT，真的不建议选，对写非sci论文帮助极小，给分、考察简直是玄学
49559,2530,甘银波,2017-04-18 11:10:05,1,4,3,让人丧失上所有通识课的期望。
50496,2530,甘银波,2017-05-09 02:22:08,1,3,2,ヽ(￣д￣;)ノ=3=3=3
50605,2530,甘银波,2017-05-04 00:24:03,3,4,1,不喜欢，给分坑，还是按照自己兴趣选，不要为了绩点选课
74929,2530,甘银波,2018-03-06 13:04:27,5,7,2,巨水，巨无聊，上课一直在读ppt，啰嗦得很。期末论文小组合作汉译英，整个课程对论文写作并没有多大帮助。
75430,2530,甘银波,2018-03-12 01:28:09,1,4,3,一句话就是，不要选
77808,2530,甘银波,2018-05-08 02:24:13,1,4,3,给分无语
77828,2530,甘银波,2018-05-08 04:19:55,20,34,14,我有点难以理解老师只有5分，也许我这么说要被踩。个人觉得老师本人还不错，如果了解老师的履历以及发表的论文，可以知道老师在专业方面还是相当厉害的。上课也笑眯眯的，照顾各种专业的同学。至于课程，确实比较无聊，老师平时也不上其它本科课程，在这方面教学并不精通。收获也有一些，尤其是外文文献检索方面与格式布局，但更多的时候收获相对较少。课上也可以做别的事，是不需要恶竞发言以及展示打分的研讨课。关于给分，这门新生研讨课人数少，大家差距也不大，一不小心就容易被正态掉。所以给选这门课又担心绩点的同学的建议就是作业(一共三次，两小一大)务必认真超认真地做吧。
77905,2530,甘银波,2018-05-08 12:26:44,12,20,8,课比较水，老师还是很不错的，上课很温柔，作业也很轻松。课程内容少，课上只要不睡觉可以干其他事情，最后展示课老师给的建议很到位，给分好，值得上一上!
104170,2530,甘银波,2019-09-03 12:52:50,-126,2,128,差评，给4.5拉低我均绩
106844,2530,甘银波,2019-04-30 04:27:33,-2,1,3,打分挺客观，认真对待每次作业，高分是可以拿到的。
106932,2530,甘银波,2019-04-30 10:01:11,-1,0,1,有用的
119079,2530,甘银波,2019-11-10 05:11:27,5,6,1,只要不睡着就满绩。。。。。。。。。。。。。。。。。。。。。。。。。。。。。。。。。。。。。。。。。。。。。。。。。。。。。。。。。。。。。。。。。。。。。。。。。。。。。。。。。。。。。。。。。。所以很少人满绩
119612,2530,甘银波,2019-11-14 06:29:17,2,2,0,老师人很好，作业难度也不大，课程本身问题比较水，但老师讲的很好，作业内容很实用
119923,2530,甘银波,2019-11-17 00:59:47,1,3,2,学到很多东西，老师人很好，这个科技论文题材学了以后啥史纲新材料论文都是小case。\n\n但给分确实不服，神特么3.0，给9，扣一分吧
119997,2530,甘银波,2019-11-17 04:01:40,4,4,0,高水平sci有点水，分也不高，最好别选
120146,2530,甘银波,2019-11-18 00:12:52,0,0,0,其实老师的均绩还算高，但课堂是有点无聊，选上课的小伙伴别的可以不听，展示课一定要认真听。
123444,2530,甘银波,2020-06-09 03:24:20,-3,0,3,还不错，虽然上课内容并不是那么有用
127922,2530,甘银波,2020-11-30 10:03:46,-4,1,5,上课收获非常多！小测就背一下最基本的概念就行，内容不多且有用且明确。给分，属于，努力就能拿分，而且不靠卷，靠是否有追求完美精雕细刻的心，任务量是有限的！！卷不起来！！除非完全水过去。我拿到绩点还是很不错的，我的队友更是拿到了4.8
135280,2530,甘银波,2021-05-07 12:53:47,-3,1,4,老师对这门课的考察认真态度就是“如何撰写高水平SCI论文”这一问题的最好回答\n\n\n\n不需要卷，但一定要认真对待这门课老师布置的每一项作业，老师改你作业小测都会很仔细\n\n\n\n绩点方面4.5+还是有难度的
135710,2530,甘银波,2021-05-20 07:48:34,35,41,6,怎么说呢，我的绩点是3.3 ，我根据录播课整理出了很详细的笔记，最后我钉钉联系老师为什么绩点这么低，他和我说，他的论文我只找了45篇，我提供了66篇的论文的截图和同学聊天记录和web of science 的搜索记录，他钉钉看了我的这些东西就不回复了。只能说绩点什么的全是老师主观给分的，最好上课表现得认真点，不要学我课后整理笔记，但是明确地说，直播课的笔记更好整理，上课来不及摘的。说什么通过什么东西把你们的能力等等区分开来都是他瞎说的，完全主观给分。如果你有努力学的想法，不希望大量的付出没有回报的话，慎选！我很难受，因为绩点这样，试问：又有几个人会为一门通识课课后整理笔记？之后联系老师，看了提供的搜索记录他就不回我了。我可以区教务处告吗？有知道付出基本没回报有多难受吗？？？
139898,2530,甘银波,2021-08-13 12:27:12,0,0,0,差评。
141459,2530,甘银波,2021-10-10 04:44:18,0,0,0,反正很不好。
161030,2530,甘银波,2022-10-24 09:46:28,0,0,0,为什么交作业不能在学在浙大上交啊，非要打印？真的很麻烦。最后的翻译作业对论文撰写的作用也不大吧。反正作业布置很令人无语。而且上课的时候感觉有点口齿不清，很喜欢用并不标准的英文。
161257,2530,甘银波,2022-11-03 02:21:54,1,1,0,真的服了，，事多，上课根本听不清，还不开麦，但是最后大作业还好，会讲解
161263,2530,甘银波,2022-11-02 13:19:15,0,0,0,没毛病
161264,2530,甘银波,2022-11-02 13:21:08,0,1,1,今年科技论文写作与规范没正态，老师特意让作业不符合要求的修改后重新交，取好的记分，必须满分
161398,2530,甘银波,2022-11-06 02:45:52,0,0,0,甘老师人超级好，上课总是笑眯眯的，七节课的sci论文写作收获不少（虽然作业也不少），但是课程形式还是有些单调，对sci不感兴趣的慎选
161559,2530,甘银波,2022-11-09 04:22:20,1,1,0,讲课还可以，就是有点听不清。作业巨麻烦，但是收获很多。终期我交的报告中文版老师说没看见，让我补交一份，心累。
162003,2530,甘银波,2022-11-16 02:24:23,0,0,0,4.8\n\n上课从来不听 用小聪明节约了时间 这个绩点我已经很满意了 性价比挺高的通识
162009,2530,甘银波,2022-11-16 03:01:54,0,0,0,上课很认真，但是有点自顾自了，感觉我们什么都会，所以布置作业就有点随意，上课认真听可以学到不少东西，但是表示听不进去，比数分还痛苦。原因：听不清楚，照本宣科，纯讲概念。简言之，人是好老师，适合搞科研，只是这门课如何教如何给绩点都值得考虑。本人绩点3.9，卡绩85，课余开过小组两三次会，每次由于布置作业问题而效率低下（也可能是我自身能力问题），考试偏简单但是闭卷，但是又有考试又有大作业，太忙了。
162055,2530,甘银波,2022-11-17 11:08:39,1,1,0,给分不错，事情也不多，老师人很好，课程有点水，推荐的博雅
162082,2530,甘银波,2022-11-16 14:55:14,1,1,0,课程确实和名字一样无聊，毕竟规范什么的本身就很硬核，但认真学真的能学到东西，而且老师很和蔼，研究水平也很高，上课会鼓励发言（有就行不鹅颈），虽然有些口音，不过莫名有些可爱（？）\n\n课程占比小测25分（就一次但是是闭卷）和论文翻译50分占大头，小测多看几遍ppt基本能写出来，也不会太难，翻译小组完成，争取早做完，展示的时候老师会耐心帮忙改。有两次小作业，都很水，10分钟内基本能搞定\n\n上课基本没认真听不过期末被老师捞上4了，还是很感谢老师的，感觉老师评分有点偏低了，如果想水也是可以报的，上课签到占分，但上课挺自由的可以摸鱼\n\n附上这次小测的题目：三大科技文献检索系统是什么（中午全称，英文缩写，英文全称），论文主要结构几个部分以及各部分时态，IMRD结构是什么意思，致谢包括哪几部分内容。（具体记不太清不过大概是这样）
162416,2530,甘银波,2022-11-22 03:07:15,0,0,0,甘老师上课有点无聊\n\n 有一次小测 要注意不要把PPT全部整理一遍那样肯定来不及的 建议找重点记背 尤其是几个index的全名 论文几个部分的英文名称\n\n最后作业是小组合作汉译英 老师比较注意格式 就是字体大小和表头位置之类的 所以具体的英文翻译部分不用太过担心
163400,2530,甘银波,2022-12-14 08:20:56,0,0,0,给分还行，不吹不黑
163465,2530,甘银波,2022-12-14 11:35:24,3,3,0,注意！北方的同学选甘老师的课要稍微注意一下，甘老师有口音！！！不严重，也就是说能听懂但听着绝对不会轻松愉快。\n\n上课的内容挺硬的挺有用的，但是说实话，很多都是念PPT，所以上课划划水也行。老师应该算比较传统的那种？上课需要自己组小组，然后小组坐在一起，座位似乎也相对固定。（我们组甚至因为每节课都集体抱着电脑划水被盯上了）\n\n我是上课划水了，小测占总评25分看PPT补天硬补了24。每节课必签到，有几次作业，作业会有一堆小要求，需要每一样都做到才会有比较高的作业分数。\n\n（个人感觉小测会 很 大 程 度 上影响老师判大作业的印象，所以小测实际上的占分可能远大于25，要不然很难解释为什么我这种大水怪能拿自己感觉高的不可思议的绩点）
163525,2530,甘银波,2022-12-15 01:28:51,-6,0,6,上的科技论文写作与规范。很水的一门通识，给分也不错，但是卡绩（91…），主要就是三次小作业的要求仔细听，闭卷小测前好好复习，最后的翻译的论文格式认真听一下，还想拿高一点就上课做前面一点，积极回答老师，可以加一两分。
163803,2530,甘银波,2022-12-16 06:46:26,-1,0,1,老师讲课有口音，想认真学东西的可能会听的有点难受，但是内容是实打实的硬核。他主要是教一些写作的规范和技巧，课堂觉得无聊也可以划水，但是作业和展示课认真完成就OK。老师人很好，就算作业有问题也可以让你补交，作业也大都很简单，五分钟的事。只要认真完成最后的论文和小测就有很高的绩点
164427,2530,甘银波,2022-12-21 02:49:09,0,0,0,老师课确实挺无聊的 但是可以学到论文的一些知识 给分也挺好的
165234,2530,甘银波,2022-12-30 11:19:00,0,0,0,老师是好老师，没咋听过课，但是作业还是可以完成的，最后几堂课讲的很详细。我觉得老师是个有趣的人，年轻的时候应该意气风发。
165761,2530,甘银波,2023-01-09 14:29:23,3,4,1,通识课的科技论文写作规范\n\n可以学到很多也可以选择水过去的课程。说真的老师上课挺多干货的，但是我个人没听多少。几次小测稍微准备了一下，作业按要求做了（二十分钟内一定做得完），就听了最后两节展示课，最终成绩93。\n\n老师人还是很好的，有问题都会热心指导，作业做错了也会指出来允许补交修正，最后评分前会提前告知作业和小测的情况。就是上课有点口音，中英文混杂的时候可以说完全听不懂的状态T T（当然也可能是我英语水平不够
166941,2530,甘银波,2023-01-14 09:59:43,-1,0,1,在老师带有口音地读一节课PPT的课堂上如果不开小差很难不昏昏欲睡...小组合作翻译论文的作业我觉得是比较烦的，可是你的绩点却主要取决于这玩意...而且好像每节课之后都会给留一些作业，有时候布置的还不是特别清楚让人云里雾里，还有闭卷小测。虽然老师确实有水平，也想让你学到一些东西，但是这门课的感觉确实挺一般的
172430,2530,甘银波,2023-04-27 01:21:44,1,1,0,还不错
172432,2530,甘银波,2023-04-27 01:38:35,7,7,0,恕我直言，甘老师学术水平这么高，能给我们啥也不懂的本科生开这门课实在很难得。这种课本来就是硬课，里面干货很多，可能趣味性也会差一点；老师是资深编委，他传授的那些经验也许我们现在还不懂，但以后会很有用。老师人很好，虽然讲课有点无聊，也不怎么看钉钉，但是你当面问问题他肯定会微笑着回答，很想和同学互动，无奈同学们大多都不听课。。。
172444,2530,甘银波,2023-04-27 03:09:55,0,0,0,很好的老师，点赞！
173906,2530,甘银波,2023-06-04 09:24:07,1,1,0,老师人很好，会回答我们问题，而且作业也很轻松，给分较为不错，我不知道为什么评分这么低，但是我真的觉得老师很值得，最后一次去交作业的时候，我真的觉得老师很可爱，很难过就这样结课了
182534,2530,甘银波,2023-11-17 07:45:02,1,1,0,老师人挺好的，赞
182806,2530,甘银波,2023-11-20 09:52:28,0,0,0,好老师，认真负责，就是有点口音。
182807,2530,甘银波,2023-11-20 09:52:26,0,0,0,好老师，认真负责，就是有点口音。
182849,2530,甘银波,2023-11-20 15:25:25,0,0,0,好好好
182953,2530,甘银波,2023-11-21 08:08:08,4,4,0,课本身挺无聊的，可以每节课签个到就走。不过事少分高！结课作业是翻译论文，这点薄纱大部分通识。老师也很好说话很可爱啊哈哈哈哈～
190617,2530,甘银波,2024-03-12 01:45:15,2,2,0,没有论文也没有期末考，但过程实在算不上幸福，前前后后的修改真的很痛苦，简要可以概括为事多但分高
191125,2530,甘银波,2024-04-06 14:47:17,0,0,0,口音好重......
191316,2530,甘银波,2024-04-17 13:42:05,10,10,0,写在2024年春学期结课：还没有出分，但我想说，甘老师值得10分，上他的科技论文写作是真能学到不少东西（特别是对于我这种以前从未接触过科技论文的小白），非常认真负责。他自己也是知名科技期刊的编委，很专业了。平常会有些杂七杂八的小作业，最后的论文翻译也要用心抠格式。最后一堂课，他走的时候给还留在教室里上自习的同学和蔼地说再见，大家自发地鼓起掌来…无论给分如何，都不妨碍我认为他是个好老师。
191527,2530,甘银波,2024-04-24 08:42:35,1,1,0,老师非常和蔼，课程感觉没有想象中的枯燥，总体来说还是能学到不少干货的。
191789,2530,甘银波,2024-04-30 07:18:02,3,3,0,上甘老师的科技论文课，三次小作业一次小测一次大作业翻译论文，其实我感觉事不是很多，这些小作业能真正让我们学到东西，选这门课就是想学到科技论文格式及发布等，最后也达成了自己目标。老师人很好，有不懂的直接问老师就好。
191849,2530,甘银波,2024-05-02 03:54:57,1,1,0,以扣分的各种理由，去要求我做一些没道理的事情，也算很常见吧...
191863,2530,甘银波,2024-05-02 08:41:00,-2,0,2,首先是讲课方面，内容基本上就是ppt的内容，有点口音，感觉经常听不清楚。其次是互动方面，虽然没有强制点名回答问题，但他特别在意趴在桌子上这件事情，不管是你身体不舒服还是怎么样，一律判断为你在睡觉，直接扣平时分。最后是作业方面，虽然是一个短学期的课程，但事情超级的多。会有一个小测，有三次作业，还有期末的一篇论文翻译，且老师有时候说不清楚作业的要求是什么。动不动就是“这个我之前也说过了，你这样就直接扣分了”。而且我被卡绩。但从收获上来说，这门课还是有一些收获的，对论文的结构、体系、投递、检索等都有了认知。
198753,2530,甘银波,2024-09-11 10:24:13,0,0,0,py交易
199278,2530,甘银波,2024-09-20 09:34:45,2,2,0,虽然反反复复修改翻译有点红温，不过最后给分很不错，而且干货多，对看论文还是很有帮助的
200849,2530,甘银波,2024-11-20 00:10:30,-2,0,2,事情很多 有三次作业 基本每次上课都点名 最后小组合作翻译论文 改格式 给我改的很烦 总之觉得分数配不上我花的时间 但是给分还是可以的
201382,2530,甘银波,2024-11-01 09:47:16,2,2,0,我是课程“科技论文写作与规范”的学生。\n\n先说老师吧，感觉老师人还是挺好的，没有见过他失态或者发脾气，气质上还是挺好的。确实有口音，但是认真听讲的话对于理解影响是不大的(或者几乎没有)。\n\n再说说课程，课上我还是学了很多东西的：国际三大检索系统，科技论文的构成部分(作用，撰写注意事项)，如何从零开始写一篇科技论文(选题.....，最终投稿，修稿，直到投稿成功)，如何查询论文，数据库比如Web of Science等等。对于有志科研的人来说，还是很适合作为入门课程的。\n\n再说说作业，三次小作业前两次是比较简单的，看PPT就能做(老师会把PPT发钉钉群里)。第三次稍微难一点，涉及到了论文检索，讲真我也没底。不过整体上还不是很难，就是可能拿不满第三次作业的作业分(估计最多扣1～2分吧？)。\n\n平时有一次小测，内容不难，复习看PPT重点即可，考的不偏。老师会捞一下的(但还是要好好学习，不会捞太多)。\n\n小组作业是翻译论文，人均翻译3页，工作量会有一些，不过时间还算宽裕。会有小组展示(不计分)，期末作业就是这个论文，在小组展示后修改。确实会有很多规范(标准)，不过我觉得还是比较合理的。因为是让我们去体验一下写论文的感觉。有难度，但是也能接受。工作量其实不是特别大了，因为主体部分(翻译)之前已经好了。
201592,2530,甘银波,2024-11-04 14:54:11,4,4,0,我今年大三了，上这个课已经是两年前。前段时间专业课有一个展示，用到了几篇英文文献，当我打开web of science，登陆两年前注册的账号，还算轻松地找到想要的文章的时候，没来由地想起了很久以前的某个周末下午——第一次打开这些检索网站，为了完成这门课的作业不停地搜索截图，心里想着怎么这么麻烦。\n\n总有人说没用，可我想应该有用，而且我还在用。
202760,2530,甘银波,2024-11-14 07:46:24,1,1,0,老师真的很不错，教的东西都是我们实实在在能用到的，给分也比较公正，不过这门课作业比较多，可以在有空的时候选
211792,2530,甘银波,2025-01-12 12:31:24,0,0,0,口音很重影响听课，事情较多但有收获，给分不错。
16084,2532,王学德,2016-01-17 07:02:09,-2,0,2,给分跪了
92967,2537,汪俏梅,2019-01-06 11:42:51,0,0,0,好得很！
92968,2537,汪俏梅,2019-01-06 11:43:07,0,0,0,不满绩是你自己的错
92969,2537,汪俏梅,2019-01-06 11:43:14,0,0,0,不满绩是你的错
52130,2562,樊龙江,2017-06-15 03:57:16,-13,4,17,讲课有趣
63862,2562,樊龙江,2017-12-18 03:19:54,4,5,1,辣鸡老师，讲的不好，要求还贼多
67826,2562,樊龙江,2018-01-22 07:58:52,12,16,4,讲的不怎么样，还非要装的讲的很好，态度也很差
80382,2562,樊龙江,2018-06-26 01:29:43,4,5,1,要不是没有选择就不会上这门课，老师可能就是领导本人了，呵呵。
83530,2562,樊龙江,2018-07-10 13:50:37,2,4,2,辣鸡老师，态度还不咋地
112968,2562,樊龙江,2019-07-05 16:28:04,5,6,1,讲课烂，事情多，给分不好
118764,2562,樊龙江,2019-10-31 14:36:52,2,4,2,就是他让我对生信彻底失去信心
119779,2562,樊龙江,2019-11-15 22:53:30,1,3,2,每节课都要小测 事情多 给分差 给分极其差！！！！！
157328,2562,樊龙江,2022-06-23 03:39:55,-1,2,3,老师给分不错，讲的也挺好的
174240,2562,樊龙江,2023-06-08 06:16:31,1,2,1,讲课超差，总是结结巴巴的讲不清楚，但是老师自己似乎觉得讲得很清楚，而且也没有平时分，PPT做得也很差，有些句子都没有主语直接出现。而且大作业最后才布置，根本不考虑学生的感受。
199588,2562,樊龙江,2024-09-26 02:26:55,0,0,0,感觉有点mean。
201684,2562,樊龙江,2024-11-05 11:05:30,1,1,0,课是不会讲的，说的最多的字是“额”的，废话是特别多的，要求是非常严格的
57397,2570,施祖华,2017-07-07 08:14:27,0,0,0,生物防治  讲课还可以  考试太坑 给分特别差  千万别选
79162,2570,施祖华,2018-05-25 02:09:19,0,0,0,今天呢…额…没有作业
53136,2598,郭得平,2017-06-26 04:10:25,2,7,5,植物激素就点名＋论文，没考试，因此上课不用听。一直在强调不要开电脑不要玩手机然而还是很多同学开了。给分很好的，只要点到每次都去，论文嘛……
175346,2598,郭得平,2023-06-24 06:08:21,0,0,0,给分好像一般般，上课比较无聊，认真听的话可能也会有收获
36965,2605,叶庆富,2016-11-17 00:07:36,1,2,1,千万别选
59087,2641,陈学新,2017-09-19 11:18:59,0,2,2,～～～
107312,2641,陈学新,2019-05-03 12:10:24,0,0,0,老师给分怎么样啊
129123,2641,陈学新,2020-12-30 08:04:27,0,0,0,好老师！爱了
141670,2641,陈学新,2021-10-19 10:40:32,3,4,1,差不多得了😅
147515,2641,陈学新,2022-01-10 06:26:10,-1,0,1,三十年，他们专注蔬菜害虫的天敌研究\n\nhttps://mp.weixin.qq.com/s/-o4dOhlE073Vqte--Yf00Q
154795,2641,陈学新,2022-06-05 12:29:49,0,0,0,生态农业，分组随意...
158021,2641,陈学新,2022-06-26 08:46:50,-14,1,15,生态农业，课水，给分好
173004,2641,陈学新,2023-05-11 06:03:34,5,6,1,每周都有一次大展示。。。无语。。提意见还被回“因为你已经适应上完课、没有课后作业的习惯”“所以有门课让你经历一下，也是很好的经历”🥳🥳🥳🥳
173010,2641,陈学新,2023-05-11 14:04:36,5,5,0,我不知道楼下的朋友是经历了什么才能说出“生态农业课水”\n\n根据目前的情况，他安排所有老师单独评价，每位老师（每一周）都需要展示+文章（可能是论文、心得、小测）来评定成绩。本学期抛开五一假期一共7周\n\n在群里提出希望改进的时候，甚至说让我们“锻炼锻炼”\n\n\n\n植保人快逃吧，外专业不要想不开，神农人你们的抗争才刚刚开始
174627,2641,陈学新,2023-06-15 00:19:45,3,3,0,全世界最爱点名的老师
177734,2641,陈学新,2023-07-04 14:00:18,6,7,1,生态农业安排的一塌糊涂，学在浙大任务布置到去年的班里，头一天外出实践，第二天没通知就要展示？倒数第二节课直接教学事故。\n\n 这门课每个老师负责一部分，单独评价，每周一个展示，一次外出实践，期末小组写报告。\n\n 感觉院长同志更适合带科研，教学不敢恭维，讲的内容很生硬干瘪，表达也单一枯燥“中国几千年就有xx，比西方早了xx年”重复了一节课
178581,2641,陈学新,2023-07-15 08:08:54,3,3,0,很爱点名，生态农业慎选！！！
219047,2641,陈学新,2025-05-20 02:35:10,0,0,0,生态农业课水给分好，强推
232,2649,张帆,2015-03-14 17:14:48,0,17,17,上课很有收获～老师人也超级棒！^ _ ^
4371,2649,张帆,2015-06-19 15:07:03,0,12,12,挺好的，很有个性的老师。
4760,2649,张帆,2015-06-27 15:32:17,29,46,17,虽然表面上看起来很厉害，但是实际上，上课收获并不大。。。而且事情多，要求多。。。。
7155,2649,张帆,2015-09-08 17:03:15,-1,7,8,讲课内容一般，如果真的思考了会有收获，职规书好好写给分不会差的。
13246,2649,张帆,2015-12-25 14:55:46,-7,9,16,就冲跟我重名给你个十分
16231,2649,张帆,2016-01-17 14:10:34,-2,7,9,跟着张帆老师，除了学到职业生涯规划的知识外，真的觉得她是一个特别好特别走心的老师。上这门课也收获了小组的友谊！强推！
22666,2649,张帆,2016-03-09 14:02:44,30,33,3,因为沟通与领导必修\n\n大二最后一个学期去玉泉前捡漏低学分选上了\n\n但是选到的时候已经错过了第一堂课\n\n我又不是诚心的\n\n然后第二次去上课的时候 我话都没说 她就让我退课了\n\n说第一节课没来   我又不是故意的！！！\n\n最后说一定要上这门课的话  平时分肯定会扣的！！！！！\n\n虽然第一次课没来\n\n但是我是过了才选上的啊\n\n谁故意的了\n\n语气超凶态度超差！！！\n\n真的是第一次遇到   以前第一周上课别的老师都会体谅一下选课的程序\n\n真心无语差评！！！！\n\n一副我最屌的样子！\n\n哦你最厉害！
25123,2649,张帆,2016-05-05 16:31:37,1,7,6,感觉真的听了会有启发，课堂只是启发思维，并不是要全部替自己思考了。
25688,2649,张帆,2016-06-03 00:50:43,9,12,3,为了j类选的这门课，真心觉得没什么用。上课就放放PPT，听说PPT还都是助教做的。
29145,2649,张帆,2016-06-29 09:46:09,7,9,2,并没有什么收获....
80688,2649,张帆,2018-06-29 07:40:34,5,6,1,表里差异非常大的人，很可怕
129223,2649,张帆,2021-01-01 09:57:09,7,8,1,高高在上，自以为是，完全听不进去学生的话。贵院长最牛了。
145452,2649,张帆,2022-01-18 05:12:12,7,7,0,混研也离谱，考试周3号开始，1号周六晚上还排个混研小班研讨？？还要写心得体会？您安排的对，错的还是我，竺院学生怎么会为考试周而担心呢？半分的课哪来那么多屁事。。\n\n后续：一份作业要交两个地方也是很迷，ddl还不一样哈哈
145690,2649,张帆,2021-12-31 08:15:14,4,4,0,不太行
154297,2649,张帆,2022-05-29 12:23:01,2,2,0,态度恶劣。。。
154313,2649,张帆,2022-05-30 00:21:32,0,0,0,上一节课自己感受吧
176193,2649,张帆,2023-06-28 04:20:22,0,0,0,形策给分不好，讲课也没意思
193596,2649,张帆,2024-06-13 11:13:12,0,0,0,讲的很差 很会装 体验不好
9530,2685,黄佳,2015-10-29 08:19:53,9,12,3,好好好。
28622,2685,黄佳,2016-06-28 11:07:14,5,5,0,老师真的很有意思 挺有趣的 可能比较水吧 反正我是听的很开心啦～
29286,2685,黄佳,2016-06-29 14:19:33,2,2,0,老师人超好(✪▽✪)
32885,2685,黄佳,2016-07-22 04:21:19,3,3,0,可爱的老师
55208,2685,黄佳,2017-07-01 03:43:55,2,2,0,老师真心挺不错的！
55243,2685,黄佳,2017-07-01 05:30:39,8,8,0,K类课中比较善良的老师，上课可水可听，给分不错
55259,2685,黄佳,2017-07-01 06:34:27,-3,1,4,哇超棒的好吗～～讲课也很有趣～学识渊博！！
55275,2685,黄佳,2017-07-01 07:38:15,-1,0,1,老师超级好的啦～给分也很不错哦！就是几乎每节课都要点到，所以一定要去
82787,2685,黄佳,2018-07-09 06:36:10,2,3,1,老师人很好，会点名，所以一定要去！且不要纸质签到了就走了，很可能第三节课还要点到。给分好，事儿少！
82796,2685,黄佳,2018-07-09 06:55:21,-4,2,6,给分好，课也挺有意思，会点名
84392,2685,黄佳,2018-07-12 16:49:46,-1,1,2,可水可听，有些小知识冷知识还挺有意思，想拿高分的话争取一个展示机会就好了，压力不会很大
110194,2685,黄佳,2019-06-24 10:11:15,1,1,0,老师讲课非常有趣，而且事情不多，就一篇论文，很有意思的一门课
112245,2685,黄佳,2019-07-04 00:05:25,3,3,0,每节课都点名 课很水 给分一般
119927,2685,黄佳,2019-11-17 01:04:17,-2,2,4,很有趣，被老师的人格魅力吸引，可水可听，我一直认认真真听完还记了笔记呢！为了自己以后不会忘记这些有趣的冷知识吧，就最后一个论文，事情少，分数也不错
123646,2685,黄佳,2020-06-11 06:51:47,3,3,0,给分一般，课水
129204,2685,黄佳,2020-12-31 07:04:18,1,3,2,事少分高 老师巨好 学识渊博
141316,2685,黄佳,2021-09-29 10:12:27,-7,1,8,课讲得很有意思，非常生动，想学的话也能学到很多知识
142796,2685,黄佳,2021-11-16 08:08:47,-13,3,16,老师给分超好，快冲！
142812,2685,黄佳,2021-11-16 13:40:51,3,3,0,。。。
142824,2685,黄佳,2021-11-16 14:40:36,22,23,1,绿色农业挂了，不多说
142850,2685,黄佳,2021-11-17 01:58:06,21,21,0,会挂科 挂科率挺高的 别选
142857,2685,黄佳,2021-11-17 02:58:18,-13,0,13,非常好！
142931,2685,黄佳,2021-11-17 13:10:52,18,18,0,同挂科 不多说了
142947,2685,黄佳,2021-11-17 22:01:46,6,8,2,为什么打这么多低分和挂科？？？？
142975,2685,黄佳,2021-11-18 02:13:02,-23,4,27,事少分高
142994,2685,黄佳,2021-11-18 04:32:23,7,8,1,。。。
143013,2685,黄佳,2021-11-18 14:31:39,26,28,2,低分，太离谱了，不理解。水课是水课，老师讲挺好，但最后这个分数会不会太...很想知道老师打分时候的心理活动…\n\n我给老师发邮件询问自己的过程分和评分细则，想要知道自己为什么分这么低，以后好在其它课上注意。老师的邮件回的很敷衍，敷衍到我根本看不懂。老师是自己也不知道吗？让人愤怒很大一部分原因是因为这封邮件，让我觉得自己不明不白被打了这么低的分。老师如果很严格，我没按照要求做，是我的错，我没有怨言全当一次教训。可你回的邮件给我的感觉就是你随便打分的啊！老师也当过学生，你应该知道你打的分对我们的影响，对你来说可能就是输入一个成绩，对我们来说这个成绩会伴随我们大学，影响我们保研，出国.....如果你换位思考过，就应该认真对待，将心比心，而不是连学生的一封询问邮件都回的云里雾里。\n\n总之要选这门课的同学，慎重考虑。
144420,2685,黄佳,2021-12-21 11:46:25,4,5,1,卷了也视而不见的人。硬说缺勤？拿出截图就消失了。
177376,2685,黄佳,2023-07-03 05:28:30,0,0,0,听说要养虫子🐛才选的，挺好玩的。要注意老师的要求，可以选
178822,2685,黄佳,2023-07-24 16:03:56,1,1,0,夏学期的绿色农业与人类文明。基本每节课都要点名。黄佳老师需要交一篇论文还要做一个ppt，论文要查重，感觉事情有点多的，但是最后一节课抽到自己展示的概率比较低，总体来说还是可以的。认认真真完成论文和ppt制作的话，给分还是正常的。
193285,2685,黄佳,2024-06-05 15:44:51,0,0,0,木姆目
197517,2685,黄佳,2024-07-18 03:19:06,-5,2,7,绿色农业讲课尚可，但是给分评价很不公允，85分，大学分数最低的通识课了，直接拉低好多平均分
220355,2685,黄佳,2025-06-17 12:41:11,0,0,0,绿农两位老师前后分批上课，老师人都很有趣，事情也少，值得试试（养虫子其实没那么可怕因为都在试管里封起来了）给分我觉得蛮好的，但是不知道其他同学情况，可能比较随机
10657,2738,周伟军,2015-11-21 15:28:51,1,4,3,笑死我了，半天时间写的论文拿了成绩最好的记录，还请假一次……
10812,2738,周伟军,2015-11-23 06:00:44,2,3,1,给分高，课无聊
87648,2738,周伟军,2018-10-09 05:48:39,0,1,1,每节课就知道说油菜的英文名，要不就吹吹自己的履历 没有什么有用的内容，非常水
94534,2738,周伟军,2019-01-17 06:01:40,0,0,0,不咋地 给分迷
140168,2738,周伟军,2021-09-02 05:26:58,0,0,0,非常水，能听他扯过去，想要高分多刷脸，坐前面多发言就有高分了
9529,2793,时敏,2015-10-29 08:19:13,-1,4,5,好好好。
10725,2793,时敏,2015-11-23 03:28:12,-11,3,14,讲课很好
11334,2793,时敏,2015-11-27 07:06:28,2,3,1,好可怕！！
51515,2793,时敏,2017-06-07 02:42:09,1,2,1,瞎逼逼拜金主义不承认讲错的地方
66336,2793,时敏,2018-01-15 07:12:06,12,15,3,辣鸡，自己以为有多厉害，还点评其他老师课题怎么怎么样。不先照照镜子吗？人家发nature的也没说什么，轮到你说什么。到现在不也是个副教授。说的那么厉害怎么没有nature science？去问问历届植保人的口碑，你这种态度这种嘴脸，真把自己当根葱，以为自己厉害？也就是最被别人看不起的那种了吧。辣鸡。你以为自己问的很好？为什么一定要按你的角度看问题，注意你的言辞吧！总有一天会吃苦头的。
108613,2793,时敏,2019-05-29 17:17:50,3,4,1,无比赞同高票回答，时敏确实是那种态度，我最权威，你这里也垃圾那里也垃圾，你们老师不知道吗？她绝对想要把自己的思路强加于你，不是简单的实验操作指点哦，呵呵
141320,2793,时敏,2021-09-29 12:13:24,-3,0,3,我觉得还行啊，这个老师
142825,2793,时敏,2021-11-16 14:41:04,8,8,0,绿色农业挂了，不多说
142858,2793,时敏,2021-11-17 03:00:38,-7,0,7,我觉得老师人挺好的（上的绿色农业
143061,2793,时敏,2021-11-18 14:03:34,4,4,0,这老师。。。 三思再选课吧
143143,2793,时敏,2021-11-20 02:48:39,5,5,0,这老师平时分给的.......自己体会。绿色农业慎选
197518,2793,时敏,2024-07-18 03:20:52,1,1,0,绿色农业，给分太差，85分直接拉低好多平均分
58242,2825,包劲松,2017-10-04 08:59:44,1,2,1,完美！
109911,2875,肖建富,2019-06-20 06:18:47,0,0,0,农学院的实验老师，人很好，很有耐心，很佛系的一个老师
135828,2875,肖建富,2021-05-28 04:25:19,0,0,0,教学经验极其丰富，为人极其耐心的好教师
143973,2875,肖建富,2021-12-15 01:34:54,0,0,0,就是帅
59170,2937,常乐,2017-09-20 05:19:06,1,1,0,挺和蔼的老师
64473,2937,常乐,2017-12-24 10:29:27,1,1,0,老师很温柔
91837,2949,唐桂香,2018-12-22 02:11:59,-1,0,1,亲切啊
120738,2949,唐桂香,2020-01-16 04:20:59,0,1,1,可以水，但给分和预期差很多
192183,2949,唐桂香,2024-05-11 04:25:46,1,1,0,老师讲课十分亲切，介绍了很多身边常见、不常见的特种作物，收获很多，有一次展示和论文，给分十分不错，但老师应该要退休了，我们应该是最后一届了
83532,2960,程方民,2018-07-10 13:52:59,1,3,2,上课有点无聊，出卷有点迷，要考国标，分数一般
108465,2979,殷学仁,2019-05-25 17:56:19,1,2,1,殷学仁我爱你啊！！！！！！你开门通识课我延毕去上靴靴！
119094,2979,殷学仁,2019-11-10 09:36:47,0,1,1,科研男神本人
119096,2979,殷学仁,2019-11-10 09:29:24,1,1,0,??！\n\n
164002,2979,殷学仁,2022-12-17 08:04:50,1,1,0,不过尔尔，说好发PPT一直没动静
184589,3038,金娟霞,2023-12-27 15:49:00,58,76,18,评论要以事实为依据
185265,3038,金娟霞,2023-12-27 12:11:29,3,8,5,我就是老师的学生，确实满绩了
189881,3038,金娟霞,2024-02-01 05:10:59,5,6,1,我永远不会给你们满寄
192225,3038,金娟霞,2024-05-12 12:10:34,6,6,0,真蛮好的老师，事情比一般的职规课要少，不需要做那个创业的作业，人物采访也布置成小组作业了，真的有在减轻我们的作业量。但有一点不好的就是，虽然很早就知道有大作业，但作业要求真的是很晚才给出来的，而且她小组互评要求一个组内每个分数最多只能同分三个，这个有点伤，最后因为小组互评拿了个最低分而没能满绩，但已经有4.8了，也还是满意的（我们组因为大家都很好，最后随机分配分数的，而lz运气很差🤡），总结，想事情少一点，分数高一点的创新创业，这个老师很可以😘
192862,3038,金娟霞,2024-05-31 05:29:17,2,3,1,老师人很好，上课很随和，除了开始分组没有真正意义上点过名，都是让组内成员点名（相当于没有，但是也不要整个小组都空着就行），平时也没有任何课后作业，上课经常让大家玩各种游戏或者做各种测试，而且也的确能多多少少让自己对未来的职业有所规划。这门课我觉得可能还是交友性质更强一些，我们小组成员都挺佛系的，半个学期相处的也很开心，没有什么恶性竞争。
197063,3038,金娟霞,2024-07-07 04:29:48,4,4,0,课堂氛围轻松，不点名，任务量较小，给分好
197380,3038,金娟霞,2024-07-12 01:41:17,2,3,1,第一节课就说自己不会点名，上课讨论、小游戏之类的比较多，不太适合摸鱼但是挺有趣的。是好老师！
203217,3038,金娟霞,2024-11-18 05:24:02,0,0,0,事少，人好，分还行，4.5，没啥太大痛感
203552,3038,金娟霞,2024-11-20 03:33:28,3,3,0,4.8\n\n事不多 上课按座位分小组
206488,3038,金娟霞,2024-12-15 13:25:12,1,1,0,老师人真的非常好呀，大爱金老师
7818,3060,沈实现,2015-09-15 14:04:39,1,1,0,这....
13445,3076,虞云龙,2015-12-28 05:01:19,1,2,1,爱点名 平时事情多
16961,3076,虞云龙,2016-01-19 10:08:26,0,0,0,还行吧
140152,3081,鲍艳原,2021-08-31 03:15:04,5,5,0,老师温柔很有气质，说话温文尔雅，不过感觉不是很放得开。
144213,3081,鲍艳原,2021-12-20 13:05:21,1,1,0,给分还可以，就是事情好多。要做实习报告，presentation，小论文。老师也还可以。
150670,3081,鲍艳原,2022-02-11 07:31:51,1,1,0,能为学生着想，是个人见人爱的老师
39762,3095,章初龙,2016-12-27 10:52:54,0,0,0,为啥打了分才能看评论?
55556,3095,章初龙,2017-07-02 01:40:46,2,2,0,我就想问一句话，上课、复习提纲和考试范围是三套体系，这是什么鬼？？！！
65729,3095,章初龙,2018-01-08 14:50:38,0,0,0,很憨厚的老师！人很好！
65731,3095,章初龙,2018-01-08 14:51:26,0,0,0,好老师！
82512,3095,章初龙,2018-07-08 11:26:06,0,0,0,期末也就背一本书吧
82655,3095,章初龙,2018-07-09 02:24:34,0,0,0,背书真的超有意思的 我真的太喜欢背书了（狗头
84627,3095,章初龙,2018-07-13 11:34:39,0,0,0,老师挺可爱的 背书看起来多但是考的简单
111484,3095,章初龙,2019-07-01 19:39:19,0,0,0,期末不给范围 范围就是所有PpT上的字 一共也就七八万吧...还不给样卷....
46547,3097,蒋立希,2017-01-22 02:31:16,3,5,2,莫名其妙就挂了？？？
67828,3097,蒋立希,2018-01-22 07:59:41,0,1,1,老师人还不错，讲的也还好
102202,3097,蒋立希,2019-01-31 10:45:06,-2,3,5,老师上课特别温柔，而且没学过分子和遗传的懵逼同学们讲清楚春化机理和表观遗传学是真的强?
102604,3097,蒋立希,2019-02-12 11:02:59,8,9,1,人很好
154526,3097,蒋立希,2022-06-02 03:59:45,14,15,1,老师其它都还不错，只是在作业上多少还是欠考虑了。\n\n最近的一次作业，tair网站讲了大家半懂，DNAstar软件他是从来都没有讲过。在这样的情况下，直接让大家做一份分量很大的作业，包括了网站和软件的使用，并要求下次课交，纯属还没教走下次就要检查跑。如果放在平时，我会硬着头皮自学，毕竟大学生。可是这样一份作业放在临近期末的时候，我几乎没有时间自学。我做了一大半之后完全坚持不下去了，靠的是和其它同学互相教。这样的情况真的是老师想要的吗？就算是吧，这样的安排真的合理吗？\n\n老师上课讲的确实很不错，但这个作业实在让我打不了高分。总共教我们也就一个多月的时间，这个作业的阴影笼罩大半个月，我久违地在一个任务面前感到如此无力。
172805,3097,蒋立希,2023-05-07 11:49:30,0,1,1,笑鼠，生物学研究前沿一门选修课，本来规定好的每个部分写一块小论文，到你这变成口试…什么逆天操作
191674,3097,蒋立希,2024-04-27 11:57:56,2,2,0,老师上课挺好，就是可乐喝的有点多
191685,3097,蒋立希,2024-04-28 02:53:11,2,2,0,你都上健康农业了我还能说什么呢（）
192426,3097,蒋立希,2024-05-19 12:19:24,-1,0,1,人好事多
10378,3219,徐昌杰,2015-11-18 10:15:28,17,24,7,课，无所谓，考试成绩低如狗
33655,3219,徐昌杰,2016-09-21 01:12:47,9,9,0,通识差点挂是什么体验\n\n
35846,3219,徐昌杰,2016-11-10 08:29:19,-7,0,7,幽默风趣
37067,3219,徐昌杰,2016-11-17 08:24:00,0,2,2,老师不错，讲课认真，不过有点枯燥，对于非农业或者生物专业的学生来说比较难听懂，但考试是开卷考，只要考前看一遍课件，分数不会低。
37074,3219,徐昌杰,2016-11-17 08:57:45,8,11,3,首先老师上课很认真，讲ppt发现问题还会课后做功课改正，课前也会做功课把ppt中自己不了解的部分了解清楚。这门课不水，但是有点干，如果你不是相关专业的学生，劝你不要选。每堂课点到。我最想吐槽的是期末的开卷考，考老师的ppt，开卷是没错，打印540张ppt的感受你想体会也是可以的，老师说开卷考可能找不到答案在哪里是有道理的。给分一般吧，起码我的分数不好，也许是我太渣的缘故。中（zhòng）肯评价，不吹不黑。好老师，但是更适合科研。
37090,3219,徐昌杰,2016-11-17 10:47:48,7,9,2,合格的科研工作者，当老师水准却还有待提升。\n\n这门干货确实很多，最后两天复习的时候看ppt，觉得自学学到了很多知识，然而我还是不会挑水果。。。。\n\n上课却略无聊，大概是我是理转文，几个月没碰过化学和生物看见一堆化学方程式和结构式有些吃不消了罢。\n\n上课可水，要点名，考试前500+ppt自行消化去。\n\n我复习了整整两天，还专门跑去图书馆查阅了很多相关资料，以备简答题用。\n\n自我感觉特别好，几乎都能答出来，最后绩点低得不想说话。\n\n推荐不特别在意绩点的以及对园艺感兴趣想听干货的同学去。
37146,3219,徐昌杰,2016-11-17 14:42:06,0,2,2,讲道理文科同学不是特别适合吧……我是没怎么听懂……上课全水手机了，干货多但我不懂啊……不过考试开卷，考前把ppt看一遍准备一下还是挺容易的。说打五百多张ppt其实不需要，有些内容可以删掉或者打印好了自己整理一下抄到空白的地方上去，一个下午挺够了。
37155,3219,徐昌杰,2016-11-17 15:37:46,4,5,1,比较无聊，期末要打印好多ppt，做了好久，成绩并不好
37156,3219,徐昌杰,2016-11-17 15:39:18,3,5,2,垃圾老师
37182,3219,徐昌杰,2016-11-18 00:25:33,1,2,1,老师应该比较适合搞科研，上课有点无聊，干货太多，然后个人感觉给分一般，感觉这门课是我通识课里分数最低的了，不过考试是开卷考，只要打印几百张ppt就行了
37298,3219,徐昌杰,2016-11-18 13:23:32,1,4,3,对分数有疑问，发短信说明疑问，表示不是来要求改成绩的，老师回答疑问后还要怼我一句上课开小差，我礼貌回复表示接受成绩，但那条短信两天了显示已送达，不显示已读，我被拉黑了？？？师德太好了！
37472,3219,徐昌杰,2016-11-19 03:12:47,-1,0,1,讲课无聊，声音能催眠，而且一定签到。不过给分很好，课极其水。
37666,3219,徐昌杰,2016-11-20 04:27:52,2,3,1,通识课，晚课……很无聊……课程内容还可以，但他催眠效果堪比德彪西！！！期末要打印好多ppt，主要还靠临场发挥。差一分就到4.2，估计是被正态……3.9差强人意吧
37780,3219,徐昌杰,2016-11-21 03:37:34,2,3,1,真的很催眠，PPT多，考试不想说了。
37826,3219,徐昌杰,2016-11-21 08:54:30,1,1,0,呵呵/::)
37951,3219,徐昌杰,2016-11-22 07:36:47,0,2,2,老师讲得很认真 但的确上课内容比较平 考试六个大题开放式的 对文科同学比较友好 嘛我文科生平时上课偶而睡觉靠复习ppt绩点4.2已经不错啦...
38118,3219,徐昌杰,2016-11-24 14:01:40,1,3,2,真的是门很有意思的课，反正我很喜欢。老师专门因为有很多人文社科的人报就删去比较专业的内容。上课会讲很多科研的成果我觉得神奇啊每次都无法开小差。老师说话慢条斯理可是都很有内容不会睡着，而且感觉老师很有经历。好好学就可以的。
41683,3219,徐昌杰,2017-01-12 10:53:45,2,3,1,绩点3.9
47771,3219,徐昌杰,2017-06-23 11:37:10,4,5,1,上课想睡觉
62113,3219,徐昌杰,2017-11-22 12:02:00,1,1,0,无聊，給分随便而且极低。
62120,3219,徐昌杰,2017-11-22 12:18:18,3,3,0,还挺喜欢老师的，但是3.3的绩点？？我？？？超级懵逼？？想哭啊，简直绩点食人花
62144,3219,徐昌杰,2017-11-22 14:50:14,4,4,0,自我感觉算为数不多的上课也会听一听的人吧，然而没软用，投入大于回报，绩点3.9 ，差一分4.2。估计还是看考试吧，五道简答题我都找到答案，感想也认真写了绩点也不高。老师好像说过给分看文采...所以这是真的吗...老师上课很认真，但有点无聊，ppt会放很多我们看不懂的科研成果数据。老师负责讲园艺产品品质部分，我作为理科生，个人认为不适合文科生，讲的是水果等园艺产品的研究 ，对生活没太大指导作用，不会教你怎么挑水果。
63175,3219,徐昌杰,2017-11-29 02:37:46,4,7,3,无聊吧……如果你是相关专业，认真听收获蛮大，关于园艺研究方面的。绩点……emmmmm上课都没听，你还想老师给你多高，虽然我是3.9，比起其他通识课（流泪），我已经满足了。
89644,3219,徐昌杰,2018-11-20 06:13:15,0,2,2,历史最低绩点怎么说?
105999,3219,徐昌杰,2019-04-24 06:35:31,6,6,0,徐老师人很好。认真听课让我收益很大，甚是还想选一次课再听一遍。给分也很好，前提是你认真上课
113057,3219,徐昌杰,2019-07-19 23:22:29,-96,9,105,本来这学期均绩4.79了，结果园艺产品品质这门课出了个91/4.5，均绩直接降到4.76……
113078,3219,徐昌杰,2019-07-05 22:49:35,-6,3,9,一开始是被刷了太多课没分了才选的，看这个六点几的评分和评论我都快哭了，没想到最后91卡绩4.5，自己觉得满意了。其实这门课主要是PPT认真看，也不用复习好久，考前看两天就算准备很充分了，平时也只有两次作业，真不算累，就是好好看PPT好好考试就行，题目很少时间很多所以尽量多写，不要怕抄多了，这个考试形式我反而觉得可能文科生更适合选……\n\n课的干货还是很多的，不感兴趣的可能会觉得无聊吧，不听课的话其实问题也不大，最重要还是期末好好看PPT
113177,3219,徐昌杰,2019-07-06 01:09:21,1,4,3,园艺课，考试前看了两个小时大致过了一遍ppt，缺了两次点到，考试比较靠临场发挥，课还是有点意思的，给分很好
119772,3219,徐昌杰,2019-11-15 17:32:22,0,1,1,课很水，可认真听还是有收获的，学的内容偏理但考试的形式是偏文。。。水了一学期还是能拿到自己想要的绩点，很开心。
119782,3219,徐昌杰,2019-11-15 23:44:01,1,1,0,上课认真，作业不多，但是成绩真的不好
119795,3219,徐昌杰,2019-11-16 01:04:02,0,0,0,上课挺无聊的，除了第一节课一直水。开卷考试的题目还是简单的，对ppt有点了解多抄抄就好啦，满意的绩点！
119799,3219,徐昌杰,2019-11-16 01:29:56,0,0,0,老师上课挺认真的，认真听讲成绩还是挺高的
124663,3219,徐昌杰,2020-07-05 08:54:09,1,1,0,水课不水，给分还行，毕竟我是真的混，有这个成绩不错了
127565,3219,徐昌杰,2020-11-24 12:20:39,1,3,2,这个老师讲课也还行，偶尔比较有趣，作业不多，但就是期末考虽然开卷，却要打印几百页PPT，我花了几十块钱，每次作业也认真写了，还做了PPT展示，最后绩点才3.0？这比被正态还少了吧？真是太气了
127577,3219,徐昌杰,2020-11-24 14:48:57,1,1,0,课程还行，可听可不听，期末开卷考，都是论述题。我前面上课的时候还挺认真听，后阶段几乎都是在干自己的事，最后绩点还不错，好好复习PPT就差不多了
127599,3219,徐昌杰,2020-11-25 02:40:34,0,2,2,第一次评价，老师人挺好的，必须10分
128734,3219,徐昌杰,2020-12-25 06:10:36,-5,0,5,老师上课干货很多，但可能因为授课方式的缘故，我全程水过去没有认真听……最后考试把ppt打印出来狂抄，绩点4.5作为一个平时从不听课的人来说已经很满足了。考试要看一下ppt资料，还有老师布置的纪录片然后故意写进卷子里，分就会有的！
142209,3219,徐昌杰,2021-11-08 12:27:51,0,1,1,暂且不说绩点的问题吧\n\n我感觉徐老师上课的时候科普的不仅是知识，更是一个四辩的过程啦\n\n而且很可爱！说到家里人的事情很好玩嘿嘿
145223,3219,徐昌杰,2021-12-28 10:12:11,6,6,0,我不能理解，园艺科学进展，要求根据提示写出相关院校或者老师的名字？我太不能理解了，这就好比其他任何一个学科，要求你记住论文的作者而不是论文一样。难道我记住了有名的数学家的名字就知道他在研究什么了吗，我觉得因果关系颠倒了。
145436,3219,徐昌杰,2021-12-29 14:04:31,0,1,1,老师挺认真的，上课讲的内容很广泛，也不无聊，认真听确实可以对整个园艺学科的发展历史和研究进展有很全面的认识。但是期末测试的内容实在不敢恭维，个人认为对于园艺领域的杰出学者或者杰出单位或者杰出成果，有基础的大致的认识就足够了，至于对哪些东西印象深刻则因人而异，以考试的形式硬要学生记住一些过于细节全面的东西，个人认为没有太多意义。
148932,3219,徐昌杰,2022-01-14 03:48:13,0,1,1,小测课堂不管纪律，懂得都懂。小测内容花里胡哨。。。个人认为把考察重点放在晦涩难记的人名上不够合理，当然领域内重大贡献者除外，至少设置成选择题吧。不调分。。。
174133,3219,徐昌杰,2023-06-06 12:50:32,1,3,2,上的是园艺产品品质学，很可惜只有很少的同学选（但貌似小课的体验感更好）。可以了解到园艺产品的很多方面，不管是不是专业生都能听懂，老师是挺可爱的一个人。对了，考核的形式改成了论文＋平时的小作业。
182994,3219,徐昌杰,2023-11-21 11:19:41,3,3,0,人好！给分好！虽然作业不算少！但是还是谢谢老师！
183083,3219,徐昌杰,2023-11-22 05:35:53,2,6,4,园艺产品品质学 事少分高 老师笑眯眯很可爱！苯人很讨厌pre和小组合作 这个课没有就很好！只要写写论文就能结课！！而且也科普性比较强 特别喜欢！！感谢老师！！
186059,3219,徐昌杰,2024-01-08 05:41:31,0,0,0,秋学期的园艺产品品质学，没有小测和pre，写写论文，讲很多水果相关的知识，很有趣！
188990,3219,徐昌杰,2024-01-21 05:13:45,1,1,0,事少分高！能学到一些关于园艺产品的知识，老师人也很有趣和蔼！
193148,3219,徐昌杰,2024-06-04 04:54:35,-3,0,3,课挺水的，事挺少的，内容挺干的，就期末交了一篇论文，最后给分竟有4.8（不确定是不是幸存者偏差
196026,3219,徐昌杰,2024-07-01 08:02:07,0,0,0,给分挺好的，作业就布置了两篇论文，课挺水的，不过偶尔会有课上的纸质小作业，比较简单。
198678,3219,徐昌杰,2024-09-10 18:42:49,0,0,0,666
200388,3219,徐昌杰,2024-10-16 12:46:36,4,4,0,园艺产品品质学\n\n事少，科普性强，老师人也不错的，推荐入☺
204621,3219,徐昌杰,2024-11-27 05:37:57,1,1,0,老师上课很认真，人很和蔼很好说话，秋学期一共交了两篇论文和一次小作业，没有考试，感觉自己论文写的也不怎么样但是拿了4.2，选了这节课还是很满意的
211102,3219,徐昌杰,2025-01-10 15:39:12,1,2,1,有两篇平时作业和一篇课程论文；作为大学的第一篇论文，折腾了一些时间，最后4.5，还比较满意的
211128,3219,徐昌杰,2025-01-11 01:09:49,2,2,0,园艺产品品质学，绩点3.3，没缺席过课程，自认上课和作业较认真，后悔选了，也后悔在这门课上投入精力了\n\n选之前自己考虑一下吧
211567,3219,徐昌杰,2025-01-12 02:35:29,0,0,0,老师基本上都会纸质点名，但课蛮水的，虽然给分可能也不是那么好吧
215617,3219,徐昌杰,2025-03-03 02:50:52,0,0,0,给分一般，上课有意思
37471,3243,李鲜,2016-12-28 05:26:28,-14,3,17,讲课无聊，不过园艺真的水，感觉没学到什么。考试内容和上不上课没关系，给分挺好的。
40717,3243,李鲜,2017-01-05 06:20:12,6,7,1,好老师，特温柔，总是聊到女儿
52897,3243,李鲜,2017-06-23 11:37:26,-1,1,2,还不错
62863,3243,李鲜,2017-11-27 07:24:02,-1,2,3,很温柔
89646,3243,李鲜,2018-11-20 06:17:49,2,6,4,课无聊 给分差
119801,3243,李鲜,2019-11-16 01:32:16,3,3,0,上课很认真，会有课堂互动
127578,3243,李鲜,2020-11-24 14:50:26,0,1,1,老师很温柔，园艺品质与营养这门课对我来说有点无聊，后面几乎没听
144259,3243,李鲜,2021-12-21 03:11:57,1,1,0,通识课讲的也太专业了，文科生抱头痛哭，通识课啥也听不懂是一种怎么样的体验。原以为园艺产品品质学是教我种花种草，结果上课才知道是生物学的专业知识，所以这个课为什么不改名，改成《园艺产品的生物学分析》
158890,3243,李鲜,2022-07-03 04:53:48,0,0,0,老师很温柔，上课会发一张A4纸的小测试，都是课件上的内容。讲课也蛮清晰的。《园艺植物生物技术》这门课给分很求是，2021-2022春夏这年的卷子不知道为什么考了一些奇怪的主观题，例如植物组培技术发展的关键点之类的，考点覆盖面很广。
162282,3243,李鲜,2022-11-19 03:45:25,1,2,1,反正被绩杀 给分不好
195361,3243,李鲜,2024-06-28 00:59:12,1,1,0,看似懂，但真的不懂
196027,3243,李鲜,2024-07-01 08:05:41,0,0,0,老师人很温柔，课上有的时候会纸质点名，上的园艺产品品质学，作业不多，给分挺好的。
44874,3333,宋凤鸣,2017-01-18 12:21:24,-5,4,9,臭狗屎
68344,3333,宋凤鸣,2018-01-23 04:19:51,4,4,0,表白一下系主任嘿嘿嘿嘿
135474,3333,宋凤鸣,2021-05-11 05:32:09,2,2,0,很可爱的一个小老头
141189,3333,宋凤鸣,2021-09-26 03:25:43,0,0,0,人很少但老师讲课还是很认真 老师好可爱 希望大家多多选这门课
150920,3333,宋凤鸣,2022-02-21 05:28:14,4,4,0,老师长得像罗大佑
172362,3333,宋凤鸣,2023-04-25 11:13:20,0,0,0,超级喜欢宋老师 可爱风趣认真～
173058,3333,宋凤鸣,2023-05-12 05:49:17,0,0,0,可爱的老师
205774,3333,宋凤鸣,2024-12-12 03:24:55,1,1,0,幽默风趣
215321,3333,宋凤鸣,2025-02-25 07:02:40,0,0,0,幽默风趣好老师
5740,3347,石春海,2015-07-09 08:24:11,0,10,10,老师上课很认真 但有点严肃
7722,3347,石春海,2015-10-27 10:44:12,2,17,15,糟老头。。。
7733,3347,石春海,2015-09-15 11:13:41,-1,4,5,梦一般
7734,3347,石春海,2015-09-15 11:13:47,-1,11,12,讲得非常棒！浙大第一遗传学老师！赞\n\n
7735,3347,石春海,2017-09-20 09:41:45,5,17,12,棒棒哒
7737,3347,石春海,2015-09-15 11:17:54,-4,3,7,the  best  one
7738,3347,石春海,2015-09-15 11:18:25,-2,5,7,不错哦
7741,3347,石春海,2015-09-15 11:19:51,0,11,11,挺不错的 很可爱的 很实在的一个小老头
8161,3347,石春海,2015-09-17 07:33:28,-15,13,28,没见过这么不尊重学生的老师。\n\n有次上课有同学带了电脑，他走过去等不上课，那次课整整拖了10分钟，然后有同学问他问题，他竟然回答你是留学生吗
9444,3347,石春海,2015-10-27 10:57:11,4,9,5,非常严\n\n
9446,3347,石春海,2015-10-27 11:21:39,-1,6,7,棒棒的老师
9913,3347,石春海,2015-11-12 15:44:53,-2,5,7,挺可爱的一个老爷爷(我真的不是故意的，这个老师太有趣～～～)
10078,3347,石春海,2015-11-15 12:52:04,-2,5,7,课讲的很好，内容丰富学到很多～
10081,3347,石春海,2015-11-15 13:44:25,-2,4,6,挺有趣一老头，讲课很有趣
10708,3347,石春海,2015-11-23 02:25:27,-2,5,7,讲课挺有意思的。。任务也挺轻松
10740,3347,石春海,2015-11-23 03:59:24,-5,3,8,有点无聊，不过给分蛮好的
10748,3347,石春海,2015-11-23 04:19:00,0,7,7,学风和课堂纪律很严谨的一位老师，虽然最后有点名小测验，但是可以帮助我们学到很多东西
10758,3347,石春海,2015-11-23 04:48:06,6,16,10,我的天分给的极低
10773,3347,石春海,2015-11-23 04:59:54,0,5,5,基本都是高中内容，不能在课上做作业啊
10814,3347,石春海,2015-11-23 06:04:41,-5,2,7,布吉岛\n\n\n\n
10827,3347,石春海,2017-04-26 15:09:54,-5,5,10,挺可爱的老师。给分也不错
10956,3347,石春海,2015-11-23 12:33:57,-3,1,4,感觉讲的还是比较基础 很多高中生物内容 老师给分不错
10961,3347,石春海,2015-11-23 12:50:23,-2,3,5,生动，结合生活实际
11010,3347,石春海,2015-11-24 00:32:56,0,4,4,棒棒的
11071,3347,石春海,2015-11-24 04:59:08,-11,6,17,强推！虽然上课不能开电脑但是给分真心不错   作为高中生物差得一塌糊涂的人得到4.7的绩点真得感动的要哭了
11214,3347,石春海,2015-11-25 08:47:43,-3,1,4,good
11493,3347,石春海,2015-12-02 14:55:14,-3,4,7,老师上课还是挺严格的，手机和其他作业不能做。上课很有趣，PPT做得很好，能学到很多。
12258,3347,石春海,2015-12-22 14:55:37,-6,3,9,只要认真完成小测验和论文得分就不会低啊
12316,3347,石春海,2015-12-23 02:57:11,-3,3,6,给分超级好
12653,3347,石春海,2015-12-24 00:08:45,0,5,5,老师很风趣 给分也可以
14510,3347,石春海,2016-01-07 09:56:59,-4,5,9,就一个字！好！特别好！
19271,3347,石春海,2016-01-23 17:23:51,-2,4,6,作业有难度，认真完成的话不会差
19783,3347,石春海,2016-01-25 09:11:16,-3,2,5,很可爱，给分很好，但收获不大
24932,3347,石春海,2016-05-04 11:03:47,-1,2,3,呵呵呵呵呵
25780,3347,石春海,2017-04-07 06:45:01,-2,5,7,石老师是真正的男子汉
27023,3347,石春海,2016-06-22 08:33:00,5,7,2,PPT里图多，就是这样\n\n
28507,3347,石春海,2016-06-28 09:42:06,0,2,2,每堂课都有小测…变相点名 课上的还不错的 虽然跟高中生物课很像…
29112,3347,石春海,2016-06-29 08:52:31,1,6,5,感觉跟高中生物重叠八九成吧，很好的在高考前复习了生物一下。
31293,3347,石春海,2016-07-03 14:59:12,1,3,2,认真写论文就好了
32083,3347,石春海,2016-07-05 14:35:53,0,2,2,上课很有趣，也很有自己的原则，论文好好写就有高分！
33619,3347,石春海,2016-09-20 10:53:01,-2,3,5,一直在劝不爱听的退掉，反正我打了满分
33621,3347,石春海,2016-09-20 11:04:30,1,3,2,可爱的石刁柏 希望下次更新教务网评价
34861,3347,石春海,2016-10-25 10:49:22,82,88,6,王源绿揍的亲本生出了绿源、王揍、王源、绿揍的子代。。。。。某某某做个蔫就，蔫就一下玉米咚豌豆咂交。
35389,3347,石春海,2016-11-09 16:25:25,0,1,1,超好的老师 很想再认真上他的课
35600,3347,石春海,2016-11-10 07:30:45,0,2,2,有些东西都说自己不清楚。。。
37113,3347,石春海,2017-01-03 03:26:06,-12,6,18,呜呜呜虽然差一分满 但是还是谢谢老师！上课认真听 作业好好做就没问题啦！（作为一个高中文科生学起来不会有什么压力 因为老师讲的很耐心细致～
37526,3347,石春海,2016-11-19 08:59:48,0,3,3,每堂课都会有小测 但是会讲蛮多有趣的东西 给分被正态了 但还是推荐的\n\n
37548,3347,石春海,2017-01-18 04:11:00,16,27,11,辣鸡，平时和4.5的大神一切一样，3.3
37617,3347,石春海,2016-11-20 00:03:27,0,2,2,挺好的\n\n
37658,3347,石春海,2016-11-20 03:44:04,1,3,2,还行吧
37747,3347,石春海,2016-11-20 15:49:50,16,27,11,论文写得越好分数越低？
37925,3347,石春海,2016-11-22 03:55:06,2,11,9,上课一般，给分低
38170,3347,石春海,2016-11-25 07:51:40,-3,2,5,给分有点低啊……这么认真写的论文..不过应该是助教改的...据说内容不怎么看的
39074,3347,石春海,2016-12-21 03:41:43,3,8,5,很认真的写了论文，不过也可能是自身水平限制吧，只得了3.0，大学第一个成绩，就这样了
40445,3347,石春海,2017-01-03 10:40:17,1,2,1,内容水，我自己也水过去了，结果就是收获了第一个被正态的成绩
40932,3347,石春海,2017-01-06 13:54:43,-2,0,2,呵呵呵？
43748,3347,石春海,2017-01-17 02:17:21,2,5,3,垃圾中的战斗机
44438,3347,石春海,2017-01-17 23:52:57,0,3,3,老师很好，上课前把该说的都说清楚，全靠你自己决定啦，论文要好好写，认真就能拿到不错的成绩。
48083,3347,石春海,2017-02-28 10:24:18,0,2,2,有趣的老头，给分也行
51188,3347,石春海,2017-05-23 10:51:09,1,3,2,无话可说
52939,3347,石春海,2017-06-28 09:48:30,-10,3,13,居然满了……老师真吼
52982,3347,石春海,2017-06-24 11:14:53,-4,1,5,要求太严了吧。。。
53882,3347,石春海,2017-06-28 02:55:08,-3,2,5,认真上课写小测和论文 ?点3.3正态成绩又乱打 无话可说好吧
53897,3347,石春海,2017-06-28 03:25:15,6,11,5,哇虽然每节课小测但是题目很基础翻书或者听讲都能做的，然后两次论文认真写绩点还是不错的。讲道理觉得第一次找变异物种真的乱写的，第二次比较认真，最后也有四点几，通识算是很好了。
53938,3347,石春海,2017-06-28 05:38:15,0,4,4,老师很可爱，给分也好，只要能坚持不被劝退，就能学到很多东西。（前提是像我一样的文科生）
53951,3347,石春海,2017-06-28 06:10:42,6,7,1,助教超级棒，感恩助教
53953,3347,石春海,2017-06-28 06:09:55,15,18,3,老师人很可爱啊，不停的想劝退人一会说论文难一会说给分低，但是我既没觉得论文难也没觉得给分低，反而找变异的作业写跑题了，大家一定不要跑题呀 ?上课不给用电脑，每节课有很简单的小测（≈点名），老师讲的也很有趣，老当益壮  ?
53959,3347,石春海,2017-06-28 06:13:59,2,3,1,坚持住不要被劝退！
53975,3347,石春海,2017-06-28 06:39:49,7,9,2,很好的老师啊 给分很好
53978,3347,石春海,2017-06-28 06:47:05,0,0,0,也许给分真的要看助教吧2333\n\n
53982,3347,石春海,2017-06-28 06:58:54,-1,0,1,嗯嗯哈
53988,3347,石春海,2017-06-28 07:05:31,-1,0,1,给分还行，事有点小多，不难，论文按要求写就好
53993,3347,石春海,2018-01-24 08:19:13,4,6,2,石老师的课真的蛮好，只是。。。那个说是高中生物的给我出来！第一节课会例行劝退，不要虚，说说很严厉其实后来也蛮水的，两篇论文一大一小要好好写，因为平时分（小测）基本上可以满，没有考试。虽然我论文自觉又臭又长，但是给分还蛮不错，建议以理性思维去写，多想想论文题目延伸出来的东西，估计分会比较高吧！
53996,3347,石春海,2017-06-28 07:28:36,-1,0,1,水平一般 给分不错
54008,3347,石春海,2017-06-28 08:09:37,1,1,0,给分迷幻
54022,3347,石春海,2017-06-28 08:32:27,4,4,0,高中生物，水得不行，给分一般
54040,3347,石春海,2017-06-28 09:41:28,4,7,3,老师很幽默也很尽责。每节课有小测但就5道判断题还可以翻书，课上不许用电脑手机但讲课真的挺有趣仔细听收获很大的，期中论文难写但要求字数很少，并且老师看的也不是你有多专业用心写就行了。没有考试，出分挺快，给分很好。老师是多年的老教师了，但是会根据教务网大家的反馈每学期不断改进教学模式，作为一个很久不学生物的文科生很喜欢这节课，每次都会坐第一排。给老师笔芯
54124,3347,石春海,2017-06-28 13:41:36,1,2,1,还行，就是论文布置得有点晚，都6月多了才布置的期末论文…
54215,3347,石春海,2017-06-28 17:01:47,3,5,2,说实话给分挺好的，只要每次小测都交都做，期末论文认真一点。但不给用电子产品很无语啊，上课内容挺无趣的都是高中内容了，难道还不准人写作业么……这不是浪费时间么……
54323,3347,石春海,2017-06-29 05:56:24,1,1,0,不能玩电脑的三节课，可以听课，也可以做做纸质作业。一共有两次作业，一次1500，是个好好观察校园花草的机会，一次3k命题的课程论文，ddl前赶一下都没问题啦  给分很惊喜
54327,3347,石春海,2017-06-29 05:57:42,0,1,1,别被劝退了
54541,3347,石春海,2017-06-29 14:39:04,-1,9,10,评论很有趣，怕不是因为分低就喷？老师讲课兢兢业业，比较有趣，人也和蔼可亲，至于给分，是有3.3可是也有4.5啊，分低说明运气不好和老师有什么关系？而且课程群里那么多大佬都自曝有4+，给分差？你自己分低给分就差了？
55332,3347,石春海,2017-07-01 09:48:45,5,5,0,垃圾老师
59100,3347,石春海,2017-09-19 12:32:28,3,3,0,大二还是不要选了，遗传基本忘完了。
60600,3347,石春海,2017-10-25 03:07:23,2,3,1,为什么我上的老师是柴明良啊
60932,3347,石春海,2017-11-03 04:17:40,0,1,1,没听过老师的课 但听过老师做为督导如何diss我年轻可爱的专业课老师小姐姐 要求把我们的课（人文社科类）也变成无电子设备式高中课堂 强行洗脑教如何劝退学生？？并侵占小姐姐吃饭时间 没有给老师打低分 只是一时愤懑 觉得老师这样做不太妥当
61452,3347,石春海,2017-11-17 10:55:43,3,4,1,没想到分挺低的
61487,3347,石春海,2017-11-17 14:53:52,1,1,0,事情多 每次小测 为什么自己没有炒他鱿鱼
61515,3347,石春海,2017-11-18 07:39:20,0,0,0,给分很坑啊，大哥
61570,3347,石春海,2017-11-18 15:58:21,1,3,2,课上不准用电脑（严肃脸）\n\n可以偷偷摸摸玩手机\n\n每次课后都有五道判断题\n\n算是点名的一种方式吧\n\n一次大作业 我们这次是找生活中遗传变异实例并分析\n\n加上一个论文 格式要求很严格\n\n没有期末考试\n\n\n\n至于成绩 每次判断题都做对\n\n两次作业都认真做 最后3.3...
61584,3347,石春海,2017-11-19 02:29:11,4,5,1,上课就像逗小孩一样和你说话，然而内容大部分都是高中生物遗传.....论文要求很感人，给分很迷。感觉论文写得不好的不要选吧
61773,3347,石春海,2017-11-21 01:06:03,1,1,0,这个课，怎么说。不建议理科生选，和高中生物没有区别，文科生收获应该不少。论文什么的，一直没搞懂老师要什么样的，按照自己的来，似乎给分很迷。对于大佬们半本书的论文我反正是懵逼的。
63950,3347,石春海,2017-12-20 03:39:45,2,4,2,很和蔼亲切的一位老师，平时以做5道小题的形式来点名，最后有一篇论文，只要用心写会有很高分，本人亲测最后4.8\n\nPS:最后论文按老师格式来，字写多点就行了
64393,3347,石春海,2018-07-10 01:55:18,-11,4,15,废话不多说，三点：\n\n1.人认真负责，上课还算有点意思，可以学点东西，也可以水水过。\n\n2.作业较蛋疼，我那次是找身边的遗传，还要照片什么的。反正我是网上找的，大作业也很多都是复制粘贴。\n\n3.给分好，4.8！我做的很普通，原以为是4.2顶天了，巨他妈爽！
64837,3347,石春海,2017-12-27 10:56:08,1,1,0,每次课堂小测简单，一次课程任务，一篇论文。\n\n给分一般。看了前面的回答发现自己论文大概在字数上就输了。
70029,3347,石春海,2018-01-26 04:15:06,1,1,0,给分差
78324,3347,石春海,2018-05-11 01:54:36,-1,0,1,OK！
78829,3347,石春海,2018-05-15 12:20:39,3,4,1,坑爹啊坑爹啊
79268,3347,石春海,2018-05-29 11:16:05,7,8,1,上课讲课声音太响了，耳朵疼，流脓
79450,3347,石春海,2018-06-05 12:47:00,8,9,1,老顽固！
79451,3347,石春海,2018-06-05 12:49:18,8,9,1,老古板，贼事儿！
80411,3347,石春海,2018-06-26 11:46:28,5,7,2,“我是教学督导”\n\n“我是教授”\n\n“我是领导”\n\n“王源绿揍”
80434,3347,石春海,2018-06-26 11:54:36,3,5,2,别来了，有点浪费时间，对生物感兴趣的学到的很少，写论文图文并茂？那不就是从别人论文里抄图表么？有什么意义啊…要求贼多，在课上写了一学期作业了
82245,3347,石春海,2018-07-07 14:41:54,5,7,2,史上最无聊。最浪费时间通识课
82834,3347,石春海,2018-07-09 08:00:56,4,5,1,老师略有点迂腐（不知道用得对不对），也比较严格。但很负责任，也很真心希望我们能学到一些东西。
82835,3347,石春海,2018-07-09 08:03:50,2,4,2,一分不能再多
82848,3347,石春海,2018-07-09 08:14:31,1,4,3,怎么说，被老师治学严谨感动到，也让我上得很辛苦，只是两篇论文，我感觉比法学专业课论文还烦，作为纯文科生，花了很多时间，最后4.2，也就这样吧
82850,3347,石春海,2018-07-09 08:15:47,4,5,1,每节课都有小测 还有两篇论文 给分有点迷。不过老师人还是很好的，经常劝退233
82853,3347,石春海,2018-07-09 08:27:56,5,7,2,时间花的最多的通识，论文写的最认真的一门课，3.6。1分。会劝退，所以你就及时退了吧。
82908,3347,石春海,2018-07-09 09:50:12,3,5,2,一分不能再多了
83642,3347,石春海,2018-07-11 02:03:27,2,4,2,给分很奇怪\n\n听说有抄论文的绩点上了4\n\n我一个纯文科生辛辛苦苦付出了这么多，绩点3.3\n\n不想多说什么了\n\n恶心。
86757,3347,石春海,2018-09-18 11:05:03,5,5,0,第一节，先打个九分，老师会让在查老师上看看，然后。。。。劝退，很幽默了哈哈哈哈哈哈233333
86758,3347,石春海,2018-09-18 11:07:33,4,6,2,被劝退来看查老师的顶我上去吧hhh
88187,3347,石春海,2018-10-23 12:54:51,2,2,0,很少会有老师提前30分钟到教室，感觉这种老一辈的严谨自律负责的态度越来越少见了，不论最后结果如何，我还是得为老师点个赞。
88612,3347,石春海,2018-11-04 00:55:33,0,0,0,一门通识课写4000字论文
89440,3347,石春海,2018-11-19 07:01:11,3,3,0,每节课小测基本都对 因为都看见书上原话了 论文也都是按照格式写的 最后3.3？实在不明白为什么？
89442,3347,石春海,2018-11-19 07:04:14,1,1,0,可爱的老头，我喜欢他
89477,3347,石春海,2018-11-19 09:00:46,0,0,0,刚刚跑完十二分钟发现成绩出来了，怎么说了，3.9。感觉自己变异作业写跑题了，分数不好看，要是老师多给两分就好了。老师上课不喜欢玩手机，每节课有小测，相当于点名，小测题目课本上有。
110575,3347,石春海,2019-06-27 13:38:31,0,0,0,王源绿揍。祝老师身体健康，生活愉快！
111688,3347,石春海,2019-07-02 14:13:59,0,0,0,老师已经退休惹，这门课的作业确实麻烦......
9592,3423,夏晓剑,2015-11-02 10:54:26,12,16,4,老师讲话不快
10806,3423,夏晓剑,2015-11-23 05:43:59,1,2,1,讲话很慢，人很好
14719,3423,夏晓剑,2016-01-08 12:28:27,1,4,3,讲话慢慢的，印象挺好。不过我认识的小伙伴分数都是80，可能是我们论文只写了3000+吧。
20514,3423,夏晓剑,2016-01-28 04:03:27,10,14,4,生态伦理学 讲课感觉不是很负责任 点名不点名其实真的无所谓 学生来听课的少 老师自己也不应该就认为自己是讲课问题而选择放纵翘课的行为
31554,3423,夏晓剑,2016-07-04 06:20:06,8,11,3,人挺和蔼的，但是讲课很无聊很随便，挺认真写了论文但给80分我也不知道说什么，因为一直觉得通识如果不是被正态的一般老师都会尽量给到4以上吧
33760,3423,夏晓剑,2016-11-20 07:05:19,5,10,5,我真的是醉了，论文有认真写，还是写了两篇，每节课也都出勤，上课还回答过问题，最后g点3.6，均g3.82，刚进学校就遭受这样的打击，之前一直觉得老师挺好的，但是这给分也太过分了！
33769,3423,夏晓剑,2016-11-17 15:57:12,19,23,4,挺水的，学不到什么东西
33772,3423,夏晓剑,2016-09-21 12:15:30,3,3,0,太催眠了，语速慢，声音小，没起伏
33775,3423,夏晓剑,2016-09-21 12:23:31,1,1,0,声音没起伏变化都是一个调子，听课没什么激情
35535,3423,夏晓剑,2016-11-10 07:24:56,5,5,0,很水老師很沒熱誠課頗無聊
35769,3423,夏晓剑,2016-11-10 08:05:36,2,4,2,很水的课，觉得听完之后收获不大，老师自己有时都讲不下去问我们下课了吗。。但是最后几堂课的纪录片感觉触动挺大的，很课程联系也很好，这一点觉得很好
35799,3423,夏晓剑,2016-11-10 08:13:46,3,3,0,课堂干货无几，水
36321,3423,夏晓剑,2016-11-17 01:29:46,0,1,1,垃圾超级垃圾 分低
36711,3423,夏晓剑,2016-11-15 13:28:11,1,1,0,没有想听的欲望，建议如果不是对这方面非常感兴趣的同学别选。我是水完的哎
36920,3423,夏晓剑,2016-11-16 13:25:13,0,1,1,课程没有干货，给分也挺差
36923,3423,夏晓剑,2016-11-16 14:21:38,0,1,1,慎选...这课有毒
36943,3423,夏晓剑,2017-01-18 09:18:06,9,10,1,到现在为止最无聊的课
36949,3423,夏晓剑,2016-11-16 15:50:34,0,2,2,每节课签到吧  课水  最后论文一般都是80
36979,3423,夏晓剑,2016-11-17 02:17:18,2,3,1,给分低，上课超级沉闷\n\n
36983,3423,夏晓剑,2016-11-17 02:44:19,2,4,2,上课没激情 每节课都去了论文也认真写完 可最后成绩只有79 感觉还是挺难过的
37006,3423,夏晓剑,2016-11-17 05:48:31,0,1,1,老师上课没什么热情也不讲什么有深度的内容，文科生还是不要去了。很难想一个理科老师不强调理性，强调思想深度，然而他又不相信这门课能带来什么，那他教什么啊。\n\n另外，大绩杀，抄书有高分，自己写思考没有高分。
37041,3423,夏晓剑,2016-11-17 07:14:06,0,2,2,真的非常不用心的老师，上一下课，随便讲点什么，然后就开始看视频，每节课要签到，然而给分还低
37047,3423,夏晓剑,2016-11-18 00:59:26,0,2,2,绩点太低太低了吧。本身课堂水没什么表现机会，所有成绩就看出勤率和论文。从没逃过课，论文认真写，结果绩点惨不忍睹。拉低平均水平。
37061,3423,夏晓剑,2017-03-01 12:32:13,-12,2,14,满绩了哈哈哈哈哈哈
37081,3423,夏晓剑,2016-11-17 09:22:18,2,2,0,很无聊  分还低
37263,3423,夏晓剑,2016-11-18 06:08:42,0,2,2,给分低
37347,3423,夏晓剑,2016-11-18 11:56:14,1,3,2,文科生真的慎选！慎选！慎选！ 课很水没干货，认真写了论文还是80
39456,3423,夏晓剑,2016-12-23 02:00:56,0,2,2,比较水，学不到什么东西，感觉老师讲课也不是很负责任，给分也不好
39930,3423,夏晓剑,2016-12-28 07:55:51,0,2,2,讲课乱七八糟，给分又低
43091,3423,夏晓剑,2017-01-15 16:12:42,0,1,1,还好吧，水是真的水，不点名但节节课签到唉，不考试就是一篇论文，老师声音太小，听不见，呵呵，文科生别选吧，虽然我为了科学方面绩点唉，
58914,3423,夏晓剑,2017-09-18 11:58:27,5,5,0,太无聊了。估计老师都不知道自己要讲什么。同学发言就可以过去三节课，我也是醉了。太水了。听他讲根本就学不到什么。
58919,3423,夏晓剑,2017-09-18 12:32:41,3,4,1,三节课就是干讲，还以打分方式让同学起来回答问题，真的水....
58923,3423,夏晓剑,2017-09-18 12:57:06,2,2,0,很水\n\n
59658,3423,夏晓剑,2017-09-25 12:13:58,6,6,0,想体验淼课的欢迎来战눈_눈\n\n完全不讲课，就是瞎说，想到哪是哪
59663,3423,夏晓剑,2017-09-25 12:45:26,2,2,0,不选一次夏老师的课，水字都不知道怎么写！
61231,3423,夏晓剑,2017-11-13 00:19:25,2,4,2,老师长的还是有点帅的，禁欲系。声音小小的，课上也没什么意思，有点水。最后一堂会点名。纪录片的选择还是不错的。
62414,3423,夏晓剑,2017-11-25 03:02:09,2,4,2,最后一节课点名，论文要言之有理，发邮件交作业要有礼貌，老师其实很注重这个，这样绩点不会过低的。
62419,3423,夏晓剑,2017-11-25 05:29:48,4,4,0,说不点名，最后一节课还是点了\n\n上课无聊\n\n原本以为人很好，分一出弃疗了。低分。
62653,3423,夏晓剑,2017-11-26 09:31:58,0,2,2,讲真上课就平时发一次言就可以拿到平时分了，剩下一篇论文，就没有事情了啊。上课极水，但很意外很意外绩点出来挺高的。而且还是K类啊很好了。上过那些事多的给分一般的看见这个分数热泪盈眶
62725,3423,夏晓剑,2017-11-26 14:58:07,-4,2,6,说实话，老师挺有思想的，课堂内容是按照老师的想法来的，老师很注重学生的思想。我是每节课都到，每次坐前排，也发过言，论文认真写，绩点还不错。其实不管什么课，只要态度认真一般绩点就不会差。
63488,3423,夏晓剑,2017-12-05 04:44:36,1,1,0,我竟不知道还有这般不负责任的老师
63611,3423,夏晓剑,2017-12-09 05:40:51,0,1,1,上课没什么实质性的内容，但是老师挺和蔼，节节课出勤，点名的时候在，论文认真一点绩点应该不会太低\n\n
63793,3423,夏晓剑,2017-12-15 03:08:24,0,1,1,想睡觉
64458,3423,夏晓剑,2017-12-24 06:22:31,0,1,1,老师挺好的，就是循循善诱，虽然会有十分的回答问题，我没回答，结业是一篇论文，几点也还可以。挺好的，自身也有气质。
78549,3423,夏晓剑,2018-05-13 01:55:32,2,2,0,平时没什么事情，只要发言一次就能拿到平时分全部，偶尔会点名。论文认真写绩点不会低。虽然学不到啥，但相比于某些事情多而又不好那分的课，还是可以的。
89744,3423,夏晓剑,2018-11-20 14:00:19,0,1,1,老实说，老师自己是认真对待每一堂课的，会认真准备PPT也试图真正地去普及一些生态伦理学的知识，还会准备一些有教育意义的纪录片。认真学是能学到一些精髓的，不过老师性格很儒雅，想水的完全可以水过，最后就是一篇论文，课程任务很轻松的。
89985,3423,夏晓剑,2018-11-21 12:49:43,0,1,1,天啦，没有回答问题\n\n交了一篇论文绩点4.5还是挺开心的
99079,3423,夏晓剑,2019-01-24 08:40:17,1,1,0,其实说真心话，认真听老师的课还是能有一定收获的，而且给分不错，又不占复习时间，一篇论文搞定，课上和老师互动一下绩点不会差的。
217038,3423,夏晓剑,2025-03-31 15:23:57,0,0,0,想想为什么19年之后的评论都没了。。。
19712,3454,陈云文,2018-12-06 01:00:15,13,18,5,呵呵。
19836,3454,陈云文,2016-01-31 06:37:23,6,18,12,1.实力有，人也不错 2.一个学者的态度在于虚心、包容和理性 批判，而非党派，护短，纷争 3.浙大不是北林，要培养的不是技能出众的工匠（我们早输在起跑线上了）
19932,3454,陈云文,2016-01-25 14:36:49,19,24,5,除教学以外的工作过于繁忙，因而投入教学的实际精力极为有限：课堂教学价值不大，考试周后几天才开始检查作业上交情况等。
21015,3454,陈云文,2016-02-10 04:22:10,-1,8,9,优点有，缺点是不太会上课，观念有点局限，手绘水平也不高，人还是不错的，投入教学的时间有，进步空间有。
21022,3454,陈云文,2016-02-10 10:51:20,3,12,9,优点有，缺点是不会上课，观念局限不说还很偏激(直接否定一些我们都还没深入了解过的设计理念或设计师，不是误人子弟是什么？)，但是人还是不错的。
21243,3454,陈云文,2016-02-27 10:29:48,-5,5,10,有实力，教学能力有待提高，人不错
23045,3454,陈云文,2016-11-08 07:26:25,-1,9,10,看得出来想要把课上好，很尽力了。但并不有趣。
32774,3454,陈云文,2016-07-13 01:39:42,-16,5,21,很有实力的老师，但是他实在是太繁忙了
40659,3454,陈云文,2017-01-20 15:39:27,23,30,7,这老师有个p实力，无非就是深圳待不下去了回杭州。呵呵，要不是靠家庭背景，能中几个标哦，设计能力实在渣。北林跟的孟什么来着？都是老一辈了，北林典型的保守派，来学校做几次讲座只会讲古典园林，现代前沿理论p点不懂的！中国现在需要的不是士大夫园林！\n\n还有，别以为自己是批俞派的就了不起，人家俞好歹是gsd出来的，是真正对现代中国景观有贡献的人，你某陈又做了啥？
41290,3454,陈云文,2017-08-19 08:03:43,-34,5,39,很负责任，人很好，上课态度是不错的，至于某评价里说的保守派什么的，保守派怎么了？！
51388,3454,陈云文,2018-05-22 03:15:52,45,62,17,这个老师根本不懂设计，人品也不咋地。骂俞孔坚也就罢了，连园林班的人提一下俞孔坚也要骂，呵呵。整天在校友群黑俞不说，还拿王绍增先生来压，说人家俞没有道德什么的，我就想问问俞怎么你了？弄得有杀父之仇似的！还有，孟兆祯来学校做演讲，陈云文整天卑躬屈膝，讲台上公然下跪昂头，装作聆听教诲之模样，思想何等封建！倪琪还没走，又来一陈云文，浙大园林永无出头之日！
51513,3454,陈云文,2017-06-14 03:02:43,1,4,3,不能再多了
51857,3454,陈云文,2017-07-06 15:55:38,9,15,6,作品如狗屎，人品似垃圾。
51962,3454,陈云文,2017-06-14 03:07:35,25,30,5,上课真的很垃圾，quote SXX，MZZ的几句话之外不能更多了。改了准大四的培养方案增加课程闹得鸡飞狗跳。说什么必须上，还什么联合校外导师教学。笑死。到时候不知道是哪几位导师，导师会来几次，能学到什么了不起的东西。
51963,3454,陈云文,2017-06-14 03:15:24,22,25,3,唉…想一出是一出 赚钱比教书重要
51964,3454,陈云文,2017-06-14 03:17:33,8,10,2,你这是在建设世界一流大学吗？
51965,3454,陈云文,2017-06-14 03:17:48,9,11,2,上课真的没有用
51971,3454,陈云文,2017-06-14 03:21:10,6,8,2,不靠谱
58124,3454,陈云文,2017-08-03 09:23:09,9,13,4,浙大招老师的标准何在？这种垃圾货色都要，简直了，呵呵。
58530,3454,陈云文,2017-08-31 12:02:07,9,12,3,呵呵呵呵…py交易
58531,3454,陈云文,2017-08-31 12:06:29,16,18,2,有毒的吧
58532,3454,陈云文,2017-09-08 03:25:09,16,18,2,除了瞎逼逼一无是处
58533,3454,陈云文,2017-09-08 03:26:23,15,18,3,真令人头皮发麻
58626,3454,陈云文,2017-09-11 05:24:45,6,8,2,下学期校外导师联合培养～让我们一起期待是哪三位导师吧！
58638,3454,陈云文,2017-09-11 15:41:09,9,13,4,一个自以为是救世主的不折不扣的人渣
60634,3454,陈云文,2017-10-26 00:15:37,5,6,1,???
63806,3454,陈云文,2017-12-15 06:42:33,4,4,0,呵呵呵
64678,3454,陈云文,2017-12-26 08:03:00,2,6,4,整天就知道跪舔马晓伟，孟兆祯的狗
65224,3454,陈云文,2018-01-01 13:26:57,-12,6,18,希望大家多一点包容理解，就像园林曾经包容应生的大家一样。
74571,3454,陈云文,2018-03-04 01:28:53,2,2,0,园林包容应生。。\n\n这个老师评论下面关应生卵
78788,3454,陈云文,2018-05-15 07:16:53,7,7,0,很 任性…
79156,3454,陈云文,2018-05-25 00:56:26,6,9,3,在陈老师课上自学到很多东西。。。
80302,3454,陈云文,2018-06-25 01:24:09,8,8,0,不知所云
83985,3454,陈云文,2018-07-11 16:01:50,-19,2,21,觉得陈老师还是非常有魅力而且儒雅的一位老师，就是平时太忙而且很佛π_π，园林初步设计这门课事情是很多，但认真完成，绝不会绩杀啥的，哈哈。
83997,3454,陈云文,2018-07-11 16:27:54,-14,0,14,没那么糟糕 也没那么优秀 可以适应 认真完成作业就 不会绩杀
87724,3454,陈云文,2018-10-11 02:48:14,21,23,2,陈云文改的这个培养方案是什么垃圾 全世界可能就浙江大学园林专业到毕业班了还这么多课这么多作业吧？设计课大二不赶紧上 非得扔到大四上 十年博士把你脑子读傻了？当初进浙大提前批怎么说这些学生也算是优秀的吧 确定专业的时候选了园林的也基本上是大类里的尖子 看看你们大学四年把一批人才培养成了什么样子？你们为人师表真的问心无愧吗？名字叫浙江大学园林研究所 一批老师既不搞研究也不重教学 一心想着做项目赚钱了？ 到了大四要毕业了 全班一半人转专业 能说明你们有多垃圾了吧？
87753,3454,陈云文,2018-10-11 12:56:13,8,9,1,无法用语言表达
87754,3454,陈云文,2018-10-11 13:07:27,9,11,2,从来没这么讨厌过一个大学老师。\n\n上课给每个人安排座位每次拍照点到，自己一点不会的东西还要求学生做得牛逼哄哄，身为大学老师到这个地步都不害臊？
87956,3454,陈云文,2018-10-18 14:31:21,13,14,1,从未见过如此任性的老师，请问哪个专业的大四是这样安排的，一门短学期课程，自学30多章gis，要课堂操作测验，加专题学术报告（10000+大报告or多个3000+小报告），还要加英文文献翻译，一个小组一本书，也就每个人30000+的文字量吧，恕我才疏学浅，内容根本理解不了。最不能忍的是小学生排排坐上课前拍照，自己课讲成什么样子心里没有数吗，强迫学生只听你的课很开心吗?全班没有一个人举手愿意跟你做神一样的联合毕设不会自己反思一下吗?查老师首评献给你!真的差!
88803,3454,陈云文,2018-11-08 08:24:13,15,16,1,培养方案根本不合理，自己却还很得意。平时不怎么出现，出现一下牛逼哄哄地怼人却毫无实际帮助。自以为很了不起，丝毫不考虑实际情况，想一出是一出。或许最后很多人转专业不是因为园林而是因为浙大园林。看到有说倪琪搅屎棍的，我觉得陈云文才是。
89207,3454,陈云文,2018-11-17 01:41:24,37,39,2,想吐槽一下整个园林课程设置心路历程  从设计初步开始 平时每周一个中作业最后说平时不怎么算分 主要看期末大作业；园林建筑1.5学分 ①和②就有5个设计 从零开始每月出图两张A0 ；规划设计也是 ①和②平均每1.5学分一个大设计 两个月时间花七周抠死手改平面图最后一周留来出海量彩平立面效果分析图； 园林工程①和② 都是1.5学分的课又考试又设计又全套施工图册 一周看场地一周出方案一周写报告展示一周画好施工 这学期都大四还又翻倍了；城乡规划原理又考试又翻译资料又论文 大四了申请季管得比大一还严格；每次都是上次作业都还没交 下次的任务书就发下来了 老师们好像都容易默认为学生就只有这一门课要上 能理解老师想多上点课时但是实际上所布置作业完全超额学生和老师的任务量 老师有苦衷学生怨声更大 全靠自学的大学四年园林生活真的太让人心累了 喜欢园林景观是真喜欢 但是真不敢再继续学了 太累了
89634,3454,陈云文,2018-11-20 05:33:35,3,3,0,自求多福
91790,3454,陈云文,2018-12-20 05:57:15,-3,1,4,人比较宽容，但确实忙，希望能多点时间备课，多放点时间在教学上吧。
92270,3454,陈云文,2018-12-27 10:48:01,27,27,0,听完课后踢足球大脚爆射的力度有很大提升
105343,3454,陈云文,2019-04-10 13:21:16,10,12,2,一想到陈云文的丑恶嘴脸，就对中国园林失去了信心，这样的人怎么会进浙大教园林，我不禁为下一代园林学子担忧，为整个园林行业叹息。太悲哀了，果断弃园林，永别了您嘞！！
109511,3454,陈云文,2019-06-16 06:07:37,-2,0,2,...
117597,3454,陈云文,2019-09-26 13:11:41,2,4,2,陈老师是个好人，很为学生考虑，也为浙大园林专业的未来考虑。低年级的人到了要升学的时候就懂了^o^
120423,3454,陈云文,2019-12-04 09:28:25,3,4,1,坑起学生来理直气壮，太坑了，签个字能鸽两周，宁是哪国领导人啊，贵班级拖延风气和宁也有点关系
124561,3454,陈云文,2020-07-03 03:20:20,13,13,0,作业贼多。然后说30号之前一定要上交成绩，把ddl卡得很紧，结果....感觉被坑了。
124569,3454,陈云文,2020-07-03 05:37:58,4,4,0,园林史与园林艺术。上课内容以PPT和他做过的项目为主，说话语速实在太慢了我回放开2.0倍速还嫌慢…布置很多作业但他好像不怎么看，这些作业与园林史的关系似乎也不大。对我个人而言这门课没有占据太多时间，但也没有学到多少，上课我基本不怎么听，作业一边二倍速回放一边做，在做作业查资料的过程中有一点收获。期末大作业时间真的很赶，这也是他布置的n个作业中唯一评分了的作业。
125363,3454,陈云文,2020-09-07 12:35:29,11,11,0,您是睡着了吗？
129219,3454,陈云文,2021-01-01 05:40:15,-21,4,25,陈老师人很和善，很宽容，但是在教学方式方面有待提升。总之，是园林所不错的老师。
135870,3454,陈云文,2021-05-31 06:44:55,6,6,0,他到底知不知道自己上得烂啊？？讲得烂就算了，ppt最好一点吧……自学都学不来.....
136369,3454,陈云文,2021-06-17 04:09:34,27,27,0,慢吞吞，迷迷糊糊，困呼呼，迷迷糊糊
156116,3454,陈云文,2022-06-17 15:15:17,0,1,1,是真的垃哦
158584,3454,陈云文,2022-06-30 10:38:01,1,1,0,云宝😭😭😭你带我走
171890,3454,陈云文,2023-04-11 08:11:47,0,0,0,不理解。
173151,3454,陈云文,2023-05-14 12:03:45,3,3,0,文文 我的文文
192676,3454,陈云文,2024-05-27 13:28:06,4,5,1,老师不尊重学生、不管学生，说话可信度极低，工作日在校时间极少，在个人公司项目上花时间精力占比远远超过学生，从不给学生看论文改论文，压着学生的小论文近一年不投稿，平时语言上态度差，经常临时通知重要事项，无法提早做好准备，总之劝大家不要选他搞论文/读研
199994,3454,陈云文,2024-10-10 12:44:12,2,2,0,果然每一届的对不同老师的评价是不一样的hh我觉得陈云文老师挺好的，升学的时候很为学生考虑
213556,3454,陈云文,2025-01-18 07:48:26,3,3,0,这个老师是怎么进来的？疑惑之极
107019,3460,李博,2019-05-01 00:53:04,2,3,1,茶与健康给分很差，认真了 努力了依然很差。
124013,3460,李博,2020-06-20 08:48:56,-4,4,8,茶与健康慎选，每一节课都很认真，课堂小测认真做，期末论文认真写，最后3.9，也不知道老师是看什么打分的。
220044,3460,李博,2025-06-14 04:51:14,0,0,0,论文期末周前才布置，5000字，要求比专业课论文还多
125059,3485,吴迪,2020-08-23 03:24:58,1,3,2,沙发~多草吴迪~~~
138275,3485,吴迪,2021-07-08 09:34:30,-5,1,6,农业创业概论，除了每次课都要签名签到其他的还挺水的，签名好像有人签完直接溜了，课很水，看着有啥课堂发言第一次第二次作业，还有论文，但是超级简单，老师给分超好！
157357,3485,吴迪,2022-06-23 04:50:10,-3,2,5,农业创业概论~能看得出吴老师在农学方面非常专业，而且除了课程相关内容会在课上讲一些他与学生的科研经历，是很好的老师！当然，给分也很好(*^▽^*)
161987,3485,吴迪,2022-11-15 17:05:59,-4,1,5,老师对学生很好！
162253,3485,吴迪,2022-11-18 10:06:01,-1,2,3,谢谢吴大的满绩，上课轻松有干货，四次作业
176248,3485,吴迪,2023-06-28 07:03:01,-1,1,2,农创事情小多，真要学还是有内容的，给分不错！
186494,3485,吴迪,2024-01-11 10:16:04,-1,0,1,农创，可水。作业会最后两周集中布置，要是分散到平时布置那就不会感觉很多了。老师人很好，给分也不错！
127022,3487,胡仲远,2020-11-03 03:23:49,0,0,0,………………
180386,3487,胡仲远,2023-09-21 10:43:40,0,0,0,。。。。。。。。。。。
181941,3487,胡仲远,2023-11-06 04:32:27,0,0,0,。。。。。。。。。。。。。。
36305,3504,关亚静,2016-11-11 14:59:29,-1,1,2,课讲得不错
158955,3504,关亚静,2022-07-04 02:13:51,0,4,4,课讲的不错，给分…
159036,3504,关亚静,2022-07-05 02:28:01,3,3,0,内容多，讲不完，给分很严谨，不看面子
159064,3504,关亚静,2022-07-05 11:08:47,2,3,1,种子学课程（好像是新开的吧）集种子生物学、种子检验学和种子贮藏加工学之大成，在40个课时内完成了三门种子班专业课的教学任务。\n\n作为面向作物班同学的课程，它无疑起到了灌输大量知识的过程，设置的实验也令人影响深刻。三位执教老师也各有特点，在此不一一赘述。\n\n然而，这门课程也存在一些不足：\n\n1、课程内容巨量，无复习提纲，无历年卷，重点不明确，期末复习只有1000多页的PPT可供参考\n\n2、考前老师好像有说考试内容不会过难，可考后却又亲口承认试卷难度较大（当然可能因为三位老师分开出卷的原因？）\n\n3、等等
165897,3504,关亚静,2023-01-10 09:11:47,1,2,1,老师很负责很亲切，上课讲的也很细
174797,3504,关亚静,2023-06-18 07:02:42,0,0,0,强无敌
16859,3549,徐建红,2016-01-19 05:53:42,4,5,1,风趣……
62763,3549,徐建红,2017-11-27 02:04:34,0,0,0,挺不错的老师
90207,3549,徐建红,2018-11-22 12:55:36,0,0,0,班主任
90208,3549,徐建红,2018-11-22 12:55:40,0,0,0,很和善
92137,3549,徐建红,2018-12-26 15:13:32,0,0,0,班主任大大真的超好嘚！\n\n非常耐心的老师吖！
92138,3549,徐建红,2018-12-26 15:13:28,2,2,0,班主任大大真的超好嘚！\n\n非常耐心的老师吖！
121617,3549,徐建红,2019-12-12 07:44:34,1,2,1,我认识一个老板......
126622,3549,徐建红,2020-10-09 05:11:09,0,1,1,太厉害了
218221,3549,徐建红,2025-04-22 06:07:18,0,0,0,徐建红我爱你＾3＾好捞
126101,4032,王蒙岑,2020-09-17 13:21:35,8,15,7,人超级温柔的好老师，点不点名无所谓，重点是内容
221073,4055,张天真,2025-06-21 06:27:51,2,2,0,上课声音小的可怜，不用话筒，不发PPT，期末喜欢往偏的考
129616,4100,梁岩,2021-01-09 02:00:46,0,2,2,梁老师真的太赞了 跟她学如何做科研成果pre 真的获益匪浅
197437,4305,方琦,2024-07-15 08:13:15,4,4,0,必须好老师呜呜呜呜呜呜呜，我爱fq（虽然第一眼看起来凶凶的，但是真无敌好！）
217502,4305,方琦,2025-04-11 15:02:04,1,1,0,实验课最好的老师，对昆虫不适的同学不观察也不会管
154309,4555,舒庆尧,2022-05-29 15:51:24,6,9,3,研究生的课程要求是真的烦，小作业2000字是什么东西啊。上课把把点20个人起来回答问题，建议以后直接让学生讲课算了。头一次见到有门课要写两个论文的。还是文科性质的论文，对研究生科研能力培养有帮助吗？把这门课改成政治课算了，这种两边不沾的定位，莫名其妙的要求，纯浪费时间。
78606,4642,李方,2018-05-14 00:08:02,14,14,0,bibibi
86587,4642,李方,2018-09-17 10:41:39,-32,0,32,老师很温柔。上课也管的不严
86847,4642,李方,2018-09-19 05:06:10,-30,0,30,老师的课讲的很好！上课也很轻松！！
88531,4642,李方,2018-11-01 02:12:34,17,18,1,重男轻女，天天提钱。
90611,4642,李方,2018-11-24 14:25:27,30,37,7,以同样的态度去学两门通识课，一门满绩，一门绩杀。我无语啦。论文修改无数次，讨论报告修改无数次，实践活动前查好几天的资料，竟然是这样的分数，我开始怀疑人生啦。
90612,4642,李方,2018-11-24 14:29:45,39,41,2,绩杀 慎选
90617,4642,李方,2018-11-24 15:07:51,29,30,1,3000字论文2000字讨论报告？？？嗯？？？绩杀没商量
90624,4642,李方,2018-12-28 15:05:19,25,28,3,绩杀!!!!!尼玛呢我辛辛苦苦写论文报告给我卡绩!
90625,4642,李方,2018-11-24 15:26:09,25,27,2,可怕，事多分低\n\n
90639,4642,李方,2018-11-24 15:52:52,28,29,1,不点名，上课很随便，就是一个人自顾自地讲，也不管我们。但是，给分真的认真过头了，这只是水课啊大姐！绩杀啊！选课慎重！
90643,4642,李方,2018-11-24 15:59:06,21,23,2,很难说学到什么东西，完完全全的水课，还是绩杀
90650,4642,李方,2018-11-24 22:15:51,20,21,1,上课很水，听不听无所谓，而且事很多，关键是最后卡我绩点。
90651,4642,李方,2018-11-24 22:23:34,17,18,1,mb   这老师就一怨妇   整天上课暗讽她老公    绩杀不解释
90661,4642,李方,2018-11-25 02:57:04,19,21,2,绩杀不解释，写了一星期论文呵呵
90670,4642,李方,2018-11-25 05:45:33,26,28,2,真的无语，插花比赛明明名次也很高，论文也很认真，然而最后给的分数令人失望。老师很凶，说话也很嘲讽，不拿正眼看人，慎选!!!
90673,4642,李方,2018-11-25 06:11:03,18,18,0,给一分是因为没有零分，呵呵
90723,4642,李方,2018-11-25 11:42:52,-20,0,20,插花论文比较用心的在查资料了，讨论报告也是，最后4.2，我也不知道成绩是好是坏，反正上课挺水的
90772,4642,李方,2018-11-26 02:59:28,16,16,0,给分低事情还多\n\n慎选\n\n两篇论文都是认认真真写的 根本没有什么用
90781,4642,李方,2018-11-26 04:13:00,16,16,0,可怕...上课无敌水是真的...但是...绩杀也是真的...虽然论文没有很早交但是我准备了一个礼拜呀...真的无语...看看老师就觉得是那种不和蔼的人(纯粹个人感觉)，我觉得一点都不亲切...早就想到会被正态了...我随便了，都佛了...你们就慎选啦
90805,4642,李方,2019-11-17 05:02:32,-28,1,29,课很水，而且老师看起来挺佛的。我插花比赛名次靠前，实践课17/20，讨论报告只写了三千字，论文只有两千八，但是最后绩点还不错
90809,4642,李方,2018-11-26 07:30:36,9,10,1,绩杀没错了  事多给分不好  慎选
90839,4642,李方,2018-11-26 12:00:27,10,11,1,课件是十几年前的，学不到东西，插花课所有人做的都一样，事多，上课很尴尬，自顾自的讲，两篇论文加起来七八千字都是好好写的，大绩杀呵呵
90922,4642,李方,2018-11-27 12:31:58,12,12,0,课上得还行，但是给分不好，脾气也捉摸不清。我觉得我写论文也算十分用心了，好吧，最后三分。总之，没有写作经验的慎选。
92741,4642,李方,2019-01-04 05:54:27,3,3,0,又水给分又差
92798,4642,李方,2019-01-04 13:01:35,4,4,0,第一门通识课 认认真真地写了讨论报告和论文 结果还是被绩杀3.0 很难受
92802,4642,李方,2019-01-04 13:29:45,3,3,0,绩杀，不要zuosi真的
96365,4642,李方,2019-01-21 01:14:42,3,3,0,绩杀慎选。
97100,4642,李方,2019-01-21 16:05:05,-3,3,6,李阿姨挺好的，虽然爱扯，但讲的都是实话，感觉现在敢说实话的人少啊
99180,4642,李方,2019-01-24 11:20:17,1,1,0,绩杀 别选
103353,4642,李方,2019-02-27 12:09:51,-2,2,4,挺享受的，上课很有趣，老师也挺有意思的。赞
104630,4642,李方,2019-03-25 12:26:30,1,3,2,辣鸡，别选，什么狗屁课，助教也辣鸡的一匹，懒得要死，名单什么的一团乱。整个小组分工时就是一团乱麻，每次布置任务就乱哄哄的，非常浪费时间，通知任务什么的也讲的很不清楚 老师还要讽刺我们，说我们怎么考上浙大的。老师很像更年期妇女，非常凶，总是白眼看人
104711,4642,李方,2019-03-26 10:08:31,9,9,0,助教一脸别人欠了她几百万的样子，态度恶劣，办事效率也很低，也没耐心\n\n老师也是一直讽刺人，说话咄咄逼人，白眼不断
107233,4642,李方,2019-05-02 13:08:57,2,2,0,不能理解  完全不明白给分的依据  还老爱抱怨自己评分低  为什么低自己心里没点数吗
107234,4642,李方,2019-05-02 13:11:00,1,1,0,认真对待却惨遭?杀 给分很迷 讲课也很无聊 对学生态度奇差
107236,4642,李方,2019-05-02 14:11:16,2,2,0,插花与盆栽艺术，通识课：讲课很烂，事实上老师给你的整体感觉也很差。作为一门通识课均绩3.77，有点低。总之慎选（我觉得如果不想连电路又选不上做面包酿酒之类的课的话，数学建模和调查问卷设计都是不错的博雅技艺（（小声
107237,4642,李方,2019-05-02 14:13:05,0,0,0,展示投票前三论文花了一星期8000字讨论报告近4000字最后3.9 老师我想不通
107238,4642,李方,2019-05-02 14:17:02,1,1,0,个人感觉:老师是爱花之人，但不是爱学生之人。上课是有态度的，课件啊内容啊插花实践课形式啊都有，但是老师在教学管理上存在问题，说话态度不是很好，课堂组织我规则无纪律，对于学生考评完全不上心，反正给分很迷就是了。一开始本想水水过，单纯为了插花而来，绩点什么的看淡了，最后我的绩点上4了，也算满意了。
107241,4642,李方,2019-05-02 14:20:36,0,0,0,绩杀。不说了
107243,4642,李方,2019-05-02 14:27:42,-1,2,3,。。。不懂老师评价怎么这么差。。无功无过吧。感觉自己付出的努力和绩点是挂钩的。。。(个人感觉)
107270,4642,李方,2019-05-03 01:17:12,-2,1,3,不要选，浪费时间给分巨差。我觉得同样的精力在别的通识课都可以满绩了…
107298,4642,李方,2019-05-03 06:51:41,2,2,0,还好啦  觉得通识的分不是你认真就一定分高的
116078,4642,李方,2019-09-03 04:42:00,2,3,1,什么态度
116079,4642,李方,2019-09-03 04:42:11,1,2,1,感觉自己宇宙无敌厉害 对学生指指点点 插花课无语至极
116583,4642,李方,2019-09-12 01:49:06,3,3,0,中秋的前一天收到了老师的中秋祝福，我惊了！我只是一个小透明而已
118613,4642,李方,2019-10-29 11:49:19,1,2,1,上次说过PPT展示只有5分钟\n\n准备了那么久 准确的准备了5分钟的PPT\n\nPPT展示当天说因为展示的人多\n\n所以缩减到3分钟\n\n快速的讲了4分钟PPT\n\n超时1分钟还要扣分\n\n有这样的一个老师？这么临时告诉我们\n\n我们哪里来得及啊 垃圾老师
119839,4642,李方,2019-11-16 04:18:24,0,1,1,我现在就是黑人问号脸❓
120018,4642,李方,2019-11-17 05:02:13,0,1,1,遇到个好队友比啥都强
123067,4642,李方,2020-05-07 15:08:03,0,2,2,2019-2020学年春学期上的，疫情原因没有上线下课，纯线上。\n\n讲课：讲真不好，就用点课件，对着讲讲。如果你有点辨别能力，就能看出那些课件的年代，可能是世纪之交时的产品了。。。想学知识的绕道。\n\n作业：一次小组讨论，一次论文。小组讨论感觉没有什么真正的意义，至于论文，大概就是制造学术垃圾。\n\n给分：虽说我的分数还挺不错（但是我并不满意），但是很多同学分数很不好看，还有卡绩这种事情家常便饭了。要绩点的绕道。\n\n\n\n
128538,4642,李方,2020-12-23 16:04:59,0,0,0,鸡杀，慎选
135339,4642,李方,2021-05-08 07:53:45,0,2,2,感觉还行吧，有插花实践内容，没有期末考试有个3000字论文，绩点还行。就是课堂学在浙大上有一次课中互动第一次不太会用那个答题，只给了几分钟时间做，网络延迟没交上去惨失1分刚好导致了卡绩
135387,4642,李方,2021-05-09 09:56:47,6,7,1,课件确实是老课件，但一学期四次插花实践也还算可以了，最后绩点4.5，且钉钉群里也有很多人谢谢老师，选不选还是见仁见智吧
135635,4642,李方,2021-05-17 12:22:35,1,2,1,我觉得非常糟糕 上课非常无聊 认真写了论文 绩点巨低 3 我真的无语
141607,4642,李方,2021-10-17 06:24:52,5,6,1,没见过这么恶心的老师，真的是，垃圾中的垃圾老师
172190,4642,李方,2023-04-21 11:46:42,6,6,0,评分标准挺迷的，随堂小测建议全改成选择题，然后感觉老师人感觉比之前的评论描述得好很多了，私下交流比较多，了解比较多，插花课作为美育加博雅技艺已经不错了，但大课不要有太大期望学到很厉害的插花技术，通识课给分都大差不差（听说老师还想申个劳育）
172633,4642,李方,2023-05-02 17:37:15,1,1,0,挺好的挺好的
172634,4642,李方,2023-05-02 17:37:15,1,2,1,挺好的挺好的
182157,4642,李方,2023-11-11 02:33:08,1,1,0,碰到过最捉摸不透脾气的老师。你表现得好，她逮住你骂其他学生的不是；你表现的不好，她就直着骂你。课上有“还好你要转专业，你读园林一点没天赋”，说大家“你们脾气那么急，以后都要生男孩”等迷惑发言。冤枉外国人，外国人在用中文解释的时候也不听，直接打断说“你中文那么不好要多学学”。对于自己喜欢的学生那是天天宝贝宝贝。每节课都在刷新三观。
183413,4642,李方,2023-11-25 09:31:20,0,0,0,作业很多，最后给分3.9，自认已经很认真花了很多时间了，不知道为什么。
184415,4642,李方,2023-12-19 07:34:24,0,0,0,绩杀。
191587,4642,李方,2024-04-25 11:29:48,0,0,0,盆景艺术：从不push作业，只有终极ddl前三天才跟你说期末论文和八篇实验报告要交啦（所以一定要自觉提前写实验报告否则期末直接火葬场）
202551,4642,李方,2024-11-13 05:49:21,0,0,0,24-25秋新农科插花，看到主要的热评都是18年的了，所以来发一下更新一下信息。首先，事情比较多，7次实验报告、一篇论文（会给大致的题目范围，也可自选，3000字），有签到，有小测，但是会边讲解边写。课程部分，确实能在实操中学习一些插花知识，制作一些插花作品，同时也能够自己带回，算是可以的美育课体验吧。但是，在操作上，如果能够在课前把老师发的视频都看了就还可以，不然就会像我一样一脸懵，老师其实是稍微有点急性子的，我也不像一些同学一样敢直接拦着问，就自己边看视频边摸索，再加上我动作不快，所以还是有点折磨的，但是拿到成品还是挺开心的。给分方面，只知道自己的和另一位同学的分数，感觉还可以，但是身边统计学，不一定靠谱。但作为一学分的课，不会有特别大的影响，而且实操也会有比较新奇的体验吧，总体还可。
202586,4642,李方,2024-11-13 08:38:22,0,0,0,作为一门1学分的课来说事情确实多了点，线上线下都有事情，每次课后都要写一份实验报告。\n\n不过习惯以后其实老师上课还是很随和的，本人每次上课前从不预习，做实验的时候慢慢看视频问老师或者助教都能完成，感觉不用太认真对待，放松插花即可～\n\n重点表扬一下24-25插花的助教cxjgg，人很有趣，一整个爱住了！\n\n给分只要报告和论文认真写，不会差的。
115350,4795,武亮,2019-07-19 07:09:21,1,1,0,讲得挺好
140078,4795,武亮,2021-08-25 02:58:15,0,1,1,很不错嘎
144093,4795,武亮,2021-12-17 11:31:02,6,9,3,没听过武老师的课，不过他是我的大一班主任，人超好，亲切又可爱，还没上年纪就白了一半头发，据说搞科研特别厉害。会主动组织班委开会，班会帮我们约农生环会议室，主动请非常优秀的学长学姐们给我们分享专业经验，而且还能联系企业参观（虽然最后因为疫情没去），就是资源特别多而且人又亲切。
149250,4795,武亮,2022-01-15 01:20:58,8,8,0,快跑，作物
165235,4795,武亮,2022-12-30 11:22:04,1,1,0,上课归上课，上课确实不错，但是科研方面真的没有那些本科生说的牛。哈哈哈哈哈
210666,4795,武亮,2025-01-09 15:01:57,0,1,1,老师心太狠了
131559,4890,王伟,2021-01-28 04:26:32,3,3,0,绩杀
148507,4890,王伟,2022-01-12 17:14:53,1,3,2,[微笑][微笑][微笑]生物物理学[微笑][微笑][微笑]上课没水平，给分还严格，就一篇论文，共同富裕不好吗
181798,4890,王伟,2023-11-01 02:57:54,1,3,2,上课和小学生上课一样，没事就嘿嘿笑，上课走来走去让你不得安生
184820,4890,王伟,2023-12-23 06:20:50,0,1,1,美女老师，但是讲课水平欠佳（上的她的核技术应用通识课）。讲辐照食品给我们发小零食hhh，课本身比较水
187422,4890,王伟,2024-01-16 04:57:17,0,0,0,给分还可以，感觉人也是不错的，只是讲课水平确实不太好
74905,4967,邱慧,2018-03-06 10:46:35,8,11,3,老师人还不错 但水平还不足以指导我们的发展方向吧
77416,4967,邱慧,2018-05-05 12:40:22,-15,4,19,老师很棒！而且炒鸡漂亮
77427,4967,邱慧,2018-05-05 13:12:38,-8,3,11,讲课很棒，课件很用心，但事儿有点多，期末的组内互评强行正态让人感到有些残忍。这本应是很好的课。8分，不能再多了。
78798,4967,邱慧,2018-05-15 07:36:02,17,18,1,认真写作业，绩点还是这么低。
78799,4967,邱慧,2018-05-15 07:40:07,13,14,1,事多分少，作业恶竞都没用，是我输了
78813,4967,邱慧,2018-05-15 09:21:29,15,16,1,破事贼多。给分低。恶竞相当严重。还搞组内正态。要不是J类课谁会来选啊
78848,4967,邱慧,2018-05-15 20:42:57,7,13,6,老师很漂亮，人很好。但是说实话感觉可能因为老师事情太多，对课程投入也不是很大，所以很遗憾，感觉收获并没有想象的那么大。
78930,4967,邱慧,2018-05-17 05:53:04,24,26,2,神坑老师，上课不能做别的事，讲课没水平，自己也不懂什么东西，很鹅颈，第一节课组队自我介绍，十五分钟搞完贼多事，大家都很不错，她上来一句失望难过说不认真我也是呵呵了，给分很烂，事很多，每节课都去认真听了，很认真的图表流程图各方面分析一万两千多字的规划书，下来给分刚上80，还要组内自己分等在下也是佩服
78943,4967,邱慧,2018-08-01 13:40:54,-11,6,17,老师长得很像马思纯，很漂亮。但是这堂课我的收获没有像想象中的那么多，私以为干货不是很多。还有就是觉得小组大作业与平时作业都挺认真的，但绩点不是非常理想，不过还是很感谢老师。
79017,4967,邱慧,2018-05-21 00:41:44,16,16,0,真 神坑老师，破事多，给发差，千万别选。。。
79893,4967,邱慧,2018-06-15 02:47:31,7,9,2,给分烂到不行，认真上课，认真讨论，认真展示，认真做职规报告，最后分巨低。隔壁高分热门老师不是没有原因的\n\n选课要慎重，没事儿别想不开呀
82315,4967,邱慧,2018-07-08 00:37:34,5,5,0,最后绩点一般吧 不过事真的贼多，让人无比焦躁，还不能玩手机……\n\n组内正态太伤感情，我们组是直接向老师要求，哪怕都是最低档，也要平均分，因为大家都很努力，感觉这门课最大的收货就是认识了超级好的小组同伴
85747,4967,邱慧,2018-08-01 13:40:32,4,5,1,认真做了作业，小组展示也十分认真，为了这节课，我们组每周都开会，结果给分不好，着实在意料之外。看到学习帝里这节课的均绩竟然有4.2，然后看了眼自己的绩点，真的扎心了老铁。话说老师上课的水平也有待提高。
139905,4967,邱慧,2021-08-16 05:59:13,5,6,1,无语，事多分低收获少
143574,4967,邱慧,2021-11-27 12:03:58,7,7,0,态度很不好
153575,4967,邱慧,2022-05-05 03:42:26,8,8,0,以为自己是辅导员就摆架子，人看着很漂亮，但是笑里藏刀，身边的同学也说，她表面上笑嘻嘻得，背地里不知道给你使什么绊子，还有脸在学代会的时候让大家内定投代表都投她……
159317,4967,邱慧,2022-07-12 11:16:56,3,4,1,怎么没有0分！我只想送她一个字，呸！
160517,4967,邱慧,2022-09-25 11:20:38,3,3,0,挺ex的一个老师，态度极差，趾高气扬，肤浅至极
174578,4967,邱慧,2023-06-14 08:44:11,3,3,0,挺ex的老师
200115,4967,邱慧,2024-10-13 10:46:04,0,0,0,。。。
207842,4967,邱慧,2024-12-24 12:25:04,1,1,0,"老师这学期上形策课，为人还不错。之前农院""新生之友""活动，是邱老师给我们讲了一些话，真的是真心话，很有用！"
215990,4967,邱慧,2025-03-09 02:59:58,1,1,0,作为形势与政策的老师，为人还是挺不错的
216004,4967,邱慧,2025-03-09 08:49:55,1,1,0,评分不应该这么低
126102,5013,桂文君,2020-09-17 13:22:37,6,7,1,自行体会
121463,5019,戴飞,2019-12-16 03:03:25,-32,4,36,老师很可爱(๑• . •๑)，而且学识渊博（各个领域的知识都有涉猎），跟同学也很合得来，上课经常来一些冷幽默，人也很直爽。不断强调最重要的是学到知识，不要太在意分数，但还是尽力让每个人都有个好看的分数。10分不留名
122655,5019,戴飞,2020-03-12 09:06:25,-29,6,35,老师很可爱啊，是上个学期选的，一直跟我们强调，比起绩点，知识才是最重要的。会有一次展示，平时会有点名，然后最终考试其实只要作业做了就都会的，感觉没什么压力，绩点也挺高。老师给分公正，该是你的就是你的。
124733,5019,戴飞,2020-07-07 09:22:35,-30,2,32,绩点不算高 但是上课真的学到很多东西（我是那个意见常常和老师相反不敢说话的憨憨QwQ 总之 这门课认真参与享受学习过程 分数肯定不错
125046,5019,戴飞,2020-08-19 07:03:39,4,7,3,啊这 1分伺候
125048,5019,戴飞,2020-08-20 07:32:00,51,59,8,这是那个逼死浙大女博士的老师吗
125049,5019,戴飞,2020-08-20 09:49:09,28,31,3,请问是那个逼死女博士的人渣教授吗？不过看着早期评论很正面的样子，希望我别认错人。就一句话，浙江大学这样下去早晚会毁在这群人渣和lj管理的手下
125053,5019,戴飞,2020-08-21 08:08:05,24,27,3,听说这垃圾逼迫女博士生与其发生关系导致女博士跳楼轻生？
125062,5019,戴飞,2020-08-24 16:35:04,12,14,2,请问是不是那个性侵女博士的老师啊？还在上课，不怕其他同学一起被性侵吗？
125082,5019,戴飞,2020-08-29 02:47:55,18,20,2,逼死了学生还在上课？
125136,5019,戴飞,2020-09-02 02:48:44,13,14,1,这是那个人渣老师吗，怎么还有胆子继续教学生
126486,5019,戴飞,2020-09-28 06:51:22,18,20,2,罪犯给我滚妈的
126581,5019,戴飞,2020-10-03 13:46:07,33,33,0,我没有过多的期盼，我只有一个愿望，就是浙大干净。
126704,5019,戴飞,2020-10-14 12:24:24,-28,3,31,讲真老师真的不错了，网上传的有多少是真的？反正我相信自己的眼晴\n\n
134115,5019,戴飞,2021-03-16 07:05:38,5,5,0,呵呵哒
134589,5019,戴飞,2021-04-03 10:27:32,11,11,0,垃圾，浙大耻辱
136947,5019,戴飞,2021-06-28 14:13:58,7,7,0,垃圾人，狼心狗肺
141017,5019,戴飞,2021-09-21 14:11:22,5,5,0,垃圾人
144417,5019,戴飞,2021-12-21 11:33:45,5,5,0,垃圾。
155034,5019,戴飞,2022-06-07 15:48:40,3,3,0,人渣玩意儿
171327,5019,戴飞,2023-03-21 17:19:38,8,8,0,那些好评的傻鸟上课是学的怎么用屌吗，还是就是喜欢被强奸的感觉。
180544,5019,戴飞,2023-10-03 01:33:43,7,7,0,李勇年代前来唾一口。
180927,5019,戴飞,2023-09-28 07:55:58,9,9,0,李勇年代前来挖坟，浙大出事真的频繁。
185335,5019,戴飞,2023-12-28 03:13:25,3,3,0,戴畜生活得风生水起，真tm晦气
197612,5019,戴飞,2024-07-22 03:28:20,3,3,0,强奸犯
208777,5019,戴飞,2025-01-01 16:57:38,0,0,0,戴畜生干了那么大的恶心事，还是没受到一点处罚，活的风生水起，可以推断它小头控制大头的癞毛病是不可能改的。选导师的时候一定要擦亮眼睛多方了解，千万要避开这种管不住小头的杂种
123068,5064,吴德志,2020-05-07 17:06:53,1,2,1,老师不错，感觉人很亲和
129161,5524,周文武,2020-12-30 17:05:02,6,12,6,老师很有趣，很正派亲切，就是有一丢丢理想化
140471,5524,周文武,2021-09-13 01:14:05,0,6,6,老师很好啦，上课认真听真的很有意思，最近也改进的教学方法，课堂活跃了不少，而且期末考试主要考自己的理解，不全是死的知识，老师人也很好，让我们按照自己的理解答题就行，不要紧张
153597,5524,周文武,2022-05-05 10:50:05,4,11,7,老师这么有才去幼儿园带孩子肯定很活跃吧……
153830,5524,周文武,2022-05-26 11:05:33,2,9,7,只会靠回答问题加分来活跃课堂
154404,5524,周文武,2022-06-15 03:33:30,4,10,6,老师挺好的，本来还有发言加分，同学们一提建议，这个制度就没了\n\n\n\n\n\n\n\n更新\n\n\n\n\n\n最后一次讨论课，助教让我们提前准备PPT之后，老师还在群里说课内准备就好了，考试周不要给我们增加压力\n\n\n\n钉钉问老师信息基本上半小时内会回，有次还在晚上12点多回我，真的好负责。比生物多样性的另一个老师好多了，问他啥都已读不回。\n\n\n\n虽然同学们都不怎么听，但老师是真的有在认真授课的，跟前两年的PPT相比今年PPT有很大变化，不像另一位老师PPT的内容过了两年基本一点都没变。\n\n\n\n至于上面一位同学说的课堂小测，你去看看评分标准就知道这几乎不占分的，随便选个选项就好了
155270,5524,周文武,2022-06-10 04:22:46,7,11,4,老师长得好帅呀呀呀呀
155271,5524,周文武,2022-06-10 04:24:20,1,5,4,周老师是一位很有理想的纯粹的老师，无论是在科研还是教学上。对学生很关心，对于学生的发展也很关心。
155301,5524,周文武,2022-06-10 11:30:21,-4,8,12,每节课无数次小测，还回答问题加分，好好一门通识课变成硬卷的东西，布置作业和讨论也悄悄咪咪不通知，就是个臭傻逼
160225,5524,周文武,2022-09-15 10:27:43,0,1,1,还行吧
166362,5524,周文武,2023-01-12 05:31:17,-3,1,4,给分初中初
177133,5524,周文武,2023-07-02 01:09:22,-1,1,2,人也很好，给分也很好
199529,5524,周文武,2024-09-25 03:15:14,1,2,1,更适合教小学生
136023,5595,黄健华,2021-06-09 12:54:12,6,7,1,老师是一个很幽默风趣，真正热爱昆虫的人，上他的课很有趣
136822,5595,黄健华,2021-06-25 06:20:54,0,1,1,讲昆虫真的挺有趣的，然后还让我们做了一个小实验，很棒
138264,5595,黄健华,2021-07-08 08:27:47,1,1,0,好好好
142826,5595,黄健华,2021-11-16 14:41:30,0,3,3,绿色农业挂了，不多说
169865,5595,黄健华,2023-02-28 07:08:14,1,1,0,老师上课很有趣，课堂氛围也很放松
178823,5595,黄健华,2023-07-24 16:06:19,1,1,0,夏学期的绿农。老师人还算和蔼，事情也很少（相比黄佳老师而言），只用观察一下试管里的果蝇然后记录下来写一篇实验观察报告就行。
220357,5595,黄健华,2025-06-17 12:43:00,0,0,0,老师和课都蛮有趣的，用试管养虫其实没那么可怕
133385,5648,沈志成,2021-02-26 11:39:01,0,0,0,男神！！
142578,5648,沈志成,2021-11-13 14:45:15,3,3,0,当老师在写黑板板书的时候记得要捂住耳朵
173622,5648,沈志成,2023-05-30 11:28:23,0,0,0,男神！上课干货给分好~
141039,5662,王一州,2021-09-22 06:38:53,2,3,1,温柔，耐心
147403,5662,王一州,2022-01-10 02:46:03,0,2,2,挺好的，温柔耐心
154833,5662,王一州,2022-06-06 04:40:37,1,4,3,论浙大如何用一门课（大生）让我磨灭了我的兴趣让我开始讨厌自己的专业的。老师是好老师，挺包容听温柔的，我只针对大学生物学的课程模式，一堆无意义的pre，生物本身就挺泛的，老师讲的很多东西太杂感觉都不是很有用，为啥就不能让这门课切口小一点，比如与本专业挂钩的生物知识。
173997,5662,王一州,2023-06-05 13:30:40,0,1,1,老师还行，但是大学生物学这个课真的是学不到知识但是要用很多形式上的东西来给你增加上课负担
181092,5662,王一州,2023-10-08 05:54:38,-1,0,1,老师很好，pre逆天，多的做不完，作为一节选修课
186738,5662,王一州,2024-01-13 01:25:14,-1,0,1,课很水，但是老师给分很尽力了
218100,5662,王一州,2025-04-21 05:28:42,0,1,1,不建议任何人选择《生物学研究前沿》原因有下：1.根本不是在讲生物学研究前沿，而是在讲三个老师的自己的研究内容，且非常基础，甚至连AI应用都没有涉及到；2.评分方式很垃圾，呈两点式分布，即3.5或4.5，本人全课程勤勤恳恳最后喜提3.5，直接把学年均绩从4.5拉低到4.44，只能说要选的人就做好拿3.5的准备吧；3.老师极度傲慢，本人以极其诚恳的语气询问成绩具体情况，就是大论文分数，老师也是经典已读不回，只能说这年头真的很多老师都是这b样，我也只能认栽了，也给大家避避雷吧。要是有其他选修课选千万别选这门课，其他课随便水水也有4.2，希望这门浙大教育的毒瘤早日关闭吧🙏
125514,5716,潘荣辉,2020-09-11 01:15:17,11,14,3,可爱的老师～
177123,5716,潘荣辉,2023-07-01 22:18:25,0,0,0,快逃！！！
178977,5716,潘荣辉,2023-08-11 00:17:16,0,0,0,快逃！！！
135782,5766,李飞,2021-05-25 15:22:04,1,5,4,李老师不给满？
142387,5766,李飞,2021-11-11 02:46:29,0,3,3,额，反正不知道上课在上啥感觉就是很迷茫，考试也不知道会考啥，发散性太强了。。。
162799,5766,李飞,2022-12-06 08:40:53,0,2,2,还彳亍
164212,5766,李飞,2022-12-19 08:16:46,5,7,2,作为我的班主任，很好
174776,5766,李飞,2023-06-17 13:49:26,-2,1,3,老师很有魅力
183758,5766,李飞,2023-11-29 18:36:47,4,4,0,期末考难度大，大家考得普遍不理想但是依然上调期末考占比。。农业昆虫学给分大家都会比较差，哈哈😄
129606,5809,曹方彬,2021-01-08 12:29:43,11,11,0,上课很幽默风趣，学到很多东西
139947,5809,曹方彬,2021-08-22 11:20:19,8,8,0,准备充分，讲课认真.为好老师点赞
194319,5809,曹方彬,2024-06-23 08:32:54,5,5,0,曹老师上课十分认真，会分享前沿的文章，而且十分亲切，听取我们对课程的意见，希望曹老师能多开几门专业课！！！
205440,5809,曹方彬,2024-12-06 09:29:37,3,3,0,挺好的老师
148505,6047,洪丽兰,2022-01-12 17:09:59,0,2,2,永远忘不了她上课的走来走去和临时改题目的小测。。。把生物物理学之前给分巨好事巨少的好老师还回来
148506,6047,洪丽兰,2022-01-12 17:13:45,0,2,2,[微笑][微笑][微笑]生物物理学这么水的课难道不应该遵循共同富裕给分原则吗？？？？就一篇论文一次展示，都自己学院的至于这样吗？？？？？
181797,6047,洪丽兰,2023-11-01 02:56:36,2,2,0,上课走来走去的是另外一个老师，洪老师真的讲的很好了，逻辑清晰讲话清楚
186930,6061,蔡圣冠,2024-01-13 15:09:16,1,1,0,和蔼可亲
177122,6102,宋士勇,2023-07-01 22:17:12,-6,0,6,快逃！
219056,6102,宋士勇,2025-05-20 05:26:57,0,0,0,大家哇咔咔火车开四季风景
123232,6104,吴佳雨,2020-05-22 12:24:01,-7,11,18,非常有才的老师！
123912,6104,吴佳雨,2020-06-16 07:32:03,-7,10,17,真的很好的老师！特别有才，跟他学可以学到很多很多硬技能。而且特别随和，前景无量！
124983,6104,吴佳雨,2020-07-31 01:10:26,-11,2,13,年轻有为的老师，扣一分给上课废话多吧hhh
126276,6104,吴佳雨,2020-09-21 15:35:54,-7,9,16,喜欢吴老师！耶！
126277,6104,吴佳雨,2020-09-21 16:02:47,29,35,6,阴阳怪气带师。读书看报王者。九年义务教育警告⚠️ \n\n年轻有为，势不可挡，通天文地理历史数学和综艺，带的学生也非常多，我觉得简直时间管理魔法师
126349,6104,吴佳雨,2020-09-23 10:07:50,-19,4,23,吴老师人好歌甜！
127788,6104,吴佳雨,2020-11-27 05:57:20,-7,12,19,吴老师是一位非常有潜力的年轻人，知识渊博，课程讲授有深度，跟他学习受益匪浅
127791,6104,吴佳雨,2020-11-27 06:09:51,-9,9,18,吴老师讲课非常有趣，兼顾深度和广度，课堂气氛很宽松，给分也很好！
129480,6104,吴佳雨,2021-01-06 05:17:19,33,44,11,吴老师的水平自然是非常高的，能力很强。但不会只有我觉得他就是个阴阳人吧。
129522,6104,吴佳雨,2021-01-06 15:04:46,11,17,6,对于一个老师来说 全班没人及格难道是一件值得骄傲的事情吗 我想不明白\n\n当然 我不否认吴老师年轻有为 他确实非常渊博
130109,6104,吴佳雨,2021-01-17 06:27:04,-6,11,17,喜欢吴老师的课，干货满满！讲五行可真是太有意思了，感觉老师传统文化知识丰厚哦
130347,6104,吴佳雨,2021-01-21 07:09:37,-10,9,19,吴老师上课超级好玩！给分也超棒！\n\ni了i了
130365,6104,吴佳雨,2021-01-21 11:44:32,-12,10,22,课好人好
130442,6104,吴佳雨,2021-01-22 11:27:38,-12,10,22,非常、非常、非常渊博的老师 老实说城乡规划与设计专题是我本学期唯一每节课都认真听的专业课…谢谢老师给我们讲这些我本以为我们专业永远不会学到的知识 （我觉得软件自学很正常吧！对比某辅助设计…我宁愿老师上课讲一些更丰富有趣的东西🙏🏻
130468,6104,吴佳雨,2021-01-22 15:22:42,-6,10,16,知识渊博，听课很享受
132315,6104,吴佳雨,2021-01-31 16:30:07,-13,9,22,老师的观念真的很棒！会潜移默化受益终生的那种
135531,6104,吴佳雨,2021-05-12 12:53:58,2,12,10,厉害得让人感到畏惧
140736,6104,吴佳雨,2021-09-15 13:25:50,31,40,9,接触之后才发现极度阴阳怪气且瞧不起学生，一个老师说话不能好好说吗……或许这就是北大才子的骄傲吧\n\n亏我当时上课第一印象还觉得这老师挺幽默\n\n典型的喜欢好学生类型的老师，过来人给后来人一个忠告吧（看透了看透了\n\n教学方面不想评价，只能说师德有点问题。其他已经懒得说了
140738,6104,吴佳雨,2021-09-15 13:31:51,30,38,8,学识渊博是真的，阴阳怪气也是真的。可以听他的课但建议不要和他有私下接触，否则这位北大毕业的学者会以极其高傲的态度，从你的学历到你的学识由头至脚的进行pua。
140839,6104,吴佳雨,2021-09-16 22:07:06,-16,9,25,吴老师学富五车才高八斗
140853,6104,吴佳雨,2021-09-17 01:56:21,-14,8,22,非常好的老师
144787,6104,吴佳雨,2021-12-23 15:18:56,22,26,4,呵呵，你敢不敢再功利一点
144962,6104,吴佳雨,2021-12-26 05:11:03,16,20,4,无语。
145005,6104,吴佳雨,2021-12-26 12:28:10,-34,5,39,吴老师讲解培养方案非常清晰，风趣幽默，对专业的发展有独道的见解。
145006,6104,吴佳雨,2021-12-26 12:29:00,-28,6,34,胖胖的老师！肚子里不是脂肪是知识！佩服到五体投地
145022,6104,吴佳雨,2021-12-26 14:35:34,-34,6,40,明明吴老师是一个好老师
145337,6104,吴佳雨,2021-12-29 05:54:30,21,26,5,😓您很幽默吗
145952,6104,吴佳雨,2022-01-04 15:15:24,-12,5,17,给分好\n\n虽然软件有点难 但是是这学期为数不多能学到点东西的课
146333,6104,吴佳雨,2022-01-06 08:36:45,29,34,5,1.上课有很大收获，傲气逼人，可以看出知识渊博，涉猎广泛，极力地想科普“常识”，反映了我们视野之狭窄与思维之愚钝\n\nps：部分内容比较简化，可以说是暴论或者是武断\n\n2.对于欣赏不了“幽默”的同学们就不要阴阳怪气的自嗨了，太下头了，课间唱歌嘿嘿\n\n3.课程东西很多，密度大，富贵在天了，gis给了一堆作业，全靠抄步骤，对学习技能没有任何帮助，可以说安排很不合理了
147313,6104,吴佳雨,2022-01-09 13:28:08,-16,14,30,不赞成“gis给了一堆作业，全靠抄步骤，对学习技能没有任何帮助”的说法
149868,6104,吴佳雨,2022-01-17 10:52:34,49,52,3,给分好是事实，但这位老师妄图用给分堵住学生的嘴也是好笑😄太虚伪太功利太令人无语了，我为有这样的老师感到可悲
149962,6104,吴佳雨,2022-01-18 05:11:10,49,50,1,所谓挫折教育吧\n\npua大师，“哇，你们连这个都不知道”然后就开始个人表演民科暴论观点了，听一乐呵就行，别当真，自己研究\n\n不着边际的幽默真幽默
151688,6104,吴佳雨,2022-03-11 17:37:00,21,23,2,人品dddd
152085,6104,吴佳雨,2022-03-25 05:04:38,8,10,2,......
152390,6104,吴佳雨,2022-04-07 12:56:00,62,69,7,华中农大的本科，不知道您面对浙江大学的本科生如何有这么一股趾高气昂的态度呢？谁不是从本科生成长起来的？在座的至少在高考时就已经胜过您了呢😘
152967,6104,吴佳雨,2022-04-22 13:13:18,17,17,0,大家自己体会吧....
154322,6104,吴佳雨,2022-05-30 06:36:29,8,9,1,我觉得我达不到老师的期待
154821,6104,吴佳雨,2022-06-06 02:00:05,28,28,0,能不能死啊，遇到您是我本科生涯最大的不幸
157327,6104,吴佳雨,2022-06-26 10:31:10,32,32,0,妈的什么时候死？？q
158297,6104,吴佳雨,2022-06-29 09:24:09,39,39,0,多面人，劝诸位一定要擦亮眼睛，尤其是当你沉浸在“他好为学生着想”“他好厉害”等的崇拜情绪中。现实会啪啪打你脸。就算此人伪装的再好也掩藏不了他功利至极自傲至极的事实。
159188,6104,吴佳雨,2022-07-07 14:04:58,20,22,2,傻逼一个
159269,6104,吴佳雨,2022-07-18 05:40:30,42,42,0,这位老师把人际关系当做一切可利用的资源。因此，当他来套你近乎的时候，可千万不要认为他在为你好，想想身上有什么可以被他利用的地方。过来人的建议，清楚自己想要什么的人，离他越远越好。因为这位老师的控制欲达到了极其可怖的地步，或者说，他认为给予了你什么，你就必须要等价回报他什么，因为这就是他当初套你近乎的真正目的。
159492,6104,吴佳雨,2022-07-27 00:35:15,35,35,0,恶劣行为太多，已经无力吐槽。把官场那一套搬进学校搬进师生关系，还自认为正确无比，但我只想求他不要污染学术环境。随意pua自己的研究生不说，还与部分有家庭背景的学生暗地里达成py交易，多了也不好说，懂得都懂。希望有勇士站出来撕开这位老师的伪善面具。
160001,6104,吴佳雨,2022-09-11 10:44:28,3,3,0,懂自懂
160543,6104,吴佳雨,2022-09-26 11:42:28,2,2,0,👀 👀
166444,6104,吴佳雨,2023-01-12 09:31:42,-17,4,21,这个学期没有以前那么猖狂了，没有以前那么阴阳怪气了。yysy，给分还不错的
174932,6104,吴佳雨,2023-06-20 04:00:54,11,11,0,表面一套背后一套 这就是所谓园林所的未来一代 6
179043,6104,吴佳雨,2023-08-24 09:32:41,9,10,1,功利至极，除了利益之外没有感情没有道德，所谓学术只是他能耀武扬威的官场，py学生开后门，一整个师门都风气不正。
180073,6104,吴佳雨,2023-09-20 08:43:33,9,9,0,送你一句话：不怕流氓口气大，就怕流氓有文化！
186045,6104,吴佳雨,2024-01-09 02:39:34,1,1,0,???
198313,6104,吴佳雨,2024-09-06 20:07:39,2,4,2,把学生关系当工具的一坨翔，和男学生关系诡异，并且在办公室发表厌女言论。说搞不懂为啥研究生女生比男生多，明明男生各方面都更加聪明优秀。尼玛狗翔一坨，被女人伤害过吗？\n\n    狗皮膏药一样粘着他觉得有利用价值的研究生出去吃饭，其实我们看见他就烦。
199996,6104,吴佳雨,2024-10-10 12:48:00,1,1,0,小心…
200453,6104,吴佳雨,2024-10-17 07:07:54,1,1,0,……吐槽的点太多，以至于不知从何开始
217145,6104,吴佳雨,2025-04-02 12:58:10,1,1,0,自己淋过雨，所以要把园林所学生的伞都给撕烂
124656,6122,谢雨婷,2020-07-05 07:01:53,21,28,7,对比园林其他几位老师，谢老师已经是清流了。
124763,6122,谢雨婷,2020-07-08 10:30:19,3,12,9,挺负责任的，但是作业是真的多。
124982,6122,谢雨婷,2020-07-31 01:09:11,3,14,11,园林所为数不多的好老师。
125360,6122,谢雨婷,2020-09-07 12:13:21,18,23,5,事情是真的多，给分也不好。
125361,6122,谢雨婷,2020-09-07 12:15:01,10,14,4,园林就没有好老师吗，呜呜呜，付出与回报不成正比
125362,6122,谢雨婷,2020-09-07 12:30:41,12,19,7,?? 我是真的想骂脏话 这么多事 还暑假辛辛苦苦天天努力做模型补实验 就这么点分?? 看不见我们有多辛苦吗 这还是第一门设计专业课 服了
125366,6122,谢雨婷,2020-09-07 13:55:11,9,13,4,谢老师课上的还不错 就是给分的确一般吧 \n\n付出和回报的确有点..
125370,6122,谢雨婷,2020-09-07 17:09:18,5,10,5,在谢老师的课上确实学到了不少知识，但这个成绩让人有点不甘心，毕竟投入了那么多时间精力
125439,6122,谢雨婷,2020-09-09 04:36:44,5,13,8,虽然但是……因为得分低就否认老师感觉不太好吧。我认为认真听谢老师的课还是能学到许多知识的。我得分也很低，但我坚信是自己太菜的缘故。qwq
126278,6122,谢雨婷,2020-09-21 15:41:21,5,17,12,我爱阿谢！！！！\n\n明明就是很有情怀，上课又有干货的老师！
126281,6122,谢雨婷,2020-09-21 15:50:13,25,37,12,园林设计初步不管哪个老师教事都很多好吗 大一的小朋友你们要是上了之后的课就知道谢老师教的有多好教学多有激情有多用心上课有多少干货了  懂得感恩和珍惜吧
128042,6122,谢雨婷,2020-12-04 06:50:23,-3,10,13,谢老师太好了！水平高，讲话温柔
128043,6122,谢雨婷,2020-12-04 06:58:13,3,9,6,谢老师的课，每次的备课的很认真，很硬核，但是确实够努力分就会好。仔细听课，明白老师的要求，力气花对一定有回报的。关键是很温柔。如果努力了分不高怕不是上课划水，作业疯狂卷？
135470,6122,谢雨婷,2021-05-11 05:22:40,8,12,4,作业太多了 不合理
136667,6122,谢雨婷,2021-06-22 15:07:55,6,9,3,差，作业多还离谱，快期末考了还要交大作业，没见过这么神仙的老师！
136915,6122,谢雨婷,2021-06-28 07:33:27,7,11,4,期末还这么多作业 多少沾点
136986,6122,谢雨婷,2021-06-29 07:43:09,13,21,8,呵呵😄完全不懂一个老师有什么好甩脸给学生看的…考试周布置大作业本来就不合理…看不懂…
137844,6122,谢雨婷,2021-07-06 09:36:48,13,21,8,前面的别骂了，在园林诸多牛鬼蛇神中，谢老师已经是一股清流了
138189,6122,谢雨婷,2021-07-08 00:34:33,5,11,6,没有什么人情味...心寒
138240,6122,谢雨婷,2021-07-08 06:19:27,-4,7,11,感觉老师真的很温柔，虽然有时候上课会读ppt。至于做作业 一定要按要求做按要求做按要求做不要乱卷。
138244,6122,谢雨婷,2021-07-08 06:38:38,3,8,5,老师真的教的挺好的，至于作业，上了课也会发现这门课、或是这个专业，确实是实操作用远大于理论的，给分也是按每份作业按规则打的
138377,6122,谢雨婷,2021-07-08 23:13:41,4,11,7,事确实很多……但是平心而论谢老师真的已经是园林最好的老师之一了。。。老师能看到你的态度，认真了分不会差的！
138469,6122,谢雨婷,2021-07-09 10:48:49,-2,3,5,...
139924,6122,谢雨婷,2021-09-07 21:58:35,6,21,15,你寄吧谁啊😅
139928,6122,谢雨婷,2021-08-21 04:17:30,4,9,5,真的好烦人啊她，救命
140054,6122,谢雨婷,2021-08-24 07:50:53,15,21,6,五天的短学期，整这么多作业我真的无语了\n\n其实作业量大我也就认了但是你能不能真心为学生想想啊\n\n隔壁周老师还会删减作业量你只会说“作业量这么大你们前几天这么悠闲我真的很担忧”\n\n担忧nm
140067,6122,谢雨婷,2021-08-24 12:57:48,16,21,5,“我回家咯”
140080,6122,谢雨婷,2021-08-25 05:31:22,6,12,6,六天短学期课程安排很不合理，两个模型一张A0海报要求两天完成，明知时间很紧也不把前两天较简单点任务压缩一下，海报模板到第五天才发，根本不考虑学生的情况。 就课论课，其余个人言论行为这里不做评价，只希望把学生当个人别只想着自己，谢谢
140081,6122,谢雨婷,2021-08-25 05:34:21,7,13,6,蚌埠住了，五天三个大作业，很多同学搞到凌晨末了来了句“你们怎么这么悠闲”。\n\n\n\n哦，觉得我们悠闲可能是因为一天十几个小时您就来了一个小时吧。毕竟咱看不见就代表我们不努力呗。\n\n\n\n搞了这么久的模型做到凌晨最后得到的只有否定，最后搞卫生还说“老师和助教不是为了给你们搞卫生的”，我们那么多人搞您的作业搞到凌晨哪来的时间收拾东西。\n\n\n\n\n\n真的要折寿了😅
140098,6122,谢雨婷,2021-08-25 13:44:53,1,7,6,我可去你马的吧
140104,6122,谢雨婷,2021-08-26 01:25:37,8,14,6,怎么这么多老师以作业量多为荣啊？？？？？？
140114,6122,谢雨婷,2021-08-26 11:40:28,5,12,7,教学水平有限，教学规划混乱，不负责任
140233,6122,谢雨婷,2021-09-06 09:33:33,-1,13,14,傻逼女的
140235,6122,谢雨婷,2021-09-06 09:58:53,-1,10,11,真的有病 我不理解
140255,6122,谢雨婷,2021-09-07 06:09:38,1,8,7,园林所没有好老师
145656,6122,谢雨婷,2021-12-31 03:03:14,31,41,10,真的不理解为什么差评那么多还说话那么难听。确实，谢老师的课作业是挺多的，给分可能也不算说是特别好，但是她真的是很负责很温柔的老师，一些见解和点评也挺到位的，对做的好的方面会有所肯定，不足的地方也会温柔且清晰地指出。没出分之前来评价一下，感觉谢老师不应该是这个分数…
148970,6122,谢雨婷,2022-01-14 04:58:33,-2,3,5,…………
150304,6122,谢雨婷,2022-01-22 03:42:17,27,32,5,为老师正个名，是很认真很负责的好老师，也会很温柔地指出不足的地方，相比起园林所其他某些只会pua或者揪着某些小点疯狂答辩式提问的老师已经好上一千倍了。谢老师的课一般都比较硬，可以看的出备课非常认真，也很有条理性，这点也可以秒杀园林所许多讲课不知所云毫无条理的老师了。好好学谢老师的课是能学到不少东西的，大概第一次接触设计课经历事多分少都会非常不平衡，所以谢老师作为设计初步老师反而成为集火攻击的对象了(流汗黄豆)
152086,6122,谢雨婷,2022-03-25 05:54:22,8,10,2,设计初步。大作业比较多而且硬核，但毕竟是第一门设计课多少会不适应的，个人觉得老师讲课是比较负责任的，PPT也看得出来花了心思整合景观例子和不同教材，课后跟学生聊专业特性和规划也有挺多对我有用的专业经验，水平感觉整体还行。老师本人比较活泼，挺可爱的。
152569,6122,谢雨婷,2022-04-15 00:41:02,5,10,5,大一的小朋友们，上了暑假的短学期课你们就懂啦～
152774,6122,谢雨婷,2022-04-19 13:48:04,8,15,7,老师人很好，如果骂她的教学也体谅一下，老师也是这几年刚开始职业生涯，但是她对教学非常有热情，且愿意传授自己的知识，某所难得的好老师！
153136,6122,谢雨婷,2022-04-26 04:25:22,0,6,6,呵呵呵
156856,6122,谢雨婷,2022-06-21 07:20:49,9,15,6,从来没有这么讨厌过一个老师，上课讲得和学生上去展示一样，学了一学期和没学差不多，我个人没什么兴趣学设计，大家也不用在意上面我说的。但是，这个老师真的不懂得尊重学生，甩脸给谁看呢？呵呵，钉钉消息已读不回，玩失踪，要是一开始就麻烦您了，真是不好意思，是我们语言理解能力差，不知道您的5分钟我们是耽误不起的呢。
157756,6122,谢雨婷,2022-06-24 16:49:11,6,15,9,设计初步这么辛苦，就给这么点分数，对得起我们吗？rnm！退学！
159433,6122,谢雨婷,2022-07-19 09:14:14,2,7,5,挺好的人
161614,6122,谢雨婷,2022-11-09 11:55:24,3,13,10,已经毕业忍不住回来评论，真的很喜欢谢老师，在老师这里真的学到了很多，老师也是真心非常关心学生，如果老师真如许多评论所说不尊重学生，那为何老师会不胜其烦和班里的每一位同学聊职业规划，我们这一届一些有转专业意向的同学也是谢老师在联系相关老师，说老师钉钉不回复的，有没有可能老师就是不常看钉钉，每次微信私信老师问问题，老师都回复得非常迅速且认真，老师已经尽心尽力，她个人也非常投入工作和教学，有时一两点还会给我反馈意见，因此她对学生的要求也会比较高，希望大家的成果都尽量的好，老师也是真的希望大家能全心投入，至于投入和回报不成正比，这是许多设计专业都存在的一个问题，而且大家也是刚刚进入这个专业，可能一时无法理解和进入状态，但是这也是至今设计领域的教学的难点，我想说如果真的因此困惑，完全可以向老师请教，及时沟通，老师肯定可以给出很多很好的建议，而不是可能因为不高的分数对老师否定
172704,6122,谢雨婷,2023-05-04 22:50:57,0,7,7,是真的非常 非常喜欢谢老师。她真的超级有情怀，有对设计、对教学、对研究的热忱，很温柔，也非常敬业，学术上遇到问题，她都会非常耐心地给我很多建议…因为她我看到了很多的可能性，也因为她我找回了学设计的初心和对学术的热情。评价一个老师好不好不是看打分高不高作业多不多不是吗？作为一个老师、一个学者来说，谢老师真的很好很好。而且哪怕是给分，从我个人经历而言我觉得我的付出也在绩点上看到了回报。就凭老师的学术、教学态度，对学生的耐心程度，以及让我对景观这个学科从“随便吧拿到文凭就行”的态度，转变为逐渐找回初心和热爱，发现自己还是在真情实感地喜欢这个承载了我太多年梦想和期待的学科，找到自己想深入做下去的东西，我就觉得谢老师至少在我这里值得给满分。
176630,6122,谢雨婷,2023-06-29 13:08:21,4,8,4,谢老师！！！美丽温柔的谢老师！！！请接受我的吻啊不是开个玩笑\n\n这学期的作业相比前两年应该少了一些，但不可避免地还是熬了几次通宵，，，对于第一次接触设计（甚至是没有绘画经历）的大一同学来说老师的作业可能的确有点困难，需要从零开始为爱发电。但是老师人很认真负责，也很求是（），每次点评作业都能学到新的东西，感觉自己有在慢慢进步。
176969,6122,谢雨婷,2023-07-01 02:15:16,3,8,5,超超超认真的一位老师，每次点评作业都能让人有极大的收获，虽然平时作业对于零绘画基础的同学来说有点吃力，但真的学到了好多。\n\n表白老师！！！
179009,6122,谢雨婷,2023-08-19 13:39:57,-1,3,4,最好的老师
179422,6122,谢雨婷,2023-09-15 05:12:51,9,10,1,完全看画画水平，和设计思路没太大关系，画的好看分就高，画的不好看分就低
179564,6122,谢雨婷,2023-09-18 08:38:43,-1,2,3,差差差
220852,6122,谢雨婷,2025-06-20 06:26:03,2,2,0,好老师 设计会给建议 很温柔很可爱的姐姐
221508,6122,谢雨婷,2025-06-24 05:54:51,1,1,0,非常好的老师
138299,6204,向珣,2021-07-08 11:40:32,4,4,0,妈妈一样的老师，但是有点叨叨了
174888,6204,向珣,2023-06-19 10:49:08,1,2,1,事太多
191461,6204,向珣,2024-04-23 05:36:52,1,1,0,老师记得每一个同学的名字，非常和蔼可亲。有一次东西落在实验室，老师还专门帮我找了两次，真的很好的老师！有问必答，非常热情！是一位非常质谱的老师，更偏向于具体的实践。
121737,6337,胡艳,2020-01-21 10:10:07,3,11,8,垃圾
122478,6337,胡艳,2020-02-29 12:46:05,-7,9,16,上课做自己事情不管你的，现代遗传学概论一篇小作业一篇大论文，有一次小测当点名，可以偷偷用手机，给分还行。
132176,6337,胡艳,2021-01-31 00:33:21,2,3,1,正态有点狠
133581,6337,胡艳,2021-03-02 09:52:37,2,5,3,明确说明了不调分，课堂有讨论，对同学的问题爱答不理的，对老教授毕恭毕敬，有点欺软怕硬的感觉
139170,6337,胡艳,2021-07-13 06:03:54,4,8,4,老师就是刀子嘴豆腐心，第一节课先给我们下马威：自己不调分。最后出成绩的时候，全班都过了，老师捞了菜菜的我！太感谢了呜呜
139317,6337,胡艳,2021-07-14 09:14:15,1,3,2,好老师。。。
145484,6337,胡艳,2021-12-30 03:08:02,5,10,5,现代遗传学概论，刚交完论文来评的。课讲的很严谨规矩 不会生动的眉飞色舞像一些活泼的能调动课堂气氛的老师那样 就是课本内容放在ppt上讲 但也会讲一些例子 不是朗读机器 上课当即提问或者课后问她都会解答……可能是因为很多知识都不很难，高中也都涉及过，所以生物知识比较丰富的人可能会觉得听的一半是已经知道的内容，如果会考虑这一点的朋友可以思考要不要选。\n\n要求收掉手机听课 但好像没抓人 不知道会不会默默看在眼里……\n\n一次小作业画个遗传系谱图就跟高中生物题目那样的，比较简单 ，有一篇论文。\n\n感觉对同学的态度并不像其他评论一样，我们班问问题她都挺认真说的，我艺术团去外面演出要请假，她马上同意了，因演出不能上课而当面给她交论文和假条 胡老师还给我巧克力并且让我常常来玩～
148586,6337,胡艳,2022-01-13 02:33:02,0,3,3,出分了来评个论。给分挺好的！事情真的不多，一份遗传系谱图（老师会讲解怎么做），一份论文（第一个教我怎么写论文的老师！）最后交作业还很贴心的帮没交的同学延期。交论文的时候忘记订了，老师也会放在一边说她会帮忙订起来，真的很温柔。上课蛮有意思的，部分内容与高中生物相似，刚刚上课会要求放下手机，关掉电脑，但是也没有强制性。总之是一个好温柔的老师就对了！
150777,6337,胡艳,2022-02-18 08:34:21,-4,3,7,我觉得事情很少的呀、、震惊，浅做了下遗传系谱图（就只有我和父母三个人的版本），然后认真写了一篇论文，题目没有很难（没有很集中大概写了3天）。最后给分真的挺高的欸、、我觉得还不错！
152441,6337,胡艳,2022-04-11 10:45:50,0,5,5,恶心恶心恶心恶心恶心恶心恶心恶心恶心恶心恶心恶心恶心恶心恶心恶心恶心恶心恶心恶心恶心恶心恶心恶心恶心恶心恶心恶心恶心恶心恶心恶心恶心恶心恶心恶心恶心恶心恶心恶心恶心恶心恶心恶心恶心恶心恶心恶心恶心恶心恶心恶心恶心恶心恶心恶心恶心恶心恶心恶心恶心恶心恶心恶心恶心恶心恶心恶心恶心恶心恶心恶心恶心恶心恶心恶心恶心恶心恶心恶心恶心恶心恶心恶心恶心恶心恶心恶心恶心恶心恶心恶心恶心恶心恶心恶心恶心恶心恶心恶心恶心恶心恶心恶心恶心恶心恶心恶心恶心恶心恶心恶心恶心恶心恶心恶心恶心恶心恶心恶心恶心恶心恶心恶心恶心恶心恶心恶心恶心恶心恶心恶心恶心恶心恶心恶心恶心恶心恶心恶心恶心恶心恶心恶心恶心恶心恶心恶心恶心恶心恶心恶心恶心恶心恶心恶心恶心恶心恶心恶心恶心恶心恶心恶心恶心恶心恶心恶心恶心恶心恶心恶心恶心恶心恶心恶心恶心恶心恶心
164593,6337,胡艳,2022-12-22 05:41:28,0,1,1,老师人挺认真负责的，但是内容好硬核啊文科生听不懂..
166426,6337,胡艳,2023-01-12 08:40:27,2,2,0,给分低
166435,6337,胡艳,2023-01-15 08:01:02,0,1,1,认真写了论文了，但给分好差啊啊啊啊
167036,6337,胡艳,2023-01-14 17:04:34,0,0,0,给分真的好差啊😭
176452,6337,胡艳,2023-06-29 03:10:47,4,7,3,脑残东西
176466,6337,胡艳,2023-06-29 04:08:05,2,2,0,抽问能不能别逮着几个人薅啊
176652,6337,胡艳,2023-06-29 14:46:29,3,4,1,事多课水给分差，要有心理准备
188544,6337,胡艳,2024-01-19 08:34:59,-2,0,2,现代遗传学概论特别好 老师从不点名 课很水 最后一节课有个小测 可查手机 平时作业只有一个染色体图 期末一篇论文认真写 结果给满啦！特别谢谢老师 我大学第一个满绩
188556,6337,胡艳,2024-01-19 08:41:29,1,1,0,给分非常差
211687,6337,胡艳,2025-01-12 07:30:10,-1,0,1,给分巨烂
212096,6337,胡艳,2025-01-13 07:24:53,2,2,0,点过三四次名吧，一共是两次小测（三四道选择题），一个期中作业，一个期末论文，最后给分还行
212234,6337,胡艳,2025-01-13 13:44:14,3,3,0,上课真的很无聊，高中生物学过大部分，老师讲的也无聊。\n\n期末作业是一篇5000字论文，文科生表示真的会谢\n\n课上两次小测，选择题，每次五道左右\n\n我拿了4.5，给分可以的
212457,6337,胡艳,2025-01-14 04:43:25,1,1,0,给分很好 谢谢老师
213422,6337,胡艳,2025-01-17 09:14:12,1,1,0,想拿高分还是得到课，本来习惯了老师数字点名，每次第二三节课上课前会和一大帮同学一起蹲守在智云课堂等数字（北教智云是看得到同上网课的同志的），然后最后一节课老师看签到人数不对头，然后又来了一遍雷达（虽然我没签上但是觉得莫名好好笑）\n\n然后给分的话还可以，有几次小测但是不管，题目其实也很简单，平时一份作业和期末论文分别为2000和5000字，都是靠着某位G姓朋友的帮助几个小时完成，最后4.5。助教也非常好，作业能延期，并且会多次提醒
215650,6337,胡艳,2025-03-03 10:24:36,0,0,0,签到就开放30s，这是人能干的事儿？
219219,6337,胡艳,2025-05-23 06:56:50,1,1,0,上课无聊，两次小测，给分还行
130372,6345,唐璞,2021-01-21 12:54:09,7,9,2,“心中所思或者发声，都抵不过身临其境碰撞出的震撼。今者吾辈远赴鄂皖，欣欣然寻虫也。自喻适志与！不知归也。”2014级植保系本科生莫鸿茗在2016年远赴大别山野外实践后写下这样一段话。2018级博士生韩源源曾在西藏待了20天，纯天然的高原风光，仿佛触手可碰的云朵，捕捉到大个姬峰科的经历更是让他难以忘怀。2017级本科生余婷在2019年的暑假跟随大部队来到了海南，夜晚灯诱时意外捕捉到个体超大的乌桕大蚕蛾，至今仍给她带来满满的自豪感。\n\nhttps://mp.weixin.qq.com/s/MdltXoVSk2rUU5zrZZuQ-Q
139417,6345,唐璞,2021-07-15 09:54:11,5,5,0,唐璞老师，我的超人！\n\n讲课好，给分好，救命于水火之中。\n\n分类学超强，这个最年轻的男人真的太棒了。
144629,6345,唐璞,2021-12-23 02:06:39,3,3,0,唐老师，他超好！讲课超级认真，实验课也很耐心！最后给分也超级好（虽然期末出卷说不难，还是难死本垃圾狗了，哈哈哈哈哈
159056,6345,唐璞,2022-07-15 04:00:47,6,6,0,爱了爱了贼帅
159224,6345,唐璞,2022-07-08 09:34:03,2,3,1,非常好
159371,6345,唐璞,2022-07-15 03:54:02,1,1,0,唐老师是我来到浙大的一束光，为我的生活增添了不少色彩；本来日常学习就很辛苦，但是在唐老师的课程中，能在欢乐中真正地学到知识！怒赞！！！！！！！！
159372,6345,唐璞,2022-07-15 03:55:12,1,1,0,爱了爱了
161750,6345,唐璞,2022-11-12 05:37:58,5,5,0,老师只给我上过四节课，但是在路上碰到他居然还主动和我打招呼了，而且给分也很好，好老师！
169989,6345,唐璞,2023-03-01 02:21:26,5,5,0,很好的老师，农学院分类学之光
184372,6345,唐璞,2023-12-18 10:23:16,0,0,0,好好好
216248,6345,唐璞,2025-03-12 16:26:08,1,1,0,公平公正 唐老师是一位对学生很关心负责的好老师 非常喜欢唐老师 给唐老师点赞
221224,6345,唐璞,2025-06-22 05:40:27,0,0,0,很棒很专业很关心学生！
125915,6575,贺康,2020-09-15 14:32:39,0,2,2,先打十分为敬
141301,6607,都浩,2021-09-29 05:54:03,17,20,3,好老师，不解释
170299,6607,都浩,2023-03-02 14:28:37,5,6,1,感觉是个有点不善言辞的研究型学者...
172809,6607,都浩,2023-05-07 15:17:37,2,2,0,好老师，上课内容非常丰富，最为医学院的学生，感觉把这么多年学的知识都复习了一边，而且改作业非常快，当天考完当天改完，第二天出分，给粉也不错！
172811,6607,都浩,2023-05-07 15:21:35,3,3,0,好老师，一门导论涵盖了细生、生理、病理、生化，讲得如此全面细致，考核方式也简单明了，爱了！！
177120,6607,都浩,2023-07-01 21:01:01,0,1,1,心目中真正的老师，相比其他画着重点、读着ppt的老师，都老师不仅关心课本的知识，但更注重结合生物学的实际（知识不断更新），因此会分享许许多多前沿的研究和观点，同时还会结合自身经历和相关报道，鼓励大家勇于探索自己。这是一门门能学到很灵活知识的课程，这也是一位可敬可爱的老师。如果都老师能多开一些课程就好了。
182502,6607,都浩,2023-11-16 15:38:53,1,1,0,好老师，好老师！！！
194506,6607,都浩,2024-06-24 07:56:23,3,3,0,有点腼腆，上课很有意思的好老师。第一眼看的时候没看出来他的温柔，后面听着听着就觉得他好可爱，眼神中透露着几丝真诚，上课好，人好！
219523,6607,都浩,2025-05-29 07:34:54,0,0,0,很真诚的好老师
136831,7016,沈秋芳,2021-06-25 09:06:00,0,0,0,啊啊啊啊秋芳姐姐我爱你！！！！！！！
141152,7016,沈秋芳,2021-09-25 02:17:06,2,2,0,秋芳姐姐yyds！！怎么这么可爱啊呜呜呜呜
141153,7016,沈秋芳,2021-09-25 02:16:54,0,0,0,秋芳姐姐yyds！！怎么这么可爱啊呜呜呜
141154,7016,沈秋芳,2021-09-25 02:17:42,0,0,0,秋芳姐姐我爱你鸭！！！！！
177982,7017,张宁,2023-07-06 02:54:28,1,3,2,这老师挺逗的挺佛的
190068,7054,李舒盈,2024-02-19 03:35:33,2,4,2,神~~
170209,7181,关雪莹,2023-03-02 03:48:11,9,12,3,这个老师的遗传学事情很多，每周要写作业，还要一学期两次的小组作业和展示。作为一个4学分的理科重要基础课程事情真的多，花样也多，但有没有必要就不好说了，能不能学到东西就靠自己了。
170875,7181,关雪莹,2023-03-11 05:20:07,9,10,1,作业太多且没用
176528,7181,关雪莹,2023-06-29 08:02:54,5,5,0,给分低死了
176553,7181,关雪莹,2023-06-29 08:50:37,0,0,0,事情多给分烂，真的一周一pre人能干出来的事？
176554,7181,关雪莹,2023-06-29 08:51:52,0,0,0,劝退，事正无穷的多，分收敛于挂科。快跑，快跑，快跑。
176555,7181,关雪莹,2023-06-29 08:52:36,0,0,0,事情真的多，给分真的烂。
176560,7181,关雪莹,2023-06-29 09:04:01,2,2,0,一门四分遗传学 单双周有实验 每周都有小组展示 还有作业 两次小测 给分还巨无敌烂🤡🤡🤡🤡 出分之后一夜回到解放前
176595,7181,关雪莹,2023-06-29 11:08:19,0,0,0,给分很差 事情很多（每周一次小组展示 且每周有作业）
176731,7181,关雪莹,2023-06-30 02:23:15,3,3,0,感觉老师比较适合带科研，而不是教学，有些事情安排的乱七八糟的，遗传学一星期每周都要展示，事情特别多，而且展示完全没必要，三分钟能讲明白的问题拖十几分钟，课程本身知识点海量，内容庞杂，能不能学到东西看个人。\n\n实验课比较水，基本上两节课就能做完。\n\n小测很突然，题很难，完全抓瞎，期末考试难度中等，整体上给分很一般，虽然平时占一部分，但是考多少给多少，均绩3.3左右吧
195443,7181,关雪莹,2024-06-28 05:23:40,0,0,0,课程本身：每周一次小组作业，随机分组；每周一次个人作业，以ppt的形式上交；两次小测，但是这学期只测了一次；智慧树刷视频和课后练习，没有线上考试\n\n上课安排：一节课pre，两节课上课，遗传学本身课程内容很多，这样一安排基本上课就是挑重点或者按她喜好；两周一次实验课，实验内容整体简单，每次基本都能提前很多下课，每次课前都有课前预习，实验报告当堂写完\n\n总体感受：上课很一般，给分很一般，学不到知识，不如自学，选了她就不要想着拿好成绩了。（已经尽量客观描述）
214874,7181,关雪莹,2025-02-18 13:55:07,0,0,0,老师科研实力很强，上课会想尽办法深入浅出地解释遗传学如此抽象的理论体系，鼓励学生讨论交流。至于给分，一分耕耘一分收获吧。
221888,7181,关雪莹,2025-06-27 06:41:33,0,0,0,领教了
154083,7483,沈星星,2022-05-23 01:59:53,7,13,6,老师人特别好，和学生关系很融洽，会结合生活实际把知识传授给我们，课堂具有趣味性。不过个人真的非常不喜欢浙大大学生物学的教学体系，感pre的质量都不高（我的直接划水了），根本无法调动起学习积极性来而且ICC的网课真的是，一言难尽，可能是那些“大师”看破红尘了吧，反正讲的我是根本听不进去。
175640,7483,沈星星,2023-06-26 03:49:44,-1,2,3,还记得老师在最后一节课说，虽然我知道你们很忙，上课也没几个人会听我的课，但我还是会准备课件，找一个星期的资料给你们上课，只是希望大学生物学这门课给你们打开一扇窗，一道门，知道怎么去科研，怎么去学习。
217731,7708,赵天伦,2025-04-15 14:45:32,0,0,0,上的是农作设计，两位老师都很好，课堂氛围很松弛（不过每节课点名）\n\n我是外专业的，文科生，难度可以接受，就是展示和期末考压力有点大\n\n最后给分很好！
127419,7850,张亮生,2020-11-23 00:37:11,6,10,4,老师科研水平有，但给本科生讲课的话……感觉没什么逻辑 让人听不太明白哎
129234,7850,张亮生,2021-01-02 04:54:11,5,10,5,张老师超可爱，人也很亲和，科研水平很高，是植物界的大牛
129240,7850,张亮生,2021-01-02 06:51:38,4,7,3,张老师人超级好，非常可爱非常善良，科研水平非常强。可能刚刚接触教学，还不太会讲课，说话也不是太清楚，但是他努力想把课讲好的样子很可爱hhh。找他请教问题也一定会认真给你解答的。
129725,7850,张亮生,2021-01-11 13:16:10,2,9,7,张老师上课超有趣，风趣幽默本人，科研能力又强，paper发超多，算是园林所科研领军人物了。听说他实验室的师兄师姐都超nice，好想去那边做SRTP哦。
133758,7850,张亮生,2021-03-04 13:00:21,3,6,3,很可爱的老师哦～做科研也很厉害～
171679,7850,张亮生,2023-04-01 04:59:58,4,5,1,讲课不行，
173041,7850,张亮生,2023-06-08 08:25:47,2,2,0,完全靠自学
181196,7850,张亮生,2023-10-11 09:24:37,1,2,1,有点拉
187883,7850,张亮生,2024-01-17 16:33:04,0,0,0,张老师人挺好的！
160244,8036,陈文博,2022-09-15 15:38:26,0,1,1,文勃老师真好
177738,8088,范鹏祥,2023-07-04 14:06:07,0,0,0,老师人很好hh，经常上课讲很多有意思的故事，课上得也很好
132265,8091,张佳平,2021-01-31 11:59:47,42,52,10,超好的老师！我的新生之友，把我们当亲人一样，工作上心认真，事事为学生考虑！浙大的好老师！
133548,8091,张佳平,2021-03-02 04:28:29,20,28,8,很好的老师
133816,8091,张佳平,2021-03-06 12:26:24,15,25,10,超级可爱的老师！！！！
134694,8091,张佳平,2021-04-09 17:06:52,14,22,8,善于开张老师班会，追番老宅
134804,8091,张佳平,2021-04-15 13:24:18,14,23,9,对学生的事情非常上心的老师👍
134805,8091,张佳平,2021-04-15 13:26:12,12,20,8,很幽默风趣的一位老师
134832,8091,张佳平,2021-04-17 12:58:04,10,19,9,张老师超可爱！
135034,8091,张佳平,2021-04-27 12:27:24,12,22,10,认真负责，以学生为重的老师
135095,8091,张佳平,2021-04-30 07:41:55,13,22,9,热爱就是一切的源泉
135788,8091,张佳平,2021-05-26 00:43:18,32,42,10,二刺螈老宅男，接地气，真正的亦师亦友，无所不谈，人生导师啊啊啊
135954,8091,张佳平,2021-06-04 17:22:02,19,28,9,老师真的特别特别好！不仅站在学生角度考虑问题出谋划策而且尊重信仰555真的好感动
138376,8091,张佳平,2021-07-08 23:09:45,12,22,10,我是有多幸运才能在大学遇到张老师
140374,8091,张佳平,2021-09-10 07:11:36,15,24,9,超负责，超认真，超可爱，超有梗！
140408,8091,张佳平,2021-09-10 18:54:22,11,20,9,老师做事很认真很用心，对学生也非常负责，值得尊敬，喜欢张老师的风格和态度!(｡･ω･｡)ﾉ♡
140556,8091,张佳平,2021-09-13 16:36:09,12,21,9,张老师为什么不是10分😤😤😤😤😤😤😤
140735,8091,张佳平,2021-09-15 13:22:46,13,22,9,很为学生着想的老师，很喜欢
140737,8091,张佳平,2021-09-15 13:26:57,14,23,9,园林所难得的好老师！555
143295,8091,张佳平,2021-11-23 04:53:29,7,15,8,真的真的很幸运能遇到张老师呜呜呜呜
145703,8091,张佳平,2021-12-31 10:57:01,8,16,8,班主任  超级好
151304,8091,张佳平,2022-02-28 07:21:48,17,27,10,我的偶像老师！！！工作认真负责，科研能力强，业务水平高，教课清晰有条理，还特别为学生着想！！！大学读到现在可以说是我唯一可视为想成为的那种人的老师了。
152966,8091,张佳平,2022-04-22 13:11:33,6,14,8,爱他爱他
153745,8091,张佳平,2022-05-10 03:40:18,16,26,10,香烟抽了无数\n\n烈洒喝到想吐\n\n向你迈出99步\n\n菜却断了我的路\n\n失落万情万种红尘唯\n\n独对小数码失神\n\n害怕让我丢了魂\n\n阿门
157101,8091,张佳平,2022-06-22 02:27:33,12,21,9,树木学考完来留个爪\n\n是那种你复习的时候看他ppt都会觉得\n\n这个老师真有趣啊\n\n的那种类型
157999,8091,张佳平,2022-06-26 05:20:12,4,13,9,yyds！！！！！
158859,8091,张佳平,2022-07-02 23:55:00,25,36,11,在对整个园林所老师失望的时候的唯一反例
159112,8091,张佳平,2022-07-06 10:58:22,9,18,9,爱学生关心学生的老师 园林的希望
159909,8091,张佳平,2022-09-08 15:50:01,2,10,8,新生之友超级好啊啊啊
161487,8091,张佳平,2022-11-07 13:47:29,1,11,10,very good
161488,8091,张佳平,2022-11-07 13:47:51,2,10,8,新生之友。善！
161489,8091,张佳平,2022-11-07 13:48:01,2,11,9,好！善！
173285,8091,张佳平,2023-05-17 15:24:19,3,13,10,在长长的叶片先端挖呀挖呀挖（凹叶厚朴）\n我生的可爱真是抱歉（洒金梅）\n爸爸思哪儿了（栀子花）\n祥花植物（石楠）\n字数最多属（拟单性木兰属）\n像不像卧喵（木香花）\n像不像龙猫（乐昌含笑与水杉）\n像不像小章鱼（桂南木莲）\n像不像可怕的眼睛（天女木兰聚合蓇葖果）\n像不像小岳岳大饼脸（牡丹芍药伊藤杂种）\n一博哥与牛顿师傅（芍药与苹果）\n桃子发型的立面图与剖面图（桃）\n……\n每次听到都想hiahiahia（哪一页ppt来着）\n还有那句经典：发自心底的热爱（专业、海棠、武夷山）
175860,8091,张佳平,2023-06-27 03:43:15,0,11,11,张老师真的超级好
175870,8091,张佳平,2023-06-27 04:22:47,3,12,9,下列对海棠进行系统分类的是：\n\nB.王亮生 C.张亮生 \n\n老张不仅ppt做的这么有趣，试卷怎么也出的这么有意思啊🤣
176792,8091,张佳平,2023-06-30 07:14:47,13,22,9,虽然还没出分，但是我来提前评价一下。\n\n张老师的课程真的很有趣，在跟你讲植物知识的时候还会穿插着讲一些别的东西，比如职业规划啦，世界一瞥啦，还有二次元之类的哈哈哈哈，就让我一个喜欢考前突击的人这个学期每节课都认认真真地听和做笔记。PPT里的图片大部分也是老师自己拍的，如果用了网上的图片老师也会标注出来，每一个章节老师都会注明重点并理出逻辑框架，真的是非常严谨和逻辑清晰了。\n\n除此之外，老师会建一个微信群，在课外时间转发归纳一些植物的推文和知识点，还会跟我们分享一些他路上看到的一些植物和日常，真的像朋友一样。值得批评的是，张老经常半夜两三点还不睡觉，真的非常认真负责，在此提醒熬夜伤身，小心聪明绝顶！\n\n园林植物学2这门课程还有8次的植物实习，校内校外都会去，节奏也不会太快，要是你有没听清的植物张老也会重复跟大家再说一遍。老师也很体谅学生，临时调课时对于一些有课植物学实习要提早赶回去的同学，还会报销车票。\n\n总之，超级喜欢张老师，他的PPT也跟他一样可爱有趣，张老真的像是我大学生活里的一束光，以后也想成为像张老师一样的人。
179861,8091,张佳平,2023-09-25 04:24:20,14,22,8,让子弹飞一会
180445,8091,张佳平,2023-09-21 15:49:27,-12,17,29,呵呵 \n\n只能说不愧是一个师门的\n\n跟园林所某人有过之而无不及\n\n人设崩塌了哈哈\n\n日久见人心 后来者慎重吧 只能说到这了
180478,8091,张佳平,2023-09-22 02:19:29,-7,19,26,我说过您表演欲别太强了😅
180603,8091,张佳平,2023-09-23 10:04:50,-20,13,33,日久见人心哈\n\n为了保某女劝大家都别推免的事情你也是蛮干得出来的 不愧是从养儿媳那位一手培养起来的\n\n烂人一个
180604,8091,张佳平,2023-09-25 12:10:23,14,21,7,疑点颇多
180803,8091,张佳平,2023-09-26 11:22:15,13,17,4,那些不知真相恶意揣测老师的评论可以删了，捏造事实的人最好早点自己道歉吧
180896,8091,张佳平,2023-09-28 02:44:25,19,21,2,查老师平台是合理评论、建议、批评的，不是骂大街网暴的，人言可畏，带过园林2001班的老师上完课后，都有几个骂的难听的人身攻击，综合语气和表达方式来看，几乎是自报家门，指名道姓，不言而喻，一目了然，平台可以匿名，你们的品行不能匿名，心虚了才连夜删评论。\n\n  一个班就那些个人，33个人里面具体谁天天口无遮拦，谁天天闹情绪演戏，谁讨人厌，谁两面三刀，谁故意恶心人，大家都心知肚明。\n\n  本次发言的利益相关人士和“某女”，猜都不用猜就知道是谁，相处三年的同学，人心是杆秤，群众的眼睛是雪亮的，当局者迷，旁观者清，自重吧。
184921,8091,张佳平,2023-12-24 10:10:42,4,4,0,10分！必须10分！
187881,8091,张佳平,2024-01-17 16:28:13,7,7,0,我哭死，真的！被张老感动到了！今天深夜有问题问他，他不仅很快就回了，而且过了几十分钟又回来补了好几句回答！不仅客观而且深深鼓励了我！这样的老师必须10分！小数码，我的浙大之光！！！
193386,8091,张佳平,2024-06-08 08:32:52,5,5,0,没有理由不给满分
217387,8091,张佳平,2025-04-09 10:00:05,1,1,0,豪老师（黑框眼镜）（大拇指）
221713,8091,张佳平,2025-06-25 11:15:47,0,0,0,老师很好很负责很有趣，是我太菜（
155674,8145,董杰,2022-06-15 06:33:18,2,5,3,超级温柔～
159957,8409,周雪平,2022-09-10 04:07:49,1,2,1,非常好！
145619,9004,卢运海,2021-12-30 16:32:52,1,2,1,老师讲课很仔细很耐心，还会经常停下来问我们有没有听懂，这学期生统的四个老师，只有卢老师上课的部分我能听懂个大概呜呜呜
170520,9004,卢运海,2023-03-06 05:52:55,1,1,0,老师好有耐心
143785,9046,朱杨,2021-12-06 07:47:34,6,13,7,yyds
169873,9074,焦晨,2023-02-28 07:30:36,2,3,1,上课形式很新颖，每节课让每个人站起来翻译PPT。实际老师有用的东西讲得很少。
182878,9097,张露晴,2023-11-21 02:13:56,1,1,0,张露晴老师是很热心的老师，能够帮助你解决大多数问题，人很好
182879,9097,张露晴,2023-11-21 02:13:57,1,1,0,张露晴老师是很热心的老师，能够帮助你解决大多数问题，人很好
182880,9097,张露晴,2023-11-21 02:13:58,1,1,0,张露晴老师是很热心的老师，能够帮助你解决大多数问题，人很好
216523,9102,韩少杰,2025-03-18 03:20:00,0,0,0,韩老师对学生非常非常好！！！甚至可以在生物所排第一！！\n\n1、非常关心学生，遇到问题会站在学生角度给出有用建议，关心学生未来发展\n\n2、反对压榨学生，提倡学生自由安排科研工作；不要求上班打卡，请假自由；亲和力强，不摆架子，通情达理\n\n3、热爱科研，创新点多，会亲自指导学生以及亲自做实验\n\n4、不push学生但push自己，对一切自身发展有利的机会都会积极争取，很上进\n\n5、科研上不抠搜，实验试剂耗材不会要求过度节约，使用比较自由\n\n6、定期给予学生应有的补贴，显著高于最低补贴标准，准备实验室耗材（例如插枪头、配培养基）都会有补贴！！\n\n7、实验室报销、试剂材料采购等都是老师亲力亲为，很少让学生干杂活，让学生有更多时间专注科研\n\n8、爱妻顾家好男人\n\n……
179507,9140,倪隽蓓,2023-09-18 00:24:18,5,7,2,哈哈哈
205433,9140,倪隽蓓,2024-12-06 06:37:30,-1,0,1,倪老师真是好老师\n\n炒鸡温柔
195363,9151,王岳,2024-06-28 01:10:17,1,1,0,上课幽默风趣，博闻强识，有干货也有段子\n\n不点名，但是会通过分享实验室的产品（双柚汁）来数人数，强推！
172268,9292,王家利,2023-04-24 04:17:34,28,33,5,职规课，王老师带来的助教小哥哥们都好帅
172574,9292,王家利,2023-04-30 15:49:27,7,10,3,家利老师人美歌甜😍😍😍
174510,9292,王家利,2023-06-30 03:30:43,-13,4,17,老师给分不错，人也很好，不过就是作业布置的时间不太合理，以及上课的事情有点点多
174577,9292,王家利,2023-06-14 08:39:13,-6,4,10,。。。。。。
174699,9292,王家利,2023-06-16 02:57:01,-9,5,14,我草真服了16号布置职业生涯规划书20号交还要打印版，当我们不用复习期末考是吧？？但凡早点布置。。我真的去世
174889,9292,王家利,2023-06-19 10:49:56,-3,1,4,。。。
174890,9292,王家利,2023-06-19 10:51:30,-6,1,7,布置作业太拖了
174962,9292,王家利,2023-06-20 12:31:48,8,9,1,老师讲课挺好的，态度也很和善
174991,9292,王家利,2023-06-20 14:56:03,9,10,1,王老师课程内容干货很多，但是作业布置的有点赶，希望下次可以更合理！
175115,9292,王家利,2023-06-22 04:48:30,8,9,1,课前还有音乐可听，经常有各种小礼物下发；就是希望下次布置作业可以早一些放在学在浙大，不然自己一直没动力做，期末太赶了.
175117,9292,王家利,2023-06-21 14:58:44,7,8,1,老师人很和善呀，还主动留微信欢迎我们和他交流。课堂虽然总是点人发言，但是收获很多的
175120,9292,王家利,2023-06-21 15:53:09,7,8,1,老师很友好，请了事假他还安慰我
176785,9292,王家利,2023-06-30 06:34:17,6,8,2,老师人很好，上课会点人回答问题，职规作业都是多的不是老师的问题，课程内容很丰富而且有很多干货和资源，看得出来是真的想帮助学生的发展的。作业布置和要求确实有点赶，可能老师刚开课还没掌握好节奏吧……总体还是不错的。
178543,9292,王家利,2023-07-14 05:02:12,1,6,5,利哥人特别好，作业就职规三件套，感觉不算多也不算少，但是放在期末周压力有点大。总体来说非常好！给分也很不错，我们组基本上都在4.5以上！结课之后也跟家利成为了好朋友！
179585,9292,王家利,2023-09-18 11:58:23,2,4,2,老师讲的非常好，态度温和友善，几位助教gg也很认真负责，课程准备的非常充分，小组讨论或者其他任务也中规中矩，给分非常好，只要认真地完成每一项任务4.5问题不大，冲！
181990,9292,王家利,2023-11-07 12:24:18,0,3,3,王老师尊嘟很认真的在给我们讲知识诶，虽然有点枯燥，但是感觉确实很多干货！
183013,9292,王家利,2023-11-21 12:38:48,-2,3,5,给分很好！多发言认真写可以得很高的分数，强烈推荐利哥！！！
186745,9292,王家利,2024-01-13 01:57:48,1,3,2,利哥的课对于同学们的职业发展真的很有帮助，课上要求的简历以及讲解的面试技巧在升学、答辩中都很有用。但是缺点可能是课程内容过于枯燥，真的是讲完理论教时间，没有中间的环节了。希望利哥越来越好
202342,9292,王家利,2024-11-12 01:20:15,-7,0,7,先给9分，讲课清楚干货多不点名，出分之后给分好再来狂打十分
203007,9292,王家利,2024-11-16 01:16:58,-10,0,10,干货很多，做的东西以后都能用上\n\n王老师对同学也很亲切，然后给分也很好\n\n强推
203048,9292,王家利,2024-11-16 05:52:00,11,11,0,课水事多分低
203053,9292,王家利,2024-11-16 06:16:22,5,6,1,职规作为短学期课事是真的多，绩点没达到预期但应该努力捞了……（均绩完全不具备参考价值）
203075,9292,王家利,2024-11-16 09:30:12,9,9,0,emm……谁说打分好的？
203691,9292,王家利,2024-11-20 13:19:44,5,6,1,事多 分少\n\n浪费时间 浪费心情 拉低绩点，课上小任务一堆，说实话有点低能。有用的点在于学长分享和简历。老师挺和善，助教很好。但是拯救不了我的3.9😭😭
205086,9292,王家利,2024-12-01 07:24:30,0,1,1,助教gg好帅！利哥课还是有干货的（学长分享 简历写作）我分也还过得去 课上小任务有点多 但不认真做也能水过去
173833,9583,楚强,2023-06-03 11:30:37,-10,12,22,老师课上讲得很好
197361,9583,楚强,2024-07-11 12:38:08,17,27,10,十分逆天，早已名声在外了
199851,9583,楚强,2024-10-04 04:04:07,-6,3,9,还不错
200979,9583,楚强,2024-10-26 02:39:37,4,5,1,呵呵呵
200981,9583,楚强,2024-10-26 02:47:25,1,2,1,。。。。。。
200993,9583,楚强,2024-10-26 07:57:22,3,4,1,跑跑跑
203814,9583,楚强,2024-11-21 08:25:15,4,5,1,人品极差，对待学生呵呵呵
207640,9583,楚强,2024-12-23 11:57:34,2,4,2,PUA战神，不是情商低的问题，优绩主义，压力怪兽。超会pua。上课一边贬低学生，一边吹嘘自己，喜欢讲故事，实在的内容讲的很少。不多说了，接触一段时间就明白了。
214871,9583,楚强,2025-02-18 13:42:51,2,3,1,客观地说，老师年轻有为，但如此高产出的背后必然存在以生理与心理健康为燃料的必要牺牲。
218963,9583,楚强,2025-05-15 07:25:00,0,0,0,。。。
221932,9583,楚强,2025-06-27 13:20:57,0,0,0,调味茶很好玩的！！！\n\n给分感觉蛮好的
181909,9596,李栋栋,2023-11-04 14:09:14,1,1,0,好很好
183639,9596,李栋栋,2023-11-28 05:37:50,2,2,0,...
215234,9633,刘俊生,2025-02-25 00:50:11,0,1,1,拉满了，好！
205508,10390,汤小天,2024-12-08 10:17:12,3,3,0,太棒了
221974,10390,汤小天,2025-06-28 07:16:36,0,0,0,还可以
