评论id,老师id,老师姓名,发表时间,点赞减去点踩数量,点赞量,点踩量,内容
9601,2796,佟鑫,2015-11-02 13:26:50,-10,8,18,老师好负责
12031,2796,佟鑫,2015-12-21 14:28:24,-6,7,13,讲课超级逗！\n\n
22638,2796,佟鑫,2016-03-09 04:02:26,-12,4,16,上课太生动了\n\n
23998,2796,佟鑫,2016-07-01 03:13:05,28,40,12,恕我直言 KAB上完感觉课垃圾人也垃圾
24211,2796,佟鑫,2016-04-28 11:25:36,11,18,7,不行上了大学生AKB创业第一节课我一定要来给一个大大的差评
32337,2796,佟鑫,2016-07-06 07:32:10,6,18,12,上课准备也挺认真的吧，还请了好几个老师来讲课。但是，不是很喜欢他，有时说话分寸掌握不是太好，有点自命不凡。个人感觉，不喜勿喷。
37144,2796,佟鑫,2017-01-22 04:09:23,2,6,4,给分像坨屎
37679,2796,佟鑫,2016-11-22 10:56:44,-9,3,12,虽然有点装逼、有点娘。 但其实还不差，也算用心在上课了
40653,2796,佟鑫,2017-01-04 14:57:35,10,12,2,我上过最辣鸡的课，水到爆炸。
46290,2796,佟鑫,2017-01-21 06:48:44,-7,3,10,还行吧，分数出的好慢啊
46910,2796,佟鑫,2017-01-23 01:29:32,-17,3,20,老师超好的，不讲一些没用的理论知识，真正给人启发，超级幽默，很有思想，喜欢死了！
47632,2796,佟鑫,2017-02-09 05:37:47,5,7,2,课程服务于混社会而不是混学校，希望选到此老师的同学做好心理准备
48522,2796,佟鑫,2017-03-06 12:07:04,8,11,3,素质不高，自我感觉良好，讲的东西没什么营养。上课不负责，跑出去打电话，期末考答辩还迟到半小时。请来的几个学长讲得挺好。给分一般。
49107,2796,佟鑫,2017-03-26 16:17:43,-6,4,10,挺喜欢的\n\n
50793,2796,佟鑫,2017-05-05 12:31:00,14,14,0,自命不凡的装逼怪罢了
50794,2796,佟鑫,2017-05-05 12:52:52,13,15,2,课程收获完全对不起课程名称，听佟老师一学期的课不如去访问一个孵化器来的实在，佟老师讲课贯穿天南地北开地图炮，讲课东拉西扯毫无意义，如果仅仅是为了混个J类不如报这个，老师讲的太差，人都不满的?      ——一个已经创业的混J类学分的朋友倾情推荐
54081,2796,佟鑫,2017-06-28 12:01:05,5,6,1,不懂尊重人\n\n请来的任何一个讲师都比他本人好\n\n生活品味乖僻\n\n他自己还意识不到吧
60028,2796,佟鑫,2017-10-05 11:08:31,-1,3,4,幽默，待人热情
62908,2796,佟鑫,2017-11-27 10:16:33,0,2,2,课垃圾 给分也垃圾 老师不知道想想一个2.5能把一个刚大一第一批创业基础的人心搞得碎成渣渣么 说发帖子要发满20个有深度的帖子 有深度的标准在哪里都没有说 那我们是不是可以理解为想怎么给分就怎么给分 可能确实有人做的不够好 但也不至于这么低吧  我们需要一个交代
79343,2796,佟鑫,2018-05-31 07:57:12,1,1,0,孤儿老师，算了，快乐就完事了
83400,2796,佟鑫,2018-07-10 08:07:37,0,2,2,我来给老师正名 老师上课真的很有趣
85144,2796,佟鑫,2019-03-27 06:42:56,1,3,2,老师待人不错
159642,2796,佟鑫,2022-08-22 12:20:59,0,1,1,老师人很好 我给满分
