评论id,老师id,老师姓名,发表时间,点赞减去点踩数量,点赞量,点踩量,内容
26995,42,洪鑫,2016-12-30 17:36:19,53,63,10,这是我....洪....男....神....
27212,42,洪鑫,2016-06-23 14:28:29,25,27,2,老师真的特别好，性格非常温和，对学生特别耐心
27401,42,洪鑫,2016-06-25 17:54:12,12,14,2,老师人超nice的啊啊啊\n\n
29568,42,洪鑫,2016-06-30 03:48:05,4,6,2,这学期补选上洪老师的课，真幸运！老师特别耐心，上课知识讲得详细透彻！还会拓展！
29574,42,洪鑫,2016-06-30 03:58:18,3,5,2,亲测好评
29576,42,洪鑫,2016-06-30 04:02:42,0,6,6,给分超好！
29599,42,洪鑫,2016-06-30 04:35:03,4,6,2,老师教的好，有耐心
29652,42,洪鑫,2016-06-30 06:36:35,12,18,6,讲课很有效率，不拖泥带水，知识点结构清晰。最后给分贼棒。
29656,42,洪鑫,2016-06-30 06:46:42,0,2,2,挺好的！虽然最后考试一脸蒙逼但分数出乎意料过得去
30450,42,洪鑫,2016-07-01 15:27:36,7,11,4,胖乎乎，人称小胖子。给分太棒，公司金融一定要上他的哦。
52656,42,洪鑫,2017-06-22 03:37:36,2,4,2,老师真的太好了 感人至深
52761,42,洪鑫,2017-06-22 13:36:02,1,2,1,考试前三天，老师答疑到晚上9点直到最后一个同学问完才回家。感人至深!满满好评!
53094,42,洪鑫,2017-06-25 13:29:55,10,11,1,老师很耐心，讲课很细致，还额外安排答疑时间，可以说十分感人了！
56779,42,洪鑫,2017-07-04 15:20:58,0,4,4,在期末考试来的前一周布置大作业，惊喜不惊喜？
56817,42,洪鑫,2017-07-04 16:19:56,-4,5,9,给分好
56824,42,洪鑫,2017-07-04 17:00:36,16,20,4,分数低到要报警了
56916,42,洪鑫,2017-07-05 03:14:28,-3,10,13,老师真的好炸天啊?????\n\n\n\n一学期没怎么听最后有90！
56927,42,洪鑫,2017-07-05 03:35:47,1,4,3,老师人超级好
56960,42,洪鑫,2017-07-05 07:02:54,7,8,1,讲得很好 一开始给了低分 但是老师耐心的反馈的到底错在了哪里 仔细想想可能也是自己学的不够扎实 所以还是非常感谢老师也希望老师的以后一切顺利
56979,42,洪鑫,2017-07-05 05:34:49,2,5,3,超级好的老师，为学生着想，还经常发红包，萌萌哒！大爱！！
57010,42,洪鑫,2018-01-08 07:43:50,4,6,2,感觉老师是我听了这么多门课以来讲得最清楚的一个!上课认真听记笔记最后快满了。
57023,42,洪鑫,2017-07-05 07:50:40,2,4,2,老师讲课很好很清晰！作业也不会特别死板出的题目也比较有针对性！很好很好！
57306,42,洪鑫,2017-07-06 13:56:51,1,2,1,讲得细，很负责，给分一般，比较中肯\n\n卷子出得没有区分度，复习10小时和复习20小时没区别
57711,42,洪鑫,2017-07-12 23:06:06,2,4,2,老师讲课很清楚的，最后会带我们复习……给分略低，不过大概是自己没学扎实吧
58795,42,洪鑫,2017-09-18 01:16:38,0,1,1,非常好
71198,42,洪鑫,2018-01-28 06:30:29,1,3,2,洪男神啊啊啊，解答问题超级耐心，上课讲的很清楚，认真听课就会取得好成绩，大学以来绩点最高的专业课！给老师打call！
71377,42,洪鑫,2018-09-18 00:05:26,0,2,2,财管课程考试比较简单，然后老师人真的超好，会反复申明课程要求，作业，project什么的，讲课非常详细清楚。认真去学就OK了。
71741,42,洪鑫,2018-01-29 02:22:11,0,2,2,老师人很棒
72135,42,洪鑫,2018-01-29 12:22:01,2,3,1,老师真的真的真的太棒了，英文说的清楚课也讲的清楚，给分也好，还会在群里发红包，祝我们圣诞快乐，假期快乐，真•男神，大爱老师！
78462,42,洪鑫,2018-05-12 05:21:41,2,3,1,老师非常好，就那种，各方面都很好，会发红包，讲课细心，答疑耐心，给分很好，金融专业遇到过最好的老师！
85560,42,洪鑫,2018-07-19 13:29:21,3,4,1,老师人很好很善良
88156,42,洪鑫,2018-10-23 06:50:59,8,8,0,谁能告诉我他在讲什么？？？为什么明明是中文我却啥都听不懂
88218,42,洪鑫,2018-10-24 05:58:12,4,4,0,老师很温和，是一个很友善的老师，只是有机还是好难啊，呜呜呜呜
88605,42,洪鑫,2018-11-03 11:32:34,-3,7,10,不是很负责。。
93256,42,洪鑫,2019-01-08 12:22:36,-1,10,11,公司金融。我就说一点，老师上课几乎从来没有面向我们的时候。要么低头念，要么看着投影念。
97674,42,洪鑫,2019-01-22 13:08:12,5,10,5,洪老师温柔体贴善良脾气好，简直理想型!特别后悔这学期没有下狠功夫学公司金融，最后考试考得很痛苦，虽然看得出来老师已尽力降低难度了。公司金融可能是大二上期金融专业最有用的一门课了，易学难精。我因为觉得是开卷考试而低估了它，没下狠功夫，今晚考完后极其后悔难受。敬告后生莫要低估这门课，平时要下足功夫。跟洪鑫老师学，要把他的PPT学好，教材只作辅助，平时上课尽力听懂。老师人超级好，我爱洪鑫老师。很遗憾我到了最后了才明白，要是开始有人告诉我就好了。祝洪老师幸福。
97811,42,洪鑫,2019-01-22 19:47:13,18,20,2,卷子难度远远大于历年
101413,42,洪鑫,2019-01-28 07:09:16,0,1,1,求你了洪男神不要给挂
101416,42,洪鑫,2019-01-28 07:15:17,0,7,7,本来以为卷子做成那样快崩了 很真实的要挂科的感觉 没想到老师拉了一把给分真的很良心啊啊啊啊啊啊
101419,42,洪鑫,2019-01-28 07:20:38,-10,6,16,老师调分也太努力了吧！！！！！期末考差不多一半没写都有3.9?感谢老师让我们能过个好年
101422,42,洪鑫,2019-01-28 07:25:44,1,11,10,第一门下4的专业课TAT学得不好是我的问题，但比较不满的是为什么给金融班的公司金融的试卷比给金试班的财务管理的试卷难这么多QAQ基本相同的课程内容，却给“高材生”的金试、金数更容易的试卷，感觉不太公平
101423,42,洪鑫,2019-01-29 05:43:55,0,8,8,老师人很好啊
101508,42,洪鑫,2019-01-28 10:26:55,3,7,4,洪老师人超好
101710,42,洪鑫,2019-01-29 02:05:56,2,9,7,分数低到要报警了orz 不知道为什么评论里期末考只写了一半的同学能3.9…
102166,42,洪鑫,2019-01-31 02:11:33,-1,5,6,客观地说，卷子不难，认真完成作业，上课听了（偶尔开点小差也ok），最后考试怎么会难...老师很棒！强推。
102751,42,洪鑫,2019-02-22 09:05:13,-2,3,5,woc洪鑫老师给分太好了叭！！我爱他！！
147036,42,洪鑫,2022-01-08 13:21:38,4,5,1,超级温和+学识渊博的老师！公司金融干货满满，值得每一节课都好好听！hx我男神好吧
147039,42,洪鑫,2022-01-08 13:28:31,0,1,1,考完立刻来给十分，真正的教干货，考试不是为考难而考难，是认真学了就一定能体现在考试中的，大爱！
147646,42,洪鑫,2022-01-10 10:55:44,5,6,1,为数不多普通话标准的老师，讲课思路清晰易懂，听他上课完全是享受！
147654,42,洪鑫,2022-01-10 11:03:17,5,6,1,公司金融 上课风趣幽默，公式讲解到位清晰，作业能帮助了解考试题型和难度，给分也好
147655,42,洪鑫,2022-01-10 11:03:35,7,8,1,讲课思路清晰，事情少，给分好+海底捞
147670,42,洪鑫,2022-01-10 11:52:37,0,2,2,学到了有用的知识 给分又好 我爱公司金融！
147707,42,洪鑫,2022-01-10 13:59:58,-1,1,2,不错滴老师
147787,42,洪鑫,2022-01-14 00:36:07,5,7,2,老师人很好，上课讲的很清晰的\n\n作业量也不大，而且跟最后老师的题型非常相似，更好理解那些公式\n\n不过就是自己考完觉得还挺有自信的，出分了人傻掉，可能是选择错的多+大题计算太粗心了，害这也怨不得别人\n\n总之❤️老师还是很棒的！！！
165937,42,洪鑫,2023-01-10 12:35:07,24,26,2,表达能力极强，课程逻辑十分清晰，整个课听下来很舒服，同时也会把难理解的点指出来并讲清楚。10分！还有今年的选择题太简单了…
165950,42,洪鑫,2023-01-10 13:15:43,13,16,3,啊啊啊怎么有这么天使的老师，今年疫情一直说大家都不容易，然后作业2砍了，文献综述量减半了，考试难度也是大放水，真的超级nice！讲课不用说，是很清晰的那种，而且每节课开头都会回顾上节课的重点和思路，能不能给洪鑫男神打100分啊！！！
166670,42,洪鑫,2023-01-13 08:01:33,-24,3,27,属于事少分高的老师，但是水平不一定见的高，讲得中规中矩，但是公司金融选他准没错
166688,42,洪鑫,2023-01-13 08:38:16,3,7,4,为学生着想的好老师~
166692,42,洪鑫,2023-01-13 08:48:20,-17,4,21,hx老师真的是神！！！\n\n工科生零基础选的，没怎么花时间，没想到满了！\n\n分高事少，上课水平高，选他！
187762,42,洪鑫,2024-01-17 10:16:26,1,4,3,神爱世人
187843,42,洪鑫,2024-01-17 14:46:34,5,6,1,平时比较认真的学过，期末考选择题难于大题，给分是很好的。注意看历年题，选择题很多重复；大题基本是例题套的。平时不点名，作业就1个和1个综述，任务很少。但也注意听课，别期末再补天(英文PPT英文卷子)
187915,42,洪鑫,2024-01-17 20:48:15,1,2,1,给分很求是 感觉期末算错了基本就没过程分 平时也不是没学🥲 但期末前后夹了好多门专业课 给它的复习时间就不是很充足 以及期末全英文真的很痛苦 建议还是多花点时间复习 不要因为它是开卷考就轻视了
189041,42,洪鑫,2024-01-21 11:03:00,4,6,2,很爱洪鑫老师，本人工科专业选了这门，平常上课没怎么去（老师dbq），但是每节智云都一字不落地全部听完然后在自己的ipad上做笔记、理解（感觉理解很重要）。最后考试前也把一千多页ppt和两章作业都过了一遍并且都打下来了，花的时间挺多的，但没做过历年题。因为感觉复习得很充分所以最后感觉考试相比作业来说很简单了（特别是大题，作业真的好难），整个学期下来学习公司金融感觉真的能学到很多，每次看老师的智云都感觉有学新知识的快乐。最后90分虽然没满但也还是很开心！（应该是我综述写的不好555不会写）感觉努力都兑现了！喜欢金融一定要选！
189547,42,洪鑫,2024-01-25 10:29:10,3,4,1,期末注意大题，问过助教，结果错了基本就没什么分了
189659,42,洪鑫,2024-01-26 11:53:43,4,5,1,事情少讲课清晰\n\n给分求是主要大题不要算错（否则会很伤）\n\n对工科生来说体验不错！
192949,42,洪鑫,2024-06-01 06:05:44,0,0,0,特别喜欢老师
194998,42,洪鑫,2024-06-26 07:53:20,1,1,0,讲的很好，而且这门课学好了后面学证券投资的计算，中级财务会计的折现都会轻松，反正好好学期末应该没问题，另外就是熟悉计算器使用方法，本人就是因为计算器功能不会用在那里手摁导致大题答的不好分数低了，但是这个和老师没关系，提醒一下学妹学弟们~
202421,42,洪鑫,2024-11-12 14:12:43,8,8,0,吃完晚饭收到钉钉通知，发现DDL从今晚变成了5天后，您是我的神
212870,42,洪鑫,2025-01-15 06:09:39,4,4,0,不多说了，神
212871,42,洪鑫,2025-01-15 06:17:54,8,8,0,讲得很好，上课逻辑很清晰，而且真的很为学生考虑，虽然是全英文的考试，但会给一些词的中文解释，而且允许用中文回答。平时事情不多，不点名，只有两次作业和一篇文献综述。期末给分很牛，大学第一个满绩是洪老师给的🥰最后谢谢老师在群里的小红包，祝老师新年快乐☺☺☺
212872,42,洪鑫,2025-01-15 06:24:02,3,3,0,超级海底捞的老师，出完成绩还在群里发红包，我的洪爹～ ⁰̴̷̷ ˙̮ ⁰̴̷̷  ˊᵒ̴̶̷̤ꇴᵒ̴̶̷̤ˋ
212880,42,洪鑫,2025-01-15 06:52:31,3,3,0,洪鑫———我的大爹！！！不仅给分好，给分之后还在群里发红包啊啊啊啊啊
212910,42,洪鑫,2025-01-15 08:30:16,1,1,0,老师讲课特别好！还会补充一些真实事例超级有趣！最后给分也超好，强推🥰
213001,42,洪鑫,2025-01-15 13:37:23,0,0,0,老师讲课超级好，人也巨温柔，给分很捞！！！祝老师新年快乐！！
114,48,景乃权,2018-09-18 14:40:16,51,150,99,超级差 一个没有任何专业素养可言 上课完全是在侃大山的老师
549,48,景乃权,2015-03-15 04:45:47,23,56,33,非常糟糕的感受……学生质疑就马上说你是错的，没有专业精神，没有老师儒风！
5503,48,景乃权,2015-07-08 03:33:08,9,21,12,呵
5627,48,景乃权,2015-07-08 17:06:04,0,11,11,有些地方莫名其妙的严格，想水水过的可以选。
6134,48,景乃权,2015-07-11 05:52:55,31,59,28,吹嘘自己。。。
9035,48,景乃权,2015-10-11 05:55:58,-9,10,19,不许黑我大哥 你们准不准备混江湖了
9833,48,景乃权,2015-11-10 12:08:09,21,33,12,没有真才实学
9849,48,景乃权,2015-11-11 05:44:08,6,20,14,最差的老师
9867,48,景乃权,2015-11-11 11:31:16,34,56,22,上课吹嘘自己，自己都是对的，别人提出意见反驳就发飙。和学生上课撕逼，微信上语言粗俗。支持崔永元\n\n
11346,48,景乃权,2015-11-28 06:05:20,-11,9,20,好老师嗯嗯
11815,48,景乃权,2015-12-16 05:40:46,-3,6,9,其实还行
12381,48,景乃权,2017-11-09 07:51:07,0,14,14,感觉经历和学识都很丰富，虽然要求有点严格，但是对学生还行。想水课还是别选了，想学点什么可以。
12641,48,景乃权,2015-12-23 17:29:35,32,51,19,学不到什么东西，浪费时间，听他瞎扯
14262,48,景乃权,2016-01-06 02:44:59,4,14,10,简直差  没素质   各种自大自负
18331,48,景乃权,2016-01-21 12:50:05,6,19,13,傻逼吧
18590,48,景乃权,2016-01-22 05:36:28,7,21,14,超级差，上课举例不如不举，完全达不到说明效果。整天都在讲自己以前如何如何，展示题目和论文题目对于一门通识课来说过难。对格式等要求太严苛。
18710,48,景乃权,2016-01-22 11:30:22,43,79,36,老师说他打分实事求是，公正客观，同学们不要因为分数低故意给老师差评。我认为每一个学生给分也会实事求是，如果老师上的差，分数就成了唯一标准，这也是公正客观。
20183,48,景乃权,2016-01-26 12:18:39,-1,6,7,跟一楼哥们说的一样
23493,48,景乃权,2016-03-31 17:55:03,1,11,10,课程结合实际
23557,48,景乃权,2016-04-06 05:46:12,2,11,9,上课内容空洞
24332,48,景乃权,2016-06-08 06:58:16,1,8,7,呵呵呵呵\n\n
24577,48,景乃权,2017-11-09 07:48:14,53,107,54,老师讲的很好，只要认真做论文，给分也很好
24578,48,景乃权,2017-11-19 08:20:34,19,50,31,只有第一次课才会点名，讲课很有意思。因为是通识课专业性不会特别高但是广度是够的。老师对展示和论文的要求比较高。
24586,48,景乃权,2016-05-02 04:10:58,-2,5,7,我来刷刷分
24587,48,景乃权,2016-05-02 04:21:21,2,13,11,还行，展示和论文认真做，按格式就可以了，上课还是不错的
24591,48,景乃权,2016-05-02 05:05:58,-2,7,9,人生道理收益一生
24594,48,景乃权,2016-05-02 05:14:56,0,6,6,还不错，对于非专业的学生收获还是不少的。\n\n
24597,48,景乃权,2016-05-02 05:34:45,-1,8,9,讲人生道理与大学之道的好老师，通识课在于素质培养！如果想更多地学习深刻经济理论的东西，不是这门通识的目标。
26199,48,景乃权,2016-06-16 08:07:39,-3,6,9,?还是很可爱的老师的表情包敲多?上课ppt很认真只是要求严格了些 认真准备课堂展示还能认识很多可爱的人嘞☀️
26201,48,景乃权,2016-06-16 08:09:59,-2,6,8,老师经历丰富，知识扎实，虽然对新科技的了解不够，但是为人很好。
26206,48,景乃权,2016-06-16 08:49:30,-1,6,7,感觉还好啊，对于我这种非经济专业的听起来也不费劲，也可以了解到很多东西
26237,48,景乃权,2016-06-16 10:41:07,-2,4,6,我觉得老师挺好的也风趣，对于非经济专业的来说展示和论文稍难但也还好，老师也会鼓励大家
26260,48,景乃权,2016-06-16 12:19:26,-5,4,9,挺好的一个老师，不止教课，还讲一些人生经验，为学生以后着想。不知道哪来这么多差评。
26293,48,景乃权,2016-06-16 15:19:28,-3,4,7,老师课不错，可以有所收获！
27065,48,景乃权,2016-06-22 14:22:40,9,17,8,最无聊没有干货的课，给分差，老师还爱瞎装逼，臭显摆，还在群里和同学互喷，垃圾
28291,48,景乃权,2016-06-28 08:27:37,25,31,6,英语口语太差 辣耳朵 不推荐国际财务管理这门课
29051,48,景乃权,2016-06-29 07:38:48,-1,4,5,上课知识范围还是挺广的  挺关心同学  只要展示认真做 论文认真写分数就不会低的
29126,48,景乃权,2016-06-29 09:14:19,-2,8,10,我觉得之前被评论误导了 实际上老师给分不低的 老师人挺好的 能和学生做朋友的
32699,48,景乃权,2019-09-07 14:50:56,31,40,9,觉得国际财务管理这课没必要开，跟国际金融一些内容都重复了，可以考虑合并。老师感觉也很没水平，展示的时候自己玩手机，问他问题也不懂，而且说全英课，英语水平真的不咋地。
32827,48,景乃权,2016-07-16 10:14:19,6,11,5,第一次在浙大见到和学生在课堂上撕逼的老师（经济热点解读）
34665,48,景乃权,2016-10-17 16:31:45,-1,4,5,还好吧，展示过关了觉得轻松了不少。偶尔比较严格，但也很好玩?
35135,48,景乃权,2016-11-03 06:40:13,-1,5,6,老师挺好的  挺能说的
35136,48,景乃权,2016-11-03 06:40:41,-2,5,7,不错不错
35137,48,景乃权,2017-11-09 07:51:17,-2,7,9,老师上课很棒的，非常推荐
35139,48,景乃权,2016-11-03 06:40:55,0,7,7,很好~~
35140,48,景乃权,2018-06-20 02:03:48,2,5,3,等老师给分...
35141,48,景乃权,2016-11-03 06:41:00,2,8,6,老师上课非常好，覆盖面很广。
35142,48,景乃权,2016-11-03 06:41:08,-2,6,8,讲的是非常好的
35143,48,景乃权,2016-11-03 06:41:09,-2,7,9,老师人挺好的，上课也挺认真
35144,48,景乃权,2016-11-03 06:41:33,37,43,6,u盘有病毒
35145,48,景乃权,2016-11-03 06:41:36,-2,3,5,?咸鱼
35146,48,景乃权,2017-11-09 07:51:29,-2,6,8,学识渊博，专业素养高，听了很有收获。
35147,48,景乃权,2016-11-03 06:41:50,-3,3,6,上课很有意思 对论文态度认真严谨！
35148,48,景乃权,2016-11-03 06:41:52,-2,3,5,老师上课很幽默有趣
35149,48,景乃权,2016-11-03 06:41:57,-3,3,6,还可以
35150,48,景乃权,2016-11-03 06:41:58,-3,2,5,老师很幽默。
35151,48,景乃权,2016-11-03 06:42:26,0,6,6,挺好的\n\n
35152,48,景乃权,2016-11-03 09:44:34,-1,7,8,对于工科生来说，内容对我们还是很有帮助的，老师上课也挺认真，我没遇到过差评里那种情况
35153,48,景乃权,2016-11-03 06:42:31,-3,3,6,nice
35156,48,景乃权,2016-11-03 07:46:03,-3,4,7,不点名，平时没作业，学期只有一次课堂展示，小组完成，期末没有考试，一篇3500字论文，按格式做到就好，人文的，表示听课挺有收获的。
37456,48,景乃权,2017-03-11 08:14:12,3,11,8,发红包要求学生刷好评
37577,48,景乃权,2016-11-19 13:53:36,20,26,6,毫无干货对不起课程名字
38004,48,景乃权,2016-11-23 04:02:49,3,4,1,???
40094,48,景乃权,2016-12-29 06:52:13,2,6,4,老师感觉没什么干货，自身经历很丰富，还是回去做研究吧，不太适合上课～
40533,48,景乃权,2017-01-04 04:05:31,-5,4,9,很认真，很可爱！
40534,48,景乃权,2017-01-17 12:45:32,5,12,7,上课让学生用查老师帮他打高分，什么样的人可见一斑
40535,48,景乃权,2017-01-04 04:06:40,-3,3,6,很好，作业其实还好，不麻烦
40536,48,景乃权,2017-01-04 04:06:44,-4,3,7,老师态度还是很认真的
40537,48,景乃权,2017-01-04 04:06:51,-4,3,7,老师态度很认真，挺负责
40538,48,景乃权,2017-01-04 06:25:55,25,34,9,我终将不会被红包收买
40539,48,景乃权,2017-04-27 04:39:03,34,56,22,最后一节课讲例题，讲一道错一道哈哈哈哈。警告那些帮景老师刷分的人，别昧良心做事，一点红包就被收买了hhhh
40540,48,景乃权,2017-01-18 03:12:39,-4,3,7,讲道理，老师上课的水平的确不是那么好，英文也有点辣耳朵，但是从他讲课的激情还是能感觉到他非常用心的，国财最后成绩还是要自己考的好，好好复习就没关系啦
40541,48,景乃权,2017-01-07 05:45:11,20,28,8,垃圾老师
40542,48,景乃权,2017-02-05 02:25:15,4,9,5,垃圾……
40543,48,景乃权,2017-01-04 04:08:48,-3,4,7,好好好好
40544,48,景乃权,2017-01-04 04:09:04,-2,3,5,老师讲课材料丰富，结合经济生活实际，很有帮助。
40545,48,景乃权,2017-01-04 04:09:36,-4,3,7,很幽默，很有趣，作业很契合实际，很喜欢他。只希望老师期末分到一点
40546,48,景乃权,2017-01-04 04:09:54,17,29,12,老师如果真的想认真上课，就不会把同一节内容（第十四章）同样的内容讲两遍而不自知，就不会把习题的道理讲不清楚。客观得讲。
40550,48,景乃权,2018-06-21 05:14:50,16,25,9,遇到这种老师我也是呵呵了，最后一节课讲题目，真是叫一本正经地HSBD
40564,48,景乃权,2017-01-04 05:41:30,3,9,6,东北味的英语，自己体会
40594,48,景乃权,2017-12-30 15:40:24,17,22,5,看到评论下面很多好评都是一个日期，总觉得有些奇怪，是我想多了么
40660,48,景乃权,2017-01-04 23:40:47,0,3,3,没有意见
40720,48,景乃权,2017-01-05 06:55:39,-2,4,6,景老师讲课很棒啊！上课会普及很多的知识，包括世界政治啊、局势啊。干货满满。上课尽管比较辛苦，但真的能学到很多东西。嘻嘻
40721,48,景乃权,2017-01-05 06:56:11,-1,4,5,老师讲课的时候感觉还是不错的，声音也喜欢，讲课内容也不错吧，案例分析都是最前沿的，挺好
40722,48,景乃权,2017-01-05 06:56:30,-2,3,5,老师人很幽默 不点名
40723,48,景乃权,2017-01-05 06:56:34,-2,3,5,说的好
40724,48,景乃权,2017-01-05 06:59:14,11,23,12,老师挺萌，会看学习帝，你们的评价他都看。233333
40726,48,景乃权,2017-01-05 06:59:29,-1,6,7,景老师真的是个很可爱很认真的老师，对我们论文和学术上的要求比较高，也是为了我们好。上课倒不是吹嘘自己，而是他确实也比较厉害。虽然有许多观点我不认同，但他真的算是一个好老师！期末没考试，一篇论文而已。
40729,48,景乃权,2017-01-05 07:08:05,-1,5,6,蛮好的课 而且期末一篇论文而已 老师的经历很丰富 能学到很多东西
40918,48,景乃权,2017-01-06 11:12:59,-2,2,4,作业论文对一门通识课来说太严格
41026,48,景乃权,2017-01-08 11:37:51,-1,3,4,实在的东西有，正态给分也不是乱正态
41905,48,景乃权,2017-01-13 07:59:07,-1,4,5,我上的是老师的热点。\n\n上课有时候很好玩的体验。\n\n老师开了这几门课，同时还是一个班主任。\n\nU盘日常有病毒。\n\n态度认真，展示做好，论文格式要求完成、结合好上课知识点基本上就能拿高分。\n\n微信群可能会发红包。
41938,48,景乃权,2017-01-13 09:06:24,4,6,2,没啥好说的 祝老师鸡年大吉吧
41949,48,景乃权,2017-01-13 09:30:56,-3,3,6,好老师！好人一生平安。很尊重学生的劳动成果！
42624,48,景乃权,2017-01-14 15:32:05,-1,3,4,还行吧，论文格式对了给分不错。但是喜欢冷嘲热讽，见识还可，但是永远在比利时留学。综合来说7分及格分吧
46697,48,景乃权,2017-01-22 07:30:28,1,6,5,不喜欢这个老师的风格，条条框框太多，还有不要被红包收买了！
49609,48,景乃权,2017-04-20 07:24:48,1,5,4,规矩很多，热点很水\n\n三观不合，六分及格
49623,48,景乃权,2017-04-20 15:17:49,0,7,7,讲的比较适合知识普及…课上展示对了解事物很有帮助…总体挺好…
49625,48,景乃权,2017-04-20 15:22:05,-3,3,6,好老师真的好? 认真听课可以学到很多东西。不知道选什么就选中国经济热点解读，选不了吃亏选不了上当
49626,48,景乃权,2017-04-20 15:25:51,-1,4,5,老师上课经常引用自身经历 深有感触
49628,48,景乃权,2017-04-20 15:32:32,-1,5,6,本课程主要针对没经济学基础的同学，没有任何经济学基础听听挺好的，能学到点东西。
49630,48,景乃权,2017-04-20 15:36:58,-1,5,6,景老师讲课非常认真，而且上课的案例分析和期终的论文设计都非常好，可以真正提高学生的能力，很喜欢。
49633,48,景乃权,2017-04-20 16:16:58,0,7,7,很有趣的大叔，对格式要求很严格，不过也是为了同学们好，打低分的估计是格式有问题拿了低分的，讲道理有些评论很不公道
49642,48,景乃权,2017-05-01 08:17:05,6,12,6,老师真的垃圾，那些人你们良心不会痛吗？
50139,48,景乃权,2017-04-30 07:26:55,3,8,5,吹嘘炫耀，毫无风范，考完不让学生问自己哪里没做好，反而还在群里求同学说“公道话”科科\n\n
50183,48,景乃权,2017-05-01 02:17:08,29,33,4,春学期的经济热点解读。一次小组展示，期末一次论文。第一次课讲了大学通识教育的重要性，比较文科生工科生的差别，第二次课讲了分组和课堂要求。后面每次课都有近一个小时的时间让同学展示经济热点问题。感觉老师自己讲的东西很少，若说有所得，大都也来自于同学的展示。对论文要求过于严格，封面不符合他的要求很有可能直接正态。再三强调不允许同学问他为什么给这个成绩。
53554,48,景乃权,2017-06-27 03:38:03,-1,5,6,老师很可爱，声音洪亮，讲课清晰，给分也很好吼吼吼吼
53555,48,景乃权,2017-06-27 03:38:44,-1,4,5,深度和广度都很合适，很有收获。\n\n赞赞赞！！！
53561,48,景乃权,2017-06-27 03:51:13,-1,2,3,认真做论文，认真准备展示，不仅过程中能学到很多经济上的知识，还能获得好成绩，?
53619,48,景乃权,2017-06-27 07:39:45,0,5,5,和蔼可亲。给分友好。得的分低肯定是上课什么都没听的。上课愿意听就听一下。对工科的同学主要是开拓一下知识面。
53737,48,景乃权,2017-06-27 12:41:16,0,3,3,一般啊
53758,48,景乃权,2017-06-27 15:03:45,-1,1,2,还不错吼吼吼
59379,48,景乃权,2017-09-21 05:42:29,9,10,1,老师特渣，毫无素质，在全班面前骂学生，自我感觉异常良好，真不知道为什么能教课
60667,48,景乃权,2017-10-26 07:31:22,13,15,2,先不论老师教课水平多差口音多重，连ppt都读不顺溜。上课扯半小时废话最后只留15分钟我们小组展示，然后甩锅给我们叫我们不要浪费大家时间，nmsl？见过孤儿老师呵呵
61148,48,景乃权,2017-12-28 02:51:56,0,6,6,老师有水平，对于新技术关注，会拿非常新的案例分析来给我们做，比如区块链、国企改革等等的，挺好的课
61149,48,景乃权,2017-11-09 07:34:31,0,2,2,能收获很多关于金融前沿的知识，富有时效性，而且能把很多理解难度高的新概念解释得很清楚。总之知识方面收获超多，老师人也很好。
61150,48,景乃权,2017-11-09 07:41:59,0,3,3,老师上课还是有干货的，至少学了不少人生的经验，虽然有时候会打断同学的展示，但其本意还是为了让同学能通过展示能更好的锻炼到表达能力。总之，还不错啦！
61151,48,景乃权,2017-11-09 07:48:45,-4,0,4,老师讲得挺好的啊！
61152,48,景乃权,2017-11-09 07:56:51,-4,1,5,超棒的！
61160,48,景乃权,2017-11-09 09:31:58,-5,0,5,景老师经常谈自己在国外的生活，挺有趣的，个人挺喜欢听的。
61184,48,景乃权,2017-11-10 06:36:35,2,2,0,司马体验
61205,48,景乃权,2017-11-13 15:13:29,-4,0,4,好老师，课有用
61255,48,景乃权,2017-11-26 07:06:48,5,6,1,好难过啊……论文查了一个礼拜资料，在最后只是因为没有写评分标准，就3了，哭死在角落
61256,48,景乃权,2017-11-13 05:54:01,-4,0,4,有思想有灵魂的老师
61257,48,景乃权,2017-11-13 05:56:37,-3,4,7,景老师——绝对的规则把控者。但是，再怎么不情愿，我们不得不承认，规则就是规则，景老师说的没错。有“规则洁癖”真的是竞争的第一步。真心感谢景老师。
61258,48,景乃权,2017-11-13 06:27:42,-1,1,2,老师注重格式，讲究程序，讲一点点经济。展示就是小组研究一些经济热点，能学多少主要看自己是否有花时间。
61259,48,景乃权,2017-11-13 06:28:09,-4,0,4,有水平，关心学生
61260,48,景乃权,2017-11-13 06:30:52,-4,0,4,不错的
61261,48,景乃权,2017-11-13 06:42:45,-2,2,4,个人是经济小白，特地选了这门课，每节课都坐前排，认真做笔记，所以收获很多。从老师传授的经验也感受到了老师的用心良苦。以后可能没有机会接触经济学科，对于这门课还是很满意的。
61266,48,景乃权,2017-11-13 07:05:21,-4,0,4,学知识，长本领，以后少走弯路
61291,48,景乃权,2017-11-14 01:14:26,1,2,1,老师论文要求挺高的，论文格式不合格的交了后是不能改的，他说格式不合格的不会太影响成绩，我就呵呵了，毕竟成绩是按正态分布的
62360,48,景乃权,2017-11-24 11:36:08,-2,1,3,吼哇吼哇
62361,48,景乃权,2017-11-24 11:38:58,-2,1,3,老师严格是严格了一点，但是只要作文按要求来最后还是不错的
62363,48,景乃权,2017-11-24 11:55:02,0,3,3,均绩应该是挺高的 然而我格式什么都没问题 刚好卡在3.9…不能怪正态分布 只能怪自己比别人不够优秀吧  老师是关心学生的 诶不知道说什么 还是对成绩失望 笔记很认真写了
62369,48,景乃权,2017-11-24 12:43:08,4,5,1,一定要注意论文格式！
62823,48,景乃权,2017-11-27 05:47:08,-2,1,3,老师人真的很好，我最后论文格式封面错了老师还给了我4.2，真的可以说是非常感动了
69323,48,景乃权,2018-01-24 13:00:02,-2,0,2,好老师！上课能get到很多干货，引导学生自主分析问题。
69327,48,景乃权,2018-01-24 13:15:32,2,5,3,拉低均绩，一门通识事儿神tm多，给分还差，论文格式给差分还说什么为了大家好呵呵，感觉像那种爱忽悠爱显摆自我感觉超级良好，拿莫名其妙的严格来显示自己水平的垃圾老师
69336,48,景乃权,2018-01-24 13:31:43,-2,2,4,事儿挺少，听课也还蛮有收获，论文好好写绩点应该就能还行，总体来说挺好的老师
69412,48,景乃权,2018-01-27 00:05:31,8,10,2,给分有点差，说是平时分给满但是问考试成绩却不回复，然后一个劲发票圈...讲道理学生问自己考试成绩不是天经地义嘛...
69720,48,景乃权,2018-01-25 09:12:57,0,2,2,老师除了耿直一点、英语有点口音之外其他的都不错吧。
69870,48,景乃权,2018-01-25 14:44:53,3,7,4,和学生上课撕逼，微信上语言粗俗。一旦质疑就开始发飙没有任何专业素养的老师。
70119,48,景乃权,2018-01-26 06:40:33,3,5,2,孤儿老师
70320,48,景乃权,2018-01-26 12:34:20,7,9,2,没什么营养的通识…真的肝期末论文的时候翻老师上课PPT真心觉得没营养，纯靠学生恶竞pre撑起来的课。想学点东西的就别上了吧，真的没意思，我花了不少心思想刷刷绩点结果给分也一般。
72653,48,景乃权,2018-01-30 15:55:05,-2,0,2,知识渊博
74101,48,景乃权,2018-02-05 06:11:52,-1,2,3,通识肯定有高有低啊，均绩3.9的通识不够吗？我感觉把格式搞好，稍微用点心写论文，上4.2不难吧？
75631,48,景乃权,2018-03-14 08:56:35,4,4,0,给分很差
76834,48,景乃权,2018-04-24 09:40:33,5,5,0,上课泛泛而谈，不知道在讲什么，展示的时候自己插话凭什么算在我们的展示时间里，评分方式不合理。
77704,48,景乃权,2018-05-07 10:39:42,0,2,2,会比较认真回答你的问题。上课的时候偶然会比较纠结于一些细节。
77736,48,景乃权,2018-05-07 15:49:04,1,3,2,老师挺严格的，对小组展示的要求比较高。但这门课的小组展示真的不水，一个组25min，需要好好准备才可能讲的好。参加展示的话，自己收获会比较大，也是很好的锻炼机会，绩点也不错，本人4.5。所以大家不想水的话，在小组展示的时候一定要积极报名，不然只能靠最后的论文碰运气了。不过建议小组展示的时候多听听，还是很有收获的。
77744,48,景乃权,2018-05-07 13:16:32,2,2,0,一般般
77769,48,景乃权,2018-05-07 15:36:16,-2,0,2,格式要求很严格，展示积极一点，论文注意格式分数还行
78069,48,景乃权,2018-05-09 08:10:37,0,2,2,虽然上课真的有一些很烦，也有很无奈的东西。但是认真写论文，成绩还是棒棒的
78241,48,景乃权,2018-05-10 06:55:53,0,3,3,听景老师讲课收获挺多的，老师会引导学生分析问题，一学期下来，9个小组的案例分析认真听完，个人会感觉很有收获。老师有时候会打断展示，但是在展示技巧以及展示和论文的规范性上要求很高，学到了很多，对以后实习和工作应该也会有帮助，总之，论文好好写，积极展示，会有不错的成绩(*๓´╰╯`๓)♡
78959,48,景乃权,2018-05-17 17:57:10,5,5,0,上课纯吹水无聊
79498,48,景乃权,2018-06-07 06:47:21,11,11,0,给老师提一个小建议，讲台上同学做展示的时候请别打断，别打断学生说话。
80094,48,景乃权,2018-06-20 02:49:46,3,4,1,给分极差
80389,48,景乃权,2018-09-18 14:40:12,11,12,1,老师有七分是用红包让同学刷的，自己看下面评论。老师的语音语速辣耳朵，上了一学期表示很难受。没学到什么，老师太自大了，现在热点这门课被教务处停开了。我浙还是很英明的，老师以为自己很厉害可也就是副教授而已。
80446,48,景乃权,2018-06-26 14:26:48,6,7,1,为什么会被停 能想想自己的原因嘛 自以为是和孤芳自赏是不一样的哦
80588,48,景乃权,2018-06-28 05:58:38,0,2,2,上了中国经济热点解读，这老师脾气不好，怼学生还一个劲吹嘘自己，在别人展示时喜欢打断，还要怪别人时间控制有问题，其实事先排练的好好的，这门课还没出分，来评分，有主观看法，但大部分客观，这门课谁上谁知道?
82669,48,景乃权,2018-07-09 02:36:52,2,2,0,3.3 中国经济热点解读
82690,48,景乃权,2019-01-03 07:12:46,-5,8,13,辣鸡sm老师，劳资认真听课展示明明被他夸了，结果被正太，去nmb，劳资期末写了一星期论文格式什么都对的，辣鸡通识课活该被停开，就问你讲了什么狗屁东西？还以为自己很牛逼，sb看到女同学那表情，处分还那么慢，上过的最后一节也是最垃圾的通识！劳资所有通识课就没下过83，qnmb的
82909,48,景乃权,2018-07-09 09:52:19,-10,0,10,课挺好，给分也不错
83670,48,景乃权,2018-07-11 03:31:49,-2,0,2,课。。比较水，每个小组有一次展示，期末一篇论文，给分还不错吧，就感觉经常打算展示不是很尊重学生
84134,48,景乃权,2018-09-18 14:40:26,-2,1,3,1.老师上课真的非常无聊，经常讲一些和经济没什么关系的实事，但是没只是看到一点就讲，没有了解这件事的始末，观点让人听了很尴尬~2.上课展示非常随性，想打断就打断，莫名执着于一些奇怪的问题，还要怪同学们不把握时间，到最后还反复对负责总结的同学说她只有一分钟的啥的。。3.期末论文考核，但是非得到最后才告诉我们题目，在考试周前一个星期疯狂写论文！！4.我给了老师7分，因为他貌似比较肯定我的论文，分数给得也不错，没有卡我。总的来说，抛开上课质量，考核还是挺公平的。
87857,48,景乃权,2018-10-16 04:06:14,11,11,0,国际财务管理听到现在就记住一句maximize shareholder wealth… 英语讲不出来的时候就重复how to say 孤独骑士上课真的很孤独，因为没人听都在下面自己看书
88545,48,景乃权,2018-11-01 06:40:36,4,4,0,喜欢画画?
88742,48,景乃权,2018-11-07 06:47:00,-1,1,2,贼没素质，傻逼老师?
89883,48,景乃权,2018-11-21 06:53:29,0,1,1,emmm不知道为什么对老师的评价有严重的两极分化。上的中国经济热点解读，通识课也就那么水水的听了，评论里bad的那些方面除了做pre会打断以外的事情还真的没有遇到。反倒是老师在改完论文以后还告诉了我们论文存在的问题让我印象挺好的，我本身也不是一个很擅长写论文的人，按照老师给的要求和思路写下来最后成绩还挺好的，8分～
89907,48,景乃权,2018-11-21 08:02:42,-2,0,2,看到评论我当时很慌，其实感觉还行吧，事情也不多，展示花了点时间论文花了点时间，之后4.5，说实话我大三了论文格式我一直都有问题但是之前都不知道，早点上他的课好了。因为是北方人，听老师扯得还挺开心的，干货一般但绝对没评论里那么烂啦。8分ba
89916,48,景乃权,2018-11-21 08:24:38,0,0,0,整体下来观感还行啊感觉老师挺认真的论文有的问题也都在群里列出来了，格式要求也是之前都讲过的，一次小组展示一次论文按要求认真做分数不会低啊，反正挺水的
89952,48,景乃权,2018-11-21 11:12:59,0,0,0,感觉老师也是想要把课上好。奈何他本身就是那种演说家的性格。上课其实还好，批改论文也很认真，还有反馈。就是干货少，进度慢，有很多时间在讲汇报格式，论文格式还有一些别的和课无关的东西
90987,48,景乃权,2018-11-28 12:29:16,0,1,1,老师上课有一点点扯，展示比较水，论文要求格式符合要求
91036,48,景乃权,2018-11-29 06:15:42,7,7,0,对自己的英语水平有什么误解
91297,48,景乃权,2018-12-05 06:52:44,7,7,0,乱打断别人，坐在下面都看不下去了
91792,48,景乃权,2019-01-03 07:11:32,4,5,1,有更差的老师吗\n\n讲什么破一带一路，还最新研究成果\n\nbullshit
91834,48,景乃权,2018-12-21 16:54:20,9,9,0,孤独骑士
92077,48,景乃权,2018-12-26 05:50:58,5,6,1,讲的都是有用的废话 根本学不到什么 难怪要被教务处停开
92599,48,景乃权,2019-01-03 05:40:03,-1,3,4,美国的钱是印出来的，中国的钱不是印的，是一个纽扣一条领带挣的。\n\n精辟啊景老师，别当学者了去演讲收智商税去吧
93357,48,景乃权,2019-01-09 07:04:36,7,7,0,最后一节课仿佛是一个职业PPT设计师，这就是对一个短学期十个组做的案例的总结？？就假大空的大道理也没有啊。。。
95771,48,景乃权,2019-01-20 04:25:29,1,5,4,给分意外 谢谢孤独骑士
98827,48,景乃权,2019-01-24 03:40:55,13,13,0,国财给分太差了
98828,48,景乃权,2019-01-24 03:43:26,10,11,1,国财呵呵
98851,48,景乃权,2019-01-24 04:10:33,10,11,1,给分服从随机分布，以3为基准（国财）
98862,48,景乃权,2019-01-24 04:18:23,13,14,1,呵呵，每周都有作业还不说，一门全靠记的专业课给这么低的分真的是牛逼啊…上课不知道讲些什么鬼，没有哪节课把ppt讲完的...还全英文的课，上课讲的英文不知道有没有1%...谢谢老师让我体验这门优秀的国际财务管理！
98875,48,景乃权,2019-01-24 04:26:27,8,9,1,给分让人伤心
98886,48,景乃权,2019-01-24 04:32:48,15,15,0,我就直接一点，辣鸡。给分辣鸡，讲课更辣鸡
98899,48,景乃权,2019-01-24 04:48:14,-7,1,8,国财第一节课老师就说了给分正态。每一章的作业我都是看一遍书然后自己做的，给分说不上好，至少付出和收获成正比吧。
98908,48,景乃权,2019-01-24 05:00:49,2,4,2,微信朋友圈文章复读机
99008,48,景乃权,2019-01-24 06:52:07,6,9,3,第一次评价老师，讲课没什么有用的地方，三观奇葩，对自己英语蜜汁自信，给分很差，很好奇这样的老师为什么要开专业课。
99295,48,景乃权,2019-01-24 14:22:18,-2,2,4,给分挺好
99340,48,景乃权,2019-01-24 15:05:20,0,0,0,.......
122801,48,景乃权,2020-04-08 02:44:30,1,1,0,通识课还行，给分不错
152089,48,景乃权,2022-03-25 08:22:34,7,7,0,srtp答辩过来的\n\n你没啥水平就别来当评委好吧\n\n问一个小组ESG是什么，说什么你放这缩写谁看得懂；作为一个金融系的老师竟然不知道ESG，多古董啊\n\n一个小组提到了CAPM，开始扯自己03年接待过提出CAPM的什么什么教授，还给人家做翻译，就您这口语，还做翻译，真了不起\n\n质疑一个小组的非理性预期选题，说XXX同学你要是能做明白非理性预期，经院下一栋楼就以你命名，说什么股市只有把握到拐点才能有收益；寻思着lxj老师也把握不到叭，而且非理性预期是很经典的行为金融选题，这都不懂还好意思当评委\n\n有一个组答辩的时候出去上厕所了，回来之后材料也不看、ppt也没听，就对着谢谢老师那页开始随便提问，这样的提问有质量没有？\n\n这种老师还是赶紧退休，别祸害一代一代学生了
9202,87,周戈,2015-10-16 12:04:37,7,12,5,温柔杀手
9459,87,周戈,2015-10-28 04:56:29,9,20,11,男神，简直要暗恋他了(≧σ≦)
11817,87,周戈,2015-12-16 05:53:03,1,11,10,坑老师，建议不是经济专业的学生不要选他的课，上过他的宏经，整天在补充好多经济专业的东西，听得云里雾里的，平时屁事还多。。。
12395,87,周戈,2015-12-23 07:28:18,-2,3,5,最喜欢的老师
15065,87,周戈,2016-01-12 00:54:52,5,8,3,老师人可帅了，讲话也很温柔（hhh花痴脸）
16506,87,周戈,2019-01-29 04:00:04,20,29,9,希望有一天他的教学水平能跟上他的颜值。半成品花瓶啊。作业比较烦，不点名，声音小，教学内容顺序和书本不一样！！！复习看ppt无用。祝安！
17656,87,周戈,2016-01-20 14:51:10,1,4,3,讲课跟进时代，很能引导思路，注重平时的思维锻炼，很棒啊！
18367,87,周戈,2016-01-21 13:33:12,6,12,6,美，知识渊博，满绩天使！
18373,87,周戈,2016-01-21 13:42:34,-2,1,3,良心的
18377,87,周戈,2016-01-21 13:52:52,1,4,3,男神男神～
18386,87,周戈,2016-01-21 14:09:22,2,4,2,上课无聊，声音小，讲课顺序永远找不到，作业多，最后给分还好。
18403,87,周戈,2016-01-21 14:23:55,2,6,4,周戈老师的课其实挺好的，会给你补充有用的知识。可能不会按照书上的东西来讲，但是上课的内容都能帮助理解书上的内容。
18432,87,周戈,2016-01-21 15:21:54,4,11,7,上课使用的体系和叶航的宏经课本不一样，但是讲的很清楚，而且在重数理推导的同时也很讲究“经济学的intuition”，最后居然能拿99分也是醉了……
18459,87,周戈,2016-01-21 16:11:11,-20,2,22,男神！平时的经济学直觉锻炼让你最后考试周看一下午宏经课本就能上考场！给分也不错，最后97。
18476,87,周戈,2016-01-21 17:07:20,-2,0,2,嗯。。嗯
18489,87,周戈,2016-01-21 23:22:31,0,2,2,周老师很帅！
19077,87,周戈,2016-01-23 08:12:28,-2,2,4,周哥哥大长腿欧巴，讲话声音太温柔容易睡过去…但是上课补充很多内容，思路也超级清晰，宏经很有收获！重点是给分还好～
29699,87,周戈,2016-06-30 08:06:16,-2,1,3,前排强势表白男神
48502,87,周戈,2017-03-06 06:47:56,31,35,4,优点：善于思考经济学含义，有时候会有课外拓展，鼓励学生亲自动手算，长得帅；\n\n缺点：声音太小，常常给人一种这句话说完就没下一句的感觉；上课节奏拖沓，气氛极其沉闷，一个厂商最优化行为讲了两节课，还总问我们快不快……都要睡着了好嘛……\n\n综合评价：优雅的老师，课还算讲的明白，但个人觉得实在谈不上多好，仅就我上过课的老师来说，要论上课质量，还属汪淼军老师、叶航老师，朱柏铭老师，等等。
49391,87,周戈,2017-04-10 04:16:01,13,13,0,中宏。可以看出准备比较认真，但是讲的实在是太太太太拖沓重复了，包括给你五分钟求导，感受一下。而且上课缺乏激情，声音比较轻，很想睡觉。
51761,87,周戈,2017-06-09 06:57:30,14,15,1,虽然老师很认真但我还是建议中宏去听何老师讲，真的
52366,87,周戈,2017-06-19 06:18:45,6,7,1,建议学霸可以选。老师讲的很认真也很厉害，但是真的不如何张勇…
57301,87,周戈,2017-07-06 13:41:46,7,8,1,中宏讲得不好，给分又差。
57304,87,周戈,2017-07-06 13:55:00,-2,3,5,给分感人 老师讲课可以再自信大声一些
57313,87,周戈,2017-07-06 14:21:49,7,8,1,讲课一般 人的性格不错 长得也很帅 但是老师我这么认真你给我这点分你是在侮辱我吗？？？
57363,87,周戈,2017-07-07 03:58:46,1,2,1,老师人很nice！
57364,87,周戈,2017-07-07 04:02:05,0,1,1,感谢男神中宏重修不杀之恩！
57505,87,周戈,2017-07-09 03:19:02,-5,1,6,一学期下来感觉没学到啥时候但回过头发现周男神的经济学直觉培养是潜移默化的了  中宏给分很好了
57712,87,周戈,2017-07-12 23:10:17,14,15,1,请大家注意，周戈已经不是满绩男神了
57770,87,周戈,2017-07-14 15:42:36,4,5,1,中宏给分不好，讲的没激情听不下去，自己看书吧。
73317,87,周戈,2018-02-01 10:15:22,6,6,0,老师是好人(ToT)
76173,87,周戈,2018-03-28 08:34:59,-3,1,4,因为是男神，所以课超级棒
78629,87,周戈,2018-07-11 21:55:04,4,5,1,给分真的很好吗？为什么我好低啊，感觉答得不错啊
80650,87,周戈,2018-06-29 02:08:40,-2,1,3,别上他的中宏\n\n别上他的中宏\n\n别上他的中宏
81395,87,周戈,2018-07-11 15:00:01,8,10,2,虽然听不懂讲课，但是还是满绩男神
81711,87,周戈,2018-07-06 02:55:28,5,5,0,刚开始觉得老师讲得不怎么样，但是到后来回过去看的时候发现老师其实讲的很好啊……而且每次都很耐心很温柔的样子 真的帅
82677,87,周戈,2018-07-09 02:46:05,4,5,1,不得不说，周哥哥善良又年轻
83940,87,周戈,2018-07-11 14:58:00,0,1,1,讲课清楚，给分也好
83941,87,周戈,2018-07-11 15:02:24,0,0,0,谢不挂之恩
83947,87,周戈,2018-07-11 15:12:39,4,4,0,中宏给9分（除去上了很多不考的东西）  国金给6分   给分给10分
83952,87,周戈,2018-07-11 15:19:49,5,6,1,周老师也太棒了吧，超级有学识，经济直觉也非常好。关键是一点都没有老师的架子，回答问题的时候真的超级和蔼呀。考试前去老师办公室问题目，见到周老师坐在一件很小的办公室里面，座位只比教师前后桌宽一点，真的非常心疼了，真的非常希望学院能给老师们提供更好的办公环境，对得起老师们在讲台前的辛苦付出
83965,87,周戈,2018-07-11 15:25:48,2,2,0,老师人太好了！其实如果不是为了应付考试我还真挺希望多听老师的讲课……
83967,87,周戈,2018-07-11 15:28:45,2,2,0,长得帅
83984,87,周戈,2018-07-11 16:01:49,2,2,0,给分是真的很好了
84170,87,周戈,2018-07-12 07:19:23,2,2,0,上课准备得很认真 但是比较适合高水平的同学 emmm 我上课基本被迫梦游了
84913,87,周戈,2018-07-14 10:39:31,1,1,0,前几节课还在垂死挣扎的我，终于在某一节课开始放弃了认真听讲。春学期上完就把何樟勇老师两个学期的课程内容上完了。于是我翘了一个夏学期的中宏课，后半程全靠自学，最后绩点给的很让我感动。告诉学弟学妹们，以及来上个性课程的同学，周哥哥的中宏可能要单独出卷了。所以选上他的课，建议问清楚，毕竟绩点也很重要。
86748,87,周戈,2018-09-18 09:31:04,-3,0,3,满了 背书就好了
92072,87,周戈,2018-12-26 00:56:13,0,0,0,男神发福了？
93652,87,周戈,2019-01-11 06:30:34,-3,1,4,看见我的差分方程没，看见我的动力系统没，它们真的都是看起来复杂解起来很简单的。\n\n玩笑归玩笑 很好的老师。 学有余力怒推荐中宏。
97779,87,周戈,2019-01-22 15:56:23,2,3,1,求你好好学学做PPT
99255,87,周戈,2019-01-24 13:41:35,1,1,0,老师很厉害的，也很温柔，但还是要挂科怎么破
102508,87,周戈,2019-02-04 02:26:42,6,6,0,基础较差和自学能力不强的同学不要选了，交叉班的既然没办法换那就加油努力吧，适合大佬
114111,87,周戈,2019-07-08 23:59:25,1,1,0,。。。
114180,87,周戈,2019-07-09 03:14:25,4,4,0,他到底会不会上课。。。给分也完全不好
114255,87,周戈,2019-07-09 11:01:21,1,1,0,温柔杀手
115961,87,周戈,2019-08-27 05:57:51,-11,1,12,从不点名，听他讲课是享受（虽然一开始听不懂，但全凭周哥的颜认真听了课，然后越听越有趣）男神认真上课讲知识的时候简直不要太迷人！满脑子知识的人啊啊啊啊！而且每次他看到大家有一点疑惑的样子会多讲一遍，是很好的老师。
122338,87,周戈,2020-02-24 11:19:45,-8,0,8,中宏选周哥哥的没错！我爱背PPT！
139270,87,周戈,2021-07-14 03:13:20,4,8,4,坑比，中宏大作业project谁会用matlab编程？一个学期考试内容明明只到交际代叠模型结果半期就讲完了剩下半个学期在讲一些根本不用的东西。上课没意思，能过全靠隔壁班何老师的智云课堂教会了我，深入浅出，生动形象，我最后悔的事就是选了zg班，太痛苦了，建议周老师现实主义一点，不要过于理想化，不要太看得起我们。
150901,87,周戈,2022-02-21 02:41:57,30,32,2,周戈是查老师上第二个让我觉得请了水军的老师
151561,87,周戈,2022-06-27 04:02:14,5,7,2,【国际金融学】虽然老师上课不行，但给分是真的高啊，谢谢周哥哥🥰🥰🥰🥰🥰
155435,87,周戈,2022-06-19 14:15:58,2,2,0,求老师捞一捞我(๑ó﹏ò๑)
158185,87,周戈,2022-06-27 11:02:21,-5,2,7,我见过的唯一一位教学，作业，给分完全分裂的老师。\n\n教学完全听不懂，作业（project）完全不会做，给分好好好好好。\n\n不点名，真心建议大家选他的课，然后听hzy老师的智云，大作业copy。
171930,87,周戈,2023-04-13 01:35:07,2,2,0,讲的太拉了
173002,87,周戈,2023-05-11 05:18:19,-1,1,2,期末大作业要用matlab......我除了要忍受您稀烂的ppt和自说自话的上课水平还要自学编程是吧？估计学术水平挺高的但是教学水平就是马里亚纳海沟，学到期中好多人退课 求求您学学怎么上课吧
174340,87,周戈,2023-07-08 10:19:59,-7,3,10,满啦！周戈老师是一个学术水平很高的人，讲课水平其实我觉得也不错哈哈，但可能很多同学都接受不来。以下留几点tips给未来会选修中宏以及上周老师课的同学。\n\nTips：1.周老师应该是会捞人的，反正连着几年大家都感觉老师给分是很不错的，所以上周戈老师课的同学不用担心给分会比其他老师差。2.周老师班级和其他班级中宏最大的区别就是上课内容教其他班较快，大概八到十周时间就会讲完hzy班十六周的内容。但我个人觉得其实主要是hzy老师上课速度太慢了，本人是两个班课程都混听的，所以还是比较能感受到差异的。如果你能够上课认真听讲或者智云会看录播，那周老师的讲课速度你应该是完全能够接受的。我认为周戈老师的讲课质量很高，不要被英文的ppt和老师偶尔冒出的英文词汇吓到，因为老师的ppt、讲课的逻辑性都比那本中级宏观经济学好太多了，所以大家也不用担心课是否上的不够好。至于周老师多上的部分实际上都是原来内容的拓展，比如RBC模型、货币引入等等，和新古典等基本上无多大区别，重要的是能让我们更多的理解经济学意义（可能就是周老师想让我们培养的经济直觉吧hh）。3.我认为最折磨人的应该是那个大作业了，这里具体内容我就不阐释了，大概需要自己学习Latex排版、MATLAB编程等等，但是实际上据反应来看这方面老师不会难为你，应该是做了并且能体现出你确实了解了花了时间，该给的分都会给的。4.以上三点就是周老师可能会劝退或者吸引同学的地方，同学可以根据需要自行考虑。
174911,87,周戈,2023-06-19 14:59:45,16,16,0,今年毕业的老人，不知道周老师发生什么事了。毕业吃饭整个人乱糟糟，头发简直鸟巢，也发福了不少，眼里也没光了。回想大一时候周老师很意气风发的，希望老师能振作起来吧，唉。
178148,87,周戈,2023-07-07 07:38:56,1,2,1,国金，作为一个从刚接触专业相关内容起就不擅长汇率相关内容的人而言，上课体验痛苦无比。国金内容深入又是英语，虽然每节课后都进行复盘，但每每一个星期过去，又感觉忘的差不多（and这学期因为各种节假日的关系少了好几节课，导致后面的内容压缩得令人发指🥶）。快期末了发现考试安排出神入化，不提前复习压根来不及，能挺过整个复习过程我真佩服我自己。\n\n给学弟学妹推荐这本书的中译版（图书馆能借到），可以和英文配着看，但上课的时候别让老师看到，因为他会push大家看英文版hhhh（主要是为了期末考试中那个大型阅读理解）。\n\n学这个课最大的感悟就是有问题一定一定要弄懂，及时弄懂并做好相关笔记，不然后面真的不知道当初干了什么😫。
197173,87,周戈,2024-07-08 13:47:28,-1,0,1,虽然大作业难度高但是老师不会为难你，有问题真的不管多迟都是秒回，人真的很好，给分也超超超超捞
197659,87,周戈,2024-07-25 05:28:37,-2,0,2,真的好老师
221097,87,周戈,2025-06-21 08:31:20,2,2,0,冲着给分好来选的，结果讲的又烂上课声音又小还绩杀，只能说快跑吧。。
221124,87,周戈,2025-06-21 10:58:16,2,2,0,国际金融学\n\n讲得烂给分差，不点名但是偷偷记人，别被查老师均绩骗了
221643,87,周戈,2025-06-25 04:57:53,0,1,1,老师上课声音较小，需要坐前排才能获得较好的听课体验。老师可能还是满绩男神
5521,99,朱秀君,2015-07-08 04:39:09,81,115,34,讲得虽不够有趣但能讲明白。教学认真有问必答，绝对没有楼上那么不堪，评论前请先慎重考虑自身对这门课的重视程度好吗。良心评价朱老师还是不错的。
5616,99,朱秀君,2015-07-08 16:33:36,2,9,7,好！
13125,99,朱秀君,2015-12-25 02:31:04,6,27,21,请没有认真听课的同学不要随意评论！
15556,99,朱秀君,2016-01-15 10:23:15,-3,4,7,很有趣！给分好！事少！！只要交一次作业和一篇3000以内的论文就好了
16126,99,朱秀君,2016-01-17 09:00:09,1,11,10,可以  事少分高
17963,99,朱秀君,2016-01-21 04:52:10,-28,9,37,在浙大没见过这么渣的老师，完全就是一个教书匠，根本不相信她是浙大的老师。
22552,99,朱秀君,2017-08-30 08:16:03,-48,11,59,从未见过这么差的老师，作为经济学老师基本上不会举任何例子。讲课基本上就是念啥都没有了。上过这么多课，她是浙大最渣！
24299,99,朱秀君,2016-04-29 08:57:19,2,3,1,人很好，很耐心
26440,99,朱秀君,2016-06-18 13:04:07,2,5,3,感觉还好 老师是负责的 上课听不听是你的事 但认真听肯定能懂
27368,99,朱秀君,2016-06-25 09:05:22,1,5,4,我觉得老师讲课不错\n\n
30759,99,朱秀君,2016-07-02 11:46:29,0,7,7,给分已报警，均绩骤降0.2，可能是我菜…但是我觉得付出的比回报多…老师讲课中规中矩，能听明白，好老师，就是不够吸引人。
30884,99,朱秀君,2016-07-02 21:44:27,1,1,0,几乎不点名，偶尔交作业，以及平均老师讲得差的...经济学这种课还想怎么样，毕竟课程性质就枯燥啊，至少个人觉得老师人还挺负责和蔼的，自己把课件好好看看，书上题目摸懂，绩点就还好...
32503,99,朱秀君,2016-07-07 08:06:04,2,5,3,给分不太好
32505,99,朱秀君,2016-07-07 08:25:26,2,4,2,感觉老师的税法不是很扎实
32689,99,朱秀君,2016-07-09 12:07:17,2,4,2,讲得不好，而且感觉老师水平不够，反正没什么人听，个人觉得这课自己看看书就够了，给分也不好。
32737,99,朱秀君,2016-07-12 07:23:54,17,20,3,给分真烂，不忍直视
33908,99,朱秀君,2016-09-22 12:13:57,2,4,2,收获很大的课，也不累，内容丰富，开阔眼界，拓宽思维
35466,99,朱秀君,2016-11-10 07:24:35,14,22,8,博弈论原理与应用。\n\n老师充满亲切感呢23333人不错很愉快\n\n①签名算到，可以让课友代签。\n\n②作业结课时和论文一起交，量少，全英文但可看懂，认真听或者看看课件就会做。论文1000到3000字，打印，不收电子版。\n\n③上课会举例子，挺多挺有意思的。老师会解答学生疑问。\n\n④前期比较愉快，后面数学和理论比较多，总之感觉挺有用的。课本有点难，不过看课件可以理解。\n\n⑤建议有兴趣选，能收获知识，想水课就太遗憾了。\n\n还没收到成绩，表示不知道绩点
35968,99,朱秀君,2016-11-10 09:20:55,0,1,1,上通识很认真，但例子不够多
36025,99,朱秀君,2016-11-12 10:46:11,0,8,8,补充:5000字论文＋作业（有一部分是看的答案……）绩点4.2
36040,99,朱秀君,2016-11-10 10:43:52,2,4,2,我上的是博弈论，讲得很仔细～事情特别少～
36373,99,朱秀君,2016-11-12 13:24:58,1,2,1,老师讲的挺好的，认真听会学到不少。事情不多，我喜欢。
36435,99,朱秀君,2016-11-13 12:35:06,-2,0,2,还好，挺水，人好，事少，给分好
36438,99,朱秀君,2017-12-27 06:36:43,-18,8,26,作业全交，论文3000+，上课全去给了3.3？她的成绩一出来我学期均绩掉了0.5
36444,99,朱秀君,2016-11-13 15:27:42,1,1,0,事少，但给分不太好
36478,99,朱秀君,2016-11-14 05:20:30,1,1,0,老师人很好，给分也很好啊
36508,99,朱秀君,2016-11-14 10:27:48,0,0,0,课上的很棒，作业也不多\n\n
36636,99,朱秀君,2016-11-15 06:48:51,0,2,2,当时拿到书的时候被吓到了，不过老师讲得很好，博弈原理基本都有带到，讲道理是我为数不多上过后觉得蛮有用的课程。老师给分也蛮好的。
36988,99,朱秀君,2016-11-17 03:08:23,0,1,1,课还不错 给分一般
37119,99,朱秀君,2016-11-17 13:22:17,1,1,0,3200字的论文 给了4.5的绩点qwq 这个老师人也超好 问问题回复的很快！
40842,99,朱秀君,2017-05-31 08:11:33,-3,3,6,微观经济学虽然讲的相对枯燥，但是无论是给分还是作业真的都不差呀。
41524,99,朱秀君,2017-01-12 06:15:05,0,2,2,老师很好，很和蔼，上课也准备很认真，学到很多。就是ppt上总是会有大面积英文出现（不过经济类应该都这样，毕竟是从国外引进的）别的课没上过，不过博弈论原理与应用真的不错
41631,99,朱秀君,2017-01-12 09:24:13,2,3,1,上的博弈论原理与应用。老师时不时点名，上课有一定强度，讲的东西很有用，认真听很有收获吧。我现在很遗憾没有多学点东西。不太建议想水课的学生去选。我是大一工科新生，感觉数学工具不算难，但需要逻辑思维。对老师挺满意，对自己态度不满意，多谢老师的给分，很满足了。
41665,99,朱秀君,2017-01-12 10:19:51,1,1,0,呵呵呵
41707,99,朱秀君,2017-01-12 11:45:04,1,1,0,挺好的呀 作业认真做 论文多写点就好
41827,99,朱秀君,2017-01-13 02:44:02,0,1,1,上课不乏味，认真听的话收益很大，超喜欢这个老师，可惜的是只有一个学期的课，没有把所有情况的博弈都讲过去～
41838,99,朱秀君,2017-01-13 03:56:08,-4,0,4,会举很多生活中的例子～事情不多！给分好高！！！
41856,99,朱秀君,2017-01-13 05:16:44,-2,2,4,博弈论的基础与应用课很有收获，干货满满，主要是自己喜欢经济所以觉得蛮有趣的，上课每次都去，习题作业写的不认真，论文是好好写的，绩点4.2
42113,99,朱秀君,2017-01-13 15:10:39,0,1,1,事情少，给分好，老师人也很好，好好听能收获很多，想水一下的也能拿一个好分数，真的好老师。
43198,99,朱秀君,2017-01-16 03:27:41,4,7,3,认真负责的老师，课程本身是有难度的，要自己努力才好。喜欢老师的口音，很亲切。
57144,99,朱秀君,2017-07-05 16:46:28,19,24,5,付出与回报不成正比，给分神坑，努力了白费
57173,99,朱秀君,2017-07-06 01:11:47,0,0,0,适合理工科的人来做个性学分 毕竟大班教学 老师也不怎么严 偶尔签到 一次论文 加考试
57374,99,朱秀君,2017-07-07 04:46:39,5,8,3,微经嘛，全靠0708样卷
57414,99,朱秀君,2017-07-07 11:36:17,1,1,0,严重怀疑没有看过论文
57511,99,朱秀君,2017-07-09 04:36:37,0,1,1,朱老师讲的不错。请各位课前预习下好嘛？
58810,99,朱秀君,2017-09-18 02:37:35,9,10,1,微经 2.7
62875,99,朱秀君,2017-11-27 08:21:30,-5,0,5,非常水，很开心
63168,99,朱秀君,2017-11-29 02:00:26,2,2,0,讲的很踏实，认真听了肯定听得懂没什么压力。最后好好复习了两天把ppt看透，最后给分4.8，付出与回报成正比
64314,99,朱秀君,2017-12-22 10:38:51,-2,1,3,论文认真写，做了问卷调查8000字以上，期末考基本都会，错了一道计算题最后3.6呵呵
70310,99,朱秀君,2018-01-26 12:05:20,3,3,0,哇老师这期末考考的上课没讲ppt也没有啊?‍♂️
72476,99,朱秀君,2018-01-30 08:00:21,0,0,0,这个老师讲的一般般，很多事情没有讲清楚
72499,99,朱秀君,2018-01-30 08:42:55,1,2,1,绩杀…
72567,99,朱秀君,2018-01-30 11:36:03,-42,1,43,老师，能不能再多给我一分(｡•́︿•̀｡)多给一分就满了
72617,99,朱秀君,2018-01-30 13:39:28,-2,0,2,为什呢感觉分数很坑，比史纲思修那种睡过去的课还低。感觉自己考试准备的还可以。。。。
73204,99,朱秀君,2018-02-01 07:15:20,0,0,0,老师很耐心解答，人很好。
75122,99,朱秀君,2018-03-07 11:50:07,13,17,4,老师挺认真的，可是给分超差呀。平时听得很认真，完成了作业，每节课都到，付出了特别多。可是最后期末考试判款特别严，得分特别低。绩点特别低！
77217,99,朱秀君,2018-11-21 06:25:24,1,4,3,老师很温柔，课程也很有趣，最后一张A4纸开卷考，计算题都是作业题类似的，认真看ppt整理，绩点绝对不会差
83166,99,朱秀君,2018-07-10 00:49:25,1,2,1,给分坑。感觉有一些时间没有跟上税法不断改革的步伐了....
84192,99,朱秀君,2018-07-12 07:54:49,3,4,1,老师怕不是严格按照卷面分数乘个0.6给的分\n\n给老师打十分是因为师生情
84295,99,朱秀君,2018-07-12 12:49:01,-1,0,1,老师其实讲得挺明白的，认真学还是会有收获和好绩点
84328,99,朱秀君,2018-07-12 14:54:32,8,8,0,给分有点心塞
85200,99,朱秀君,2018-07-16 04:27:56,0,1,1,本来以为gg了没想到老师给分挺好.用来做个性，讲课听清楚的尤其是关键的知识点会反复提到，不过有些比较简单很容易理解的老师也会讲很久就感觉有点啰嗦了.
85392,99,朱秀君,2018-07-17 11:21:11,3,4,1,老师上课偶尔会点名的，讲的很平常，没什么激情但是能讲清楚，给分嘛，呵呵
87200,99,朱秀君,2018-09-22 05:18:50,1,1,0,感觉给分不好上课无聊
98322,99,朱秀君,2019-01-23 10:18:50,-3,0,3,老师超级好，给分也很好，推荐
101823,99,朱秀君,2019-01-29 07:48:52,0,0,0,博弈论有三次签到，平时作业很少，有小论文，考试很水，主要考察前两章。老师讲的还不错。
102056,99,朱秀君,2019-01-30 08:39:04,8,8,0,课程内容很感兴趣，但是讲得一般，给分嘛…实在呵呵。之前学过了不少博弈论，作业写得很认真，小论文选题想了一天。考试题目真的全部会做，最后您给我3.6……
102118,99,朱秀君,2019-01-30 14:07:59,1,1,0,博弈论给分很迷，刷分慎选
104823,99,朱秀君,2019-03-28 09:18:26,1,5,4,作为一个文科生真的认真学了\n\n没旷课，作业全交\n\n但是最后考试判卷非常严格，感觉是完全不给过程分的，最后大学所有成绩绩点最低\n\n文科生慎选
114071,99,朱秀君,2019-07-08 17:12:13,23,23,0,微经给分挺一般
114113,99,朱秀君,2019-07-09 00:01:19,13,13,0,微经讲课很多只是带过，给分也一般
114145,99,朱秀君,2019-07-09 01:16:41,12,12,0,不懂怎么给分的 考试考的还可以 论文也认真完成 作业也写的很好 最后创了绩点历史最低？？
114239,99,朱秀君,2019-07-09 08:17:20,5,5,0,老师讲课有点无聊，声音有点催眠，而且微经给分很一般。。。还卡绩…
114689,99,朱秀君,2019-07-11 04:01:02,3,4,1,上老师的课好困。感觉真的就是在念PPT。给分一般还卡绩。不知道微经其他老师是不是也是这样。
120073,99,朱秀君,2019-11-17 10:17:55,3,3,0,给分巨低\n\n
120092,99,朱秀君,2019-11-17 11:44:54,-1,1,2,认真听了，考试题全会，但4.2，我知道是我A4纸太满了而且没手写，但给4.2有点过分了
120891,99,朱秀君,2020-01-18 09:45:11,4,4,0,讲真，微经被她教的迷迷糊糊，说不上来什么感觉，反正讲的不好，讲课听起来也很尴尬😅
124714,99,朱秀君,2020-07-07 02:23:54,11,11,0,给分太低了…
124717,99,朱秀君,2020-07-07 03:20:12,6,6,0,给分低到爆炸
124718,99,朱秀君,2020-07-07 03:57:06,2,2,0,有句脏话不知当讲不当讲。出分最慢。给分最差。吐了！ 慎选！！！
124719,99,朱秀君,2020-07-07 04:00:17,1,1,0,给分极差 无语！
124720,99,朱秀君,2020-07-07 04:16:47,2,2,0,给分巨低，卡绩，慎选
124723,99,朱秀君,2020-07-07 04:51:03,4,5,1,因为是线上上课，所以很难得的是可以看回放。可以说考前很认真的看了回放，上课讲的内容我都大概掌握。说实话，老师上课节奏是比较慢的，举的例子也都很生动形象，很容易听懂，但很多考试内容朱老师都没有讲或是简单带过。作业、论文及考试都有好好准备，最后绩点是我没想到的。低到绝望。只能说如果是为了高绩点的同学慎选吧。
124741,99,朱秀君,2020-07-07 16:58:54,6,7,1,呜呜呜，微经课友。其实，有这么多的低分评论是真的应当引起同学们注意的（而且顶的也不少）；不同于“不付出就不要想收获”的言论，我觉得这里的低分评论应当是一种趋势，一种较大的可能性，爱划水、喜补天的同学就要警惕。低分哪里都有，你要去看看大多是什么原因，如果纯粹是强调分低就别趟浑水啦！（其实也是说给自己听的，呜呜，又要再学一遍去覆盖低分是真的事倍功半！）
124834,99,朱秀君,2020-07-11 15:15:38,6,6,0,讲课一般，绩点极烂。我能保证两次作业没有问题，一篇论文就让我七十多了？目前为止绩点最低的课，对不起，真的蛮失望的
125032,99,朱秀君,2020-08-16 13:36:22,2,2,0,辣鸡，绩杀
128704,99,朱秀君,2020-12-25 05:03:49,6,6,0,给分奇差
131929,99,朱秀君,2021-01-29 10:22:51,4,7,3,味精给分奇低无比。\n\n三次点名都到了，平时作业全部做完，论文按时交，期末考试只有最后一道题没把握。\n\n就这最后我3.6。\n\n两年来最低绩点，真的想不通谢谢。
131936,99,朱秀君,2021-01-29 10:41:28,2,2,0,绩杀，卡绩，慎选!\n\n期末除了简答题主观性质不太确定，其他\n\n题都会，没想到啊，论文有好好写，点名也都到了qwq\n\n无语了，慎选
133196,99,朱秀君,2021-02-16 09:31:17,6,6,0,给分极其垃圾
136214,99,朱秀君,2021-06-13 02:37:39,-36,2,38,给分极度垃圾，微经试卷我所有的东西全都会，只有91分
137815,99,朱秀君,2021-07-06 08:37:09,5,7,2,给分极低，本来以为自己认真学可以改变这一切，无语了，不知道怎么给粉的，还卡绩了，多加一分不行吗
138457,99,朱秀君,2021-07-09 09:37:10,-16,1,17,上来说朱老师给分低的能不能去死一死，好好反省下自己，我觉得朱老师上课挺好的、讲现实生活中的例子，任务也不多。
139091,99,朱秀君,2021-07-12 15:25:03,7,8,1,味精怎么才能做到给分这么差？？？\n\n我平时学的绝对比不是一个老师的室友好，室友期末一大堆不懂的还是我帮他一起补天的，然后期末室友4.2，我3.6，朱老师求求您做个人吧？？？
140375,99,朱秀君,2021-09-10 07:27:26,-7,2,9,老师讲课很轻松，不绩杀 会捞留学生不挂科，给分也不错～ 很赞！
155183,99,朱秀君,2022-06-09 06:37:45,0,0,0,。。。。
158547,99,朱秀君,2022-06-30 07:12:16,4,7,3,怎么没有0分的选项，，，我写了8000字论文，期末也有好好准备认真考试，给我2.7我真的无了个大语，见过给分烂没见过这么烂的，，，无语了
158567,99,朱秀君,2022-06-30 08:51:02,5,5,0,老师纸质表点名，点名三次，慕课不计分，但是线上课时必须看过。我慕课没看，于是这部分或许没分？一节课没翘，论文是认认真真研究调查，最后写了14000+字，考试前把习题册的题目都做了一遍，样卷也做和记忆了，最后考试感觉不错，总评4.8。这个课好像不只是认真学就好，一方面，得先看懂课本内容再写论文，不然给分容易低，另一方面，简答题需要我们对微观经济学理论有很深刻的理解。
159107,99,朱秀君,2022-07-06 09:16:30,3,3,0,🆘诚惶诚恐写下这个反馈 为了给以后的同学选课一个借鉴⬇️\n\n因为这门课是专业预置课，在我看到朵朵和查老师上的评价之后我就疯狂想润可惜失败了，最后只好乖乖认命来了。在上完全竞争市场前的课我都来了，我个人的感受是老师有些地方讲的很慢很细，但是重点！！真的重点！！就一闪而过了，我就边学边忘，后来几节课就没来了…等到期末考试之前我就全部都忘光了，一整个啥都不会的状态。在微经考前两天我先刷了一遍b站上小卷毛爱学习的视频（maybe5/6个小时）然后背了一下样卷、课后计算题和高鸿业那本习题集上的简答题最后直接上了考场，感觉考得还可以，最后4.8。论文的话我确实没有卷子数当时老师提了个蛛网理论说论文考虑这个方向我就写这个了，之后从知网上找了找发现写蛛网理论在生猪市场的研究很多我就写这个了，最后论文大概4000出头，但是有挺多表格数据一类的支持（ps我期末论述题也题题都画图了可能确实有些作用）\n\n总的来说我感觉事情确实不多 给分的话有点迷 我自己肯定是很满意的 但是风险有点点大 希望选上这门课的同学好好学 最后才不会很烂呜呜呜 最后吹爆小卷毛爱学习！！！不会的话都去看她的！！！我没看绿皮书只看了她的课觉得很有用！！！
161012,99,朱秀君,2022-10-23 16:28:48,-1,1,2,人很好，不过个人觉得讲的没有ljq老师好
166298,99,朱秀君,2023-01-12 00:54:39,2,3,1,给分低，煞笔
170691,99,朱秀君,2023-03-08 07:30:04,1,1,0,绩杀。
172710,99,朱秀君,2023-05-05 02:42:28,1,1,0,水平不行，没耐心，绩杀
177675,99,朱秀君,2023-07-04 07:43:19,2,2,0,绩杀，不必多说，而且不回邮件
177681,99,朱秀君,2023-07-04 08:07:05,4,4,0,税收筹划给分真烂
182949,99,朱秀君,2023-11-21 07:51:20,3,3,0,2023-2024秋冬学期税收筹划。三次传签到表点名，开卷考试占比60%，平时分由6次思考题（每节课后布置）、税筹案例分析（课程论文），平时分不会给满的（老师上课亲口说的）。课件很老，课程节奏先慢后快，较不合理。想学东西性价比低；外专业想水学分的同学可选，不会占用很多时间的。
183059,99,朱秀君,2023-11-22 02:53:34,0,0,0,【税收筹划】\n\n课讲的挺好，这门课也挺有意思，作为一个跨专业课去选但是没想到给分不是很好，个人觉得作业都有认认真真回答，或许是最后的案例没有达到要求（建议之后的uu去问清细节）。点名是例行要求三次，纸质签名。但是给分不好真的超级难过
185477,99,朱秀君,2023-12-30 07:49:19,0,0,0,朱老师微经mooc yyds
198795,99,朱秀君,2024-09-11 17:16:14,3,3,0,退休了
9148,114,何嗣江,2015-10-14 11:29:09,21,37,16,讲课水平实在是不敢恭维
20255,114,何嗣江,2016-01-26 16:15:00,8,10,2,讲课水平真的一般般
20752,114,何嗣江,2016-01-31 03:04:04,2,5,3,讲课口音好重  半个学期后才适应 不过金融工程学嘛 自学即可
25937,114,何嗣江,2016-06-14 12:38:50,-5,4,9,给分还好，最后一张题库。讲课质量不敢恭维
33626,114,何嗣江,2019-03-21 03:30:38,-16,18,34,身正为范，德高为师。很有风骨的一个老师，也有思想有深度，喜欢。
33631,114,何嗣江,2016-09-20 12:46:18,14,16,2,不知所云
33652,114,何嗣江,2016-09-21 00:55:04,16,22,6,与时代脱节的终身副教授。有老人家特有的大自信。对于金融工程这种新近学问来说，很怕这种老思想影响到自己人对于金融工程的理解。还是去上年轻海归的吧。正如他说的，下学期有好多老师开课，到时候再选。所以我还是退课了。
38162,114,何嗣江,2018-06-08 09:17:48,20,38,18,100多号人考的课一天出分…？老师课上说平时分一般都给95或者100 但是看到绩点无言以对…
39236,114,何嗣江,2016-12-21 16:41:12,-14,5,19,学高为师，身正为范！
39773,114,何嗣江,2016-12-27 12:13:17,12,12,0,呵呵！
45086,114,何嗣江,2017-01-19 02:59:39,12,13,1,堪称经院一绝，不得不服，给跪了
45089,114,何嗣江,2017-01-19 03:08:22,12,13,1,我真是一句话都说不出来……明明是最下工夫的一门课
45090,114,何嗣江,2017-01-19 05:33:54,12,12,0,上课无聊无用，而且给分差，垃圾老师
45116,114,何嗣江,2017-01-19 03:57:14,14,15,1,垃圾自大 听课不如自习  给分烂到极致
45199,114,何嗣江,2017-01-19 06:42:18,12,16,4,“我上课可以这么写，你们考试不可以这么写，不然我就扣分，反正婆婆好做媳妇难当！”……“不要问我为什么是这样的，我只能说就是这样的，再问我就不讲了！”谜一样的自大
45246,114,何嗣江,2017-01-19 08:06:50,20,22,2,浙大金融工程本科生都没人教了吗，何老师说句公道话你教的数学不是数学金融不是金融，真的是误人子弟
55977,114,何嗣江,2017-07-03 01:02:35,0,1,1,好老师\n\n
56994,114,何嗣江,2017-07-05 06:13:28,5,8,3,老师上课讲的挺重点的，关键是课下要自学。讲老师差的更应该反省一下自己平时有没有努力
60887,114,何嗣江,2017-11-01 11:50:30,0,2,2,讲课极差，不知所云，自以为讲得很好，不如自习
74582,114,何嗣江,2018-03-04 03:31:50,0,1,1,还不错
76458,114,何嗣江,2018-04-10 04:07:00,7,12,5,听了张小茜老师的课，才觉得何老师不知道高到哪里去了。讲课内容贴合实际，讲例题带计算，不会讽刺似的跟学生开玩笑，可能给分确实差吧，但是讲的确实好。
79433,114,何嗣江,2018-06-05 02:14:17,3,5,2,第一次给查老师写评论，不是金融专业学生，但不吹不黑，挺喜欢这个老师。可能稍与时代脱节，但有些思想也没有过时，感觉受益匪浅
82397,114,何嗣江,2018-07-08 05:33:09,3,4,1,老师给分超级好???\n\n题库很全一定要看
82412,114,何嗣江,2018-07-08 06:22:04,5,8,3,个人认为讲得很好，把金工重要的例子的都讲了，例题也一题不落，思路完整清晰，上课也可以听得下去，来了一定有收获，比隔壁班好很多
87907,114,何嗣江,2018-10-17 11:26:04,0,1,1,大学最后一门课，竟然是最差的老师……体验超级差
87947,114,何嗣江,2018-10-18 10:58:04,0,1,1,课讲的怎样不知道，反正个人修养确实不怎样，后悔报他研究生
88507,114,何嗣江,2018-10-31 12:03:44,0,0,0,개똥처럼\n\n
90713,114,何嗣江,2018-11-25 11:05:53,11,12,1,讲课是真的差 数学不是数学 经济不是经济  总是讲一些乱七八糟的什么东西 难的知识点从来没见讲过 一笔带过大家都会 真的很糟糕
98801,114,何嗣江,2019-01-24 02:57:34,0,2,2,老师虽然上课讲的有一些混乱，但人还是挺好的
98848,114,何嗣江,2019-01-24 04:02:29,2,5,3,老师给分真的很好呀\n\n上课好好听讲 考前老师重点好好看一下\n\n分会很高的\n\n
98902,114,何嗣江,2019-01-24 04:52:59,2,3,1,首先，讲课水平，如果不提前预习，的确会觉得糊里糊涂，一头雾水，但如果有预习，会发现其实老师讲的还是很清晰的，不过会略掉不少内容，不是按照课本从头到尾讲。然后，老师比较强调人文素养，对模型和计算要求不高，对辅修的同学来说，真的很友好。第三，老师讲课喜欢掺杂一些调侃和小故事，虽然听不太懂，但感觉时间过得很快，还是挺好的。最后，考试真的不用担心，会告诉重点，而且老师给分真的很好很好，人文的学生看到成绩真的有点喜出望外～
98919,114,何嗣江,2019-01-24 05:13:03,-1,1,2,老师讲得挺好的，但是有时候观念可能确实比较传统/老一辈作风，anyway案例分析什么的是能学到东西的，题目讲解也是到位的，打低分的同学可以想想自己上课到底有没有认真听讲/有没有好好复习
99187,114,何嗣江,2019-01-24 11:26:13,8,9,1,何老师挺关心学生的  都会问有没有听懂  然后也很耐心  会给大家发很多资料和论文让大家去看去理解  虽然讲课有时候思维比较跳跃略过的比较多  但是期末给复习题复习真的很良心了而且真的考试全是复习题上的…能好好准备复习题真的不难！
100410,114,何嗣江,2019-01-26 05:42:31,1,1,0,金融工程请自学
101051,114,何嗣江,2019-01-27 10:37:36,5,9,4,上课其实没有那么差，数理内容不多，给分也没有那么差，平时作业就是阅读文献比较多，但是都挺好的，期末要准备复习题上的内容，记住每一个都要准备，因为期末考会有一点点超纸上的内容，所以只有复习题上每一个背诵和计算都弄懂，你在期末考的时候才能够有选择，不然的话很有可能你根本没有选择的余地，另外我满啦！老师给分也没有很差，因为我平时是无名之辈，大概靠的是期末和平时作业吧，所以何老师的课大家不需要恶竞但是保质保量完成任务就好！感谢老师?‍?！也要感谢助教！
101468,114,何嗣江,2019-01-28 09:04:56,1,1,0,太好啦！很结合现实情况！
114377,114,何嗣江,2019-07-10 00:20:23,10,10,0,老师属于那种快退休的万年副教授，土博出身，人文情怀max，但对新事物也比较排斥。最近两个学期感觉老师上课不怎么备课，一遇到难点就讲一些背景性的东西，很多问题也讲不明白。对学生还不错，有点名，平时分尽量给满，期末发一个大提纲，考试能有的放矢。感觉金工这课不管是张小茜老师还是何老师，学生反馈出来真实的课堂收获都比较有限。
118237,114,何嗣江,2019-10-23 12:16:18,4,4,0,体验就是自学 真的浪费时间 每次从玉泉赶过来听他说一些不知所云的话
131638,114,何嗣江,2021-01-28 09:17:54,4,5,1,老师挺好的！关心学生，给分挺好的呀，不知道为什么这么多人骂\n\n当然自己要努力的\n\n老师讲课是确实不知道在讲什么，可能是为了照顾辅修的其他专业的同学，不会讲那些特别难的部分，考试反正也不考，最后会给题库，还是很良心的
131685,114,何嗣江,2021-01-28 12:00:31,6,7,1,最后给的复习题很良心，但仅此而已。上课不务正业，一半时间胡扯，剩下一半时间讲得飞快，作为老师绝对不合格。情怀固然重要，我赞同布置的读书笔记的作业，毕竟做人是第一位的，比学专业知识更重要，如果没有这门课我也不会去认真看这些书。但这是金融工程，老师课程内容讲的太少，如果都要我们自学那要你何用？
5141,116,黄英,2015-07-05 02:03:48,5,10,5,打分…
7677,116,黄英,2015-09-15 08:29:38,8,12,4,…要报警
12197,116,黄英,2015-12-22 09:40:42,-6,2,8,很棒的老师
22685,116,黄英,2016-03-10 02:00:53,0,7,7,老师气质超好
25058,116,黄英,2016-05-05 04:58:50,18,23,5,好凶好凶好凶！
27393,116,黄英,2016-06-25 14:31:22,-5,3,8,好棒的老师
27431,116,黄英,2016-06-26 07:28:14,-3,2,5,很不错
36760,116,黄英,2017-01-19 08:35:31,-3,2,5,老师很有气质！
45253,116,黄英,2017-01-19 08:14:15,5,7,2,上课一直在看小视频什么都没讲，考试变态.....给分??
45274,116,黄英,2017-01-19 08:49:10,-3,2,5,超有气质的老师 考试还是……望天
46918,116,黄英,2017-01-23 02:11:19,5,5,0,真的不要选，认认真真复习给分还是太低，一次不来扣三分，问问题也不告诉，别被外表蒙骗
63672,116,黄英,2017-12-12 08:41:21,3,3,0,………………
73161,116,黄英,2018-02-01 05:02:13,6,6,0,给分低就算了 也没学到什么有用的
79303,116,黄英,2018-05-30 10:06:13,4,4,0,自己什么都不会。。。
106157,116,黄英,2019-04-25 10:40:27,1,2,1,只有3点0
129430,116,黄英,2021-01-05 08:56:58,3,5,2,事情多，上课根本学不到什么东西，全靠自己自学。
142262,116,黄英,2021-11-09 11:38:24,2,2,0,这届我们取消了考试，经过辛勤的努力💪获得了不错的成绩。非常感谢同学和老师。20届给分很好👍
2742,132,陈叶烽,2015-05-06 15:06:38,1,4,3,真的挺有意思的，老师也挺好的，感觉没什么代沟
3079,132,陈叶烽,2015-05-13 12:38:19,1,3,2,很幽默，很棒
3645,132,陈叶烽,2015-06-17 02:00:47,0,2,2,学到了一门很有用的技能。非常实用，而且很好玩，给分很赞
48993,132,陈叶烽,2017-03-21 03:18:10,33,40,7,炒鸡有趣的老师，实验经济学，又名“经济学学术圈那些人那点事”【笑】。有人说的平易近人，其实老师就是一个奋斗在科研一线的朴实的研究人员，仰望大牛并提高自己的姿势水平。实验经济学让人接触和发现经济学的前沿动态，有趣又有料【还有钱哈哈哈】。祝陈老师早日发Nature【真诚脸】
50253,132,陈叶烽,2017-05-02 04:01:42,0,2,2,踏踏实实教书的老师
50741,132,陈叶烽,2017-05-05 00:22:16,0,2,2,老师有趣，给分超棒
50747,132,陈叶烽,2017-05-05 01:08:58,13,18,5,听老师上课超有趣！还能知道很多名人轶事（笑）还能做有趣的实验！还初步学了ztree和stata，超棒！老师是一个很有目标很努力科研的人！敬佩！人又超好！祝老师早日发AER！！！恩…还有祝老师少熬夜啦！（如果我是经院的学生真的想找老师当导师啊！）
51044,132,陈叶烽,2017-05-15 05:46:44,3,5,2,给分很好的一个老师
78979,132,陈叶烽,2018-05-18 13:39:12,2,4,2,老师上课超有趣，给分也很好，也真的学到了很多
80225,132,陈叶烽,2018-06-22 04:03:41,-18,12,30,说不点名么，你不去又不行。\n\n说不恶竞么，论文不看质量只看字数。\n\n行为经济学的作业比叶航老师的多了十倍。\n\n重点是布置的作业都是利他自己的——帮他看文献想思路。\n\n各位学弟学妹们别选这个老师。\n\n和善的微笑。\n\n\n\n
80308,132,陈叶烽,2018-06-25 03:30:49,-11,8,19,真的差，不想喷了。
100706,132,陈叶烽,2019-01-26 15:09:12,3,3,0,老师人挺好的，给分可以，作业是真多
102128,132,陈叶烽,2019-01-30 14:47:17,2,4,2,老师上课还是挺幽默风趣的。就是期末作业真的多(有点恶竞），如果认真完成90以上是没问题的，但是满绩似乎不太可能（无奈）
107250,132,陈叶烽,2019-05-02 15:40:54,9,11,2,两门课都上过。 1.陈老师人品极好，真的极好，严于律己，宽以待人，是那种有理想有情怀有底线并且真正关怀学生愿意提携后进的人。值得尊敬。 2.关于课程，《行为经济学》作业确实很多，留到期末做可能会有点炸（亲测），但是只要认真完成，字数和质量上有保证，给分不会玄学的，基本上90是可以的。但是满绩很难，感觉4.8是天花板。《实验经济学》作业只有一个综述，当然要求会比较高，认真完成的话90以上是稳的，如果有一定亮点也很可能满绩。最后说真的也学到了很多东西（不过不进一步从事相关领域的话确实不太有实用性）。同时老师工作很勤恳（不仅仅在于出分很快哈哈哈哈），也非常愿意给对这个领域感兴趣的同学以指导。爱了。希望大家和我一样成为陈老师的迷弟！
107470,132,陈叶烽,2019-05-05 12:04:13,1,1,0,老师很好很nice 文献综述虽然比较麻烦 但是给分还是很不错滴 虽然我卡?了
108179,132,陈叶烽,2019-05-16 05:38:02,2,2,0,给分超级好，上课讲的很清楚，认真学可以学到不少东西
125858,132,陈叶烽,2020-09-15 03:46:04,1,1,0,很好的老师呀
128056,132,陈叶烽,2020-12-04 12:29:15,0,0,0,非常好，值得推荐
133459,132,陈叶烽,2021-03-01 03:18:14,4,5,1,行为经济学上课体验很好，无论是风格还是内容都非常有趣。不过理论讲得相对少，去月牙楼做实验次数较多，有同学喜欢，但个人觉得效率低，浪费较多时间\n\n作业确实多，实验设计又难又累，若是能创新最好，想不到就老老实实按其他学者的修改吧。文献综述还好，用翻译软件读一读，时间够慢慢看，时间不够快速过一下文献，主要结论，以及文献综述（借鉴其他学者的文献综述是好方法）。注意逻辑要清晰，一定要找到文献之间的关联，不能简单堆砌，甲研究了什么，乙研究了什么吧啦吧啦。应该是甲研究了，乙在甲的基础上又怎么怎么样。还有就是语句通顺，不能是直接把翻译软件弄出来奇奇怪怪的东西搬上去。其他的就是：多写点，多引用点文献不是坏事（懂得都懂。。。）\n\n给分感觉还挺好，高分也肯定是有的，如果仔细思考，认真完成，还是有机会满的。
133473,132,陈叶烽,2021-03-01 05:29:25,1,1,0,自己的实验设计写的有很多漏洞和不完善的地方，本来以为分会很低，结果完全出乎意料。老师上课也很好，讲课兼备专业性和趣味性，自己的精神世界也超级丰富～
134496,132,陈叶烽,2021-03-30 06:34:20,2,4,2,严谨踏实，为人亲切，关键是自己以身作则啊！搞经济学就是要使劲看文献啊，要不是陈老师天天敦促我们看文献，真的或许还要很久才会自己主动钻研。
135799,132,陈叶烽,2021-05-26 08:26:09,0,1,1,老师nice，对工科生来说实验经济学这门课其实不算难，不劝退的
154505,132,陈叶烽,2022-06-02 02:47:44,0,0,0,老师人很好，对别的专业的同学也很友好。\n\n感觉学习到了全新的知识，然后学习了一些软件也挺让人开心的，虽然点名比较多，然后还要去大西区做实验。
168615,132,陈叶烽,2023-02-20 09:04:29,2,2,0,行为经济学给分不错，其它也不多说了，陈老师咱们实验经济学课上再见
173671,132,陈叶烽,2023-05-31 13:02:47,3,3,0,实验经济学国内的顶尖学者，课程好，作业多，不过值得
183973,132,陈叶烽,2023-12-05 07:47:28,0,0,0,选14，你会回来感谢我的🤗
190130,132,陈叶烽,2024-02-23 11:00:41,1,1,0,给分真好
191310,132,陈叶烽,2024-04-17 09:30:28,1,2,1,老师作业真的不多，并且很善解人意，对跨专业的同学来说其实比较友好了
214216,132,陈叶烽,2025-01-29 01:12:14,2,2,0,老师上课非常用心，治学严谨，为人和蔼，非常好的老师～
214218,132,陈叶烽,2025-01-29 03:15:06,0,0,0,给分也没有评论区说的那么夸张吧
214580,132,陈叶烽,2025-02-13 13:28:34,0,1,1,上课很有激情也很有意思，期末写论文的时候两眼泪汪汪，毫不夸张写课程论文的时候真的很想死，但老师给分其实挺好的。
34851,139,钱彦敏,2016-10-25 06:10:23,3,3,0,讲的太垃圾
41543,139,钱彦敏,2017-01-12 07:07:03,9,9,0,我要挂科了啊啊啊啊啊八舍最萌美少女要挂科了老师请看到我的10分 然后给我一个60分吧啊啊啊啊啊哭
51799,139,钱彦敏,2017-07-03 06:07:58,2,3,1,老师只会7题哦
67209,139,钱彦敏,2018-01-20 12:56:40,2,2,0,呵呵哒
84894,139,钱彦敏,2018-07-14 08:33:42,4,4,0,上课不如跳舞。
87862,139,钱彦敏,2018-10-16 05:50:08,2,2,0,刚开学说，大学老师上课就是没有逻辑讲东讲西要我们习惯…降低预期就可以对你感受良好吗？一门有意思的课被讲的四不像。
93710,139,钱彦敏,2019-01-12 07:23:10,7,7,0,有没有好心人告诉我Zt到底是什么？
94154,139,钱彦敏,2019-01-15 10:44:17,4,4,0,请问这门课要挂科了怎么办嘤嘤嘤
99558,139,钱彦敏,2019-01-25 02:57:46,-1,4,5,给分太好了……
100365,139,钱彦敏,2019-01-26 03:50:26,-3,2,5,给分很好哇\n\n
104091,139,钱彦敏,2019-03-12 02:04:00,1,1,0,垃圾哦
113087,139,钱彦敏,2019-07-05 23:04:47,3,3,0,讲课叽叽咕咕不清楚 给分不好
113193,139,钱彦敏,2019-07-06 01:25:50,2,2,0,说好的给分好呢
116809,139,钱彦敏,2019-09-16 04:08:33,4,4,0,对于资产定价这种硬核专业课，还是青年教师讲的会比较清楚吧
118092,139,钱彦敏,2019-10-21 02:08:42,4,4,0,垃圾噢，上课不知所云，如放屁
118517,139,钱彦敏,2019-10-28 02:30:10,6,6,0,他在干嘛
947,176,杨高举,2015-03-19 13:24:06,20,29,9,说话磕巴不清楚还很无聊给分还特低，差评！
6233,176,杨高举,2015-07-12 07:57:27,0,4,4,特么认真的吗？ 全班专业课给70？讲课讲成这个样子还这么胡给分，还想不想在浙大混了？
6416,176,杨高举,2015-07-14 00:20:50,6,11,5,根本不知道怎么给分的 很不公平
6662,176,杨高举,2015-07-17 12:10:24,3,8,5,赶紧给分这样 心里很苦吧……
6777,176,杨高举,2015-08-23 03:52:08,9,15,6,倒贴我学费我都不想上他的课
7483,176,杨高举,2015-09-14 17:04:03,0,4,4,专业课老师，且不论讲课质量如何，业界良心总要有吧…难为自己专业的学生，何必呢
13311,176,杨高举,2015-12-26 13:15:10,4,9,5,上课不要太无聊，给分也是不要太低
38372,176,杨高举,2016-12-01 04:45:47,-1,1,2,高举社会主义旗帜打机关枪
38794,176,杨高举,2016-12-19 04:49:26,-1,2,3,无聊真无聊
39617,176,杨高举,2016-12-26 07:04:36,-1,4,5,讲课奇差 给分其底 一次不到扣六分 根本和学生不交流 自说自话
39618,176,杨高举,2016-12-26 07:06:17,3,6,3,分低到爆炸
39622,176,杨高举,2016-12-26 07:18:48,1,4,3,唔。 大学里最难 hold住的老师之一，2分吧，老师人还不错，讲得真差，真不用心。
39623,176,杨高举,2016-12-26 07:30:02,0,3,3,呵呵呵
42289,176,杨高举,2017-01-14 03:35:53,0,4,4,国际经济学平时点名5次大概算平时分30分，考试靠自学《国际贸易》，真-靠自学！最后闭卷考过看在黄院长的面子上会出的“简单”一点，自求多福。
42373,176,杨高举,2017-01-14 05:39:48,-8,7,15,不吹不黑，讲真话\n\n自学了国际贸易一本书，考试卷面自认为最低85，六次点名两次没到，考前问了老师平时成绩能不能直接按卷面来，老师说会酌情，你的酌情就是平时分给我扣了10分？直接总评成绩72分？\n\n讲课不好没事，非要逼着别人来上课，给分能不能公正一点，按卷面来都不行吗？\n\n第一次见这种用力扯学生成绩的老师，累感无爱。
42408,176,杨高举,2017-01-14 06:47:01,0,2,2,讲的简直了\n\n
51374,176,杨高举,2017-06-02 13:10:59,0,3,3,讲不清楚呀
51716,176,杨高举,2017-06-08 13:45:38,-2,4,6,没上过他的课所以“是否点名”这一项是乱写的。因为一些事情和老师接触过，虽然老师态度蛮好的，但是做事情极其、极其、极其、极其、极其不！靠！谱！我一个区区本科生都能看出老师您如此不靠谱了，真的很怀疑老师您的副教授怎么评上的。我们大经院还有那么多很好的讲师像兵哥哥都没评上。
53995,176,杨高举,2017-06-28 07:27:07,-1,4,5,浙大为什么会有这种老师....
58083,176,杨高举,2017-07-29 02:49:32,0,2,2,老师人挺好  讲课实在不敢恭维\n\n全靠自学  自求多福
72590,176,杨高举,2018-01-30 12:54:03,0,3,3,杨老师其实人很好，做事也很负责，可能表达、讲课能力有待加强吧。
74500,176,杨高举,2018-03-01 14:29:22,5,9,4,15.16.17给老师评分太低了吧。我觉得挺好的，兢兢业业按照书来讲的啊。表达能力可以提升是真的，但也没有那么差。好好听课好好复习就可以。
75223,176,杨高举,2018-03-08 05:31:31,5,9,4,讲的其实还可以，给分也还行，老师人很好的~
75755,176,杨高举,2018-03-16 11:10:39,11,22,11,杨老师真的超级好！虽然我上国际经济学也没怎么听，但是期末的时候老师还是超级耐心画重点，给分也很好！
79740,176,杨高举,2018-06-13 07:20:07,3,8,5,老师没有很差啊讲课干货超级多，逻辑清晰是个很有学术研究的老师，最后给分也大部分上4了，评论哪来那么多怨气，为?老师正名
82564,176,杨高举,2018-07-08 13:50:46,0,3,3,他是男神
82567,176,杨高举,2018-07-08 13:51:31,0,3,3,老师讲课有意思、平时有点名
83907,176,杨高举,2018-07-11 13:26:38,2,4,2,我觉得老师上课还是有热情有笑容的！老师笑起来挺可爱的，给分也没有想象中差（本来看学习帝有点害怕的），真的谢谢杨老师！
84314,176,杨高举,2018-07-12 13:50:46,-2,1,3,老师人很nice，讲课有时候会有点儿小糊涂
99913,176,杨高举,2019-01-25 09:31:02,-1,3,4,对得起他2.2的评分...
100012,176,杨高举,2019-01-25 12:39:24,3,4,1,说真的老师认真的很好啊！虽然讲课有点无聊，但是考前会说考点还说的很详细，给分也很好
100018,176,杨高举,2019-01-25 12:45:35,-2,3,5,点了七八九十次名吧，都到了，但是老师称不到影响不大。上半个学期没有学，听了下半个学期的课，总的来说，讲的逻辑是清楚的，但是口齿、表达有点问题，有时候有点错误，看教材能自己纠正，但是总体来说还可以，不差，至少下半学期的课基本在课上听懂了。考前花了很久很久复习，但老师出题出的比较基础，看的太难浪费了时间，最后4.5，有一点不值，但是还好了。
100204,176,杨高举,2019-01-25 23:11:41,3,5,2,国际经济学没有想象的那么差啊
100321,176,杨高举,2019-01-26 02:55:26,1,3,2,杨老师上课的时候虽然有点枯燥，但是他只有最后几次点名呀，内容也不难，可以自学呀，考试差不多就可以上四，这也很好了吧。对了，我说的是国际经济学，别的我不知道。
102847,176,杨高举,2019-02-24 05:30:50,0,1,1,快期末点名一定要去，讲课挺没意思的...基本到后来教室里就十几个人，期末了很多同学还不知道他按哪本书上的，完全自学，给分也不好。建议学期开始就自学起来。考试计算不难，建议多背各种模型。
103396,176,杨高举,2019-02-28 02:03:56,1,1,0,不好的
104211,176,杨高举,2019-03-14 04:06:24,0,1,1,你们想选他吗？来错地方了
104785,176,杨高举,2019-03-28 02:04:04,0,1,1,一般般
106254,176,杨高举,2019-04-26 02:58:34,0,1,1,老师上课讲得不多，也比较慢，但确实是按照书上在一点点讲下来。上课比较无聊，想认真听不容易，推荐多自学
106319,176,杨高举,2019-04-26 10:12:39,0,1,1,一般吧
107153,176,杨高举,2019-05-02 02:43:45,0,2,2,特别喜欢点名
107624,176,杨高举,2019-05-07 23:14:27,0,1,1,一般，没什么体验
107772,176,杨高举,2019-05-09 10:54:47,0,1,1,没什么体验
107793,176,杨高举,2019-05-10 01:27:53,0,1,1,不清楚
107849,176,杨高举,2019-05-10 11:10:07,1,2,1,讲课照本宣科
107895,176,杨高举,2019-05-11 00:34:06,0,1,1,上课比较枯燥
107938,176,杨高举,2019-05-12 02:07:17,1,1,0,这绩点有点吓人
107952,176,杨高举,2019-05-12 09:56:27,0,0,0,一般一般
107974,176,杨高举,2019-05-12 14:17:24,1,2,1,给分还好
108007,176,杨高举,2019-05-13 00:00:22,1,2,1,太喜欢点名
108059,176,杨高举,2019-05-14 02:30:43,1,3,2,讲课枯燥
108598,176,杨高举,2019-05-29 09:36:20,0,2,2,男神~
115264,176,杨高举,2019-07-17 07:46:19,4,5,1,我觉得这不是老师，没热情教学生，意味着没有资格老师
120317,176,杨高举,2019-11-28 08:05:47,0,2,2,举高高人也太好了吧！！！
120825,176,杨高举,2020-01-17 17:07:25,9,9,0,看了给分我知道他分只有六点几的原因了
120903,176,杨高举,2020-01-18 13:04:57,2,2,0,我觉得我期末答的还可以吧..也可能是我真的菜...又获得了一个最低绩点
121992,176,杨高举,2020-01-29 05:50:07,-2,1,3,给分很好，讲课很一般
123376,176,杨高举,2020-06-07 14:32:50,4,4,0,人不错，给分不怎么行
133119,176,杨高举,2021-02-09 02:39:20,7,10,3,不吹不黑：国经，讲课无聊，但答疑详细热心，无作业论文，考题中规中矩，给分不错。综合考虑，很好。
158487,176,杨高举,2022-06-29 15:59:33,9,9,0,讲课枯燥无聊，平时事不多，会有几次点名，期末基本上就是历年题，但是给分不太行。想水学分还行，想刷绩点慎选
159321,176,杨高举,2022-07-12 13:39:06,6,6,0,我真的没话说，因为疫情线上听课结果平时分扣了4分，提前和老师说了、上课群里签到了也没用。\n\n期末线上考试的试卷忘记改了，给了所有留学生26分。过了好久终于改回来了，结果给分很迷幻。\n\n好好没了答了结果给这分。上课根本学不到东西，全靠自己背书。不是必修的千万不要选，呵呵
178017,176,杨高举,2023-07-06 10:49:58,4,5,1,老师上课缺乏激情，基本上就是念ppt，给分不好，唯一的优点是历年卷不怎么变
178042,176,杨高举,2023-07-06 10:51:13,10,12,2,仅代表我个人经历，非经院专业学生但辅修经济学，22-23春夏冲突选课免听这门课，给分就是全看期末成绩，我问过老师有没有能挣平时分的可能，老师说没有，而且这课只有点名和考试，我免听所以就只看考试。OK我接受，每一节课线上都听了，期末复习了8天，名词解释全部过了两遍，所有课后习题全部都做过一遍。考试的时候看到题目都是我熟悉的我还以为我稳了，结果成绩出来3.0。我不是那种卷王，我不聪明所以就只会下苦工夫，所以可能就是我不够聪明吧。而且我不求高绩点只求3.6+，连计量我这个笨蛋都能拿3.9没想到这门课给分成了这样。真的没有办法，我要申24fall，我想冲刺我的梦校但是这一门把我这一学期所有成绩上升的努力全都干废。想起老师考试前说的知道大家要出国保研这门课给分不会太差，我直接哭出来😭可能就是我不行吧，以为努力可以换来一切，为什么非要在这个时间节点上这门课呢，真的以为感兴趣以及就是我太自信只要花时间就可以拿到好成绩吧。其他我也没什么想说的，老师上课就是按部就班，不好也不差，没有可喷的，但是告诫其他所有像我这样外专业也没什么天赋的人不要在保研或想出国的节点选这门课，不然就会变成我一样的结局。
178274,176,杨高举,2023-07-09 08:37:03,-11,2,13,三次点名只到了一次，最后看历年卷补天，4.5，挺好的。
181210,176,杨高举,2023-10-11 13:27:03,7,7,0,...............
185502,176,杨高举,2024-01-03 14:28:25,9,9,0,ppt乃至考试一成不变，上课就是很卡地读书，最后同学们都能拿到比较高的分，老师也能偷懒，帕累托最优，但这真的是我们所期望的大学教育吗？
185909,176,杨高举,2024-01-06 03:19:00,-7,0,7,还行吧
196947,176,杨高举,2024-07-06 04:11:00,8,8,0,不是很明白为什么要让一个毫无教学热情的老师来上这门课…一学期下来完全就是在浪费时间。
197084,176,杨高举,2024-07-07 11:36:32,-1,1,2,先说下结果，我是辅修的，实话说一学期没学到什么东西，但得分还好。\n\n给功利的同学一些建议。\n\n这门课点名分特别特别贵，而且不能补，一定要到，哪怕不听课也要在！！尽量别请假，很麻烦，我带着体艺部盖章的请假条前前后后找了他两个多星期才请好假。\n\n这门课考试前去98找下历年卷，把历年卷的所有题背下来，包括计算题，基本就能拿高分，考试重复率极高。\n\n最后说下体验，讲课一般，没什么收获，考虑到最后给分儿行，打个8分
202319,176,杨高举,2024-11-11 14:33:05,-10,1,11,讲的不错
210162,176,杨高举,2025-01-08 09:13:54,20,26,6,社会调查这种水的不能再水的公费旅游，调研报告全部按要求按时上交，一个学期了不出分，最后给我3.9？这种报告所有人写的水平都差不多吧，给这么低的分是干什么？把扣掉的分留着卖钱给你的全家买棺材吗？我操你妈了个逼，狗日的畜生！这种水平的人做系主任国贸就真的要毁了！
214452,176,杨高举,2025-02-05 05:02:51,7,10,3,社会调查分很低。老师本科好像是浙理工的？
214981,176,杨高举,2025-02-19 15:49:09,-7,4,11,2025年1月8日的评论，还有点赞的人，我不知道这门课究竟给你带了多大的不满，但是你这种咒家人的言论反映了你作为浙大人书读到狗肚子里的恐怖心理。
218368,176,杨高举,2025-04-23 02:51:04,1,1,0,老师本科西北农林科技大学，不是浙理工
220618,176,杨高举,2025-06-19 02:43:04,1,1,0,上课磕磕巴巴很无聊，不用听。平时点了两次名，因为没有平时分所以不要错过。考试上98找历年题，几乎全是原题
389,182,余林徽,2015-03-15 01:48:08,26,40,14,听了一节课 感觉老师萌萌的 可是这均绩点有点吓人啊… 有没有上过的同学？
23443,182,余林徽,2016-03-30 03:16:51,7,11,4,昏昏欲睡
23572,182,余林徽,2016-04-06 15:17:21,0,4,4,总体还不错，很有帮助
28579,182,余林徽,2016-06-28 10:35:52,2,4,2,老师人很好，特别可爱！每次问问题解答也超耐心，回复邮件也很快
31247,182,余林徽,2016-07-03 12:42:51,7,7,0,还不错，老师人很nice，回答问题很耐心
31409,182,余林徽,2016-07-04 01:09:45,7,11,4,讲课水平需要提高。。
31614,182,余林徽,2016-07-04 09:16:03,5,8,3,上课没听过 ，课后作业3次  期末报告一个，给分特别好
32049,182,余林徽,2016-07-05 13:22:57,6,8,2,老师上课很温柔，要求不严格，给分超级好
32701,182,余林徽,2016-07-10 05:07:48,10,14,4,上课没意思，问他问题还是会回复的。我个人水平问题吧，所以我分数不大好。而且个人觉得stata这课可以考虑跟计量（中级或高级）合并，没必要单独开一门。
56134,182,余林徽,2017-07-03 06:34:55,2,4,2,老师好温柔，给分也好，表白！
56145,182,余林徽,2017-07-03 06:48:45,9,9,0,老师很温柔 就是上课讲话有点轻 对学生总体很和善 给分超级棒
72517,182,余林徽,2018-01-30 09:23:19,4,6,2,很温柔，常点名，三次作业和期末报告，最后做展示，给分好
76368,182,余林徽,2018-04-04 17:08:07,0,4,4,很棒！
98684,182,余林徽,2019-01-23 21:44:26,10,13,3,啊啊啊啊啊怎么会有这么棒的老师，又温柔又贴心，潜心做科研，对学生也很耐心。真的希望学生能学到东西那种，是一个特别特别好的老师，是天使吧?！
101386,182,余林徽,2019-01-28 06:22:45,2,5,3,老师人真的很好，也很愿意帮助学生。给分也超好。
106302,182,余林徽,2019-04-26 08:58:23,11,12,1,大家好我就问问作业写不出来怎么办啊
107982,182,余林徽,2019-05-12 14:24:58,4,6,2,挺好的啊
112709,182,余林徽,2019-07-05 00:55:39,9,11,2,呜呜呜余老师给分真的无敌好了
112757,182,余林徽,2019-07-05 02:31:49,4,7,3,给分如同神仙
112878,182,余林徽,2019-07-05 08:11:37,3,7,4,老师每两周点一次名，期末给分棒棒的~
139337,182,余林徽,2021-07-14 11:13:50,13,14,1,余老师课后答疑真的很认真好吗？stata本来就是汪洋大海，讲课真的只能点到为止，谁不要自学啊。给分无敌无敌好！
139693,182,余林徽,2021-07-20 07:22:23,15,17,2,stata：课件内容不错，看出来老师很用心。讲课声音小，有点困（教室太大）。没上去展示，给分爆炸（不一定有因果关系）。好老师，值得10分。
140677,182,余林徽,2021-09-15 04:44:46,13,14,1,科研水平很高，很有耐心
143987,182,余林徽,2021-12-15 08:31:04,8,10,2,老师科研非常厉害，指导学生做srtp很认真，再也觉得srtp不水了
144842,182,余林徽,2021-12-25 05:51:09,14,15,1,stata这门课讲得很好，讲了很多比较实用的方法，比如psm-did，ddd，动态面板的处理方法等，对写论文很有帮助
150258,182,余林徽,2022-01-21 03:56:34,2,4,2,好老师，非常有耐心
150479,182,余林徽,2022-01-26 05:47:19,3,5,2,好老师！
150708,182,余林徽,2022-02-15 07:08:40,14,16,2,浙大经院落选双一流，非常令人痛心！希望余院长加大人才引进力度，实现革命性变化！！！！！！！！！
151659,182,余林徽,2022-03-10 12:17:26,3,7,4,非常好的老师!
152142,182,余林徽,2022-03-28 16:14:59,-8,4,12,余老师人真的很好！很温柔！！！
155186,182,余林徽,2022-06-09 06:52:24,12,14,2,上课没什么精神，声音特别小
155430,182,余林徽,2022-06-12 16:12:30,30,34,4,上课迟到多，早退多。声音小，没什么精神。平时三次作业30%，点到5%，期末运用计量模型写时政报告60%，剩下5%展示，但不强制，不在乎分数可以不做。三次作业为最后期末报告打基础，但是最后报告选题如果没和前三次作业保持一致会扣分。给分方面很一般，期末报告如果没思路也挺难写的。学弟学妹自己斟酌。
157129,182,余林徽,2022-06-22 03:44:19,21,26,5,我是线上学习的同学。其他不说 上课真的很不走心，经常直播没声音就开始讲，也不管线上听不听得见。有一次讲了一两小时了才发现直播都没开，群里炸开锅了都。讲的也没精打采的。后悔选了。
158975,182,余林徽,2022-07-04 06:46:01,-17,5,22,外专业同学，上机课经常早退，老师讲课声音确实轻了点，但人很和善，希望学生学到东西。ppt做得很好，三次作业一次展示一个期末报告，不算很多，平时作业也是帮助写最终报告。给分超出预期了，谢谢老师。
160374,182,余林徽,2022-09-20 18:28:11,18,21,3,考核方式楼下已经有其他同学讲了。想真正学点东西还是去隔壁朱老师的课吧。余老师课真的蛮水的，早退迟到真的常有的事情，声音很温柔（小？）。这个也是个双刃剑吧。如果你比较忙可以选余老师的，答疑还是很不错的，但是上他的stata真的全靠自学。
170459,182,余林徽,2023-03-09 04:25:40,16,24,8,经常早退，迟到，上课声音小。\n\n缺乏对本科教育应有的基本的尊重
193408,182,余林徽,2024-06-09 18:16:50,0,0,0,...
194801,182,余林徽,2024-06-25 12:34:01,-2,6,8,老师真的特别好，特别温柔，对待学生很真诚，点赞！
196674,182,余林徽,2024-07-04 17:27:14,0,3,3,上课声音跟蚊子一样从来没听清过，给分也很一般。
197148,182,余林徽,2024-07-08 06:53:59,0,4,4,老师真心巨好，答疑很认真，给分也不错
199895,182,余林徽,2024-10-07 16:18:56,9,11,2,经院这几年学术和国内外学科评级，国际合作留学去向这些是不错，但是国内就业越来越拉垮了！虽然金融业大环境不好，但是浙大经院不至于差成现在这样！就业因为地理位置比不过复旦没人会说，但是比不过南开厦大就离谱了，现在居然和西南财经差不多，省内体制外金融机构就业和浙财浙工商都拉不开差距！学院的课程体系，实习机会，负责就业方面的行政管理都要彻底反思，改革！
203243,182,余林徽,2024-11-18 10:26:20,-3,3,6,这评分都是枪手刷上去的？
211704,182,余林徽,2025-01-12 08:24:59,4,5,1,科研实力强，国内顶刊和国际field top发表记录不错，教学态度待改进
213935,182,余林徽,2025-01-21 16:09:30,-4,1,5,就凭处理经院对外交流事件的态度，所有院领导都应该评1分
214203,182,余林徽,2025-01-28 05:09:16,4,4,0,老余是很有学术实力的，但是对学生就业应该上点心
216450,182,余林徽,2025-03-16 14:56:20,3,4,1,余老师的stata课讲解清晰，还会结合实证论文，很有启发
217363,182,余林徽,2025-04-09 04:16:56,1,1,0,课程内容很实用，老师讲课也很用心，没有迟到早退呀，坐在后面也听的很清楚，尤其是老师课后答疑特别耐心，感动哦
6816,212,叶兵,2015-07-23 06:44:29,46,50,4,英语口语待加强
40929,212,叶兵,2017-01-19 11:59:05,-19,2,21,老师人挺好的…不过学好这门课还需要课后努力…
49387,212,叶兵,2017-04-10 02:56:12,23,26,3,受不了的差
50997,212,叶兵,2017-05-11 10:17:48,-19,2,21,挺好的老师
55938,212,叶兵,2017-07-02 16:51:02,-18,2,20,萌萌的
66248,212,叶兵,2018-01-14 06:08:42,-23,4,27,老师超棒的
71330,212,叶兵,2019-02-20 09:05:32,28,31,3,事多给分差。
78741,212,叶兵,2018-05-15 03:00:31,18,19,1,给一分我都嫌多
88095,212,叶兵,2018-10-22 06:20:15,9,12,3,按座位给成绩 玄学老师
90794,212,叶兵,2018-11-26 05:33:50,-12,5,17,老师好，英语有待加强
103158,212,叶兵,2019-02-26 08:48:29,19,19,0,无聊透了…
104609,212,叶兵,2019-03-25 05:35:29,18,21,3,真的太过分了，随便就加了个期中考试?自己讲的太快就怪我们喽?只有一个mmp送个这个垃圾老师
105143,212,叶兵,2019-04-04 10:32:56,21,21,0,上课经常提问，却会推托学生提问，讲得不够清楚。
105454,212,叶兵,2019-04-14 10:01:54,25,25,0,事多讲的烂(真的是经济学事最多的人老师\n\n全靠自学，很费时间
106001,212,叶兵,2019-04-24 07:22:09,17,17,0,自学太浪费时间了，快吐了，课件内容完全从教材上扒下来，真是第一次见\n\n(已经找不到词表达不满了
107537,212,叶兵,2019-05-06 10:27:22,8,8,0,考砸了，自己烂也不能说什么，唉
107540,212,叶兵,2019-05-06 10:38:58,11,12,1,讲的也很差 给分也很差 事情还多
109052,212,叶兵,2019-06-06 07:15:43,17,18,1,只恨没有零分这个选项
112139,212,叶兵,2019-07-03 17:24:42,17,17,0,讲课烂给分差 受不了 吐血
112151,212,叶兵,2019-07-03 17:41:26,13,14,1,讲的烂，给分查，绝了emmm
112155,212,叶兵,2019-07-03 17:50:11,16,18,2,讲课一般，不如自己看书，ppt从英文课本抄下来的。感觉自己期末考的还行，然后卡绩，仔细算算我觉得平时分真的不手下留情，就那样吧...给分不算好，奈何只有他开课呢?
112220,212,叶兵,2019-07-03 23:28:29,11,11,0,不可描述。。。。
112407,212,叶兵,2019-07-04 04:29:40,15,15,0,完全没有体验   给分和上课都太糟糕了
112425,212,叶兵,2019-07-04 06:17:57,9,9,0,佛了，不想说啥
112502,212,叶兵,2019-07-04 14:41:51,15,15,0,产组给分差是什么传统吗？期末很简单，结果真的出乎意料
117255,212,叶兵,2019-09-21 10:51:30,21,22,1,真的是我见过最差的老师 没有之一。不到2的绩点我也是醉了，偏偏还是专业课，真的毁了我太多，评奖评优没了可能连保研都受影响，上课瞎讲，极其不负责任。总评:事儿多，讲课垃圾，给分差出天际！评一分真的嫌多！
118767,212,叶兵,2019-10-31 15:48:24,18,18,0,讲得特别差，全靠自学。给分毫无道理的那种，预估80分以上(考试不难)结果刚及格。mmp！
120346,212,叶兵,2019-11-29 11:44:25,6,6,0,讲课水平有待提高QAQ
125457,212,叶兵,2020-09-09 13:12:58,-4,1,5,还行还行
128050,212,叶兵,2020-12-04 11:21:01,6,6,0,不想评价
128441,212,叶兵,2020-12-23 06:06:16,13,13,0,上课提问作业多考试难给分低
129964,212,叶兵,2021-01-14 06:40:17,7,7,0,主要是经济学院其他好老师太多了
130408,212,叶兵,2021-01-22 06:05:39,4,4,0,老师给分很差
134497,212,叶兵,2021-03-30 07:00:36,43,46,3,说点内心话。首先，讲课确实说不上好，没有让人想深入听下去的欲望；其次，展示啊作业什么的，在经济学系专业课里面确实算比较多，但如果不带偏见去看的话，熬一熬勉强也还能接受；给分不太清楚因为还没到考试，但就算是汪sir这样铁面无私不给调分的老师，也不至于像他这么差的口碑啊。不妨来比较一下，人家汪sir上课点名，会就是会，不会就是不会，讲的不好就让你坐下，干净利落一点不拖泥带水，有啥疑问留到下课去找他，保证给你回答地妥妥帖帖；可yb这家伙点名呢，“你回答不上来呀？回答不上来就说明你没认真听课啊”“你要是没有回答我就给你这次平时分打个叉了啊”我光速打出无穷多个问号，就算您认为到了大学学生还必须好好听课是一种礼仪的话，您为什么不反思一下自己讲的课的质量呢，回答不上来就一定是没有听课么？只是听了一遍您那质量不敢恭维的授课就能理解激励理论这门本来就不算简单的课程的内容，学生们各个都是神仙么？好歹也体谅一下不同学生的理解能力啊？至于什么作业随手布置而且要求都不说清楚、至于什么展示的时候一个劲抓住ppt的细枝末节评价个不停、至于什么提问学生的时候宛若逼供一般的不耐烦地好似刁难学生一般的语气，我也就不多评论了，毕竟这种事可能只是在我们学生眼里看起来一点都不讨喜，而且还甚至有可能带有极大的主观倾向。当年上汪sir的课，有的时候也会觉得汪sir过分严格让人不适，考完试看到分数也没有让人很开心，但这似乎都没有影响汪sir的整体印象：仍然是个值得尊敬的，甚至可以说有人格魅力、让人值得回味的好老师、好学者啊。但是现在每次坐在yb讲课的教室里，很难让人涌起强烈的求知欲，留下的仿佛只剩下那浑身的生理性不适，就个人而言，我或许真的理解不了这个老师吧。
136197,212,叶兵,2021-06-12 10:14:46,4,4,0,和其他评论没有多大的区别，自己看吧。
141078,212,叶兵,2021-09-23 02:27:26,4,4,0,产组真差
151402,212,叶兵,2022-03-02 10:41:16,5,5,0,事多又难，整无语了
153605,212,叶兵,2022-05-05 14:00:17,-4,2,6,不至于2分，平衡一下
153613,212,叶兵,2022-05-06 03:04:07,3,7,4,不至于2分。老师上课讲的比较清楚，两次作业+小论文，事也不算多。他的slides补充了课本上一些说的不太清楚的地方，课本+slides配合使用比较好。考试也没有为难人，考试难度和给分都符合预期。个人感觉老师水平还是比较高的。
153928,212,叶兵,2022-05-17 05:05:29,0,6,6,国际校区ECON101\n\n英语的确不太行，但是老师人还挺好（可能也知道我们都是理工科的，来水个学分）。平时不太点名，每堂课有4词左右提问。有不懂的问题私下问也会比较详细的解答。当然ZJU经济学院的就别来杠了，你们是靠这个吃饭的，别跟我们比。
163262,212,叶兵,2022-12-11 12:15:37,-8,1,9,感觉水平还是可以的
164560,212,叶兵,2022-12-22 01:56:40,6,7,1,再也不想听
165262,212,叶兵,2022-12-30 14:37:48,-7,0,7,还可以
169311,212,叶兵,2023-02-25 10:53:29,-12,0,12,老师人挺好的，讲课备课很用心
170503,212,叶兵,2023-03-06 03:30:45,22,24,2,上课啥也不讲，一直在提问留学生，一节课问了几个人就下课了，原来浙大老师这么好当啊
170878,212,叶兵,2023-03-11 06:25:05,17,17,0,上课就是一场折磨，又没学到啥，讲课不清不楚的，混日子授课
171125,212,叶兵,2023-03-16 09:16:42,-4,1,5,老师上课还是挺认真的。
171328,212,叶兵,2023-03-22 00:18:31,3,4,1,没想到zju还有这么离谱的老师。说话讲课一团糟，口齿不清，然后目中无人，对学生趾高气扬。对考研学生存在严重歧视。
171878,212,叶兵,2023-04-10 06:55:04,-3,0,3,讲课时需要认真听讲，不然很有可能漏掉练习题目。
172545,212,叶兵,2023-04-30 00:43:38,-9,0,9,老师其实挺好
172546,212,叶兵,2023-04-29 11:27:56,-10,1,11,老师其实挺好的
172547,212,叶兵,2023-04-29 11:27:56,-12,0,12,老师其实挺好的
172548,212,叶兵,2023-04-29 11:52:03,-8,0,8,激励理论，每节点名，讲课一般，课程不难，给分很好
172549,212,叶兵,2023-04-29 11:52:24,-7,0,7,兵门！
172586,212,叶兵,2023-05-01 03:24:16,-7,1,8,老师给分超好的，至少激励理论是一门你只要努力（指16个早八）就有收获的课
174777,212,叶兵,2023-06-17 14:15:57,5,7,2,一学期上完了再来评价一下，老师人其实确实还不错，也很想把课上好，但是上课的能力实在有些一言难尽...
177878,212,叶兵,2023-07-05 08:05:31,-3,2,5,这给分，还有啥好说的。谢谢老师！
184514,212,叶兵,2023-12-21 08:19:05,0,2,2,上课还挺好的啊
185214,212,叶兵,2023-12-27 06:01:37,3,4,1,陈述叶兵老师授课需改进部分如下：1，吐字不清。正常语速下可以理解，但有时遇到老师着急、符号拗口的部分，叶老师讲话就会含糊不清，常常听不清老师在讲什么了。2，喜欢偏题。希望老师讲课可以集中在目标知识上，而不是花大部分时间扯课外的话题，再讲回来时早已忘了之前正经知识讲到哪里（也可能是我注意力不够集中，也可能是我专业基础不够扎实，各位同学批判性看待）。3，不备课或备课不完全。老师讲课套话太多，不能通过简单的语言形容清楚一个问题或概念，更多依赖读PPT，这样的效果不如直接看书或PPT好。4，态度不好。面对学生的课后提问，不能正面解答问题，反而追问其他的问题。主观评价，望各位选课同学理性看待。
185690,212,叶兵,2024-01-03 14:22:25,2,2,0,讲的真的好烂......
186196,212,叶兵,2024-01-09 10:01:34,2,3,1,我觉得叶老师挺好的，钉钉回答问题也很及时
187624,212,叶兵,2024-01-17 01:42:07,0,1,1,国际校区ECON103\n\n叶老师非常认真负责
188396,212,叶兵,2024-01-19 02:00:28,0,1,1,给分真好！人也好！
188419,212,叶兵,2024-01-19 03:08:49,2,2,0,我觉得讲的挺好的，上课也会关心大家有没有听懂，产组本来知识点就多，最后考卷也不难，大概写的差不多给分就很好。喜欢叶老师
189222,212,叶兵,2024-01-22 12:09:25,0,2,2,大绩杀，期末卷挺简单的，和作业题目差不多，后半学期的内容基本没有考，没想到出分这样低，和保研无缘了。
192280,212,叶兵,2024-05-13 11:30:46,-2,1,3,给分极好，上了两门一个5一个4.8
206173,212,叶兵,2024-12-13 07:02:58,2,2,0,讲的非常非常差，全程没有逻辑，就是一整个讲不明白，事情还很多，发了作业在学在浙大上从来不说，等着自己发现是吧……
214490,212,叶兵,2025-02-08 09:10:48,0,1,1,研究生高级微观经济学（管理学院开课），平时：期末=7：3，很为学生着想的成绩占比。老师讲话比较吞音，有一些听不清。课程内容是围绕博弈论展开的，知识量非常大，最后的考试五道大题，看得出来出题也是用了心思的，每道大题的各个小问循序渐进，能体现出区分度。出分85和本人预期很匹配。
214547,212,叶兵,2025-02-12 04:54:41,1,1,0,高微叶老师给我们上了两个月的课之后换成柯老师给我们上一个月的课，柯老师上完一个月之后又换成他来给我们上最后一个月的课。听叶兵老师讲的最好笑的一句话是：“今天来的人怎么这么少？是柯老师给你们讲怕了还是你们知道我回来了？我要去问问柯老师怎么给你们吓成这样？”......其他的不过多评价，经历了才懂得。
221472,212,叶兵,2025-06-24 03:15:32,4,4,0,坐标产组。给分实打实吧。其实今年卷子算比较简单的了（PPT补充的，书上没有的内容都没有考），可能一些细节方面要注意，要对产业组织理论的实际应用有一点自己的思考，不能光会背诵模型。不过这门课必须要到，次次点名+随机抽人确实挺恐怖的，不过老师也不会太为难大家，答不上也没啥关系。\n\nps:不过产组的书和内容还是蛮有意思的，挺适合初学者，这课程本身还挺重要的
221654,212,叶兵,2025-06-25 06:38:03,2,2,0,现在的评分罪不至此，如果有什么问题老师很愿意帮助学生，可能讲课时因为口音和断句让人有点困。老师基本每节课都会点名，这门课跟博弈论联系非常紧密，要是汪sir的博弈论学得扎实基本不太需要复习，PPT过一遍就行。老师上课内容其实是充实的，最后给分很大方。
221682,212,叶兵,2025-06-25 08:24:13,1,1,0,产组老师上课比较让人犯困哈哈，基本上课堂上大家都是自己做一些自己的事情，有些时候老师问大家基本上没有回应，所以感觉让人回答问题也是老师想互动一下；至于评判学生，可能老师也有听取前面学长学姐的意见，现在老师已经不会这样指责学生了，我们也是受了学长学姐的庇佑；每节课老师都会让人纸质签到，会有几次是不签到的，但是数量很少也很随机；老师最后期末卷子出的和博弈论高度相关，英文试卷但是不会的可以举手问老师；平时只有一个小组合作pre和报告，接近期末会有两次作业，最后给分也是比较仁慈的。感觉老师也有一直在改变。
58,220,朱柏铭,2015-03-14 15:34:27,8,28,20,讲课内容很有趣，作业也不多，但是给分实在是。不是经院的就别选了大神就是那拿你刷分的。
458,220,朱柏铭,2015-03-15 02:41:31,46,62,16,让人有听课欲望
476,220,朱柏铭,2015-03-15 03:03:52,116,139,23,真正让学生听的下去
4272,220,朱柏铭,2015-06-18 13:04:21,50,64,14,老师讲解很细致喜欢和学生互动，课堂氛围很好，课后给老师发邮件，老师总是很快回复
4319,220,朱柏铭,2015-06-19 03:28:34,21,31,10,真正的从课堂中学到了一些东西
5212,220,朱柏铭,2015-07-06 00:56:05,34,50,16,上课认真，给分也很求是。
6138,220,朱柏铭,2015-07-11 06:59:12,9,15,6,认真听课 非常有收获 讲的非常棒的老师
6341,220,朱柏铭,2015-07-13 05:25:11,2,12,10,给分超级超级好…讲课细心认真，关心同学
7839,220,朱柏铭,2015-09-15 14:34:07,13,22,9,超爱朱老师，引人入胜啊！
7938,220,朱柏铭,2015-09-16 07:19:00,7,10,3,好\n\n喜欢\n\no(≧v≦)o
7952,220,朱柏铭,2015-09-16 07:55:34,23,32,9,客观而且幽默，有自己的见解，通识课可以学有所获
7973,220,朱柏铭,2015-09-16 09:58:39,-10,11,21,讲得很好，希望期末给分高一点！！！
8369,220,朱柏铭,2015-09-19 14:00:10,3,7,4,生动形象
10324,220,朱柏铭,2015-11-18 05:33:43,1,3,2,好老师，很负责
10498,220,朱柏铭,2015-11-19 07:44:44,25,38,13,认真听课最后分不会太差\n\n
10501,220,朱柏铭,2015-11-19 08:09:55,14,22,8,上过的最好的通识，两年了学过的内容还有印象，老师太棒。
11277,220,朱柏铭,2015-11-26 07:17:16,11,20,9,好老师，风格幽默风趣，还可以引起学生们思考，让人有听课欲望。
11625,220,朱柏铭,2015-12-08 11:45:59,40,47,7,上课做为主业的老师
11700,220,朱柏铭,2015-12-11 16:10:03,4,10,6,老师讲课超好
12700,220,朱柏铭,2015-12-24 02:11:42,3,10,7,讲的不错。给分不错
12777,220,朱柏铭,2015-12-24 03:46:37,1,6,5,唯一一门不点名我没翘过课的通识
13316,220,朱柏铭,2015-12-26 14:13:02,19,30,11,进入浙大后遇到过最棒的老师～赞～
13831,220,朱柏铭,2016-01-01 04:08:18,3,7,4,很有趣，很有意思
15650,220,朱柏铭,2016-01-16 04:34:06,2,5,3,great
15716,220,朱柏铭,2016-01-16 07:27:33,-25,8,33,讲课挺好，但是绩杀
15911,220,朱柏铭,2016-01-16 14:57:55,0,4,4,有干货，给分公正
16044,220,朱柏铭,2016-01-17 05:10:02,-25,12,37,作为我唯一认真听的课，这老师讲的是不错，但是我记录30多页笔记，最后绩点巨低，是我的错？真绩杀
16215,220,朱柏铭,2016-01-17 13:42:55,-1,1,2,非常好
16232,220,朱柏铭,2016-01-17 14:12:05,-1,3,4,哈哈哈
18646,220,朱柏铭,2016-01-22 07:54:49,34,46,12,老师挺好的，人也很温柔。课后下载课件仔细研究，就可以写一篇质量很好的心得。心得，最重要的就是写出自己的真实感受！给分看实力，只要你足够认真，给分就足够高！
19091,220,朱柏铭,2016-01-23 08:51:02,0,2,2,爱学生的好老师！
19180,220,朱柏铭,2016-01-23 11:46:57,8,16,8,一个上课很生动的老师…人特别可爱…除了讲经济学的知识还会教你人生道理…真的特别棒！！！
19183,220,朱柏铭,2016-01-23 11:50:54,7,13,6,老师超级棒 上课很有意思举很多身边的例子 生动好理解 也很幽默
19643,220,朱柏铭,2016-01-25 03:58:57,0,2,2,老师有干货，有思想，低调
21865,220,朱柏铭,2017-11-22 02:13:10,268,330,62,最喜欢的老师没有之一。前面说给分不好的都是因为写的心得是流水账，自己的思考不够多。没有任何经济学基础，最后也能有4.5。顶上去让犹豫的同学看到。
23888,220,朱柏铭,2016-04-20 07:31:58,1,4,3,老师讲的超好，很喜欢。
24045,220,朱柏铭,2016-04-26 06:17:01,1,4,3,好老师，别错过
24086,220,朱柏铭,2016-04-26 16:07:30,-1,3,4,讲课很好
24557,220,朱柏铭,2017-06-14 06:19:14,72,90,18,讲道理，朱老师是我上浙大以来觉得讲课讲得特别好的老师，没有之一。老师的讲课生动，八次课几乎座无虚席，每次正课前都会有经济学知识的科普。作为一名非经管类的学生，一开始上课我真的是一脸懵逼，到了后来才渐渐将知识串联起来。每次的课堂感想都认真思考书写，虽然很幼稚，然，表明态度。老师真的像自己说的那样认真的看了每个人的作业，然后发了短信，收到短信的一霎那少女心爆棚(^3^)～最后，认真绩点都不差，4.5飘过～～
24561,220,朱柏铭,2016-05-01 16:42:29,24,39,15,上课特别有意思，经常把同学们逗得哈哈大笑。上课特实在，真正把知识教给学生并且用我们最容易懂的方式讲。没有考试，只有每节课后写听课心得，最后一节课交7次课心得。我觉得自己心得写挺认真，虽然说没写什么自己高深特别的观点，但是老师也看出我的用心，给我发了短信，真是感动死我了。最后成绩4.8 好开心
24666,220,朱柏铭,2016-05-03 03:35:03,-14,8,22,差评差评
24672,220,朱柏铭,2016-05-03 04:28:26,0,2,2,讲课很有趣！\n\n
24910,220,朱柏铭,2016-05-04 10:00:30,90,103,13,他代言了浙大最不水，最有思想的通识课
25550,220,朱柏铭,2016-07-01 12:10:00,14,21,7,我只能说，老师是好老师，可是我真的是吃力不讨好
26177,220,朱柏铭,2016-06-16 07:16:34,0,3,3,有趣有趣有趣～～
26819,220,朱柏铭,2016-06-21 07:35:46,1,5,4,老师课上得很有趣，心得好好写分都不会差【作为工科生课程绩点4.5飘过】以及羡慕楼上那些收到短信的……我作业里忘记留电话了TAT
27073,220,朱柏铭,2016-06-22 16:09:41,-1,1,2,传道授业解惑。上课不仅讲公共经济学，而且补充了大量经济学内容，认真敬业的老师。真心点赞！
28134,220,朱柏铭,2016-06-28 08:08:49,0,2,2,很专业
29486,220,朱柏铭,2016-06-30 01:17:48,1,4,3,这才是我心目中通识课的样子
29510,220,朱柏铭,2016-12-26 03:12:48,0,3,3,老师讲的非常好，我上课几乎全部在听，课后感想最好联系自己写，分数还不错
30665,220,朱柏铭,2016-07-02 07:10:27,1,4,3,很可爱的老师
31110,220,朱柏铭,2016-07-03 08:28:14,-1,3,4,知识有用 课堂有条理 给分客观
31890,220,朱柏铭,2016-07-05 05:30:02,0,4,4,老师讲课很幽默，那段时间即使来不及午睡也要去听讲。人很随和，讲课前还有魔性的开场音乐哈哈哈
33251,220,朱柏铭,2016-09-16 15:16:25,0,3,3,这是在浙大 我唯二没有逃过的课 朱老师课上的真的好
34187,220,朱柏铭,2016-11-15 08:24:05,17,19,2,老师讲课很生动有趣 但是我的绩点很低^_^
34221,220,朱柏铭,2016-09-28 14:33:27,2,6,4,把通识上成专业的另一面是专业上的也像通识。
35640,220,朱柏铭,2016-11-10 07:37:47,1,5,4,昨天下午刚交的心得，今天就收到老师的短信了，特别好的老师，但是心得也得自己认真写，收获会很大的
35761,220,朱柏铭,2016-11-10 08:04:30,-1,3,4,老师讲的很有趣，让没有基础的同学都可以听懂，而且课堂氛围也很好，给老师发邮件回邮件也特别快，平易近人的老师，点赞！！！
36091,220,朱柏铭,2017-05-10 11:37:28,0,5,5,非常好的非常有趣，别犹豫选吧
36642,220,朱柏铭,2016-11-15 07:28:42,-1,3,4,真的很棒，虽然我的听课感想都是瞎逼逼，连资料都不怎么查。但是只要认真写了，上课认真听了，老师给分都很好的
36659,220,朱柏铭,2017-01-15 15:50:56,4,8,4,上课很好！给分没道理…
36675,220,朱柏铭,2016-11-15 09:54:34,18,22,4,老师讲课确实好，很有趣，但是上课认真做笔记，心得认真写了，最后得分这么低，看到的时候真的不敢相信
36710,220,朱柏铭,2016-11-15 13:26:26,1,3,2,很好的老师，讲得很认真还很照顾学生，有听下去的欲望，学到了很多知识！\n\n
37079,220,朱柏铭,2016-11-17 09:16:53,13,21,8,公共经济学概论是我真正每节课都会坐第一排的课，朱伯铭老师也是我真正喜欢的好老师，听他讲课不仅有趣，而且涨知识，能改变思维，给分也非常厚道，强推强推!
38184,220,朱柏铭,2016-11-25 11:35:36,0,4,4,老师讲得真心赞
38760,220,朱柏铭,2016-12-18 06:29:13,0,5,5,我在浙大遇到的最好的老师了
39090,220,朱柏铭,2016-12-21 06:21:36,1,4,3,梦想中的通识课就应该是这样的
40289,220,朱柏铭,2017-01-01 09:29:07,-1,4,5,老师男神
40730,220,朱柏铭,2017-01-05 07:18:49,0,2,2,很喜欢的一堂课 老师讲课很有趣
41391,220,朱柏铭,2017-01-11 08:08:19,0,3,3,真的让学生听得进去 可以学到很多日常生活中可以用到的知识 老实人也很好 给分只要自己认真写的拿高分还是很容易的
41418,220,朱柏铭,2017-01-11 11:45:33,1,4,3,老师课讲的干货满满 又让人听得下去 给分不错 推荐
41498,220,朱柏铭,2017-01-12 05:01:10,2,5,3,认真写听课心得 不用太多专业性的东西 就联系自身谈谈体会 分数保证高
42285,220,朱柏铭,2017-01-14 03:32:05,-3,8,11,浙大最好的老师，没有之一了吧。上课真的让学生听得进去，有很多自己与众不同的观点，虽然不点名，去的晚一定是没有前排的。每节课前都会有一个小插曲，有时候老师还带着你做健康操，超级萌又有趣，选这门课一点都不要犹豫。作业是8篇听课笔记，作为一个工科生，码了将近4万字，最后拿了4.5，还是很知足的，感谢老师。
42540,220,朱柏铭,2017-01-14 11:55:22,1,1,0,负责任的好老师，讲课也讲的好，建议去教通核。\n\n
42914,220,朱柏铭,2017-01-15 12:03:04,2,4,2,有趣的杭州大叔，连听三节课全程无尿点，老师不去讲脱口秀可惜了，开心的同时学到很多知识，最后给分也超好，五星好评！
45300,220,朱柏铭,2017-01-20 11:02:51,-1,2,3,超级超级棒！！！
46251,220,朱柏铭,2017-01-21 04:51:00,0,3,3,老师人炒鸡好，讲课很有意思很透彻，期末交一份听课笔记，用心的分数不会低
46389,220,朱柏铭,2017-01-21 12:41:14,0,1,1,朱老师是一股清流，学到的不止知识，更是思想思维，更是人生哲学做人理念，强推
48888,220,朱柏铭,2017-03-15 16:14:26,-1,3,4,作为一枚人文妹纸，表示因为听了朱老师的这门课对经济学产生了很大的兴趣，以至于我现在非常想不开地选了一门哲学经济学专题研究，结果他喵的居然是讲马克思的，哭晕在厕所。
49048,220,朱柏铭,2017-05-02 13:43:16,4,8,4,给分求是 关键看自己用不用心 心得要多联系自己体会写 心酸血泪史留给后面选的童鞋们了
50146,220,朱柏铭,2017-04-30 08:59:45,0,1,1,认真负责的好老师
50366,220,朱柏铭,2017-05-02 13:09:11,15,19,4,上课挺有意思的，给分比较一般
50370,220,朱柏铭,2017-05-02 13:33:35,13,15,2,讲课很好，老师很棒，最后绩杀只能怪我自己？心得绝对有认真写的我
50373,220,朱柏铭,2017-05-02 13:45:26,5,11,6,不用多说，去听一次吧，听过就知道什么叫做真正的通识课，老师很棒，给分也很好，付出就会有回报，每个星期花上一个个下午写的心得，换来了4.5的绩点，谢谢老师。
50379,220,朱柏铭,2017-05-02 14:00:14,4,6,2,上课挺有意思，深入浅出
50395,220,朱柏铭,2017-05-02 15:18:02,3,11,8,课蛮水的，老师人很好，真的很有趣。心得体会只要认真写，不需要字数太多，有自己的思考就好。我每篇心得体会800-1000字，绩点4.5。没有考试哟(๑•ั็ω•็ั๑)
50416,220,朱柏铭,2017-05-03 00:00:14,1,4,3,每节课都有满满的收获，并且老师敲幽默可爱，还领着做手操，认真听，认真写心得，独立思考，绩点杠杠的
50426,220,朱柏铭,2017-05-03 01:07:30,8,11,3,每节课我都在听，老师课上得也很好，每个星期有一个半天都在写心得，虽然有时只有五六百字，但都是自己慢慢琢磨出来的。我不懂，就被正态了？很奇怪，我很伤
50438,220,朱柏铭,2017-05-03 01:53:32,-1,2,3,老师讲课很好很有意思，给分也很好啊！！！！
50448,220,朱柏铭,2017-05-03 02:50:01,4,11,7,听老师上课真的是收获满满，作为一枚不会写文的工科妹纸，最后还是给了4.5，超级开心! 心得要联系自身哦，字数不用太多。
50449,220,朱柏铭,2017-05-03 02:53:55,0,3,3,老师挺实在的
50465,220,朱柏铭,2017-05-03 05:18:06,11,19,8,上这门课不仅学经济，还要学人生。虽然最后被正态了，但还是力推这门课，为数不多的连着上三节全程无困点的通识。
52407,220,朱柏铭,2017-06-20 01:25:07,0,2,2,其他通识课结束之后只记得老师讲过的段子，只有这门课能让人记住讲的知识
52574,220,朱柏铭,2017-06-21 07:04:08,3,6,3,老师讲课确实很有趣，每节课都要写听课心得，但是把任务放到每个周其实也不是很多，但是最后发现大家都写得好多……关键是要写出自己的感受。最想不到的是最后一节课由于不用写听课心得，到的人少了一点，竟然点名了……
53475,220,朱柏铭,2017-06-26 16:56:13,1,5,4,认真学很有收获，给分也好
54116,220,朱柏铭,2017-06-28 13:30:47,-1,6,7,朱老师的课讲得蛮好的，可以说是浙大最不水的通识课之一了，提供了一种新的思考问题的角度。事不多，给分还是很好的，用他的话说就是，能给80+的尽量89。所以认真写心得的话，4.5还是不虚的
54135,220,朱柏铭,2017-06-28 14:01:56,31,41,10,心得每篇都有好好写 上课都有认真听 结果给了79 3.3 一下有点无法接受
54139,220,朱柏铭,2017-06-30 11:49:36,0,3,3,唉唧唧\n\n
54146,220,朱柏铭,2017-06-28 14:23:57,3,6,3,朱老师真的是个好老师，上课非常认真不说，还经常跟我们讲授一些人生哲理（真的是人生哲理），唯一美中不足的是。。。88分，为什么是88分，说好的尽量给89呢。。。
54159,220,朱柏铭,2017-06-28 14:50:11,31,34,3,老师很负责，讲课不错，我也认真听了，认真写了感想，但是3.3，可能大家都比我努力得多吧。
54238,220,朱柏铭,2017-06-29 00:30:13,21,24,3,认真写了心得的。。成绩不太理想。。。
54279,220,朱柏铭,2017-06-29 03:00:19,0,7,7,朱老师真的非常非常好，上课语言生动，不仅仅讲经济学的内容，还会讲很多他的人生经历，语言幽默风趣，让我们在大笑之余还真的能从中学到很多东西。我觉得能选上他的课是幸运，学到了知识，也收获了不错的绩点，强推
54291,220,朱柏铭,2017-06-29 03:37:41,1,4,3,挺棒的，上课很有意思，听课心得关键要有自己的思考
54365,220,朱柏铭,2017-06-29 07:49:08,-1,3,4,好老师，来浙以后两个学期了，第一节不水的通识！\n\n
54483,220,朱柏铭,2017-06-29 11:17:35,0,4,4,超级好，课程有趣，老师有趣，事少分高
54565,220,朱柏铭,2017-06-29 15:35:32,0,4,4,缺了两次课，最后一节课被点到名。但是课程报告都是认真写的，七篇一万八千字左右。不算很专业，但还是有自己的思考。老师上课还是偏基础类型的，要深入的可以选经济学基础。最后90分。
55163,220,朱柏铭,2017-07-01 02:26:11,1,6,5,上课幽默有趣，能激起你对经济学的兴趣。心得好好写，绩点不会低
59371,220,朱柏铭,2018-01-11 10:10:14,-4,2,6,这种代签，瞎签，没发言也上去签字真的好吗
59811,220,朱柏铭,2017-09-27 06:56:07,-1,2,3,深入浅出，生动有趣，案例分析很丰富。
60467,220,朱柏铭,2017-10-21 12:02:20,1,2,1,上个学期上的朱老师的课！\n\n上课认真听\n\n好好写感想\n\n绩点就有4.5\n\n幽默风趣棒棒哒
61986,220,朱柏铭,2017-11-22 04:51:53,0,2,2,真的超级棒了，三节课下来没想睡的。幽默又贴近生活，易懂易接受。
62174,220,朱柏铭,2017-11-23 03:57:08,0,2,2,不建议已经学过宏经微经之类的人修，内容重复太多，不过作为经济学入门的通识课还是挺好的。给分还行，无考试，每节课一篇心得。
62187,220,朱柏铭,2017-11-23 05:04:11,1,2,1,老师的课真的很生动有趣，举例很接地气易于理解，心得表达自己的思考想法就能得到一个好分数，老师看完心得还会专门发短信真的太暖了。
62188,220,朱柏铭,2017-11-23 05:10:25,1,1,0,上课超级有意思，想考经济学的研了( •̀∀•́ )
62889,220,朱柏铭,2018-01-13 12:49:03,-1,1,2,感觉老师人真的很好，最后一次课忘记复印然后老师在教室等我复印完了回来
63753,220,朱柏铭,2017-12-14 03:44:31,0,1,1,大学的第一门满绩
65438,220,朱柏铭,2018-01-04 02:48:35,20,25,5,深棕色日系工装翻领夹克 米色卡其色拼色半高领针织衫 \n\n黑色拉链圆环高领打底衫 黑色西装领毛呢大衣\n\n连保温杯都是白加马卡龙紫\n\n复古系时尚boy\n\n?\n\n老师太可爱了 当然讲的也很好戏很多非常生动 每周快乐的一堂课\n\n
65710,220,朱柏铭,2018-01-08 11:21:23,2,4,2,朱老师真的很男神啊，能让人三节课精力集中的那种！~\(≧▽≦)/~每节课认真写一篇心得体会。课不水需要听课，你会不由自主的听下去的。而且还很有收获！\n\n
66270,220,朱柏铭,2018-01-25 06:57:01,-3,3,6,emmm……
66389,220,朱柏铭,2018-01-15 16:32:36,0,2,2,我只想问一句...老师开始发短信了吗...\n\n朱老师真的超级好，讲课幽默又超级体贴学生，会很详细很有耐心的为学生解释不懂之处，从来不会不耐烦，超级喜欢老师，虽然分还没有出来，先来打个10分
67392,220,朱柏铭,2018-01-21 05:34:27,1,2,1,老师讲课真的特别有趣，好喜欢朱老师，而且听他的课除了知识，还会懂一些道理，分数还没出，但老师真的认真在看每个人的心得
67650,220,朱柏铭,2018-01-22 03:58:20,-1,1,2,刚刚出分，给分很棒，讲课更棒，一个工科生确实学到了蛮多
67750,220,朱柏铭,2018-01-22 06:29:50,0,6,6,公共经济学概论。没考试。每节课一篇心得。每节课都会认真听。没有水手机的欲望。真男神。不解释。只要有点自己想法不是随便写写敷衍绩点就不会低。
67855,220,朱柏铭,2018-01-22 08:19:23,-2,4,6,不要恶竞不要恶竞！公共经济学概论七篇心得我大概才写了五千字吧，但每一篇都是认真码出来的，认真听会有很多思考之处，很好写，可水可认真，最后4.5
69460,220,朱柏铭,2018-01-24 17:44:04,-6,0,6,老师上课讲的很幽默！！原谅我傻听一节忘一节！！！今天8点考试现在正在通宵复习！！！！祈祷一下不挂
69933,220,朱柏铭,2018-01-25 16:37:45,0,0,0,公共经济学概论：好好写听课笔记，成绩不会差\n\n
71142,220,朱柏铭,2018-01-28 04:28:31,0,1,1,老师太好了 顺便这是我大学的第一个满绩 哭了哭了
71159,220,朱柏铭,2018-01-28 05:12:05,1,2,1,太太太师生情了!!!
71207,220,朱柏铭,2018-01-28 06:40:28,2,3,1,浙大最好的老师
71252,220,朱柏铭,2018-01-28 07:55:18,1,2,1,表白朱老师，真的很良心，考试不难，给分也好！平时上课一定要认真听，考试很多都是上课的例子，多和老师讨论讨论分数不会差的，要有自己的思考，想水过去的就不要怪老师给分不高了
71333,220,朱柏铭,2018-01-28 10:01:43,-1,1,2,老师不仅讲课非常有内容，给分都这么好！！！
71780,220,朱柏铭,2018-01-29 03:04:00,-3,2,5,上了公共经济学专业课，个人觉得刚开始还不错，之后可能边际效用递减了吧，没觉得很有意思了。这学期前一天晚上考要命的金融学，第二天一大早考这个，随便看了一点ppt就上了，结果4.8，老师还是比较注重学生思维，以及那些名人的观点也要有所知晓。
77243,220,朱柏铭,2018-05-04 06:00:53,16,17,1,公共经济学：仔细看PPT
77665,220,朱柏铭,2018-05-07 07:50:20,2,2,0,(ಡωಡ)
77861,220,朱柏铭,2018-05-08 08:37:13,0,2,2,不开心，分不高，但老师真的好
77868,220,朱柏铭,2018-05-08 09:02:38,9,11,2,老师讲的课真的很风趣，就是因为太风趣，所以很多社科的同学也在吧。打分对理科的经济小白真的不是很友善，3.3=被正态
77875,220,朱柏铭,2018-05-08 10:01:47,0,4,4,一位真正喜欢上课并且认真对待课堂的老师。
77884,220,朱柏铭,2018-05-08 10:52:20,0,4,4,分数不错，讲课也很幽默
77911,220,朱柏铭,2018-05-08 13:18:03,-1,2,3,老师课很好，就是自己得分满意哇～
79735,220,朱柏铭,2018-07-05 00:43:09,13,15,2,被正太
80523,220,朱柏铭,2018-06-27 11:27:01,5,7,2,绝对是传统意义上的好老师！专业知识完备，善于把握上课节奏，分享很多案例，做到夏学期也几乎无困点。最重要的是，不吝啬把自己真实的感受或困惑分享给大家，把优点和不足都剖析给大家看。一学期下来立体地认识了朱老师，真正给人为人师为人父的感觉。不会摆架子，也不会端着，绝对的10分啊！
81349,220,朱柏铭,2018-07-05 01:38:13,15,16,1,老师讲课很浅显易懂，真的用心在上通识课，但是给分比自己想象中的低诶明明认真写了每节课的课堂感想
81401,220,朱柏铭,2018-07-05 03:51:42,1,4,3,老师上课很生动，简直是戏精附体，让人能够放下手边的事听进去。每节课都要写随堂感想，这促使着我每节课都认真听讲，不干别的事情。只要认真写随堂感想，给分还是不错的。课上有很多干货可以pick。
82549,220,朱柏铭,2018-07-08 13:03:55,-1,2,3,很棒，课程轻松
84870,220,朱柏铭,2018-07-14 06:44:30,14,14,0,一直都搞不懂课程心得的评分标准，没有统一的标准吧\n\n
86253,220,朱柏铭,2018-09-11 13:59:55,-1,2,3,快乐快乐快乐
86681,220,朱柏铭,2018-09-18 02:44:28,0,2,2,专业课也能让工信生听懂，超赞！
87265,220,朱柏铭,2018-09-26 07:45:19,0,2,2,用心 舒服
88150,220,朱柏铭,2018-10-23 06:06:40,10,23,13,硕士的公选课。第一节课觉得这老师非常不错，但是听到第三节就觉得哪里不太对。这个老师有不自知的性别歧视，而且只愿意听自己喜欢听的观点。另外讲课的信息量比较低，喜欢说很多发散的东西，能把简单的东西讲得很细碎很生动，但一到稍微难一点的知识点就讲得很干或者直接说你们课后自己去看。
88185,220,朱柏铭,2018-10-23 12:34:48,14,23,9,真的有不自知的性别歧视吧……会有对女性的一些固有思维。虽然可以把有些知识讲的生动，却很少讲的深入。适合通识课了解。
89307,220,朱柏铭,2018-11-18 09:07:40,1,3,2,老师人很好，讲课贴近生活，愿意听同学们对课程的意见和建议。
89324,220,朱柏铭,2018-11-18 12:33:52,-1,2,3,老师上课很有趣，真的听的进去。上课发言会有记录。但是！！做为一个上课没有发过言的小透明，也拿到了4.5。下课认真写的心得没有白费！真的感谢老师。
89342,220,朱柏铭,2018-11-18 14:23:53,0,3,3,踏踏实实的课。认认真真做着笔记，每次翻笔记都有满满的充实感。朱老师讲到的经济学原理非常有实用价值，激人深思。虽然我一次也没有发言，但是心得一篇一篇认真地阐述自己的思考，没有收到短信，可是也拿了4.5。非常棒的一节课。
89357,220,朱柏铭,2018-11-18 15:50:47,0,3,3,老师真的超级好啊  上课前会有鬼畜的音乐 老师也超级幽默  每次课后写一篇心得 真的是能够得出很多感悟的  只要你人认真用心的写  老师给分会很好的！大爱朱老师！！
89378,220,朱柏铭,2018-11-19 01:33:19,1,2,1,还行吧
89471,220,朱柏铭,2018-11-19 08:45:11,1,5,4,我吹爆朱老师！讲得非常好，是我能完全沉浸进去不开小差的课，能学到一种全新的思维方式，课上讨论也有很大启发，很有料的一门课了！老师也很平等地接受学生的观点。我这个不是经济专业的都有4.5的绩点，开心疯了?上课多发言，课后多找老师，绩点稳稳的！
89567,220,朱柏铭,2018-11-19 14:53:59,6,8,2,老师上课不错，讲得挺好，对没有基础的同学来说也很有帮助，但是恶竞比较严重，给分不大友好吧。
89680,220,朱柏铭,2018-11-20 08:52:08,-1,2,3,老师真的超搞笑，超可爱。
89702,220,朱柏铭,2018-11-20 10:19:24,0,3,3,老师上课幽默风趣，讲解深入浅出，发人深省，连我这个毫无经济学基础的人都能沉浸在其中。上课时的讨论环节中，大家各抒己见，课堂充满学术氛围。最后按每周一篇的听课心得给分，认真写绩点不会低。这样的老师不给十分实在说不过去。
89898,220,朱柏铭,2018-11-21 07:34:19,0,1,1,和同学交流很多，再交流中就能逐步深入
90068,220,朱柏铭,2018-11-22 04:37:06,12,12,0,看到不少评论讲到了，真的写得很认真，但是分数…唉
90151,220,朱柏铭,2018-11-22 08:20:34,1,2,1,必须给满分，爱您
90457,220,朱柏铭,2018-11-23 14:23:26,4,6,2,大一秋学期有幸选上了朱老师的公共经济分析导论，一共写八篇听课心得，最后一篇随堂写（不会留时间，所以要边听边写，不过老师说最后一篇写几句也可以）。从上课方面来说，朱老师特别鼓励学生发言，尤其是提出自己的见解的。每节课只要发言就可以在下课以后登记一下（虽然我从来没举过手hhh），发言内容就是PPT有些讨论思考题，或者老师顺势提出的问题。因为第一节上课会把前七节课的PPT都给大家，所以就有不少人提前准备内容然后上课发言.....（我从来没这么干过emmm）最后一次课结束交作业，不少人是论文格式打印版，我叫的是手写版....后几次上课的时候就坐后排写其他作业....不过每篇心得确确实实认真写的，我一篇大概1000字吧...不得不说认真听确实很有收获，我这一工科的第一节上课甚至有了转专业的冲动....另外这门课不用教材讲的，最好是带自己的电脑放老师的课件然后做笔记（吧）。最后绩点4.5。纪念一下第一门通识课。强推。
91031,220,朱柏铭,2018-11-29 05:55:04,-1,1,2,建议大家上课多参与讨论，其实问题都是很有空间的，思考思考真的可以说一下。讨论发言的会课后去勾名字。听课心得要好好写，感觉老师主要还是按这个写的好坏给分的。
91264,220,朱柏铭,2018-12-04 12:24:58,0,1,1,作为一个大一小白，让我了解了很多经济学的知识，上课也很有意思，作业其实不多，写写自己的真实想法就好了。
91275,220,朱柏铭,2018-12-04 22:17:12,4,4,0,老师上课认真，能听的下去，讲的比较通俗易懂，给分也可以。\n\n但是我觉得老师有不自知的性别歧视，然后说自己思想比较传统…
91292,220,朱柏铭,2018-12-05 06:12:06,1,4,3,观点过于片面，比如“救国读工科”
91909,220,朱柏铭,2018-12-24 15:17:48,2,3,1,让我笑出猪叫声的通识课。老师非常幽默，举的例子很贴近生活。十分必须的！
93363,220,朱柏铭,2019-01-19 09:20:42,0,1,1,好好听课收获很大
95095,220,朱柏铭,2019-01-19 22:49:20,1,6,5,4.5帮顶
95357,220,朱柏铭,2019-01-19 08:56:12,-7,2,9,4.8 来纪念一下
95497,220,朱柏铭,2019-01-19 13:09:49,0,2,2,老师超好！！看的出是一个很有学问的学者，作为老师又和蔼可亲，讲课娓娓道来，可以水但是不会想去水。最后4.5分作为通识课已经很满足了
95538,220,朱柏铭,2019-01-19 14:22:25,1,3,2,让我一个工科生时时有转经济的冲动……
95691,220,朱柏铭,2019-01-20 01:55:48,4,8,4,要向大家疯狂安利朱老师的这门课！\n\n修之前对好多的经济学名词仅仅只是知道而已，但是上完课就有了很多新的理解～\n\n虽然通识课也只是让人了解到一点皮毛而已，但是不得不说朱老师的课会启发我用新的思维模式去看问题！每一次课后写课堂心得的时候都会忍不住洋洋洒洒写好多，也许很多废话，但是真的是因为喜欢这门课，感觉被启发了～\n\n老师常常说：“我很喜欢上课的感觉，如果我上课能点亮你大脑里某一处的火花，我就很开心了。“\n\n真的是很棒的一个老师，能深入浅出，也会真实地分享自己（或许与课堂无关的）心得体会，感觉课上学到的不仅仅是经济学知识～\n\n每一次上课都是在后排看神仙打架（毕竟也抢不到前排座位），也没有发过言（毕竟知识储备不够），上交自己的课堂心得的时候也觉得有点慌（毕竟觉得自己写的东西逻辑不够严密，也不会像社科大佬一样非常有章法地组织语言），但是最后绩点4.5，实在是非常惊喜！\n\n结果和过程都是远超预期的美妙！\n\n(*´∀｀)
95709,220,朱柏铭,2019-01-20 02:24:30,2,5,3,课真的很好，给分真的很迷。
95742,220,朱柏铭,2019-01-20 03:18:35,10,13,3,老师的课很棒！公共经济分析导论的通识课真的是很好，经常会讲一些生动的例子，本来对经济学不太喜欢的，听着听着也有了兴趣了，八次课下来座无虚席，最后一堂课还会和我们聊一聊人生感悟。没有期末考试，每次课写一次课堂心得。每个星期认真写仔细去思考上交的时候真的很有成就感。虽然我上课没有发言，但是认真写课堂心得以后，最后给分也很不错。很喜欢朱老师的课啦~
95810,220,朱柏铭,2019-01-20 05:46:52,-46,4,50,三万字4.5，给分真的迷，我这沉没成本也太高了吧
96066,220,朱柏铭,2019-01-20 12:13:56,-2,9,11,"老师对课程感想要求是对知识点谈感想或对经济现象作分析，原话是""你们千万不要弄巧成拙，我讲什么你们就写什么"".但上课讲的真没啥好写的，水的一批.要是真硬核起来又不是非经院人所能驾驭的.老师怕是没有想过，那些对话题作引申的同学付出了额外的努力，最起码不是在记流水账式的上课闲扯.难道通识课更深层的意义不该是激发探究的兴趣吗？此外，老师的一些观念确实不大合适，虽然没有到性别歧视的严重程度，但常以男人抽烟喝酒谈政治跟女人织毛衣做家务并举不免有些刺耳.总之，翘了好几次冗长的课，最终3.3也是自找的."
96333,220,朱柏铭,2019-01-21 00:31:58,-1,3,4,老师对我们的听课报告态度很认真，只要你认真写了老师一定会看得出然后给你一个合理的分数，和某些没来由的绩杀老师真的一点都不一样呢
96843,220,朱柏铭,2019-01-21 10:31:35,-3,4,7,上课真的真的真的很有趣\n\n每篇随笔平均写了1200\n\n总共7篇\n\n按随笔评分，其实上课内容很充实\n\n写的挺轻松的\n\n最后给了我这个学理科的4.5\n\n太好了！
97858,220,朱柏铭,2019-01-23 00:30:02,1,4,3,哈哈哈哈，绩点不高=不走心+写流水账。果然是只听得了通识课直白片面的思维啊
100447,220,朱柏铭,2019-01-26 06:45:10,3,6,3,讲课好\n\n给分好\n\n不点名\n\n考试虽然闭卷，不过只要上课好好听，期末把书过一遍，老师还是比较注重实例的，于是我背了这么久的理论。考试的时候慌的一批，结果，貌似给分不错
100470,220,朱柏铭,2019-01-26 07:25:07,2,5,3,老师讲课有意思，不点名，但是我也觉得他有不自知的性别歧视……不过期末给分挺好，而且出分快
100629,220,朱柏铭,2019-01-26 12:48:35,0,3,3,老师上课很有趣，最喜欢听老师讲案例。最后考试给分也很好。谢谢老师。
100654,220,朱柏铭,2019-01-26 13:47:06,-15,4,19,朱老师给分真牛逼，期末考20多分不会写，瞎写的，居然给了4.8
101430,220,朱柏铭,2019-01-28 07:53:37,7,8,1,一个无论治学还是为人都可为世范的老师。
102845,220,朱柏铭,2019-02-24 05:20:23,0,2,2,补充！老师回复邮件超速度而且超认真，还会在问题上拓展推荐一些读物，真的非常棒！
103823,220,朱柏铭,2019-03-27 11:46:36,0,3,3,老师毕竟年龄较长，说实话，的确观点具有一些局限性，但我觉得是可以理解的，那个年龄段的老师有不自知的性别歧视也很正常。但就从其专业素养而言，还是很不错的。
106252,220,朱柏铭,2019-04-26 02:54:45,1,3,2,老师确实年纪大了，有些观点在现在同学看来是不太认同，但讲学确实非常棒，非常好的将理论与实际相结合，除了上课讲编码的知识以外，很多非编码的知识和自己的故事也说的很多。强推
107030,220,朱柏铭,2019-05-01 03:04:51,5,7,2,老师上课很有趣，作业就是每节课一篇听课心得，然后最后一节课是在课上当场写。挺轻松的！我八次课大概写了6k多字最后4.2。
107075,220,朱柏铭,2019-05-02 07:31:50,126,139,13,课和老师的人品我就不多说了，给10分都嫌少，介绍一下写听课心得的经验吧，八篇心得，想得高分的，最好建议手写+每篇控制在1000字左右，写成随笔，不要写成论文格式，心得一定要紧扣老师的ppt，心得里面不要写太多的数据和资料，多联系实际，对生活中的经济现象进行分析，语言可以不用太学术，但是一定要有自己的感悟和创新点，老师看重的是质量不是字数(字写得好看的有加分哟)，一个3.3低分飘过的学生和老师邮件往来后沟通后，学到的经验，希望大家顶我上前排。谢谢
107083,220,朱柏铭,2019-05-01 11:56:53,6,7,1,是浙大一个很低调谦虚却又很有信服力的老师，不会强迫你接受他的观点，但讲公共经济学很通俗易懂，是一门不容错过的通识课，吹爆
107108,220,朱柏铭,2019-05-01 15:20:51,0,4,4,朱老师真的是我上通识课以来最喜欢的老师了，上课通俗易通，讲话很直，举的例子可以说非常贴近现实，从来也不会讲非常虚的东西，让我一个从来不喜欢经济的人想去辅修经济，甚至开始自学，最喜欢的部分就是每周课后心得，其实很多时候写论文感觉真的在造学术垃圾，但是听课心得真的就是记录自己的有感而发，大概手写一面左右，感觉写起来也不会觉得很累或者很有负担，在这个过程中也思考很多，本学期没有发言这个环节对于我这种不爱发言的人来说真的太喜欢，最后分真的还不错，觉得只要联系实际、运用课上的知识分就真的还不错，，，，强力推荐！！！！
107168,220,朱柏铭,2019-05-02 04:09:59,-34,7,41,吹爆朱老师和他的公共经济课，一天写完了8篇心得，4篇是在最后一节课上写的，下课前半小时去小剧场打印，最后发现有一篇重复了，跟老师说明了一下，老师让我邮件补发，一学期什么事情都不用干，就最后一天疯狂补天，最后有4.5，对于一个工科生很满意了！平时上课不水，干活慢慢，老师很幽默，上课是一种享受！
107986,220,朱柏铭,2019-05-12 14:32:55,0,2,2,课很好
107999,220,朱柏铭,2019-05-12 23:56:01,0,1,1,还不错
108188,220,朱柏铭,2019-05-16 06:13:10,4,5,1,课上得好
108226,220,朱柏铭,2019-05-17 01:00:05,-28,9,37,说书先生一枚，讲得热闹 深度欠缺，回去想想就没剩啥了，不如自己读几本专著。不学术的老师真可怕！
110802,220,朱柏铭,2019-06-28 08:46:27,1,2,1,公共经济学，就是认真听课然后每节课后写一个感悟，不限字数，每周我要写大概一小时吧，然后要根据上课老师提出的问题查资料谈感想，只要有自己的见解就好，不需要太专业，上课的话确实不学术，但是一门短学期的通识要真学术起来像我这种理科生也hold不住，本来就是通识嘛，思维训练最重要，总之比只写论文的课要多学到东西。
110895,220,朱柏铭,2019-06-28 13:15:15,1,2,1,老师讲课十分有趣，感谢老师
113616,220,朱柏铭,2019-07-07 01:17:16,-1,1,2,上老师的课学到了很多
117562,220,朱柏铭,2019-09-26 03:46:40,0,6,6,快被那个说说书先生的人笑死了?你看过国外一些经济学教材吗、一些通俗哲学读本吗、那里面的废话才是真的多。之前有人讽刺经济学现在就是各种模型脱离现实，你想学那些工具为什么不去上计算机学院或数学学院的课？经济学的课是为了让小白都能理解一些经济学原理的东西。动不动质疑别人学术水平是不是太蠢了？
118888,220,朱柏铭,2019-11-07 11:16:10,2,3,1,朱老师超级可爱，讲得通俗易懂。非常幽默，每次听课感想都认真写了。其实也是一种思考和联系生活的过程。课程负担不重，也有所收获。很棒的通识课！！（老师在课间会抽查点名，我每次点名都能被点到～最后在作业上留言问了老师～老师说他会挑名字比较简单的，避免生僻字）老师发短信真的太好了呜呜呜！！强推！！
119129,220,朱柏铭,2019-11-10 23:02:25,0,2,2,真的可以，我不否认老师的一些观念确实有些可能不能令人接受，但是老师并不强求你接受，也欢迎你去和他探讨，通过邮件或在心得中去驳斥他，只要你有理有据都可以。我每天上朱老师的课前都已经上了一个早上的硬课，脑子已经很累了，但上课的时候还是可以基本上保持专注地听三节课。虽然老师上课有时候是有点发散讲的东西有时候也很细碎，但绝不跳脱也不无聊。一节课一篇心得，就按自己的真实想法去写也不用写很多，这在通识课中也不算任务很重的。认真听好好写分真的还可以的。作为一门经济学的短学期的通识课可以感觉老师已经尽力去教了很多东西了。
119195,220,朱柏铭,2019-11-11 06:25:47,3,4,1,有一说一，虽然认真听课认真写听课心得却被正态了很难受，但是老师的课是真的有意思，能学到很多，对拓展思维能力有很大的帮助，也让我对经济学产生了兴趣，让我一个工科的甚至有了转学经济的想法。
119301,220,朱柏铭,2019-11-12 03:32:32,0,0,0,老师很可爱，上课也很有水平，认真写心得绩点不会低。
119661,220,朱柏铭,2019-11-14 16:35:19,1,1,0,讲课是很棒，上课认真听了，也做了很多的资料，只是分数真的给的不高
120627,220,朱柏铭,2020-01-14 03:25:45,4,5,1,冬学期出分啦！！我爱朱老师！！老师真的好可爱，每节课都超级有笑点的，也能学到很多。虽然好像说有不自知的性别歧视倾向（？）但能听到理性的质疑声音，不是千篇一律的吹捧，很好。期末没有论文负担，感想的话每次都认真写，最后4.5，i了i了。
121770,220,朱柏铭,2020-01-21 18:13:39,-21,4,25,不能理解最后竟然只有4.2
122125,220,朱柏铭,2020-02-15 06:57:44,2,3,1,能让你有思考
122197,220,朱柏铭,2020-02-20 02:02:00,11,11,0,公经\n\n虽然是社科的学生但高中其实是理科 没有经济基础 日常羡慕能提出好问题和上课发言的同学 每次固定坐在第一排基本无水手机欲望\n\n每一课的心得都是认认真真抽出两个多小时手写的\n\n虽然没有发言过 也只给老师发过一次邮件 但是能拿到4.5也很开心啦\n\n老师真的是大使 讲得深入浅出 举例幽默 生活经验丰富多彩 坦诚而且可爱 非常负责任的老师\n\n让我有点后悔没有选财政学专业\n\n真的真的真的真的是特别棒的老师 学到了很多 身边的同学也很优秀 收获满满
122420,220,朱柏铭,2020-02-27 02:24:33,1,1,0,老师是真的非常好，讲课非常有趣，给分也真的好，我是手写的八篇心得，认真完成，仔细思考，查找资料，真的会有很好的回报。
125103,220,朱柏铭,2020-08-31 14:09:18,4,4,0,公经导论，8次课无考试8篇心得，基本是每节课后写的，我穿插了自己对生活中问题的看法（主要也是老师上课讲过类似的案例，我用来分析分析自己身边的事情），以及学过微经后用风险喜好与规避的理论解释了寻租设租行为，这一块是自认为写的可以的。但是可能还是很难说用经济学的思维去思考很多社会问题，特别是老师没有提及的问题，所以最后4.5。但是在老师课上学到了很多东西，特别是没有学过经济学的同学可以去选择，能够训练一下从经济学这个独特的视域看待生活中很平常的现象
125395,220,朱柏铭,2020-09-08 05:56:28,0,1,1,卡绩了
127231,220,朱柏铭,2020-11-16 10:30:32,1,2,1,工科生，没接触过经济学，心得倒是用心写了，手写，大概一次一千字，最后收到了短信，4.8。好好听收获也很大，看新闻都和原来不一样了，一些原来看不懂的都看懂了
127242,220,朱柏铭,2020-11-17 01:59:20,-1,0,1,非常喜欢的一门课！
127262,220,朱柏铭,2020-11-18 08:24:10,2,4,2,公共经济分析导论#老师讲课非常好，经济学小白受益良多，特别擅长举生动而贴近生活的例子来说明经济学原理。但课后心得恶竞真的太严重了，我七节课六千字，最后收了3.9的绩点，后来一问人均10000+……挺难过的吧。不过还是希望更多想了解经济学的人来听听朱老师的课，很适合入门。
127272,220,朱柏铭,2020-11-19 05:03:19,1,1,0,课讲的好，被正态了
127312,220,朱柏铭,2020-11-20 02:53:25,1,1,0,上课认真听了 感受认真写还是3.9  老师讲课还行吧
127635,220,朱柏铭,2020-11-25 06:38:01,6,6,0,老师非常不错，八节课几乎节节有收获，上课环境也非常好，感觉听课人数会比别的通识多不少。笔记每篇1000左右，最后88卡了4.2，情理之中吧，总体相当不错，非常推荐大家去上。
128401,220,朱柏铭,2020-12-22 08:26:17,0,1,1,好老师！
129222,220,朱柏铭,2021-01-01 07:49:41,2,3,1,朱老师的课特别好，有深度有内容，学到很多关于经济学的知识。\n\n就是给分有些随便，我了解到，有些不是自己写的心得分数要比是自己写的那种高很多。我觉得不是老师的问题，应该不是老师评分。
129398,220,朱柏铭,2021-01-05 05:00:41,7,11,4,公共经济学作为一门专业课，不应该为了照顾其他专业的同学，抛弃数理推导的内容。理论+推导+例子更容易把东西讲明白，而过于发散的讲课思路会让人抓不到重点。
129688,220,朱柏铭,2021-01-11 02:31:40,4,4,0,老师不错\n\n就是被正态了
130483,220,朱柏铭,2021-01-24 13:38:38,0,2,2,很好的一节通识课 能切实学到很多东西。老师也很幽默。作业就是一周一篇感想。只要感想认真写 分数不会特别差，但无奈要正态，老师也肯定不愿意绩杀。
130485,220,朱柏铭,2021-01-23 02:42:09,2,3,1,虽然七篇笔记认真写比较硬核，要写点自己的东西出来，修修改改删删补补要花很多时间，但是朱老师真的是个很好的老师！从这门课确实能学到东西，不仅仅关于经济，还有他对身边事情的理解和态度。幽默严谨，教授风范！
130518,220,朱柏铭,2021-01-23 09:39:32,0,1,1,超级好
130548,220,朱柏铭,2021-01-23 14:51:02,1,2,1,老师幽默风趣，讲课也比较通俗有趣，不需要专业基础，拓展知识面。\n\n心得确实需要结合上课内容好好写，也不要过于发散，最好还是手写。于是我只拿了3.9（也有个人原因），但还是感谢老师。
130646,220,朱柏铭,2021-01-24 05:27:06,-5,3,8,事少分好课好 建议冲\n\n理科生 完全不用担心听不懂 心得中感觉更需要个人的思考，就是在知识外自己的一些想法。我上课没很认真听，（敲打），基本上每节课抓了一两个感兴趣的点展开讨论，联系其他内容，阐述自己的观点，和老师的观点有些交互，自己如何收益、为何赞同或是不认可等等。\n\n目测字数不是太重要，我八篇1w-，90，（但是虽然没被正态 也是4.5还是有点小小的失落吧），同桌字数大概是我的两倍，89。\n\n课堂发言，有些同学（有些让我很无语的发言，为了发言而发言的感觉，扯一些没啥营养的东西），不太能接受…发言会有登记，不知道影不影响最终得分。
131590,220,朱柏铭,2021-01-28 05:57:59,-80,3,83,老师真的好，认真写还会给你发短信，可惜只有4.8，没卷过
131762,220,朱柏铭,2021-01-28 23:17:28,1,2,1,老师课上的非常好，和同时期在学的经济学基础形成鲜明对比，很仰慕朱老师的为人和做学问的态度。心得是手写控制在每篇1000字左右，最后拿了4.5，其实还是希望能够拿到4.8吧算是对于老师成果的一个回报
132067,220,朱柏铭,2021-01-30 05:29:37,-1,1,2,吹爆！超级好的老师和课程！
132605,220,朱柏铭,2021-02-02 16:15:44,14,18,4,怎么说呢，课认真上了，随堂心得认真写了，查了很多资料，没有复制黏贴，写了自己的想法，结合了自己的实际，没有刻意为了凑字数写很多废话，也没有只写一点点，然后3.3……就算是出于正态要求也证明我在老师的评价方式下被排在了后30%。也不知道哪里出了问题，只能叹气。
132898,220,朱柏铭,2021-02-04 16:39:10,4,6,2,很长的一段时间来我都对老杭大留在经院的老师失去了希望。但是这不包括朱柏铭等一众老师。话说隔壁财政系上的课体验都好棒啊几个老师都好好，早知道大一就选财政了/(ㄒoㄒ)/~~
133184,220,朱柏铭,2021-02-14 18:23:50,1,1,0,讲课好，给分一般。内容有点简单了。
135123,220,朱柏铭,2021-05-01 12:54:56,0,2,2,朱老师上课真的很有意思，这是我听的最认真的一门通识课。上课干货满满啊真的，通过朱老师的课我真的了解了很多社会上的经济现象。老师上课举的例子都是贴近生活的很有意思，上课总是欢笑不断。没有考试没有论文，每节课后一篇听课心得，老师自己会很认真的看的，主要是要有自己的想法。老师人也很可爱，衣品很棒，大爱老师紫色衬衫！我真的觉得一个短学期学不够学不够呜呜呜，以后要是还能上朱老师的课就好了！！！！同学们选起来！真的不亏！！！
135305,220,朱柏铭,2021-05-08 01:03:43,-2,1,3,干货满，水平高，给分好，墙裂安利！
135335,220,朱柏铭,2021-05-08 07:11:59,2,4,2,课堂有趣，干货满满！对于一个非经济专业的学生来说，老师的课删繁就简、注重实际，会举一些生活中的例子来解释观点，很能吸引人，让人认真听下去。老师的性格也很鲜明，是一位十分负责的老师。当然每节课好好上、听课报考写出自己的真实想法，绩点也不会低哦（公共经济分析导论)
137084,220,朱柏铭,2021-06-30 15:10:05,-1,1,2,好老师 力推
137655,220,朱柏铭,2021-07-05 13:22:40,-4,2,6,满绩还愿
141304,220,朱柏铭,2021-09-29 07:36:26,-10,5,15,听不懂 讲课没有重点 中间讲一堆废话 要下课才讲回主题 然后一直跳 叫我们自己下课看
141627,220,朱柏铭,2021-10-18 05:45:37,0,5,5,我要给这位老师狠狠打10分，公共经济学真的是我来浙大上的最精彩的课了！！！理论结合实例，让非经济学专业的我听课毫无压力，还觉得很有趣！
141997,220,朱柏铭,2021-11-03 10:13:10,1,2,1,非常nice的老师，又有干货又有趣生动！强推！！！！！
142060,220,朱柏铭,2021-11-05 03:17:41,-2,1,3,强烈推荐！！！！
142334,220,朱柏铭,2021-11-10 09:11:15,-1,2,3,绝了，非常推荐，老师讲课用心且幽默，认真听课可以学到很多，事情还少！
142752,220,朱柏铭,2021-11-16 01:55:59,0,1,1,教课挺好的，学了公共经济分析导论，上课就像听故事，过后去写写心得。
142767,220,朱柏铭,2021-11-16 03:32:54,0,1,1,老师上课超级有趣！举很多生动有趣的例子，而且还让我们学会观察身边的事情，善于思考！认真写心得加入自己的思考就行，绩点也很好～
142768,220,朱柏铭,2021-11-16 03:34:49,0,1,1,老师给分太赞啦，想上水课的同学认真推荐。没有功课和考试，只要写7/8篇听课心得就好了。
143142,220,朱柏铭,2021-11-20 02:23:23,1,3,2,非常好，上课也很好，给分也很好，只要你心得认真写。（我绩点4.5）
143195,220,朱柏铭,2021-11-21 08:57:22,-1,1,2,讲课很有趣，有很多干货
143220,220,朱柏铭,2021-11-21 15:50:02,-1,2,3,朱老师真的是很用心的一位老师，事少给分好，讲课也很精彩！
143644,220,朱柏铭,2021-11-30 01:41:20,0,0,0,还可以
144395,220,朱柏铭,2021-12-21 10:41:29,0,1,1,超级棒的老师  讲的超级生动有趣   老师风趣幽默   给分也很好    强烈推荐
144604,220,朱柏铭,2021-12-22 14:51:33,2,2,0,...
144715,220,朱柏铭,2021-12-23 09:49:49,1,2,1,可以学到很多东西
146255,220,朱柏铭,2022-01-06 04:48:05,3,4,1,今天出分啦，是理想的绩点。我上这节课很认真听，也做了笔记，差不多每节课上完就马上写感想了，几乎也都是写一些身边的例子，老师上课也挺有趣，是我最不水的通识课之一了，没有期末考试真好
146321,220,朱柏铭,2022-01-06 13:49:21,3,3,0,课很好，给分不好，只能说大佬太多，这其实也不是老师的错，老师真的讲的很好，无语的正态，我勤勤恳恳，被正态下去了，无语了
147288,220,朱柏铭,2022-01-09 12:13:47,-2,3,5,朱老师非常nice！和蔼可亲平易近人٩( •̀㉨•́ )و \n\n\n\n课程：上课内容以讨论发言为主，重在思考与交流，总之还是很有意思的。老师会事先给阅读材料，大家根据材料发表自己的观点。\n\n\n\n收获：半个学期下来感觉自己的思维能力大有提升♡也学习了老师的思考问题的方法，听到了很多有价值的观点！\n\n\n\n给分：性价比很高哦o(≧v≦)o\n\n\n\n（研究生课程）
147430,220,朱柏铭,2022-01-10 03:25:09,9,9,0,通识课，老师人很好，不过我觉得给分一般
147681,220,朱柏铭,2022-01-10 12:32:44,-1,2,3,朱老师值得一百分！事情超级少然后讲课也风趣幽默！
148048,220,朱柏铭,2022-01-11 12:00:43,0,1,1,学到东西了，老师也不错，那就行了
149087,220,朱柏铭,2022-01-14 10:59:06,1,3,2,上的公共经济学线上班。平时无作业，平时成绩来源于两次讨论课。期末考试题型是选择+小简答题+判断简答题+大论述简答题。从结果看老师给分还是很不错的。朱老师的课也很有梗很有趣，上课跟听相声一样的hhh总之体验挺不错的，适合作个性。
149637,220,朱柏铭,2022-01-16 08:50:32,-13,13,26,我学期遇到的最差的老师，事超多，给分还不好。认真写心得了，还绩杀，不捞人，还卡绩，相信我，想拿高分的同学快跑！！！
149646,220,朱柏铭,2022-01-16 08:57:08,-11,14,25,自以为是正人君子，在乎学生口碑，在乎口碑，你还绩杀，还卡绩，学生付出的努力你都看不见吗？浙大最差的老师。
149681,220,朱柏铭,2022-01-18 09:22:54,1,3,2,讲的很好，像极了我心目中大学老师的模样
150130,220,朱柏铭,2022-01-19 08:53:56,-3,4,7,老师超级好，给分也很好（我4.5）上课有意思 超喜欢他~
150925,220,朱柏铭,2022-02-21 05:59:16,0,3,3,平时没发过言群里发言也不大多，考前过了一遍ppt也没有特别的记忆背诵啥的，以为寄了结果出奇的好。\n\n这学期上的所有课里最喜欢的就是zbm老师的课了，他的人格魅力太强大了，是我让我觉得很担得起“学者”“教书育人”这些词，非常值得尊敬的人。课讲的非常精彩，不仅是局限在ppt里的内容，紧跟时事讲解，没想到在专业选修课里体会到了什么是“经济学”，“学经济学为什么”。\n\n朱老师是目前我在大学觉得最担得起“学者”“老师”的一位老师。太喜欢了
151324,220,朱柏铭,2022-02-28 12:33:59,5,7,2,给分玄学
151604,220,朱柏铭,2022-03-09 07:17:21,-20,19,39,师德应该没问题，所以给6分。\n\n\n\n但是单纯从他在通识课上输出的观点来说，一言难尽。\n\n朱老师是非常典型的资本主义经济学者。\n\n他所坚持的很多观点在事实上与我们建国的理论是冲突的。\n\n这种观点当然可以在社会中进行探讨，却不适合作为零经济学基础的低年级本科生入门。\n\n\n\n没有任何经济学基础尤其是政治经济学基础的同学要选择性的接受老师的观点。\n\n最好能够配合《政治经济学概论》对老师的观点进行学习、分析。\n\n尤其是作为未来的脑力无产者的同学要留心，对于大资产阶级的拥护是非常危险的。
151627,220,朱柏铭,2022-03-10 02:37:14,3,5,2,讲得很好，值得去听，不过自己听课心得卷度一般，4.2
152900,220,朱柏铭,2022-04-21 11:54:59,-26,6,32,朱老师讲课真的棒，可以学到东西的通识课。每周写一篇心得，每篇心得大约写了2.5k字数，都是分享一些课后感想以及自己联想的实际案例，最后绩点4.5~
152916,220,朱柏铭,2022-04-21 15:15:45,1,2,1,朱老师真的挺好的，讲的东西干货满满。但是同学们心得都比较卷吧（不是老师的错）
152975,220,朱柏铭,2022-04-22 17:23:09,7,8,1,上课确实不错，但是没有考试的课给分就会很迷。看到楼下每周写2.5k的心得。如果不是卷王就慎选吧。
152987,220,朱柏铭,2022-04-23 05:50:35,14,18,4,讲课很有趣，朱老师的课上我收获了很多，心得也真的认真写了，每篇800-1000个字左右，但是同学们太卷了，没有看到楼下每篇2500字心得我也不会知道自己为什么被绩杀（3.3），给朱老师打了8分，两分为我的绩点
153218,220,朱柏铭,2022-04-27 00:09:21,13,17,4,那这么一想跟每周2k5的4.5卷王比我每周7-800的4.2似乎性价比更高（劝非卷王慎选）
153252,220,朱柏铭,2022-04-27 06:28:09,-6,1,7,课前随机抽人点，如果迟到了一两分钟一定记得去找老师确认！\n\n心得认真写哦，这门课收获满满，老师也很给力！
153427,220,朱柏铭,2022-04-29 11:47:02,-29,7,36,我觉得大家不要把绩点归结于字数叭，我每周写了800左右，写得很认真然后手写的，最后满了，老师还发短信鼓励我，很喜欢老师，讲的也很好！
154691,220,朱柏铭,2022-06-03 13:33:12,-3,6,9,老师人很好，很亲切感觉像是家里的长辈一样，讲课也很有条理，常常结合实际案例，PPT也做的很用心，经常鼓励我们多学点法律知识，和我们分享一些买房、买车、砍价、租房子……的生活经验，解答问题也超详细耐心，朱老师最高！
155534,220,朱柏铭,2022-06-14 05:57:15,9,21,12,老公知
155535,220,朱柏铭,2022-06-14 05:57:15,9,18,9,老公知
158603,220,朱柏铭,2022-06-30 14:39:25,13,24,11,事多给分差
160823,220,朱柏铭,2022-12-05 05:20:56,2,4,2,挺好的老师
161768,220,朱柏铭,2022-11-13 01:03:08,-14,1,15,老师太好了！建议大作业手写，平时多问问老师问题，只要你认真就可以拿高分！
164284,220,朱柏铭,2022-12-20 06:35:24,5,6,1,没有听课感想怎么办😢😢😢
164716,220,朱柏铭,2022-12-24 05:58:36,1,3,2,真的有意义的通识课
165405,220,朱柏铭,2023-01-21 09:30:06,18,19,1,大三线上班来评\n\n朱老师上课当然是很棒的，虽然有些sleepy，ppt基本没怎么变，但还是补充了很多比较新的案例和数据，授课态度非常好，也很乐于跟同学们互动讨论\n\n今年第一次换成心得。13篇心得肯定是要卷的，个人感觉还算是卷起来了，但是可能由于近端频繁接触实证论文，以及实习做比较多行情分析，整个人都更偏向于拿数据说话、拿案例说话，用数据来证明自己的心得和想法吧\n\n本来觉得这种思维方式可能是有优势的，但是看到分数有些不甘，去跟老师交流了一下。然后我了解到，倒不是我的心得写的不认真，而是说我太注重讲论据了，资料性的内容过多。朱老师希望看到的心得，更多的可能还是较多地写自己的感悟的吧，就像他说的“写信一样来写心得”，而不是用课堂上学的理论去做案例分析或者数据分析\n\n幸好不算主修，所以就浅浅分享一下，以期能帮到学弟学妹\n\n##关于楼上同学对于我的观点的评论的回复##\n\n其实我们的核心观点是一致的，也就是老师希望看到的是自己的感悟和思考，引用数据和案例只是一种方式\n\n所以我也说了，我觉得朱老师的主张十分有道理，我现在的思维方式也没有什么问题，本质上而言还是经济学院的课（以及老师们）可以分成两个类型：像朱老师和他的课就属于比较典型的偏宏观的课，重思路重感受；另一种则是像计量、固收这种课，重实证重数据。完成作业时也要考虑课程性质，而不是完全按自己想法来做（就比如固收的大作业，如果再去讲自己对于定价模型有多么深刻的感悟、讲新加入的因子多么具有人文关怀，就显得不合时宜）\n\n因而，我赞同你的人文关怀，这是经济学研究的起点和终点；但是经济学之所以是一门科学，就在于数学方法、理性分析的引入，这是必不可少的过程，无论是理论分析还是做实证分析，也就是说，有一分数据说一分话。所以这也是一个没有对错之分的问题，只是在研究的不同阶段有不同的主要矛盾\n\n无论如何，讨论多多益善，后面上公经的学弟学妹也有更多可以参考的观点和看法
165424,220,朱柏铭,2023-01-05 01:43:56,4,6,2,老师人很好，课讲的也是深入浅出，注意哦，听课心得要稍微卷一卷（小声🤫）
165441,220,朱柏铭,2023-01-05 10:34:52,13,14,1,公共经济学，老师上课上的还不错。但是我心得认真写了，也积极参与了互动，可是最后成绩不太理想，但是看周围几个认识的同学好像都还行。没有考试的课给分还是比较困惑的，可能我的感悟没引起老师共鸣吧，但还是推荐选的。
165610,220,朱柏铭,2023-01-09 03:55:13,18,20,2,像鸟儿爱惜羽毛一样爱惜自己的名声
165614,220,朱柏铭,2023-01-09 04:22:04,-1,4,5,好老师～给分也很好
166099,220,朱柏铭,2023-01-11 06:22:34,5,7,2,朱老师是我上大学以来第一位让我感受到亲切的老师，不是那种做作的关心，而是会认真地和你探讨问题的负责。
166161,220,朱柏铭,2023-01-11 08:31:40,7,11,4,22秋冬线上公共经济学   \n\n朱老师上课很有收获 就是每个礼拜心得有点折磨  但就有收获这点就打10分\n\n\n\n分割线\n\n\n\n\n\nbtw我总共知道四个选课同学的得分（包括我）是94，91，88，88\n\n朱老师是不是把zju的绩点标准记错了（手动狗头🤔）
166488,220,朱柏铭,2023-01-12 14:42:32,11,14,3,2022-2023秋冬公共经济学（专业课），这个学期的公共经济学进行了改革，期末不设考试，成绩由三成的平时成绩与七成的听课心得构成。平时成绩综合考虑在钉钉群的讨论、与老师的交流以及讨论课上的主题发言与提问，重在深度和自己的思考，数量则次之（当然老师欢迎同学们就任何自己的疑惑提问，即使看上去像是“傻问题”，朱老师也会细致地回答，而且每次都会回复“谢谢你的提问！”或者“谢谢你的交流！”）。听课心得一共需要交十三篇（除去国庆、讨论课与最后一节课），重要的是写出自己在课上的收获、体悟与思考，可以是这节课在观念上给你带来的改变，可以把课上的知识与自己之前的阅历（走过的路，看过的文章，观察过的社会现象和国家大政方针）结合起来分析，也可以是对课上讲到的一些理论的批判性反思与改善（毕竟这些西方公共经济学理论有很多不适应中国实际的情况），哪怕觉得自己的思考不成熟，但只要真诚、有思考，老师不会吝惜分数的。另外，朱老师肯定没有记错绩点与分数，我有几个认识的同学都刚上对应档次\n\n  至于有位同学说“用数据说明自己的想法”的问题，我想说用数据并没错，朱老师所不喜欢的应该是那种“数理至上”，用繁琐的数据和数理工具去证明一个显而易见的事实的那种“社会科学工程化”的思维模式，如果用了一大堆数据但结论的内在实质贫乏，缺乏人文关怀，这或许不是好事，更不是优势。我也见到有同学用了很多数据，引用了很多观点，做了很多案例分析，但最后得分很好\n\n  就课程内容而言，公共经济学这门课理论内容丰富，更兼有对当下中国社会的现实关怀，无论是想学经济学理论，还是想对中国财政与社会有一个更深的认识，都是非常推荐的
172463,220,朱柏铭,2023-04-27 08:28:27,6,7,1,公共经济分析导论这通识课是真的硬，上课就算认真听了，不是本专业的去学，也不能学的太懂。上课有发言课后有讨论，最后出来绩点只有3.6.感觉还是很伤心的。虽然老师确实挺好的，评分真的难受。老师讲的也挺深刻的，可能我缺乏自己的思维能力吧，但是还是好伤心。
174261,220,朱柏铭,2023-06-08 11:35:34,0,6,6,22-23冬学期的公共经济分析导论。老师人挺和蔼的，上课也很幽默风趣！（我不是学经济的，感觉真的有学到东西）会随机叫名字点名，群里鼓励同学发言讨论，考核是每次课后一篇听课心得，最后一次课交（共7篇）。我心得写了7k+，钉钉里没发过言，最后94卡绩，但是已经满意啦哈哈哈！感觉只要好好写心得，分数应该会不错的。建议每次课后就写心得，我一天赶完真的慌死了（个人感觉要有点思考，不能特别水）
175672,220,朱柏铭,2023-06-26 07:33:52,7,7,0,感觉对心得要求蛮高的……
175690,220,朱柏铭,2023-06-26 08:08:02,2,3,1,老师超级认真，在学习的过程中真的真的学到很多（工科生）而且老师教学超级认真（晚上3，4点钟回我消息），作为通识课当专业课来教学，然后当体育课一样给分（真的给的超级好）非常感谢老师，另外老师一定要注意休息。
175697,220,朱柏铭,2023-06-26 08:18:10,3,5,2,讲课好，有意思。给分差
175776,220,朱柏铭,2023-06-26 13:51:59,1,3,2,先说上课，朱老师上课是不水的，他没有把这门课当成一门水课来讲，对同学们听课的状态也是有一定要求的，比较讨厌同学在底下玩手机，每节课前会随机传统点名，所以想水学分慎重选课。\n\n但是朱老师上课真的也和大多数通识不一样，讲的非常幽默易懂，也会结合身边的事例进行分析，大家可能觉得经济学比较枯燥，但朱老师上课你是真的能够连续听三节课不走神的那种有趣哈哈哈哈哈，非经济学院学生也能听的很开心。\n\n然后就是感觉最后的绩点大部分取决于心得吧，心得感觉更注重你在这门课中收获到的体会，结合身边事例进行分析，挺注重质量的，写几万字不见得分数就比几千字高，心得还是要好好写的，而且尽量课后完成，拖到期末一起写有点多。\n\n感觉给分还是公正的，主要看你心得质量。心得用心写感悟，哪怕观点有些幼稚，得分都不会低的。总之，想事情少的慎重选，真的想从朱老师课收获一些的可以选，给分也不会差。
175879,220,朱柏铭,2023-06-27 05:04:40,9,10,1,真的 可能是我不配学这门课 这是我听得最认真的一节通识课 但却是分最低的一门 心得也有认真写 但感觉没有得到应有的回报 很抱歉
180717,220,朱柏铭,2023-09-25 08:56:10,2,3,1,即使我是因为时间重合要退选朱老师的课地提前告知朱老师，朱老师还夸我是做事负责任的学生
181192,220,朱柏铭,2023-10-11 07:33:22,2,3,1,老师人很好，讲课超有意思，会结合很多有趣的生活实例，上课内容也很充实，通过学习经济知识加深自己对生活的理解
182037,220,朱柏铭,2023-11-08 14:58:05,3,4,1,趁着还没出分来评一下，比较客观哈哈哈。真的是一个很会观察思考的老师。为了知道广场舞是不是要大声才嗨，他还真的去跳了一周广场舞真的要被笑死。讲得很通俗易懂，没有经济底也能听懂。他也给我们很多思路，私下问问题也会回复。总之还是推荐的噢！
182251,220,朱柏铭,2023-11-13 09:12:38,0,2,2,老师好棒！！！！！！！\n\n因为想弃学微积分学分不够了所以申请了补选\n\n特别害怕补选不上，给老师发了邮件，老师下午就回了！还让我不要担心🥹🥹🥹朱老师！我的神！！！！！
182277,220,朱柏铭,2023-11-14 02:07:15,1,4,3,公共经济学专题，这才是会上课的老师，一股清流
182283,220,朱柏铭,2023-11-14 04:02:17,2,2,0,课前随机点名，上课的时候会结合生活中的事例讲解，很有趣很可爱的一个老师，属于虚心的学者型，不管什么时候发消息问他问题都会尽其所能帮你解决，就算有时候难以说清楚也会指路相关的资料，听课体验非常不错
182538,220,朱柏铭,2023-11-17 08:45:12,3,4,1,老师挺好的，就是我听课很认真作业也很认真但分挺低的
182551,220,朱柏铭,2023-11-17 10:54:39,8,10,2,朱老师的课是我上过最硬核的通识课了，老师很幽默，例子也很有趣很日常。我对经济很感兴趣但是一直没机会接触，报了老师的课之后也认真地写了感想，感想每篇大概两千字，努力地联系了自己的看法和日常生活，最后也拿到了好结果。朱老师人特别好，给他发消息回得很快，也很耐心地讲解问题，会在群里和同学讨论。大爱好老师了。
182577,220,朱柏铭,2023-11-17 15:39:55,2,3,1,很认真听课写作业但不知道为什么分比较低
182587,220,朱柏铭,2023-11-18 00:29:08,3,3,0,很努力听讲写心得但是分很低，老师讲的不错
182590,220,朱柏铭,2023-11-18 02:40:03,1,2,1,老师是好老师，课是好课。\n\n但是给分不水，不建议想选水课的同学报。
182707,220,朱柏铭,2023-11-19 16:17:28,-9,3,12,课程非常生动有趣，也有很多身边的案例，一定是门能学到点东西的实用的好课！\n\n老师也很耐心，有问题他都会详细地回答，必须10分！！\n\n当初选的时候看查老师评价给分一般，但听说能学到东西就毅然决然地选了，现在出分了感觉还行？第一门出分的课没什么概念。不过91差一分4.8确实有点可惜了。\n\n对于给分不太高的同学，可能老师更希望心得注重同学自己联系身边事的思考吧？（我猜的
182898,220,朱柏铭,2023-11-21 04:04:44,6,9,3,有点绩杀
183002,220,朱柏铭,2023-11-21 11:37:04,10,11,1,感觉给分有点迷惑，同舍友也上了，日常gpt写感悟结果得分比我高。\n\n上课很不错，是可以忍住不玩手机的课。老师有些观点恕我无法认同，但是尊重老师的想法吧。\n\n上课体验来看，还是很推荐选的
186598,220,朱柏铭,2024-01-12 04:09:32,4,6,2,很认真的上课，点名也从没缺过勤，每节课后都根据上课听讲在钉钉群里讨论，每节课后立马思考写感悟，平均一节800字，真的是上的最认真的通识课，但是最后3.3被绩杀，真是无语
186602,220,朱柏铭,2024-01-12 04:51:28,0,4,4,上了朱老师的公共经济学，真心觉得是一门非常好的课，能学到东西，整学期听下来觉得非常受启发。很多人因为考核或者给分中途退课了我觉得很替他们可惜，学习不能特别功利，这句话并不是说给分不好，而是摒弃功利主义你才能拿高分。
186617,220,朱柏铭,2024-01-12 06:52:41,-1,1,2,老师上课很有趣，认真学能学到很多知识
186652,220,朱柏铭,2024-01-12 10:53:43,0,3,3,大一生，公共经济分析导论是我进大学上的第一门通识课。老师讲课生动风趣，能学到很多知识，让我真正领悟到了经济学的魅力。最后心得大概写了1.3w字，得了91/4.5。总体来说只要上课认真听，心得认真写，成绩肯定不会差的。
186704,220,朱柏铭,2024-01-12 14:30:50,2,3,1,老师讲的很硬核 作业也很硬核 一节课2000+的心得 还有课后讨论 卷开了
186814,220,朱柏铭,2024-01-13 06:57:47,0,4,4,[公共经济分析导论]\n\n每节课都需要写心得，如果喜欢拖延的话，一起堆到期末写压力会比较大，建议每周课后及时写完，也可以课后再补充。另外，老师应该是更希望我们的心得是有自己的思考与感悟的，就像朱老师说的，这门通识课不是想让大家学会多少经济学名词，而是希望大家能养成经济学思维方式。朱老师会认真看心得，还会私发短信，非常负责。这门课真的可以学到东西，内容不水，给分也不水。认真思考老师上课讲的案例并且联系生活实际，最后拿了4.8。关于点名:朱老师每次课中会抽样点名，点一部分同学，但是还是非常容易被点到名的，请假也需提交假条和医院证明，建议不要翘课，希望对大家有帮助。［合十］
186896,220,朱柏铭,2024-01-13 12:53:05,9,10,1,如果你是纯看课程质量的话强推老师的课！讲得非常生动有趣，属于是我下节课就要交我还没写完的线代作业却还是会忍不住听的程度。非常好课程，使我的大脑旋转.jpg即使你完全是个经济学小白听课也完全不会有障碍ww\n\n\n\n下面是给分和课后心得相关↓\n\n我每节课都去上了（被点过一次名），课后讨论只参与过一次，最后心得写了8k+拿了4.8。（本来想写到1w的但是真的写不出来了TT而且我是期末一泻千里选手时间紧任务重orz）\n\n我觉得老师还是比较看中你个人的思考，以及真情实感的想法，具体可以看老师第一节课PPT的写作要求。如果真写出了自己的想法而不是在挤牙膏谈一些大而空洞言之无物的东西，老师会看到你的付出的，即使你的想法看起来幼稚不成熟。（我对很多问题的讨论到最后我承认了我也无法下定论）\n\n我的心得大概包括以下四种内容：①将生活中的一些例子用上课的概念解释；②有些老师提出的具有争议的概念的深入讨论；③一些其他学科的概念迁移（和生物学有很多概念相似我就探讨了其共通点）④纯粹的感想抒发\n\n希望能帮到大家（鞠躬）
186942,220,朱柏铭,2024-01-13 16:49:00,5,7,2,老师好，给分不好。\n\n拿了2.4，最后交上去的材料重新看了几遍，觉得确实写的不够好，还有很多可以提高的地方，但也是花了非常多心血的...而且本学期其他学科均3.9以上。\n\n需要绩点的同学，都不建议选。
188457,220,朱柏铭,2024-01-19 04:36:26,1,2,1,老师上课真的很有意思的，经常下课大家都会鼓掌感谢老师。不过要注意一下老师的心得要求，不要写成论文样式的，要尽量结合老师上课的内容有自己的思考。最后给分4.2还可以吧。
190009,220,朱柏铭,2024-02-08 12:03:38,-6,1,7,公共经济学\n\n课程给我的整体感觉来说，不适合作为一门专业课，说实话，更像是一门通识课，没什么深度的东西，但是涉及的面会比较广，可以学到一些生活中的有用财税知识。\n\n但是从第一节课开始，我当时就被老师发的正态分布图吓到了，苦于学分少也没法退，所以硬着头皮听了下去。每次心得花的时间都非常长，基本上都是一个个字认真敲出来的，任务量还是蛮大的，加入自己对于课程内容的思考吧，可能老是喜欢看到这些。最后总的应该是超过3w了。其他的讨论也上了，群里也讨论了。最后94，
190098,220,朱柏铭,2024-02-21 13:25:08,-1,3,4,作为非经济学专业的学生，听完朱老师的课能学到很多生活中的经济学知识，他会举例，特别多的例子，让你理解一些基本概念，这一点特别棒，而且会讲一些人生道理，挺有趣的。期末给分也不低，只要认真写了的话。
190423,220,朱柏铭,2024-03-03 06:41:24,-1,1,2,000
190431,220,朱柏铭,2024-03-03 15:01:08,-9,4,13,爹味很重
190507,220,朱柏铭,2024-03-06 11:12:22,2,3,1,【公共经济学】认真听会感觉收获很多！老师会结合生活中的很多案例，上课很有趣，但是每节课都要记得及时写心得（不然就会像我一样最后几周狂补╥﹏╥）最后给分挺好滴～p.s心得最好结合自己的生活实际，这样给分会高一些o
191712,220,朱柏铭,2024-04-28 17:42:34,5,7,2,给分不咋样吧我只能说，每个人的感悟我觉得都有区别，我也用心写的感悟有感而发，不知道说些什么
191741,220,朱柏铭,2024-04-29 09:45:32,0,1,1,老师讲课特别认真！是认真传道授业解惑的老师！我的心得是一每听完课就立即写的，有很多结合生活实际的内容，是有感而发；大家还可以写一些对老师的建议等等！
191787,220,朱柏铭,2024-04-30 07:11:54,9,11,2,1）老师讲课有趣，内容充实\n\n2）每节课都进行随机点名\n\n3）给分一般，写了 1w 字的心得最后喜提 3.3
192207,220,朱柏铭,2024-05-12 01:55:44,0,1,1,老师上课很有趣
192485,220,朱柏铭,2024-05-21 17:31:05,-9,7,16,这么多年教书育人口碑做得确实不错，但讲的东西已经和前沿脱节太久了。\n\n从对计量的态度也可以看出来对新东西很排斥，先不论计量这个东西好不好，排斥计量首先你得懂计量，但老师显然不懂这个东西。\n\n该让年轻人接班了。
192576,220,朱柏铭,2024-05-24 06:17:10,3,6,3,反对某评论对朱老师“讲的东西已经和前沿脱节太久了”的批评，仅就我于2024年春夏学期上的《税收实务与案例》这门课而言，老师的PPT紧跟税收法规的最新修订（他也直言自己每周都要花大量时间准备PPT），课上也常常谈到对某些新案例与新修订的思考，比如在春学期就新公司法的涉税要点做了诠释。\n\n至于计量的问题，第一，我认为他只是在反对研究在计量上过度炫技，以至于喧宾夺主，而非计量工具本身。难以否认，某些研究尽管形式华丽，但是实质内容乏善可陈，缺乏对经济社会的真正关照，也称不上“把论文写在祖国大地上”。第二，“排斥计量首先你得懂计量”，呃呃那许多法学、社会学、公共管理学等界的社科权威学者是真的排斥计量，但也不妨碍他们用其他科学的方法做出了很多有分量的研究，对经济决策者的影响并不小。第三，计量是一种科学方法，但科学方法并不只有这一种（特别是在社科学界）。第四，可能对某些同学而言，计量是“新东西”，但实际上计量并不是什么“新东西”，在西方经济学界发展了80多年，在我国至少也发展了30年了，其间争议也从来没断过，退一万步说，哪怕某人真的排斥计量，也不能推出他“排斥新东西”的结论。\n\n最后祝朱老师退休快乐。
192742,220,朱柏铭,2024-05-30 03:10:37,-11,3,14,emmmmm资本主义思想 给分差
194655,220,朱柏铭,2024-06-25 01:33:22,1,3,2,上了老师的公共经济分析导论！\n\n每节上课随机口头点名一学期大概会被点到两三次的样子~每节课认真听 结合老师的课件认真写一些结合自己实际的心得 再在钉群里偶尔参与发言 给分就很好的！上老师的课很通俗易懂哇 很有启发~
195061,220,朱柏铭,2024-06-26 14:27:34,5,6,1,老师退休啦
197809,220,朱柏铭,2024-08-14 09:00:57,5,6,1,老师点名很多，但是对待课程超级认真。我写的上课心得他真的有认真看，还在钉钉上戳我和我沟通。上课会告诉你很多人生哲理和考研复试经验，非常推荐，但是老师25年就要退休了，且听且珍惜。
198797,220,朱柏铭,2024-09-11 17:20:42,10,10,0,退休快乐
199068,220,朱柏铭,2024-09-15 03:23:05,5,5,0,“讲台不是老师展现才华的场所，老师的任务是引领学生走进科学的殿堂”
201208,220,朱柏铭,2024-10-30 07:54:32,3,3,0,朱老师退休快乐🫡最不水最能让学生听课的通识课😢
201244,220,朱柏铭,2024-10-30 15:12:23,2,2,0,尽管这学期的课刚上完，作业还没打分，但是我确信朱老师的课值得听
201390,220,朱柏铭,2024-11-01 11:56:48,1,1,0,专业幽默，亲切随和
201465,220,朱柏铭,2024-12-10 09:49:49,1,2,1,很好的老师
202062,220,朱柏铭,2024-11-09 01:52:44,0,0,0,老师上的很好，但我太摆了最后拿了个3.9<(_ _)>
202087,220,朱柏铭,2024-11-09 06:46:03,3,3,0,老师上课风趣幽默 人格魅力很大 特别喜欢老师 本人最认真听的一门通识课没有之一！！！！！！！但是给分有点失望只有4.2 相比于老师传授的知识来说这根本算不了什么 感谢老师！！！！
202114,220,朱柏铭,2024-11-09 14:19:18,2,2,0,课是好课，但给分不好，想学知识可以来，想高绩点做好卷的准备（而且可能要自身写作水平比较高），每节课都到了，心得都结合自己生活分析了，手打8000字，最后3.6，可能思想层次达不到老师的要求吧。。。
202166,220,朱柏铭,2024-11-10 08:14:44,3,4,1,老师的非常好，很有深度。但是作业非常多，每节课都写1000字，本人因为水了作业只有3.6，学弟学妹们如果要高绩点请认真写心得。。。。
202188,220,朱柏铭,2024-11-10 13:29:07,1,1,0,朱老师的公共经济分析导论是我目前为止最喜欢的通识课，朱老师讲课幽默风趣通俗易懂，每堂课思路完全跟着老师走。这门课每节课会随机抽点十几个人的名字，个人认为出勤率和每节课的课后心得非常重要（心得每节课很认真写了，每篇大概700-1500，主要是谈自己的实际感受+对老师上课提到的某些点进行延伸和自己的独特思考），最后4.5非常感谢老师！
202428,220,朱柏铭,2024-11-12 15:15:35,6,6,0,【公共经济分析导论】感谢朱老师，真的学到了很多！工科的学生对经济学一窍不通，但是朱老师讲的通俗易懂，还有很多有意思的例子，这是我到目前为止听的最认真的一门通识课。评分是每节课一篇随堂心得，大概1000字左右每篇，最后一起交。如果好好听课的话，还是有很多感想可以写的。唯一有一点小遗憾是，我一共超级真诚地手敲了10000+字，最后拿了4.5。但是总的来说已经很满意了，真的受益匪浅！
202605,220,朱柏铭,2024-11-13 10:22:46,0,1,1,认真写论文，结合实际生活与老师交流，分不会低
203090,220,朱柏铭,2024-11-16 13:25:33,0,1,1,和楼上差不多体会。心得体会一定要真情实感
203980,220,朱柏铭,2024-11-22 11:26:54,8,8,0,永远忘不了朱老师对在食堂里秀恩爱xql的评价：“食堂是用来满足食欲的地方，后半句就不说了”
204984,220,朱柏铭,2024-11-29 07:50:09,4,4,0,朱老师上课很认真很认真\n\n真的能收获很大，甚至可能激发理工科同学对于经济学的兴趣\n\n希望zju多一些这样的老师，这门课收获的真的不只是学分和绩点
205061,220,朱柏铭,2024-11-30 13:52:34,4,4,0,好老师，但是要准备好每节课写一篇心得。
205360,220,朱柏铭,2024-12-05 04:18:52,1,1,0,讲课非常好，非常负责的一位老师
205947,220,朱柏铭,2024-12-13 01:52:04,0,1,1,老师非常非常好，选就完了
206865,220,朱柏铭,2024-12-18 04:26:14,7,8,1,认真完成作业，每节课到（点名是抽查），绩点3.9。不是很满意
206956,220,朱柏铭,2024-12-19 01:09:14,1,1,0,公共经济学分析导论这门通识课真的干货满满，能学到一些东西，朱老师上课很风趣幽默，课上可以水，但最好每周写掉心得不要拖延。老师真的很好，会仔细看你的心得并和你交流，我感觉也不卷发言之类的。强推！
207156,220,朱柏铭,2025-01-07 08:48:00,3,4,1,公共经济分析导论，讲得很好，但是卡绩了
207413,220,朱柏铭,2024-12-21 11:11:33,2,4,2,给分很差的
208074,220,朱柏铭,2024-12-25 12:51:11,0,0,0,老师人很好，但是很认真写的论文被卡绩了🥹
208168,220,朱柏铭,2024-12-26 04:48:25,4,5,1,朱老师真的很好，公共经济学是我到大二目前上过最喜欢的一门专业课，老师很有学识很有思想，对学生真的是一片真心，希望我们越来越好，因为老师也要退休了，以后不能再上到朱老师的课了，泪目
208713,220,朱柏铭,2024-12-31 09:23:55,2,3,1,感觉这老师有点像个老学究\n\n真的有点感觉像个老学究
209872,220,朱柏铭,2025-01-07 09:43:20,6,7,1,老师讲的很好，就是感觉出分了我有点失望，觉得成本和收益不太匹配
209876,220,朱柏铭,2025-01-07 09:55:12,7,8,1,好好好，喜提3.6，真是，给分求是
209916,220,朱柏铭,2025-01-07 15:59:47,3,3,0,真的是一门很好的通识课。\n\n老师上课挺好的，讲的很清楚，课后有什么问题也会耐心解释（感觉我真的问了很zz的问题）。\n\n作业是每节课后一篇感想，我平均每篇2000的样子。有认真思考在写，最后提交上去老师还专门钉钉私信我点评了一下。最后喜提4.8分，很满意了。
209963,220,朱柏铭,2025-01-07 14:47:03,1,7,6,性别刻板印象严重，地域优越感极强。自以为谦卑实则很爱炫耀，人越缺什么越喜欢展示什么，比如清高廉洁。产投比极其不合理的一门课，以后也不会有了。
209970,220,朱柏铭,2025-01-07 15:10:20,3,4,1,为什么我也是3.6……
210398,220,朱柏铭,2025-01-09 05:31:16,5,5,0,给分不好 也不知道评分标准
210910,220,朱柏铭,2025-01-10 06:28:26,3,3,0,朱老师退休快乐！课上的真的很好，给分的话大家说法不一。不过我自己是感觉投入和付出还是比较成正比的。总之朱老师真的是一位很好的老师，课很值得听。
211156,220,朱柏铭,2025-01-11 02:32:10,4,4,0,非常非常喜欢的老师，心得一定要用心写，结合自己的生活实际写，老师很和蔼，是我最愿意听的专业课了ww，朱老师退休快乐！
214251,220,朱柏铭,2025-01-30 23:41:03,2,2,0,退休快乐
214611,220,朱柏铭,2025-02-14 13:07:13,1,1,0,朱老师光荣退休!退休快乐！教诲伴一生，永远不会忘怀的老师
215102,220,朱柏铭,2025-02-21 08:14:52,0,0,0,【公共经济分析导论】这门课大致的情况其他评价也说了，还是强调一下，最重要的就是课后感想，一共7-8次课，每次课写一篇，期末汇总提交，作为唯一的给分标准。平时上课偶尔会随机点名，我们这个学期点过3次，每次10个人左右。\n\n\n\n\n\n关于期末论文，关键是要有真情实感，认真写。老师上课提到的概念和原理，可以结合生活中的正反例阐发一下，或者谈谈与其他学科的结合；一些经济学思维，比如成本效益分析，可以写写在生活中的应用；一些有争议的话题，辨析其中的各方观点。如果还是不知道写什么，老师上课会布置思考题，写写你的想法就可以了。\n\n\n\n\n\n至于字数，比较妥当的可能是每篇至少要1000字，以我个人经验来说，我通宵熬夜肝出 8000 字，从晚上10点干到早上6点，最后总成绩90/4.5，可能是例子为主，分析较少，但已经很满意了。我有一个同学写了16000字，最后也不过91/4.5。建议大家最好每节课后马上写，不要拖延，不然就要像我一样，熬夜补天。\n\n\n\n\n\n老师很好，《公共经济学》的教材就是他编的。他上课会讲很多例子和小故事，数学的东西不多，比较通俗易懂，但建议大家还是先学过，至少接触过微观经济学再来上这个课，不然有些图表是真的看不懂。朱老师很鼓励大家在钉群交流，可能会有bonus（？）\n\n\n\n\n\n最后，感谢老师为我普及了很多经济常识。祝老师退休快乐！
41277,250,张雪芳,2017-01-10 11:10:04,1,1,0,。。。
52044,250,张雪芳,2017-06-14 09:52:36,1,4,3,老师虽然没很多经验但教学态度认真，教材本身有很多bug那也没法子老师会给改过来的，书挺厚但学的只是一部分闭卷也别怂，期末考前还应学生请求画了重点为了不水得那么明显语速挺快所以平时还是注重下的好，点名就两次但最好别缺课缺了也许不知道哪个bug要改一改，说是有预修要求但本宝宝工科生一枚也没很怂而且银行会计学跟企业会计学的区别来去别去也不用考虑，老师为了给大家讲懂会举很多有用的例子认真听对增加常识还是很有用的，当然关键靠自己考前好好复习找点题练练重要的是学习体验不是么?
71907,250,张雪芳,2018-09-08 11:29:31,2,4,2,老师人很耐心和蔼，但是讲课不太有趣。
73889,250,张雪芳,2018-02-03 10:52:18,9,12,3,张雪芳老师的ppt有点差，同学做的ppt大概都要好一些。。还有
85134,250,张雪芳,2018-07-15 15:13:08,1,3,2,其实老师很棒 也一直在加入实证内容 希望行为金融多介绍一些前沿
85365,250,张雪芳,2018-07-17 09:07:22,4,9,5,这种无聊爆炸的课听不听无所谓的，点名到不到无所谓的，实验去不去报告写多少都无所谓的，唯一标准是那个乱七八糟的ppt一定要背好。对对对就是那个百度上可以查到的2012年上课用的和现在用的是一模一样的那个ppt。
90876,250,张雪芳,2018-11-27 02:50:44,2,2,0,'。。。
102529,250,张雪芳,2019-02-05 06:17:42,1,2,1,公司金融研究实际上什么都学不到，ppt也很无聊。最后赶死赶活靠自己写出一篇论文，给分真的不怎么样。感觉对非金融专业有点不友好。不推荐选个性，当然如果你想要写一篇论文，但是不在乎给分的，可以选。
104596,250,张雪芳,2019-03-25 02:23:54,2,3,1,老师真的很体贴很认真……
108955,250,张雪芳,2019-06-04 16:47:24,6,8,2,张老师人非常耐心和蔼，但就行为金融这门课程来说，内容有些过于基础，讲课也不算有趣，比较缺少前沿的内容，感觉更像一门通识而非专业课
114334,250,张雪芳,2019-07-09 22:29:23,1,2,1,讲课水平确实一般，不过对待学生挺和气的
119171,250,张雪芳,2019-11-11 03:52:24,3,6,3,我觉得老师人确实非常nice，但是讲课能力确实不怎么样，感觉研究生上的财务报表分析比我本科时候上过的课还……
138656,250,张雪芳,2021-07-10 06:33:34,14,16,2,上课很无聊完全不用听，期末背ppt即可。但是给分很精彩，考试题都背到了，实验报告也都认真写了，点名也全到，结果低的超乎想象2333
138701,250,张雪芳,2021-07-10 11:57:00,14,14,0,给分太差了我昏过去
155437,250,张雪芳,2022-06-12 16:31:57,6,6,0,上课真的很无聊，考试就是背ppt，这课我觉得放大一都行，但是没想到在大三推荐课表。不过做实验很有乐趣，老师也挺负责任
156879,250,张雪芳,2022-06-21 08:56:42,2,6,4,老师给分虽然确实一般。但是真的很认真负责，作业三次实验报告，有同学期末还是没交，老师开放补交，每天都@一遍同学，希望他们交，这样大学愿意追着你的老师真的已经不多了。
157252,250,张雪芳,2022-06-23 05:22:47,-8,5,13,给分差应该是因为简答题和分析题也需要背，大家不要只背概念了，后面的大题也很顶的，真的会扣很多。老师人挺好的
158006,250,张雪芳,2022-06-26 07:07:56,33,36,3,出分慢，给分差，水平低
158151,250,张雪芳,2022-06-27 08:12:43,23,23,0,觉得学得最好的一门课，结果绩点2.1，直接懵逼了，做梦都想不到这个结果，每一次平时作业都认真做了，期末考试也偏简单，答的很满，完全无法理解这个绩点。
175319,250,张雪芳,2023-06-23 16:00:40,5,5,0,背ppt的课一律差评。
177915,250,张雪芳,2023-07-05 11:24:34,3,3,0,这个给分认真的吗？？？？？？？
177918,250,张雪芳,2023-07-05 11:46:57,0,0,0,意料之中的差
177922,250,张雪芳,2023-07-06 03:43:39,3,3,0,水平低，给分差
177943,250,张雪芳,2023-07-05 16:20:35,-1,0,1,给分就正常水平吧，跟我预估差不多。点名略多，主要是这课怪没劲的，希望能别老点名了
177964,250,张雪芳,2023-07-06 01:08:51,1,1,0,蜜汁给分……
178001,250,张雪芳,2023-07-06 06:04:24,0,1,1,1、讲课非常非常拉… 是自己看书自己查资料能学好的程度 一些观点非常陈旧…\n\n2、能不能明确一下评分标准… 我不理解这个成绩偏差也太大了..
181076,250,张雪芳,2023-10-07 11:39:31,2,2,0,水平太低，ppt毫无逻辑
184007,250,张雪芳,2023-12-06 05:36:28,4,4,0,实验部分体验不错。上课就是朗读者模式。给分一般般。
195459,250,张雪芳,2024-06-28 06:37:31,3,3,0,朗读者张雪芳老师
195758,250,张雪芳,2024-06-30 01:46:26,10,13,3,点名  比较随机就点你一下。\n\n课程非常无聊，念PPT课，除了实验课有意思。实验报告分数不公示，也不知道谁批的，给了多少分？\n\n期末的题都是历年题超级简单，我按照PPT，自己对照着书做的笔记，98笔记，98历年题都复习一遍，考试把PPT内容全写上了，但是给分贼低于预期，群里没有谢谢老师可见一斑（哪个专业课的班出了分不是一堆谢谢老师？），不知道总体啥情况。\n\n综上一点也不建议选，努力无回报。\n\n虽然是气头上，但是感觉也比较客观，不适合刷分，要只想拿学分不在乎成绩还能试试。
195896,250,张雪芳,2024-06-30 14:46:17,2,4,2,个人觉得这门课因人而异，就是波动会比较大，或者用老师上课的观点就是部分同学都过度自信的认为题简单，我个人认为期末考还是比较有难度的，较历年卷多了两三个新题，不过给分波动确实夸张，周围几个室友和同学有99，97，感觉答题要求比较严格，越一字不差越有可能高分
197003,250,张雪芳,2024-07-11 04:11:28,2,5,3,行为金融上课毫无水平和质量，念PPT就不说了，讲的都是老掉牙的理论，理想中的行为实验课程应该多结合一些前沿的研究和文献，比如同学院的行为经济学\n\n\n\n实验部分也无力吐槽，最后一次竟然网络接近崩了，毫无管理水平，这么多的人数采用一个在线的实验系统合理吗？\n\n\n\n最后，给分的话不好但也没有差到离谱，但是作为学生还是希望成绩之外有所收获，不是为了上课而上课
204458,250,张雪芳,2024-11-26 04:30:24,2,2,0,讲课只会念PPT，给分差
208799,250,张雪芳,2025-01-02 05:11:27,3,3,0,水平差，给分烂，还喜欢点名，上课只会读PPT，研究生的课更是开设的毫无意义，每天上课不知所云
212739,250,张雪芳,2025-01-14 16:08:38,1,1,0,给分超级无敌差，又菜给分又烂
220645,250,张雪芳,2025-06-19 04:42:40,1,1,0,不给画重点，期末改多选十道，n道大题直接写飞。行为金融除了实验部分从头到尾都是一坨好吧
221772,250,张雪芳,2025-06-26 07:07:12,0,0,0,事情不多，但讲得不好，课程内容很杂，考前不划重点，连题型也没说清楚，考试的时候发现选择题全是多选，大题书写量巨大，给分算不上很糟糕但也不算好
221809,250,张雪芳,2025-06-26 11:02:45,0,0,0,这个学期转性了吗，给分还挺捞的
2106,280,黄燕君,2015-04-01 12:12:20,16,20,4,超级棒！欲罢不能！\n\n超级有魅力的一个老太太
2276,280,黄燕君,2015-04-16 07:57:00,4,5,1,干净，讲的清楚。
4668,280,黄燕君,2015-06-26 02:10:09,0,2,2,特别和蔼可亲
15379,280,黄燕君,2016-01-14 06:34:29,2,2,0,很不错，给分也好！
20937,280,黄燕君,2016-02-04 12:21:44,1,1,0,还想着选老师的课 看到消息说老师退休了
213383,288,夏瑛,2025-01-17 06:56:47,0,0,0,三个字
14725,351,康笛,2016-01-08 13:11:18,-1,4,5,哈哈哈
22470,351,康笛,2016-03-06 15:33:00,0,5,5,上课有点催眠
24118,351,康笛,2016-04-27 13:54:13,-1,3,4,好好好
25415,351,康笛,2016-06-25 09:08:05,1,4,3,老师上课节奏不快 虽然内容可能少点但是能有所收获
27361,351,康笛,2016-12-07 07:40:34,0,2,2,哈哈哈
30451,351,康笛,2016-07-01 15:28:45,-7,0,7,可能是新人的缘故，和经院其他课的步调有些不一致，上的内容也太过基础简单
30905,351,康笛,2016-07-03 01:35:03,3,6,3,外语教学的课堂老师会用中文再解释一遍，轻松易懂，课后作业不多，能真正收获知识～
31837,351,康笛,2016-07-05 03:53:11,-1,3,4,可能是新老师 上课节奏把握不够好 课堂内容也比较基础 而且给分也不好
31964,351,康笛,2016-07-05 08:45:27,0,2,2,认真负责，很多不明白的知识点都会耐心的解释。
32408,351,康笛,2016-07-06 14:14:20,0,3,3,感觉老师回邮件不怎么积极 好久才给回 有事问她知识她也要再去翻书
32435,351,康笛,2019-02-02 03:14:33,6,12,6,给分不好，但老师人真的很好
32698,351,康笛,2016-07-10 04:58:33,1,7,6,上的国际税收，感觉内容比较基础简单，换成中文讲不了一学期，但是这也不全是康笛老师个人原因，学院课程设置也存在问题，税收筹划、国际税收都可以并入税法，税法课时可以调整。康笛老师还是很nice的，讲得也很细，老师很萌啊，展示课还BG了，给分也很好，没怎么听过课，考前突击的，大题有的都瞎写，而且最后来不及了觉得写很烂没写完整，有些点没答上，最后还是4.5+
32955,351,康笛,2016-08-20 23:29:55,25,28,3,康老师和鑫爷的爱情，终究可以让一群单身?不说话了！
48152,351,康笛,2017-03-01 02:46:15,-1,4,5,废话多给分低
57256,351,康笛,2017-07-06 07:54:16,0,1,1,哈哈哈
57266,351,康笛,2017-07-06 09:41:02,-1,1,2,给分太无语了。老师人挺好的。
57299,351,康笛,2017-07-06 13:17:21,0,3,3,老师人很好，好好学绩点也不会低
102340,351,康笛,2019-02-01 04:16:48,3,6,3,康老师加油批卷子！
102361,351,康笛,2019-02-01 07:40:27,2,5,3,康老师加油加油批卷子！
102431,351,康笛,2019-02-02 02:07:21,0,4,4,老师太好了呜呜呜
102432,351,康笛,2019-02-02 02:08:24,0,5,5,给分好好 卷子都瞎做的还有这个分数
102442,351,康笛,2019-02-02 06:47:25,3,5,2,给分不好
121145,351,康笛,2020-01-20 00:48:03,2,5,3,女神康老师女神女神女神\n\n
128994,351,康笛,2020-12-28 05:18:37,0,1,1,BGBGBGBGBGBGBG
128995,351,康笛,2020-12-28 05:20:05,0,2,2,可爱！
132900,351,康笛,2021-02-04 16:47:37,0,5,5,感觉讲课水平有限，ppt也不知谁做的反正挺烂的，课后都要自己整理一遍，复习都要看自己笔记。但是人还不错，国际税收到现在还没改完卷子真的是有她的风格😂\n\n不过会请大家吃pizza哦，还是可以选的，毕竟老师还是很可爱
132951,351,康笛,2021-02-05 10:28:37,0,3,3,三次不定期小测，一次小组展示，内容不多，事也不多，全英文考试，难度也挺友好的，给分主要看考试吧，感觉挺好的。\n\n老师人挺可爱的，还会请吃东西，展示也有奖品，主要是课程本身设置得太简单了。
133161,351,康笛,2021-02-12 05:17:07,0,3,3,康老师太强了，bg全班，过年有红包，课程也不难，好好准备可以考得很好，老师也不吝啬给分的。看得出来老师很忙，有些挤占备课时间，但就认真程度、对学生的态度而言，绝对是好老师。
134936,351,康笛,2021-04-23 14:40:26,4,6,2,国际税收难度适中偏低，因为很多内容与其他专业课有重合。老师人非常好！！每节课会复习前一节课内容，老师性格超级可爱，最后还会BG（康老师好会搭衣服，想看老师衣柜ԅ(¯﹃¯ԅ)）
140528,351,康笛,2021-09-13 11:22:04,-2,2,4,好好好
150013,351,康笛,2022-01-18 09:27:04,1,4,3,老师真的绝好！给分也蛮好的，可能分数构成和以前不一样了（关国际税收）
167573,351,康笛,2023-01-17 11:50:00,2,6,4,康老师是天使吗！
167599,351,康笛,2023-01-17 14:05:47,0,4,4,大爱康老师！
167625,351,康笛,2023-01-17 23:37:30,1,4,3,康老师我的女神，期末认真复习，平时分给满了，直接给了意想不到的高分wwww
167669,351,康笛,2023-01-18 07:43:50,2,6,4,康老师你是我的神！国际税收给分超好！
167681,351,康笛,2023-01-18 09:20:44,0,4,4,老师人很好！
167747,351,康笛,2023-01-19 00:36:49,4,8,4,康老师人美心善
184277,351,康笛,2023-12-15 04:14:28,-5,5,10,作……
186921,351,康笛,2024-01-13 14:08:08,4,5,1,虽然今天考的国际税收没几题会的，但是真的好喜欢康老师/(ㄒoㄒ)/~~
189778,351,康笛,2024-01-28 17:21:06,3,4,1,线上组，考前疯狂补天+考场上两眼一黑，成绩出来居然还可以，康老师我爱你
209791,351,康笛,2025-01-07 06:13:58,9,9,0,康老师人很好～最后还会多开一次腾讯会议认真划重点，还说不然都是重点我们该失望了哈哈哈好可爱，试卷下面还会祝我们考试best luck很细节很走心诶～虽然自己学不咋样还没出分但觉得老师人特别好！
212558,351,康笛,2025-01-14 07:43:53,2,2,0,选就完了
212561,351,康笛,2025-01-14 07:56:02,1,1,0,考场上很多计算题都不太确定，但是居然还是给了满绩！老师教得很好，考前也会划重点～人美心善啊啊啊
212567,351,康笛,2025-01-14 08:04:42,1,1,0,康笛yyds！！国际税收课程内容不多，只是英文ppt有点吓人，如果是财政专业的同学只要认真复习完全不用担心！康笛老师人美心善，考前还视频划重点和答疑（非常有用），出分也超级好！而且有很多次线上课，总体课程占用时间不多，大家都来选！！
212573,351,康笛,2025-01-14 08:20:40,1,1,0,给分爆炸好，选他！
212581,351,康笛,2025-01-14 08:38:55,2,2,0,我的试卷对不起康老师给的分数😭
212585,351,康笛,2025-01-14 08:46:15,2,2,0,非常善良非常美丽的老师～kdjj以后你就是我唯一的女神！
212624,351,康笛,2025-01-14 09:51:39,1,1,0,永远的女神！
212633,351,康笛,2025-01-14 10:11:09,1,1,0,女神我将永远追随你…
212648,351,康笛,2025-01-14 10:36:28,1,1,0,海底捞，选康老师的课就对了(。ˇε ˇ。）
212652,351,康笛,2025-01-14 10:50:05,0,1,1,神中神，至少稍微学学都能有4.5
212662,351,康笛,2025-01-14 11:13:36,1,1,0,给分无敌
212694,351,康笛,2025-01-14 13:29:30,0,1,1,老师，我爱死你了、、海底捞啊啊啊、
6331,382,胡培战,2015-07-13 04:38:41,1,12,11,虽然事情少，但给分极不好
7171,382,胡培战,2015-09-09 13:53:16,12,17,5,仔细听他的课非常有意思。讲的非常实在生动。也很激情。
28575,382,胡培战,2016-06-28 10:34:06,25,31,6,老师讲课很好，人也很好，一开始还以为凶凶的，后来越来越觉得很令人尊敬的，而且根本就跟和蔼可亲～不知道给分怎样，成绩还没出那。
29328,382,胡培战,2016-06-29 15:14:37,4,6,2,老师对这门课程了解很有经验，考试也都是ppt上的，人很好
29840,382,胡培战,2016-06-30 11:30:46,0,0,0,啥时候出分呀\n\n
32398,382,胡培战,2016-07-06 12:55:09,2,3,1,讲课很生动。实验课是当场打分的，平心而论，至少给分标准是公开合理的。
51672,382,胡培战,2017-06-08 06:48:29,3,7,4,人如其名，上课攻击性太强，口音很醉，有一种谜一般的##田地伯伯气质
54572,382,胡培战,2017-06-29 16:02:52,4,5,1,老师很好，上课很有趣，除了简答题，考试简单一些。
55860,382,胡培战,2017-07-02 13:36:17,0,2,2,好老师，口音棒
55925,382,胡培战,2017-07-02 16:16:23,1,2,1,简答题考的很细，但是其他题还是简单的\n\n
56098,382,胡培战,2017-07-03 05:13:05,0,1,1,感觉老胡看起来很凶 但其实蛮有趣的 考试也不算太难 给分中规中矩咯
58084,382,胡培战,2017-07-29 02:50:40,1,2,1,老师人很有意思，看上去很严不过最后考试还是手下留情的
60201,382,胡培战,2017-10-13 01:07:25,12,12,0,这口音怎么过普通话测试的
61814,382,胡培战,2017-11-21 05:40:04,13,14,1,嗯，超好的一个老师，平时挺和善的，考试内容基本上是PPT上的和上课的内容，给分也大方，虽然口音有点迷，但是也架不住喜欢他的课
74950,382,胡培战,2018-03-07 00:15:34,7,7,0,这是我最喜欢的老师之一，真的学的到知识，比光念课件的老师强多啦，而且最后考试内容都是上课讲过的，给分也很好，只要认真听课，不怕没有好绩点
83193,382,胡培战,2018-07-10 02:01:55,1,2,1,老师很可爱！
83260,382,胡培战,2018-07-10 03:41:24,0,2,2,老师还挺萌的，平时听课不算认真，期末仔细复习了几遍ppt，还是可以的（国际贸易实务这门课留学生特别多）
83286,382,胡培战,2018-07-10 04:16:32,3,4,1,给胡老师疯狂打call！！！第一次查老师评论送给胡老师！！！老师人巨好！巨好！巨好！对学生也炒鸡好炒鸡耐心炒鸡温柔！讲课很搞笑〜(￣▽￣〜)（老师口音很戳人笑点~）考得也很简单，（是真的很简单，案例分析都是ppt上有的内容），只要平时上课认真在听都会做的。考试的时候大家有不清楚的还会给大家解释一下，最后给分也超好，没被卡，浓浓师生情！前几个礼拜去玉泉外经贸大楼，在外面太阳里坐着，碰到老师老师还邀请去他办公室凉快一点，虽然最后也没有过去，但是老师是真的(//∇//)好呀?
83338,382,胡培战,2018-07-10 07:04:36,1,1,0,可以说是个很好的老师了，给分也还好，考试只考PPT的内容，上过两次课了，口音可爱，人也耐心
84021,382,胡培战,2018-07-12 00:36:57,1,2,1,老师的课上真的欢乐特别多。虽然我周四一天的课，但是每次上他的课都觉得特别欢快。考试也很简单，复习了ppt的话肯定能考好。给分也很好，也没有卡我?，我真的超喜欢他的！！！为他疯狂打call? 感觉给10分都太少了！！！
107984,382,胡培战,2019-05-12 14:25:57,0,0,0,很好的
109940,382,胡培战,2019-07-10 01:39:30,-2,5,7,这老师真的是绩杀哦
114304,382,胡培战,2019-07-09 17:32:40,3,6,3,老师不错的，就是我以为内容不多，留给这门课复习时间有点少，就花一天多一点看了一遍PPT，
114359,382,胡培战,2019-07-09 23:43:29,0,2,2,老师人挺好的 就是最后没有充足的时间复习 这门课也挺适合当个性 PPT认认真真看一遍理解一遍 绩点就不会低了
117616,382,胡培战,2019-09-26 17:38:56,0,0,0,在浙大最喜欢的老师～讲的特别好！
119561,382,胡培战,2019-11-13 23:48:54,1,1,0,我爱胡老师！超级超级好?
119571,382,胡培战,2019-11-14 00:51:37,1,1,0,超级棒！
119595,382,胡培战,2019-11-14 03:53:56,1,1,0,感觉人很好 很容易亲近的感觉  上课内容也比较有趣
119774,382,胡培战,2019-11-15 20:56:37,0,0,0,老师上课真的太棒辽！！老师本人就是实践经验特别丰富的，会讲很多例子和知识点，又很幽默，听课真的超级过瘾，满满的干货。一学期点一两次名，有一篇调查报告自选，考试的话上课认真听，ppt上的内容看几遍完全没有问题啊。最后给分也很好，给老师打call！
121349,382,胡培战,2019-12-18 11:21:58,1,1,0,老师超级好，选他选他就是他！！！！！
127806,382,胡培战,2020-11-27 08:39:15,0,1,1,我满了谢谢老师！！！呜呜呜呜\n\n外贸商品学这门课还是挺有收获的，老师人也很好！！！
138885,382,胡培战,2021-07-11 13:51:41,-25,1,26,老师上课很拽，老实说国际贸易实务这门课教授的东西就是过时的外贸知识....虽说是实务课，但是现在国贸学生真的还有就业去外贸的吗？这门课以及实验课的意义在哪？不过考试看完了ppt做了几套题之后还不错，老师给分也可以。
139133,382,胡培战,2021-07-13 03:51:45,1,2,1,老头儿还不错！！
175969,382,胡培战,2023-06-27 09:48:16,7,7,0,出分了，给发比较求是，以总分80分为平均分调分，但是80分其实也……反正我不是很满意这个绩点吧，上课还是很好的，认真听认真整理肯定有收获
175977,382,胡培战,2023-06-27 10:05:50,2,3,1,实务课和实验课都是需要付出精力的课程，要拿高分两门课都得和打仗一样学🫡最终结果也令我很满意了，努力有对等的回报～感谢老师～
177089,382,胡培战,2023-07-01 15:23:16,3,4,1,上课很好，但是给分有待优化\n\n太求是了
181498,382,胡培战,2023-10-19 08:43:46,3,4,1,老头多出去看看外面的世界。别什么都怪学生，对学生的行为表示不理解\n\n搞得好像学生非想读这个b研，出这个b国不可。
185806,382,胡培战,2024-01-04 13:22:51,-1,0,1,很喜欢老师的性格！没有那种高高在上的边界感，很接地气的老师~
188687,382,胡培战,2024-01-19 14:16:50,-1,0,1,选择题考太细了 尤其多选
189759,382,胡培战,2024-01-28 12:10:51,0,0,0,贸易实务，讲得好！学到很多
193370,382,胡培战,2024-06-07 12:31:25,8,9,1,我请问一下国际贸易实务实验这门课的设置到底是什么鬼，遇到傻逼队友，自己再怎么卷也拿不了高分
214252,382,胡培战,2025-01-30 23:42:11,0,0,0,老师马上要退休了
220632,382,胡培战,2025-06-19 04:04:58,6,6,0,国际贸易实务实验，国际贸易实务两门垃圾课...
220660,382,胡培战,2025-06-21 01:43:53,0,0,0,老师上课口音有点重，但是人很可爱，解答同学们的问题也很耐心！贸易实务最后考试考的几乎全是练习册上面的原题，感觉在上贸易实务之前可以修一下国际结算，不用听老师上课讲的自己按照PPT认真看认真学，不会的去问老师也够了，老师给分也很好！（而且23级之后实验课取消必修要求了可以不修的
221005,382,胡培战,2025-06-20 16:00:27,1,1,0,国际贸易实务实验课纯粹大大坐牢课，每节课和全班同学一起恶性竞争，没有最卷只有更卷。最后成绩评定也极其不公平，前两次辛辛苦苦做的分数还不如别人最后一次随便做一下的分数要高，666
5563,386,徐志,2015-07-08 09:20:43,13,21,8,小组作业有点多哦
14836,386,徐志,2016-01-10 02:30:46,3,9,6,挺可爱的老师哈哈哈哈哈
19447,386,徐志,2016-01-24 08:40:47,0,3,3,很好的老师，讲得很细。
28746,386,徐志,2016-06-28 13:51:04,5,9,4,真的挺不错的。想想当年上课的时候大家都坐在后排玩手机，老师却什么也没说，心里还是很愧疚的。
32246,386,徐志,2016-07-06 04:50:15,1,1,0,………
32249,386,徐志,2016-07-06 04:51:30,0,1,1,额。自己体会 用心感受
44486,386,徐志,2017-01-18 01:17:33,-3,9,12,平时水的一逼，没有干货，一到考试要求贼严，让你把一本书都背下来，也不想想自己教了点啥。最差的专业课体验，没有之一
47180,386,徐志,2017-01-24 10:17:52,1,3,2,老师很好啊 干货满满 平时没有专心学好可惜，考试周复习还是收获很多
47193,386,徐志,2017-01-24 11:20:26,2,4,2,税务老司机，还是挺负责的！
48499,386,徐志,2017-03-06 06:37:05,0,2,2,挺好的，会联系时事。
54527,386,徐志,2017-06-29 13:47:34,3,5,2,老师人超好，而且感觉好像很老司机很神秘莫测，上课也比较幽默～
55963,386,徐志,2017-07-02 22:45:22,4,4,0,汪汪。。。
56825,386,徐志,2017-07-04 17:02:09,5,5,0,讲得好。给分差，感觉歧视外专业同学。
65678,386,徐志,2018-01-08 07:36:35,-3,1,4,徐志老师真的很好，对学生很认真，有什么问题都会回答。自己期末不好好背书，得分差怪老师吗？
71903,386,徐志,2018-01-29 05:18:50,1,1,0,老师很和蔼 讲的也很好
72295,386,徐志,2018-01-30 00:06:28,2,2,0,很可爱的老师。。税法课要认真听啊，老师会时时提示重点，很重要
81794,386,徐志,2018-07-06 07:48:43,5,6,1,你哪立的啊？杭州哪立的啊？
84698,386,徐志,2018-07-13 14:45:16,2,2,0,无话可说哦…是我get不到老师吧…
84851,386,徐志,2018-07-14 05:11:51,4,4,0,口音听不惯 然后这门课（本身)是真的很无聊。最后 我大概知道之前评论里说老师歧视外专业学生是什么意思了。
98097,386,徐志,2019-01-23 05:18:35,8,8,0,徐大哥！税法真的太多了
102441,386,徐志,2019-02-02 05:46:58,5,5,0,假如世界没有税法…\n\n是很好的老师，但税法这门课真的很无奈
102966,386,徐志,2019-02-25 06:37:02,0,0,0,老师很好，上课会提示重点，我是外校外专业的，老师也没有歧视我，给了高分。税法还是要好好听，做习题，自己努力。
133017,386,徐志,2021-02-06 08:52:05,3,3,0,税法\n\n一学期一两次点名，一篇论文，闭卷考试。\n\n主要的考点老师上课会提示，就看你有没有认真听了。税法还是挺重要的一门课，平时要好好学，不然期末会看到崩溃的，真的有点多。还好考试难度不算大，老师给分也不错。
133023,386,徐志,2021-02-06 12:07:11,1,2,1,老师是好老师，平常没努力，结果不太好，下辈子一定好好学。
155333,386,徐志,2022-06-11 04:26:32,11,11,0,政府预算管理 \n\n平时任务真的很重很重很重很重
155348,386,徐志,2022-06-23 06:30:57,9,10,1,政府预算管理，课比较水，事有点多。老师说过工作量是分数的一个评判标准，感觉有点鼓励内卷的意思。愚以为大学的意义就在于合理分配时间，自主选择进步的方向。但是在课程内容略显空泛的前提下，老师鼓励学生在课程上消耗时间，这可能有点不恰当。或许可以挖掘一点有趣的东西？比如政府与市场的边界，土地财政的经济逻辑这种比较实际又有深度的话题，在此基础上有引导地布置一些任务，那学生就会真正体会到课程的意义，体会到一份探索一分收获。\n\n老师其实人还是不错的，师德师风很端正，也会有很多关心学生的考量，但是课程安排上可以更有进步。实话说，这门课让人感觉像公务员培训班，而不太像经济学院的基础课，虽然财政是偏实务的一个专业，但理论功底也是很重要的嘛！
155376,386,徐志,2022-06-12 01:32:02,-3,2,5,最喜欢听徐老师分享人生经历和官场见解了，挺有意思的
159913,386,徐志,2022-09-09 01:49:23,0,2,2,徐老师人很好的
178252,386,徐志,2023-07-09 01:00:46,4,4,0,政府预算管理，全程读PPT的无营养水课，点名，鼓励恶竞，平时两次（有的小组三次）展示，一次作业，一篇论文，期末开卷考。课上常吹牛自己某某同学是什么大领导，官本位思想浓厚
198801,386,徐志,2024-09-11 23:23:58,0,0,0,退休了
284,391,周黎明,2017-11-22 10:23:20,311,333,22,男神
576,391,周黎明,2017-11-22 10:23:16,452,491,39,上课很风趣
942,391,周黎明,2015-03-19 10:48:43,12,40,28,我被正态了=_=
1124,391,周黎明,2015-03-21 16:14:14,78,91,13,幽默风趣
1341,391,周黎明,2015-04-02 08:26:19,35,46,11,极上课其生动
1406,391,周黎明,2015-03-22 01:55:17,56,60,4,每次上课没位子
1708,391,周黎明,2015-03-23 10:38:45,35,39,4,上课很风趣，讲的内容也非常有意思
1738,391,周黎明,2015-03-24 01:50:25,164,180,16,老师帅，上课也很有趣，五星好评
1776,391,周黎明,2015-03-24 11:40:23,47,53,6,享受
1968,391,周黎明,2015-03-27 06:40:52,130,150,20,爽。能听到很真实的案例！！
1991,391,周黎明,2015-03-28 04:57:09,118,130,12,超级爽，学到好多。爸爸说想来蹭课，哈哈。
2001,391,周黎明,2015-03-28 10:34:20,1,3,2,爽，老师人很好
2191,391,周黎明,2015-04-07 08:28:18,0,2,2,幽默风趣～爽
2214,391,周黎明,2015-04-09 06:34:05,5,7,2,颇有魅力。
2369,391,周黎明,2015-05-12 08:15:59,153,174,21,老师简直男神，至今给我的分是我所有科目里最高的，学渣暴露了。。
2527,391,周黎明,2015-06-18 04:43:18,11,14,3,人好！
2550,391,周黎明,2015-05-04 13:52:45,10,12,2,是一种飞一样的感觉
2592,391,周黎明,2015-05-04 15:48:37,194,216,22,原来懂法律的人这么帅！每次上完周老师的课，总想找一个学法律的好男人嫁了！
2611,391,周黎明,2015-05-04 17:15:39,260,284,24,超级棒！！老师自己也是律师，所以有非常多案例可以分享，上课的案例都非常经典有趣，把法律讲得浅显易懂，刷新了我对法律的认知和印象！确实学到很多有用的经济法常识
2713,391,周黎明,2015-05-06 03:19:12,1,5,4,男神！\n\n
2957,391,周黎明,2015-05-11 16:06:03,6,29,23,好难过啊，分数好低。。。
3597,391,周黎明,2015-06-17 01:46:40,8,30,22,课讲得很好。。然而分低【心塞】
3669,391,周黎明,2016-09-21 10:35:11,6,10,4,我就是喜欢
3783,391,周黎明,2015-06-17 04:13:38,2,2,0,轻松有趣
3853,391,周黎明,2015-06-17 06:25:04,3,4,1,人格魅力\n\n
3943,391,周黎明,2015-06-17 10:47:50,0,2,2,男神老师 讲课风趣幽默 有很多有意思的案例 但是我被正态了…
4186,391,周黎明,2015-06-18 03:35:14,7,9,2,很好！经常去蹭课 百听不厌
4260,391,周黎明,2015-06-18 11:28:53,3,6,3,超级好
4327,391,周黎明,2015-06-19 04:05:01,6,7,1,上课经常讲自己经历的案例，听起来也很有趣。考试开卷，给分还不错。
4632,391,周黎明,2015-06-25 09:30:01,1,3,2,很棒
5066,391,周黎明,2015-07-03 05:36:49,1,2,1,棒！
5152,391,周黎明,2015-07-05 09:21:50,1,1,0,有趣~
5319,391,周黎明,2015-07-06 14:47:45,2,3,1,老师讲的很好，幽默有干活，不过被正太分好低，好心痛
5945,391,周黎明,2015-07-10 03:24:18,30,34,4,瞬间爱上学法律的男生
5957,391,周黎明,2015-07-10 04:09:54,3,5,2,超棒，绝对良心老师
6079,391,周黎明,2015-07-10 18:06:07,0,1,1,好
6260,391,周黎明,2015-07-12 12:15:41,-6,4,10,被正太了= =
6296,391,周黎明,2015-07-12 22:57:55,3,4,1,非常好的课，学到很多，上课幽默，给分很好
6671,391,周黎明,2015-07-18 04:02:34,1,6,5,呵呵了考试
6944,391,周黎明,2015-08-22 17:53:36,4,6,2,上课很有趣，课堂上总是欢笑。也学到了很多东西。
7743,391,周黎明,2015-09-15 11:23:08,2,3,1,好课好老师，美妙别错过
7813,391,周黎明,2015-09-15 13:48:41,2,4,2,男神老师，给分也不错，上课超级有趣
7843,391,周黎明,2015-09-15 14:53:06,1,1,0,非常有趣 有很多工作中的经验分享 毕竟是律师。
7960,391,周黎明,2015-09-16 08:42:18,1,2,1,很棒哦！
8121,391,周黎明,2015-09-17 05:37:45,0,1,1,很喜欢
8181,391,周黎明,2015-09-17 10:08:51,1,2,1,讲课好，给分好，周老师最帅了
8903,391,周黎明,2015-09-30 06:14:29,3,4,1,最有趣的一门通识
10312,391,周黎明,2015-11-18 05:12:37,4,5,1,很有趣，至今为止最有意思的通识课
11195,391,周黎明,2015-11-25 06:42:40,1,2,1,很优秀的老师
11501,391,周黎明,2015-12-03 01:05:05,4,6,2,男神！！！去晚了就坐不到前排，好桑心≥﹏≤～
12496,391,周黎明,2015-12-23 11:39:47,6,7,1,老师讲的太好啦～风趣幽默
12888,391,周黎明,2015-12-24 07:28:55,9,14,5,风趣就不用说了，感觉真的有学到东西，难得的好课
15498,391,周黎明,2016-01-15 01:01:41,-8,0,8,上了他的国商法 还行吧。平平淡淡
16601,391,周黎明,2016-01-18 13:27:26,2,2,0,老师又帅又幽默！简直了！男神！
17218,391,周黎明,2016-01-20 01:37:36,0,1,1,大男神啊～～
18317,391,周黎明,2016-01-21 12:39:51,1,2,1,考试太难了
18342,391,周黎明,2016-01-21 13:00:17,5,11,6,期末卷子好难。。
21640,391,周黎明,2016-02-29 11:30:19,1,4,3,非常有意思
21643,391,周黎明,2016-02-29 11:48:44,3,3,0,很喜欢\n\n
21645,391,周黎明,2017-01-20 06:26:06,20,24,4,超有趣！虽然考试是案例题有点难，但是认真听课真的可以学到很多！不水！
21666,391,周黎明,2016-02-29 13:28:06,14,20,6,强行满分安利一波，听了课你就知道了。
22119,391,周黎明,2016-05-03 13:49:50,16,24,8,才学兼优，文质共彰
22273,391,周黎明,2016-03-03 07:05:59,3,3,0,上课有趣
23953,391,周黎明,2016-04-22 07:28:36,4,5,1,男神\n\n
24051,391,周黎明,2016-04-26 07:20:16,1,5,4,通识课经济法考试，需要上课听，不听的话，就会考不出....真的，光听不够记下来的话就会很爽噜
24528,391,周黎明,2016-05-01 06:18:37,0,0,0,。。。
24770,391,周黎明,2016-05-03 12:53:19,4,6,2,超级棒，能选上这门课是我的荣幸哈
24778,391,周黎明,2016-05-03 14:00:54,-12,3,15,啊，老师上课非常有趣！绝对适合去蹭课的！但！不适合选课！因为考试很难而且给分不大好
24781,391,周黎明,2016-05-03 14:31:34,1,1,0,好好好
24783,391,周黎明,2016-05-03 14:47:06,48,56,8,给分真的太负责任了。更重要的是真的能学到一些东西，这在浙大这么大量的通识课中真的很难得。
24786,391,周黎明,2016-05-03 15:17:40,3,6,3,这么好的老师已经不多了。真的
24788,391,周黎明,2016-05-03 15:39:19,1,5,4,收获很多 老师上课幽默风趣 有一种特殊的魅力
24874,391,周黎明,2016-05-04 06:02:54,1,2,1,男神哦
25003,391,周黎明,2016-05-04 23:58:08,14,20,6,上课案例多，感觉就是不停地讲段子，学到很多，人风趣，最后一节课一堆人找老师签名。当然也有枯燥的部分这部分想考好就要好好听，给分会不错的。
25203,391,周黎明,2016-05-08 01:41:39,2,2,0,课非常棒，但是分数【望天
25278,391,周黎明,2016-05-09 07:30:01,2,5,3,炒鸡有趣，每次讲案例都跟听评书一样，上过的最棒的通识课，没有之一！
25957,391,周黎明,2016-06-14 14:34:40,8,9,1,绝对好客，上课听下课把书看一遍，最后给分绝对不低，平时没事，最后一节课抢着让老师在书上签名，都排队
26389,391,周黎明,2017-10-09 05:42:20,87,97,10,老师文质彬彬 谈吐风趣优雅 读书多并且擅长用于实际 见过很多事但三观很正 虽然我分数不高但老师课真心好！第一次来学习帝评论，是那种暴雨天气教室里座无虚席后面还有人站着旁听的课！很有趣，本来很迷法学的，听完课完全爱上
26739,391,周黎明,2017-03-01 04:35:46,2,3,1,风度翩翩，儒雅博学
27071,391,周黎明,2016-06-22 15:37:31,3,4,1,课堂质量真的超高 离婚案例听得很爽 事情也很少 考前会把内容给你 好好准备就行啦
27488,391,周黎明,2016-06-26 13:40:22,1,2,1,上课案例多，比较认真，学到干货
28095,391,周黎明,2016-06-28 08:06:12,4,5,1,非常好
29277,391,周黎明,2016-06-29 14:04:07,1,2,1,男神！！
29479,391,周黎明,2016-06-30 00:50:42,3,3,0,上过他的课，又上了沈老师大类课的经济法，觉得，讲经济法的老师都是男神，都是男神！
30158,391,周黎明,2016-07-01 04:10:17,1,4,3,知识渊博又有情怀 关键还是个很厉害的律师！
30332,391,周黎明,2016-07-01 09:42:27,1,3,2,有趣干货多，还尽量会把分打高
30403,391,周黎明,2016-07-01 13:26:42,5,5,0,男神，讲课特别棒，给分更加好，强推！
30404,391,周黎明,2016-07-01 13:29:35,3,4,1,好老师，法律能讲这么好的老师少见。
30410,391,周黎明,2016-07-01 13:41:27,4,6,2,应该是进浙大以来听过的最精彩的课，好好考试的话给分也很赞，拿到4.5了
30413,391,周黎明,2016-07-01 13:43:05,0,1,1,可水可听，讲得好，人好，就是即便考试开卷，复习也的确得好好复习。
30441,391,周黎明,2016-07-01 15:14:01,4,6,2,满级了满级了
30544,391,周黎明,2016-07-02 01:41:39,1,3,2,讲课生动，获益匪浅，给分也是尽力给好，虽然有正态。
30777,391,周黎明,2016-07-02 12:51:52,5,5,0,好听到忘了水手机！！！！！
30975,391,周黎明,2016-07-03 05:11:11,9,14,5,周老师很幽默的，案例讲的超好，对最后考试很有帮助，考试有一点难，但大家都考得很好，老师想给我们高分，无奈教务系统要求正太，最后老师42.6%的优秀率提交不上去了。
32229,391,周黎明,2016-07-06 03:54:23,2,3,1,上课特别有趣，案例很多，不少法学专业的学生在听。考试的话还是要好好复习的，给分很公道。
32553,391,周黎明,2016-07-07 16:29:35,0,1,1,男神 长得很儒雅 上课也好玩
32564,391,周黎明,2016-07-08 00:22:53,5,6,1,话不多说 爱老师：）
33015,391,周黎明,2016-09-10 05:16:46,6,8,2,最最喜欢的老师，幽默风趣人品好，上他的课能愉快地吸收知识，给分不错
33213,391,周黎明,2016-09-16 01:36:10,2,4,2,只要认真听，分就很高呢，老师直接给我满了 太好啦
33453,391,周黎明,2016-09-19 11:32:15,3,4,1,开故事会啊啊啊，男神
33454,391,周黎明,2016-09-19 11:36:07,1,1,0,老师很风趣
33462,391,周黎明,2016-09-19 12:04:52,2,5,3,享受。爽。愉悦
33480,391,周黎明,2016-09-19 13:45:20,3,5,2,全课高潮迭起，笑声和掌声并发，座无虚席，赞!
33534,391,周黎明,2016-09-20 03:18:05,1,4,3,唯一一门不想旷的课
33597,391,周黎明,2016-12-29 04:50:15,9,13,4,认真上课真的能学到很多以后用的到的干货，虽然考试有些是司法和注会题但老师真的很尽力给我们高分，而且平时作业的压力也不大。强推！！！
33777,391,周黎明,2017-03-13 09:29:14,7,8,1,超级棒
34035,391,周黎明,2016-09-26 02:54:23,3,4,1,浙大男神！！！
34075,391,周黎明,2017-04-17 12:00:38,1,1,0,哈哈哈好老师
34211,391,周黎明,2016-09-28 11:27:05,4,5,1,就是来旁听也很爽\n\n
34213,391,周黎明,2016-11-09 11:58:58,114,122,8,就因为男神对我笑了。。。一直脸红了半小时
34445,391,周黎明,2016-10-10 12:29:59,1,2,1,离婚律师
34547,391,周黎明,2016-10-13 07:13:02,5,9,4,先给了老师满分...希望不被正态啊啊啊
34778,391,周黎明,2016-10-21 14:45:40,7,11,4,好老师！不要背后放枪！鸣人不装暗逼！鸣人不放暗枪！我是边淞，我爱你❤️
34791,391,周黎明,2016-10-23 02:35:16,4,6,2,让一个纯纯的理科生有了去学法学的冲动
35178,391,周黎明,2016-11-04 01:05:31,3,6,3,讲案例的时候有趣到爆炸
35198,391,周黎明,2016-11-04 16:33:25,1,2,1,真的很有趣，老师简直是男神
35256,391,周黎明,2016-11-07 11:13:08,2,2,0,很风趣很好玩
35268,391,周黎明,2016-11-07 12:24:12,0,1,1,好好好\n\n
35269,391,周黎明,2016-11-07 12:25:20,2,3,1,老师太棒了，人很好，大家抓紧选课。老师说以后要减少开课了
35270,391,周黎明,2016-11-07 12:29:11,4,6,2,完美\n\n
35287,391,周黎明,2016-11-07 13:39:18,15,17,2,从没觉得法律可以如此有趣。\n\n幽默风趣的老师，\n\n上课经常给大家讲自己打的官司，\n\n让你在捧腹大笑中学到法律知识。\n\n强烈推荐。
35407,391,周黎明,2016-11-10 07:13:16,1,3,2,超棒的
35422,391,周黎明,2016-11-10 07:15:05,1,4,3,周老师的课真的有趣 老师人也很好 上完了课还不舍得他
35490,391,周黎明,2016-11-10 07:21:25,12,12,0,声音和三观一样正，课堂和人格魅力一样精彩
35497,391,周黎明,2017-01-16 17:01:20,1,4,3,建议旁听，如果要修他的课，感觉绩点不会很高，基本看分数，你期末考几分就给多少绩点，我只有3.9……
35532,391,周黎明,2016-11-10 07:24:35,24,27,3,经济法通识课真的非常非常好，是我通识课里面最喜欢的了QAQ好可惜为什么只上一个学期...案例很风趣！一节课都舍不得缺，每次还会去占前排的位置ww
35585,391,周黎明,2016-11-10 07:29:23,6,9,3,永远满座的课～真的是非常棒的课！不仅能学到好多东西而且老师是真男神欸qwq！！让我这个进了金融的人好想去学法学…可惜只有一个短学期的课qwq！
35658,391,周黎明,2017-03-29 04:43:58,26,29,3,选上他的课的人真是三生有幸。
35675,391,周黎明,2016-11-10 07:43:26,4,4,0,超级棒！故事好多，上课听得超开心，还能学到有用的东西(≧▽≦)
35676,391,周黎明,2016-11-10 07:43:44,13,15,2,最后一节课大家都冲上去要签名啊要合照，很难想象做老师竟然能到这样的程度，现场气氛火爆像签售会～强烈推荐大家去上他的课，蹭课也好！讲解十分细致，并且会在知识中穿插各种经典案例QAQ老师你为啥不多开一些课啊～考试开卷，上课不点名但一直都是满座你想抢前排那得5点半就到教室才行。以上。
35696,391,周黎明,2016-11-10 07:47:15,79,84,5,老师讲课很有趣，考试开卷。最后一节课结束后讲台上围满了人，不是答疑，是求签名。?
35698,391,周黎明,2016-11-10 07:47:53,2,3,1,周老师法学男神!
35719,391,周黎明,2016-12-13 09:24:24,9,13,4,很棒！完全不想水手机
35774,391,周黎明,2016-11-10 08:06:14,5,6,1,很有趣的老师，讲的是真正有用的东西，为人也很随和～最后还要到了他的签名hhh
35804,391,周黎明,2016-11-16 23:56:58,3,5,2,男神啊，课超好超有趣
35849,391,周黎明,2016-11-10 08:29:49,47,54,7,只知结束时非常不舍 一般也不会来评价老师 特意来送上10分
35863,391,周黎明,2016-11-10 08:34:37,3,3,0,讲的好\n\n
35919,391,周黎明,2016-11-10 08:53:12,1,3,2,故事超多超好玩，老师太有魅力了\n\n
36074,391,周黎明,2016-11-10 11:35:29,1,1,0,会讲很多奇葩案例，很好玩
36110,391,周黎明,2017-01-17 12:58:29,3,4,1,老师人超好，上课生动有趣有干货，平时事不多，就一份合同，期末考也简单。
36239,391,周黎明,2016-11-11 07:41:29,1,2,1,周老师真的很有魅力   自己当律师的案例十分生动
36251,391,周黎明,2017-04-17 12:00:23,4,5,1,很享受，超会讲课的
36265,391,周黎明,2016-11-11 11:03:24,0,2,2,6666666666666666666666666666666666
36324,391,周黎明,2016-11-12 01:25:56,5,6,1,上课很风趣 非常棒的老师
36375,391,周黎明,2016-11-12 14:03:09,11,15,4,短头发的用飘柔有一种柔顺的感觉
36379,391,周黎明,2016-11-12 15:31:42,1345,1417,72,“我从来不看那些电视剧，因为我打的官司远远比剧情来的离奇曲折”
36430,391,周黎明,2017-01-15 14:30:50,3,5,2,老师讲课很有趣…真心不讲考试内容…考试真心不会不能怪我…感觉被正态到绩点最低的那部分了
36473,391,周黎明,2016-11-14 04:46:56,2,4,2,很真实，很实用
36533,391,周黎明,2016-11-14 15:51:59,2,3,1,提前半小时才能抢到位置
36712,391,周黎明,2017-01-17 23:33:59,1,1,0,好！好！好！
36930,391,周黎明,2016-11-16 15:00:22,1,3,2,超级棒
36933,391,周黎明,2016-11-16 15:06:37,2,2,0,有趣 有干货
36937,391,周黎明,2016-11-16 15:15:43,6,7,1,老师真的讲的很有趣！本来还担心这门课会很枯燥，但事实上案例解析非常生动！作业也很轻松，上课不点名，考试开卷而且范围会在最后一节课非常清晰的给同学们划出来，精确到页。\n\n老师真的很有魅力，我上完网球累的半死都从来没翘过课，即使不点名。
36940,391,周黎明,2016-11-16 15:28:39,3,4,1,老师上课幽默风趣，有不少案例，干货很多，听课是一种享受。课程任务比较少，考试内容大多讲过，书上也都有。
36941,391,周黎明,2016-11-16 15:20:47,1,5,4,上课有趣，作业少，给分好。?点4.8。认真听能收获很多
36945,391,周黎明,2016-11-16 15:43:32,4,4,0,挺好听的，学的东西也有用。考试的话，认真复习分不会低。
36947,391,周黎明,2016-11-16 15:50:36,3,4,1,简直是享受
36948,391,周黎明,2016-11-17 13:35:27,1,2,1,讲真有趣有趣！
36950,391,周黎明,2016-11-16 15:53:42,1,2,1,挺有趣
36954,391,周黎明,2016-11-16 16:04:11,2,3,1,作为一门通识课作业很少，内容丰富，上课能了解很多实用的知识，也能听一些小说一样的案例，给分也不错，只要上课认真听，考试就很容易。
36977,391,周黎明,2016-11-17 02:09:19,2,2,0,很有意思
37038,391,周黎明,2016-11-17 07:11:43,4,4,0,很喜欢
37124,391,周黎明,2016-11-17 13:33:24,3,4,1,男神啊绝对，就是给分低了……
37127,391,周黎明,2016-11-17 13:42:53,1,4,3,老師上課認真\n\n不過我最後拿只拿3.9\n\n
37130,391,周黎明,2016-11-17 13:46:38,5,6,1,大一到现在感觉最好的通识课，老师课讲的让你都没有心思水手机。
37132,391,周黎明,2016-11-17 13:48:19,1,3,2,非常赞！绝对男神！
37136,391,周黎明,2016-11-17 14:02:02,1,2,1,周老师上课很好，严谨而不失幽默，但据说以后会减少课时，诸位抓紧
37149,391,周黎明,2016-11-17 15:01:51,2,3,1,爽爽爽爽爽爽爽
37161,391,周黎明,2016-11-17 15:45:16,1,3,2,莫名被正态  抱歉我很努力的复习。。。。
37176,391,周黎明,2016-11-17 23:45:08,2,4,2,男神，绝对男神
37202,391,周黎明,2016-11-18 01:53:13,1,1,0,周老师人生阅历不能再丰富。
37449,391,周黎明,2016-11-19 01:23:03,1,3,2,绝对男神
37775,391,周黎明,2016-11-21 03:04:53,4,5,1,老师真心讲课赞！给分也赞！
37908,391,周黎明,2016-11-22 02:45:23,1,2,1,超级好玩
37978,391,周黎明,2016-11-22 14:44:54,2,3,1,老师超级风趣帅气哒~上课讲案例讲多了，书上内容都有些匆忙了不过这不重要！最后有划重点，还是要好好看一遍书的，题目很多都是上课讲到的，认真一点给分很好嚄
38102,391,周黎明,2016-11-24 07:51:26,1,2,1,有意义，值得听
38264,391,周黎明,2016-11-28 13:00:37,2,2,0,老师很幽默
38426,391,周黎明,2016-12-04 13:26:08,2,3,1,引人入胜
38458,391,周黎明,2017-01-10 06:05:46,3,4,1,真的真的是男神级别的，超级喜欢老师啊！老师给同学签名还会写上一句话真的真的好感动！上课听老师讲案例很有趣！
38701,391,周黎明,2016-12-15 05:48:31,3,3,0,棒\n\n棒哒\n\n
39114,391,周黎明,2016-12-21 08:03:32,6,6,0,666经济法必选
39171,391,周黎明,2016-12-21 12:25:51,0,0,0,周老师是一位有很多故事和秘密的男人
39296,391,周黎明,2016-12-22 03:43:27,4,4,0,这老师6的不行，案例一个接一个，上课很有趣，也很好过，一份做合同的大作业，还有就是开卷的期末考，还蛮简单的
39329,391,周黎明,2017-01-09 12:27:00,5,5,0,很风趣，很有魅力
39370,391,周黎明,2016-12-22 08:19:55,1,4,3,料超级多 上课一个案例就只把我眼泪笑出来
39376,391,周黎明,2016-12-22 09:18:34,4,5,1,超有趣
39785,391,周黎明,2016-12-27 12:55:25,7,7,0,满分老师，上课很有趣而且干货真的多，考试开卷，基本都是上课讲过的东西，上课绝对不会无聊
39824,391,周黎明,2016-12-28 02:07:01,7,9,2,通识课，大教室，提前1个小时去占座，上课不敢开小差，太实用，考试前复习了一天开卷而且案例基本都分析过，给分好，想再上
39826,391,周黎明,2016-12-28 02:15:40,5,6,1,第一次觉得文科老师这么帅，想找一个学法律的嫁了\n\n
39955,391,周黎明,2017-01-15 07:51:12,1,2,1,上课享受，考前注意事项
39980,391,周黎明,2016-12-28 11:58:08,3,5,2,简直完美，段子多【不，案例】
41963,391,周黎明,2017-01-13 10:10:53,22,26,4,大一的时候上了老师的课，如今快要毕业了，还是能记得当时的情景。周老师真男神，他的课是我唯一不走神听下来的，讲的很多东西都能让人感同身受，让我一个工科生都有了改学法律的想法了
43065,391,周黎明,2017-01-15 15:42:31,2,2,0,老师男神
43722,391,周黎明,2017-01-17 01:20:10,2,2,0,好好好 好老师！
43937,391,周黎明,2017-01-17 06:47:02,2,3,1,好老师，生动的课堂给人留下很深的印象
44247,391,周黎明,2017-01-17 13:04:24,4,5,1,超级棒的老师
44258,391,周黎明,2017-01-17 13:20:19,5,5,0,很幽默风趣的老师，讲课事例很多，课间还有自带的bgm，总之就是男神啦！
44263,391,周黎明,2017-01-17 13:25:37,2,4,2,绝对男神，上课超级有意思，而且知识点讲的也很清楚，好想再上一学期。。。
44333,391,周黎明,2017-01-17 15:14:24,3,4,1,男神！！！
44378,391,周黎明,2017-01-17 16:38:16,1,3,2,真男神\n\n给分太好了
44716,391,周黎明,2017-01-18 06:52:03,3,3,0,周老师又帅讲课又很有趣。不过，选这门课的大家都太拼了，上课提前一小时占座，考前超认真复习，所以比一般的通识课更难拿高分
44804,391,周黎明,2017-01-18 09:23:35,4,5,1,浙大最喜爱的老师，讲课最棒的老师，没有之一。
44831,391,周黎明,2017-01-18 10:26:30,1,3,2,非常精彩！
44937,391,周黎明,2017-01-20 03:40:29,1,1,0,很棒的老师，很认真，人很好。
45470,391,周黎明,2017-01-19 14:57:35,-1,1,2,人好给分数也很高
45675,391,周黎明,2017-01-20 02:38:41,2,2,0,棒棒棒~
45705,391,周黎明,2017-01-20 03:13:29,0,1,1,绝对男神，上课非常有趣！
45724,391,周黎明,2017-01-20 03:44:42,92,105,13,法条确实是枯燥的。但案例很有趣啊这样也记住了不少法条。男神有一次讲到他兄弟当堂落泪。感觉做律师见到的例子真的比小说和编剧来的更戏剧性。男神迷弟迷妹很多要签名要排很长的队。平时作业少就写一份合同。期末开卷最后一节课讲“考试提醒”（滑稽）考试不难大题是书上原题上课也讲过。考试期间男神进来让我们注意一下第22题比较难他再讲解一下。于是那道题每个人都做出来了（滑稽）。。。总之强推。上课体验好。能学到将来会用到的合同法之类的知识
45729,391,周黎明,2017-01-20 03:49:11,2,3,1,好棒很有趣！！！！强推！！！！！
45761,391,周黎明,2017-01-20 04:43:57,4,4,0,绝对的男神，上课幽默，各种段子。考试都是些上课讲过的东西，认真听，期末绩点不会低。
45807,391,周黎明,2017-01-20 06:25:35,0,1,1,男神老师，平时事少，就一篇合同。上课认真听，能学到不少干货，期末考都是上课讲过的案例。总之不给十分不行。棒棒哦！
45815,391,周黎明,2017-01-20 06:39:09,1,2,1,感觉期末考试挺简单的，平时有听基本大多数都能做出来，绩点也不会差!
45915,391,周黎明,2017-01-20 09:05:18,1,1,0,绝对男神
45953,391,周黎明,2017-01-20 09:47:32,2,4,2,这是我第一次评分，周男神的课不能更棒，会讲很多案例，上课认真听获益匪浅，给分也超级好，听周老师说以后他会比较忙所以开的经济法会少，但是还是强推~能选的尽量选吧~\n\n
46302,391,周黎明,2017-01-21 07:21:46,1,2,1,老师绝对男神啊，超喜欢！讲课很有趣能学到很多东西！给分也好！\n\n
46322,391,周黎明,2017-01-21 08:28:04,5,5,0,上课超好，男神，还给推荐轻音乐，上课要至少提早半个小时去，不然站着听
46609,391,周黎明,2017-01-22 03:49:11,0,1,1,男神老师！
46853,391,周黎明,2017-01-22 13:39:42,1,1,0,周老师真的特别男神～案例丰富生动，每周上他的课就是一种享受。给分也特别好，是真的为学长着想的好老师
47128,391,周黎明,2017-01-24 03:26:38,58,63,5,"老师是风度翩翩的儒雅学者，平时作业很少，大家都有讲，只有一份合同。老师也有机智狡猾的一面，上课跟我们说生活中各种法律小常识时，好像大狐狸在台上侃侃而谈，下面一窝小狐狸托腮认真学习，时而露出一个心领神会你懂我懂的狡黠笑容╮(￣▽￣"")╭"
47365,391,周黎明,2017-01-25 12:41:47,1,1,0,最后考试一简单了就要做好被正态的准备，哎感觉认真复习了也没暖用，不过讲真，老师真的讲的挺好，课间还有轻音乐，相信好课会越来越火的
47416,391,周黎明,2017-01-26 05:48:21,2,2,0,周老师人很风趣，高雅，课讲得非常生动有趣，作为一门通识课相当不错。内容比较干，考试前要努力应对。给十分。
47471,391,周黎明,2017-01-27 13:47:33,1,2,1,老师简直人生赢家
47586,391,周黎明,2017-02-03 04:20:45,0,1,1,愿意再上一次经济法
47756,391,周黎明,2017-02-23 12:29:52,1,1,0,上课幽默风趣真心为同学们好
47810,391,周黎明,2017-02-25 14:54:04,1,1,0,老师给分好到爆!超喜欢~~~
47897,391,周黎明,2017-02-27 05:08:02,2,2,0,男神！！！
47982,391,周黎明,2017-02-28 01:29:48,3,3,0,老师太tm幽默了，听课光笑去了，，，
48089,391,周黎明,2017-02-28 11:23:10,0,1,1,讲课很有趣
48382,391,周黎明,2017-03-02 13:07:40,1,5,4,作为一个大工科生坐在经济学专业课的教室里整整一学期，最后一节课帅气的周老师走过来问你是经济学班长吗?答曰:工科男。帅周飒然一笑拍肩鼓励。\n\n考试当天，帅周移步我身旁:听说有个歌星和你同名诶~\n\n我感觉绩点要起飞了。\n\n果不其然——4.8。(一位混专业课学渣的独白)
48644,391,周黎明,2017-03-09 01:30:33,3,6,3,老师太好了，就是试卷排版不咋地。。。
49464,391,周黎明,2017-04-14 14:05:06,4,4,0,大学遇到讲课最精彩的老师没有之一
49516,391,周黎明,2017-05-02 15:41:40,1,1,0,超级棒 给分也超级好
49852,391,周黎明,2017-04-26 14:00:45,1,1,0,老师超男神！！
49957,391,周黎明,2017-05-02 15:44:59,1,2,1,出分了 再来点个赞 最后一道大题都错了 给分也超好
49962,391,周黎明,2017-04-27 16:41:50,2,2,0,周男神
50391,391,周黎明,2017-05-02 15:08:18,2,2,0,超超超级棒的男神，不上他的课白来浙大了
50392,391,周黎明,2017-05-02 15:08:19,2,4,2,真正棒的通识课就在这里！ 真正生动的案例教学在这里！能选上周老师的课是这一学期的幸运！
50396,391,周黎明,2017-05-02 15:22:40,0,0,0,hhh
50397,391,周黎明,2017-05-02 15:25:21,3,4,1,考试有点难，反正我是做哭了。但是！！！喜欢老师上课呦，西装控每次见到老师穿西装都好激动呀。
50398,391,周黎明,2017-05-02 15:28:53,1,2,1,只有我觉得今年的期末卷有点难的吗？选择题还蛮绕的说。不过老师很棒，听案例真的超生动。浙大老师的故事一堆堆
50403,391,周黎明,2017-05-02 15:52:21,1,1,0,老师男神啊，上课会讲很多有用的知识和有趣的案例，最后给分也超级好啊！
50415,391,周黎明,2017-05-02 22:19:01,1,1,0,讲课非常生动有趣，真想选老师的其他课！
50432,391,周黎明,2017-05-03 01:27:30,1,2,1,没有压力，上课幽默。案例对生活意义挺大的，值得学习。
50433,391,周黎明,2017-05-03 01:27:42,0,1,1,完美的洗涤心灵长见识刷新三观的故事会
50481,391,周黎明,2017-05-03 05:57:20,1,1,0,非常有趣，男神老师～～
50500,391,周黎明,2017-05-03 07:49:35,1,1,0,老师的课上有很丰富的案例，能学到很多东西，期末给分也是棒棒哒！
50523,391,周黎明,2017-05-03 09:23:33,2,2,0,三观很正
50616,391,周黎明,2017-05-04 01:41:22,0,0,0,。。。
50715,391,周黎明,2017-05-04 13:37:14,6,7,1,啊啊啊啊啊今天看到绩点感动哭 嗯 不仅是帅声音好听上课有趣给分也炒鸡好\n\n现在是老师的脑残粉
50961,391,周黎明,2017-05-10 07:25:21,2,3,1,男神  上课充实而且超级有趣   得分不高也不会抱怨    选这门课不会后悔
51578,391,周黎明,2017-06-07 09:08:00,0,3,3,带男朋友来蹭课～他也觉得很有意思_(:з」∠)_
51938,391,周黎明,2017-06-13 16:04:37,4,4,0,经济法上的很好，会结合律师事务中的案例，分析的也很好，学到许多法律知识，平时没啥特别多的事，期末题目难度也还好，给分很棒，人也很棒
52749,391,周黎明,2017-06-22 12:16:52,2,4,2,是我超级喜欢的老师，懂世故，也圆滑，有追求，有抱负，在讲知识点，也在讲段子。
54113,391,周黎明,2017-06-28 13:27:19,3,3,0,我遇到的最棒的通识老师
54921,391,周黎明,2017-06-30 12:53:21,1,1,0,会考很多上课讲的书上的例题 要好好听哦～
54967,391,周黎明,2017-06-30 13:41:21,4,5,1,男神！虽然最后给分一般般，但是上课真的学到了很多，很喜欢这堂课，最后还要到了签名嘿嘿嘿
56790,391,周黎明,2017-07-04 15:39:32,1,1,0,选上老师的课是我的幸运！
57296,391,周黎明,2017-07-06 12:57:15,1,2,1,可能我真的不适合学法律吧。。
57310,391,周黎明,2017-07-06 14:00:37,1,3,2,幽默风趣，有很多故事，上课很精彩，教的内容很实用很接地气，期末考试稍微认真复习就能拿好成绩。男神!力推!
57329,391,周黎明,2017-07-06 17:40:11,1,3,2,第一次评分 就因为结课的时候不舍到想哭\n\n下学期还想选法学类的课!
57344,391,周黎明,2017-07-07 01:44:49,1,1,0,老师上课很有趣。不过因为经济法通识考试是开卷就低估了考试难度。很棒的一门课，一定要在考前好好复习一下。
58028,391,周黎明,2017-07-24 04:15:56,2,2,0,考前看看书，至少把知识点在什么位置都看好，高分妥妥的吧，大题都是书上的一样的案例，就改了个人名
58082,391,周黎明,2017-07-29 02:47:33,-1,1,2,不二男神 幽默风趣  很忙还不辞辛苦的赶来上课  赞
58169,391,周黎明,2017-08-14 03:31:04,1,1,0,男神老师！#
58170,391,周黎明,2017-08-14 03:33:53,1,1,0,绝对的男神老师！##
58567,391,周黎明,2017-09-04 06:00:44,2,2,0,享受式学习哈哈
59245,391,周黎明,2017-09-20 10:42:36,3,4,1,好老师！！！
59822,391,周黎明,2017-09-27 07:55:09,0,1,1,听说老师根本不屑点名？但是人还是超满超满！\n\n
59838,391,周黎明,2017-09-27 11:38:57,1,1,0,超级赞！很多真实事例讲的超好，买他的书还附赠签名
59850,391,周黎明,2017-11-08 13:14:40,1,1,0,真的好！
59894,391,周黎明,2017-09-28 05:42:58,4,5,1,选上他的课不枉来浙大\n\n
60145,391,周黎明,2017-11-22 11:31:56,1,2,1,老师人超好，男神
60379,391,周黎明,2017-11-08 13:17:36,2,3,1,九月中\n\n启真畔\n\n感谢那次选课\n\n感谢与经济法的这次邂逅\n\n感谢周老师！
60648,391,周黎明,2017-10-26 03:29:33,4,4,0,飞一般的感觉，马上课要上完了，难过
60982,391,周黎明,2017-11-06 11:14:18,0,1,1,干货与欢乐并存
61098,391,周黎明,2017-11-08 12:51:59,2,3,1,太太太太太太棒了！
61099,391,周黎明,2017-11-08 13:11:57,5,5,0,超完美
61100,391,周黎明,2017-11-08 13:12:44,1,2,1,炒鸡有趣，讲很多小故事\n\n
61101,391,周黎明,2017-11-08 13:13:40,2,3,1,很好很好
61102,391,周黎明,2017-11-08 13:14:58,2,3,1,老师上课真的超级好，讲的案例也都很有趣，感觉很幸运选上这么课?
61103,391,周黎明,2017-11-08 13:15:41,3,4,1,周男神真的很好很好♪～(´ε｀　)
61104,391,周黎明,2017-11-08 13:17:39,1,1,0,真的超级棒 讲课超级有趣 连考试都会划重点甚至标好页码      \n\n 太可爱了吧(｢･ω･)｢嘿
61105,391,周黎明,2017-11-08 13:21:01,1,2,1,超级有趣，也学到了很多，感觉到最后一节课的时候会特别不舍。
61106,391,周黎明,2017-11-08 13:21:07,1,2,1,博闻强识
61107,391,周黎明,2017-11-08 13:22:19,5,6,1,很帅很风趣的老师，上课很活跃，座位从来都是靠抢的
61108,391,周黎明,2017-11-08 13:24:29,2,3,1,真的是好老师，真的是好课，收获颇丰，而且留下一段美好而珍贵的回忆，大爱男神！
61111,391,周黎明,2017-11-08 13:41:58,18,20,2,真的非常喜欢老师的课！听了老师的课入了法学坑选了法学专业！这是目前为止我上过的最有趣的课！老师讲的案例几乎都可以记得，因为非常典型，非常有趣，可以看出老师的经验真的很丰富，而且，老师讲案例的时候超级生动的，一人分饰多角，还会设置悬念，引人入胜hhhhhhh每次上经济法课都觉得时间过得太快了，每次下课都以热烈的掌声结束！！！今天是最后一节课，悄悄地舍不得，留下来自习，看到老师也留下来给同学们签名签了十五分钟！很好的老师！很好的律师！强烈安利大家都去听听经济法！！！
61112,391,周黎明,2017-11-08 13:42:10,0,1,1,老师真的人好好啊！上课也很好玩！会开车！！巨喜欢！舍不得|ω･`)
61113,391,周黎明,2017-11-08 13:57:34,1,1,0,超棒超棒超级棒
61115,391,周黎明,2017-11-08 14:25:17,1,1,0,无敌棒
61117,391,周黎明,2017-11-08 14:38:18,2,3,1,不用多说，快去听吧，保证不后悔。
61118,391,周黎明,2017-11-08 15:36:03,3,3,0,老师特别好!爱您!\n\n永远记得求学是最大的乐趣，特别是学经济法!
61128,391,周黎明,2017-11-09 01:49:10,1,2,1,老师超级棒，讲课特别好，幽默风趣。每次都是晚饭都不吃去占座(~o~)
61133,391,周黎明,2017-11-09 02:32:34,2,2,0,超赞的老师，是我上过最有趣的课没有之一，老师会讲各种案例，一个幽默风趣男神老师，声音也超好听，感觉老师的一些知识我会终身受益，强推 ?
61134,391,周黎明,2017-11-09 03:01:15,0,1,1,男神 中国好老师
61135,391,周黎明,2017-11-09 03:15:14,3,4,1,超级棒 每次一定要占座的 来蹭课的人也很多\n\n上课会讲很多又有趣又有用的案例
61139,391,周黎明,2017-11-09 03:28:17,4,4,0,老师的课超级好！！！都不想水手机！！！！
61144,391,周黎明,2017-11-09 05:24:19,5,7,2,上的经济法，老师上课会讲很多超有趣的事例。事情少，最后考试前会给我们复习。老师超级幽默风趣，声音也好好听，能上他的课绝对幸运！最后上完课我们班好多想报法学，然而老师是经院的´_>`
61147,391,周黎明,2017-11-09 06:31:27,5,5,0,超级好的老师，上课很有趣，作业不多
61216,391,周黎明,2017-11-12 09:28:18,4,4,0,浙大最喜欢的老师，谦虚，认真，对学生负责，听他的课激情飞扬的享受
61217,391,周黎明,2017-11-12 10:47:45,1,2,1,特地来给老师打满分的！最爱的课，最暖心的课，每次听了都激动满满滴，收获非常大，浙大人都应该去听
61422,391,周黎明,2017-11-28 14:42:19,2,3,1,人帅课好事情少  又能涨知识又能拿好绩点   我已经开始向身边人疯狂安利了。
61531,391,周黎明,2017-11-18 09:39:39,2,4,2,还没考试，但是就想给老师满分，特别想嫁给男神哈哈
61606,391,周黎明,2017-11-19 06:24:09,1,1,0,好玩有趣
61617,391,周黎明,2017-11-19 09:01:34,1,1,0,男神！
61652,391,周黎明,2019-01-22 00:24:18,17,21,4,期末考试 一进来就讲了两个选择题的答案 哈哈太可爱了吧！
61670,391,周黎明,2017-11-20 04:16:36,3,3,0,男神必须给十分
61801,391,周黎明,2017-11-28 02:56:36,1,2,1,给分那么高还不去选
62000,391,周黎明,2017-11-22 06:02:58,0,1,1,棒呆！
62082,391,周黎明,2017-11-22 10:54:45,1,1,0,非常好！好啊！超级推荐！
62090,391,周黎明,2017-11-22 11:13:52,1,1,0,这个老师太好了！
62095,391,周黎明,2017-11-22 11:20:55,2,2,0,棒棒棒棒
62116,391,周黎明,2017-11-22 12:04:11,4,4,0,男神男神！这是我进浙大几个月来第一次全程认真听完的课！老师人很好，课也很有意思，幽默风趣。
62125,391,周黎明,2018-01-12 02:48:43,8,8,0,啥都憋说，男神是我的，(ღ˘⌣˘ღ)٩(๑^o^๑)۶(✪▽✪)\n\n\n\n爱上经济法，
62157,391,周黎明,2017-11-23 01:47:02,2,3,1,必须男神
62179,391,周黎明,2017-11-23 04:07:07,5,7,2,老师讲课很有趣，寓教于乐，用很多自己的亲身经历，不过有时候经历太多了会挤占知识时间，让最后几节课有点紧。不过，完全不妨碍老师是一个十分优秀的老师，人也很好！
62200,391,周黎明,2017-11-23 06:08:45,6,7,1,上课很有意思，案例多而有趣，听课成为一种享受，非常喜欢经济法这门课与周黎明老师
62651,391,周黎明,2017-11-26 09:19:12,1,2,1,很好的老师，帅，男神\n\n
62728,391,周黎明,2017-11-26 15:24:33,3,3,0,必须好老师，干货一堆
63016,391,周黎明,2017-11-28 02:36:16,1,2,1,上课案例好好听，记得做笔记。
63018,391,周黎明,2017-11-28 02:44:05,2,2,0,老师上的通识课经济法，有趣涨知识，考试还会调分的!!
63021,391,周黎明,2017-12-23 13:14:28,2,4,2,课程内容有用、老师讲课风趣、作业几乎没有、考试简单还开卷、最后给分也好、这种课和老师去哪找……
63023,391,周黎明,2017-11-28 02:57:06,0,2,2,啊超级棒
63024,391,周黎明,2017-11-28 03:03:12,2,3,1,最后4.5飘过 也没花太多力气 只是考前刷了一遍书 分在通识课里算是高的了 最重要的是无作业无点名无论文 上课可水可听 （还挺有趣的） 说实在的 经济学院开的课和法学院开的课是有着本质差别的 上过的人自能体会其中差别 还有话说律师都这么有钱的么？？？
63026,391,周黎明,2017-11-28 03:07:23,1,1,0,从来没有看到过如此风趣有故事的老师
63032,391,周黎明,2017-11-28 03:17:33,4,6,2,绝对的好老师\n\n讲得生动，内容货真价实有用，任务不多，考试开卷，绝对的暖心负责的老师；\n\n我真心不适合学法律，开卷考试翻书都没答完，以为对不起周老师，以为药丸了，没想到还有4.5，可能是我难有的上4的，太感人了。\n\n还会有更好的通识课，更好的老师吗？
63038,391,周黎明,2017-11-28 03:43:53,2,4,2,给10分是因为满分只有10，听他上课是种享受
63043,391,周黎明,2017-11-28 04:07:52,1,1,0,上课好好听做笔记噢\n\n人帅讲的好给分棒
63111,391,周黎明,2017-11-28 10:52:30,3,4,1,只能说完全改变了法律在我脑海里无聊枯燥的形象，听完课只想选法学
63125,391,周黎明,2017-11-28 13:06:12,3,3,0,事少讲课好  听着是一种享受 期末书本一定要熟 否则就会像我一样来不及写(*¯︶¯*)
63220,391,周黎明,2017-11-29 09:00:21,1,2,1,人超好，人超好。
63225,391,周黎明,2017-11-29 10:06:41,1,2,1,享受 真的是舍不得这门课结束的
63247,391,周黎明,2017-11-29 12:17:16,1,1,0,棒！棒！棒！
63253,391,周黎明,2017-11-29 13:27:59,6,6,0,呜哇听过最好的课！遇到过最好的老师！之前一直不知道自己的兴趣是什么，上了这门通识课才发现我可能选错了专业hhh 没有夸张，谁选谁知道！
63334,391,周黎明,2017-12-01 02:34:42,1,1,0,这么多好评我就不多说了，力推！
63410,391,周黎明,2017-12-03 10:14:58,0,0,0,超級棒的男神老师，選他沒錯！！
63552,391,周黎明,2017-12-06 14:35:20,1,2,1,各种故事，案例很丰富，对课程理解起来容易很多。给分也好，业界良心。不听简直就是遗憾。
63586,391,周黎明,2017-12-08 02:24:44,2,2,0,可以说是他的脑残粉了QAQ上课幽默有趣 也能学到东西 给分好 然后emm上个学期期末考试的时候穿西装实在是 太!帅!了!
63596,391,周黎明,2017-12-08 08:06:52,0,1,1,超级超级棒啦！每节课的例子真的很有趣，为男神打call\n\n
64162,391,周黎明,2017-12-21 06:45:03,0,0,0,非常棒
64305,391,周黎明,2017-12-22 10:09:07,2,2,0,段子手啊……
64311,391,周黎明,2017-12-22 10:32:40,1,1,0,太好玩了，各种浙大老师
64323,391,周黎明,2017-12-22 12:16:33,4,4,0,老师真的很会做人，成绩都会用心给尽量高，平时从不点名很自由，课堂内容生动有趣，最后带着画重点，就很不错~~
64342,391,周黎明,2017-12-22 15:15:13,1,1,0,男神！！！
64359,391,周黎明,2017-12-23 02:23:22,0,0,0,有信仰的老师
64446,391,周黎明,2017-12-24 03:06:32,3,3,0,给分真的好
64448,391,周黎明,2017-12-24 03:36:21,2,4,2,在群里强调了无数次\n\n民法改成三年了啊！！！\n\n于是考试就有了\n\n作业写合同很有意思呢……\n\n每次上课都找不到座位系列……\n\n还记得当时考试他走了进来……
64482,391,周黎明,2017-12-24 12:02:31,4,6,2,这可以说是一个迟到了一年的评论吧，大一上秋学期就选上了老师的课，但是自己对于法律这些东西不是很感兴趣所以水手机水掉了……现在想想真是后悔啊，悔当初自己只顾着听老师讲案子。临考突击，最后当然也是只有3.6，唉，当年不懂事啊……
64870,391,周黎明,2017-12-27 13:57:59,4,6,2,讲的，有用；讲得，有趣；颜值，不低；给分，满意。
64935,391,周黎明,2017-12-28 03:59:39,4,6,2,让人在下雨的时候也要去上课的通识课
64977,391,周黎明,2017-12-28 05:59:33,6,8,2,这是我目前唯一一门全程不水手机的课！
65106,391,周黎明,2017-12-29 01:48:43,6,6,0,舒服好吧\n\n
65239,391,周黎明,2018-01-02 03:30:12,7,8,1,就一句话，劝选上课的同学好好珍惜吧，真的好
65257,391,周黎明,2018-01-02 05:45:04,2,4,2,虽然绩点3.几但还是10分，大爱老师o(^o^)o
65773,391,周黎明,2018-01-09 05:20:40,5,8,3,呵。三轮选课下来都选不上你。我还是要去旁听
65811,391,周黎明,2018-01-09 09:15:08,1,3,2,例子很有趣  也很有用地说明了知识
65951,391,周黎明,2018-01-10 12:25:19,3,5,2,来浙大必听经济法，不然学费亏了（误）!
65953,391,周黎明,2018-01-10 12:26:28,8,8,0,经济法：老师很风趣，上课讲故事，大家经常哄堂大笑。平时事情少，只有一份手写合同，可以很皮。期末有考试，最后一节课讲一下复习的内容，赞！
65954,391,周黎明,2018-01-10 12:27:28,5,6,1,不听经济法，妄为浙大人！
65955,391,周黎明,2018-01-10 12:27:35,1,3,2,没论文！
65956,391,周黎明,2018-01-10 12:27:54,3,4,1,一个字：好
65957,391,周黎明,2018-01-10 12:31:00,7,8,1,需要抢座的通识，你懂的。
65958,391,周黎明,2018-01-10 12:32:53,2,3,1,无敌无敌棒！人格魅力一级强！
65959,391,周黎明,2018-01-10 12:34:38,7,9,2,周老师o(^o^)o，经鉴定，男神一枚。听他的经济法课，是一种讲授。幽默有两种，一种是经天纬地式的，一种是满腹经纶式的，而周老师无疑是二者兼备，我不知道这种感受是什么，就像迷茫的人找到了学习的激情，纵使还没考试，这种学习的快乐足矣。看着周老师最后的背影，我想，这不就是行者吗，传授一切，悄然离去，留下一世威名。
65960,391,周黎明,2018-01-10 12:33:57,4,5,1,很有趣，能学到很多有用的知识，老师人很棒
65961,391,周黎明,2018-01-10 12:36:54,2,3,1,男神不多说！
66038,391,周黎明,2018-01-11 06:27:03,0,1,1,美轮美奂，酣畅淋漓
66092,391,周黎明,2018-01-11 13:24:43,-8,2,10,老师超级棒，讲课干货很多，上课非常有趣，很吸引人。中期一篇合同，期末考试闭卷，比较有难度。不下功夫真不好拿分
67056,391,周黎明,2018-01-20 07:29:18,1,1,0,非常棒！
69717,391,周黎明,2018-01-25 09:10:09,8,9,1,我再强调一下，那道题选ABCDE啊。
72507,391,周黎明,2018-01-30 09:08:14,2,3,1,来浙大有几位老师的课是必要听的，我认为周老师的课是其中之一。
73059,391,周黎明,2018-01-31 23:39:27,0,0,0,喜欢老师的课
73351,391,周黎明,2018-02-01 12:02:19,0,0,0,男神周黎明老师！！！
73352,391,周黎明,2018-02-01 12:02:25,0,0,0,男神老师男神老师 \n\n最喜欢的课 \n\n好想蹭老师的其他课程 \n\n太喜欢老师了 \n\n人也特别好 尽量避免正态 成绩也不错 满足 开心 ❤️老师
73357,391,周黎明,2018-02-01 12:09:11,1,1,0,挺好=确实会分享很多案例=教室坐满=考试全是上课内容=
73359,391,周黎明,2018-02-01 12:14:00,3,5,2,为什么评分只有9.97？
73360,391,周黎明,2018-02-01 12:14:23,0,1,1,绝对十分！老师很好，讲的也很有趣，干货很多，也没有论文什么乱七八糟的，最后考试还会尽量避免正态，真的是一门值得上的课！
73364,391,周黎明,2018-02-01 12:20:40,0,0,0,超棒的通识课！能收获很多知识！最后一节课老师给了重点，考试还有书上原模原样的案例。来浙大不听周老师的课绝对是亏了！
73365,391,周黎明,2018-02-01 12:21:10,2,2,0,讲得好！人好！给分好！三好男神！！！
73367,391,周黎明,2018-02-01 12:26:08,0,1,1,讲课好人好事少不点名给分好\n\n我爱周黎明老师！！？
73376,391,周黎明,2018-02-01 12:46:04,1,2,1,必选，不多说
73383,391,周黎明,2018-02-01 12:56:21,1,2,1,讲课好！事儿少！可以选择水也可以选择学，绝对有收获！给分真的好本来以为会很低因为真的没好好学但是真的感人啊！！！男神！
73655,391,周黎明,2018-02-02 09:29:40,0,1,1,男神老师，讲得好，给分也好
73693,391,周黎明,2018-02-02 16:34:57,-1,0,1,老师人好给分也好，但我实在是对法学提不上兴趣。。
73814,391,周黎明,2018-02-03 06:48:24,0,0,0,男神男神男神~
73835,391,周黎明,2018-02-03 07:57:33,1,1,0,给分看考试，范围基本都讲过。虽然有正态，但老师已经尽最大努力给高分了，人真的很好～
73907,391,周黎明,2018-02-03 13:27:40,2,2,0,真的是男神级别的老师！！讲课超有趣der！！考试开卷所以还算好找 关键是平时作业只有10分钟写完的一纸合同（甚至让我一个文科废想去读法律（。
73921,391,周黎明,2018-02-03 14:30:18,0,0,0,讲的故事非常有趣
74006,391,周黎明,2018-02-04 05:16:43,1,1,0,首先，老师讲课很棒。讲得都是干货，而且一般会联系老师自己办过的案子来讲，很好理解。更重要的是老师会慎重地对待你的分数，尽量给每个同学一个好的分数。这样讲得又好，又有同理心的老师真得很难得。
74535,391,周黎明,2018-03-03 05:31:35,1,1,0,听老师的课要提前占位\n\n好到没话说\n\n
74755,391,周黎明,2018-03-05 13:38:06,2,2,0,上课感觉在看故事会一样，超级有意思 。分数也给的很高
74964,391,周黎明,2018-03-07 01:15:50,0,1,1,风趣幽默 案例分析的很透彻 考试开卷 而且在考试的时候老师还告诉我们几个题目的答案 诉讼时效三年在群里面反复提醒 考试前还提醒了一遍 最后考试的时候就告诉了我们答案（老师其实我们没有那么蠢哈哈哈）会调分 基本上是会给我们满足正态的最好成绩
74979,391,周黎明,2018-03-07 02:05:40,1,1,0,贼厉害！老师贼棒！案例很丰富
75136,391,周黎明,2018-04-25 12:19:37,4,4,0,充实，亲切，幽默风趣，特别体谅我们
75138,391,周黎明,2018-03-07 13:11:56,0,0,0,浙大之瑰宝
75388,391,周黎明,2018-03-10 06:05:05,0,0,0,男神男神
76185,391,周黎明,2018-03-28 12:17:56,0,0,0,一直坐在第一排，看到他眼神就开心哈哈哈哈哈哈，超级迷妹一枚
76269,391,周黎明,2018-04-01 09:13:05,2,5,3,谢谢老师，让我追到了女票
76691,391,周黎明,2018-04-18 11:00:31,1,1,0,文质彬彬，案例动人。
76768,391,周黎明,2018-04-22 15:08:27,0,0,0,男神也
76794,391,周黎明,2018-04-23 12:43:52,5,5,0,不管水平多高\n\n永远怀着一颗虔诚，谦卑，感恩的心的老师最是有魅力\n\n感谢男神老师周黎明.
76800,391,周黎明,2018-05-12 11:26:10,10,11,1,用普通评价老师的方式大概就是 事少，分高，有干货。但是并不想这样评价周男神。这是真正有风度，真正喜欢自己教的课程，也愿意传授学生的好老师。平时还会在微信群里和我们讨论法律问题。老师说这次我们考的很不好，一直在核实分数，重新改卷，让我们成绩能更高一点。当时听到其实心里蛮难过，觉得自己愧对老师这么精彩的课堂，让老师为难了_(:з」∠)_希望以后选老师课的小伙伴们不要辜负男神呀~
76893,391,周黎明,2018-04-25 12:22:36,1,2,1,最后一节课掌声一分钟…
76895,391,周黎明,2018-04-25 12:38:00,2,3,1,史诗般的听觉盛宴
76898,391,周黎明,2018-04-25 12:46:29,0,0,0,能让学生开怀大笑的浙大法律男神！！！
76910,391,周黎明,2018-04-26 01:04:37,0,1,1,必须十分啊！讲课干货满满，风趣幽默，真的不能更喜欢这个老师了！考试开卷，复习帮我们把页数都标出来了！
77334,391,周黎明,2018-05-04 17:30:15,0,1,1,男神！每次提前一小时占座！最后一节课求了签名|･ω･｀)
78348,391,周黎明,2018-05-11 04:09:24,0,0,0,棒棒棒
78437,391,周黎明,2018-05-11 23:46:20,0,0,0,非常好
78475,391,周黎明,2018-05-12 10:42:33,6,10,4,老师确实人很好，讲课确实很有趣，但是可能是我没考好吧，最后绩点很低，很难过
78476,391,周黎明,2018-05-12 08:39:14,3,3,0,非常好的体验，男神无疑了
78478,391,周黎明,2018-05-12 08:56:59,5,12,7,老师很好，就是不知道为什么我作业交了，期末考试也认真考了，最后2.4……
78489,391,周黎明,2018-05-12 09:39:30,4,4,0,上大学以来听的最认真的一门通识课
78497,391,周黎明,2018-05-12 11:15:15,1,1,0,幽默风趣  为学生着想！
78498,391,周黎明,2018-05-12 11:15:37,6,7,1,唉 被正态了 最低通识
78500,391,周黎明,2018-05-12 11:25:07,6,6,0,是我见过我最最喜欢的老师，抛开给分不说，上课真的能学到很多有用的东西，老师本身人格魅力也是把我们迷得不要不要的。希望去听的同学不要把这门课当水课上，真的很值啊
78501,391,周黎明,2018-05-12 11:25:49,1,4,3,很满足了，大学以来遇到的最好的老师。上课干货多还不枯燥，平时没什么事最后给分还超级好。总之老师男神男神男神！
78502,391,周黎明,2018-05-12 11:28:22,2,2,0,10分不能再多了
78503,391,周黎明,2018-05-12 11:29:24,-3,9,12,老师好像变了，不再是你们认识的周黎明了，给分太低，最低的一门了
78504,391,周黎明,2018-05-12 11:35:55,3,4,1,老师上课超级幽默风趣，讲得每个例子都让人印象深刻，课堂里会讲很多有趣而实用的东西，希望选上的同学一定要好好珍惜啊，上课认真听。老师给分也是超级好的ヾ ^_^♪给周黎明老师打call?
78508,391,周黎明,2018-05-12 11:55:36,1,3,2,老师幽默风趣，不夸张地说，上完老师的课，再看新闻报道里的“要约”“善意取得”等等名词，都是那么的亲切\n\n经济法一直在我们身边，周男神带我们认识了它！\n\n当然，想拿高分还是要认真听课，多思考，好好看书复习的
78511,391,周黎明,2018-05-12 12:00:14,0,3,3,满分男神
78512,391,周黎明,2018-05-12 12:06:41,0,1,1,风趣幽默有干货，好好听很有收获
78517,391,周黎明,2018-05-12 12:29:12,0,1,1,男神。你会爱上经济法。 \n\n对于想做复合型人才复合型职业还想当大学老师的同学来说周老师是完美榜样。
78518,391,周黎明,2018-05-12 12:29:34,0,2,2,好老师，给分好，上课风趣，可惜自己没有节节课都听
78526,391,周黎明,2018-05-12 14:35:38,1,6,5,各位相信我，合同好好写，期末认真复习半天，上4不是问题。真的能学到很多内容！
78562,391,周黎明,2018-05-13 05:31:50,2,3,1,男神不解释\n\n
78583,391,周黎明,2018-05-13 11:25:21,4,6,2,认真听讲认真复习，其他包在老师身上\n\n我来送老师上十分
78618,391,周黎明,2018-05-14 01:32:04,-7,5,12,认真写合同认真考试 也免不了被正态 刷新最低绩点拉低均绩0.1，感谢周黎明老师！
78647,391,周黎明,2018-05-14 06:19:35,8,8,0,老师贼棒，只要认真听课就能得到好成绩，本来就不是水课，是真的可以学到很多有用的东西的课堂，不仅是学识上，生活上的道理也很多，老师真的很好！
78768,391,周黎明,2018-05-15 06:14:40,0,2,2,真的是肥肠有干货的课!上课要认真听才能拿到高分，这才是正确的评价体系。后几节课我有点水，前面的课听得很认真，结果考试的时候面对不同题目感受到了很大区别，哈哈，另外考试周一直在认真复习，合同很认真完成了，最后4.2，虽然被卡了档，但我认为这就是我应得的。感谢老师，这是我学到最多的一门通识课。
78802,391,周黎明,2018-05-15 08:12:00,0,0,0,还行吧
78902,391,周黎明,2018-05-16 11:36:31,59,61,2,反革命赌博吃屎罪哈哈哈哈哈哈哈哈哈哈哈哈\n\n
78911,391,周黎明,2018-05-16 16:09:28,0,0,0,玉泉的老人表示，只想抢一个前排的位置??
79001,391,周黎明,2018-05-20 02:09:41,2,4,2,老师真的很好了，他会尽全力向上提分的。但是老师说过，如果90以上的超过20%，80以下的少于30%，他给出的成绩无法提交。所以还是建议认真准备，虽然开卷，但还是有可能答不完。那些分数不太高的人是否会是因为准备稍少？或者说，建议你们在查老师上把目标对准某某校长吧，求求你们别在这喷老师了。
79869,391,周黎明,2018-06-14 14:05:43,1,2,1,绝对是男神级别的人物！经济法课法条结合案例生动有趣，作业是完成一张合同，期末考试开卷。本来以为自己合同写的太少，考试复习不全面要凉凉了，结果拿到了开学以来最高的绩点。感动，选经济法绝对不会错。
80065,391,周黎明,2018-06-19 11:52:22,0,1,1,还可以吧
80361,391,周黎明,2018-06-25 12:38:29,0,0,0,求学是最大的乐趣！
80398,391,周黎明,2018-06-26 05:38:00,0,0,0,上课就是去听故事hhh
80531,391,周黎明,2018-06-27 12:33:27,1,1,0,还没考试 无关绩点特意来给个10分 无需多言
81119,391,周黎明,2018-07-04 04:41:10,0,0,0,真的很好的老师  上课幽默风趣  \n\n嘿嘿
81972,391,周黎明,2018-07-06 16:27:54,2,2,0,上课风趣幽默，是正真能学到东西的一门通识课。老师让我对法律有了一个个生动的认识。
82276,391,周黎明,2018-07-07 15:41:26,0,0,0,男神！
83366,391,周黎明,2018-07-10 07:29:34,2,2,0,真的好老师！砸锅卖铁推荐！
84910,391,周黎明,2018-07-14 10:22:26,3,3,0,经济法，从不点名但永远座无虚席。上课完全不想玩手机，老师用自己的经验能力，把硬硬的法律通过各种案例讲活了。超级超级好。考试的好多题都提前透给我们，案例分析也是上课讲过的。给分好
84912,391,周黎明,2018-07-14 10:34:49,-11,2,13,好好听，考前有复习ppt好好复习，合同好好写。才给我95。但我还要谢谢老师，男神!
84919,391,周黎明,2018-07-14 11:06:30,10,11,1,老师给了95，只能说好好听课是有收获的
84920,391,周黎明,2018-07-14 11:06:55,1,1,0,男神！上课有趣给分好！还有好多干货～
84936,391,周黎明,2018-07-14 12:28:35,0,0,0,千言万语，只有四个字，谢谢老师!
84951,391,周黎明,2018-07-14 13:48:17,0,0,0,老师讲的都是干货，案例分析都超级有趣，btw周黎明老师还非常帅啊啊啊！上课的时候感觉做其他的事情完全是浪费！给分也很棒的！pick男神！
84970,391,周黎明,2018-07-14 16:16:54,0,0,0,干货满满，上课认真听分数一定会很棒的！
85403,391,周黎明,2018-07-17 11:43:58,8,8,0,很喜欢周老师，简直是男神了，课间还会放自己弹的吉他曲
85475,391,周黎明,2018-07-18 07:52:08,4,5,1,多我一个10分不多，少我一个10分不少?
85510,391,周黎明,2018-07-18 17:28:07,-10,0,10,没去几次课 考前几乎没复习 轻松4.8
85773,391,周黎明,2018-08-06 06:29:18,3,3,0,真心特别好！
86411,391,周黎明,2018-09-15 11:01:07,176,190,14,这种老师，也就这样子了，干货挺多的，上课也还勉勉强强有点意思，也就分分钟秒掉我浙九成九老师吧，作业倒是不多，一份合同加个开卷期末考。他的经济法，也没什么优点，现在也就那些想要高绩点 又要听干货 不想写作业 还想膜拜周男神的这种人才愿意去听了。 而且课还贼难选，就比人生美学好选一点点吧\n\n我最后也才给他打了10分（滑稽）
86598,391,周黎明,2018-09-17 11:45:48,9,12,3,“我遇到过证据最多的案件，证据编号编到894号...”
86599,391,周黎明,2018-09-17 11:45:34,0,1,1,你告诉我是在上课？？
86606,391,周黎明,2018-09-17 12:22:56,0,0,0,超赞的
86643,391,周黎明,2018-09-17 23:06:34,0,0,0,超级舒服，听了还想继续听
86903,391,周黎明,2018-09-19 10:25:00,0,0,0,很好的老师，男神老师
86907,391,周黎明,2018-09-19 10:39:34,0,0,0,第一节课，已经被深深地征服了
86921,391,周黎明,2018-09-19 11:33:47,0,0,0,完全被老师折服了，晚上的课，没有点瞌睡，没有走神，上课很风趣
86922,391,周黎明,2018-09-19 11:34:20,0,0,0,自从上了周老师的上课再也不打瞌睡了，上课时间过的特快
86923,391,周黎明,2018-09-19 11:37:29,0,1,1,到处都是要签名
86924,391,周黎明,2018-09-19 11:38:50,0,0,0,太舒服，太优秀，太可爱，太风趣，太牛掰
86926,391,周黎明,2018-09-19 11:40:15,5,5,0,太经典了，绝对不枉一听
86948,391,周黎明,2018-09-19 13:46:51,1,2,1,大一萌新三天以来第一次没有走神
87016,391,周黎明,2018-09-20 03:07:48,1,2,1,简直不想下课
87145,391,周黎明,2018-09-21 02:27:59,0,0,0,第一次听就爱上啦太有意思了
87194,391,周黎明,2018-09-22 01:43:32,0,0,0,表白老师呜呜呜，太帅了太喜欢了
87272,391,周黎明,2018-09-26 11:33:55,0,0,0,很放松，很风趣
87486,391,周黎明,2018-09-29 12:45:52,1,1,0,经济法的教育大师
87627,391,周黎明,2018-10-08 12:59:54,2,2,0,周老师人超好！幽默风趣，课堂氛围很好。而且他自己作为律师，总弄拿出真实案例来分享，很生动。考试要求也不严，能选上他的课绝对是一大幸事！
88102,391,周黎明,2018-10-22 07:25:26,2,3,1,祝每一个浙大学子都有机会选上
88117,391,周黎明,2018-10-22 11:32:20,2,3,1,“反革命赌博致人吃shxx死亡罪”?\n\n好哥们十年之约?\n\n比电视剧还要精彩的剧情！！\n\n人生如戏啊
88118,391,周黎明,2018-10-22 11:33:44,6,7,1,几乎完美的生活\n\n却被毁灭\n\n后来十年的约定\n\n也被现实打败\n\n
88165,391,周黎明,2018-10-23 08:13:42,1,2,1,每周最期待就是听老师讲kai课che
88321,391,周黎明,2018-10-28 10:49:05,5,7,2,讲课好到爆的老师没错了，典型的男神老师，出众的外表也没有掩盖其真才实学的光辉。自己本身执业律师，阅历极为丰富，就形成了实践与理论的高度结合性，几乎每个法条都能以生动形象的真实案例解释，上课氛围轻松活泼，引人入胜，被人戏称为“老周故事会”。经济法本身也是一门极其实用的学科，无论是司法考试还是注册会计师都要考，即便不是为了这两场考试，在日常生活中，很多东西例如合同法等等也非常实用，有利于提高法商，切实增强我们的社会能力。
88358,391,周黎明,2018-10-29 10:32:19,7,11,4,十年之约 却没有好的结局\n\n可惜了可惜了\n\n
88385,391,周黎明,2018-10-30 03:16:51,4,4,0,老师自己都说从不点名，但就是不舍得翘这么有趣的课
88503,391,周黎明,2018-10-31 11:31:59,1,1,0,感觉课排少了，老师讲不完所有知识点。还想听。。٩( 'ω' )و
88543,391,周黎明,2018-11-01 04:54:47,0,0,0,爽爽爽\n\n
88662,391,周黎明,2018-11-05 06:14:23,0,0,0,超级棒
88670,391,周黎明,2018-11-05 11:13:26,0,0,0,用飘柔，十分舒展
88682,391,周黎明,2018-11-19 07:35:22,2,3,1,好老师！
88734,391,周黎明,2018-11-07 01:00:10,0,0,0,超好玩
88755,391,周黎明,2018-11-07 10:28:25,0,0,0,有意思 听他的课就当放松心情了
88765,391,周黎明,2018-11-07 12:24:35,0,0,0,听过就知道，不解释
88766,391,周黎明,2018-11-07 12:36:33,3,5,2,从不点名\n\n一个真性情、能务实、有风度的儒雅男神。\n\n最后的鞠躬真的是给周黎明老师打爆call\n\n法务知识还是其次\n\n更多的还是世情百态\n\n感谢他的法学启蒙和生活态度
88767,391,周黎明,2018-11-07 12:40:26,0,0,0,老师绝对是男神，能上他的课就是赚到了，讲的有趣，考试还带我们复习，一级棒
88768,391,周黎明,2018-11-07 12:40:41,0,0,0,简直棒极
88769,391,周黎明,2018-11-07 12:49:33,3,4,1,老师特别重感情，秋学期8节课，老师落了两次泪。很好很好的一位老师。
88770,391,周黎明,2018-11-07 12:51:06,9,9,0,上大学的第一个十分给他了！真的，感觉他对学生一片赤诚！整个人三观超正！也很暖心，上课也很风趣，讲了很多有趣的案例。最后的复习课很具体，都告诉我们哪个地方要考一个选择题什么的，然后对自己的职责和对专业也很热爱。最后签名的时候，他留了一句:求学是最大的快乐！嗯！老师我会加油的(ง •̀_•́)ง后悔之前上课没有很认真…对不起他
88771,391,周黎明,2018-11-07 12:52:34,0,0,0,老师，真的太好了(●'◡'●)ﾉ❤
88780,391,周黎明,2018-11-07 15:49:12,0,0,0,周老师简直男神，能选上他的课太幸运了
88802,391,周黎明,2018-11-08 08:08:48,0,0,0,很棒的老师
88814,391,周黎明,2018-11-08 15:42:18,0,0,0,超棒！
88825,391,周黎明,2018-11-23 15:25:08,2,3,1,万年好老师，要哭了
88861,391,周黎明,2018-11-10 12:28:44,7,9,2,周黎明老师让我看到了大学最有魅力的一面，让我在知识的海洋里愉快遨游，老师学识渊博，见多识广，我们最喜欢听着他说“我从来不看电视剧，因为我接的案子远比电视剧精彩”。人真的很好，从来不会以任何形式苛求学生，师德高尚，师风感人。
88924,391,周黎明,2018-11-12 10:53:31,1,2,1,老师讲课超有趣，出题也超好！
88932,391,周黎明,2018-11-12 11:47:17,0,1,1,超级棒！
88933,391,周黎明,2018-11-12 12:14:30,0,0,0,老师上课超级好!!!人超好!!!事例丰富，考前复习。
88934,391,周黎明,2018-11-12 12:24:32,0,0,0,太棒啦！\n\n
88935,391,周黎明,2018-11-12 12:24:36,0,0,0,男神的课让我对每个礼拜一充满期待
88936,391,周黎明,2018-11-12 12:24:58,3,3,0,符合我对大学课程的所有憧憬
88937,391,周黎明,2018-11-12 12:26:25,0,0,0,非常棒棒棒棒棒哦！！！
88938,391,周黎明,2018-11-12 12:29:10,4,5,1,周老师很有风度，讲课也很幽默，有时候还会自黑非常有意思。考试复习的我时候不仅仅把所有考点罗列出来，还悄咪咪（明目张胆）泄漏答案，只为了我们能够考的更好。若没有正态分布，一定不会有人不给他10分。实名为周男神打call！
88939,391,周黎明,2018-11-12 12:29:17,1,1,0,呜呜呜墙裂安利!
88940,391,周黎明,2018-11-12 12:31:33,4,4,0,今天最后一节课了\n\n真的真的真的超级喜欢周老师 \n\n为他疯狂打call！！！\n\n太有人格魅力了！爱了爱了！
88942,391,周黎明,2018-11-12 12:33:29,8,8,0,第一节通识选修的课就这么好，我很担心以后的选修课会让我猝不及防
88943,391,周黎明,2018-11-12 12:33:58,2,2,0,幽默风趣！上课一点都不无聊！还有有趣的案例！很棒了！
88944,391,周黎明,2018-11-12 12:37:29,7,7,0,老师真的超棒哒
88945,391,周黎明,2018-11-12 12:40:18,1,1,0,老师太棒了，男神周黎明老师
88949,391,周黎明,2018-11-12 12:53:16,5,6,1,来浙大一定要听周黎明老师的课。
88956,391,周黎明,2018-11-12 14:13:42,11,11,0,浙大必听课，暖男男神。上课生动有趣，讲各种老师自己接手的许多真实案例，经常性开车，灌输心灵鸡汤。考试也是开卷，考前会领着复习，几乎没有作业，总之绝对是不可多得的好课，绝对的好老师！！！
88964,391,周黎明,2018-11-13 00:46:13,0,0,0,超级超级好的\n\n十分十分有趣
88968,391,周黎明,2018-11-13 02:03:38,0,0,0,我只能说，其他同学所说的全是真的!真的!真的!很棒!
88973,391,周黎明,2018-11-23 15:33:58,2,2,0,在浙大能抢到这样的课真是三生有幸，给分挺好的，课堂的案例生动形象
88984,391,周黎明,2018-11-13 09:21:05,0,0,0,男神男神♪～(´ε｀　)
88989,391,周黎明,2018-11-13 11:10:43,4,6,2,上过他的经济法理论与实务\n\n最后一张ppt就写着 愿做大家一辈子的朋友\n\n周老师就是这样一个亲切的人 完全就是以朋友的身份在上课  不给满分过不去
88993,391,周黎明,2018-11-13 12:33:38,2,3,1,超赞 男神！！就是他让我对法学感兴趣然后入了坑（捂脸）上课超有意思…而且通识课只布置过一次作业（再捂脸）
88996,391,周黎明,2018-11-13 13:30:35,0,0,0,享受周老师的课！谢谢您祝我梦想成真
88997,391,周黎明,2018-11-13 13:31:38,0,1,1,男神周黎明老师，男生周黎明老师！
88998,391,周黎明,2018-11-13 14:01:58,1,1,0,案例精彩 语气温和 幽默感强
89011,391,周黎明,2018-11-14 00:16:30,1,3,2,话不多说，十分敬上
89012,391,周黎明,2018-11-14 00:24:43,1,1,0,男神周黎明老师！男神周黎明老师！
89020,391,周黎明,2018-11-14 03:31:03,2,2,0,真的是培养了我对对法律的兴趣 谢谢老师
89039,391,周黎明,2018-11-14 12:44:46,0,0,0,爱死了
89040,391,周黎明,2018-11-14 12:56:21,0,1,1,上课生动有趣，听了他的课真的对法律产生了兴趣
89041,391,周黎明,2018-11-14 13:02:25,3,4,1,还行吧
89045,391,周黎明,2018-11-14 14:24:39,2,4,2,听周先生的课，不止听到法律，更听到与法律交织着的人间的悲欢离合。
89059,391,周黎明,2018-11-15 02:42:32,1,2,1,太棒了！讲的超级有用！学了很多干货！而且上课超级有趣！作为一个刚刚考完的人，真的不想结课呜呜呜w
89060,391,周黎明,2018-11-15 02:56:52,3,3,0,呜呜呜，老师的课真的很有意思，很多生动的案例，老师也很风趣幽默，真的强烈推荐，反正选了绝对不会后悔！！！最后给分虽然还不知道但是强烈支持周黎明老师！！！
89116,391,周黎明,2018-11-23 15:30:47,3,4,1,老师真的很好啊啊啊啊啊啊男神不知道怎么形容了，今天还在和我们解释说分数的问题，把大家的分数都尽可能调到最高啊啊啊啊好激动啊太爱他啦
89137,391,周黎明,2018-11-16 03:58:42,1,1,0,太好辣(✪▽✪)
89158,391,周黎明,2018-11-16 06:15:45,5,5,0,感谢能让我遇到这么好的法学启蒙老师。
89172,391,周黎明,2018-11-16 10:12:54,0,1,1,非常棒了。\n\n
89220,391,周黎明,2018-11-17 04:01:45,2,3,1,男神，周黎明老师
89346,391,周黎明,2018-11-18 14:40:18,1,1,0,很幽默的老师，上课很轻松，每堂课都是故事会，超级喜欢
89497,391,周黎明,2018-11-19 10:17:22,4,4,0,男神男神
89501,391,周黎明,2018-11-19 10:32:42,1,2,1,先满分为敬
89617,391,周黎明,2018-11-20 03:42:10,5,7,2,超级棒，想无限蹭课
89691,391,周黎明,2018-11-20 09:26:25,2,2,0,太棒啦?
89759,391,周黎明,2018-11-20 15:42:02,4,4,0,男神!
89791,391,周黎明,2018-11-21 00:39:30,2,4,2,虽然还没有出绩点但是..先满分为敬！！\n\n老周故事会真滴很有意思，高中学法律觉得好无聊，现在好想做一个法学生啊哈哈哈哈哈。男神周黎明老师！我永远喜欢男神www我还会去蹭课der！
89853,391,周黎明,2018-11-21 04:41:10,2,3,1,爱了！！
89946,391,周黎明,2018-11-21 10:50:46,3,4,1,真的是男神级的老师，可能因为人生经验的多，所以不管讲什么都很有魅力。上课很风趣，非常吸引人。每次到要早早去占座，不然只能坐在很后面的位置。真的很羡慕法学的学生，可以听到男神老师的课。永远支持男神周黎明老师！
89965,391,周黎明,2018-11-21 11:43:48,2,3,1,老师真的幽默风趣，谈吐特别吸引人，很幸运选上老师的课
90016,391,周黎明,2018-11-21 15:26:14,3,3,0,就两个字 舒服
90045,391,周黎明,2018-11-23 15:51:10,6,6,0,老师真的是男神！上课非常非常有趣，老师讲的也炒鸡棒。让我一个工科生萌生了想学法律的冲动哈哈哈
90096,391,周黎明,2018-11-22 06:18:19,4,4,0,周老师故事会，男神魅力不可抵挡
90144,391,周黎明,2018-11-22 08:09:00,4,5,1,太棒了啊，简直男神，知识和气质的男神，一定要选他的课，选不上也要去蹭一节，不枉来浙大一场~真的太好了，课好，人也好~
90224,391,周黎明,2018-11-22 14:22:56,1,2,1,男神周黎明
90293,391,周黎明,2018-11-23 04:06:03,0,1,1,回应之前羡慕法学的 周男神是经院的！
90313,391,周黎明,2018-11-23 06:08:24,1,1,0,很棒！
90411,391,周黎明,2018-11-23 12:05:30,4,4,0,实在是太棒了！周男神
90412,391,周黎明,2018-11-23 12:06:44,1,1,0,男神周黎明老师
90414,391,周黎明,2018-11-23 12:14:56,1,2,1,吹爆周男神！！讲的内容很实用！课程干货满满！而且周男神超有人格魅力！三观正，气度不凡！给分也好，都是为学生着想的！强推男神的经济法！！
90415,391,周黎明,2018-11-23 12:15:34,2,3,1,超棒，，这辈子要上完周老师所有的课，甘为周老师门下走狗啊啊啊！
90416,391,周黎明,2018-11-23 12:15:47,2,2,0,周老师男神♪～(´ε｀　)！\n\n每周期待着奇妙的案例分析\n\n并不拘泥于枯燥的法条\n\n在考试前会给大家针对的复习\n\n给分很好|･ω･｀)虽有正态。\n\n最后基本没太多复习还有高绩点哦
90417,391,周黎明,2018-11-23 12:17:44,0,1,1,超棒的老师啊啊啊啊啊啊！男神男神！
90418,391,周黎明,2018-11-23 12:20:05,1,1,0,永远喜欢周男神！疯狂打call！
90419,391,周黎明,2018-11-23 16:26:23,1,2,1,老师的课 认真听真的不会差
90420,391,周黎明,2018-11-23 12:22:25,1,2,1,吹爆啊啊啊啊啊啊，，童鞋们这个老师必选，人好给分好
90424,391,周黎明,2018-11-23 12:40:58,2,2,0,超级棒！有趣又实用，老师超级有魅力
90430,391,周黎明,2018-11-23 12:49:38,0,1,1,锦上添花
90432,391,周黎明,2018-11-23 12:51:47,1,1,0,课超级实用，老师也很风趣，吹爆周黎明老师啊！给分也很好的。10分
90433,391,周黎明,2018-11-23 12:55:31,1,1,0,老师上课zei有趣，甚至连手机都不想水
90440,391,周黎明,2018-11-23 13:17:17,2,3,1,5分的老师用实力证明他的垃圾，10分的老师用实力证明他的牛逼，老师神了
90448,391,周黎明,2018-11-23 13:33:53,5,7,2,就是这个男人，让我经济法满绩。
90451,391,周黎明,2018-11-23 13:39:02,1,2,1,男神！！课超精彩！！（而且给分超好
90453,391,周黎明,2018-11-23 13:43:05,3,4,1,不说了，感动哭了！
90456,391,周黎明,2018-11-23 13:54:58,0,1,1,很有趣
90461,391,周黎明,2018-11-23 14:30:19,1,1,0,非常有趣
90463,391,周黎明,2018-11-23 14:34:25,5,7,2,我吹爆周黎明老师！上课超有趣 偶尔水一水听听故事都ok 最后一节课认真划重点考试就放心好了 给分超好！
90467,391,周黎明,2018-11-23 15:03:21,3,4,1,我见过最优秀的老师！\n\n作业少，上课有趣，考试简单给分高\n\n只要稍微上点心，不但成绩好，而且能有很大的收获\n\n以后一定会坚持选周老师的课！
90468,391,周黎明,2018-11-23 15:04:37,1,1,0,太感动了
90470,391,周黎明,2018-11-23 15:10:20,2,2,0,听老师的课收获很大！\n\n听老师讲案例仿佛就是在阅读小说情节。
90478,391,周黎明,2018-11-23 15:32:02,0,0,0,太好的老师了
90479,391,周黎明,2018-11-23 15:34:59,0,0,0,超棒!
90481,391,周黎明,2018-11-23 15:37:26,0,0,0,男神不解释
90484,391,周黎明,2018-11-23 15:44:17,0,0,0,老师上课超级棒，人也特别好，虽然被正态了，但是是因为自己学艺不精，选他的经济法绝对不亏
90485,391,周黎明,2018-11-23 15:48:58,0,0,0,老师人超级超级好 课也超级超级有趣 太喜欢啦 绩点也好
90486,391,周黎明,2018-11-23 15:50:27,0,0,0,超级有趣实用的课!\n\n老师是真的想教授我们一些实用的经济法知识!超级为学生着想!\n\n男神!
90488,391,周黎明,2018-11-23 15:54:09,0,0,0,周老师人超好，案例生动形象，老师男神啊！！！
90489,391,周黎明,2018-11-23 15:55:41,0,0,0,周老师的课又有趣又充满干货，给分也很好，特别喜欢！
90490,391,周黎明,2018-11-23 15:56:02,0,1,1,感性与理性兼备，学识与风度并存。真的很喜欢周老师!
90492,391,周黎明,2018-11-23 15:57:52,1,1,0,老师的课很有趣 给分也很棒 考试方式很合理 还会帮我们重点复习 期待以后还能上老师的课
90493,391,周黎明,2018-11-23 16:01:25,1,1,0,绝对是好老师，百分百男神
90496,391,周黎明,2018-11-23 16:04:27,0,0,0,男神周黎明老师！男神周黎明老师！男神周黎明老师！
90498,391,周黎明,2018-11-23 16:06:37,3,4,1,不点名 作业少 复习到位 绩点高\n\n（如果最后绩点低因为强制正太没办法）\n\n干货多 课堂有趣  上课爆笑觉得时间太快\n\n\n\n“先生之风，山高水长”\n\n犹疑之时，遇见周黎明老师这样的前辈，坚定了法律人的初心\n\n10分不够\n\n感谢老师！
90499,391,周黎明,2018-11-23 16:07:00,0,0,0,受益匪浅，幽默风趣\n\n
90502,391,周黎明,2018-11-23 16:22:43,2,2,0,没别的好说的，男神!上课幽默风趣，没上课之前以为这是节比较枯燥的课，但是周老师把课堂变得非常有趣（经常突然开车）；给分也很公道，而且非常敬业，是个为学生着想的好老师!
90507,391,周黎明,2018-11-23 16:36:36,13,15,2,男神经常会很羞涩地说:这个人好坏诶；坏死了诶。。。男神三观很正又风趣幽默，能把我这种典型工科生讲得想转专业去学法，这功底也一流。绩点比较满意，要是再对一道题兴许就满绩了呢
90510,391,周黎明,2018-11-23 17:09:31,4,4,0,上课超有意思!
90511,391,周黎明,2018-11-23 17:09:35,4,4,0,周老师真的超棒！也能学到很多东西！
90513,391,周黎明,2018-11-23 17:20:32,0,1,1,真的是好老师！！！
90516,391,周黎明,2018-11-23 22:59:02,5,5,0,老师上课会讲很多案例 而且有很多很实用的法律小知识 给分也好！！！这个老师真的超级好哇！！！！
90518,391,周黎明,2018-11-23 23:32:11,1,1,0,男神！！！
90523,391,周黎明,2018-11-24 00:08:15,1,1,0,上课全是各种有趣的经济法案例，从不点名，作业狂少，期末开卷还能满绩，这是什么，这是天使啊！！
90524,391,周黎明,2018-11-24 00:10:21,1,2,1,轻松愉悦
90525,391,周黎明,2018-11-24 00:13:38,0,2,2,必须满分！老师谈吐很风趣，把理论实践结合的很好啊～\n\n
90528,391,周黎明,2018-11-24 00:59:10,11,11,0,非常好，劝君珍惜！\n\n1老师讲课很有趣，听课是一种享受，不需要用点到了保证到课率。\n\n2非常实，每节课都是收获满满，了解并理解了许多法律的概念，规定，基本的推理。还有很多有趣而又实用的案例（讲他好友的案子确实流泪了）。\n\n3除了知识我觉得还有法律教育在里面：法律无处不在，了解法律，遵守法律，运用法律是每一个经营者和公民应该做的\n\n4作业只有一份简单合同起草（交了就可以），考前老师划重点（但可能遗漏！）考试大题很简单（简单计算和原题分析）选择题设计法律运用，还是有一点难度的，好好听讲，理解法律应该不是问题。给分是很不错的，但是毕竟有正态，还是要好好努力的
90530,391,周黎明,2018-11-24 01:06:49,2,3,1,老师真的超级超级好   听了周黎明老师的课能学到很多人生哲理：如华衣夜行，意思就是你越有钱实在是太想炫耀了，就穿着华丽奢华的衣服晚上出来走一走，讲的就是越有实力就越要低调，不管自己身居高位还是家产万贯都要低调   哈哈男神太可爱了  我要给老师一百分！！！！
90534,391,周黎明,2018-11-24 01:24:01,16,16,0,我很负责的告诉你，不论你喜不喜欢法学，你不选这门通识，真的是白来一次浙大。多少人挤破头抢的课，就像香车美女一样，抢到就是赚到。
90537,391,周黎明,2018-11-24 01:29:17,1,1,0,能选上周老师的课，是最幸福的事，在课上学到的知识我一生受用不尽，最好的老师！
90541,391,周黎明,2018-11-24 01:45:54,1,1,0,风趣的课，风趣的老师-
90547,391,周黎明,2018-11-24 02:29:41,2,2,0,感恩老师 不点名但我也居然一次课也没有逃 听课真的很开心 干货很多！绩点也满意 感恩感恩好想再听老师的课啊
90551,391,周黎明,2018-11-24 03:23:32,0,1,1,黎明我男神
90568,391,周黎明,2018-11-24 06:35:06,1,1,0,男神老师，不解释。人超好，课有趣，学的东西有实用性。从不坐而论道。给分超好
90590,391,周黎明,2018-11-24 08:41:28,2,3,1,万年好老师！！男神周黎明！！话不多说，十分为敬
90601,391,周黎明,2018-11-24 11:55:57,14,14,0,"来迟了...昨天出的成绩，本来打算出成绩前评价的，可以客观点(反正再客观也是要打十分中的满分的)，但是拖到现在出了成绩，我无法客观了！说实话，我想打100分(十分满分的那种)！老师给我超高的绩点，我真的要哭辽！老师上课real有趣，能连着听三节课不下课都行！而且不点名，我那次专业面试在群里和老师请假，老师就回了一句""不用请假，从不点名""，简直太可爱，太霸气了！完全是强者才有的自信丫！我运气是真的太好了才能选到这么可爱的老师的课！总之，老师是我上了大学第一个爱上的老师，人格魅力真的无敌棒了！讲课不仅风趣而且收获也无敌多！我爱老师一辈子！"
90665,391,周黎明,2018-11-25 04:03:25,1,3,2,超级棒啊！！上课很风趣，老师本人心地也很好，很关照学生。而且有时对一些事情会显露出自己的真性情，不会藏着掖着。男神周黎明老师！！而且对学生很尊敬！大学第一个满绩！
90698,391,周黎明,2018-11-25 10:24:54,1,1,0,获益匪浅，课堂气氛很好
90782,391,周黎明,2018-11-26 04:26:28,2,3,1,周老师讲课特别有趣，而且周老师一直都很感谢来听他课的学生，是一个理性和感性并重、专业知识与幽默精神的完美结合！
90830,391,周黎明,2018-11-26 11:00:30,3,3,0,上课很有趣很生动 给分也很好啊 ！！！
90921,391,周黎明,2018-11-27 12:09:49,1,2,1,谢谢老师
90998,391,周黎明,2018-11-28 15:20:50,0,1,1,哈哈哈哈哈好\n\n
91004,391,周黎明,2018-11-29 00:56:31,6,6,0,案例回去可以给舍友吹逼
91104,391,周黎明,2018-11-30 02:48:53,4,5,1,上得超级风趣，学知识的同时听趣闻，非常有意义。绩点也挺好的，我和我的朋友都是4.8！谢谢老师^_^
91117,391,周黎明,2018-11-30 12:05:54,1,1,0,男神！！！
91119,391,周黎明,2018-11-30 12:36:23,2,2,0,上课超棒，给分也很赞。
91156,391,周黎明,2018-12-02 08:58:29,1,1,0,不必多说，妥妥一辈子男神
91199,391,周黎明,2018-12-03 06:54:47,11,12,1,最后一节课老师向我们鞠躬，我们鼓掌了好久，想哭?
91391,391,周黎明,2018-12-07 23:35:47,2,3,1,对学生怀有深情
91442,391,周黎明,2018-12-10 10:50:23,3,3,0,太棒了！不仅课有意思，而且能学到很多东西！老师人很好
91461,391,周黎明,2018-12-11 02:10:18,5,6,1,老师的声音对耳朵来说是一种享受\n\n老师举的例子对心灵是一次洗涤\n\n......\n\n编不下去了\n\n总之就是超棒超棒der！！！\n\n男神！男神！♪～(´ε｀　)
91560,391,周黎明,2018-12-13 08:06:51,2,4,2,男神♪～(´ε｀　)
91617,391,周黎明,2018-12-16 05:29:05,21,24,3,下面同学都说了课很有趣。的确很有趣，也有用。不过感觉为什么都是绩点4.5以上的幸运者。。。这是我第一门被正态的课。。老师给了79分，这个数字也能知道老师是都想给90以上的（毕竟没什么事情，考试也超级简单）。怎么说呢，去他*的正态，老师仍然是男神ε=(´ο｀*)))唉
91664,391,周黎明,2018-12-20 03:13:24,4,5,1,幽默的老师\n\n丰富的案例\n\n真诚的心
91817,391,周黎明,2018-12-21 05:10:21,6,6,0,是真的很好！！！！我爱死了！！
91942,391,周黎明,2018-12-25 05:23:01,-24,1,25,既然老师说想低调一点 我就少给个两分吧 八分
91954,391,周黎明,2018-12-25 05:46:27,7,7,0,非常好的老师。课程内容也比较实用，和高中政治法律模块挺像的。之所以喜欢老师，一个是因为老师的专业水平高，教学风格也很贴近学生，再一个是因为老师非常爱岗敬业，对学生们都很好。上课一定要早点去鸭老师很火的经常没有好位置。
91993,391,周黎明,2018-12-25 08:57:24,1,2,1,激动人心，很好玩也很启发
92012,391,周黎明,2018-12-25 11:49:37,2,4,2,大众男神
92035,391,周黎明,2018-12-25 13:54:30,7,8,1,老师上课讲故事真的很有趣，老师还很感性，有时候说着说着就感觉要落眼泪了。最后期末给分实在是挺好的了，我们的成绩提交了一天都无法提交（成绩高的太多了）老师是真的很努力在给每一个同学比较公正的分数了 男神本人！
92142,391,周黎明,2018-12-26 15:44:23,6,6,0,真性情，率真之人，干法律这行然而有一颗感性的心，难得的良心课，良心老师
92203,391,周黎明,2018-12-27 04:26:24,1,3,2,男神！！
92257,391,周黎明,2018-12-27 09:25:10,3,6,3,是第一个让我点开评分表只为打个十分的老师
92344,391,周黎明,2018-12-28 02:22:24,0,2,2,男神！！！！！！！
92496,391,周黎明,2018-12-31 10:35:32,3,5,2,是心动的感觉！老师要是年轻些，一定是妹纸们的理想男票！
92717,391,周黎明,2019-01-04 03:10:56,8,9,1,分高事少有干货……少见的好课，真心推荐
92820,391,周黎明,2019-01-27 08:41:59,1,2,1,老师的课很有意思 很轻松
92879,391,周黎明,2019-01-05 09:26:19,1,2,1,好！好！好！
92971,391,周黎明,2019-01-06 11:55:11,2,2,0,很舒服\n\n
93120,391,周黎明,2019-01-07 11:34:35,4,5,1,可以夜游浙大
93130,391,周黎明,2019-01-07 13:30:10,16,18,2,今天上课的时候话筒坏了没法用，大家尝试各种解决办法，无果。于是一大教室的人浩浩荡荡去了三楼上课，然而教室太小装不下全部同学，导致一部分同学只能站在教室后面听课。老师对此表示非常非常抱歉，然后自己也站着讲完了两节课。啥也不说了，真男神。(其实能听周男神的课已经很令人开心了，站一会儿又算什么呢hhh
93202,391,周黎明,2019-01-08 06:12:03,3,5,2,好好复习开卷考，开卷老师有重复题放出来。认真复习一天5.0
93383,391,周黎明,2019-01-09 09:34:52,2,2,0,忍不住放下手机
93428,391,周黎明,2019-01-09 13:39:41,0,2,2,讲故事很有意思
93446,391,周黎明,2019-01-09 15:48:55,17,20,3,目前为止只遇到过两位老师每次下课后全体同学鼓掌，一位是李将云老师，另一位就是周男神了！能让每个上完课的同学都由衷地感谢，这才称得上是优秀的老师！
93547,391,周黎明,2019-01-10 09:39:21,0,1,1,。。。
93558,391,周黎明,2019-01-10 11:17:15,0,1,1,榜样\n\n?
93682,391,周黎明,2019-01-11 13:03:02,59,64,5,不会忘记周老师那个对着300来人的深深的鞠躬，不会忘记周老师那句“希望能够一直与大家做朋友”。掌声雷动。
93782,391,周黎明,2019-01-13 15:15:16,9,11,2,周男神不是为了教书而上课，他是为了育人而上课。最后一节课的那一深鞠躬，真的实力圈粉了。
93854,391,周黎明,2019-01-22 09:17:01,-22,31,53,那些帮买书说话的 请理解我们只是一门通识课 大概下面评论有很多是法学专业课的吧 我承认老师讲课很有趣 我也觉得老师并不缺这些书的钱 只是觉得这种用开卷考的知识点在旧书上没有这种手段来强制买书的行为令我....可能只是之前查老师的风评太好了导致印象相差过大的失望吧 希望你们真的是喜欢他的人品与讲课 而不是单纯因为给分好的尬吹
93916,391,周黎明,2019-01-14 08:36:44,0,1,1,不说了，男神周黎明！
93984,391,周黎明,2019-01-14 14:35:09,0,1,1,很不错
94050,391,周黎明,2019-01-15 04:43:13,0,1,1,不要太舒适
94489,391,周黎明,2019-01-17 01:26:32,0,1,1,周黎明老师男神
94575,391,周黎明,2019-01-17 08:40:26,0,1,1,男神啊真的男神！！！全程无睡点！课好事少给分好 太爱了！！！
94924,391,周黎明,2019-01-18 12:57:52,4,17,13,楼下说新书推销那位有点过分了吧，法律这种东西，更新改革的速度很快，之前旧教材很多地方都改版了，老师结合这几年的新案件，以及银行法不良资产那里近年来的新问题，更新了新版本的书，更加符合当下也贴近现实，怎么就变成推销自己的书了？？？如果老师不出新书，上课那些新的内容都是旧书没有的，开卷考不是更吃亏吗？？？而且我个人认为，周老师应该不缺出书的钱吧？能别这么狭隘吗......
95541,391,周黎明,2019-01-19 14:31:37,0,1,1,好老师。
95828,391,周黎明,2019-01-20 06:03:14,0,1,1,老师太棒啦！上课深入浅出！
95862,391,周黎明,2019-01-20 06:50:56,0,1,1,无敌好
95868,391,周黎明,2019-01-20 07:01:25,0,1,1,希望浙大多一点这样的老师，学生爱听，也能学到知识
95898,391,周黎明,2019-01-20 07:49:00,-16,11,27,推销55.2元的新书，一门通识两本超贵的书，真的费钱，考完就无理由退货
95935,391,周黎明,2019-01-20 08:47:52,0,1,1,十分还用说?
96320,391,周黎明,2019-01-20 23:44:55,0,1,1,周男神太棒啦！
96433,391,周黎明,2019-01-21 03:32:57,1,20,19,满绩了！！！谢谢老师让我拿到大学第一个满绩！！\n\n老师真的是太帅了 上课特别生动！！\n\n真正的师者\n\n还有说推销书的，真的是冤枉老师了，老师在书上更新了许多近年的知识，而且也说了可以不买。\n\n难道你们觉得教材可以不更新就一直用旧的教材吗？\n\n难道你们觉得老师在新书出版后就要为了避免推销的嫌疑不在微信群里告诉大家？\n\n也有很多同学想要买，不仅仅是为了这场考试，这本书很全面，平时看看也很好的呀。并且老师从来没有说过旧书带去考试很多东西会找不到这样的说法，根本没有强制大家。\n\n什么心态啊你们这些人！！\n\n自己买了还在那边逼逼！腹诽周老师！
96498,391,周黎明,2019-01-21 05:16:03,2,6,4,为什么还不是10分？\n\n
96620,391,周黎明,2019-01-21 08:00:58,-8,8,16,吃相难看
96664,391,周黎明,2019-01-21 08:50:25,4,6,2,真的好老师 第一次看到有老师上完课给大家鞠躬，非常感动 但是太遗憾考试错了老师反复强调的一个地方 导致成绩不太理想 不管怎样还是要吹爆周老师啊
97209,391,周黎明,2019-01-22 09:35:33,0,8,8,不咋样
97509,391,周黎明,2019-01-22 09:36:36,-16,10,26,强迫买书 不多说
97511,391,周黎明,2019-01-22 09:37:09,1,1,0,考前来吸一波法律之气\n\n高中的时候立志学法后来感觉自己不是适合读法律的料子，但是对法律的兴趣一直没有变。感谢周老师，老师的鞠躬和签名都会好好放在心里的！等会考试加油哟！
97520,391,周黎明,2019-01-22 09:51:00,0,1,1,考前再来拜一下男神 课程太精彩了！
97604,391,周黎明,2019-01-22 11:56:53,1,3,2,不知道为什么老师是9.97而不是10分
97665,391,周黎明,2019-01-22 12:53:32,-12,8,20,卖书不解释。无理由退货
97784,391,周黎明,2019-01-22 16:05:43,0,1,1,非常喜欢
97805,391,周黎明,2019-01-22 17:39:34,-8,2,10,客观公正吧8分，很替学生考虑，会尽力给高分。\n\n
98301,391,周黎明,2019-01-23 09:49:44,13,22,9,真的服气那些说卖书的 首先周老师没强制你买 可买可不买 新书更新了一些知识点老师也上课讲了 考前老师在群里强调了很多遍 发税率的图发了很多遍 你不买书就把新知识点记下来呗 所以自己不记下来考试写错了还怪老师咯？ 十分不解释 课上得很好 还没出成绩 不过老师给我的感觉真的很好
98315,391,周黎明,2019-01-23 10:08:33,4,5,1,人生的享受，求学的引路人，十分幸运选上男神的课！
98338,391,周黎明,2019-01-23 10:52:51,5,7,2,男神老师，课堂内容生动，将刻板的法条讲得无比生动
99717,391,周黎明,2019-05-06 11:59:46,-63,15,78,感谢男神周黎明老师，大一第三门满绩
99813,391,周黎明,2019-01-25 07:55:29,2,4,2,
100953,391,周黎明,2019-01-27 07:51:04,0,1,1,老师真是太好了，上课讲得好，考试也不为难我们，那些说什么强制买新书的，你们不买也没事啊，上课都有讲啊
100957,391,周黎明,2019-01-27 07:56:16,1,2,1,人生第一门满绩啊，感谢男神老师!
100959,391,周黎明,2019-01-27 08:00:18,0,0,0,非常非常非常棒！给分也好！
100960,391,周黎明,2019-01-27 08:02:27,2,2,0,满绩hhh\n\n吹爆男神
100966,391,周黎明,2019-01-27 08:20:16,0,1,1,一万星好评，男神人生阅历丰富，擅长将枯燥的法律条文融入到生活中，讲课幽默风趣，简单来说，听周老师的课，听一节赚一节，全听完就是血赚，大一的第一个满? ，男神周黎明，男神周黎明！
100969,391,周黎明,2019-01-27 08:27:27,0,0,0,男神周黎明老师！男神周黎明老师！
100971,391,周黎明,2019-01-27 08:29:24,1,1,0,周黎明老师男神!!!!!
100972,391,周黎明,2019-01-27 08:30:24,0,3,3,周黎明男神！我满绩啊啊啊啊！神仙老师！！！！
100973,391,周黎明,2019-01-27 08:31:23,1,1,0,哭惹！！！大学第一个满绩！！！周老师男神！！！上课有趣平时事少！！！期末开卷考也简单！！！！！
100974,391,周黎明,2019-01-27 08:31:43,2,2,0,虽然我的绩点不高。但是这只是我菜而已。\n\n老师真的男神啊啊啊
100977,391,周黎明,2019-01-27 08:33:11,0,1,1,第一门满绩!我永远爱周男神
100980,391,周黎明,2019-01-27 08:37:39,3,4,1,这该死的经济法竟如此的香甜！周老师永远是我男神！
100981,391,周黎明,2019-01-27 08:38:37,3,3,0,第一门满绩  老师男神
100984,391,周黎明,2019-01-27 08:40:21,0,1,1,男神，不解释\n\n
100986,391,周黎明,2019-01-27 08:41:30,0,1,1,周黎明男神 男神！
100987,391,周黎明,2019-01-27 08:41:44,5,5,0,讲课超级棒，考试有失误还给了满绩，周黎明男神!!!!
100988,391,周黎明,2019-01-27 08:43:00,1,3,2,拿了满绩，开心
100990,391,周黎明,2019-01-27 08:45:15,1,2,1,老师的课太棒了，想天天听老师讲课从早到晚。老师真的是一个特别好的人，之前有人在群里说希望老师了解一下梁清华老师不正态的方法，老师立马说他努力试试，今天出分了真的是按等级打的分，收获人生第一个满绩，开心！！！
100991,391,周黎明,2019-01-27 08:45:31,1,2,1,成绩刚出来来评价一下老师。不用说肯定是10分啦，理由就是没有11分了。老师的课很幽默，老师本身就是律师，可以把法律无聊的部分化成许许多多真实且有趣的案例。(老实说听他讲浙大老师的案例是我最期待的，虽然他不会告诉你具体是谁)真的40大几的人了，还能这么帅且有风度。考试也不用担心，只要大致花一个下午把课本和老师的考前复习的PPT看一看熟悉一下考试绝对没问题。而且我觉得这门课相较于其他课确实有比较大的实际意义和价值。没上过经济法的浙大学生生活那就会带上一些缺憾。新年快到了在这里也祝老师身体健康，新的一年事业有成，为更多的浙大学子带来经济法这门课程。
100996,391,周黎明,2019-01-27 08:52:11,0,1,1,老师的课超级棒！！！外加人生第一个满绩。
100998,391,周黎明,2019-01-27 08:53:20,0,2,2,周老师从不点名，上课很有意思，每次6点去就没有位置，考试觉得有点失误但还是给了我满绩！太爱周男神了！
101000,391,周黎明,2019-01-27 08:54:22,0,1,1,老师的案例 让无聊的法律 变得生动 学到了不少东西！强推
101001,391,周黎明,2019-01-27 08:54:31,0,1,1,愉悦的课堂和给分～
101005,391,周黎明,2019-01-27 08:56:04,1,1,0,老师上课超级有趣der！！！\n\n男神周黎明老师！！！
101012,391,周黎明,2019-01-27 09:07:26,0,2,2,唯一一门上四并且满绩的，如此菜鸡的我都能满绩，不说了，吹爆周黎明老师，(●'◡'●)ﾉ❤
101015,391,周黎明,2019-01-27 09:15:52,0,1,1,据说4.2是经济法平均绩点？不说了，吹爆男神
101017,391,周黎明,2019-01-27 09:17:37,-1,3,4,老师很棒，事少给分好，考前只是复习了一个小时最后居然拿到了满绩，很感谢。老师的课也十分有趣，很能普及法律常识，但更多的也只是法律常识。当然我觉得，这就够了
101023,391,周黎明,2019-01-27 09:23:55,0,0,0,课好事少给分好
101028,391,周黎明,2019-01-27 09:29:31,0,0,0,只要上课稍微认真一些，把老师说的重点复习好，必然有回报。老师的课真的很有意思，周黎明老师男神！
101029,391,周黎明,2019-01-27 09:36:17,0,0,0,真是妙啊
101039,391,周黎明,2019-01-27 09:59:59,1,1,0,老师上课是真的好，会用许多亲身经历的案例来讲，经典案例也并不枯燥，十分有趣，例如讲商标法的时候，会有许多奇葩的假冒伪劣产品名字令人发笑，我现在还有深刻记得一些案例主人公的名字，不仅有趣，还学到并掌握了知识点，大爱周黎明老师，周黎明我男神。记住周老师的一句话，求学是最大的乐趣。
101366,391,周黎明,2019-01-28 05:51:30,2,3,1,上课有趣又不点名就不说了\n\n反正复习就是考前看了两个小时\n\n简单……快捷……满绩……\n\n你值得拥有！
101440,391,周黎明,2019-01-28 08:09:18,2,4,2,周黎明老师男神！\n\n周老师将做律师的经验和课本理论知识结合在一起，课上充满精彩实例，简直不能错过分秒！作业是一张A4纸大小的合同，开卷考的内容也是上课重点讲过的（考前还会划重点！），如果不是要求正态，老师大概想给每一个可爱的学生满绩来着XD。\n\n我会永远保留周老师签名留字的书，也会在生活中更爱法律的！谢谢老师！
101517,391,周黎明,2019-01-28 10:41:04,2,6,4,感谢周老师，喜提我在浙大的第一门满绩！【限于篇幅，各种赞颂周老师的话请看前排。】
101554,391,周黎明,2019-01-28 12:08:06,0,0,0,事少给分好，讲课超级有趣，案例生动活泼，我觉得买书没大毛病，毕竟这本书留着收藏也挺好的，有很多法律知识，以后看看也有帮助的。就是人太多永远占不到前排哈哈哈
101755,391,周黎明,2019-01-29 04:04:52,0,0,0,棒！周黎明男神！
101775,391,周黎明,2019-01-29 04:58:20,0,0,0,给分超级好！听老师上课就是一种乐趣！
101886,391,周黎明,2019-01-29 12:44:21,0,0,0,老师人很好，给分也好，上课风趣，非常棒的上课体验！
101901,391,周黎明,2019-01-29 14:52:10,0,1,1,爱您一辈子！！！
102167,391,周黎明,2019-01-31 02:22:28,6,10,4,赞美周老师的话不多说，楼上都有，10分～\n\n谈谈新书的问题。换新书是必然的，舍不得50r买本新书就罢了，老师也没强迫你去买啊；同学也有在群里发新书新添的内容，完全可以请求同学帮助，花点小钱去复印，考试考到新增内容考不出来反而来怪老师，不想想自己的原因吗？我想这只是得过且过的心态造成的结果，完全是态度问题吧。严重怀疑这类同学选课的目的，上课到底是学知识还是混学分？
102292,391,周黎明,2019-01-31 23:58:37,4,4,0,话不多说，原来以为自己要凉凉，结果起飞了。自行体会这是怎样好的老师，讲课很有意思！
102373,391,周黎明,2019-02-01 09:29:23,1,2,1,男神本神！吹爆！满绩开心！上课有意思！
102414,391,周黎明,2019-02-01 15:42:06,1,2,1,给分不错，上课特别有味道，考试并不为难人，只要认真学习，还是可以有一个好成绩的，我认为这就是好的通识课，或者是就是最好的老师。签名的时候还要很认真地写下祝福语，当时真的特别感动
102433,391,周黎明,2019-02-02 02:24:32,2,4,2,人好事少上课听故事考试开卷给分高你还想咋样
102502,391,周黎明,2019-02-03 14:53:52,3,3,0,超级老师
102612,391,周黎明,2019-02-13 06:29:50,8,10,2,说推销书的什么毛病?老师没强制买而且有同学把旧书没有的部分在群里发了好几遍了，都9012年了，个税的计算方式都变了您还想用原来的计算方式算呢?(况且新的老师也在群里重复发了很多遍了这么明显的暗示您不能用笔记一下?)周老师是很棒的老师，强推!
102712,391,周黎明,2019-02-22 02:05:11,3,4,1,老师真的非常不错，作业蛮少，给分也很高。上课都是座无虚席，讲了很多有趣案例，很喜欢他！
102910,391,周黎明,2019-02-25 02:25:10,1,2,1,男神！老师太好了！
103006,391,周黎明,2019-02-25 10:12:05,0,1,1,课很棒
103051,391,周黎明,2019-02-25 16:10:59,0,0,0,讲课有意思，能学到东西，事不多，给分好！
103142,391,周黎明,2019-02-26 06:53:17,0,0,0,快乐·！
103176,391,周黎明,2019-02-26 11:14:44,5,6,1,浙大必修课！不听你都不知道什么是有用的通识课，什么是好老师（水平高，人品佳）！过年会给我们发红包，呜呜呜，幸福！
103327,391,周黎明,2019-02-27 10:15:45,1,2,1,吹爆！
103347,391,周黎明,2019-02-27 11:38:57,0,1,1,大爱！
103382,391,周黎明,2019-02-28 00:08:31,2,2,0,还不错哦
103514,391,周黎明,2019-03-01 00:15:08,1,1,0,讲的太好了！事儿又少！强推！男神！
103600,391,周黎明,2019-03-02 05:41:26,12,12,0,满足了我对通识课的一切美好想象
103643,391,周黎明,2019-03-03 12:32:40,2,3,1,浙大最爱的课，没有之一！荡气回肠，极其生动，不听周老师的课，绝对是浙大生活的损失！墙裂推荐！
104128,391,周黎明,2019-03-12 13:13:20,21,23,2,大一秋学期就选上了老师的经济法通识课，导致形成了“通识课就应该像这样，上课轻松却能学到知识，不点名，无作业，给分好”的美好印象。之后再上其他通识课，才知道并非如此。正所谓，曾经沧海难为水。
104185,391,周黎明,2019-03-13 15:02:47,3,5,2,不解释 没选到也最好去旁听吧
104497,391,周黎明,2019-03-21 15:59:15,2,3,1,超棒的
104533,391,周黎明,2019-03-23 02:35:07,-42,18,60,水课吧orz，反正我是觉得他上课内容有时候挺无聊的，一些低级趣味的段子，也不知道为什么会有这么多人笑得出来。不过分享案例的时候还是很赞的，就事少不点名给分好。这种课其实只要你花点心思很容易满绩的，而且我的确觉得换新书是有点不合理，为什么不能拖后一个学期呢，而且还明示了考试会出新书上的题..而且楼下评论说这种思想是来水绩点水学分的，是的我的确是来水的，但我认真听课了作业认真做了课后也打印了厚厚的一打资料学习，最后我们宿舍三个人都满了。不过老师的确人还好吧，至少在书上签名留念的时候还是很耐心的，但我只是单纯的认为换新书的处理有些不妥当。
104607,391,周黎明,2019-03-25 05:09:50,1,1,0,nice
104685,391,周黎明,2019-03-26 03:28:19,4,4,0,牛逼啊
105628,391,周黎明,2019-04-17 12:50:34,2,3,1,周黎明老师是真的男神啊！打9分肯定太少必须10分！老师让我对法律真的好友兴趣? 喜欢老师！！
105770,391,周黎明,2019-04-20 08:32:03,0,1,1,男神周黎明老师！男神周黎明老师！?
105787,391,周黎明,2019-04-20 13:23:16,4,5,1,真的很不错，从原来只有几十人的小班扩充到现在几百人的大班，这是有原因的。学到的东西很实用，老师讲的案例很精彩 。
105814,391,周黎明,2019-05-02 15:49:56,19,20,1,GPA不是特别好，没有达到预期，但是学到很多，特别想知道谁举报的，呵呵……老师人真的很好，私底下题目不懂问百分之九十几会回的，其他的可能就是我问的太弱智了，求学是最大的乐趣-----周黎明    当座右铭吧！
105893,391,周黎明,2019-04-22 23:58:36,17,19,2,经济法考试前一晚周黎明男神托梦给我，帮我打官司，这可太真实了。希望选了这门课的各位都牢记周爸爸的那句话：“做人最重要的是低调，锦衣夜行。”
105921,391,周黎明,2019-04-28 09:13:54,0,3,3,好
105926,391,周黎明,2019-04-23 08:05:05,1,1,0,
105946,391,周黎明,2019-04-23 12:35:58,1,2,1,10分
105947,391,周黎明,2019-04-23 12:38:32,4,4,0,三百多人的大教室没座位
105948,391,周黎明,2019-04-23 12:39:43,5,7,2,分还没出，但是很棒的通识课体验!
105952,391,周黎明,2019-04-23 13:13:35,6,8,2,真的没话说，幽默+情商超高，最后那句“相信自己，也相信我”好戳，爱了爱了
105953,391,周黎明,2019-04-23 13:16:56,2,3,1,吹爆周老师！！！！！！！何等幸运才能上您的课啊！！！！
105955,391,周黎明,2019-04-23 13:18:23,3,3,0,超级爱超级喜欢的一位老师\n\n是真的听了课结课的时候会不舍的\n\n期待他会开其他课ᶘ ᵒᴥᵒᶅ
105973,391,周黎明,2019-04-24 01:41:26,10,10,0,10分，爱了爱了。很优秀的老师，人也特别谦虚，上他的课你才有感觉自己上了大学。我是何等幸运才选上这门课的。\n\n
106213,391,周黎明,2019-04-25 15:01:40,1,2,1,呜呜呜我爱周黎明男神的经济法！
106221,391,周黎明,2019-04-25 17:08:08,4,7,3,在老师的课上和喜欢的人变熟了(以前都是略有耳闻)\n\n虽然我分不高但是还是很感谢能恰好都选还都选上！
106284,391,周黎明,2019-04-26 06:19:01,5,6,1,有什么理由不给满吗？
106570,391,周黎明,2019-04-28 06:56:56,2,2,0,非常非常关心学生
106920,391,周黎明,2019-04-30 08:34:01,0,0,0,幽默风趣
107082,391,周黎明,2019-05-01 11:48:25,0,0,0,很好的
107146,391,周黎明,2019-05-02 02:21:03,26,31,5,要是浙大每门通识课的老师都和他一样。早就世界一流了
107154,391,周黎明,2019-05-02 02:44:00,0,1,1,超级好
107159,391,周黎明,2019-05-02 03:04:12,-3,1,4,满绩，
107160,391,周黎明,2019-05-02 07:29:49,23,24,1,嗯...这次因为以前等级制度被举报了只能用正态，貌似成绩不再水了，不像之前某低票同学讲的是门容易拿满绩的水课...但那又怎么样呢...我反倒是希望这样可以筛选掉那些来水学分一上课就坐着舒舒服服全程打游戏玩手机的人，毕竟，教室后排和走道边也还总是有些享受听课的同学，也总还是有很多没能选上的同学。永远做周黎明男神的小迷弟！
107161,391,周黎明,2019-05-02 03:16:20,6,6,0,事少课有趣，很少的不会上课不停看表的好课，浙大必修＼(^▽^)／！必须十分
107164,391,周黎明,2019-05-02 03:39:04,31,35,4,虽然我被正态了（79）但我还是要给老师满分
107167,391,周黎明,2019-05-02 04:01:22,7,7,0,轻松愉悦，每周的享受！很喜欢经济法理论与实物，老师很暖很有个人魅力，同学们也很捧场，看得出老师的小迷妹小迷弟非常多
107170,391,周黎明,2019-05-02 04:36:04,11,13,2,在浙大读书，不学一次周老师的经济法，真的是一种遗憾
107177,391,周黎明,2019-05-02 05:37:48,6,6,0,很好的老师，不管成绩怎样，都打10分\n\n\n\n
107182,391,周黎明,2019-05-02 06:03:14,-1,1,2,很棒啦，事少给分好，最后复习的时候看看书发现也学到了不少东西（ '▿ ' ）
107187,391,周黎明,2019-05-02 06:54:01,1,1,0,还记得有次要换教室人挤人蜂拥抢座位的盛况哈哈
107191,391,周黎明,2019-05-02 07:38:06,2,4,2,上课很有趣，内容很实在，作业很少，上课认真听很轻松能满绩。(推荐听课的时候把老师报的课本习题答案都记下来，期末考会用)  \n\n但是，奉劝那些选了课却不好好听课的同学别选了，把名额留给想学习的人吧！
107192,391,周黎明,2019-05-02 07:40:30,10,12,2,看到群里大家不约而同发“周黎明老师男神”表情包就知道我们有多爱经济法啦！虽然因为正态可能不会拿到那——么高的绩点，但还是收获满满！超级感动老师上完课给大家鞠的躬，以及出成绩前在群里说的话！还记得最后一堂课结束后大家排着长队要签名233讲的都是和我们生活相关的！内容很有趣！老师风度翩翩英俊潇洒幽默风趣！我叱咤商界的第一步就从老师的课堂开始了（假的。
107207,391,周黎明,2019-05-02 08:28:52,1,10,9,我本来会像大家一样，在查老师上用美好的言辞赞美老师一番。到后来一想，何必要随波逐流呢。何必要隐瞒自己内心的不满去昧着良心说话呢。当个学生真累。
107214,391,周黎明,2019-05-02 09:36:47,3,3,0,真的好
107219,391,周黎明,2019-05-02 10:54:36,3,4,1,非常荣幸选到男神的课～
107230,391,周黎明,2019-05-02 12:51:59,9,10,1,周老师上得有多好多有人格魅力我就不赘述了，很多同学讲得比我要好，就是来说一声感谢老师给的满绩！！！
107242,391,周黎明,2019-05-02 14:26:29,4,4,0,男神周黎明老师ヽ(≧Д≦)ノ
107252,391,周黎明,2019-05-02 16:20:30,0,1,1,超级棒的！上课讲的东西有趣又有用，作业超级少，总之，强推！老师超级男神哇！
107278,391,周黎明,2019-05-03 02:37:09,1,1,0,老师真的很好啊！
107293,391,周黎明,2019-05-03 05:38:06,1,3,2,有趣事少给分好！果然是男神啊啊啊！！！上课的时候分享的真实案例真的太有趣了，有的简直比电视剧还要戏剧性。建议大家上课时对课本上的案例分析做点笔记，考试可能会考到课本原题。平时只要对着模板写一份合同或者借条，考前把书看一遍，考试不难的。
107386,391,周黎明,2019-05-04 16:29:36,1,1,0,其实想解释一下上课做后排其实并不是因为不想认真听课，而是下午上完课吃完晚饭来教室基本已经坐满了(ฅ>ω<*ฅ)\n\n听老师的课真的很有收获，而且老师授课非常幽默风趣，深入浅出~
107388,391,周黎明,2019-05-04 19:36:36,49,52,3,实名diss哪位举报的同学，招你惹你了？祸害一个。
107554,391,周黎明,2019-05-06 12:46:44,7,7,0,好好好，给分也很好
107730,391,周黎明,2019-05-08 14:24:55,7,7,0,超级棒的老师！
107766,391,周黎明,2019-05-09 10:52:03,5,8,3,实战派
107798,391,周黎明,2019-05-10 01:29:58,5,7,2,收获很大
107853,391,周黎明,2019-05-10 11:13:44,8,8,0,很不错的
107882,391,周黎明,2019-05-11 00:21:22,7,8,1,自由开放
107891,391,周黎明,2019-05-11 00:30:43,9,11,2,查老师高分榜前列
107937,391,周黎明,2019-05-12 02:06:45,4,7,3,很有实战经验
107941,391,周黎明,2019-07-07 01:50:28,22,25,3,男神周黎明！挥舞荧光棒！
107959,391,周黎明,2019-05-12 10:06:45,5,6,1,太精彩了！
108013,391,周黎明,2019-05-13 01:38:58,2,5,3,很好！
108208,391,周黎明,2019-05-16 10:00:54,6,6,0,太好了！
108216,391,周黎明,2019-05-16 16:04:53,4,5,1,浙大最好的老师之一！
108244,391,周黎明,2019-05-17 08:50:42,32,32,0,周老师跟竺校长分一样高了
108391,391,周黎明,2019-05-22 12:44:46,6,6,0,非常实用。经济法是现代人必备的知识，周老师用精彩鲜活的案例给我们好好上了一课！
108564,391,周黎明,2019-05-28 15:45:49,3,4,1,大学唯一一个一分钟都不舍得不听的课
108603,391,周黎明,2019-05-29 11:36:43,6,6,0,给个10
108611,391,周黎明,2019-05-29 15:19:41,4,5,1,经历令人羡慕
108620,391,周黎明,2019-05-30 02:59:16,5,5,0,怎一个好字了得
108783,391,周黎明,2019-06-02 04:45:38,7,7,0,周老师真的超棒超nice！来到浙大遇到的最好的老师之一！！！
108822,391,周黎明,2019-06-03 02:53:01,6,7,1,男神周黎明老师！.gif
108860,391,周黎明,2019-06-03 10:01:28,2,3,1,男神！！
109088,391,周黎明,2019-06-08 01:47:14,3,7,4,呜呜呜这学期被正态到3.3了
109093,391,周黎明,2019-06-08 03:58:26,1,2,1,讲课幽默风趣，内容充实
109315,391,周黎明,2019-06-13 05:33:34,8,10,2,为什么不是10.00！！！！
109322,391,周黎明,2019-06-13 05:54:53,0,1,1,听他讲那些案子，贼有趣
109603,391,周黎明,2019-06-17 12:19:51,2,2,0,男神啊！风趣又幽默，善解人意，复习直中要害啊啊啊啊啊爱老师❤️
109644,391,周黎明,2019-06-18 06:26:56,26,30,4,那个举报男神的傻叉是哪个？\n\n
109769,391,周黎明,2019-06-19 05:58:41,2,2,0,男神周黎明
109819,391,周黎明,2019-06-19 12:05:24,0,0,0,男神。
109903,391,周黎明,2019-06-20 05:53:50,-27,4,31,老师一般般…
111110,391,周黎明,2019-06-30 00:17:55,4,4,0,什么也不说了，都怪自己\n\n平时太水，期末太菜\n\n活该被?杀 \n\n\n\n但是周黎明老师男神!!!
111519,391,周黎明,2019-07-02 00:38:50,0,1,1,特别好的老师
111527,391,周黎明,2019-07-02 01:20:05,12,12,0,经济法真的很棒，就算被正态，就算1.5 ，我也打10分
111647,391,周黎明,2019-07-07 01:28:09,-37,10,47,没上过一节课，考试前没打开过书，考场现学4.8
112477,391,周黎明,2019-07-04 11:01:43,3,4,1,给分好！事情少！故事有趣！老师人好！虽然课程略水。给周男神打十分！
112852,391,周黎明,2019-07-05 06:12:00,0,1,1,必须10分，虽然期末考炸了～
113406,391,周黎明,2019-07-06 17:06:13,9,10,1,老师完美无瑕，选上是你的造化。一个最烦法律的工科生最后被老师深深地打动了，经济法真好玩，周老师真男神
113439,391,周黎明,2019-07-06 17:21:10,2,7,5,法学生虽然4.8没有满，但是老师太有魅力了，小西装，儒雅随和，我喜欢么么哒~举报老师的酸精滚蛋吧！
113492,391,周黎明,2019-07-09 09:13:33,5,7,2,老师上课很棒，这是我听得最认真的通识课！
113500,391,周黎明,2019-07-06 19:23:48,0,0,0,老师真的很好
113514,391,周黎明,2019-07-06 22:09:30,1,3,2,第一次发现法律这么有趣，第一次知道了解经济法这么重要，感谢男神?
113521,391,周黎明,2019-07-06 22:40:23,-6,6,12,复习了两天只要4.2也不知道为啥\n\n可能是我菜吧
113531,391,周黎明,2019-07-06 23:10:28,7,11,4,工科生从来没接触过这类知识本来以为正态要凉了结果4.8。老师讲的很好案例都很有趣超级赞了。
113545,391,周黎明,2019-07-06 23:40:25,4,5,1,周老师好棒！
113546,391,周黎明,2019-07-06 23:40:52,-1,9,10,收获的第一个满绩，努力是有回报的，不枉我复习经济法那么久，这也算的上我第一门认真听课几乎没碰手机的课了，感谢男神！
113580,391,周黎明,2019-07-07 00:26:26,2,5,3,zju少有的可以学到真正实用知识的选修课 不上真的会后悔
113582,391,周黎明,2019-07-07 00:29:23,4,7,3,就是好。没什么可说的，他们都已经说完了。
113617,391,周黎明,2019-07-07 01:18:05,1,3,2,老师的好我就不说了，大家都懂
113621,391,周黎明,2019-07-07 01:22:39,1,2,1,超级棒\n\n
113640,391,周黎明,2019-07-07 01:44:28,-34,14,48,真的过誉了好吗\n\n不要听那些彩虹屁?\n\n吹的天花乱坠
113644,391,周黎明,2019-07-07 01:52:56,8,9,1,可能评论里面说老师的课水，但是我得说在zju这么多通识课里面，这门课是少有的给分好又有趣，学生愿意学的课。通识课本来就是了解为主，拓宽眼界的吧
113651,391,周黎明,2019-07-07 02:05:26,1,1,0,很风趣
113706,391,周黎明,2019-07-07 05:04:21,10,11,1,求学是最大的乐趣
113725,391,周黎明,2019-07-07 06:01:18,2,7,5,emmm…上了课也会被正态…其实周老师挺好的，但可能还是针对兴趣高的同学吧，不感兴趣的想要绩点就算了……
113728,391,周黎明,2019-07-07 06:15:52,-10,8,18,没有吹得那么好但是还是很好（废话）\n\n其实老师更偏向实务，理论上可能是为了照顾大部分学生，显得并非很专业。（其实周男神不是法学院的？）\n\n总体而言，局限于法条。\n\n
113945,391,周黎明,2019-07-08 01:53:49,0,3,3,就是高中那种会侃的语文老师嗯。高中学过政治的还是很轻松的。
113953,391,周黎明,2019-07-08 02:30:50,2,3,1,有趣 听到了很多现实的案例 也学到了挺多有用的知识 上课氛围很轻松 作业就是一个简单的合同 考试的话上课好好听案例 把老师划的重点好好理解一下 考场上狂翻书就好啦～
114066,391,周黎明,2019-07-08 16:16:45,-3,7,10,一般般吧
114103,391,周黎明,2019-07-08 23:14:32,3,6,3,最有趣的通识课之一 最水或者说锅最少的通识课没有之一整个下来只有一个一晚上就写完的合同作业 老师很有实力毕竟写了这么厚一本书 最后感谢老师 学经济法一是早就耳有所闻 一是以后非常有用 谢谢老师！
114480,391,周黎明,2019-07-10 05:16:37,5,6,1,上课内容很有意思，真的是远比电视剧精彩，老师人也很为同学们着想，就是一句男神！唯一不足的是班级实在人太多了，不便于管理和评价，对上课效果也有影响
114684,391,周黎明,2019-07-11 03:43:27,3,3,0,老乡！棒
114998,391,周黎明,2019-07-14 02:10:54,4,5,1,不会有比经济法更好的通识课
115041,391,周黎明,2019-07-15 00:23:43,1,2,1,男神！！
115058,391,周黎明,2019-07-15 02:54:00,1,1,0,男神！！！
115474,391,周黎明,2019-07-26 11:05:00,6,6,0,事少分高\n\n男神的课可以，让你纵使作业还没补完纵使小测就在眼前纵使还有一堆锅要肝也选择认真听课
115507,391,周黎明,2019-07-30 08:24:15,-19,6,25,感觉大家吹的有点过了。讲课还是很有意思的，好好学能学到知识，不好好学就算了。然后我莫名被正态，刷新了绩点新低。
115714,391,周黎明,2019-08-19 11:43:30,1,2,1,周老师真的很厉害！讲课真的非常好！
115715,391,周黎明,2019-08-19 11:44:00,0,0,0,老师tql
115729,391,周黎明,2019-08-19 12:14:40,-2,2,4,...
115903,391,周黎明,2019-09-12 08:31:22,1,2,1,上完体验，就算被正态我觉得也是值得的，而且最后复习两天沒有被正态，超赞
116215,391,周黎明,2019-09-06 09:21:28,0,0,0,超级棒！
116372,391,周黎明,2019-09-09 23:48:50,0,0,0,好好好
116938,391,周黎明,2019-09-17 11:42:33,0,1,1,经常讲段子
116966,391,周黎明,2019-09-18 01:10:47,2,3,1,男神！把我整的想学法律辽
117009,391,周黎明,2019-09-18 07:15:24,1,1,0,爽死了
117104,391,周黎明,2019-09-19 07:29:46,0,0,0,太好了
117121,391,周黎明,2019-09-19 12:26:04,1,1,0,棒棒棒
117368,391,周黎明,2019-09-23 11:25:09,2,2,0,段子手
117376,391,周黎明,2019-09-23 13:19:32,2,2,0,男神不解释
117377,391,周黎明,2019-09-23 13:43:28,5,5,0,不想当律师的老师不是好段子手
118141,391,周黎明,2019-10-21 13:03:51,3,3,0,好好好
118395,391,周黎明,2019-10-26 10:11:16,0,0,0,很有趣
118552,391,周黎明,2019-10-28 11:53:50,2,3,1,最后一节课时因为以后再也听不到了还还好伤心
118557,391,周黎明,2019-10-28 12:42:47,0,1,1,真的很精彩，开车很厉害
118558,391,周黎明,2019-10-28 12:44:00,1,1,0,男神男神！上课非常有趣，举例也非常生动！爱了！
118891,391,周黎明,2019-11-07 11:33:28,0,0,0,周老师的课真的炒鸡有趣
118962,391,周黎明,2019-11-08 12:14:32,0,0,0,就这样结束了，舍不得
119036,391,周黎明,2019-11-10 00:44:21,0,0,0,目前听过最有意思的课，结束了真的舍不得，平时只有一个合同作业，真的很轻松了
119058,391,周黎明,2019-11-10 02:46:22,0,0,0,老师真的非常可爱。有趣的案例一个接一个，除了合同就没什么作业。课上学的都是干货！一节课都不舍得缺！超爱他！！
119217,391,周黎明,2019-11-11 08:57:35,1,1,0,上课讲的案例都是经典，从案例中分析法律的合理性，生动又幽默。可惜被正态害了
119338,391,周黎明,2019-11-12 06:27:58,0,0,0,周黎明男神
119673,391,周黎明,2019-11-14 23:46:56,1,2,1,赶在出分前给老师来写评论。在众多水水的通识选修面前，这门课是真的能学到很多。上课讲的案例都非常有趣，有趣到都不想下课。我们这个学期还少了一个课时，好遗憾。总之很开心遇见这样一个老师，听了他的课想去学法学了。
120200,391,周黎明,2019-11-23 14:50:42,0,0,0,牛皮爆了
120226,391,周黎明,2019-11-24 09:01:28,-1,1,2,我爱周老师 我第一门满绩！事少分高上课有趣！！大家快选！
120466,391,周黎明,2019-12-09 04:40:05,0,0,0,段子手 宝藏男孩 给分超级好 平时事儿超级少
120495,391,周黎明,2019-12-09 09:02:22,0,0,0,很厉害
120674,391,周黎明,2020-01-15 01:47:54,0,0,0,tql
120803,391,周黎明,2020-01-17 09:35:52,1,2,1,上课干货多，幽默；自己出卷自己考前“泄题”，考试很容易。
121024,391,周黎明,2020-01-19 09:07:32,0,0,0,老师的课很有意思且干货很多，好好听收货真的很多！周老师🐛🐛🐛
121178,391,周黎明,2020-01-20 02:43:40,3,4,1,男神！
121313,391,周黎明,2019-12-21 05:57:58,0,0,0,幽默而温柔
121352,391,周黎明,2019-12-18 10:51:47,0,0,0,俩字，男神
121383,391,周黎明,2019-12-16 12:35:19,0,0,0,一个字，好
121386,391,周黎明,2019-12-16 12:24:27,0,0,0,段子停不下来~知识一点不落~老师人非常好，愿意解法同学们的法律疑问。
121400,391,周黎明,2019-12-16 10:44:35,2,2,0,老师上课幽默风趣，案例很多，完全不舍得水，给分也超级好，老师为了对抗正态制度千方百计想给我们整体分数都打高一点，而且事情也不多，这就是完美的通识课该有的样子
121410,391,周黎明,2019-12-16 09:46:35,0,0,0,非常自由
121537,391,周黎明,2019-12-12 17:09:06,0,0,0,真的很棒的老师，期待能第二次食堂偶遇！！！
121600,391,周黎明,2019-12-12 09:14:41,0,0,0,好！学了很有用，又容易学，给分又好！
121675,391,周黎明,2020-01-20 17:12:32,1,1,0,老师真的很好，而且能学到很多东西，谢谢老师，很幸运能选上这门课
121827,391,周黎明,2020-01-22 07:06:46,5,6,1,这才是通识课该有的样子。。。
122223,391,周黎明,2020-02-20 05:25:44,2,2,0,很喜欢
122483,391,周黎明,2020-03-01 03:17:47,4,6,2,真的好老师！每次提前半小时还只能坐在中间
122624,391,周黎明,2020-03-09 05:42:50,2,4,2,上完周老师的课都想学法了，太棒了
122953,391,周黎明,2020-04-25 06:40:24,1,1,0,周老师上课超级有趣，而且十分可爱！
123076,391,周黎明,2020-05-08 15:47:27,0,0,0,太好了
123691,391,周黎明,2020-06-11 14:52:23,3,4,1,太喜欢老师的课了\n\n
123934,391,周黎明,2020-06-17 03:29:05,1,2,1,老师上课讲的东西很有意思，三观也很正，喜欢跟同学开玩笑，事儿少，有趣。
124022,391,周黎明,2020-06-20 16:01:36,1,2,1,绝对满分！
124117,391,周黎明,2020-06-24 12:09:04,7,9,2,周黎明牌电脑
124168,391,周黎明,2020-06-26 09:11:00,2,2,0,周老师男神！！
124244,391,周黎明,2020-06-28 04:06:54,4,6,2,超级好，虽然考试不太理想，不过老师上课的内容真的很吸引人！
124247,391,周黎明,2020-06-28 04:35:12,2,3,1,老师好好哇，男神
124260,391,周黎明,2020-06-28 06:03:49,2,2,0,选吧真的，虽然我只是从89分调到91分，没啥变化，但是真的，老师很好，课很好玩，学到很多东西，一定要选啊！
124261,391,周黎明,2020-06-28 06:11:31,0,0,0,考差了别担心，周男神会竭尽所能帮你拉分的！！！并且老师讲的真的对非法学专业的同学也很有帮助，案例真的很有趣，男神人真的很好(✪▽✪)
124264,391,周黎明,2020-06-28 07:09:45,0,0,0,很丰富的真实案例 周老师也会引导大家思考 入股不亏！
124566,391,周黎明,2020-07-03 03:56:11,0,2,2,一个字，帅！
125088,391,周黎明,2020-08-30 08:22:31,-17,11,28,给九分，一分被正太掉了🌚🌚
125795,391,周黎明,2020-09-14 10:30:34,1,1,0,先打十分为敬
125825,391,周黎明,2020-09-14 13:32:21,0,0,0,超级棒
126002,391,周黎明,2020-09-16 11:40:43,0,0,0,幽默风趣，学到东西了
126006,391,周黎明,2020-09-16 11:44:50,0,0,0,好老师！！！
126007,391,周黎明,2020-09-16 12:03:05,4,4,0,看情况
126010,391,周黎明,2020-09-16 11:55:15,0,0,0,超赞的
126011,391,周黎明,2020-09-16 11:56:42,0,1,1,太强了，我要做他的舔狗
126016,391,周黎明,2020-09-16 13:00:24,3,3,0,三生有幸
126020,391,周黎明,2020-09-16 13:29:45,0,1,1,上课超级有趣！！i了i了
126021,391,周黎明,2020-09-16 13:30:57,4,5,1,不多说，牛逼，9.99委屈他了
126068,391,周黎明,2020-09-17 04:55:51,1,3,2,看情况
126077,391,周黎明,2020-09-17 06:54:39,0,1,1,够的上10分
126114,391,周黎明,2020-09-17 17:31:06,8,9,1,哪怕下课就是某个ddl，我也宁可错过。能在这门课上多线程的基本能确定听不懂中文。
126185,391,周黎明,2020-09-18 14:35:18,1,2,1,看情况
126264,391,周黎明,2020-09-21 07:03:22,1,1,0,tql
126336,391,周黎明,2020-09-23 05:14:12,3,3,0,好！！！
126768,391,周黎明,2020-10-19 13:17:23,2,2,0,看情况
126927,391,周黎明,2020-10-28 11:05:27,4,4,0,每每讲例子的时候就我打开录音
127050,391,周黎明,2020-11-04 10:50:17,5,5,0,事实胜于雄辩，上了就知道了，绝对不会后悔。
127058,391,周黎明,2020-11-04 12:49:52,6,6,0,md，这老师不10谁10分
127061,391,周黎明,2020-11-04 13:52:36,11,16,5,9.99有点少了吧\n\n
127093,391,周黎明,2020-11-06 12:41:04,5,5,0,ppt上的新内容好好记住，太实用了
127250,391,周黎明,2020-11-17 05:31:42,0,1,1,虽然期末个税算错可能绩点不会理想但还是必须说经济法理论与实务是我上过最好的课之一，大爱周老师
127296,391,周黎明,2020-11-20 01:29:33,1,1,0,周老师yyds!
127318,391,周黎明,2020-11-20 04:09:18,0,0,0,好好好
127451,391,周黎明,2020-11-23 06:57:52,0,0,0,厉害厉害
127480,391,周黎明,2020-11-23 11:41:49,1,2,1,周老师真的特别好，是浙大可以称作先生的老师
127636,391,周黎明,2020-11-25 06:43:58,1,1,0,周黎明yyds
127656,391,周黎明,2020-11-25 11:48:54,119,119,0,那个军婚的老师好惨
127695,391,周黎明,2020-11-26 01:00:17,0,0,0,周老师yyds
127697,391,周黎明,2020-11-26 01:16:03,2,2,0,老师上课很有趣，最后给发也很好，i了！男神！
127701,391,周黎明,2020-11-26 01:41:51,0,0,0,一心为学生，受益匪浅
127708,391,周黎明,2020-11-26 02:31:42,0,1,1,10分
127710,391,周黎明,2020-11-26 02:36:47,2,3,1,满绩了，超开心ヽ(○^㉨^)ﾉ♪
127717,391,周黎明,2020-11-26 04:37:26,1,1,0,老师超级nice！上课从来不会想玩手机\n\n第一门满绩！
127719,391,周黎明,2020-11-26 04:39:53,0,0,0,真的好
127722,391,周黎明,2020-11-26 05:37:31,1,1,0,巨好的课，就一个作业和一次开卷考试。考前认真复习就可以的呀呀呀！给周老师笔芯
127729,391,周黎明,2020-11-26 06:39:48,-1,1,2,超级nice的老师！超快乐的周三晚上！\n\n最后满绩了
127739,391,周黎明,2020-11-26 08:45:14,1,1,0,看情况- ̗̀(๑ᵔ⌔ᵔ๑)
127804,391,周黎明,2020-11-27 08:12:14,1,2,1,上课非常有趣，课程内容也很实用，接近生活。课程难度不高，想水课混个平均分也不难，认真学的话能掌握很多以后有用的东西，并且也很好拿高绩点（期末开卷考只要认真学了基本每道题都会）。强力推荐！！
127929,391,周黎明,2020-11-30 11:17:35,0,1,1,我努力过了，但是确实有不少同学比我还努力，4.2满足了~
128673,391,周黎明,2020-12-25 03:33:01,-81,10,91,给分特别无厘头........还有就是买书通识课买60多的书（是他写的为了赚钱吧）反正大部分人的几点都不太好我也不知道为什么评分这么高，课堂上全场讲例子没什么干货。唯一一个绩点是2开头的。
128774,391,周黎明,2020-12-25 09:02:22,6,7,1,老师超级nice\n\n经济法简直是我痛苦的秋学期为数不多的快乐来源！
128820,391,周黎明,2020-12-25 14:57:19,2,3,1,听课体验极佳！赶紧来推荐，能选上绝对不要错过！
128840,391,周黎明,2020-12-26 02:07:14,7,8,1,周男神！！！！！！！！虽然教室比较热坐在里面容易困（bushi）但是会被精彩的案例惊醒！！！！讲的太有趣了！考前把书好好看一遍做些标记，考试绝对没问题的！第一次评价老师献给周男神
128935,391,周黎明,2020-12-30 05:15:49,0,1,1,很好的
129118,391,周黎明,2020-12-30 07:52:50,0,0,0,老师太棒了o(^o^)o选上绝对不后悔！！！
129150,391,周黎明,2020-12-30 14:42:44,0,0,0,对赌协议怎么写的(°▽°)
129393,391,周黎明,2021-01-05 03:39:04,2,2,0,超级棒！
129441,391,周黎明,2021-01-05 11:34:49,0,0,0,いちばん
129519,391,周黎明,2021-01-06 14:12:40,1,2,1,满分不需要解释
129631,391,周黎明,2021-01-09 09:54:50,23,24,1,好老师，6：30上课3：30抢不到第一排座位，你说为什么好？10分
129862,391,周黎明,2021-01-13 05:01:06,2,4,2,优秀，风趣
129911,391,周黎明,2021-01-13 12:27:02,32,33,1,“天下没有不散的宴席”，最后老师舞台中间一鞠躬，差点没绷住让泪水落幕
129943,391,周黎明,2021-01-14 03:11:45,12,14,2,浙大罗翔
130056,391,周黎明,2021-01-16 03:22:15,3,3,0,没啥好说的，唯一一门我想主动去听的通识选修。\n\n周老师必须十分
130425,391,周黎明,2021-01-22 08:57:41,0,1,1,真真真好到爆，听周老师讲经济法完全不会困啊！！！
130529,391,周黎明,2021-01-23 12:58:14,3,4,1,太好了
130596,391,周黎明,2021-01-24 01:45:39,8,9,1,让我看看哪个倒霉蛋没选上这门课（狗头）
130658,391,周黎明,2021-01-24 06:21:57,1,2,1,男神！！！
130718,391,周黎明,2021-01-24 11:14:53,-114,4,118,不认识，打个一分吧
131226,391,周黎明,2021-01-26 16:17:42,4,4,0,棒极了
131545,391,周黎明,2021-01-28 03:29:01,9,10,1,风趣幽默，作为通识大课没什么作业\n\n对法不感兴趣的同学一学期不来上课，交一次作业+准备考试也可以拿高绩点\n\n对法感兴趣的同学听老师的课也很有乐趣，周老师脱口秀的神！浙大罗翔是真的!\n\n选上的同学珍惜吧哈哈哈
132034,391,周黎明,2021-01-30 03:41:52,0,1,1,好好好
132567,391,周黎明,2021-02-02 10:19:47,1,2,1,我永远喜欢zlm老师！！！！呜呜老师太好啦
132575,391,周黎明,2021-02-02 11:56:30,3,6,3,十分给老师最后一节课上的鞠躬
132591,391,周黎明,2021-02-02 13:35:02,1,1,0,zlmyyds！
132599,391,周黎明,2021-02-02 14:43:44,0,0,0,男神！温文尔雅，谦逊幽默，故事很多，给分也好！
132711,391,周黎明,2021-02-03 11:45:14,5,6,1,老师真的男神！！而且经济法这门课，真的值得听，明明是连上三节晚课但就是能不走神！今年改大班制人太多了可能给分没以前好，但我觉得，这门课它本身就值得
133369,391,周黎明,2021-02-26 11:09:39,0,0,0,给分好 人也可爱
133469,391,周黎明,2021-03-01 04:40:53,0,0,0,选吧肯定不后悔
133677,391,周黎明,2021-03-03 13:59:06,-10,3,13,真的好喜欢，案例超级丰富，讲课超级有趣诶，最后只是把ppt打印了一下就上去考，4.8
133706,391,周黎明,2021-03-04 04:24:44,1,1,0,真的特别特别好，没有作业，给分棒，考前好好复习成绩就不错
133850,391,周黎明,2021-03-08 06:49:38,0,0,0,男神男神
135237,391,周黎明,2021-05-06 12:32:16,21,23,2,男神的课选就完事～\n\n必须记录一下期末考试某让我笑出来的题目：《狗主人很能打》
135276,391,周黎明,2021-05-07 11:57:36,4,8,4,老师很好，课也很好，我的分不太好。。虽然我尽力了。。我也以为我开卷都找到了。。可能实际并没有吧
135441,391,周黎明,2021-05-10 12:45:25,7,12,5,考试好好翻书和ppt，平时没听过课，最后5.0\n\n千万不要提前交卷，所有的选择题书上和ppt上都有啊
135451,391,周黎明,2021-05-11 02:29:44,2,3,1,十分老师，不多说
136063,391,周黎明,2021-06-10 14:45:51,2,4,2,学到了很多学校里学不到的社会知识
136401,391,周黎明,2021-06-17 13:51:31,6,10,4,隔了一个学期给老师打一个十分。\n\n上课内容不必说了，晚上六点半上课往往下午三点半占前排座位就抢不到了你说课上的怎么样\n\n主要是考试。时间略紧，后面两道税法计算题由于公式忘了有一道全错，我当时想这一下吃枣药丸。结果最后分数4.2。看上去不高是不是？但是，五百来人，还有正态，这样看就让我很感动。\n\n周老师不一定认识我，但我认识周老师
136634,391,周黎明,2021-06-22 08:29:49,3,3,0,太赞了
136928,391,周黎明,2021-06-28 10:07:48,0,1,1,好，棒，赞
137877,391,周黎明,2021-07-06 12:52:04,9,11,2,刚出考场，来给老师打个10分。\n\n周黎明老师是一位真的让人体会到“大家风范”的老师。我自认是一个对卷通识课毫无兴趣、大多数通识都是在半梦半醒半翘课里过去的人，但周老师的经济法让我每节课都精神抖擞目不转睛。几乎每节课、每个知识点都会有诸如搞驰名商标被抓进去的同学、价值千万的商标侵权案这种让人兴奋（？）的真实案例，有时候也能听到老师自己打官司的各种经验和体悟。很多时候讲的内容没有那么高深，但句句都是掏心掏肺的大实话。\n\n期末卷不难，就算没听课光靠翻书也能对个十有八九，但一边做题一边脑子里浮现老师讲的各种生动案例这样的经验是无可比拟的。\n\n其实这门课有多好光看每学期三四千人选课、每节课三四点就开始抢座就可见一斑。一学期体会下来，确实是值得对着十几进一的概率去赌的好课。
139143,391,周黎明,2021-07-13 03:56:37,2,2,0,爸爸！！！
139290,391,周黎明,2021-07-14 05:17:31,0,0,0,男神！
139335,391,周黎明,2021-07-14 11:09:50,2,2,0,浙大罗翔
139764,391,周黎明,2021-07-26 02:37:31,6,7,1,周老师上课时真的十分有趣，也不点名，但是我感觉他并没有把非常原理性的东西解释清楚，但是作为通识课来说已经非常好了
140177,391,周黎明,2021-09-02 15:01:07,0,3,3,挺好的老师哟
140952,391,周黎明,2021-09-18 07:54:00,-4,3,7,我被正态了，没啥好说的
142028,391,周黎明,2021-11-04 07:12:02,3,4,1,虽然被正态，但是上课还是很有趣的。（有点后悔我一直在水课呜呜呜）
143166,391,周黎明,2021-11-20 11:07:28,4,4,0,经济法理论与实务\n\n可以说是男神了！周老师讲课兼具专业和趣味，同时内容还关注到了大家的日常生活和未来可能面对的相关问题，半个学期下来收获了很多，选周老师的课绝对入股不亏！就说最后一节课下课后同学们排队要签名和合影的场面就足以证明老师的人格魅力和教学水平了！
143586,391,周黎明,2021-11-28 03:48:44,-3,3,6,老师上课从不点名，可以翘课
143638,391,周黎明,2021-11-29 12:55:57,0,1,1,上课生动有趣，超级喜欢老师的经济法！为什么周老师评分还没上10哇~~~给我顶上10分！！！
143799,391,周黎明,2021-12-07 07:35:17,4,4,0,来浙大后上的第一门又有趣又能学到东西的通识课，如果能选上真的血赚。\n\n周老师，我的男神！\n\n强烈建议周老师b站开个号，课堂外也能听老师讲有关法律的知识！
143935,391,周黎明,2021-12-13 10:31:28,11,11,0,来浙大没上过周老师的课等于白来
144161,391,周黎明,2021-12-20 02:13:34,0,0,0,上课是一种享受
144243,391,周黎明,2021-12-21 02:09:06,1,1,0,周老师yyds\n\n男神！！！！！！！！！\n\n选他就对了！！！！
144260,391,周黎明,2021-12-21 03:15:09,1,2,1,很好！
144362,391,周黎明,2021-12-21 07:19:50,1,3,2,怎么办，好爱周老师，上了一学期没上够还想在上一次怎么办，呜呜呜，但是么得
144432,391,周黎明,2021-12-21 12:56:25,0,0,0,周老师yyds！\n\n最后一节课我们进行有针对性的复习。
144467,391,周黎明,2021-12-21 15:42:18,2,2,0,想学可以学知识，想水可以听故事，给分还可以，综合指数非常高的一门课
144477,391,周黎明,2021-12-21 23:47:32,0,0,0,上课内容非常生动，人也很好，我的男神！！！！！
144613,391,周黎明,2021-12-22 16:30:59,2,2,0,周黎明的课，懂了吗，赶紧选吧，入股不亏
144765,391,周黎明,2022-01-14 14:03:07,10,11,1,事少分高课有趣 选就行了
145115,391,周黎明,2022-01-14 13:45:31,12,16,4,出分了来给周老师一波好评。给分是真的好。在考试的时候来不及做，最后蒙了一堆考完出来真的以为很差，还被捞上来了。而且这门课超有意思，复习的时候看着案例，回想老师上课，完全没有其他课复习的痛苦。来浙大后遇到的最有意思的通识课，能学到东西，又有趣。像其他评论说的，选上就偷着乐吧🥳也会始终记得最后一节课周老师给我们签名，题了：“求学是最大的乐趣。”说希望和我们做永远的朋友，最后给鞠了一躬，真的好泪目。如果通识课能重复上的话，我年年选经济法。周老师yyds！
145163,391,周黎明,2021-12-28 03:05:23,4,6,2,经济法界的罗翔！！
145298,391,周黎明,2021-12-29 03:31:15,5,5,0,老师上课很用心，结课的时候会对同学认真地鞠躬，真的值得好好听
145408,391,周黎明,2021-12-29 12:04:47,1,1,0,真的好
147684,391,周黎明,2022-01-10 12:53:21,2,3,1,超级棒！
147765,391,周黎明,2022-01-10 18:32:11,1,2,1,赶紧给我选\n\n周男神的课   选上就是福气!!
148227,391,周黎明,2022-01-12 02:07:42,0,1,1,必须10分
149122,391,周黎明,2022-01-14 13:09:17,1,2,1,周老师！永远的男神！
149126,391,周黎明,2022-01-14 13:18:36,2,2,0,老师真的很有趣，直接男神好吧，因为疫情上了几节网课，属于是最大遗憾了，选他就对了，给分真的超级好
149131,391,周黎明,2022-01-14 13:30:27,1,1,0,选上就偷着乐吧！
149134,391,周黎明,2022-01-14 13:38:26,2,3,1,考前把民法典补充材料带上，还是很容易取得高分的！爱死男神了！
149137,391,周黎明,2022-01-14 13:42:30,1,1,0,周老师yyds，不说了，选就完事了
149150,391,周黎明,2022-01-14 14:20:11,0,0,0,老师讲课挺棒的
149164,391,周黎明,2022-01-14 15:11:05,1,2,1,啊啊啊啊啊4.8诶周老师我爱你bushi\n\n要不是没买最新版教材也没打印课件呜呜呜 开卷考，最新版教材买了就是赚了！
149385,391,周黎明,2022-01-15 08:11:00,14,16,2,周老师给我满记，我也给他满记
150860,391,周黎明,2022-02-20 01:42:30,11,14,3,zju宝藏课程，几乎无作业，从来不点名，但是又有趣到你不想翘课。男神的故事会实在是有意思。学术水平上的帮助不太大，毕竟大家都是来玩的。
151207,391,周黎明,2022-02-24 12:35:30,3,5,2,精通法律的段子手很难让人不爱啊
151352,391,周黎明,2022-03-01 05:06:27,2,2,0,内容十分有趣
151537,391,周黎明,2022-03-07 05:04:03,0,3,3,大学第一个满绩
153096,391,周黎明,2022-04-25 11:31:14,3,3,0,棒棒棒！！！！！！！！！！！
153112,391,周黎明,2022-04-25 15:14:56,3,3,0,第一个让我想要认真听的通识课
153283,391,周黎明,2022-04-27 11:26:50,1,2,1,给分是不是变了
153520,391,周黎明,2022-05-03 13:45:17,5,7,2,周黎明，我的超人
153521,391,周黎明,2022-05-03 13:48:10,4,7,3,高赞评论与实际上课体验 完 全 一 致，周老师yyds(≧∇≦)/
153522,391,周黎明,2022-05-03 14:01:56,4,4,0,谢谢周老师 你是我的神！！
153523,391,周黎明,2022-05-03 13:54:35,-20,2,22,实测一次课没没去，带的还是旧版书，裸考，最后4.5
153554,391,周黎明,2022-05-04 15:26:48,4,5,1,一节课也不想落下！！！
153754,391,周黎明,2022-05-10 06:48:51,2,6,4,给分真的好吗
153993,391,周黎明,2022-05-18 13:43:12,7,7,0,真的好老师，讲课好，事少，最后一节课会给大家鞠躬，“希望能永远做大家的朋友”。最后一节课，好多同学都会排队去找老师签名哈哈
154006,391,周黎明,2022-05-19 01:48:09,-20,6,26,就这啊
154875,391,周黎明,2022-06-06 10:41:24,-19,16,35,怎么说呢，老师其实志不在教学啊哈哈哈哈哈，上课不咋用心啊，PPT和讲义很旧很旧，想听故事的可以选（其实除了讲故事就是念PPT了，，可能说的很不留情面，确实这样，上了就知道了，曾经一学期中选了周老师两门课都中了），反正我喜欢认真讲课的老师。没必要神话
154907,391,周黎明,2022-06-06 16:06:11,0,1,1,事少分高，上课听故事
155138,391,周黎明,2022-06-08 15:47:18,5,5,0,从不点名，没啥作业，开卷考试，给分可以
155983,391,周黎明,2022-06-17 04:02:22,1,1,0,吹爆男神
157912,391,周黎明,2022-06-25 13:16:44,-1,6,7,有点过誉了，确实是好老师，但没有评论区夸得那么天花乱坠。
157956,391,周黎明,2022-06-25 20:21:05,15,17,2,给了10分\n\n但是3.3 历史最低绩点\n\n其实所有事都有在认真做\n\n怎么说呢…给分好就是幸存者偏差啦
158758,391,周黎明,2022-07-02 02:00:52,2,3,1,真的好
159982,391,周黎明,2022-09-11 01:42:36,1,1,0,男神男神！
160050,391,周黎明,2022-09-12 11:10:25,6,6,0,什么浙大罗翔啊
160055,391,周黎明,2022-09-12 12:13:19,2,2,0,好有意思！！！
160056,391,周黎明,2022-09-12 12:16:52,1,1,0,我不允许还有人没听过这门课🥰\n\n我爱死周老师了🥰
160076,391,周黎明,2022-09-13 04:13:10,1,1,0,太绝了！
160342,391,周黎明,2022-09-19 12:20:34,1,2,1,如沐春风
161190,391,周黎明,2022-10-31 12:58:49,-1,0,1,周老师实至名归
161191,391,周黎明,2022-10-31 13:12:22,0,0,0,他称第三没人敢称第二
161193,391,周黎明,2022-10-31 13:19:00,2,2,0,结课了，实在忍不住来给满分。\n\n这个老师的唯一缺点就是上课没有缺点😭😭😭
161199,391,周黎明,2022-10-31 14:34:59,3,3,0,这老师太好了，真的好上课，贼有意思，选了绝对不亏，我想给他11分
161224,391,周黎明,2022-11-01 07:07:21,5,7,2,“反革命赌博吃屎致人死亡罪”
161236,391,周黎明,2022-11-01 15:58:30,-9,0,9,不怎么样
161285,391,周黎明,2022-11-03 13:40:28,0,0,0,真的好喜欢周老师，课堂非常的欢乐
161300,391,周黎明,2022-11-04 02:51:03,0,0,0,幽默风趣，必选
161309,391,周黎明,2022-11-04 03:36:27,0,0,0,特别棒！！老师幽默又风趣，课超级有意思
161311,391,周黎明,2022-11-04 04:43:25,0,0,0,...
161380,391,周黎明,2022-11-05 12:55:38,6,8,2,永远的男神啊啊啊啊，太幸运了能选上周老师的课，这是我大一上做过的最值得的选择之一。这周刚刚结束最后一次课，真的有点不舍。上课慢慢的干货，分享他打过的各种官司。特别是提到反革命赌博吃屎致人死亡罪的那个晚上，大概是我秋学期最快乐的一个晚上之一了。依稀记得第一次上课提前十几分钟到了教室都没位置坐，因为有很多人没选上课但来蹭课的，导致我坐在地上坐了一晚上，大概是大学生必做的一百件事之一了。谢谢周老师，有缘相见，感谢陪伴！
161483,391,周黎明,2022-11-07 13:21:02,3,5,2,第一次课，窥一斑而知全貌。在黎明课上连赶ddl都没有心思了，不知不觉就沉浸到课堂中。
161521,391,周黎明,2022-11-08 06:23:01,1,1,0,牛逼，特别幽默
161538,391,周黎明,2022-11-08 11:19:33,1,1,0,男神是帅\n\n上课也幽默
161696,391,周黎明,2022-11-10 15:39:05,0,0,0,yyds
161713,391,周黎明,2022-11-11 03:06:25,1,1,0,不多说了，非常好的老师
161751,391,周黎明,2022-11-12 07:08:13,0,0,0,千万别错过。
161791,391,周黎明,2022-11-13 12:32:38,9,10,1,“如果你把握不住这个机会，一定要联系我，我帮你把握！”
162258,391,周黎明,2022-11-18 13:25:21,1,1,0,老师真的很幽默！干货很多！选上血赚
162260,391,周黎明,2022-11-18 13:31:05,1,1,0,TMD这么好的老师第一次遇见
162263,391,周黎明,2022-11-18 14:16:44,0,0,0,好好好
162292,391,周黎明,2022-11-19 08:13:52,1,3,2,希望能永远和你们做朋友。
162303,391,周黎明,2022-11-19 14:47:43,8,9,1,感觉周老师的课才是符合通识课真正意义的：能学一些东西，也不用花过多的时间\n\n事少，就写一篇合同，从不点名\n\n最后的给分估计很依赖最后的考试，毕竟有正态，老师也是努力在给高分的\n\n考前翻了一遍书，考试时答案几乎都找到，最后拿了4.8\n\n应该还是很适合想水学分的来选的
162346,391,周黎明,2022-11-20 14:08:21,0,0,0,啥也不说了，我爱周黎明。
162356,391,周黎明,2022-11-20 17:58:10,0,2,2,不点名不点名不点名！\n\n上课要么和同学快乐聊天 要么干脆不去\n\n事很少 一个合同一个小时之内做完吧\n\n期末开卷考 认真准备一下还是很容易的\n\n最后4.5 给老师打满分\n\n上课内容也是非常有趣的 很值得一听
162373,391,周黎明,2022-11-21 06:46:15,4,5,1,不点名，作业少，上课好玩就是享受，考前卷一卷历年题目，买一本民法，带上课本随便考\n\n4.8绩点
163393,391,周黎明,2022-12-14 08:04:04,7,9,2,真的老师挺好的，有时候水课后都会有一种怅然若失，像是错失了一场精彩电影的感觉。但是，还是被卡绩了hhh。不过不妨碍老师真的很棒，只是我菜而已。
163398,391,周黎明,2022-12-14 08:17:11,1,1,0,还是要好好复习的
163483,391,周黎明,2022-12-14 12:16:58,5,5,0,如果你喜欢看罗翔视频，一定也会喜欢听他讲课
163573,391,周黎明,2022-12-15 10:26:27,1,1,0,好！！！
163791,391,周黎明,2022-12-16 06:10:32,6,6,0,课有很多案例，周老师人幽默风趣，超级有人格魅力！（有点后悔划了几节课水T T）按照模版做一个合同作业（大家分数都很高的w）期末开卷考内容都在书和补充资料里，只要上课跟着老师的节奏走肯定没问题，不需要多花时间！老师真的太好了呜呜呜还记得老师在我的书上写的“求学是最大的乐趣”，能上到周老师的课是我的幸运!
163834,391,周黎明,2022-12-16 07:56:06,1,1,0,人好事少分高！秋学期上的，上课很有意思，很喜欢听老师讲真实案例！合同拿了满分！！期末考开卷一直翻书感觉也还不错！最后4.8，有一点点遗憾没有满，但是上这个课还是很开心！！强推！！！
163858,391,周黎明,2022-12-16 09:00:19,0,1,1,好老师，上课不点名
163892,391,周黎明,2022-12-16 12:11:03,2,3,1,讲案例很有趣，是好老师！给分也算好。
163936,391,周黎明,2022-12-16 15:25:57,0,0,0,讲课超级有趣，给分也超好
164037,391,周黎明,2022-12-17 11:22:23,1,1,0,老师超有趣！！上课会讲很多有意思的案例。只有一次合同小作业（超轻松），期末开卷考（对知识点在哪的熟悉程度需要高点）本人纯理科，上课基本听一半，最后复习不太充分，很多知识点没来得及看，最后4.2 也还行了。很推荐这个老师！！上课能学到很多的
164076,391,周黎明,2022-12-18 00:50:17,1,1,0,遇到这么好的老师真的是三生有幸，我非常后悔上课没有认真听，直到最后一堂课才心中千万般不舍，老师给分也巨巨巨好。啥都不说了，十分献上。
164234,391,周黎明,2022-12-19 13:07:11,36,37,1,绩点3.3\n\n\n\n无所谓，我会打10分\n\n\n\n\n\n这门课是我绩点最低的，但我不后悔选了这门课\n\n\n\n周老师配这10分
164484,391,周黎明,2022-12-21 08:01:10,-6,1,7,水了一个学期给了3.9！太爱了
164723,391,周黎明,2022-12-24 07:08:33,-2,0,2,太爱了，简直不要太好，上课超有意思，但可不听
165095,391,周黎明,2022-12-29 05:54:38,0,0,0,男神无敌
165730,391,周黎明,2023-01-09 12:43:47,2,3,1,周黎明老师真的yyds，上课案例太有意思了，而且不点名，作业也少，给分还好，必须满分
166573,391,周黎明,2023-01-13 01:21:00,-140,3,143,真的大爱老师！从来没听过课，也没复习过，连书都没买，就带了个铅笔盒去考试\n\n考试的时候都是乱写的（或者说凭感觉写），以为自己要挂了\n\n结果最后总评96？？？？直接满绩了\n\n老师给分也太好了吧！！！强推强推！！！
167064,391,周黎明,2023-01-15 00:26:56,2,4,2,非常实用的大学课程\n\n大学之大，就在于有周老师这样的好老师
167163,391,周黎明,2023-01-15 04:30:13,0,1,1,好课！！！！任何人不去上我都会伤心的。
167857,391,周黎明,2023-01-19 14:02:02,0,1,1,深入浅出，本以为法律会很枯燥无聊，没想到本门课成为我大学三年唯一愿意认真听且记笔记的课程？！
167957,391,周黎明,2023-01-20 16:51:17,0,0,0,好好好
169127,391,周黎明,2023-02-24 11:33:30,0,1,1,周老师讲课风趣幽默很喜欢
169207,391,周黎明,2023-02-24 15:53:20,0,2,2,老师超好！课很有意思！
170050,391,周黎明,2023-03-01 06:25:54,1,1,0,非常非常有意思，快选
170221,391,周黎明,2023-03-02 05:20:12,1,1,0,最好的老师
170244,391,周黎明,2023-03-02 07:19:20,1,1,0,老师上课很有趣!这门通识课人比较多，所以听不听或者收获多少看自己了。期末开卷，可以找一下之前的题库，有重复的题。
170646,391,周黎明,2023-03-07 13:17:20,1,1,0,好好好
171973,391,周黎明,2023-04-14 13:41:44,3,3,0,恭喜周老师入选国家一流本科课程！
172018,391,周黎明,2023-04-17 13:39:38,1,2,1,男神，上过的最好的通识课，没有之一
173183,391,周黎明,2023-05-15 05:07:42,1,1,0,给分好而且课堂真的很有趣
173361,391,周黎明,2023-05-21 08:09:14,1,1,0,特别好玩的一门课，给分也很好
173835,391,周黎明,2023-06-03 12:05:58,1,1,0,神，无需多言
173885,391,周黎明,2023-06-04 06:16:16,1,1,0,不选后悔
174121,391,周黎明,2023-06-06 11:18:01,3,5,2,经济法理论与实务。不点名，上课有意思，给分好。
176246,391,周黎明,2023-06-28 07:02:05,2,2,0,高中有政治基础的通识经济法不难的，虽然还是有一点硬，需要复习。老师强调的重点是真的会考！！
176995,391,周黎明,2023-07-01 03:45:32,3,3,0,无敌！
177773,391,周黎明,2023-07-04 23:15:20,4,4,0,如果你追求听课体验，选他！\n\n如果你只追求分数，选他！
177774,391,周黎明,2023-07-04 23:15:48,2,3,1,老师的课很有意思，事少分高谁不爱呢
177801,391,周黎明,2023-07-05 02:24:14,1,2,1,出分了，给分太好了，特地过来给老师10分
177834,391,周黎明,2023-07-05 03:24:20,1,2,1,完美的通识课
177843,391,周黎明,2023-07-05 04:02:25,1,2,1,满了bd，zlm狂粉❤️
177844,391,周黎明,2023-07-05 04:05:25,2,2,0,好好好！
177855,391,周黎明,2023-07-05 05:26:40,4,4,0,很实用很有趣的课\n\n不上真的会后悔
177993,391,周黎明,2023-07-06 04:51:20,1,1,0,zlm，你是我的神！
177999,391,周黎明,2023-07-06 05:56:51,0,3,3,神中神，经济法专业课，一次没去过，签到也错过了，给分还是贼好，而且期末补天真的能学到很多有用的东西，之前没去上课非常后悔，遇到这样的好老师一定要去听听课
178004,391,周黎明,2023-07-06 06:13:49,0,4,4,经济法专业课各位都好厉害啊，我基本上都找到了，最后那道原题也看过，结果只有89，看来是被正太哩
178386,391,周黎明,2023-07-11 11:11:51,1,2,1,可以选
178830,391,周黎明,2023-07-24 16:25:00,-17,6,23,完全不点名。最后感觉考的还行，但是89。估计被正太了。选还是可以选的
179575,391,周黎明,2023-09-18 11:01:31,38,43,5,更适合浙大宝宝体质的罗翔老师
180206,391,周黎明,2023-09-20 14:16:56,0,1,1,男神！
181197,391,周黎明,2023-10-11 09:34:24,0,1,1,666
181402,391,周黎明,2023-10-17 03:11:39,0,1,1,男神不解释
181960,391,周黎明,2023-11-06 13:03:53,4,5,1,绝世好老师！
182517,391,周黎明,2023-11-17 02:00:23,0,1,1,最喜欢的一门课
183464,391,周黎明,2023-11-26 12:53:53,2,4,2,好得不得了，真的真的，觉得老师讲的通俗易懂，只有听了考试就挺简单的，给分也好，大一小萌新特来感谢老师的教诲
183466,391,周黎明,2023-11-26 13:16:26,0,0,0,好课快选
183467,391,周黎明,2023-11-26 13:17:05,0,0,0,完全不点名，非常实用的一节课，分高事少，快去选我男神周黎明!
183469,391,周黎明,2023-11-26 13:17:44,2,5,3,课好，能让人学到法理精神，学到真正有用的、与生活息息相关的知识；\n\n分好，原话是“尽力最大化”\n\n人好，从不点名（点了一次不计入平时分）\n\n事少，只有一次作业（写一份合同），没有小测\n\n满足你对好老师的一切想象！\n\n（本人上的是经济法理论与实务）
183470,391,周黎明,2023-11-26 13:20:48,0,1,1,男神！！！
183471,391,周黎明,2023-11-26 13:52:49,-66,6,72,傻逼周黎明，你妈死了
183472,391,周黎明,2023-11-26 13:25:27,-4,0,4,老师爸爸我爱你
183473,391,周黎明,2023-11-26 13:39:06,0,1,1,事少分多，上课有趣，男神不解释！！！
183474,391,周黎明,2023-11-26 13:42:10,5,6,1,我爱周黎明 讲课好给分也超好👍 真的学到了很多知识 老师是真的在素质教育的 不会搞形式主义 也从来不布置乱七八糟的作业 是我心目中大学老师的样子 男神男神男神！！！
183500,391,周黎明,2023-11-27 01:18:50,3,3,0,上课有趣，能学到实用的法律知识，太喜欢周黎明老师啦！！
183538,391,周黎明,2023-11-27 07:22:43,2,6,4,完全不点名，学到很多有用有趣的知识。问了圈基本给分4.0起步，期末考试能多1小时时间检查，有些在那里狗叫说给分低的不会就是那群提早1小时交卷的装逼低能儿吧
183551,391,周黎明,2023-11-27 09:38:37,0,0,0,周黎明的小迷弟路过
183568,391,周黎明,2023-11-27 11:57:04,0,0,0,老师超好，特别捞
183572,391,周黎明,2023-11-27 11:59:44,1,1,0,选到就是赚到，冲！！
183579,391,周黎明,2023-11-27 12:19:01,0,0,0,特别特别好！秋学期唯一一门主动认真听，主动做笔记，提前交作业的课。
183635,391,周黎明,2023-11-28 05:03:30,0,0,0,选他！！
183678,391,周黎明,2023-11-28 11:02:27,1,1,0,第一次感觉自己融入一个“饭圈”，是上周黎明老师的课
183907,391,周黎明,2023-12-03 12:43:41,0,0,0,男神满昏！
184160,391,周黎明,2023-12-11 12:10:03,0,0,0,想要老师歌单 好治愈
184223,391,周黎明,2023-12-13 10:09:46,0,0,0,狠狠爱了，事少分高
184352,391,周黎明,2023-12-18 06:04:25,1,1,0,太喜欢周老师了，不点名也风雨无阻必去
184361,391,周黎明,2023-12-18 07:12:56,0,0,0,好老师，风趣幽默，关键是考试开卷！很开心遇见周老师！给分也很好！
184395,391,周黎明,2023-12-19 00:43:35,0,0,0,牛逼啊
184550,391,周黎明,2023-12-21 14:53:32,0,0,0,超棒 上了就知道
184630,391,周黎明,2023-12-22 04:01:03,0,0,0,神中神
184633,391,周黎明,2023-12-22 04:21:02,0,0,0,老师是我本年度最喜欢的老师，真的超有人格魅力啊啊啊，课上也学到好多离奇但实用的知识
184687,391,周黎明,2023-12-22 07:46:28,0,0,0,吹爆我男神！！周老师每节课都来线下上，而且讲的案例真的很有趣！！还没上够就要结课了，呜呜，好难过
184800,391,周黎明,2023-12-23 02:06:02,0,0,0,从经济法理论与实务来\n\n只能说，光凭老师的上课就可以给十分\n\n还事少分多
184897,391,周黎明,2023-12-24 07:55:35,1,1,0,特别特别特别好
185115,391,周黎明,2023-12-26 11:01:15,0,0,0,一级棒！
185210,391,周黎明,2023-12-27 05:36:08,0,0,0,周黎明我男神！老师幽默风趣，还叫我们童鞋，上课从不点名，氛围轻松欢乐，作业只有一份合同，就算课结束后也会和我们在群里互动，我真的，哭死
186007,391,周黎明,2024-01-07 12:55:44,1,1,0,后悔了，上学期结课没找老师签名
186051,391,周黎明,2024-01-08 04:21:35,0,0,0,taibangla
186117,391,周黎明,2024-01-08 14:08:57,0,0,0,是第一个让我没有期末考也能毫不犹豫打出10分的男人！
186121,391,周黎明,2024-01-08 16:20:49,0,0,0,ˊ_>ˋ下学期来找周老师签名
186907,391,周黎明,2024-01-13 13:28:19,1,1,0,男神，上过最好的课，选到绝对不亏
187828,391,周黎明,2024-01-17 14:05:51,1,1,0,全方位拉满
188235,391,周黎明,2024-01-18 12:53:53,5,7,2,男神，离奇的案例、丰富的内幕、幽默的风格，非常快乐享受的体验，也学到了很多有趣实用的经济法知识。非常有趣的是，每节课下找老师的一大群学生都是要签名的。真正的好老师是这样能够吸引住学生，获得同学们由衷的倾慕，让所有人乐在其中的。这门课的一直开设，也很纯粹是老师作为教育者享受经验知识的传授，热爱和大家在一起交流相处。真的很荣幸也很高兴在短短的一个冬学期能够上这门课，有这种奇妙的相逢。可能正因此，在最后会有告别般的五味杂陈。周黎明老师和这门经济法理论与实务，就是一个传奇。
188440,391,周黎明,2024-01-19 04:18:01,1,1,0,男神必须满分！我推荐任何人学经济法理论与实务，想水的能水，想学的也能学到很多知识，听到很多有趣的案例。
189067,391,周黎明,2024-01-21 14:35:54,1,1,0,最后一节课有事润了没排到老师的签名😭😭
189783,391,周黎明,2024-01-29 04:02:46,1,3,2,讲课非常好，上课很风趣，二十年来没有任何点名😀\n\n\n\n冬学期考试好难啊，我只有3.6wwwww但不是老师的问题哈，可能本人法律基础不太行嘿嘿\n\n嘿嘿嘿，zlm，嘿嘿😄
189899,391,周黎明,2024-02-01 16:34:22,2,2,0,前几节课真的很有趣！老师也在与时俱进！感谢老师普法\n\n期末考一定要刷时新的mooc题库！这次新出的试卷和mooc重题率很高
190094,391,周黎明,2024-02-21 04:02:04,0,0,0,不多说，老师很好！
190126,391,周黎明,2024-02-23 08:20:59,2,3,1,这个评分，名副其实
190386,391,周黎明,2024-02-29 07:10:40,0,0,0,满昏！
191177,391,周黎明,2024-04-10 15:07:14,0,0,0,男神!没说的！
191261,391,周黎明,2024-04-16 00:21:49,13,13,0,10分是查老师的极限，不是周老师的极限
191854,391,周黎明,2024-05-09 02:52:36,-17,5,22,上的挺好，讲的一些东西还是比较适用的。个人感觉上课话术和ppt都比较陈旧了，应该是每一届都如此使用的缘故。个人没能看出老师有很用心准备，不过就通识课来说肯定值得上的。附：成绩出了，95，老师给分还是挺不错的。
191878,391,周黎明,2024-05-03 07:32:38,3,5,2,上课非常好，段子非常多，感觉老师还是很用心的。因为我有同学也上过，就是老师举的一些例子每个学期不一定都一样的，可以说信手拈来。前面同学说的陈旧问题可能是法律没怎么改动吧，但是民法典出台以后老师改动还是挺多的。\n\n我和我的室友都觉得老师用心，幽默，大家也能轻松愉快学到知识！
192006,391,周黎明,2024-05-08 17:08:06,-9,2,11,没打印新公司法的材料 考新公司法的题都是蒙的 居然还满绩了 爱了爱了
192076,391,周黎明,2024-05-09 00:26:43,1,1,0,还不错
192086,391,周黎明,2024-05-09 03:23:57,2,3,1,讲课好，段子多，课程实用！\n\n至于给分，老师合同分据说都是95-99的给，考试主要就靠自己选择题能不能做对，这部分成绩是要留教育部备查的！\n\n老师人很好！大家都来选！
192088,391,周黎明,2024-05-09 03:32:59,3,4,1,老师人很好，这门课也好好在学，最后确实不太高
192094,391,周黎明,2024-05-09 04:41:16,0,0,0,经济法理论与实务\n\n讲课很有意思，老师接触过的案子很多懂得很多，人很好
192113,391,周黎明,2024-05-09 09:22:58,0,0,0,很有趣
192133,391,周黎明,2024-05-09 23:55:55,-3,1,4,课上得很好，如果只是为了一个高绩点的话，只要合同好好写，期末资料准备的全一些就可以了，甚至不需要去听课。但是真的去听课也是可以学到和很多和生活息息相关的经济法知识的。虽然最后差了一分满绩，有点遗憾，但是老师真的很好。大家安心冲！
192264,391,周黎明,2024-05-13 06:54:01,-1,3,4,周老师我的神，最后喜提4.8！经验分享：上课时好好听内容，尤其是一些法律新规和书上没有的知识（考试卷上有现实案例）；期末考开卷，一定要熟悉知识点位置；平时合同好好写，听清上课要求；基本不点名，但强烈建议大家都去听经济法！爱死周老师了
192302,391,周黎明,2024-05-14 11:01:55,1,2,1,上课风趣幽默，讲的内容认真听也很实用，给分也非常好，体验非常好的一门课
192366,391,周黎明,2024-05-17 00:33:33,4,4,0,很好的老师
192369,391,周黎明,2024-05-17 00:59:57,8,15,7,老师真的很好，上课特别有意思，把知识融合在幽默的案例讲解中，让人数日不忘，硬控一个晚上不干别的事，课后还津津有味，绝对是好老师的楷模！希望浙大其他某些老师多自我反省一下\n\n不过想提一个小建议，就是期末考试能否多考些实际案例？全是翻书翻PPT的条文题感觉拉低了这门课在“实务”上的含金量了，有点应试教育的味道
192393,391,周黎明,2024-05-17 11:39:33,0,1,1,非常非常好
192570,391,周黎明,2024-05-24 03:31:04,1,1,0,我哭死
192816,391,周黎明,2024-05-31 01:37:47,-12,7,19,绩点有点低
192827,391,周黎明,2024-05-31 02:34:38,7,8,1,上大学后的第一位觉得是神的老师
193133,391,周黎明,2024-06-04 02:57:03,0,3,3,非常好的老师！上课很有意思！事很少！给分也还行
193772,391,周黎明,2024-06-18 02:16:30,8,10,2,老师是好老师，但是绩点有点迷，比较吃开卷考试的课
193878,391,周黎明,2024-06-20 11:54:11,2,4,2,周老师是个好老师
194231,391,周黎明,2024-06-22 16:59:43,4,5,1,挺好的，我觉的
194378,391,周黎明,2024-06-23 12:52:26,3,5,2,事少，上课很有意思，从来不点名，给分好，强推
195204,391,周黎明,2024-06-27 07:28:57,4,5,1,老师是开卷都希望我们蒙都蒙对的。经济法理论与实务、经济法三学分专业课、国际商法，好吧，周老师上的所有课都很推荐。这不仅仅能学到理论知识，还能学到如果运用到实践，强推
196385,391,周黎明,2024-07-03 07:58:17,6,8,2,经济法理论与实务！！！非常好玩！！！！期末开卷出题难度也不高，但是有正态
196399,391,周黎明,2024-07-03 08:23:06,5,6,1,每节课都会认真听 感觉既是一种放松也是一种学习 谢谢老师给满了
196565,391,周黎明,2024-07-04 05:42:32,2,7,5,老师是经验非常丰富的律师，讲课幽默风趣，有很多实例帮助大家理解，光是听那些奇奇怪怪的案子就够硬控我三节课了。事情也不多，考试开卷，外专业上经济法理论与实务喜提4.8。感谢老师！
196620,391,周黎明,2024-07-04 09:11:39,11,11,0,可能是个人原因，绩点并没有很高，是我所有通识课中最低的（合同认真写了，布置完一周内交的，期末考资料准备的很充分，答的感觉也不错）\n\n但是老师非常好！上课很有趣
196690,391,周黎明,2024-07-04 18:50:41,9,11,2,zlm老师作为经验丰富律师，在课上会穿插很多有趣到奇葩的案例，其中最印象深刻的是赌博吃shi致人死亡罪🤣光听听课就已经很有意思了呢😋\n\n最后满绩啦，谢谢zlm老师\n\n对了大家最后一节课记得找老师要签名！老师给我写的是“求学，是人生最大的乐趣”
198099,391,周黎明,2024-08-30 12:41:30,8,9,1,绝对不会真正点名的老师\n\n给分相对比较好，但也别太随意。\n\n虽然我满绩，但也是归纳了将近一个礼拜那本大书的结果，随便看看肯定弄不好的，别因为这个说老师不好
198505,391,周黎明,2024-09-09 10:42:14,3,4,1,满昏！
200725,391,周黎明,2024-10-21 11:16:20,2,3,1,周黎明老师的课真的很好，经济法理论与事务事少分高，只有八节课还真的听不够，“獬豸”变“狮子🦁”一直以来都是典中典。真的非常非常非常喜欢周老师的课，以后希望还能去到周老师的其他课程学习
200794,391,周黎明,2024-11-02 09:04:37,5,6,1,给个十分求保佑，但是无论我考的怎么样，周老师绝对是神中神
201105,391,周黎明,2024-10-28 14:31:31,7,8,1,求学是最大的乐趣！
201278,391,周黎明,2024-10-31 04:04:00,2,3,1,非常好
201593,391,周黎明,2024-11-04 14:59:56,4,4,0,超级超级好的老师！！！！直接冲兄弟们！！！！不签到，期末开卷，平时作业就写一个合同！！！！上课非常非常有趣！！！！好喜欢啊啊啊啊啊为什么只有八节！！！！！
202436,391,周黎明,2024-11-12 17:09:43,2,4,2,经济法理论与实务事少分高，上课还有趣，冲就完事了
202444,391,周黎明,2024-11-12 23:12:26,0,2,2,天呐我的男神我的伟大周黎明老师！是谁上课好玩知识实用考试还狠狠老人啊( ;  ; )
202455,391,周黎明,2024-11-12 23:57:56,0,1,1,周老师真的超级好，上课有趣，收获多，作业量少给分好，速选！！！
202482,391,周黎明,2024-11-13 01:46:33,1,2,1,事少分高！特别好的老师！
202484,391,周黎明,2024-11-13 01:51:28,0,2,2,周老师是神，事少给分好
202487,391,周黎明,2024-11-13 01:57:56,2,2,0,老师真的非常可爱，上课也很有意思，作业基本等于没有，绩点公平公正（看考试），考试还是开卷的，只要认真复习就可以。（书还是要看看的）
202514,391,周黎明,2024-11-13 02:58:51,0,1,1,好哇，好老师
202542,391,周黎明,2024-11-13 04:46:05,0,1,1,“求学是最大的乐趣”\n\n“希望一直做大家的朋友”\n\n神中神！！！
202546,391,周黎明,2024-11-13 05:22:43,0,2,2,为了感谢他把我4.5捞到了4.8，我要打个10分
202664,391,周黎明,2024-11-13 16:14:24,5,6,1,24秋 经济法理论与实务 5.0\n\n分数构成：40%自己写一份合同+60%期末考试（35*2分选择+5*2分判断+1*20分案例分析）\n\n给分很好，合同按时交并基本符合要求就会给满分了\n\n期末考会有一部分上课讲过的例子，总体难度不大，如果想考得好一点就考前把课本和专题ppt过一遍\n\n老师上课会讲很多有趣的案例，也会普及法律知识，上课明确不点到，是超级好的老师，包给10分的
202697,391,周黎明,2024-11-14 02:08:30,1,2,1,老师人超级好，不点名，作业就一份合同，期末考试案例分析题比较难，但老师会捞的
202977,391,周黎明,2024-11-15 15:20:24,1,2,1,10分无需多言
202988,391,周黎明,2024-11-15 16:17:45,0,2,2,事少分高  冲冲冲！！！
203050,391,周黎明,2024-11-16 05:59:50,1,1,0,真的好老师，讲的风趣幽默，还可以学到生活小技巧，冲
203358,391,周黎明,2024-11-19 10:39:39,0,1,1,太棒了！
203625,391,周黎明,2024-11-21 02:09:44,5,7,2,老师确实是神中神，没话说，这学期有两次安排我们线上听课，让我们的假期更完整。不过最后的考试还是建议不要太大意，老师虽然很好，但是期末考要是考太差老师也无能为力。我裸考喜提了3.9，老师应该尽力捞我了，是我个人的原因，所以建议大家考前还是稍微复习一会儿。
204924,391,周黎明,2024-11-28 15:25:47,0,0,0,周黎明！！周黎明！！老师讲课风趣幽默，而且给分高！！
205419,391,周黎明,2024-12-06 04:24:26,1,1,0,老师课上的真的非常棒！人也很好，给分是“最大化”给分。夸张点说，在浙大，没有上过lmgg的通识课，我觉得可能是一种遗憾
205592,391,周黎明,2024-12-10 03:01:17,4,5,1,上一节课就成了黎明的脑残粉，浙大版的罗翔名不虚传，不点名，课有趣，作业只有一个写合同，还是有模版的，给分巨好，苯人好几节没去听课，最后临考前开始翻书，才翻了三分之一去黎明的开卷考慌死了最后拿了满绩，感谢老师，一定要选黎明
205951,391,周黎明,2024-12-13 01:56:26,0,0,0,周黎明！！！
206320,391,周黎明,2024-12-14 06:57:41,0,0,0,他是我男神！！！
207426,391,周黎明,2024-12-21 13:18:00,0,0,0,23年夏上的，来补一个评价。事情很少，只有平时合同作业，要尽早交，我怀疑老师就是看这个来区分期末同分的人的hhh。开卷考还是要好好复习，mooc有很多原题，我打印了mooc题目赚到啦！最后是正好95分满绩，比起分数，其实知识更重要！
207498,391,周黎明,2024-12-22 12:05:53,0,0,0,神！！
208488,391,周黎明,2024-12-28 09:14:04,0,1,1,讲得太好了！给分也好，三学分经济法，很有意思的课
210155,391,周黎明,2025-01-08 08:58:10,6,6,0,u1s1我也想买黎明牌电脑
211254,391,周黎明,2025-01-11 05:24:10,0,0,0,周黎明我爱你
211353,391,周黎明,2025-01-11 08:34:22,0,0,0,伟大无需多言 希望能捞我捞的高一点 课讲的是真的无敌
211867,391,周黎明,2025-01-13 00:52:37,4,5,1,老师无敌好，平时只有一个合同作业。平时上课就是听相声，考试前看了看课本目录，把老师PPT和98上前人总结的MOOC真题和答案（有不少原题）打印了一下，考试就是一通狂翻，最后论述题写的满满当当。出分喜提5.0，感谢周老师😘😘😘
211906,391,周黎明,2025-01-13 01:34:37,1,1,0,老师我爱你
211910,391,周黎明,2025-01-13 01:41:34,0,0,0,太有意思啦，讲的故事都是自己经历过的，认真复习弄懂上课学的知识点就可以得很高的分！
211928,391,周黎明,2025-01-13 02:01:05,1,1,0,讲课讲得是非常好的，这一点已经可以给10分了。因为个人原因，本人一学期基本没去过，期末通过打印PPT得到4.2(别只带书)。不敢想象怎么被捞起来的，期末前两道选择十分钟没做出来。。。总之，还是很推荐的，但是选了还是要认真上，会有收获的。如果像我这样的，其实不如不选把机会给别人。
211996,391,周黎明,2025-01-13 04:07:50,1,1,0,老师上课确实很有意思，讲知识点的同时穿插很多故事，适合上完一天硬课后放松。平时会提到哪些地方重点考，最后一节课会告知考试内容。平时的合同作业，任务量小，给分高。但是期末真的不知道怎么复习，可能挺多没翻到or大题答案错了，虽然合同作业分高但是最后出分挺惨不忍睹的（也提醒大家不是说老师事少分高就是所有人都可以无条件得高分的。。。还是要做好复习工作）
212042,391,周黎明,2025-01-13 05:39:15,0,0,0,上课真的炒鸡有意思！很幽默的老师！给分也出乎意料的高！！！
212176,391,周黎明,2025-01-13 10:11:54,0,1,1,这学期选到了周老师的经济法通识课，下学期继续跟着周老师上经济法专业课\n\n经济法理论与实务平时只有一个合同作业占40分，期末占60分\n\n老师上课无敌有趣，收获很多，给分也好，特别喜欢周老师
212462,391,周黎明,2025-01-14 04:50:15,0,0,0,男神！
212898,391,周黎明,2025-01-15 07:55:16,0,0,0,男神无需多言！
213213,391,周黎明,2025-01-16 11:01:12,0,0,0,男神！！！
213224,391,周黎明,2025-01-16 11:42:00,0,0,0,慕名来听男神讲课 上课真的好有意思 给分也好 虽然最后考试翻书翻到手酸但是值得 我爱你男神！
215223,391,周黎明,2025-02-24 12:59:33,5,5,0,别的通识课能睡就睡\n\n周老师的课\n\n睡一秒亏一秒😭😭😭
216093,391,周黎明,2025-03-10 09:29:41,0,1,1,有趣生动，大学第一个满绩，感谢！
217286,391,周黎明,2025-04-07 12:44:28,0,1,1,nb!!!
217293,391,周黎明,2025-04-07 16:40:18,1,1,0,吹爆 你上了就知道有多好
218112,391,周黎明,2025-04-21 07:42:24,1,1,0,经济法理论与实务:老师超级好，讲课很有意思，平时作业只有一份合同，给分也很好
218127,391,周黎明,2025-04-21 09:56:12,0,0,0,超级好的老师呀，求学是最大的乐趣！
218143,391,周黎明,2025-04-21 12:55:01,1,1,0,伟大无需多言
218153,391,周黎明,2025-04-21 13:57:43,2,2,0,满绩前来感谢。很好的老师，能用课堂上学到很多知识和实用的技巧，最后给分也很好。真的是很好的一门通识！
218163,391,周黎明,2025-04-22 13:27:46,2,2,0,讲课风趣，给分极好，伟大无需多言
218242,391,周黎明,2025-04-22 07:38:47,1,1,0,老师真的灰常好！上课讲的知识特别有趣而且特别好玩，只要考前复习一下就能拿满绩，课程作业也只有一份合同，选选选！
218652,391,周黎明,2025-04-28 08:21:52,2,2,0,老师上课有趣，作业少，给分极好
219237,391,周黎明,2025-05-23 08:56:34,2,2,0,讲的很好，例子太有意思了🤣
219247,391,周黎明,2025-05-23 10:23:33,1,1,0,经济法这门课伟大程度无需多言
219288,391,周黎明,2025-05-24 07:46:17,1,1,0,一节课没去，考试前打印了一下资料就4.5了，伟大无需多言
219504,391,周黎明,2025-05-29 02:50:25,0,0,0,老师人真的好，课也是神课！
219615,391,周黎明,2025-06-01 08:49:39,1,1,0,满绩的神
221069,391,周黎明,2025-06-21 05:45:47,1,1,0,伟大无需多言，本科阶段最推荐学的通识课
221481,391,周黎明,2025-06-24 04:18:09,0,0,0,认真准备了考试，合同也是第一周布置就交了，最后给分一般还卡绩了，可能是我大题弄错了，但是还是蛮失落的
221950,391,周黎明,2025-06-27 15:05:57,0,0,0,神中神。
2926,414,王志凯,2015-05-11 06:11:28,33,51,18,不点名 但是给分低
32639,414,王志凯,2016-07-08 10:15:21,9,15,6,讲得很差
34027,414,王志凯,2016-09-26 02:24:19,10,13,3,讲的太烂了…概念都不讲清楚
34819,414,王志凯,2016-10-24 04:18:59,0,2,2,哈哈哈
35232,414,王志凯,2016-11-07 03:25:44,7,9,2,自学\n\n反正人家上课也是叫你看书\n\n不是很明白老师存在的意义\n\n建议实在没办法选了他\n\n自学然后去听听别的老师的课
38600,414,王志凯,2017-02-21 07:29:58,9,13,4,这老师……高1分害死10个人微笑
38608,414,王志凯,2016-12-12 03:03:06,6,9,3,完全不知所云！重点一个不讲！只知道让大家看书看书看书……然后叫人来解释……那要老师干什么！真的 受不了………
41859,414,王志凯,2017-02-26 01:51:30,4,10,6,老师挺和蔼的，讲课也还可以的啦，不过真的要靠自学，靠自学，靠自学！
49237,414,王志凯,2017-03-30 08:19:38,-3,3,6,听说这次重考普遍绩点都很高……那还是我太菜了?
49239,414,王志凯,2017-05-26 03:28:05,16,23,7,靠让你正态我，歧视非经济学生\n\n
49264,414,王志凯,2017-03-31 11:49:06,1,2,1,天哪，我的绩点，哎
56081,414,王志凯,2017-07-03 04:36:54,0,1,1,自学。
57475,414,王志凯,2017-07-08 11:55:46,-18,3,21,感觉很好啊收获很大
58611,414,王志凯,2019-01-09 01:51:12,2,4,2,上课不知所云，全靠自学，垃圾啊\n\n
59480,414,王志凯,2017-09-22 00:55:31,0,0,0,不太好，无用
59616,414,王志凯,2017-09-25 02:37:32,0,1,1,最后一个同学怕是高级黑哦
72818,414,王志凯,2018-01-31 06:25:57,0,0,0,弃暗投明听别的老师的课去了，不然别说绩点好看点不挂科都是好的
72823,414,王志凯,2018-01-31 06:37:21,8,8,0,念书，吐槽ppt（ppt是教材配套的）
72834,414,王志凯,2018-01-31 07:08:11,11,17,6,完全靠自学，蹭了一学期隔壁蔡庆兵老师的课，但是老师不绩杀，只要认真学好好考，上4没问题。全靠自己！建议选课，然后蹭其他老师
72843,414,王志凯,2018-01-31 07:41:57,0,0,0,还行。
72854,414,王志凯,2018-01-31 08:00:06,-5,4,9,谢谢老师、是我误会您了
85490,414,王志凯,2018-07-18 12:44:14,0,0,0,给分，，，，真的好差，上课讲一些很无聊的事情，课外我挺努力地看书了，为什么成绩这么低。。。
86281,414,王志凯,2018-09-12 03:05:09,0,0,0,哦哦哦
87240,414,王志凯,2018-09-26 04:03:04,0,0,0,老师存在的意义是什么???佛了…
91082,414,王志凯,2018-11-29 16:51:47,3,3,0,垃圾垃圾垃圾，只会科研不会讲课
92218,414,王志凯,2018-12-27 05:53:58,5,5,0,hhhh这种老师有什么存在的价值…到课率一半都快没了…讲的什么98玩意儿…真的不会教书
93280,414,王志凯,2019-01-08 16:27:51,0,0,0,还可以
99552,414,王志凯,2019-01-25 02:45:05,-2,2,4,老师讲课真的很佛系，不过给分超级好
99557,414,王志凯,2019-01-25 02:51:08,6,7,1,成绩出了根本不敢相信自己的眼睛，我以为凭我期末一桶瞎写评分这么低的老师一定给个很低，其实并不啦。老师讲课不好，但是很和蔼，上课自学不会太差的
99603,414,王志凯,2019-01-25 04:02:27,0,1,1,土木学生来答，课上听得比较迷，考试前突击了一天，还好老师给分还好
99769,414,王志凯,2019-01-25 06:53:20,0,1,1,完全靠自学，建议去听隔壁蔡老师的课，讲的很细。但是努力学的话给分还是可以的
99951,414,王志凯,2019-01-25 10:36:04,6,8,2,我TM真是醉了，没人来上课，不点名，公平吗？给分真是日了狗了，垃圾的一批。真是别选，财政系主任就这水平？
100400,414,王志凯,2019-01-26 05:15:18,3,6,3,真的sb老师 讲课吗？垃圾老师 这个是浙大老师吗？给分？不要想高分 选这老师你已经准备重修。
108064,414,王志凯,2019-05-14 03:15:28,5,5,0,超级无敌垃圾
108121,414,王志凯,2019-05-15 08:33:13,11,11,0,财政系主任？？？？？
108183,414,王志凯,2019-05-16 06:15:16,3,3,0,不好啊
109368,414,王志凯,2019-06-13 11:28:01,3,3,0,自学，没论文，不点名，适合已经会了又不想上课又不想写论文的同学
125029,414,王志凯,2020-08-15 16:42:48,4,4,0,讲课烂，全靠自学
129035,414,王志凯,2020-12-29 03:48:19,3,3,0,講得很生硬， 吸引不了人 反正現在看到大家的評分那麼低有點慌
131743,414,王志凯,2021-01-28 16:19:57,-3,2,5,非常感谢老师，老师是很温柔的人。还有非常感谢助教hc小哥哥(´，，•ω•，，)！！
142314,414,王志凯,2021-11-10 06:08:25,-2,1,3,社会实践还不错
143616,414,王志凯,2021-11-29 03:44:21,3,3,0,低分怪
148465,414,王志凯,2022-01-12 14:45:45,6,6,0,讲课很烂\n\n给分非常求是，求是到我真的想骂人
150817,414,王志凯,2022-02-19 03:20:53,10,10,0,就这水平还当系主任？！
152055,414,王志凯,2022-03-24 08:27:28,9,12,3,如果一个房间里有希特勒，墨索里尼和wzk，给我一把枪和两颗子弹，我会杀wzk两次。
152766,414,王志凯,2022-04-19 11:30:11,1,6,5,就一点给分极其求是。助教告诉我期末卷子拿90几的样子，平时作业一次没少交全部认真完整，结果卡我绩不给5是咋样？
158912,414,王志凯,2022-07-03 08:13:22,9,10,1,怎么还不退休
167615,414,王志凯,2023-01-17 15:49:21,0,1,1,给分真的巨差
186033,414,王志凯,2024-01-08 02:34:52,0,0,0,上课讲的不太清楚，优点是点名少，平时作业少，期末还没考不知道给分怎么样，别给我挂了就行
186128,414,王志凯,2024-01-08 18:49:28,1,1,0,想要事儿少就选，给分不清楚现在。求你了别求是乱给
188246,414,王志凯,2024-01-18 13:23:02,0,0,0,事儿很少，分也少
188372,414,王志凯,2024-01-19 00:25:00,1,2,1,很惊讶的是满了，一直听隔壁蔡爹的课！所以选上的同学其实不用担心，因为事情很少！期末考试好好考就好了～
188485,414,王志凯,2024-01-19 05:29:39,0,1,1,当时选了王老师的课就看到了极低的评分，有点怕，但是出于对经济学知识的好奇，还是义无反顾地去上了课。\n\n出乎意料的，王老师虽然被说得很差，但其实见识很广，解释课本原理的时候能联系很多事例出来，讲的课是活课，不是死课。对经济学理解差的，能更好理解；对经济学理解好的，能借此机会试着把原理运用到现实中去分析经济问题。因此每节课都有（包括我在内的）十几个同学始终坐在前三排认真听课。\n\n但是客观地说，王老师教学时比较随心所欲，这是毋庸置疑的。就连我都吐槽过他从一开始的三节课讲九页到最后一节课讲将近200页（（。就他所说，这是因为这学期学校要求加的3节网课占用了他授课的时间（其实还是合理的理由，因为网课没法继续学下去，只能看原来的，进程就被拖延了）。另外，王老师讲解经济模型的时候通常是用着他自己非常连贯的逻辑一口气讲下去的，而下面的一群宏观经济学小白只能瑟瑟发抖，我认为如果他愿意把计算题放到对应章节做，应该能让大家更方便理解。\n\n说好话：事少（一个学期一次作业），分不知道高不高，从来不点名（虽然隐隐“威胁”了好几次自己要点名，但是都没有硬点，一共只记录了三次课到课的情况，其中一次还是专门讲计算题的考前补课，而且点名不在平时分里）。\n\n王老师讲课比较高屋建瓴，如果脑子稍差可能不太跟得上（我当时就感叹过：这玩意不可能是给大一的新生上的课吧），但是毋庸置疑是一个德才配位的好教授。
210525,414,王志凯,2025-01-09 10:00:03,2,2,0,选了老师的宏经，当时一看查老师和朵朵感觉挺担心的，但后来想着自己成绩也不会再差到哪里去了就硬着头皮上了。老师上课人肉眼可见的少（或许大家都知道老师风评不好，我这个班只有27人，其他班都是80+，而且就这样到课率也基本没有一半），所有老师偶尔就会问问我们教什么名字，基本上我们的名字他都记得，所以可能这样子最后平时分给的很高吧哈哈哈哈。考试前准备了两三天，最后差一分满了，对我这种菜鸡来说老师真的很不错了。平时只有两次大作业，无慕课无论文无测验。
4095,452,蔡庆兵,2015-06-17 16:47:29,181,191,10,好喜欢蔡老师！
4269,452,蔡庆兵,2015-06-18 12:50:36,121,127,6,百年一遇的良心老师
4356,452,蔡庆兵,2015-06-19 11:11:39,63,68,5,房地产的课不点名。老师很认真。但是我不认真。。。给分很赞很赞。写论文课中最高的一门课
5037,452,蔡庆兵,2015-07-02 11:38:21,49,53,4,业界良心！\n\n
5297,452,蔡庆兵,2015-07-06 10:09:04,96,100,4,老师人好好！非常细心 很为同学们着想！棒棒棒 上课也很幽默，就是语速有点慢。。
9491,452,蔡庆兵,2015-10-29 01:51:01,43,47,4,老师超好！上课讲的很详细都不会困
14922,452,蔡庆兵,2016-01-11 03:39:32,37,37,0,真的好老师
15647,452,蔡庆兵,2016-01-16 03:36:58,28,31,3,业界良心
16783,452,蔡庆兵,2016-01-19 03:09:28,38,39,1,老师人很好讲课也棒 会讲课本之外的实际宏观经济 可是后半学期不是他上的好可惜
18811,452,蔡庆兵,2016-01-22 14:48:30,33,34,1,天了，大写的赞，不仅上课棒给分还好！！
18813,452,蔡庆兵,2016-01-22 14:51:53,49,52,3,真的超级好的老师！！讲课很好有意思！学生邮件问问题都会认真回复，还会把一些分享在公共邮箱给所有学生。给分有按时交作业平时就是满分，会提分。
18971,452,蔡庆兵,2016-01-23 01:25:26,26,27,1,给分还不错
18981,452,蔡庆兵,2016-01-23 02:00:40,33,34,1,怎么有这么好的老师！！！
19257,452,蔡庆兵,2016-01-23 16:16:23,15,16,1,良心老师
19553,452,蔡庆兵,2016-01-24 16:02:08,18,19,1,讲的真的很好！时时考虑到学生！
21271,452,蔡庆兵,2016-02-28 01:39:28,15,17,2,超级认真！上课非常有趣！条理分明！给分还超好！大写的赞！
21662,452,蔡庆兵,2016-02-29 13:15:26,14,16,2,好到极致
21692,452,蔡庆兵,2016-02-29 17:18:22,18,19,1,很好的老师，讲得很细
22571,452,蔡庆兵,2016-03-08 05:37:58,14,17,3,老师特别特别好！
23896,452,蔡庆兵,2016-04-20 11:19:56,17,18,1,老师人真的超nice
24187,452,蔡庆兵,2016-04-28 07:11:29,20,21,1,非常好的老师，拿与课程内容无关的问题请教他都特别认真地回复，很nice，给分也超好。
24208,452,蔡庆兵,2016-04-28 10:03:26,20,22,2,业界良心啊啊啊啊！每次发邮件都会秒回，上课巨负责，娓娓道来，超级关心同学，热心，用心！
25145,452,蔡庆兵,2017-03-28 02:40:14,19,22,3,老师给分好 上课和课后都很认真
25783,452,蔡庆兵,2016-07-02 08:53:27,105,114,9,好老师。  期末卷面92分，平时分30分。 折算下来94.4分，老师给我满绩。这种老师不仅课上得好，人是真心善良啊！（不仅体现在分数上）
26114,452,蔡庆兵,2016-06-16 01:43:54,26,27,1,听老师的房地产 老师讲的很有趣 结合实际 还会教同学买房子kk 最后不用考试只写论文 给分意想不到的高?
26773,452,蔡庆兵,2016-06-21 05:41:14,29,32,3,会在凌晨回复你邮件问题，回复不了还会在课上解答的老师。会把课堂知识跟中国现状结合，总之能能学到东西
27641,452,蔡庆兵,2016-06-27 06:12:46,16,17,1,老师真的很好啊 讲课也好对学生也好 是那种看去就很好的老师 分数还没出 但是很感激这个学期来的学习
28114,452,蔡庆兵,2016-06-28 08:07:22,13,14,1,认真负责讲课好的好老师
28139,452,蔡庆兵,2016-06-28 08:09:18,12,13,1,还是比较满意
28861,452,蔡庆兵,2016-06-29 00:39:27,15,17,2,不能再好了，详细又有趣，拯救了我的宏经
28875,452,蔡庆兵,2016-06-29 02:18:28,7,11,4,给分又好讲得又清楚！\n\n
29035,452,蔡庆兵,2016-06-29 06:59:02,47,50,3,本来想把正面评论都点一遍赞的，结果发现零差评，就给所有回答都点了赞，嘿嘿。辅修以来遇到过最好的老师，没有之一。宏经讲得超级棒，就是考试选择题出得有点难。
29151,452,蔡庆兵,2016-06-29 09:57:30,16,18,2,老师很nice，把学的内容和实际联系起来，循循善诱，同学的问题也都用心回答。就是我的分数为什么还没出。。
29503,452,蔡庆兵,2016-06-30 01:50:43,13,15,2,讲课超级有意思，一点不死板～人也特别好，不为难学生，裂墙推荐！
29530,452,蔡庆兵,2016-06-30 02:40:06,15,16,1,好人一生平安
32830,452,蔡庆兵,2016-07-16 10:54:47,10,14,4,浙大好老师
33474,452,蔡庆兵,2016-09-19 12:37:23,10,12,2,好好好!\n\n
33639,452,蔡庆兵,2016-09-20 14:18:51,9,12,3,上课没有睡意 也不会想玩手机
34339,452,蔡庆兵,2016-10-04 08:16:28,10,12,2,非常好
35261,452,蔡庆兵,2017-01-16 04:03:04,-57,6,63,上的太水太水了
38560,452,蔡庆兵,2016-12-08 13:44:58,10,11,1,蔡老师课上得既认真又风趣非常精彩
41049,452,蔡庆兵,2017-01-08 22:38:02,8,11,3,精彩，挺有收获的。
44020,452,蔡庆兵,2017-01-17 08:17:02,11,12,1,老师真的讲的好人也超好啊！虽然现在分数还没出 但还是毫不犹豫给10分！下学期还有他的房地产 开心！
44091,452,蔡庆兵,2017-01-17 09:11:52,8,9,1,上课完全不走神 超级有兴趣！！想嫁！
45215,452,蔡庆兵,2017-01-19 07:13:32,7,7,0,老师棒棒哒
46323,452,蔡庆兵,2017-01-21 08:28:22,8,9,1,真的好！讲课透彻而又有趣！回邮件的时候超详细超耐心还会说复习辛苦了，还有其他很多的细节都能看出蔡老师的细致，让人超安心的老师
46330,452,蔡庆兵,2017-01-21 08:39:46,14,18,4,本学期最爱的专业课就是蔡老师的宏经啦，虽然有同学觉得语速太慢有点催眠 但我觉得很照顾自己这种反应慢的人耶，讲解简单易懂，书上两页蔡老师几句话还巨清楚，宏经重考悲剧了，但还是给蔡老师一个?
48453,452,蔡庆兵,2017-03-04 13:42:13,0,6,6,宏经重考已跪，现在希望我最喜欢的蔡老师能同情一下新学期认真复习却还是漏掉这次考点的可怜虫
48530,452,蔡庆兵,2017-03-06 23:49:33,9,9,0,超级棒
48540,452,蔡庆兵,2017-03-07 02:52:22,9,9,0,蔡老师认真负责，真的很棒。还想选他的房地产
48807,452,蔡庆兵,2017-03-13 10:44:50,-11,3,14,这个胖子真可爱 好像唐马儒啊~
49137,452,蔡庆兵,2017-03-27 11:44:28,5,7,2,绝对的好老师\n\n
49147,452,蔡庆兵,2017-03-27 16:13:04,3,5,2,好老师！
49150,452,蔡庆兵,2017-03-28 00:34:17,6,7,1,好老师！
49152,452,蔡庆兵,2017-03-28 01:50:24,7,7,0,认真负责的老师。给分好
49155,452,蔡庆兵,2017-03-28 02:03:02,4,7,3,老师很好，讲课有趣易懂，给分据说很好，那可能是我太渣了哭瞎
49162,452,蔡庆兵,2017-03-28 05:19:30,8,9,1,期末给分好 平时分给的也很高 讲的也好 总之好老师！
49199,452,蔡庆兵,2017-03-29 06:45:05,11,11,0,耐心负责 讲得也非常好
49512,452,蔡庆兵,2017-04-17 10:25:10,7,8,1,非常棒的一个老师，能说会道，谈笑风生，上课很有趣
52370,452,蔡庆兵,2017-06-19 07:19:22,5,7,2,良心好老师（我还不知道我的得分），一生推
53900,452,蔡庆兵,2018-09-01 05:16:55,-135,3,138,讲课清楚题目简单，我就复习了一天，虽然比想象中难一点但是题目类型清楚直白也很简单。希望比味精97分高吧?
55394,452,蔡庆兵,2017-07-01 12:13:26,4,5,1,老师真的好！百年一遇的良心老师，讲课深入浅出，还引用事例，一点也不枯燥
55397,452,蔡庆兵,2017-07-01 12:19:19,9,10,1,怎么说呢 大概就是这节课你提前半小时来只能坐最后吧^O^\n\n老师真的特别认真！每次上课都是大汗淋漓！而且给分超好！
55398,452,蔡庆兵,2017-07-01 12:21:14,4,5,1,虽然学期后半段没有认真听课，但是考试成绩满满的师生情让我泪流满面~蔡老师最棒了
55403,452,蔡庆兵,2017-07-01 12:30:31,3,4,1,老师太棒了！
55680,452,蔡庆兵,2017-07-02 07:23:08,5,6,1,超级有趣的老师，用经济学原理解读生活现象深入浅出。期末考的比较难，可能是春夏修宏经的原因吧，单独出卷。但是，师生情太浓了！！
55866,452,蔡庆兵,2017-07-02 13:53:25,4,5,1,蔡老师讲课一级棒！给分超级好！反正宏经选他没有错！
57381,452,蔡庆兵,2017-07-07 05:38:21,1,4,3,好，好，好。
60222,452,蔡庆兵,2017-10-14 04:06:18,5,5,0,光头男神！快下课时经常会讲好笑的段子。答疑邮件秒回。最最最重要的是因为有点胖所以很！萌！啊！(≧▽≦)
60281,452,蔡庆兵,2017-10-16 12:36:22,2,4,2,两年里遇到的最好的老师，没有之一！
65570,452,蔡庆兵,2018-01-06 10:50:51,1,2,1,真的很好阿
67177,452,蔡庆兵,2018-01-20 11:45:28,1,2,1,讲课挺认真负责的
67205,452,蔡庆兵,2018-01-27 10:30:30,6,9,3,给分好，耐心讲解，关心学生，很难得的好老师
68941,452,蔡庆兵,2018-01-24 06:49:39,6,7,1,只想问为啥蔡老师不是十分
70597,452,蔡庆兵,2018-01-27 09:14:54,5,5,0,蔡老师真的讲课好！人有风度！作业内容也很扎实真的能学到超级多知识！！！给分真的超级好！！！！男神
70598,452,蔡庆兵,2018-01-27 09:17:02,3,4,1,太棒啦！老师教学真的很负责，经常在群里回答问题，给分简直好到爆炸！给老师打call！
70601,452,蔡庆兵,2018-01-27 09:28:12,3,4,1,蔡老师真的太太太好了!!!老师上课非常认真仔细，讲的很有条理，干货满满。课后老师会在群里积极为我们答疑，前一天的问题，老师可能没时间回答，但是却在凌晨4点微信为我解答!真的是感动死了!第一次遇上这么负责的老师!老师给分也是真的很好，浓浓师生情!超级爱老师，作为一名其他专业的学生，这学期真的学到了很多新知识!谢谢老师!
70604,452,蔡庆兵,2018-01-27 09:34:33,2,3,1,上课认真负责！！！！给分无敌好
70605,452,蔡庆兵,2018-01-27 09:34:48,3,6,3,给分好到哭！！?！！
70609,452,蔡庆兵,2018-01-27 09:41:11,0,3,3,老师真的好任性很负责，真的很佩服。
70620,452,蔡庆兵,2018-01-27 09:51:27,2,4,2,讲的特别好，很乐于解答同学的问题，给分超好！良心老师一生推～
70641,452,蔡庆兵,2018-01-27 10:23:09,6,8,2,蔡老师太棒了非常非常棒  讲课深入浅出听着不累而且挺幽默的  没有什么大作业什么的 只有三次课堂作业都是对最后的考试有帮助的  给分超赞！满绩！
70656,452,蔡庆兵,2018-01-27 10:39:36,4,5,1,良心好老师！
70672,452,蔡庆兵,2018-01-27 10:53:19,7,8,1,经院杠把子老师
70676,452,蔡庆兵,2018-01-27 11:03:18,2,5,3,太棒了太棒了！！！
70719,452,蔡庆兵,2018-01-27 12:31:17,4,5,1,为什么会有蔡老师那么好的老师！！！不仅上课超级棒，答疑超级耐心，平时还自己给同学批作业，期末给大家打气，给分超级赞！！！轻松满绩！！！
70730,452,蔡庆兵,2018-01-27 12:41:21,37,43,6,在浙大的这两年我遇到了很多让我感动的好老师，但我把第一次学习帝评价老师献给蔡庆兵老师.就事论事，蔡老师是我见过的最能站在学生的立场备课和组织讲课逻辑的老师.上课的逻辑线相当连贯（作为一个没有任何经济学基础的工科生听得很享受），能把很复杂的问题深入浅出化难为易，这是蔡老师讲课水平的体现.\n\n蔡老师也是我见过最没有架子，最照顾和尊重学生的老师.发邮件问问题，哪怕是一些事后看起来很傻很没水准的问题，他也会以最快的速度回复你，还会把有质量的问题共享到公邮.课下与他交流问题，哪怕与课程关系不大，他也会以平等的身份认真与你交流.\n\n很感谢我宏经能拿5.0，更感谢我能在浙大遇到蔡老师.
70747,452,蔡庆兵,2018-01-27 13:01:53,3,4,1,舒服，给分赞，人好
70854,452,蔡庆兵,2018-01-27 15:43:31,6,6,0,老师上课超好玩的哈哈，绝不会照本宣科，按自己的风格来，很容易理解。
73661,452,蔡庆兵,2018-02-02 10:35:00,4,4,0,浙大见过最为学生考虑的老师 上课全然不觉时间流逝
73824,452,蔡庆兵,2018-02-03 07:31:07,1,4,3,仔细耐心，给分超棒！
74309,452,蔡庆兵,2018-02-10 10:50:06,8,9,1,记得有一次因为各种调课 宏经停了大约一个月 那以后就没有好好听课了…不过我一般都是用录音大法，最后期末1.7倍速度播放，不要太爽…
74748,452,蔡庆兵,2018-03-05 12:05:29,4,6,2,好老师，讲的很清楚！！
76089,452,蔡庆兵,2018-03-26 12:43:28,5,6,1,超棒超棒，每次上课时间溜的飞快！
77242,452,蔡庆兵,2018-05-04 05:59:42,7,7,0,房地产给分很好
79040,452,蔡庆兵,2018-05-21 10:12:18,19,22,3,晚饭吃外卖的时候看到蔡老师在休息区睡着了...老师辛苦了?
79388,452,蔡庆兵,2018-06-03 03:28:17,2,5,3,良心！！！
80437,452,蔡庆兵,2018-06-26 12:11:06,5,5,0,棒！讲课很仔细，也挺有趣。
81071,452,蔡庆兵,2018-07-12 14:38:35,12,13,1,哇，看到成绩那一刻，我只有一个感觉，我不配，真的谢谢蔡老师这学期的教导。中宏一定好好做人。
83375,452,蔡庆兵,2019-01-15 12:08:12,13,17,4,趁着还没出分来评价，真的很棒的老师啊而且个人觉得给分会很好(毕竟上课也是diss过正太的哈哈哈) 最后期末爆炸了真的不怪老师了，主要后面几节课都没好好听，感觉学的好的同学一定可以做的很好的，老师对不起呜呜呜我明年中宏一定好好学……以及，那个微经97的，您的微经出分可真快呦，我周围的所有上微经的大概3个老师都还没出，这样刷存在感有意思吗？
84321,452,蔡庆兵,2018-07-12 14:37:20,5,6,1,老师爱您不多说了，看到分数真的激动的哭出来。想念您油光发亮的头哈哈哈哈哈哈
84340,452,蔡庆兵,2018-07-12 15:05:32,3,3,0,呜呜呜老师真的好，讲课很好，给分也超好
84345,452,蔡庆兵,2018-07-12 15:20:01,3,5,2,给所有夸蔡老师的都点了赞。\n\n蔡老师讲课好，给分极好!
84367,452,蔡庆兵,2018-07-12 15:55:23,0,3,3,蔡老师讲课真的好认真负责，真的谢谢蔡老师一个学期的指导
84372,452,蔡庆兵,2018-07-12 16:07:24,7,8,1,吹爆老师 这种师生情是真实存在的吗 计算题错了一道 选择好几个乱选的 居然还有4.8 讲课负责老师人也超好
84376,452,蔡庆兵,2018-07-12 16:10:15,1,3,2,超好的老师啊啊啊啊啊。最后一门非专业课真的给我太好的印象
84383,452,蔡庆兵,2018-07-12 16:29:51,2,3,1,良心老师，给分好上课也好
84384,452,蔡庆兵,2018-07-12 16:30:38,3,5,2,怎么会有这么完美的老师！！！
84386,452,蔡庆兵,2018-07-12 16:35:21,5,6,1,老师实在太给力了，可讲的好，给分简直是惊喜！点赞
84387,452,蔡庆兵,2018-07-12 16:39:10,4,5,1,我的天哪老师给分太好了真的从我把挂科深渊救了回来，这一波哇真的！！！感谢老师！！！真的谢谢老师！！！！
84388,452,蔡庆兵,2018-07-12 16:44:52,2,4,2,只要听，。没有听不懂的，只要学，没有学不会的。老师给分不要太好！！！！！！
84402,452,蔡庆兵,2018-07-12 18:49:32,4,6,2,谢谢蔡老师的满绩 还是个99 给分好人更是没的说
84418,452,蔡庆兵,2018-07-12 22:40:56,4,6,2,这次的宏经，选择题是多选，最后一道分析考BP曲线，基本全空，做完感觉很糟糕，以为自己都要挂科了。。考完还给老师发了邮件，结果成绩一出，86。。别问，问就是蔡老师牛逼
84429,452,蔡庆兵,2018-07-12 23:45:40,6,6,0,老师真的超好！！！上课很风趣，并且直抓重点，最重要的是给分太好了吧！！
84739,452,蔡庆兵,2018-07-13 16:43:18,2,6,4,考完试好几选择题都是蒙的，简答题里面的加速数和米德冲突也没很好的想起来，计算题也没啥把握，最后竟然给了92，老师给分太好了！
85055,452,蔡庆兵,2018-07-15 06:55:54,-1,4,5,满分老师，非专业课里第一名
85399,452,蔡庆兵,2018-07-17 11:41:36,3,3,0,蔡老师上课讲的超级清楚，对宏观经济的理解也很深刻，给分也很考虑学生的感受，一生推
89481,452,蔡庆兵,2019-01-25 09:12:04,33,37,4,没有上过蔡老师的课，你对宏经的理解是不够深刻的。
92367,452,蔡庆兵,2019-01-14 16:03:53,18,18,0,今天是老师的最后一节宏经，真的好舍不得老师的课，真的太好了，语言不足以表达的好。问完题之后想要老师在课本第一页签名，但最后还是没好意思开口，回寝的时候看见老师带着小帽子背着书包骑单车离开西区，在心底默默祝福这样的好老师能够每天开心幸福！当您的学生就是幸运和缘分！
92986,452,蔡庆兵,2019-01-06 14:59:59,5,6,1,百年一遇好老师！！！发邮件问问题总是讲解得特别详细！！讲课也讲得很有水平！！\n\n还没考试，先给十分！！！
93839,452,蔡庆兵,2019-01-14 03:32:22,1,2,1,老师太棒啦，很暖心
94456,452,蔡庆兵,2019-01-18 01:52:04,20,21,1,不说了\n\n感谢蔡老师教得这么好甚至还我遇见了喜欢的女孩子\n\n满分！
94789,452,蔡庆兵,2019-01-18 06:57:51,2,3,1,太好了
97071,452,蔡庆兵,2019-01-21 15:43:01,3,3,0,好评，不解释，强烈推荐
97072,452,蔡庆兵,2019-01-21 15:44:20,3,4,1,宏经讲的很有意思，作业就交两次，考试猜重点超准，大赞。
97075,452,蔡庆兵,2019-01-21 15:45:17,0,2,2,蔡老师 我太爱你了!!!啊啊啊啊 超级好
97077,452,蔡庆兵,2019-01-21 15:46:07,4,5,1,老师超级好！一个没有一点基础的辅修的人都听懂了还取得了满意的成绩！
97079,452,蔡庆兵,2019-01-21 15:49:31,-2,1,3,老师讲的超级好!很有条理!超耐性在QQ群里为大家解答问题!来到浙大一来遇到的最好的老师，没有之一!!!强烈推荐
97080,452,蔡庆兵,2019-01-21 15:51:03,0,2,2,呜呜呜我吹爆！必须满分！听的最认真的一个课了老师讲的真的很好 平时作业也很少 以为自己考的不咋的了结果出来老师给分真的巨好啊！！都给我选！！
97083,452,蔡庆兵,2019-01-21 15:54:35,1,2,1,感谢老师，让我爱上经济学
97084,452,蔡庆兵,2019-01-21 15:56:39,5,5,0,老师讲的很好，每次理论课结束会联系实际，学到了很多东西，而且给分很好！又有干货，又有高绩点的老师，哈哈哈哈！
97087,452,蔡庆兵,2019-01-21 15:57:43,2,3,1,怎一个好字了得
97088,452,蔡庆兵,2019-01-21 15:59:48,8,8,0,必须满分，不只因为给分好，更因为老师的专业、耐心和负责！
97090,452,蔡庆兵,2019-01-21 15:59:59,0,2,2,老师上课很投入认真 讲解分析深入浅出 真的很棒
97097,452,蔡庆兵,2019-01-21 16:03:40,4,4,0,老师真的太棒了！
97098,452,蔡庆兵,2019-01-21 16:03:57,2,3,1,非常好
97099,452,蔡庆兵,2019-01-21 16:04:04,3,4,1,一生推，大爱蔡老师。如果不是蔡老师讲的这么好我中途就弃修了，呜呜呜给分感动到爆炸。如果你没选上蔡老师的课，一定要旁听啊！
97102,452,蔡庆兵,2019-01-21 16:05:46,3,5,2,蔡老师是一个认真有趣耐心负责的老师，超爱！味精学得不好，本来不想再学拿宏经当个性了，但是蔡老师让我重新燃起了对经济学的兴趣哈哈～平时作业认真完成，上课好好听，每次课前花一点点时间复习一下，期末考再照着老师给的课件和重点来，成绩不会差的！再吹爆老师简洁的课件和深入浅出的讲解，感恩，笔芯?
97104,452,蔡庆兵,2019-01-21 16:06:26,1,3,2,不说别的，完全享受，经济学基础课程感觉全校所有专业都可以选，当然要认准蔡庆兵老师！
97106,452,蔡庆兵,2019-01-21 16:08:15,1,3,2,太棒啦
97107,452,蔡庆兵,2019-01-21 16:08:32,2,5,3,强推蔡老师！只要认真听真的没有什么听不懂！但是要记得及时把思路记下来。老师人很好也很专业，在群里会认真解答大家的问题，还会心疼同学们复习辛苦提醒同学们考试周早点休息之类的，超级暖！总之强推就是了！
97108,452,蔡庆兵,2019-01-21 16:09:51,4,4,0,课讲得真好
97109,452,蔡庆兵,2019-01-21 16:11:13,1,3,2,蔡老师男神啊！讲课赞，有激情又有深度，作业落实到位，给分好，嗯，毫无缺点。
97112,452,蔡庆兵,2019-01-21 16:12:53,1,3,2,100%好老师！宏经完全能听懂跟下来，然而练习全靠自觉，对不起老师
97135,452,蔡庆兵,2019-01-21 17:26:24,3,4,1,呜呜呜呜太好了真的太好了 讲得太好了 给分也太好了 老师我爱你！
97170,452,蔡庆兵,2019-01-21 23:31:58,2,3,1,老师上课讲课真的非常清楚，作业不多，给分超好！！！
97179,452,蔡庆兵,2019-01-21 23:46:16,6,7,1,真得非常好!感觉没有瑕疵。蔡老师应该是浙大最好的宏经老师。此外，我认为，经院许多老师在教学上都应该向蔡老师学习。像蔡老师这样好的老师，在结课的时候，学生心里会泛起伤感与不舍。祝蔡老师始终幸福!
97218,452,蔡庆兵,2019-01-22 00:43:21,2,3,1,男神，啥都别说了，爱老师，讲的好，给分好
97222,452,蔡庆兵,2019-01-22 00:45:17,0,2,2,超级好老师
97223,452,蔡庆兵,2019-01-22 00:46:10,2,2,0,超级喜欢蔡老师 ，讲课讲的好，给分也棒棒的。
97324,452,蔡庆兵,2019-01-22 08:08:40,4,4,0,老师讲课很细致，一个学期下来很有收获。老师给分也特别好，感谢蔡老师！
97421,452,蔡庆兵,2019-01-22 08:49:00,5,5,0,怎么办！十分都不够我打！看到成绩我眼泪掉下来！！！我爱死他了！！！救命！
97443,452,蔡庆兵,2019-01-22 09:01:25,3,3,0,讲的清楚生动形象，给分好，真的好老师！能扎实学到东西并且让你对学科燃起兴趣的老师！
97736,452,蔡庆兵,2019-01-22 14:29:30,5,7,2,一个没有学过微经的人，深感能够上蔡老师的课是一种幸运，没有小测，没有论文，只有帮助你学习理解的练习题，而且老师真的讲得很好吖。给分也超nice，满了
97855,452,蔡庆兵,2019-01-23 00:15:06,3,4,1,讲课好，给分高！
98511,452,蔡庆兵,2019-01-23 14:03:26,6,6,0,老师讲课非常清晰！认真学一定会有好分数的
98731,452,蔡庆兵,2019-01-24 00:42:36,4,5,1,蔡老师真的特别棒，简直是大师呀，上课非常有趣，只要认真听，感觉可以有很大收获，对许多国家宏观政策会有更好的理解，而且期末给分也很好。而且，蔡老师特别耐心的，每次下课去问问题，不管是不是课堂内容，他都会很耐心讲解。\n\n
99051,452,蔡庆兵,2019-01-24 07:53:42,2,4,2,老师讲的特别清楚，还会结合很多实例，每次听课都能被老师吸引。真的是特别好的老师！
102346,452,蔡庆兵,2019-02-01 05:21:46,3,5,2,真的很好啊每次讲课到激动的时候就开始踮脚萌死我了 平时真的真的很负责很认真看得出来是真的热爱这份工作呀  最后怪自己平时理解不通透所以没满 但还是很喜欢很喜欢蔡老师啦良心推荐！
102713,452,蔡庆兵,2019-02-22 02:06:38,-1,1,2,老师太棒了！
103010,452,蔡庆兵,2019-02-25 10:38:54,1,3,2,认真学有回报！上课有趣贼强！一定体验下！
106733,452,蔡庆兵,2019-04-29 07:06:12,-1,2,3,我爱蔡老师!
107304,452,蔡庆兵,2019-05-03 09:38:56,4,5,1,上过宏经和房地产，老师一如既往地用心，能学到东西，能拿到绩点。
109495,452,蔡庆兵,2019-06-16 03:07:41,53,55,2,“我简单讲一下，同学们马上就懂了”\n\n
109609,452,蔡庆兵,2019-06-17 14:44:53,8,9,1,啊 复习前先给个分\n\n上老师的课是一种享受，大概是两年来遇到最让人舒服的老师之一了，首先讲课生动幽默，然后事情不多，跟你就像朋友一样，从来不会摆架子。就希望给分能高一点~
111092,452,蔡庆兵,2019-06-29 14:43:43,1,2,1,很有趣
111430,452,蔡庆兵,2019-07-06 23:24:42,18,21,3,在大学遇见过为数不多的这么认真的好老师 上课讲的深入浅出 下课学的轻轻松松  作业都是帮助我们理解的 考试虽然难但是帮我们大幅调了分 上课不点名 无论文 这样的好课你去哪里找
111450,452,蔡庆兵,2019-07-01 14:09:10,1,2,1,老师真的非常非常好，解答问题很耐心，上课讲的也很深入浅出！
111458,452,蔡庆兵,2019-07-06 17:12:27,3,7,4,什么叫好老师啊？\n\n上课耐心解答问题 风趣幽默\n\n结课认认真真披卷 大力调分\n\n宏经讲真我只在考试周认真学了两天 最后4.2分 我真的吹爆蔡蔡！
112851,452,蔡庆兵,2019-07-05 06:09:45,4,4,0,太好的老师啦～～
113411,452,蔡庆兵,2019-07-06 17:09:50,0,3,3,我敢说蔡老师是我大学三年听过讲课最认真最有意思的老师
113412,452,蔡庆兵,2019-07-06 17:10:17,-1,3,4,老师太厉害了！
113413,452,蔡庆兵,2019-07-06 17:10:57,6,7,1,超级棒，讲的超好，非常容易理解，期末有个大题忘了公式以为凉了还有4.5，蔡老师我吹爆了
113431,452,蔡庆兵,2019-07-06 17:18:13,2,5,3,作业少  分高  上课很好 有意思又有用又专业   期末错了一道计算题还给了我满绩  真的是看你有认真学就完全有回报
113447,452,蔡庆兵,2019-07-06 17:25:29,6,8,2,老师的课讲得超级好但是我混蛋没怎么听。最后读了两天4.2，我吹爆蔡老师！蔡老师是宏经天使
113461,452,蔡庆兵,2019-07-06 17:35:26,3,4,1,是我没有好好学。老师真的是超级无敌棒了！
113519,452,蔡庆兵,2019-07-06 22:37:11,0,3,3,超级好的老师～
113537,452,蔡庆兵,2019-07-06 23:19:41,4,6,2,讲课生动，深入浅出，给分巨好！
113553,452,蔡庆兵,2019-07-06 23:54:26,4,6,2,超棒！听到就是赚到
113564,452,蔡庆兵,2019-07-07 00:06:24,7,9,2,好老师啊啊啊讲课超级清晰有条理 无论文无点名无小测 考试的时候大题一小问没做选择题半蒙半猜竟然最后给满了 我爱老师！！！
113569,452,蔡庆兵,2019-07-07 00:10:31,-35,3,38,工科生一天半复习，满绩
113571,452,蔡庆兵,2019-07-07 00:11:56,5,7,2,春夏这么难 感谢老师！
113589,452,蔡庆兵,2019-07-07 00:37:54,2,6,4,太棒了 吹爆！！！
113599,452,蔡庆兵,2019-07-07 01:00:29,11,14,3,遇到的讲的最卖力的老师，每次上完课都看他出一身汗qaq老师辛苦了！
113684,452,蔡庆兵,2019-07-07 03:54:24,2,5,3,太好的老师！！讲的好给分好！！
113700,452,蔡庆兵,2019-07-07 04:30:43,9,10,1,上课超有趣呀，虽然期末要看的东西蛮多的，但老师给分炒鸡好呀。ps:大家期末一定要早早开始复习呀，一天是绝对绝对速成不了的。最后谢谢老师！谢谢caicai！
113714,452,蔡庆兵,2019-07-07 05:34:14,12,12,0,超可爱萌萌哒的蔡老师，当个性的宏经一点都不枯燥让我这个理科生每次必坐第一排，老师上课会举很多栗子，我现在还能想起诸如菲利普斯曲线是凯恩斯主义光辉的顶点并且更能认识到宏观调控背后的目的……给分也很好哒，看到均绩up真是很舒服的一件事啦。
113749,452,蔡庆兵,2019-07-07 07:50:50,5,8,3,老师人特别好，考完大家都说难，只有30分计算题有把握，考试周死亡安排，考前下午五小时预习，结果还能上四，蛮想知道怎么调分的23333
113990,452,蔡庆兵,2019-07-08 06:24:57,9,11,2,cqbbb平时上课真的氛围超好，每次下课大家都会鼓掌。期末虽然很难，但是cqbbb真的很努力地拉了大家。
114037,452,蔡庆兵,2019-07-08 12:18:07,14,16,2,老师真的太棒了！上课讲得很清楚很有趣 而且还会讲现实中各个国家宏观经济调控的情况 就像讲故事一样 听着特别享受 收获很大 让我一个外专业的爱上了经济学 没有论文 只有两次作业 期末考试选择计算题虽然难 但看了两遍ppt把所有知识点仔细过了两遍后简答论述还是很简单的 而且老师还会调分 最后不出意外满了 谢谢老师！个人感觉蔡老师是全浙大最好的老师！
114038,452,蔡庆兵,2019-07-08 12:18:52,5,6,1,这是什么天使老师...
121878,452,蔡庆兵,2020-01-23 05:12:22,2,4,2,认真负责给分好 这样老师哪里找
122013,452,蔡庆兵,2020-02-01 05:45:54,3,4,1,蔡老师，超级棒！
123092,452,蔡庆兵,2020-05-09 06:41:00,5,8,3,我要再夸一波蔡老师！！蔡老师是我上大学以来遇到过最尊重学生，最耐心的老师了，对于自己的提问总是很耐心地回答，讲课也讲得超级好。上学期上完宏经就立马选了房地产，奈何运气不好第一次没选上，但是补选上了！！老师讲的房地产内容很好很实用，哪怕是在线上也能感受到老师对同学的关心与尊重，不过可惜因为疫情没能线下听到老师上课，最好结课的时候也超级不舍。老师有时间的话多开点别的课吧！！真的男神，从老师那儿不仅学到了知识，还有一些与人交往的习惯，总之真的非常感谢蔡老师！！！
124016,452,蔡庆兵,2020-06-20 10:33:33,12,12,0,这个马工程的书就是逊了啦
124335,452,蔡庆兵,2020-06-29 10:45:15,6,6,0,深入浅出 上课很有意思 我是工科生想学一点经济知识所以选了宏经 碰到蔡老师这样的领路人 运气太好了
124699,452,蔡庆兵,2020-07-06 13:01:36,3,4,1,不多说了，选他！选他！选他！！！
124700,452,蔡庆兵,2020-07-06 13:06:05,1,3,2,我太爱了
124701,452,蔡庆兵,2020-07-06 13:11:16,0,2,2,给分太太太好了 海底捞第一名！！选他！！（声嘶力竭）
124702,452,蔡庆兵,2020-07-06 13:23:32,1,3,2,选他！给分真的好，海底捞技术一流。抛开给分，蔡老师是一位讲课清晰答疑耐心的老师。刚开始学宏经的时候有很多疑问，很晚了发邮件问老师，老师当天半夜就回复了邮件，每一个问题都认真详细的回答。讲课很具有启发性，注重推导过程，对理论存在的问题也会告诉我们，让我们以后有兴趣可以去研究。而且老师憨憨的好萌
124705,452,蔡庆兵,2020-07-06 14:55:59,-1,1,2,蔡老师的好不用我吹了！！讲解细心易懂，还耐心回答问题！
124715,452,蔡庆兵,2020-07-07 03:03:37,1,2,1,老师讲得非常好，知识点都解释得深入浅出。很推荐
124716,452,蔡庆兵,2020-07-07 03:13:30,2,3,1,在这学期客观题如此多的情况下 蔡老师还能把我捞到4.5 太牛逼了（讲课也很好 快选快选
125654,452,蔡庆兵,2020-09-12 14:49:35,3,3,0,不给100分真的说不过去！老师讲课超级细，开始会照顾辅修同学慢慢提速，而且还有答疑！超级耐心！\n\n不说了，我的又一个男神！
129672,452,蔡庆兵,2021-01-10 13:47:26,4,4,0,蔡老师是我目前遇见过最最最最好的老师！讲课超级细，把理论模型都解释得非常通透。\n\n听老师讲课真的是一种享受 大家上宏经都一定要选老师的课呀！！
130464,452,蔡庆兵,2021-01-22 14:57:58,0,2,2,来浙大遇见最好的老师可以说没有之一。
132261,452,蔡庆兵,2021-01-31 11:00:36,6,7,1,给分好到出乎意料，活该评分那么高
132271,452,蔡庆兵,2021-01-31 12:29:44,1,2,1,太喜欢蔡老师了呢，辅修学生的带进门老师，真的好好，感激之情表达不出来，男神老师
132272,452,蔡庆兵,2021-01-31 12:33:14,-2,4,6,我太爱蔡老师了。平时没咋认真听课，期末PPT+MOOC自学，最后给满了
132275,452,蔡庆兵,2021-01-31 12:47:06,2,3,1,给分好到泪目，真的我都做好挂的准备了，结果竟然70+，老师讲课也非常有趣结合时事，后悔没有认真复习，感觉有些对不起老师555，大家选就完了。最后再给老师磕个头，感谢老师海底捞之恩🙏
132539,452,蔡庆兵,2021-02-02 07:00:22,2,3,1,蔡老师绝不仅仅只是给分好！（虽然给分真的太太太好了，看到分数爆哭，明明选择题做的超级烂的）蔡老师会特别耐心地解答我各种弱智问题！不仅讲课超级超级棒，而且字里行间都是对学生满满的关心！谁能不感慨：蔡老师yyds！
133490,452,蔡庆兵,2021-03-01 08:13:06,3,4,1,永远的神！反正各方面都好，已经吹累了
135714,452,蔡庆兵,2021-05-20 12:46:48,6,7,1,上了老师的宏经和房地产，这么有热情，并且这么善良的老师，讲课通俗易懂也有非常多内容输出，值得10分
138776,452,蔡庆兵,2021-07-10 22:59:58,-32,3,35,蔡庆兵老师yyds。三天0基础速成，最后5.0
138785,452,蔡庆兵,2021-07-11 00:33:55,0,4,4,蔡老师太好了啊啊啊啊啊啊啊啊，考前只看了10小时，选择判断好多不会的填满卷子以为及格就很好了没想到上4了呜呜呜呜
138787,452,蔡庆兵,2021-07-11 00:36:47,4,5,1,cqb老师海底捞的神！！！
138815,452,蔡庆兵,2021-07-11 04:01:32,4,5,1,老师上课生动有趣～给分也超棒～yyds！
139248,452,蔡庆兵,2021-07-13 18:32:16,0,1,1,very good！！！
144674,452,蔡庆兵,2021-12-23 05:27:04,-3,2,5,好耶？
145277,452,蔡庆兵,2021-12-28 16:24:15,3,4,1,蔡老师讲课真的太好了
145836,452,蔡庆兵,2022-01-11 12:09:11,4,4,0,老师不上10分我不能接受
145995,452,蔡庆兵,2022-01-05 08:07:52,1,3,2,考试刚考完没出成绩先来评论，蔡老师上课讲的很仔细，从概念、模型假设、推导到结论都非常清楚，考试简述题也全部涉及到过，必须给十分
148041,452,蔡庆兵,2022-01-11 11:46:02,1,2,1,好爱好爱好爱！！！！！！！！！！！！！！
148050,452,蔡庆兵,2022-01-11 12:09:05,12,13,1,爹！！！！！
148051,452,蔡庆兵,2022-01-11 12:06:35,5,6,1,蔡蔡就是神仙，巨能捞，平时两次作业，期末捞捞捞捞捞捞，不点名，上课也可以，选他！
148052,452,蔡庆兵,2022-01-11 12:06:47,1,2,1,十分不解释！想知道为啥就快来选吧！
148062,452,蔡庆兵,2022-01-11 12:21:46,5,5,0,爱死蔡老师了！！海底捞的神！！
148078,452,蔡庆兵,2022-01-11 12:44:23,0,2,2,上课很有深度也很有趣\n\n考试海底捞\n\n平时轻松但能学到很多\n\n我爱你蔡老师
148092,452,蔡庆兵,2022-01-11 13:15:59,2,4,2,蔡老师无敌！可爱风趣讲得透彻，PPT简直无敌好吧，给分真的超级好！！快来选
148153,452,蔡庆兵,2022-01-11 15:58:52,-3,1,4,我愿称之为捞神 讲课讲得好给分还这么好的老师哪里找啊！！！大家速选！！！
148174,452,蔡庆兵,2022-01-11 17:57:32,2,2,0,蔡老师巨好！！！！！！！！！
148275,452,蔡庆兵,2022-01-12 04:32:15,7,8,1,捞王之王
148524,452,蔡庆兵,2022-01-12 23:33:04,1,2,1,老师特别好，真的是我最喜欢的老师之一了。可能还是自己比较菜，但老师真的好！
149571,452,蔡庆兵,2022-01-16 04:00:35,3,4,1,yyds太能捞了
149612,452,蔡庆兵,2022-01-16 07:57:24,2,3,1,老师上课逻辑清晰，浅显易懂，真的非常非常棒！\n\n还会适当拓展一些额外的现实的问题\n\n期末考试巨能捞\n\n一点要选他！最好的经院老师之一
149845,452,蔡庆兵,2022-01-17 08:48:00,7,9,2,这位老师。。。可能前辈子肯定是天使的。
150183,452,蔡庆兵,2022-01-20 02:16:26,-1,1,2,蔡老师yyds！
150294,452,蔡庆兵,2022-01-21 16:55:33,0,3,3,到浙大以来遇到的最好的老师
150771,452,蔡庆兵,2022-02-18 05:49:56,3,3,0,好的呀
150995,452,蔡庆兵,2022-02-22 00:04:04,2,4,2,老师上课很好，作业也就两次，给分很好
153195,452,蔡庆兵,2022-04-26 13:48:22,3,4,1,蔡庆兵老师真的是天使，上课非常有激情，讲得内容也非常的通俗易懂，可以学到很多，期末也很善良，很能捞，吹爆兵兵！
153243,452,蔡庆兵,2022-04-27 04:06:55,-1,2,3,好老师，真的
157050,452,蔡庆兵,2022-06-21 18:15:24,3,6,3,老师讲的很好，ppt很清晰，宏经平时只有两次作业，不点名事少给分好，人也很和蔼有问题会很耐心地回答，吹爆！
157057,452,蔡庆兵,2022-06-21 19:02:19,4,6,2,神，给分无敌好，讲课巨tm有意思，干货贼多，平时事贼少(一学期就两次作业），回答问题认真负责，不点名，还有线上教学班，我来浙大两年第一次见这么好的老师
157074,452,蔡庆兵,2022-06-21 23:25:59,2,7,5,老师很好，是我太菜了，只有86😭
157195,452,蔡庆兵,2022-06-22 08:39:11,-1,1,2,老师是天使~~~~
158012,452,蔡庆兵,2022-06-26 07:52:39,4,7,3,工科生上宏经，因为时间问题上的网课，最后收获大学第一个满绩😭😭😭
158670,452,蔡庆兵,2022-07-01 07:48:49,0,2,2,给分好
165708,452,蔡庆兵,2023-01-09 10:51:07,1,4,3,完美!
165998,452,蔡庆兵,2023-01-10 16:07:51,4,7,3,好老师！！出分前期待一个满绩！
166358,452,蔡庆兵,2023-01-12 05:22:40,2,6,4,好老师！本工科生考试前有一大堆疑问，去问了蔡老师，蔡老师居然不嫌弃我，而是耐心的一一解答！估计马上出分了，考试感觉都会，期待一个满绩！
166797,452,蔡庆兵,2023-01-13 15:31:21,7,8,1,大推老师的宏经！yyds！讲课内容有深度，同学答疑都有及时回复！赞！
166799,452,蔡庆兵,2023-01-13 15:34:51,2,3,1,老师讲课例子很丰富，生动。而且给分是真好
166800,452,蔡庆兵,2023-01-13 15:36:08,1,5,4,真的超级好的老师，期末考试特别能捞，求求大家都去选蔡老师的宏观经济学😍
166802,452,蔡庆兵,2023-01-13 15:38:11,5,7,2,爹！蔡爹我的神！讲课很好很清楚，认真学习了一学期，考试轻松拿下，满了！谢谢老师！
166803,452,蔡庆兵,2023-01-13 15:45:16,5,6,1,啊啊啊啊啊蔡老师太好了！！！！讲课无敌给分更无敌！！
166895,452,蔡庆兵,2023-01-14 07:06:48,6,8,2,给分好，体谅学生，热心答疑，讲课通俗易懂，但是如果想要对宏经有系统全面的了解还是建议在听课之外把书也看一遍
167193,452,蔡庆兵,2023-01-15 05:10:46,3,5,2,老师上课讲得好，平时四次作业对内容掌握有很大帮助（有一次系统截止了老师还允许补上了），在蔡老师的宏经课上有付出肯定会有回报！
167537,452,蔡庆兵,2023-01-17 05:51:13,1,3,2,出成绩，一半以上的“谢谢老师”
167861,452,蔡庆兵,2023-01-19 14:11:38,0,2,2,老师讲课很有趣！不会走神的好课！平时作业会稍微耗时一点，但对期末考很有帮助。
168000,452,蔡庆兵,2023-01-22 02:03:58,18,19,1,1.平时给分很好，平时作业不会完全根据你的答题情况给分，应该会给满40分平时分(无论平时作业做的怎么样，MOOC看了多少，课下问问题了没有。)\n\n2.阅卷标准相对宽松。\n\n3.讲课见仁见智，我个人不评价。\n\n4.宏经主要靠自己看书理解，多看书肯定有好处，推荐马工程和浙江大学出版社的那本结合看，相互补充。之前味精几乎没有看过书，没听过课，所以我成绩很不好。但是宏经真正确实天天看书，一直在学习，所以成绩还行。无论怎么样 课本很重要，背+理解。\n\n5.几乎不点名，可以不去上课。
169972,452,蔡庆兵,2023-03-01 00:18:30,-4,4,8,1、讲课好。老师上课非常生动有趣，仔细听能听到对一些对宏经的独到观点，对记忆和提升个人理解都很有帮助。\n\n2、事少。有四次小测（作业），虽然听起来多，但是其实正好是重要章节结束以后，逼迫着你去复习。认真做很有好处。\n\n3、给分好。同学们的评价：蔡爹！神！
169980,452,蔡庆兵,2023-03-01 01:04:31,10,12,2,蔡爹！
170018,452,蔡庆兵,2023-03-01 03:58:57,3,4,1,爹！！！！！！1
170052,452,蔡庆兵,2023-03-01 06:33:39,8,10,2,出分之前：清一色评价这么好？真的这么捞吗？\n\n出分后：cqb就是我的亲爹
170117,452,蔡庆兵,2023-03-01 11:50:26,2,2,0,上课很详细，给分无敌好
171169,452,蔡庆兵,2023-03-17 08:28:28,0,2,2,讲课好、作业少、给分好，作为工科同学选宏经来跨专业，收获很大
171336,452,蔡庆兵,2023-03-28 04:11:19,-16,7,23,我不怎么学，都可以满绩
171534,452,蔡庆兵,2023-03-27 17:04:18,-2,5,7,楼下那个，菜老师讲得够好了，你觉得讲的不好是你听不懂…而且你分数高也不代表你听懂了…
171916,452,蔡庆兵,2023-04-12 12:28:10,3,4,1,没有人比他更懂房地产。太牛了！！
172588,452,蔡庆兵,2023-05-01 04:13:58,4,7,3,房地产强推，事少分高，也不点名。\n\n课上内容很丰富，也有一些有趣的案例。\n\n期末就一篇论文，跟房地产有关就行，不强制用计量。\n\n不过如果想拿4.8以上那种特别高的分，论文应该是要有亮点的（本人没有哈哈哈哈）。\n\n不过绩点也满意了嘿嘿
172589,452,蔡庆兵,2023-05-01 04:17:15,1,3,2,蔡爹真的很负责任！！！给分也很好！！！
172590,452,蔡庆兵,2023-05-01 04:17:15,0,1,1,蔡爹真的很负责任！！！给分也很好！！！
172665,452,蔡庆兵,2023-05-04 02:04:09,1,3,2,老师的宏经和房地产都上了，宏经可能讲得中规中矩，但房地产讲得是真的好，而且给分真的很好
172745,452,蔡庆兵,2023-05-06 03:39:33,4,5,1,房地产论文写实证写实证写实证，想拿很高的分就用实证方法
175407,452,蔡庆兵,2023-06-24 15:32:26,10,13,3,刚考完宏经。现在给9分，如果上4就改成10分。
177243,452,蔡庆兵,2023-07-02 11:15:27,7,8,1,爹！！！
177563,452,蔡庆兵,2023-07-03 17:38:19,2,4,2,老师您太神了
177579,452,蔡庆兵,2023-07-03 23:52:09,-2,1,3,蔡爹给分也太好了叭
177590,452,蔡庆兵,2023-07-04 01:03:35,8,10,2,爹！！！
177591,452,蔡庆兵,2023-07-04 01:18:03,3,6,3,大爱，真的，我哭死，他好会捞
177592,452,蔡庆兵,2023-07-04 01:21:37,6,7,1,蔡老师！我的神！讲课通俗易懂，答疑非常有耐心！关键是他好捞！呜呜呜，爱死蔡老师了！
177593,452,蔡庆兵,2023-07-04 01:27:25,4,6,2,蔡老师yyds！！上了蔡老师的宏经和房地产 事少给分高！！！经院之光！！！
177598,452,蔡庆兵,2023-07-04 01:48:49,5,7,2,给分巨好，还不点名，说是经院最好的老师也不夸张
177600,452,蔡庆兵,2023-07-04 01:49:54,5,6,1,蔡爹yyds！！呜呜呜
177601,452,蔡庆兵,2023-07-04 01:50:09,4,5,1,cqb就是我亲爹
177631,452,蔡庆兵,2023-07-04 03:23:06,5,5,0,爹！\n\n奉劝后来人，建议好好学宏经，不要辜负蔡爹苦苦捞你的心
177632,452,蔡庆兵,2023-07-04 03:25:03,2,4,2,跨专业宏经选手来答一波\n\n真正学习这门课的时间可能就是前四节课左右，外加第一二次作业自己写，蔡爹从不点名，我夏学期只到课一次\n\n客观来说老师讲的我听不太懂，有些表述可能不方便理解，如乘数可以直接说成斜率（当然综合来说是我有些名词不太理解，以及缺少经济学知识），但在补天的时候发现这门课真的挺有趣，如果课前花时间加上上课听懂会收获很多\n\n但时蔡爹的给分真的巨好好好！！！本人考试时选择题70%靠蒙，简答题扯满了（狗屁不通的那种），考前看了一个下午，真正做出来的就两道计算题（第一道题做不出来），硬算卷面分自我感觉50不到，期末竟然捞到4.2！
177660,452,蔡庆兵,2023-07-04 05:59:24,2,3,1,爹！我的蔡爹！捞王！
177661,452,蔡庆兵,2023-07-04 06:10:45,3,3,0,神级打捞王，蔡爹
177676,452,蔡庆兵,2023-07-04 07:46:34,6,7,1,我爹！！！！！！！！\n\n工科生p都不会，您给我捞到89
177756,452,蔡庆兵,2023-07-04 15:44:17,1,3,2,爹！！！
178030,452,蔡庆兵,2023-07-06 10:15:31,3,4,1,爹！爹！爹！
178502,452,蔡庆兵,2023-07-12 21:21:30,2,3,1,活爹！
178908,452,蔡庆兵,2023-07-30 08:56:26,4,5,1,真的是爹啊我哭死
180737,452,蔡庆兵,2023-09-25 13:10:31,2,3,1,求是，很真诚的老师，吹爆。
185980,452,蔡庆兵,2024-01-07 05:41:22,4,6,2,蔡爹，我爱您！虽然我不是经院的，但是你是我碰到的经院里面唯二最好的老师，还有一个就是周黎明！您更好一点！很幸运能在大学阶段遇见您！
186528,452,蔡庆兵,2024-01-11 13:33:47,-1,3,4,非常好非常好非常好\n\n讲课好人好\n\n刚考完，准备了很久，预估也还行，希望老师给高点！！！！！
186572,452,蔡庆兵,2024-01-12 01:12:32,1,2,1,专业课求爹捞我呜呜！
186944,452,蔡庆兵,2024-01-13 17:05:06,0,2,2,蔡爹爹 求捞捞 真的不能再寄了 呜呜呜
189000,452,蔡庆兵,2024-01-21 06:15:26,0,2,2,谢谢蔡爹
189011,452,蔡庆兵,2024-01-21 08:29:24,2,3,1,谢谢蔡爹！！！真的太感谢了！！！
189013,452,蔡庆兵,2024-01-21 08:45:06,6,7,1,课上的好给分无敌。。。愣着干啥？叫爹啊！
189026,452,蔡庆兵,2024-01-21 09:48:40,7,9,2,宏经\n\n讲课好人好改卷子松平时分也给的高\n\n刚考完：很多不确定简答题也有些没背出来上90也许都需要蔡爹出手。\n\n考完：蔡爹给满了，真的是海底捞！！\n\n蔡爹名言：“这道题会不会做你说了不算。”\n\n“96分以上都是你们自己的实力95分就不一定了”
189057,452,蔡庆兵,2024-01-21 13:25:35,5,7,2,辅修工科生，后半学期没听，期末几个晚上刷完老师的智云，课讲得真好，还能结合实际，最后竟然满了，谢谢老师！！！课好分高
189062,452,蔡庆兵,2024-01-21 14:10:59,0,2,2,给分好！
189652,452,蔡庆兵,2024-01-26 09:20:01,2,4,2,蔡爹是真捞啊555
190125,452,蔡庆兵,2024-02-23 08:16:22,1,3,2,蔡爹！！！yyds
191843,452,蔡庆兵,2024-05-01 18:43:22,0,3,3,房地产给分太绝了！后悔当初宏经没选蔡老师
191844,452,蔡庆兵,2024-05-02 02:44:40,9,10,1,房地产和宏经都是蔡老师的！\n\n蔡老师讲的好！给分绝！两门都给把我这个工科生捞满了！\n\n真的是捞！\n\n蔡爹：“学校有30%的优秀率要求，那你上90了就要想办法给你提到92，否则名额就浪费了……”\n\n“你考96及以上是你自己的水平，但是95不一定哈”\n\n我现在怀疑蔡爹是不是把很多人进一步捞到95了……\n\n两门课都很推荐！都有很多干货！\n\n尤其是房地产，房地产是蔡爹的独家研究方向，非常值得一选！\n\n另外蔡爹为了帮我们补选还向学院申请了换教室，他真的太好了！
195910,452,蔡庆兵,2024-06-30 23:43:20,2,3,1,蔡爹神中神!
195922,452,蔡庆兵,2024-07-01 01:22:30,3,4,1,讲课非常好，人非常好，给分好的让自己都觉得离谱
195926,452,蔡庆兵,2024-07-01 01:32:39,3,3,0,良心好老师！
195928,452,蔡庆兵,2024-07-01 01:44:00,11,11,0,平时没有专门多花时间，就每次课到课，认真完成作业，喜欢问稀奇古怪的问题蔡老师也都会认真语音解答。最后看到成绩也是知道蔡爹捞了我一把。相信我，只要踏踏实实地学，你一定不会失望，甚至蔡爹会成倍放大你的努力。
195977,452,蔡庆兵,2024-07-01 03:28:37,4,4,0,蔡爹你是我亲爹
196000,452,蔡庆兵,2024-07-01 05:33:11,3,4,1,课讲的生动有趣，给分也好，对同学们也巨信任，是一门让我觉得学不好会愧疚的课（大拇哥.jpg）
196249,452,蔡庆兵,2024-07-02 14:11:48,2,3,1,谢谢蔡爹。给蔡爹跪了
197565,452,蔡庆兵,2024-07-19 07:51:08,3,5,2,老师非常好
197647,452,蔡庆兵,2024-07-23 15:29:12,5,6,1,为什么蔡爹不是满分
206051,452,蔡庆兵,2024-12-13 04:13:55,1,2,1,蔡爹yyds……
210423,452,蔡庆兵,2025-01-09 06:42:28,-2,1,3,虽然没出分 但是老师讲课超好！人也很温柔！
211866,452,蔡庆兵,2025-01-13 00:48:55,3,4,1,蔡爹啥都好，挑不出任何毛病
211909,452,蔡庆兵,2025-01-13 01:39:13,1,2,1,蔡老师非常非常非常好
211944,452,蔡庆兵,2025-01-13 02:32:18,0,1,1,蔡爹超爱
212031,452,蔡庆兵,2025-01-13 05:14:34,0,1,1,活爹活爹\n\n外专业的冲蔡爹宏观，不仅捞而且感觉老师讲的很清楚，老师对讲课是真的有激情，感觉每次都出好多汗
212058,452,蔡庆兵,2025-01-13 06:27:30,0,1,1,蔡爹我的神！讲得好给分还好人还温柔！！！！
212086,452,蔡庆兵,2025-01-13 07:14:35,2,3,1,蔡爹真的很好，选了他的课只要你认真听课，再完成他要求的作业基本上就可以放心成绩了，平常不点名，不过这学期遇上教学评估纸质签到了两次，他都会提前在钉群里通知
212173,452,蔡庆兵,2025-01-13 10:09:24,1,2,1,蔡爹永远的神中神，讲课巨好给分还捞，真是无敌了
212221,452,蔡庆兵,2025-01-13 12:28:09,0,2,2,真的很惊喜，不允许任何人迕逆蔡爹！
212259,452,蔡庆兵,2025-01-13 15:01:05,0,1,1,神中神
212535,452,蔡庆兵,2025-01-14 07:02:09,2,2,0,蔡爹不必我多说！讲课和给分都是神！
214505,452,蔡庆兵,2025-02-10 06:54:22,7,7,0,蔡爹的课讲课和给分都是神，最大的问题是难选。\n\n然而这个问题如果第一节课去找蔡爹甚至他会帮你找管选课的老师说，甚至换教室。\n\n神中神中神！（不过宏经会困难一点，因为会出现其他老师没有满从而系统点不进去的情况）
215794,452,蔡庆兵,2025-03-05 14:29:25,1,1,0,不错的老师
216481,452,蔡庆兵,2025-03-17 07:08:45,5,5,0,宏观经济学（甲）\n\n选上蔡爹的同学真的就偷着乐吧，真的是讲课幽默风趣有条理、给分还无敌好的老师。不过宏经这门课本身还是要花点功夫学一学的（毕竟期末闭卷考，要是真一点不学，老师也很为难的）\n\n因为自己是汲取了大一下微经摆烂的惨痛教训，大二的宏经因为平时没扎实学，后面期末提前半个多月把蔡爹的智云和PPT全部过了一遍，最后考试前两天把四份作业全部看了一遍，再写了俩份历年卷，虽然考试题目还是有几道题挺没把握的，但从给分上看，蔡爹给分真的巨好，只要有学，最后就能看到回报。
217700,452,蔡庆兵,2025-04-15 09:09:23,1,1,0,活爹啊这个给分\n\n点名会提前通知
220016,452,蔡庆兵,2025-06-13 13:25:07,5,5,0,求求蔡爹捞捞我。。跨专业真的努力了。。
221462,452,蔡庆兵,2025-06-24 01:42:18,1,1,0,唯一真神！爹！
221470,452,蔡庆兵,2025-06-24 03:12:47,0,0,0,他是我爹，我不许你说他
221484,452,蔡庆兵,2025-06-24 04:26:37,0,0,0,蔡爹真的是真神，今年的卷子难了不少，考出来人都傻了，蔡爹还给我捞到了这么高，唯一真神！
221523,452,蔡庆兵,2025-06-24 08:17:06,1,1,0,蔡爹真神，考试没有复习地很好，选择题一半就不会做，很多知识点也不知道，以为自己回六七十分低分飘过，没想到蔡爹给我捞到这么高，哭死，跨专业就选蔡爹的宏经，每节课都能学到很多东西，与现实联系地很紧密，给分又这么好，真的没话说！
221607,452,蔡庆兵,2025-06-25 02:11:32,0,0,0,蔡爹，神！我上哪给你找这种上课好给分好人品好的老师啊
221735,452,蔡庆兵,2025-06-25 16:47:00,0,0,0,神中神，平时分写作业就有。我作为跨专业选的，期末很难b毛不会，考试半小时交卷回宿舍，但是还是捞到了60分。很好的老师
222034,452,蔡庆兵,2025-06-29 05:55:10,1,1,0,如何形容蔡庆兵老师呢？——大师之风，山高水长\n\n我是计算机的学生跨专业修cqb老师的宏经，在如同shi一般的专业课中，每周从玉泉赶往紫金港上宏经竟然成了一件我感到开心的事\n\n蔡老师的讲课有逻辑，有条理，深入浅出，入木三分，没什么好说的了，其他评论夸的都没问题\n\n不点名，平时分也都给满了（大概），最后的考试我们这年还是有些难的，不过也没什么怕的，把你会的做好，剩下的相信老师和助教就没问题\n\n选择判断的考察范围广，许多细小的知识点都会考察，还是要把作业都搞懂\n\n计算题还是比较公式化的，各种计算把作业搞懂应该就没什么问题，最多就看看历年卷查漏补缺一下就可以了\n\n简答题怎么说呢，会就是会，不会也多写一点让老师看到你的诚意，字写好点，相信老师就完事了\n\n选到就是赚到，作为其他专业的学生，能选到，听到这样的跨专业课程，确实是感到震撼与感慨，称得上大师之名\n\n——zszm
327,486,王义中,2015-03-15 00:55:06,26,41,15,亲民，负责任
1190,486,王义中,2015-03-21 16:27:56,22,28,6,超级萌！\n\n
2312,486,王义中,2015-04-20 08:19:51,14,18,4,好萌好萌
2412,486,王义中,2015-04-29 12:41:50,15,18,3,没见过这么亲民，又萌的老师。
4483,486,王义中,2015-06-23 16:27:50,17,19,2,长得有点像维尼
6174,486,王义中,2016-11-10 07:20:26,1,12,11,坑，期末才推翻自己开学制定的评分方式，让按他的标准做的同学情何以堪？
6371,486,王义中,2015-07-14 10:25:26,11,14,3,超好
6373,486,王义中,2015-07-13 10:22:31,6,8,2,还好吧
6492,486,王义中,2016-11-10 07:20:14,0,6,6,略水
6669,486,王义中,2015-07-18 03:44:14,1,8,7,期末才说平时分按考试成绩算 那平时成绩有什么意义
6686,486,王义中,2015-07-18 17:12:10,5,11,6,中哥哥可好了！
6838,486,王义中,2015-07-24 03:32:37,4,9,5,为什么国际金融学给分这么差T_T
6906,486,王义中,2017-01-07 04:14:24,0,13,13,上课简直扯淡，出尔反尔的人
6909,486,王义中,2015-08-04 15:50:48,14,18,4,很好啊！老师很有思想！哪有那么差劲！
7170,486,王义中,2015-09-09 13:51:05,7,9,2,点名会提前通知。非常好的老师。上课也很生动细致。
10160,486,王义中,2017-02-10 13:13:00,-15,13,28,上课就知道吹逼，遇到数学推导就跳过，并不觉得多亲民，到期末更改评分方式，给分太坑，恶心
14812,486,王义中,2016-01-09 12:53:05,0,8,8,讲得很一般，给分在经院更是不算好，亲民倒是亲民。
14962,486,王义中,2016-01-11 09:41:34,9,11,2,超级有思想，善于启发学生思考。
17047,486,王义中,2016-01-19 13:51:56,7,9,2,超赞！
18542,486,王义中,2016-01-22 03:23:55,1,3,2,中宝宝不给打满分我不开心！
21119,486,王义中,2016-02-18 16:20:32,7,8,1,良师益友！
25623,486,王义中,2017-02-15 08:04:50,6,8,2,很好，幽默。
37223,486,王义中,2016-11-18 02:57:21,4,7,3,点赞 老师很棒的 主要重思想
38480,486,王义中,2017-01-05 14:04:12,7,9,2,中哥很可爱，很讨人喜欢。上课认真负责，教书育人。不仅教知识，更会教思考问题的方式方法。细致入微，待人诚恳。如果有100分，想给101分。
40184,486,王义中,2017-01-23 08:49:17,11,13,2,王老师特别幽默 萌萌的！！每次都会提前来紫金港备课 每周还会从玉泉专门跑到紫金港图书馆答疑 理解学生 能在大学里遇见这样的老师三生有幸啊！！
40779,486,王义中,2017-01-05 11:34:26,9,11,2,超级认真负责，每次都提前来给同学答疑，是本科接触科研最深入的一门课，给冷笑话不断的中哥点赞～～
40795,486,王义中,2017-01-05 14:30:54,10,12,2,公司金融研究是本科阶段最有干货的一门课！学完公司金融研究，stata用起来毫不费力，可以直接写毕业论文啦
40796,486,王义中,2017-01-05 14:23:22,1,2,1,基情四射
40797,486,王义中,2017-01-05 14:23:59,20,23,3,公司金融研究简直是大学里最有用的课程之一
40798,486,王义中,2017-01-05 14:24:16,4,5,1,老师很亲切，很热心地帮助学生解答问题
40799,486,王义中,2017-01-05 14:24:31,3,4,1,好老师，很负责任，很幽默，好评
40802,486,王义中,2017-01-05 14:38:36,2,3,1,好老师啊
40803,486,王义中,2017-01-05 14:37:47,3,3,0,666
40804,486,王义中,2017-01-05 14:39:34,3,3,0,幽默老师
40805,486,王义中,2017-01-05 14:40:24,3,3,0,很负责的老师～还很亲民喔
40807,486,王义中,2017-01-05 14:43:50,3,4,1,王老师的课增强了我对文科性质的金融的理性认识，老师上课经常组织大家讨论问题，发散思维，不仅巩固了我对金融知识的掌握，还培养了金融人的思维，交到了许多志同道合的朋友。真心感谢王老师！比心
40808,486,王义中,2017-01-05 14:46:25,2,2,0,非常好的老师
40810,486,王义中,2017-01-05 14:58:03,1,1,0,老师很负责任，学识渊博
40812,486,王义中,2017-01-05 15:07:24,1,1,0,老师讲课很生动，上课再也不瞌睡了
40814,486,王义中,2017-01-05 15:39:03,2,2,0,王老师超真诚的
40815,486,王义中,2017-01-05 15:37:16,2,2,0,王老师人很好 很负责，我很喜欢他。能真的学到东西
40917,486,王义中,2017-01-06 10:42:14,2,2,0,老师非常好，上课很生动，很吸引人，对学生认真负责。\n\n
40944,486,王义中,2017-01-06 16:24:57,1,1,0,很有趣啊
40945,486,王义中,2017-01-06 16:26:42,1,1,0,好好好
40947,486,王义中,2017-01-06 16:31:30,1,1,0,很开心
40949,486,王义中,2017-01-06 16:37:43,1,1,0,简直完美\n\n
40950,486,王义中,2017-01-06 16:38:05,1,1,0,负责任的好老师～
40951,486,王义中,2017-01-06 16:38:43,1,1,0,老师非常好啊！
40952,486,王义中,2017-01-06 17:29:14,1,1,0,老师人超赞
40953,486,王义中,2017-01-06 16:43:02,1,1,0,nice的老师
40954,486,王义中,2017-01-06 16:45:49,1,1,0,很有收获
40955,486,王义中,2017-01-06 16:46:46,-1,0,1,很棒啊！
40956,486,王义中,2017-01-06 16:52:27,-1,0,1,很棒啊
40959,486,王义中,2017-01-06 23:31:20,0,0,0,有趣！老师好帅！
40960,486,王义中,2017-01-07 00:05:04,-1,0,1,你真的很萌！
40961,486,王义中,2017-01-07 00:16:33,-1,0,1,你最棒了！
40962,486,王义中,2017-01-07 00:54:59,-1,0,1,很棒很棒啊
40969,486,王义中,2017-01-07 02:43:26,-1,0,1,老哥 稳！
40975,486,王义中,2017-01-07 06:31:18,0,0,0,负责关爱学生的好老师
40978,486,王义中,2017-01-07 07:02:47,1,1,0,美的很
41025,486,王义中,2017-01-08 10:49:53,2,2,0,王老师的公司金融研究真的很好，认真跟着老师能学到很多东西，从论文小白到一步步用stata做论文，真的很棒！老师人也很好，问题都会特别耐心地回答，还推荐很多经典文章和前沿文献。难得的非常实用有启发的课~
41035,486,王义中,2017-01-08 13:55:34,1,2,1,老师真的超级超级好。但是老师的女博士不憔悴哈哈哈哈哈
41094,486,王义中,2017-04-29 17:12:07,-1,1,2,比心，认真负责，又很可爱
45519,486,王义中,2017-01-19 16:11:13,1,1,0,老师人特别好特别耐心！上课全是干货！认真学收获很大！stata很好用！\n\n最浪漫的事是读文献！
46002,486,王义中,2017-01-20 11:12:24,-1,0,1,好老师！强烈推荐！
46989,486,王义中,2017-01-23 08:39:16,1,1,0,上王老师的课简直打开公司金融论文写作和数据处理的新世界(๑• . •๑)
47027,486,王义中,2017-01-23 09:51:21,1,1,0,王老师真的是非常非常好的老师，课堂之外，老师教会我为人处事，今后学生一定会谨记您的教诲，端正态度认真做学术。\n\n另外老师上课讲的内容真的很有用，难得有这样可以进行科研训练的课程，老师讲得也很生动形象，学到的知识终身受用。老师口头禅：合理性，一致性；以及，读文献是一件浪漫的事情～
47048,486,王义中,2017-01-23 11:10:43,1,1,0,本科阶段难得干货满满的课程，老师的专业和亲民非常棒！
47067,486,王义中,2017-01-23 13:36:35,-1,0,1,老师很有意思
49940,486,王义中,2017-04-27 10:17:19,0,0,0,还好吧。
50057,486,王义中,2017-04-29 03:57:08,1,1,0,王老师很好的。
50941,486,王义中,2017-05-09 12:50:10,0,0,0,……好好学习
51005,486,王义中,2017-05-11 23:17:40,-1,0,1,简直不能再棒的老师，男神
51023,486,王义中,2017-05-14 10:28:37,0,0,0,还好。
51039,486,王义中,2017-05-15 04:01:52,2,9,7,才知道原来给自己的学生全部满绩，对其他学生是变相的不公平。
51152,486,王义中,2017-05-19 04:14:26,2,12,10,王老师是一个公平的人，我自己就是王老师的学生，他是我的导师但是王老师并没有给我满绩，我只有80多。事后王老师向我解释，自己的学生不会都给高分，希望我理解，我可以理解。第二，王老师给分很好，给满绩的学生有很多，里面有很多很多不是王老师的学生但是也得到了满绩。这并不能说明不公平，且全班最高分不是王老师的学生。只要好好学写出高质量的论文，成绩都会很高很高的。
73909,486,王义中,2018-02-07 14:47:09,2,4,2,还可以吧
74240,486,王义中,2018-02-07 14:54:39,1,2,1,上课很幽默，通过课程也学会了写论文的思路和一些方法。只是要写出好的论文的话需要尽早准备，否则后期工作量会很大
74244,486,王义中,2018-02-08 00:53:53,1,1,0,老师很萌！！！很负责！强推
74306,486,王义中,2018-02-10 08:22:14,1,1,0,老师非常非常好，教了很多很多的方法和技巧。上课需要认真听，尽早自学统计软件，学处理数据。
74401,486,王义中,2018-02-19 03:28:53,2,2,0,诙谐幽默，能和同学打成一片，而且干货多多，和王老师一起来学读文献、写论文是蛮棒的体验
74454,486,王义中,2018-02-25 13:33:56,1,1,0,男神院长～中哥好帅啊～颜值担当
79798,486,王义中,2018-06-13 23:42:10,1,1,0,非常好，有利于分析问题。
86296,486,王义中,2018-09-12 12:57:54,1,1,0,帅呆了
101756,486,王义中,2019-01-29 04:05:38,2,2,0,超好超帅！！
101768,486,王义中,2019-01-29 04:45:56,3,4,1,听王老师的课真的是太幸福了！！！简直是《论文从零到一》从一个连数据都不会清洗的人，到最后完成一篇带各种检验的大作业，真的太有成就感了！强烈推荐所有要写论文的小伙伴先上王老师的课！上课还超级幽默，结课还给我们唱了首歌，简直是被学术耽误的歌手。
101770,486,王义中,2019-01-29 04:50:24,1,1,0,唱歌里面学术研究做得最好的 学术研究里面唱歌唱得最好的！棒呆！
101797,486,王义中,2019-01-29 05:38:44,-1,0,1,超好的老师！
102044,486,王义中,2019-01-30 06:44:14,1,3,2,给分很神仙了，虽然上课将很前沿的方法，但也能理解本科生很忙，而且技术数据都没有积淀，会结合本科生情况和难处给分。上课认真听能学到好多，方法都是实用派，总之满分预定。
106082,486,王义中,2019-04-25 02:02:47,-1,0,1,非常赞！！！！
106176,486,王义中,2019-04-25 12:06:25,1,1,0,太好了
106313,486,王义中,2019-04-26 09:53:59,1,1,0,非常好
107152,486,王义中,2019-05-02 02:38:33,1,1,0,和蔼亲切
107619,486,王义中,2019-05-07 23:03:53,1,1,0,很喜欢
107764,486,王义中,2019-05-09 10:51:17,1,1,0,论文训练收获大
107795,486,王义中,2019-05-10 01:29:11,1,1,0,特别好
107843,486,王义中,2019-05-10 11:08:16,2,2,0,公司金融研究非常有用
107884,486,王义中,2019-05-11 00:26:07,-1,0,1,对学生耐心
107921,486,王义中,2019-05-11 13:32:35,1,1,0,太可爱了
107926,486,王义中,2019-05-12 01:52:54,-1,0,1,课很精彩，给分公正
107954,486,王义中,2019-05-12 09:57:37,1,1,0,必须10分！
107979,486,王义中,2019-05-12 14:22:30,-1,0,1,满分！
108001,486,王义中,2019-05-12 23:56:54,0,0,0,有趣！
108052,486,王义中,2019-05-14 02:20:09,1,1,0,必须给10分
108148,486,王义中,2019-05-15 16:28:25,1,1,0,好老师一生推
108184,486,王义中,2019-05-16 06:10:55,6,6,0,满分不解释
120218,486,王义中,2019-11-24 06:59:08,0,16,16,听说有人负面评价，被该领导动用关系查出来撤销评论了？
129231,486,王义中,2021-01-01 14:43:04,11,12,1,第一节课说可以看10篇英文文献来提交作业，结果快结课时又说这是不可以的，必须要交一篇实证论文。
130886,486,王义中,2021-01-25 17:32:22,22,23,1,老师很好，但是课应该改为选修，不是所有人都想走公司金融的学术。。。
142293,486,王义中,2021-11-10 02:23:42,5,6,1,王老师是真的很有良心的一位老师，没什么架子，上课也比较幽默风趣，给分也不错，推荐一个~
150707,486,王义中,2022-02-15 07:08:10,20,20,0,浙大经院落选双一流，非常令人痛心！希望院长加大人才引进力度，实现革命性变化！！！！！！！！！
150865,486,王义中,2022-02-20 06:52:49,1,3,2,老师人很好，讲课也很亲民，课程可实践性很强。但是还不出分到底是为啥啊…………新学期都要开始了…………
168739,486,王义中,2023-02-21 14:11:29,9,13,4,讲的挺好，分也是真的低
168740,486,王义中,2023-03-29 02:25:02,7,18,11,某些人固收金工等计量类的课程学的跟屎一样，都快掉到保研线外了吧哈哈哈，没本事就不要乱叫啦嘻嘻嘻
168741,486,王义中,2023-02-21 14:20:34,6,13,7,我觉得课倒是没啥问题，讲的方法倒是跟计量有点像，如果说建议的话就是不要讲那么多计量的内容，更多的是从论文的形成过程来去讲\n\n老师的授课态度也可以的，每周两节课都很准时到，上课过程中也很尽力\n\n关于人，是有点油腻在的，带着中年男性往往固有的吹嘘与自夸、一定要让他人认识自我社会地位的执念云云；不过当你我做到这样的职位时又怎能保证修正这些可能出现的毛病呢，害只能常常自勉自省了……
168745,486,王义中,2023-02-21 14:50:42,9,10,1,其实给分挺一般的这是可以说吗，老师挺幽默的
168753,486,王义中,2023-02-21 16:12:19,-8,2,10,老师讲课很实用，感觉给分也很好！
168763,486,王义中,2023-02-22 02:33:45,3,3,0,XX当如是
168773,486,王义中,2023-02-22 05:40:07,-1,1,2,666
168797,486,王义中,2023-03-01 06:40:25,1,6,5,还可以
169993,486,王义中,2023-03-01 02:39:02,-5,2,7,老师上课很认真，论文小白认真跟着写给分也还不错，收获很大
170530,486,王义中,2023-03-06 07:00:03,-12,4,16,按照他的要求来给分挺好的，有的人自以为是自搞一套觉得自己计量方法多么牛逼还做了展示肯定得满结果落差大急了吧
179316,486,王义中,2023-09-09 18:57:23,1,3,2,研究生选他就完了 事少 爽
180976,486,王义中,2023-09-30 09:16:02,4,6,2,作为全程认真听过王老师金融学论文写作课的同学，不得不为王老师说几句。有同学居然将王老师说的冷笑话解读为“自夸”。例如，王老师解释什么是经济学学术研究，用了喜不喜欢，为什么喜欢，有多喜欢，我记得王老师当时用开玩笑的语气说，这是他“全球”独创。而且当时大部分同学都笑了。我想大部分同学把这话理解为了冷笑话而不是自夸吧。
181807,486,王义中,2023-11-01 07:50:53,38,38,0,经院的学术水平确实越来越高了。但是这个就业情况希望学院领导重视一下，大部分人终究还是要出学校生活的，就业去向真的已经和西南财经差不多了，与浙大的身份好像不太符合吧？
188365,486,王义中,2024-01-18 19:00:02,10,10,0,论文时间怎么这么尼玛紧啊，看着热带风味破防
189837,486,王义中,2024-01-30 13:19:26,1,3,2,冲着不点名先打10分，就是王老师能不能再爱我一次。
190114,486,王义中,2024-02-22 09:13:59,1,3,2,给分好（个人感觉）。取得高分的关键有两点：不要犯王义中老师课上提过的错误、尽量体现出你的认真（据我所知金融学论文写作是卷无止境的）
193412,486,王义中,2024-06-10 03:05:16,3,3,0,给分真的一言难尽……不看论文，且论文必须得按他的要求来。他自己是做公司金融的，课上讲的案例、方法、要求基本是公司金融的。据我所知写资产定价的几位同学给分直接炸了，甚至我请学院另两位老师指导过论文，他们也没有说我的计量方法有问题，仍然拿一个低分。甚至不如某些用GPT、用以前课程论文交的同学，唉……
197349,486,王义中,2024-07-11 06:39:14,1,1,0,老师会强调论文选题是金融学，但不一定是公司金融，我写的家庭金融，出分前还有点忐忑，但最后给分还挺好
198316,486,王义中,2024-09-07 02:43:06,16,16,0,经院这几年学术和国内外学科评级，国际合作留学去向这些是不错，但是国内就业越来越拉垮了！虽然金融业大环境不好，但是浙大经院不至于差成现在这样！就业因为地理位置比不过复旦没人会说，但是比不过南开厦大就离谱了，现在居然和西南财经差不多，省内体制外金融机构就业和浙财浙工商都拉不开差距！学院的课程体系，实习机会，负责就业方面的行政管理都要彻底反思，改革！
199899,486,王义中,2024-10-07 16:23:57,16,17,1,关注下金融硕士的就业吧，沦落到不如中科大南开厦大，和西南财经差不多的地步，和学院学术实力完全不匹配了！\n\n赶紧学中科大开上海（香港）班，为学生去金融机构实习创造机会，杭州能有几个投行啊？？？？
201437,486,王义中,2024-11-02 19:07:49,14,15,1,赶紧给金融硕士开上海班、香港班，改进实习条件！否则要你这个书记、院长何用？
206819,486,王义中,2024-12-17 17:34:45,10,10,0,老师啊我明白您还是以学术为重心的，最近的事情大概率跟您没有直接关系，但是这个座机开会实在有点难绷啊（本条不影响您评分）\n\n另赞同以上关于就业的评论，太差了
208663,486,王义中,2024-12-30 13:52:30,0,3,3,本来给金融学论文写作打了10分，现在经院爆出对外交流事件，必须改为1分，作为学院领导必须负起责任，尽快给出事情结论
214147,486,王义中,2025-01-25 15:27:38,1,2,1,金融学论文写作这门课真的上得人亚历山大。课我觉得可以边玩边听，但还是要听，因为老师有很多雷点，比如不能做中介效应，反正杂七杂八的，导致我写论文的时候一直提心吊胆担心踩雷，但你要说从课上真的学到很多我感觉也并没有可能是因为论文写作本来就是一个更需要实操而不是纸上谈兵的事情，最大收获是在自己写论文过程中用熟了stata。虽然课上老师总说要有20张图表才能90分以上，但我最后没有凑够20张，10来张也还是得到了一个不错的成绩，提交的时候老忐忑了，担心连80分都上不了，最后比较惊喜了。总之这门课上得我身心俱疲，尤其是期末结束以后放寒假了天天在家跑数据下数据看文献写文章，对于科研小白来说挑战真的好大。还是真诚建议未来上这门课的同学们提前选好题，不要和我一样期末以后才速成，刚开始的选题跑出来的结果一直不显著我真的快哭死，还好后来换题以后比较顺利，说来都是一把辛酸泪了。。。
3022,492,郑备军,2015-05-13 03:02:09,59,93,34,上课有意思，通识负担轻绩点好
3729,492,郑备军,2015-06-17 02:46:42,21,33,12,上课挺能讲的 很和蔼 作业少 绩点高
6556,492,郑备军,2015-07-15 07:23:04,10,16,6,没意思，虽然没啥要求，不过给分也不高
8202,492,郑备军,2015-09-17 12:15:16,-1,4,5,绝对好老师
8639,492,郑备军,2015-11-11 10:47:25,2,5,3,上课轻松人和蔼，认真听还是能学到一点点的。不过感觉还是有点水，毕竟学经济学肯定要投入时间的。\n\n
8646,492,郑备军,2015-09-23 12:43:14,1,5,4,滑水滑得飞起啊
9134,492,郑备军,2015-10-14 03:18:41,57,78,21,老师咱工科的怎么写经济论文啊？！
9514,492,郑备军,2015-11-18 13:22:04,-14,4,18,老师人真的好，我上课没怎么听，课后交了一篇百分之八十拼拼凑凑的论文，老师还是给了我4+的绩点。通识课选这个很轻松哒
9685,492,郑备军,2015-11-04 11:20:00,18,23,5,课挺有趣的  考核是一篇3k的论文
9860,492,郑备军,2015-11-11 10:39:44,-1,23,24,没有预修要求，但零基础难以学透。教材无法自学，各种数学。不建议典型工科生报。讲课有趣，内容也有，但跑题时间不少…请他修改我的论文，只看题目和格式，私以为不妥…
10394,492,郑备军,2015-11-18 11:34:29,0,1,1,还不错
10403,492,郑备军,2015-11-18 12:26:46,1,5,4,很轻松，上课也蛮有趣的，从不点名，只看论文，认真写少抄给分会很好的，不用担心写的很low，老师主要是看态度，完全好课好老师！
10420,492,郑备军,2015-11-18 14:16:31,0,4,4,人好课水分高
10449,492,郑备军,2015-11-19 01:43:18,1,3,2,负担小 给分好 上课有意思
10478,492,郑备军,2015-11-19 04:34:36,0,1,1,还不错
10611,492,郑备军,2017-12-29 08:41:35,-53,10,63,水课 论文请务必抄袭 我傻傻的自己写结果绩点只拿了个4.1 不如人抄了个一万字的
10614,492,郑备军,2018-05-19 06:11:45,4,11,7,蛮好的 给分也好看 真心好老师
10913,492,郑备军,2015-11-23 09:21:00,7,9,2,课水，给分不错，上课容易跑题，论文不是很好写
10952,492,郑备军,2015-11-23 12:24:56,1,3,2,通识偶尔点名，只需最后交作业，给分也不错
11157,492,郑备军,2015-11-24 23:25:53,0,2,2,课程轻松，内容有趣，案例分析较好，给分好
13295,492,郑备军,2015-12-26 09:03:13,0,1,1,不错的老师。人挺好，课也水水的，认真听也是可以学到不少东西的。
13562,492,郑备军,2017-11-06 12:14:21,1,7,6,课很水，也不点名，但是但是但是！为什么我的分只有3.1？！工科生有点伤不起，论文傻傻的自己写，然后…看到抄的人也没多高…论文只看排班和标题…就酱
19743,492,郑备军,2016-01-25 08:11:57,4,10,6,老师上专业课公债学的时候同样是超级水，期末考就是背诵，几乎没内容，给分很一般。真的如此理论累的专业课，可以上到这么水，这么多的课时安排给同学展示，我们也是服
20630,492,郑备军,2016-01-29 07:39:01,-10,1,11,这门课是水课，考核是一篇论文，而且老师坚决不肯点名(≧▽≦)，能学到什么就看自己了。
24075,492,郑备军,2016-04-26 13:37:59,7,14,7,说真的，很水，但是，绩点给的好滴，现在为止最低的一门通识。。。
24097,492,郑备军,2016-04-27 03:28:38,10,13,3,老师人挺和蔼的，可是分真的很低
24105,492,郑备军,2016-04-27 07:03:09,0,1,1,水 不过一直听着还是能涨姿势的，蛮有趣的，老师不错
24499,492,郑备军,2017-12-28 08:57:18,18,27,9,上课扯得蛮多，但是也有干货，鼓励学生动脑筋，互动少\n\n但是给分实在太烂了！明明是认真写的，上课还认真听讲，全程不水手机，给分难以接受。\n\n但是不可否认，是好老师！
24572,492,郑备军,2016-05-02 01:50:31,2,6,4,上课很水，反正我是一节课没听，最后一篇论文，3.9还行吧，经常点名
24610,492,郑备军,2016-05-02 07:49:04,-5,2,7,老师很可爱，作为工科生绩点最高的一门通识，认真做不会差的，
25922,492,郑备军,2016-06-14 10:17:56,-6,4,10,讲真 作为一个有一点点经济学基础的文科生 轻松90+ 但课真的水的飞起
27050,492,郑备军,2016-06-22 12:38:20,1,2,1,时不时点名 但没什么负担 没考试 3k字的论文一篇 最后一次次一定得到
28829,492,郑备军,2016-06-28 17:08:02,0,2,2,蛮好的，认真负责老师。
29657,492,郑备军,2016-06-30 06:49:01,0,5,5,垃圾老师，给分乱来
36468,492,郑备军,2016-11-14 04:15:41,9,14,5,给了通识最低分
36504,492,郑备军,2016-11-16 08:37:46,6,8,2,不说别的，认真写了字数最多的论文，通识最低分
36551,492,郑备军,2016-11-15 00:49:46,1,2,1,讲的不错。
36762,492,郑备军,2016-11-16 02:47:16,1,2,1,(๑•॒̀ ູ॒•́๑)啦啦啦
36932,492,郑备军,2016-11-16 15:02:53,9,13,4,2.5？？？exo me？
39441,492,郑备军,2016-12-22 18:02:12,2,2,0,老师讲的还不错，但通识等级制就GG了
39677,492,郑备军,2016-12-27 03:00:53,1,2,1,涨姿势
40333,492,郑备军,2017-01-03 03:07:03,0,2,2,好不错的
41200,492,郑备军,2017-01-10 03:17:04,1,1,0,公债课有点水，但是老师自身的学术能力应该蛮不错的，对学生很好，幽默风趣～
44154,492,郑备军,2017-01-17 10:56:06,1,1,0,人生导师
49816,492,郑备军,2017-04-26 08:25:09,1,3,2,嗯，老师上课很有趣，动不动就有段子听，然后我一工科生期末写了一篇论文，给分好，好评，比心
49836,492,郑备军,2017-06-08 08:13:48,17,39,22,真的很生气\n\n出分这么快\n\n给分无法接受2.5你tm是在逗我？
49855,492,郑备军,2017-04-26 14:28:52,4,9,5,讲课很有趣，然而很认真最后绩点超低。。。可能是论文的锅吧，老师的确是好老师，长见识3.5想哭
50886,492,郑备军,2017-05-08 04:32:06,0,2,2,呵呵呵
50919,492,郑备军,2017-05-10 02:55:57,2,3,1,整整一个周末写的一篇论文，竟然只有3.5（等级良好），心累
51327,492,郑备军,2017-06-28 06:42:44,8,12,4,点名，绩杀，无语\n\n
53962,492,郑备军,2017-06-28 06:23:46,0,1,1,人好，上课有趣，负担轻。
54027,492,郑备军,2017-06-28 08:54:40,1,1,0,老师挺负责人 上课讲的那些东西也有趣 课水的飞起 但是...给分有些说不过去 难道是看字数给分的吗
55385,492,郑备军,2017-07-01 11:51:31,0,2,2,老师上课很有趣的 超水的一门通识 期末论文注重排版和字数绩点无敌啊
58077,492,郑备军,2017-07-28 07:52:29,28,52,24,“你们有什么问题？”“还有什么问题？”“不是经济学的也可以问，随便问！”“还有十多分钟我们不要浪费时间。”       可我只想问：“老...老师...你的理想是什么？”
60981,492,郑备军,2017-11-06 10:56:18,1,1,0,给分不好啊啊啊。
61827,492,郑备军,2017-11-21 06:53:22,1,2,1,老师人挺好的，给分还行，事情确实是蛮少的。\n\n也可以水
61832,492,郑备军,2017-11-21 07:13:25,2,4,2,上课大部分时间都在扯淡，扯很远了又突然拉回来，各种想表现自己多公正，反正我不相信自己辛辛苦苦写论文，一次课不缺能被正太到七十几的。第一次上课迟到了整整一节课，来了还吹嘘自己多少年上课不迟到。谢谢你让我明白了选通识原来真的不能随便选，还有用通识拖绩点的操作。
61841,492,郑备军,2017-11-21 08:01:36,1,3,2,给分不好，，Ծ^Ծ，，，，，，，为什么他们都上4
61910,492,郑备军,2017-11-21 14:58:51,2,8,6,是很水的 ，但是最好还是去，不知道啥时候会点名的，当然最最最重要就是论文，虽然说对于理工科生是比较高标准了，但是好好查资料好好写，最好提前几个星期写不要拖到最后，考试周前要复习写不出什么高质量东西的。知道老师要求比较高，所以这门课论文是我所有通识里花的时间最长的，最后绩点也是最高的，不吹不掰。还有，注意排版，严格按照论文格式，字数么要求三千，本人大概写了六千吧。
62166,492,郑备军,2017-11-23 03:03:22,3,4,1,感觉没有讲到什么经济学的东西，上课一直聊天，最后论文不知道评分标准，反正绩点很低，心累。
62311,492,郑备军,2017-11-24 06:57:29,3,3,0,不是按课本讲的，上课更像是聊天，但确实是深入浅出，趣味无穷。
65159,492,郑备军,2017-12-29 15:19:06,-29,2,31,认真听，很有收获，还可以和老师互动，论文多写点，认真看点文献，总结一些观点，还不是稳了。\n\nmd又拿了一个94分，有点气
69110,492,郑备军,2018-01-24 08:35:58,0,0,0,老师和蔼，课说实话讲的也挺好，可能就给分不太友好。。。
69210,492,郑备军,2018-01-24 10:13:17,0,1,1,考试的时候老师说至少考一个小时再出门，要不然给别人知道我考得这么简单不太好。
69419,492,郑备军,2018-01-24 15:33:06,-4,4,8,辣鸡老师，慎选\n\n
75489,492,郑备军,2018-03-12 10:59:14,-12,2,14,从文明人到野蛮人之旅(老师素质极差，可以来真正社会一波)
75930,492,郑备军,2018-03-22 05:37:32,23,26,3,课间一支烟，赛过活神仙。老师课前抽，课间抽，课后抽，很悠闲。
76090,492,郑备军,2018-03-26 12:54:21,24,26,2,就点名时的有趣我给他满分～
76791,492,郑备军,2018-04-23 12:07:30,0,2,2,人真的很好 课真的很水
76827,492,郑备军,2018-05-03 08:02:05,-10,2,12,满了。。
77176,492,郑备军,2018-05-03 10:13:28,5,14,9,全程写ODE作业就4.8？！太爽了也
77182,492,郑备军,2018-05-03 11:24:55,2,2,0,老师超级棒的，讲的内容也浅显易懂，人也很风趣，给分也很棒～90分
77190,492,郑备军,2018-05-03 13:34:27,6,6,0,给分不高不低，上课点一半的名。讲讲故事还可以，有点水。
81735,492,郑备军,2018-07-06 04:38:15,6,6,0,有点水
81768,492,郑备军,2018-07-06 06:27:12,2,3,1,经济学院的同学，公共经济学概论的论文写的好分很高
81770,492,郑备军,2018-07-06 06:36:23,1,1,0,给分还行，就是很水\n\n第三节课开始每次都点名
81825,492,郑备军,2018-07-06 09:13:51,1,1,0,老师上课很认真，还安排答疑，完全不像在教一门水课的样子
81877,492,郑备军,2018-07-06 10:55:16,2,2,0,公债学有一点水，但是只有一篇论文而且因为老师有事所以把期末考移到最后一节课可以说是很好了
82002,492,郑备军,2018-07-06 23:04:11,1,1,0,水是水，分很高。。
83754,492,郑备军,2018-07-11 07:04:33,0,1,1,公共经济学第一水课，四次签到，论文好好写
84141,492,郑备军,2018-07-12 06:19:49,0,0,0,上课水
86607,492,郑备军,2018-09-17 12:29:10,1,2,1,老师的课真是我周一的快乐源泉～
86609,492,郑备军,2018-09-17 12:30:54,2,3,1,上课蛮有意思
88907,492,郑备军,2018-11-20 15:30:46,3,3,0,好老师，有趣
88922,492,郑备军,2018-11-12 10:43:03,0,1,1,轻松愉快
89655,492,郑备军,2018-11-20 06:55:03,5,6,1,基本上每节课都点名，短学期一共7节课点了3.4次名，上课干货多，但是对写论文并没有什么帮助，比较水，3000+论文真的很难写了，给分还好吧
89656,492,郑备军,2018-11-20 06:59:43,0,1,1,课水，就论文，最后几节课点名，给分好
89674,492,郑备军,2018-11-20 08:11:07,1,2,1,上课有趣，负担轻，点名，看论文给分。论文如果认真写给分不错\n\n
89693,492,郑备军,2018-11-20 09:28:38,1,2,1,有点枯燥，但老师的确很认真上课，分享的小故事很有趣
89696,492,郑备军,2018-11-20 09:43:37,2,5,3,由于课时少，所以最后三次课疯狂点名。然后通识课有点水，因为老师挺喜欢东拉西扯的，但是都能绕回来。其实关于公共经济的干货是不少的。\n\n  *****最后的最后一片3k字的论文，要求公共经济范围内的。个人感觉选题真的很重要，否则绩点极低，并且对格式也有一定要求。*****\n\n  我论文个人感觉选题不错，字数3.5k，论文格式具备，然后就4.8了。
89755,492,郑备军,2018-11-20 15:22:49,5,5,0,老师的课超级有趣，认真听可以学到很多东西，不听也可以水哦。超开心的通识课
89812,492,郑备军,2018-11-21 02:00:47,1,2,1,挺好的，比较水。论文好好写，给分不会低的。
89840,492,郑备军,2018-11-21 03:47:11,5,5,0,听故事全程，绩点3.9。
89895,492,郑备军,2018-11-21 07:26:42,2,2,0,上课延伸内容很有意思
90020,492,郑备军,2018-11-21 16:17:47,1,3,2,公共经济分析导论，上课基本上听故事，也能了解一下常识吧，论文最后周末赶出来3500左右，居然有4.8绩点......意外惊喜，谢谢老师
90034,492,郑备军,2018-11-22 00:59:30,2,2,0,上课挺有趣的，没有作业，结束时3000字论文考评，写了2天的4000字论文卡绩3.9，给分挺公道的（工科生感觉自己的确写的挺烂的……）。
90040,492,郑备军,2018-11-22 01:58:26,1,1,0,挺好的老师。上课水事情少，点三次名再加上期末交一篇3k的论文就ok了，最后给分也超级不错滴，谢谢老师。
90095,492,郑备军,2018-11-22 06:14:20,2,2,0,老师的课是我秋学期周一的快乐源泉...每次上完晚课从西区回去后到全家买杯关东煮的生活可以说是很幸福了。然后也真的听了很多故事，老师点名的方式也是很可爱了。没有水过手机，认真做了笔记写了论文，虽然最后结果不是特别满意吧（哭唧唧），但是不能否认老师还是很有趣很专业的。
90447,492,郑备军,2018-11-23 13:33:40,0,2,2,老师的课其实也有干货的，上课氛围很好，会谈到与生活接近的东西，很有意思的。给我的感觉就是一个知识渊博，幽默搞笑的小老头，考试就是三千字论文，总的来说还是很好的，最后的结果就是，你只要认真查阅资料，写的有条理的话还是可以拿高绩点的，最后推荐老师的点名方式 太搞笑了，给老师点赞
90733,492,郑备军,2018-11-25 13:11:00,3,3,0,很无聊
91925,492,郑备军,2018-12-25 03:12:09,0,2,2,认真写了4000字论文，结果被恶竞，绩点3.3，讲课有点水。
96328,492,郑备军,2019-01-21 00:19:47,-9,1,10,老师挺好，挺好的，论文顺便写的，就有4.8
98764,492,郑备军,2019-01-24 02:03:43,7,14,7,作为一名工信生，我实在无法提起老师课的兴趣，论文是在知乎和微博上拼凑的，结果。。。老师给了我4.8。真的太爱老师了！
98874,492,郑备军,2019-01-24 04:26:21,2,2,0,讲课挺无聊的，给分一般般吧，不会太低的。
99030,492,郑备军,2019-01-24 07:20:25,1,2,1,老师上课点名，有ppt，但是也会写板书，不过不坐前排基本上看不到他的板书。考核是一篇3000+的论文，我写了6000多，真的是本学期写的最认真的论文，数据什么都是从财政部网站找的，最终4.8。不过最后一节课交论文的时候我的是差不多10页，在我前面的dl交了厚厚一沓，很佩服了，当时还特别担心别人都写这么多我怎么办。老师上课的内容尚可，无功无过，给分不错，真的认真对待就行。
99062,492,郑备军,2019-01-24 08:09:48,-1,1,2,老师很可爱，给分也是可以的，真正对经济学感兴趣的同学放心选吧！
99260,492,郑备军,2019-01-24 13:52:47,5,6,1,绩杀老师之一，上课水，但是给分绝对坑
99392,492,郑备军,2019-01-24 16:06:17,6,13,7,我就是前面说的交了一沓的4.8，写了八千多和另外一门课应统交了同一篇论文。。。
99460,492,郑备军,2019-02-23 07:56:19,3,3,0,算是冬学期课程的一个惊喜。几乎都坐在第一排，也学到很多很多东西，老师有时会离题也有些小催眠，但总体对经济的分析是深刻而有趣味的。每节课几乎都点名，一定要去上课，毕竟作业只有一篇论文！写了五千多，其实是通宵赶的。，。记错了上交时间。。但是格式一定要好好弄，数据什么要好好备注，我还是分了不少点举例引用图片的，最后九页。虽然大佬一沓然后还彩色封面。。。不过我还是卡了4.5 还是蛮开心的。认真对待就有收获，，是一门好课！
100483,492,郑备军,2019-01-26 07:41:40,2,2,0,嗯每节课都点名。成绩的唯一参考是期末3000字论文。这实在是不合理……恶意竞争相当严重，我作为一个工科写不出论文的渣渣被妥妥地正态了，拉了我不少均绩。不说了，心痛。
100829,492,郑备军,2019-01-27 01:42:41,-8,2,10,老师对同学很好，每节课都留出时间给同学们答疑，不管是不是有关经济的问题都会很开心地回答。事少，就一篇3k论文，当然说了要3k怎么可能止步于6k，反正答主写了8k…老师很看重封面排版啥的，最后一节课说最希望看到一本书一样的作业…记得要装订最后一节课有两个xgg忘记装订被老师diss啦。
100866,492,郑备军,2019-01-27 03:28:35,1,1,0,文科生 最后4.8 只要一篇公共经济学范围内的论文就好啦。上课没怎么听懂，最后论文一定要认真写！格式也很重要
101585,492,郑备军,2019-01-28 13:44:08,-28,2,30,工科生，挺喜欢经济学，期间看了微观和其它书，作文3000出头，可是老师你4.8就4.8吧给个94让人多难受TAT
102789,492,郑备军,2019-02-23 05:52:15,0,0,0,最后几节课会点名，事情是真的少！给分也还过得去，说分低，我是觉得我那经济论文自己都没脸打低分
105776,492,郑备军,2019-04-20 10:18:19,1,1,0,好好听呀
106142,492,郑备军,2019-04-25 08:01:12,14,14,0,果然，论文应该copy才能拿高分，真是悲痛欲绝
106146,492,郑备军,2019-04-25 08:45:16,5,7,2,论文打分。。。真迷
106150,492,郑备军,2019-04-25 09:04:08,8,8,0,对公共经济学不那么感兴趣的就别选了吧...
106158,492,郑备军,2019-04-25 10:48:40,-17,19,36,比3.9高的右边点赞，比3.9低的右边踩下，让我看看这老师给分如何
106159,492,郑备军,2019-04-25 10:50:55,0,0,0,春学期分已经出了.....
106219,492,郑备军,2019-09-09 16:41:34,-12,2,14,春学期刚刚上过  振金直工科生  好好写一下排排版  就有4.8啦  谢谢老师！
106341,492,郑备军,2019-04-26 12:12:15,8,8,0,绩杀hhh
110537,492,郑备军,2019-06-27 10:03:47,1,2,1,77，可能是我论文太菜了叭……事情还是挺少的，只有点名和论文
110544,492,郑备军,2019-06-27 10:43:23,2,2,0,好低好低，没有考试但一篇论文，还是我太菜了..
110596,492,郑备军,2019-06-27 14:57:54,0,2,2,通识虽然上课不是很有趣（其实是本理科生听不进）但是真的负担轻，第一堂课老师就说了正态的，所以感觉说给分好不好的没太大意义吧。论文老师特别强调了创新和装订，还会帮所有人看选题有没有离题。认真写了5k，有好好做格式封面和脚注之类的，期末出分快，最后4.8，谢谢老师！
110730,492,郑备军,2019-06-28 06:02:54,1,1,0,老师比较nice，幽默风趣有意思，公债学很稳，只是卡绩了，有点蛋疼
114715,492,郑备军,2019-07-11 05:39:55,0,5,5,很有趣的老头儿哈哈，通识虽然也不怎么听。就点名+论文，点名是为平时分的区分。反正正态分布，就看你到课率和论文情况了，高分就是论文写得好，低分就是没别人写的好。本工科生论文好好写了一下4.8，是门不错的课。
116540,492,郑备军,2019-09-11 10:57:12,-3,3,6,第一节课就迟到是什么鬼，等了半小时还没来
118855,492,郑备军,2019-11-07 05:10:56,3,5,2,公共经济分析导论\n\n课是真的水。写论文全靠自己看书。但是论文认真对待了，不跑题，分不会差。
118857,492,郑备军,2019-11-07 05:42:52,5,5,0,课程水水的 完全可以不听 不过上课会有三次点名 论文用心写分数还可以 po工科生用心写最后也拿了4.8
118869,492,郑备军,2019-11-07 08:18:08,2,4,2,原来大家公经导论都是4.8?，那看来老师给分真的好
118930,492,郑备军,2019-11-08 02:18:08,3,4,1,伤口认真听加做笔记，论文3500。最后3.3
119005,492,郑备军,2019-11-09 07:37:48,0,3,3,论文离题了没写公共经济学，本来感觉要凉，最后3.9，虽然好像挺多4.5 4.8的。但3.9已经比本菜?心理预期好多了。。
119021,492,郑备军,2019-11-09 14:07:57,-12,5,17,论文7000+，最后3.3\n\n
119236,492,郑备军,2019-11-11 12:55:32,1,1,0,好听有趣
120413,492,郑备军,2019-12-04 04:01:02,1,1,0,nice啊
121084,492,郑备军,2020-01-19 13:33:03,0,0,0,好好写论文就行，给分挺好
121414,492,郑备军,2019-12-16 09:00:23,1,4,3,反正上课我没怎么听，感觉听和没听一样，最后论文感觉写的一般，所以就3.3了……?
122999,492,郑备军,2020-04-29 05:33:43,0,3,3,这学期碰上网课。老师表示看视频比较好。然后就看了半学期的b站视频。但是老师自己讲的时候听起来确实蛮有意思。可惜讲太少。工科生4.8 论文要认真写 资料找充实 带点自己的理解。写多点应该是有加成的
131340,492,郑备军,2021-01-27 06:46:46,5,6,1,老师是很好的，讲课里会有很多有趣的例子，但整体来看毕竟是通识课，上课干货并不多，对于绝大多数没有经济学基础的同学来说期末唯一的考核—3k字论文难度确实很大，且上课对写论文几乎没有多少帮助，自己写论文，无中生有也不现实，只能靠选题的运气加上检索文献的能力（）lz最后分数还可以，给后来的同学一些建议：选题尽量贴合时代背景，多结合一些热点，写论文不要闭着眼Ctrl+c 、Ctrl+v，太专业的东西就不要硬抄了，你要确保写的东西自己能理解，再写一些自己的感想。注意排版、放上些图表，参考文献也要有。
131412,492,郑备军,2021-01-27 11:53:03,2,3,1,认认真真看完了一本公共经济学的书，还做了大量笔记。听老师说写读书报告也行，就做了个读书报告，最后3.6。
131766,492,郑备军,2021-01-29 00:41:02,5,5,0,公共经济学导论是通识课，按学校规定必须正态分布，给分看你在班里的排名，所以觉得给分不行的，也不能全怪老师。\n\n公债学是专业课，但感觉水水的，老师比较喜欢讲历史，挺可爱的，课上会点名，学期末交一次论文，学期中每个人上去展示论文。好好写论文还是能学到不少东西的，老师也会很认真地点评，也能看到其它同学是怎么写论文的，总得来说，体验还行，给分也很好。
132208,492,郑备军,2021-01-31 03:35:52,3,3,0,给分不好
135420,492,郑备军,2021-05-10 06:13:22,7,8,1,事少，给分，怎么说，看你感不感兴趣，反正我也挺认真的，最后3.3。
136164,492,郑备军,2021-06-11 15:01:22,0,1,1,讲课很有趣啦，论文对我这种工科生而言有点硬核，但老师还是把我捞上86了，吹爆!!!
138037,492,郑备军,2021-07-07 06:58:02,5,5,0,给分超级烂，服了
138046,492,郑备军,2021-07-07 07:26:52,0,1,1,老师讲的其实挺好，但是这门课真心不太推荐对于经济学一无所知的，因为到了想论文的时候就很头秃。感觉老师非常鼓励学科交叉，用你所在的学科去解读财政，专业性要求不是很高。\n\n学的话……干货挺多，确实学到很多政府财政有关的，但是对日常生活指导意义不大，
138104,492,郑备军,2021-07-07 10:43:02,2,2,0,老师很亲和，干货很多，会用很幽默的点名方式，就是绩点给得太低了吧，比我专业课还低就离谱。可能是我真的太菜了吧
138142,492,郑备军,2021-07-07 13:26:15,1,2,1,我论文是结合自己的专业课，从乡土中国的层面看偷税行为，最后4.8，写的跟财政有关的专业知识并没有很多，也就是说，老师并不是很在乎你的论文的专业性，而是更看重你的交叉性，这点老师在最开始上课感觉也有提及，他举了的论文例子就是一个理工科学生用理科的理论套用到政府税收上。\n\n所以，嗯，如果经济知识不是特别好不太建议选，虽然干货满满，但是一来政府财政这块，如果没有经济知识基础，感觉和自己关系并不大，二来写论文真的头秃
139099,492,郑备军,2021-07-12 21:44:31,11,12,1,写论文一定要学科交叉！！！一定要与自己所学专业有关！！！\n\n写了5000多字，最后4.8了
142149,492,郑备军,2021-11-08 01:26:57,1,2,1,考核就是一篇论文，本人作为一名工科生被卷爆了。
142245,492,郑备军,2021-11-09 08:31:14,3,3,0,本工科生表示老师给分很不错的，评分就只看一篇期末论文，论文就好好写、排排版，也不用涉及太多专业知识，写出一些自己的观点就可以了。郑老师的课认真听还是很有趣的，能增加不少这方面的常识。
142695,492,郑备军,2021-11-15 07:07:07,3,3,0,公共经济分析导论，大一选手第一次写论文表示根本卷不过大二。也是自己没有经验，不懂学科交叉（不过秋学期连专业课也没有实在不好交叉）。第一节课说课堂表现也算在成绩里，但是提问之后也没有记名，不清楚平时成绩是怎么算的......\n\n但是老师真的很有趣，上课故事很多，也有一定收获
144947,492,郑备军,2021-12-26 04:26:42,0,1,1,。。。
152746,492,郑备军,2022-04-19 06:58:12,0,2,2,老师讲课还是比较nice的，能让人对公共经济有一定了解，还会留有讨论时间。想认真听可以学到不少，想水也是可以的，毕竟就最后一篇大论文～
155587,492,郑备军,2022-06-14 13:24:22,3,6,3,老师人挺好的，上课挺有意思的，就算我在下面水，偶尔也会抬头听听的那种。基本周周点名，作业就一篇论文。我是写了一天，认真改了格式，虽然写的时候觉得自己狗屁不通（？），最后拿了4.8，属实意外之喜。我自己就是商科类的，所以也不知道学科交叉，只是结合自己选的题目和基础知识认真分析了一下，四千字。
160560,492,郑备军,2022-09-27 02:57:37,8,18,10,恶心男权，上课讲买老婆还说不犯法，以及女的长得好看可以认干爹，太恶心了，完全听不下去，只能说典型恶臭中年男
161019,492,郑备军,2022-10-24 01:29:30,5,9,4,“买老婆”“认干爹”，这种言论不仅恶臭，而且违法
161721,492,郑备军,2022-11-11 06:02:49,3,5,2,本论文裁缝，4.2
161795,492,郑备军,2022-11-13 13:29:57,3,3,0,课有一点水但是还算有意思，论文评分较为玄学
162259,492,郑备军,2022-11-18 13:29:29,11,14,3,认认真真做笔记，写论文，不如别人抄的论文高，3.9，这老师还阴阳怪气的，真的笑死了。
163624,492,郑备军,2022-12-16 01:02:11,-23,6,29,课挺有意思的，就是对思想敏感的同学不太推荐，我反正都是把故事当笑话听的。论文的话我觉得重点在于形式的创新，不然我也不会拿4.8.
163786,492,郑备军,2022-12-16 05:56:53,-8,5,13,上的公共经济分析导论。老师超棒的。很和善一老头，讲课非常的有趣，有时会...额...怎么说呢...爆猛料！即使是周一上了一白天的课，晚上听他上课依旧兴致勃勃。会有点名，课后可能会点人提问题，认真听课很重要。期末考核只有一篇论文，跨专业的uu们可以尝试学科交叉，实测给分超高。我是学生物的，第一次写经济论文绩点给了我4.8。
165336,492,郑备军,2023-01-01 12:46:44,-6,1,7,挺好的老师
165625,492,郑备军,2023-01-09 04:58:16,-37,7,44,得了5.0耶
167700,492,郑备军,2023-01-18 11:24:02,-206,5,211,给分好个锤子，本人经济学大佬，整整花了三个小时写公共经济分析导论的论文，以为这次花这么长时间写论文绝逼要满绩了\n\n结果出分——4.8？？？？而且才92分。\n\n我真的麻了
167782,492,郑备军,2023-01-19 04:39:13,1,2,1,给分锤爆
171529,492,郑备军,2023-03-27 13:04:35,2,3,1,点名点太过了吧
172667,492,郑备军,2023-05-04 03:03:14,2,3,1,1w字，学科交叉，4.2
172668,492,郑备军,2023-05-04 03:25:46,8,8,0,血的教训！论文千万不要自己写，论文自己写的，最后80分都没上，别人copy的论文4.5。老师人挺好的，给分感人
172705,492,郑备军,2023-05-04 23:49:59,5,5,0,每节课点名，上课挺水的，给分一般
175177,492,郑备军,2023-06-22 07:11:02,5,5,0,很喜欢郑备军的一句话：浙大学生这都不会啊？
175608,492,郑备军,2023-06-26 01:36:56,0,2,2,受益匪浅，很好的老师！
176130,492,郑备军,2023-06-28 02:03:12,9,9,0,每节课都到，论文好好写+提前和老师确认过题目和框架+学科交叉，3.9，整个班就二十多个上4，慎选公共经济分析导论
179533,492,郑备军,2023-09-18 04:31:17,0,2,2,专业课经济史，只听了一节，虽然都是学历史的，本院老师和上个学期马院某老师上的资本论比起来感觉实在好了太多
182766,492,郑备军,2023-11-20 07:07:11,2,3,1,论文写的很认真，认真收集了数据，各种数据自己整理做表，结果得分3.9。真的很寒心 上课也很一般 慎选吧
182771,492,郑备军,2023-11-20 07:26:15,4,5,1,迷之给分，服了，可能写一篇赞成拐卖妇女的论文会满绩吧……
182775,492,郑备军,2023-11-20 07:56:57,1,1,0,好老师！给分也爽快！
182777,492,郑备军,2023-11-20 08:14:44,1,1,0,选上了老师的通识课。真的人好事少给分高，谢谢老师！！
183257,492,郑备军,2023-11-23 07:50:44,-1,1,2,结课只用写一篇论文，要求适中，给绩良心；\n\n老师非常博学，上课的时候可以了解很多平时了解不到的相关经济学知识和事实。\n\n老师非常和蔼。\n\n反正就是非常好的老师，选他的课绝对不亏
187405,492,郑备军,2024-01-16 02:58:42,2,2,0,1\n\n建议没有经济学基础的人千万不要选，你上课听了论文照样写不出来，真的.\n\n2、不过上课真的水，如果混学分不看绩点是首选。\n\n3、论文最好COPY，自己写很难拿高分。\n\n4、老师本身没有问题，对事不对人。
189716,492,郑备军,2024-01-27 09:58:50,2,2,0,2022-2023春夏财政史，有点名，课程由一篇论文评价，展示可加分，课程内容较水\n\n2023-2024秋冬公债学，不是由郑老师给分的，前半学期由郑老师上，该部分内容水，不过由樊老师上的部分还是有干货的
191259,492,郑备军,2024-04-15 13:07:52,2,2,0,公共经济分析导论 节节课都点名 节节课都点名
191616,492,郑备军,2024-04-26 02:08:35,7,8,1,财政史签到都到了，论文认真写，给分非常烂
191629,492,郑备军,2024-04-26 06:46:56,0,0,0,老师人很好，课也非常有趣，给分也非常不错，是我绩点最高的一节课
191932,492,郑备军,2024-05-05 19:27:29,2,2,0,公共经济分析导论，节节课都点名，对着名单一个个点喊到，逃不了的那种，事少，就一篇论文，老师是希望结合自己专业相关，能写得好分就高
192357,492,郑备军,2024-05-16 10:26:17,2,2,0,1、讲得很有趣，上课是真能学到东西。2、每节课都会点名。3、事少分高，就一篇论文。4、不缺勤+好好写论文分一定不会低。5、感谢老师，本外专业收获4.8
193078,492,郑备军,2024-06-03 09:10:14,1,1,0,事少分好
193889,492,郑备军,2024-06-20 12:10:30,3,3,0,有一种不大灵光的迟钝感
194030,492,郑备军,2024-06-21 13:06:37,3,3,0,工科生4.8
194724,492,郑备军,2024-06-25 05:43:04,-10,0,10,认真写了很久最后得的绩点不高，不过本来也是正态分布，没有好不好。只能说靠论文评价还是不对我的胃口，喜提大二目前最低绩点3.9
194829,492,郑备军,2024-06-25 14:29:47,1,2,1,公共经济分析导论，事少分高。每节课点名+期末一篇论文。论文和课程内容有关即可，可以给老师发自己的选题让老师帮忙看是否符合要求。老师会比较喜欢和自己专业交叉写出来的论文，所以跨专业选这门课也是没什么问题的，好好写给分不会低的！
196396,492,郑备军,2024-07-03 08:20:20,2,2,0,财政史 讲课感觉挺水的 自己认真写了论文但是分数很一般
196417,492,郑备军,2024-07-03 08:51:47,0,1,1,论文好好写了，最后给分很一般。。。反正给分挺迷的
197512,492,郑备军,2024-07-18 01:33:13,2,2,0,公共经济分析，上课比较水，但是课程负担压力也相对小\n\n期末课程论文认真写了，做了图标，注重格式和内容，最后94/4.8
198798,492,郑备军,2024-09-11 17:21:15,2,2,0,老师快退休了
200651,492,郑备军,2024-10-20 13:55:58,2,2,0,烂人一个。。。
201038,492,郑备军,2024-10-27 15:45:57,0,0,0,老师，大四了每节课都点名？？？？？
204989,492,郑备军,2024-11-29 08:35:04,3,3,0,郑老师退休快乐！
206200,492,郑备军,2024-12-13 08:15:29,0,0,0,给分是真逆天
214250,492,郑备军,2025-01-30 23:40:06,1,1,0,退休快乐
834,514,骆兴国,2015-03-17 16:04:40,4,20,16,上过他的金融工程学，全是干货，讲的不是很灵清但是很萌！其实骆老师功底还是很好的就是比较羞涩哈哈哈~
4550,514,骆兴国,2015-06-24 08:59:00,-9,2,11,萌
5880,514,骆兴国,2015-07-09 17:52:22,-4,7,11,骆老师研究能力非常强
63995,514,骆兴国,2017-12-20 13:14:31,-7,4,11,老师很好\n\n
85467,514,骆兴国,2018-07-18 06:37:42,-9,7,16,非常公正、严谨的老师.\n\np.s. 老师的浙大个人主页炒鸡可爱?
114812,514,骆兴国,2019-07-12 00:20:35,-10,1,11,老师教的很好很负责，是我太菜了
120345,514,骆兴国,2019-11-29 11:22:36,6,8,2,有学识，但思路比较混乱，想一出是一出，所以能学到的东西大打折扣。
120439,514,骆兴国,2019-12-06 10:28:44,1,4,3,Emmmmm
120483,514,骆兴国,2019-12-09 07:30:07,-14,2,16,性格不错
155761,514,骆兴国,2022-06-15 16:23:40,39,51,12,如果一个房间里有希特勒，墨索里尼和骆兴国，给我一把枪和两颗子弹，我会杀骆兴国两次。
159415,514,骆兴国,2022-07-18 04:02:46,16,17,1,除了给分奇差无比 师德败坏（嘲讽学生，对学生查分敷衍了事），任人唯亲只给自己喜欢的人打高分，而且讲课水平一言难尽，之外，骆老师勉强好过杨永信吧
160967,514,骆兴国,2022-10-21 05:23:16,6,9,3,快跑。。。遇到骆兴国是我在浙大最噩梦的事，甚至可以排进人生噩梦TOP3，此人根本不配当老师\n\n以科研之名，行利己之实\n\n想一出是一出，最后都是学生为他付出代价\n\n剥削学生的事一点没少干，居然也没人查一查，呵呵
165466,514,骆兴国,2023-01-06 13:43:43,2,2,0,快逃，别选他
166082,514,骆兴国,2023-01-11 05:01:59,7,7,0,快跑，恨不得pua身边的每个学生，自己感觉一点力都不出的
168225,514,骆兴国,2023-02-04 02:31:55,3,3,0,真pua😓
171064,514,骆兴国,2023-03-23 06:35:37,2,2,0,...
172935,514,骆兴国,2023-05-10 05:30:41,2,2,0,rubbish
173050,514,骆兴国,2023-05-12 04:13:57,2,2,0,傻逼一个
173084,514,骆兴国,2023-05-12 16:14:03,2,2,0,太无语了
173650,514,骆兴国,2023-05-31 06:08:42,2,2,0,呵呵，没见过上课这么烂的，屁事还多
176112,514,骆兴国,2023-06-27 23:46:10,3,3,0,其实还好的，就是不想活了
178614,514,骆兴国,2023-07-17 03:55:40,2,2,0,任人唯亲，自己的学生随便打高分，其他不爽的学生往卡绩线上打，你真牛逼
198491,514,骆兴国,2024-09-09 08:27:32,3,3,0,能活，就是活得有点难
198583,514,骆兴国,2024-09-10 05:28:46,3,4,1,呃。。。。。。。。。
199845,514,骆兴国,2024-10-03 11:26:51,5,5,0,点名、作业、上课写题、pre、论文、考试，应有尽有……上得还很烂
220083,514,骆兴国,2025-06-14 19:30:48,0,0,0,大学四年遇到过的最讨厌的老师…没有之一。这么重要的内容让你讲的稀巴烂。上课胡乱上，不尊重课堂，不尊重学生，把我们叫到讲台上写题然后自己看手机就是你的上课方式吗。很多重要的模型就在那花好几周的时间一直算微积分，不知道到底想干嘛。
1687,555,金祥荣,2015-03-23 08:42:59,30,44,14,没有PPT，完全手写黑板，写了就擦。\n\n上课很有意思
4619,555,金祥荣,2017-11-20 11:22:42,7,12,5,非常有趣的老师
7928,555,金祥荣,2015-09-16 07:05:45,-4,11,15,人很好，给分很好。但是个人觉得他讲课挺枯燥的。
28148,555,金祥荣,2016-06-28 08:09:58,7,7,0,老师上课有一套自己的理论，上课很有意思，有时候会安排博士生来给我们上课，平时没作业，期末交一篇论文。但是复习的时候还是要好好看书，会比较辛苦。
29065,555,金祥荣,2016-06-29 08:03:02,7,8,1,金老师以后能不能不要这么忙了……您本人我恨不得给11分但您那堆博士生真的是良莠不齐的，有些是真坑啊……
30155,555,金祥荣,2016-07-01 04:05:30,1,2,1,上课不按照书来，平时完全没有作业。考试周复习（预习）到奔溃。。。。给分不错，总之向大家推荐金老师。
30176,555,金祥荣,2016-07-01 04:40:51,0,2,2,老师挺有趣，上课黑板手写！最好的是给分良心，我是真心觉得要挂 没想到最后还有70多，所以老师给分真的很好
30178,555,金祥荣,2016-07-01 04:46:38,1,2,1,给分好！
30252,555,金祥荣,2016-07-01 06:42:43,-4,1,5,无聊，给分呵呵
30896,555,金祥荣,2016-07-03 00:01:17,2,3,1,老师上课讲的很好，手写板书，但是好几节是博士生上的，然后平时不做作业，不讲题，考试的时候就有点累，复习很多，给分也不是特别好，但是课上的很好
31405,555,金祥荣,2016-07-04 00:56:50,1,2,1,其实平时没有作业，期末好辛苦的
32409,555,金祥荣,2016-07-06 14:39:25,4,4,0,老师超棒，最喜欢这种很有自己思想，能启迪人有自己思考，敢说实话，不拘泥于政治思想的老师了。只可惜最后几节课都是博士生上有点懵逼。老师本人超棒没话说。
33455,555,金祥荣,2016-09-19 11:38:35,2,3,1,没作业，建议自觉的同学修读，否则想我一样，期末死的很惨
48996,555,金祥荣,2017-03-21 06:07:21,0,0,0,怎麼考試
49497,555,金祥荣,2017-04-17 06:01:14,17,19,2,今天上了政治经济学最后一节金老师的课 是大学以来为数不多让我因结课感到不舍的老师之一  上课有几分幽默 也会拓展很多东西 只是因为这门课是两个老师一起上的 目前还不清楚具体是学生成绩怎么考核的 看了政经的均分有点害怕 但是老师本身是很棒的
49548,555,金祥荣,2017-04-18 07:34:16,11,14,3,本学期的政治经济学课的一半由金老师讲授。金老师算是一个对政经与主流经济学都很有研究的自由派经济学家，在课堂上将政经的内容与主流经济学穿插对比起来讲，让我这个对这两部分知识都早已比较熟悉的人都感到颇有新意。在课程中他还用一次课讲了当下浙江的经济发展，最后一次课抛开课程内容讲了公共选择理论，都是很有意思的内容。强烈推荐。
76160,555,金祥荣,2018-03-28 05:26:18,1,2,1,非常赞
101334,555,金祥荣,2019-01-28 04:29:28,3,3,0,全靠同行衬托
106174,555,金祥荣,2019-04-25 12:04:20,1,2,1,太好了！！！
106309,555,金祥荣,2019-04-26 09:49:04,2,2,0,很有自由的独立的思想
107626,555,金祥荣,2019-05-07 23:16:46,1,1,0,良心老师
107768,555,金祥荣,2019-05-09 10:53:07,1,1,0,干货多，政治经济学会复习微经
107801,555,金祥荣,2019-05-10 01:31:50,0,0,0,满分不解释
107878,555,金祥荣,2019-05-11 00:19:04,0,0,0,很不错
107893,555,金祥荣,2019-05-11 00:32:44,0,0,0,讲得生动有趣
107930,555,金祥荣,2019-05-12 01:54:42,2,2,0,研究产业组织和民营企业的，很好
107956,555,金祥荣,2019-05-12 10:04:26,0,0,0,很不错
107988,555,金祥荣,2019-05-12 14:36:57,1,1,0,老师去宁波大学了，想念
108005,555,金祥荣,2019-05-12 23:59:43,1,1,0,收获大！
108156,555,金祥荣,2019-05-15 16:34:25,10,11,1,怀念老师上课的场景
5168,565,徐加,2015-07-05 14:18:54,17,24,7,教的好！有丰富的阅历以及自己总结的一套理论！赞！
6561,565,徐加,2015-07-15 08:07:02,-1,15,16,上课上的不好各种瞎BB  你以为他会给分很好其实一般
21893,565,徐加,2016-03-01 12:49:18,7,9,2,迷一样的老师
26777,565,徐加,2016-07-06 00:38:19,3,3,0,迷…迷…
26886,565,徐加,2016-06-21 12:51:42,1,2,1,好可爱的老师
31781,565,徐加,2016-07-05 02:05:44,5,5,0,给分不是很好……但老师人蛮好的。\n\n不过计量最后老师给我们复习的很全面。
31789,565,徐加,2016-07-05 02:21:25,7,7,0,商业银行的给分和迷一样.....
31812,565,徐加,2016-07-05 02:59:22,13,14,1,虽然重点划得很棒，但给分真的不好。
32050,565,徐加,2016-07-05 13:25:32,1,3,2,感觉其实给分还可以^_^
32434,565,徐加,2016-07-06 21:29:09,-1,1,2,给分其实还好，复习的很全面
37458,565,徐加,2016-11-19 02:13:11,1,1,0,养老的金融市场营销，老师有的地方讲的很好。给分一般
52493,565,徐加,2017-06-20 12:58:43,1,1,0,挺催眠的...复习得全代表着没重点...复习课不应该是为我们节省时间才对嘛qaq 全讲了还不如自己背啊...
55591,565,徐加,2017-07-02 03:42:47,4,4,0,给分不好。
55797,565,徐加,2017-07-02 11:35:25,-2,2,4,不知道上面说给分不好的是什么心态，明明给分这么好，你得想想看你在这门课上花了多少工夫。
57128,565,徐加,2017-07-05 15:03:08,0,0,0,呃虽然给分就那么回事……但能在老师退休前赶上上他的课我觉得还是挺幸运的，很有意思的老爷子
4499,571,何樟勇,2015-06-24 03:36:54,4,33,29,大绩杀
6430,571,何樟勇,2015-07-14 02:35:35,62,78,16,语调很平淡 但是课本编写真不错 能把中高级的模型写得通俗易懂真正觉得经济学美妙的 赞一个
6660,571,何樟勇,2015-07-17 08:55:42,1,9,8,昏昏欲睡
6676,571,何樟勇,2015-07-18 06:46:57,0,8,8,给分不好，课也不好。讲太细了。
10215,571,何樟勇,2015-11-17 12:18:04,-7,8,15,水平很一般，期末没考好只怪自己不努力
17058,571,何樟勇,2016-01-19 14:03:26,-2,7,9,不怎么好
20265,571,何樟勇,2016-01-27 00:25:32,0,13,13,讲得差，讲得太细反而适得其反，听得昏昏欲睡，对学生态度还不好，给分也一般，真是呵呵哒了
20705,571,何樟勇,2016-01-30 04:51:01,1,11,10,讲课完全无聊，讲不到重点，而且绩杀
22759,571,何樟勇,2016-03-11 00:15:49,-2,12,14,讲得还行，但真的很绩杀，对学生态度极其恶劣我也是醉了
23814,571,何樟勇,2016-07-03 17:42:58,2,10,8,并不绩杀，但是平时上课要去的，不去期末肯定考不好
26838,571,何樟勇,2016-06-21 08:57:10,0,6,6,我会告诉你他的书大部分是抄的吗，还有居多错误
27352,571,何樟勇,2018-06-14 08:34:42,25,32,7,成绩低 不怪自己学习态度不对只知道埋怨老师绩杀真的合适吗 虽然我也学的不好 但感觉老师讲课真的很用心啊
28795,571,何樟勇,2016-06-28 15:20:07,0,7,7,讲课完全听不懂，根本不考虑学生的感受，考试成绩非常低，还是在卷面答的很好的情况下
28887,571,何樟勇,2016-06-29 02:42:50,11,20,9,特地出分数前来评价。不知道为什么大家觉得他不好，中宏我觉得很棒啊，很喜欢这种风格（文科生请参考高中地理老师），也的确有很多自己的思考，不管给几分都不后悔了…
31044,571,何樟勇,2016-07-03 06:56:22,12,15,3,并没有很?杀，来为hzy正名
31064,571,何樟勇,2016-07-03 07:36:34,18,23,5,老师讲的好，把经济模型讲的很透彻，不觉得绩杀啊。
31071,571,何樟勇,2016-07-03 07:45:35,7,10,3,觉得老师讲的挺好的  也不绩杀  表白何樟勇
32195,571,何樟勇,2016-07-06 02:20:39,4,7,3,老师课讲的很好，课本编的也不错，给分也挺好～真的不是绩杀
32900,571,何樟勇,2016-07-26 02:40:55,5,8,3,只要每节课去好好听，不要睡觉水手机，认真完成作业，考试复习的时候注意听（其实复习的时候已经暗示了一些考点），成绩不会差的
33937,571,何樟勇,2016-09-23 03:05:55,3,4,1,老师讲课很有经验和条理性。
43076,571,何樟勇,2017-01-15 15:55:18,2,4,2,我过来看看有没有巡逻队。。
43164,571,何樟勇,2017-01-16 01:41:29,9,10,1,我觉得老师把三个模型讲的很清楚啊，乘数也讲的很清楚，反正我是听懂了！后面的书讲的有点快了，也许是我笨:-)
48478,571,何樟勇,2017-03-06 02:40:41,7,7,0,还没考试，但是老师讲得很好～开心
49116,571,何樟勇,2017-03-27 03:32:31,5,5,0,老师讲得挺好呀，挺清晰的~
49191,571,何樟勇,2017-03-29 03:10:42,5,9,4,老师挺好的，事情少，给分也挺好，就是上课很无聊，讲ppt，但是ppt的内容和书一模一样
49194,571,何樟勇,2017-03-29 03:44:18,7,9,2,宏经给分其实还可以，作业很少，点名好像就一次。喜欢这种不搞事情的老师。
49205,571,何樟勇,2017-03-29 08:49:59,10,12,2,刚刚出了统一重考的成绩94，老师并不绩杀啊~毕竟还是要靠自己~老师事情少不点名作业少，虽然讲课一般但是挺和蔼的
49206,571,何樟勇,2017-03-29 09:00:34,19,21,2,就是有点啰嗦，其他还是不错的，事少给分好
50884,571,何樟勇,2017-05-08 03:46:43,4,5,1,哪有那么可怕，我觉得老师讲得还不错啊
51410,571,何樟勇,2018-03-07 15:55:35,20,21,1,吐槽语调平淡讲课昏昏欲睡的你们听过周戈的中宏吗！老师对学习经济学的核心把握的很好
52619,571,何樟勇,2017-06-21 12:59:51,25,25,0,老师很萌的，大家不要欺负他
55185,571,何樟勇,2017-07-01 03:07:51,0,2,2,老师讲课好，但是有点杀。。。
56591,571,何樟勇,2017-07-04 05:25:18,2,2,0,老师人不错的，可能会有些啰嗦，但其实讲的还不错的。
56611,571,何樟勇,2017-07-04 05:40:47,-1,2,3,老师中宏讲的比较清楚 据说大家都满了就我没满 哎是怪自己是真的菜
56693,571,何樟勇,2017-07-04 09:40:18,-8,4,12,隐藏的鸡杀，不讲道理……真的很过分，答得都是对的，考后也核对过，结果却得到这样的成绩……唉?
57171,571,何樟勇,2017-07-06 01:05:12,2,3,1,老师并没有很绩杀。虽然老师讲课太拖拉，PPT也跟书本一样，但是还是得听一下他讲的重点吧。他一般都会讲，如果考试考到了这个你们要能答出来
62091,571,何樟勇,2017-11-22 11:15:48,3,3,0,讲的很仔细也很好，不绩杀，主要看卷面
66470,571,何樟勇,2018-01-17 02:07:41,25,25,0,背后的机理……哈哈哈哈哈哈哈哈?????
67638,571,何樟勇,2018-01-22 03:09:04,9,9,0,何老师表示马工程的教材实在是垃圾！
68710,571,何樟勇,2018-01-23 15:52:53,6,7,1,老师讲课也算清楚了，平时上课比较轻松，作业超少，教育部让换了课本，那个课本简直垃圾。。。
69375,571,何樟勇,2018-02-18 02:33:54,14,18,4,表白hezhangyong，满绩松拿
70710,571,何樟勇,2018-01-27 12:20:54,6,6,0,老师讲课很清楚，虽然进度比较慢，三节课先花一节课不到的时间复习，再开始新课，但是重点和本质都剖析的非常清楚，坐前排认真听觉得老师很棒棒！马工程的教材真的一言难尽..
70722,571,何樟勇,2018-01-27 12:34:05,1,2,1,讲真，老师超级认真，而且很有趣，会讲经济学史，好好学给分也超好。敲喜欢老师！！！\n\n
70755,571,何樟勇,2018-01-27 13:17:35,8,9,1,满分！\n\n上课分析得很到位 我上课总是走神 但是老师讲课会重复……听着听着就能受到熏陶\n\n考前复习两天可以抓住重点（主要是老师平时也会说考试主要会考什么）\n\n最后给分也很好 很公道
70771,571,何樟勇,2018-01-27 13:41:15,6,7,1,作为用一个下午复习的人，分数还不错。满意了
70804,571,何樟勇,2018-01-27 14:14:09,7,7,0,老师超棒！没有点名作业也不多，讲宏经主要都是抓住模型本身去讲（所以中间有些部分略得飞快，但是考试基本考的是曲线的变动），三节课一般第一节课复习一下。初学经济学感觉上课时候其实也挺吃紧，但是考试之前再理一遍就很清晰了。
71072,571,何樟勇,2018-01-28 02:25:08,-14,5,19,大绩杀 给分差 问个简单的问题都支支吾吾说不出来 水平有问题
71102,571,何樟勇,2018-01-28 02:58:49,6,6,0,上课略显平淡 但是知识点讲得细 讲的全而且清楚  没有点名  三次平时作业课（很简单很水）  最后好好复习  给分也不错   喜欢这样的老师o(^o^)o
71154,571,何樟勇,2018-01-28 05:01:14,4,4,0,并没有很绩杀，老师讲课很细致，最后分数主要是看自己努力，很喜欢老师
71257,571,何樟勇,2018-01-28 08:02:36,3,3,0,老师讲课还是听清楚的，就是语调平了点，给分也没有那么绩杀，总之好好学吧，这种课还是看考试的
71334,571,何樟勇,2018-01-28 10:04:57,3,3,0,老师上课很认真，内容也讲得很细。给分也不错！
71368,571,何樟勇,2018-01-28 11:00:39,2,3,1,讲课可能稍微乏味了点 但该讲的都讲了 老师人很好 给分也不错的
80719,571,何樟勇,2018-07-06 07:32:54,4,4,0,给分一点都不绩杀好吗！宏经期末考还是很按套路的，主要课上讲的曲线都记住，变动机理都记住，期末考选择大题好多都考机理解释。（当然选择题也有一些其他知识点），然后背一道据说年年都考的那个简答题，期末没问题。
82717,571,何樟勇,2018-07-09 04:14:07,6,7,1,从周戈班翘课来听何老师的课，真的觉得老师注重经济学而非数学，并且对此充满热情与负责，真心站在学生的角度上看待经济学。
82809,571,何樟勇,2018-07-09 07:10:51,2,2,0,老师一直在强调要注重背后的经济学原理hhh数学只是工具。老师上课很认真自身原因总是走神，还是很不错的
82810,571,何樟勇,2018-07-09 07:11:35,5,5,0,老师讲的很耐心了，让我觉得我是在学经济而不是学数学
82840,571,何樟勇,2018-07-09 08:06:42,17,17,0,中宏课真的是一种享受！虽然都是推导但是老师解剖的很细，讲得很清楚！每节课前都会先复习上节课内容，重要部分会提醒很多遍！上课也会突然幽默，这么好的老师真的是让你爱上中宏这门课！考试只要平时认真听，把书上的公式都自己推一边，肯定能上四，考试的时候还不停地劝导我们能想到什么写什么，这样他就能给一点分，最后给分不要太好！强推！
82852,571,何樟勇,2018-07-09 08:24:30,-1,1,2,想睡觉
82859,571,何樟勇,2018-07-09 09:07:21,-1,1,2,呵呵了
82864,571,何樟勇,2018-07-09 08:38:30,3,3,0,上课用心 注重经济学本身 虽然我还是走神但至少不会觉得真的是在学数学。考试那天一直跟我们强调不会写也不能空着当时心里就觉得凉凉…然后前面那位同学 我觉得这次中宏还是有调分的吧…虽然我依旧菜 但如果没调分我必挂无疑。
82927,571,何樟勇,2018-07-09 10:12:28,0,0,0,老师很用心讲得很慢，给分真的好?
84470,571,何樟勇,2018-07-13 02:44:52,4,4,0,老师讲的好 我学的不好 建议：感觉听课吃力的同学先预习一下再来听，不然一直到期末考试都是预习状态
84693,571,何樟勇,2018-07-13 14:32:40,3,3,0,虽然大家觉得何老师讲课进度有点慢，自己看一下，知识点很快就全部明白了。但仔细去听课，就会收获很多，老师的思考方式，化难为简的技巧很值得我们好好学习的。这次中宏老师说自己批的卷，很用心地帮大家指出了共性问题，鼓励大家进一步学习，真的是一位好老师！！
87593,571,何樟勇,2018-10-08 04:12:44,2,2,0,讲得挺好的，生动形象，通俗易懂，没有评论说的那么平淡。
93816,571,何樟勇,2019-01-14 02:05:41,0,0,0,很透彻
94076,571,何樟勇,2019-01-15 06:28:04,0,0,0,老师很不错
94523,571,何樟勇,2019-01-17 05:07:32,1,2,1,老师讲的条理很清晰啊，问问题还很耐心给你讲，脾气也很棒，觉得老师绩杀的大概是没有好好听课复习的吧。
97646,571,何樟勇,2019-01-22 12:39:50,3,3,0,老师啊，求您了快点出分好不好，别的班都出分了，出了一天了已经，您还不出分，这种体验真的太难受了
98811,571,何樟勇,2019-01-24 03:21:07,3,3,0,老师经济模型讲的真的挺清楚的，编书编的特别有条理。宏经没有论文，只有课后计算题作业，有助于考试的知识学习，事情少，这点很好。给分也不错，很公正吧。选到何老师的课就去上吧~
98859,571,何樟勇,2019-01-24 04:16:42,3,4,1,我爱何老师!何老师的宏经真的上的太好了!虽然我经常走神，但是老师每节课都会重温上一节课的内容!深入浅出说的很详细明了!上课跟着听基本就懂了。\n\n给分也超级好!这学期均绩都4+了，反正就超爱何老师!人也很慈祥很nice!
98869,571,何樟勇,2019-01-24 04:22:58,-7,1,8,很不错没怎么学就4.+了很好
99029,571,何樟勇,2019-01-24 07:17:27,2,3,1,是本垃圾太垃圾了
100334,571,何樟勇,2019-01-26 03:14:01,1,1,0,老师上课很仔细 会讲重点 付出和收获成正比的哦
101581,571,何樟勇,2019-01-28 13:30:21,2,2,0,老师很不错，虽然给我卡绩了还是来打了十分
102468,571,何樟勇,2019-02-03 04:55:42,8,8,0,老师炒鸡好，宏经上课跟着老师思路走，考前看一遍PPT过知识点，满绩轻松拿
103175,571,何樟勇,2019-02-26 11:05:17,0,0,0,老师很好
103244,571,何樟勇,2019-02-27 03:06:20,3,4,1,何老师人真的很好，不论是讲课还是给分还是对学生，都是很好的老师。中宏4.8 。自己绩点低思考一下有认真学习吗，不要一味怪老师。
103308,571,何樟勇,2019-02-27 08:16:09,2,2,0,讲课清晰，通俗易懂，为人善良
103332,571,何樟勇,2019-02-27 10:27:22,1,1,0,很好的老师，讲课很认真，对留学生也很好。
104042,571,何樟勇,2019-03-11 02:38:22,3,3,0,哭了，老师讲的也太好了吧！超级有耐心，超级细致，超级会重复重点！
106257,571,何樟勇,2019-04-26 03:02:07,2,3,1,讲课很有条理，能够把公式为什么是这样讲得明白，模型也很清晰。虽然宏经最后没有满绩有点遗憾，但还是非常喜欢
113123,571,何樟勇,2019-07-05 23:55:00,1,1,0,讲的很基础很清楚，人nice，给分也很好
113158,571,何樟勇,2019-07-06 00:42:52,3,3,0,卡绩了呜呜呜，但是老师还是不错滴
113389,571,何樟勇,2019-07-06 14:12:13,1,1,0,老师讲的慢且细致，有一点卡分但总体还是不错滴
113920,571,何樟勇,2019-07-08 00:40:50,5,6,1,重点分明 上课认真听都能听懂\n\n模型吃透 考试没有一点点问题\n\n你甚至会觉得出的有点简单
116887,571,何樟勇,2019-09-17 03:55:10,1,1,0,老师讲的很细致，语速语调也控制的好好。很负责。
116913,571,何樟勇,2019-09-17 07:19:28,2,2,0,很不错
123362,571,何樟勇,2020-06-05 15:57:24,5,5,0,良心老师，讲课清楚，注重背后机理。不绩杀。
125520,571,何樟勇,2020-09-11 02:56:05,10,10,0,中宏，何老师讲的很细致，不仅仅讲数学推导，还会讲背后的经济学逻辑。从单期行为人出发，到两期三期，进而到无限期，最后引出索罗，新古典，代际交叠三个增长模型，思路连贯，一气呵成，回味无穷，是值得一上的好老师开的好课。另，给分很好。
125620,571,何樟勇,2020-09-12 11:27:04,3,3,0,老师真的是在讲经济学而不是数学，很注重经济学原理和模型在经济学上的应用，中宏的模型其实不算很难会求偏导就ok，所以能得到经济学思维和逻辑训练就很棒啦。
125706,571,何樟勇,2020-09-13 10:56:02,3,4,1,何老师真的好！注重模型背后的经济学含义，上课非常细致有耐心，在他的教导下，我觉得自己没有那么畏惧数学了，模型的推理都是那么水到渠成，甚至还感到有点简单，没想到中宏竟然满了，呜呜呜爱您！后悔没早点上您的课，十分十分！！
127778,571,何樟勇,2020-11-27 01:20:05,0,0,0,难过 换老师了 虽然新老师人也很好  但讲的确实不如何老师啊
128448,571,何樟勇,2020-12-23 07:27:04,8,8,0,这么好的老师，说绩杀的自己学了？别没事就来口嗨，上课讲的那么慢思路那么清晰，为了让你上课不来的，还是让你自学看书的，为hzy正名，想认真学宏经的来听课就好
131655,571,何樟勇,2021-01-28 10:25:51,0,2,2,老师超级好，讲的清楚，给分也很好
131747,571,何樟勇,2021-01-28 16:48:17,-4,4,8,外专业的孩子宏经满了 \n\n所以认真学了 老师不会绩杀 给分挺好的\n\n老师上课重在模型经济分析 \n\n而且会反复强调背后原理 \n\n唯一的缺点可能是有的地方太强调而显得有点拖拉 不按照书本上课 需要自己看书 过细节\n\n下午三节课的最后一节真的会困T T
133306,571,何樟勇,2021-02-24 07:09:50,4,4,0,大二时修的何老师的宏经。感觉老师很耐心。可惜啊，那一学期我颓废了，完全没听课。很后悔很后悔。要是能重来就好了。
134455,571,何樟勇,2021-03-29 06:03:40,2,2,0,老师给分好！！！讲课有趣！
139066,571,何樟勇,2021-07-12 10:52:31,1,1,0,老师讲得很好，语速很慢，这样回放可以两倍速过完
144788,571,何樟勇,2021-12-23 15:19:33,1,1,0,结课了，来给何老师打个十分。因为是线上智云上的何老师的宏经，开1.5倍速听真的是一种享受（要是在教室原速听可能会觉得平淡），老师把模型讲得很通透，本人也很可爱，每次不知不觉3节课就听完了，虽然不知道考试会考得咋样，但真心给何老师赞一个！！
145958,571,何樟勇,2022-01-04 15:50:46,0,0,0,老师 求求 捞捞 呜呜
145972,571,何樟勇,2022-01-04 16:32:23,0,0,0,老师 菜菜 捞捞 呜呜（先打10分为敬）
146356,571,何樟勇,2022-01-06 10:00:14,2,2,0,上课很好，作业少。先十分求老师捞🤤
148351,571,何樟勇,2022-01-12 08:15:54,0,0,0,宏观经济学，老师讲的还算清楚，也很深入，就是进度上有点慢，平时计算题会有作业，考试统一出卷，多选题很难，感觉给分是出了cqb里不错的了
148487,571,何樟勇,2022-01-12 16:03:25,1,1,0,上的宏经线上班。老师讲课还是很清晰的，四次作业（量很少而且很简单），给分也还行
149070,571,何樟勇,2022-01-14 09:36:37,0,0,0,何老师讲课思路非常清晰，注重逻辑的推导。给分很求是，不过应该也是因为自己考试太拉了。
149317,571,何樟勇,2022-01-15 05:27:49,0,0,0,讲课不错
149445,571,何樟勇,2022-01-15 11:00:14,0,0,0,给分好求是  平时分估计全看作业分了   最终没上3  可能自己真的考试太拉了
150259,571,何樟勇,2022-01-21 03:57:10,1,1,0,讲课很认真
154931,571,何樟勇,2022-06-07 03:14:13,1,1,0,给分还行
156895,571,何樟勇,2022-06-29 10:25:03,3,8,5,给分好差..
157680,571,何樟勇,2022-06-24 09:56:57,0,0,0,还没有出分，但是先来评个分～\n\n何老师也是经院老师里男神级别的哈哈哈哈，上他的课真的很享受，从没想过数字背后有那么多的经济学意义
157731,571,何樟勇,2022-06-24 13:08:43,0,3,3,老师给分简直好爆了，问的人都没被卡绩，应该是老师费劲心思地抬了一手😍真的，我吹爆。平时作业要自己做一下，不会的抄答案然后看懂就会，正式考试没作业题那么难。老师上课从不点名，想翘的随意翘就好（当然还是希望能到课哦
157802,571,何樟勇,2022-06-25 01:37:27,10,10,0,出分了来留个言，（上完zg老师的第一堂课就溜到了何老师班，懂得都懂第一节课干了啥我哭死）\n\n何老师讲课真的真的非常认真细致，前半个学期进度可能稍微慢了些，老师说想让大家慢慢从简单的模型入手去理解经济增长的这个概念，会手把手一步一步去推导每一个模型，会告诉大家不要看见用数学就害怕hhhh（何老师：“我也是文科出身，也学不好数学”）\n\n每一个单元开始的时候会有一个哲理的分享，何老师会分享自己读书时候的问题经验，还会讲自己教育孩子的故事，真的很认真负责很有爱的在上这门课\n\n还要夸一下经院的赵学长，钉钉答疑课讲的也太好了吧！\n\n连续时间的新古典模型之前都有在认真听课写作业，后边两章实在没精力了只能等到考试前疯狂补天（\n\n最后也得到了一个自己非常满意的成绩，非常感谢老师！\n\n强烈推荐学弟学妹线上线下混合学习（才不是因为何老师从不点名doge）
157815,571,何樟勇,2022-06-25 02:56:41,9,9,0,老师讲的很好，不过中宏还是需要自己多努力理解学习，不然分数可能不太好看
157848,571,何樟勇,2022-06-25 05:56:11,6,7,1,何老师值得10分，听了第一节课就能感受到老师的功底之深厚和讲课之精彩！\n\n中宏是一个主要讲数学的课，但是老师会反复强调经济学逻辑，既便于对数学表达式的理解，又强化了对学商科的同学的边际思维的培养\n\n课程的体系很完整，从一期两期三期无限期到索洛新古典代际交叠，层层递进，不会感到很难\n\n期末考试也是很给力的，虽然后两题有一些小陷阱，但是从给分来看应该老师还是很仁慈的\n\n总之中宏上hzy老师的课，收获满满！
157853,571,何樟勇,2022-06-25 06:09:49,3,3,0,边际等边~~
158063,571,何樟勇,2022-06-26 13:47:38,7,8,1,高水平教师
158197,571,何樟勇,2022-06-27 12:21:47,5,9,4,绩杀，并不觉得好，把数学课变成背诵课了
168301,571,何樟勇,2023-02-09 16:27:22,4,4,0,老师讲课很认真，会很细致耐心地讲解。但是给分很求是，不太会调分。
169163,571,何樟勇,2023-02-24 13:26:53,-7,2,9,呵呵呵
169618,571,何樟勇,2023-02-27 06:50:01,3,3,0,感觉是非常温柔的老师，对模型的讲解也很到位，个人觉得给分不错
170217,571,何樟勇,2023-03-02 04:32:13,3,3,0,老师很温柔 讲课很细致 课后问问题也会及时回答 好老师！
171556,571,何樟勇,2023-03-28 14:06:10,3,3,0,表扬一下助教小哥哥，希望期末捞捞
172052,571,何樟勇,2023-04-18 06:44:56,-6,5,11,这种课还是自己好好学吧，老师讲的很清楚，宏经本来就不难，花点时间轻松满绩
173349,571,何樟勇,2023-05-20 14:28:07,0,3,3,给分很好呀，平常上课听一听写写作业，期末花点时间复习，最后拿了98。老师讲的也非常清楚，虽然有点小催眠，但ppt可以自学。不好好学没人有义务给你高分哦~
177926,571,何樟勇,2023-07-05 13:46:18,3,4,1,何老师是一位非常好的老师，有很深的经济学功底，讲课深入浅出，易于理解。中级宏观经济学需要较多的数理推导，建议好好学习数学，看书看PPT，掌握模型的推导过程。希望大家可以好好学习中级宏观经济学，好好上何老师的课。何老师超棒！感谢何老师！也感谢助教，助教很热心很耐心，帮助答疑。中宏学习过程比较难，但是好好学没问题的。大家加油！再次，感谢何老师！！！
177928,571,何樟勇,2023-07-05 13:50:15,2,3,1,何老师是一位非常好的老师，有很深的经济学功底，讲课深入浅出，易于理解。中级宏观经济学需要较多的数理推导，建议好好学习数学，看书看PPT，掌握模型的推导过程。希望大家可以好好学习中级宏观经济学，好好上何老师的课。何老师超棒！感谢何老师！也感谢助教，助教很热心很耐心，帮助答疑。中宏学习过程比较难，但是好好学没问题的。大家加油！再次，感谢何老师！！！
178043,571,何樟勇,2023-07-06 10:58:16,3,3,0,爱死何老师了，讲课清晰透彻，一点都没架子，经院良心好老师（要到了和老师的合影嘿嘿）
178202,571,何樟勇,2023-07-08 02:20:38,0,2,2,坐标23年春夏新开的经济学的思维方式\n\n老师一开始说是不太会往上面调分 但是最后分数应该是都往上调几分过的 \n\n老师讲课的话讲得很通俗易懂 而且会给很多现实中的例子来讨论 钉钉上面找老师也会有回应 讲课水平跟人品都是很不错滴\n\n\n\n\n\n最后说一下这门课\n\n这门课本身难度不是很大（最后分数不是特别高也是自己最后基本没学的原因\n\n考核是期末闭卷+小论文（会不会变成小组作业还是未知的）\n\n平时课前会有一些选择题当堂测试这些 点名倒是不多\n\n只要平时下一点点功夫基本期末就可以拿很高的分数的~
178251,571,何樟勇,2023-07-09 00:54:14,4,5,1,中级宏观经济学。老师不点名（虽然有几次开玩笑说要点名），给分好，上课逻辑清晰，喜欢解释数学推导背后的经济学逻辑，贯穿始终的就是“用完原则”和“边际等边原则”（确实非常好理解，基本上所有模型都可以用这两个原则来记欧拉方程）。复习的时候建议看看伍洲学长的复习课，会把各个模型贯通起来加深理解，真的非常有用。
180539,571,何樟勇,2023-09-22 14:20:43,0,0,0,选他 不解释
180543,571,何樟勇,2023-09-22 14:33:12,0,0,0,好喜欢何老师！！人好
180549,571,何樟勇,2023-09-23 12:29:03,0,0,0,温柔、帅气、体贴\n\n姐妹们选他选他\n\n选他选不了吃亏选不了上当\n\n没得说
184782,571,何樟勇,2023-12-22 16:22:00,7,7,0,必须吹爆何老师！！！大家都快快来上何老师的通识！\n\n上了22年新开的《经济学的思维方式》，上课内容以经济学的基本概念模型和定性分析为主，微经宏经都有涉及。何老师讲课娓娓道来，强度很低，还会举很多生活中的例子帮助同学理解，即使完全没有经济学基础也能轻松跟上节奏。\n\n平时考勤以小测代替签到，但都是十几分钟七八道很基础的题目，只要上课有50%的精力在线就做得出来。课后作业几乎为0，一学期只布置了一次。一篇3000+论文，内容与经济有关即可。期末考试虽然闭卷但都是课上讲过的内容，98上也有整理好的复习资料。我是上课有时听讲有时走神，期末考前花2h过一遍复习资料巩固上课的记忆，考试的时候全都答得出来，没有难题和上课没讲过的知识点，时间也很充裕，大部分人提前半小时就交卷走了。\n\n最喜欢的一点是：由于这门课是新开的，除了一份知识点整理外没有其它资料，也没有历年题库，期末也是闭卷考，大家公平竞争，也没东西好卷，给分也很好。这种环境下可以真正感受到通识教育的意义，对经济学有了一个整体的知识框架。\n\n总之，再次感谢何老师！！！也祝愿大家都能选上何老师的课。
188260,571,何樟勇,2024-01-18 13:45:35,0,0,0,绩杀了，我考得真挺好的，简答题都背到了，估计平时分扣光了
188379,571,何樟勇,2024-01-19 00:57:36,0,0,0,老师平时分要求挺多的（小测，慕课，作业，书评），且给分较为求是，面向绩点学习者可能要下更大的功夫
188452,571,何樟勇,2024-01-19 04:31:52,0,0,0,老师把宏经背后的原理讲得非常清晰，其实上课的时候也有透露过一点考试的重点。平时应该是三四次作业＋一篇读书报告。最后给了满绩非常感谢老师！
189500,571,何樟勇,2024-01-25 03:57:05,1,1,0,何老师我的神
189571,571,何樟勇,2024-01-25 12:15:20,1,1,0,外专业的选修这门课（宏甲），老师讲的很好，分低是我的问题，大家放心选
191280,571,何樟勇,2024-04-16 12:48:30,1,1,0,课讲的很好，但能不能回一下邮件呢。。。。
195041,571,何樟勇,2024-06-26 13:00:52,2,2,0,太好了何老师，太感谢您期末发大水了，孩子再也不用担心挂科了www（中宏这门课其实不算太难，学起来还挺有意思的，可惜没早点发现hhh）
196169,571,何樟勇,2024-07-02 03:24:10,2,4,2,给分有点求是了…
196193,571,何樟勇,2024-07-02 06:37:55,-1,1,2,经济学的思维方式，事多分高，3000字论文+课上完全开卷选择题小测+期末闭卷考试。考试很后面，有充足时间预习，只需要考前学习下ppt就行，期末题目ppt上都有，难度一般般。考试和小测做的时候还挺多不会的，但最后给分超级超级好。
196205,571,何樟勇,2024-07-02 07:18:38,-1,0,1,3学分通识课“经济学的思维方式”，何老师讲课讲的很好，会数字点名，小测。平时几乎无作业，最后要交一篇3000字论文，闭卷考试（难度较低，考前看两三个小时就够了）。最后给分也挺不错的，强烈推荐这门课程。
196223,571,何樟勇,2024-07-02 09:55:44,5,5,0,连平时分也能正态。。。
196368,571,何樟勇,2024-07-03 06:31:11,0,1,1,老师好好
196403,571,何樟勇,2024-07-03 08:32:30,0,2,2,宏经和中宏都是何老师上的 真的讲的非常好非常清楚 那些说急刹的还是思考一下自己的问题吧。。。良心话老师真的很好 可以放心冲
196945,571,何樟勇,2024-07-06 04:08:37,0,2,2,超级好超级负责的老师，耐心、温柔、帅气，上课也讲得特别特别好，最为教学科负责的老师，也尽全力在聆听同学们的意见并改进考试，最后给分也很好（不知道是不是求是，但绝对不是绩杀）永远的神，选他不解释
197078,571,何樟勇,2024-07-07 11:20:27,0,2,2,老师很厉害 也很会捞
197079,571,何樟勇,2024-07-07 11:20:27,-1,2,3,老师很厉害 也很会捞
197161,571,何樟勇,2024-07-08 09:14:39,-1,1,2,给这学期的助教哥哥点赞，超级耐心负责
197335,571,何樟勇,2024-07-11 04:16:04,-2,1,3,选了中宏线上班，虽然没有亲临课堂，但是能够感受到老师和助教的负责，尤其是助教！最后，结合这学期的相对往年低很多的考试难度只能说最后的给分是神！
197496,571,何樟勇,2024-07-18 11:21:41,1,1,0,中宏助教真的垃圾…
211300,571,何樟勇,2025-01-11 07:12:18,1,1,0,坐标宏经 男神讲得清楚非法也不错
211899,571,何樟勇,2025-01-13 01:23:21,0,0,0,身为一个非经济学学生，何老师的课堂上真的是一种享受，平易近人的师风和通俗易懂的模型讲解，真的很宝藏！
212726,571,何樟勇,2025-01-14 15:13:20,1,1,0,老师上课讲的非常清楚！给分也超级好！
214796,571,何樟勇,2025-02-18 03:12:24,0,0,0,上的线上班，平时每周跟看老师的智云课堂，老师讲的还不错，强烈推荐听课加看ppt加b站，不要看书，书看得我一头雾水，最后成绩还蛮好的
220850,571,何樟勇,2025-06-20 06:15:50,0,1,1,老师真的很博学，听他上课完全是谦谦君子娓娓道来，经济学小白也能完全听懂他的经济学的思维方式！！
221685,571,何樟勇,2025-06-25 08:39:43,-1,0,1,何老师真的无敌！很善于用经济学的逻辑来讲述中宏模型的推导和内在关系，可以同时用数学和经济逻辑理解关键方程的推导。整个讲课过程娓娓道来循序渐进，从简单的单期模型到复杂的无限期模型，从静态分析到动态均衡，最好的讲课老师！给分也巨好，真无敌巨好，不过出于考试建议不仅掌握经济逻辑，也要额外花一点时间自己去进行数学推导（老师可能就带过去了，主讲经济逻辑）。
221751,571,何樟勇,2025-06-26 02:48:37,0,0,0,老师讲的非常好，中宏给分也超级好啊www，感觉自己做的挺烂的给分完全出乎意料的好，考试前一定要把例题自己手推几遍保持熟练度，不然就会像我一样在考场上推不出来算不出来欲哭无泪TT
221958,571,何樟勇,2025-06-28 01:42:49,0,0,0,讲得很好，这么多专业课我第一次认真听且听懂了，学到最后一个月，期末来不及复习，就去学别的了。考前看了两天最后4.5，对我这种专业课从来没上过4的人来说真的特别特别好了，也是第一次对经济学感兴趣了，何老师很好
221983,571,何樟勇,2025-06-28 08:03:18,0,0,0,男神！讲课给分都在线\n\n不过这两年题目比较简单可能会稍微调低一点平时分，我看这两年的5.0好像不是非常多，不过给分也是尽力的好啦！中宏就推荐hzy！
46,572,许云华,2015-03-14 15:31:40,21,56,35,枯燥
1913,572,许云华,2015-03-26 07:01:11,32,83,51,真的上课废话多
5014,572,许云华,2015-07-02 04:56:29,7,16,9,无聊
5335,572,许云华,2015-07-06 23:34:08,21,30,9,超无聊 想睡觉
5444,572,许云华,2015-07-07 13:33:12,7,18,11,才考完，感觉自己要挂，问这老师给挂多么，学渣伤不起。
6207,572,许云华,2015-07-13 13:46:04,12,22,10,平时分只给25.在全勤作业全交的情况下！
6400,572,许云华,2015-07-13 15:17:42,2,9,7,差评
6460,572,许云华,2015-07-14 05:51:55,4,7,3,一般吧
10276,572,许云华,2015-11-18 01:20:05,2,5,3,上课一般般 给分不好
16040,572,许云华,2016-06-29 13:12:45,-8,5,13,主要看考试，不给高分，也没有低于3.0的分数
19818,572,许云华,2016-01-25 10:27:06,-1,8,9,就话多 给分还好啦！
25397,572,许云华,2016-05-17 06:51:31,13,24,11,。。。上课没有收获，和自己看书有区别吗？！
25986,572,许云华,2017-01-18 15:22:15,12,23,11,就算许老师所谓泄题是无心但他课教的真的是烂……受不了一些人在这件事维护许老师的时候洗白他的教学能力……不对这件事情做评价但他教的真的不好，遇到重点就跳过的老师我还是头一次遇到
26042,572,许云华,2016-06-15 07:41:58,2,7,5,无聊……每次都想蹺課
28084,572,许云华,2016-06-28 08:05:20,0,2,2,提神健脑
29248,572,许云华,2016-06-29 13:33:23,7,9,2,考前重点不要乱信，说好不考得结果出大题目，真的是演我啊
30646,572,许云华,2017-01-15 15:37:20,118,143,25,老师人很好的你们别乱骂行不行，没上他的课在这评价什么啊，保不齐是出题老师随便找了一份改一改完事，结果怼上老师的资料了，让许老师背了锅。少说两句以免自打脸，很疼的。
31944,572,许云华,2017-01-15 15:17:48,7,14,7,MD，微经是他的，考前什么都没讲
31951,572,许云华,2017-01-07 14:01:25,7,13,6,不写论文就好了，感觉微经宏经给分都看期末，相比因为受不了爆破音退了他的课选了一个要写论文的老师，结局都是一样的
31954,572,许云华,2016-07-05 08:28:05,-9,4,13,老师上课超无聊 一节课都没听过 但是给分好
31974,572,许云华,2016-07-05 09:55:44,-2,3,5,话多 不用写论文 给分还好
32007,572,许云华,2016-07-05 11:03:35,2,6,4,不想说什么了  不推荐
32027,572,许云华,2016-07-05 11:59:02,0,4,4,课讲不好，而且给分超不好，平时分只给26
32030,572,许云华,2016-07-05 12:08:06,0,4,4,考试很重要，虽然给分不那么好但也不失公正
32057,572,许云华,2017-01-15 15:23:49,17,24,7,我想说，微经是他的，绝没泄题，毕竟本学渣复习了一天还只有2.7。。。
32066,572,许云华,2016-07-05 14:10:51,6,10,4,绩杀。
32087,572,许云华,2017-01-20 07:48:52,-9,5,14,要重考啦，过来看看
32315,572,许云华,2016-07-06 06:54:22,-52,6,58,平时两次没交作业，只有24，期末十分大题没写上，虽然我是工科的不在意这个成绩，但他竟然给了我90。。。吓尿我了
32760,572,许云华,2016-07-12 11:07:31,0,5,5,上课很好，讲故事很有意思，计算题也会讲，考试题目基本课本内容，没什么好说的，给分也没有绩杀那么严重
39175,572,许云华,2017-02-04 05:56:17,4,6,2,过来打个分，老师上课还是挺好的
41807,572,许云华,2017-01-12 17:06:40,0,8,8,考前一周问你一道题你他妈不给讲？幸好我后来自己弄懂了，做人不能太垃圾
42959,572,许云华,2017-01-15 15:46:45,11,81,70,听说宏经考前还泄了题，发了份一样的样卷，有毒吧
42977,572,许云华,2017-01-15 14:18:49,2,38,36,考前泄题不能忍
42983,572,许云华,2018-06-30 13:44:44,42,88,46,不管是讨伐的，还是解释的，说白了都是站在自己的利益上说话，但是，每个人都站在自己的利益上说话，不代表这个世界就没有公平了，我想说以下几点：\n\n1.所有骂人的都境界低了，没有必要，不管是骂老师还是回骂的；\n\n2.不管有心无心，这件事许云华要负绝对责任这点没跑；\n\n3.样卷和试卷题目几乎完全重合，即便现在一个中间者的立场上看，说是无心，我觉得可能性不大；\n\n4.骂人的素质低(第一点说了)，但是我想进来讨个说法，没毛病。
42986,572,许云华,2017-01-15 15:30:57,159,189,30,xyh老师的课没上过，不过作为考了宏经的人，刚开始对他的泄题很反感，但仔细想想，老师也不是zz啊，这么明显的问题，所以问题应该是出卷老师不负责任，随便找套样卷改改就作为考试卷，真正该背锅的人是出卷老师
42987,572,许云华,2017-03-28 14:50:56,34,57,23,重考的成绩应该普遍较好的 感觉老师们都比较防水(毕竟重考了) 谢谢老师给的满绩。现在问我重考值不值?我会说，值！
42988,572,许云华,2017-01-15 14:33:54,4,35,31,你尽管出题 \n\n样卷里没有算我输
42991,572,许云华,2017-01-16 15:45:59,9,24,15,骂人是不对，不过回骂的也差不多，没必要。反正大家都是站在自己的利益角度。考试需要一个公平，无论许云华是故意还是过失，这件事他是绝对有责任的。说实话，看到有些评论把我浙说的这么不堪，真的心寒……
42992,572,许云华,2017-01-16 04:41:59,2,11,9,呵呵……
42993,572,许云华,2017-01-15 14:36:48,0,3,3,听老师的课还是有收获的
42998,572,许云华,2017-01-15 15:53:12,-12,4,16,哦呵呵呵呵
42999,572,许云华,2017-07-23 01:44:49,207,262,55,有些人说的太难听了吧 能等等事情的真相吗 我相信有的人是绝对正义的 但是那些说的很难听的 如果考前你们的某位老师和你们说 我有几道题目想告诉你们 你们会站起来义正严辞地说一句老师你这样做是不公平 我不听吗 我想恐怕都在忙着记题目记答案吧 送你们一句呵呵哒 一句cnm 原封不动地送完给你们这群骂人难听的
43002,572,许云华,2017-01-15 14:42:28,0,6,6,泄题很气
43004,572,许云华,2017-01-15 14:44:12,-3,1,4,呵呵呵
43016,572,许云华,2017-01-15 14:56:58,-3,3,6,迷哦样卷
43019,572,许云华,2017-01-15 23:51:31,-39,5,44,。。。。。
43020,572,许云华,2017-01-20 08:45:04,6,34,28,有病的吧，我们没作弊的重考来给你陪葬，老师的错我们担？官大一级压死人
43023,572,许云华,2017-02-01 13:45:10,40,53,13,抱怨ok但是骂人的是自己没看到试题吧
43024,572,许云华,2017-01-15 14:59:50,3,13,10,不是很懂为什么会出现这种情况，作为一个别的班、努力学习的人，表示很生气。
43028,572,许云华,2017-01-15 15:01:04,-5,3,8,泄的一定不是假试卷哦，呵呵哒
43029,572,许云华,2017-01-15 15:01:05,-2,13,15,无法确保试卷扩散范围的话 集体重考是应该的
43032,572,许云华,2017-01-15 15:02:45,-2,8,10,请给这次宏经一个解释，辛辛苦苦一学期的努力就被一份泄题样卷给打败了
43034,572,许云华,2017-01-15 15:07:48,0,2,2,听说宏观泄题，来凑个热闹
43043,572,许云华,2017-01-15 15:20:24,-1,4,5,富强民主文明和谐 自由平等公正法治 爱国敬业诚信友善
43046,572,许云华,2017-01-15 15:23:40,-31,7,38,哈哈哈哈哈，喜欢看你们像嚷嚷的样子，反正老子满绩啦
43048,572,许云华,2017-01-15 15:26:19,-1,0,1,老师人很好，就是讲的不太好。。。
43050,572,许云华,2019-01-21 06:32:24,18,32,14,老师泄题应该是意外，大家理智。人无完人，老师不是神，给他个机会。学习不只为了绩点
43054,572,许云华,2017-01-15 15:31:53,44,55,11,刚开始我也为泄题感到很气愤，但是又想如果自己是那个得到答案的人会怎样呢？应该觉得有点幸运或侥幸吧。不过对待这件事还是要理性，首先追责应该看老师是故意还是过失，故意就很过分了，但过失就。。其次，是看学校最后怎么处理了，我觉得就算老师是过失这次教学事故对他的职业生涯也会又一定影响吧，至于分数，我觉得应该尽量公平吧，对于该班中后边简答和论述不太ok的考虑其是否有看过答案来给分，但又需要考虑学霸，还需要考虑不是学霸但做了样卷也付出努力的人。或者也许学校不会考虑那么多？总之，大家还是不要太冲动吧，不过支持大家维权的这份勇气。
43066,572,许云华,2017-01-15 15:42:40,18,26,8,说的像给你们卷子就能满绩一样的，别人绩点多少关你们屁事，下面考试都能满绩了？？？不复习有空在这跳？？？你说泄题就泄题？？？蓝田卷子也有原题你去投诉一下文印店老板？？？实践是检验真理的唯一标准，今天马原白考了吧
43067,572,许云华,2017-01-20 11:07:10,19,31,12,其他不说 重考我真的是要厌恶到呕吐了 有一种寒假悬着一件事 考试周阴魂不散的感觉 重考真是一件公正得无法辩驳的事情呢
43068,572,许云华,2017-01-15 15:44:36,24,24,0,请大家理智对待这件事，这样对老师又有什么好处，素质都在哪里
43069,572,许云华,2018-01-22 12:56:51,-32,7,39,从此，浙大学生选课不再看老师讲的好不好，而是老师会不会漏题
43072,572,许云华,2017-01-15 15:47:53,26,28,2,我觉得 老师应该不是有意泄题吧 对他一点好处也没有啊… 而且那些上来就骂人的 说得好像做一套新题你就能考的比学霸好了一样
43074,572,许云华,2017-01-15 15:52:51,-2,9,11,漏题了，下学期宏观经济学要重考了\n\n日
43084,572,许云华,2017-01-15 16:03:55,11,13,2,我觉得是个好老师！
43085,572,许云华,2017-01-15 16:04:24,29,31,2,我觉得老师应该是无心之举，再说是否泄题还没定论呢，如果真的是泄题，按照学校的相关文件，应该属于严重或者重大教学事故，那自有处理方式。我相信老师，也相信学校会给出一个公平的解决方案。但是事情没查清楚就在评论区人身攻击就不好了吧……
43086,572,许云华,2017-01-15 16:04:42,29,33,4,只要自己复习的全面 出什么样的卷子都做得出来。 没占到便宜就破口大骂 还骂的那么难听 那些说cnm的 不知道眼里还有没有师长。卷子的事学校自然会给个交代 没有必要这么骂老师吧 事情还没有查清楚 就不要瞎逼逼了
43089,572,许云华,2017-01-15 16:09:35,3,6,3,不喜欢各种结果论，既然是考试就是要有统一的规则的，是公平公正的。考前大家应有相同的机会得到相同的信息，所以打印店里卖的样卷不影响公平，老师保证高相似度的样卷只流传在自己班里也不影响公平，但一旦通过其他渠道让别的班的部分人得到就是不公平了。老师发样卷的初衷肯定不坏，但没有考虑清楚可能的后果。所以这事儿就是不公平，老师确实有错。\n\n
43090,572,许云华,2017-01-15 16:10:22,21,23,2,不论事情的结果是怎样，作为浙大学子都要有应有的素质，很烦哪些张口闭口都是脏话的人。
43095,572,许云华,2017-01-15 16:22:12,16,21,5,想说一句，你们都是为了那个绩点学习吗？都觉得自己是浙大的，算一个好的学校，难道这么大的人了不知道学习是为了培养知识和能力吗？因为老师可能的无心失误这样抨击和谩骂，你们觉得是匿名就可以不讲素养没教养吗？只是想请那些说话不经大脑的人思考一下，我也是他班的，没看过样卷，要被正态，我不是比你们这些其他班的更惨。但学习最终又不是为了绩点，骂老师的积点口德吧
43096,572,许云华,2017-01-15 16:23:12,4,7,3,在我看来，那些在事情没搞清楚之前就骂街，骂老师的人都是在为自己的无能找借口。抱怨归抱怨基本的素质还是要有的！
43098,572,许云华,2017-01-15 16:24:41,12,18,6,刚才知道这件事，不过不相信吧。毕竟去年上他的微经感觉也很有收获。上课认真听是很不错的一个老师。因为很少有能让我三节课都聚精会神听课的老师。这种事情说不定就是有些人在搞事情。吃不到葡萄说葡萄酸的，其实本身也没有啥好意吧。大家浮躁的情绪还是改改吧。
43099,572,许云华,2017-01-15 16:32:10,31,36,5,查老师是看老师上课怎么样的地方，不是揪住问题就来质疑甚至辱骂的地方，那些骂老师的人，你们上过老师的课吗？上过课评论ok，没上过课在事情真相不明之前直接开喷就是所谓素质？\n\n反正作为上过老师课的学生，我觉得老师的人品绝对没有问题！
43103,572,许云华,2017-01-15 16:43:08,19,22,3,匿名就随便乱骂。。男子汉说话算话，你们去c啊。上学期他的课，认真学每次都问老师问题最后4点9。查老师不就是个看绩点给评分的地方，虽然这次情况特殊。反正补上我的10分。我认同这个老师，也请各位在真相前保持冷静
43105,572,许云华,2017-08-08 02:00:32,14,22,8,也不曾想过浙大学生素质也就如此
43109,572,许云华,2017-01-15 17:04:29,100,108,8,我想说的是 看见大家怎么都这么激动 我作为旁观者一开始是震惊 后来是深深的觉得不公平 倒也没有一直在想谁该负这个责任 讲实话 浙大很多考试每年都考差不多的题目 甚至是原题是题库 我不知道为什么大家不去想想这个的不公平 比如马原 比如诸子百家 比如证券投资 我觉得这也很不公平啊 大家可以刷题来提高分数 但那是真正掌握的 而现在这样的刷题就完全是背题目啊 如果学校真的只是为了考试而考试 那真是浪费时间 希望学校可以从此 不要想着把哪个具体的人拎出来杀鸡儆猴 而是可以真实的思考一下现在存在的制度漏洞和考核机制 比如和老师搞好关系 我上了大学真是开了眼界  原来还有这么多非正当渠道可以提高成绩 我不知道了解到这些的我 是该开心还是难过 但是我觉得让大学的学习更像一个象牙塔不是一件坏事 每个人都会有自己的选择 希望学校给大家一个公平的考试成绩 而不是人情 不是靠刷脸 不是靠正太强行 这才是一流大学吧
43114,572,许云华,2017-01-15 17:39:59,2,3,1,没上过课，凑个热闹，一晚上评论风向变得好快?
43117,572,许云华,2018-06-11 05:20:42,10,27,17,难以置信评论下这么多口出脏话的，你浙学子素质何在。因为假定事实随意辱骂师长，以为骂得越狠越能显示自己的委屈与正义，大家都安心躲在网络背后行明面不耻之事。\n\n个人觉得，为什么不是出卷老师的锅？听学长和学姐说过宏经考试大多都是历年试卷原题，这不是第一次，也不是唯一一门。而且大学老师真的没必要泄题吧，又不是初高中要看班级均分，绩点都自己班正态泄题意义何在，有什么理由做这种无用且一定会被发现的事？最后，怀疑大骂特骂的同学都是不好好上课也没好好复习的，至少我同学表示，没看到所谓泄题，都做出来了。\n\n你浙，一个三本学校。
43138,572,许云华,2017-01-16 00:29:06,7,8,1,还是静等结果吧，下面的评论真的像网络暴力，学校应该会给说法的。老师不是傻子，如果知道卷子会重怎么可能发出来，谁会傻到用职业前途换自己班学生的均绩
43143,572,许云华,2017-01-16 00:51:31,5,15,10,骂人肯定是不对的，毕竟许云华是老师。但是泄题是绝对有问题的，宏经的题是老师们联合出的，那么多老师的题一个选几道出来一张卷子能碰到80％的几率真心太小。泄题就是泄题，不用洗地了，如果样卷是所有人都能看到，我自然无话可说，但是只有自己班的学生能看到这就不太公平了吧，这要是放在高考算是集体舞弊，浙大教学事故里面考前泄题也算是严重教学事故，希望学校能给个结果，不是复习的问题，是考试公平的问题，无论是不是故意的都无法原谅。
43203,572,许云华,2017-01-16 03:36:00,136,140,4,很奇怪哦，蓝田文印店老板也泄露了马原大部分选择题题库，怎么在查老板里面骂他。\n\n
43256,572,许云华,2017-01-16 04:56:11,-1,0,1,没听过
43282,572,许云华,2017-01-16 05:19:00,-1,1,2,老师是好老师
43290,572,许云华,2017-01-16 05:30:04,-1,2,3,老师人很好的，不想看到他被这么多人指责，这可能就是一个意外。
43428,572,许云华,2017-01-16 09:02:07,-1,5,6,贵浙学子素质真高……
43910,572,许云华,2017-01-17 06:09:38,-1,1,2,有点无聊，但是好老师
44997,572,许云华,2017-01-18 18:23:45,2,2,0,不明真理相的吃瓜群众，搬个小板凳睇戏
45158,572,许云华,2017-01-19 05:12:32,-1,3,4,老师很好哒
45214,572,许云华,2017-01-19 07:12:25,0,5,5,补个10分，老师加油！
45787,572,许云华,2017-01-20 05:46:54,2,2,0,看过历年试卷 感觉每年都差不多 \n\n
45861,572,许云华,2017-01-20 07:54:48,5,7,2,你赢了
45864,572,许云华,2017-06-14 05:32:10,9,11,2,打了十分，因为不想不清不楚就下评价。我也不是这位老师的学生，然而我还是要说，为什么重考我好不容易才做对计算题将将及格，一重考就不一定能过了哭死
45866,572,许云华,2017-01-20 08:02:33,7,12,5,一直没有说什么，但看到重考通知时候，我想说，自愿重考不行吗？！
45868,572,许云华,2017-01-20 08:03:07,7,13,6,结果出来了呢。重考\n\n
45872,572,许云华,2017-01-20 08:08:36,-1,9,10,结果出来了，重考，打了谁的脸谁自己心里清楚。
45877,572,许云华,2017-01-20 08:14:17,2,9,7,让我们都当陪葬品？
45879,572,许云华,2017-01-22 00:43:14,-4,6,10,真的很好
45885,572,许云华,2017-01-20 08:22:56,12,19,7,不管是处于什么原因泄的题，成年人就必须为自己的行为负责，而不是连累我们重考
45892,572,许云华,2017-01-20 08:37:17,12,17,5,求求你们别在评论里说脏话了，有时候看到那么难听的话从我浙学子口中说出，真的有些心寒。不管怎么样，祝重考的同学一切顺利。
45897,572,许云华,2017-01-20 08:49:15,0,15,15,许老师没有做错，尽管我不是许老师班的学生，但还是希望帮老师的评分提高一点。少部分浙大人做的说的刷新我对浙大人的看法了，当然是负面刷新。不希望看到浙大人是口带脏话，心里揣诽别人的人，不然和社会上的泼妇、流氓有什么区别。重考就重考吧，2个小时而已，不要为一件小事，丢了浙大人的脸，谢谢。
45903,572,许云华,2017-01-20 08:59:43,15,18,3,你们认为老师会傻到泄题吗？泄题会付出多少代价他心里不比你们清楚？
45904,572,许云华,2017-01-20 09:00:23,27,37,10,刚刚才知道无意上传样题的老师是许云华老师，一时之间百感交集。许老师教过我微观经济学，上课认真负责，耐心回答学生问题，作业也是跟着进度走，会叫同学在黑板上做题讲解，人真的非常好。\n\n大一下还不清楚到底要学什么专业的时候，许老师的课让我对经济更加感兴趣，明确了自己的方向。后来微经出分后查过成绩，老师很耐心，回答我的问题后又再次鼓励我，真的很感动。\n\n理解有些同学明明没有看到样题却要被牵连重考的愤怒和不理解，但是“受害人·的身份不能成为指责别人的理由，不管学校这样处理是否妥当，但不了解许老师，最好就不要直接对老师的行为进行揣测和定性。\n\n且不说老师人品和师德确实很棒，这样去进行所谓的“泄题”相信不会有人能够做出来的。\n\n与其抱怨，不如调整心态后好好复习吧。\n\n看了查老师后还是很高兴有这么多同学和我有一样的看法，不知道许老师会受到怎样的处理，但我会一直为您加油，老师加油！我们相信你！
46009,572,许云华,2017-01-20 11:36:03,7,12,5,因为一个老师泄题的问题一千多个学生要一起重考，唉。
46114,572,许云华,2017-01-20 15:29:30,13,14,1,不管事情究竟是怎么一回事，连累其他教学班认真学习复习的同学重考这个责任不会落到其他人头上
47536,572,许云华,2017-01-30 05:38:01,2,3,1,要重考 烦
47786,572,许云华,2019-01-20 01:25:21,88,92,4,我不是许老师的学生，我也不会是他的学生。我的这些话也许只是毫无意义的腹诽，但我不得不说。我羞于与这些辱骂师长者同校，古今中外，有哪个人教过你骂老师是对的？如果是许老师泄题，他不会受到惩罚吗？你辱骂师长，愧为浙大人。不是我扣帽子，尊敬师长，这不是对浙大学子的要求，而是对一个学生起码的要求，你既无学生之德，何来辱我浙大之门。被你们有的人视若无物的思政课，有些人真应该听一听，辩证法不是说说而已，你还在非此即彼非黑即白地看问题，对人不对事，就没有资格看不起思政课，起码思政课教你怎么做人。抱怨不公平者大多是抱怨自己不在天平倾斜的那端，而非公平与否本身，我亦如此，这大概是局限所在。重考固然难受，请别忘记，理性可贵。我们头顶的灿烂星空，我们心中的道德法则。
48213,572,许云华,2017-09-18 05:31:09,0,8,8,骂人的一个个我都举报了 贵浙某些学子的素养真是刷新我的世界观
48452,572,许云华,2017-03-04 13:39:09,-6,2,8,这次的辣鸡宏经，我真的服了
48622,572,许云华,2017-03-08 12:46:08,2,4,2,不错的老师
48724,572,许云华,2017-03-10 06:42:16,4,6,2,很明显出卷老师的问题，凭什么让我们老师背锅？ 那群来喷的真的是弱智
49164,572,许云华,2017-03-28 06:28:15,-38,3,41,被这老师坑了两次，一次是不小心泄题让我重考，第二次是重考只给了我94，让我又双叒双又差一分满绩
49173,572,许云华,2017-03-28 08:47:10,4,8,4,虽然重考很烦，但是最后给了我大学第一个满绩，还是感谢老师的。
49182,572,许云华,2017-03-28 15:35:23,6,7,1,老师人挺好的，宏观讲的不错，微观比较水，给分看自己学的怎么样，上次因泄题重考的宏经这次我93，
49225,572,许云华,2017-03-30 03:36:58,5,6,1,泄题老师确实有责任   但是那些污言秽语张嘴就来的人配得上“学生”二字吗
49296,572,许云华,2017-04-03 02:16:09,2,7,5,反正我第一次考试就全都会，重考也全都会，最后满绩
51091,572,许云华,2017-12-22 01:46:36,12,14,2,我说句公道话。我是毕业的学长，宏经考试的题难道还用泄题吗？年年都TM是一样的！出题人太不负责任。大题完全都是不做任何修改的，全是文印店卖的卷子里的题。许老师给的样卷可能就是文印店那些东西。这件事站许老师。但是回到讲课本身，许云华老师还需要提高，个人认为他讲课毫无延伸，照本宣科。老师人是好的。
51371,572,许云华,2017-06-02 08:04:43,-1,1,2,挺负责的
51985,572,许云华,2017-06-14 03:57:45,0,2,2,泄题这种对我们有题库的专业课来说实在没很大仇恨 而且老师讲课也很好的 最后给分也很满意 反正对宏经有兴趣了
52197,572,许云华,2017-06-15 23:16:35,0,1,1,老师上课讲的很好。\n\n
52572,572,许云华,2017-06-21 06:56:40,0,1,1,这重考卷子跟期末泄那套不都差不多吗？给分也很好，要是没这重考拿高分感觉也不是那么容易吧……
57046,572,许云华,2017-07-06 07:14:22,4,5,1,(⁄ ⁄•⁄ω⁄•⁄ ⁄)
57249,572,许云华,2017-07-06 06:52:56,-30,1,31,讲课很迷 考试给的东西又不够 给分还一般 中微满的人你微观只给4.8的咯 很气 给老师一个6分不吹也不黑好吧 比较中庸的一个老师 没什么好的 没什么坏的
57253,572,许云华,2017-07-06 07:25:03,-2,2,4,上课很无聊，但给分还可以
57254,572,许云华,2017-07-06 07:43:19,2,5,3,讲真，作为辅修学生去听并没有感觉有什么问题。老师上课会举很多例子，讲点知识点相关的社会问题，作业考试形式什么都讲的很清楚。
57260,572,许云华,2017-07-06 08:56:59,0,4,4,平心而论老师还是不错的，ppt和练习也比较详细，讲课能认真听进去的话还是能听懂的，跟不上的话课后花一点时间看书应该也没问题，考试前认真把书上内容过一遍，至少我对我的成绩还是比较满意的
57276,572,许云华,2017-07-06 10:34:30,4,5,1,给9分 上课可水，老师人不错，给分很好
57373,572,许云华,2017-07-07 04:53:10,4,5,1,那些满绩的给我出来！！！真讨厌秀成绩的
58827,572,许云华,2017-09-18 04:22:01,4,6,2,微观给分不好
59467,572,许云华,2017-09-21 15:07:50,0,1,1,人很好，很有耐心。
60529,572,许云华,2017-10-23 08:09:31,0,2,2,许老师其实讲课很好，泄题这种事又不是故意这样做，没必要都在查老师骂他吧……讲课很细心，认真听的话觉得还是很棒的，就是偶尔有词听不清楚，可能是口音问题?。不吹不黑，老师绝对是个好老师。
64205,572,许云华,2017-12-21 12:29:50,-3,0,3,给老师疯狂打电话
67860,572,许云华,2018-01-22 08:21:04,0,1,1,许老师宏经上的很好，只因为考了两遍就给低分没必要。就重考和让你去坐牢一样不至于吧
71751,572,许云华,2018-01-29 02:32:29,-1,1,2,出分速度有点慢啊...
72042,572,许云华,2018-01-29 08:47:45,-1,0,1,感觉老师讲得还行，就是改卷偏严了，不过也是自己没有好好复习。
72046,572,许云华,2019-01-21 10:45:30,-121,3,124,以为自己要挂了，结果居然满了???谢谢老师!
72047,572,许云华,2018-01-29 08:58:30,0,2,2,给分真心差沃日
72109,572,许云华,2018-01-29 11:07:44,-1,1,2,老师挺好的
72760,572,许云华,2018-01-31 05:03:04,0,1,1,给分不错
72901,572,许云华,2018-01-31 09:35:35,15,17,2,说以为自己要挂了居然满了的那位同学怕是个学婊吧
73861,572,许云华,2018-02-03 09:20:27,0,2,2,不想听课 想睡觉 去听李建琴的微经吧
79732,572,许云华,2018-06-13 06:40:06,3,3,0,虽然教学水平并不惊艳，但不失为一个好老师。
79829,572,许云华,2018-06-14 05:35:56,4,4,0,上课进度需要调整
79929,572,许云华,2018-06-15 10:21:36,0,2,2,9分老师，不懂前面说的泄题是怎么回事，但是如果泄题了，那么差评的都是别的班的人吧，平心而论，老师人真的不错，课讲的也很好，喜欢在ppt中加一点小例子，属于那种想水可以水，想听也会获得真东西的那种。不管之前的人怎么评价，麻烦没上过他的课的人就别发言了，让后来的人做一些正确的参考
80418,572,许云华,2018-06-26 09:10:44,0,0,0,真的是很好的老师！
81107,572,许云华,2018-07-04 02:54:10,0,2,2,很恶心人。套路多
81398,572,许云华,2018-07-05 03:41:04,0,1,1,无语了
81543,572,许云华,2018-07-05 10:40:07,0,1,1,讲的挺清楚的，也很认真
82912,572,许云华,2018-07-09 09:56:26,2,2,0,给分还行\n\n讲得不太好\n\n建议自学
82916,572,许云华,2018-07-09 09:59:54,2,2,0,老师人很好，很和蔼，课上也能举很多例子。
82939,572,许云华,2018-07-09 10:38:09,2,4,2,辣鸡老师给分是真的严。。。。
82942,572,许云华,2018-07-09 10:39:31,5,5,0,不要听老师画的重点，或者说，你可以反着来试试？
82969,572,许云华,2018-07-09 11:27:33,0,2,2,给分好！讲课还行！
83034,572,许云华,2018-07-09 13:57:48,8,8,0,建议自学吧，我觉得老师对待学生态度还是挺好的，就是讲课实在会扯太多东西了。人文来辅修的，说实话微经一整本书一学期上完真的挺赶的，考试的时候会觉得很多东西在你的脑子里还没有形成一种体系，老师上课讲的也不是很详细，我考前突击了一个星期吧，后面真的纯靠自学，感觉考的很糟糕但是还有3.9，我觉得给分还算是可以的叭…但是客观的说真的不算是想好好学微经的人的理想选择(｡ ́︿ ̀｡)
83212,572,许云华,2018-07-10 02:37:51,3,3,0,说老师泄题什么的，简直是扯淡。期末考试的卷子本来就和往年考的重复率很高，有很多习题也是那本练习册上的。写只能说出题老师不认真，关老师什么事呀
83371,572,许云华,2018-07-10 07:35:50,2,2,0,老师真的不错！懂得超多，上课例子很多哈哈哈哈，最后给分也很善良！！谢谢老师！！
84177,572,许云华,2018-07-12 07:32:12,0,0,0,给分挺好哒
84608,572,许云华,2018-07-13 09:57:12,2,3,1,老师划重点能力没的说，字面意思，真的没的说。谢谢大家，我是池子!
84932,572,许云华,2018-07-14 12:14:48,4,4,0,跟老师学的微经，老师人挺好的，其余的我不说，只是希望老师能调整教学进度，不要最后期末只用一节课上三章。学生期末补天本来就不好了，老师就更别期末补天了，前面进度加紧些，这个情况完全可以改变，尽管后三章不是考试重点。另外学微经一定要做题，多画图，看看书就想应付考试是不够的。
92981,572,许云华,2019-01-06 13:30:22,0,2,2,真的讲的太差了。。。不如网课不如网课，学生的时间也很宝贵的，为什么会有这样的课来浪费我们的时间呢
96361,572,许云华,2019-01-21 01:12:33,14,16,2,上了许老师的微经和宏经，感想就是……自学越早，拿分越高。个人感觉老师就是规规矩矩上课本内容，听课效果和自己看书不会差很多(虽然我都是水过来的，但是从两门课的考试结果来看，复习的时间真的和分数成正比..总之，老师还是挺可爱哒。
96367,572,许云华,2019-01-21 01:18:42,9,11,2,4.5，上课听不进去......全靠自学（哭了）。不过老师的PPT做的不错，内容很全，帮助很大。
96416,572,许云华,2019-01-21 02:51:04,2,2,0,老师人真的很好
96421,572,许云华,2019-01-21 03:06:57,3,4,1,没听过课，感觉期末考要挂了。头秃的学了好几天，最后，谢老师不挂之恩（感觉老师为了把我的分数拉上来，可能很辛苦）感激(›´ω`‹ )
96432,572,许云华,2019-01-21 03:32:23,-9,1,10,老师垃圾
96445,572,许云华,2019-01-21 03:59:03,3,3,0,给分真的超级好，老师很温柔很喜欢
96459,572,许云华,2019-01-21 04:19:14,3,3,0,学渣低空飘过，感谢老师不挂之恩
96462,572,许云华,2019-01-21 04:32:05,2,4,2,比预估的低了至少两档。。哭了。。怎么找老师argue啊。。
96463,572,许云华,2019-01-21 04:33:27,0,2,2,虽然我大学渣成绩烂的一批 但是老师没给我挂真是太好了
96472,572,许云华,2019-01-21 04:47:06,3,4,1,讲课还ok 给分很厚道
96561,572,许云华,2019-01-21 06:31:00,1,5,4,老师非常好 人真的很好很好  ddl一拖在拖  1.1的ddl 给的最后日期是1.5 然后最后还能补交。一学期除了那天有教学检查的时候说要大家记得来可能会被检查组点名。 最后 真的很抱歉 老师讲课的时候都没怎么听课 但是自学了几天 居然拿了4.5真的非常开心了 而且本人没有什么经济方面的基础，老师给分应该是很好的 希望下学期他的微经自己能好好听
96691,572,许云华,2019-01-21 09:13:47,0,1,1,老师讲课很有水平（虽然有时候语速有点快听不大清楚
96828,572,许云华,2019-01-21 10:18:12,4,4,0,老师人很好，不过我会上课分神，推荐ppt自学（呜呜呜呜小垃圾宏经只有80分，说明老师真的给分好）
97495,572,许云华,2019-01-22 09:26:06,-9,0,9,上课讲的马马虎虎，但是课程本身很硬核，如果认真学，能学到很多东西。作为大一学生（应该是大二的课吧），上课有点吃力，但是期末如果认真复习的话，成绩还是不错的，4.5嘻嘻。唯一遗憾就是，会占用相对较多的时间，可能我比较菜，还有，老师回答问题有点凶...感觉
97563,572,许云华,2019-01-22 10:49:36,-7,3,10,1. 给分我觉得是贼好了，我一个工科生考前突击4天拿了4.8，最后一道浮动汇率制没认真复习感觉至少扣10分吧，说明老师还是挺厚道的；2. 完全不点名，没平时作业，就一篇论文，平时很轻松了；3. 老师ppt做的不错，但也许是泄题有阴影了所有带题目的ppt一律不给233；4. 讲课的话，个人觉得备课挺认真的，也有案例和例题，但讲述过程挺无聊的，打不起精神，可以说充实但不有趣吧
97633,572,许云华,2019-01-22 12:25:06,-17,3,20,讲课说实话一般吧，宏经还是靠自学，不过给分也太厚道了，我一个外专业的，最后一题一通乱写，居然也能满...
98125,572,许云华,2019-01-23 05:49:13,0,1,1,老师给分巨好哇！！！虽然讲课有点无聊
99756,572,许云华,2019-01-25 06:28:28,0,2,2,呵呵，全程白给，无聊得一批，就一篇论文，期末全靠自学，wdnmd
100109,572,许云华,2019-01-25 15:11:32,2,3,1,没有说的那么好...给分中规中矩吧，感觉有其他老师给分更好的
103190,572,许云华,2019-02-26 13:35:44,-2,2,4,非常棒
103529,572,许云华,2019-03-01 02:00:29,0,2,2,哈哈哈
105694,572,许云华,2019-04-18 12:43:11,1,3,2,上课水品差，废话多
106345,572,许云华,2019-05-01 13:43:02,-1,1,2,很不错
106632,572,许云华,2019-04-28 12:59:33,7,7,0,老师，求你快点吧，微经怕是讲不完了，春学期结束了，居然还在第二章
107628,572,许云华,2019-05-07 23:17:46,4,4,0,进度很慢
107762,572,许云华,2019-05-09 10:50:32,4,4,0,讲得还不错
107803,572,许云华,2019-05-10 01:32:30,4,4,0,还可以的
107859,572,许云华,2019-05-10 11:23:51,5,6,1,不相信他会泄题
107877,572,许云华,2019-05-11 00:18:23,2,3,1,还不错
107933,572,许云华,2019-05-12 01:56:14,1,3,2,讲课还不错
108011,572,许云华,2019-05-13 00:02:30,1,3,2,还算可以
108589,572,许云华,2019-05-29 06:24:08,1,2,1,听老师讲课比较容易犯困 但是给分是公正的
108843,572,许云华,2019-06-03 06:49:35,-4,0,4,挺好的人给分很好
109291,572,许云华,2019-06-13 02:45:15,-1,0,1,挺好的，会讲很多有趣的案例，就是讲的太快了\n\n
109481,572,许云华,2019-06-15 15:36:06,2,2,0,中规中矩吧
110173,572,许云华,2019-06-24 05:55:43,7,8,1,不好好讲，详略不得当，总讲废话！！\n\n嫌批作业工作量大就干脆不留作业\n\n练习题放在课上讲\n\n计算题就随便讲讲\n\n总之体验肥肠差\n\n后面大家全翘课自学了
111403,572,许云华,2019-07-01 07:30:38,2,3,1,上课水平爆炸，课堂大部分时间用来讲他觉得有意思的故事，其实真的不怎么样，他去台湾旅游能讲1个多小时……而且说话发音太难听，每句话第一个字飙高音，受不了
112537,572,许云华,2019-07-04 17:16:22,1,2,1,上课一般，给分一般，总体来说中规中矩，可以选
112551,572,许云华,2019-07-07 07:53:28,0,3,3,给分挺迷的
112566,572,许云华,2019-07-04 17:56:35,1,2,1,上课真的一般
112590,572,许云华,2019-07-04 20:10:59,-5,2,7,不卡绩的老师都是好老师!!!
112603,572,许云华,2019-07-04 22:19:53,-2,0,2,感谢老师不挂之恩!
112614,572,许云华,2019-07-04 22:37:31,2,4,2,老师会调分，感觉给分还是很不错哒。\n\n不过上课水平真的一言难尽，平时上课可以不用听的，一到期末疯狂自学，绩点就高高的了。
112631,572,许云华,2019-07-04 23:08:22,7,7,0,给分挺好 \n\n讲课又快又慢 很无聊的事情比如给女儿买鞋子能讲一年 很硬核的ppt几秒带过 反正我是从来没听懂过 全靠期末自学补天
112640,572,许云华,2019-07-04 23:25:49,7,8,1,课上味同嚼蜡，老是听不下去，7分真的挺客观的，事儿真的不多期末都是补天的复习，最后感谢老师不挂！
112645,572,许云华,2019-07-04 23:31:20,-2,1,3,认真听的话其实收获还是很大的 就是老师特别喜欢讲开了去然后就自嗨了hhh
112679,572,许云华,2019-07-05 00:15:44,7,7,0,上的是老师的微经。可能是因为课程性质加上微经的选课现状（一半是外专业的人），老师上课会扯很多有用没用的故事和案例。如果你不太喜欢死板地学知识还蛮好的，但这种上课方式就导致自己期末需要补天复习...但微经难度还不大，所以各位还可以放心。（谁说不卡?的！我就被卡了）
112697,572,许云华,2019-07-05 00:44:16,8,11,3,为什么...期末我基本都会做，绩点好凉5555
112743,572,许云华,2019-07-05 01:53:45,5,6,1,谁有老师的联系方式？？我觉得这个分数不至于？？期末题明明都很有把握？？\n\n
112750,572,许云华,2019-07-05 02:06:04,-9,3,12,从头到尾没听过课，大三狗，翘课也多，考前两天看了遍书，给了4.5
112752,572,许云华,2019-07-05 02:10:51,8,8,0,还好吧，上课无聊点，考试还是要看自己（我复习的不好，绩点低也是应该的）
112782,572,许云华,2019-07-05 07:25:11,0,11,11,建议自学，老师给的东西好好用，上课没听过，最后4.8
112864,572,许云华,2019-07-05 06:59:23,-1,4,5,服了这老师 讲的慢 最后狂赶 给分差 无语
112874,572,许云华,2019-07-05 07:55:47,9,13,4,坐了一学期后排水手机，考前突击三四天，过一遍课件，过一遍历年卷，知识点琐碎，又花了两三天做了差不多一万字的整理，最后惊险89不知有无被正态。老师给分倒也没得黑了，按学习帝的分布图90分以上20%的正态名额已经用到最满，再多的话提交成绩本科生院就不通过了。影响总评最大的还是考试成绩，白纸黑字的东西助教也不可能凭空变出分数来。老师的教学不做评价，毕竟微经本身靠自学比较多。 还有前面说考试信心满满但是给分不高的，不知道你第三道计算题代的是需求函数还是反需求函数，不同代法意义不同，也是全卷最大的陷阱。还有，给学弟学妹选这门课的建议是:平时上课用西方经济学的教材，期末复习用浙大的自编教材，冲刺复习一定要刷足一到六章课后计算题，思考题还有历年卷的简答题，不然吃大亏。
112935,572,许云华,2019-07-05 13:21:25,6,7,1,复习了那么久，考试时自认都会做，但是绩点好低，难道是论文那边拿很低分？！
113107,572,许云华,2019-07-05 23:32:20,-2,2,4,给分真的一般，上课不知道，反正我没怎么听
113118,572,许云华,2019-07-05 23:47:32,2,3,1,平时上课讲的例子很多 但反正也听不懂不如自学 最迷的是 怕别人说他泄题就连题型都不给我们看 还一直强调不是自己出卷 今年统一命题卷子很简单 但是大家分都很低 比别的班低 不知道为什么 莫非论文还拉低了总成绩？
113151,572,许云华,2019-07-06 00:31:07,-2,5,7,给分好
113306,572,许云华,2019-07-06 05:10:35,5,6,1,人挺好的，讲课有些水，给分我觉得可以，论文听说都几乎给满了
114040,572,许云华,2019-07-08 12:31:05,3,5,2,说实话 老师虽然讲课有时候会扯出去浪费时间 有时候重点内容讲得比较快 但看得出来老师讲得很认真 论文认真写 考前多看几遍书记刷一些计算题 味精考试都是很基础的内容 只要认真复习考高分还是不难的
114494,572,许云华,2019-07-10 06:01:20,8,9,1,微观经济学，会点名。记得有一次他念到一个外国人名字，不会读，直接跳过了... 所以，名字取简单点。上课么，例子很多，可能一节课都在举例子。个人比较佩服他的阅历。但我一个课友很讨厌他举例子。讲课水平太一般。记得自己好好看后三章。他讲了等于没讲。但考试会考的。哦，他声音太难听了，一个男的声音这么高...总觉得他在破音的边缘。
115275,572,许云华,2019-07-17 10:08:36,4,4,0,给分较好，讲课一般般
116212,572,许云华,2019-09-06 09:10:15,4,4,0,老师人很好，讲课一般但也绝不差。
116497,572,许云华,2019-09-11 02:30:26,1,2,1,
116996,572,许云华,2019-09-18 05:18:35,2,3,1,上的是个啥？
117804,572,许云华,2019-10-02 06:21:56,-7,4,11,大一均绩2+每天不学习论文改改抄抄还让别人排版都能4.5嗷
120966,572,许云华,2020-01-19 05:05:06,9,10,1,不是，上课用的ppt做的也不错，上课其实也还行，给分也算挺好的（这学期不算认真的说），正常情况下老师上个9不也正常吗？
121226,572,许云华,2019-12-26 23:36:14,1,2,1,好好好
122215,572,许云华,2020-02-20 05:00:31,-6,1,7,给分极差
123086,572,许云华,2020-05-09 02:02:27,2,6,4,给分挺好的
124071,572,许云华,2020-06-23 08:05:15,1,4,3,上的是个什么，疫情期间的回复学生问题像是在踢皮球，“这题你应该参照博弈论”，要是你这样学生懂得了以后直接回，“请参照微观经济学”，垃圾老师
124432,572,许云华,2020-07-01 06:46:18,7,8,1,许老师微经给分太好了，不卡🐔，良心好老师，i了i了
124434,572,许云华,2020-07-01 07:17:57,10,10,0,啊哈哈哈哈 楼下两层那问题就是我问的 老师回答参考博弈论我听的也是一头雾水 \n\n看朵朵上说给分还可以 但我这门课还是自学为主 最后拿了个还不错的分数 但我实在不敢恭维老师线上上课的负责任水平 删ppt 删回放 回答问题带点阴阳怪气 线上考试事宜回答也迷迷糊糊…就 挺离谱的
124632,572,许云华,2020-07-04 09:34:18,4,5,1,给分不错的
130772,572,许云华,2021-01-24 13:48:04,2,3,1,调分！调分！调分！\n\n许老师人挺好的
131572,572,许云华,2021-01-28 04:58:15,6,7,1,感谢老师捞我！！！
131599,572,许云华,2021-01-28 06:19:29,4,5,1,给分好！上课事少！虽然回答问题有点奇怪！萧山人yyds！
133593,572,许云华,2021-03-02 11:56:05,2,4,2,讲课中规中矩，可能扯的比较多，但毕竟初级经济学，就是声音真的迷，比较催眠。。。\n\n老师给分还蛮不错的，考试不难，但可能比较迷，尤其选择题，问题不大，高分难，据我所知不少同学中微中宏分数更高
134423,572,许云华,2021-03-28 02:42:30,8,9,1,宏经微经都选的许老师，虽然以自学为主，但是问问题还是能够给我合理的解答。最后，调分！给分真的很好很好！
142905,572,许云华,2021-11-17 09:05:05,4,4,0,好好好！
144993,572,许云华,2021-12-26 09:27:07,4,4,0,冲冲冲
145917,572,许云华,2022-01-04 10:21:49,-3,1,4,莫名其妙的老师
145977,572,许云华,2022-01-04 21:44:20,-3,1,4,讲课还不错，虽然大部分都靠自学，希望期末老师能捞一把！
147717,572,许云华,2022-01-10 14:08:53,-8,3,11,垃圾老师，上课讲不清楚，给分很迷，被击杀了
147756,572,许云华,2022-01-10 16:45:15,7,7,0,还是能选的，讲课微经还行，宏经有点迷，但是智云反正很好用了，给分的话，个人感觉捞了一把了，期末70%实在是没办法哇
147783,572,许云华,2022-01-11 00:35:40,2,2,0,挺不错的
147791,572,许云华,2022-01-11 00:56:44,14,14,0,老师最后有调分！！这次考试实在太难了 感谢老师不挂之恩 老师上课还是很可爱的！！认真听还是能够明白的，作业帮助也不是潦草从课本选的，重点是PPT做的很全我期末考只看了PPT就上场了。蛮推的
147792,572,许云华,2022-01-11 00:57:57,-7,8,15,选的这学期的宏经。老师ppt做的真的很全面，给的练习题也非常有用，最后还捞了一把到4.8～好老师！
147806,572,许云华,2022-01-11 01:45:40,-4,3,7,老师上课的话有一点点迷，但是给的作业题和PPT都很好，看了之后用处很大的，而且最后分数也蛮不错的，本来以为70%期末分要寄了，结果老师捞上来了
147809,572,许云华,2022-01-11 02:11:41,1,2,1,挺好的呀
149761,572,许云华,2022-01-16 18:09:30,-24,1,25,什么垃圾老师
150043,572,许云华,2022-01-18 13:29:49,7,7,0,挺好的老师
151107,572,许云华,2022-02-23 05:34:53,8,8,0,可以的
154421,572,许云华,2022-06-01 06:57:58,6,6,0,讲的挺有意思的，不过还是靠自学
155182,572,许云华,2022-06-09 06:37:06,-7,0,7,。。。。
155727,572,许云华,2022-06-22 08:41:49,18,19,1,nm我哭死\n\n上课我觉得还行无功无过\n\n这给分太逆天了\n\n想把他刷到十分
157189,572,许云华,2022-06-22 08:26:36,10,10,0,简答题10分大题全错，满了，xyh老师我的超人
157193,572,许云华,2022-06-22 08:38:01,6,6,0,许老师是天使吧~~~
157194,572,许云华,2022-06-22 08:39:09,0,0,0,他真的，我哭死，他真的好能捞，虽然上课讲的昏昏欲睡，但是只要自己对着书本，对着ppt，真的，许哥会帮助你的
157198,572,许云华,2022-06-22 08:43:32,3,3,0,真的太能捞了！！\n\n平时讲课不咋样，但是只有6次作业，事情少。学知识的话对着慕课和书也很足够了
157199,572,许云华,2022-06-22 08:43:37,0,0,0,好好好！
157201,572,许云华,2022-06-22 09:00:44,2,2,0,别的不说，微经简直太捞了！！！！！xyh yyds！
157203,572,许云华,2022-06-22 09:04:00,0,0,0,上课稍微有点无聊（这类课好像都这样），但老师讲课答疑都很细心，而且架不住给分真的太好了。大家不知道跨专业选啥就快冲冲冲
157237,572,许云华,2022-06-22 13:15:30,1,1,0,真的好能捞好能捞
157264,572,许云华,2022-06-22 16:33:08,0,0,0,讲课不大好，给分好
157799,572,许云华,2022-06-25 01:11:04,0,1,1,许老师yyds~
158076,572,许云华,2022-06-26 22:06:43,0,1,1,给分太好了
165642,572,许云华,2023-01-09 05:52:26,0,1,1,给分据说很好 上课确实枯燥
165659,572,许云华,2023-01-09 07:11:00,0,3,3,老师的ppt制作的真的很认真！！学在浙大上的资料也给得非常全面，给分真的太好啦！！我爱他！！！（但其实这门课大部分靠自学）
165703,572,许云华,2023-01-09 10:26:36,0,1,1,给分真的很不错，上课稍有点枯燥，讲的还行
165707,572,许云华,2023-01-09 10:50:42,-4,3,7,这学期微经的给分似乎不太好
165717,572,许云华,2023-01-09 11:30:37,6,9,3,我很伤心，因为只给了我3.3，77分，甚至不愿意给我个79分满足下。\n\n不知道是我的努力不够还是老师没有捞，看着群里只有30几个谢谢老师，我陷入了短暂的思考。\n\n谢谢老师，尽管我并不满意，但你都祝我节日快乐了，我怎么去计较呢。\n\n肯定是我懈怠了，明天还有一场中微，来吧！
165760,572,许云华,2023-01-09 14:26:05,2,4,2,认真学了，分数没有想象中的那么高，但还是符合预期成绩的，给一波好评
165798,572,许云华,2023-01-09 18:08:31,0,1,1,讲课确实一般，但给分真的好，微经宏经都速成的
165942,572,许云华,2023-01-10 12:48:06,-8,2,10,宏经93，考前3天速成。\n\n这门课主要看自学的。老师人很好，资料提前给完，上课讲得很认真（但是真的有点点无聊），平时作业错过都会设置补交，点名基本都在第一节结束的课间。\n\n平时分大家都差不多，主要看考试吧。考试应该不会有调分的，顶多看手松不松，有多少是多少。\n\n最后考试比较细，简答题出得都是比较小的点，但在PPT上都有；计算题很基础，就三个模型，难度不大，没有弗莱明-蒙代尔之类的。\n\n我是考前看了2遍网上的知识框架总结，1遍PPT，再把计算题作业过一遍就差不多了。\n\n总体来说，大学大学，大不了自学。老师人还是很好的！
165956,572,许云华,2023-01-10 13:33:05,2,3,1,老师人还是不错的，PPT资料也给的很全
166754,572,许云华,2023-01-13 12:18:42,0,4,4,外专业来选微经的，不算速成但平时确实没什么时间学这门课，考前集中复习了一天，最后95，xyh！yyds！今年的微经卷子最后拿极低分真的要看看是不是自己的问题
169740,572,许云华,2023-02-27 15:11:34,6,7,1,想睡觉
171912,572,许云华,2023-04-12 11:25:22,8,9,1,去年春夏微经班的来给老师正个名，作业很少，学在浙大的选择题有两次提交机会，且网上能搜到，跟mooc重合度也很高。计算题一次三道左右，也不是很难。喜欢数字点名，所以不去教室也可以。虽然讲课很无聊，但ppt可以自学，期末给分非常好！最后考试看了3天，97满绩，毕竟还是客观的考试课程，大家还是自己多下功夫吧，老师给分再好也不可能乱给的。
174491,572,许云华,2023-06-13 05:46:42,0,1,1,挺好哒！很认真
175105,572,许云华,2023-06-30 13:32:14,10,14,4,出分重新评价一下吧。平常上课一次没去，但自己也一直有在学。平时作业的分数全部做满了。老师一共有4次点名，开半小时，数字点名。期末卷面几乎一点没调，改得很严，自己写的时候选择大概有1.2个不确定的，简答只有完全竞争市场的社会净福利损失，一道题不确定，计算中间边际收益递减的证明写了LP*P的导数，最后的序数效应论和基数效用论对比原因写得不太全。期末卷面是79，总评是87。今年真的很求是，期末卷面比预期低很多。另外，我觉得今年的卷子出题过于集中，后面部分几乎没有考，感觉体验很不好吧。
176199,572,许云华,2023-06-28 04:32:10,3,5,2,我的感觉是老师其实可能还是在努力捞了？但平时认真学了，考前也认真复习了，分数没上4多少是有点难受的，然后老师本身是有耐心且比较温和的，但这个上课质量我说实话真的难以恭维
176234,572,许云华,2023-06-28 06:39:07,4,5,1,今年上的，老师给分比较求是，卷面80，平时作业认真做的（估计平时分90？），喜提84，海底捞的时代结束了（？
176264,572,许云华,2023-06-28 07:44:36,2,4,2,讲得不咋地现在给分也不好了，难评
176283,572,许云华,2023-06-28 08:48:12,3,4,1,工科来选的跨专业微经，零基础，非辅修，平时就每周上课时间自学一点慕课和书，期末前三天大概开始集中复习，每天有小半天在看微经，期末考试的时候感觉卷子挺常规的但是好几点没写出来，最后92/4.8。老师人很不错的，几次点名也是数字点名，鼓励自学。最后，感恩老师捞捞！
176414,572,许云华,2023-06-28 20:56:50,3,3,0,呜呜呜呜呜谢谢老师捞我，捞的捞的！
176417,572,许云华,2023-06-29 00:38:50,-8,2,10,我在这边客观评价一下，首先老师讲课绝对好，讲的知识点加上真实案列，那些平时不听，做自己的事情，来混绩点的人来说确实无聊（因为他们只想要绩点，不是知识），然后今年考的很细，但全部是书上的内容，我辅修金融，把书看了1遍多一点，所以考试有些选择不是很确定，有一道计算题数字没有算出来（过程写满了，只差最后一步），但最终4.5/90分，哪些认真想学点东西的人放心过来，混绩点的，劝你们选别的老师
176463,572,许云华,2023-06-29 04:03:19,2,6,4,讲课不行还绩杀
176545,572,许云华,2023-07-01 12:32:27,5,6,1,这学期他变了，本菜鸡没被捞，2.1飘过\n\n讲课确实一般，作业难度和题量还可以接受吧
177043,572,许云华,2023-07-01 09:14:11,-9,3,12,许老师很好，事少分高，大学第一个满绩！
177678,572,许云华,2023-07-04 07:50:18,5,5,0,平常事情很少，作业简单，但是老师今年给分还是挺求是的，应该是没有捞的。
178331,572,许云华,2023-07-10 06:06:35,8,10,2,上面那个客观评价的，横向对比xyh老师和别的老师的上课速度，我能理解举各种例子延后了老师的上课进度，但你扪心自问一下，老师举得那些例子真的都和上课内容有关？扯着扯着就和课程本身知识点毫无关联，在这种情况下还能说上课质量好的那我只能说佩服，我虽然绩点不高，但我觉得老师平时分应该基本还是好拿的，老师人看上去也是蛮温和的，但恕我直言这个课上的只能说依托答辩
188200,572,许云华,2024-01-18 11:35:07,0,0,0,一学期没去过教室，数字点名，六次作业，都完成了平时分会给的非常好。老师人没得说，最后考试感觉考背诵的多，机制数理考得很少，有点遗憾复习了那么久哈哈哈
188223,572,许云华,2024-01-18 12:28:48,2,2,0,讲课风格一如既往，但我很难想象他是怎么把我捞到4.8的
188526,572,许云华,2024-01-19 07:11:56,5,5,0,选了许老师的微观经济学（甲），一开始上课以为比较水，老师偶尔会讲事例扩出去讲故事，后来学到消费者理论生产者理论那里发现这课不能水，理论搞不懂的话题没法做，后来就开始认真听课，把前面的补一补，但感觉微经不能只是跟着老师过课程，得自己用心记住那些理论，后半段市场类型那里又没认真听了，期末补天，没补完，这次考试计算题没全做出来，论述简答题也都比较模棱两可的记忆，图没有画很清晰，但是大体概念是有一些印象的，感觉老师捞了，最后4.2，很好了，感恩。（另，感觉老师还是很负责任的，认真讲课，也讲事例，点过三次名，但学微经不能只靠老师，得自己下功夫）
188534,572,许云华,2024-01-19 07:34:17,1,2,1,这学期微经老师给分还是很不错的
188682,572,许云华,2024-01-19 14:11:10,3,3,0,讲课虽然不咋样，但是人真的好，很和蔼，平易近人，同时给分非常好，点名不要落，作业好好做，平时分直接拉满，这学期微经一节课没去，平时就看看微经教程做作业，期末前把慕课听一遍，详细过一遍PPT，期末感觉答的还不错，最后4.8，爆赞
188702,572,许云华,2024-01-19 15:21:02,8,8,0,宏观经济学：（跨专业视角）\n\n许老师在这个学期有：3到4次点名，6次作业（4次计算，两次判断选择），后期有几次上课回答问题（bonus可以加平时分，不清楚加多少，有一次问了微观经济学的知识，有几次是问了自己自学的内容——失业、通货膨胀等），一次考试。占比是考试60，平时40。\n\n许云华讲课的确是比不上其他老师（我有看MOOC，感觉cqb讲的的确是不错），更多的是读ppt，有时候还挺催眠；对于一些公式推导和原理性的东西讲的似乎不是很清楚；课程的时间把握似乎也有点问题，前面的三大模型讲了蛮长时间，后面似乎有点草草了事。\n\n对于给分，我自认为许老师是比较捞的。首先对于平时分，作业上是可以“互相讨论的”，这个就又很大的操作空间，（可惜认识的本专业的人比较少），所以作业很容易就可以拿满，错一题两题问题也不大。老师用的点名方法也挺陈旧，是数字点名，所以无论是到现场还是看智云都可以把这个点名分拿满（感觉前半学期没有点名，后面为了应付学校，连续点了几次名）。全班90个同学，只有几个人上课回答问题了，所以这个bonus也可有可无。对于考试，每个班级都是自己阅卷，这个可能会带来少许偏差，但就我个人体验来看，挺捞。
188920,572,许云华,2024-01-20 15:53:12,0,0,0,老师好亲切~天冷还提醒我们注意保暖
193342,572,许云华,2024-06-06 15:54:29,2,4,2,上学期学的微经现在来评价一下\n\n老师讲课真的不行，感觉巨催眠，至少前面几节课是这样的，后面由于我都没听不好评价。\n\n点名的话会提前通知所以问题不大。\n\n这门课我是靠那本绿皮书自学的，确实比教材马工程的那本书好上10000倍，考试原题那本书上有好几道\n\n最后喜提5.0，但我感觉应该是自己努力比较多？因为期末考试确实全部做出来了，还都挺有把握的\n\n平时事也挺少的，就6次作业好像，也没有什么论文之类的东西\n\n总结：比较适合自学的人。
196324,572,许云华,2024-07-03 01:50:51,4,4,0,超级无敌海底捞！认真听会有收获的，但是很大程度上还是靠自学。
197424,572,许云华,2024-07-14 12:25:43,2,2,0,给分还可以，平时事情不多
210445,572,许云华,2025-01-09 07:34:02,-4,1,5,点名倒是会说 但是上课真没意思 作业不讲评积压到最后一节课还不给纸质答案说是为了防止泄题给下一届？给分不调，卡绩
210688,572,许云华,2025-01-09 21:31:03,4,4,0,讲课略催眠，但是老师自己做的PPT挺好用的，看一遍基本就知道讲什么。老师人不错，会捞一点但不多，平时事情也少，作业题网上都能搜到，写完作业签上到平时分基本能拿满。\n\n总之还是推荐选的，当然有蔡选蔡大家懂得都懂
211994,572,许云华,2025-01-13 04:03:40,2,2,0,老师超棒！跨专业来的，考试计算题没做完，最后4.8嘻嘻。不过最重要的还是要自学，最后补天了4天才基本掌握大部分知识点
212998,572,许云华,2025-01-15 13:20:55,2,2,0,感觉还是不错的，虽然听课时让我有点难以专注，但是胜在事少，期末复习了一天多，出来分感觉有捞，比较符合跨专业的预期了
214274,572,许云华,2025-01-31 10:40:12,1,1,0,ppt蛮有用的
216171,572,许云华,2025-03-11 12:31:07,0,1,1,讲课一般，昏昏欲睡
217139,572,许云华,2025-04-02 11:29:18,-7,3,10,上课为了活跃气氛很喜欢讲婚姻和择偶的问题 发言很下头我不好评价
219835,572,许云华,2025-06-08 11:51:09,3,3,0,😨😨😨您这微经的mooc真的把我讲的头都大了
221588,572,许云华,2025-06-24 16:40:02,3,3,0,下面那个说老师下头的纯傻逼，不用管，老师上课容易让人昏昏欲睡，但是事情很少，适合自学，最后的给分也很不错，很值得选
221783,572,许云华,2025-06-26 08:04:45,0,0,0,微观经济学：一学期一共3次点名，数字点名，都在夏学期。上课互动可以加分，平时任务包括3次小测（2次尝试机会）+3次作业，老师给分很好。
221824,572,许云华,2025-06-26 13:34:54,1,1,0,老师是神，给绩很好
221901,572,许云华,2025-06-27 09:09:48,0,0,0,事少上课无聊，但是给分巨好 建议结合绿皮书看b站小卷毛学，面向历年卷复习，给分真的好
5554,610,韩菁,2015-07-08 08:12:58,-53,10,63,自学 轻松上4
6333,610,韩菁,2015-07-13 04:41:33,7,14,7,蛮好的。给分好
6334,610,韩菁,2017-05-12 02:41:07,-2,9,11,业界良心 给分超好 事情超少
6677,610,韩菁,2015-07-18 06:48:31,6,16,10,其他都好，就是要自学…她课讲的不好，但是给分好，考前帮助大
12174,610,韩菁,2015-12-22 07:05:30,-48,8,56,自学 轻松满记
13866,610,韩菁,2016-01-01 10:52:32,-1,5,6,好好好
28117,610,韩菁,2016-06-28 08:07:42,-5,6,11,老师人真的很好很好！\n\n一学期就两次作业，还基本给满分。。。
28888,610,韩菁,2016-06-29 02:44:03,2,7,5,计量这种应用性课程，这种风格挺好的，包教包会型。
30465,610,韩菁,2016-07-01 16:05:31,2,12,10,不好 给分并不好
30506,610,韩菁,2016-07-01 23:06:04,0,6,6,作业很少上课不好考试靠自己
30515,610,韩菁,2016-07-02 07:58:14,0,7,7,老师挺和蔼的，但给分不好。
30586,610,韩菁,2016-07-02 04:19:14,-2,5,7,考试靠自己 考前终点有用 给分并不好
31006,610,韩菁,2018-11-15 16:10:03,7,13,6,平时事情少 考前帮助大 给分高\n\n
38194,610,韩菁,2016-11-26 02:43:32,1,4,3,上课比较无聊\n\n
42614,610,韩菁,2017-01-20 08:55:00,5,12,7,虽然计量要自学，但老师其实懂的很多，愿意问的话能学到不少。最后，韩老师给分很赞，认真复习的话分数不会低的。
45939,610,韩菁,2017-01-20 09:30:41,-18,4,22,给分很差就不说了，说个小事。今年考试的时候老师好像对出去上厕所丢掉草稿纸的韩国学生说我会让你挂科，不知道最后做到了没。我就想问问，挂掉了作弊的人以后，能不能提升一下其他人的均绩？。
45987,610,韩菁,2017-01-20 10:45:32,26,45,19,说句公道话，老师课上的一般，但是最后一节课透露了的考题涵盖了大概六七十分的，其中40左右是已经非常明确的，就差把答案告诉你了的那种，而且她的ppt非常好，例题多，复习帮助很大，这课我也就看了一天半，理解后，收获很大，最后考的很顺，给了90+，预料之中。
46400,610,韩菁,2019-04-01 03:27:44,8,17,9,为什么那么多人说这个老师不好？我觉得这个老师人真的特别好啊，上课非常认真。我因为是辅修就听了3节课左右就没怎么听了，靠自学87。但老师真的讲的特别详细啊，就算不听之后看她的ppt也可以学懂。而且老师的ppt也做的超级全面啊，重要的知识点一个不少，难点老师还会在ppt上写解释，还给例题，考试还划重点，真是找不出比这个老师更好的老师了啊！
47751,610,韩菁,2017-02-23 07:53:44,1,3,2,只能说中规中矩，上课内容和本身水平是够了，就是令人犯困...
51528,610,韩菁,2017-06-07 03:12:44,3,4,1,建议中肯
52920,610,韩菁,2017-06-23 13:45:30,4,5,1,计量这门课就比较无聊...也不能怪老师了，老师还是很尽心尽力在讲的，讲得也比较清楚，有问必答，平时事情也不多。
57454,610,韩菁,2017-07-08 05:27:28,7,7,0,给分好
57456,610,韩菁,2017-07-08 05:37:37,5,6,1,最好的韩奶奶。
57463,610,韩菁,2017-07-08 06:55:34,6,8,2,课不咋的犯困 但是考试给分都不错 人挺好
57465,610,韩菁,2017-07-08 07:47:36,4,6,2,客观上说，老师人很nice条例清晰，但是计量本身难啊肯定上起来晦涩难懂，但是老师已经很棒了。\n\n主观上，老师给分真的好。虽然我略低。毕竟我以为我要挂科了。
57467,610,韩菁,2017-07-08 08:12:16,2,4,2,重修刷分的，刷了一天，韩奶奶给分真好
59052,610,韩菁,2017-09-19 08:13:07,3,4,1,平心而论教法比较循规蹈矩，ppt排班有一点乱。但是老师人真的超级好，把很多细节难点讲的很清楚，ppt内容还是很丰富的。课下的事情不多，不常点名，考前会复习，给分非常好。总体来说是挺不错的老师！(考试完本来觉得gg，结果居然上4了)
65554,610,韩菁,2018-01-06 02:47:46,6,6,0,不吹不黑 给5分 讲课真的是要自学的 不过人还是很nice 问她题目会耐心地讲解 虽然她讲完好多同学还是听不懂(=_=)
70658,610,韩菁,2018-01-27 10:40:47,1,2,1,很好呀
70659,610,韩菁,2018-01-27 10:40:49,-8,0,8,上课日常听不懂，但是其实自己多看几遍书就能理解，老师人很好，最后去问问题还叮嘱你掌握哪些哪些，虽然我卷子没做完，但给分迷一样好
70709,610,韩菁,2018-01-27 12:19:07,-1,2,3,老师人真的超级nice！没学过基础课程，问了很简单的问题，老师也很仔细讲，考的都是平时上课讲的，ppt上也有，非常自助了！
79148,610,韩菁,2018-12-26 13:46:11,10,13,3,还没考试前公正的就平时讲课说一句 讲的真的真的不怎么样 而且似乎极其享受和学生斗智斗勇套路与反套路的过程 给分还有画重点还没体验过暂且不论 就课业水平来说还有很大的提高空间\n\n
82651,610,韩菁,2018-07-09 02:19:37,11,11,0,计量本身就难 所以听起来枯燥也不怪老师。平时有两三次作业 点一两次名。期末考试会划重点，很多都考到了。监考的时候查的比较严，有抓到作弊的，这是对每个同学的公平，很负责任。
85041,610,韩菁,2018-07-15 05:47:17,1,1,0,平时作业好好做，最后重点理解和背完就可以了，上课听不懂是正常的，自学吧
85044,610,韩菁,2018-07-15 05:51:00,4,8,4,给分真的那么好吗？感觉自己做的很顺心，结果3.0！！！\n\n刷新我专业课历史最低！！！
85056,610,韩菁,2018-07-15 07:10:49,2,3,1,考前划重点要认真听
85096,610,韩菁,2018-07-15 09:45:48,2,2,0,谢老师不挂之恩，我一直以为自己要挂的，结果有3.6
85203,610,韩菁,2018-07-16 04:43:15,-11,4,15,给分很好啊，平时上课一直没怎么听，书都是考前买的，认真学了一周左右，把课件和课后习题看了三遍吧，然后4.5，那道序列相关的估参没做完这分数也算是情理之中了。发邮件必回而且态度很好，反正这是第一个你问她这个要不要考她会明确说的老师。说给分低的你确定自己写的都是对的么...计量又不是那些随便写写意思对了就给分的社科课
85550,610,韩菁,2018-07-19 08:07:10,2,2,0,不挂人的老师，好老师！
94674,610,韩菁,2019-01-23 07:03:01,-23,5,28,本来还以为能有4.8，可能是什么地方不小心算错了吧，计量比想象的水，不是很硬核的课。
94694,610,韩菁,2019-01-18 01:10:03,3,6,3,好像每年都能抓到作弊的\n\n感觉老师人很nice啊
98105,610,韩菁,2019-01-23 05:24:13,-2,4,6,这个老师怕不是天使转世吧
98114,610,韩菁,2019-01-23 05:36:25,2,3,1,老师讲课不怎么样，给分还行，速成居然上三了
98173,610,韩菁,2019-01-23 06:53:25,-14,0,14,韩老师真的是天使!!!我爱她了!!!呜呜呜!!我以为自己只有3.6，结果最后4.2!!!!她是我女神!!!!老师人真好!!
98190,610,韩菁,2019-01-23 07:14:43,-7,3,10,考前两周从0起步，看了两遍ppt，最后3.9，非常知足了！韩奶奶给分好善良！
101813,610,韩菁,2019-01-29 07:09:52,1,2,1,给分真的有那么好吗？
103164,610,韩菁,2019-02-26 09:38:42,4,5,1,老师讲课的节奏很奇怪，全靠看课件......
103832,610,韩菁,2019-03-06 07:14:04,2,2,0,还没考试，但老师讲课真的一般般，感觉就是在念PPT，容易犯困，需要自学。
104159,610,韩菁,2019-03-13 07:22:36,1,3,2,讲课真的只是一般般？自己都快把自己讲睡着了吧。
109247,610,韩菁,2019-06-12 09:01:14,3,3,0,请问一下，今年老师划重点是不是把一本书都划了，我有点方，背不完了
114301,610,韩菁,2019-07-09 17:30:17,0,0,0,老师给分不错，不过又卡绩了，两天速成的我已经很满意了
114719,610,韩菁,2019-07-11 06:11:40,4,4,0,韩老师上课中规中矩，但是ppt做得相当好，几乎可以自学。关于计量经济学这门课，我只能说看起来内容不多，实际上考得很广，而且韩老师作业布置得少，但要求掌握的题挺多，想要几天速成还是有点困难的
125956,610,韩菁,2020-09-16 03:55:36,0,0,0,ppt很详细的老师，其实计量看书也就够了。
131207,610,韩菁,2021-01-26 13:46:06,0,0,0,讲的非常清晰。学中计弄不明白的时候还得靠韩奶奶的ppt
138825,610,韩菁,2021-07-11 05:30:49,6,6,0,呜呜呜呜呜呜呜呜感谢老师捞我，考试的时候发现自己的答案基本全都写错了，模型也用错了，写得倒也是慷慨激昂就上去没什么写对的，最后60/1.5，感谢老师！！！
139555,610,韩菁,2021-07-17 07:56:15,2,2,0,给分高 事情少 不点名
140494,610,韩菁,2021-09-13 05:23:31,0,0,0,点名还是会点的，和蔼的老师，不习惯用电子设备，全部都是纸质作业，捞人狠，但课程也确实不简单
147161,610,韩菁,2022-01-09 02:47:43,0,0,0,老师超好，讲课也认真听的话条理很清晰的，很好懂，学到后面时间序列一开始觉得很难接受，后来再听回放就顿悟了。老师很可爱的！！
152079,610,韩菁,2022-03-25 03:17:58,3,4,1,上课念PPT，绩杀…… 我跪下来球球经济学院的计量经济学能跟上因果推断的潮流，不要在数理上无谓纠结……
155439,610,韩菁,2022-06-12 16:36:11,13,14,1,韩老师的课感觉比较传统：传统老旧的eviews软件，传统的授课模式：念ppt，讲题目，没有和现实结合，传统的点名方式：念点名册答到。但是ppt做得很好，很详细。同时老师对于解答问题也很热心。最后一节课答疑课，即便就两三个同学在，老师也一直讲台小凳子上坐到了最后，没有早退。
155609,610,韩菁,2022-06-14 15:34:09,8,8,0,提前来许个愿，韩奶奶捞捞我呜呜呜
155614,610,韩菁,2022-06-14 15:45:32,5,6,1,来祈祷韩奶奶捞捞我，考前速成的，很多上了考场就忘了，唉
155620,610,韩菁,2022-06-14 16:21:54,1,1,0,许愿晚了一天，希望来得及
155691,610,韩菁,2022-06-23 05:14:45,2,3,1,出分好慢
157375,610,韩菁,2022-06-23 05:30:24,5,8,3,绩杀…
157381,610,韩菁,2022-06-23 05:39:19,-24,4,28,呜呜呜谢谢韩姥姥，给分太好了，一节课没听过，考前二倍速听隔壁kwj老师的课，最后韩姥姥给了90，谢谢韩姥姥！
157382,610,韩菁,2022-06-23 05:39:20,-21,2,23,呜呜呜谢谢韩姥姥，给分太好了，一节课没听过，考前二倍速听隔壁kwj老师的课，最后韩姥姥给了90，谢谢韩姥姥！
157394,610,韩菁,2022-06-23 06:17:58,4,4,0,呕呕呕
157408,610,韩菁,2022-06-23 08:18:26,19,20,1,考完出分比预期低好多，本来想找助教和老师问一下，结果课程群直接被解散了……
157511,610,韩菁,2022-06-23 13:39:21,-4,4,8,先说印象最深的\n\n韩奶奶是经院为数不多（甚至是唯一的）不请助教的老师，批作业、改卷子、答疑全都亲力亲为，这种老师在当下的教育环境下真的很难得\n\n然后点名是真的一个一个点的，又负责又搞笑\n\n然后就是ppt确实很仔细很详尽，逻辑清晰、推导仔细，适合期末补天\n\n上课确实是听起来有点困，感觉在用教幼儿园小朋友的语气讲一些大学生都很难听懂的东西\n\n但是真的很能捞！！！作业内容也不多，给分很宽松\n\n总之作为计量的打底，还是很推荐韩奶奶的课的！！！
158506,610,韩菁,2022-06-30 01:16:56,2,4,2,好惨烈
164446,610,韩菁,2022-12-21 04:15:31,2,2,0,考试前来评价一波，老师的课件做的特别详细，复习的时候特别有用，平时讲课我个人觉得也挺清晰的。这个学期点了几次名，但次数不多。作业老师每一份都认真批，特别负责任。最近复习的时候经常有问题，问老师老师也会及时回复。不管给分怎么样，先给个好评。
165568,610,韩菁,2023-01-08 12:13:06,2,3,1,韩奶奶给分真的好，虽然上课很催眠，但课件很好，老师也很温柔可爱，复习了几天还是有用的！
177473,610,韩菁,2023-07-03 11:03:50,4,5,1,三次作业三次点名，给分感觉挺求是的。
179273,610,韩菁,2023-09-06 07:54:08,-2,1,3,韩奶奶给分超好的哒！
179666,610,韩菁,2023-09-19 06:48:33,0,2,2,上课催眠，几乎都是讲ppt，不过课件不错
189275,610,韩菁,2024-01-22 18:05:30,1,3,2,计量这种课念PPT怎么了，菜就多练，要不然直接选数院回归分析吧。要不然计量怎么教好呢，计量是严谨美丽的，又不是其他课侃大山
197336,610,韩菁,2024-07-11 05:46:28,0,0,0,从给分来看期末改卷尺度应该是不严不松，不会放水也不会很严格，但是平时作业只有三次，压力相比孔伟杰班会小很多，而且扣分也很少
207526,610,韩菁,2024-12-22 17:38:52,5,5,0,老师马上要退休了
214225,610,韩菁,2025-01-29 15:30:03,3,3,0,退休快乐！
214798,610,韩菁,2025-02-18 03:17:37,0,0,0,老师退休了还是想给好评！上课虽然略无聊但是老师讲得很认真而且作业批改也很细致，考试都没做完最后有4.5很满意！
2061,614,柴效武,2015-03-31 06:18:38,2,6,4,昏昏欲睡
5495,614,柴效武,2015-07-08 03:04:40,8,27,19,浙大第一水课无误，可以不去上课，最后一次课交个论文就行，老师喜欢排版好看的论文。第一个满绩的课
9565,614,柴效武,2015-11-01 13:38:59,23,37,14,第一大水课，工科修分必备
10507,614,柴效武,2015-11-19 10:04:35,-2,2,4,确实第一大水课
10923,614,柴效武,2015-11-23 10:09:41,0,1,1,，，，，，，，
15214,614,柴效武,2016-06-21 13:24:30,11,19,8,老师上课很有意思，讲的观点都很清晰，说的很多的就是以房养老了，感觉多了很多新的思考。
15215,614,柴效武,2016-01-12 16:21:53,7,7,0,挺好的老师.
15216,614,柴效武,2016-01-12 16:23:33,6,6,0,和蔼可亲特别棒！
16622,614,柴效武,2016-01-18 14:23:39,0,2,2,人好课水给分高
21596,614,柴效武,2016-02-29 10:03:15,6,6,0,其实不需要买教材
21636,614,柴效武,2016-02-29 11:16:52,1,1,0,很普通 但是很水\n\n
23971,614,柴效武,2016-04-23 09:56:11,3,5,2,个人理财规划大水课给分好不点名
24020,614,柴效武,2016-04-25 13:29:26,-2,1,3,很水，很多知识点很棒
24025,614,柴效武,2016-04-25 14:08:47,0,0,0,是挺水的而且出分快 看论文分
24041,614,柴效武,2016-04-26 03:01:11,11,16,5,一学期就上了两次课，论文好好写给分挺好的。就是最后一节课看到老师讲基本没人在听有点心疼这老师，偶尔听两句觉得讲的蛮好的。。。
24080,614,柴效武,2016-04-26 14:37:29,0,5,5,绝对不要去听课！完全没用！只要论文排版好就行！
24575,614,柴效武,2016-05-02 03:03:20,3,4,1,论文很重要\n\n
24945,614,柴效武,2017-09-19 12:13:08,16,16,0,以房养老的开创者，垄断者，；但是最后布置的论文就决定一切还是有些随意了。
36298,614,柴效武,2016-11-11 14:49:01,5,5,0,只看论文
36308,614,柴效武,2016-11-11 15:12:39,11,11,0,水是水，给分太草率了，体现在出分快，评分依据单薄
36352,614,柴效武,2016-11-12 07:01:09,14,14,0,出分块感觉草率认真写了论文结果很低
36357,614,柴效武,2016-11-12 07:37:59,3,4,1,我去，拉分啊
36436,614,柴效武,2016-11-13 12:44:15,4,6,2,老师人很好，很喜欢这个老师，和蔼可亲。从来不点名，最后交一篇论文就可以了。虽然课不是这方面专业的人听起来很无聊，但是听一听还是挺有意思的。
36775,614,柴效武,2016-11-16 03:19:06,9,9,0,大水课，论文决定一切
37382,614,柴效武,2016-11-18 15:13:03,5,6,1,上课比较水，最后一篇论文定胜负
46877,614,柴效武,2017-01-22 15:14:53,5,8,3,可能是对这些知识也不怎么感兴趣吧就觉得老师上课有点无聊，关键是对他讲话时的习惯和每隔一两句的清嗓表示很尴尬，强迫症表示遭不住
48234,614,柴效武,2017-03-01 11:02:47,9,9,0,这个…这个…这个……咳咳咳……这个…这个…这个……
49688,614,柴效武,2017-04-24 05:43:10,-2,1,3,还行吧
49691,614,柴效武,2017-04-24 08:09:02,4,9,5,强烈建议大家不要选！！！给分只看最后论文，超级坑！！！我每次课都去了，然而又不点名，最后论文认真写了，还是文科生，最后拿了3.9，不想说话了已经。
49692,614,柴效武,2017-04-24 08:27:45,2,4,2,不点名是真的，论文好好写给分不会差
49695,614,柴效武,2017-04-24 09:52:19,-12,2,14,人生首个满绩献给了这门课！！\n\n很开心
49698,614,柴效武,2017-04-24 10:33:11,7,8,1,小心论文恶性竞争，没有把握把论文写好的，别选
49707,614,柴效武,2017-04-24 13:20:57,0,3,3,教的内容很契合我国国情，以房养老的观点很受用。给分好。
49709,614,柴效武,2017-04-24 13:53:22,9,9,0,老师讲东西还是很好，内容也丰富。但期末一篇论文定成绩的也考核太水了吧。
49713,614,柴效武,2017-04-24 14:21:51,0,2,2,确实一学期只是一篇论文的事……看了前辈的经验注意了一下排版，字数也不算是很恶竞，最后成绩不差也不好……不过毕竟是已经退化了的工科生，论文也确实有很多生凑的地方……确实是水学分大课，不过老师也很不错，有点有趣，见多识广，对于很多事情的理解也比较全面，不偏颇，有兴趣也可以选修来看看～
49723,614,柴效武,2017-04-25 00:19:48,0,2,2,听不听课都一样，论文吗，我写的很认真，给分凑合。性价比还是很高的。
49758,614,柴效武,2017-05-09 14:16:19,3,4,1,不知道所谓的排版好是什么意思，反正3天赶出论文的我3.6。课讲得一般。
49768,614,柴效武,2017-04-25 15:21:25,4,4,0,挺水的\n\n
49797,614,柴效武,2017-04-26 06:25:00,1,3,2,真的很水，老师上课有点带口音，浙江人有时候听着有点费劲，出分快，论文认真点写给分还是挺好的，老师有些观点还是有点意思的
49826,614,柴效武,2017-04-26 09:07:37,0,3,3,很水很水 但是给分好啊
50778,614,柴效武,2017-05-05 08:42:23,3,4,1,很水，给分高，想学东西的不要来，想轻松拿高绩点的可以选
59846,614,柴效武,2017-09-27 12:32:58,5,5,0,“这个”老师一节课有一万个“这个这个这个这个这个”
60371,614,柴效武,2017-10-18 07:31:57,-1,0,1,好好好
61357,614,柴效武,2017-11-15 07:18:12,-1,0,1,老师讲得很好，给分也不错，但是大家都拿来当自习课，有点心疼了
61362,614,柴效武,2017-11-15 08:15:35,3,4,1,老师的课比较水，期末只看一篇论文，未免有一点恶竞的感觉。不过总体来说还是不错的，后面选的小伙伴记得写论文的时候排版好一点，保证你不恶竞分数还是过得去的……
61392,614,柴效武,2017-11-16 06:15:41,2,2,0,非常水
61400,614,柴效武,2017-11-16 10:19:16,0,1,1,课很水，分很低，想绩点好看别选，想水学分可以选
61466,614,柴效武,2017-11-17 12:44:40,-2,0,2,给分厚道 老师讲话挺有意思的
61579,614,柴效武,2017-11-19 01:08:20,-2,0,2,上课很水 不点名 期末规划认真写 自己是可以有一点收获的 排版清楚一点 不要去网上复制粘贴自己认真写 给分就会不错哒
61583,614,柴效武,2017-11-19 01:45:04,2,3,1,讲课准备的挺不错，但慎选，论文评分有坑
61663,614,柴效武,2017-11-20 03:11:39,2,3,1,真的受伤害了，感觉努力白费\n\n
61697,614,柴效武,2017-11-20 07:17:13,-2,0,2,可以写作业～几乎不听课：最后论文弄个封面写的正规一点分数就不低
61788,614,柴效武,2017-11-21 02:25:17,4,4,0,心态崩 大一选的水课最后给了0分 呵呵呵呵呵
61830,614,柴效武,2017-11-21 07:10:10,3,3,0,恶竞严重，大家还是都写论文吧，那个规划书真是呵呵了，不知道写成什么样才能让您老满意，还是说写一本十万字自传来yy一下自己的未来呢
62977,614,柴效武,2017-11-27 15:05:19,0,0,0,无聊…\n\n反正就水课\n\n论文格式没弄好，凉凉
63356,614,柴效武,2017-12-01 10:18:44,0,0,0,论文好好写认真写 分数就能高
63569,614,柴效武,2017-12-07 03:58:52,1,1,0,没有认真听也是对不起老师了最后论文或者个人规划好好写写多一点吧像我刚好写到要求字数4.2。。如果多一点排版好一点就更好了
65067,614,柴效武,2017-12-28 12:51:30,1,1,0,莫名心疼老师
66694,614,柴效武,2018-01-18 09:53:46,1,1,0,呵呵呵 通识课0绩
27369,624,余燕春,2016-06-25 09:06:43,0,0,0,老师每节课都耐心细致地帮助我们解决操作问题解答疑惑 很好
5625,908,孔伟杰,2015-07-08 17:01:55,6,19,13,上课还不错，给分比较紧
29549,908,孔伟杰,2017-12-21 02:30:44,9,11,2,讲的很不错，上课要认真听，自学太苦逼\n\n
29646,908,孔伟杰,2016-06-30 06:13:27,-10,7,17,大大大大绩杀……
29655,908,孔伟杰,2016-06-30 06:45:21,2,6,4,课上的挺好的，回答学生问题也很耐心，就是一定要认真听啊不然自学真的苦逼。给分客观。
29675,908,孔伟杰,2016-06-30 07:20:07,26,30,4,给分比较公正，一分耕耘 一分收获吧，讲的不错。
29724,908,孔伟杰,2016-06-30 08:45:08,1,3,2,讲课挺好的呀，人也挺和蔼的，对学生热情，回答问题耐心。给分只是不松而已，客观公正。没大家说的那么杀。
29727,908,孔伟杰,2016-06-30 08:48:35,18,23,5,孔老师人很好，不断地去强调一些过程，虽然考试基本不考过程?回答问题耐心到爆，给分还可以，自己一定要努力…
29784,908,孔伟杰,2016-06-30 10:09:23,1,2,1,至少…我很喜欢，是很认真很严谨的老师，给分不好不坏，很客观
30360,908,孔伟杰,2017-06-01 11:35:34,0,5,5,虽然我最后一个月才开始听课且那个时候发现一点也听不懂了，但是老师答疑时态度超级好！最后一个月从零开始自学➕老师答疑，最后上了80，还是很开心。不得不说，答疑很重要，老师态度超级好。
32247,908,孔伟杰,2016-07-06 04:50:40,-2,0,2,不错 就是想睡觉
32250,908,孔伟杰,2016-07-06 04:51:37,1,3,2,还行吧～
39258,908,孔伟杰,2016-12-22 00:46:25,4,6,2,男神！！???
43588,908,孔伟杰,2017-01-16 14:53:28,1,2,1,上课思路清晰，老师人很好很耐心\n\n
47346,908,孔伟杰,2017-01-25 10:47:09,0,1,1,给分还行吧，我时间序列那块没怎么看啊，怎么都考那里，老师上课很认真，也讲的很好，下次加油吧。
48589,908,孔伟杰,2017-03-08 03:47:12,0,2,2,上浙大遇到的最负责的老师之一，讲课思路清晰，对学生有问必答，很关心我们的学习，上学期最努力的一门课之一，但这门课很难，给分比较低，但是仍然喜欢这个老师~
57083,908,孔伟杰,2017-07-05 13:03:57,0,1,1,教的特别认真特别好
57085,908,孔伟杰,2018-09-17 08:25:47,-71,7,78,老师很棒 不过就不能多给一分吗 每次都差一分满? 强迫症表示很难受\n\n
57094,908,孔伟杰,2017-07-05 13:57:05,0,2,2,这学期的课中最靠谱的老师！最后考得不好都感觉很对不起老师 因为上课真的很认真 也很耐心负责 计量是本学期收获最大的一门
57098,908,孔伟杰,2017-07-05 14:05:27,0,2,2,时间序列飘过……竟然上了90，感谢老师，真的很棒。
57118,908,孔伟杰,2017-07-05 14:43:48,0,2,2,协整和误差修正整段垮掉，本来以为计量药丸…结果分数超出预期…感谢老师，老师讲课也hin棒的
57127,908,孔伟杰,2017-07-05 15:00:17,0,2,2,讲得好，给分客观，第四五章一定要认真听啊（敲黑板
57133,908,孔伟杰,2017-07-05 15:32:27,3,4,1,孔老师真的讲的很细致，不过我就算认真听了也有点跟不上，课后还得花很多精力，加上老师课后答疑，基本就差不多了。还有计量虽然没有历年卷，但是真的！时间序列30分不是说着玩的
57140,908,孔伟杰,2017-07-05 15:57:59,4,7,3,哇你们这些比我高的让我好难过…学的还算挺认真的只有86大概是因为对时间序列不够重视吧…老师讲的是非常好也很有耐心嘻嘻
57627,908,孔伟杰,2017-07-11 00:11:01,1,2,1,老师的课认真听收获很大，给分公正
59199,908,孔伟杰,2017-09-20 07:18:39,0,1,1,老师讲的很好，真的是良心老师。一直向老师提问，老师也很有耐心。
67221,908,孔伟杰,2018-01-20 13:11:11,5,6,1,老师很好，考试很难，最后一章很重要
69783,908,孔伟杰,2018-01-25 11:28:01,3,4,1,老师真的很棒 给后人一个建议 注重时间序列 然而我根本没怎么看 崩坏 桑心
69945,908,孔伟杰,2018-01-25 22:38:08,0,1,1,老师讲的很细致，每堂课都会复习一下之前学的知识，很有耐心。但是分数好像没有考很高。
79574,908,孔伟杰,2018-06-10 07:56:45,0,5,5,老师讲课比较慢，可能因为这门课比较简单，自己听着会走神。但老师本人还是超级好的。又帅，对学生问题又很耐心。大爱。
82928,908,孔伟杰,2018-07-13 14:42:09,6,7,1,老师人真的超级好，平时很耐心地给同学答疑，很为学生着想，上午三四五课下课之后，有几次老师回答完同学问题都下午一点了，很是感动…课余老师回邮件很及时，而且内容也很用心，他真的很关心大家。虽然计量这门课跟之前接触的微经、宏经在思考方式和处理方法上有较大差异，对于初学者来说不大好理解，但是孔老师上课上的超级有激情！！！讲东西非常透彻和生动，陪伴了我们一个学期，是一段很美好的回忆！！老师还要求同学自己做一个软件的大作业（虽然我是真的做得不咋地，建模这些太欠缺了啊…），而且他很看重我们的过程，并不那么在意实验结果。最后考试题量貌似有点大…来不及完全做完（计算有点烦…）但老师其实给分也还可以的，孔老师比较务实，就是前面同学说的一分耕耘 一分收获。但你要记住，你的努力，老师都知道！
84592,908,孔伟杰,2018-07-13 09:05:59,-5,4,9,上课超棒 人也很好 给分很烂
84821,908,孔伟杰,2018-07-14 02:41:56,6,7,1,老师讲课很棒的了，考试大家都觉得自己考的很好但是分数都没有很高，但不影响给老师10分，因为上他的课真的很享受了
85109,908,孔伟杰,2018-07-15 11:44:30,0,1,1,孔老师上课很细致 感觉是我上过经院的课里面最棒的老师啦 期末复习了比较久 也算是一分耕耘一分收获(总之超开心!) 顺便告诫一下学弟学妹平时要好好听课 认真写作业
85838,908,孔伟杰,2018-08-21 08:25:40,0,1,1,课好，人也好！
85840,908,孔伟杰,2018-08-21 10:15:08,0,1,1,特别好
94446,908,孔伟杰,2019-01-16 13:13:56,0,1,1,老师很棒，人很好，给他发邮件问问题回的很及时，平时也会提前到教室答疑。上课感觉很有激情，遇到重点都会给大家提醒，认真听收获很大。
96813,908,孔伟杰,2019-01-21 10:08:16,-1,3,4,老师很负责，讲课很认真。但计量的确有点难，记的东西比较多，如果不提前复习考试周可能会炸。老师给分可能就是很公正吧，个性课拿个3.9也知足了。
96936,908,孔伟杰,2019-01-21 12:54:44,3,4,1,老师讲的很好，重点也突出，but考前还是需要到隔壁班老师听听重点呀！！就差把题目直接告诉你了，最后分数也还行，但感觉应该是没有调分的。
97063,908,孔伟杰,2019-01-21 15:54:12,0,1,1,好老师呀
97632,908,孔伟杰,2019-01-22 12:24:33,0,5,5,好老师好老师好老师，我这个数学渣渣居然上90了，孔老师教的真的好。
99541,908,孔伟杰,2019-01-25 02:29:57,0,1,1,孔老师上课真的很好 也很关心学生 考题比较灵活 需要在复习上认真一点
102439,908,孔伟杰,2019-02-02 04:20:37,0,1,1,给分一般
105233,908,孔伟杰,2019-04-08 03:29:07,2,3,1,孔老师真的好帅啊\n\n——来自隔壁班迷妹
109735,908,孔伟杰,2019-06-19 03:05:24,0,1,1,孔老师真的又耐心又温柔\n\n想嫁
109736,908,孔伟杰,2019-06-19 03:08:01,4,5,1,kwj老师是我男神！！！！！！！！！
110677,908,孔伟杰,2019-06-28 04:11:00,3,3,0,孔老师真的很好 我去答疑的时候笑眯眯的看着我 解答完看我没有反应 不厌其烦的给我讲解 可惜我太菜了\n\n计量还是选孔老师的最好
113149,908,孔伟杰,2019-07-06 00:27:57,0,3,3,感觉也没有评论说得这么好，可能是我太菜了跟不上老师的思想\n\n给分一般
113275,908,孔伟杰,2019-07-06 03:32:45,2,2,0,我就想问计量经济学R不比eviews好用吗
113297,908,孔伟杰,2019-07-06 04:47:47,3,3,0,还行吧，就是期末做了90分的题感觉很稳了，但是还只有86，孔老师不会调分吧，但是讲的可以
114041,908,孔伟杰,2019-07-08 12:47:22,5,5,0,个人并不喜欢孔老师的教学方式，上课遣词造句很繁复，听着很累，不够干练和清晰\n\n但老师绝对是负责的老师，邮件必回，有疑必答，很为学生考虑，还很帅hhh\n\n
114148,908,孔伟杰,2019-07-09 01:23:05,3,3,0,老师很帅很温柔，讲课也很有体系，给分客观，选他！
116270,908,孔伟杰,2019-09-07 03:25:30,6,7,1,我的导师，当然是优秀呀，哈哈
118639,908,孔伟杰,2019-10-30 02:19:50,1,1,0,老师男神！！像阳光一样，永远笑眯眯的。无论多傻的问题都会耐心解答！
120668,908,孔伟杰,2020-01-15 00:31:32,5,5,0,超出预期的低分，是我太菜了对不起孔老师\n\n
125685,908,孔伟杰,2020-09-13 04:33:08,2,2,0,老实人很帅，也挺好的，但我太菜了呜呜呜
133591,908,孔伟杰,2021-03-02 11:53:22,1,1,0,讲课很清晰。好好听绝对没问题，到了中计都可以吃老本。\n\n平时章节作业（找得到答案）+大作业，做一个回归实践，任务相对多吧，但好好做有收获，尤其大作业，做完后对计量的基本步骤就比较清楚了。考试注重基础，好好理解，问题不大，要高分还是要细致一点，考试发挥好，老师给分倒比较求是。。。
138102,908,孔伟杰,2021-07-07 10:22:36,2,2,0,10分！
138106,908,孔伟杰,2021-07-07 10:47:22,-6,2,8,给分还好，就是被卡有点遗憾
146992,908,孔伟杰,2022-01-08 10:24:59,1,1,0,课讲的非常好，老师对书上的知识了如指掌，讲课非常有激情，也会提前到教室回答同学问题，上孔老师的课收获很多，如果想学知识而不是得到好绩点的话，选孔老师绝对没错，但如果重视绩点的话最好算了，给分不太好的样子，感觉和自己的努力不大匹配，平时作业能抄一定要抄！（指对答案）别像我傻傻的自己写导致作业分很难看
150629,908,孔伟杰,2022-02-06 05:56:00,6,10,4,老师确实是好老师，上课很有激情，课件资料更新的很及时，10分无悬念。但客观来讲，遣词造句很繁复，废话和语气词多了听着很累，不够干练和清晰，而且感觉老师有意回避数学原理和复杂公式推导，计量的检验原理讲解的不够深入，偏向于记忆而不是理解
153538,908,孔伟杰,2022-05-04 06:39:44,4,4,0,俺爱你
156270,908,孔伟杰,2022-06-18 15:22:55,3,5,2,老师真的很好，很负责，提前到教室答疑，虽然我上课不认真但还是觉得老师很不错。最后给分超出预期，感谢老师！！！
156273,908,孔伟杰,2022-06-18 15:38:31,4,5,1,9分吧\n\n点名比较多，作业量适中，做了就基本给满分，还有一个大作业\n\n上课挺好，但是给分比较求是吧，不烂，但是不调分
156275,908,孔伟杰,2022-06-18 15:42:33,3,4,1,老师讲课思路很清晰！听完会有一种豁然开朗的感觉，课前会提早到教室答疑，给分也很不错，很认真负责的老师，值得一选！
156276,908,孔伟杰,2022-06-18 15:42:41,2,3,1,要求大家线下听课，点名比较多。不过讲的是真的好，人也超帅！！！给分属实是超出预期了，属于是一个大大的惊喜
156278,908,孔伟杰,2022-06-18 15:52:47,2,2,0,好好好
156283,908,孔伟杰,2022-06-18 16:12:19,2,3,1,老师今年真的好捞，我爱他！！！
156285,908,孔伟杰,2022-06-18 16:36:04,2,3,1,讲课条理很清晰！补天看PPT就可以理清思路，钉钉答疑秒回，好老师！
156293,908,孔伟杰,2022-06-18 18:14:53,4,5,1,老师讲得很好，选课的同学需要考虑老师点名且作业相比隔壁韩老师班会多，以及孔老师有额外的大作业。一直听说老师给分求是，但这学期从结果看，超出预期了，谢谢老师捞捞
156313,908,孔伟杰,2022-06-19 02:52:37,4,5,1,上课非常好，人也很好，最后给分超出预期，10分~
156347,908,孔伟杰,2022-06-19 07:26:13,9,10,1,不说别的，就计量课的授课水平，kwj老师就值得10分，很多书上看不懂的东西只要听他的课就能逐渐明白，感谢老师让我在这个学期学到很多真正有用的知识！
156418,908,孔伟杰,2022-06-19 13:46:40,4,4,0,讲的很清楚！给分也超过预期！谢谢老师！
156420,908,孔伟杰,2022-06-19 14:02:52,4,4,0,每节课都有数字点名，老师真的很认真！感觉很难的计量课程虽然还是很难，但是在老师的授课下可以调理清晰的过一遍了！
156421,908,孔伟杰,2022-06-19 14:05:03,4,4,0,本来真的以为要挂了结果狠狠超出预期！老师还夸是大家学的好，感恩
156464,908,孔伟杰,2022-06-20 01:35:24,4,5,1,很负责，好老师。
156719,908,孔伟杰,2022-06-20 18:04:46,3,3,0,我的男神啊啊啊啊啊啊真的好爱\n\n给分还行诶 不过老师真的上的好好啊 听孔老师的课就是享受 这门课是我这学期学的最认真的课呜呜呜感谢孔老师 真的爱您\n\n给101分
157536,908,孔伟杰,2022-06-23 15:36:52,5,5,0,本来觉得就算老师给分求是但是听老师的课也值了，今年给分还超过预期！十分十分
157679,908,孔伟杰,2022-06-24 09:55:16,11,11,0,老师授课水平高，而且工作态度非常非常认真，是一个敬业的好老师。为数不多觉得不满意的地方，还是来自于计量经济学这门课程的设置。经院大部分培养体系的数学难度过低，因此这门课程无法将很多的数学证明讲清楚，最后就变成文科的记忆背诵默写课了，但是老师还是非常努力的在这样的条件下尽可能地构建严谨的学科体系！爱老师❤️
157979,908,孔伟杰,2022-06-26 02:05:06,9,11,2,辅修上的这门课，前置知识基本上概统加一点点线代就可以了，计量对辅修同学总体来说要在理解的基础上记忆难度还是挺大的。但是孔老师讲课真的很清楚也很有热情了！有种高中老师的感觉，有理论有案例。最后考试的时候虽然觉得很多都没记住，但是分数也还挺满意的！谢谢老师
164742,908,孔伟杰,2022-12-25 00:20:06,5,6,1,老师讲课很好，但是我个人感受有些古板了。
165811,908,孔伟杰,2023-01-10 00:45:40,16,18,2,线上考试+求是=绩杀，出分之后群里静悄悄的
165824,908,孔伟杰,2023-01-10 03:16:05,6,6,0,讲课非常细非常耐心，真的很不错
172094,908,孔伟杰,2023-04-19 08:13:37,8,8,0,嘿嘿……孔老师我的男神……嘿嘿
176057,908,孔伟杰,2023-06-27 13:56:16,9,10,1,很显然！！孔老师很好！
176788,908,孔伟杰,2023-07-03 14:37:11,-4,10,14,大绩杀
176804,908,孔伟杰,2023-06-30 08:22:38,8,9,1,老师上课真的很好 数学菜鸡努力每天去上课跟上了 晚上十点还会给学生解惑 孔老师真的很棒！！被孔老师捞上来了
177017,908,孔伟杰,2023-07-01 05:59:40,6,9,3,老师是好老师，求是也是真求是，呜呜TT
177125,908,孔伟杰,2023-07-01 23:07:24,4,5,1,孔老师上课确实好的没话说，给分感受看个人吧，我觉得是可以的（90）
177205,908,孔伟杰,2023-07-02 07:20:18,15,15,0,孔老师上课好，人帅，答疑真的超温柔！计量是经院最核心的课程之一，无论是stata实操还是计量知识孔老师都给我们打了很好的底子！在此特别感谢孔老师！
177238,908,孔伟杰,2023-07-02 11:07:14,5,6,1,9分打给很有热情的计量课堂吧，孔老师是一个很好的授课老师。只能说一分耕耘一分收获，捞是情分不捞是本分。
177325,908,孔伟杰,2023-07-03 02:26:35,7,8,1,孔老师必须是满分！！！\n\n老师的讲课水平毋庸置疑，经常有很多其他班的同学来蹭课；除此以外课程资料也比较完备，包括课件、stata教程等等，有个stata的大作业虽然做起来比较痛苦（建议尽早开始做起来），但确实完成后会有比较大的收获。能感受到老师教学很用心，对同学也很和蔼，发邮件答疑速度超快，感动！\n\n稍微不足的可能就是给分方面吧，老师比较求是，但好好学上4肯定没问题！
177578,908,孔伟杰,2023-07-03 23:49:08,6,6,0,孔老师好像脸叔啊，每天上课看得流鼻血，谁懂
177825,908,孔伟杰,2023-07-05 03:04:41,4,4,0,讲课讲的是真的好，求是也是真求是。\n\n8分给孔老师充满热情的课堂吧
178254,908,孔伟杰,2023-07-09 01:54:05,6,6,0,计量经济学，每节课数字签到，三次线下念名，作业每周一次，一次大作业（实证分析报告）。老师授课热情洋溢，条理分明，讲的时候还会特别说明哪一块是重点。复习的话，重点是是打破基本假定那一块，搞清楚每一部分的原因、后果、检验方法、修正方法、STATA代码，然后就是做一下98上的历年卷（考的题目都差不多，特别是最后一道分析题）。最后推荐一下经院登攀计划的复习课，真的特别有用
178473,908,孔伟杰,2023-07-12 06:31:42,6,7,1,能学到很多东西的同时绩杀
186588,908,孔伟杰,2024-01-12 03:26:26,2,2,0,上课过于死板了，每节课都数字签到还要口头抽点，老师讲课激情很高，但感觉知识点的讲解过于繁琐，逻辑性不太高，尤其是上完中计回过头来看，毕竟两门课大部分知识点是重合的。最后，给分也很不好。
187136,908,孔伟杰,2024-01-14 16:57:28,1,1,0,讲课可以，求是确实不是情分是本分，但出一张题量设置上很不合理的卷子还要求是这真的是很。。。
190768,908,孔伟杰,2024-03-18 11:45:51,1,1,0,老师特别认真负责，讲得很不错，答疑很有耐心。但孔老师是真点名啊(srds老师一开始就说过必须线下上课、每节课都要签到)！开学第四周，上课前数字签到，第二节课下课间物理点名，真的很吓人
193067,908,孔伟杰,2024-06-03 08:05:27,1,1,0,孔伟杰老师是很负责的，但也是很求是（出过分的都知道）\n\n\n\n更想谈谈经院平行班的初级计量课程问题，放着两本经典教材不用，要选李子奈这种烂书，很不能理解，典型的中文教材给一堆不知所以公式，不注重causation思维的培养，时间序列部分讲得很快也很不细致，只能说课程设置有很大问题。
195905,908,孔伟杰,2024-06-30 17:45:08,1,1,0,出分了大半夜来写下。孔老师的讲课水平真的名不虚传，上课激情洋溢，并且很会传达情绪价值（如“经过这学期的学习后你会对概统有全新的认识”这句话让我印象深刻，现在回过头想老师真的做到了…）我从来没有哪一门数学含量大的专业课学得如此投入和享受，孔老师光是站在讲台上讲题就让人觉得魅力四射…真的帅得我目不转睛…老师的学术功底和学科认知的气质简直太迷人了。。。计量也是一门很重要的课，感谢孔老师的认真、负责和敬业，让我觉得这是一门真正“学到知识”且“框架清晰”的课程，甚至可以说是之前从未有过。至于给分，大家都说求是，我之前也担心过这一点，但事实证明只要原因付出努力好好跟着老师学，求是=不菲的知识和绩点回报。再次感谢老师🥹
197080,908,孔伟杰,2024-07-07 11:21:55,0,0,0,老师讲得很好，很有收获。绩点确实给的很求是，但是认真学绝对能学到东西。师强我菜，给孔老师十分
197235,908,孔伟杰,2024-07-09 15:52:55,0,0,0,上课很好很清晰，老师人也很好，有问必答，但是给分非常非常求是
201265,908,孔伟杰,2024-10-31 02:11:56,1,1,0,缓考发钉钉和邮件问上学期的平时成绩都已读不回是什么毛病
206711,908,孔伟杰,2024-12-17 07:48:00,2,2,0,点名多，老师要求比较严，讲课听感很好，但是感觉确实不好拿分，期末明明都做出来了而且感觉做的挺好答的也全最后还是只到88，只能说喜欢自己看书，想追求更高分数的同学还是优先考虑一下别的老师
221200,908,孔伟杰,2025-06-22 02:40:05,1,1,0,孔老师课讲得是真好，好到知识讲完忘不掉的那种，每节课都会在最后讲解stata的实操案例（保留节目了属于是），为我们以后进行数据统计打下了相当厚实的基础。而且，作为非经济学班的学生，我在每节课课前都会看到孔老师找自己班的学生谈心（这个也是保留节目了属于是），可见孔老师不仅教得好，还特别负责任。至于给分，只要你努力，你就能拿到自己预期的分数，不存在绩杀的情况。孔老师简直就是我的梦中情师！评分只到9.6我不是很认可，我必须打十分把孔老师的评分拉上去！
1134,956,豆江利,2015-03-21 16:16:38,16,21,5,讲课毫无逻辑，给人很乱的感觉，声音有时尖得刺耳。
1444,956,豆江利,2015-03-22 04:12:53,27,30,3,讲话经常重复…
1486,956,豆江利,2015-03-22 07:36:13,23,25,2,上课逻辑性不好，重点不够分明
1651,956,豆江利,2015-03-23 05:40:04,7,10,3,=_=困
1654,956,豆江利,2015-03-23 06:38:46,34,37,3,每两句话一个“就是说”啊啊啊。
3530,956,豆江利,2015-06-17 01:28:57,11,12,1,基本没听过…都靠自学是一种怎样的体验你们懂
4695,956,豆江利,2015-06-26 07:36:44,3,5,2,想认真听都集中不了精力。。还有刺耳的声音……
5361,956,豆江利,2015-07-14 16:21:05,13,17,4,给分很好
5443,956,豆江利,2015-07-07 13:21:52,4,9,5,真的水平不太高……平时没有课后作业，只有在课上半睡不醒的时候来两道题目当点名！
6513,956,豆江利,2015-07-14 15:07:24,2,2,0,解答耐心
6517,956,豆江利,2015-07-14 15:21:29,22,27,5,给分极好，错怪老师了！跪谢！
6518,956,豆江利,2015-07-14 15:30:40,5,7,2,给分不错
6519,956,豆江利,2015-07-14 23:36:43,6,8,2,给分极好，解答细致
6529,956,豆江利,2015-07-14 23:03:45,6,9,3,给分很高 平时讲解也都很耐心 就是趣味性稍微差一点有时候有点困
6547,956,豆江利,2017-06-28 23:57:21,4,7,3,给分不错
7258,956,豆江利,2015-09-12 10:14:46,14,16,2,给分不错，人也很好，只是不太有讲课技巧
7387,956,豆江利,2015-09-14 06:16:02,2,2,0,上课想睡觉
12363,956,豆江利,2015-12-23 05:56:34,4,7,3,给分高
20149,956,豆江利,2016-01-26 09:09:35,-1,2,3,给分真的太好了！
22035,956,豆江利,2016-03-02 06:37:05,3,3,0,呵呵呵\n\n
22642,956,豆江利,2016-03-09 05:37:14,4,4,0,就是说⋯⋯或者是说⋯⋯说说说⋯⋯
22647,956,豆江利,2016-03-09 06:22:36,1,3,2,乱七八糟，毫无逻辑，声音不大
23260,956,豆江利,2016-03-23 05:29:01,1,3,2,比如說，如果說，就是說。
27012,956,豆江利,2016-06-22 07:15:46,12,12,0,教室太热
27843,956,豆江利,2016-06-27 19:53:46,1,1,0,很无聊，关注的点就是她的围巾
28883,956,豆江利,2016-07-06 06:16:31,0,4,4,自学。 97分  老师可以
29032,956,豆江利,2016-07-06 03:23:25,2,2,0,老师挺负责的，讲得也蛮好，只是上课稍微有点无聊
32193,956,豆江利,2016-07-06 02:09:10,3,5,2,讲课细，很多点都会重复讲很多遍，声音有点尖所以有点催睡，但人超好，也是最按书本讲的，逻辑清楚，只有几道计算题要交，给分也超好！
32194,956,豆江利,2016-07-06 02:16:08,1,4,3,什么叫讲课技巧？你能把重点记下来叫技巧，不是那些天花乱坠头头是道听着很爽很开心但知识学不到的技巧，微经作为基础就应该讲得细一点儿慢一点儿，是个负责的老师！
32198,956,豆江利,2016-07-06 02:33:54,4,4,0,给分好是真的，虽然我自学了一学期。但是跟教室热而且是678的课也有关系吧，一听课就犯困。老师回答问题还挺细心的。
32209,956,豆江利,2016-07-06 03:09:20,-5,2,7,从没上过课上课就在后面打LOL的我接近满绩 自己看着办吧 给分极好
32220,956,豆江利,2016-07-06 03:32:45,4,6,2,老师上课比较平淡，但是大热天的没空调还在坚持，很认真。给分也比较好。
32232,956,豆江利,2016-07-24 19:15:53,0,2,2,上课无聊，给分超级好
32243,956,豆江利,2016-07-06 04:41:36,2,4,2,给分极好 微经自学即可
32281,956,豆江利,2016-07-06 05:37:16,4,5,1,适合自学，给分超棒。
32368,956,豆江利,2016-07-06 09:20:57,3,4,1,上课用心去听老师的课的话，还是能够理解很多东西的，解答也很用心，主要是给分真心好！！！
32439,956,豆江利,2016-07-07 00:02:24,2,2,0,上课没有认真做作业，但是老师还是救我一命！！！
32475,956,豆江利,2016-07-07 04:55:38,2,4,2,跟评论说的一样，讲课一般般，但是给分真的好。
32769,956,豆江利,2016-07-12 16:35:18,1,1,0,人还是不错的，给分也好，就是话说的太快，没有重点，大部分靠自学
32886,956,豆江利,2016-07-22 07:44:05,0,1,1,给分很好，回答问题很耐心细致。上课内容太繁杂重复太多。
39548,956,豆江利,2016-12-24 08:15:28,-1,0,1,上课无聊，给分不错
45097,956,豆江利,2017-01-19 03:30:16,0,2,2,谁说产组给分好的?
45127,956,豆江利,2017-01-19 04:12:08,0,1,1,老师上课很无聊但是给分好，人也很不错
48286,956,豆江利,2017-07-06 11:59:12,10,11,1,给分很一般(⊙o⊙)…，而且讲课超级无聊
48298,956,豆江利,2017-03-02 03:13:54,4,4,0,思想好浅薄
48898,956,豆江利,2017-03-16 02:31:58,3,3,0,一句话可以不断的重复5次以上，5次以上啊~~，想哭
49008,956,豆江利,2017-03-21 08:48:46,0,1,1,很好。
55182,956,豆江利,2017-07-01 02:59:43,4,4,0,给我打高分吧！！
57119,956,豆江利,2017-07-05 14:46:13,3,4,1,给分并不好。讲课无聊
57121,956,豆江利,2017-07-05 14:48:49,5,5,0,给分真的好吗？……前面讲课太拖沓以至于后面赶进度讲得特别快……全凭自学……不推荐上
57125,956,豆江利,2017-09-25 03:26:33,2,2,0,这学期学了宏经来答，老师的微经讲的真的不如宏经
57129,956,豆江利,2017-07-05 15:06:40,-4,3,7,打了一学期王者荣耀，期末刷了一遍书给了4.5，你们自己看着办吧
57179,956,豆江利,2017-07-06 02:06:12,-5,0,5,平时讲课确实有点无聊，不过仔细听还是有很多收获的，给分非常不错，期末好好复习一定能拿到很不错的分数。
57200,956,豆江利,2017-07-06 04:26:44,3,3,0,给分好吗？？差点下三了！觉得自己做得没这么差啊！
57214,956,豆江利,2017-07-06 04:51:24,4,5,1,给分好吗？？？？我做的有那么差吗？？？
57294,956,豆江利,2017-07-06 12:12:59,2,3,1,极差，我书看了好几遍，题我每道都认真写了，我觉得我做的也没那么差吧，结果2.7，原来说给分好的可能是老师变了吧，现在就变成讲课和给分都极差，讲课是真的极差
58086,956,豆江利,2017-07-29 02:52:20,0,0,0,老师讲的很好 不过重复性比较高
63241,956,豆江利,2017-11-29 11:40:58,0,0,0,讲课无逻辑，重复简单概念，一遍一遍一遍一遍一遍重复，今年给分也不好。
64936,956,豆江利,2017-12-28 04:01:33,0,0,0,给分相当好啊，微经没听过一次考期末突击拿了4.5，而且平时没作业没展示没论文，相当轻松了
98089,956,豆江利,2019-01-23 05:11:08,0,0,0,这产组卷子靠猜就算了，“计算器用不到”然后出了个巨大分数 一直在怀疑自己做错了。8⃣️说了，重修算了，整张卷子做完都不敢想 生怕自己算错一个数字直接全错了，这卷子出的水平高，考完不敢说自己哪道题能做对。
6772,957,俞剑平,2015-07-23 01:37:42,3,4,1,好课。 听听哲理轻松4.5
85601,957,俞剑平,2018-07-20 13:38:46,0,0,0,听起来不错
2447,976,应悦,2015-05-03 02:26:08,8,12,4,老师人很nice\n\n
7539,976,应悦,2015-09-15 03:00:08,7,13,6,老师很漂亮
12271,976,应悦,2015-12-22 16:32:16,13,18,5,女神，必须满分\n\n
25057,976,应悦,2016-07-02 09:15:51,8,9,1,她不爱我了...
34003,976,应悦,2016-09-25 08:21:50,8,12,4,Anyway， 女神很ok.
34351,976,应悦,2016-10-06 03:46:00,15,19,4,长得很漂亮，但是教的就.......只会念ppt
38614,976,应悦,2016-12-12 11:23:13,5,6,1,大半英文教学，每半句话后面还要带个oKay~
39523,976,应悦,2017-01-25 13:29:14,-3,11,14,给分真的差，发了邮件说就这样，没心思教书的一个老师。
40647,976,应悦,2017-01-04 13:11:37,5,5,0,老师很美很温柔 讲英文ppt的时候感觉讲得挺不错的（不过考试一般较少涉及）中文ppt基本就是照着书念吧 考试肯定是自己看书的… 不过跟着老师还是能扩展挺多的 主要是美hhhhhh
43233,976,应悦,2017-01-16 04:24:17,8,11,3,老师已经辞职了，上了一个学期的金融学，感觉老师确实很美，上课有点慵懒，从不点名，期末前最后一节课的画重点和复习很实用，上课讲的跟考试没啥关系但也生动有趣，会给我们看纯英文的动画，加深我们的理解。个人还是很喜欢老师的风格的
47249,976,应悦,2017-01-25 02:06:05,12,12,0,我只想问下，金融学成绩是还没出吗？\n\n
47370,976,应悦,2017-01-25 13:08:39,7,7,0,再见了，女神...
47371,976,应悦,2017-01-25 13:17:27,9,9,0,老师辞职了 感觉是一个很有个性的人 最后给分还可以吧 课堂上的还行吧 没有作业 可惜以后学弟学妹见不到女神了 重点 美美美
47372,976,应悦,2018-09-26 04:14:48,8,8,0,虽然没有怎么听老师的课，但是老师的人真的不错，说不点名就从来不点名，老师现在已经辞职了，我们应该是她教的最后一届，有些后悔没有好好珍惜
47373,976,应悦,2017-01-25 14:13:00,7,10,3,不能更好了 希望老师新工作里能够一帆风顺 给分真的好！
47393,976,应悦,2017-01-26 01:49:22,-4,2,6,上课和考试完全无关，给分依然差的。。
47558,976,应悦,2017-01-31 02:47:33,-7,1,8,水，给分差
47899,976,应悦,2017-02-27 07:49:58,2,2,0,感觉上课比较无聊，但是给分不错哦
104663,976,应悦,2019-03-26 02:04:55,0,0,0,美丽可爱
6560,1003,王雁茜,2015-07-15 08:02:51,-12,7,19,讲课不错 人好
10072,1003,王雁茜,2015-11-15 11:02:02,-12,6,18,人好~
21918,1003,王雁茜,2016-03-01 15:45:24,-14,4,18,还可以\n\n
22431,1003,王雁茜,2018-01-18 12:51:27,-14,5,19,好好好\n\n
31662,1003,王雁茜,2016-07-04 11:13:08,34,38,4,考试坑，给分烂
31665,1003,王雁茜,2016-07-04 11:21:43,-21,10,31,老师人特别好，虽然点名什么的不严格，但是对于知识点理解和论文要求还是很高的。老师涉猎面很广，文献阅读丰富，这点特别佩服。最后给分也超好，关心学生，推荐！
31740,1003,王雁茜,2016-07-04 16:11:14,23,25,2,毫无收获
31780,1003,王雁茜,2016-07-05 02:03:55,23,26,3,上课无聊给分差，毫无收获
32363,1003,王雁茜,2016-07-06 09:07:42,21,23,2,无聊，考试巨坑，给分差到不行，选来当个性课后悔无比。
34189,1003,王雁茜,2016-09-28 05:21:59,2,5,3,上课无聊，翻来覆去几句话，强求你们课前可以问问题，然而能问什么呢  
37108,1003,王雁茜,2016-11-17 12:19:50,-15,6,21,真的好老师啊，人很好，讲课也还不错，对低年级的学生也很友善，给分很好，对论文要求虽然高但是会让你有修改的机会，最后都会尽可能给高分的，点赞！
41153,1003,王雁茜,2017-01-09 13:57:22,9,10,1,上过国金，我就不会选她比较金融制度了
46920,1003,王雁茜,2017-01-23 02:12:17,-9,3,12,听说是绩杀，一直很害怕?论文也写的很紧张，反反复复改了很多遍；最后考试复习时间讲真有点紧，不过成绩我还算满意了?给分真的还蛮求是的
46921,1003,王雁茜,2017-01-23 02:13:32,8,8,0,无聊，辣鸡
48103,1003,王雁茜,2017-02-28 12:48:51,3,4,1,讲的一般，就是分低到我服
49036,1003,王雁茜,2017-03-22 06:23:52,9,10,1,一个人不停的得吧得不下课，不知道课间同学需要休息和上厕所么？
53380,1003,王雁茜,2017-06-26 13:01:56,18,19,1,刚考完还没出分，来告诉一下学弟学妹们，考试巨坑，ppt和书都要背，考点充满了难为人的目的性
53961,1003,王雁茜,2017-06-28 06:20:50,1,4,3,其实老师真的很用心在上课啊qvq
57011,1003,王雁茜,2017-07-05 07:17:30,15,15,0,你忙吧我吃柠檬。讲的认真但是还是差。要求严格给分很差，绩杀无误，希望自己还以后再也不要见到她。
57012,1003,王雁茜,2017-07-05 07:21:57,-7,1,8,又是85。。。。。。老师们就不能多给1分吗
57017,1003,王雁茜,2018-10-15 11:12:08,11,12,1,下学期第一件事就是退她的比较金融制度…
57096,1003,王雁茜,2017-07-05 14:00:10,3,4,1,真的不懂为什么卷子完全避开重点 也不懂这份卷子考察的目的 评分只针对卷子不针对人……老师还是认真负责的 虽然上课略枯燥
57307,1003,王雁茜,2017-07-06 13:58:58,5,6,1,卷子出得很偏，计算题题目出错了，给分极差，其他老师会调分，建议选俞的国金，4.2起打
62514,1003,王雁茜,2017-11-25 14:46:42,-5,2,7,比较金融制度给分好好好好好
70126,1003,王雁茜,2018-01-26 06:51:24,12,12,0,上课一般吧反正国金本来就挺枯燥，可是这个给分真是醉了…平时有论文考前没重点…sigh
70158,1003,王雁茜,2018-01-26 07:35:30,3,3,0,emmm
84057,1003,王雁茜,2018-07-12 03:02:00,3,3,0,给分略迷
84059,1003,王雁茜,2018-07-12 03:06:26,5,5,0,绩杀绝了 没理由
84063,1003,王雁茜,2018-07-12 03:08:39,11,11,0,我是没想到我国金比差点没挂的中宏还低的。
84065,1003,王雁茜,2018-07-12 03:09:49,2,2,0,谁选谁知道 一样多的事为什么不选一个给分人性化一点的老师呢 我真的服了这个老师了 没选的及时止个损吧
84067,1003,王雁茜,2018-07-12 03:11:20,5,6,1,垃圾 垃圾 垃圾
84069,1003,王雁茜,2019-05-25 21:11:52,8,9,1,最讨厌这种水平贼低还装清高不调分的老师\n\n及时止损吧各位 宁愿不上这门课 也不要选她的课
84073,1003,王雁茜,2018-07-12 03:20:33,11,11,0,神他妈垃圾，笑面虎，经院学生给了60多分我一个微笑，上课催眠讲课没有重点，考试背不完，不给划重点。\n\n！！！专业课去选别的老师吧给大家排雷了！！！想来修个性的劝你们珍重。
84080,1003,王雁茜,2018-07-12 03:38:06,4,4,0,绩杀不解释-_-||考试不给重点，平时讲的也很无聊，好像很喜欢讲历史的样子，贼几把无语╯﹏╰
84093,1003,王雁茜,2018-07-12 03:57:56,1,1,0,………………
84102,1003,王雁茜,2018-07-12 04:23:58,3,3,0,菜狗，弱鸡，绩杀，还有能比我总结的更到位的吗
84172,1003,王雁茜,2018-07-12 07:20:34,1,1,0,给分真的不行…
85128,1003,王雁茜,2018-07-15 14:19:31,6,6,0,点名签到没有缺的欸，PPT有认真背，论文也写了正常字数，没必要给我六十多分吧
90556,1003,王雁茜,2018-11-24 04:48:24,1,1,0,比较金融还可以
98678,1003,王雁茜,2019-01-23 19:20:26,7,7,0,距离考试还有五个小时，现在就是后悔，非常后悔，当时就不应该选她的课。上课基本催眠加胡扯，期末不给划重点不给样卷不给考试范围美其名曰“三无学科”。你天天吹你教了二十年国金，这二十年都没学会怎么好好教课吗？国金知识点零散且极多，考试周就剩出来一个晚上复习国金你让我怎么背？随缘吧，我看缘分做题，你看缘分给分，大不了我换个好点的老师重修一遍
102408,1003,王雁茜,2019-02-01 14:22:13,3,4,1,经常签到，上课无聊。平时40%论文＋签到，考试60%。\n\n毫无重点不说，通宵背了去考试，冷门偏僻考点毫无人性。\n\n最后得分50。。。。\n\n真的是，考多少，给多少。\n\n论文有多少，给多少。\n\n呵呵，别选了。
102509,1003,王雁茜,2019-02-04 03:56:58,-5,0,5,老师不错
107966,1003,王雁茜,2019-05-12 13:46:49,6,6,0,绩点哔了狗
108231,1003,王雁茜,2019-05-17 01:49:17,1,1,0,绩点给的真烂！
109157,1003,王雁茜,2019-06-10 13:35:48,0,0,0,。。。。
113554,1003,王雁茜,2019-07-06 23:55:03,1,3,2,老师很温柔的
116969,1003,王雁茜,2019-09-18 01:20:50,0,0,0,呵呵哒
119840,1003,王雁茜,2019-11-16 04:28:25,2,2,0,外专业选了比较金融制度，课上有好多留学生，老师挺温柔的，但是有时候也会凶……有几次课会签到，但是上课前会说的。展示和论文一定要按照她要求的模块来。分数还行，但是学的东西感觉一般吧不太实用。
119855,1003,王雁茜,2019-11-16 08:04:18,1,1,0,比较金融制度给分挺好的，一篇论文没考试，人少了才会点名，也能学点知识，可以选
121772,1003,王雁茜,2020-01-21 23:11:11,-2,0,2,上课很无聊，没啥收获，每节课都去，论文认真写，期末觉得考的还行但是绩点很低
144700,1003,王雁茜,2021-12-23 08:14:14,3,3,0,比较金融制度，考核方式是平时和最后的期末论文，给分挺不错的
145901,1003,王雁茜,2022-01-04 03:55:10,7,8,1,很好呀，为啥评分这么低呢
149287,1003,王雁茜,2022-01-15 03:47:30,9,9,0,挺好的，给分可以
158556,1003,王雁茜,2022-06-30 07:40:25,4,4,0,老师挺好的，给分也还好，我预期水平。上课学到的东西蛮多的，正好这几天在实习，算是理论和实践有了对照哈哈。帮老师刷一点评分，真不止这么点😂
158560,1003,王雁茜,2022-06-30 07:50:15,2,2,0,给分很好
161206,1003,王雁茜,2022-10-31 15:14:14,1,1,0,England 为啥捏～
165742,1003,王雁茜,2023-01-09 12:57:51,3,3,0,不错啊还是
168113,1003,王雁茜,2023-01-28 14:19:26,2,2,0,国际金融学，课程内容非常多，考试也有非常细碎的知识点，但老师这捞人能力我只能给十分为敬
168114,1003,王雁茜,2023-01-28 14:59:16,3,3,0,老师捞神啊。。。  上课讲的也很好，问问题也非常耐心！！还非常关心同学们，满满师生情！国金必选！
168142,1003,王雁茜,2023-01-30 05:25:41,3,3,0,讲的有些慢，但智云课堂二倍速听效率挺高的，老师讲的其实也很好，最后给分超出预期！
168175,1003,王雁茜,2023-01-31 11:26:18,5,5,0,给分很好啊，期末选择题就没几个会的，大题都复习到了，最后87，比预期高不少
178048,1003,王雁茜,2023-07-06 11:20:59,-2,0,2,签到缺一次 论文好好写了 考试感觉还可以 出来3.3😓
178683,1003,王雁茜,2023-07-17 12:02:19,4,4,0,好老师，点名的话甚至给你时间赶过来\n\n给分不错，签到全都到了，论文写的认真，考试复习背ppt，要有选择的背，还有考试最后一道题基本上就是前几年的题目，虽然今年的非常不好写，老师一定捞了，出分93\n\n最后一节课老师说 她会努力让大家的成绩对得起大家的努力 老师真的很好，国际金融选她就对啦
179370,1003,王雁茜,2023-09-13 09:25:28,3,3,0,真心好老师
183854,1003,王雁茜,2023-12-01 08:44:02,1,2,1,好老师不解释
189582,1003,王雁茜,2024-01-25 12:54:50,3,3,0,老师人非常好，很有耐心，有问题都可以问，国际金融这门课虽然点有点杂乱，但是老师上课的逻辑和拓展的内容听完还是很有收获的，给分也很好，强烈推荐！！！
189587,1003,王雁茜,2024-01-25 13:02:39,1,1,0,很好的老师，备课和讲课都很用心，点名签到什么的也完全不会为难\n\n老师有在尽力捞（正如老师说的，已经使用了洪荒之力了哈哈哈），最后考试除了几道阴间选择+判断，基本上课PPT都能覆盖到，期末狂背PPT即可！
189805,1003,王雁茜,2024-01-29 14:55:56,1,1,0,老师可可爱爱，讲课很认真，能感受到老师的逻辑和用心，也很捞～
189905,1003,王雁茜,2024-02-02 00:59:31,2,2,0,给分很好，但是讲课有点不太清楚，虽然能感觉到老师非常努力地希望把课上好……
196515,1003,王雁茜,2024-07-04 01:36:55,1,1,0,老师长得非常像高中数学老师，而且都姓王……ppt不错，任务少，给分非常不错
196888,1003,王雁茜,2024-07-05 18:24:18,2,2,0,老师给分很不错，事情也少，人很好很亲切，并且能感觉到教学态度很认真负责，特别努力想上好课，无奈老师可能确实缺乏点教学天赋吧，不过国金按她PPT自学和背诵，期末考完全够了，挺全面的
201413,1003,王雁茜,2024-11-02 07:12:10,1,1,0,老师人很好，跨专业来的，上课会努力想让大家学到东西，作业少，有问题提问也很耐心解答，听说给分也好（目前还没出
212373,1003,王雁茜,2025-01-14 02:21:00,2,2,0,给分很好
212537,1003,王雁茜,2025-01-14 07:05:58,3,3,0,其实这几年看评论给分都还挺好的\n\n老师人也很温柔，点名是纸质签到，但是他几乎不管，点名的那节课前也会提醒\n\n讲课其实无所谓，国金本来就是背背书就好的，本人跨专业过来的，平常自己学一学，也几乎没什么特别大压力
214864,1003,王雁茜,2025-02-18 12:28:43,0,0,0,首先，点名会在课前告诉大家，课中可以签，完全来得及\n\n其次，本来国际金融学就是很复杂琐碎的知识点，wyq老师已经尽力讲的有逻辑，而且老师人也很和善，讲的很有趣，在意学生体验\n\n最后，这个课千万不要临时抱佛脚啊，一定要提前就开始复习！！！\n\n最后感觉成绩还不错，谢谢老师捞捞！！
221265,1003,王雁茜,2025-06-22 10:16:18,2,2,0,平时有5次纸质签名，而且会在课前就说这节课要点名\n\n从这个学期开始课程论文改成小组大作业了，但是应该这部分只要尽力完成了分数都不错\n\n最后期末给分感觉中规中矩，但是国金这门课真的背到吐...
6563,1030,杨柳勇,2015-07-15 08:10:13,27,47,20,讲课讲的不好 普通话很差 英语更差
6750,1030,杨柳勇,2015-07-21 07:55:19,10,12,2,不要选啊…
31404,1030,杨柳勇,2016-07-04 00:56:04,7,8,1,完全不会上课，期末考试前布置报告大作业，给分奇差。。。
32115,1030,杨柳勇,2016-07-05 16:00:37,0,3,3,讲课速度比较快，最后还能空出一节课讨论问题…考前好好复习，给分还蛮好
52996,1030,杨柳勇,2019-10-24 02:40:47,-6,5,11,很好的老师
56780,1030,杨柳勇,2017-07-04 15:21:52,1,2,1,
59961,1030,杨柳勇,2017-09-29 03:26:01,12,16,4,恕我直言 老师上课要不就照着ppt念（其实就是书里的内容） 要不就完全扯一些和这门课没什么实质关系的题外话 中英文都很难听 三节课一节都听不下  不如用这段时间自习 在课堂上白耗时间真的很痛苦了
63791,1030,杨柳勇,2017-12-15 02:59:51,2,3,1,真不好
64256,1030,杨柳勇,2018-01-11 03:15:44,0,3,3,老师很温柔啊  有问题也会及时解答  就是挺随意的  也不算坏吧…
64831,1030,杨柳勇,2017-12-27 09:52:24,2,4,2,……真的毒……
71453,1030,杨柳勇,2018-01-28 13:05:01,-4,0,4,现在给老师打满分还可以挽救一下我的绩点吗(ಥ_ಥ)不过老师脾气还是蛮好的
72445,1030,杨柳勇,2018-01-30 06:48:35,5,10,5,在浙大很少见到这么差的老师了……上课不知所云，经常瞎扯，布置作业毫不留情，出分贼慢……可以说是很不负责任了……
72993,1030,杨柳勇,2018-01-31 14:07:00,1,2,1,从不听课，给分超级慢，而且给分不好\n\n
73016,1030,杨柳勇,2018-01-31 14:56:34,-4,0,4,老师给分挺好的，可惜没做pre，做pre是可以加分的
73087,1030,杨柳勇,2018-02-01 01:48:02,1,4,3,老师讲课真的是不在意目标观众的 最后做pre的人真的多到爆 为啥不提前说做了有分数
73258,1030,杨柳勇,2018-02-01 08:47:53,-4,2,6,其实很不错的，今年卷子出得还不错
73298,1030,杨柳勇,2018-02-01 09:44:07,2,4,2,课讲得不怎么样，但给分是真TM好啊
73865,1030,杨柳勇,2018-02-03 09:24:46,1,3,2,专业课公司金融听得太难受了 啊啊啊 能不选真别选
73919,1030,杨柳勇,2018-02-03 14:22:32,2,2,0,老师还是懂很多的但是实在太高估我们了上课基本听不懂，期末大作业也是为了让我们多练一点给分什么的其实也还可以
79586,1030,杨柳勇,2018-06-11 02:34:05,7,8,1,老师人性格蛮好的
145112,1030,杨柳勇,2021-12-31 02:33:53,0,1,1,无语了
145642,1030,杨柳勇,2021-12-31 01:47:52,-1,0,1,上课不知所云，说话都听不懂，先把中文说好，再读单词。
147033,1030,杨柳勇,2022-01-08 13:19:03,2,3,1,打十分求老师不挂，555
149609,1030,杨柳勇,2022-01-16 07:52:14,6,7,1,上课上的一般，但是给分是真的好好好啊！大大超出预期
149614,1030,杨柳勇,2022-01-16 08:03:48,11,12,1,上课不太行，一学期听的洪鑫老师的网课，但是给分真的不错！！最后满了。
149649,1030,杨柳勇,2022-01-16 09:05:52,4,4,0,8分，上课不是很行，有口音且节奏慢\n\n但是不点名，老师人也很不错，给分也可以
150663,1030,杨柳勇,2022-02-11 02:49:31,2,3,1,发现讲的挺好太晚了
151136,1030,杨柳勇,2022-02-23 09:57:22,3,3,0,老师给分好好！！
156454,1030,杨柳勇,2022-06-19 23:22:28,9,10,1,给分：老师给分真的很好。当时期末考试两道大题没做完，近乎空着那种，一度以为自己要挂科，教材带回家准备补考了。结果最后竟然有3.9……当时真的不敢相信自己的眼睛。给分太好了。\n\n作业：期末一个大习题集＋小组展示，这个大家放心做，只要认真完成基本都是满的，而且习题集对考试很有帮助（考试是开卷考可以带进去）\n\n上课：教材全英文，但是推荐入个二手中文版的（英语好当我没说），老师上课内容很丰富，但是缺点就是英语口语和普通话实在太差，记得念increase念成硬瑞思，当时上课想半天都没明白。听不懂可以听隔壁hx的，反正智云课堂yyds。\n\n考试：开卷考，但是不要觉得开卷考就很容易。一定要好好复习，选择题经常是五个选项，而且第五个选项一般都是“以上都是错的”，这就要求对概念公式有明确把握。整个试卷题量很大也翻不过来的。当然，平常上课认真听了跟着节奏来了，不复习也可以的。
167556,1030,杨柳勇,2023-01-17 09:24:32,1,3,2,杨柳勇我的神！！！！！！！！确实前几节课是真的听不懂老师在说什么 因为老师的口音和我自己没有预习 还是下午第一节课 真的困 但是后面自己会去预习看书和看hx老师的回放 后来就慢慢找到状态了 不得不说 线上考试全是选择题很难捞 但是老师给满了 建议就是可以挑老师说的行业研究报告来写 不懂的可以多问老师 研究报告写的很认真 估计给分也超级好 杨柳勇老师给分极好 想不明白老师为什么只有6分 我觉得有10分！！！！！！！！真的不亏！
167581,1030,杨柳勇,2023-01-17 12:28:02,-11,0,11,作业只抄了前面一半，小组展示根本没做，他还在群里说了就四五个人没展示的，论文直接拿了别人的，考试不知道能蒙对几个。最后4.2，yly真的是我亲哥！
207673,1030,杨柳勇,2024-12-23 16:02:48,1,1,0,老师人真的挺好的，给分真的不错！😭
3532,1032,朱燕建,2015-06-17 01:29:06,128,157,29,不吹不黑，朱老师是否是对本科生最好的老师。
9442,1032,朱燕建,2015-10-27 09:54:59,-28,20,48,无力吐槽
12749,1032,朱燕建,2015-12-24 03:12:06,-31,17,48,太坑了
16811,1032,朱燕建,2016-01-19 04:21:23,23,28,5,老师棒棒的，还颜值高。
26589,1032,朱燕建,2016-06-20 08:23:00,58,65,7,朱老师是我心中经院最好的老师～人真的真的很好
30837,1032,朱燕建,2016-07-02 15:30:38,11,15,4,资词！\n\n
32111,1032,朱燕建,2016-07-05 15:52:08,7,13,6,老师讲课很好人也超级赞，不懂为什么评分这么低
35001,1032,朱燕建,2016-10-28 16:24:44,18,22,4,老师在很认真的教 所以也要认真的听才行啊
37253,1032,朱燕建,2016-11-18 04:53:05,19,23,4,条理清楚 细致入微 认真负责
37460,1032,朱燕建,2016-11-19 02:17:10,9,12,3,很棒啊
39043,1032,朱燕建,2016-12-21 00:42:49,21,24,3,好稀饭朱老师！最好最好的老师！
39044,1032,朱燕建,2016-12-21 00:49:05,7,10,3,上课很认真 而且很耐心
39058,1032,朱燕建,2016-12-21 02:21:06,3,7,4,朱老师人很好，很关心学生，就是到后面课程时间不够，进度拉太快，有些跟不上≥﹏≤
39775,1032,朱燕建,2016-12-27 12:17:40,56,65,9,喜欢老师！想当老师儿媳！
39795,1032,朱燕建,2016-12-27 15:07:09,10,12,2,超级超级负责，很关心学生
40242,1032,朱燕建,2017-03-26 14:10:32,37,45,8,全宇宙最好最好最好最好的老师。温柔体贴善解人意还热心。喜欢老师，想做老师干儿子！\n\n
40888,1032,朱燕建,2017-01-06 05:41:18,8,10,2,耐心负责
41124,1032,朱燕建,2017-01-09 10:05:11,7,9,2,朱老师很棒的
42328,1032,朱燕建,2017-01-14 04:30:49,6,8,2,负责认真！好好学才对得起老师呀
45523,1032,朱燕建,2017-01-19 16:14:47,7,10,3,朱老师人超级超级好，上课认真的不行，干货满满，经常为学生考虑，很理解学生，给分也不错，表白小朱老师！
45991,1032,朱燕建,2017-01-20 10:51:10,37,41,4,23333前面儿媳和干儿子的真是够了
45994,1032,朱燕建,2017-01-20 10:54:46,7,10,3,真的处处为学生着想，满分男神！
45995,1032,朱燕建,2017-01-20 10:57:17,8,11,3,朱燕建老师真的是男神！上课上的内容超级实用而且人超好！表白！
45998,1032,朱燕建,2017-01-20 11:09:05,7,8,1,真希望多上老师的几门课^o^超棒
45999,1032,朱燕建,2017-01-20 11:09:16,6,8,2,遇到过的最好的老师！
47060,1032,朱燕建,2017-01-23 13:03:55,7,9,2,朱老师人实在太好了，说不出的好。暖暖的，很贴心?
47061,1032,朱燕建,2017-01-23 13:05:59,3,5,2,朱老师人超级好的，真男神！
47062,1032,朱燕建,2017-01-23 13:06:07,6,8,2,朱老师敲萌，经院好老师?
47250,1032,朱燕建,2017-01-25 02:08:54,5,8,3,经院遇见的最棒的老师！注重与同学沟通的好老师
48076,1032,朱燕建,2017-02-28 10:07:08,4,6,2,超级负责超级好的老师！
49093,1032,朱燕建,2017-03-24 15:26:45,4,6,2,简直经院男神( •̀∀•́ )注重教学的同时会关心学生的发展√而且人本身很优秀投身教育事业真的很伟大!
49260,1032,朱燕建,2017-03-31 08:06:38,-8,4,12,。。。。。
55916,1032,朱燕建,2017-07-02 15:51:57,0,4,4,给分好
59612,1032,朱燕建,2017-09-25 01:47:50,1,5,4,朱老师真的是见过的最好的老师！不仅在教书 更在育人！对待学生细致、真诚！
62303,1032,朱燕建,2019-03-02 01:20:55,-89,27,116,怎么没有零分呢。社会调查论文非说我们是抄的，问他哪里抄的他说政策。请问不抄政策我们自己编吗？如果说饮用太多我们剩下的七千字数据分析你瞎了没看见？不想提对于其他专业的歧视问题，但是这就是你浙经院对本科生最负责的老师？不给申诉的权利，冥顽不化认准自己那一套，真的是垃圾中的垃圾，这种人被吹捧，怕是真的药丸。
62803,1032,朱燕建,2017-11-27 04:09:45,0,1,1,突然有点后悔申请免修…
66427,1032,朱燕建,2018-01-16 08:42:40,1,2,1,前面的别光顾着夸啊……能不能给后辈留点考试干货啦！（虽然老师确实人很好
72240,1032,朱燕建,2018-01-29 15:24:44,2,3,1,给分真的也太好了！上课讲的是有点难！但是人真多的也太好了！\n\n无限次想为他打call
72277,1032,朱燕建,2018-01-29 17:31:51,7,7,0,始于颜值，终于才华
72290,1032,朱燕建,2018-01-29 22:51:11,3,5,2,呜呜给朱老师疯狂打call，上课的时候觉得好难，好多代码自己写不出，考完试觉得自己完了，肯定上不了4，呜呜呜呜查到成绩简直哭出声来
72304,1032,朱燕建,2018-01-30 01:14:22,1,2,1,朱老师是我见过大学最负责的老师！被老师折服！！满分满分！
73045,1032,朱燕建,2018-01-31 17:32:10,1,2,1,讲课很不错的老师 很亲切哦 长得也很帅 可惜给了我一门这学期分最低的课 真是……爱恨交加
73851,1032,朱燕建,2018-02-03 08:58:39,0,2,2,朱老师真的很好 耐心又负责 下学期还要选老师的课嘻嘻
73877,1032,朱燕建,2018-02-03 09:43:27,7,8,1,朱老师是男神！给分已经是最良心了！期待下学期的课！
73879,1032,朱燕建,2018-02-03 09:46:42,1,3,2,好好好~
73903,1032,朱燕建,2018-02-03 12:44:47,4,4,0,很亲民
74331,1032,朱燕建,2018-02-11 12:20:24,10,15,5,我就不明白了，抄袭的孤儿哪来的勇气在这里狂吠？
80147,1032,朱燕建,2018-06-20 15:51:33,3,3,0,喜欢老师！想当老师儿媳的老公！
82806,1032,朱燕建,2018-07-09 07:08:00,0,0,0,老师人超好超有耐心的，学习感觉收获了很多，给分超棒
82956,1032,朱燕建,2018-07-09 10:59:23,5,7,2,我挂科了T.T 老师超级好 性格好 可爱的老师 什么都好的老师 真的厉害的老师 我在浙大最喜欢的老师 有热情的老师 不过我挂科了 就是我的问题 不是老师问题 我明年重修得4.2吧
83305,1032,朱燕建,2018-07-10 05:02:04,0,1,1,超好的！！
83393,1032,朱燕建,2019-06-17 05:26:56,9,9,0,老师讲课内容生动，结合实务，容易理解又很有趣，而且脾气特别好，非常有耐心，特别为学生着想！有时候还会开开玩笑讲讲笑话超级可爱！给分的话，认真完成了绝对比你想象的高，看来为了给分老师也是很努力了！听他的课不想走神，而且感觉能学到东西，考试考不好有种对不起老师的愧疚感，这就是朱老师的魅力！
86686,1032,朱燕建,2018-09-18 03:02:49,2,2,0,老师真的的很棒啊
88151,1032,朱燕建,2018-10-23 06:09:49,21,21,0,千万不要相信老师说的他不会，要记住，只有你不会…………没有老师不会！！！
89036,1032,朱燕建,2018-11-14 12:07:50,1,1,0,朱老师是好老师，上课讲得很清楚。看评论吓死了，赶紧去看成绩单。给分也挺好的。爱戴
102120,1032,朱燕建,2019-01-30 14:40:40,22,25,3,“各位同学，所有的试卷都是我一个人批改，所以不会出现不同的标准，所有的试卷分数都核对两遍。大部分分数都升到上一档的最低分。如果还有同学觉得分数不够高，请谅解，我已经尽力了。一般升两档的情况比较多一点，考试分数越高的，升得相对少一些，大家应该可以理解。”以上老师原话，还能怎么好？学期中居然有想法要弃修这门课，有这样的想法真的对不起朱老师啊！
102121,1032,朱燕建,2019-01-30 14:26:43,1,2,1,老师给分也太好了吧，考完我都以为自己快挂了，成绩出来简直太感动了吧！老师人也很好！！最后论文的ddl也考虑我们考试给我们放宽了很久
102123,1032,朱燕建,2019-01-30 14:38:12,3,4,1,呜呜呜老师人也太好了吧，期末还会努力为我们调分。虽然上课语速有时候略快，但是真的是一个非常认真负责的老师！
102124,1032,朱燕建,2019-01-30 14:38:26,1,2,1,他怎么能这么好
102126,1032,朱燕建,2019-01-30 14:43:23,3,4,1,老师人真的非常非常好，期末考觉得题量太大考完都快哭了，结果老师给分真的很不错!如果平时讲课更慢一点就好了＾０＾~
102127,1032,朱燕建,2019-01-30 14:43:54,1,2,1,呜呜呜，给男神疯狂打电话，老师人太好了！
102130,1032,朱燕建,2019-01-30 14:48:28,3,4,1,老师给分超级超级超级好！！！！
102132,1032,朱燕建,2019-01-30 15:18:43,1,2,1,朱老师真的人超级好了！！！我爱他！！！就是数学基础很不好也能上四了！真实感动到哭泣！！！谢谢老师！！！
102133,1032,朱燕建,2019-02-24 07:52:42,2,3,1,客观评价一下朱老师\n\n朱老师关心学生 热爱教学 十分负责 出分的时候还详细说明了改卷状况 这种反馈让人很感动. 朱老师的中计应该是所有老师里教的最难的 时间序列部分讲了很多 最后考试因为是几个老师统考 所以时间序列部分考的并不多. 但是能理解朱老师的用意 因为时间序列是真的很重要 他希望上有别于初计的内容 并且这些都是以后非常有用的地方 针对教学方式 我可以说朱老师讲的很细 他能让我听懂 这真的非常棒 平时真的任何问题都可以去问朱老师 包括其他课数据处理分析问题出现了瓶颈老师也会耐心解答 而且他还考虑到了学生的负担真的太贴心了延迟论文ddl到考试周结束 TAT 最后出分95真的太感动了
102140,1032,朱燕建,2019-01-30 16:09:21,1,2,1,老师真的太好了  讲课深入浅出  本来对计量一脸懵逼但是老师前两节课梳理了一遍之后我简直恍然大悟   给分也很好  人也特别负责  之前写别的课的论文有计量部分不懂的去问他他也秒回甚至说打电话跟我们解释   真的是时刻为了学生着想的老师  喜欢老师！
102155,1032,朱燕建,2019-01-31 00:08:46,0,1,1,超级超级关心学生的老师！
102157,1032,朱燕建,2019-01-31 00:23:54,2,3,1,老师是好老师，菜我也是真的菜。。大概是真的没有编程的天赋吧。。
102207,1032,朱燕建,2019-01-31 11:43:34,0,1,1,男神♪～(´ε｀　)
110092,1032,朱燕建,2019-06-22 14:33:13,-2,0,2,朱老师真的是在学习和生活中都很照顾学生的老师呀！！三观很正！！
117442,1032,朱燕建,2019-09-24 11:14:27,0,2,2,从学生能否学到东西角度考虑，务实
121814,1032,朱燕建,2020-01-22 05:08:28,0,2,2,老师中计给分太好了！！！
122388,1032,朱燕建,2020-02-26 03:48:42,1,2,1,关爱学生。老师中计的最后两堂课终于让我见识了作为一个大学老师讲课的魅力！
125690,1032,朱燕建,2020-09-13 06:00:47,3,5,2,大爱朱老师！我导nb！！
133068,1032,朱燕建,2021-02-07 12:19:29,-4,18,22,客观评价一下，朱老师对学生也是仁至义尽了，有什么问题都会非常及时回复，课后讨论也是很乐意的，但是说真的教导本科生总是会有一点无趣，而且他本人对于过大压力的教学任务兴趣也不大，也多次提及想要少上一点课，因此整体感觉上课逻辑清晰但是备课确实不足，没有预习的同学听起来肯定吃力。前期过分强调时间序列以及推导的抄写（但是考试和这个无关，因此个人感觉可能不太适合金融以外专业的同学，比如我想象不到班级里绝大多数来自财政的同学怎么去做时间序列），后期在别的班级强调的面板数据等就提及得较少了，以至于考试的时候都有一些是别的班级已经讲过的题目类型我们可能没有接触到，这就对我们自主学习和跨班学习提出了一定的要求（这里建议，一定要拿到隔壁梁友莎和张自斌老师的课件然后综合地看，因为考卷朱老师只出时间序列部分），只是没想到中计花了好久准备，也还会是这个学期最低分的课才4.2。另外，学校发的英文教材看起来真的很吃力，建议购买第六版伍德里奇中文版教材，然后每次课后及时整理应该就没有什么大问题了。中计应该不算难，难度甚至远不及概统，大家不要慌张，而且cc98上有的人说复习不如刷题，我觉得相当不正确，这门课的精髓就在复习，因为题目都在各位老师给的ppt或者习题集里。
133075,1032,朱燕建,2021-02-07 12:43:12,2,4,2,人很好，为学生着想。\n\n中级计量要多看看初级没讲的那几个知识点，考试不难
142068,1032,朱燕建,2021-11-05 05:16:03,0,2,2,听了朱老师的讲座，感觉受益匪浅嘻嘻
150221,1032,朱燕建,2022-01-20 15:39:15,17,19,2,10分 老师原话：非常欣喜的发现我们班试卷没有乱答一通的，都有自己的思考，也许不全面，但至少有思考。所有人最终都及格。所有的试卷都是我一个人批改，期末会议又多，所以慢了些。我努力帮所有人提了分数，但一定还有照顾不周全的，请谅解。对于非计量科班出身的我上计量课其实是忐忑的，计量又是基础不一的同学们，幸好大家能够容忍我的不专业。也有同学给我发邮件善意的提出初级计量和中级计量，及其他课程的内容重复问题。我们在后面的培养方案和课程设计中加以改进，希望能够受益大部分同学。
167763,1032,朱燕建,2023-01-19 03:38:20,4,8,4,给分太好了
167844,1032,朱燕建,2023-01-19 12:06:03,12,17,5,真的有必要这种质量的课程抓这么严吗……说的是什么课程自己清楚，很无语，现在就是一整个年也不用过了
168427,1032,朱燕建,2023-02-16 04:30:17,8,14,6,没想明白，大四这么水的一门课要求这么离谱，纯nt
168489,1032,朱燕建,2023-02-18 12:18:36,-9,5,14,给分好，希望我的室友中计能稳稳满绩
179377,1032,朱燕建,2023-09-14 00:49:29,-1,2,3,很不错
181884,1032,朱燕建,2023-11-03 07:55:59,24,28,4,课程本科生和研究生合上，每次签到反正也就不说，两张签到表传来传去，有几次来了也因为签到表没传到搞得没签上，真的够混乱的。一水课课排在星期五下午，完美和各类招聘会，面试，实习周总会冲突。课程考核也是丝毫不提，您就等着大家后面都忙起来？
182113,1032,朱燕建,2023-11-10 15:46:05,2,3,1,(ง ˙o˙)ว
189793,1032,朱燕建,2024-01-29 09:42:46,13,13,0,对最后的给分还是挺满意的，鉴于中计这门课以后也不会开了，最后吐槽一下中计吧。经院离谱课程之一，讲课的老师都是很好的老师，但是授课重点完全不一样，导致最后复习的时候不仅要关注自己老师的课程内容，还要关注一下其他老师的授课重点；其次，中计的知识是和初计大部分重合的（除了面板数据、时间序列模型、逻辑回归），可以理解考试的重点从背书转移到具体的实证案例分析，但是授课的重点为什么仍是基础知识的讲授，而不是关注具体实证案例的分析。不过以后经院同学也不用在学习中计了。。
189871,1032,朱燕建,2024-01-31 23:13:41,-8,8,16,贴心的朋友，严谨的学者。\n\n\n\n这学期上了朱老师的sas，平时有一次小作业，期末开卷考试，最后提交一篇小论文。\n\n感谢朱老师的教诲让我初步掌握了sas语言，最后也如愿以偿的满了。\n\n\n\n中计期末大补天也看的朱老师的智云，其授课之清晰往往让我拍案称奇。\n\n\n\n身为金融系主任却如此低调亲民，真心想和同学们交朋友，课间闲来无事聊家常是我最喜欢的环节。\n\n\n\n能遇如此良师实乃三生有幸！
189911,1032,朱燕建,2024-02-02 08:27:24,5,6,1,“贴心的朋友”
189976,1032,朱燕建,2024-02-05 03:50:34,5,7,2,就是好不解释，上课好，给分好，考试好，什么都好
205636,1032,朱燕建,2024-12-10 10:09:28,14,14,0,关注下金融硕士的就业吧，沦落到不如中科大南开厦大，和西南财经差不多的地步，和学院学术实力完全不匹配了！ 赶紧学中科大开上海（香港）班，为学生去金融机构实习创造机会，杭州能有几个投行啊？？？？
214132,1032,朱燕建,2025-01-25 06:52:17,4,5,1,人很好，但给分也没那么好吧？？
214140,1032,朱燕建,2025-01-25 08:19:51,2,2,0,必然10分，朱老师特别有人格魅力
214169,1032,朱燕建,2025-01-26 12:57:08,1,1,0,老师还是不错的，有点东西，比看起来要关心学生的多
215878,1032,朱燕建,2025-03-06 10:55:49,7,7,0,看到一些恶评很难过，来写个评论。本硕六年，朱老师是我心中对学生最好的老师。作为一个表现平平不起眼的毕业生，回忆起大学唯二有过对话的老师就是朱老师和李兴建老师了。\n\n老师讲课很好，也尽量给最好的分数。大四的时候我在投行实习爆炸忙碌，论文都顾不上好好搞，朱老师超级负责地督促我，指导我修改论文，印象最深的是有一次我坐在发行人产业园里的湖边，朱老师给我打了一个长长的电话，告诉我论文怎么改。老师知道专硕需要实习，组会也都线上开。这样的朱老师怎么可能是为难学生的老师？\n\n正常人怎么可能去上课了没签上到呢，怕不是一次也没去过，根本不知道有签到一回事吧。再者，让行业专家看到课堂上只有零散几苗人，对经院学生会有多不好的印象，多么影响就业。就算有什么非去不可的面试，也完全可以和老师请假啊。不过怎么说呢，尊重他人命运吧!
216673,1032,朱燕建,2025-03-20 13:35:43,3,3,0,我是24年秋冬选的前沿金融实务，这学期并没有点名，可能是老师有看大家的评论，已经整改了\n\n本人学习并不算认真，也算不上聪明，但在朱老师的两门课上都取得了很好的分数，感觉老师还是有在努力给高分的。\n\n上中计的体验是老师讲的很有激情，解释的也很到位，但是让我感到复习和考试没有抓手（讲的都听明白了但是考试不知道怎么答），最后听了登攀计划作复习，成绩很不错，建议大家认真听课，期末复习以登攀为抓手。\n\n前沿金融实务要写一个大研究，我们并没有做计量的东西，只是选了我实习接触到的比较新的基金做研究和分析，给分挺好的，没点名。\n\n另外再说一句，朱老师真的是我见过很亲和的老师，pyq会分享有趣的日常，很有活人味！老师加油呀！
27194,1070,罗德明,2016-06-23 12:59:40,3,7,4,朴实无华
27381,1070,罗德明,2016-06-25 12:15:49,2,11,9,功底是经院最高的!!!随口报出哪个领域最简单文章，不服不行
32210,1070,罗德明,2018-02-03 10:59:00,10,16,6,还请学校早日把这尊大神请回去别再祸害本科生
51682,1070,罗德明,2018-02-03 10:57:43,21,26,5,对本科生教学缺乏基本的尊重
52160,1070,罗德明,2017-06-15 08:35:11,7,11,4,不知所云
52162,1070,罗德明,2017-06-15 08:44:00,10,13,3,一学期上课没讲过啥 期末都不知道考啥…………
54894,1070,罗德明,2017-06-30 11:59:42,-12,5,17,老师很有功底
57714,1070,罗德明,2017-07-12 23:14:58,-2,13,15,罗老师很有学术造诣！虽然上课水水的，但是能得到学术上的启蒙，很晚才布置论文提一点小意见，但是一个短学期好好跟下来之后真的觉得比其他理论深的硬课留下了更多！老师很分也很好么么哒
73891,1070,罗德明,2018-02-03 10:57:33,-16,10,26,罗老师真的是经济学大师！上课听他的课，有种指点江山的感觉，极大拓宽了自己的视野，对经济 金融领域也因此产生了兴趣。\n\n教学风格完全不是高中老师那个路子，不过也对，大家自己学课本能行的话，老师讲一些课本教不到的东西，是极好的！
103206,1070,罗德明,2019-02-27 00:19:17,7,8,1,不知所云
104452,1070,罗德明,2019-03-21 02:15:21,17,19,2,上的他的金市与金机是全英文的。没有教材没有PPT我忍了，上来就直接讲学术论文我也忍了，糟糕的英语口语我还是忍了，龙飞凤舞的板书我接着忍，忍到最后我发现这门课简直没法学了。上课前一天下午把他要讲的论文发到群里，非得通宵预习，通读全文，因为你也不知道他会挑哪一部分来讲，否则就要上课一边听含混不清的口语，一边查论文里的生单词，一边分辨他的板书，然后上课就跟不上了。如果说最终变成我们只能靠自己看论文来通过考试，那我觉得这老师可有可无。
105711,1070,罗德明,2019-04-19 00:32:29,9,11,2,作业多还布置得特别晚，赶着考试周写...提交也麻烦；上课不知所云还种族歧视我国研究者？？？
123386,1070,罗德明,2020-06-08 02:49:10,-4,2,6,是不是金市和金机只有我下四了，哭
134179,1070,罗德明,2021-03-18 05:07:06,20,24,4,低情商：我懒得准备课件\n\n高情商：课件内容跟不上学科知识更新
134581,1070,罗德明,2021-04-02 15:07:46,20,24,4,我说这期中作业就是傻逼没人反对吧？
137068,1070,罗德明,2021-06-30 09:22:06,2,4,2,一言难尽……………唉……本来想说很多，考前还是不说了吧，积德
137090,1070,罗德明,2021-06-30 18:14:11,0,2,2,救命啊，金融计量他这部分怎么复习啊啊啊啊啊啊啊啊啊啊
138095,1070,罗德明,2021-07-07 10:06:56,-6,2,8,考试不知道考啥 但给分好
139379,1070,罗德明,2021-07-15 02:39:53,3,7,4,能别来祸害学生了吗？
152608,1070,罗德明,2022-04-15 15:27:17,-4,5,9,老师很好的，虽然上课的时候可能有点懵，但毕竟在真的了解一些论文成果，这样也比较正常。而且，老师也没有不尊重教学啊，一直在更新讲的内容，还主动问大家的意见。是很可爱的老头!
153748,1070,罗德明,2022-05-10 04:45:31,6,8,2,【21春夏金融市场与金融机构】\n\n建议不要来给本科生上课了......最后论文啥都没看考场一通乱写竟然出分还好....给分纯纯随机，祝学弟学妹们好运
153772,1070,罗德明,2022-05-10 12:58:53,-3,2,5,给分有些随机...大作业很头疼...不过被迫看了这么多顶刊论文确实觉得很有用...老师人还行，就是不看钉钉
156507,1070,罗德明,2022-06-20 05:21:42,38,43,5,罗德明表示“浙大老师真好当，我先随便讲个几周的论文，看学生做几周的展示，期末考试出卷子的时候对着那几篇英文论文出几道几乎纯考背诵，不怎么需要理解水平的的题就行了。最后我和易艳萍一起把金融计量模型这么难的课程讲完了，四舍五入对于提升学生的计量水准而言我也立大功。”\n\n罗德明，我听说你马上退休可能教不了金融计量模型了，但我想就你的教学贡献来说，你老的躺在病床上都能继续教下去呢。
156853,1070,罗德明,2022-06-21 07:07:51,13,13,0,逆天级别的期末考题
157745,1070,罗德明,2022-06-24 15:20:42,12,12,0,真的纯混……
170132,1070,罗德明,2023-03-01 12:44:40,8,8,0,竟然没有0分
170186,1070,罗德明,2023-03-02 02:15:59,12,12,0,😅😅😅
170187,1070,罗德明,2023-03-02 02:18:28,10,11,1,傻逼 给我退休！！！！！
170212,1070,罗德明,2023-03-09 04:57:25,13,13,0,讲课讲的不好，普通话很差，英语更差。
170600,1070,罗德明,2023-03-07 05:26:19,5,5,0,赶紧润了 等他退休了再选这门课
170603,1070,罗德明,2023-06-18 09:56:48,12,12,0,sm东西，上课是让你帮助学生的还是为所欲为的？
170753,1070,罗德明,2023-03-09 05:48:35,9,9,0,不知道在讲些什么，真的听不懂
171843,1070,罗德明,2023-04-07 11:56:01,11,11,0,复刻论文复刻的很崩溃，上来骂两句，cnm
173790,1070,罗德明,2023-06-14 02:33:54,11,11,0,论文复刻作业提交方式不说，还得智云看另一个班才知道提交方式？考试题型逆天无聊，问问题发邮件问也不回 不想上课直说，好像我很想听你上似的。
174735,1070,罗德明,2023-06-16 10:31:35,8,8,0,可惜没零分
174757,1070,罗德明,2023-06-20 14:22:00,9,9,0,好崩溃好崩溃好崩溃啊！罪加一条：上课不拿话筒！智云都没办法！
174783,1070,罗德明,2023-06-18 02:21:58,4,4,0,啊啊啊啊杀了我
174793,1070,罗德明,2023-06-18 06:14:52,7,7,0,论文看的崩溃了 我要哭了 怎么会有这种人啊
174821,1070,罗德明,2023-06-18 13:43:36,7,7,0,复习论文复习地很崩溃，出生是真的出生，赶紧滚去宁波大学吧
174834,1070,罗德明,2023-06-18 19:28:53,3,3,0,好崩溃好崩溃好崩溃好崩溃好崩溃好崩溃好崩溃好崩溃好崩溃好崩溃好崩溃好崩溃好崩溃好崩溃好崩溃好崩溃好崩溃好崩溃好崩溃
174840,1070,罗德明,2023-06-19 02:04:47,7,7,0,纯混子！这么学生第一名！没有良心吗！
174957,1070,罗德明,2023-06-20 12:11:11,12,12,0,听说您要去其他大学了\n\n我高低喝个几天几夜庆祝
177038,1070,罗德明,2023-07-01 08:34:14,14,14,0,建议纳入小语种课程
178544,1070,罗德明,2023-07-14 06:27:53,1,1,0,。。。
181610,1070,罗德明,2023-10-24 07:51:17,3,3,0,为宁波大学的金融（经济）学子祈祷
199387,1070,罗德明,2024-09-22 15:38:05,0,0,0,好人啊，我贼喜欢被老师上课了呢
199719,1070,罗德明,2024-09-28 06:09:47,1,1,0,不是浙大的老师了
206175,1070,罗德明,2024-12-13 07:05:03,1,1,0,极其不负责任，甚至忘记来上课
206615,1070,罗德明,2024-12-16 13:39:34,18,18,0,管好你老婆
206627,1070,罗德明,2024-12-16 18:38:26,5,5,0,管好你老婆
206630,1070,罗德明,2024-12-17 00:46:15,14,14,0,管好你老婆！
206633,1070,罗德明,2024-12-17 01:00:25,3,3,0,csb
206637,1070,罗德明,2024-12-17 01:20:12,5,5,0,管好你老婆
206924,1070,罗德明,2024-12-18 12:28:43,1,1,0,rnm，退钱！！
206985,1070,罗德明,2024-12-19 02:25:48,4,4,0,远观似人，近窥非人
207000,1070,罗德明,2024-12-19 02:57:46,1,1,0,收敛一下
207162,1070,罗德明,2024-12-19 13:14:59,5,5,0,继生态学夫妻档后新晋经院夫妻档
208058,1070,罗德明,2024-12-25 11:10:00,4,4,0,怎么好意思回经院参加学术报告的？退钱！
208791,1070,罗德明,2025-01-07 18:28:10,4,4,0,这人不都滚出浙大了么，怎么他老婆还在兴风作浪\n\n他老婆不知道要蹲几年，诈骗罪，刑事案件
215903,1070,罗德明,2025-03-07 02:25:11,1,1,0,纯学术混子，自己的课都不知道来上，整天说的一堆什么垃圾也配在浙大
2409,1118,王东,2015-05-24 01:56:49,48,53,5,一个月了还不出成绩，真是败给他了
2704,1118,王东,2015-05-05 15:45:17,-25,9,34,挺好玩的
3200,1118,王东,2015-05-20 23:22:49,105,130,25,神坑啊！千万不要选。成绩都不出来啊。上课好无聊啊。老师太坑了啊！
3267,1118,王东,2015-05-25 07:37:13,40,45,5,成绩一直不出，真是服了他了，上课又都是套路
3305,1118,王东,2015-05-29 12:00:27,-31,15,46,挺好的老师啊，给分也挺好的
3865,1118,王东,2015-06-17 06:55:49,1,6,5,上课一般吧
3954,1118,王东,2015-06-17 11:04:36,30,44,14,两个王东吧 _(:з」∠)_\n\n行测的王东挺有意思的
4073,1118,王东,2015-06-24 09:15:01,69,77,8,要不是必须修一门沟通领导类，我才不听你上课瞎逼逼！
7808,1118,王东,2015-09-15 13:34:07,19,19,0,垃圾箱
7809,1118,王东,2015-09-15 13:34:14,-19,3,22,好
11384,1118,王东,2015-11-29 12:25:12,16,18,2,老是拖课！他可能不知道是几点下课
19234,1118,王东,2016-01-23 15:24:24,20,25,5,上个创新创业专题大家都差不多，该做的都做了，分数差距那么大，给分太坑
19332,1118,王东,2016-01-24 01:57:44,13,15,2,坑爹的老师，成绩给的太低了
21076,1118,王东,2016-02-15 09:47:08,-11,6,17,分数还行\n\n
21839,1118,王东,2016-03-01 08:04:24,18,19,1,一节课都没听进去是怎样的体验
30326,1118,王东,2016-07-01 09:22:54,15,20,5,两个王东，形策的老师很好玩的
40629,1118,王东,2017-01-04 11:08:01,34,36,2,一个酷爱用第一声结尾的老师…什么什么哦，什么什么喽…另外回答问题加分这种机制真是贼无聊
45102,1118,王东,2017-01-19 03:37:59,24,29,5,纯种大傻逼
46129,1118,王东,2017-01-20 15:54:52,-41,7,48,很好的老师，真心的在教学生创业，让我一名工科生也产生了创业的愿望
47235,1118,王东,2017-01-24 20:43:03,-34,1,35,经历丰富，J类课如果有需要的话可以收获挺多
48094,1118,王东,2017-02-28 12:13:46,16,18,2,上课非要在自己不专长的领域装逼
48882,1118,王东,2017-03-15 11:47:44,19,19,0,上课连话都说不明白，什么鬼啊
49304,1118,王东,2017-04-04 07:00:33,49,52,3,这老师的专业课上的和通识课一样，没有意义，他让我知道了什么是成功，就是可以坐在讲台上讲只有小学生才会觉得厉害的话拿着大学教师的工资与证明\n\n
50609,1118,王东,2019-06-01 01:10:59,60,66,6,神踏马天坑老师，不仅课上当面鼓吹刷微博微信无用论，最重要的是给分真的神坑，搞什么等级制，结果一片B和C 我想说上这个课大家表现都差不多，给分这么不厚道真的逼了狗了，均绩上4的我拿到这个2.5的绩点心中真是1万个草泥马奔驰而过。
52326,1118,王东,2017-06-18 11:51:34,41,47,6,要是有零分……上课已经不堪到老师自己都迟到每周一个group case study简直负担上课还得靠回答问题加分期末论文35页＋还只提前了两周告诉我们。第一次写评论，我一个非本专业的什么仇什么怨啊？！
56431,1118,王东,2017-07-03 21:56:25,-12,4,16,给分还好
56436,1118,王东,2017-07-04 03:20:28,23,32,9,大家千万别选国际电子商务还有赵伟的国际贸易学，退课报平安
56447,1118,王东,2017-07-04 00:28:51,-13,4,17,老师人还是挺不错的
56481,1118,王东,2017-08-14 01:07:34,-28,4,32,上国际电子商务倒是真的水...每周一个小组作业，有两次点名，本来后面两节课是让大家交流学习成果的，可能我们班大部分都是留学生，所以后面几乎没人上去展示，只有一开始中国学生去展示……后面出现的情况是整个班大部分人都不来，老师上课都迟到，没人展示....超级尴尬....也是没有达到原来应该有的教学效果吧……反正我后来也不怎么去上课....考核方式是平时➕期末论文，平时成绩靠点名、小组作业和上课展示拉上去，不过我估计都差不多，最关键的还是那篇论文，感觉老师是希望我们体现国际视野，体现自己的思考，反正他让我们写的东西网上都找不到参考文献的?都得自己写～我看好多人都写得超级多?我才1w➕的字数，我还是一个非本专业的人，当时我很慌.....结果成绩出来还行，有4.5……关键还是要把握准老师的要求吧?
56596,1118,王东,2017-07-04 05:20:26,21,24,3,真的很无聊，不明白为什么要花钱花学分上这样的课
56661,1118,王东,2017-07-04 07:51:31,-22,5,27,国际电子商务辅修，很无聊的课，但是给分出乎意料的好。7分奉上
57349,1118,王东,2017-07-07 03:02:48,18,20,2,很垃圾
65292,1118,王东,2018-01-02 13:05:08,-14,1,15,挺好的呀
76109,1118,王东,2018-03-27 03:15:46,91,93,2,?为了自己方便让整个专业的人跨校区陪他上课（还是早课我tm），自己还迟到，上课出去接了半钟头电话?无时无刻不在培养恶竞的气氛，每周都布置小组作业（三人一组做展示，展示还明确表示要靠抢），学生展示也不听人具体讲了什么，只是登记一下?浙大的老师还真是好当啊?
78860,1118,王东,2018-05-16 01:22:11,35,36,1,上课交教你们怎么用word，满满的装逼气息与对同学的鄙视之意。
79160,1118,王东,2018-05-25 01:56:15,23,25,2,求求你别吹牛逼了
79167,1118,王东,2019-09-10 04:55:11,39,74,35,创新创业的课听着是相当相当难受的，不过却因为一个人而无比期待每个周四的到来。感谢一门水课给予了我一段最美的缘分。顺祝无奈选上这课的各位都能有意外之喜！
79168,1118,王东,2018-05-25 06:56:04,11,12,1,给分真的无语了，就一傻逼老师
79170,1118,王东,2018-05-25 08:08:28,-12,2,14,还行吧
79555,1118,王东,2018-06-09 05:43:09,12,13,1,他开的大数据分析极度无聊，除了念ppt嘛都不会，毕竟专业选修，建议另选一门，你学不到你想要的东西
83725,1118,王东,2018-07-11 05:57:29,9,16,7,形策的王东老师上课挺不错的，但是给分真的不理解，我每次课都去，每次任务都认真完成，期末考也有认真复习了，结果出了史上最低? 点 有点难过…真·低? 点
84457,1118,王东,2018-07-13 02:14:40,10,11,1,大学遇过最差的老师了
85298,1118,王东,2018-07-17 00:43:19,62,66,4,给分巨坑，修了两次电子商务，因为要刷绩点，第一次想说自己论文写不够好，拿到的分数才那么低，第二次改成考试，写满了整张考卷给了1.5，建议学院审视一下
85304,1118,王东,2018-07-17 01:39:50,1,6,5,再见吧，您呐\n\n
85316,1118,王东,2018-07-17 02:50:00,13,14,1,很难受，分太低，课一般
85324,1118,王东,2018-07-17 04:44:18,9,12,3,给分为什么这么迷？？？作业巨多
85369,1118,王东,2018-07-17 11:06:10,6,8,2,作业真的很多
86764,1118,王东,2018-09-18 12:01:53,36,37,1,沙雕王东 没碰到过说话这么sb的老师 一节课都听不下去 果断退课
87663,1118,王东,2018-10-09 12:00:39,31,33,2,请问这门课叫创新与创业专题还是怎么玩excel？
87873,1118,王东,2018-10-30 12:14:53,94,95,1,“真正会用word的都用2003～” 到底是什么样的沙雕脑子让一个浙大教师以会玩word为荣啊我搞不懂？？
88179,1118,王东,2018-10-23 11:06:00,46,49,3,听过的所有课里，最差劲的老师。自高自大，以为自己讲的多好。上课没营养。一听到他说话，就恶心。
88180,1118,王东,2018-10-30 12:09:56,19,20,1,气愤，要求贼多
90703,1118,王东,2018-11-25 10:34:04,-10,3,13,反正我上的这个王东老师挺有意思的 什么都不会是四
91258,1118,王东,2018-12-04 10:58:45,22,24,2,什么玩意
91259,1118,王东,2018-12-04 11:59:03,7,9,2,大计基即视感。
91261,1118,王东,2018-12-04 12:03:09,30,33,3,老师以自己熟练掌握微软的wps而为豪，一直嘲讽你们这群大学生world都玩不转，大学生了用world还跟初中生一样。\n\n是是是，对对对，我的错，我不会用world，我大学两年虚度了，啥也没学，我不配进浙大
91404,1118,王东,2018-12-08 17:18:10,12,14,2,还没出分，无语
91483,1118,王东,2018-12-11 10:26:51,22,24,2,一分，不能再多了
91489,1118,王东,2018-12-11 12:31:50,22,23,1,创新与创业专题，上课是一种煎熬，老师讲的东西是十年前甚至是十五年前的思路和想法，内容空洞缺乏深度和独特见地，希望有的选同学避免这节课。
102507,1118,王东,2019-02-03 16:01:51,3,6,3,是J类就选吧，又是创新创业类的，反正J类这么热门，职规不一定能抢的上，抢上这个也算幸运。给分还不错，虽然上课很困，但是事情要比职规少得多，克服一下就好。
103966,1118,王东,2019-03-20 02:56:39,13,15,2,锤子王东
104977,1118,王东,2019-04-01 12:59:37,13,15,2,太烂了，布置作业完全不知所云，自我感觉过于良好，醉了。千万别选！！！
107737,1118,王东,2019-05-08 23:06:37,15,17,2,混子老师
107968,1118,王东,2019-05-12 13:48:34,14,15,1,太差了
108292,1118,王东,2019-05-20 08:08:53,10,15,5,早上王东老师是点名、下午王东老师不点名。\n\n总说哇哈哈和阿里巴巴
109768,1118,王东,2019-06-19 05:57:46,10,13,3,垃圾箱
110545,1118,王东,2019-06-27 10:44:35,39,40,1,我不相信国际电子商务的前沿是word2003
111737,1118,王东,2019-07-02 16:57:24,25,26,1,垃圾老师 垃圾课程
111912,1118,王东,2019-07-03 02:33:27,27,28,1,老师的课还行，念ppt就行了\n\n主要给分差，期末认真准备，该背的背，最后3.3？\n\n真的是谢谢老师哦。
115033,1118,王东,2019-07-14 15:47:09,-7,7,14,花样点名，迷之上课。最后考试简单，给分非常厚道满了。
116719,1118,王东,2019-09-14 03:30:42,37,40,3,老师口头禅：“时间关系，我不多讲”、“我就不展开说了”，问题是他完全没讲和课程有关系的东西，非要说Excel Word之类的。第一节Python课听下来，还没进入课程主题。有些东西自学也行，还是谨慎选课！
118614,1118,王东,2019-10-29 11:57:55,35,36,1,商人思维，唯利是图，缺乏社会担当。
118964,1118,王东,2019-11-08 15:11:32,59,60,1,三本浙的创业课一直以来就是真的不行，这门课不行之程度也果然没有出乎意料。短学期下来根本学不到什么（当然诸位也别想在三本浙的通识课上学什么创业了），每节课都要举例为何在坐各位可以上浙大而你的高中同学上不了，以及你们关了那么多年机都不是真正的关机，英语语感云云，唯一好处就是短学期完全不需要听课最后交课程作业就好，但是创业计划书也够把人写得够呛的。总之能不选就不选，当然创业课能凑学分的不多，给这门课打负无穷分，课程名字叫创新还一定要人用ftp提交（给很多同学提交带来了麻烦）和保存为word2003格式，您可真够创新的呢！还总自豪别的很多课都停了唯独自己这门课没停，不好意思我觉得就这课心里没点ac数吗，祝早日停课大吉。（注：还并没有出分，踩这门课与成绩没有任何关系）
119518,1118,王东,2019-11-13 08:09:51,41,44,3,烂 没的说
123374,1118,王东,2020-06-07 14:30:34,55,55,0,贼坑的老师，不配做老师，以折磨学生为乐
124248,1118,王东,2020-06-28 04:59:25,58,62,4,经院最差老师，建议早点滚
124602,1118,王东,2020-07-03 12:37:12,32,34,2,变着花样整学生，垃圾
125019,1118,王东,2020-08-12 13:48:38,37,39,2,变态啊，垃圾啊
126041,1118,王东,2020-09-17 01:41:37,56,60,4,这老师可真能拖堂，我是后面班级的，外面一堆人在等着，楼道都堵起来了还不下课
126053,1118,王东,2020-09-17 03:26:15,45,47,2,国际商务上计科，多少沾点
126087,1118,王东,2020-09-17 08:49:44,49,50,1,混子一个，课程毫无营养
126263,1118,王东,2020-09-21 06:48:59,48,51,3,这个人是真的tmd傻逼。完全没有在认真教学一直装逼。“Hello World”都tm能被他复杂化。\n\n听我的，没有编程经验的避开他的课。我本科学过编程所以本来就是来混分的。但我身边没有编程基础的全都听不懂。真的误人子弟。上他的课一定会后悔，就是个王八蛋。
126365,1118,王东,2020-09-24 01:39:49,26,29,3,这老师怎么又拖堂，放爷进去上大物！
126458,1118,王东,2020-09-27 12:02:15,45,47,2,真正会用word的人都是用Word2003。。。。\n\nPython语言这个老师居然说自己有事就翘课了？？？还提前下课。上到现在就安装了个Python，啥都没教，天天吹逼
127122,1118,王东,2020-11-09 07:03:35,31,31,0,无聊，装逼
132550,1118,王东,2021-02-02 08:26:15,17,18,1,上课不准时 迟到了也理所当然 上课的ppt没什么用 讲得都是课本的东西
134090,1118,王东,2021-03-15 14:08:15,40,43,3,当尝试联系这个新生之友而无果时\n\n查老师的评价就显得真实客观了许多\n\n不奢求您主动联系了，但发邮件您也没回\n\n您既然这么高冷，又何苦屈尊做新生之友呢
140251,1118,王东,2021-09-07 01:31:16,64,64,0,本科四年遇到的最差的老师，不配做老师，各方面都垫底的存在
140462,1118,王东,2021-09-14 15:13:00,8,10,2,学院怎么还不取消这种浪费生命的课，还不能免听？？？
140643,1118,王东,2021-09-14 15:06:41,11,13,2,这门浪费生命的课怎么还不停开？为什么不能免听？？？？学院就不能管管么
141007,1118,王东,2021-09-21 05:37:43,14,17,3,这门课怎么还不停开？？？浪费生命。还不能免听。校长信箱投诉去了
141018,1118,王东,2021-09-21 14:27:50,11,13,2,为什么不能免听？学院为什么不停开这种垃圾课程？？？
141051,1118,王东,2021-09-22 08:25:58,21,22,1,国际电子商务这种浪费生命的课怎么还不停开？？？还不能免听！学院难道不管管么，整个学院最奇葩的课程，除了整学生屁都不会的人，有什么资格上课？
141073,1118,王东,2021-09-23 02:23:54,22,24,2,学院为什么还不停开国际电子商务
141123,1118,王东,2021-09-24 03:07:51,27,29,2,用最古老的页面（ppt上的演示图片是windows2003的界面）、最陈旧的知识（word怎么用）、最浮夸的吹牛技术（只会说“培养it能力”，其实言之无物）讲python（上了两堂课甚至没几次打开过python软件）。拉低经院老师的平均水平，听他的课就是一种煎熬。
141148,1118,王东,2021-09-24 15:42:49,24,26,2,高高在上，不把学生当人
141163,1118,王东,2021-09-25 08:22:59,21,23,2,怎么会有这么差的老师
141203,1118,王东,2021-09-26 06:24:27,25,26,1,真够烂的
141352,1118,王东,2021-09-30 08:59:08,38,40,2,这老师我真无语、天天提倡探索探索、真实脑瓜子装的东西都是些过时的经济逻辑思维、但装逼方面我也是认可的、没看过这么能装逼的老师、简直是教你怎么装逼、怎么拖堂、怎么迟到的课程、连一点的责任感都没有吗？
141353,1118,王东,2021-09-30 09:00:36,22,24,2,三个字
141360,1118,王东,2021-10-01 03:08:17,26,28,2,布置作业不知所云，只会装自己很牛b，这种伪学者还是早点退休吧
141735,1118,王东,2021-10-23 11:52:57,24,25,1,我不知道该怎么解释。
141956,1118,王东,2022-07-02 03:23:06,100,103,3,学院怎么不看看这个课到底上了什么，到底布置了什么荒谬的作业，这么一个尸位素餐的老师凭什么占用教学资源！\n\n另外，开学了还不出分！！！\n\n恭喜混子喜提经院最低分!
142230,1118,王东,2021-11-09 03:02:41,18,23,5,太辣鸡了
142313,1118,王东,2021-11-10 06:07:10,32,34,2,这布置的作业也是醉了，自己都搞不懂的东西还在那里误人子弟，无耻之尤
142398,1118,王东,2021-11-11 03:49:58,40,43,3,11月11日，早上8点到9点35的课全班只有10个人去，9点50到11点25的课全程没有说过一个字，全班人和他一起在那里浪费生命，不知所云地自己干自己的事。所幸今天督导目睹3、4节课惨状全程，早点开除这种老师吧，停了这种傻逼课了吧
142542,1118,王东,2021-11-13 01:18:44,46,46,0,经院最差老师，祝早日收敛到1分，早点滚出经院。学院需要热爱研究和教学的学者，不是这种不懂装懂的混子！
142637,1118,王东,2021-11-15 01:15:52,37,39,2,要是能打0分早就毫不犹豫了！布置的作业自己都不知道是什么，什么都讲不清楚，还要点脸么？
142941,1118,王东,2021-11-17 15:04:14,33,35,2,国际电子商务上的什么鬼，期末还闭卷考试！脑子有病！
142992,1118,王东,2021-11-18 04:28:55,42,44,2,现在高水平的，清北复或者海外知名高校的年轻学者进浙大经院的门槛如此之高，这种老混子却还霸占着岗位毒害学生，拉低学院和学校的水平。真是魔幻而可叹！
143112,1118,王东,2021-11-19 05:39:38,28,29,1,课上的这么烂，还点名，臭不要脸
143282,1118,王东,2021-11-23 01:25:14,27,29,2,烂得不想说话。这煞笔早点退休学弟学妹们早解放
143403,1118,王东,2021-11-25 07:01:46,24,25,1,作业是什么鬼
143540,1118,王东,2021-11-26 07:34:53,25,27,2,经院之耻
143566,1118,王东,2021-11-27 06:35:48,33,34,1,国际电子商务是有史以来最烂的课程，也是经济学院乃至整个浙大最垃圾的课程
143596,1118,王东,2021-11-28 08:40:59,23,24,1,自己什么都不懂，还最不负责，还装逼。
143689,1118,王东,2021-12-02 03:35:49,20,20,0,大计基即视感 讲得真差
143727,1118,王东,2021-12-03 02:17:39,20,21,1,目中无人，喜欢装逼的大傻逼
143765,1118,王东,2021-12-05 11:11:21,26,27,1,最不负责的混子，上课跟喝醉了一样
143784,1118,王东,2021-12-06 07:04:41,16,19,3,有被恶心到
143865,1118,王东,2021-12-09 08:41:48,19,22,3,布置的作业到底什么意思，讲清楚有那么难么
143911,1118,王东,2021-12-12 08:35:46,21,22,1,滚啊！忍无可忍了！
143986,1118,王东,2021-12-15 08:28:30,26,28,2,无聊，恶心，这种垃圾课不停开，学院有重大责任！不知道耽误了多少学生
144154,1118,王东,2021-12-20 00:16:57,21,21,0,去死吧
144812,1118,王东,2021-12-24 08:00:35,18,22,4,赶紧退休滚蛋！
145278,1118,王东,2021-12-28 16:38:03,23,25,2,早日收敛到0
145828,1118,王东,2022-01-03 04:53:21,20,22,2,有被恶心到
147813,1118,王东,2022-01-11 02:21:51,20,22,2,弹劾王东。王东下课！
147901,1118,王东,2022-01-11 06:22:07,21,22,1,课程和老师都很离谱，点名还多
148349,1118,王东,2022-01-12 08:09:33,17,19,2,期末考得是什么垃圾题
149755,1118,王东,2022-01-16 17:35:23,18,19,1,真烂！！！
150101,1118,王东,2022-01-19 16:16:45,22,23,1,除了点名整学生，真的是屁都不会。这种垃圾还占用浙大宝贵的教学资源，浪费学生的生命，太可恨可耻了。赶紧滚，让有科研能力，对学生负责的老师上课！
150302,1118,王东,2022-01-22 01:45:25,15,16,1,王东去死
150306,1118,王东,2022-01-22 06:07:47,14,17,3,哪里能举报国际电子商务这课，这老师可以评为教学事故了吧。
150378,1118,王东,2022-01-24 01:29:27,17,17,0,出分慢的一批，这么多作业这煞笔估计都看不过来
150422,1118,王东,2022-01-25 03:55:27,28,29,1,王东还能继续在浙大教书，我们每个国贸人都有责任😅
150444,1118,王东,2022-01-27 04:52:37,24,25,1,已经写了书记信箱。这种水课不淘汰，经济学院有很大的责任。再不彻底整改，不知道还有多少届学弟学妹要受这门课的罪
150504,1118,王东,2022-01-27 16:03:34,17,19,2,考完到现在快20天了还不出分，不免“担心”老师是不是因为某些不可抗力，比如离开这个美好的世界，所以出不了分。
150521,1118,王东,2022-01-30 05:56:32,14,16,2,决不能让王东再祸害学生了！我们要热爱教学和研究的学者，不要这种没有科研能力，教学毫不负责，不懂装懂又毫无人性的垃圾。
150608,1118,王东,2022-02-11 03:02:36,15,16,1,整个经院唯一一个1分老师。希望学院加强末尾淘汰，开除这种不合格老师。另外，1月11号考的试一个月还不出分！
150668,1118,王东,2022-02-12 00:39:41,12,12,0,一个多月还不出分。。。。。。垃圾！
150698,1118,王东,2022-02-14 04:38:51,9,11,2,都快开学了...还没出成绩🤣
150702,1118,王东,2022-02-17 16:58:34,11,14,3,正是因为有这种老师，浙大经院才评不上双一流！！！！！
150917,1118,王东,2022-02-21 05:13:30,9,11,2,考试结束快50天还不出分
151021,1118,王东,2022-02-22 03:48:19,18,19,1,给分不好
151157,1118,王东,2022-02-23 15:23:59,19,21,2,不可描述得差
151655,1118,王东,2022-03-10 11:28:35,18,21,3,取缔这门课吧
153014,1118,王东,2022-04-23 14:22:15,16,18,2,淘汰水课经院才能一流，这样的混子没资格留下
158703,1118,王东,2022-07-01 12:52:10,12,13,1,赶紧滚蛋让学术做得好的年轻人进经院上课！！！！！！
158935,1118,王东,2022-07-03 13:36:59,5,7,2,让人无语一学期
159049,1118,王东,2022-07-05 07:01:48,8,10,2,早日收敛到1
159213,1118,王东,2022-07-08 07:00:40,5,8,3,无语，误人子弟
159217,1118,王东,2022-07-08 07:09:15,8,11,3,害真的很感谢吧，老师最好早点退休，早日休息为好呀
159401,1118,王东,2022-07-16 09:08:43,9,9,0,败坏浙大声誉
160133,1118,王东,2022-09-13 15:14:06,3,5,2,太垃圾了
160199,1118,王东,2022-09-15 02:06:59,6,8,2,“浙大的学生不如经贸大”\n\n“上了我的课就能超过经贸大”\n\n傻逼老师\n\n册那娘
160201,1118,王东,2022-09-15 02:37:01,2,4,2,恼贪老师
160331,1118,王东,2022-09-19 06:53:43,4,6,2,cnm\n\n煞笔东西
160433,1118,王东,2022-09-22 06:59:03,0,3,3,煞笔老师
160806,1118,王东,2022-10-13 04:34:03,5,5,0,崩溃了
164558,1118,王东,2022-12-22 01:47:23,11,13,2,不是，评论区的大家攻击性都这么弱那我可就攻击你们了哈
164669,1118,王东,2022-12-29 11:25:42,24,24,0,怀疑王东的副教授头衔有舞弊嫌疑，此人毫无教学水平和科研能力，希望学院重视
165055,1118,王东,2022-12-29 01:58:17,-1,3,4,依托答辩
165058,1118,王东,2022-12-29 02:22:16,23,25,2,多年以后，我会忘记在校期间学过的课程，忘记校园的一花一木，忘记曾经的同学伙伴，但我绝不会忘记王东老师最爱的word2003。\n\n以word2003为代表的IT素养能力，让我终生受用，是一辈子的财富。可能这才是大学之道、名师风骨吧。\n\n真的很感谢王东老师，也请允许我用我们家乡的方言向您表示最诚挚的感谢：“王东老师，密麻麻石蜡”😋
165472,1118,王东,2023-01-06 17:23:36,1,4,3,烂透了
166576,1118,王东,2023-01-13 01:34:11,8,9,1,希望新冠早日战胜王东，cnm
166983,1118,王东,2023-01-14 13:05:33,10,12,2,在浙大不听王东老师的课，就好像中国没有汪精卫。\n\n没有更好
167631,1118,王东,2023-01-18 01:25:11,7,10,3,王也中我骑着你爹艹你罵
167893,1118,王东,2023-01-20 02:39:50,2,5,3,为什么没有0分，我1分也不想给
168173,1118,王东,2023-01-31 10:14:21,7,7,0,真的，这给分。。。\n\n求求您别祸害学生了，真的无语。。。
168184,1118,王东,2023-02-01 07:01:27,6,7,1,无语🙄
168186,1118,王东,2023-02-01 07:41:02,3,5,2,第一次评分 为什么没有0分
168267,1118,王东,2023-02-08 03:40:27,-3,1,4,h h h
170037,1118,王东,2023-03-01 05:39:42,4,6,2,一门💩课
170846,1118,王东,2023-03-10 10:10:48,1,2,1,哈哈哈哈
172642,1118,王东,2023-05-03 03:47:17,7,7,0,收敛于一
173172,1118,王东,2023-05-15 02:17:14,15,18,3,东子 你这是在干什么 课教的够烂 一点实质性内容没有 这也就先不说，毕竟你水平低能理解 但你未免有点缺少自知之明了 听到封校的消息课上到一半直接卷铺盖跑了 丢下一教室的学生 你的师德被狗吃了？一句话里面嗯嗯啊啊呃呃语气词能占百分之八十 ，如果自己脑袋里面都含混不清那怎么好意思教学生？骂你也没啥意思 毕竟混了几十年也够没皮没脸  草 说半天真是忍不了了 王东你吗死了
173176,1118,王东,2023-05-15 02:41:57,3,6,3,东子 你这是在干什么 课教的够烂 一点实质性内容没有 这也就先不说，毕竟你水平低能理解 但你未免有点缺少自知之明了 听到封校的消息课上到一半直接卷铺盖跑了 丢下一教室的学生 你的师德被狗吃了？一句话里面嗯嗯啊啊呃呃语气词能占百分之八十 ，如果自己脑袋里面都含混不清那怎么好意思教学生？骂你也没啥意思 毕竟混了几十年也够没皮没脸  草 真是忍不了了 王东你吗死了
173478,1118,王东,2023-05-25 16:02:15,8,8,0,开除这种人渣
173555,1118,王东,2023-05-29 03:22:38,2,6,4,纯纯恶心人，一点能力都没有，硬要学生上课
173556,1118,王东,2023-05-29 03:24:21,9,10,1,这老师真的不行
173557,1118,王东,2023-05-29 03:25:08,3,6,3,pua大师
173558,1118,王东,2023-05-29 03:27:14,7,9,2,无脑点名，不考虑学生诉求，故意刁难。
173561,1118,王东,2023-05-29 03:55:07,5,7,2,课程完全没有营养。老师迷之自信，兴趣是玩弄学生
176079,1118,王东,2023-06-27 14:51:01,5,5,0,这课就是用来增加绩点随机性的
178525,1118,王东,2023-07-13 11:38:27,1,3,2,快逃啊
180224,1118,王东,2023-09-20 15:11:42,17,19,2,国贸这专业这么多年还不把这么傻逼的老师这么逆天的课程取缔掉，害了一届又一届的国贸学子，也难怪保研率再创新低，专业建设得依托答辩。\n\n失望失望还是失望，这就是浙大国贸
180695,1118,王东,2023-09-25 03:15:29,4,5,1,凭什么用保研来威胁
180762,1118,王东,2023-09-26 02:09:17,-2,1,3,……很无语
186101,1118,王东,2024-01-08 11:14:47,-17,2,19,诋毁王东、质疑王东、理解王东\n\n大四老狗突然好想知道为什么王东教授经常说浙大国贸学子不如外经贸学子了\n\n起码从培养方案的设置上，确实是这样的\n\n王公千古
187205,1118,王东,2024-01-15 04:44:47,17,17,0,从学期初看查老师评价疑惑什么样的老师能这么的烂，到学期考完试我只想说：王东，nmsl\n\n还有那个和王东说卷子难度太简单让他提升难度的某个傻逼，原先论述题只需要背一章的内容，现在倒好，一整本不知所云的书都是可能考到的大题的范围。我也亲切的用前面学长的家乡话和你说：密麻麻石蜡
188683,1118,王东,2024-01-19 14:11:43,9,10,1,我就是一整个后悔为什么不大四再修这门破课
189467,1118,王东,2024-01-24 13:48:56,5,6,1,彼阳的晚意，初升的东曦
190150,1118,王东,2024-02-24 05:35:00,12,14,2,为何久久不出分
190532,1118,王东,2024-03-07 09:46:45,-15,7,22,sweet boy 帅东哥，除了给分慢没毛病
190536,1118,王东,2024-03-07 10:45:39,6,8,2,一坨，一大坨
197130,1118,王东,2024-07-08 04:18:39,13,14,1,国贸培养方案终于改了，这破课终于不是必修了
198364,1118,王东,2024-09-08 03:32:48,13,14,1,退休，滚出浙大！
199130,1118,王东,2024-09-18 19:34:55,9,11,2,垃圾中的战斗机
199441,1118,王东,2024-10-03 15:42:40,18,19,1,恭喜王东携连续十年经院最低分荣誉称号退休！\n\n快滚啊！
200583,1118,王东,2024-12-22 03:36:55,12,13,1,水平不如小学生，不过这学期是最后一次开课了
201322,1118,王东,2024-10-31 15:24:52,11,12,1,我直接在这里拉屎\n\n⠀⠀ ⣀⣤⣤⣀\n\n⠀⠀⠀⠀⣠⠟⠁⠀⠀⠀⠀⠙⣆\n\n⠀⠀⠀⣴⠁⠀⠀⠀⠀⠀⠀⠀⠀⢷\n\n⠀⠀⠀⡇⠀⠀⡴⠀⠀⡴⠀⠀⠀⠀⡆\n\n⠀⠀⠀⡇⠀⠀⠀⠀⠀⠀⠀⠀⠀⠀⠇\n\n⠀⠀⠀⢿⠀⠀⣤⣀⣀⣤⠀⠀⠀⣼\n\n⠀⠀⠀⠀⠳⣀⠀⠀⠀⠀⠀⢀⡴⠁\n\n⠀⠀⠀⠀⠀⠈⠛⠶⡆⠀⠀⢿⠀⠀⠀⠀⣀⣀⣀⣀⣀\n\n⠀⠀⠀⠀⠀⠀⠀⣴⣴⠛⠃⠀⢻⠀⠀⠸⡀⠀⠀⠀⢀⠇\n\n⠀⠀⠀⠀⣠⣴⡿⠋⠀⠀⠀⠀⠀⣇⠀⠀⡇⠀⠀⠀⢸\n\n⠀⣴⠟⠛⠉⠀⠀⣠⣶⠋⠀⠀⠀⢹⠀⠀⡇⠀⠀⠀⢸\n\n⢠⠃⣶⠶⣺⡿⠿⠶⠾⣦⡀⠀⠀⠀⣇⠀⡇⠀⠀⠀⢸\n\n⠘⠳⠾⣯⠁⠀⠀⠀⠀⠀⠀⠀⠀⠀⢹⠀⡇⠀⠀⠀⢸\n\n⠀⠀⠀⣿⠀⠀⢸⣀⠀⠀⠀⠀⠀⠀⡾⠀⡇⠀⠀⠀⢸\n\n⠀⠀⠀⣿⠀⠀⣿⣰⠾⠿⠿⠿⠿⠿⠶⢦⣷⣤⣤⣤⠞\n\n⠀⠀⠀⡟⠀⢠⠃⣇⠀⠀⠀⠀ ⠀⠀⠀⠀⠀⢠⠃\n\n⠀⣠⡶⠃⠀⣿⡄⠈⢲⠀ ⡟\n\n⢠⣿⣿⣿⣿⣿⣿⠀⡏⠀ 💩 ⠀⣸\n\n⠀⣿⣿⠀⠀⢿⣿⣸⠀⠀⠀⠀⠀⠀⠀⠀⠀⢀⠃\n\n⠀⠙⠁⠀⠀⠘⠋⠛⠒⠒⠒⠒⠒⠒⠒⠒⠒⠋
208719,1118,王东,2024-12-31 13:03:20,10,10,0,太难受了，据说下一届的培养方案没有国际电子商务课了，我真他妈感叹生不逢时。。。。。。
208900,1118,王东,2025-01-03 08:10:00,0,1,1,考完了，不会
214637,1118,王东,2025-02-15 11:26:24,5,5,0,老师要退休了，其他不评价，有一点还是说得对的 垂直电商平台是未来的主流。最近深深的感觉到了这个趋势
214767,1118,王东,2025-02-17 18:21:28,3,3,0,退休了
216764,1118,王东,2025-03-24 08:35:43,2,2,0,快点逃。
4804,1216,杨晓兰,2015-06-29 04:28:20,2,8,6,美美嗒女神姐姐！
7001,1216,杨晓兰,2015-08-25 06:09:06,1,4,3,好
8582,1216,杨晓兰,2015-09-22 17:36:39,1,3,2,讲得不错
9452,1216,杨晓兰,2015-10-27 17:54:04,3,5,2,女神姐姐！
27974,1216,杨晓兰,2016-06-28 07:56:23,1,3,2,思路很清楚，真女神
30446,1216,杨晓兰,2016-07-01 15:24:32,1,2,1,很不错，是实验经济学和行为金融的前沿代表人物
32437,1216,杨晓兰,2016-07-06 23:29:19,11,15,4,讲真。上课其实学不到什么东西，考试就是抄a4纸。至于行为金融最重要的实验设计思维的训练基本没有涉及。勿喷，其实经院干货课真不多。
51404,1216,杨晓兰,2017-06-05 03:59:33,0,0,0,考试开卷吗
60400,1216,杨晓兰,2017-10-19 06:20:30,-1,0,1,很好很温柔的老师
154857,1216,杨晓兰,2022-06-06 08:17:16,2,2,0,研究生慎选，作业是帮她写两篇微信推文和一个附代码原创的量化投资策略，上课内容也跟本科没区别，很无语
14842,1291,黄先海,2016-01-10 04:24:27,12,22,10,上的是国际经济学专题研究，刚开始讲的内容比较浅显，但是会引导你思考比较有趣的问题。但是论文要求蛮高，要求有建模有理论模型，让文科生情何以堪啊！！
25365,1291,黄先海,2016-07-01 19:41:48,-12,13,25,极不负责，要求又高。
82446,1291,黄先海,2018-07-08 08:07:49,11,14,3,虽然中级国贸黄老师只来上了两节课，但我觉得老师讲课蛮好的，讲的也都是干货。
104784,1291,黄先海,2019-03-28 02:03:32,11,12,1,好院长
105899,1291,黄先海,2019-04-23 02:07:55,15,15,0,不错的体验，中美贸易战和浙江民营经济有深刻的见解
106084,1291,黄先海,2019-04-25 02:03:24,24,25,1,院长没什么架子，人很好
106170,1291,黄先海,2019-04-25 12:01:57,7,7,0,听讲座还是不错的
106306,1291,黄先海,2019-04-26 09:47:19,6,6,0,非常不错
107616,1291,黄先海,2019-05-07 23:00:38,4,4,0,不错的
107763,1291,黄先海,2019-05-09 10:50:54,4,4,0,要求很高
107792,1291,黄先海,2019-05-10 01:27:15,3,3,0,严格，认真
107844,1291,黄先海,2019-05-10 11:08:40,2,2,0,中级国贸对科研有很大帮助
107872,1291,黄先海,2019-05-11 00:15:41,2,2,0,有思想
107886,1291,黄先海,2019-05-11 00:27:17,1,1,0,上课虽然次数不多，但干货多
107929,1291,黄先海,2019-05-12 01:54:07,-4,0,4,。。。。。。
107951,1291,黄先海,2019-05-12 09:56:04,1,1,0,科研辅导很好
107987,1291,黄先海,2019-05-12 14:36:25,2,2,0,干货多
108006,1291,黄先海,2019-05-13 00:00:07,2,2,0,课次数不多，精华多
108058,1291,黄先海,2019-05-14 02:26:16,2,2,0,不错的
108153,1291,黄先海,2019-05-15 16:31:05,3,3,0,很不错的，干货多
123095,1291,黄先海,2020-05-09 07:26:22,2,2,0,最近关于复工复产的讲座挺好的
123380,1291,黄先海,2020-06-07 14:44:01,1,3,2,上课的次数偏少
132903,1291,黄先海,2021-02-04 17:03:02,3,3,0,副校长还会上课嘛
159122,1291,黄先海,2022-07-06 13:16:41,0,1,1,给分高就给老师评分高，给分低就评分低，逻辑就是这么简单
208662,1291,黄先海,2024-12-30 13:50:28,-4,0,4,经济学院对外交流爆出这么大的事件，在事件脉络如此清晰的情况下，学校方面充耳不闻，毫无行动？莫非还在研究？
210681,1291,黄先海,2025-01-09 17:27:38,-4,0,4,堂下何人，竟敢状告本官。什么经院交流造假，来人，拖下去打死。
12318,1304,俞洁芳,2015-12-23 03:06:02,-9,7,16,哈哈哈
19877,1304,俞洁芳,2016-01-25 12:59:45,-5,16,21,上课还可以，经常安利浙大研究生怎么考，但是考前给的重点。。。呵呵了
21511,1304,俞洁芳,2016-02-29 05:33:26,1,8,7,好好好
21556,1304,俞洁芳,2016-02-29 07:50:30,-8,9,17,有毒\n\n
31212,1304,俞洁芳,2016-07-03 11:29:04,-8,8,16,有毒！
31214,1304,俞洁芳,2016-07-05 03:51:54,-8,7,15,上课没有什么养分 呵呵呵
31222,1304,俞洁芳,2016-07-04 03:34:44,-9,9,18,绩杀!
31343,1304,俞洁芳,2017-02-03 13:22:53,11,19,8,好老师！
32884,1304,俞洁芳,2018-03-06 10:23:46,-11,3,14,有毒，为什么同组分都低?
33050,1304,俞洁芳,2017-07-02 02:37:51,13,28,15,老师很漂亮很耐心 感觉期末试卷挺难的考得很细 但是老师自己也说了要靠上课认真听而不是考前给重点 最后给分觉得还是很好的啊 那些4出头还说老师绩杀的学霸的世界我不懂…
33197,1304,俞洁芳,2016-09-15 13:53:17,12,20,8,认真听讲真的能学到东西
44921,1304,俞洁芳,2017-01-18 13:49:53,0,4,4,国际财务管理上课发言登记，不喜发言的同学慎选。给分还不错。
45514,1304,俞洁芳,2017-01-19 16:04:37,9,14,5,国财不难，上课屁屁踢很重要要发言，老师人很耐心，人特别好
47650,1304,俞洁芳,2017-02-12 14:01:53,17,23,6,感觉国财考试有种怪怪的感觉，考前把PPT认真的看了一遍但是答题的时候还是有些没有底呀，选择判断听同学说在题库里都有，但是题库确实太多了，没来得及刷，平时没发过言，但小组的报告做得很认真的，最后90，听说有学霸考90分还吐槽老师是绩杀？诶……老师对待课程还是很认真的，就是上课讲鸡汤太多，另外希望老师抽同学发言的时候还是多给那些不太积极的同学更多机会吧(感觉发言的总是那几个同学，都认识了…)
48544,1304,俞洁芳,2017-03-07 04:11:01,7,14,7,真女神
55432,1304,俞洁芳,2017-07-01 13:14:03,-25,7,32,点名多 给分一半 很认真的一个学期最后只有4出头 感觉被杀了 希望老师以后能够更多的照顾一下学生的成绩 上课重复的说教少一些 别的还是不错的
55499,1304,俞洁芳,2017-07-01 16:05:33,0,10,10,老师声音跟少女似的，听起来很年轻。上课也充分展示了自己的学生，但是听不进去我也没办法啊 ?考试跟复习的内容完美错开，给分3.9也还行。辅修狗表示知足了
55533,1304,俞洁芳,2017-07-01 23:59:58,-8,6,14,觉得给分一般啊 可能没有给低分但是不给高分也很蛋疼哇?
69658,1304,俞洁芳,2018-01-25 07:18:52,15,19,4,国财给分也太好了吧 本来以为崩了！结果差一分满绩！老师我超级爱您的呃！！
69663,1304,俞洁芳,2018-01-25 07:30:53,14,16,2,老师很温柔人也很好，给分也很厚道
69667,1304,俞洁芳,2018-01-25 07:37:39,6,12,6,以为崩了的国财差一门满绩，老师真的太太太太太好了！！！
69684,1304,俞洁芳,2018-01-25 08:08:58,12,13,1,给分很良心。
70015,1304,俞洁芳,2018-01-26 03:19:05,8,9,1,挺好的 给分棒 PPT也很清晰
78779,1304,俞洁芳,2018-05-15 06:58:37,-7,3,10,催眠大师
81130,1304,俞洁芳,2018-07-04 05:56:35,8,11,3,还没出分就来给老师打分? 期末考选择题的答案忘了抄进统一写答案的表格里，跟老师说了一下，老师特别善解人意帮我从每道题里找了我写的答案！真的很nice的老师了！
81966,1304,俞洁芳,2018-07-06 16:04:20,-6,4,10,绩杀!
84858,1304,俞洁芳,2018-07-14 05:46:50,-6,5,11,又水又无聊，天天讲鸡汤
102378,1304,俞洁芳,2019-02-01 09:47:13,1,5,4,老师讲得还是很棒的人也很nice！
102511,1304,俞洁芳,2019-02-04 03:58:57,0,4,4,老师不错
104721,1304,俞洁芳,2019-03-26 11:34:14,9,12,3,上课讲内容少，说怎么怎么写论文，鸡汤比较多。
109690,1304,俞洁芳,2019-06-18 11:47:12,-1,2,3,好好好
111808,1304,俞洁芳,2019-07-02 23:47:05,4,8,4,俞姐姐是三个国金老师里最好的一个。讲课最好给分最好。
111838,1304,俞洁芳,2019-07-03 00:46:00,2,5,3,上课好喜欢讲些无聊的东西
111927,1304,俞洁芳,2019-07-03 03:08:35,-1,2,3,老师给分挺好的，人也很温柔！☀️
111961,1304,俞洁芳,2019-07-03 04:41:57,-2,1,3,刷分的，国金这门课确实挺难背的。老师给分比其他两个老师要好。
112126,1304,俞洁芳,2019-07-03 17:06:09,3,5,2,人也许很好吧..但讲课不敢恭维......怎么能每次提到什么内容都说“这个东西我随便讲讲，具体的你们看书”？？废话超多，总是说“你们论文应该怎么样怎么样，你们应该做什么什么课题，你们要趁着有时间多去修别的课......” 很迷
122476,1304,俞洁芳,2020-02-29 06:55:35,4,5,1,如果让我客观一点评价，我还是挺喜欢俞老师的。优点是老师声音好听，性格温柔，不会故意为难人，而且最后给分都还挺好的，没有特别不满意的什么地方。而且老师讲的有些东西虽然可能和课程关系（确实不大），但是听进去了以后回想一下发现居然有意想不到的用处。课堂虽然没有什么意思，但是听得出老师蛮认真的，而且希望为学生好。
124608,1304,俞洁芳,2020-07-03 15:34:19,4,4,0,老师很好，但是讲课的内容和考试差的好多。。不如好好背书能拿一个高绩点，害
124614,1304,俞洁芳,2020-07-04 00:00:35,4,4,0,这学期很绩杀，一水儿都是3.3，3.6，课否上有很多评价，后来者可以看看
124624,1304,俞洁芳,2020-07-04 04:22:03,5,7,2,客观来讲，老师上课态度是很认真的。但是，就本学期线上教学而言，给大家的讲义完全和最开始上的慕课对不上，而且讲义内容很浅，很多内容都是一笔带过。比如说，在国际资本流动的章节中，关于国际债务危机的教训，就只提到一个把握合适的债务比，那什么算是合适的？其实完全没有说清楚。这就导致，复习的时候，讲义完全不能用。最后考试的时候，选择题出的极细，我真的不知道考布雷顿森林体系奠定基础的会议，它的意义是什么？最后的简答题也是，背了这么多汇率制度，汇率决定理论都不考。考了个奇奇怪怪的疫情期间的人民币国际化，那我请问，这怎么能体现出学和不学的差距呢？真的很迷惑啊，认真背了，还是这个成绩。。。
124653,1304,俞洁芳,2020-07-13 13:16:32,7,8,1,1.先说本学期情况：我是之前那个感觉三个国金班评分标准似乎不太一样的（因为再次评论是直接修改原先的，所以看不到啦），现在三个班的分都出完了回来反馈下：仅按照我所得到的信息来看，俞老师班的分确实比别的老师要低一些。虽然助教还说我们班考得是比较好的，我只能不负责任地猜测其他老师调分了吧。助教说平时分也基本给满了，然而我们班依然是大片的3.3 3.6，虽然有“考得好的同学不会蹦出来说我考得很好”的因素，但整体情况还是比较惨。依然很迷惑...只能说出乎意料吧，不过也只是这一学期的情况（突然绩杀），所以也不太能成为学弟学妹选课的绝对参考。 2.关于这门课本身：俞老师上课态度很好，但ppt有些过于简略，扩展话题很多，但浅尝辄止。个人感觉和课堂相比，把教材通读一遍更能有效扎实地得到一些国际金融的基本知识（当然像我这样考前两天才开始熬夜看书的five另说，除了黑眼圈得不到什么）。国金知识点偏记忆性的也比较多，复习还是至少提前一周开始比较轻松。平时的话是论文（本学期为国际金融相关话题任选，3000-5000字左右）+一次小组展示，负担不是很大，不用担心。
124946,1304,俞洁芳,2020-07-25 01:50:15,6,7,1,如果有0分我就要给0分了～如果你是一个认认真真勤勤恳恳的学生，却想在专业课收获无法直视的好成绩，请选俞洁芳老师。
125748,1304,俞洁芳,2020-09-14 02:38:51,4,4,0,说好的国金就是背背的呢TAT，认真背了好几天和不背的差不多嘛！
132650,1304,俞洁芳,2021-02-03 06:38:03,2,3,1,这些课本身教材等编排质量不行，老师还是已经尽力去上了，而且人很好，貌似其他学校相关的课程也算不上什么…
140781,1304,俞洁芳,2021-09-16 04:12:57,6,6,0,水平低，事情多，给分差
142013,1304,俞洁芳,2021-11-04 03:10:46,4,6,2,我愿称其为经院事情最多的老师
155431,1304,俞洁芳,2022-06-19 14:11:55,8,8,0,考前十分许愿老师别挂我。(๑ó﹏ò๑)
158181,1304,俞洁芳,2022-06-27 10:42:00,-2,4,6,老师人挺好的
158191,1304,俞洁芳,2022-06-27 11:31:57,-4,4,8,老师好温柔，给分也不错
158407,1304,俞洁芳,2022-06-29 04:47:34,20,22,2,老师人很温柔，也很乐于解答同学问题。但是上课实在一般，给分也一般。不过感觉也不是老师原因，这门课知识体系实在太散了，散到期末复习都无从下手。
158433,1304,俞洁芳,2022-06-29 08:52:22,14,17,3,事情又多 有小组展示和5000+论文，天天签到，给分差的要死，期末范围也不说重点一点没有，闭卷占60%，平时分直接给你-5分，这老师真的差死了，千外别选，国际金融学这门课早都该滚出培养方案了
167540,1304,俞洁芳,2023-01-17 06:26:24,1,3,2,1.名义上不点名，但是实际上经常用课堂作业（课上就要做完）点名\n\n2.给分不好，反正不满意\n\n3.课程论文破事一堆\n\n4.学不到真东西，反反复复都在讲汇率等东西，别的东西基本上能在商业银行与管理、金融学、财务管理里面学到。\n\n5.唯一让我满意的就是邀请了一个大佬给我们讲汇率预测，这个讲座有点东西\n\n6.英语口音怎么说呢，有点重但还算能听懂
178166,1304,俞洁芳,2023-07-07 11:24:59,-9,2,11,给分不知道别人怎么样，反正我是觉得很差，尤其与其他专业课相对较好的给分相比，复习了两天和没复习的一个分数，一个3.9把我其他专业课的三个5.0都拉没了。\n\n留下一些给未来上这门课的同学的建议：总结就是这门课内容太多了，无论是选择题还是简答题知识点都非常繁杂，考试我认为得至少提前一个礼拜来复习才能比较全面，然后yjf老师讲课还是很好的（如果忽略老师时不时讲到论文写作等无关的话题），也会说明一些可能的考的较多的知识点，关键还是自己花时间看书听课吧，老师的ppt的内容是完全不够的，不能熟悉书的话很难考到一个满意的分数。
178285,1304,俞洁芳,2023-07-09 13:00:16,1,2,1,我觉得俞老师无论体验和讲课在国金三个老师里应该算最好
178934,1304,俞洁芳,2023-08-02 06:29:35,0,0,0,老师很温柔
184254,1304,俞洁芳,2023-12-14 04:35:11,0,0,0,经院的课，课程内容的编排你懂得
188067,1304,俞洁芳,2024-01-18 06:46:34,6,8,2,2023-2024秋冬国际财务管理，三次纸质表格签到，平时分40%，由小组英文论文（加论文展示）、考勤和发言组成，发言一次加1分，最多把平时分加满。考试全英文，简答题也需要用英文作答，有少量计算，大部分还是记记背背的东西（一共十四章，内容还是很多的，不过如果每节课都听了当堂讲的例题，复习留一天时间就应该可以取得一个比较满意的分数）。就课程内容而言，大部分还是围绕跨国公司如何应对汇率风险、如何进行跨国投资来说的，对这一块感兴趣的同学可以来选一下
808,1310,周夏飞,2015-03-17 09:11:50,51,61,10,好！思路清晰！
1065,1310,周夏飞,2015-03-21 16:03:50,15,20,5,讲的挺好的
1609,1310,周夏飞,2015-03-23 01:55:52,3,7,4,细致
1684,1310,周夏飞,2015-03-23 08:17:06,3,5,2,老师讲得很好
1763,1310,周夏飞,2015-03-24 06:06:11,-1,4,5,爱她！
1785,1310,周夏飞,2015-03-24 15:55:40,6,15,9,女神姐姐！神一样的存在！
1933,1310,周夏飞,2015-03-26 10:40:51,6,14,8,开课在下午678，容易犯困
2009,1310,周夏飞,2015-03-28 14:01:50,18,24,6,讲得仔细
2483,1310,周夏飞,2015-05-04 13:09:35,1,3,2,女神啊。。赞
2588,1310,周夏飞,2015-05-04 15:40:54,5,9,4,女神老师！讲课很好！
3434,1310,周夏飞,2015-06-12 10:40:00,1,4,3,很棒
3617,1310,周夏飞,2015-06-17 01:50:12,5,9,4,天然萌
3836,1310,周夏飞,2015-06-17 05:48:40,1,4,3,讲课超棒
3878,1310,周夏飞,2015-07-14 15:08:20,3,7,4,女神！！！
3961,1310,周夏飞,2015-06-17 11:16:24,1,4,3,很赞的老师 女神！\n\n
5520,1310,周夏飞,2015-07-08 04:38:44,30,35,5,对学生很负责，上课基本三节课都能听下来，很充实很有用！
5621,1310,周夏飞,2015-07-08 16:41:57,1,3,2,赞
6546,1310,周夏飞,2015-07-15 03:29:49,7,11,4,女神讲课很棒很认真很清晰
6569,1310,周夏飞,2015-07-15 12:02:22,14,18,4,什么白毛女红毛女，白娘子绿娘子的，和我们周姐姐比，弱爆了！
6934,1310,周夏飞,2015-08-19 23:40:34,0,3,3,思路清晰，实用性强
8373,1310,周夏飞,2015-09-19 18:50:35,0,3,3,重要的话说三遍！好！
8462,1310,周夏飞,2018-07-03 08:19:10,5,10,5,好多案例和好逗的老师
10109,1310,周夏飞,2015-11-16 08:28:44,11,16,5,来旁听的人总是很多，把教室挤得满满的，还要加座
11632,1310,周夏飞,2015-12-09 00:28:59,0,3,3,好，很好，太好\n\n
12466,1310,周夏飞,2015-12-23 10:54:14,13,17,4,讲得很好，思路清晰，会计学是比较繁琐的一门课，许多细节老师都会多次点出来，很生动，平时认真听，理解记忆起来期末会比较轻松。
15113,1310,周夏飞,2016-01-12 06:15:19,20,28,8,夏总裁一生推
15177,1310,周夏飞,2016-01-20 13:51:39,161,169,8,送你们两句话：青春不折旧，理想不减值！
15217,1310,周夏飞,2016-01-12 16:25:15,1,3,2,超喜欢
15378,1310,周夏飞,2016-01-14 06:32:30,6,11,5,财政班的女神！经院女神！
15476,1310,周夏飞,2016-01-14 14:34:22,5,9,4,大学里超喜欢的老师啊啊啊，好想上完她所有的课哭，老师人真的特别好，太喜欢老师了！！！
16577,1310,周夏飞,2016-01-18 12:11:09,2,5,3,听女神周姐姐的课是一种享受！
18344,1310,周夏飞,2016-01-21 13:00:44,2,6,4,真的超级有意思，讲的好，还很幽默，大家都挤着上她的课！！！
19062,1310,周夏飞,2016-01-23 07:27:37,2,3,1,讲得生动清晰，特别清楚，例子鲜活。老师负责任，耐心给同学们讲题，靠谱
19511,1310,周夏飞,2016-01-24 12:33:31,2,4,2,女神！！一生追
20798,1310,周夏飞,2016-01-31 17:32:04,0,3,3,好好好！
20852,1310,周夏飞,2016-02-02 08:04:41,-1,3,4,好好好
21183,1310,周夏飞,2016-02-26 02:17:25,3,6,3,会计学讲得深入浅出！理论与事例相结合，很好理解，上课认真听讲考试就会有好分数~
22904,1310,周夏飞,2016-03-14 12:32:03,39,43,4,上周看到了女神手挎gucci
22939,1310,周夏飞,2016-03-15 03:37:05,3,6,3,青春不折旧，棒，幽默
25383,1310,周夏飞,2016-05-16 13:26:11,-1,3,4,不错哈
25513,1310,周夏飞,2016-06-22 03:08:13,-1,7,8,老师很认真负责，讲解很细致，讲习题的时候举一反三，很有收获
26026,1310,周夏飞,2016-06-15 06:33:18,9,12,3,每次上课提前一小时到教室也只剩最后几排的座位了，再晚点到就只能坐长椅上了，讲课特别用心，理论和实际相结合，不失幽默感，三节课上下来完全不想水手机，好好做作业好好听课，考试得高分是很容易的事情。最后一节课周老师送给大家的两句话实在是印象深刻:青春不折旧！理想不减值！好老师！
26357,1310,周夏飞,2016-06-17 05:23:15,0,4,4,超级有趣！拓展的东西一定会让你爱上会计学的！女神！绝对女神！
26734,1310,周夏飞,2016-06-21 03:57:36,-1,2,3,老师实在是太好啦！讲课好！思路清晰！要点明确！
27929,1310,周夏飞,2016-06-28 05:54:33,-1,3,4,赞赞赞
27936,1310,周夏飞,2016-06-28 06:12:05,-3,1,4,不能更女神?
28101,1310,周夏飞,2016-06-28 08:06:39,-1,2,3,非常棒
29002,1310,周夏飞,2016-06-29 06:01:20,-1,4,5,想真正学懂什么是财会的，别在其他老师课上浪费时间了。
29539,1310,周夏飞,2016-06-30 02:49:31,0,4,4,真心很棒！
29932,1310,周夏飞,2016-06-30 14:09:30,-2,1,3,女神老师 破费好吧
30447,1310,周夏飞,2016-07-01 15:25:03,0,2,2,女神，对学生负责。
30811,1310,周夏飞,2016-07-02 14:15:31,1,4,3,周夏飞老师属于那种教会计学但不仅限于会计，而是更多的从审计的视角来看问题。非常好的老师！
30832,1310,周夏飞,2016-07-02 15:06:25,63,66,3,学到最后三天才突然明白 人生就是有借必有贷 借贷必相等
30857,1310,周夏飞,2016-07-02 16:28:51,1,2,1,老师上课讲的很好，很仔细，大爱会计学！
31087,1310,周夏飞,2016-07-03 08:08:46,-2,3,5,老师人超好。平时表现不是很好所以一直很担心平时分 结果老师还是给了很高的分数。讲课清晰，人也美，很关心学生。
31362,1310,周夏飞,2016-07-03 17:26:06,-2,1,3,讲课深入浅出，非常有自己的体系，是很好很好的老师，给分客观公正
32722,1310,周夏飞,2016-07-11 15:06:26,-2,1,3,没话说，就是女神
32860,1310,周夏飞,2016-07-19 05:09:19,1,3,2,课讲的真的很好！可是因为我上课没有和她互动所以平时分很低，但是听老师的课能学到很多东西，但是给分真的不水。
33139,1310,周夏飞,2016-09-14 00:23:22,-1,1,2,来蹭课的路过～
35004,1310,周夏飞,2016-10-29 02:48:08,1,3,2,就是求着教务处也要选上的感觉
35027,1310,周夏飞,2016-10-30 16:23:18,1,3,2,讲课超棒啊！快选她的课
39535,1310,周夏飞,2016-12-23 15:21:59,0,2,2,开心的
40833,1310,周夏飞,2017-01-06 01:35:12,-1,1,2,思路清晰，关心学生！
45467,1310,周夏飞,2017-01-19 14:56:22,0,2,2,讲课思路清晰，审计知识扎实，会计通，真的佩服
45562,1310,周夏飞,2017-01-19 22:30:50,8,13,5,和老师平平淡淡一学期，到出分时你会发现，原来你已如此强。
45652,1310,周夏飞,2017-01-20 02:05:31,1,3,2,周姐姐的课真的很棒，上课认真听，复习以PPT为主，会计学学起来很轻松的
46699,1310,周夏飞,2017-01-22 07:32:51,17,20,3,青春不折旧，理想不减值！要是成绩不摊销就好了。给分不错，总体还行
46787,1310,周夏飞,2017-01-22 10:12:21,1,5,4,老师讲课超级棒的，真的很有趣很有收获
48879,1310,周夏飞,2017-07-11 15:06:16,17,21,4,老师上课节奏有点快，很多时候提问有点蒙，给分比较公正吧，虽然不高，但是与我的努力也基本符合，谢谢老师吧
48884,1310,周夏飞,2017-03-15 14:07:28,-18,20,38,不是很懂，老师为什么这么歧视管院的学生？\n\n一定要把学院与学院之间分的那么开？\n\n经院管院非要分出个高低立下来？\n\n知识无国界，没想到想要建成世界一流学校的贵浙知识还要分院系???笑。
51914,1310,周夏飞,2017-06-13 12:49:24,1,4,3,喜欢老师 很用心教 解答问题认真细心 超负责任
52569,1310,周夏飞,2017-06-21 06:48:21,1,3,2,好老師 建議選
53447,1310,周夏飞,2017-06-26 15:29:10,5,10,5,打败了经院99.9%的老师
57123,1310,周夏飞,2017-07-05 14:51:56,12,15,3,嗯……老师人很好而且知识多……但是……不是很有逻辑，有的时候她上课我有点get不到她的点……可能是我的问题吧……
57648,1310,周夏飞,2017-07-11 14:42:18,5,12,7,刚出成绩 是这学期最后出的一科 本来期待很久 结果出乎意料的差 最终均绩还是上不了4。可能是自己太垃圾吧。老师确实很有学问 对学生也很好 但是我平时上课时还是经常get不到逻辑。嗯 应该还是我自己的问题。总之留下一大遗憾。
57679,1310,周夏飞,2017-07-12 08:52:55,0,1,1,非常好
57680,1310,周夏飞,2017-07-12 09:01:07,0,1,1,老师上课比较有逻辑性\n\n
57694,1310,周夏飞,2017-07-12 14:38:17,0,3,3,目前遇到过讲课最好的老师，会计思路很清晰，经常叫我们看报表来理解会计，不仅仅局限于书本......总之力荐
58113,1310,周夏飞,2017-07-31 23:53:08,1,5,4,注意力最集中的三节课，无法分散
59468,1310,周夏飞,2017-09-21 15:09:01,1,2,1,人超级好，讲的超级好。
61922,1310,周夏飞,2017-11-21 19:13:52,0,3,3,简直太好的老师！！！非常为学生着想
64990,1310,周夏飞,2017-12-28 06:40:22,5,8,3,求问非经济会计管理等专业的建议选这个课吗
66426,1310,周夏飞,2018-01-16 08:34:34,1,4,3,真，不管绩点如何，大学以后遇到的最走心最好的老师没有之一，外系修了会计表示想上完她所有的课。
70749,1310,周夏飞,2018-01-27 13:03:24,0,2,2,女神老师，真的超级认真负责，我现在基本看懂报表啦~
72410,1310,周夏飞,2018-01-30 05:28:57,1,3,2,非常好的一位老师，在大学还能碰到这样认真负责的老师已经很难得了。讲课条理很清晰，强调了实用性，而且非常关注同学们的理解能力和学习进度。助教没有认真批改作业的时候，老师也非常自责，她希望看到我们作业反映的真实情况。真的是一位超级好的老师，向所有人强推！
72633,1310,周夏飞,2018-01-30 14:43:44,0,2,2,老师太好了 真的很用心，不好好学习都感觉对不起老师
72635,1310,周夏飞,2018-01-30 14:45:34,1,3,2,超级爱周老师的 学了三个学期的会计学 终于读懂了一切！
72636,1310,周夏飞,2018-01-30 14:56:37,-3,3,6,如果这不是十分 我真的想不出什么是十分了 全方位女神 大学里最精彩的课！
73006,1310,周夏飞,2018-01-31 14:26:51,-5,2,7,上大学以来最喜欢的老师，都想做她的研究生了～
73702,1310,周夏飞,2018-02-02 17:43:27,-1,3,4,老师简直女神！最后考试也比较简单，不像她课上提的问题一样需要转很多弯，给了我4.8，很满意了
74343,1310,周夏飞,2018-02-12 04:19:00,8,14,6,名过其实
75234,1310,周夏飞,2018-03-08 06:28:53,-10,6,16,歧视留学生
75287,1310,周夏飞,2018-03-08 15:08:38,-1,2,3,老师很认真地在让我们听懂学会，还亲自下来督促后排同学听讲，很耐心很细心很负责，最后还会送两句话给我们
75665,1310,周夏飞,2018-03-15 02:33:43,10,14,4,能将会计上升到艺术高度的浙大唯此一人
76235,1310,周夏飞,2018-03-29 14:25:29,1,2,1,一点也不水
76723,1310,周夏飞,2018-04-19 06:28:29,4,10,6,我觉得她上课一直在对国贸专业的学生贴标签。老师有没有合理的逻辑啊。
76755,1310,周夏飞,2018-04-21 04:35:09,0,3,3,老师上课很好啊
77612,1310,周夏飞,2018-05-07 02:11:41,-1,3,4,满分满分！上她的课可太有趣了，深入浅出能学到很多～
80626,1310,周夏飞,2018-07-21 02:37:05,-12,20,32,所谓歧视不过是某些学生上课自己不听的缘故，哪里能怪老师。 上课水水过期末可能和别人差不了他多，但是平庸和卓越的差距就是这么一点点积累的。老师上课非常有趣，认真学给分也好，真的激起了我对相关学科的热情！
80998,1310,周夏飞,2018-07-03 08:44:05,15,25,10,吹得有点过了，确实讲得比较实用，人也真的很好很负责。但带着期待去听还是有点失落，讲课逻辑性实际上并没有很强，经常get不到逻辑点。可能是因为为了兼顾课程的实践性忽视了知识的连贯性？确实老是喜欢问哪个系哪个专业的，实际上讲得知识如果有会计相关的实习就能感到并不是很精妙高深的东西……
83056,1310,周夏飞,2018-07-13 08:39:14,9,11,2,老师的助教很好
83063,1310,周夏飞,2018-07-09 14:51:56,0,7,7,还没出成绩！不过我要先打10分，老师真的是好老师！讲得可以说很细致很有帮助！弄得我都想转专业了…
84473,1310,周夏飞,2018-07-13 02:46:21,-3,4,7,我女神！！！\n\n对企业财务感兴趣的同学公司理财真的可以来旁听一下，三节课在下午都不困。\n\n会计学还是会困的哈哈哈
84942,1310,周夏飞,2018-07-14 12:37:41,1,8,7,女神。老师是90年代初就是注册会计师了，有多年实际操作经验，感觉是实战派而非学院派，人很好而且很厉害。
85309,1310,周夏飞,2018-07-17 01:49:52,-5,4,9,好✪ω✪
85315,1310,周夏飞,2018-07-17 02:27:15,-6,5,11,老师讲课超棒，能把会计课从分录变成会计思维的训练~青春不折旧，理想不减值，夏总一生推~认真听绩点真的很高
85317,1310,周夏飞,2018-07-17 02:52:54,-8,3,11,真的超棒的喔！一直以为会计会很无聊，但是周老师真的把课上得超级有趣  最后绩点也让人满意啦  一生推！
85325,1310,周夏飞,2018-07-17 04:47:11,-8,3,11,好老师，有趣干货！
85335,1310,周夏飞,2018-07-17 05:31:16,-8,2,10,女神！
85353,1310,周夏飞,2018-07-17 07:48:33,14,18,4,感觉努力与结果不成正比
85391,1310,周夏飞,2018-07-17 12:27:11,-11,11,22,吹一波我的夏飞女神！周总裁说，你们以后都是去看账的，而不是去做账的，所以她特别注重培养我们的财务分析能力而非简单的会计分录，她教会我们如何进行以及如何识别企业的盈余管理，这实在是我所热爱的！还记得第一节课老师就给我们分析企业的财务数据，课后我兴致勃勃地找来我投过股票的一家公司，结合了寒假提前学的一点点会计知识，装模作样地分析了番它的财务状况。一个学期渐过，我依然会说会计是我上大学以来听得最认真的一门课！期待中级财务会计！！
85407,1310,周夏飞,2018-07-17 12:18:40,-9,2,11,很棒的老师
85412,1310,周夏飞,2018-07-17 13:03:52,25,49,24,感觉并不能配得上宣传的所谓女神的存在。讲课没有那么好，对留学生和个别专业明显歧视。给分一般吧，专业课不就是看期末考试吗？不必在意平时给分吧，你积极也好不到哪里去，一般水水过也差不到哪里去。
91362,1310,周夏飞,2018-12-06 10:58:29,-11,3,14,周老师的课真的是神仙一般的存在，上课开小差真的是太难了！
91484,1310,周夏飞,2018-12-11 10:28:51,22,31,9,讲课言过其实，其实有相关财务实习的同学根本不会觉得那么神。比较喜欢好学生吧，对专业班比较普通的同学可能就....
92951,1310,周夏飞,2019-01-06 08:02:47,-9,2,11,很享受，认真听课会很有收获~
94187,1310,周夏飞,2019-01-15 13:20:45,3,13,10,不吹不黑，我在这节课上（会计学）真的学到东西了，很多很多东西。成绩高不高，无所谓了。学到了东西，值了。
101296,1310,周夏飞,2019-01-28 03:41:09,-19,5,24,本学期唯一一门满绩，老师超级认真超级负责，就是上课一直认真听有点小累～
101331,1310,周夏飞,2019-01-28 04:27:58,-11,3,14,女神！太棒了！！非常负责，身体不好坚持来上课，讲的也很棒！！！给分很好，爱她！！
101358,1310,周夏飞,2019-01-28 05:30:54,-26,9,35,可遇不可求的好老师，很幸运能选到女神的课，觉得大学上的很值。一学期以来努力控制自己尽量每节课都认认真真听过去了，像楼下说的，这样确实有点小累，但是收获满满。会计学知识很碎很碎，看一遍是不可能记住的，考前书加PPT加笔记来回翻了三遍得有，做了一遍题，4.8。老师说的对，会计学是不能速成的，所以切记切记平时一定要认真听女神讲课，期末复习起来会容易很多。\n\n(不是很明白一有人评论满绩就有人踩他，付出不同收获不同，看开些吧)
105381,1310,周夏飞,2019-07-11 17:30:18,12,36,24,专业歧视 学院歧视 留学生歧视\n\n每节课花在问学院专业是不是留学生等等各种废话的时间占一半\n\n讲课也毫无逻辑\n\n我学识浅薄，这种老师为啥有这么高分？
106175,1310,周夏飞,2019-04-25 12:05:10,22,25,3,过誉了
106315,1310,周夏飞,2019-04-26 09:54:29,14,19,5,歧视太多了
107151,1310,周夏飞,2019-05-02 02:36:32,12,13,1,没有想象的那么好
107385,1310,周夏飞,2019-05-04 15:52:43,-8,5,13,老师对学生很负责，她的特点是，特别重视自己的知识真正得以传授，她有一种很强烈的愿望——要让所有的同学都学到她所能给予的。
107618,1310,周夏飞,2019-05-07 23:03:21,17,24,7,不喜欢上个初级会计学就嘚瑟然后搞专业歧视地域歧视的，考上浙大的能力差距有那么大？国贸有很多极为出色的同学好吧
107767,1310,周夏飞,2019-05-09 10:52:31,6,6,0,讲得细
107799,1310,周夏飞,2019-05-10 01:30:43,10,11,1,配不上那么高的荣誉
107852,1310,周夏飞,2019-05-10 11:11:40,9,9,0,之前评价过高
107873,1310,周夏飞,2019-05-11 00:16:31,12,12,0,过誉的典型
107890,1310,周夏飞,2019-05-11 00:28:57,3,3,0,也就那样
107935,1310,周夏飞,2019-05-12 02:00:06,2,2,0,。。。。。。
107943,1310,周夏飞,2019-05-12 03:32:35,4,5,1,会计学的逻辑讲得不是很清楚
107977,1310,周夏飞,2019-05-12 14:21:37,9,9,0,有点失望
108000,1310,周夏飞,2019-05-12 23:56:18,5,5,0,一言难尽
108018,1310,周夏飞,2019-05-13 03:58:13,12,13,1,配不上9.9那么高
108050,1310,周夏飞,2019-05-14 02:17:52,2,2,0,还可以
108101,1310,周夏飞,2019-05-15 02:05:10,7,8,1,一般。。。。。
108147,1310,周夏飞,2019-05-15 16:28:09,10,10,0,还不错，但没那么神
108186,1310,周夏飞,2019-05-16 06:12:18,11,11,0,并没有想象的那么好，基本的东西还是讲得不错的
108233,1310,周夏飞,2019-05-17 01:51:01,3,3,0,。。。。。。
108525,1310,周夏飞,2019-05-30 16:42:20,1,2,1,。。。
108608,1310,周夏飞,2019-05-29 15:14:19,6,8,2,从9.9到9.5，你们做了什么hhh
109054,1310,周夏飞,2019-06-06 08:37:44,9,9,0,老师很关心学生，有段时间身体不好也坚持上课，所以老师是非常用心投入的。对课堂到课和听课要求都非常高，作业也不能补交，所以你必须要按照老师的步骤去走。有时候也喜欢单独批评留学生到课率低，调侃上课睡觉之类的。讲课偏向实用，所以有时候节奏有点慢。讲课方式可能不是所有人都喜欢，但是不能否定老师很关心学生！内容也很用心！
109099,1310,周夏飞,2019-06-08 07:27:40,2,3,1,废话有点多
111492,1310,周夏飞,2019-07-01 22:18:23,2,3,1,可能是我期望太大。。
111766,1310,周夏飞,2019-07-02 21:42:11,9,10,1,梦到自己3.0，早上五点惊醒，赶紧看下手机，真的出分了。公司理财卷子题量真的太大了T_T
111795,1310,周夏飞,2019-07-06 04:55:53,18,18,0,讲的倒是有不少干货，就是上课太恐怖了，老师太狠
112052,1310,周夏飞,2019-07-03 10:02:48,5,6,1,老师真的很好，很负责任，讲的也很清楚，理论和实务很好的结合。有时候还有点小幽默。真的觉得大学老师这么负责任很难得，还想上她其他的课
113948,1310,周夏飞,2019-07-08 02:20:54,5,5,0,会计学还没出分 就跑来给老师打分\n\n老师情商高，认真负责！爱了爱了～\n\n
114801,1310,周夏飞,2019-07-11 23:24:50,7,8,1,老师没有歧视啊。上课讲话的人，老师提几句有什么不对么？
114816,1310,周夏飞,2019-07-12 00:39:37,6,7,1,我只能说认真负责 会计学是我这学期最认真的一门课 我爱她！
114832,1310,周夏飞,2019-07-12 01:33:24,1,2,1,老师讲课讲的很好，作业布置的也很有针对性，期末考试前把作业过一遍，保证每笔会计分录都会做，期末考试绝对没问题。老师给分也不错
114882,1310,周夏飞,2019-07-12 08:46:10,6,8,2,老师讲的不错，并且认真负责，但是个人觉得热评有点过誉了。
115022,1310,周夏飞,2019-07-14 09:26:35,8,13,5,周老师的会计学课程非常值得一听，深入浅出，生动有趣，认真听了就非常简单，课上理解记忆，课后完成作业即可，几乎不用多少时间。至于谈到的专业歧视和留学生歧视问题，我觉得抱怨和学习认真程度是成反比的，认真听了一个学期的课程，没有觉得老师哪里歧视了，她确实要求严格，抓留学生也是因为很多留学生态度确实不端正，老师希望大家都能学好、过关而已。
115064,1310,周夏飞,2019-07-15 04:12:05,10,12,2,讲课还行，但女神就过誉了
118616,1310,周夏飞,2019-10-29 12:25:45,3,6,3,讲得挺好的
121677,1310,周夏飞,2020-01-20 17:28:21,9,12,3,学习过程很开心，老师讲课清晰而又动人，吹爆
122761,1310,周夏飞,2020-04-01 03:10:36,7,14,7,天下怎么还会有这么负责任的老师？\n\n遇到周老师之前我都以为浙大老师基本上都是在意自己个人生活对学生缺少关心的老师。\n\n女神不是指其他的东西，而是指学习过程非常好。
123301,1310,周夏飞,2020-06-01 06:54:02,-5,3,8,上课节奏飞快
124683,1310,周夏飞,2020-07-06 07:40:21,-6,6,12,不是很喜欢……
135281,1310,周夏飞,2021-05-07 13:00:56,5,5,0,老师讲的很有水平
138259,1310,周夏飞,2021-07-08 07:54:49,3,3,0,最负责的老师之一！吹爆周姐！会计学是我上过最认真细致地一门课了！
138260,1310,周夏飞,2021-07-08 07:56:16,5,5,0,周老师真的是经院里数一数二负责的老师了，对于教学有自己独特的方法，很注重对于财务分析能力的培养而不只是简单的做账，现在回想起来很幸运选了周老师的课，女神姐姐好吧（只要上课作业认真，满绩不是梦）
138262,1310,周夏飞,2021-07-08 08:16:36,3,5,2,老师非常有水平，期末考感觉比平时要难一些，灵活性高，但老师其实是有讲过的。平时比较认真，期末因为其他课的考试没有花太多精力复习，会计分录好多没记起来，所以总评马马虎虎4.2，还是有些遗憾没有多复习一下吧，特别是背一下分录。老师还是非常负责的！
138276,1310,周夏飞,2021-07-08 09:40:45,4,4,0,是这学期线上班的同学，当个性课程选的，完全零基础，老师讲的很生动详细，学到了不少知识，老师也很关心线上班的学习情况，线上班也一样安排了小测，平时作业蛮花心思，期末复习时间不长，但是今年期末感觉不是很难，最后满了。不是水课，学到了很多东西，收获很大。
138359,1310,周夏飞,2021-07-08 16:27:38,2,2,0,很好的老师啦超级负责！
140191,1310,周夏飞,2021-09-04 02:10:45,3,3,0,外专业选修了老师的两门课，老师真的很认真负责，关心学生，进大学以来第一次上课有老师这么关心我（笑哭），课上的真的很棒，从看似”冷冰冰“的记账背后的分析真的相当精彩，收获很大！
141059,1310,周夏飞,2021-09-22 11:52:37,2,2,0,是个负责的老师
141167,1310,周夏飞,2021-09-25 11:53:44,5,5,0,周老师绝对是一位水平很高的老师。从刚上课的稍微不适应到最后考试发现跟着老师思路走完全水到渠成。老师的认真负责、对班上同学的关心以及偶尔的小幽默也是亮点，最后吹爆老师的衣品和气质。女神绝对值得十分！！！
144437,1310,周夏飞,2021-12-21 14:09:34,1,1,0,挺好的。
147045,1310,周夏飞,2022-01-08 13:46:38,1,1,0,学到了最多东西的一节课
148483,1310,周夏飞,2022-01-12 15:46:04,1,1,0,上的会计学。因为是辅修平时摆烂没咋听课（惭愧），但不得不说老师绝对认真负责，很关心我们的学习情况，每节课课前都会有小问题回顾。平时成绩构成是作业+一次线上小测，出分后成绩真的出乎意料（因为作业小测都很摆，期末也是最后冲刺）。回过头来想想如果平时能按部就班或许能学到更多，总之吹爆周老师，选她！
148583,1310,周夏飞,2022-01-13 02:19:58,4,4,0,讲课语速比较慢，不过很适合我。上课节奏非常好，不会出现一节课内容太多学不过来或内容太少老走神和期末赶进度的状况。然后周老师的衣品真的很好很好人很有气质啊！选上了下个学期的公司理财，先狠狠期待一波。
150079,1310,周夏飞,2022-01-19 01:42:28,3,3,0,（研究生课程）周女神的课一遍就能听懂！女神原创的财务分析方法超实用o(≧v≦)o成绩是出乎意外的高分哟(ღ˘⌣˘ღ)
150818,1310,周夏飞,2022-02-19 03:22:45,-19,3,22,歧视非会计专业的
151652,1310,周夏飞,2022-03-10 10:53:07,3,3,0,周老师是我大学期间遇见最好的老师
152386,1310,周夏飞,2022-04-07 12:06:45,5,5,0,趁没出分不会影响主观判断的时间来给周老师评分。优点：1.讲课真的很好，喜欢用PPT，但是PPT很简洁，抄下来也不会很费时间 2.举例的例子成功挽救我的理解能力 3.作业不是很多，每周一道题~两道题，截止春夏学期期中没有其他作业 4.下课会有很多同学去问问题，老师也会解答 缺点：（不清楚其他老师所以只是个人观感）语速比较慢但是很奇妙地讲课有点快，适合课后不懂可以智云课堂重听，我觉得9分以上，如果有9.5的话也想给9.5
153039,1310,周夏飞,2022-04-24 06:35:09,2,3,1,认真负责
154748,1310,周夏飞,2022-06-04 12:57:31,-8,2,10,。。。。。
155225,1310,周夏飞,2022-06-09 12:48:22,7,10,3,很好啊！以后就想成为周夏飞老师这样的会计老师，手挎gucci包包！
157707,1310,周夏飞,2022-06-24 11:59:49,4,5,1,老师太好了，我真菜，明明可以学的更好
157798,1310,周夏飞,2022-06-25 01:03:37,9,10,1,讲课超级清楚，每周几道作业题帮助巩固，期末复习根本不用花很大力气
157839,1310,周夏飞,2022-06-25 05:36:53,5,7,2,会计讲课超棒！就是那种上完一节课感觉收获满满的那种！助教也超好人的！！而且在每堂课前还会复习上一节课的内容～ 总之选zxf不后悔！
164386,1310,周夏飞,2022-12-20 13:25:15,13,13,0,讲课很清楚，好理解，上课都跟着来课后也不用花太多的时间
167967,1310,周夏飞,2023-01-21 00:51:16,16,16,0,会计上的真的很清楚明了，娓娓道来，思路清晰，听她的课简直如沐春风，总而言之，是个教学上的好老师
174233,1310,周夏飞,2023-06-08 03:50:30,-17,4,21,专业歧视 地域歧视
177656,1310,周夏飞,2023-07-04 05:42:22,11,11,0,财会（会计学、公司理财等）这方面，周老师在浙大的教学水平毫无疑问是第一
177666,1310,周夏飞,2023-07-04 06:36:04,4,4,0,初会和公司理财都是周老师 思路清晰 一点都不会困！
177667,1310,周夏飞,2023-07-04 06:35:38,4,4,0,初会和公司理财都是周老师 思路清晰 一点都不会困！
177818,1310,周夏飞,2023-07-05 02:50:51,5,12,7,人是真的好，给分是真的烂
177885,1310,周夏飞,2023-07-05 09:07:27,3,3,0,周老师讲课逻辑性很强，而且会有适当的例题帮助你巩固。从老师讲课中就能感受到老师对会计学这门课透彻的理解，选zxfjj没错！！！
178139,1310,周夏飞,2023-07-07 06:10:58,3,5,2,会计学和公司理财都上周老师的课，周老师真的特别严谨负责，也很关心学生。公司理财平时的大作业是案例分析，个人觉得真的能学到很多，一点都不浮于表面，很讲求小组合作的质量。
189876,1310,周夏飞,2024-02-01 02:18:40,1,3,2,分好，课好，人好，我最喜欢的课和老师之一🥰
196121,1310,周夏飞,2024-07-01 17:19:44,-3,3,6,会计学和公司理财都是4.5！非常感谢老师一年来的教导！真的是浙大经管院系为数不多能把课教好的老师了～～好可惜后面老师不开审计学。很想跟老师一直学下去
196127,1310,周夏飞,2024-07-01 18:13:13,1,2,1,很感谢老师一学期的悉心教导，理财课上是真的能学到东西的，贡献自己查老师第一次评分，满昏！
196183,1310,周夏飞,2024-07-02 05:16:44,2,2,0,给分略求是
196400,1310,周夏飞,2024-07-03 08:25:26,1,1,0,老师会在课前提问上节课所学的东西 真的很有帮助 所以每周都会复习一些 非常感谢老师的教导！给满了！
196779,1310,周夏飞,2024-07-05 05:48:24,1,1,0,老师人好，点名随机，给分求是，得认真学
197333,1310,周夏飞,2024-07-11 03:24:03,4,4,0,周老师讲课真的特别特别好，即使给分比较求是，但还是特别喜欢！
199285,1310,周夏飞,2024-09-20 11:15:45,-2,1,3,23-24春夏学期上了周夏飞老师的《会计学》，我认为它是我上个学期上过的最有价值的课程。完成每周的作业就足够从容面对期末考试（指仅考前2h复习，尽管考试的时候因为忘记了几个会计科目的名称感到很慌，但最后总评有94，老师给分还是很好的）
199658,1310,周夏飞,2024-09-27 06:16:23,3,3,0,周老师超级超级好，超级温柔，讲课超清晰，虽然给分比较求是，但不影响我给她打满分！！
200004,1310,周夏飞,2024-10-10 23:16:31,-3,4,7,楼下在胡说些什么，浙大经管院系能上好课的老师多了去了，那些海归博士北大博士明显理论和实证水平都高多了
207371,1310,周夏飞,2024-12-21 03:26:33,1,1,0,给分略求是，但是不影响我喜欢老师，虽然上的是线上课程，但是真的让我每一节课都认真听了，是我在浙上过最认真的一门课，老师讲课水平特别好，线上听课1.5倍速刚刚好
213466,1310,周夏飞,2025-01-17 13:45:41,1,1,0,非常好的老师，讲课很清楚～我是线上班，很遗憾没能够现场听老师讲课。但是只要认真学，成绩也不会难看的
221365,1310,周夏飞,2025-06-23 05:21:11,0,0,0,（公司理财）不点名但是排位置，有人没来一眼能看出来。\n\n每周有作业，再加上一次对一家公司财报的分析，每组三人，老师会点评后让你们修改，对其他小组的展示提问题或者意见有加分。\n\n期末考这次难度不高，最后给了我4.8，周老师，我们敬爱你口牙！
221533,1310,周夏飞,2025-06-24 09:27:30,1,1,0,老师讲课讲得非常好，会计学三节课连上从头到尾一分钟都不水，只要认真听可以学到很多很多，而且老师的PPT做得逻辑特别特别清楚，期末如果把PPT上所有例题都会做了其实不需要看书也不需要再看别的就不会差了（当然PPT模板的美学体验另算+狗头保命）。给老师9分，1分扣在老师上课有些时候让我想起高中课堂一些负面体验，我觉得这种随机提问/当场做题/教室巡视且随机点评的模式对于大学完全没有必要。不考虑这个以及给分比较求是的话，其他全部满分！
221815,1310,周夏飞,2025-06-26 11:30:46,1,1,0,经院的会计学很早就有学长学姐预警说是有难度的一门课，而本人由于课表塞不下又怕进度跟不上同专业同学，选择了周老师的线上课。想想还有点后悔，应该宁愿下个学期上周老师的线下课的，这学期我本来的课表就排太多太硬了，也没有那么强的自制力来认真完成线上课。（对自己的懒惰有了清晰的认知，以后再也不选线上课了呜呜呜）言归正传，周老师的讲课很清晰，有很多例题辅助，本人补完智云就上考场，居然都只有两个小问来不及做，其他部分都可以做（正确率另说吧，本人上考场甚至忘带计算器）。当然肯定考得不如平时认真学习的同学考得好啦，平时的小测我感觉我也没有完成得很好，甚至还有漏做的（追悔莫及了），所以最后被捞到80分已经非常非常不容易真的很感谢老师和助教！
13429,1324,牛海霞,2015-12-28 03:44:10,25,27,2,要求很高
14965,1324,牛海霞,2016-01-11 09:46:12,12,14,2,一直念ppt
15493,1324,牛海霞,2016-01-14 23:06:21,3,7,4,今天要考了。。紧张
17835,1324,牛海霞,2018-05-15 05:27:59,-48,4,52,老师给分挺好的 也没有完全念ppt 有很多补充资料 虽然上课云里雾里 平时分一般 但最后也上4了
19233,1324,牛海霞,2016-01-23 15:12:02,-8,3,11,蛮好的
24115,1324,牛海霞,2016-04-27 12:11:23,2,4,2,给分差，上课水
24448,1324,牛海霞,2016-04-30 14:14:27,50,53,3,讲的超级差，感觉完全听不懂她要表达的意思，而且许多重要知识点不讲，经常说这个你们自己回去看吧。
25641,1324,牛海霞,2016-05-30 12:17:22,46,47,1,要求超级高，事情超级多，一直念书和ppt，超级无聊的课
25870,1324,牛海霞,2016-06-13 11:07:37,3,3,0,上课很无聊啊
28055,1324,牛海霞,2016-06-28 08:02:48,8,10,2,期末体量学子开卷考，可以，这很不错 \n\n然而无法掩盖平时课堂太水。
29489,1324,牛海霞,2016-06-30 01:30:24,-1,2,3,给分还不错…上课真的…不敢恭维。
29490,1324,牛海霞,2016-06-30 01:30:51,2,2,0,垃圾水课
29500,1324,牛海霞,2016-06-30 01:44:34,7,8,1,上课无聊到炸，根本学不到东西，给分也一般
29532,1324,牛海霞,2016-06-30 02:42:51,11,11,0,给分差，事多
38759,1324,牛海霞,2016-12-18 06:26:39,25,27,2,有教材要ppt干什么；\n\n有ppt要你干什么；\n\n感觉这两个问题，她一个也回答不了，我也是醉了，这段内容很重要，书上第多少多少页讲的很清楚，大家回去可以看一下，就过了？？一点不解释？上你的课是划重点来的？
38824,1324,牛海霞,2016-12-19 09:48:10,30,32,2,作为一条大四咸鱼，有点想但又不敢实名跟老师沟通一件事——每节课上课听您讲PPT加开卷考，可以不干平时那些鸟事直接给个六十吗?
47851,1324,牛海霞,2017-02-26 10:07:55,10,11,1,上课水 给分差
50274,1324,牛海霞,2017-07-03 06:08:53,3,22,19,其实学到了很多，虽然自己绩点很低，但是那不重要了，以前对老师的抱怨是不应该的，这样的老师虽然严，但是让我们明白了大学的意义，以及自己要积极争取，虽然我的绩点低，但是听说交了优秀论文的都不错，看来以后学习还是要积极一些，不要总想划水，真正的去学习研究，才能收获！
50277,1324,牛海霞,2018-07-09 08:51:53,58,61,3,太极拳真6
50278,1324,牛海霞,2017-05-02 06:23:28,92,101,9,怀念金老师
51035,1324,牛海霞,2017-05-15 02:47:31,3,3,0,不知道说点什么
51401,1324,牛海霞,2017-06-05 02:34:33,9,10,1,上课水的  作业多 要求还特别高 又不是研究生论文
51405,1324,牛海霞,2017-07-03 03:26:11,36,38,2,人生第一次不及格谢谢她
51781,1324,牛海霞,2017-06-09 16:37:55,-15,7,22,2000读书笔记和5000论文真的写到爆炸！！！但是我觉得老师人还是挺可爱的。
51831,1324,牛海霞,2017-07-03 04:19:46,0,11,11,最后不申请优秀论文，那可能基本是不会好好看你的论文的？同一篇论文在另一门要求相同的课上拿了4.5，在这里拿了2.多。希望能给个解释吧谢谢您了
51876,1324,牛海霞,2017-06-13 05:39:00,4,4,0,真是煎熬
52349,1324,牛海霞,2017-06-19 02:41:27,2,3,1,大概是抱着期待而来，最后失望而去
52436,1324,牛海霞,2017-06-20 04:21:46,3,4,1,老师的课…真的…事情很多，而且要求很高。给分非常苛刻。自己好好写论文吧，主要靠自己。但是，大一真的达不到她的要求。老师人也算负责的。
52439,1324,牛海霞,2017-06-20 05:19:27,1,2,1,要求炒鸡高简直……
52986,1324,牛海霞,2017-06-24 12:02:57,1,2,1,老师对学术很热衷，对待学生要求也会严一些，不过老师讲的关于写论文的方法注意事项什么的还是对大家挺有帮助的
56024,1324,牛海霞,2017-07-03 02:53:48,-1,3,4,绩点比想象中好一点点 但也只是一点
56031,1324,牛海霞,2017-07-03 03:02:42,-15,3,18,好好写了论文，申请了答辩，绩点比想象中高。感觉努力还是有回报的?
56035,1324,牛海霞,2017-07-03 03:16:41,-1,3,4,还可以
56056,1324,牛海霞,2017-07-03 03:48:10,1,4,3,一学期下来不知道自己学了啥
56071,1324,牛海霞,2017-07-03 04:22:46,3,5,2,感觉老师给分还是公正的，体谅我们把期末也取消了改成论文考核。也教了很多论文技巧还是挺不错的。
56094,1324,牛海霞,2017-11-21 12:58:42,14,22,8,政治经济学，春学期是金祥荣老师，教资本主义部分。夏学期是牛老师，教社会主义部分。\n\n金老师的课的确超级轻松，平时没啥事，可以划水，结课的时候布置了13道题，说是期末考的问答题（后来牛老师去商量了一下，取消了期末考试，把这十三道题分成四部分，每部分选一道题，再加上牛老师自己的一道题，总共五道题当做作业，20%）。\n\n牛老师的课，其实也挺水的，可以划水，有一次小测（10%），一份2000+的读书报告（20%），一篇5000+的论文（50%，如果想要上90分，必须答辩）。小测我们是开卷，回顾金老师上的资本主义部分，大部分人60分左右或者低于60分?（当然也有大佬考90+的）论文的话老师要求会比较高，对经院同学们期望很高，很看重格式，要求与毕业论文格式相当，所以要好好写啦。\n\n真的很锻炼人23333\n\n其实说了这么多都是废话，政经只有这个选项?没法换课，好好做作业写读书报告和论文分都不会低的，真的不是绩杀，毕竟不用考试呢多好（虽然不知道是不是只有我们这一届这样）\n\n呃牛老师的确不太理人，微信上找她，发一段话她回几个字。。。如果有事找她还是当面吧，厚着脸皮多找几次。\n\n助教姐姐超棒的
56120,1324,牛海霞,2017-07-03 06:10:17,5,6,1,自己最后的成绩不太好…但好像很多同学觉得老师给分还挺好…所以…大概是怪我自己咯…金祥荣老师讲的很好，也没有事情，牛老师的事情很多…小测还有读书报告，论文，申请优秀的同学还要答辩，这些都在夏学期做还是有点累的，不过好的一点是把我们的开卷考改成了写论文，反正都要写，少一门考试还是好的，老师会给指导，可以让老师看看论文提意见，感觉要求还挺高，虽然讲课都是书和ppt，还经常让我们自己下去看，但给指导论文还很认真
56126,1324,牛海霞,2017-07-03 06:25:12,-5,5,10,努力的话肯定是有回报的，尤其是论文，认真查文献，认真去写，肯定会拿到不错的分数的。如果按照通识课的做法，随便写点东西水一下肯定是不行的，那些抱怨绩点低的同学真的有付出吗？虽然承认老师的要求是挺高的，但是期末没有考试也是蛮不错的。。
56221,1324,牛海霞,2017-07-03 09:25:59,-3,1,4,不错的
56472,1324,牛海霞,2017-07-04 01:08:10,0,2,2,事情是真的多，有作业有读书报告还有论文。讲的也一般。不过期末没有考试，而且给分还可以，人比较好说话。
56863,1324,牛海霞,2017-07-05 01:33:20,-10,0,10,要求很严～给分还好哦
58098,1324,牛海霞,2017-07-30 15:49:32,2,2,0,上课放视频，也没讲个啥，认真写了论文读了文献书籍，给分迷醉
63507,1324,牛海霞,2017-12-05 10:41:05,3,3,0,看什么书，考什么试，我是谁，我在哪
65709,1324,牛海霞,2018-01-08 11:14:34,4,5,1,牛老师不是必修的话，真的不敢选你的课，给分差事情多，讲的差态度不好
66093,1324,牛海霞,2018-01-11 13:47:36,7,7,0,老师是不是觉得心里不平衡来虐待同学的呢？这种课水水过去不就好了？
67842,1324,牛海霞,2018-01-22 08:11:38,31,33,2,平时作业助教批，助教主观性很强很不负责，还真是一流本科三流研究生。。。
68977,1324,牛海霞,2018-01-24 07:24:16,4,5,1,对辅修学生不是很友好
69116,1324,牛海霞,2018-01-24 10:12:41,6,6,0,真-闭着眼睛给分
69127,1324,牛海霞,2018-01-24 08:47:44,5,5,0,老师给分真的很无语了......从来没有不到展示也有认真准备考试的时候写了两个小时没有停，基本上选择是非也只有几个没找到 而且还是专业课....给分真的闭着眼睛给的吧.....
78993,1324,牛海霞,2018-05-19 10:22:13,10,11,1,困，而且第六周要交论文第二周才说。。。。
78994,1324,牛海霞,2018-05-19 12:20:17,3,3,0,完全不知道她在讲啥，屁事还炒鸡多，又是读书报告，又是课堂作业，从布置到上交只给你不到一个月的时间，要不是专业预置，我才不学这个课。
79067,1324,牛海霞,2018-05-22 05:54:30,9,9,0,进大学来遇到的最傻逼最讨厌的老师 要不是因为只有这一个老师谁会选 自己没啥思想深度屁事倒挺多
79068,1324,牛海霞,2018-05-22 05:57:25,16,16,0,什么玩意，一个月写六篇文献综述加一篇读书报告，作业要求还分几次课讲清楚，前面好不容易做的后来发现不合要求。。。
79069,1324,牛海霞,2018-05-31 23:48:02,26,26,0,每个经院学生逃不过的痛
79070,1324,牛海霞,2018-05-22 14:42:37,17,17,0,课程安排有些不合理，作业集中在后半段，导致压力突增，而且文献综述的作业形式也难度很大
79073,1324,牛海霞,2018-05-22 06:11:48,8,9,1,这老师要不是因为政治经济学必修是绝对不会选的，要求高的不要不要的，然而你讲的内容呢？照你这意思我们其实根本不用听你的课直接全看书好了，讲真这种老师没掉到低分榜去也是呵呵
79089,1324,牛海霞,2018-05-22 13:53:54,7,10,3,傻逼玩意儿
79092,1324,牛海霞,2018-07-08 05:39:02,15,16,1,很差很差
79473,1324,牛海霞,2018-06-06 05:27:43,2,4,2,无聊，浪费人生，简直是刷新了我对“水课”的想象。老师满嘴的恶竞，受不了!
80112,1324,牛海霞,2018-06-20 06:08:55,4,4,0,展示搞得像毕业答辩一样
80146,1324,牛海霞,2018-06-20 15:37:11,21,21,0,没什么体验...听不进去的体验\n\n还有她的助教也很神秘，明明她推荐书目里写的清清楚楚而且推荐过很多次《万历十五年》，但是在评价读书报告的时候助教却说有的同学竟然看了和政治经济学没有一点关系的《万历十五年》。\n\n？？？我实在是不很懂这个操作\n\n要是觉得没关系你就一开始别推荐啊，你说我写的不切题我都认了，你说这和政治经济学没关系到底是什么鬼啊？？？\n\n但是好像也并没有什么选择的机会，政治经济学也就只有她和金老师搭班的课。\n\n
80625,1324,牛海霞,2018-06-28 12:29:53,3,3,0,怎么没有零分，呵呵
81603,1324,牛海霞,2018-07-05 13:50:27,3,3,0,鹅颈了解一下
82892,1324,牛海霞,2018-07-09 09:20:15,2,2,0,什么都听不懂
83042,1324,牛海霞,2018-07-09 14:12:33,5,5,0,事儿巨多，不会照顾学生感受。
83283,1324,牛海霞,2018-07-10 04:09:25,4,4,0,作业要求有点儿乱，作业助教批，助教自己又不怎么清楚作业要求，瞎说一通。开卷考试题目有点儿多，有点儿迷
83288,1324,牛海霞,2018-07-10 04:21:22,-13,0,13,上的国服，老师挺注重培养学生写论文的能力，所以论文一定要好好写，多向老师请教关于论文的问题，可以学到很多，但是课程内容确实有点水\n\n
83468,1324,牛海霞,2018-07-10 10:47:04,5,5,0,Kill me ? Kill me
84943,1324,牛海霞,2018-07-14 12:40:02,-4,2,6,政经，要是老师把作业读书报告啥的提到开学第一节课就说就好了。政经期末考还是很善良的，至少书上基本都能找到。
85327,1324,牛海霞,2018-07-17 04:51:28,2,2,0,无聊。。。
85331,1324,牛海霞,2018-07-17 05:04:49,2,2,0,给分巨差，上课一直在念ppt，不要选
85332,1324,牛海霞,2018-07-17 05:11:00,4,4,0,给分巨差   超级无敌差    本学期最低分是它了
85336,1324,牛海霞,2018-07-17 05:35:26,2,3,1,给分差，听不懂老师在说什么
85346,1324,牛海霞,2018-07-17 06:47:20,-3,4,7,我觉得老师其实挺好的，老师也很会体谅学生啊，本来有六片文献综述，我们向老师反应作业太多了了以后，老师就给减到了两篇，并且把格式变成了论述题的形式，不需要写成文献综述那种复杂的格式了，同时把论文的字数也减少了。其实老师很好说话的，只要多和老师沟通沟通就好了！
86288,1324,牛海霞,2018-09-12 07:31:47,0,0,0,随缘的课
86555,1324,牛海霞,2018-09-17 07:01:37,-7,3,10,推荐选这门课，事情不多，有一次展示，给分还行。考试考10个课本思考题（想要答案整理的加QQ3402783729  考试直接抄就好了！）
87004,1324,牛海霞,2018-09-20 02:18:25,1,1,0,作业布置地不明不白，要求变来变去，考试阅卷也很迷
87201,1324,牛海霞,2018-09-22 05:38:28,0,0,0,真的烂
87389,1324,牛海霞,2018-09-28 02:50:19,2,2,0,……经院就这么缺老师么？
88131,1324,牛海霞,2018-10-23 01:15:16,0,1,1,其实给分还好，上课体验不行
91037,1324,牛海霞,2018-11-29 06:17:09,1,1,0,为什么没有0分？？？
91038,1324,牛海霞,2018-11-29 06:23:24,3,4,1,反正就是呵呵，讲得烂，事情特别多
91039,1324,牛海霞,2018-11-29 06:24:40,3,3,0,评价事多真的便宜她了 呵呵
91076,1324,牛海霞,2018-11-29 15:15:42,1,1,0,可以把人气活
91129,1324,牛海霞,2018-12-01 03:35:12,3,4,1,晕了，布置个作业不明不白地。\n\n她和金老师合开的政治经济学管理严重混乱，拜托用点心吧
92514,1324,牛海霞,2019-01-01 13:20:18,0,0,0,上课=读PPT;PPT内容=课本，所以我为什么要来上课???
92736,1324,牛海霞,2019-01-04 04:45:34,3,3,0,没什么好说的 一分预定\n\n展示课控制时间都不会\n\n一堆同学上去开始讲公共管理/政策的pre 我醉了
93612,1324,牛海霞,2019-01-11 02:46:10,3,3,0,真的垃圾，根本就没有规则可言，想一出是一出，浪费学生时间
93615,1324,牛海霞,2019-01-11 02:56:06,3,3,0,真滴不好
93752,1324,牛海霞,2019-01-28 03:31:12,8,9,1,大绩杀\n\n感觉题都会做 结果？？？\n\n这老师呵呵哒
98115,1324,牛海霞,2019-01-23 05:37:50,4,5,1,一直听闻牛老师的大名，但没想到真的这么绩杀，认认真真写了论文，也展示了，开卷考抄的手快要废了，出来绩点只有三，真的不太能理解了，不知道国服的3.53均绩怎么来的，大概我太菜了
98127,1324,牛海霞,2019-01-23 05:50:19,-7,3,10,外专业辅修生 上的国际服务贸易 老师人很好，但是讲课一般，作业也比较宽松，DDL拖的好长。做过展示，课堂半认真听讲，考试复习了2天，最后4.8
98458,1324,牛海霞,2019-01-23 13:04:12,8,10,2,大家有体验过每次上课都坐第一排 很少第二排 结果3.0的感觉吗
101177,1324,牛海霞,2019-01-28 01:14:16,3,3,0,呵，老师
101199,1324,牛海霞,2019-01-28 01:55:55,4,5,1,给分太差了，魔鬼简直就是
101203,1324,牛海霞,2019-01-28 01:59:29,8,9,1,作为比较喜欢经济学的人，牛老师对学生的提问还是友好的。但是助教实在要吐槽一个，不知道作业怎么打分的，还是她只知道那些个有名的、热门的、政治经济学的书呢？说好的要有新观点的呢？最后选了一帮人上去讲，个个棒读，老师没办法就一直在问“你的新观点呢！重点呢！”倒不是为了这些个分数，不care，但是认认真真刷了古典政治经济学大儒的书，写出的读书报告和思考题自认为是有思维含量的；尤其制度创新那一题，是在省政府leader座谈时的创新观点基础上发展的，最后却比不上别人的棒读……只是觉得知识和思想没得到应有的尊重。以上。
101215,1324,牛海霞,2019-01-28 02:14:47,6,6,0,政治经济学大绩杀
101218,1324,牛海霞,2019-01-28 02:17:25,11,11,0,上课根本讲不出什么知识，听起来很没有水平，而且课业管理极度混乱，和助教一起手忙脚乱乱七八糟。同时给分又极差，毫无道理的那种，不可理解。上大学以后的最差体验。
101294,1324,牛海霞,2019-01-28 04:41:45,5,6,1,打扰了的水平\n\n
103123,1324,牛海霞,2019-02-26 05:21:53,1,1,0,听不懂，不想听，打扰了
103763,1324,牛海霞,2019-03-05 05:55:18,1,2,1,浙大经院水平最差的老师之一
104786,1324,牛海霞,2019-03-28 02:04:25,4,4,0,唉政治经济学
106088,1324,牛海霞,2019-04-25 02:13:19,3,3,0,一般般
106317,1324,牛海霞,2019-04-26 10:01:24,4,4,0,绩点给的低
107155,1324,牛海霞,2019-05-02 02:44:26,3,3,0,照本宣科
107613,1324,牛海霞,2019-05-07 22:58:38,3,3,0,枯燥乏味
107773,1324,牛海霞,2019-05-09 10:56:07,2,2,0,念ppt。。。。
107805,1324,牛海霞,2019-05-10 01:34:35,2,2,0,听不懂
107850,1324,牛海霞,2019-05-10 11:10:37,0,0,0,不怎么样
107879,1324,牛海霞,2019-05-11 00:19:31,1,1,0,不好啊
107885,1324,牛海霞,2019-05-11 00:26:31,1,1,0,任务太多
107955,1324,牛海霞,2019-05-12 09:58:00,1,1,0,拜托提升一下教学质量
107976,1324,牛海霞,2019-05-12 14:18:28,1,1,0,作业太多
108004,1324,牛海霞,2019-05-12 23:59:27,0,0,0,怀念金祥荣老师
108016,1324,牛海霞,2019-05-13 03:57:19,1,1,0,亟待提高
108053,1324,牛海霞,2019-05-14 02:23:18,-1,0,1,态度还不错
108150,1324,牛海霞,2019-05-15 16:29:38,3,3,0,呃。。。。。。。国服绩点真低
108207,1324,牛海霞,2019-05-16 09:40:17,4,4,0,政治经济学给分是真的很低
108229,1324,牛海霞,2019-05-17 01:45:17,2,2,0,上课贼无聊
108567,1324,牛海霞,2019-05-28 16:49:24,7,7,0,真的不想再上她的课了，政经+国服贸大一到大二谁顶得住呀
109129,1324,牛海霞,2019-06-09 13:21:07,3,4,1,讲课讲得如何我想就不用再解释了，讲课差至于上了一个学期的课，名单尽然还会出错？这个老师是老年痴呆还是什么来这？我真的搞不懂
119176,1324,牛海霞,2019-11-11 04:03:55,51,51,0,怀念那个小胖，想念“大约如此”。不比不知道，一比才发现小胖多好，这老师真的作业巨多，没有重点，念PPT。这种老师真的是毁我青春。拜托把俞彬还给我。
120165,1324,牛海霞,2019-11-18 01:59:30,5,5,0,崩溃不知道在讲什么\n\n作业还贼多\n\n
121378,1324,牛海霞,2019-12-16 13:52:40,1,1,0,狗屎。
121633,1324,牛海霞,2019-12-11 13:19:24,2,2,0,没有0分的选项吗
121635,1324,牛海霞,2019-12-11 13:18:06,1,1,0,迷啊能有啥办法
121636,1324,牛海霞,2019-12-11 13:17:49,1,1,0,上课云里雾里的，唉
121637,1324,牛海霞,2019-12-11 13:13:50,1,2,1,垃圾老师，作业超多事情超多
121644,1324,牛海霞,2019-12-11 02:25:32,16,16,0,抛开评分和作业多的问题不说，单看老师本身讲课质量，只能说完全没有逻辑，全都是在堆砌案例，好不容易出现疑似知识点内容，突然说你们去看xxx书/文章，然后突然扯开到自己的日常生活，很像一个大妈在唠嗑。经常出现讲课到一半，突然说“这是第三点”，但是天地良心她完全没说第一点第二点是什么还有这是什么问题啊！总之即使认真听，也很难收获到什么。或许老师本身读过很多书做过很多科研，但是确实不是一个好的知识传授者。
122844,1324,牛海霞,2020-04-14 06:02:52,2,2,0,无语哦
122940,1324,牛海霞,2020-04-23 07:43:11,7,7,0,真的很差，然而没得选，不行了想吐了
123153,1324,牛海霞,2020-05-13 14:13:25,6,6,0,讲课很水
123303,1324,牛海霞,2020-06-01 06:58:42,-3,5,8,这学期政经考核方式还行吧
123998,1324,牛海霞,2020-06-20 01:45:23,1,4,3,好烦啊，这学期的考核方式。后悔没退课了。
124428,1324,牛海霞,2020-07-01 03:46:27,17,17,0,学了一学期 根本没搞懂啥是政治经济学\n\n明明内容没讲什么\n\n最后还要靠学生pre水两节课\n\n
127608,1324,牛海霞,2020-11-25 03:31:59,10,11,1,一大早起来听这样的课，真的浪费时间，浪费生命。全程无重点。
128845,1324,牛海霞,2020-12-26 02:45:47,29,31,2,为什么她可以和yb老师搭课啊，对比之下真的是...
136680,1324,牛海霞,2021-06-23 03:15:28,2,2,0,真不行
138954,1324,牛海霞,2021-07-12 03:08:04,7,7,0,国服和政经还没出 反正就是傻逼，中年大妈样 躲不过硬着头皮选了，估计是绩杀
142146,1324,牛海霞,2021-11-08 00:51:03,2,3,1,麻了，折磨
142161,1324,牛海霞,2021-11-08 03:32:00,11,11,0,讨弄，利肉，香葱振兴……
142653,1324,牛海霞,2021-11-15 02:45:04,3,3,0,作业多，线下会让你签字来点名
143284,1324,牛海霞,2021-11-23 01:31:03,45,46,1,人不错，上课水平太差。这两年引进了年轻老师，政治经济学和国际服务贸易的教学有了明显改善，以前她一个人上的时候简直不忍直视。只能说，把更多机会留给真正有能力的人吧。
155432,1324,牛海霞,2022-06-12 16:18:36,28,29,1,三位政经老师唯一点名的一位，也是讲课最差的一位。我建议以后牛老师先上课，这样落差感不会很强。听完俞老师再听牛老师的课真是……
158771,1324,牛海霞,2022-07-02 03:19:26,3,3,0,讲课很无聊，给分感觉也不大好
161176,1324,牛海霞,2022-10-31 03:52:03,4,4,0,这种只会读ppt，要求还贼多的人，真的有自知之明吗
161433,1324,牛海霞,2022-11-07 02:24:10,8,8,0,希望牛老师的政经能跳过书单环节
162290,1324,牛海霞,2022-11-19 07:55:50,12,12,0,上政治经济学的老师，却时不时蹦出一句“我们西方经济学”。讲的内容似乎和马克思主义政治经济学没啥关系，倒是经常讲西方经济学，和yb对比简直天壤之别。
174488,1324,牛海霞,2023-06-13 04:21:02,5,5,0,毫无自知之明的老师\n\n自己水平不行还要求这要求那\n\n赶快退休养老去吧\n\n别浪费学生时间了
177988,1324,牛海霞,2023-07-06 03:39:35,2,2,0,给分不咋地
191689,1324,牛海霞,2024-04-28 04:44:24,-2,2,4,讲的不知道是个什么东西，跟马政经有一点关系吗，留的作业还贼nm抽象，“企业家”，真的是太幽默了
195833,1324,牛海霞,2024-06-30 06:50:08,0,0,0,前八次纸质点名，讲课语焉不详，经常说一些意义不明的话，浪费大伙的时间。建议回你们甘xv上课，可能比较适合
198540,1324,牛海霞,2024-09-10 00:27:43,9,9,0,2024年退休了
207459,1324,牛海霞,2024-12-22 03:39:36,4,4,0,退休了
215407,1324,牛海霞,2025-02-26 01:58:10,2,3,1,很遗憾，yb老师身体原因不上课，她返聘了。。。
215734,1324,牛海霞,2025-03-26 02:27:25,5,5,0,干嘛还要返聘回来恶心学生呢！！！
215776,1324,牛海霞,2025-03-05 12:04:25,4,4,0,老师要不考虑一下去上形策课？这是专业课，这么多人的班级你点人起来讨论开放性的问题，那么剩下的同学呢？或许您觉得这样的讨论很有意义，但在这个体量的班级根本不合适，我真的情愿您念PPT，现在上课不仅要听他们的一堆套话，还要被他们的发言卷生卷死
216597,1324,牛海霞,2025-03-19 03:37:43,0,0,0,没意思，很追求上课发言
216806,1324,牛海霞,2025-03-26 02:18:10,1,1,0,经院就这么缺老师吗，上课从头到尾照着PPT讲，这个学期讲了五节课，前两节课在介绍书，搞得像书店的销售一样。之后也是重点内容一点不讲，题外话一个接一个。能把专业课上成这个牛马样子，他也是有够无敌了。她讲课跟其他几个老师相比简直烂到没边。给分差作业还多。评价标准还很离谱。她的课可以不用听。
217362,1324,牛海霞,2025-04-09 04:04:18,2,2,0,经济学院45岁以下的年轻老师整天忙着科研项目和发表，以至于本科教学要返聘退休的老太太，必须尽快扭转
219660,1324,牛海霞,2025-06-03 13:11:16,2,2,0,你说你系牛海霞，没想到你竟然系牛嗨霞。真系牛閪，一堂通识课搞这么多乱七八糟的东西，讲课🔟，给分低，我生吊气无嗨语😅
219661,1324,牛海霞,2025-06-03 13:11:39,1,1,0,上过政经学导论，3000字论文+展示，貌似还有期末考，四次纸质签到，最后一节课点名回答问题没答出来还记了名字，只能说期末周也被恶心一把，通识选修事比通核还多。
1803,1341,蔡璧涵,2015-03-25 06:28:49,-5,2,7,一般般好困呀
2230,1341,蔡璧涵,2015-04-12 06:40:52,7,9,2,台湾美女老师，好萌！！！
4039,1341,蔡璧涵,2015-06-17 15:05:28,-1,3,4,讲课没意思
4308,1341,蔡璧涵,2015-06-19 01:10:43,15,18,3,人非常美，性格好，脾气好，年轻超亲和。讲课基本就是按ppt讲，比较一般，但是会自己讲亲身的例子，能体会到台湾和内地一些文化上的差异，觉得蛮有趣的～
5304,1341,蔡璧涵,2015-07-06 11:49:50,6,7,1,漂亮温柔讲课好！
5691,1341,蔡璧涵,2015-07-09 07:13:36,2,4,2,老师挺好的，毕竟年轻老师精力比较好，认真负责，我上课冲瞌睡只是因为是下午的课容易犯困，+_+，醒来还是会听课的，虽然经常自习╮(╯▽╰)╭
5699,1341,蔡璧涵,2015-07-09 07:29:17,6,8,2,给分低\n\n
5704,1341,蔡璧涵,2015-07-09 07:41:40,1,3,2,老师挺可爱的，给分很低
5769,1341,蔡璧涵,2015-07-09 09:22:26,2,2,0,老师好美❤️讲课讲的很全面 但如果例子讲的更多就好了
5830,1341,蔡璧涵,2015-07-09 14:28:27,-1,2,3,例子还不错 给分低
5854,1341,蔡璧涵,2015-07-12 02:18:36,-2,2,4,给分低，上课困
6659,1341,蔡璧涵,2015-07-17 06:45:13,4,6,2,作为一个均级不到2.5各种挂科微经课就没怎么上过的同学表示对83已经很满意了
7391,1341,蔡璧涵,2015-09-14 06:42:12,-3,1,4,讲的一般 给分低
9088,1341,蔡璧涵,2015-10-12 15:45:38,2,2,0,台湾美女老师！讲的很耐心很细致地说～
24012,1341,蔡璧涵,2016-04-25 08:47:08,2,2,0,挺随和的老师，而且应该是刚工作吧，很有学生气息，没有距离感
24487,1341,蔡璧涵,2016-04-30 15:49:39,3,4,1,我好喜欢，讲课很容易懂，台湾腔让人很舒服。
33392,1341,蔡璧涵,2016-09-19 05:13:32,3,3,0,台湾老师，很可爱，但是也会在意大陆和台湾的不同。总是害怕自己讲台上说错话，会被抓紧去，哈哈哈其实并不会。有一次吴校长坐到教室后面听课，她完全不知道，课间她走下讲台去打招呼，旁边的人说这是校长，她才恍然大悟。专业课阅读材料很多，但是不论小的评述，还是大的期末论文，都会给你非常详尽的反馈。
34858,1341,蔡璧涵,2016-10-25 10:13:47,3,3,0,好好好
42673,1341,蔡璧涵,2017-01-15 01:23:03,3,3,0,谁都不服我就服璧涵姐姐！！人真是超级好！
43227,1341,蔡璧涵,2017-01-16 04:15:53,3,3,0,老师讲课有趣清晰，很好玩，给分良心
52294,1341,蔡璧涵,2017-06-18 01:37:36,2,2,0,除了经济学之外，还能知道两岸文化差异
53581,1341,蔡璧涵,2017-06-27 05:15:58,2,2,0,很善良的老师，特别好！强烈推荐！
76694,1341,蔡璧涵,2018-04-18 12:50:16,1,2,1,感觉比较一般
78179,1341,蔡璧涵,2018-05-10 01:18:14,2,2,0,超级好的一个老师
109505,1341,蔡璧涵,2019-06-16 05:25:27,4,4,0,老师身体不好但是很坚强来给我们上课。上她的课很高兴。要给满分
110034,1341,蔡璧涵,2019-06-21 13:06:23,4,4,0,希望以后顺顺利利
296,1398,蒋岳祥,2017-06-23 05:45:52,-11,23,34,和实际有什么关系……学了还是不会…
338,1398,蒋岳祥,2015-03-15 01:03:46,5,28,23,老蒋讲课是真的很好的
33749,1398,蒋岳祥,2016-09-21 10:28:49,-1,6,7,虽然很难，但老师讲课逻辑清晰，很有魅力的老师丫
46840,1398,蒋岳祥,2017-01-22 12:30:39,5,6,1,一个让我见识到“真的好难好难好难好难好难好难啊??”的老师
47217,1398,蒋岳祥,2017-01-24 14:43:10,2,3,1,中华有神功
47329,1398,蒋岳祥,2017-01-25 09:15:10,-1,6,7,难就是难在数学推导，但是老蒋把计量讲的很清楚
47785,1398,蒋岳祥,2017-02-24 14:48:07,2,9,7,误人子弟
57713,1398,蒋岳祥,2017-07-12 23:12:31,-4,2,6,老师还是很有造诣，有智慧的，希望学生能从数学原理上吃透计量……虽然我上课很少听懂，不过最后期末的时候还是靠老师潜移默化的熏陶懂了一些计量的思想……
63711,1398,蒋岳祥,2017-12-13 09:44:09,11,14,3,一个学期的课半个学期都在讲些和课程无关的东西 最后几周开始赶进度 体验比较糟糕。
73032,1398,蒋岳祥,2018-01-31 16:48:15,7,8,1,学不会
73855,1398,蒋岳祥,2018-02-03 09:07:03,-12,3,15,蒋老师水平是真的高，很注重本质的东西，对于好学生来说是享受
75831,1398,蒋岳祥,2018-03-19 10:45:22,16,21,5,缘，妙不可言
82713,1398,蒋岳祥,2018-07-09 04:09:34,17,18,1,希望蒋老师放过我这个垃圾 让我过吧 真的不想挂啊
85339,1398,蒋岳祥,2018-07-17 05:43:16,4,6,2,讲课挺好的，可能是我自己没学透，最后考卷做的很不顺手，分数也凉凉的orz
85340,1398,蒋岳祥,2018-07-17 05:47:49,-3,1,4,谢老师不挂之恩…
85372,1398,蒋岳祥,2018-07-17 09:28:54,-16,1,17,讲课很好的，给分也不错。资深教授，棒棒哒
85449,1398,蒋岳祥,2018-07-18 03:24:39,-6,3,9,老师和我说 你不要死记硬背 要理解 推导记住重要的几个步骤就好了 受益匪浅
89026,1398,蒋岳祥,2018-11-14 07:01:55,62,85,23,我教的计量经济学很难，真的很难。感谢同学们还给我这么高的评价，受你们的鼓励，我会再接再厉教的更难!
89729,1398,蒋岳祥,2018-11-20 12:07:13,-11,0,11,好老师!\n\n
102208,1398,蒋岳祥,2019-01-31 12:00:00,0,2,2,感谢蒋老师让我过个好年
111555,1398,蒋岳祥,2019-07-10 00:13:47,7,14,7,能对金试的好一点公平一点吗？考数理推导数理统计我们怎么推的过各位数金dl，哭了
111601,1398,蒋岳祥,2019-07-02 06:02:31,11,12,1,卷子可以复查复查吗
111618,1398,蒋岳祥,2019-07-02 08:00:43,14,15,1,14页考试试卷，考试时候还改了三次题目，这谁顶的住呀
114286,1398,蒋岳祥,2019-11-11 15:39:21,30,38,8,满瓶子响不响我不知道，但您让我懂得了半瓶子真的咣当，对，说的就是您，您口中将自己吹捧上天，可您的说话授课方式都和您口中的牛逼齁齁的自己不太相配，您比您教的大部分真的有在努力有在拼命想听懂这门以前没接触过但是很重要的专业课的学生唯一厉害的地方就是您岁数大。
114295,1398,蒋岳祥,2019-07-09 17:25:51,25,25,0,自以为自己讲的难实际上就是比别的老师少讲很多东西。好，您的课重数理推导，可是最后考试体现了吗？？考试题目大量重复还有大量错题，以题量大压分，这我还是第一次见，呵呵。
114378,1398,蒋岳祥,2019-07-10 00:22:02,8,9,1,老师进度较慢，讲得也比较难，但期末试卷全靠题量拉分，结果悲伤地没做完，给分感觉也不好
114414,1398,蒋岳祥,2019-07-10 01:19:17,-7,6,13,属实说我觉得老蒋讲的还可以，就是期末考试有点奇怪吧，相较于平行班的课程，我们的考试题量大，但是题目简单，楼下抱怨数理统计的是真的搞笑，计量经济学本来就考这么点东西，难不成考背书？笑)
114420,1398,蒋岳祥,2019-07-10 01:38:42,8,8,0,呵呵，?杀
114431,1398,蒋岳祥,2019-07-10 02:37:26,12,12,0,想法是好的，但上课手写的教学方式确实无助于把握整体课程框架，这16节课上的很心累，也没觉得老师上的有多好，至少很多金试的同学都没法完全听懂。心碎了。
116873,1398,蒋岳祥,2019-09-17 02:40:26,4,4,0,您可真佛
116895,1398,蒋岳祥,2019-09-24 04:41:35,4,5,1,nmdwsm
117070,1398,蒋岳祥,2019-09-19 02:34:43,5,5,0,佛学的基本公理？
117414,1398,蒋岳祥,2019-09-24 04:46:31,24,25,1,头一次听说歧视域这么广的老师，中级计量课堂：同性恋就是狗改不了吃屎。同性恋不是不男不女是又男又女。搞化学的人脑子不行，还是要搞数学和物理。\n\n课堂上一直瞎扯淡真的计量知识根本不讲，上来就讲佛学讲易经，老师本人信佛学，课堂有浓厚的宗教主义色彩。自己怂不敢写校长信箱，但大家真的要慎选慎选！！！老师的课堂里真的知识和技术是学不到的，狭隘和歧视倒是一抓一大堆呢呵呵\n\n
118052,1398,蒋岳祥,2019-10-19 13:29:47,2,2,0,呵呵呵
120392,1398,蒋岳祥,2019-12-03 02:59:27,9,9,0,教的东西难，一大堆数学推导，这都不是问题，问题是话说不清楚表达能力太差这真的窒息……
120582,1398,蒋岳祥,2020-01-13 10:52:21,5,5,0,不太好的体验
121283,1398,蒋岳祥,2019-12-24 06:21:13,8,9,1,这位老师懂个锤子的佛学
121921,1398,蒋岳祥,2020-01-24 01:32:30,15,17,2,孩子也学的很用力了，教了这么多届学生，您可以好好把讲义修改一下吗？错误一大堆不说，考试内容神神秘秘，平时也没有与考试对应的练习，不知道搞那些个有的没的无意义的作业干嘛，既然大家终极目标还是为了考试为了成绩，就不要天天拿着把知识学透这种话标榜课程的难度，和其他计量班的同学交流以后发现人家虽然不讲太难的数理，但综合应用能力要比我们强很多，我们大多数人以后又不搞计量研究，能好好掌握应用就行了
122790,1398,蒋岳祥,2020-04-07 08:44:10,14,15,1,疫情上课看的全是n年前的录播，感觉很不负责任！真的一节也没有好好上过！！我哭！
123199,1398,蒋岳祥,2020-05-19 03:55:28,6,6,0,不负责任 只放视频不讲课
124994,1398,蒋岳祥,2020-08-04 03:58:31,7,7,0,有毒，上课逻辑混乱
125145,1398,蒋岳祥,2020-09-02 07:40:41,6,6,0,垃圾中的垃圾
125946,1398,蒋岳祥,2020-09-16 02:42:47,12,12,0,终于明白评论区是怎么回事了，一节课的缘分………………………………………………………………………………
126985,1398,蒋岳祥,2020-11-01 13:26:58,6,7,1,数学不好的上他的课能上到抑郁，不夸张。
133518,1398,蒋岳祥,2021-03-01 12:50:34,11,11,0,被喂了两学期的屎
141297,1398,蒋岳祥,2021-09-29 03:17:06,2,4,2,讲课超级混乱 声音轻的一批 作业奇奇怪怪 不如我自己学
149175,1398,蒋岳祥,2022-01-14 15:38:10,-6,0,6,如果当天来上课的人太少 可能会点名，虽然不知道学了啥，但给分真的好啊
156517,1398,蒋岳祥,2022-06-20 06:49:09,-10,0,10,给分好
157379,1398,蒋岳祥,2022-06-23 05:38:13,-8,3,11,给老蒋刷个十分，讲的确实是计量原理性的东西
161474,1398,蒋岳祥,2022-11-07 11:26:12,4,4,0,相当无语
170451,1398,蒋岳祥,2023-03-05 06:04:26,-5,1,6,感恩老蒋
172852,1398,蒋岳祥,2023-05-08 11:19:19,2,2,0,杀了我吧
174490,1398,蒋岳祥,2023-06-13 05:39:29,4,4,0,想法是很好的，但是上课思路不清楚，难以听懂，布置作业很迷，讲义有些粗糙。真的要开好这门课，不如改好讲义，用数学语言踏踏实实地从头推到尾，不然真的不如普通班。
176328,1398,蒋岳祥,2023-06-28 11:51:52,10,11,1,老师水平很高，东西非常理论，但是没啥心思讲课，喜欢扯有的没的，课程有主线但是内容非常混乱。要不别考试了，都讲你那佛学当个通识课也行。。。
192629,1398,蒋岳祥,2024-05-25 14:01:27,3,3,0,作为高级计量来说，课程内容过于浅显，课程时间安排不合理，半学期的内容在讲初等概率论初等统计的知识，完全不能满足博士层面的计量经济学需求。
195898,1398,蒋岳祥,2024-06-30 15:08:20,3,5,2,不点名还是好的\n\n没心思上课建议不要上了，赶紧退休\n\n考试的话看看讲义就行（没讲过但讲义有的也会考）
200728,1398,蒋岳祥,2024-10-21 11:43:34,2,3,1,垃圾，不想多说
201284,1398,蒋岳祥,2024-10-31 06:08:51,4,4,0,逆天，讲数学就算了，数学讲的一塌糊涂，还自创证明法，讲计量的时候把简单的东西复杂化 屎
215196,1398,蒋岳祥,2025-02-24 03:31:59,2,2,0,很难评。。真的很难评。。
215684,1398,蒋岳祥,2025-03-04 04:22:49,0,0,0,老师比较传统，很喜欢吹捧古人
216515,1398,蒋岳祥,2025-03-18 02:14:22,0,2,2,老师很传统复古，经常吹捧古人的理论（eg玄学，佛学，缘分，风水）如何如何好。我不是说古人的理论不好，而是说没必要提到这么一个高度，上课除了讲数学之外就剩下一半就是在扯这些。另外还感觉老师讲话透着一股文人的傲慢，然后不管什么东西都要从哲学（or玄学）的角度思考，符合我对那个年代做学术的人的刻板印象吧hhh数学部分讲得挺好的，但麻烦把您的那套东西留到课下说吧
216530,1398,蒋岳祥,2025-03-18 03:58:52,1,1,0,你懂缘分吗
216573,1398,蒋岳祥,2025-03-19 00:14:37,1,1,0,你懂缘分吗
219946,1398,蒋岳祥,2025-06-12 03:07:56,4,4,0,啊呀，骇死我力
220282,1398,蒋岳祥,2025-06-17 05:36:07,2,2,0,纯纯逆天，sb老师，sb课，什么东西都不教
220391,1398,蒋岳祥,2025-06-17 14:49:16,3,3,0,从来没骂过老师，他是想骂的第一个。因为数金取消了中级计量就把原本两学期的内容放到一学期囫囵吞枣上完，以为自己讲的很好实际上学生既听不懂又没学会实证性的东西。一直重复机械性的矩阵推导却不说清楚实证的方法，拔苗助长式的的教学下学生学到的有用的东西为0，更别说一个暑假甚至考完试一周以后。此外卷子出得奇难无比。这样一门无用的垃圾课程，唯一能想到的开出来的目的是刁难学生和满足老师，尤其是在数字金融大二下本来就专业课最多最难的情况下更无异于是屋漏偏逢连夜雨，连带其他有用的课程一起学不好。开出这样的课却沾沾自喜以为是“特色好课”，羞也不羞。
220416,1398,蒋岳祥,2025-06-18 01:30:01,6,6,0,我看了往届的试卷还以为能下手轻一点，考试才发现他已经沉浸在自己出卷子的艺术中了。您还是做自己的研究去吧，您不适合讲课教学生。
220996,1398,蒋岳祥,2025-06-20 15:20:17,2,2,0,是数金同学的灾难了\n\n别去上课也没必要去上课 因为你考的上课根本讲不到 上课讲的也都是佛学
221031,1398,蒋岳祥,2025-06-21 02:55:07,0,0,0,早点退休吧
221646,1398,蒋岳祥,2025-06-25 05:08:39,0,0,0,老师是统计学博士，讲的内容会更偏向数理统计一些，许多定理会提供细致的证明，难度较大，由于中级计量经济学被删掉了，两个学期的内容被合并到一个学期因而上课会比较赶。而且本门课有许多课后作业（没有答案）需要自己思考。总得来说是比较花时间的一门课，选课时请慎重（老师不点名）。
2010,1420,王昌福,2015-03-28 14:03:27,9,11,2,普通话不太好
4870,1420,王昌福,2015-06-30 06:13:33,5,5,0,口音醉了
5352,1420,王昌福,2015-07-07 02:24:44,2,2,0,反正都是自学…
5386,1420,王昌福,2015-07-07 05:49:40,-3,2,5,每节课都要签到 不能代签 因为他会和期末考卷比对字迹 说话有口音 语气抑扬顿挫 优点就是最后一节课会划重点
5701,1420,王昌福,2015-07-09 07:39:54,3,3,0,只能说奇葩 千万别选这破老师的课 cao...
5927,1420,王昌福,2015-07-10 02:51:35,0,0,0,哦
5959,1420,王昌福,2015-07-10 04:26:43,2,2,0,并没有什么卵用
7785,1420,王昌福,2015-09-15 13:26:38,2,2,0,吃屎…完全不懂他对自己数学哪来的自信
10546,1420,王昌福,2015-11-19 15:35:58,0,0,0,对这个老师无语
26546,1420,王昌福,2016-06-20 05:13:58,0,0,0,这是我在浙大遇到最糟糕的老师，没有之一
3652,1468,史晋川,2015-06-17 02:02:27,4,4,0,好，水，有趣
4326,1468,史晋川,2015-06-19 04:02:53,5,5,0,作业多 有趣
4718,1468,史晋川,2015-06-26 12:12:53,2,4,2,教学经验丰富的老师~
5180,1468,史晋川,2015-07-05 14:37:58,2,2,0,认真负责作业多
5396,1468,史晋川,2015-07-07 07:51:26,2,4,2,超级好！
5419,1468,史晋川,2015-07-07 09:18:42,2,2,0,水。有趣
6038,1468,史晋川,2015-07-10 12:03:40,5,6,1,太水了！
6251,1468,史晋川,2015-07-12 10:28:36,12,35,23,上课不错，但是给分，呵呵，我3.0，我室友2.8，朋友一个3.0，一个直接挂了。到底是给分问题还是我交的就是一批学渣朋友。
6254,1468,史晋川,2015-07-12 11:09:02,7,12,5,我3.1好友一个3.0一个1.5\n\n作业难.多\n\n我就呵呵
6255,1468,史晋川,2015-07-12 11:22:26,5,6,1,基本是想讲什么就讲什么  和书没什么关系  作业多又难
6305,1468,史晋川,2015-07-13 01:42:45,10,12,2,微经基本靠自学 老师只管教学不管作业打分 作业难且多 平时回回有作业加期中三千字论文 关键是给分真的很坑很坑很坑！
6310,1468,史晋川,2015-07-13 02:24:12,1,5,4,感觉今年微经一难下面全是喷的。感觉老挺好，去年修的
6326,1468,史晋川,2015-07-13 04:21:49,6,7,1,除了给分低没什么人缺点\n\n
6834,1468,史晋川,2015-07-24 00:15:52,2,3,1,讲课挺有意思的
7536,1468,史晋川,2015-09-15 02:49:08,2,4,2,老师人不错，但是给分真心不懂
7958,1468,史晋川,2015-09-16 08:39:29,2,4,2,给分烂\n\n
9072,1468,史晋川,2015-10-12 06:07:43,3,4,1,给分太烂
78801,1468,史晋川,2019-03-28 02:06:46,1,1,0,课上的好
81546,1468,史晋川,2018-07-05 10:43:56,1,1,0,很有经验，补充了新教材没有旧教材有的
83202,1468,史晋川,2018-07-10 02:20:37,-3,4,7,满了，讲课很棒，听着很有趣
89726,1468,史晋川,2018-11-20 12:04:46,1,1,0,有趣！有料！很喜欢！\n\n
104788,1468,史晋川,2019-03-28 02:07:18,3,3,0,很好的课堂
105903,1468,史晋川,2019-04-23 02:11:01,2,3,1,非常好的老师
106080,1468,史晋川,2019-04-25 02:01:31,1,2,1,微观经济学有深度，有拓展
106312,1468,史晋川,2019-04-26 09:50:53,3,3,0,很有内容
107627,1468,史晋川,2019-05-07 23:17:06,1,1,0,微观经济学收获大
107769,1468,史晋川,2019-05-09 10:53:26,0,1,1,比较幽默
107802,1468,史晋川,2019-05-10 01:32:10,0,1,1,亲民，幽默
107855,1468,史晋川,2019-05-10 11:17:29,1,2,1,有大格局
107894,1468,史晋川,2019-05-11 00:33:29,-1,1,2,很厉害
107931,1468,史晋川,2019-05-12 01:55:14,2,3,1,大牛，会分享他学习和研究经济学的经历
107957,1468,史晋川,2019-05-12 10:04:52,1,2,1,和善，有料
107989,1468,史晋川,2019-05-12 14:37:21,-1,1,2,值得期待
108157,1468,史晋川,2019-05-15 16:34:54,2,3,1,为什么老师就上半个学期的课呀？
112569,1468,史晋川,2019-07-04 17:57:39,1,1,0,和xyh形成对比
114772,1468,史晋川,2019-07-11 12:38:14,7,9,2,真正有大学教授风范
138794,1468,史晋川,2021-07-11 01:17:43,-16,6,22,sb老男人
140317,1468,史晋川,2021-09-08 12:07:20,9,10,1,【中国改革开放史】课程组各位老师的水平很高，能够博采众长。期末做3道思考题和1篇论文，事情比较少，但个人认为难度比较大。给分方面，五级制给分，做好分数不高的准备。
142316,1468,史晋川,2021-11-10 06:19:29,6,9,3,中国经济学教材编写组成员！
156906,1468,史晋川,2022-06-21 10:16:44,-13,3,16,臭名昭著的天则研究所成员
172237,1468,史晋川,2023-04-23 08:47:42,10,10,0,我的天哪 不理解为什么这么多人给史老师差评 我觉得听他的课（微经）是真的有很大的收获 而且老师很亲厚幽默而且可爱，听了史老师的课真的会感觉眼界开阔许多，收获真的很大很大，而且老师说英文很迷人、是我目前见过最有大学教授风范的老师了www
176790,1468,史晋川,2023-06-30 06:57:59,5,5,0,史老师挺好的，人也不错
176912,1468,史晋川,2023-06-30 16:04:34,3,3,0,大师风范，非常好的老师！
194889,1468,史晋川,2024-06-26 00:36:46,5,5,0,活着的大师
196455,1468,史晋川,2024-07-03 13:38:13,-2,1,3,天则研究所有意思
222074,1468,史晋川,2025-06-29 12:03:23,0,0,0,微经讲课很有意思
375,1489,来雄翔,2015-03-15 01:37:35,-7,39,46,集邮课真的很棒，给分也很好，收获颇丰的通识
921,1489,来雄翔,2015-03-19 02:10:57,-10,11,21,能学到很多知识，讲述集邮后面，邮票后面的故事。还有老师对生活的热情。很好！！！
1617,1489,来雄翔,2015-07-02 14:05:50,-12,9,21,给分好
2088,1489,来雄翔,2015-04-01 09:09:21,-10,13,23,给分高，收获多，很有意思！！
2313,1489,来雄翔,2015-04-20 11:25:36,-9,9,18,可很好，看你自己愿不愿意听。老师会送邮品。
2477,1489,来雄翔,2015-05-04 12:02:55,-7,6,13,课还算有意思的，但是要做的虚拟邮集和上课内容略脱节。考试要背的也不少。但愿给分好一点吧。
2979,1489,来雄翔,2015-05-12 06:53:33,5,14,9,不喜欢集邮的倒是没有觉得有意思，而且和文化不沾边不多，简单地说除了集邮知识学不到其他文化方面什东西，给分自己看均绩，通识课中属于一般。
4635,1489,来雄翔,2017-11-27 13:10:32,22,39,17,通识课里最后成绩最低的
4857,1489,来雄翔,2015-06-30 01:18:38,4,11,7,呵
4953,1489,来雄翔,2015-07-01 13:28:48,19,38,19,说话100个墨迹，夏天上这个课自残
5420,1489,来雄翔,2015-07-07 09:19:59,7,17,10,给分低…
6123,1489,来雄翔,2015-07-11 05:01:43,143,215,72,第一节课和最后一节课去就行，另外最后一节课做好拖堂1小时得准备
6130,1489,来雄翔,2015-07-11 05:49:32,8,17,9,通识课最低，上课无聊至极。
6452,1489,来雄翔,2015-07-14 04:38:44,7,15,8,不好
7316,1489,来雄翔,2015-09-13 11:37:50,-10,2,12,～～～～～。。。。。
7529,1489,来雄翔,2015-09-15 02:20:03,-10,10,20,给分好！！作业只有邮集和给答案的考试！！！请了很多老师来上课，很有意思
7716,1489,来雄翔,2015-09-15 10:38:13,-12,9,21,听集邮课不但学到很多知识，更能体会到老师对于自己爱好的热情。确实能学到很多东西。   毕竟像集邮的学问如果没有老师的引领，在当代不好入门的。  力荐！
7732,1489,来雄翔,2015-09-15 11:11:35,9,16,7,要求好多好烦
8111,1489,来雄翔,2015-09-17 05:13:55,-10,4,14,不错的
8365,1489,来雄翔,2015-09-19 12:52:29,-7,7,14,这课挺好！培养自己热爱的事物很重要
13968,1489,来雄翔,2016-01-03 06:52:33,-22,3,25,浙大好课
14056,1489,来雄翔,2016-01-04 03:49:25,24,28,4,秋学期的课元旦后还没出成绩，吼吼，稍慢。
14230,1489,来雄翔,2016-01-05 13:21:36,62,78,16,作为一个短学期的通识课，要求确实有点多
14396,1489,来雄翔,2016-01-07 01:33:30,13,19,6,说话啰嗦
14539,1489,来雄翔,2016-01-07 13:17:38,7,10,3,无聊。
14901,1489,来雄翔,2016-01-11 02:03:57,6,18,12,课是好课，老师可以真真切切交给你集邮的全部，不过作业有点坑
14990,1489,来雄翔,2016-01-11 12:24:22,29,43,14,要求真的太繁琐了\n\n
15179,1489,来雄翔,2016-01-12 13:04:42,37,44,7,上课很水..但邮集和考试前复习题的记忆很花时间..作为一门通识课来说太烧时间
16167,1489,来雄翔,2016-01-17 11:11:39,-15,6,21,集邮课能学到很多东西！老师人很好，上课也会请别人来讲东西、总之学到了很多东西～给分很不错
16180,1489,来雄翔,2016-01-17 11:58:03,-6,6,12,还可以，对集邮有兴趣的人可以选
16183,1489,来雄翔,2016-01-17 12:07:47,35,43,8,给分太低 不推荐选！
16205,1489,来雄翔,2016-01-17 13:19:46,15,20,5,cao
16210,1489,来雄翔,2016-01-17 13:30:44,19,21,2,给分低！
16219,1489,来雄翔,2016-01-17 13:48:54,8,12,4,woc\n\n
16233,1489,来雄翔,2016-01-17 14:13:38,-18,3,21,学到很多东西，认真上收获是很大的。
16260,1489,来雄翔,2016-01-19 13:11:51,-13,4,17,挺有意思的
16270,1489,来雄翔,2016-01-17 15:31:10,48,63,15,平时作业是虚拟邮集 要求很高 还不如写论文 最后考试看似会给答案 实则还不如其他考试没答案的好 给分又不好 真的不要相信有些人所说的好 实话
16277,1489,来雄翔,2016-01-17 15:55:56,101,129,28,明明作业做的很认真考试也认证复习了莫名其妙很低分……不想说什么了心塞
16334,1489,来雄翔,2016-01-18 03:12:48,44,54,10,给分哪里好了，投入产出根本不成比..比较坑，考试多的学期最好别选，不然就是作死
17414,1489,来雄翔,2016-01-20 07:36:40,-9,3,12,内容丰富
18528,1489,来雄翔,2016-01-22 02:09:01,21,26,5,投入产出不成正比。
20830,1489,来雄翔,2016-02-01 12:11:16,29,37,8,哎明明作业很认真考试也背了很多但是绩点很低\n\n
20876,1489,来雄翔,2016-02-02 18:47:21,-7,4,11,到底要怎么选上这个课，我选了十几次都没选上，补选的时候我抢在前面为什么没有用
20931,1489,来雄翔,2016-02-13 12:10:24,8,11,3,不想多说
21352,1489,来雄翔,2016-02-28 07:28:23,21,26,5,和文化没有关系，课堂上学不到什么东西，还要求做虚拟邮集，要求多，很烦人。最后一节课会拖一小时，把“复习”资料给你，要把4张纸的内容都背下来！讲话炒鸡慢，废话一大堆。出分特别慢，秋学期的课元旦才出来，我就呵呵了
21450,1489,来雄翔,2016-02-29 01:45:17,16,21,5,什么破老师
21988,1489,来雄翔,2016-11-22 04:21:27,6,13,7,秋学期的课到今天都没出成绩
22408,1489,来雄翔,2016-06-07 05:29:35,2,4,2,分少还出的慢
22409,1489,来雄翔,2016-03-04 13:25:50,-6,1,7,很有味道！
22419,1489,来雄翔,2016-03-05 01:50:54,1,6,5,讲的还可以，但是给分真的与投入不成正比
22422,1489,来雄翔,2016-03-07 02:10:38,85,130,45,看到成绩之后有感而发，真的不知道老师的评分标准是什么，辛辛苦苦做了两三天的虚拟邮集，考试题库也认真背了，等了将近一个半月，成绩出来后却是大一上所有成绩的最低绩点，直接拉低均绩0.1，而我恰好处于选专业的绩点分界线，这个成绩真的无法接受，肯定也有得分很高的同学，但是对于我来说真的是给分和努力不成正比，只能说自己倒霉吧⋯⋯
22472,1489,来雄翔,2016-03-07 00:00:33,-6,4,10,课有趣 但是事情真的有点麻烦 给分还不错
22481,1489,来雄翔,2016-03-07 01:09:47,-8,2,10,老师人很好，给分也很良心！就是出分太慢了，不过这也没办法，毕竟老师一个人负责那么多学生，而且大作业和期末试卷都是老师一个人批改
23833,1489,来雄翔,2016-04-18 11:23:56,4,6,2,血的教训！邮集真的全是坑！大坑！
23840,1489,来雄翔,2016-04-18 13:12:07,4,9,5,如果只是一般般喜欢集邮，那你上完这么课，可能就不会喜欢集邮了。同时这门课还考验你的耐性，讲道理，老师比较啰嗦，一件事能反反复复讲个好几遍，特别是最后一节课，嗯，要说一下复习题，建议八点五十五下课铃响了之后再来，他可能刚讲完废话开始说复习题。复习题里选择题答案全部是A，判断题全部正确，之后还可能会传到群文件，所以大概交个作业就可以走了。讲真，选课还真的要看看评价，不能直接看名字选。
23842,1489,来雄翔,2016-04-18 13:36:39,3,7,4,课是好课，会请很多集邮家分享集邮的经历，喜欢集邮的同学会长见识。但是拖堂概率大，如果后面有事就比较糟糕。
23860,1489,来雄翔,2016-04-19 02:58:32,13,20,7,老师说选上这门课是人品炸裂，我只能呵呵了，讲道理的话，我觉得老师并不是那种考虑学生感受的人，听他讲课真的不要太要命，邮集的标准讲得不清不楚，基本都要重改，给分没出但我想肯定是不高的。如果你不想在最后一节了猝死，趁早退了吧(干脆就别选！)
23895,1489,来雄翔,2016-04-20 10:53:01,-1,3,4,要求巨多!
23986,1489,来雄翔,2016-04-24 07:42:25,6,7,1,作业要求太高了   不知道花了多长时间  而且考试要背   真的付出太多了 建议不要选
24003,1489,来雄翔,2016-04-25 04:43:32,18,22,4,考试周前邮集做到天昏地暗，考试前背了一下午，最后得个低绩点
24009,1489,来雄翔,2016-07-01 09:51:23,-1,5,6,傻逼老师...谁选谁怀孕..
24593,1489,来雄翔,2016-05-02 05:08:03,-6,2,8,最后考试给答案，超级简单。就是虚拟邮集有点儿坑，想听故事水课的同学强烈推荐。
25004,1489,来雄翔,2016-05-05 00:05:30,6,7,1,建议秋学期和春学期选，这样考试周背东西压力不会太大。冬学期和夏学期要期末考，再来一个集邮比较累。
25410,1489,来雄翔,2016-05-17 13:39:40,0,2,2,。。。。。。。。
25762,1489,来雄翔,2016-06-07 08:40:00,-1,3,4,课内容精彩，但是作业巨多，给分不是很好!
25776,1489,来雄翔,2016-06-08 02:14:37,-1,3,4,不太能理解这个老师的世界观
25881,1489,来雄翔,2016-06-13 06:42:40,3,6,3,我觉得老师很好啊课也很有趣，每次就是听故事”。理论考完全就是给答案了的\n\n
26066,1489,来雄翔,2016-06-15 09:58:59,4,7,3,作为一门通识课，又有大作业又有考试。作业要求看似具体实则多且模糊；考试看似给题库，实则有误导倾向。（并不是说答案是错的，而是如果要答对题需要把题库所有关键数据背出来）。或许高分同学确实作业有独到之处，然而既然作业要求不明确我也不知道为什么给我这样一个分。毕竟作业有好好做，考试也认真背了。大概想拿高分凭运气，处于绩点关键期的同学请不要选。
26343,1489,来雄翔,2016-06-17 04:08:59,3,5,2,只有清明放假点过一次名，给分垃圾，投入与产出不成比，不喜欢集邮的简直浪费时间。而且他的有些价值观真是呵呵，作为一个老师大讲特讲怎么占小便宜真的呆胶布？
26595,1489,来雄翔,2016-06-20 09:19:15,-6,2,8,要求是有点多，准备是有点累。但老师还是给我满绩了。可能是大家都很努力吧，成绩的正态分布也在所难免
28078,1489,来雄翔,2016-06-28 08:04:37,-4,5,9,听课很好，会邀请别的集邮大师分享，还会不时有小礼物的，只要你认真准备集邮，和考试，给分很好。
28121,1489,来雄翔,2016-06-28 08:07:56,-4,1,5,感觉蛮好
28366,1489,来雄翔,2016-06-28 08:41:15,0,2,2,要求太多，给分也不怎么样，心塞
29295,1489,来雄翔,2016-06-29 14:39:14,6,8,2,第一门挂的课555\n\n
31758,1489,来雄翔,2016-07-05 01:22:58,-1,2,3,给分低，事情多，请别人讲的东西不成系统根本学不到东西
31767,1489,来雄翔,2016-07-06 10:22:55,5,19,14,给分还行吧，我来来回回邮集改了三遍，最终91，但作为一门通识，真的要求太多了。还有大家说的给分不好，这我要为老师辩解一下，其实应该是邮集上出了问题。每次做好我都会给老师看，明明感觉自己做的很好，但老师总能指出一大堆错。而且最终考试成绩大家都差不多，关键就是邮集的好差。
31791,1489,来雄翔,2016-07-05 02:22:35,0,1,1,不知道怎么算分的 作业和考试感觉都还行 认真做了 并且 每节课都去 不知道为什么就是分不高 很不理解
31821,1489,来雄翔,2016-07-05 03:13:06,3,6,3,第一次给分那么低 通识课上的那么差 还要求那么多 还给分那么差 老师还一副很傲娇的样子 我觉得他真的应该来看看学习帝的存在 大写的呵呵 去你妹的2.5
31861,1489,来雄翔,2016-07-05 04:31:55,0,7,7,神坑！付出很多时间然而给分很差。神坑！非集邮大神不推荐选。
31893,1489,来雄翔,2016-07-05 05:48:14,0,4,4,真心脑残老师，大学第一次挂科，就挂在了他手里！真的不知道她的评分标准是什么，他的课谁做谁知道
31894,1489,来雄翔,2016-07-05 05:55:09,0,3,3,烂，大坑\n\n
32067,1489,来雄翔,2016-07-05 14:13:29,-2,6,8,这门课的内容很丰富，老师请了很多集邮的专家来讲课，能够学到很多。讲道理，课程作业只有一项，时间为一整个短学期，虽然要求有点多但只要好好做都是会有很好的结果的。要想得高分花费三天真心不多，我做了至少一个星期。而且考试绝对会给出所有答案，那些说考试坑的绝对没有好好背或者没有听清楚要求。\n\n总而言之，浙大好课！给分好，内容佳！
32153,1489,来雄翔,2016-07-05 23:58:07,3,6,3,sb老师，做邮集全按他要求，该背的都背了，最后就3.3，真是心累，慎选。
32296,1489,来雄翔,2016-07-06 06:04:01,-1,3,4,老师真心给分太低 虚拟邮集做的非常认真 而且考试题复习的很好 考试都是原题 还给了69？请问是什么意思？
32634,1489,来雄翔,2016-07-08 09:02:25,0,2,2,上课无聊，给分坑爹，作业要求巨多
33910,1489,来雄翔,2016-11-22 03:07:00,6,9,3,上这课什么感觉？ 没感觉   浪费了很多时间做16页ppt mdzz 给分还那么低 mdzz\n\n
34877,1489,来雄翔,2016-11-10 08:56:31,3,4,1,自己不讲课 整天瞎逼逼 要求贼多 最后一节课必拖课
35164,1489,来雄翔,2016-11-22 01:08:07,3,8,5,不想说什么了，zz老师辣鸡课，考试前准备了很多，作业也很认真，绩点给2.4tm是什么鬼，要求还这么多，你怎么不上天呢，lxx
35165,1489,来雄翔,2016-11-03 11:29:20,3,3,0,不要上他课真的\n\n
35166,1489,来雄翔,2016-11-03 13:15:10,0,4,4,作业要求不讲清楚，简直有毒
35167,1489,来雄翔,2016-11-12 04:51:53,0,4,4,考试题贼难背。填空题全tm是日期，年月日齐全。
35168,1489,来雄翔,2016-11-22 02:30:56,58,78,20,楼上楼下的别在再捧老师了\n\n绩点才是硬道理好不好！！！\n\n这老师不仅人傻还没同情心\n\n上个通识课给1.5你是不是\n\n总想搞个大新闻，感觉自己充\n\n满了人生的经验。布置作业\n\n谈笑风生。too young too\n\nsimple。naive！
35169,1489,来雄翔,2016-11-03 11:44:14,8,11,3,听课不如不听，短学期的一门课要求多到哭泣，电子邮集做了三四天结果最后一节课告诉你怎么样是要不及格的，不能早说吗？请来的老师都不错，但是真的不喜欢这个老师
35170,1489,来雄翔,2016-11-21 15:48:40,-6,5,11,嗯，老师缺点是有，但是我们也要努力呀，既然上了这门课，我们至少要对得起自己花的时间！
35172,1489,来雄翔,2016-11-03 13:00:44,3,5,2,可惜没有零分这个选项。
35182,1489,来雄翔,2016-11-04 01:57:51,-4,0,4,水水水\n\n
35216,1489,来雄翔,2016-11-23 05:23:45,9,12,3,明明很认真的在做，最后也有背书，给那么点分，心塞！
35333,1489,来雄翔,2016-11-08 13:02:23,0,2,2,听故事，水时间还行。做邮集很费时间，最后拖时间。
35391,1489,来雄翔,2016-11-10 00:48:22,2,2,0,不到最后一次课不给题库 期末了就几天的时间背好几页的题 要求多给分低
35393,1489,来雄翔,2017-01-11 10:11:20,4,9,5,呵呵呵呵呵呵
35446,1489,来雄翔,2016-11-10 07:16:57,4,6,2,多么痛的领悟
35488,1489,来雄翔,2016-11-10 07:21:17,-3,5,8,老师的想法很可爱，可是因为真的特别喜欢集邮，对虚拟集邮册的要求很严格，如果你真的喜欢集邮一定参加，不推荐只想着分数进来
35626,1489,来雄翔,2016-11-10 07:35:48,0,2,2,后悔上了这门课…
35654,1489,来雄翔,2017-01-20 13:56:55,2,5,3,垃圾，没兴趣就别去了，有兴趣也少去点，不要因为他是l类课就屈身去那
35655,1489,来雄翔,2016-11-21 23:54:24,-4,0,4,自由。
35727,1489,来雄翔,2016-11-10 07:54:42,0,0,0,平常吓bb不讲有用的，考试前磨磨唧唧压堂
35850,1489,来雄翔,2016-11-27 23:43:12,7,11,4,就是不开心
35905,1489,来雄翔,2017-01-21 04:11:00,8,20,12,老师人其实不错的 问问题都会很耐心的回答 平常上课会请很多老师过来讲故事和集邮心得 全凭兴趣吧 最后打分的话其实期末考试倒不是太重要 最重要的是那个虚拟邮集 每节课下课一定要去找老师问问做的怎么样 即使自己还没做好 也要看看老师怎么给别人点评的 很多细节要注意 要不然扣分点很多
36050,1489,来雄翔,2016-11-10 10:54:11,3,5,2,大概就是一种认真了也没有卵用的感觉吧（手动微笑
36276,1489,来雄翔,2016-11-22 01:50:50,5,8,3,中间其他老师讲的都不错。。。就是最后的老师略坑。一帮对集邮没啥兴趣的人硬要被逼着背年份，事件。。。简直醉了
36319,1489,来雄翔,2016-11-12 00:49:11,0,0,0,水课 做作业吧少年
36343,1489,来雄翔,2016-11-12 05:03:29,0,1,1,要求好高啊。。。还有考试题真的有点难。。。记不住。。。不要选就对了。。。
36358,1489,来雄翔,2016-11-12 07:43:56,1,2,1,太无聊
36521,1489,来雄翔,2017-04-04 15:24:45,-13,5,18,老师挺不错啊，同学们总是抱怨自己分不高，难道付出真的必须得有回报吗？大家都很努力，但是总会有低分的，不要总是抱怨老师辣鸡，多看看自己吧
36549,1489,来雄翔,2016-11-22 03:00:12,4,9,5,我会告诉你绩点1.5吗？分数是60，很任性的打分。\n\n\n\n\n\n\n\n
36617,1489,来雄翔,2016-11-21 09:51:41,1,1,0,给分低
37571,1489,来雄翔,2016-11-19 13:38:23,0,3,3,这个老师是真心喜欢集邮
37722,1489,来雄翔,2016-11-20 11:58:04,0,1,1,老师不太友好，记性不太好的同学不建议选
37730,1489,来雄翔,2016-12-27 07:30:53,4,6,2,上完冬学期的通识才知道集邮课要求有多少
37830,1489,来雄翔,2016-11-21 11:25:06,0,1,1,老师给分太坑\n\n
37834,1489,来雄翔,2016-11-21 10:02:52,0,1,1,给分极低 要求极多
37845,1489,来雄翔,2016-11-21 11:01:15,0,0,0,水。。。
37854,1489,来雄翔,2016-11-21 11:29:15,0,1,1,虚拟邮集一定要认真做呀！
37857,1489,来雄翔,2016-11-21 11:49:16,-4,4,8,上集邮课不点名，课上大量的集邮故事，只布置一次作业，大概三到五周的课上老师都会提到作业要求，那些说老师不讲要求的人全部是没听课的。。考试有80分从题库出，20分提前告诉你题目让你自己准备。
37865,1489,来雄翔,2016-11-21 12:19:15,-1,1,2,其实老师蛮认真的 的确要求有些严格 但是好老师
37868,1489,来雄翔,2016-11-21 12:34:23,-1,1,2,请了挺多老师来讲集邮经历、挺有趣的。对集邮产生了一些兴趣 考试给了题库要背整句话那么考试应该都会 集邮确实挺花时间但是感兴趣的会觉得很有趣 而且挺有成就感
37871,1489,来雄翔,2016-11-21 14:54:33,4,8,4,老师应该有包容的心态面对不同的观点，我小作文只是论证了集邮消亡的必然性，就只拿了2.7的绩点。上课还是各种集邮爱好者的朋友来上课，又要做邮集，又要考试。不要选。
37886,1489,来雄翔,2017-01-20 13:49:45,-13,6,19,其实并不是像上面的同学说的。。这门课确实得花时间，而且要做好就要花更多时间，来老师会请许多集邮家来分享自己的见闻，可以开拓眼界而且很有意思。顺便说我这门课满绩。
37890,1489,来雄翔,2016-11-22 00:00:10,3,3,0,怎么说呢，有点难过。明明自己的邮集做了又做，改了又改。可是成绩出来时还是有一点小失望。考试几个填空题没填出来分数直接低了很多。哎，成绩好的我也不知道人家怎么得来的。
37912,1489,来雄翔,2016-11-22 02:55:03,-2,3,5,老师的课讲的还是有点意思的，就是期末作业虚拟邮集挺花时间的，但一定要按要求认真做(要求上课时会提，绩点全靠它了，最坑的就是期末考了，要背一大堆东西，让人头大！
37914,1489,来雄翔,2016-11-22 02:56:31,122,135,13,这门课也不是一无是处，至少我每节课都在练膀胱。\n\n
37915,1489,来雄翔,2016-11-22 02:56:43,-4,5,9,挺好的通识，好好做邮集绩点有保障。\n\nPs:那些课不去上邮集不好好做分低的别把锅都给老师好吗\n\n
37916,1489,来雄翔,2016-11-22 03:03:02,-5,3,8,拿了4.5…反正大二狗觉得还挺好的…
37927,1489,来雄翔,2016-11-22 04:10:40,-1,4,5,考试好好背就行呀
37931,1489,来雄翔,2016-11-22 04:26:30,-7,1,8,如果有兴趣还是可以学到挺多的，不过据说课代表都满绩什么的感觉蛮坑。
37937,1489,来雄翔,2016-11-22 06:16:13,-12,1,13,分高分低都有人，看个人和运气吧。作业一个十六张ppt的邮集，最后考前给材料复习，考试靠背，总体来说平时很水各行各业集邮家来讲故事，临考会慌，所以邮集尽量早开始准备。我4.2 86分
37966,1489,来雄翔,2016-11-22 10:47:26,-8,0,8,其实还可以
37992,1489,来雄翔,2016-11-23 00:25:41,7,8,1,客观来说，虚拟邮集的作业要求确实有点繁琐，我差不多重做了七八次，改动什么的就数不清了，到最后一节课来说要求确实是有点无语。
38014,1489,来雄翔,2016-11-23 06:03:54,0,5,5,老师上课很有趣，还会请其他的老师来讲解集邮知识。关于虚拟邮集，我只想说老师在课堂上都会对细节进行讲解，最后邮集虽然工作挺多的，但只要你上课听课，邮集是不会太差的。得分很好。
38035,1489,来雄翔,2016-11-23 10:44:43,2,6,4,毁我青春……
38187,1489,来雄翔,2016-11-25 12:25:12,-5,1,6,涨姿势
38224,1489,来雄翔,2016-11-27 13:16:37,-10,2,12,其实还可以，稍微认真些，给分很高。
38399,1489,来雄翔,2016-12-02 04:13:32,3,7,4,说点对老师和课程真感。集邮课你可以当作水课看，也能够当作入门课。课堂上能够接触到一些集邮爱好者，并且对集邮有初步了解。课上有相当一部分内容是请集邮家来讲解的，但是老师讲课的内容可能会有点不尽人意。总评有考试和邮集：考试题型会在考试前一礼拜给你，好好背背应该能过；邮集要花点心思，只是老师总是把要求放在最后几节课上讲。评分标准有点迷。。。总体来说两个内容做好绩点应该不错了。ps：邮集会占用一些的期中考试复习时间，所以提前做吧。
38477,1489,来雄翔,2017-02-01 10:01:35,-11,9,20,zju老司机必修课，让你体验平时被老师数落挂科不及格千百次再到被良心助教强势带飞水到学分水到高绩点的快感！爱就一个字，我只说一次，满分?不解释！
39073,1489,来雄翔,2016-12-21 03:37:36,4,7,3,无聊 真的自残
39229,1489,来雄翔,2016-12-21 16:03:15,9,13,4,能给0分吗
39751,1489,来雄翔,2017-01-20 14:59:50,18,22,4,辣鸡辣鸡辣鸡辣鸡辣鸡辣鸡辣鸡辣鸡辣鸡辣鸡辣鸡辣鸡辣鸡辣鸡辣鸡辣鸡辣鸡辣鸡辣鸡辣鸡辣鸡辣鸡辣鸡辣鸡辣鸡辣鸡辣鸡辣鸡辣鸡辣鸡辣鸡辣鸡辣鸡辣鸡辣鸡辣鸡辣鸡辣鸡辣鸡辣鸡辣鸡辣鸡辣鸡辣鸡辣鸡辣鸡辣鸡辣鸡辣鸡辣鸡辣鸡辣鸡辣鸡辣鸡学不到东西的课要求多恶心给分差的要死，直接把均j拉了那么多，辣鸡辣鸡辣鸡辣鸡辣鸡辣鸡辣鸡辣鸡辣鸡辣鸡辣鸡辣鸡辣鸡千万不要选辣鸡辣鸡辣鸡辣鸡辣鸡辣鸡无力吐槽mlgb
40417,1489,来雄翔,2017-01-03 07:48:01,19,22,3,垃圾老师 作业多得要死 还威胁学生分分钟不及格
41272,1489,来雄翔,2017-01-11 02:46:02,22,27,5,助教网上点名。大 作业虚拟集邮册。考试靠背。如果你肯花时间，考试基本可以满分。但是作业就很主观了。下了功夫不一定高分。   我是不喜欢这课，培养兴趣没必要背这些玩意，几天就忘了。大学了还这么应式？
44302,1489,来雄翔,2017-01-17 14:39:16,-7,2,9,认真做邮集还是分不错的
45955,1489,来雄翔,2017-01-20 09:50:27,-10,3,13,给他十分完全是因为我只有这门最高
46052,1489,来雄翔,2017-01-20 13:49:11,0,9,9,我觉得应该客观来看这门课。确实平时上课像讲故事，大作业很繁重。但只要你认真做大作业，考前花2个小时背一背，拿高绩点还是不难的。做大作业的过程中只要你用心，还是能学到许多。来老师还是很平易近人的。
46056,1489,来雄翔,2017-01-20 13:57:06,0,7,7,垃圾老师开垃圾课，我辛辛苦苦花三天蹲图书馆做虚拟邮集，期末考试背到死只有60多分，真不知道这老师脑子里装了什么，给一分是因为没零分，垃圾老师给分看心情能不上别上了
46076,1489,来雄翔,2017-01-20 14:43:32,4,7,3,让你体验一把通识挂科的快感，10分！
46118,1489,来雄翔,2017-01-20 15:34:23,2,4,2,上课很水很无聊，邮集要求很多很繁琐，考试纯背书，背的熟的话绩点还行
46120,1489,来雄翔,2017-01-20 15:35:47,4,7,3,上完课只想知道课代表是怎么选出来的???
46141,1489,来雄翔,2017-01-20 16:24:45,1,4,3,邮集去多问老师，注意细节，有认识之前的高绩点大佬自然更有优势，一定注意邮集，这就是血泪教训。\n\n
46152,1489,来雄翔,2017-01-20 17:58:18,4,4,0,腊鸡老师\n\n
46262,1489,来雄翔,2017-01-21 05:25:51,7,10,3,不推荐选，明明很认真做的邮集，考试也背了一大堆就只有3.3，大家交邮集要用以前学长学姐的高分邮集，不然要完。
47549,1489,来雄翔,2017-01-30 09:43:12,4,6,2,我想给个0分
48079,1489,来雄翔,2017-02-28 10:13:49,1,3,2,我认认真真地准备了三遍，还是没能感动老师...
49584,1489,来雄翔,2017-04-19 11:05:56,-1,2,3,无聊  一丢废话  作为短学期的通识课还是慎重选择吧
49666,1489,来雄翔,2017-04-23 02:49:17,0,2,2,上这个课感觉很乱。
49986,1489,来雄翔,2017-05-03 14:43:09,1,4,3,垃圾老师，毁我青春，颓我精神，差点败我钱财.....
50244,1489,来雄翔,2017-05-02 02:43:05,1,3,2,呵呵? ，认真了得不到回报
50606,1489,来雄翔,2017-05-04 00:29:17,2,3,1,给分差差差差差
50610,1489,来雄翔,2017-05-04 00:59:17,10,14,4,1.讲的东西不成系统，不管是喜欢集邮还是不喜欢集邮很抱歉都学不到东西。\n\n2.虚拟邮集作业要求一部分在学生上交后才讲。觉得学生惊愕的表情很好玩？\n\n3.谢谢老师让我认识到认真上课是没用的。\n\n4.果断一分。诶来老师别谢我，应该的，诶你咋还跪下了呢。\n\n\n\n别选！别选！别选！\n\n重要的话说三遍。
50626,1489,来雄翔,2017-05-04 02:30:32,1,2,1,确实无聊....
50637,1489,来雄翔,2017-05-04 12:49:03,4,5,1,我现在觉得我很有成就感，随便一选就选了一个不能再烂的课。
50908,1489,来雄翔,2017-05-08 10:30:59,0,1,1,呵呵哒\n\n
51145,1489,来雄翔,2017-05-18 16:21:06,6,6,0,恕我直言，每次课都去，邮集认真做，考试复习了，只给我3.0。这老师就是个傻X
51828,1489,来雄翔,2017-06-11 17:36:56,1,2,1,呵呵呵
53030,1489,来雄翔,2017-06-25 03:05:28,7,8,1,一句话，我挂科了。作为通识，我没逃过课，作业都做了，就这样，分数给的很低。
55076,1489,来雄翔,2017-06-30 18:46:01,1,1,0,从未缺课，认真做作业，认真准备考试，出来的绩点一塌糊涂，不想说什么了，没营养绩杀课。
57332,1489,来雄翔,2017-07-06 22:38:21,6,6,0,醉了，集邮册想了一周的题目，做了三天才做完，晚上一直在做，考前背了两天的题库考试全都会做，3.9呵呵，给大家排雷
57341,1489,来雄翔,2017-07-07 00:40:00,2,4,2,第一次知道通识课还会挂科
59149,1489,来雄翔,2017-09-20 03:16:11,4,4,0,非常痛苦非常困=_=
59217,1489,来雄翔,2017-09-20 08:11:47,2,3,1,给分实在太太太太太不好
59456,1489,来雄翔,2017-09-21 12:53:44,20,20,0,去上课前记得带上英语课本和线代作业，给手机充好电。
59575,1489,来雄翔,2017-09-23 10:41:28,13,15,2,大家千万不要买他在课上推荐的书，完全没有用过
59744,1489,来雄翔,2017-09-26 11:56:28,-3,0,3,认真听还是有内容的。\n\n
61046,1489,来雄翔,2017-11-07 11:22:25,5,6,1,作业要求凭空出现，上课内容与考试和作业无关
61047,1489,来雄翔,2017-11-07 11:25:02,5,6,1,如果有零分 呵呵
61048,1489,来雄翔,2017-11-07 11:34:07,7,12,5,对于这门课，我只想说：千万别选!千万别选!千万别选!上课极水，布置个虚拟邮集不告诉要求，等都做好了再告诉你，这样，不及格，那样，不及格。就算认认真真做了一句话就不及格，完全用专业人士的做法要求我们，对集邮没有兴趣的千万别选!
61049,1489,来雄翔,2017-11-07 11:52:13,4,6,2,作业想死\n\n要求太多太繁琐太过分太鸡蛋里挑骨头
61061,1489,来雄翔,2017-11-07 23:58:38,6,13,7,我不想说任何东西，1.5分的通识课，花费我那么多精力，还要挂科，这个老师真的，事多，别说了，绩杀，呵呵，要不是没有0分，我一分都不想给
61072,1489,来雄翔,2017-11-08 03:14:28,2,6,4,没有0分
61161,1489,来雄翔,2017-11-09 09:41:13,-5,7,12,来老师的课讲的超级有意思的，给分超高，欢迎学弟学妹报来老师的课
61284,1489,来雄翔,2017-11-13 12:46:46,-3,2,5,真辣鸡
61415,1489,来雄翔,2017-11-16 16:13:33,6,9,3,听我一句劝  犹豫就是想退
61440,1489,来雄翔,2017-11-24 06:46:45,-1,4,5,辣鸡sb
61449,1489,来雄翔,2017-11-17 09:48:36,2,6,4,千万别选  选上也赶紧退   就这些   其他的别人已经说的很清楚了
61450,1489,来雄翔,2017-11-17 10:22:25,2,4,2,baibai
61460,1489,来雄翔,2017-11-17 11:54:14,-1,7,8,刚考完试 不多说这门课全是干货 前面那些同学评价都是骗人的 未来学长墙裂推荐
62923,1489,来雄翔,2017-11-27 12:35:11,2,3,1,绩点真的低
62935,1489,来雄翔,2017-11-27 11:37:41,-1,3,4,老师和课都很好，能学到很多集邮知识 。
62954,1489,来雄翔,2017-11-27 12:38:44,-1,2,3,不想说了，拉低绩点
62964,1489,来雄翔,2017-11-27 15:40:47,2,3,1,说选个素材多主题的那个同学怕才是没认真听讲吧，老师明明说过素材多的主题给分会比较低，因为觉得我们没有花时间在找素材上:)
62965,1489,来雄翔,2017-11-27 13:12:55,-3,2,5,上课水水的，虚拟邮集也水水的，考前花三小时背了下答案，成绩出来还挺好的
62966,1489,来雄翔,2017-11-27 13:21:35,1,5,4,课不算特别有意思但也不枯燥，大作业是虚拟邮集，作业要求穿插在课堂上讲，前面说作业要求不清楚拿了低分的自己想想有没有好好听课。虚拟邮集自己选一个素材多的主题准备起来还是很快。建议找以前学过的同学，看看他们的邮集是怎么样，有个大概的概念。考试直接背题库，也不多。平心而论上课确实轻松，事情也少。
62968,1489,来雄翔,2017-11-27 13:31:00,-3,2,5,幸幸苦苦背答案做集邮 结果3.0绩点？这老师脑子有问题吧？
62971,1489,来雄翔,2017-11-27 13:40:44,-2,2,4,因为绩点还可以，所以对这节课没那么多怨气了。
62979,1489,来雄翔,2017-11-27 15:40:50,1,2,1,很难受
62985,1489,来雄翔,2017-11-27 23:49:41,2,2,0,除了虚拟邮集花时间还是挺水的啊
62990,1489,来雄翔,2017-11-28 00:06:59,9,17,8,讲真的不喜欢这个老师，感觉他有点不尊重别人。这门课会请别的集邮大佬来讲课，其中不少老师讲的真的很好，比如张放老师我就超级喜欢，他用他的人生经历告诉我们一些真的有用的道理，所以下课的时候，大家都给了掌声。至于来老师嘛，他似乎有点喜欢在别的老师讲课的时候，打断、反驳，这令我很反感，感觉他缺乏对人的基本的尊重吧。至于作业和考试吧，个人感觉还行，反正不省力，但真的说花时间，也还好吧。至于绩点吧，原来做好了挂科或者3的准备，最后看到上4了，有点惊喜吧。
63129,1489,来雄翔,2017-11-28 13:19:11,0,4,4,不得不说一句垃圾，屁事贼多上课没什么意思，每节课都到最后给分也呵呵
63454,1489,来雄翔,2017-12-11 23:43:07,-1,5,6,很好的课，就做个邮集背张卷子，给分超棒！
64076,1489,来雄翔,2017-12-21 02:01:10,1,7,6,会请一些集邮的人来讲，挺有意思的，虚拟邮集一套，作业也不算多吧，考试很简单，几道题背一下就能答上十之九八，我最后绩点4.2，感觉还可以
64114,1489,来雄翔,2017-12-21 04:02:29,2,5,3,作业多 绩点低到爆炸
64284,1489,来雄翔,2017-12-22 08:18:53,2,7,5,老师会邀请一些集邮家来课堂讲座，说很多故事，既学习集邮知识，还收获了很多有趣的故事开拓了眼界，而且老师人真的超级好，我记得快交邮集的时候同学们把邮集拿给老师改，老师就很耐心一个一个看，有一回老师被我们留了一个多小时。而且上课真的有趣，第一节课回答问题还有小礼物哦?
64335,1489,来雄翔,2017-12-22 13:22:02,-6,3,9,老师课超级好，满绩，他们说付出与回报不成正比是因为他们没认真听，规则错了，有什么办法。
64690,1489,来雄翔,2017-12-26 11:01:06,-1,2,3,感觉，还行
65016,1489,来雄翔,2017-12-28 08:15:12,1,6,5,我觉得老师没评论这么差。那些拿低绩点的怕是集邮册没按要求做吧，当然你要是认为5.0才不算低绩点，就当我啥都没讲。倒数第二节课一定要去的，这才是坑的地方，不要听别人乱讲！倒数第二节课你可以拿集邮册去给老师看，老师会告诉你你哪些地方要改的。其他几节课你去不去，也是很有关系的，毕竟最后一题题目摆在那里。
65032,1489,来雄翔,2017-12-28 09:40:21,1,2,1,呵 呵呵
65240,1489,来雄翔,2018-01-02 03:58:28,-1,1,2,还不错
65277,1489,来雄翔,2018-01-02 08:31:42,1,2,1,\n\n\n\n\n\n\n\n\n\n\n\n\n\n\n\n
65383,1489,来雄翔,2018-01-03 13:02:05,1,2,1,垃圾……
65487,1489,来雄翔,2018-03-07 10:47:15,2,4,2,第一节课布置作业，剩下的课全都在讲怎么做这个作业，根本学不到什么干货，这个课没有什么存在的意义，不推荐想学集邮的选，会失望的。还有一点，点到的严格是不是反应了老师的不自信呢？有待考虑考虑。\n\n
66196,1489,来雄翔,2018-01-13 02:36:34,0,1,1,nifj
66207,1489,来雄翔,2018-01-13 08:20:01,0,2,2,希望老师能看看查老师
67658,1489,来雄翔,2018-01-22 04:15:53,2,2,0,上课水，集邮册略烦，考试有题库但是会改，拿了个2.1绩点有点气
67911,1489,来雄翔,2018-01-22 09:48:13,2,2,0,极度无聊
68076,1489,来雄翔,2018-01-22 14:40:12,2,3,1,一般般，挺烦的，自以为是的人
69407,1489,来雄翔,2018-01-24 15:19:07,0,1,1,很水一点也学不到
72900,1489,来雄翔,2018-01-31 09:32:29,-1,1,2,认真做作业会有好成绩的，一定要多去问老师的意见，老师很耐心的！
73103,1489,来雄翔,2018-02-01 02:18:45,-1,2,3,最后的虚拟邮集老师几乎每节课都有讲怎么做啊，就是想让我们做好嘛，看得出是真喜欢集邮。最后的考题还有题库的，背背就行了啊。不用听课丝毫不虚，像我这种一般般水过去的就3.9，最后考试能满的话估计能再高
73123,1489,来雄翔,2018-02-01 03:10:09,2,3,1,呵呵了，半个学期下来不仅什么都没学到，一个通识课还那么低的绩点硬生生拉低我的均绩。投入与收获不成正比的课程。。。
73370,1489,来雄翔,2018-02-01 12:32:59,0,4,4,我也不知道为什么…我按照学长的邮集做的，考试前背了两天，然后最后考的不错，也吓了我一跳，对这个老师，大家说是绩杀，我不做评论。认真叭！
73385,1489,来雄翔,2018-02-01 12:58:55,-3,2,5,老师课程安排的很用心，虚拟邮集做出来成就感满满，还是能收获到很多东西的一门通识，给个赞~
73387,1489,来雄翔,2018-02-01 13:06:14,0,3,3,老师的课上虽然没有很认真地记每个细节，但边学习边听还挺有趣的，请来的专家也讲得各有特点，如果不是上这门课见不到这个行业这么厉害的人。问老师问题，老师会絮絮叨叨讲个不停πvπ讲个不停个不停不停...老师还是有资历的。考试简单，虽然最后一题有点无语哈哈哈。（我居然5...感谢老师?
73401,1489,来雄翔,2018-02-01 13:43:33,-1,3,4,每节课都会有不同的老师\n\n真的很棒
73466,1489,来雄翔,2018-02-01 15:09:11,1,3,2,emmm，老师超级能说，一般三节课不带下课的，每节课会请一些集邮届大佬来上课，作业一个16页的虚拟邮集加上考试前背一套涵盖考点的试卷，给分方面每个学生都有自己的看法（个人觉得还可以），但是从课上感觉的出老师真的很爱集邮
73468,1489,来雄翔,2018-03-14 09:50:36,7,11,4,老师分数又降了啊
73470,1489,来雄翔,2018-02-01 15:14:48,-1,3,4,看同学们的反应可能是绩杀…我客观一点说吧，大作业确实费精力而且辛苦了分不一定高，不想在通识课上花过多时间同学慎入。期末考试其实当作高中文科背背也是能应付的吧。给分估计看字看脸？（反正我字好是勉强上4了?）
73471,1489,来雄翔,2018-02-01 15:15:11,3,7,4,邮册做了整整一天  从早到晚  背题库也背了一天 从早到晚  连 1900字的文章我都基本上背上去了  不明白  为什么最后 分还是那么低  建议  不是嫌自己分多  别选
73474,1489,来雄翔,2018-05-22 00:43:35,5,20,15,哈哈哈，我绩点上4了。\n\n看看大家怎么踩我，你就知道什么叫绩杀了。
73491,1489,来雄翔,2018-02-01 16:34:48,1,8,7,听五名在集邮上卓有成就的老师讲解集邮知识和人生经历是一种奇妙的体验，有趣的通识课，时而搞笑时而感动知识量满满，反正自己已经开始集邮了。老师非常和蔼亲切，也很有学问，有时有点啰嗦，但是这门课是值得一上的。而且，2018是这门课建立十周年，可能在课堂上会有更多的邮品发放，反正我没机会了，但是推荐有兴趣的同学选修。最后集邮册做得很有成就感，绩点4.5，挺满意了，有付出就有回报吧?
73504,1489,来雄翔,2020-02-19 02:39:27,-91,5,96,买《集邮与文化》二手精装，请联系qq2921106406
73521,1489,来雄翔,2018-02-02 01:20:36,1,4,3,老师非常好啊上课的内容也非常好，我看过很多人的作业是真的不认真，给你们低分不过分吧，我做了俩礼拜也就4.2，平心而论老师的评分不冤枉吧
73600,1489,来雄翔,2018-02-02 05:22:30,1,4,3,不是绩杀啊，给分还挺好的，只要认真就好。
73607,1489,来雄翔,2018-02-02 05:51:46,-35,8,43,付出：8*3节课，元旦三天做邮集，考前6小时背题库。上课同学们都很专心的做自己的事情，能听个三成课就足以应对考试，那本书真的没什么用。邮集的话，讲制作标准的那几节课稍微听下记一记，也可以下了课拿着邮集找老师问，旁听一下也能知道很多（比上课有用一点）。题库早点背，都要背完整，主观题多写点。出分有点慢，但这是我大一第五个满绩（逃
73663,1489,来雄翔,2018-02-02 10:47:16,3,3,0,。 。。！
78009,1489,来雄翔,2018-05-09 04:48:34,1,1,0,哎不说了
78283,1489,来雄翔,2018-05-10 11:37:55,2,3,1,感觉还行，趁着出分前先奶一口自己
78724,1489,来雄翔,2018-05-15 00:40:15,0,1,1,老师评分又降了啊
78729,1489,来雄翔,2018-05-15 01:43:21,7,7,0,即使是绩杀，也请绩杀快一点好吗....
79051,1489,来雄翔,2018-05-21 13:23:11,2,2,0,老师情商有点低。。。上了两节课，就这个感觉
79155,1489,来雄翔,2018-05-25 05:00:13,2,4,2,签到过一次。邮集好好做吧，认真一点，多放一点邮票，多找老师问，下课问或者发邮件都可以，老师会很耐心的给你解答的，尽量不明白的就问，包括版式，排版，内容方向都可以问。题库好好背，挖的空会让你想不到，所以尽可能背全。记住多问啊！！\n\n最后，想拿高分认真做邮集，想及格背题库。
79159,1489,来雄翔,2018-05-25 01:49:58,0,2,2,并不是自己认真做了邮集就会了拿高分，而是根据老师的要求认真做了才能拿高分。一些细节的要求老师上课讲的是不多的，要自己去问。
79161,1489,来雄翔,2018-05-25 02:09:03,1,3,2,搞不懂为什么老师的评分这么低   那些吐槽老师给分低的 不知道有没有认真做邮集\n\n只要把邮集的内容做好  选择一个好的主题  认真选择跨时间跨地域的邮票  就感觉不错了啊\n\n期末那个题库不过确实很尴尬  题目出的空和你背的空完全不一样  这就基本要求你必须把整个题库背下来  才能不管是挖的什么空你都能填  反正我就看了一个小时题库 \n\n 没填完  哈哈
79169,1489,来雄翔,2018-05-25 07:03:48,0,2,2,老师评分偏低了。说实话老师知识很丰富，你去问问题他会很耐心很详细的解答。集邮课确实能让我们学到不少东西，绩点要高的话必须好好做邮集认真背题库。
79298,1489,来雄翔,2018-05-30 07:51:15,-1,1,2,其实还可以...
79325,1489,来雄翔,2018-05-31 03:28:10,1,2,1,谁选谁后悔。。。\n\n
79437,1489,来雄翔,2018-06-05 03:31:33,0,3,3,给她十分
79449,1489,来雄翔,2020-02-19 02:40:33,4,10,6,来雄翔怎么不吃翔
80009,1489,来雄翔,2018-06-19 03:49:03,-1,1,2,还好吧，给分4.2也没有觉得事情多
80046,1489,来雄翔,2018-06-19 07:35:01,1,4,3,一个邮集大作业加期末闭卷考试（有考纲）。老师对于邮集有很多要求，平时上课注意一下，期末作业选一个合适的主题，然后只要作业附和老师要求就行（不懂的可以课后去问，或者听老师点评其他同学的作业，对照一下自己有没有错）。期末考试只要用心突击背一下就行（记得全背就行）。感谢老师给了高分。至少我觉得，这是一门付出与成绩成正比的课。
80093,1489,来雄翔,2018-06-20 02:31:25,5,9,4,1.我个人不喜欢这个老师 拖堂 无聊 端着架子 经常自我吹捧一番 其他老师讲的时候还经常打断插话 ；2.中间会有邀请其他老师来讲课 都很不错 ；3.但就事论事 说虚拟邮集做了很长时间但是得分很低的 你真的按照老师的要求去做了吗?我做邮集的时候也是做到昏天暗地 做完之后去请教了我一个这门课4.5+的同学 他给我讲的很多细节和要求我发现我根本没有注意过 都做错了 又花了很长时间去改 虽然说这门课确实无聊 但是实话讲我们上课都没好好听真的会注意那些很细节的点吗? 4.题库很恶心…网上可以找到答案…就是一直在背时间地点名称…还有最后那个论述…(最后一题是要么大段论述集邮 要么不用大段，写集邮对自己其他方面兴趣确立的影响 )而且【出题不一定按题库给的空去挖空】但是背熟了也没什么问题 我花了半天到一天去背 最后提前交卷 卷面分还可以；5.总的来说这是一门挺水的课 可以不听 但是做虚拟邮集一定要注意要求 背熟题库 绩点就还可以 但是我对这个老师实在喜欢不起来。以上。
80316,1489,来雄翔,2018-06-25 04:53:31,2,6,4,上课超有趣，可以看见很不一样的世界，而且老师很负责，即使叫了其他老师来上课，来老师也会每节课都来。邮集的要求是比较高，做邮集也很需要时间，但用心认真做肯定是能拿到高分的。这是一门你真的能学到东西的好课。但是如果想水的话就不要来了，也很需要时间的投入。不要听别人的乱喷，课是真的有趣。
80426,1489,来雄翔,2018-06-26 11:03:25,3,6,3,老师人还是不错的，快交邮集的时候耐心解答我们的问题，都快十点了才走，给分也不错，一起选的三个人4.2 4.5 4.8，对没错我就是那个4.2
82648,1489,来雄翔,2018-07-09 02:05:03,6,11,5,如果你要选的话，我有几点忠告：1.记得每节课都去，因为会有一次课点名，没到的人总分扣十分。2.认真做好邮集，找学长学姐讨教经验。3.确保考试周有充足的时间背4页纸的内容。4.拿走不谢。
85420,1489,来雄翔,2018-09-18 01:07:54,-7,3,10,这个老师就是混蛋
85491,1489,来雄翔,2018-07-18 13:03:22,6,7,1,老师上课会拖堂，做好心理准备，记得提前做好邮集，然后可以去请教老师，找找问题，修改一下再交，上课会有一次点名，最好还是去上课啦，记得几位老师讲的内容大概看一下，随便记一些就行，期末考试会有一道大题让你结合几位老师讲的内容谈谈自己的兴趣(就是使劲夸他们啊～～）考试前留出半天背一下四页纸选择，填空，判断，问答，考试差不多半小时好多人都写完交卷啦，给分不错哒！
85492,1489,来雄翔,2018-07-18 13:06:01,0,2,2,我觉得还行啊
86738,1489,来雄翔,2018-09-18 08:14:43,4,6,2,现在要不要退课呢？
86766,1489,来雄翔,2018-09-18 12:39:11,2,6,4,老师人很好，很耐心，回答问题也很仔细，也会很认真去倾听同学们的问题。老师很温暖，就很棒啦。\n\n关于课程，内容就真的很充实，有来自各行各业的集邮家的介绍以及他们的特别的经历。每一堂都很享受。\n\n课程要求做一本虚拟邮集，这真的比较花功夫，所以需要充足的时间，认真做总不会差的，最后有考试，认真记成绩也不差。\n\n总之这是一门增长集邮知识的特别好的一门课。给来老师打电话，超喜欢他
86890,1489,来雄翔,2018-09-19 07:51:20,2,3,1,其实上课真的还挺有趣的，老师有邀请很多喜欢集邮的教授和名家分享集邮故事，就是最后的虚拟邮集大作业比较费时间，按照他给定的格式分数不会太差的...最后考试也有给题库复习的。当时选了这门发现老师评分很低，还担心过一阵，但是实际情况真的还好。
90939,1489,来雄翔,2018-11-28 00:32:04,4,5,1,有一次点名到了加十分。虚拟邮集做完要问，会ps去水印更好。
90956,1489,来雄翔,2018-11-28 04:44:28,-1,0,1,神急刹
90958,1489,来雄翔,2018-11-28 05:09:17,-1,1,2,3.0，自裁了
90970,1489,来雄翔,2018-11-28 07:39:39,2,6,4,之前听说这课事很多不过个人感觉也还好，就做邮集麻烦点，最后要花半天时间背一下题。还有点名不要错过了。老师人挺好的呀，不明白为什么分这么低
93249,1489,来雄翔,2019-01-08 11:17:29,2,3,1,沃日 最后一节课来讲做的邮集这个不对那个不对的 您早干嘛去了?刚开学就建好群发好标准文件不好吗?偏要赶在最后?标准不是您定的??我靠 真服了┗┃・ ■ ・┃┛\n\n
102348,1489,来雄翔,2019-02-01 05:29:39,2,4,2,上课催眠，课程难度中等，邮集听好要求两天做掉，期末考有题库，背一天就OK。按要求去做给分不低，自己乱搞还要怪老师最后分低那没办法的呀。
102665,1489,来雄翔,2019-02-18 12:19:54,0,2,2,老师上课略显无聊，但是回请很多别的老师来上课，有些老师讲的还是很有意思的，虚拟邮集要好好做，考试给的题目要好好背，给分不错
107488,1489,来雄翔,2019-05-06 01:01:31,0,1,1,好好背，还是不错的。
114893,1489,来雄翔,2019-07-12 14:22:46,4,8,4,当初也被评分劝退，但自己上了以后感觉不错，认真做了给分挺好。总结一下这门课的几个要点，第一是集邮认真做，做完请老师帮忙看，再修改一下。第二是点一次名，到的会有加分。第三是考前给的复习资料认真背。
118890,1489,来雄翔,2019-11-07 11:32:08,2,3,1,刚刚考完集邮与文化的考试 我只想说“千万别选”
120161,1489,来雄翔,2019-11-18 01:47:51,1,1,0,辣鸡呀呀呀
120194,1489,来雄翔,2019-11-23 11:35:54,0,1,1,几个请来的老师课讲得还不错啦，但是绩点真的随机给分，而且对于一门只有1.5学分的课，事情有点多了
121640,1489,来雄翔,2019-12-11 07:44:06,0,0,0,害，这门课如果愿意花时间成绩还是可以的，就是作为短学期的课来说事情真的很多，个人建议前面的课完全可以不听，电子邮集好好做，最后一节课发的考题好好背，上四基本可以做到。
121972,1489,来雄翔,2020-01-27 06:46:30,6,14,8,很多人说来老师给分不好 我想问一下这些人你们是真的按照来老师的要求认真做虚拟邮集吗？你们考前有完完全全背会来老师给的题库吗？付出和回报一定是成正比的，每次下课都有一帮人去拿着自己做的邮集请教老师，这些人的分肯定不会低的。我虚拟邮集做了整整两周，考前背了一整天的题库，一字一句挨上背，最后4.8真的是很开心的。集邮是个大学问，制作虚拟邮集有很多规则，不是随随便便做了就可以拿高绩点的。
122174,1489,来雄翔,2020-02-18 17:16:01,1,1,0,以集邮知识点为基础，欣赏和聆听集邮故事。会邀请集邮爱好者分享集邮故事。\n\n\n\n偶尔点名，回答对了，还会有来老师珍藏邮票奖励。\n\n\n\n考试方面，记忆发的资料就行。给分平均较高。
122741,1489,来雄翔,2020-03-27 14:01:52,-1,1,2,事情血🐴多
124726,1489,来雄翔,2020-07-07 07:06:39,4,4,0,上的集邮与文化，老师明明很好啊，平时事情也不多，主要是虚拟邮集认真按要求做，给分好到出乎意料
124729,1489,来雄翔,2020-07-07 08:37:25,0,3,3,集邮的给分感觉很好，之前以为选了个雷，没想到分数意外很高
124734,1489,来雄翔,2020-07-07 09:45:44,6,7,1,有一说一，一份努力一份收获，网课结束后空余时间多，认真做了三天邮集，头都做晕了，最后94，建议超过30学分的同学慎选，要不然很难挤出时间做邮集
124735,1489,来雄翔,2020-07-07 09:48:19,0,0,0,呵呵哒
124736,1489,来雄翔,2020-07-07 09:59:31,1,1,0,垃圾老师 事太多 平时好麻烦 作业还要邮寄给你 真的服 给分简直不堪入目 通识课还挂人 吐槽点太多
124880,1489,来雄翔,2020-07-14 09:25:14,2,2,0,认真做邮集，与专业相关并且有创意，给分很好诶
125034,1489,来雄翔,2020-08-17 03:44:56,2,3,1,yysy，真的是大一一学年上过的最水的一门课了，只要做一份虚拟邮集，期末给题库背就完事，给分也还不错
125678,1489,来雄翔,2020-09-13 02:08:09,4,11,7,上学期非酋没换上啥课选到了集邮，看到查老师上的评价都很差已经做好死亡准备了。结果发现老师人其实很好啊！！上课讲自己的经历，穿插着集邮知识，可以从老师的表述中察觉到对集邮的热爱，以及捡漏的时候那种惊喜与激动，只是在网课上，真的是一个很可爱的老师了！！！说集邮要求高的，老师按照集邮界的规则来要求，没毛病啊，想水课又要拿高绩点本来就是侥幸心理，认真做了又拿不到高绩点的，因为不是你一个人在认真做，虽然绩点不高会很失望觉得努力白费，但是最后出的集邮成果，自己觉得真的够好吗？够好的话，自己也就有很大的收获了，而且也不是所有的认真与付出都有正比的回报，这个道理谁都知道吧....今年网课，集邮大作业提前了很久开始各种找邮票，去了好多网站国内国外网（可能很多人都局限在淘宝），找了好几百张邮票（看过第一次筛选的可能上千吧，反正看到眼昏..）最后精选集成了大作业，成绩96，还是希望学弟学妹按照兴趣选课，查老师上的评论极端的挺多的，不要永远以绩点为风向标~
125790,1489,来雄翔,2020-09-14 09:01:29,1,4,3,有没有和我一样本来选上了，看了评论区光速退选的？
127086,1489,来雄翔,2020-11-06 08:08:05,0,0,0,感觉学不到什么有用的知识，每节课都在讲怎么完成作业
127161,1489,来雄翔,2020-11-11 11:13:54,0,1,1,还阔以
127188,1489,来雄翔,2020-11-12 10:42:28,-3,2,5,1.5学分的通识课怎么可以事情这么多，明明上课啥都不讲凭什么作业要求要按照标准邮集的要求，你要说你认真学习认真集邮分好高好高什么的懒得和你杠，可这老师教了个屁，几十个小时讲的不如十分钟百度，本身事情就多的慎选，不缺这点学分。
127324,1489,来雄翔,2020-11-20 05:11:56,0,5,5,垃圾垃圾垃圾垃圾垃圾垃圾垃圾垃圾垃圾垃圾垃圾课千万别选，选中就是踩雷，上课无聊的要死，作业花的时间巨多还拿不到高分，考试全靠背，这门课存在的意义是什么
127339,1489,来雄翔,2020-11-20 11:45:07,0,2,2,有一说一，没啥用，屁事多，给分低
127868,1489,来雄翔,2020-11-29 11:03:01,0,2,2,疫情期间上的网课。\n\n首先我想说，这门课的确很水，开始和中间听了课，后面只听了最后一节课，清楚要求。虚拟集邮大作业，本来也以为很难，但是老师会发样本，所以也不算太难。而且在找的过程中才逐渐找到了集邮的快乐。\n\n第二，没有线上考试，因为疫情影响。所以是交一份作业邮寄给老师。我写了800字，两页信签纸，因为懒得出门打印所以手写。\n\n虚拟邮集没私戳问过老师，完全上课听的要求和细节把控。没鹅颈多写字数，最后满了。很感谢老师。
128247,1489,来雄翔,2020-12-15 04:40:52,2,8,6,辣鸡老师，事多分低，爱吹牛，教不了什么知识，还自以为跟学生玩的挺好，最后出分一拖再拖。。。\n\n我们寝室和隔壁寝室三个人选分都很低很低，还都是上课一直在听的，懂我意思了吧
128248,1489,来雄翔,2020-12-15 05:05:34,3,8,5,就他妈无语 给分黑洞
128263,1489,来雄翔,2020-12-15 13:52:37,-6,4,10,如果路上碰巧遇到这位姓来的老师，我必踹他一脚，让他再也带不了课。这课尼玛就是离谱，慎选，学过的通识课最差的，投入最多的一个，收入最低的
128269,1489,来雄翔,2020-12-16 01:38:15,7,9,2,u1s1，上课时大部分人，甚至全部都在干自己的事情，可能就最后几堂课的要求和复习认真听了。最后成绩出来，有分高的也有分低的，来查老师抱怨的人明显比较多。选课的同学平常心选吧，作业就是一份电子邮集和一次考试。
128270,1489,来雄翔,2020-12-16 01:45:16,4,6,2,挺烧时间的
128481,1489,来雄翔,2020-12-23 10:55:44,-3,2,5,给分什么鬼啊
128490,1489,来雄翔,2020-12-23 11:02:07,-1,6,7,希望能给零分，在浙大遇到这门课这个老师让我很失望
128498,1489,来雄翔,2020-12-23 11:29:15,3,7,4,要背的就那么一张纸哪里多了？而且上课的时候讲的很清楚有哪些要求，不好好做怪老师？
128504,1489,来雄翔,2020-12-23 12:09:35,-3,4,7,辣鸡老师，给分低到吓死人
128547,1489,来雄翔,2020-12-23 23:13:09,5,10,5,首先我想说的是老师真的很热爱集邮，所以大作业一定按照他的要求来。其次我想反驳一下，老师并没有拖堂一个小时，请客观一点，大致是5-10分钟。然后，ppt是挺坑，这个我也不评价，但是觉得自己很认真的那个同学，我ppt做了三个星期，大概是三十几个小时，题库给了，老师明确说了会改题目形式，考试前三天，每天花一个小时背一下，背不出是不可能（当然也可能是我高中背历史背出来的，觉得题库挺容易，这个确实有点主观了）。老师还是防止鹅颈一把好手，问问题也会耐心回答。总之我是推荐的
128721,1489,来雄翔,2020-12-25 05:40:43,-1,4,5,认真做了虚拟邮集，考前复习了两天，绩点2.4.。。。。
128821,1489,来雄翔,2020-12-25 15:00:02,7,12,5,u1s1好吧，高中理科生，考前认真背背题库，大作业按老师要求来没什么问题吧？？?为什么都在黑老师，自己没有按要求来怪老师吗？
129208,1489,来雄翔,2020-12-31 07:34:32,2,3,1,不点名，不用发言讨论，平常事情少，电子邮集也没讨教老师怎么修改更好，可能主题想法比较新颖。考试前背了一天题库，给分不错
129261,1489,来雄翔,2021-01-02 15:45:24,2,3,1,上课确实比较水（主要在讲个人经历），而且没有基础的同学对他用的专业名词很迷惑（很少解释，主要自己百度）\n\n上课不点名，大部分同学也都基本不听\n\n考核是虚拟邮集+考试\n\n邮集要求比较多，老师一般每次上课会零零碎碎讲一些，考试会给题库\n\n出分比较慢，上课干货不多，给分比较公平
129266,1489,来雄翔,2021-01-03 03:04:40,7,7,0,平时水，可以做自己的事情，记一下上课讲的案例，期末考试编主观题用，期末略烦：\n\n虚拟邮集大作业，推荐会AI、PS的基础运用，不要用ppt或者word做，因为wps/office对图形/图片处理不是很友好，用AI很轻松地能制作那些该死的黑色边框并且编组方便调整（最新版word现在也有编组选项但用得不舒服，不管怎么说AI是万金油运行也流畅），AI导出pdf要注意格式（高品质打印），不然就会有100+mb的pdf，发邮件会让你哭死；而且一定要多，邮品种类、邮票种类往多去整（大概用了100+的素材），和邮集主题有关联就尽管整上去，反正可以在提交作业之前一直问他；\n\n期末考试是有复习题库让你背，但是会该选项顺序、改挖空（选择、填空都要改，反正我就有两道糟了），主观题有答案的背就完事，没答案的提前编好然后背，而且要编得多，少了我不知道后果也不要问我；\n\n还有平时成绩，主要是提问，是用钉钉群里发言的记录，反正不清楚计分规则；\n\n最后满绩，嗯，其实做邮集还是挺快乐的，因为有些邮票确实挺有意思，添加注释查资料的时候也看了很多平时不会了解的东西，也算是丰富了见视，但最烦的就是背东西……f
129482,1489,来雄翔,2021-01-06 05:38:06,1,3,2,感觉还好啊，上课确实讲不了太多东西，但作为一门博雅技艺，事情不那么多，期末电子集邮册会讲要求用心做分就会高一些，考试虽然是闭卷，但题都是背过的。最关键没有大小论文！
129549,1489,来雄翔,2021-01-07 05:33:37,19,23,4,爷课都去，集邮册认真做，考试也准备了\n\n最后竟然挂了，你敢信，通识课挂了
130214,1489,来雄翔,2021-01-19 04:59:36,3,4,1,这老师真牛逼，分乱给
130650,1489,来雄翔,2021-01-24 05:33:37,4,6,2,绩点4.5\n\n做虚拟邮集确实费时间，而且老师回消息比较慢，已读但是不回，结果在我交了作业之后回了我哪里哪里要改，然后我改了重新交了一份。上课我觉得挺有意思，会讲自己的小故事，上完课我竟对集邮产生了兴趣hhhh期末考试比其他开卷或者闭卷的考试友好多了，会给指定的题库。
131502,1489,来雄翔,2021-01-27 21:48:00,-2,2,4,不尊重学生。只有这一个感觉，和他接触了两周差点没给我气出病来。就这样
132497,1489,来雄翔,2021-02-02 03:35:59,0,6,6,避雷，避雷，避雷！给分特别随便，要拿高绩点需要千方百计揣摩他的心思，投其所好做邮集。我之前不知道这一点，做了自我感觉良好的一份邮集，考前记了几天题库，最后绩点2.4.我想说，有那时间我学学vjf不好吗？？？
133450,1489,来雄翔,2021-03-01 02:09:17,2,2,0,集邮一生推🤡
135017,1489,来雄翔,2021-04-27 04:49:02,2,3,1,反正……要绩点的别去，卷了跟没卷一样，得分随缘 都不高。
135164,1489,来雄翔,2021-05-05 09:26:26,4,7,3,这老师心眼小 很坏的一个人
135609,1489,来雄翔,2021-05-17 02:44:21,1,6,5,老师挺不错的啊，只要做完邮集给他看，再重新修改一遍，开始好好背题库，我也就背了一下午就搞定了，绩点会很不错的，亲测有效！
135618,1489,来雄翔,2021-05-17 03:58:47,2,4,2,严格按照老师要求来的话不会很低的！\n\n大作业的要求有很多很多，做完初稿一定要给老师看，期末考很简单背就行了。\n\n老师还是负责的那天教室里留到半夜十二点指导作业
135619,1489,来雄翔,2021-05-17 04:06:03,0,2,2,绩杀  直接掉0.1
135620,1489,来雄翔,2021-05-17 04:09:15,0,0,0,妙哉妙哉
135626,1489,来雄翔,2021-05-17 08:10:49,2,2,0,老师超赞！！！上课很有趣。大作业花点时间，根据老师要求去做，绩点会很不错。
135632,1489,来雄翔,2021-05-17 11:16:41,2,6,4,要求又多，课堂上又不全讲\n\n，给它评价游邮集大作业直到提交截止那天凌晨2点才回，说什么不改字体位置这一点就不及格，盒盒。考试的内容和给的题库可能是互补的。最后给到了平均绩点，直接拉掉均绩005😀  xdm别被课程名字给骗了。
135646,1489,来雄翔,2021-05-18 04:20:12,2,4,2,ppt认真做了，考试认真背了两天全背下来结果却是第一门挂的课，坚决避雷
136084,1489,来雄翔,2021-06-11 01:23:15,1,5,4,我谢谢您给的那个绩点，他的集邮学不到任何东西，大作业我做一个星期出两版，题库我背一天，期末基本全写上了，但是给的sb绩点，我跟讨饭吃一样
136093,1489,来雄翔,2021-06-11 02:24:59,1,4,3,虚拟邮集是花了很长时间，老师当时凌晨两点还在线上提建议，每次课后也会耐心解答，按要求做，跟着兴趣来，其实能学到很多集邮知识，对我来说是门很好的课，是真的能学到什么些东西的
136242,1489,来雄翔,2021-06-13 13:00:32,3,4,1,背一下卷子，不要理他，给分好
136243,1489,来雄翔,2021-06-13 13:42:19,6,7,1,老师真的有很大的改变了，下面那些喷子是不是上课没听老师的大作业要求？？？就一个字体位置讲了多少遍，小心眼？自己感觉良好？差不多得了吧？
136353,1489,来雄翔,2021-06-17 02:36:07,6,10,4,下面说背的痛苦的真的开玩笑，不和专业课比，和其他通识课相比都是很少的量。就一份集邮作业，不按照要求做，不找老师修改，网上找个主题搬运，想要拿高分？？？活梦里呢
136400,1489,来雄翔,2021-06-17 12:21:32,0,2,2,选上快跑
136660,1489,来雄翔,2021-06-22 13:39:15,0,1,1,无语。。。
137160,1489,来雄翔,2021-07-01 14:51:32,1,2,1,曲高和寡，奈何在下实在无法领略其博大精深的集邮文化，又惨遭绩杀
137813,1489,来雄翔,2021-07-06 08:29:38,-1,2,3,sb玩意儿不解释，呵呵了（我是20年秋冬选的课，不知道这b玩意儿现在怎么样）
139104,1489,来雄翔,2021-07-12 23:56:05,-1,2,3,烧时间是真的，很烧时间，不推荐想水的人来，但按要求做（注意，搞清楚老师的要求）成绩不错的
139131,1489,来雄翔,2021-07-13 03:50:44,-1,3,4,为啥一出分群就解散了 怕挨骂吗
139210,1489,来雄翔,2021-07-13 08:37:07,2,2,0,蛮不错
139380,1489,来雄翔,2021-07-15 02:41:22,5,7,2,来老师除了平时喜欢拖课，只要你大作业认真做，考前背一下他给的题库，最后给分很好的
139410,1489,来雄翔,2021-07-15 08:46:29,-3,1,4,给分不好，耗时多，撤退
139428,1489,来雄翔,2021-07-15 11:46:07,8,10,2,其实真的挺好的…建议都去找来老师面对面改一下作业哈 别自己想当然～而且我期末填空题空了四五个空最后都有96的总评 显然分数会有调整过的！还是推荐大家选一选滴～
142556,1489,来雄翔,2021-11-13 08:15:48,-2,2,4,最后一节课才给题库，其中三个问答题，第一个答案有一页半A4那么多，第二个有一页那么多，最后一个没有固定答案。好奇一个下午怎么背完7页A4纸。
143890,1489,来雄翔,2021-12-10 10:06:50,1,2,1,出分了来评价，4.8，也给之后的同学一点建议吧：\n\n邮集对着要求做，一定要记得每个加黑框！钉钉上找老师改过一次，老师最强调的就是黑框。我的一页放的邮票并不多（因为没选好题目，失算了，很难找到邮票orz），但是努力多放了类型（小型张明信片首日封信销票等等，同时标明是什么类型），感觉这个很重要！\n\n考试是认认真真背的，最后填空有一两个没写出来，简答试卷背面将近写满（但其实并不久，我还提前半个小时交了卷）。自己从学在浙大上找答案的简答确实有点难背，感觉老师给的逻辑也不是很好，我的建议是自己理一下层次记几个关键点，最后也没有必要一模一样地写。\n\n老师从不点名，但会拖课，我下雨天的时候还翘过几节……上课可以不听做自己的事情也可以直接把邮集做起来，我觉得还是比较轻松的通识了～（虽然老师爱已读不回我真的狠狠被伤了）
143893,1489,来雄翔,2021-12-10 12:21:22,0,1,1,绩杀老师，，大名鼎鼎，看了查老师，不信，选了，果然绩杀。课一点用都没有，大作业还很繁琐，，要求贼多，别选别选！！！
143931,1489,来雄翔,2021-12-13 08:35:18,2,2,0,课不用听，只要花时间准备做大作业就可以了\n\n一定要花时间，我甚至做了两份完整的邮集（因为觉得前一份和老师讲的要求不太匹配）一定一定要按照老师的要求做，不过我没有给老师看过，因为人实在太多了，钉钉上消息也是已读不回考试好好背就可以了，我考试的时候把背面全写满了，最后努力还是有回报的
144035,1489,来雄翔,2021-12-16 10:41:46,2,2,0,老师其实是很好的，他也许没有讲太多你觉得有实用价值的东西，但是他开这门课能让你学到很多对你人生发展有帮助的东西，我每次去都是写一节课作业，然后再听一节课，最后一节课一般会提前出来，这种短学期课没有平时分，所以这种上课模式很轻松哦，最后考试之前背背一两页资料，考试题也很简单，还有一次大作业，虚拟邮集，要求他会在最后两节课讲解的，你如果想要绩点4.8以上，建议邮集好好做，如果4.5你觉得够了，那你可以随便做做大作业的，所以强烈推荐这么课，值得一选，在这里我再次感谢老师的付出吧！
144036,1489,来雄翔,2021-12-16 10:46:22,11,11,0,挂科了嘿嘿嘿
144057,1489,来雄翔,2021-12-17 06:30:49,3,5,2,老师每节课都在认真讲 \n\n很惭愧我没有好好听 我都在写作业\n\n我交大作业的时候完全不符合要求\n\n老师额外给我时间改\n\n我改了一次 老师说还是差很远\n\n还和我打了两个小时的电话（到凌晨）指导我改大作业！\n\n他明明可以直接给我不及格 但他没有\n\n期末的时候考试会有题库 \n\n好好复习一下就可以！\n\n临时抱佛脚绩点3.6
144067,1489,来雄翔,2021-12-17 07:54:11,4,5,1,来老师上课喜欢讲废话，而且很多跟集邮无关，是一些小故事，如果有兴趣就听吧，没兴趣可以不听，完全可以，因为有三分之二的人都不会听的。最后花了三天做大作业（做了两次，第一次写的改革开放，写好了他才在上课说不能写大主题，重写了一次），花了半天背期末考试，最后4.5，也是令我很满意。所以只需要做好大作业，背好期末资料就行了！
144081,1489,来雄翔,2021-12-17 09:22:17,4,4,0,emmmm平时上课确实很水 会拖课也是真的 \n\n但是会感觉到老师真的很喜欢集邮 平时分享的一些集邮的故事也蛮有意思的\n\n只要期末那个虚拟邮集认真搞 老师期末还会给题库 选择填空简答 填空题考得比较细 背背其实就好\n\n邮集作业 不清楚的地方多问老师多问老师多问老师！！！\n\n老师知道的东西特别多hhhhh（就导致我之前问虚拟邮集的邮戳需不需要加边框结果他给我延申出了好多好多内容讲了大概有五六分钟（可能十几分钟？）\n\n噢对了  虚拟邮集的作业  不要想什么主题新颖……最简单的那些就好\n\n（我之前做了一个觉醒年代主题的老师说太抽象……交作业前几天疯狂重新做了一个新的\n\n（最后满绩hhhhh
144177,1489,来雄翔,2021-12-20 06:39:50,2,3,1,上课没有怎么听，认真做了大作业背了期末题，最后分还挺好，可以冲一波
144435,1489,来雄翔,2021-12-21 13:05:02,6,7,1,没想到过了这么多年，这个老师还是和人气评分第一的那条说的一样——去第一节和最后一节课就行，最后一节课得拖课半个多小时（上学期的亲身经历与感受）\n\n\n\n但是这门课的事真的算是很少了，一份邮集大作业，一场有题库的期末考试。\n\n\n\n我还算是挺喜欢这个老师的，上课轻松幽默，看得出来老师是一名集邮的狂热爱好者。\n\n\n\n第一节课和最后一节课去就行的说法是因为老师不点名，而且平常上课讲的内容考试基本不考（也许是我没认真听？），因为有题库所以课堂上不用很紧张地记知识点。然后最后一节课的拖课是为了给我们讲大作业邮集的格式和期末考试题库的用法（因为正式考试会改题）\n\n\n\n虽然我最后绩点只3.3，但毕竟这门课花费的时间相比其他课已经很少很少了
144551,1489,来雄翔,2021-12-22 08:26:49,5,7,2,【集邮与文化】老师本人是很热爱集邮的，讲课内容也做了一定准备。最大的问题在于老师对于邮集（结课作业）的格式有执念性的要求，且如果没有按照格式（虽然上课都会讲，也会给出要求列表）来做作业的话给分奇低，根本不是通识课应该有的水平，可能只给你60-70分，甚至还会挂科，因此这是一个极大的避雷问题。建议非常追求通识绩点（有的专业的评奖评优并不看重非主修课程）的同学慎选，为了划水或是非常热爱的同学可以选，
144668,1489,来雄翔,2021-12-23 04:54:55,0,2,2,最后一节课有用，大作业和考试也挺认真，但是给分真的不太友好。
145249,1489,来雄翔,2021-12-28 12:42:53,-1,2,3,集邮上课比较水，可能我对这个邮票不太感兴趣吧。最后一节课比较重要。哈哈，懂得都懂。\n\n最后3.9，是不是有点低了。建议大作业提前找老师修改再交，我可能没有提前修改一遍
145292,1489,来雄翔,2021-12-29 02:35:03,2,5,3,已读不回…爬
152414,1489,来雄翔,2022-04-09 13:26:33,0,1,1,选了就知道了呗
152424,1489,来雄翔,2022-04-10 17:43:10,2,3,1,已读不回 你真棒
153601,1489,来雄翔,2022-05-05 12:11:27,4,10,6,该干的是都干了，而且奔着拿一个好看的绩点去的，作为一门通识课也花了很多时间，最后给了一个2开头的绩点。谢谢你，温暖了四季！
153740,1489,来雄翔,2022-05-10 02:40:55,2,6,4,老师人挺好的，课后还留到11点给同学修改作业……绩点不高要不要想想自己的作业是否符合要求或者考试没考好
154030,1489,来雄翔,2022-05-19 21:25:26,0,3,3,老师人很好，上课也算得上有趣，可以学到很多集邮的知识，但给分就得看个人了。只能说想水的可以选，想冲绩点的慎选。如果要绩点高，集邮作业一定要做好，选题很重要!个人感觉主题选动物就好，主题不要太标新立异(邮票难找)或者太过笼统就好，做完了记得给老师看，能的话越早越好，不然学期末很多人，就得等很久了。至于考试，就跟着题库准备就好，重点是在集邮作业就对了，做得好绩点基本就高，做不好绩点大概率会非常低。
154485,1489,来雄翔,2022-06-02 01:48:04,7,8,1,作业要按要求做，考试一定要复习，如果都没做到，大概率会挂，就像我一样
154499,1489,来雄翔,2022-06-02 02:24:49,1,2,1,自己想吧
154953,1489,来雄翔,2022-06-07 04:35:25,2,5,3,老师讲课很幽默，我每节课都去玩手机，大作业是在ddl前三天照着优秀作业的格式自己做的，题库也都认真背过，最后成绩上4了，真的很感谢宝藏老师。
155025,1489,来雄翔,2022-06-13 14:40:15,-3,4,7,老师很好，会耐心解答我们的疑惑，同时大作业很快就可以做完，大概半天，在线下问一问老师，就可以很容易拿高分，期末考试很简单，背一背题库刘就ok啦。力推！
155148,1489,来雄翔,2022-06-08 20:52:45,-1,3,4,老师人很好啊
155462,1489,来雄翔,2022-06-13 06:18:53,5,9,4,别选集邮与文化！别选集邮与文化！别选集邮与文化！
157281,1489,来雄翔,2022-06-23 00:11:47,1,5,4,别选这sb课，给分主观，为什么要赌他看对眼你的作品？
157508,1489,来雄翔,2022-06-23 13:21:08,3,9,6,没见过通识课还有低于3的绩点，nmsl😅
157571,1489,来雄翔,2022-06-23 19:14:13,3,6,3,来老师课上会讲作业要求，这些要求一定要按着做，不然很容易低分。上课会讲，如果作业没有达到什么要求就会很低的，交作业时候看到很多作业确实是没有按照要求来做，来老师又认真的有些执着，所以给低分的话也不能全怪老师吧。
157603,1489,来雄翔,2022-06-24 02:38:09,3,9,6,这门课上课不用听，下课作业要花力气，集邮册我自己做了蛮久的，改了也蛮久的，总的来说也付出了不少，对我来说不算水课。至于给分，有些同学觉得不好，我盲猜80%吧，集邮册要求不达标，举个例子，老师一再强调要调成竖版A4纸格式，交作业的时候还有同学用横版，不愿意花力气绩点低很合理。跟着老师发的优秀作品做，分数是不可能太差的。其次集邮册有一次给老师评点修改的机会，大部分问题都会指出来，照着修改按理邮册就比较完善了，当然也建议多找机会问一些小问题当老师记住你的邮集，混个眼熟。考试会发资料背背，时间确实有点紧，但是也差不多可以应付。总的来说按要求来，肯花精力，一定有好收获。（这门课很多人都摆烂，想卷也容易）
157858,1489,来雄翔,2022-06-25 07:02:16,-2,4,6,说实话  每次上课很水  只要老师讲到怎么做大作业时稍微听听  然后花点时间做大作业 (创意很重要) 我当时差不多断断续续找素材做邮集花了一周不到时间  考试前一天背背题库  拿了4.8  没有很卷  只要把要做的事情做好就行
161112,1489,来雄翔,2022-10-27 11:01:36,4,4,0,给老子爬
161116,1489,来雄翔,2022-10-27 12:35:40,3,3,0,要求一堆，而且屁不一次放完，每节课都有新的作业规矩\n\n做作业超级烧时间，给分还不好，很死板\n\n退！退！退！\n\n退！退！退！
161117,1489,来雄翔,2022-10-27 12:39:08,3,3,0,要求忒多，绩点忒低\n\n分矮少选，天坑快走！\n\n退！退！退！赶紧的！
161155,1489,来雄翔,2022-10-30 01:49:56,2,2,0,同学们，千万别来。\n\n要求忒高，给分忒低。\n\n不如好好学主修课。\n\n我是没想到一门水课占用这么多时间。
161284,1489,来雄翔,2022-11-03 13:25:44,3,3,0,国庆说可以开始写作业了，但是以后每节课更新一点要求，甚至最后一次课还在改作业要求。没有见过这么无语的老师，非常极度不建议选。不会讲课，但是屁事贼多。选了后悔一个学期！！！
161367,1489,来雄翔,2022-11-05 07:57:45,1,2,1,讲的自以为是，题目全是百度，一点逻辑都没就让背，还全是背一些年份、国家，这和课堂内容有关吗?
161426,1489,来雄翔,2022-11-07 01:46:28,0,3,3,作业很迷，邮集要求贼多反复返工就不说什么了，考试前一天才给复习资料，闭卷考，复习时间都被专业课的考试挤没了…\n\n总之平时课还是挺水的，给分性价比很低，时间管理能力很强的选
161982,1489,来雄翔,2022-11-15 15:49:01,-3,2,5,挂科了，wcnm\n\n傻逼课，别选
161991,1489,来雄翔,2022-11-16 00:22:29,0,2,2,分低事情多
161997,1489,来雄翔,2022-11-16 01:06:22,-2,1,3,别选别选
162027,1489,来雄翔,2022-11-17 01:58:12,1,4,3,？？？？傻逼
162042,1489,来雄翔,2022-11-16 08:43:31,3,5,2,大学第一个满绩，作业就一个邮集，期末一个闭卷考，考前花点时间背背题库，邮集用心做，做完给老师看一下，老师会提修改意见，跟着老师的修改意见来修改，我到最后还大改了一遍，邮集大概也就2-3天慢慢修修改改就能做完的，认真做分数不会差！
162052,1489,来雄翔,2022-11-16 09:46:36,-1,1,2,哎呀，只要认真听听，老师讲的还是挺好的，挺有趣的，大作业很重要，只要按照他的要求做了就可以得高分，尽量多去找他修改，我找了他四五次，终于满绩。
162077,1489,来雄翔,2022-11-16 13:26:19,1,3,2,平时水课，最后关头赶作业，最终绩点4.5，摸鱼人满意了，感谢老师。选之前研究了很多查老师和朵朵，和实际差不多的是平时确实没事情，也不点名，就一个虚拟邮集和期末考试（来自一个题库）。本人平时上课就是玩手机或者干别的，因为记错大作业的ddl，在课程期末考试（相当于期中考试周）前一周才开始做大作业，完美错过学在浙大提交时间，但幸运的是老师给了宽限时间，于是紧赶慢赶在很多人交了纸质稿作业后才将自己的作业发给老师求建议，老师在期末考试（最后宽限时间）凌晨两点多发了十几条钉钉消息，给我指出了问题。加急修改了一次后就打印了纸质稿上交，期末考试的题库也认真看了，虽然有些考点在意料之外，但也还行。最后最后，真的推荐这门课啊。只有一个秋学期，平时没事情，早点开始做大作业（血的教训），最重要多多问老师修改建议，绩点肯定还能比我高
162154,1489,来雄翔,2022-11-17 06:35:24,2,2,0,其实只要邮集格式做对了分不会太低，还有一次修改机会，然后考前再背背不至于绩杀，上课也不用怎么听，作业只有最后一个大邮集。
162257,1489,来雄翔,2022-11-18 11:39:41,2,5,3,垃圾课程，傻逼老师，纯纯nt，给分是玄学，认真和花时间没有任何效果，他就是个傻逼
162299,1489,来雄翔,2022-11-21 01:03:17,4,9,5,绩点4.5，个人觉得前面几位同学太偏激了，作业要求前面就说过，后面也只是再强调，并没有反复改吧？但是他对邮集的要求感觉确实比较高的，可以早点做完让他指导一下，不过要早一点，我因为比较懒发的晚，ddl之后他才回我信息，就没有修改的机会了；期末考试确实时间比较紧张，我是周四课，周六考试，只有两天时间，中间还有一科其他考试，给的题库需要背一些名词时间地点之类的，而且会挖一些奇怪的空去填，这一点还是比较搞人心态的，有三道开放题，一道大概是学了这门课自己的感受之类的，另外两道他给答案，大概每个两三千字？没仔细数过，这个就看你个人想不想卷了，摆的话也不用背很多。不点名，偶尔会问一些问题在钉钉群里回答，就当签到了。对我来说纯纯大水课，课上都在写作业，有时候听一点作业要求和有趣的事。总结来看，大作业认真点，期末稍微好好背一下分肯定不低的，（我好像做大作业确实费了不少时间，但是课上水的话个人感觉是不亏的，这个看你们个人了），但是想冲满绩的应该很难我觉得，水课的话可以尝试。（写着写着突然对我的评价不自信了，但是一直觉得老师挺好的，那就重申一下难点吧：大作业要求比较高，期末有一点搞心态，大家自己衡量吧）
162436,1489,来雄翔,2022-11-22 09:50:50,1,4,3,垃圾
162446,1489,来雄翔,2022-11-22 14:04:04,1,3,2,救命啊\n\n别来沾边
163401,1489,来雄翔,2022-12-14 08:22:20,1,3,2,shabi
163519,1489,来雄翔,2022-12-15 00:54:46,0,4,4,个人觉得来老师还是可以的，绩点4.5。我觉得老师上课根本不用听啊，整个秋学期要做的就一个大作业，大作业的要求最开始就发了，按着要求就可以了，然后多积极找老师去修改，最后考试前背一下题库就可以了。老师也在上课明确了不及格的要求，确实应该按着他的要求，不能太有个性，比如说他喜欢宋体
163591,1489,来雄翔,2022-12-15 12:42:58,0,2,2,绩点3.6。开卷考（附题库）+ 大作业 （虚拟邮集）个人觉得算水课，偶尔在钉钉群里会让回答问题，问题也不难，而且不需要签到。总结：虚拟邮集尽早做好，腾时间让老师给你提修改建议，需要提交纸质版和电子版；期末好好花两天时间把题库背一下就行了。大作业是有点麻烦，但【认真做+好好修改】是大几率可以拿到高绩点或满绩的。
163686,1489,来雄翔,2022-12-16 02:56:53,-5,3,8,只要认真听老师的功课要求，然后跟着老师给的作业优秀范例去做，分会蛮高的
163889,1489,来雄翔,2022-12-16 11:57:47,0,6,6,老师真的很负责啊，问老师作业的问题到了晚上十一点多，第二次问他作业问题的时候他居然还记得看过我的作业。最后一节课的时候他也解释了为什么钉钉已读不回的事情，总之老师是非常好的。再说这门课的话挺水的，老师有他独特的点名办法，不在教室其实也没事。就一个大作业一定要好好做，要找他看，老老实实按要求改，期末把题库每句话都记住，认真按要求完成真的是很容易满绩的。
163953,1489,来雄翔,2022-12-17 01:36:35,9,15,6,fw，纯nm依托答辩
164352,1489,来雄翔,2022-12-20 11:04:55,4,4,0,一声长叹.
164362,1489,来雄翔,2022-12-20 11:46:36,6,8,2,老师分真的好低啊，按要求做大作业+期末前背题+上课在群里点+1，就满了，而且背题也不花什么时间，大题其实可以自由发挥，题量也不大，课完全不用听，而且老师人也挺好的，蛮可爱的。就是大作业要求一定要认真听！！！并且尽量早点发给老师看看，老师会提修改建议的
164522,1489,来雄翔,2022-12-21 12:10:48,3,4,1,真哭死，绩杀
164554,1489,来雄翔,2022-12-22 00:51:36,-10,5,15,超级感谢来老师！！！作为我的第一门出成绩的通识课，它也是我第一门满绩的课！我是线上的，邮集好好做了一个多星期，最后考试感觉有点没考好但尽力写了，结果满绩！！课程平时没咋听但是认真听讲的话是可以学到东西的。不点名，最主要就是邮集要做好（划重点）！！！老师对于邮集的要求在比较后面的课才有说得比较详细，所以可以慢慢做不用太早做完~不过提早做完的话也没关系，就是可能需要做一些调整。做好的邮集是可以发给老师看的，不过老师回不回复我感觉凭运气，我就没有得到回复啊。
164688,1489,来雄翔,2022-12-23 10:59:28,0,2,2,来老师的课就邮集和考试两个占分项目，认真做没问题的。不过最后几天草草完成的人大概率会被绩杀，最好还是提前做并且问问他吧。
165166,1489,来雄翔,2022-12-29 14:07:41,8,10,2,差不多得了，上课一句话来回讲五遍，给分标准抽象，难听的话不多讲，考完试成绩都没出着急忙慌把群删了，干嘛？怕学生在群里说“谢谢老师”？
165232,1489,来雄翔,2022-12-30 10:58:07,0,3,3,还行，考试会给题库，背题库就行了，整个学期就完成个大作业就行。
168307,1489,来雄翔,2023-02-10 10:33:34,3,5,2,分少事多
168649,1489,来雄翔,2023-02-20 14:24:40,8,9,1,啥笔666
169945,1489,来雄翔,2023-02-28 14:39:30,-4,9,13,花了一天做大作业，考前背了一天题库就满了。说给分差的同学会不会是因为没听清楚作业要求、没认真背题库呀？大学绩点哪有那么好得呵呵。
170134,1489,来雄翔,2023-03-01 12:54:27,11,15,4,关于绩点：由大作业和期末组成，大作业就是做一个邮集，标准很早就给了，还有往期优秀作业示例，上课也会讲到一些，只要你选题选好，做完先拿给老师修改一两次，基本能拿高分。期末考前老师给题库，题目不多，对高中背过文科的人来说真的很简单。\n\n关于老师：艺高德深，有同学说上课无聊，但我私以为来老师集广博的学术知识与丰富的人生阅历于一生，有易见的文人风骨。老师每节课后都会给大家看大作业，排队的人很多，而且每个人的作业量是很大的，老师会辅导到很晚，有一次到了十一点多我走的时候后面还剩两三个人。此外平时分是只要在钉钉群别人回答的问题下面加一就可以了。\n\n最后想说，已经尽力客观，希望对有意选这门课的同学有所帮助。
170830,1489,来雄翔,2023-03-10 07:29:58,6,11,5,Sb玩意
171581,1489,来雄翔,2023-03-29 08:23:13,3,7,4,sb经典已读不回
172646,1489,来雄翔,2023-05-03 07:41:26,2,6,4,被绩杀了，大作业按要求和他的意见认真修改过，闭卷考试也是认认真真写满了，题库也认真背了，甚至平时都到课了，结果绩点最低。。经常问他什么不看消息或者已读不回。。。真的特别崩溃。。。
172673,1489,来雄翔,2023-05-04 05:27:56,8,13,5,这个人就是傻逼，别选就对了，听我的
172727,1489,来雄翔,2023-05-05 09:39:30,12,19,7,虽然来老师讲课不行，一句话翻来覆去地讲，但是就算一个字不听，把大作业的要求记清楚，期末考前花两天背下题库，最后成绩不会低的。\n\n很多人说老师给分不好，实际上你们自己心里没点数？我期末考的时候看到大把大把的人写了半个小时就交卷，我估计这些人两道论述题几乎没怎么写，考卷都不写完还想拿高分？大作业的要求反复陈述，你们课都不来上，没听见要求还好意思说给分低？\n\n\n\n总之，如果你是对自己有要求的，这门课可以选，没有表面上的评分那么离谱。平时上课也不用认真听，但是务必到课，去了之后做作业或者摸鱼都行，课上不要错过老师在钉钉群里的互动（加平时分），老师说期末大作业要求时认真听（大作业提前一阵子做完，线下给老师看然后征求意见、修改），期末考试题库认真背就可以了。\n\n\n\n选这门课的人有大半都在摆烂，只要你不摆，即使大作业平庸，4.2+还是没问题的。\n\n最后推荐一个全球邮票目录网站：StampWorld （有时需要科学上网），邮集大作业全部截里面的邮品很快就能做完。
172736,1489,来雄翔,2023-05-05 18:06:15,-4,3,7,。。。\n\n事儿少分也少
174081,1489,来雄翔,2023-06-06 06:05:26,-4,5,9,上课从不点名，课堂问答在钉群+1就好，还会给来上课的同学送邮票，课堂内容明明也很丰富，老师人也很温和，会耐心指出大作业的问题。考评就邮集大作业（提前做起来，认真听要求，最好给老师看过修改过）+闭卷考试（考前背一下午基本就能过），不知道为什么这么多差评w。很棒的课！
175213,1489,来雄翔,2023-06-22 12:23:38,4,6,2,呵呵，大学第一门挂掉的课，居然是通识课……
178281,1489,来雄翔,2023-07-09 11:11:40,3,6,3,我没上过这个老师的课，但是我通过通识选修有人挂科这件事认识了这个老师。。。
179522,1489,来雄翔,2023-09-18 02:20:56,1,3,2,老师明明很好啊，按照正确的格式与排版做好大作业，背好老师给的考试题，直接可以冲满绩了，所有要求老师上课都说过，担心没做好集邮也可以向老师去咨询意见，老师都会耐心解答
179592,1489,来雄翔,2023-09-18 12:50:57,2,2,0,在选课之前看到很多差评还非常紧张，但是学姐力荐，同届同学也拿到了满绩，我就上了。事实上，这是一门你按照老师要求做就很好拿高分的课。点名方式蛮有意思的，总共也就是一份集邮大作业+期末考。集邮作业的要求很细，老师会翻来覆去讲，在最终交作业之前让老师帮忙看看指出问题所在（老师真的有很认真在帮我们看作业，很多人发给他作业的那晚他都没怎么睡），那么最终基本上都能拿到好成绩，不过要花费的时间确实比较多；期末考虽然是闭卷，但是有题库，考的全是原题，题库的量也不大，总共就四五面，花两天时间背背绰绰有余。我平时上课没怎么听，但是关于大作业的要求会仔细听，期末题库也认真去背了，最终拿了满绩。那些抱怨老师绩杀的不如先反思反思自己有没有听清楚作业要求，期末考的题库又有没有去背。
179957,1489,来雄翔,2023-09-20 05:14:07,1,3,2,恶心，给分巨差
213030,1489,来雄翔,2025-01-15 17:17:20,0,0,0,已退休
595,1528,李兴建,2017-09-20 07:32:49,95,117,22,简直就是享受！从没上过那么有干货又一口气听三节一点不累的课 对资本市场的把握简直是神一样的存在！而且讲的出神入化！而且人超级好！ 要习惯教室永远加座
5708,1528,李兴建,2015-07-09 07:43:59,24,30,6,只有一个字，辣就是帅！
15982,1528,李兴建,2016-01-17 01:52:35,14,20,6,真正会去关心学生的好老师！
17274,1528,李兴建,2016-01-20 03:22:23,8,14,6,超级赞  每次都爆满
23725,1528,李兴建,2016-04-13 15:30:40,6,14,8,投资启蒙
24411,1528,李兴建,2016-04-30 13:25:03,11,16,5,赞老李！
31616,1528,李兴建,2016-07-04 09:18:06,30,38,8,李老师作为一个有实务经验的老师，还是能交给学生很多资本市场上的事，对于职业道路规划也有见解，不过我总是常常听不清老师说话??
32312,1528,李兴建,2017-12-22 05:00:19,10,15,5,非常赞
33125,1528,李兴建,2016-09-13 09:24:17,7,14,7,老师脾气特别好，讲课风趣幽默，对资本市场有较为独到的见解。
33883,1528,李兴建,2016-09-22 09:18:09,9,19,10,李老师对宏观经济的把握以及这些信息以何种逻辑影响资本市场的把握简直出神入化，听李老师的课真是在浙大学习的一大幸事。
34271,1528,李兴建,2016-09-29 12:07:51,1,19,18,不知道好在哪
41544,1528,李兴建,2017-01-12 07:13:27,6,12,6,喜欢没有道理哈哈哈
41868,1528,李兴建,2017-01-13 05:58:52,5,14,9,给博学的老李打10分
44587,1528,李兴建,2017-01-18 03:41:05,-4,7,11,没什么感觉  炒股的话应该觉得不错吧  其他同学就hhh了
45298,1528,李兴建,2017-01-19 09:32:32,12,14,2,重操作
45458,1528,李兴建,2017-06-08 05:22:26,3,37,34,真心不觉得学到了什么有用的东西，表面上的人气爆满掩盖不了弥漫着的一种盲目崇拜和急功近利的浮躁情绪。
47069,1528,李兴建,2017-01-23 13:41:21,5,11,6,对于热爱炒股的同学来说简直是天堂，就是给分一般般
51322,1528,李兴建,2017-05-31 08:28:47,-15,2,17,h h h
51402,1528,李兴建,2017-06-05 03:56:51,-6,4,10,一般般吧
55462,1528,李兴建,2017-07-01 14:05:34,-8,4,12,不考题库画的重点也没有完全cover到啊……不过也是自己菜
58644,1528,李兴建,2017-09-12 04:46:25,-4,5,9,哈哈哈\n\n
59441,1528,李兴建,2017-11-10 05:24:43,-12,6,18,不负责
60069,1528,李兴建,2017-10-09 08:53:50,11,15,4,脾气真的好
60415,1528,李兴建,2017-10-19 09:40:13,-9,13,22,在门外瑟瑟发抖，好奇门里诸位大佬，这门课这么有趣这么吸引人的嘛？提前一小时多都开始加椅子了，这课真优秀！可惜了，门外的我无福消受。个人觉得，教室内人数的控制是老师该考虑的，不是一句我没权力就可以的。我选课了，我提前到，我不知道有多少人是蹭课的，我接受有人蹭课导致座位不够缺几个。可惜了，我没找到可以站着听的地方。也许蹲在讲台前不错，不过我不乐意，为什么我需要做到这个地步。我选课时很轻松，余量充足，那时还是个小教室，尚且有余量。现在换了个大教室还差许多座位，怎么，因为座位不够，所以开展过一轮补选了？
64202,1528,李兴建,2017-12-21 11:44:44,6,8,2,提前来打个分！
65899,1528,李兴建,2018-01-10 04:59:26,8,8,0,太好了
69459,1528,李兴建,2018-01-24 17:40:45,14,21,7,比较注重实务，但对于没有相关知识储备的同学真心是一种煎熬，很难有什么长进……
72421,1528,李兴建,2019-02-25 15:19:28,-29,4,33,突击点了一次名…讲课很棒、事务性很强，不给高分的原因是期末没给我高分 就是这样
74587,1528,李兴建,2018-03-04 07:13:56,12,12,0,投资实务为主导，建议为了应付考试的换个老师。因为每次都爆满，因此老师已经按照名单排座位了，很良心的老师
76332,1528,李兴建,2018-04-03 07:37:13,38,39,1,“我绝对不是在浙大讲课最好的老师，但我应该是浙大为数不多的每节课前都备课的老师，因为真的非常乐意给同学们每周都分享这些东西。”一瞬间被老师的人格魅力圈粉啦！
77331,1528,李兴建,2018-05-04 16:29:59,4,5,1,非常好?
80563,1528,李兴建,2018-06-28 02:27:26,1,4,3,听李老师的课需要一定的基础，没有接触的人听起实务来会觉得很无聊，建议大家先听隔壁唐老师的课再回来听老李的课，可能食用效果更佳
82335,1528,李兴建,2018-07-08 02:25:29,5,8,3,已经入土的人告诉学弟学妹们，上课一定好好记笔记，只看ppt就彻底凉凉了
82368,1528,李兴建,2018-07-08 03:57:34,9,10,1,虽然第一题跪了还是打了十分\n\n请大家不要翘课听老李好好上课\n\n无论是为了考试还是为了实务经验\n\n不上课只看ppt最后考个90的时代已经过去了\n\n
82982,1528,李兴建,2018-07-11 02:23:48,2,5,3,外专业的回来了确实凉了 同学们当个性还是慎选
84084,1528,李兴建,2018-07-12 03:42:14,6,8,2,竟然有人不给10分？？？\n\n讲课好，给分高，事情少。只是最后几节课才点名。李老师一生推！！！
84283,1528,李兴建,2018-07-12 12:21:52,4,4,0,一生推
84536,1528,李兴建,2018-07-13 05:55:08,2,3,1,讲课很棒
84546,1528,李兴建,2018-07-13 07:04:58,3,6,3,老师真的人太好了 很后悔这学期没有认真听老师的课 所以最后得分也不高 但是看出来老师已经尽力了 学弟学妹们一定要认真听课做笔记 不能只靠考前看ppt
84547,1528,李兴建,2018-07-13 07:06:19,1,5,4,考试会有点惨…实务题目很多…
84692,1528,李兴建,2018-07-13 14:29:04,4,5,1,看了前面几个，我就是外专业的，自己专业压力还挺大的，但每节课都有好好听老师讲（虽然不大听得懂？？），也算有一点点体会理解，老师的期末卷子还是挺基础，好好认真复习没问题的，李老师本人经验很丰富，人也很好?
105013,1528,李兴建,2019-04-02 07:47:16,22,22,0,求老师多讲点理论吧，没有理论听不懂实务啊
109173,1528,李兴建,2019-06-11 06:18:24,-24,6,30,求您不要当宁波银行的舔狗了
109554,1528,李兴建,2019-06-26 15:25:34,3,3,0,凉了哇！
109954,1528,李兴建,2019-07-02 23:42:09,11,12,1,可能李老师是证投三个老师里给分最好的一位了吧。听李老师的课请好好做笔记，尤其是估值、股价驱动一类的。考前建议把汪炜老师画的重点看看。感谢李老师!
111006,1528,李兴建,2019-06-29 05:46:56,5,5,0,想问下大家投行都考的怎么样，背了两三天答卷时像是复习了另一门学科，考试凉了。
111068,1528,李兴建,2019-06-29 12:24:00,8,8,0,老师特别可爱，投行开考发卷前来了一句：“虽然结课了，但我们依然是我们”，瞬间就不紧张了哈哈哈哈哈哈。BTW，衷心祝老师90岁时候还能自己系鞋带！
111858,1528,李兴建,2019-07-03 01:26:11,3,4,1,呜呜呜分数没达到预期，我感觉答得挺好的qaq这门我本学期最爱的课伤了我的心
111975,1528,李兴建,2019-07-03 05:16:02,2,2,0,人可爱给分好！但很重实务我有点听不懂…但很厉害！
112072,1528,李兴建,2019-07-03 11:48:31,0,0,0,虽然听不太懂，但感觉很舒服。\n\n期末给分好
113425,1528,李兴建,2019-07-06 17:16:14,0,0,0,老师会分享很多实务上的技巧和案例 真的很好
113433,1528,李兴建,2019-07-06 17:19:05,5,5,0,老师其实，真的挺好的，很鼓励爱学习的同学。投资银行这门课，平时上课真的要认真听呀，虽然我有看书，但是考试还是考查了很多上课讲的内容，除了ppt必须背的内容外，是真的很看重理解，所以还是要认真听。虽然绩点是真的历史最差，但还是怪自己平常没有认真听课所以无话可说。
113618,1528,李兴建,2019-07-07 01:19:37,3,7,4,给分真的好啊 期末会有一次点名 投资银行4.5不变的计算题可以看98论坛、平时也要注意记笔记；证券投资4.2期末复习很重点 两门课都是突击速成，真的很?️
115262,1528,李兴建,2019-07-17 07:37:39,4,4,0,上投行认真听可以学到很多，而且课下李老师也从来不拒绝大家问他各种问题
116109,1528,李兴建,2019-09-04 00:18:17,8,8,0,我导真的是男神，讲课行云流水，温柔细致。
137648,1528,李兴建,2021-07-05 12:59:31,-57,12,69,其实挺sb的，上课从不讲课，一天天的就知道宁波银行，宁是舔狗？遇到的最没有学术能力的老师，你一个本科的毕业的教我们本科？
137649,1528,李兴建,2021-07-05 13:00:53,-19,8,27,sb老师
139361,1528,李兴建,2021-07-14 17:42:33,3,6,3,对我而言给分略低，mooc有刷，估值论文从啥也不懂到写了个上万字，考试卷子只有一道题没有把握。整门课都是在汗水和泪水（真哭，上课理论少，听不懂课，感觉自己完蛋了）中度过的。最后感觉付出和得分不太成正比。
151406,1528,李兴建,2022-03-02 12:18:51,2,2,0,非常好
151489,1528,李兴建,2022-03-04 15:13:03,0,1,1,李老师超级可爱啊啊啊啊啊啊
154436,1528,李兴建,2022-06-01 10:22:10,-20,4,24,差评，买他推荐的股票亏了很多钱（bushi
157080,1528,李兴建,2022-06-22 00:23:36,2,4,2,还没有出分先来评价一波~老师人很好，从来不拒绝任何问题，也是真心希望我们能有所收获，是实务专家，但可能因为太实务太专家，上课逻辑性不是很强，这种信口讲案例的方式对我这样的投资小白不太友好，把握不到重点....
157515,1528,李兴建,2022-06-23 14:07:05,8,9,1,为什么这个学期投行这么绩杀呀，要命了，身边的一片一片都是六七十
158179,1528,李兴建,2022-06-27 10:40:13,0,5,5,平时讲实操比较多，小白有点听不懂。期末前一周开始补天，回看智云的时候真的后悔当初没有好好听课，真的很多干货。最后给分也不错
158258,1528,李兴建,2022-06-28 01:15:58,0,7,7,被老师的人格魅力征服。整个学期都有听课，虽然最后成绩并没有理想中的好，但是也确实学到了很多很有用的东西。老师是真的很爱同学，期末考试所有都是上课讲过的的东西，只要认真听课做笔记就没有问题！一定不要光看PPT！！！\n\n（老师那么帅为啥不听课doge）
158269,1528,李兴建,2022-06-28 03:02:15,7,7,0,这学期投行给分不是很好
158332,1528,李兴建,2022-06-28 11:26:35,-6,3,9,给分很好
161079,1528,李兴建,2022-10-26 02:56:37,1,1,0,宁波银行啊啊啊
162637,1528,李兴建,2022-11-30 10:45:28,2,2,0,本科期间收获最大的课程之一
171541,1528,李兴建,2023-03-28 03:47:53,19,20,1,先给8分，13.62买了成都银行，涨回来再改成10分
174910,1528,李兴建,2023-06-19 15:02:31,18,18,0,毕业（退休）快乐。老人一枚，希望有老师可以接李老师的班吧。经院专业课这么多，也就只有李老师总体上构建了一个和投资，估值框架，与行业贴合。其它真的一言难尽。工作后就会发现搞金融学术和搞金融真的不是一个东西，很感谢李老师。希望有其他老师可以接老李的班。
176355,1528,李兴建,2023-06-28 14:01:09,3,3,0,李老师退休快乐！
176390,1528,李兴建,2023-07-03 05:33:07,2,4,2,老师讲课好，人也很和善，给分其实算比较求是。实务讲的很好，但是投行这门课的逻辑感觉确实有些混乱，复习的时候十分痛苦，要不是有回忆卷就翻大车了
176418,1528,李兴建,2023-06-29 00:42:46,10,10,0,好分析师好理论家好实务操作人 但不是个能讲明白课的好老师（不是品德方面的好差 是授课能问题 主打逻辑混乱）
176477,1528,李兴建,2023-06-29 04:57:43,4,4,0,退休快乐~
176562,1528,李兴建,2023-06-29 09:06:50,-7,1,8,两次点名都没去，心得半个小时写完，最后好好复习了ppt和历年题，分数还是很满意的
178006,1528,李兴建,2023-07-06 06:44:06,0,0,0,………
178344,1528,李兴建,2023-07-10 10:55:50,2,2,0,上课对投资小白不友好，逻辑略混乱，让人学得崩溃，但课程作业少、压力小。最后期末周补天出来的成绩烂得让人想死...
178888,1528,李兴建,2023-07-28 06:45:06,1,1,0,lxjnb\n\n成都银行nb
180918,1528,李兴建,2023-09-28 06:50:16,2,2,0,好想听李老师的课啊啊啊
198134,1528,李兴建,2024-09-02 03:55:18,4,5,1,学校准备什么时候返聘老师呢？
198429,1528,李兴建,2024-09-09 02:07:01,0,3,3,适合带硕士生实务，不适合占用编制，学术水平配不上浙大
205516,1528,李兴建,2024-12-08 12:02:45,2,2,0,学术怎么不够了？写了论文，影响因子那么高，只是写得少了点罢了。课程上得那么好，只是上得少罢了。这么优秀的老师，不返聘实在学校古板了。
216654,1528,李兴建,2025-03-20 06:39:25,1,1,0,有幸修读李老师在浙大的最后一门课——证券投资学，有幸在最后一节课见证李老师的光荣退休！李老师真的好热心，当时帮忙推荐开户券商，临近毕业，再次回来感谢李老师！
2370,1561,夏昪君,2015-07-09 16:22:20,10,13,3,上课太无聊 给分也低 感觉凭考试周以及之前自学的功夫也不只这个分
3295,1561,夏昪君,2015-05-28 03:19:26,13,13,0,太无聊了。。。从上课到下课都没有换过调调。。。对，没有重点
3411,1561,夏昪君,2015-06-11 01:52:22,10,10,0,用点名来维持虚假繁荣，可以录下来做催眠曲，无聊至极
3591,1561,夏昪君,2015-06-17 01:44:48,1,4,3,讲课还行，作业很少
3809,1561,夏昪君,2015-07-09 14:06:11,12,12,0,不要因为她屁事少就选啊！期末给分按卷面分给呀，血的教训。。。给分太低了！
4197,1561,夏昪君,2015-06-18 04:16:31,4,4,0,无聊
5810,1561,夏昪君,2015-07-09 12:46:32,2,2,0,讲得也是有够差的了……
5831,1561,夏昪君,2015-07-09 14:34:02,3,3,0,给分坑，按卷面来，上课极其无聊
5835,1561,夏昪君,2015-07-09 14:46:54,4,4,0,语气平。没有重点，像是在念书。给分也不好。
5842,1561,夏昪君,2015-07-09 15:01:18,3,3,0,怎样的体验？呵呵呵呵呵呵
5851,1561,夏昪君,2015-07-09 15:12:12,4,5,1,真是哔了狗了。这分低的。分分钟想扇死她
5893,1561,夏昪君,2015-07-10 00:33:45,3,3,0,上课超无聊，还指不定哪个时候会点名，给分超低，分分钟想骂人！
5921,1561,夏昪君,2015-07-10 02:32:45,3,3,0,无聊……微经分数历史新低……
5977,1561,夏昪君,2015-07-10 05:58:56,-1,3,4,感觉还好啊，很多时候不要光看绩点评老师的吧……
7444,1561,夏昪君,2015-09-14 11:43:11,3,3,0,上课烂，给分烂
10638,1561,夏昪君,2015-11-21 06:50:09,1,1,0,学得好也没有用，给分很低
13628,1561,夏昪君,2015-12-30 06:55:58,1,1,0,暂且不论成绩计算方法极其敷衍了事不负责任。其课堂授课水平也是令人深感遗憾。
15748,1561,夏昪君,2016-01-16 08:22:43,0,0,0,给分太低，不值得
21405,1561,夏昪君,2016-02-28 15:03:02,0,0,0,给分巨坑
107965,1561,夏昪君,2019-05-12 13:46:23,0,0,0,没重点
127650,1561,夏昪君,2020-11-25 10:44:15,0,0,0,还行吧
141079,1561,夏昪君,2021-09-23 02:35:08,0,0,0,很糟糕
141363,1561,夏昪君,2021-10-01 03:15:59,0,0,0,不怎么样，上课有点枯燥，人不错
868,1618,凤进,2015-03-18 06:10:06,4,7,3,很好很和蔼的老师～
16997,1618,凤进,2016-01-19 11:59:18,1,2,1,老师会讲一些现实生活中的案例，会涉及一些时事政治。真是非常感谢老师啊！收获很大！老师人很好，和蔼可亲，不管到课率，均绩也高。
17100,1618,凤进,2016-01-19 14:54:17,1,1,0,给分超级好
17104,1618,凤进,2016-01-19 14:58:17,1,1,0,超级和蔼的老师，大爱，五星好评
17261,1618,凤进,2016-01-20 02:54:25,0,0,0,讲课案例很多，给分超级好啊！！
22298,1618,凤进,2016-03-03 10:29:42,1,1,0,很好的老师
55121,1618,凤进,2017-07-01 00:56:54,0,0,0,很有意思的课堂
7672,1694,陆菁,2015-09-15 08:22:06,4,24,20,有意思
7719,1694,陆菁,2015-09-15 10:44:21,8,32,24,天文地理东南西北，什么都知道啊～挺好玩的
8996,1694,陆菁,2015-10-08 10:48:29,2,28,26,老师懂好多啊！第一节课就被折服了
15129,1694,陆菁,2016-01-12 07:03:45,-1,21,22,老师懂得超级多，那次第一节课把很多历史事件的发生归结为经济上的原因，一下就听傻了，但仔细想想确实有理
24061,1694,陆菁,2016-04-26 09:33:54,5,11,6,.........
27868,1694,陆菁,2018-05-07 06:46:17,31,49,18,老师有点装
39562,1694,陆菁,2017-01-26 00:32:46,-24,20,44,国际营销认真做，给分很好，本以为会绩杀居然满了
40287,1694,陆菁,2017-01-01 08:14:28,15,36,21,不喜欢她?
40678,1694,陆菁,2017-01-05 03:02:59,-2,24,26,我爱陆菁老师！
41307,1694,陆菁,2017-01-10 13:27:35,-2,21,23,考前评一发 好老师～
51025,1694,陆菁,2017-05-14 09:48:06,-1,19,20,给分挺好的
58076,1694,陆菁,2017-07-28 07:47:37,-3,23,26,学富五车，起码是重卡车，讲台上指点江山，风采飞扬，我想她先生压力应该很大
58762,1694,陆菁,2017-09-16 16:11:21,-6,21,27,非常美丽的老师 有内容 保持终身学习
60774,1694,陆菁,2018-05-07 06:46:23,41,64,23,完全不考虑学生的想法和需求，国际营销随意安排展示，不按照提前约定好的顺序展示，更恐怖的是展示的就加分，没有上台展示的就扣分。准备了三周的展示居然被砍
60778,1694,陆菁,2018-05-07 06:47:11,50,76,26,上她的课真的是一种极差的体验 什么都讲 什么都学不到
61267,1694,陆菁,2018-05-07 06:46:59,35,51,16,一开始很惊艳 被老师才华所震撼 但时间一长就发现不过如此 比较虚浮
63434,1694,陆菁,2018-05-07 06:47:05,11,28,17,拖课之王！
63733,1694,陆菁,2017-12-13 15:27:30,14,28,14,上她的课…真的太心累了…
63734,1694,陆菁,2017-12-13 15:27:47,24,37,13,事情贼多，而且变化超快，要求永远在更新中
65162,1694,陆菁,2017-12-29 16:32:11,-9,17,26,专业实习满绩 成绩比较厚道
72878,1694,陆菁,2018-01-31 08:42:28,11,25,14,讲课东南西北扯，不知道在讲什么，给分还那么差，上的两门课都被她杀了
74108,1694,陆菁,2018-02-05 07:34:24,6,23,17,比较装 shili
77111,1694,陆菁,2018-05-07 06:46:12,38,59,21,就是有点虚...陈独秀...\n\n这个学期还突然搞了闭卷，就因为她不想批作业....\n\n而且ppt也不会提供..不知道怎么复习，重点不知所云...
77139,1694,陆菁,2018-05-03 01:39:46,10,19,9,关心学生的好老师。但上课天马行空
77246,1694,陆菁,2018-05-07 06:46:07,41,57,16,在浙大最不喜欢的老师 十分不顾及学生感受 却还对外把自己包装成知心大姐姐??
77326,1694,陆菁,2018-05-12 06:32:39,7,25,18,爱老师！谢谢老师！
77577,1694,陆菁,2018-05-06 14:56:05,-12,18,30,很亲切的老师 真·知心姐姐 陆女神❤️❤️
77581,1694,陆菁,2018-05-06 15:42:10,-7,16,23,佩服的老师
77584,1694,陆菁,2018-05-06 16:12:36,13,22,9,不喜欢
78442,1694,陆菁,2018-05-12 00:44:16,14,26,12,陆菁这种人一辈子都会讨厌的，闭卷考不知道在那里考经济还是考历史，居然连年份都问，大题根本不是之前划过的所谓“重点”，大部分同学出来都说大题根本不会做全靠编 那这种考试的成绩能显示什么？谁运气好编的正确吗？平时点名那么少，平时成绩不知道怎么来的
78465,1694,陆菁,2018-05-12 06:32:20,1,18,17,给分好～谢谢老师～
78495,1694,陆菁,2018-05-12 10:58:15,22,34,12,平时分最后一节课公布的规则和第一节课不一致，考试不是划的重点，甚至跟书上也没什么关系，上课比较装，学不到东西，不建议选对外贸易这门课。
78851,1694,陆菁,2018-05-16 00:01:04,-6,13,19,检验好老师的唯一标准就是给高分，20%优秀20%不及格，毁誉参半是必然的
80190,1694,陆菁,2018-06-21 08:59:22,-4,13,17,好老师，给分也好也负责任！
87618,1694,陆菁,2018-10-08 11:55:11,12,20,8,把作业和评分要求一开始讲清楚，然后不要变来变去，这么难吗
91447,1694,陆菁,2018-12-10 11:37:26,27,33,6,永远不说清楚自己的要求，每时每刻都在变，还怪学生不够聪明听不懂，真的好累，女人的心思你别猜
91862,1694,陆菁,2018-12-23 13:06:33,61,76,15,我个人觉得 是名气大于能力的典范。\n\n1.做事情没有逻辑，过分吹嘘自己有多忙碌，但并没有做到什么实际的事情，也没有什么硬货。\n\n2.只看到努力看不到成果。说改善课堂和增加案例，PPT依旧很丑，讲案例提炼不出背后逻辑，说的清是什么，说不清为什么\n\n；说改好大家培养方案，国贸大三大四课程多到爆炸，保研外推出国找工作的进度都受到影响；说到学术，对不起没有什么学术能力和突出的学术成就\n\n3.个人性格，上面已经有人说了，总爱扮演知心大姐，其实非常不尊重学生，自我为中心，不讲道理\n\n\n\n不过还有那种1.5分的老师能留在浙大，这种老师能留下也不足为奇。今年她要评唐立新名师了，只能但愿她千万不要评上。她确实没有这个资格和能力。
92536,1694,陆菁,2019-01-02 08:06:10,19,27,8,不喜欢，自我为中心，换位思考能力差
93058,1694,陆菁,2019-01-07 07:04:33,20,28,8,纯傻逼老师\n\n你仔细听她上课就会发现她在围绕表面知识点东拉西扯
93619,1694,陆菁,2019-01-11 03:17:38,21,31,10,哪里来的野鸡老师怎么也来浙大教课？
93894,1694,陆菁,2019-01-15 03:24:41,30,37,7,惊闻知心大姐没有评上唐立新教学名师奖…喜闻乐见上天有眼??
93901,1694,陆菁,2019-01-14 07:54:05,0,1,1,
94041,1694,陆菁,2019-01-15 03:39:12,32,41,9,恭喜唐立新奖保持了在我心中的神圣公正地位！? 让我们祝愿知心大姐年年有今日，岁岁有今朝！?
94228,1694,陆菁,2019-01-16 02:29:35,11,17,6,不管听课体验怎么样，这期末出题真的乱出，题量真的大，已凉。能不选她的人真的别选。
94229,1694,陆菁,2019-01-16 02:33:54,17,24,7,一直说自己很忙，请问本职工作做好了吗？
94233,1694,陆菁,2019-01-16 02:45:05,15,22,7,Gracelu办事真的是那啥戴那啥，一套又一套。叫我们填问卷，课程问卷的反馈自己真的有看过吗？真的有去改吗？一位将面子工程和形式主义贯彻到底的老师。?
94238,1694,陆菁,2019-01-16 03:09:44,35,45,10,辣鸡老师，毁我青春。120分钟考试出个62题，平均每个题能有两分钟不到，50个判断选择，6个简答，每个简答有两个小问题，六个案例分析小问，案例分析500-600词的英文。老师你自己来做一次好叭。平时嘴叭叭的，屁也不讲，就是事儿多。人也傻逼，踩高捧低，装作自己深明大义，其实就是肤浅加事儿逼。
94331,1694,陆菁,2019-01-27 00:56:35,-5,12,17,出分前：\n\nLJ课程，LJ老师，期末考试题量这么大考什么鬼\n\n\n\n出分后：\n\n满绩！\n\n………\n\n………\n\n………\n\n那么答案只有一个了，我将对你宣誓忠诚！
94465,1694,陆菁,2019-01-16 14:44:30,-3,5,8,很差的
100767,1694,陆菁,2019-01-26 23:17:00,0,16,16,Gracelu给分很棒，满满的师生情，期待下学期继续上Gracelu的中国对外经济贸易～
100838,1694,陆菁,2019-01-27 02:13:09,12,18,6,现在的学生真的很媚俗欸…………\n\n只要给分好之前的压榨就不算数了哦。那以后工作了，老板给钱多，加班也没事，都去做工贼好了。\n\ngrace lu 糖果加鞭子的手段着实可以的。我服了，respect。真是最懂得什么叫抓准实际利益的投机者。
100994,1694,陆菁,2019-01-27 08:50:22,2,7,5,一学期被迫和大家一起恶竞最后得到了不咋样的分数，着实是无话可说。Grace知识面还是不错的，就是做事不怎么按套路有点烦。
101574,1694,陆菁,2019-01-28 13:08:01,1,6,5,国际营销学讲课基本不按书，带几个名词就开始侃天，案例分析也没有深入讲，考起试来倒是很“尊重”书本。。。
103693,1694,陆菁,2019-03-04 08:09:04,8,9,1,我给10分
105825,1694,陆菁,2019-04-21 11:53:46,0,7,7,老师上课非常没有逻辑，看似什么都懂什么都讲，可是仔细听完全不知道在讲什么。而且真的非常不喜欢老师引导我们恶竞。书和ppt感觉也很不清楚……上了她两门课，都很心累……
105849,1694,陆菁,2019-04-22 02:25:11,4,11,7,我问天问大地，陆老师画的重点到底是什么鬼东西。“重点”=不考，“不考”=要考，“只考小题”=要考大题。 陆老师的心思你别猜
106089,1694,陆菁,2019-04-25 02:13:55,4,5,1,一般般
106172,1694,陆菁,2019-04-25 12:03:34,8,9,1,体验一般
106311,1694,陆菁,2019-04-26 09:50:03,1,6,5,不太好
107093,1694,陆菁,2019-05-01 13:43:54,6,9,3,事真的太多
107486,1694,陆菁,2019-05-06 00:14:23,-8,5,13,就这出分速度一分不能再多了
107625,1694,陆菁,2019-05-07 23:14:56,6,8,2,任务太多了
107770,1694,陆菁,2019-05-09 10:53:55,7,13,6,拜托改改培养方案吧
107794,1694,陆菁,2019-05-10 01:28:37,-8,5,13,很骄傲，颐指气使
107848,1694,陆菁,2019-05-10 11:09:45,-12,1,13,态度不好
107880,1694,陆菁,2019-05-11 00:20:04,7,11,4,改培养方案
107887,1694,陆菁,2019-06-21 16:38:34,-19,3,22,事情太多，朝令夕改
107915,1694,陆菁,2019-05-11 11:19:30,17,18,1,课程网上提交的作业有助教和同学评论，还可以看到所有同学的报告，终于不再是乱写一气还不知所以的交作业就混个成绩那种。是个负责任的老师，就是课堂上总讲的那个透明度原则吧，感觉不错的。
107927,1694,陆菁,2019-05-12 01:53:23,10,10,0,比以往有所改进
107953,1694,陆菁,2019-05-12 09:57:11,10,10,0,没有那么差吧
107975,1694,陆菁,2019-05-12 14:17:59,8,8,0,深度有待进步
108003,1694,陆菁,2019-05-12 23:58:03,10,10,0,没那么差
108054,1694,陆菁,2019-05-14 02:23:55,10,11,1,任务特别多，给分还行
108110,1694,陆菁,2019-05-15 05:53:56,-12,5,17,留学生的中国对外经济贸易，明明每次都说上课的人很少却从头到尾只点过一名，考试一大堆上课从来没讲过的时事题目，只能靠自己平时有点了解来做，说考不考真是说的对极了，表面上说给留学生透露了一道论述题实际却没考，被表面骗了好吧，1分不能再多了
108151,1694,陆菁,2019-05-15 16:30:02,-1,5,6,考试贼坑
108182,1694,陆菁,2019-05-16 06:10:07,0,5,5,事情真多
108223,1694,陆菁,2019-05-17 00:14:04,21,22,1,课堂上讲了许多完全独立、却又密切相关的政策故事，在世贸改革和贸易战背景下政策课程特别有意思。话说学了两三年各种模型推到还是很迷茫，学了贸易政策才知道自己专业是做什么的，有这么大的作用！谢谢老师！
108230,1694,陆菁,2019-05-17 01:47:05,16,17,1,我觉得中国对外经济贸易讲得很不错，让我收获很多
121940,1694,陆菁,2020-01-24 18:39:36,4,5,1,事情有点多 给分真的不错
123111,1694,陆菁,2020-05-10 11:08:52,5,6,1,中国对外经贸讲课还不错的
127065,1694,陆菁,2020-11-05 02:10:31,7,7,0,把作业都完成，上课也很好，给分也不错的
135984,1694,陆菁,2021-06-07 14:16:58,-2,0,2,一般的
138886,1694,陆菁,2021-07-11 13:53:56,11,11,0,给分很好，哎，在国贸专业算比较好的老师了
149961,1694,陆菁,2022-01-18 05:05:36,9,9,0,给分很好，上课很水。典型的事少分多，就是要忍受一个学期的灌水
150262,1694,陆菁,2022-01-21 04:01:52,11,12,1,还不错啦，没有20届同学说得那么差
152842,1694,陆菁,2022-04-20 11:07:31,9,12,3,求求了\n\n中国对外经贸不要再考试了\n\n这门课学的跟考的tmd是一个东西吗
152984,1694,陆菁,2022-04-23 04:58:30,19,19,0,中国对外经济贸易，这么说吧，是我在这么迷的专业，学了这么多迷的课程后，依然会感到震撼的的逆天课程
153738,1694,陆菁,2022-05-10 01:58:23,-6,1,7,修完了中国对外经贸，出分超级慢，给分也差，上她的课啥都学，内容超级多 只逼自己按PPT自学 超垃圾的课～
153786,1694,陆菁,2022-05-11 10:11:26,7,8,1,老师水平很高，但是对外经贸课程上课内容和考试关系不大，考前要背的东西太多太碎太相似。给分不错。
153787,1694,陆菁,2022-05-11 03:54:27,2,4,2,讲课没意思，事情挺多，考试和讲课没啥关系，基本上靠背，给分不错
153803,1694,陆菁,2022-05-11 14:55:09,4,5,1,给分好好啊！爱菁姐！
153934,1694,陆菁,2022-05-17 06:54:34,4,4,0,给分好，感恩老师
153935,1694,陆菁,2022-05-17 06:54:34,4,4,0,给分好，感恩老师
155347,1694,陆菁,2022-06-11 08:53:48,15,17,2,老师说话总会让我感觉傲慢，比如什么国产小麦受污染严重所以她家吃进口小麦粉什么的…课程很迷，考试更迷，但是老师给分很善良
156031,1694,陆菁,2022-06-17 07:33:33,7,7,0,老师还是可以的吧，给分很不错了
166711,1694,陆菁,2023-01-13 09:28:48,6,6,0,给分好，感恩老师
167568,1694,陆菁,2023-01-17 11:24:54,2,2,0,给分好，至少看上去挺关心学生\n\n其他的就不说了
167892,1694,陆菁,2023-01-20 02:37:54,4,4,0,平时任务多，但给分是真的好
168437,1694,陆菁,2023-02-16 12:30:30,3,3,0,开卷有益
170338,1694,陆菁,2023-03-03 03:07:36,7,8,1,嘴角上扬，但是没有笑意
172095,1694,陆菁,2023-04-19 08:46:55,1,1,0,讲座有激情 信息量大 大一经历的最好的通识课老师 没有之一
172865,1694,陆菁,2023-05-09 01:00:30,0,1,1,我的妈耶，给分爆炸好！\n\n客观来说，老师是很有水平的，但我觉得可能更适合开讲座而不是上课。\n\n但是这给分我真的服气，一看成绩简直想给老师跪下了
173030,1694,陆菁,2023-05-11 13:40:32,0,0,0,事少分高  想水就选
176347,1694,陆菁,2023-06-28 13:09:27,0,0,0,分高事少强烈推荐！
181124,1694,陆菁,2023-10-09 09:54:56,17,19,2,按她是课程老师给分，可以10分；按她是国贸系主任，0分。。。\n\n傻逼培养方案越改越乱，你老惦记你那逼二外干什么，这么多年了不能先把国际电子商务这傻逼课取消掉？\n\n说是关心学生你倒是做点国贸学子真正期冀的事情啊
193201,1694,陆菁,2024-06-04 11:11:58,6,7,1,世界经济导论\n\n首先结论，推荐选择。\n\n有看到有的朋友说她有点自大，我觉得更多是她习惯的问题吧，感觉没有特别故意的吹嘘。老师讲课认真听真的能学到东西，作为一个通识课，讲的内容难免多且杂，又浅尝则止，但是老师讲的还是很有水平，能感觉到是有真才实学的。上课不点名，会有一次小测，但是不一定要到现场（老师上课说了可以不来，当然还是希望大家多去，老师应该是体谅我们事情多）。没有期末考试，期末有一篇论文，难度不大。
193329,1694,陆菁,2024-06-06 11:26:46,1,1,0,还是对中国对外经贸的闭卷考感到难受，想摸摸所有的国贸er，真的太辛苦了
193486,1694,陆菁,2024-06-11 13:00:54,8,9,1,没事少装 容易受伤
196378,1694,陆菁,2024-07-03 07:20:57,0,0,0,给分好 大方有气质 以后陆老师是我女神
196677,1694,陆菁,2024-07-04 17:29:51,0,0,0,国际营销 给分还是不错的
198317,1694,陆菁,2024-09-07 01:56:38,5,6,1,国贸的培养方案怎么这么差，大三大四没用的水课一大堆！人家复旦南开的国贸早就开大数据统计方面的实务课了，拜托你睁开眼睛看看世界吧，经院四个专业就你的培养方案最烂了！
198759,1694,陆菁,2024-09-11 11:05:42,3,5,2,世经导事少
199442,1694,陆菁,2024-09-23 20:39:37,9,9,0,终于把万恶的国际电子商务踢出培养方案！！！
206197,1694,陆菁,2024-12-13 08:05:48,0,2,2,给分还行，但没有预想的高，上课挺不错的，世界经济学导论可以冲。
206572,1694,陆菁,2024-12-16 07:12:09,1,1,0,但就世界经济导论这堂课而言，可以说是真的很水且给分超好，一学期下来，就灌了几篇水和写了一篇论文，喜提4.5，真的超级推荐。
207019,1694,陆菁,2024-12-19 03:59:40,1,1,0,单论世界经济导论，上课还是不错的，要求也不多，论文写写也很简单，很推荐
207150,1694,陆菁,2024-12-19 12:25:18,0,1,1,[世界经济导论]\n\n考核标准很水，没有作业没有pre，只有点名、论坛灌水和一篇论文\n\n给分还不错，但是我卡机4.2哩（可能与论文没怎么认真写还是有关联的）\n\n单就这节课而言，老师讲得很好，点名也会防止玉泉同学没来而提前一节课说，甚至是数字点名hhh\n\n整体推荐这门课，想水可水，想听一下也是不错的选择，且不会占用课后很多时间，好
207160,1694,陆菁,2024-12-19 13:06:57,0,0,0,感觉老师很好，很热情，上课会和我们聊，选的是世界经济导论，感觉啥都没干，随便写了一个论文字数不多，4.5
208250,1694,陆菁,2024-12-26 11:12:40,1,1,0,一边口头上说着不卡绩点，一边实际拼命卡绩点，仁者见仁吧，没有通识课可选了也可以上着玩玩
210001,1694,陆菁,2025-01-08 01:19:14,0,1,1,世界经济导论 事少分高 给分4.8而且就一篇论文\n\n而且也算帮助我梳理了未来的路 lj老师好妈妈😭😭
211508,1694,陆菁,2025-01-12 00:27:09,0,0,0,世界经济导论点名会告诉我们，一共两次，就一篇论文水水就可以\n\n给分还可以吧，通识课能有这个数不错了
213713,1694,陆菁,2025-01-19 08:39:14,0,0,0,《世界经济导论》\n\n大水课，没考试，基本没点名（有一次也只是用来加分的），成绩大头是期末论文，感觉给分挺好的。
217827,1694,陆菁,2025-04-17 03:49:48,1,1,0,世界经济导论，感觉很不错，通识课，没考试，听听专题讲解，对世界经济还是有了一个大概的了解的，老师也很和善，就我而言，世界经济导论课还是比较推荐的
220125,1694,陆菁,2025-06-15 07:34:22,0,0,0,给分巨差阿啊阿啊阿啊阿啊阿啊 第一次看到分有种欲哭无泪的感觉 罪不至此吧一个水课。事情也巨多
220384,1694,陆菁,2025-06-17 14:26:45,0,0,0,世界经济导论，大水课，所有课程一般完成，论文水一篇，点名没点上，4.5，强烈推荐
221931,1694,陆菁,2025-06-27 13:20:16,0,0,0,没点名，是很少，讲的蛮好的，看得出来老师是很有实力的。\n\n期末稍微论文多改了改，给分蛮好的。
946,1761,李建琴,2015-03-19 11:41:18,67,88,21,不错的老师 深入浅出
2520,1761,李建琴,2015-05-04 13:23:57,6,12,6,挺好玩的
4626,1761,李建琴,2018-06-12 08:05:27,5,12,7,姐姐一样的老师 亲和
5855,1761,李建琴,2015-07-09 15:29:51,3,7,4,老师很好
5861,1761,李建琴,2015-07-09 15:48:35,6,10,4,上课很有意思，而且感觉情商很高呀，给分也还不错~
6037,1761,李建琴,2015-07-10 12:01:55,23,34,11,很有亲和力的老师！能让学生思考经济学！给分也很好！
6073,1761,李建琴,2015-07-10 16:09:34,0,4,4,不错
14607,1761,李建琴,2016-01-08 02:54:12,2,3,1,讲得非常好 收获很大
15319,1761,李建琴,2016-01-13 15:41:01,1,4,3,好好好
16082,1761,李建琴,2016-01-17 06:57:50,0,3,3,讲课很棒 给分好
20888,1761,李建琴,2016-02-03 02:59:19,0,12,12,讲课还不错，但给分相当杀，不论宏经微经
28096,1761,李建琴,2016-06-28 08:06:19,1,4,3,老师表达能力超好！讲课内容很翔实丰富，对学生很宽容
28113,1761,李建琴,2016-06-28 08:07:22,-2,3,5,细雨轻风
30051,1761,李建琴,2016-07-01 01:01:49,1,8,7,老师讲的都非常清晰，给的样卷十分有帮助，最后给分也实在太棒，真的太好
30078,1761,李建琴,2016-07-01 01:56:38,18,31,13,老师人好，考试最后还提醒我们不要答错，就是给分不太好
30093,1761,李建琴,2016-07-01 02:19:28,-3,4,7,哦 呵呵
30138,1761,李建琴,2016-07-01 03:32:09,19,27,8,老师很好啦……微经主要靠自学
30237,1761,李建琴,2016-07-01 06:25:30,4,8,4,一句话 靠自学考前认真刷题 差不多了
30261,1761,李建琴,2016-07-01 06:58:51,0,6,6,还好吧，老师不错我太水，大家学味精还是听听课比较好，感觉听课的话期末会很轻松的
30371,1761,李建琴,2016-07-01 12:08:22,0,6,6,绩杀\n\n
30372,1761,李建琴,2016-07-01 12:09:26,5,11,6,课还行 可水可听 给分太杀慎选
30546,1761,李建琴,2019-03-17 01:04:49,8,17,9,真的是非常好的老师！上课讲的很清楚，不点名。非常后悔这么好的老师没有好好珍惜，没有好好听课，最后期末结束都准备补考了发现老师给过了。谢谢老师。
31266,1761,李建琴,2016-07-03 13:34:42,1,5,4,讲的非常好，深入浅出，注重实际应用，给分也好，赞一个！
31617,1761,李建琴,2016-07-04 09:18:20,0,5,5,老师给分很好啊 就是上课进度有点慢 说给分不好的可能没有好好复习吧
32169,1761,李建琴,2016-07-06 00:27:21,0,3,3,老师讲课很好，ppt准备的也很充分，只要认真学习，很容易就能考出好成绩的
34415,1761,李建琴,2016-10-10 04:51:09,-4,2,6,呵呵呵\n\n
36925,1761,李建琴,2016-11-16 14:31:26,4,6,2,老师很温柔
36938,1761,李建琴,2016-11-16 15:18:08,0,1,1,挺好哒
36946,1761,李建琴,2017-12-22 01:56:17,0,4,4,如果你好好准备考试的话，如果你的小组成员很强的话，你的成绩会让你满意的！
39563,1761,李建琴,2018-03-20 04:42:20,23,40,17,当代中国经济，考试前两周会给出考试的所有题目，让你提前准备，然后考试时带进考场。平时不点名，课程压力小。
40943,1761,李建琴,2017-01-06 15:41:55,1,3,2,10分不解释
47032,1761,李建琴,2017-01-23 10:02:02,1,2,1,老师上课很好，人很亲切，讲的内容有自己的观点并且清晰易懂，虽然不知道给分如何，还是给10分！
49132,1761,李建琴,2017-03-27 10:04:06,0,1,1,挺好的呀
49144,1761,李建琴,2017-03-27 13:48:22,0,1,1,挺好的呀
49148,1761,李建琴,2017-03-27 16:19:47,8,12,4,给分感人
49172,1761,李建琴,2017-03-28 08:40:23,1,2,1,老师很好，给分还行
55274,1761,李建琴,2017-07-01 07:32:40,36,46,10,老师讲的好，特别有水平，听她的课非常拓展眼界。只要每堂跟着老师走，课本认真看，期末绝对考的好，题都很基础。绩点4.8
55276,1761,李建琴,2017-07-01 07:42:48,-1,2,3,老师讲的很棒哪，虽然进度有点慢，只要认真学给分也很好
55292,1761,李建琴,2017-07-01 08:19:29,0,3,3,老师人很温柔，讲课也不错，经常联系生活实际，重点章节讲得细而慢。其实微经主要看自己努力程度吧，把书吃透上4肯定没问题，老师给分应该说很求是叭
55318,1761,李建琴,2017-07-01 08:55:33,0,6,6,我超喜欢她！！！！！我爱她！！！！！世界上有比她更好的老师吗！！！！！！！
55328,1761,李建琴,2017-07-01 09:23:22,-2,1,3,讲的很细，给分还不错。好好复习轻松4.8
55445,1761,李建琴,2017-07-01 13:35:07,-1,1,2,老师上课很细致，虽然进度慢了一些。期末的话还是自己好好看书、把书上的内容理解了、记一记，分数就会上去的
55460,1761,李建琴,2017-07-01 14:00:53,0,2,2,老师讲的很好，给分也算客观
55795,1761,李建琴,2017-07-02 11:33:09,-2,2,4,讲的挺不错的吧，只是我不怎么听……不过最后临时复习了一下还是4.2，给分不错
59698,1761,李建琴,2017-09-26 03:32:41,-1,0,1,还好吧
61718,1761,李建琴,2017-11-20 08:52:36,-2,0,2,很好的老师
63990,1761,李建琴,2017-12-20 12:51:18,1,6,5,emm一言难尽 绩点很低 大概怪我自己 老师人好 但不妨碍我觉得讲的不怎么样 睡去的不止几个吧
66641,1761,李建琴,2018-01-18 02:39:55,-1,0,1,很好的老师，讲课会联系到很多中国经济发展现状，课下会推荐很多经济学的公众号推文，满满的干货
70162,1761,李建琴,2018-01-26 07:43:48,-2,1,3,老师真的太好了平常问问题都超级耐心 讲课也非常好非常好 给分也很好
70166,1761,李建琴,2018-01-26 07:47:53,-3,1,4,不点名，给分好
70178,1761,李建琴,2018-01-26 07:59:32,-9,3,12,老师真的超级好，讲课很有条理，例子举的都很好，很高兴大学能碰到这样的老师，必须10分，而且没有平时作业，作为一个理工科的，拿了4.8很高兴
70186,1761,李建琴,2018-01-26 08:06:36,5,5,0,老师讲的挺好的……只是我期末考试太多平时也没好好听也没多少时间好好复习于是拿了一个惊世骇俗的低分……不知道下学期学校还开不开宏经……老师我们下学期再见……
70191,1761,李建琴,2018-01-26 08:11:29,-3,1,4,老师超级好，不过没有听过课，我觉得宏经自学就足够了，自学可满。。。
70193,1761,李建琴,2018-01-26 08:14:14,-6,1,7,讲课还好。抱着3.6的计划去考，考到4.5，感动哭
70208,1761,李建琴,2018-01-26 08:42:53,-2,2,4,老师超级好，给分也很不错，只要好好学能学到东西
70235,1761,李建琴,2018-01-26 09:15:36,-1,1,2,好老师！
70286,1761,李建琴,2018-01-26 10:53:26,-4,0,4,逻辑清晰，PPT也简单易懂很有框架，复习还是靠自己 老师平时讲课很有趣
70368,1761,李建琴,2018-01-26 13:54:56,-4,2,6,老师讲课很好啊通俗易懂，还会结合很多事例和对自己的分析帮助我们理解，另外老师人也超级好的回答问题非常耐心~个人觉得平时上课认真听不水手机不睡觉，课后做一下习题宏经是能学好哒（虽然期末考很虚但出乎意料的得了高分或许得感谢老师吧）
72548,1761,李建琴,2018-01-30 10:47:01,8,15,7,绩杀……
73863,1761,李建琴,2018-02-03 09:22:39,0,1,1,享受 老师气质好 讲的好 分数不高是我自己的问题
77922,1761,李建琴,2018-05-08 14:48:30,3,9,6,上老师的当代中国经济 可以说真的很适合理工科的同学了，深入浅出，观点不偏不倚，考试什么的提前几周准备好就行，真的超轻松愉快还能学干货，强推！！！还有每周去一次玉泉也很有情调呀哈哈哈(ー`´ー)不过经院快要搬回紫金港了，所以大家可以放心选啦
77924,1761,李建琴,2018-05-08 14:55:47,-4,0,4,开心 经常写别的作业别老师的课吸引过去
78186,1761,李建琴,2018-05-10 01:44:33,-2,2,4,老师超棒的，讲的也很好，事情不多，期末题目都提前给你了，给分也很棒！
78254,1761,李建琴,2018-05-10 08:07:33,-3,1,4,不点名 给分好
82770,1761,李建琴,2018-07-09 05:48:52,10,15,5,老师讲的挺好的 但是给分…一言难尽 应该是不调分的时候以为考的还不错结果并不咋的
83016,1761,李建琴,2018-07-09 13:17:08,0,2,2,深入浅出有魅力 给分不错！
83332,1761,李建琴,2018-07-10 06:37:04,7,8,1,给分不好，有理有据得低分
85081,1761,李建琴,2018-07-15 09:10:06,0,2,2,没什么体验
86553,1761,李建琴,2019-09-14 03:01:23,-93,14,107,推荐选这门课，事情不多，有一次展示，给分还行。考试考10个课本思考题（想要答案整理的加QQ3402783729  考试直接抄就好了！）
89956,1761,李建琴,2018-11-21 11:22:55,0,2,2,能学到东西\n\n
94383,1761,李建琴,2019-01-16 09:11:39,45,48,3,下面那个说什么考书上思考题加QQ的完全胡说，举报了
96971,1761,李建琴,2019-01-21 13:38:08,0,3,3,一般吧
97272,1761,李建琴,2019-01-22 07:39:14,2,5,3,老师是好人，宏经最后四点五！感恩！老师讲的好，耐心答疑，作业少，给分好！爱老师！！！
97277,1761,李建琴,2019-01-22 07:42:22,1,3,2,老师讲课讲得超好，上课很有收获，而且老师人很好，给分超好的，一生推～～
97294,1761,李建琴,2019-01-22 07:55:29,2,3,1,李老师绝对是在浙大四年遇到的最好的老师之一。老师上课深入浅出、讲解细致，给分很符合你的努力程度。没有刷题考前复习了两天最后得了八十分也是非常满意了。
97318,1761,李建琴,2019-01-22 08:05:08,-6,0,6,老师讲得特别好很细致，展示认真做，报告好好写，期末自学+认真复习可满
97327,1761,李建琴,2019-01-22 08:10:20,2,3,1,老师给分真得很棒，上课也不局限于课本，有很多拓展的内容，推荐
97349,1761,李建琴,2019-01-22 08:19:09,12,15,3,感觉自己考的还不错，但给分……一言难尽
105902,1761,李建琴,2019-04-23 02:10:04,5,6,1,当代中国经济真的精彩！
106081,1761,李建琴,2019-04-25 02:02:10,2,3,1,很认真负责
106308,1761,李建琴,2019-04-26 09:48:21,2,3,1,很好很好
107493,1761,李建琴,2019-05-06 01:53:17,2,3,1,作为一名紫金港上当代中国经济通识课的大一学生，虽然每周去一次玉泉挺累（但好像马上要搬到紫金港了），但是真的是一门很好的课，收获很多干货，听课也不会很疲乏。
107615,1761,李建琴,2019-05-07 23:00:17,7,8,1,当代中国经济收获还是很大的
107780,1761,李建琴,2019-05-09 11:01:40,2,3,1,很热心
107800,1761,李建琴,2019-05-10 01:31:24,0,1,1,很能结合现实案例，深入浅出
107845,1761,李建琴,2019-05-10 11:08:56,0,1,1,课上得好
107874,1761,李建琴,2019-05-11 00:17:10,2,3,1,非常感谢老师
107889,1761,李建琴,2019-05-11 00:28:39,2,3,1,微经上得好
107932,1761,李建琴,2019-05-12 01:55:46,0,1,1,不错的
107950,1761,李建琴,2019-05-12 09:55:39,0,1,1,必须10分
107972,1761,李建琴,2019-05-12 14:16:18,0,1,1,很有思想啊
108010,1761,李建琴,2019-05-13 00:02:04,-1,0,1,有水平！
108078,1761,李建琴,2019-05-14 07:02:16,-1,0,1,特别好
108145,1761,李建琴,2019-05-15 16:27:17,0,1,1,上课非常棒编的，教材也很好
108187,1761,李建琴,2019-05-16 06:12:46,-1,0,1,好老师一生推
108218,1761,李建琴,2019-05-16 16:05:34,-1,0,1,讲得很好
108234,1761,李建琴,2019-05-17 01:51:33,2,4,2,老师很有耐心的！
113820,1761,李建琴,2019-07-07 17:12:55,1,3,2,吹爆李老师！讲课讲的很细致，人很温柔，经常在群里发微观经济学相关知识，能帮助自己思考。而且给分超好！极其推荐选
113865,1761,李建琴,2019-07-07 22:01:11,0,1,1,讲得确实很好，好好上课是听得懂的！
113884,1761,李建琴,2019-07-07 23:12:37,0,1,1,课讲得很棒，案例很丰富 给分也很不错，调研稍微认真一点平时分应该差不多都是满的
113946,1761,李建琴,2019-07-08 01:54:55,4,6,2,李老师就不说了，直接吹爆
114032,1761,李建琴,2019-07-08 12:04:01,2,3,1,平时班比较大不点名，平时分全靠调研。考试不难，前五章占90％
115308,1761,李建琴,2019-07-18 07:55:24,3,5,2,emmm给分真的一般吧？微经利益相关
117518,1761,李建琴,2019-09-25 09:27:23,-1,2,3,老师超温柔超好 上课不点名 听了可以获得很多 不听考试也完全没问题
123711,1761,李建琴,2020-06-12 06:59:06,15,28,13,两个作业我都做得非常认真，结果收获开学以来和军训一样的历史最低绩点🙃
123715,1761,李建琴,2020-06-12 09:59:25,1,3,2,老师给分真的赞，而且上课内容很生动，涨知识
128195,1761,李建琴,2020-12-12 04:49:02,0,4,4,讲得不错。也只是讲的不错。给分什么的别想
129042,1761,李建琴,2020-12-29 05:56:36,2,6,4,备课认真，上课用心，爱课爱学生，理论联系实际，深入浅出，生动易懂，只要认真听，努力学，就可拿高分。付出与得分成正比。
131645,1761,李建琴,2021-01-28 09:39:19,8,17,9,除了PPT没有别的好，不过PPT貌似经院老师都一样吧\n\n给分极其之差，极其之差，所有作业认真完成，展示认真准备，期末全都复习到，最后分数也低的出乎意料\n\n\n\n不知道这9点几怎么刷出来的
133749,1761,李建琴,2021-03-04 11:55:41,0,3,3,讲课深入浅出 太棒了！
133872,1761,李建琴,2021-03-08 13:05:00,18,21,3,当代中国经济\n\n一门让我从无数ddl中情不自禁抬起头来听的通识课
135667,1761,李建琴,2021-05-18 13:17:08,1,4,3,当代中国经济讲的非常好，作业很多（800字评论x5，论文/小组展示，期末10道思考题开卷准备，考场手抄断），给分很好。
135686,1761,李建琴,2021-05-19 06:13:45,6,8,2,都说给分好，自我感觉作业不算很认真，至少用了点心都交了，最后3.3，对不起，是我不配吧
137517,1761,李建琴,2021-07-05 01:58:48,3,4,1,啊啊啊老师讲课讲的超级棒 会讲实例帮助理解 给分也很好啊啊永远爱老师 宏经也是老师的课！
137521,1761,李建琴,2021-07-05 02:17:33,20,33,13,从未想到的超低分
137523,1761,李建琴,2021-07-05 02:26:28,6,11,5,这也太绩杀了吧，我觉得我期末做的挺好的？？
137525,1761,李建琴,2021-07-05 02:48:20,10,13,3,评的第一门专业课\n\n【关于讲课】老师讲课真的没话说，微经是我上的第一节专业课，一上课就给我一个全新的视角认识经济学，一个学期下来对很多经济现象和社会现象都有了别样的认识。很喜欢老师的讲课风格，所以下学期宏经还是选的老师的课\n\n【关于成绩】称不上完全的绩杀吧（尤其对比隔壁金融学wwa），但是老师可能给分比较求是，不会特别捞。但是正如很久很久的楼上说的，你只要认真学认真考，老师也不会给你打特别低的分。所以说给分不好的，或许可以考虑考虑是不是自己还没有完全尽力（杠就是你对）\n\n总之，这学期的微经是很奇妙的体验，如果真的想感受经济学的风采，选老师的课绝对不亏！！！
137526,1761,李建琴,2021-07-05 02:46:32,4,10,6,评的第一门专业课\n\n【关于讲课】老师讲课真的没话说，微经是我上的第一节专业课，一上课就给我一个全新的视角认识经济学，一个学期下来对很多经济现象和社会现象都有了别样的认识。很喜欢老师的讲课风格，所以下学期宏经还是选的老师的课\n\n【关于成绩】称不上完全的绩杀吧（尤其对比隔壁金融学wwa），但是老师可能给分比较求是，不会特别捞。但是正如很久很久的楼上说的，你只要认真学认真考，老师也不会给你打特别低的分。所以说给分不好的，或许可以考虑考虑是不是自己还没有完全尽力（杠就是你对）\n\n总之，这学期的微经是很奇妙的体验，如果真的想感受经济学的风采，选老师的课绝对不亏！！！
137532,1761,李建琴,2021-07-05 07:20:18,1,5,4,平时作业都认真完成，小组作业也好好做了，期末考试虽然没达到很高的水平但绝对不至于是二点几的绩点吧。老师讲课很好的，ppt也挺清楚的，但是看到这个绩点真的挺难过，分明该做的都认真做了呜呜呜
137534,1761,李建琴,2021-07-05 03:57:49,2,4,2,讲课好但绩杀\n\n快逃
137549,1761,李建琴,2021-07-05 04:54:55,6,10,4,事多绩杀，快逃
137550,1761,李建琴,2021-07-05 04:55:11,0,2,2,老师人蛮好的。
137911,1761,李建琴,2021-07-06 14:14:50,1,5,4,没选上老师的课，选了徐蕙兰老师的，但是复习听的都是李建琴老师的智云课堂，收获很大。因为徐蕙兰老师平时分只有两次作业几乎给满，所以总评还不错。李建琴老师讲课很不错，（但也听说了给分不太好还有调研什么的，大家想拿高分的话可以参考我的做法。
138009,1761,李建琴,2021-07-07 05:04:32,0,6,6,我满啦很开心，谢谢老师给了我很强大的自信。事情不多，怎么说呢，微经主要依靠自学比较多，但老师其实教得挺好的，复习补天的时候可以看看老师的PPT，往年卷刷一下，简答题多写点，最好能画图来讲解说明，调研的话，选题最好新颖一点，我们小组研究的是选秀市场，大概分数不是很低。我本身对经济就比较感兴趣，上这门课前看了两遍曼昆的经济学原理，可能比较有用，然后至于老师给分问题，其实在选之前我也有点犹豫，但是这毕竟是一门专业课，个人感觉还是学到点东西比较重要，老师水平蛮高，然后期末努力一点，考试考好一点就可。
138434,1761,李建琴,2021-07-09 07:13:24,0,3,3,老师人很好，讲课也很好，就是给分一言难尽啊
138449,1761,李建琴,2021-07-09 09:06:34,5,9,4,当代中国经济，事情贼多，期末考试非常看重字数，手速慢和休闲选手慎选。\n\n老师本人是好老师，通识课正态也是要求，但成绩确实是和手速成正比的，宏经微经5.0选手，自认为思考题和小论文很优秀了，期末答案质量也不错，致命点就是抄的慢，字数少，最后3.3，后来人自己思考清楚哦
139734,1761,李建琴,2021-07-22 06:14:01,13,16,3,李老师人很好，讲课也很好，会结合许多实例，生动形象，上课基本不点名，你想智云也没人拦着；觉得给分差的同学真的可能是期末卷面做的不太好，期末70%，能捞的余地确实不大了；我平时学的也不是很扎实，市场调研整组也是水水过，最后复习的比较充分，考完感觉还行，出分也是符合预期的，辅修人在此谢谢李老师~
140439,1761,李建琴,2021-09-11 11:59:19,-3,1,4,比起微经，宏经的上课氛围和体验要好一些，可能是因为我更喜欢宏经，最后宏经也比微经高
140976,1761,李建琴,2021-09-24 13:19:04,-68,7,75,“我很高兴大部分人都认为中国是大国崛起而不是强国复兴，或者只是部分是强国复兴。中国古代并不是真的是大国，我们只是这么说而已。”滚，没见过立场歪成这样的，说是反华不为过吧。
141166,1761,李建琴,2021-09-25 10:57:40,1,1,0,老师的课讲的超级棒，认真听能收获不少。主要是小组调研报告有点麻烦，课真的讲的无可挑剔
142733,1761,李建琴,2021-11-15 14:37:35,3,6,3,当代中国经济强推！\n\n李建琴老师讲的很好，经常会对近期的一些经济政策作出评价和分析。同时回答同学的问题也很热心，给分也挺好。\n\n五篇800字左右的评论 + 5000字论文 期末抄了挺多的，最后拿了4.8。
143255,1761,李建琴,2021-11-22 12:12:23,1,7,6,上课真的很有水平，绩点有那么重要吗？
143883,1761,李建琴,2021-12-10 05:01:34,2,5,3,老师超级好！
144452,1761,李建琴,2021-12-28 08:48:24,-5,1,6,。。。
146590,1761,李建琴,2022-01-07 04:17:07,2,2,0,没出分，先来给老师评个分吧。老师真的很好啊！10分！xdjmm冲啊！
147694,1761,李建琴,2022-01-10 13:20:28,-9,3,12,怎么说呢，感觉自己宏观经济已经融会贯通了，结果绩点只有3.9.不知道是期末出状况还是小组论文太差（平时都到课了），总之就是不满意
147706,1761,李建琴,2022-01-10 13:49:53,12,14,2,老师绝对是好老师，讲课很好，给分的话是比较求是的
147738,1761,李建琴,2022-01-10 15:23:59,5,5,0,讲的是真的好，微经之后选了老师的宏经\n\n但是怎么说呢，宏经中感受到了老师给分的求是，也有点遗憾吧，书好好背了但是没有得到理想的成绩\n\n只能说，感谢老师这两个学期的倾情授课吧，收获还是很多的
148001,1761,李建琴,2022-01-11 09:48:18,1,1,0,上老师的课是真真实实的可以学到很多经济知识，不错
148407,1761,李建琴,2022-01-12 11:14:01,10,12,2,老师水平超级高，上课持续干货输出，可以看出老师真的很认真在传授知识，平时也会在微信群不定期分享一些时事热点，平时任务挺多，包括小组展示，5个800字左右的点评，期末大作业之类的，但是做这些事情对理解中国当前的成就和遇到的瓶颈都是大有裨益的，给分也不错，总之很推荐！！！
148479,1761,李建琴,2022-01-12 15:28:57,2,3,1,用心用情、认真负责上每一堂课的好老师，无论微经、宏经，还是当代中国经济，都是收获满满！
149269,1761,李建琴,2022-01-15 02:46:51,0,1,1,老师上课真的很好！
152770,1761,李建琴,2022-04-19 12:12:47,5,5,0,为老师打十分，但是很难同意老师的部分观点
153213,1761,李建琴,2022-04-26 17:49:39,1,1,0,很好。
153421,1761,李建琴,2022-04-29 09:52:42,-5,2,7,讲得挺一般吧，作业字数很多，给分令人迷惘
153424,1761,李建琴,2022-04-29 10:45:51,2,3,1,当代中国经济\n\n一门让人无心写作业抬头听讲的课\n\n一门让jz人狂喜的课\n\n事多，但没有实际意义上的期末考试，小作文和论文认真写了会收获满意的成绩的\n\n但是如果觉得跟这位老师立场相悖的话那还是抓紧退课吧\n\n(头一次在正态下拿了4.8，真的太惊喜了
154193,1761,李建琴,2022-05-25 17:20:04,-1,0,1,老师知识好丰富
154413,1761,李建琴,2022-06-01 05:29:48,-3,0,3,老师好可爱，但是当代中国经济是短学期的好可惜，感觉上课很快所以没怎么听，但作业都认真做了最后考试也提前告诉题目了，老师给分好好
154440,1761,李建琴,2022-06-01 11:25:56,0,0,0,当代中国经济，事情很多，但收获也挺多，老师讲的很好，很负责，冲？
156488,1761,李建琴,2022-06-20 03:35:25,0,0,0,好老师啊！！
156489,1761,李建琴,2022-06-20 03:35:30,0,0,0,好老师啊！！
156690,1761,李建琴,2022-06-20 15:25:35,2,2,0,虽然老师讲话语速很快，有时很难消化，下课之后需要反复观看回放(我个人)，但确实是个10分好老师，上课会结合很多实际例子讲解，很照顾学生，信息回复超级快，很负责任，强推！最后希望老师捞捞我吧呜呜
156738,1761,李建琴,2022-06-21 00:45:28,1,1,0,讲课很不错，但是一门通识课的作业量如此（指5篇经济问题点评和一分小组研究大作业和6k字期末开卷考题）任务量感觉有点大？而且由于老师也没有告诉我们，点评应该从什么角度/什么格式写，导致不懂怎么写经济问题点评的同学非常迷惑。最后没有拿到一个好的分数，3.3应该算是被正态了。老师是好老师，我是真的菜呜呜
157190,1761,李建琴,2022-06-22 08:26:36,2,2,0,给分求是 后悔了…但是课…也许讲的好吧…
157247,1761,李建琴,2022-06-22 14:28:19,1,1,0,老师上课很好，就是给分太求是了点
157250,1761,李建琴,2022-06-22 14:42:07,0,0,0,老师讲课真的很好啊！平时上课认真学，跟着老师的思路，最后成绩肯定不会差的！
157253,1761,李建琴,2022-06-22 15:12:08,1,1,0,讲得是真好，宏经微经都是听ljq老师的智云
157312,1761,李建琴,2022-06-23 02:26:08,1,3,2,微经，讲的是真的好，但个人感觉节奏有点乱\n\n给分不是很好，事情也挺多的。。。
157334,1761,李建琴,2022-06-23 03:52:07,2,2,0,微观经济学\n\n老师教课挺好，给分的话可能差了一些，但还是不错的！
157485,1761,李建琴,2022-06-23 11:52:42,1,1,0,给分很求是
157566,1761,李建琴,2022-06-23 17:52:08,0,0,0,微经 讲课不错 给分求是 好吧是我太菜
158463,1761,李建琴,2022-06-29 12:57:32,21,22,1,4.8补：ljq老师的专业程度毋庸置疑，讲课也十分优异，认真听下来绝对可以拿高分。\n\n考试干货：推荐大家可以用智云两到三倍速听ljq老师的课，其中遇到理论部分一定要慢下来好好掌握，包括理论的证明、数学公式、图形的推导和画等等，这些都是以后考试简答题的重点。平时作业认真做，都是很基础并且考试很容易考到的题型。\n\n然后本人的建议是，后三章听一遍李老师的课、看一遍ppt即可，考试一般是五道选择（一定要好好记忆，这里的题目都很简单，但是不知道的话就肯定不会做了），着重掌握前面部分理论的证明和推导，包括数学公式呀画图呀，结合李老师ppt，如果你可以自己把李老师的ppt上所有的图都能自己很清晰的画出来、所有理论都知道证明的方法，那你微经一定可以取得高分。至于计算题，微经对于我们的考察主要是侧重理论和图形，计算题都很基础，只要理论明白了就很简单，具体可以结合ljq老师的一本微观经济学教程看，那上面的计算题难度是大于考试难度的，可以选择性掌握。\n\n祝愿大家都可以在ljq老师的课程中取得满意的成绩
158757,1761,李建琴,2022-07-02 02:03:36,-4,4,8,讲课确实很有水平，听的蛮有意思的，只是给分很求是，就这一点来说查老师评分不至于逼近10……
159353,1761,李建琴,2022-07-14 09:07:44,1,1,0,老师讲课很认真，但感觉有时候讲太快了，下课后自己分析或者做作业还是不太会┭┮﹏┭┮个人还是比较喜欢xhl老师的节奏
160649,1761,李建琴,2022-09-29 08:26:11,1,1,0,宏观太后悔没有继续选李老师了（主要是系统给我选的别的老师）😭 我现在这老师根本就是个迷
162469,1761,李建琴,2022-11-23 03:11:44,5,5,0,通识课当代中国经济\n\n每节课都数字点名，不过好像不算分？而且老师会把数字写在黑板上，智云也可以\n\n老师讲课真的很用心用情，讲课真的涨知识，是让你摸鱼的同时也想听一听的课，而且老师会建微信群，经常在群里分享经济相关的文章（我对经济不感兴趣所以不咋看哈）\n\n但是作为通识课事情真的有点多，一个短学期任务要有上万字了，不过不查重，可以大胆的复制粘贴\n\n给分个人觉得还可以吧，不高不低\n\n最后4.2\n\n没有很惊喜，但是也不算太低，没拉均绩
162480,1761,李建琴,2022-11-23 06:08:36,1,1,0,出分晚，绩点低
162500,1761,李建琴,2022-11-23 13:24:28,3,3,0,很好的老师！干货十足！给分很好！\n\n上她的课能感受到老师备课很认真，学识很丰富。任务量会比我上过和听说过的通识课偏大，5篇800字点评，1篇期中报告或小组展示还有一个5*1000字的期末大作业（以前是开卷考试，大作业相比好像就是可以上交电子版）。课建议人认真听，对期末有帮助，想学的来，不想学的选这课一会正态，二任务量也不适合你水。我是做小组展示的然后期末也写了不少，感谢老师的4.8！
162533,1761,李建琴,2022-11-24 15:06:43,-16,3,19,喜提通识课最高相对绩点（虽然绝对绩点4.5也不怎么好看）\n\n讲课除了语速太快其他都非常棒，对一些热点问题的观点独到深刻。本人非文科生，在听不懂课的情况下能拿这个绩点已经很满意了，再次感谢老师捞捞！
163756,1761,李建琴,2022-12-16 05:13:37,6,6,0,给分玄幻 事情很多 觉得真的写的很认真了最后3.6
163999,1761,李建琴,2022-12-17 07:31:03,-7,3,10,4.5 我很不认真
166273,1761,李建琴,2023-01-18 11:21:49,3,5,2,宏经考完十几天了，还不出分？？？？？？？？\n\n最好是在捞捞我\n\n\n\n更新，分数出了，4.5，可以接受的啦~宏经还是学的蛮认真了。\n\n老师上课上的是真的好！逻辑超级清楚，声音也很好听，宏经是我这个学期唯一一门上课在听的课
167647,1761,李建琴,2023-01-18 04:10:58,6,7,1,微经和宏经都上的李老师的课，学微经的时候感觉这位老师教得真是太好了，从而忽略了这是一门很需要学生自己课后去学去掌握的课，期末考试让准备不充分的我意识到了自己可能要完蛋，加上平时的报告和作业都一般，出分后果然十分凄惨。这个学期被预置了宏经后奋发图强，决心不要再重复上学期的惨剧，在知识的理解和记忆上下了很大的功夫（虽然作业做得还是很烂），期末考试也用心准备了，终于逃离了求是魔掌😭
167656,1761,李建琴,2023-01-18 06:04:52,3,3,0,出分了出分了 老师真的在尽力捞我了 感谢老师！！！！！
167679,1761,李建琴,2023-01-26 22:47:07,1,3,2,给分确实比其他老师明显低一些，事情不多，讲课还行，对分数有追求的选课慎重。
167684,1761,李建琴,2023-01-18 09:39:47,2,2,0,上课划水听 期末花五天认真过了一遍ppt 做了一些历年卷 小组报告干到两万多字 考试感觉论述简答基本写出来了 计算题有些小问应该算错了 最后88 4.2 付出和努力蛮成正比的
167728,1761,李建琴,2023-01-18 15:55:48,2,4,2,宏经满了！谢谢老师\n\n\n\n老师人很好，很负责，上课逻辑清晰，共布置了三次个人作业，一次小组论文及展示，任务量不大。\n\n宏经本身记忆的内容比较多，但是老师的PPT基本都有所涵盖，只要肯多背几遍，基本问题不大。\n\n但是宏经考试还包括论述题，这种题型需要在考前注意下答题方式，老师有发两张样卷及答案，多品味一下答案的答题方式，能够对答题有所帮助。\n\n\n\n老师比较求是，这在同学及学长学姐间都有所反映。不过，老师的给分不是玄学给分，而是一分耕耘一分收获。所以脚踏实地地做，就能有回报。\n\n加油！
169734,1761,李建琴,2023-02-27 15:01:44,0,2,2,老师讲课特别好，条理清晰，重点突出，原理的推导也很清楚，强推李老师的绿色微经教材和ppt！！而且老师上课的态度和语气就很让人不想划水，微经喜提满绩，感谢李老师！
171703,1761,李建琴,2023-04-02 13:02:44,0,2,2,形策课拖堂🥺
175788,1761,李建琴,2023-06-26 15:07:23,0,2,2,绩杀…
175898,1761,李建琴,2023-06-27 05:42:52,-2,2,4,非常绩杀 很后悔没退了他的课
176063,1761,李建琴,2023-06-27 14:18:17,9,9,0,老师讲的非常好!最后给分也没有传说的那么恐怖hh
176094,1761,李建琴,2023-06-27 16:46:41,6,6,0,老师讲的特别特别好！期末感觉被老师捞了！特别感恩！
176096,1761,李建琴,2023-06-27 16:51:45,6,7,1,大家都说是求是琴，担心得我不敢查分。但老师给分很好啊啊啊！老师讲的很好，认真学了绩点不会差，96爱了爱了
176192,1761,李建琴,2023-06-28 04:19:03,5,5,0,给分还好吧不要被吓到，一分耕耘一分收获
176262,1761,李建琴,2023-06-28 07:36:38,7,7,0,给分没有想象中那么差
179576,1761,李建琴,2023-09-18 11:27:26,1,1,0,老师真的不错，声音好听，讲课生动有趣
179577,1761,李建琴,2023-09-18 11:29:27,-5,0,5,好无聊，老师很严肃，虽然讲课很认真，但是一点趣味都没有，还要点名签到，不太喜欢这门课
179647,1761,李建琴,2023-09-19 05:25:45,4,4,0,老师的课真的听得很舒服 虽然绩点比较一般 但是课确实能听得住
179670,1761,李建琴,2023-09-19 06:58:37,4,4,0,李老师的微经讲的特别好
183811,1761,李建琴,2023-11-30 09:17:31,5,7,2,老师给分特别特别好！！！！！！\n\n努力就有收获，第一个满绩！\n\n我爱老师！！！！！！！！！！！！！！！！
183916,1761,李建琴,2023-12-03 15:16:51,4,4,0,老师我爱你呜呜呜
184412,1761,李建琴,2023-12-19 05:43:41,3,3,0,很好的老师，上课逻辑和吐字都特别清晰！！！！！给分也很友好。\n\n虽然平时作业可能字数看起来会有点多，但是期末没有什么压力。
188008,1761,李建琴,2024-01-18 03:28:55,5,6,1,上课讲得不错，给分符合校训
188013,1761,李建琴,2024-01-18 03:48:01,4,5,1,条理清晰，求真务实，关切民生，谈吐赋大家风范。最主要的是，还捞人
188014,1761,李建琴,2024-01-18 03:52:01,1,3,2,给分是真的求是啊😭理工科同学慎选，惨绝人寰
188018,1761,李建琴,2024-01-18 03:58:32,4,4,0,出分了，特地来谢谢老师。老师知识渊博，讲课讲得很好，最后给分也没有大家说的那么恐怖。只要你期末认真复习，绝对可以取得一个好成绩，老师真的很可爱、人又好
188032,1761,李建琴,2024-01-18 04:56:12,7,8,1,满昏！说是求是但是给分真的没有想象中差，我是线上班，平时辅修一学期下来也没咋花精力，最后91。只能说老师讲的真的特别特别好，个人听过经院老师课里面最好的一位。给分也还不错的，看群里的谢谢老师就知道了，不像我的其他逆天老师出完分群里安静的一匹……
192007,1761,李建琴,2024-05-07 12:04:05,4,4,0,当代中国经济给分求是，理工科朋友要小心
195785,1761,李建琴,2024-06-30 02:44:12,0,0,0,微经线上班，还行吧4.2，稍微提前一点补天更好，平时不花时间
195941,1761,李建琴,2024-07-01 02:09:56,0,0,0,微经线上班\n\n跨专业辅修选手\n\n学了一下午4小时给4.2\n\nljq老师真是我的神
197449,1761,李建琴,2024-07-15 09:16:13,1,1,0,老师讲课很好，就是给分求是，甚至感觉比我预想的要低一点hhh但还是感恩老师！
198114,1761,李建琴,2024-08-31 09:54:07,2,2,0,讲课生动有趣，线下对学生也很热情
200291,1761,李建琴,2024-10-15 11:47:28,8,8,0,虽然大家总是说李老师求是，也确实比较求是，但其实除了特别捞的蕙兰姐姐和蔡爹，李老师也是一个不错的选择。（背书背的好的川川老师也可以，因为张老师平时分拉满但卷子据说极其严格，不过背到位学到位的也不怕卷面分）\n\n李老师求是的一个体现是她的平时分很难满（扣二到四），改卷按点给分但意思对了酌情多给一点，所以冲刺满绩非常难，我甚至听说过卷面95总评94的（放别的老师基本96-97了）。（她其实想让同学分数高一点，但是感觉李老师有一种我分都往上打了怎么还……（李老师也不知道有的老师平时分是拉满的……））\n\n如果愿意听课的且不是一定冲着满绩去的其实可以选李老师的课，因为李老师两本书三门课教了十几二十几年，经验，考点其实都非常熟悉了，所以她讲的或者说她的PPT其实算几位老师里面比较贴近考试的了，你比其他同学花同样时间应该能得到更高的【卷面】（总评不好说），而且李老师给的均分说实话不低。\n\n因此在抢不到蕙兰姐姐和蔡爹的情况下李老师其实是很好的选择，当然选蔡爹的课看李老师的PPT和卷子肯定更好hhh\n\n不过为了总评，选上李老师的还是得好好打磨平时作业，最好不要写错对对答案吧，小组展示什么的可以咨询老师怎么做比较好容易高一点，或者旁敲侧击一下老师其他老师的平时分也未尝不可hh。
203212,1761,李建琴,2024-11-18 04:59:21,0,2,2,老师讲的很细致！就是有点卡绩点
203898,1761,李建琴,2024-11-22 01:16:41,1,1,0,当代中国经济的通识课，能明显感受到李老师是真的很努力想把通识课上好，老师人非常亲切，平时事情也不算多作业要求也不高，最后4.5。
211656,1761,李建琴,2025-01-12 06:10:48,0,0,0,老师我爱你！！！以为是挂课了因为计算题我还没复习到考的很差很差的，结果及格了。幸福死了，推荐推荐，反正事也不算是多，还好的。
211974,1761,李建琴,2025-01-13 03:12:33,1,1,0,宏经线上班\n\n选不到蔡爹没关系，ljq一样很捞\n\n做梦都没想到最担心挂科的一门课这么高分\n\n我卷子上很多题真的不会，考完看PPT发现自己真的错了，但还是被捞上来了\n\n问了同组的几个同学，都觉得给的分比预期的要高\n\n单论这学期的宏经线上班，ljq确实没有那么求是，还是挺捞的
212432,1761,李建琴,2025-01-14 04:01:08,1,1,0,线上班，平时只是看个智云，也不管有没有懂，作业涉及的题型认真复习，最后4.2，感觉是好于我的预期的，毕竟自己花了多少精力是知道的
212639,1761,李建琴,2025-01-14 10:27:37,0,0,0,跨专业4.8，只要好好学一定会有好结果滴。李老师人很好，讲课也认真，就是感觉同学们不太热情hh
213513,1761,李建琴,2025-01-18 03:01:46,1,1,0,首先李老师的讲课水平是非常高的，思路非常清晰，但就我个人而言是有点求是了（求是是应该的，分数是多少就是多少），宏经这门课是我这学期学习特别认真的一门课，看到成绩那一刻还是有点失落。
214830,1761,李建琴,2025-02-18 06:33:20,0,0,0,上过李老师的微观经济学和宏观经济学，老师真的很认真，很有实力。如果想要得到一个高分的话，一定要认真学习，给分很求是，绝对不捞。每节课都会点名，建议还是不要逃课。
214833,1761,李建琴,2025-02-18 06:37:51,0,0,0,好老师！课程会有点硬，但是老师讲的很清楚，对理论联系实际有独到见解，对我很有启发
217870,1761,李建琴,2025-04-17 09:33:33,0,1,1,改开不建议选
221745,1761,李建琴,2025-06-26 01:21:41,0,0,0,改开史4.5呜呜呜谢谢李老师，四个思考题和结课论文都认认真真写了，感觉有付出就有回报。老师很儒雅温柔，还很有趣，上课讲得很好，如果有兴趣想听课的话可以选李老师的改开史，真的会对社会更加地了解
32108,1788,张月飞,2019-03-19 05:41:21,8,12,4,应该是结合自己事务中的感受讲课，和书本不怎么一致，但是重点把握的不错
32477,1788,张月飞,2016-07-07 04:57:52,6,8,2,老师讲课给分都还不错。
39988,1788,张月飞,2016-12-28 12:37:34,-2,0,2,。。。
53733,1788,张月飞,2017-06-27 12:05:56,0,3,3,虽然成绩还没出，但老师给的重点挺良心的，棒棒～
55412,1788,张月飞,2017-07-01 12:45:51,0,3,3,最后一次课点名福利，一篇论文一个闭卷考试，老师事少人好给分也还不错
55415,1788,张月飞,2017-07-01 12:46:48,-1,2,3,就给分来说，算是好老师了，讲课一般，但是作为老师很耐心 对学生很好
55443,1788,张月飞,2017-07-01 13:32:41,2,7,5,只预习了半天有这样的分数可以说是很满足了，平时挺水，一次点名一篇论文，老师人很好给分也好，期末划重点很准
55450,1788,张月飞,2017-12-28 02:54:16,0,8,8,背了一个星期的书拿了3.9有平均水平吗？我就从q群里过来看看
55455,1788,张月飞,2017-07-01 13:45:59,-22,7,29,自己专业课复习三天不到3，这门课一学期没听，当天看6小时就4.3。论专业给分差别
55510,1788,张月飞,2017-07-01 16:38:47,-3,3,6,给分巨迷了???努力背了分还低
55538,1788,张月飞,2017-07-02 00:39:52,0,4,4,上课真的无聊，最后一次去点名划重点就行，去了也不会听，重点划得挺准，看你背了就
55553,1788,张月飞,2017-07-02 01:30:36,3,5,2,讲课比较无聊 但是事少给分还可以 论文可以合作写 期末重点还是比较良心的 一个下午速成能这个成绩还是比较满意了
68638,1788,张月飞,2018-01-23 13:55:25,2,4,2,老师上课认真 有时候都不下课 但是划重点很好！给分棒！
68788,1788,张月飞,2018-01-24 01:48:35,-3,2,5,张老师挺好的，不过我论文写了8000+...考试也认真准备了，基本都做出来了。。。出来的成绩好像差强人意，不过不坑，适合作为个性吧，平时事情也不多
69391,1788,张月飞,2018-01-24 14:58:25,0,1,1,只要期末考考得好，应该就能拿高分吧，（虽然期末考炸裂）老师很温柔，但上课内容确实比较枯燥，要感兴趣才能听进去
73048,1788,张月飞,2018-01-31 17:33:36,-2,0,2,期末考的很好没给高分 很生气哦 老师人还是很好滴！
81898,1788,张月飞,2018-07-06 12:44:58,33,37,4,印象最深的是老师上课路上被车撞了胳膊，几乎抬不起来，还坚持上了最后一节课，并且有忍着痛写板书，看着心疼。实乃我辈楷模。
81903,1788,张月飞,2018-07-06 12:53:39,5,5,0,张老师的精神是最打动我的，很尊重很爱护学生。
81911,1788,张月飞,2018-07-06 13:04:28,5,6,1,出成绩了，来评价一波~给分好棒啊。而且最后一周老师被车撞了还坚持来上课。10分好评~
81936,1788,张月飞,2018-07-06 13:53:19,-1,0,1,给分神一样的好 至少比预期的好……老师很耐心 很负责！
81964,1788,张月飞,2018-07-06 15:58:10,0,0,0,可以说是这学期最喜欢的老师了。老师超温柔，超级负责，平时上课讲的重点很突出，认真听的话期末完全不虚。老师期末也给划重点，完全覆盖。虽然这学期均绩没有上面显示的那么高了，但是还是给分很好。
82061,1788,张月飞,2018-07-07 04:11:47,4,5,1,老师是个好老师 上课很认真负责\n\n但是这个分数出来我真的不能接受\n\n我觉得是登分出了问题 或者卷面有什么扣太多了\n\n所以出成绩后立刻就去找老师查卷\n\n被拒绝了 说卷子已交\n\n怎么说呢 老师是个好老师 我也很认真的学了 期末卷子全部写出来了都知道是ppt上的内容 没有遗漏的 这个分数真的是很打击学习的热情了\n\n另外我也只想吐槽一下无卷可查的情况
83488,1788,张月飞,2018-07-10 11:58:48,1,1,0,哎 感受了其他老师才觉得张老师是真的好\n\n好好珍惜
97569,1788,张月飞,2019-01-22 11:00:11,6,7,1,实话实说，张老师的保险学最后一节课画了重点，画完重点说要考的都在刚才讲的重点里面了。结果考试的时候，卷子上很多重点以外的。感觉还不如不画，大家都复习到，也比画了重点结果不考重点好
100583,1788,张月飞,2019-01-26 10:59:51,0,0,0,还不出分？
100892,1788,张月飞,2019-01-27 04:45:47,0,1,1,平心而论，这门课事情非常少，从不点名。只有一篇论文，还可以组队写。期末画了重点，覆盖率确实不高。但是考试前复习了一天左右，给分还不错。这种入门类的课程靠的就是背诵下苦功吧。
100916,1788,张月飞,2019-01-27 06:02:50,2,2,0,虽然张老师这次重点画的比较偏，但是给分还是很好
111422,1788,张月飞,2019-07-01 12:00:15,1,1,0,张老师认真的很好
112543,1788,张月飞,2019-07-04 17:21:39,1,2,1,课没怎么听着 老师最后的重点很准 给分一般般
112636,1788,张月飞,2019-07-04 23:21:08,-2,2,4,上过老师的两门课，给分都非常好。上课没听过
112647,1788,张月飞,2019-07-04 23:33:51,0,1,1,太感人了呜呜，考试考完翻书对答案的时候，对一题错一题，还错了一道大题（把需要赔写成了不需要赔QAQ）但老师最后给分太好了！完全出乎意料！
112673,1788,张月飞,2019-07-05 00:10:30,-13,2,15,老师挺好的，我上的是商业银行，整个学期只有一篇论文，还是组队写。期末会画重点，今年还是画的挺准的。但我觉得我期末答得还可以但只有4.5，可能是选择题错了蛮多...（选择题30分真的有很多细节！）
112760,1788,张月飞,2019-07-05 02:37:42,1,3,2,老师人确实很好上课讲得很细，但我平时上课认真听考试课件复习好多遍，结果选择填空全部考教材上老师上课没讲的我？？？最后给分也很一般…
112806,1788,张月飞,2019-07-05 03:39:52,1,1,0,保险学 讲得很细 考的跟讲的emmm
112924,1788,张月飞,2019-07-05 12:07:32,-10,0,10,特别神奇地错过了老师据说10分一次的点到..最后91。给分真的很好，期末考试也不难
113305,1788,张月飞,2019-07-06 05:08:26,1,2,1,上的商业银行。老师讲课很认真，人很好，对同学们很有耐心，最后考试考的特别细致，多选题考分类之类的都忘了...给分正常吧，主要看期末发挥
131933,1788,张月飞,2021-01-29 10:24:34,0,0,0,老师是真的能捞，认真学一定能拿到很高的绩点，感觉自己一学期只去上了两次很对不起老师
131941,1788,张月飞,2021-01-29 11:27:41,0,0,0,老师挺好的 从来不点名 平时作业大概两三次吧 我一学期没听课 考试前就花了大概一下午看了一眼ppt和历年卷 3.9 比我想象的高多了
132374,1788,张月飞,2021-02-01 06:52:50,0,0,0,上课有点无聊 老师人是好的 给分中等偏上 考试有许多细节题
138273,1788,张月飞,2021-07-08 09:27:41,0,0,0,每次课都有到教室，但实际上并没有听，因为老师上课太催眠了。补天的时候重新把录播都看了一遍，发现老师讲的其实很有意思，难点解释得很清楚，逻辑也很严密，在最后复习的阶段可以说是收获颇多。唯一不足的就是课堂气氛太沉重让人很想睡觉。期末努力背了很久，成绩蛮不错的，大家放心地选！
138345,1788,张月飞,2021-07-08 14:41:01,1,1,0,老师简答和论述重点划的很准，选择判断比较细节，花了一天时间复习，成绩还不错。张老师yyds！
141941,1788,张月飞,2021-11-01 12:27:23,0,2,2,上课太催眠了
145092,1788,张月飞,2021-12-27 10:53:42,0,0,0,很不错
148913,1788,张月飞,2022-01-14 02:43:59,1,1,0,老师很认真，对学生也很负责，认真学的话给分也超级好，推荐～
156654,1788,张月飞,2022-06-20 13:53:06,3,3,0,商行。老师上课语速有点慢，加上辅修在晚上所以有点困，但是知识丰富，逻辑严密。考前划的是真重点，整学期也在最后一周里点一次名，人真的很和蔼，给分也很好
156899,1788,张月飞,2022-06-21 09:53:45,2,2,0,商行之间亦有差距
165671,1788,张月飞,2023-01-09 08:06:06,13,13,0,好老师，懂得体贴学生。在新冠、线上公平性等多种因素考虑下决定开卷考试，整理ppt和教材时候发现保险学内容真的又多又杂，如果不开卷我只怕会死亡。\n\n但是上课有点无聊ε=(´ο｀*)))
165808,1788,张月飞,2023-01-09 18:30:47,2,2,0,商行就一篇论文加一个考试，论文认真写的，考试前一天看隔壁唐老师的重点背了一下。给分真心好
167405,1788,张月飞,2023-01-16 05:24:22,1,3,2,保险学好课
189745,1788,张月飞,2024-01-28 07:31:55,1,1,0,给分其实很一般，老师助教人好是真的
189756,1788,张月飞,2024-01-28 11:46:01,1,1,0,保险学的给分其实也不能说是不好，只是和其他只要付出努力就会有回报的专业课相比，总感觉最后的分数低于预期，最关键的是被卡绩了 。。\n\n以下是一点建议：保险学平时分主要是一次点名和一篇课程论文，课程论文的分数差距应该不大，推荐写心得水一水就好了，没有必要做一篇实证论文。考试的话首先要关注张老师的重点，基本覆盖了简答题和案例题（基本覆盖），选择题会考的很细，需要仔细多过几遍PPT，然后平时最好听一下课。建议关注历年卷的案例题，会有原题和相似考点，可惜的是历年卷题目没有标准答案，但提前准备一下在考场中也是有益的。
197344,1788,张月飞,2024-07-11 05:42:55,0,0,0,保险学课程本身偏无聊（个人感受），然后平时有一个课程论文（上交论文的那次课会点名），然后期末主要是面向历年卷复习（应该懂我意思），最后给分还可以的，但老师应该马上退休了，过往经验也没啥参考价值
198796,1788,张月飞,2024-09-11 17:16:34,1,1,0,退休了
200006,1788,张月飞,2024-10-10 23:27:38,3,3,0,退休快乐
2427,1797,方红生,2015-04-30 15:19:01,-21,19,40,生哥哥，举世无双，气质加人气等于实力
7335,1797,方红生,2015-09-13 15:27:55,-32,8,40,帅萌帅萌的！
17053,1797,方红生,2016-01-19 13:56:57,-36,6,42,帅爆炸
21120,1797,方红生,2016-02-18 16:21:24,-40,9,49,帅到男孩子看都会心动
23081,1797,方红生,2016-03-17 03:52:01,34,46,12,上课很普通。。表达能力差
24089,1797,方红生,2016-04-27 01:15:42,22,43,21,第一次给个老师差评，个人真的不喜欢这种老师，一边不断强调礼仪啊做人啊，一边在同学发言的时候随意打断。明明可以听完同学发完之后再提的问题非要在中途打断别人。而且很爱挑刺，讲道理也并不能学到什么东西。可能学术做得不错，但真心不适合当老师。能别选就别选吧
25122,1797,方红生,2016-05-05 15:32:11,-33,19,52,前面说老师上课打断的亲，其实是你自己没有做好准备，上过课的孩子都猜得出你是谁哦！同学你的病好了嘛？方老师的课确实课业压力很大，但收获也很多。
32681,1797,方红生,2016-07-09 09:25:56,-30,20,50,有同学说上课经常被老师打断，我觉得在上课展示互动这种模式下并不是什么礼仪的问题，老师经常提出尖锐的问题不仅是让展示的人展示前做好充分准备，也是让台下同学阅读文献、积极思考、积极融入课堂，现在展示很多都太水了，老师不听，同学不听，台上同学随便百度一些资料来展示，个人觉得方老师这种模式其实很好，与其等展示完再集中提问，不如边展示变问，并且对于一篇学术文章来说，往往一环扣一环，比如从理论模型到经验分析，理论都是漏洞百出的，再关注经验意义不大。事情多是真的，但是收获也是实实在在的，老师很nice，一些问题会耐心解答，以及给分真的超级好。
76192,1797,方红生,2018-03-28 16:12:39,40,49,9,老师真是尊重同学呢，提问普通同学站起来回答，提问no.1呢，“xx，你是我们班一号，你坐着回答就行，大家都是平等的”\n\n嚯嚯嚯
76989,1797,方红生,2018-04-27 10:00:44,-16,7,23,老师人挺好的，会和学生探讨很多学术问题，让大家多思考，确实对于做学术方面的帮助很大。
107776,1797,方红生,2019-05-09 10:58:23,-7,3,10,挺有趣的
107807,1797,方红生,2019-05-10 01:36:53,-7,4,11,很不错
107857,1797,方红生,2019-05-10 11:20:09,-9,4,13,挺好的，收获不小
107896,1797,方红生,2019-05-11 00:34:56,-7,5,12,课上得好
107936,1797,方红生,2019-05-12 02:04:18,-10,4,14,还可以
108227,1797,方红生,2019-05-17 01:03:18,13,18,5,说话没逻辑 上课没重点 明显敷衍
108494,1797,方红生,2019-05-27 02:40:21,0,1,1,
110033,1797,方红生,2019-07-14 04:56:58,-5,7,12,万万没想到，老师给分这么好
118695,1797,方红生,2019-10-30 19:54:24,5,10,5,感觉不是很好
141588,1797,方红生,2021-10-16 03:40:36,28,30,2,面板数据及stata应用，挺水的，感觉硬是把两节课可以讲完的东西整了四节课。。。。。
142054,1797,方红生,2021-11-05 01:56:58,23,25,2,傻逼，别选
150561,1797,方红生,2022-01-30 09:14:59,17,18,1,普通话有待提高，讲课不太认真
150571,1797,方红生,2022-01-30 11:28:14,-13,2,15,给分那是相当不错👍
153777,1797,方红生,2022-05-10 14:59:26,26,28,2,傻逼玩意
154259,1797,方红生,2022-05-27 09:43:28,20,25,5,TMD大傻逼
160866,1797,方红生,2022-10-17 13:01:50,13,14,1,上课也不知道自己在问啥，也不知道自己在讲啥。。。真的累了
160891,1797,方红生,2022-10-18 12:27:18,5,10,5,加一分
161231,1797,方红生,2022-11-01 09:58:35,16,17,1,有点明白为什么这么多人骂他了…
162084,1797,方红生,2022-11-16 15:20:14,15,16,1,讲的真差，+1分！！！
168614,1797,方红生,2023-02-20 09:02:39,-15,3,18,方sir给分天使，期末基本人均都捞了一档
171043,1797,方红生,2023-03-15 02:30:29,11,12,1,欢迎修读公共经济学文献选读与罚站！恭喜你进入疯狂pre与魔鬼作业模式！
172660,1797,方红生,2023-05-03 19:49:43,4,4,0,方老师要不要看看智云课堂的文字说的是什么，一会放你自己的录课，放几句打断，本身内容对于小白来说也难，还听不清你说的什么，这个stata面板的开始真的不要太痛苦，半夜三四点恨着做不完的作业真要死了
183428,1797,方红生,2023-11-26 02:57:52,14,14,0,stata太恐怖了，上课放自己的慕课，讲得云里雾里，基本每周都有作业。您看看您的作业布置得有多少吧，以为我们只有这一门课吗？多也就算了，您知道自己布置的什么作业吗？真离谱
183468,1797,方红生,2023-11-26 13:17:11,10,10,0,名义上是stata，但其实stata命令讲的不多，都是计量东西，中计刚讲面板的时候我们已经在面板数据里云里雾里半个学期了。作业布置的死多，一周复现三篇文献？？英文的还好，连玉君那篇中文的是个什么东西，就随口交代了几句就放结果了，我们去猜他放的啥？上课还贼水，这个作业我越写越气，我真是想骂人，一分都嫌多。
184095,1797,方红生,2023-12-08 14:20:44,11,11,0,。。。。。。。。。。。。。。狗屎
184102,1797,方红生,2023-12-09 07:06:55,8,8,0,本周作业：梳理近十年发表在《经济研究》上，使用了双重差分方法的文章，并对其估计思想进行简要解读。
184764,1797,方红生,2023-12-22 14:33:30,13,13,0,本周作业：请梳理国内三大刊（经济研究、管理世界、中国社会科学）近十年内使用了合成控制法的文章，更加深入地学习该方法的运用。\n\n上次那个DID一共38篇文章啊！！
189692,1797,方红生,2024-01-27 02:37:05,12,12,0,2023-2024面板数据分析与stata应用，有抽人回答问题形式的点名（在没有人主动回答的情况下会抽人），无智云课堂回放（经院机房上课，但用不到机房电脑，最多用自己的笔记本跑一跑数据），无考试\n\n分数构成为25%的慕课（发帖、单元测试和期末考试，在网上均有标准答案），18.75%的8次课后作业（任务量很重，每次都要编代码跑数据画图画表，甚至有些作业简直像是在开玩笑，比如“梳理近十年发表在《经济研究》上，使用了双重差分方法的文章，并对其估计思想进行简要解读”“请梳理国内三大刊近十年内使用了合成控制法的文章，更加深入地学习该方法的运用”，个人认为这种作业意思意思梳理个四五篇就可以了，不过在课前展示环节看到有大佬认真梳理了十多篇的时候实在有些惭愧www，有一说一如果这样整理了收获应该非常大吧），18.75%的课程论文交流展示和37.5%的课程论文（可组最多三人的小组，组内分数一致，可选择复现论文或者原创论文，学期结束延后一个月为论文递交截止日期），另外有效发言（回答正确的发言，发言机会很多）一次1分，展示作业一次2分（一次作业两个人展示），最多把课后作业和课程论文交流的那两部分分数加满\n\n就上课内容而言，一周四节课，头一节课展示作业，后三节课上新课。老师会放自己的慕课，然后时不时暂停进行进一步讲解，但从第6讲开始就纯用PPT了（不是陈年PPT，看得出来还是有极大修改的，像合成控制法这种应该是新编的PPT），存在课程节奏略失调，上课内容略跳跃等问题，但平心而论还是能点学到东西的
199843,1797,方红生,2024-10-03 11:02:21,7,7,0,别选，本科研究生都给挂，上课水的一批，作业按要求写，最后还给0分，受不了，纯史
199844,1797,方红生,2024-10-03 11:23:37,11,11,0,上课放mooc，上什么？作业还多，要求也不讲清楚…………
199896,1797,方红生,2024-10-07 16:19:47,12,12,0,经院这几年学术和国内外学科评级，国际合作留学去向这些是不错，但是国内就业越来越拉垮了！虽然金融业大环境不好，但是浙大经院不至于差成现在这样！就业因为地理位置比不过复旦没人会说，但是比不过南开厦大就离谱了，现在居然和西南财经差不多，省内体制外金融机构就业和浙财浙工商都拉不开差距！学院的课程体系，实习机会，负责就业方面的行政管理都要彻底反思，改革！
201307,1797,方红生,2024-11-28 15:47:26,9,9,0,md 又被作业搞红温了
201369,1797,方红生,2024-11-01 07:00:04,8,8,0,md，stata作业做烦了，上来骂一骂
206071,1797,方红生,2024-12-13 04:51:16,3,3,0,上课上得贼烂，作业布置巨多。。
206536,1797,方红生,2024-12-16 02:20:47,9,9,0,复旦大学张军的得意弟子，在学术圈有人脉，但是上课不友好
206874,1797,方红生,2024-12-18 06:04:26,8,8,0,三观不正整天醉心于搞关系、搞斗争，怎么能上好课和带出正直优秀的学生
207635,1797,方红生,2024-12-23 11:29:06,6,6,0,论文展示十分钟我愿称之为黑色十分钟
213936,1797,方红生,2025-01-21 16:09:54,2,3,1,就凭处理经院对外交流事件的态度，所有院领导都应该评1分
214227,1797,方红生,2025-01-29 15:42:31,9,9,0,不要以为你是复旦经院院长张军的门徒，就能以权压人
218815,1797,方红生,2025-05-06 14:14:06,2,2,0,放网课视频上课，每周作业练习题一份卷的量+外加编程题
219210,1797,方红生,2025-05-23 03:58:53,3,3,0,一节课翻转课堂丢给学生讲作业边讲边在下面挑毛病，一节课每讲两句话点人起来回答问题“我上节课讲过的问题没听吗”一通说教，一节课放视频摆烂，布置的习题提的问题也是八股程式+包浆味
219777,1797,方红生,2025-06-05 13:50:26,4,4,0,第一，课上每讲两句就提问N分钟、边放视频边打断，讲课节奏稀烂说话像结巴，这课到底怎么听？\n\n第二，作为一门工具性课程，作业问题经常出现诸如“xxxx的基本思想/本质是什么”“理解xxx的三种方法”等各种应用价值为0的大话空话类问题；\n\n第三，每周作业量远超学分要求而且设问空泛得像梦话，如“梳理国内三大刊近十年内使用xxx方法的文章”；\n\n第四，经常要在没有给出代码的情况下复现完整一大篇文献、不仅工作量极大而且经常要在与当节课完全无关的技术问题上浪费时间（完全可以给出其它部分代码，只要求补充与课程直接相关的部分，当然如果方先生自己也没有完整跑过自己布置的文献就另当别论了）
6609,1848,徐恺,2015-07-16 09:30:10,5,8,3,打分一般
6617,1848,徐恺,2015-07-16 12:27:33,-4,6,10,上课有点差的
23245,1848,徐恺,2016-03-23 02:12:12,3,9,6,老师很好
39844,1848,徐恺,2016-12-28 03:30:45,-1,2,3,生无可恋
54614,1848,徐恺,2017-06-30 09:49:20,28,32,4,怎么说呢 我感觉没有平时分?
54623,1848,徐恺,2017-06-30 02:41:28,0,5,5,额\n\n不说了\n\n
54628,1848,徐恺,2017-06-30 02:44:28,10,14,4,我觉得老师可能没给平时分........考试自我感觉很好 然而分数可怕……
54636,1848,徐恺,2017-06-30 03:02:27,-4,8,12,全英的国贸考试还是蛮简单的啊~老师很年轻，完全没有代沟23333
54697,1848,徐恺,2017-06-30 05:02:02,-6,5,11,我也感觉没有平时分，讲课和给分都不怎么样，更重要的是这门全英的课略坑
54852,1848,徐恺,2017-06-30 10:16:52,5,8,3,讲得很好呀，老师性格也很好，年轻有活力。但是给分。。。。应该没给平时分的
55616,1848,徐恺,2017-07-02 05:06:25,4,8,4,感觉老师上课有些混乱，但考试蛮简单的
60345,1848,徐恺,2017-10-18 02:09:13,5,6,1,人很好的~年轻帅气
79552,1848,徐恺,2018-06-09 04:19:44,-4,2,6,很烂 因为和考试冲突了想请个假 结果让我问学校拿请假条
84171,1848,徐恺,2018-07-12 07:20:17,-2,4,6,emmm 感觉他不是很喜欢上课 而且给分真的烂
84472,1848,徐恺,2018-07-13 02:46:18,-2,2,4,感觉像考了一门假试，给分神迷，我觉得没有算assignment的分数
84855,1848,徐恺,2018-07-14 05:31:26,2,6,4,男神老师，昨晚还梦见了，特地来评分。\n\n好帅啊\n\n分数也很好啊就是卡裆了\n\n外语很棒，人超帅气
86689,1848,徐恺,2018-09-18 03:13:44,-2,1,3,给分比较特别
95465,1848,徐恺,2019-01-19 12:29:53,1,1,0,给分确实感觉没有平时分 甚至觉得比卷面分还低 最后考试并不难\n\n讲课内容还可以 英语口音也可以 老师是广州人 还会讲粤语 最后 颜值真的在线
103841,1848,徐恺,2019-03-06 07:46:28,4,5,1,上过国际贸易学的课，课堂比较easy，老师本科就在外留学的，英语口语很棒，年轻活力，颜值在线，作为导师，经院第一负责，开题报告和PPT帮我改了两三遍。
107983,1848,徐恺,2019-05-12 14:25:33,0,0,0,绩点给的太低了！
108666,1848,徐恺,2019-05-30 16:54:12,0,0,0,我好像知道楼下的楼下是谁了，哈哈哈哈
111807,1848,徐恺,2019-07-02 23:43:16,2,2,0,呜呜呜卡绩了，没有上4比较难受，不过凭良心讲也并没有在这门全英文的课上花太多时间，能有这个成绩我觉得也可以了，但作为个性是有点低了，知足常乐吧，然后两位老师都非常不错，徐老师的英语口语更好一些，葛老师的教学思路更清楚一些。
111817,1848,徐恺,2019-07-03 00:05:16,2,2,0,卡绩了呜呜呜呜呜
112253,1848,徐恺,2019-07-04 00:18:54,2,3,1,其实老师人平时还比较幽默有趣的，但是给分真的不怎么样…
112462,1848,徐恺,2019-07-04 09:15:06,4,4,0,上课和蔼，但打分感觉没有平时分和师生情
112515,1848,徐恺,2019-07-04 16:10:38,1,2,1,感觉考试考得很简单呀最后4.2，也还行吧但总觉得以考场上那种发挥良好的感觉来说，好像给分还是太狠了些......感觉是简答题和计算题痛下杀手额
118274,1848,徐恺,2019-10-24 07:08:07,3,3,0,徐恺老师超级好的，很喜欢他！真的为学生着想
129567,1848,徐恺,2021-01-07 13:27:15,4,4,0,晕倒了 老师明明很有魅力啊！讲课也很可爱很生动！（虽然我被国际贸易学搞得死去活来，但这也不妨碍我被老师迷得晕头转向
145253,1848,徐恺,2021-12-28 13:11:49,1,1,0,老师人很帅 然而国贸真的好痛苦啊.jpg
149422,1848,徐恺,2022-01-15 09:26:53,2,2,0,国贸出分了……老师很帅 然而给分……
149870,1848,徐恺,2022-01-17 11:22:37,1,1,0,给分有点求是啊
149871,1848,徐恺,2022-01-17 11:24:23,2,2,0,这给分是认真的吗\n\n我个人感觉考试做的还不错啊，裂开了
149933,1848,徐恺,2022-01-18 01:00:22,1,2,1,上课不错\n\n但我有平时分吗\n\n淦
151005,1848,徐恺,2022-02-22 01:42:00,2,4,2,给分也太烂了吧！！！！不能因为自己长得帅就为所欲为！！！给分好差😤😤😤😤
162748,1848,徐恺,2022-12-05 13:27:23,0,0,0,还不错，基本就是带着你读一遍课本，但感觉有些地方可以补充的再多一点
166433,1848,徐恺,2023-01-12 09:08:06,0,1,1,给分正如其他评论所说，有点迷…
167888,1848,徐恺,2023-01-20 01:52:42,1,1,0,给分不咋好，考试自我感觉良好，结果被卡绩，一口气梗在心口，很难受😭
188443,1848,徐恺,2024-01-19 04:19:22,0,0,0,给分太不好了！真的像是没有平时分
188576,1848,徐恺,2024-01-19 09:45:52,0,0,0,老师广普很好听，魅力很大。可能是因为作业都是抄的吧，几次课没去，考前没学过匆匆忙忙看了半天ppt和历年卷，最后一个小时写完，检查了半小时交卷，4.2见仁见智吧
203130,1848,徐恺,2024-11-17 07:53:39,0,0,0,。。。
206170,1848,徐恺,2024-12-13 06:58:57,1,2,1,高宏 非常非常差，上的乱七八糟的一看就是没备课，推导推导不会推，一整个就是拉跨，帅在哪儿啊？？
206529,1848,徐恺,2024-12-16 01:13:38,-1,0,1,xk是个纯煞笔，给分很烂，人特别骄傲，一点都不任性。千万不要选他，避雷！
210363,1848,徐恺,2025-01-09 03:55:41,-2,0,2,讲的还行，给分真的很迷
210370,1848,徐恺,2025-01-09 16:19:10,0,1,1,给分不咋地 说帅的是认错人了吧 另一个是挺帅的
210419,1848,徐恺,2025-01-09 06:37:51,0,1,1,老师水平挺高的 英语发音特别好！但是好像给分不太好？国贸感觉教得不难 认真学还是能拿高分的 很多历年卷上的题
213811,1848,徐恺,2025-01-20 04:43:54,0,0,0,今年国贸卷子意外地简单？平时分中规中矩，最后总分不错，老师广普还挺有记忆点，缓考过了一年还记得上课的激昂顿挫（笑cry）
214548,1848,徐恺,2025-02-12 04:57:12,0,0,0,徐上的高宏课还不如期末的时候自己看PPT，不懂的再去看智云课堂......平时上的课一言难尽
19211,1865,杨海红,2016-01-23 14:02:01,0,9,9,不负责任 给分也不好 邮件也不回
19232,1865,杨海红,2016-01-23 15:11:23,-1,3,4,航空业
24166,1865,杨海红,2016-04-28 03:18:18,7,12,5,好好好老师
25238,1865,杨海红,2016-05-09 00:04:21,-1,2,3,上课挺水的，考的也不难，给分也还好。好吧给分非常好。不过确实上课很困呐
28577,1865,杨海红,2016-06-28 10:35:01,2,5,3,老师很温柔，人也很好的～
38473,1865,杨海红,2016-12-06 08:44:12,0,3,3,老师很温柔很有气质的！而且很有耐心很认真，学生每一个展示都非常专注地在听，有问题会很热心解答，而且期末还会划考纲，绝对不会超出的那种
45308,1865,杨海红,2017-01-19 09:56:20,3,4,1,呜，确实不回邮件，上这个课感觉比较茫然。。。然后期末复习时确实学到了一些知识。。。
47409,1865,杨海红,2017-01-26 05:26:29,0,2,2,上课水，点名，期末划重点，基本上没什么可以学的，期末复习的时候收获最大。考试极水，但你绩点就靠它了，还是要认真对待。给分中规中矩。
50623,1865,杨海红,2017-05-04 02:23:57,5,5,0,最终得分比卷面成绩低是什么鬼
50958,1865,杨海红,2017-05-10 06:30:31,4,5,1,给分不好差评，但是结算课只有她开??‍♂️
66122,1865,杨海红,2018-01-12 03:07:59,1,3,2,超温柔的老师 给的重点也很详细呐 虽然还没考 但是先给个十分攒人品?
71206,1865,杨海红,2018-01-28 06:40:02,0,1,1,太水 学不到东西
71665,1865,杨海红,2018-01-29 00:18:35,2,10,8,超级温柔的老师，有耐心，但是给分真的不好。上课有认真听有互动，有好好展示考试好好复习，最后才88，手动差评。
71855,1865,杨海红,2018-01-29 04:36:45,-3,3,6,认真复习认真展示最后91，学习帝上显示的排名是5%。和别的课相比高分给的真的不算多…但是老师还很好哒～
72520,1865,杨海红,2018-01-30 09:26:41,0,2,2,商务沟通英语上课水，常点名，一次展示，考试重点很细，给分不错
81000,1865,杨海红,2018-07-03 08:55:37,0,1,1,所有的课都昏昏欲睡
85185,1865,杨海红,2018-07-16 03:11:51,0,0,0,老师很温柔，虽然上课略枯燥
93452,1865,杨海红,2019-01-10 00:03:11,0,0,0,啊啊啊
102161,1865,杨海红,2019-01-31 01:15:19,-17,3,20,一共三次点名全到了，有很多人三次都没到，好好做论文作业，期末好好复习，等了十天之后出分3.9，直接拉低0.12的均绩，真的佛
104016,1865,杨海红,2019-03-10 05:54:38,4,4,0,好好好
107471,1865,杨海红,2019-05-05 12:25:51,3,3,0,老师讲的好水，感觉英语水平不太好
107515,1865,杨海红,2019-05-06 06:26:31,0,0,0,觉得……一般般
107600,1865,杨海红,2019-05-07 11:57:57,0,1,1,老师人很温柔，上课慢条斯理很清楚，考试也会说复习重点，分高不错。
150104,1865,杨海红,2022-01-19 05:12:28,3,3,0,退休了
153076,1865,杨海红,2022-04-25 02:51:45,5,5,0,国际结算期末题量好大啊😱
153574,1865,杨海红,2022-05-05 03:29:15,1,2,1,给分不好
158564,1865,杨海红,2022-06-30 08:42:29,1,1,0,商务英语给分不好啊！常常点名。老师人还是可以的
172607,1865,杨海红,2023-05-02 01:49:47,2,2,0,老师水平一般，会点名。给分还可以
172609,1865,杨海红,2023-05-02 03:22:12,0,1,1,给分依托答辩
172636,1865,杨海红,2023-05-03 00:36:52,1,1,0,老师人很温柔啊、喜欢！虽然给分一般
176991,1865,杨海红,2023-07-01 04:22:30,1,1,0,好老师TT
176992,1865,杨海红,2023-07-01 03:43:46,1,1,0,商务英语给分不太好哇，不过老师挺温柔的
177068,1865,杨海红,2023-07-01 12:52:37,-10,0,10,老师给分还可以的，两门都4.8了
191408,1865,杨海红,2024-04-20 03:15:22,0,0,0,国际结算题量太大了写不完
191857,1865,杨海红,2024-05-02 07:22:57,4,4,0,给分很一般
26398,1965,金元欢,2019-03-11 12:33:02,7,10,3,价值观有问题这个老师
55868,1965,金元欢,2017-07-02 13:55:03,4,7,3,真想给负分
74983,1965,金元欢,2018-03-07 02:06:21,3,5,2,很迷...长得像游荡在丽江街头的艺术家......
75026,1965,金元欢,2018-03-07 05:06:03,0,0,0,佛系经济学？\n\n
76149,1965,金元欢,2018-03-28 03:36:09,7,11,4,价值观问题极大
102988,1965,金元欢,2019-07-07 02:51:09,7,10,3,真的是偏爱外国学生，群里一群留学生谢谢老师的，不知道是不是中国学生绩杀，反正我被绩杀了
105244,1965,金元欢,2019-04-08 08:48:25,3,5,2,留学生比例大，老师对留学生的展示真的是“宽容”，甚至不如通识课。给分暂不知
109250,1965,金元欢,2019-06-12 10:00:27,4,4,0,希望以后这门课变成选修课吧
109587,1965,金元欢,2019-06-17 08:36:28,3,3,0,12天内极限上交学期论文体验一下
113479,1965,金元欢,2019-07-06 18:10:27,1,1,0,这门课赶紧变成选修课吧
115461,1965,金元欢,2019-07-25 11:10:48,1,1,0,真的无语
117037,1965,金元欢,2019-09-18 12:27:50,3,3,0,给分还行，讲课很水
133614,1965,金元欢,2021-03-03 02:06:03,5,6,1,超级无敌大混子，自我感觉非常好
143991,1965,金元欢,2021-12-15 08:36:32,6,6,0,下学期终于不带课了，太好了
199136,1965,金元欢,2024-09-18 04:39:42,1,1,0,已退休
128,2017,姚婕,2015-03-14 16:02:47,141,161,20,老师很优雅 每次穿的都很简约但又不失气质 感觉皮肤保养的不错蛮有光泽的 讲话带笑 财会基础扎实 关键是她是我的毕设导师 求姚姐姐看到让我顺利毕业哦啦啦啦
1236,2017,姚婕,2017-06-16 13:23:50,61,68,7,有气质！太！美！了！姚婕姐姐我是你脑残粉！
3584,2017,姚婕,2015-06-17 01:43:51,34,35,1,讲得很细，很好
4411,2017,姚婕,2015-06-22 00:16:28,18,20,2,一开始听不懂就不听，到后来听懂了才知道以前是多么地不珍惜
4628,2017,姚婕,2015-06-25 08:13:47,15,16,1,温柔~
5299,2017,姚婕,2015-07-06 10:53:42,6,7,1,女神的讲课口音超亲切。讲课细致说话带笑。抽人回答问题声音比较轻，一次差点以为我没来上课，能听我解释人特别好！
5362,2017,姚婕,2018-01-01 12:24:27,25,27,2,美丽女主播
5742,2017,姚婕,2015-07-09 08:25:56,16,18,2,慢条斯理，娓娓道来
6488,2017,姚婕,2018-04-26 09:47:27,20,23,3,女神求不挂
6710,2017,姚婕,2015-07-19 11:06:18,38,45,7,姚婕真是女神级的，颜值什么就不说了，而且气质更是爆表。但是女神的课趣味性有待加强！
6725,2017,姚婕,2015-07-20 03:51:35,2,3,1,爽
15282,2017,姚婕,2016-01-13 09:12:25,6,7,1,讲课很细！很温柔！
15377,2017,姚婕,2016-01-14 06:19:12,4,4,0,好哈哈哈哈哈
19312,2017,姚婕,2016-01-24 01:18:51,3,5,2,女神，声音很好听，次课人都爆满。
19613,2017,姚婕,2016-01-25 02:56:54,3,3,0,气质老师，上课也好！
20391,2017,姚婕,2016-01-27 12:03:52,8,9,1,绝对女神老师！超级有气质超级！讲课也很清晰虽然我经常开小差，但期末好好复习考试就挺容易的。好好看老师的PPT给分很好的！
22102,2017,姚婕,2016-03-02 10:49:30,3,4,1,超级超级清楚！负责！对学生很好！
22202,2017,姚婕,2016-03-03 02:20:23,3,4,1,负责好老师\n\n
28012,2017,姚婕,2016-06-28 07:59:04,3,3,0,很有气质的老师，讲课讲的很细致，上课认真听讲就能学得好。
28104,2017,姚婕,2016-06-28 08:06:52,3,4,1,姚婕老师，讲课真的非常清晰！完全是女神，而且平时都会答疑！喜欢会计从喜欢老师开始！
28745,2017,姚婕,2016-06-28 13:48:47,-13,9,22,不知道讲的哪里好
28869,2017,姚婕,2016-06-29 01:54:03,2,2,0,很好的\n\n
31731,2017,姚婕,2016-07-04 15:51:09,7,7,0,老师超级有气质，讲课逻辑严密有条理(๑≧∀≦๑)
31802,2017,姚婕,2016-07-05 02:38:56,11,11,0,老师讲的真的很棒，一开始听可能会觉得有点难，但后来就觉得把整个会计思路都串起来了，复习起来也特别有效，美且棒呆
31857,2017,姚婕,2016-07-05 04:29:21,5,7,2,老师很棒很认真负责，每次下课都会很快把PPT传到公邮。复习就靠老师的PPT！会计全靠姚老师~比心~
32022,2017,姚婕,2016-07-05 11:42:30,-2,9,11,老师讲得很好\n\n但给分血崩
32584,2017,姚婕,2016-07-08 02:23:10,-3,1,4,给分好
32724,2017,姚婕,2016-07-11 15:37:02,5,6,1,超有气质超喜欢
33475,2017,姚婕,2016-09-19 12:38:46,2,2,0,特别好\n\n
34700,2017,姚婕,2016-10-18 13:46:53,3,3,0,思路清晰，仔细认真，人美气质佳又亲切！！最完美的老师之一！！
40456,2017,姚婕,2017-01-03 12:31:09,7,7,0,老师有天然的亲和力和吸引力啊，每次一想到要去上课整个人都特别开心，真的超级爱姚老师啊
41302,2017,姚婕,2018-03-06 16:38:25,6,9,3,老师讲课思路很清楚，跟着老师走会很有收获。不明白为什么会有人说她不好，明明是一个非常认真负责、美丽、典雅的老师。
41825,2017,姚婕,2017-01-13 02:19:20,3,3,0,老师很好，女神下凡～\n\n不过可能晚课每次上课都要睡着?
41919,2017,姚婕,2017-01-13 08:31:24,7,7,0,考完了好舍不得啊
46366,2017,姚婕,2017-01-21 10:59:45,4,4,0,我不管，姚婕就是我心目中的女神
47368,2017,姚婕,2017-01-25 13:00:04,0,2,2,认真听不会差
48469,2017,姚婕,2017-03-05 16:03:33,2,2,0,美美美
49126,2017,姚婕,2017-07-05 15:42:18,-18,3,21,姚姐姐很棒哟~平时认真期末没怎么复习也4.8啦啦啦，关键是长得美，讲课思路清晰，ppt超级好用啊，军训训到脚残时姚姐姐给的安慰，笔芯~
51318,2017,姚婕,2017-05-31 06:47:36,14,14,0,字看不懂呀
55944,2017,姚婕,2017-07-02 17:30:30,8,9,1,女神不解释，只不过期末自己没做好，希望老师手下留情T T
57141,2017,姚婕,2017-07-05 16:01:27,2,5,3,很享受，老师讲得很细心，很简单易懂，重点知识老师会多遍强调，上课要注意听讲。还有老师人真的超级好，很温柔，很耐心，虽然不是专业课，但不后悔选老师的课。
57223,2017,姚婕,2017-07-06 05:07:05,5,6,1,平常也蛮认真 可能期末没做好 给分很低 哭泣 不该手贱选会计当个性的?
57403,2017,姚婕,2017-07-07 09:21:28,-2,3,5,老师人美气质佳 财会知识扎实 就是考试难了点
57415,2017,姚婕,2017-07-07 11:37:13,4,4,0,颜值爆表，会保养会穿搭，教得很好。
57423,2017,姚婕,2017-07-07 13:27:07,2,6,4,中财怪我自己笨 老师教的没毛病。但是还是要感谢老师抬一手给我90+
58039,2017,姚婕,2017-07-25 11:49:31,0,1,1,很不错
58760,2017,姚婕,2017-09-16 15:40:25,8,8,0,好喜欢姚老师的字！虽然经常看不懂(>﹏<)
65838,2017,姚婕,2018-01-09 13:08:10,6,7,1,大学唯一一位本家老师，上过姚老师会计学才真正理解什么叫气质。对课程有自己独特的理解，收放自如，最后能用半小时串起来复习整本书真的超酷。
72942,2017,姚婕,2018-02-18 02:33:03,-11,3,14,轻松满绩
73276,2017,姚婕,2018-02-01 09:10:28,1,2,1,专业课75分 个性课会计学满了……
73427,2017,姚婕,2018-02-01 14:23:06,3,4,1,真的给分低…看了ppt 做了课后题 和往年卷，觉得分数配不上努力。
73743,2017,姚婕,2018-02-03 04:59:38,2,3,1,如沐春风
74267,2017,姚婕,2018-02-08 12:29:20,10,14,4,会计学挂科率20％…
82438,2017,姚婕,2018-07-18 05:20:46,9,9,0,中财还不出真的紧张兮兮……
85180,2017,姚婕,2018-07-16 02:22:54,7,11,4,姚老师讲课思路很清晰，让我这个工科生对会计学有了很大的兴趣，考前答疑也很耐心，周一一天的课，几乎当晚就会传课件到公邮，很方便复习。一个长学期点了不到十个人吧，只隔周交一下作业。\n\n姚婕老师满分没话说，但是...我们的成绩啥时候出来啊@_@
85484,2017,姚婕,2018-07-18 10:52:38,1,2,1,既然中财还没出，那我会计学也就不着急了……
85496,2017,姚婕,2018-07-18 13:48:36,3,4,1,出分慢 给分不好吧....
85498,2017,姚婕,2018-07-18 15:36:59,6,6,0,已经出分的是中财吧……\n\n为什么我的会计学还没出……
85501,2017,姚婕,2018-07-20 08:11:23,9,10,1,会计学上课有种娓娓道来的感觉，细节把握也很八错，认真学还蛮实用的，给分也不坑吧
85502,2017,姚婕,2018-07-18 15:24:12,3,3,0,会计学说实话，我觉得讲课很催眠……每次点人都是财政学的同学。出分速度很感人，9号的考试18号还没出，全程自学的我目测分数不高
85503,2017,姚婕,2018-07-18 15:30:38,4,4,0,不知道大家考的咋样 本来考完信心满满 结果一出成绩真的低的惊呆了
85505,2017,姚婕,2018-07-18 15:50:34,4,4,0,中财给分不好。。
85506,2017,姚婕,2018-07-18 15:53:50,1,1,0,不能理解中财均绩怎么那么高本人怎么那么低。老师应该说讲课还是蛮好的吧。可能是我自己和会计犯冲。不说了哭去了?
85507,2017,姚婕,2018-07-18 15:55:52,0,0,0,我相信中财不会有人比我低
85508,2017,姚婕,2018-07-18 16:03:37,3,3,0,警告，你要是平时不去被抽到回答问题不在，会挂你的，亲测，惨痛教训。
85554,2017,姚婕,2018-07-19 09:56:01,5,5,0,给分也太低了吧
85565,2017,姚婕,2018-07-19 15:32:20,0,1,1,成绩呢，老师？9号10:30的考试，19号23:30还没出成绩？
85567,2017,姚婕,2018-07-19 16:04:55,5,6,1,楼上那一条你睡了吗？十二点出成绩了诶
85568,2017,姚婕,2018-07-19 16:16:54,-16,1,17,啊啊啊半夜出分，煎熬了这么久真是吓死个人，中财情况不知道，会计学给分还挺好的呀，选来当个性的工科生做好下四的准备了，感谢老师一抬手给了90+。给姚老师比比心~~\n\n\n\n（给打个9分，剩下一分扣老师卡我绩嘻嘻）
85569,2017,姚婕,2018-07-19 16:19:05,-7,1,8,真心没想到 我以为我要下3了结果4.5...\n\n等的好苦
85577,2017,姚婕,2018-07-20 01:07:49,1,1,0,老师讲课很有思路，认真听肯定可以学到一些东西的。
85580,2017,姚婕,2018-07-20 01:56:47,-11,2,13,老师很认真很负责，讲课很有条理。会计学主要还是以记忆为主的课，期末的时候认真复习都没问题的。最后比上面同是工科生的兄弟多拿了1分 4.8?
86268,2017,姚婕,2018-09-11 16:01:11,0,1,1,总结18春夏班 很有信心的绩点低 工科生绩点高
101569,2017,姚婕,2019-01-28 13:02:28,5,6,1,老师您还不出分吗?
102339,2017,姚婕,2019-02-01 04:04:42,1,1,0,老师啥时候出分啊
102365,2017,姚婕,2019-02-01 08:53:29,0,1,1,神仙老师，神仙给分，考前答疑超温柔nice，在姚老师面前我没有原则～
102368,2017,姚婕,2019-02-01 09:01:15,-1,0,1,老师的调理很清晰，只是有些催眠。只是出分有些慢。
102381,2017,姚婕,2019-02-01 10:15:00,3,3,0,出分真的慢，但是给分很好。\n\n平时认真听课；期末需要花很多时间复习，ppt很多；考试不难，但是题量很多，基本没有检查的时间。\n\nps:考试可以带计算器，老师不会说，但是真的有很多人不知道。（我期末纯靠手算? ? ? ）
103511,2017,姚婕,2019-02-28 23:37:46,1,1,0,求求老师让我选上中财吧 要延毕了啊(´;︵;`)
109399,2017,姚婕,2019-06-14 01:53:15,7,7,0,想参观老师的衣帽间(ﾟoﾟ;;\n\n衣品太好了吧\n\n
109923,2017,姚婕,2019-06-20 07:27:33,6,6,0,结课了会计学但是还没考试。（怪我太菜，在考前补天）是我们专业的老师，超级nice！讲课很清楚，答疑也温柔耐心。而且保养巨好（在网上看了老师的简介后惊了），衣品非常棒也是真的！最后一次课还祝我们“快乐不减值，幸福不折旧”，我真的爱了呜呜呜！都怪我太菜，姚老师下个学期循环补充班见！（？）
110652,2017,姚婕,2019-06-28 02:20:46,5,5,0,中财拜托姚女神了！我不想重修啊哭
110654,2017,姚婕,2019-06-28 02:30:54,20,21,1,去年考会计的时候提前很久就把题做完了，考场上提前交卷的人很多。一年过去了，中财考场上提前交卷的只有极个别对试题已经彻底绝望而放弃的人。中财是真的复习了好久花了好多时间复习了几遍，但我也不懂对这门课的遗忘速度为什么远高于其余课啊。考完了大家都在笑，我话都不想说了。金融财政都是最聪明的孩子，看来我忝列了。学弟学妹们加油，每周把美丽善良大方温柔的姚姐姐的PPT看个10遍我想你就不会像我一样看了就忘了吧。
110690,2017,姚婕,2019-06-28 04:30:17,8,8,0,555555美丽温柔的老师能不能让我上三啊 我真的很认真学了 但是这知识它不过脑子555 建议大家提前复习 否则爆肝会死的
111551,2017,姚婕,2019-07-02 02:16:46,1,2,1,老师我爱您！！
111586,2017,姚婕,2019-07-02 05:12:20,4,5,1,提前给老师打个十分 希望老师不要挂我 会计学补天了好几个通宵终于写上了一些 老师真的有气质，希望有浓浓师生情
111672,2017,姚婕,2019-07-02 13:20:36,4,4,0,老师很温柔，可惜我一上课就贼想睡觉
114272,2017,姚婕,2019-07-09 17:06:09,-15,2,17,中财给分好！
114274,2017,姚婕,2019-07-09 17:07:29,2,3,1,谢老师不挂之恩
114279,2017,姚婕,2019-07-09 17:13:23,1,2,1,老师是真的好老师，怪我不争气，中财真的要花时间去整理啊呜呜呜
114296,2017,姚婕,2019-07-09 17:26:29,0,2,2,我真的太爱老师了！
114299,2017,姚婕,2019-07-09 17:29:12,6,10,4,重修的第二次比第一次还低我是真的服气，我这种人可能天生没有学会计的天赋吧，甚至开始怨恨为什么16级开始中财变成必修了。就算是要出国去求求老师也是没有用的。申请开始之前最大的一次打击了。
114300,2017,姚婕,2019-07-09 17:29:29,-4,5,9,请问中财说好的不会为难不是会计专业的学生的呢 给分我无语了
114332,2017,姚婕,2019-07-10 00:29:21,4,8,4,金融专业与其必修中财不如开设周夏飞老师那门偏实务的公司理财，更有用一点。
114350,2017,姚婕,2019-07-09 23:29:45,4,6,2,老师对学生很好，很有人格魅力，板书很小很轻，不知道后面同学能不能看到。学弟学妹们学中财会要对自己要求更高一些，期末考试姚老师对我们的要求可能比我们想象的更严格。\n\n平时上课要更努力，期末要再多拿出一些时间复习。学长期末考的不好，但是希望以后的同学更早开始加油，取得理想的成绩！
114391,2017,姚婕,2019-07-10 00:36:24,-1,5,6,姚老师上课讲的特别好，但是因为课程内容的原因总是想要睡觉或者水手机，中间认真听过几堂课，老师讲的真的是非常好！最后期末提前一个月就基本开始复习了，把老师的ppt一遍又一遍的重复，最后的成绩还蛮不错的，大家一定要尽早复习咩！中财可不是花两天时间就能补得回来的
114980,2017,姚婕,2019-07-13 17:07:44,5,9,4,自己好好学了，但老师给分有点低
114983,2017,姚婕,2019-07-13 17:18:52,4,7,3,老师好看有气质。给分就不大好看了，应该是我太菜了，捞不动吧。
114984,2017,姚婕,2019-07-13 17:21:22,17,19,2,有好好学了，考前好好复习了，老师真的平时很认真解惑，考前一天下午也一直帮忙解答。我才大一，感觉自己能力也不太够，自己也不太适合评判老师，只能说我很喜欢姚老师，真的很负责很好看。然后最后这里没有转折，谢谢老师的4.8。
114991,2017,姚婕,2019-07-14 00:29:31,0,2,2,表白一下老师，会计学讲得很有条理，踏踏实实跟着学吧w
115087,2017,姚婕,2019-07-15 10:01:12,-48,1,49,4.8，可以接受
124646,2017,姚婕,2020-07-04 18:38:26,0,1,1,老师讲的很好调理清晰，平时认真听课，作业认真写，但是没有及时复习，考前突击三天，最后绩点4.2
124752,2017,姚婕,2020-07-08 01:28:25,-3,3,6,姚婕女神讲课好给分好！会计和中财就是上课跟学+考前复习，一门4.8一门5.0！强烈安利啊啊啊啊啊
130721,2017,姚婕,2021-01-24 11:22:11,0,0,0,姚老师课讲得好，人也好，值得推荐啊！
138043,2017,姚婕,2021-07-07 07:07:40,1,1,0,提前打10分跪求老师保我不挂orz
139239,2017,姚婕,2021-07-13 15:11:07,2,2,0,老师人很好，就是有些时候讲话有点快
139247,2017,姚婕,2021-07-13 18:12:21,1,1,0,女神不解释，平时讲的特别细致有逻辑，期末或许要求比较高但是没有卡绩
139348,2017,姚婕,2021-07-14 14:24:36,3,3,0,真·女神，衣品超棒，气质也好！\n\n讲课思路还是清晰的，财会基础也非常扎实，内容挺丰富的，而且都是更新过的\n\n给分求是但还不错，平时除了作业外事情挺少的，就一次小测还开卷\n\nAnyway姚婕姐姐yyds
141060,2017,姚婕,2021-09-22 11:53:10,1,1,0,讲课很不错
149938,2017,姚婕,2022-01-18 02:00:51,1,1,0,老师啊老师求求出分吧
151982,2017,姚婕,2022-03-22 11:14:54,4,4,0,姚老师笑起来我心都要化了~
154747,2017,姚婕,2022-06-29 15:19:04,-11,1,12,。。。
155657,2017,姚婕,2022-06-15 05:04:31,4,4,0,求求姚老师捞捞我的中财，不想再重修一遍了TAT
155928,2017,姚婕,2022-06-16 14:44:21,1,1,0,老师讲课很清晰
157880,2017,姚婕,2022-06-25 10:00:53,-20,2,22,1.不正式点名，但上课随机抽人回答问题\n\n2.上课感觉就是念ppt，没课本讲得详细，建议直接看课本，不懂的看回放、问助教\n\n3.有点卡绩，就差一分就满了
158198,2017,姚婕,2022-06-27 15:10:39,0,0,0,没怎么听过课，但也可能只是我感觉我没怎么听过课\n\n清醒的时候听课，老师讲的很棒，困的时候听课，老师声音很好听很催眠\n\n总之，满上
158219,2017,姚婕,2022-06-27 14:05:57,1,3,2,我觉得其实老师人真的超级好 我的小测当时因为电脑的问题出了一点问题 老师非常耐心 帮我解决问题 助教态度不太好 问问题回的比老师还慢 \n\n小测的事情和她说了态度极差还甩锅 我和老师一说老师就说没问题会帮我解决我的bug 很温柔的老师\n\n成绩有一点点不够满意吧 我觉得是自己小测当时出了点问题之后有点慌张 出分4.5 但是我觉得已经不错了 当时还有点担心击杀什么的\n\n但是事实证明 老师给分求是 也很好 上课我觉得节奏很不错吧 选她！！！！我的遗憾我自己会弥补 各位学弟学妹们 上课好好听 作业好好做 不懂的弄懂 我觉得4.5以上没有大问题的 加油！
158240,2017,姚婕,2022-06-27 16:50:12,0,0,0,讲课特别清晰，把课堂内容学会就足够了，考试难但给分也超好的
158466,2017,姚婕,2022-06-29 13:03:02,-10,7,17,4.5评：yj老师的课讲的很好，知识点都涵盖到了，本人因为会计学的复习时间是在太过仓促且平时没好好学，也只能4.5了。\n\n考试重点：yj老师是为数不多志云课堂我只可以2.5倍听得老师了，语速很快。我也建议大家可以课后两倍速听，这样效率更高。会计学只要度过了前三个礼拜的课程，就会慢慢接触到这门课的核心，会计分录，同时也是考试的重点。会计学的考察更多是一种记忆的考察，所以大家一定要好好背（本人就是只看了一遍），然后选择题的考察也是关注那些细节，yj老师很多都强调过得。所以大家对于这门课一定要花很多时间去背、反复、关注细节、容易混淆的点，很多就是考试的考点。\n\n祝愿大家可以在yj老师的课程学习中取得满意的绩点！
158984,2017,姚婕,2022-07-04 07:55:44,7,10,3,满了，讲一下我的学法：\n\n1.上课：努力跟着老师节奏走。虽然有时候会比较无趣，但老师会时不时提到一些ppt上没有的点。\n\n2.课后：①整理ppt。我习惯于对着书整理ppt的知识点，相当于巩固一遍学了的知识。②整理要点，主要是会计分录和一些计算题。小测前我把学过的知识整理了一个word出来并打印了，小测开卷的话翻起来快一点并在整理的过程中复习了一遍。\n\n3.期末：继续整理要点，尤其关注老师多次提过的易错点（记清楚各个账户的名称）。我期末的时候把ppt全部看了一遍，书来不及就匆匆翻了一下。（记得带计算器）
159351,2017,姚婕,2022-07-14 09:04:06,0,0,0,好有气质的女神老师(✧◡✧)上课讲得仔细，而且好温柔的，课件内容也全，复习的时候看一遍课件就ok啦！小测开卷，平时基本每节课一次作业但不花时间，夸夸老师
159384,2017,姚婕,2022-07-15 12:22:38,2,6,4,客观评价，衣服好看是好看，但是上课挺无聊的，每次上课都会睡过去，全靠课后二倍速智云+复习ppt。给分一般，考前把ppt过了不下十几遍，考试的时候也感觉答得很好都会做，最后才3.6，中规中矩的教学，中规中矩的绩点。给分配不上努力，不过这个分数也还ok了，不打算重修了
159745,2017,姚婕,2022-08-27 09:50:26,6,6,0,老师很好我很菜 喜提1.8
160012,2017,姚婕,2022-09-11 14:52:12,-8,2,10,姚老师讲的很好，很细致很全面，就是我一直克制不住自己走神，会计学不难，分录是大头，选择题那种上课仔细听即可，该背背好看看ppt即可，最后4.5，虽然也不是特别满意吧
161009,2017,姚婕,2022-10-23 16:26:31,1,1,0,老师讲课很细致，娓娓道来，但是有时候还是容易犯困wwwwwwww
167947,2017,姚婕,2023-01-20 16:10:12,0,0,0,老师讲课很好，非常温柔，很清晰，超有气质而且给分超级好！！！
168006,2017,姚婕,2023-01-22 05:14:54,4,5,1,老师讲的很清晰，考试范围也不会超过上课讲的内容。虽然小测开卷，但是一定要提前准备，题量很大，很可能做不完（血的教训qaq
173076,2017,姚婕,2023-05-12 11:53:33,-8,2,10,口音略重
174707,2017,姚婕,2023-06-16 04:29:10,7,7,0,快乐不减值，幸运不折价！
175330,2017,姚婕,2023-06-24 02:24:08,3,3,0,求求老师捞捞呜呜呜呜呜呜呜呜呜呜呜呜呜呜呜呜
175530,2017,姚婕,2023-06-25 10:57:55,3,4,1,给分挺不错的，答疑很认真，没什么架子。但个人觉得讲课一般般。
177056,2017,姚婕,2023-07-01 10:18:31,4,5,1,如果单从功利的角度不建议选，中财相对其他两位老师差了两三档，其他老师一位无阶段测（平时≈满）一位有加分，（当然单从功利角度，其他优点可以参考其他评论）
177545,2017,姚婕,2023-07-03 15:53:24,3,3,0,同意楼下，平时分太伤了，姚女神手下留情啊啊啊啊😭
177709,2017,姚婕,2023-07-04 11:29:56,0,0,0,姚婕老师真的超温柔超好的！！！！！！！！！\n\n讲课很仔细 分析很到位 也很体谅学生\n\n虽然我绩点还没出但先给老师打10分了 真的值得10分
177785,2017,姚婕,2023-07-05 00:58:22,5,5,0,老师确实捞了我，不过这门课内容确实多而且难度大，非必修不要盲目选择
178249,2017,姚婕,2023-07-08 16:19:20,0,0,0,很好的老师，点赞
178253,2017,姚婕,2023-07-09 01:02:09,0,1,1,中财。姚老师PPT内容翔实，逻辑清晰。上课一定要认真听，课后要整理知识点，复习的时候看PPT就可以了
178267,2017,姚婕,2023-07-09 06:11:46,2,2,0,老师真的超级温柔超级负责，每次上课前老师都会提前到半小时，如果全程认真学习给分会很好的！真心觉得老师的课很完美！
178289,2017,姚婕,2023-07-09 14:53:01,0,0,0,yj老师我爱你！！！
178730,2017,姚婕,2023-07-20 13:41:13,4,4,0,讲得好，长得漂亮，ppt清楚
188999,2017,姚婕,2024-01-24 18:43:49,-33,2,35,傻逼一个，草你妈傻卵
189560,2017,姚婕,2024-01-25 12:33:46,8,8,0,出分真的太慢了，就差这一科打印成绩单，期间两次私戳也没反应，现在又要在学校多等一星期才有老师值班。十天时间每天改八个人都该出了吧。\n\n给分我也不知道捞没捞，我是重修重生者，意料之中的分。
196676,2017,姚婕,2024-07-04 17:28:49,6,6,0,一次纸质点名 上课会提问\n\n讲课讲的很清晰 这学期的小测改成学在浙大测试了\n\n给分比较求是
196678,2017,姚婕,2024-07-04 17:32:46,2,2,0,老师讲课超好，给分求是但认真学就是高分，可冲
196784,2017,姚婕,2024-07-05 06:20:10,4,4,0,会计学课老师讲课讲的很清晰，比书上的一大段文字要更易懂，只要好好听课(或者看书自学）分数一定不差，建议是前几节课要好好听，因为搭建的是会计学的整体框架（前面懂了后面内容自己看书其实也能好理解），期末分录题难度不是很大，选择题判断题主要概念要搞清楚(有些点老师上课也会反复强调滴）。总体来说会计学是门比较硬，听课可能会比较无聊，需要花时间消化的课，但素真的也收获满满！
197118,2017,姚婕,2024-07-08 02:02:13,-2,1,3,上课体验极好，知识点都在ppt上，给分也很好。
202668,2017,姚婕,2024-11-13 17:38:05,4,4,0,老师好像退休啦~
205358,2017,姚婕,2024-12-05 03:50:08,3,3,0,退休快乐，经院永远的气质女神！！！
11031,2072,王汝渠,2016-06-16 10:14:39,4,10,6,王老师讲课非常清楚，人也很亲切，同时还是加拿大皇后大学的教授。唯一就是上课全程英文，如果听力不好可能略吃力，不过基本没有口音。
25228,2072,王汝渠,2016-05-08 13:25:48,8,13,5,我觉得没口音啊听得很清楚，后半学期的宋华盛老师的口音才奇怪啦。。只不过上了中微以后产组新内容很少，考得也基本中微讲过。调理很清晰，上课拍照点名，反正我觉得挺有人格魅力的
34544,2072,王汝渠,2016-10-13 06:23:42,2,2,0,666
36701,2072,王汝渠,2016-11-15 12:15:18,11,12,1,老师巨可爱！巨有气质！人又亲切给分又好！超级赞！
38098,2072,王汝渠,2016-11-24 07:10:39,2,2,0,非常棒，每分钟都很赞
40928,2072,王汝渠,2017-01-19 23:09:40,5,6,1,超级棒！！！简直是我男神，太可爱了！！！
41390,2072,王汝渠,2017-01-11 08:06:24,3,4,1,上课会讲得很深但是条理清楚由浅入深，最后考试不会很难，人超好
42951,2072,王汝渠,2017-01-15 13:14:46,2,2,0,老师很厉害，最喜欢的老师没有之一哟，上课很容易集中注意力，深入浅出认真听不难
44405,2072,王汝渠,2017-01-17 22:23:09,2,2,0,Prof.Wang讲知识点很耐心，大家可以放心选产业组织理论作为个性学分。外语授课其实也还好，多听几节课，就知道有些常用的词代表什么了。
45494,2072,王汝渠,2017-01-19 15:32:54,1,2,1,男神男神男神！重要的事说三遍！
45543,2072,王汝渠,2017-01-19 17:29:02,2,2,0,男神！汝渠我男神！笑起来暖暖哒超可爱～上课思路清晰，会把难的东西也讲的很简单！
46540,2072,王汝渠,2017-01-22 02:15:25,2,2,0,简直男神啊，满满的师生情
71350,2072,王汝渠,2018-01-28 10:35:43,0,2,2,老师人好 有耐心 总之很好很好
77558,2072,王汝渠,2018-05-06 13:09:11,0,1,1,人超好！讲课超级棒！男神！！！
109464,2072,王汝渠,2019-06-15 09:41:07,16,17,1,挂名却不上课，不重视本科生教育
128049,2072,王汝渠,2020-12-04 11:19:11,0,1,1,讲得非常好，听了很多遍！
130366,2072,王汝渠,2021-01-21 11:44:46,1,2,1,王老师讲课非常好，非常认真！
151591,2072,王汝渠,2022-03-08 13:20:40,1,2,1,wilson 再传弟子\n\n上课直接在黑板上推模型，理论功底好扎实，真的佩服
5882,2078,邹小芃,2015-07-09 18:39:12,1,3,2,噢
6257,2078,邹小芃,2015-07-12 11:15:44,-2,1,3,不点名
6756,2078,邹小芃,2015-07-21 16:17:48,0,4,4,糟糕
8736,2078,邹小芃,2015-09-25 02:18:35,0,5,5,非常非常糟糕
17267,2078,邹小芃,2016-01-20 03:10:42,4,12,8,绩杀！
18930,2078,邹小芃,2016-01-22 23:26:33,2,5,3,给分坑爹
44675,2078,邹小芃,2017-01-18 06:02:47,0,0,0,给分坑爹
46175,2078,邹小芃,2017-01-21 00:53:04,-1,0,1,另一种风格，挺好。
142241,2078,邹小芃,2021-11-09 07:02:04,0,0,0,老师人还是不错的，比较注重口头表达，如果你ppt讲得好会给高分的，我是给了90吧，也不低了
172961,2078,邹小芃,2023-05-10 11:31:25,0,0,0,邹老师给分是不高。写了很多相关的经济内容，也没有加点分。他说是要收集意见，给了意见，也没有回复。但老师讲起现实中的金融，确实很精彩，并把三国给融入了金融理念里。结合他的股票投资，讲得很有意思。
180482,2078,邹小芃,2023-09-22 02:34:48,7,10,3,经典言论：“女生读书是为了二次投胎嫁人”“男生压力比女性大，因为女的能二次投胎”“房价高是丈母娘推高的，买房对男的不利，丈母娘让买房是为了拴住男的，结婚没爱情，男人是房子拴住的，女的拜金”。还物化女性，大肆谈论女性外表。
5154,2108,潘士远,2015-07-05 09:33:52,58,76,18,老师人不错，但是上课的内容完全按照课本来，ppt也是课本的摘抄，没什么启发，而且，课很难，看下平均绩点就知道了
8907,2108,潘士远,2015-09-30 07:11:57,52,58,6,老师能不能考虑一下出国党的感受...以前是不喜欢正态，现在是跪求正态....难的不想说话.
56203,2108,潘士远,2017-07-03 08:48:37,-19,9,28,超级可爱的老师，人很好……但是课程难，不过努力学还是可以不挂的……
56978,2108,潘士远,2017-07-05 05:32:29,41,44,3,虽然听起来不太客观，但我还是给客观评价:感觉不是很好。上课出现错误（小的笔误之类）很少承认，总是说自己还没写完。作业经常忘记带来，我有急事正常请假一次，作业本就丢了（这个或许不全怪老师，但是总是心里不舒服）。特别喜欢点名，这当然没错，但是有同学连续两次迟到一分钟就算旷课了。。。严格似乎没错，但感觉不近人情。至于给分…实在是低，应该属于错一点就扣光的那种吧。
76636,2108,潘士远,2018-04-17 03:02:41,37,40,3,笔误多\n\n板书乱\n\n差学生感觉很难
87199,2108,潘士远,2019-03-01 10:36:59,30,42,12,垃圾。那么喜欢数学炫技。。。。。。。一点不重视经济学的人文性和历史性，整天用花哨的数学模型证明来得出显而易见的结论，和林毅夫的境界相差太远了！
100203,2108,潘士远,2019-01-25 23:09:59,36,42,6,就是他让整个经院学微积分甲，还增加了随机过程，动态最优化等硕博课程。他本人数学系出身，但在教学方面确实没什么建树。
103610,2108,潘士远,2019-03-28 02:04:42,35,38,3,很糟糕
105900,2108,潘士远,2019-04-23 02:09:07,37,39,2,真的非常差，讲数学倒是投入，但是背后的经济含义讲不清楚，很多讲师在这点都比他强
106079,2108,潘士远,2019-04-25 01:59:55,36,38,2,太不近人情，数理经济学是硕博课程，本科生学起来太累了
106169,2108,潘士远,2019-04-25 12:01:05,32,33,1,把经济学弄成这样也是醉了
106305,2108,潘士远,2019-04-26 09:46:54,30,33,3,特别喜欢点名，对文科生极不友好
107614,2108,潘士远,2019-05-07 22:59:30,28,31,3,真的难以忍受，题那么难故意刁难学生
107761,2108,潘士远,2019-05-09 10:55:24,30,32,2,听不懂啊听不懂。。。。。对得起他2.7的评分
107791,2108,潘士远,2019-05-10 01:26:17,22,25,3,数理经济学，呵呵哒
107842,2108,潘士远,2019-05-10 11:07:27,26,28,2,不尊重学生，没情感
107871,2108,潘士远,2019-05-11 00:15:13,25,28,3,这老师也能得奖？
107883,2108,潘士远,2019-05-11 00:25:23,31,36,5,经院教学水平最差的老师之一
107925,2108,潘士远,2019-05-12 01:51:59,24,27,3,经常讲错不承认。。。。。
107942,2108,潘士远,2019-05-12 03:31:46,23,26,3,大三还要被这么拉低绩点。。。。。怎么出国啊
107949,2108,潘士远,2019-05-12 09:54:57,19,21,2,1分预定
107969,2108,潘士远,2019-05-12 14:14:19,23,25,2,老师是心态不平衡故意为难学生吗？课那么难！
107996,2108,潘士远,2019-05-12 23:54:46,12,15,3,给分极差
108017,2108,潘士远,2019-05-13 03:57:41,13,16,3,超级无敌差
108048,2108,潘士远,2019-05-14 02:17:24,16,19,3,差到爆
108119,2108,潘士远,2019-05-15 08:32:19,13,18,5,只会科研不会教学
108141,2108,潘士远,2019-05-15 14:15:29,18,20,2,课程很难，讲得又非常混乱，如果不是对自己有有充分信心，非常不建议选
108217,2108,潘士远,2019-05-16 16:05:14,12,17,5,为什么没有0分？
108228,2108,潘士远,2019-05-17 01:39:14,15,18,3,1分，不能再多了
108889,2108,潘士远,2019-06-03 16:26:02,-8,6,14,潘老师的考试是难，但是上课推导很清楚，评价“讲不清楚”并不客观，不如记下来多练几遍！
108905,2108,潘士远,2019-06-04 03:53:48,14,30,16,评分绝对偏低了，评论区有点节奏。\n\n主要问题还是这门课本来就很难，需要数学基础，数学基础不够好就课下多用功。数学基础既不太好又不愿意课下自己花时间，对于这么一门课肯定是苟不过去。\n\n数理经济学提供了一种挺系统的思考和解决一大类宏经和微经路径规划问题的方法，于我个人这也是第一次接触变分和泛函，我觉得蛮有收获的\n\n潘老师讲得挺清楚的，也没必要抓着老师上课的小错误不放。现在老师也开始更多解释经济学含义了，这些含义书上也有，自己看书也行。\n\n想选课的话还是想清楚吧，课很难，但如果愿意认真学一定有所收获。\n\n毕竟经济学专业，也不能指望所有专业课都是政经微经那样程度的数学啊（笑）
109251,2108,潘士远,2019-06-12 10:06:23,0,21,21,评论区迷之带节奏，课程难就课下多花点时间就好了。水课说讲的水，遇到硬核课就反过来怪老师了?
109874,2108,潘士远,2019-06-20 03:01:35,-10,8,18,潘老师是经院水平最高的老师之一，能跟上他的节奏是挺难的一件事情。\n\n至于课程难度太大，选修课要么你别选，必修课要么你别选经济学这个专业。\n\n潘老师的课可能只适合智商和努力程度都达标的人。
110125,2108,潘士远,2019-06-23 10:06:50,-7,6,13,哈哈哈哈 老师很可爱 但是讲课很认真
110126,2108,潘士远,2019-06-23 10:10:34,-8,5,13,老师很可爱，人很好，上课也很认真，就是课程难度比较大
110127,2108,潘士远,2019-06-23 10:23:16,-6,6,12,很硬核，很清楚
111583,2108,潘士远,2019-07-02 04:56:19,11,12,1,别选 千万别选
114288,2108,潘士远,2019-07-09 17:21:49,9,10,1,都是这门课的错，真的太难了…老师人还是挺好，但奈何我学不会呢…
114379,2108,潘士远,2019-07-10 00:23:12,22,26,4,我毕业不了了，我已经拿到了offer，我想死。
115426,2108,潘士远,2019-07-23 05:38:55,-4,17,21,看完评论知道浙大经院的数学水平是有多么薄弱。数学水平对经院的同来说真的很重要很重要啊。
122542,2108,潘士远,2020-03-03 12:24:59,-17,3,20,老师人很好，只要智商和勤奋皆备还是可以高绩点的
122543,2108,潘士远,2020-03-03 12:28:09,-13,3,16,超好的老师
122635,2108,潘士远,2020-03-09 12:50:27,12,12,0,是真的差劲
123077,2108,潘士远,2020-05-08 15:48:10,-1,3,4,老师人不错，但讲课真一言难尽
123373,2108,潘士远,2020-06-07 14:28:28,7,9,2,体验不好，不太注重本质的东西
124926,2108,潘士远,2020-07-21 03:26:29,12,12,0,给分真的好低。。。。。数理经济学收获大学以来最低绩点
125028,2108,潘士远,2020-08-15 16:42:00,3,4,1,课难哭了，，，，，
126211,2108,潘士远,2020-09-19 16:10:19,7,8,1,动态最优化好难。。。。
128416,2108,潘士远,2020-12-22 15:01:50,-2,10,12,学院真的要反思一下，这次教育部人文社科奖，学院只拿了两项，不仅和兄弟院校（如复旦）差距甚远，在校内整个人文社科学院里也拖了后腿。这几年总是把国际排名越刷越高，为什么在国内的主流经济问题上却越来越边缘化了？？！
138422,2108,潘士远,2021-07-09 05:45:41,0,5,5,老师人很好，课确实难，不过今年期末考试比较简单，为了提高通过率老师也是很努力了
140499,2108,潘士远,2021-09-15 04:45:56,0,3,3,这学期有所改进，很努力了
141032,2108,潘士远,2021-09-22 04:57:52,-1,4,5,老师这学期改了很多了，考试也不难
141077,2108,潘士远,2021-09-23 02:25:52,-2,6,8,打个10分，老师不至于这么低。
141137,2108,潘士远,2021-09-24 08:35:27,-5,4,9,其实老师水平很高，课比较难罢了
141362,2108,潘士远,2021-10-01 03:10:37,-1,7,8,没有之前说的那么差啊
143988,2108,潘士远,2021-12-15 08:32:37,0,6,6,老师这两年在经济研究和国际期刊发文挺多的，人无完人，只不过课比较难
151119,2108,潘士远,2022-02-23 07:38:53,16,19,3,数理经济学和博弈论是经济学系必修课里面挂科率最高的两门课，平均挂10%-20%\n\n博弈论挂科率高是因为题太多而且老师要求过于严苛，甚至有时是非常形式主义的严苛\n\n数理经济学挂科率高是因为这课实在是太难了，这本科必修课的难度吊打研究生的三中专业课，潘老师一节课也基本上只能勉强讲两三个知识点，而且有的时候没讲清楚就过去了，可能是潘老师高估了听课同学（尤其是我）的水平\n\n更令人窒息的是这两门课分别都只有一个老师教，大家逃不了
154284,2108,潘士远,2022-05-28 14:13:08,9,11,2,学阀一个
154387,2108,潘士远,2022-05-31 12:06:50,-7,3,10,宏观经济学基础知识讲解非常细致且推导条理清晰，老师笑眯眯的上课感受很好，讲课很有活力也不拖沓，非常喜欢潘老师。
155461,2108,潘士远,2022-06-13 06:00:37,-4,2,6,老师讲课很清晰！人也很好，很好沟通，性格随和！
156890,2108,潘士远,2022-06-21 09:38:37,-1,5,6,老师改进很多了，考试不算难
157164,2108,潘士远,2022-06-22 06:21:30,-12,3,15,潘老师我永远的神。老师人很好，讲的很细致，不过课程确实有些难度，需要自己花功夫多学习。最后结果能对得起自己！！！！
157175,2108,潘士远,2022-06-22 07:15:00,5,6,1,宏经考试难度不大，所以最后给分还好\n\n但是助教改平时比较大的作业，给分就没有老师说的那么好\n\n以及课上得一般？虽然说书编得不好，但还是照着书上的标题和内容讲，基本念书\n\n课比较让人失望吧
160510,2108,潘士远,2022-09-25 07:01:25,-4,10,14,数理经济学99分，谢谢老师
168420,2108,潘士远,2023-02-16 01:18:50,0,5,5,潘老师上课很认真，也很负责。
176968,2108,潘士远,2023-07-01 02:15:14,6,8,2,给分特别烂 经尖的同学真的很可怜 对 我说的就是我自己
177011,2108,潘士远,2023-07-01 04:58:11,3,3,0,潘老师讲课很亲切，回答问题很耐心，是我太菜了😭
177232,2108,潘士远,2023-07-02 10:50:20,0,4,4,就数理经济学来说本来就是经院的硬核课程，而且只有潘老师一个人上，课确实难，成绩整体偏低也正常啊，我觉得不至于怪老师。而且老师自己上课也说大家有不懂的问题随时可以去找他，态度还挺好啊。个人觉得评分不至于这么低吧～
177800,2108,潘士远,2023-07-05 02:20:18,0,1,1,数理经济学出分了，感觉跟卷面蛮一致的（低情商：给分很求是），这门课比潘老师上的宏经逻辑清晰很多，纯数学课，后期节奏偏快。难度的话在经院的课里算是比较难的了，对于数理基础不好的同学可能是灾难，对数理基础不错的同学自己看书也能看明白，讲课和给分只能说是中规中矩。
177808,2108,潘士远,2023-07-05 02:32:56,-2,2,4,老师人其实挺好的，数理经济学上课讲的也很仔细，很难的部分也能讲的比较清楚，不至于这么低分，主要是课程本身太难了
193809,2108,潘士远,2024-06-19 10:04:17,-3,5,8,给潘sir打10分，潘sir讲的很细致很耐心，偶尔还会蹦出俩段子(≧▽≦)
194845,2108,潘士远,2024-06-25 17:05:36,0,3,3,这学期宏经甲好像捞了，没卡绩
194846,2108,潘士远,2024-06-25 17:06:40,9,10,1,这学期宏经甲好像没捞，卡绩了
194852,2108,潘士远,2024-06-25 17:14:29,6,7,1,1.上课照着课本念，遇到讲不清楚的地方就会拼命问你“知不知道啊，是不是这样啊，既然大家都知道那我就不讲了吼”，本来宏经教材就编得一塌糊涂psy讲得也是一塌糊涂（别看他一本正经地在讲）\n\n2.改卷绩杀，快逃！感觉期末考很简单最后比估分差了十几分
194870,2108,潘士远,2024-06-25 18:51:46,2,4,2,潘sir挺好的，不理解为什么会有那么多差评
194882,2108,潘士远,2024-06-25 23:45:20,2,3,1,虽然马工程是坨大的，但潘老师是真的很好
195608,2108,潘士远,2024-06-29 04:00:25,1,5,4,这学期给分好起来了。老师本身知识比较渊博，上课也会补充很多知识，语速较快。想要学好这门课需要课前预习一下
195756,2108,潘士远,2024-06-30 01:44:15,-8,6,14,数理，老师讲的挺好的，书也不错。考前把书全书cover了一遍，给分真的奢侈，给我震惊了，专业课从没这么高过
195791,2108,潘士远,2024-06-30 03:08:15,6,7,1,上课抄书还能抄错，遇到点问题就是“你们回去自己看一下吼~”
195900,2108,潘士远,2024-06-30 15:12:16,-4,3,7,数理经济学讲得算是比宏经好吧\n\n虽然都是念书，但数理经济学讲得还是让人听着挺顺的，推导什么的讲得非常细，虽然例题讲很快。（但有的地方会写错）\n\n今年可能是怕捞不动大家吧，卷子出得相对往年简单得多。也就复习了一天多
196559,2108,潘士远,2024-07-04 05:30:04,-14,7,21,给潘sir打8分，1分扣在完全按照书本讲课，1分扣在上课有时详略不得当，一些较难的知识点需要学生课后自学。其它方面我觉得没什么可扣分的，老师人真的很不错，课后会耐心解答问题，课上虽然时有小错误但会在同学指出后第一时间改正。考试不刁难，很多原题，甚至计算题数字都是凑好的，很好算（即使这样老师也同意我们带计算器），最后一题比较有难度但你尽力推导应该会给很多分的。最后成绩问题，我的观点一向是捞是情分，不捞是本分，只要客观给分就尽到责任了，潘sir应该是属于不会盯着成绩一个一个捞过来的（我怀疑他可能不知道绩点按成绩段给分），要是卡绩了大概率是总评分就是这样，老师没捞而已。（我也卡绩了，卡在94，说实话比卡在88心痛多了）
197697,2108,潘士远,2024-07-31 14:26:28,0,1,1,评论两极分化正常，这课在大三下，对数学也有一定要求，成绩本身也是极度两极分化的
198345,2108,潘士远,2024-09-07 13:29:37,2,3,1,坐标宏观经济学。老师上课比较贴近教材，上课速度较快，并且会插入一点段子和一些科研体验。尽管讲课中有一些笔误和口误，但是整体的上课体验还是比较流畅。我认为老师值得一个10分。
201193,2108,潘士远,2024-10-30 02:44:54,6,6,0,数理经济学是博士课程，不应该出现在本科培养方案，早点改成选修
206579,2108,潘士远,2024-12-16 07:21:48,3,3,0,给个好评吧，2023级开始数理经济学改成选修了，2024级开始作为个性课程了，这个课在全球范围内都是博士课程，不应该在本科开，学弟学妹们不用受罪了
210344,2108,潘士远,2025-01-09 03:18:03,4,6,2,2024年第九届教育部人文社科最高成果奖，浙大经院7项成果获奖，比复旦大学的6项还多，也远超上海交大、南京大学和中科大这些华东五校成员。客观地说这几年浙大经院的科研进步是飞速的，只不过金融业就业很糟糕大家有怨气
219903,2108,潘士远,2025-06-10 15:37:14,0,0,0,绩杀。。
221127,2108,潘士远,2025-06-21 11:04:15,2,2,0,宏观经济学给分巨差
221377,2108,潘士远,2025-06-23 06:36:25,3,3,0,宏经给分差爆了啊
221397,2108,潘士远,2025-06-23 08:04:39,2,2,0,感谢不挂之恩
221414,2108,潘士远,2025-06-23 09:51:00,1,1,0,潘老师人还是很好的，改卷子改的会求是一些期末占比还很高，不过这课以后就改成选修了很不错
221431,2108,潘士远,2025-06-23 11:16:34,6,6,0,我给老师10分。査老师系统好，因为它真实；査老师系统不好，因为它有时失真。\n\n潘老师给分比较求是，很多同学都这样认为，我也这样认为。但是从我个人的角度来看，罪魁祸首也许是课程。宏观经济学、数理经济学……也许宏经你可以选别的老师；或许和数理经济学一样，同班同学都上这一门课，保证了相对的“公平”……无论何种，最终归结起来都是课程本身、选课过程产生的问题，核心是“课”，而不是“人”。\n\n这就是失真。抛去“课”的因素，老师对课程的态度、对学生的态度，我相信，但凡你上课用心听，课后用心问，也许你会发现一个耐心细致、不厌其烦、爱生如子的潘老师。也许你会发现一个值得10分的潘老师。
221433,2108,潘士远,2025-06-23 11:41:08,1,1,0,😡😡
221534,2108,潘士远,2025-06-24 09:33:56,1,1,0,给老师6分，因为现在评分5.77，觉得老师人是很好的所以促进老师分数变高。但是教学水平确实一言难尽，给分更是。。。。。还有这学期宏经的论文，两篇全部布置在夏学期后半期，当然可能是因为春学期大部分都是老师有事让蔡爹代课的所以老师自己的作业夏学期才布置，但反正，，，写死了。。。。。噢而且因为两门老师授课，和蔡爹形成直接对比，潘sir真的。。。。。。
222073,2108,潘士远,2025-06-29 12:02:18,0,0,0,老师人挺好，但宏经给分一言难尽
3575,2126,赵伟,2015-06-17 01:39:34,39,40,1,上课很无聊，课后作业多到爆\n\n
3651,2126,赵伟,2015-06-17 02:02:18,49,49,0,上课无聊，作业多到哭
4050,2126,赵伟,2015-06-17 15:27:54,32,32,0,作业多到爆爆爆
4669,2126,赵伟,2016-12-21 04:59:00,-28,7,35,平时作业很多，不过给分不错
6020,2126,赵伟,2015-07-10 08:57:23,24,28,4,作业超多\n\n
6478,2126,赵伟,2015-07-14 08:28:48,23,23,0,按书本上课，作业灰常多多多
22824,2126,赵伟,2016-03-13 04:30:28,16,17,1,呵呵呵
22891,2126,赵伟,2017-01-15 15:20:21,45,45,0,老师作业布置超多，上课超级无聊，助教建了群但是从来不回答问题，就是来混的
23007,2126,赵伟,2018-06-08 02:21:32,38,38,0,作业多到没有周末，不光是量多，还不好下手。不知道老师是怎么想的。
23610,2126,赵伟,2016-04-09 07:15:11,16,16,0,为什么会有这么多作业的
23649,2126,赵伟,2016-04-11 14:49:21,16,16,0,麻烦事多，上课无聊
23813,2126,赵伟,2016-07-04 03:19:01,18,20,2,宁愿大三修 学弟学妹们千万别选他的国贸课
23933,2126,赵伟,2016-04-21 15:00:18,26,27,1,能在考试周前布置一堆作业然后把ddl定在考试周第一天，简直完全不为学生考虑。
23949,2126,赵伟,2016-07-04 03:08:07,32,33,1,妈蛋平时随口就是一个要展示的作业，然后布置完了自己都忘了，一学期十次大作业，最后卷子出错不说，给分还坑得一逼?建议宁愿耽搁一学期也不要选
24108,2126,赵伟,2016-04-27 09:04:40,24,25,1,作业真的太多了，每周都有，还找不到资料…考试周也布置，还说反正不是我考。这样真的好吗，关键上课内容也就和书上一样
25318,2126,赵伟,2016-07-04 03:19:07,30,31,1,不是慎选 是千万别选 送命课
25735,2126,赵伟,2016-07-06 03:07:48,28,30,2,从照本宣科的课，嫌弃不提又无法回答的提问，对国人的鄙夷对学生的嘲讽，讲解模型和概念屡屡含混出错，不是因为期末谜一样的绩点而是师品大失所望，倚老卖老者专业和道德素养都有待提升。
25871,2126,赵伟,2016-06-13 03:14:47,85,100,15,“你们中国学生都是辣鸡 你们中国人都是垃圾”\n\n“你们不会提问题啊 三流大学的学生不会提问题”\n\n“作业 案例分析 自己去找数据做”\n\n“你们都二年级了这都不会吗”\n\n“考试前怎么就不能展示了 平时不好好学 现在复习”\n\n自己感受
25901,2126,赵伟,2016-06-14 01:08:55,14,14,0,坑坑坑
25908,2126,赵伟,2016-06-14 07:29:17,23,23,0,这是一门你需要赌上人格的课
25931,2126,赵伟,2016-07-04 06:31:49,39,40,1,对，你讲课可以出错连模型都搞不清楚，我们有一点不符合要求就是垃圾；你可以随时在考试周第一天甩ddl，我们的其他考试就无所谓，“反正不是我考”；你可以随手布置十个大作业，你也可以随时忘了你布置了什么，我们找瞎了也弄不完那堆数据。我们也只值二点几，我谢谢你了
26529,2126,赵伟,2016-06-20 02:16:12,21,21,0,老师巨坑，上课无聊，经常嘲讽中国学生，作业多到哭，而且没意义...如果只有他可以选，宁愿下个学期再修！
27105,2126,赵伟,2016-06-23 02:36:24,33,33,0,神经病
31469,2126,赵伟,2017-01-12 17:04:50,19,19,0,看到这么多同学这样评价你我就放心了，垃圾，我都过了一学期还没缓过来，日狗吧
31476,2126,赵伟,2016-07-04 03:10:33,16,16,0,垃圾老师，毁我青春，拉我绩点，千万别选
31481,2126,赵伟,2016-07-04 03:13:29,22,22,0,呵呵呵，感觉这学期自己77在班里已经算高了
31484,2126,赵伟,2016-07-05 08:22:27,29,29,0,每日一刷赵辣鸡：我看诸君皆垃圾，却不知道诸君看你亦如是。
31487,2126,赵伟,2016-07-04 03:22:17,14,14,0,为什么没有0分这个选项。平时作业多到爆，但老师从来不会跟我们说该怎么做，用什么数据反映什么情况，只会叫我们一味地做做做，最多的时候一节课可是可以布置三个大作业的呢（保持微笑脸）。说我们是垃圾不会问问题，可是问了老师又从来不回答，请问有意思吗？连书上模型都讲不清楚的老师，算我倒霉。
31488,2126,赵伟,2016-07-04 03:22:51,20,22,2,毫不夸张的说 这是我来浙大以后上过最烂的课的老师 老师最会的是冷嘲热讽 上课也讲不清楚东西  每礼拜都有作业 而且是让你花一天都不一定做的好的 期末给分真是呵呵 班里2.+一大片  上4是做梦 学弟学妹们甚选  如果一个学期只有这个老师开课 那退了也没事 大三再上 学长学姐只能帮你们这么多了
31494,2126,赵伟,2016-07-05 07:29:02,6,11,5,评论那个没有满的死一个户口本不过分吧
31500,2126,赵伟,2016-07-04 03:46:30,7,8,1,坑！拉绩点
31583,2126,赵伟,2016-07-04 07:15:52,7,7,0,。。。呵呵
31660,2126,赵伟,2016-07-04 11:07:32,7,7,0,不要选！
31661,2126,赵伟,2016-07-04 11:12:42,20,20,0,不是贵专业的学生因此不知道贵课的细节。这学期听室友抱怨过好多次这厮，心想哪个专业没有奇葩老师。但是听说这厮有“三流学校”“你国人”这种言论的时候，我真的不能忍住不喷他。对学生的不尊重，对整个浙大的否定，已经不能只用奇葩来定义。居然还说什么留学生更好你这家伙膝盖跪的到底是有多烂了。夫子所谓循循然善诱人，这起码是教学最基本该有的原则。欲收获桃李，用柴刀劈砍它喊着“你怎么还不开花结果”，早晚一天你是要饿死在枝干下。希望浙大能早点把这类假园丁赶出去。
31724,2126,赵伟,2016-07-04 15:32:39,8,8,0,我是来提醒后人不要选的
32167,2126,赵伟,2016-07-06 00:25:50,8,8,0,辣鸡；
32495,2126,赵伟,2016-07-07 06:28:55,6,6,0,拉绩点
32602,2126,赵伟,2016-07-08 04:08:33,11,12,1,上面的评论看看就知道了。就是这样，上课差，给分差，人品差。
39608,2126,赵伟,2016-12-26 04:01:58,2,2,0,呵呵呵
42530,2126,赵伟,2017-01-14 11:28:54,12,13,1,上赵伟老学究的课是来浙大最大的遗憾。能变成这样一位人品教品都很堪忧的伪学者，着实很让人好奇他经历了怎样的过去
45545,2126,赵伟,2017-01-19 17:37:32,6,6,0,我是来刷低评分的
51087,2126,赵伟,2017-05-16 12:12:58,2,2,0,无聊 整天布置作业也不会说明
51200,2126,赵伟,2017-05-24 03:39:42,11,11,0,老师以为这门课以外我们没有别的课...作业太多了\n\n让我们准备讨论课然后不来上课..........\n\n别人千万不要上他的课!!!!!!!!!!!!
51541,2126,赵伟,2017-06-07 03:53:34,7,7,0,垃圾老师 浪费时间
52137,2126,赵伟,2017-06-15 05:10:00,8,8,0,不太好
52540,2126,赵伟,2017-06-21 03:06:46,7,7,0,我不知道 老师除了讽刺还会什么?
52832,2126,赵伟,2017-06-23 06:08:22,5,6,1,真是 不能忍受。。基本每节课都有作业，做作业了也没啥反馈。。我真是醉了 ppt都是书上的内容，。。。
57084,2126,赵伟,2017-07-05 13:11:56,3,5,2,估计是评分太低了 班上的都是留学生 中国学生不超过10个 在万般无奈之下选了这个老师的课 万万没想到居然能上4！估计是留学生成绩太差了 考试是真简单 看了一遍PPT去考的 完美！总体而言 作业太多 但我比较水 基本没花什么时间 给分不错
63618,2126,赵伟,2017-12-10 01:23:10,0,0,0,。。。
64978,2126,赵伟,2017-12-28 06:03:18,0,0,0,。。。。。。。。
72224,2126,赵伟,2018-01-29 14:51:47,5,5,0,果断一分
107897,2126,赵伟,2019-05-11 00:35:55,0,0,0,真心差
107939,2126,赵伟,2019-05-12 02:10:29,2,2,0,怎么会有这样的老师？？？心理扭曲吗？！
107967,2126,赵伟,2019-05-12 13:47:41,0,0,0,这也叫老师？？？！
107971,2126,赵伟,2019-05-12 14:15:56,0,0,0,太奇葩了！
108008,2126,赵伟,2019-05-13 00:01:04,2,2,0,心理扭曲
108065,2126,赵伟,2019-05-14 03:16:26,2,2,0,这人还是别祸害了吧
108120,2126,赵伟,2019-05-15 08:32:46,2,2,0,心理变态
108149,2126,赵伟,2019-05-15 16:28:58,2,2,0,为什么没有0分
108191,2126,赵伟,2019-05-16 06:16:28,2,2,0,太垃圾了
108274,2126,赵伟,2019-05-19 06:47:27,2,2,0,太差了！！！！！！
120316,2126,赵伟,2019-11-28 08:03:47,2,2,0,垃圾的一逼
120318,2126,赵伟,2019-11-28 08:07:55,6,6,0,建议老师先自学一下师德师风以及如何给予学生适当的体谅吧，大清早就亡了
122118,2126,赵伟,2020-02-14 09:45:42,0,2,2,赵老师其实给分不错的，适应了之后觉得人也还可以的
123078,2126,赵伟,2020-05-08 16:16:07,1,2,1,没什么体验
123375,2126,赵伟,2020-06-07 14:31:52,4,4,0,上课很烂，给分一般
140250,2126,赵伟,2021-09-07 01:27:32,1,1,0,讲座还行
140461,2126,赵伟,2021-09-13 05:30:41,2,2,0,人还不错，课不怎么样
140644,2126,赵伟,2021-09-14 15:04:12,8,8,0,跟锤子王东比起来，算不错了
141033,2126,赵伟,2021-09-22 05:03:21,4,4,0,上课确实不好
141147,2126,赵伟,2021-09-24 15:42:08,4,4,0,不带课了
142993,2126,赵伟,2021-11-18 04:31:13,4,4,0,滚出浙大
143728,2126,赵伟,2021-12-03 02:19:03,4,4,0,垃圾老师滚出浙大
150384,2126,赵伟,2022-01-24 01:31:27,4,4,0,终于滚了
150552,2126,赵伟,2022-01-30 06:42:23,4,4,0,辣鸡！！！
178875,2126,赵伟,2023-07-27 02:18:00,1,1,0,学术能力差，不负责任。
199717,2126,赵伟,2024-09-28 06:08:01,0,0,0,退休了
4995,2132,宋华盛,2015-07-02 02:36:51,29,37,8,上课不知道他在扯些什么。一个学期下来什么都没学到。也许是我自己的问题。哎，想想就哀伤
49274,2132,宋华盛,2017-04-01 04:08:03,18,21,3,选导师的时候，千万不选他，根本不管事而且不回邮件
58218,2132,宋华盛,2017-08-25 02:49:43,-13,9,22,年轻、幽默，明白自己在教学中应该扮演的角色，不会太多的干涉。很好的导师。
60300,2132,宋华盛,2017-10-17 02:28:42,28,28,0,听了浙大老师那么多方言，最后倒在了这里巴拉巴拉的
69129,2132,宋华盛,2018-01-24 08:48:18,25,26,1,非常喜欢点名 非常刻薄 给分极差 慎选
72518,2132,宋华盛,2018-01-30 09:24:31,2,6,4,给分真心不好，也许是我自己的问题。。。
75703,2132,宋华盛,2018-03-15 08:20:26,17,19,2,谢谢老师，直接把我从一奖变成了二奖
76425,2132,宋华盛,2018-04-09 02:32:32,16,16,0,后排完全听不到，上课体验极差\n\n
76711,2132,宋华盛,2018-04-19 02:31:54,0,7,7,讲的不错，会拓展很多，挺有意思的
77140,2132,宋华盛,2018-05-03 01:44:40,14,15,1,别选他的产组
78107,2132,宋华盛,2018-05-09 10:34:27,-10,5,15,年轻有活力
81369,2132,宋华盛,2018-07-05 02:25:48,14,15,1,真心没收获 脾气也不是很好 考前大家在群组要个ppt当没看见 哎
112394,2132,宋华盛,2019-07-04 03:58:46,22,23,1,选他的课简直是灾难，上高微课，举一些男权主义、性别歧视的例子，板书乱七八糟，课件的顺序也很混乱！复习的时候完全对应不上课本！我只能呵呵呵呵了！
116615,2132,宋华盛,2019-09-12 04:33:37,9,12,3,这个老师上课都不知道在扯些什么，而且脑回路有问题。
118768,2132,宋华盛,2019-10-31 15:50:36,24,25,1,产组给分真差，讲得真差！而且充满傲慢与偏见
121910,2132,宋华盛,2020-01-23 17:12:26,15,15,0,给分真的狠，不是专业课甚选
126956,2132,宋华盛,2020-10-30 01:56:10,-7,5,12,老师博闻多识 能联系生活实际解释经济学 比较有趣 上课逻辑性再强点就好了
129034,2132,宋华盛,2020-12-29 03:43:08,22,22,0,真差劲，讲课混乱，特别喜欢点名
136983,2132,宋华盛,2021-06-29 05:58:22,18,18,0,要是能打-1000分就好了。。。
137077,2132,宋华盛,2021-06-30 12:57:24,11,11,0,是我菜吧，是我跟不上吧，是我抓不到重点吧，是我在一个没有重点的期末狗到疯癫吧
138951,2132,宋华盛,2021-07-12 03:00:41,14,14,0,笑死，好抠门
140710,2132,宋华盛,2021-09-15 08:12:38,15,15,0,产组给分奇差无比
141076,2132,宋华盛,2021-09-23 02:23:30,21,21,0,讲课真差！！！
143234,2132,宋华盛,2021-12-06 02:55:47,25,25,0,上课不允许学生看1秒钟手机，自己上网课的时候看手机看的不停。不管逃课的，只会严管来听课的，要点脸吗？
143579,2132,宋华盛,2021-11-27 14:30:25,21,22,1,刷新我对浙大老师教学水平底线的认知
143989,2132,宋华盛,2021-12-15 08:33:50,36,37,1,没事别选他的产组和王东的电子商务，选别的老师吧
149077,2132,宋华盛,2022-01-14 10:12:42,19,20,1,讲课烂\n\n事情多\n\n给分差\n\n脾气怪
151216,2132,宋华盛,2022-02-25 01:15:09,9,10,1,双标，无底线
151217,2132,宋华盛,2022-02-25 01:15:09,10,10,0,双标，无底线
153015,2132,宋华盛,2022-04-23 14:23:29,8,9,1,太垃圾了
153189,2132,宋华盛,2022-04-26 12:58:34,-11,0,11,改革开放史的老师，讲的很不错，备课很用心
154920,2132,宋华盛,2022-06-07 02:01:06,7,7,0,根本不备课，读PPT混时间
159216,2132,宋华盛,2022-07-08 07:06:10,12,12,0,浙大之耻
176046,2132,宋华盛,2023-06-27 13:27:41,2,2,0,一时间不知道和王东相比，更恨那个。。。
176805,2132,宋华盛,2023-07-02 11:26:32,6,6,0,楼下的我觉得wd很好啊，在浙大不上wd的国际电子商务，就像四大名著不看红楼梦，说明这个人文学造诣和自我修养不足，他理解不了这种内在的阳春白雪的高雅艺术，他只能看到外表的辞藻堆砌，参不透其中深奥的精神内核，他整个人的层次就卡在这里了，只能度过一个相对失败的人生。
177091,2132,宋华盛,2023-07-01 15:24:13,5,5,0,楼下的，我觉得nhx和shs罪不至此\n\nwd是故意恶心学生
177732,2132,宋华盛,2023-07-04 13:55:56,0,3,3,to be honest今年产组给分挺好的，但主要是因为试卷简单。学弟学妹们加油吧，来年运气不一定这么好。
177780,2132,宋华盛,2023-07-04 23:41:10,4,4,0,课程体验好差，给分好烂
177786,2132,宋华盛,2023-07-05 01:14:49,1,5,4,认真学就能拿个好分数
177848,2132,宋华盛,2023-07-05 04:21:35,-1,3,4,上课确实不行\n\n且小组至少10页的论文略有点搞\n\n但是今年给分挺好的
177981,2132,宋华盛,2023-07-06 02:54:15,2,2,0,不行，别选他的课
187173,2132,宋华盛,2024-01-15 02:43:07,2,2,0,我觉得老师有时候讲话还是有点mean了。。。
188484,2132,宋华盛,2024-01-19 05:29:31,0,0,0,产组\n\n老师上课确实基本上就是读ppt ppt和教材也没什么区别 建议直接看中文版教材学 给分感觉还行吧 就是期末大论文太难了太卷了 考试倒是不算难 跟历年卷基本重合
188601,2132,宋华盛,2024-01-19 10:54:27,-2,1,3,我觉得老师人挺好的~
189758,2132,宋华盛,2024-01-28 12:04:03,-1,0,1,产组，老师线下的时候问问题挺和蔼的，考试建议过一遍书和ppt，因为书是中文的，ppt是英文的，ppt对书的内容和顺序有所整合
189844,2132,宋华盛,2024-01-31 01:01:23,8,9,1,这老师真的跟屎差不多，给分烂的一批，平时分加分胡乱加分，没发言没问问题他点名的时候看眼缘给你加分，上课也是极其之烂，讲话悉悉索索声音很轻语速极快，建议回炉重造
190992,2132,宋华盛,2024-03-27 15:15:42,-1,1,2,给分还不错，平时没作业
191799,2132,宋华盛,2024-04-30 09:03:05,9,9,0,微信永远永远不会回你，朋友圈咔咔发，但是就是不会回你消息，很没礼貌，实在不想辅导也请告知一声，学生不幸以他为毕导也不是有的选的。朋友圈发那种教书育人真的很搞笑，事实上就是这样一个没有礼貌没有责任的家伙。
200439,2132,宋华盛,2024-10-17 04:55:27,10,10,0,喜欢在朋友圈包装自己立人设的精致猪猪男孩一枚呀
202181,2132,宋华盛,2024-11-10 12:05:54,2,3,1,逆天老师，怎么最低只能给1分啊。。来浙大其他老师都感觉还好，他是第一个让我来查老师喷的。上课讲话口吃一点也听不清楚，重点是『消息不会回！！！』已读你也好，不读你也罢，你想要他回消息除非太阳从西边出来。朋友圈和丁丁哐哐哐的发消息，噁心死了。
213807,2132,宋华盛,2025-01-20 04:35:10,1,1,0,聊胜于王东。。\n\n国贸学子到底作了什么孽摊上这些个抽象老师，课烂给分也烂……
213878,2132,宋华盛,2025-01-21 02:37:47,0,0,0,给分很好，但你认为不签到时就会点名签到
34270,2151,汪韬,2016-09-29 12:07:30,-2,8,10,老师讲的特别清楚特别好，老师也特别可爱
34557,2151,汪韬,2016-10-13 11:01:59,3,10,7,太。。无。。聊。。了。。就像在背书 概念也讲不清
39391,2151,汪韬,2016-12-22 11:28:03,5,11,6,老师好可爱
41641,2151,汪韬,2017-01-20 08:16:47,-1,7,8,讲的很好，上课认真听，记笔记就好了 。
41742,2151,汪韬,2017-01-12 13:07:55,-2,5,7,考试形式完全不一样 单算题没有 只有计算题比较难 哈。。
42526,2151,汪韬,2017-01-14 11:14:18,-2,8,10,坑。。真的坑。。
43619,2151,汪韬,2017-04-05 03:03:35,-7,4,11,很好的老师
43643,2151,汪韬,2017-01-16 16:30:13,7,23,16,满了。大学第二个满绩，老师真的很可爱还会卖萌！不来听课也没关系的，根本不点名。而且我就复习了一白天，晚上就考试了。我同学99还比我高两分有点心痛
43661,2151,汪韬,2017-01-16 16:57:14,-9,8,17,见过最差的老师，自以为还很萌，蠢的不行。
43664,2151,汪韬,2017-01-16 17:02:22,1,7,6,老师真的好萌！而且考试都是计算题，注重理解，不会考死记硬背的东西
43690,2151,汪韬,2017-01-16 23:29:42,1,5,4,老师很萌，考试都是大题
43713,2151,汪韬,2017-01-17 00:57:24,1,7,6,老师真的特别萌，特别负责，全程板书，对大家不懂的问题都是耐心回答的。
43914,2151,汪韬,2017-01-17 06:20:40,-3,3,6,爽爽爽
44044,2151,汪韬,2017-01-17 08:41:33,-4,3,7,棒棒棒 满了
44896,2151,汪韬,2018-03-08 01:54:41,-7,4,11,炒鸡美丽年轻善良可爱的女老师
45326,2151,汪韬,2017-01-19 10:32:14,-2,2,4,超可爱
47350,2151,汪韬,2017-01-25 10:52:14,-3,4,7,可爱咧，喜欢穿运动鞋，上课衣服搭配的很有活力，笑起来萌萌的，考试计算题很简单的，只要好好听就ok，可惜老师刚进浙大，以后估计上不到她的课了，可能有空会去旁听一下吧。
47745,2151,汪韬,2017-02-23 05:27:04,-2,0,2,考试题目和打印店不一样
51912,2151,汪韬,2017-06-13 11:41:32,-3,2,5,很可爱，很萌的老师，出卷简单给分好、人也好！
73193,2151,汪韬,2018-02-01 06:36:53,-7,5,12,萌萌的老师，超好的课～就复习了一个下午和一个晚上，第二天早上考试啥都会…满绩就非常开心了，估计是大学生涯最高的绩点了（望天）。PS:真心看不出老师的年纪。
73198,2151,汪韬,2018-02-01 06:51:01,15,20,5,我觉得浙大还是不要再请这种老师来教金试班的学生了 真心讲的太简单  效率低且慢  很多东西自己都不清楚  而且我个人觉得应该出个评分细则吧  期中期末什么配比到底？ 乱七八糟给分我也是觉得恶心极了
73220,2151,汪韬,2018-02-01 07:46:16,6,11,5,不给平时分，没有作业，说是上课的内容，结果认认真真复习了半天考的什么玩意，给分真的是，有点过分了。真心觉得这样的老师还是去教留学生好了，平时讲一个很简单的东西讲半天来来回回讲不清楚，考试清奇。呵呵
73257,2151,汪韬,2018-02-01 08:46:08,-4,4,8,老师很好啊，讲得很清楚，给分也客观。想听她分享一下冻龄的方法hhhh
73301,2151,汪韬,2018-02-01 09:50:08,-9,4,13,老师超级萌啊，很耐心很爱笑，给分也很好，内容确实过于简单了，但是讲的挺清楚的啊，那个说讲不清楚的是你自己听不清楚吧
73319,2151,汪韬,2018-02-01 10:18:50,5,11,6,不好意思我也觉得给分真的…好吗？考试全是上课讲过的没有错，但是上课讲的清楚…吗？觉得讲的清楚是因为教的东西太简单，但有时候还是倒半天，突然推不下去看看手机。回去自己看书才发现，就这么个简单玩意讲这么久？？？期末默写笔记应该会挺不错吧，但每个细节真的让她讲懂了吗？辛苦了一学期还不明白自己这点分咋来的也是很心塞了
75187,2151,汪韬,2018-03-08 02:14:40,11,11,0,emmm口齿有点不清啊
75210,2151,汪韬,2018-03-08 04:12:13,25,28,3,"上第一次课:讲课自己很嗨，可真的讲课不清楚。经常""额额额""""这个这个""，备课不足吗？举例还经常讲到一半推翻自己之前的假设，听得很辛苦。\n\n还有要求组队写报告，同学要求建个群，方便组队。竟然说""我回去研究研究，下周再建也不迟嘛""。呵呵，台下几百个学生，不懂得问吗?不懂得让同学弄吗？一边自己又说不要到时候没组成队..."
75661,2151,汪韬,2018-03-15 01:56:26,10,11,1,话都说不清楚 一句话都说不完整 听得难受
75670,2151,汪韬,2018-03-15 03:31:59,9,10,1,真心觉得他不适合当老师，准备不充分啊
76212,2151,汪韬,2018-03-29 05:46:22,8,9,1,忍不住吐槽了，有生以来第一次课堂睡觉送给汪姐姐的微经了。讲得真的不清楚，感觉是直接拿了ppt来讲课的，备课应该 没有的吧，莫名心塞。不知给分如何，反正课堂真的是...没啥意思！
76505,2151,汪韬,2018-04-12 02:01:53,2,4,2,想要去旁听史晋川老师的课...
76708,2151,汪韬,2018-04-19 02:15:21,8,9,1,来浙大见过的讲课最不清楚的老师
76714,2151,汪韬,2018-04-19 02:43:23,6,7,1,呵呵了
78216,2151,汪韬,2018-05-10 04:37:19,7,9,2,老师水平太差了\n\n
79486,2151,汪韬,2018-06-06 16:44:39,5,7,2,烂就一个字，我只说一次，讲课烂，给分烂，乱给分真的醉，886
79641,2151,汪韬,2018-07-09 17:58:41,9,11,2,谢老师不挂之恩
79806,2151,汪韬,2018-06-14 02:01:33,2,5,3,典型的三本老师，自己留洋了不起，每天课上抱怨自己的嗓子和儿子，讲的很烂
80405,2151,汪韬,2018-06-26 06:44:31,-1,4,5,为什么都是吐槽老师的……老师不是挺好的吗，虽然讲的有点简单，但是她很认真的，跟同学也很好，给分也很好啊，我们班普遍很高_(:з」∠)_
80748,2151,汪韬,2018-06-30 08:11:13,4,4,0,连思修史纲都不会去翘的我翘了老师的微经...讲的什么玩意儿……感觉自己都拎不清，问题目也讲得不对……还不知道分给得怎么样，但课实在是...
81516,2151,汪韬,2018-07-05 09:14:47,1,1,0,老师人很好的可是上课有时真的自己都不是很清楚
83059,2151,汪韬,2018-07-09 14:43:00,8,8,0,如果是这样上课。那我也会，卖卖萌，ppt读一读，没有深刻见解…
83123,2151,汪韬,2018-07-09 18:57:15,1,1,0,上课无聊有时候自己也讲不清 给分还行 7分不能再多了
83134,2151,汪韬,2018-07-09 22:29:45,0,3,3,不要以为上课教的就是考试考的，绿皮教材才是真爱。最近考试都挺喜欢出原题的呢。Anyway，老师事少给分好。
83142,2151,汪韬,2018-07-09 23:26:00,4,7,3,anyway 给分还是ok\n\n虽然上课讲很烂 hh
83158,2151,汪韬,2018-07-10 00:32:41,-8,2,10,就听了一两节课，学了个蜘蛛网模型，考试就考了。平时也不点名，考前看两天就够了，很舒服。
83196,2151,汪韬,2018-07-10 02:14:47,10,11,1,讲课稀烂 给分八错
85329,2151,汪韬,2018-07-17 04:52:09,8,9,1,讲课真的烂
85356,2151,汪韬,2018-07-17 08:04:37,8,9,1,不知道她在讲什么，就，可以让大半个班的人没有人听她上课，最后一两次上课一大半人没到。。。
86685,2151,汪韬,2018-09-18 03:01:32,2,5,3,讲课烂，ppt准备不充分，经常一整节课不知道她在讲什么。选了她的课不如翘了去自学，给分基本上看期末考成绩hh。以及很想知道她是怎么保养的……
86856,2151,汪韬,2018-09-19 05:51:18,7,8,1,很奇怪这老师分数怎么还没掉下去 当时看8分选的 现在觉得也就值三四分吧 慎选 什么都学不到的。。。
110392,2151,汪韬,2019-06-26 09:25:29,-5,0,5,老师选修课给分很棒呀（规制经济学），给老师打call！
113896,2151,汪韬,2019-07-08 00:02:37,-1,0,1,如果说规制经济学的话汪老师蛮不错的，讲的非常基础(微经难度的扩展)，人nice，给分较好
117563,2151,汪韬,2019-09-26 03:53:44,4,5,1,差，别选，讲不清楚给分烂，给分应该是高的很高，低的很低，所以还是慎重选择吧
121991,2151,汪韬,2020-01-29 02:28:18,0,0,0,妈耶 本土化给分也太好了……
135777,2151,汪韬,2021-05-25 06:19:05,0,2,2,比较奇怪那么多觉得讲课不行？从规制经济学来看，老师讲得挺好的，流畅清晰，英语口语很好（虽然听不太懂），事也不多，给分就不知道了
139165,2151,汪韬,2021-07-13 05:32:45,0,1,1,也不知道评论区为什么那么多黑汪姐姐讲课水平的，也许从前的某些课程确实是这样吧。就事论事地说，这学期汪韬姐姐的规制经济学讲的还行，全英授课，英语讲的很流畅（而且口音是真的挺好听），感觉只要听力稍微有点基础（指两方面，一方面是一般英语的听力，正常的大部分单词发音至少要知道吧...；一方面是经济学专业名词的积累，比如常见的什么monopoly，marginal，deadloss，concave/convex......作为一个经院学子这还是很重要的...），再结合着她的ppt基本上听懂是没问题的。虽然讲课内容和考核方式无关，但至少看得出来还是备过课的（所以还是有所改进的）。考核方式是40%的辩论和60%的展示（还会有一些点名和平时分），任务虽然不多但还是要点时间准备的，准备马马虎虎上课点名不来，不给你低分才怪。所以总而言之，作为一门专业选修课还是比较友好的。
163801,2151,汪韬,2022-12-16 06:41:06,-1,0,1,老师人很好
164594,2151,汪韬,2022-12-22 05:43:41,0,1,1,虽然课程内容有些难，但汪老师是真好，口音很好听，对学生也很宽容
3447,2343,唐吉平,2015-06-15 02:36:53,8,18,10,好\n\n
6562,2343,唐吉平,2018-06-21 10:14:01,5,13,8,上课讲得好 给分也不错
28130,2343,唐吉平,2016-06-28 08:08:31,6,11,5,实务性很强的老师，不是教科书式的，然后期末神级划重点 讲课经常嘿嘿嘿的突然讲冷笑话哈哈哈
41430,2343,唐吉平,2017-09-19 10:46:37,41,55,14,讲课很好，32个赞\n\n偶尔点个名，期末真的是神级画重点，我以为画了大标题后面的也要看，事实是，只要看他画的PPT就足够了。。。基本都是背诵题。。。结果我没记住。。。简直不能想象证券投资学竟然一个公式都不考，我研究了一个星期啊。。。真的是，简直不能更简单。。。。你可以用最大的善意去揣测这张卷，但是会比你想的还简单
44563,2343,唐吉平,2017-01-18 03:06:57,2,3,1,我觉得老师很棒啊，讲课也不错，人也很萌，给分好
44565,2343,唐吉平,2017-01-18 03:10:17,4,10,6,点过一次名，期末谜一样满了……
44588,2343,唐吉平,2017-01-18 03:41:29,20,35,15,只有我一个人觉得给分差？感觉都有来上课，也都有听听(虽然感觉没什么实质性收获)，考前也有花很多时间复习，论文也是认真按要求写的，只有3点多？哭
47895,2343,唐吉平,2017-06-20 09:08:48,3,4,1,老师喜欢讲故事，人非常好，平时只有一篇论文，偶尔点名。
57088,2343,唐吉平,2017-07-05 13:35:09,13,13,0,到课率高就不点名 有一个4.8 考的很好但是没能拿高分很气 老师人很好 对于风险的灌输确实非常重要 高校出来的孩子的风险意识淡薄是很可怕的 希望老师以后的工作顺利  也希望学弟学妹上这门课不只是为了成绩 也来听一下商业银行到底是什么 因为离我们这些梦想到资本市场搏杀的人来说 太远了
57093,2343,唐吉平,2019-11-09 02:37:41,13,16,3,讲得很好 考前划的重点是真的感人?认真听还是有很多收获的！老师经历也很丰富 有机会还会选他的课
57112,2343,唐吉平,2017-07-05 14:24:13,7,7,0,下学期的证券投资和信托租赁接着约呀！
57159,2343,唐吉平,2017-07-06 00:01:30,12,13,1,唐老师真的是一个蛮重实务的老师，不只关注商业银行的，对资本市场也很关注，很有自己的观点，特别是风险管控这块！一定要听听唐老师的商行呀！
57309,2343,唐吉平,2017-07-06 14:00:35,2,3,1,上课睡水 基本不点名\n\n考试有重点，给分还可以
58679,2343,唐吉平,2017-09-14 07:51:44,3,3,0,好喜欢老师
65830,2343,唐吉平,2018-01-09 12:20:33,7,7,0,老师真的又酷又温柔！
65935,2343,唐吉平,2018-01-10 10:57:34,7,7,0,认真听老师的课真的很有收获。\n\n上过商行和证投，是真的不点名…
66739,2343,唐吉平,2018-01-18 15:49:53,8,8,0,对于混学分的：最后一节课画的重点，考试覆盖率100%\n\n对于想学东西的：每节课都有收获\n\n结论：赞
68359,2343,唐吉平,2018-01-23 04:57:42,6,7,1,上的是老师的商业银行，平常上课会讲一些课外的故事，很有趣也很实用！但是因为有时候扯远了，会刹不住车，最后就有点赶进度，但是内容都会上完且讲的很好！最后一节课划重点，考试大题的覆盖率还挺高，选择题还是要平时认真听。
68443,2343,唐吉平,2018-01-23 08:14:25,4,5,1,平时听课很水，论文也很平庸，考前一通猛背最后也有4，虽然卡了我一分但是还算满意吧，下学期证券投资学接着约～
73676,2343,唐吉平,2018-02-02 14:21:21,3,3,0,出分太慢了现在还没出。\n\n其他都很好，强烈推荐。
74031,2343,唐吉平,2018-02-04 10:30:12,4,4,0,老师人真的很好啊！\n\n哈哈哈哈\n\n主要是给分真的好！
74032,2343,唐吉平,2018-02-04 10:54:19,-10,2,12,妈耶完全不点名，上课讲的东西真的是听不进去。。。然后考试所有老师里他的题最最最难！！！直接凉透
74036,2343,唐吉平,2018-02-04 11:31:12,2,7,5,老师真的很好很好，授课内容不局限于课本，在证券投资里加了自己很多的理解。考试题目虽然是三个老师中最难的，但是最后一节课的复习内容很详细，认真背认真复习肯定没问题。大学里第三个满绩，谢谢老师☺️
82723,2343,唐吉平,2018-07-09 04:28:05,4,5,1,给分好低
82774,2343,唐吉平,2018-07-09 05:56:15,14,16,2,我要找老师查分了，比自己预估成绩少20分，我是卷面六十分才能这么低吗……
82818,2343,唐吉平,2018-07-09 07:29:34,1,2,1,老师的课讲得挺不错，考试内容也很有自己的风格，想学东西课上好好听，想刷分拿前几年的题来好好做做吧
83514,2343,唐吉平,2018-07-10 13:04:52,13,18,5,上课根本不备课，效率很低，上课也学不到什么东西，老师是学术水平一般的千年副教授类型，上他的课不如看教材，他的干货说来说去也就是几点空话。但老师是对学生还可以，不点名，给分也说得过去。
101008,2343,唐吉平,2019-01-27 08:59:42,1,3,2,干货满满、付出与收获对等的一学期！我爱唐吉平！
101032,2343,唐吉平,2019-01-27 09:42:47,0,0,0,感谢老师?
101033,2343,唐吉平,2019-01-27 09:43:01,3,4,1,老师讲课很好 给分也很有原则 卷子不会特别简单 但也不会特别难
101885,2343,唐吉平,2019-01-29 12:42:17,0,3,3,唐老师很有魅力，但是这个学期我觉得付出和收获不对等了。。。我是辅修金融的学生，但是这门课上的比自己的专业课好还认真，期末复习也花了很多时间，课件书本一遍遍的看，考完感觉还不错结果只有3.6，不知道是什么原因...
102342,2343,唐吉平,2019-02-01 04:19:39,-1,3,4,论文认真写了…考试基本都找到了…一次点名没去给了我75？？？？这是把我平时分都给扣光了嘛
102351,2343,唐吉平,2019-02-01 05:51:11,-3,1,4,跟楼上一样。。。也是就一次没到75。。。
102675,2343,唐吉平,2019-02-19 17:27:06,4,8,4,认真听课，期末论文也有在认真写，考试的时候觉得题目简单，成绩出来只有68分，完全不合理，绩杀杀杀，怨气非常重
103184,2343,唐吉平,2019-02-26 12:12:24,2,5,3,商行给分真得有那么好吗?唉...
109148,2343,唐吉平,2019-06-10 06:45:11,0,3,3,有点听不进…可能不适应老师的上课风格…照着ppt讲但是没有一个体系，听起来有点累，期末有个论文
112699,2343,唐吉平,2019-07-05 00:46:14,4,5,1,期末感觉自己崩了没想到老师给分这么好！
112902,2343,唐吉平,2019-07-05 09:36:40,1,4,3,基本不点名..老师很幽默！给分不错de！
113152,2343,唐吉平,2019-07-06 00:32:18,6,10,4,给分真的好吗
113308,2343,唐吉平,2019-07-06 05:15:36,3,5,2,老师挺好的，感觉很有水平?，给分适中，期末卷子不难
115423,2343,唐吉平,2019-07-23 00:57:53,3,6,3,证投平时没听过…期末重点划的挺准的 最后复习两三天98 可能是因为这学期一直在实习的原因？感觉在实务做过以后上课很容易理解 所以有时候看查老师评价也不能太相信别人说什么“最后几天突击然后高分”这种评价 主要看自己多久能看懂这门课在讲啥\n\n
131957,2343,唐吉平,2021-01-29 14:34:53,4,5,1,期末划重点=画了109页重点，打个十分吧，虽然考了3.0但是确实是复习时间短没好好复习
132942,2343,唐吉平,2021-02-05 08:12:13,-2,2,4,绩杀。
132990,2343,唐吉平,2021-02-06 02:32:24,2,6,4,商行不点名 平时一篇论文 期末背重点 卷子也不是很难 我觉得我写的还行吧 一查成绩3.0.............
139976,2343,唐吉平,2021-08-22 16:37:09,4,8,4,上课经常上一半出去打电话，证券投资学涉及到数学模型再黑板上画了两笔居然说这么复杂的东西搞不明白，感觉从来都不备课。这种人放在现在能不能拿到硕士学位都难说吧，居然还是个顶尖大学的教授？赶紧退了把编制留给经院有才华有能力的年轻老师吧。
141124,2343,唐吉平,2021-09-24 04:10:42,2,7,5,傻逼老师，无语，最恶心他的课
145744,2343,唐吉平,2022-01-01 08:22:52,1,5,4,听他的课真jb痛苦，考试就是背ppt。
145832,2343,唐吉平,2022-01-03 06:11:41,18,21,3,上课还是不错的，老师会补充很多额外内容。平常不点名，考核是一篇五千字论文加期末考试。建议以后的学弟学妹找找学长要要老重点提前背，考试背书是关键，背的好你直接无敌。
147740,2343,唐吉平,2022-01-10 15:28:13,3,7,4,商行，太无聊，一言难尽\n\n上课没啥重点，经常临场改ppt，这就是所谓的上了30多年的商行？？？\n\n上课手机也不静音，通知提醒一直在响\n\n总之，赶快退休吧
147742,2343,唐吉平,2022-01-10 15:29:30,1,5,4,出分了，只能说分真的很低，真的很低。\n\n这是门投入产出比很不均衡得课程，课前画了那么多重点结果没考，背了那么多东西最后下来分真的不高
154792,2343,唐吉平,2022-06-05 11:56:41,-1,2,3,学生论文都不管
155056,2343,唐吉平,2022-06-08 03:11:03,2,8,6,sb老师！！！！
156576,2343,唐吉平,2022-06-20 09:59:04,-1,6,7,给分明显比张月飞低\n\n强烈建议非专业修读同学上张月飞的
167859,2343,唐吉平,2023-01-19 14:08:38,4,7,3,上课细听还是能学到不少知识，只是很多地方老师都会戛然而止，期末给分的确很一般。
168210,2343,唐吉平,2023-02-03 02:28:48,3,7,4,一言难尽，上课不关手机铃声，一直响，老师业务繁忙还要给我们上课真的是太让人感动了；期末给分真的差，非必修强烈建议，不要选信托与租赁，有那么多别的选修课
170163,2343,唐吉平,2023-03-01 16:40:06,15,23,8,煞笔老师！赶紧退休吧！给分这么差！
170200,2343,唐吉平,2023-03-02 03:18:35,-7,9,16,tjp我的神 我感觉老师不是击杀了 论文写的很认真查了很多研报 考试的时候还是有部分大题没有背全 出分4.2 我觉得已经很不错了 还是多背书吧哈哈哈 希望老师工作顺利 退休生活快乐
171391,2343,唐吉平,2023-03-23 07:22:19,-7,3,10,欢迎大家上唐老师的课，毕竟快退休了，以后上不到了，真伤心~
171392,2343,唐吉平,2023-03-23 07:23:57,5,9,4,拿到了进大学以来最低绩点...讲课就是念屁屁踢，这边建议老师赶紧退休！！！！不要祸害学弟学妹了！！！！
173807,2343,唐吉平,2023-06-03 06:59:58,-2,3,5,全部3.6，3.3
175317,2343,唐吉平,2023-06-23 15:16:03,6,9,3,这个b能有7我是不认可的😅
178306,2343,唐吉平,2023-07-10 01:44:17,1,5,4,大三了来留个纪念，目前专业课最低还是商行
179423,2343,唐吉平,2023-09-15 05:38:25,0,4,4,商行60分帮顶
181070,2343,唐吉平,2023-10-07 07:54:30,2,4,2,我嘞个豆，这老师的课到底是谁在听啊
183462,2343,唐吉平,2023-11-26 12:45:22,1,4,3,大四了来留个纪念，目前专业课最低还是商行
186679,2343,唐吉平,2024-01-14 11:18:48,2,4,2,背到吐血，真不知道这种课开出来干嘛
197356,2343,唐吉平,2024-07-11 09:06:44,0,0,0,时隔一年多想起商行还是感慨万分，如果问我有什么建议就是选春夏的辅修班
198428,2343,唐吉平,2024-09-09 02:04:54,10,13,3,占了时代红利拿了编制的混子，真实科研教学水平不如现在的浙大本科生，在经院属于垫底拖后腿的废物
199271,2343,唐吉平,2024-09-20 07:34:34,0,1,1,好。人少了才会点名。
200005,2343,唐吉平,2024-10-10 23:26:25,7,9,2,教学不行，科研不行，实务更不行，一个水平不到本科生的混子，不知道和新引进的教授同处一个办公室会不会感到羞耻
204023,2343,唐吉平,2024-11-23 06:36:20,1,1,0,快滚啊
209171,2343,唐吉平,2025-01-05 01:53:22,3,4,1,呵呵，商行，烂课，教的一坨，期末划重点一百多张ppt，论文布置下限，这门课存在的意义是什么
213115,2343,唐吉平,2025-01-16 04:35:47,-3,1,4,给分挺好的，意料之外
217199,2343,唐吉平,2025-04-04 01:05:48,1,1,0,赶紧退休，把机会让给年轻人！
219631,2343,唐吉平,2025-06-02 09:36:56,3,3,0,这些老登在经院一天，经院就不可能成为国际甚至国内一流。\n\n这些老登的存在真的对不起经院的生源。
3851,2349,陈菲琼,2019-09-25 00:55:03,28,68,40,前面上课发，后面时间不够了一节课刷PPT，一节课讲了一本多的书的内容，经济学学生刷学分的课程，非经济学学生被绩点刷的课程。一个冬学期两本书考两次\n\n
4505,2349,陈菲琼,2015-06-24 04:23:43,4,18,14,老师讲课爱说自己的事，但是挺有意思的，考试其实不怎么麻烦，上课听好没问题的，短学期的课有期中考，期末考，考的就那么几个知识点。还是很喜欢陈老师的
5569,2349,陈菲琼,2015-07-08 09:59:06,26,36,10,主要靠自己看书自学
6008,2349,陈菲琼,2015-07-10 07:43:29,7,15,8,神坑  来大学以后得一个神坑  一辈子都不会忘记这个老师
6052,2349,陈菲琼,2017-12-21 04:25:59,3,4,1,没听过课
6106,2349,陈菲琼,2015-07-11 02:01:26,52,62,10,神课...如果没有自学两本四五百页的书的觉悟的话...慎选！
8064,2349,陈菲琼,2015-09-17 01:21:37,17,25,8,神坑，巨坑，
10684,2349,陈菲琼,2015-11-22 10:46:57,14,22,8,没太多想说的，就是很讨厌她，很讨厌很讨厌。
11297,2349,陈菲琼,2015-11-26 10:47:16,16,20,4,讲故事只讲到一半！都不告诉我们为什么要全抛！
11691,2349,陈菲琼,2015-12-11 13:22:24,8,16,8,老是说上自己的课收获会很大，其实我觉得一般，收获会有，但也不是特别大，或者说完全可以更大。。。
13008,2349,陈菲琼,2015-12-24 13:21:58,-27,10,37,首先陈老师的课确实任务挺重的，要自学好多东西，一点都不水，很花时间，但是能学到很多东西。感觉陈老师讲的故事都不错，很喜欢老师直爽的性格！
13015,2349,陈菲琼,2015-12-24 13:46:31,21,24,3,主要靠自学
14824,2349,陈菲琼,2016-01-09 14:40:24,62,75,13,她的别墅
18519,2349,陈菲琼,2016-01-22 01:37:32,2,4,2,啊啊啊啊
19719,2349,陈菲琼,2016-01-25 07:13:46,13,14,1,感觉把课拆开分成两个短学期上会更好吧。
19721,2349,陈菲琼,2016-01-25 07:16:53,14,14,0,课程设置不合理
21496,2349,陈菲琼,2016-02-29 05:03:33,18,26,8,自学就好，顺便做好低绩点的准备，嗯一个无基础的理工科学生的评价。另外，无点名，可以不去，但不准迟到。
21599,2349,陈菲琼,2016-02-29 10:17:40,136,158,22,“我在钱塘江边有栋房......”
21982,2349,陈菲琼,2018-01-21 07:44:32,2,12,10,上学期上的，容量好大，分数和实际努力正比。目前最高通识。
24022,2349,陈菲琼,2016-04-25 13:45:14,2,3,1,呵呵呵\n\n
24171,2349,陈菲琼,2016-04-28 04:21:22,1,3,2,学了微经再去学会好一些，建议大一上不要选这门课，老师很喜欢理工科的同学
24181,2349,陈菲琼,2017-08-29 05:11:11,38,44,6,老师有别墅。。。记住了\n\n
25060,2349,陈菲琼,2016-05-05 05:29:12,8,12,4,好多废话  西德东德一遍又一遍   能讲知识吗？
26897,2349,陈菲琼,2016-06-21 13:52:29,2,4,2,吗的zz
28160,2349,陈菲琼,2016-06-30 11:45:07,7,9,2,没有一个月内自学完宏观微观两本专业书的绝望慎选
28677,2349,陈菲琼,2016-06-28 12:14:36,6,8,2,陈老师上课，对于内容实在是无可指摘。ppt所讲的内容，都是昆曼那两本书的内容的提炼，升华。但牵扯到考试，这就很尴尬了。第一，上课讲的都是把书里面的内容提纲挈领，意味着你考试周想复习基本上没戏，除非你愿意花时间看两本看完忘的书。第二，这课的考试时间会挤在考试周，意味着你将花费考试周的两个小时不复习微积分数分常微分c程等二点五直四学分的课程。我挺喜欢老师的，讲的也很好，就是考试难考。当然，我想这应该是因为我不是经济学相关专业的原因吧。
29761,2349,陈菲琼,2016-06-30 09:41:06,20,23,3,信息化社会，大家要学会寻找资源。这样可以事半功倍。
29958,2349,陈菲琼,2016-06-30 15:00:53,6,6,0,神坑，全靠自己看书
30312,2349,陈菲琼,2016-07-01 08:36:36,3,4,1,课程设置不合理
40958,2349,陈菲琼,2017-01-06 18:10:54,3,7,4,陈老师的乒乓球打的很好，都是有校队陪练的！
48340,2349,陈菲琼,2017-03-02 07:38:27,-6,2,8,还行吧。。。
48674,2349,陈菲琼,2017-03-09 06:50:02,6,9,3,女权主义者
48678,2349,陈菲琼,2017-03-09 07:16:26,6,8,2,估计班上男生是懒得上去做题了
48706,2349,陈菲琼,2017-03-10 01:46:37,0,1,1,还可以吧
48892,2349,陈菲琼,2017-03-16 01:14:39,2,3,1,呵呵呵呵，希望讲与考试有关的东西！
49535,2349,陈菲琼,2017-04-18 03:57:35,9,12,3,不点名，但是不许迟到。感觉课程设置不合理，内容大，想水的同学慎选，短学期课居然还加了一次期中考试，两本书加一起大概800页吧。本人零基础，全程自学，基础差感觉上课确实没法跟。每节课必讲她的别墅，她的助教，她的。。。。女权主义严重，重女轻男，有些话听起来不舒服，但是老师再科研上还是牛的，至于这门课，呵呵了。想水的慎选！！！还没考试，理智评价。
49989,2349,陈菲琼,2017-04-28 05:09:11,0,3,3,不点名，不准迟到。上课喜欢吹牛，但有些话听着不太舒服……讲的内容还是很不错的。收获一般吧，因为毕竟是一门通识。考试有两次，第一次考微观，有个论述题自己准备，其他都是课堂上讲的内容，但不一定是原题，期末考的也基本是课堂上强调的重点，所以不听课，会比较惨……非经济学学生，宏观没有看，就看了她的ppt，微观看了一遍，有一点点作用吧，但有些东西还是很混。建议选春秋学期的，不要选冬夏。因为复习也要花一点时间的。
50048,2349,陈菲琼,2017-04-29 01:24:40,2,2,0,主要看专业
50053,2349,陈菲琼,2019-11-14 05:13:36,163,257,94,其实我不否认那些说这节课任务很重的那些人，怎么说呢你觉得任务重就重，任务轻就轻，但至少我觉得一学期不用展示不用论文，只考两次试任务不是太重吧？用的教材是曼昆的书很通俗易懂，但要注意的是老师不会按书上讲（时间肯定来不及），所以对经济学有兴趣的可以看教材领略经济学的魅力，如果真的没时间，我告诉你们小tips哦，每节上课都要去听！！！因为考试的题目很浅显但范围很广，几乎全来自上课讲的内容，上课没讲的老师一定不会考！还有重点在微观！最后一节课把上课用的PPT都拷下来，着重看里面上课讲过的计算题和思考题（真的等你看到考卷的那一刻，你会感谢自己拷下的PPT和认真复习的自己）作为满绩的我只能帮你们到这了
50111,2349,陈菲琼,2017-04-30 01:52:55,0,1,1,受不了了，慎选慎选，没有觉悟和时间的人会挂科
50545,2349,陈菲琼,2018-10-31 10:55:37,3,7,4,都在说陈菲琼阿姨坑，但是我想说考试基本大部分都是ppt里的原题好吗？已经很放水了，谁让你不看
50857,2349,陈菲琼,2017-05-07 08:02:42,4,4,0,116.9万字
62216,2349,陈菲琼,2018-01-21 12:18:07,19,27,8,考试居然真的是大部分PPT原题
64989,2349,陈菲琼,2017-12-28 06:36:36,0,0,0,无聊，绩杀\n\n
64992,2349,陈菲琼,2017-12-28 06:44:20,2,2,0,上课要听，脑袋要动，不然只能跟我一样努力了还是被积点刷爆。
65010,2349,陈菲琼,2017-12-28 07:58:32,1,1,0,说实话，老师讲课一般，但是尽心了，也能学到东西。但是这门课真的不难，甚至可以说简单，拿出高考数学三分之一的功力就能不被正态了
65082,2349,陈菲琼,2017-12-28 14:02:53,10,10,0,好好自学了四周，期中成绩还是那么低。没有天赋的慎选。
65804,2349,陈菲琼,2018-01-09 07:56:09,-11,2,13,能真正学到东西的课
65995,2349,陈菲琼,2018-01-11 01:24:52,5,6,1,毫无收获
67183,2349,陈菲琼,2018-01-20 12:11:19,4,5,1,老师有自己的观点，但可能觉得大家基础都比较好因而课程进度设置有些不合理。上课听老师讲故事就好，内容基本靠自学。虽名为经济学基础但其实很多基础的点没讲，需要自己补上才能理解。两次考试比较重要，直接决定期末成绩。想水的别选，想有很大收获的别选，想了解一种独到观念的可以尝试。个人感觉一般，没有所谓的神坑之说，但收获也不是太大
67561,2349,陈菲琼,2018-01-21 13:48:51,0,1,1,呵呵呵\n\n
68795,2349,陈菲琼,2018-01-24 02:03:12,4,4,0,老师还好，水课还是很好水的，考前随便背几道ppt上的题，其实也就够你及格的了
69824,2349,陈菲琼,2018-01-25 13:05:12,5,9,4,讲的其实还可以，没有有些人说的那么差，主要是内容太多，复习任务有些重，但是认真看书的话确实可以学到一点经济学知识
69833,2349,陈菲琼,2018-01-25 13:23:16,2,7,5,绩点4.5\n\n上课就基本不听，考试之前看ppt，上网找一点经济学基础的计算题做一下，ppt的例题背下来，基本就满分了。主要是有期中考试挺烦的，认真学能学到东西，水也有水的方法。\n\n
69840,2349,陈菲琼,2018-01-25 13:28:54,8,11,3,这个老师活该有别墅
69848,2349,陈菲琼,2018-01-25 13:49:44,2,2,0,那栋别墅…
69890,2349,陈菲琼,2018-01-26 02:18:23,2,3,1,
70045,2349,陈菲琼,2018-01-26 04:54:33,3,6,3,课还是能学到一点东西的，成绩基本和付出成正比，比一些水的不行成绩全看脸的课有用。
70455,2349,陈菲琼,2019-09-05 11:40:47,108,158,50,大家好，我想说老师人很好，大家不要再说她的坏话了。我初到杭州，对于杭州了解甚少，自从听了老师的课之后我学到了很多，下课还会自己去查找资料、学习，感觉自己每天过得更踏实了，在这里我想给大家介绍一下......金都房产集团有限公司是国家建设部认定的一级资质开发企业，自1994年成立以来，已相继成功开发了建设部优秀试点小区杭州新金都城市花园、国家康居示范工程嘉兴金都景苑、荣获全国绿色建设创新奖的高尚山水别墅区杭州金都·富春山居......
73633,2349,陈菲琼,2018-02-02 07:07:39,5,5,0,大一新生慎远吧，感觉老师还是很好的，但是要在一学期把微经宏经都过一遍就导致每节课信息量很大很容易理解不了
75680,2349,陈菲琼,2018-03-15 05:47:42,-1,4,5,老师很棒！讲课的速度控制的很好，比其他一些水的不行的微经好到不知哪里去了。期末前一定要看课件，背例题
79149,2349,陈菲琼,2018-05-24 07:00:48,10,12,2,为什么不让上厕所——连着上上节课还不让上厕所，这是不是不太合理?而且夏天本来就喝水比较多!\n\n其他其实上课还可以，就是不水。
79338,2349,陈菲琼,2018-05-31 06:31:27,-5,3,8,课程内容不错。但不喜欢老师的为人。
79495,2349,陈菲琼,2018-06-07 04:40:39,8,9,1,看老师评分低但主要是因为他事多，本着能学到东西的态度选了这课。结果这老哥上课疯狂吹比，要学到东西全靠自己看书，还要闭卷考两次试。\n\n强烈劝退，自己看书比听讲效果好。
79826,2349,陈菲琼,2018-06-21 06:08:56,11,15,4,辣鸡，上课就讲乱七八糟的故事，完了再把ppt读一遍，超级喜欢吹牛逼，还不如自己看书，但是不上课又不知道她要考哪些内容，\n\n慎选，不对，别选！
79831,2349,陈菲琼,2019-04-28 07:14:00,65,72,7,垃圾课程，还没上完课的人来说说我的感觉。上课喜欢讲一些不着边际的东西，对于初学者还没有时间预习的同学十分不友好，老师，如果听您讲您的别墅饭局领导就能及格，那我真是想为您狂点666。上课在讲些什么玩意儿？基本靠自学。明明是通识课，非要强调是专业基础课。exm？非经济专业的同学选这门课本来是为了学到东西，结果上课听不到基础知识，只能听到一堆乱七八糟、惹已经有基础的同学发笑的东西是什么鬼？这是通识课吗？不准迟到可以理解，中间不下课不让上厕所又是什么鬼？考验我们膀胱？不觉得老师有作为一名教授的谦虚和认真教知识的态度，太垃圾了。原谅我真的太讨厌这种上课不好好讲、对初学者不友好、喜欢吹比的老师了。学到的东西都是自学的，那要老师跟上课有何用？不懂贵院讲课风格。
79847,2349,陈菲琼,2018-06-14 09:27:49,-8,0,8,还行吧
80182,2349,陈菲琼,2018-06-21 06:41:11,1,1,0,我特么服了也是，这么多的内容，就这几次课就想讲完，还瞎逼逼，呵呵了
80764,2349,陈菲琼,2018-06-30 12:33:50,3,3,0,说实在的，我自学一遍上去讲都比他讲的好，还只用一半的课时。
80902,2349,陈菲琼,2018-07-02 13:41:47,1,1,0,呵呵呵呵
81230,2349,陈菲琼,2018-07-04 11:13:44,4,4,0,这老师分数每高一分都会有更多人跟我一样被坑
81290,2349,陈菲琼,2018-07-04 14:46:11,2,3,1,神坑！！！！！真的是后悔选这么个课
81427,2349,陈菲琼,2018-07-05 05:08:51,1,1,0,还可以
81512,2349,陈菲琼,2018-11-29 03:24:06,3,13,10,课不用去(绝不点名)，期中期末考试题目万年不变(98上有接近100%的回忆卷)，背下答案，半小时交卷。轻松满绩，刷绩点强推课程。
86365,2349,陈菲琼,2018-09-14 04:33:01,1,1,0,甄姬儿曹丹
87349,2349,陈菲琼,2018-09-27 08:10:19,0,0,0,发的论文全是学生写的，自己打字都不会！上课基本上是在吹牛！
88500,2349,陈菲琼,2018-10-31 10:55:55,0,1,1,
89410,2349,陈菲琼,2018-11-19 03:23:55,2,5,3,我认为老师讲的很不错的，老师确实会多次说起她的发家致富之路，可老师也承认了她不是谦虚类型的人，我觉得这没什么好说的吧?不喜欢听大可自己写作业
90115,2349,陈菲琼,2018-11-22 06:46:24,10,12,2,老师的大别墅2kw左右/03年的盘子20年20倍就不要吹了好不好。。。。
91019,2349,陈菲琼,2018-11-29 03:31:14,1,2,1,神坑课！
91335,2349,陈菲琼,2018-12-06 05:41:50,1,2,1,垃圾！
91388,2349,陈菲琼,2018-12-07 15:46:47,1,6,5,许久不见水军怎么这么多了。默默加一个1分
92227,2349,陈菲琼,2018-12-27 06:34:57,5,5,0,自学比上课有用╮(╯▽╰)╭上课跳来跳去 但建议别翘课，虽然不点名，但是没人回答问题会疯狂cue人，被点到你没来期末就要被扣分了，上课回答问题有记号，会不会加分不知道，助教姐姐人很好啊，但是对经济没兴趣的童鞋千万不要选！！！！\n\n一学期两次考试，期中40%（其中40%是可以提前准备的论述题）期末60%
92229,2349,陈菲琼,2018-12-27 06:42:01,0,1,1,聒噪，疯狂cue自己的助教，没有基础和兴趣的建议不选。
92598,2349,陈菲琼,2019-01-03 05:37:31,3,6,3,“我在钱塘江边有座房”\n\n还有求求老师讲经济学就好了，不要在不了解的家庭关系、心理学、国际关系上发表一些奇奇怪怪的观点了\n\n经济讲的还是不错的解释得挺清楚\n\n助教很善良
95948,2349,陈菲琼,2019-01-20 09:10:23,8,10,2,课程繁忙的学期千万别选 这通识课不花功夫是要挂的   对经济学感兴趣的同学建议去学宏观和微观   老师人没什么问题  就是上课时间本来就不够还老喜欢扯淡  讲考试内容基本飙车 真的学不到啥  那些刷高分的无非是考试稍微复习了拿了高分高兴罢了(想拿高分稍微复习下真的不难) 扪心自问这门课真的那么好吗  自己买本曼昆的书去看也是一样的效果
96102,2349,陈菲琼,2019-01-20 12:49:25,2,4,2,简直垃圾，本来对经济学还有点兴趣，上完她的课，呵呵了。可能是因为我上课好好听讲，课后看书，但是没有拷下ppt背例题的缘故吧
97458,2349,陈菲琼,2019-01-22 09:10:14,3,3,0,给助教点赞??
109713,2349,陈菲琼,2019-06-18 16:25:31,4,4,0,我觉得菲琼阿姨很可爱 是个好人 但上这门课不如去学微经或者先去学微经再来上这门课 不然应该是记不住啥学不懂啥的（摊手
111071,2349,陈菲琼,2019-06-29 12:31:43,1,2,1,上她课千万要刷题，否则不是能不能得高分的，而是能不能过的事情。垃圾卷子，同一个考点能考几十分，都会就很好看，不会极容易挂科
111074,2349,陈菲琼,2019-06-29 12:32:39,1,2,1,辣鸡老师，毁我青春，上课不讲清楚，课下也不会说考试题型！
112696,2349,陈菲琼,2019-07-05 00:43:41,1,4,3,98上历年卷背背，很简单。但老师废话一堆，垃圾
112888,2349,陈菲琼,2019-07-05 08:56:58,1,4,3,我已经打算向学校举报她天天题目不变了，挥手.
116328,2349,陈菲琼,2019-09-08 10:58:42,1,3,2,好棒呦
116644,2349,陈菲琼,2019-09-12 07:00:48,1,2,1,还可以
117571,2349,陈菲琼,2019-09-26 05:50:25,1,2,1,自我中心
118265,2349,陈菲琼,2019-10-24 05:45:59,4,4,0,我觉得这个老师政治方向不太正确。。。
118908,2349,陈菲琼,2019-11-07 13:26:21,1,1,0,我觉得老师讲的时候是挺好的关键是讲的内容不丰富。一节课下来主要是在刷ppt，书上很多知识点没有讲到，自己看书有时候是在是难以理解。最关键是考试的内容主要是后面这几节课，反而后面的几节课是刷ppt刷的最快的。真的是一点都懂。选的同学请谨慎。
119131,2349,陈菲琼,2019-11-10 23:49:11,1,1,0,上课吹牛，不讲实学，什么老师，别开这门课了！！
119132,2349,陈菲琼,2019-11-10 23:58:24,1,2,1,老师虽然很会吹，但是讲的真的很好，个人认为一节很硬核的课。建议大家提前预习（如果有时间的话），这样一方面上课不会听不懂，一方面可以回答上课的思考题，有加分（有用！！！ 我后悔没回答了）每节课都去，好好听的回去整理的话成绩肯定不差（4.2还是有的），期末考没复习完，有道计算题（里面8分左右）不会做，还是拿了4.2，虽然不能和大佬比，但个人觉得回报已经大于付出了。ppt最后一节课能拷，基本就考ppt，其他不怎么会考的！！！
119142,2349,陈菲琼,2019-11-11 01:03:52,2,2,0,nmsl，高调做人，高调做事，牛逼嗷
119148,2349,陈菲琼,2019-11-11 01:23:09,1,1,0,课讲的确实不咋地，到最后绩点还是不错的
119154,2349,陈菲琼,2019-11-11 02:03:07,3,6,3,课没必要听，书可以不买。但是一定一定要找到她所有课件，一定一定要在98上找到期末回忆卷，她已经有四年多没换过题了。说来惭愧，一学期我只学了两次，一次期中看了两个ppt，一次期末看了回忆卷，课堂也没发过言，然后4.8。学东西还是自己看书好，这门课就当是拿学分吧……
119162,2349,陈菲琼,2019-11-11 02:55:30,2,3,1,听老师讲无关课堂的内容还是挺有意思的hhh，不过真的全靠自学，然后ppt一定要好好看，上课一定要发言（惨痛的教训），别以为那些上课发言的同学有多厉害，不一定是真的，毕竟……………
119192,2349,陈菲琼,2019-11-11 06:00:59,5,5,0,我想要住大别墅\n\n我想要做陈菲琼老师的朋友
119274,2349,陈菲琼,2019-11-12 01:53:04,4,4,0,非常垃圾。
119330,2349,陈菲琼,2019-11-12 05:59:16,1,1,0,老师上课一般般，讲得太快好像没什么重点。每次上课都听，但是课后要花好些力气。
119377,2349,陈菲琼,2019-11-12 12:03:54,5,5,0,我觉得吧…这门课主要靠自学，上课必备足够电的手机——用来拍ppt，回去课下需要花很多时间自学，老师上课讲故事居多，讲ppt内容飞快，没有基础的同学很难跟上。搞清楚期中考试时间，其他课不来也没关系（不点名，只要拿到ppt自学，结果是一样的…）
119524,2349,陈菲琼,2019-11-13 08:59:42,1,1,0,纯靠自学
119602,2349,陈菲琼,2019-11-14 05:20:00,10,11,1,我抗干扰能力很弱。。。。。
119605,2349,陈菲琼,2019-11-14 07:20:50,23,26,3,一节课大概吹了百分之八十时间的牛 第一节课已经说了大别墅、德国留学、教育部大奖、住在全国最有小资情调的南山路……还有不允许博士生实习 静静期待接下来还会说什么?
119607,2349,陈菲琼,2019-11-14 05:52:03,9,11,2,我接下来的吹牛尽量和这门课有关哦
119608,2349,陈菲琼,2019-11-14 05:53:09,5,6,1,? ? ? 听她讲话听到脑壳炸（果然喜欢以全名自称的人都自大又自我）
119624,2349,陈菲琼,2019-11-14 09:03:05,2,2,0,不要去上课、 浪费时间
119723,2349,陈菲琼,2019-11-15 03:39:28,44,51,7,sb玩意儿\n\n有几个臭钱了不起？\n\n天天装逼就算了\n\n还天天嘲讽穷人嘲讽农村人？\n\n我作为杭州人告诉大家：杭州并不全是这种败类，大家不要误会，杭州是非常友好的城市\n\ncnmb陈菲琼\n\n祝你早日爆炸
120548,2349,陈菲琼,2020-01-12 12:32:53,1,1,0,…⋯…
121189,2349,陈菲琼,2020-01-20 08:57:32,6,6,0,真的垃圾。。。勿选\n\n恶竞严重\n\n98上有往年试卷原题！！！\n\n没有背试卷刷满绩的觉悟勿选
122612,2349,陈菲琼,2020-03-07 17:07:09,-9,0,9,还可以
123062,2349,陈菲琼,2020-05-07 08:38:04,10,15,5,尼玛，这老师就尼玛离谱，其他课都秋学期才考试，你一句留学生在国外可能秋学期会回不来，就让我退课？离谱的是还发公告让留学生退课，“自己在系统里退课，有问题联系助教，我们去解决“拜托搞清楚自己的定位，尼玛，你就一通识课，专业课老师都说秋学期才考试，你通识课老师这么嚣张，谁给你的权利？校长吗？他妈的，说白了还不是嫌麻烦
123063,2349,陈菲琼,2020-05-07 08:48:18,18,18,0,身为一个老师，我们学生选了你的课你不是应该要负起责任吗，一句我们不线上考就要大家退课似乎有点敷衍且不负责任吧。世界都围着你转吗？说退课就退课？
123221,2349,陈菲琼,2020-05-21 05:32:06,10,11,1,西八 别选别选别选别选别选别选别选别选别选别选别选别选别选别选别选别选别选别选别选别选别选别选别选别选别选别选别选别选别选别选别选别选别选别选 操
123340,2349,陈菲琼,2020-06-04 06:56:45,6,6,0,感觉自己快si在这老师的课上了
123641,2349,陈菲琼,2020-06-11 05:58:58,22,23,1,作为一名经济学通识课老师，我认为是极为不合格的。首先课时短的情况下把关键内容一带而过，重点却在讲一些细枝末节的内容。没学过经济学都理解的东西反复讲，各种专业名词的英文缩写却很少解释（ppt上某一页有但是切得太快了，后面全都看不懂）。而且口口声声说曼昆的书好，却最后没有按照曼昆书的顺序上课，还不肯告诉我们下节课上的内容，这样上课不预习还能完全无压力听懂的我看只有经济学的同学了吧。更不要说网课上课的奇妙思考抢答题，本身就是网上答题会有各种各样的因素，完全可以设置为课后作业好好思考，但是上课抢答就变成了百度搜索原题抄写答案。总之，作为一门通识课，要求超过了这门课的本身的属性以及课时长度，最终只能变成了一个畸形的产物\n\n\n\n我表示我再也不选低于9分的通识课了
123651,2349,陈菲琼,2020-06-11 07:17:03,11,11,0,请大家千万不要选！请大家千万不要选！请大家千万不要选。\n\n首先，老师的学术水平极低，怕是根本不懂什么是科研，但对于数学里的正态分布，\n\n其次，老师的授课水平更低，作为通识课本身不期望她能讲出什么真理，但是张口就是别墅真的能体现自己的经济学能力，且不说用的ppt也是人大的，\n\n再者，老师真的懂什么是考察吗，期中限时两小时写一篇论文，结果说好的论文都需要长时间的思考，拜托，两个小时诶，能思考什么\n\n最后，老师的口头禅“没有绝对的公平”，呵呵，在您这学习真的是体验到这一点了。
123655,2349,陈菲琼,2020-06-11 07:29:49,2,2,0,课程体验极差
123656,2349,陈菲琼,2020-06-11 07:32:18,10,12,2,期中考试两小时当堂写论文，期末三天交论文。
123705,2349,陈菲琼,2020-06-12 05:23:16,2,2,0,我觉得说不定助教来上课体验都会比由她讲来的要好
123758,2349,陈菲琼,2020-06-13 15:51:29,4,4,0,陈老师是第一个丰富了我想象力极限的老师\n期中考察是两小时一篇论文\n期末考察是在一大堆专业课ddl之中三天写一篇不限字数上限要求尽力而为的论文\n平时上课强调没有绝对的公平\n网课提交答案比的是谁上网搜答案更快\n每节课必须认真听任务繁重\n第一次被科普原来通识课还叫专业基础课呢 \n千万别选！！！
123808,2349,陈菲琼,2020-06-14 11:11:11,12,13,1,想学经济学的人还是别选了，不如买本曼昆的经济学原理自学，反正上了课也是自学。\n\nppt和试题好多年没变过了，里面的内容对初学者很不友好，缺少逻辑没法照ppt复习，专业名字也是用缩写导致上课的时候听不明白。\n\n老师上课喜欢吹牛，对重点内容却一笔带过，不会像书里面那样从引入到深入，也没有案例。\n\n期末三天让我们完成复习+论文？？？您也清楚您上的内容有多水是吗？？？
124183,2349,陈菲琼,2020-06-27 14:33:42,3,3,0,yyc
124211,2349,陈菲琼,2020-06-27 06:20:04,4,4,0,上课没啥正经内容，考察队非专业选手极不友好
125562,2349,陈菲琼,2020-09-11 13:57:18,1,1,0,水水水
125622,2349,陈菲琼,2020-09-12 11:30:41,1,1,0,2595812
126375,2349,陈菲琼,2020-09-24 07:29:36,4,4,0,老师上课废话多，喜欢让同学上台做题，只评价哪个同学做得好可以加分，不好好分析题目，搞得你一头雾水
127279,2349,陈菲琼,2020-11-19 12:49:36,1,2,1,报这课，你要做好半学期自学2大本书的准备。至于这老师的课，不去听也罢，呵呵。
127597,2349,陈菲琼,2020-11-25 02:15:27,1,1,0,还是不错的，如果认真复习ppt、看书的话。
127659,2349,陈菲琼,2020-11-25 12:33:33,12,14,2,秋学期的经济学基础，来评价一下：\n\n1.平时事情绝对少，只有期中期末考，上课无点名，上完课了我觉得那些课时用来自己看书可能会更好\n\n2.上课抢答会有加分，但是到了后面大家慢慢也就无感了\n\n3.考试考PPT原题，PPT已经超过10年没更新了，态度由此可见一斑（这是我最不喜欢的点）\n\n4.有趣的点是老师会讲一些私货：留学经历、投资经历、她和先生、国企供气听证会上老总对亏损一问三不知的事情...这是这节课上的闪光点，但感觉其实本可以和知识结合的更好\n\n5.感觉老师说的有些话的确有些刺耳，尤其是涉及高房价这种关乎切身双方利益(我们是将来的刚需者，她代表的人是投资者、受益者)的问题的时候，我不可避免地感到反感，但还是认可一个经济学者的判断，或许者也算是收获之一吧\n\n\n\n最后：建议有一定信息检索能力的同学来选，想要通过常规方法拿高绩点在我看来是要付出巨大时间成本的。老师的教学态度是我最不喜欢的地方。
128808,2349,陈菲琼,2021-01-30 08:40:02,5,5,0,上课讲的奇烂无比，对学生以专业课的要求，考试还没选择题一堆概念默写画图分析还有很多专业术语干脆直接用缩写书上还找不到，让人连猜的机会都没有。害，期末24分我挂了这门通识，现在流的泪都是当初选课时脑子进的汞
129215,2349,陈菲琼,2021-01-01 01:35:52,2,2,0,我反正选到了直接退了，友友们自己考虑吧。作为一门通识课，又不是通识核心，我觉得你没有理由要求我在这种非专业课上花这么多时间，就像我不能逼迫一个文科生一个学期看完整本普化一样。如果老师总是觉得自己这门课有优越感的话，那还是就此打住吧，我是不会再在通识课上花太多时间的。
129548,2349,陈菲琼,2021-01-07 05:25:19,4,6,2,恶心，司马的玩意儿
129711,2349,陈菲琼,2021-01-11 09:06:19,0,1,1,无话可说
129951,2349,陈菲琼,2021-01-14 05:36:30,2,2,0,你妈，沙币玩这个
130818,2349,陈菲琼,2021-01-25 12:57:17,1,1,0,对初学者很不友好，难吐了
131837,2349,陈菲琼,2021-01-29 05:26:02,4,4,0,老师讲课水平和态度一言难尽，前面半个学期就讲了两章内容，课上吹牛时间占大半，最后两节课疯狂拉进度，想学到干货的慎选。\n\n不过水课确实很好水，期中期末会考ppt原题，其他题也跟历年卷差不多。
131840,2349,陈菲琼,2021-01-29 05:52:35,1,3,2,傻逼，发言做题做了个寂寞，反向卡绩
131851,2349,陈菲琼,2021-01-29 06:29:51,2,4,2,爷拉拉低这个sb的均分啦
131925,2349,陈菲琼,2021-01-29 10:07:21,1,3,2,只能说学到知识很难，拿到绩点不难。\n\n1.学到知识很难。老师上课顺序混乱，完全不按照曼昆书的顺序。她说是按照自己的方式上，让我们自己学习完整本微经。几百页的书哪有人有空给你看完？即使认真听课，我想最后对微经的理解仍是一知半解的\n\n2.绩点不难拿。期中期末考80%以上的题目都是万年不变（至少我考到的都是这样）。我想只要把以前的卷子做会了，ppt内例题搞会了，绩点肯定不会低的，我一节课没听都上4了\n\n3.老师能力应该很强，但人性格强势、教学方式也有点问题。想要通过寥寥几节通识课教会微经，这是天方夜谭。况且课上很多时间在讲述个人经历故事，真正教知识的时间就更少了，很多东西在课上都没有讲清楚。4.只能说这门课要慎选，我不介意老师在课上讲德国留学和别墅等牛批故事（我还觉得挺有趣），我也得到了一个还算满意的绩点，但这门课显然不适合很多人。
132058,2349,陈菲琼,2021-01-30 04:52:43,4,5,1,上课东西天天游离于课本之外也就算了，考试还不准助教划重点？？？！！！老师，您也知道宁讲的有多水是吗！！！上一次课讲完宏观经济学一学期学的内容，我相信能听懂的人只有经济学专业的同学了，身为一名理工科学生表示很难接受这种sb行径，exm？？？
132947,2349,陈菲琼,2021-02-05 09:14:41,4,7,3,想水学分绩点的，上课不用听，善用98历年卷和ppt就可以拿高分。想学知识的，尽早退了吧
133142,2349,陈菲琼,2021-02-10 08:38:44,6,8,2,经院之耻
133711,2349,陈菲琼,2021-03-04 05:55:56,-7,3,10,老师其实讲得不错的、很客观的老师啊
134180,2349,陈菲琼,2021-03-18 05:12:49,5,7,2,再也不要让我看到她了，课讲的贼烂，卷子出的贼难，一道大题40分，闭卷考试可还行，题目都是英文缩写，很多东西书上没有，教材选的贼厚，通识课给我们提出专业课难度要求，半个学期宏观+微观，最后就挂在陈某琼手上，坚持看教材看ppt最后，Σ_(꒪ཀ꒪」∠)，这一门课挂了把我学分拉下25，直接导致辅修的时候处处碰壁，气啊！！！
134908,2349,陈菲琼,2021-04-22 04:59:12,1,2,1,低分的老师多少有点问题，比如说上课很水，不教实在的东西
134998,2349,陈菲琼,2021-04-26 10:58:16,1,3,2,任务确实非常重 选了的孩子们 如果没有经济学基础 重在自学
135412,2349,陈菲琼,2021-05-10 03:14:53,0,1,1,。。。
135739,2349,陈菲琼,2021-05-22 12:47:05,-20,8,28,老师上课内容干货超级多，认真听下来还是会有不少收获的，如果你提前预习完了曼昆的整本书的话。助教小姐姐也非常nice，感觉是一门不错的课
141361,2349,陈菲琼,2021-10-01 03:09:40,3,6,3,老师科研不错，可能不怎么会上课
159979,2349,陈菲琼,2022-09-11 00:41:14,4,6,2,大煞笔！
160249,2349,陈菲琼,2022-09-16 01:10:22,2,3,1,金都富春山居……上课尽会扯……事儿还多……我真的会谢
160638,2349,陈菲琼,2022-09-29 02:58:28,9,9,0,我先生崇拜的说“陈菲琼简直是金融天才！”………
161272,2349,陈菲琼,2022-11-03 03:08:35,4,5,1,助教批分宽一点了，感觉还行
161660,2349,陈菲琼,2022-11-10 07:00:07,16,17,1,嘲讽自己因为要帮每晚睡桥洞下卖菜的母亲去卖菜而不能做研究的硕士生，说学问是富人的奢侈品，还公开表示同等硬性标准下一定会选富人不选穷人当学生。我不管你有没有big house，我只是根本否定你对人性的不尊重。还说自己的女儿是自己生命的延续，否定自己女儿对独立自我的认知。教育这两个字你是一点不沾边，你还是躺你的big house里面数钞票吧，经济人。
161920,2349,陈菲琼,2022-11-15 04:40:50,4,4,0,上课基本靠自学，很多概念都直接跳过，默认大家都会，期中期末两次闭卷考试打分还比较严格，最后给分完全看考试成绩，没有基础的同学慎选
162515,2349,陈菲琼,2022-11-24 02:10:37,6,6,0,老师的人品会让大多数人觉得恶心，这门课想学好需要课后下功夫看回放，期末考试之前一定要复习ppt，并背一背往年题。曼昆的书只是用来参考和帮助理解的，老师不会原原本本地照着讲。期中期末都有一道需要提前准备的论述题，是真能掌握课上知识才能答上来那种。不过助教zjr人不错，考试能尽力捞。秋学期学一学还凑合，冬学期选它应该会让你痛苦。
163562,2349,陈菲琼,2022-12-15 07:26:46,3,3,0,不能更垃圾了
163780,2349,陈菲琼,2022-12-16 05:49:37,4,4,0,我只记得金都富春山居了哈哈哈哈哈哈
164445,2349,陈菲琼,2022-12-21 04:13:13,4,4,0,讲真，在课上学不到什么东西，考试想考不错的话积极寻求帮助吧
164602,2349,陈菲琼,2022-12-22 06:56:47,8,8,0,老师实在垃圾，要来都可以来
171576,2349,陈菲琼,2023-03-29 07:18:19,22,22,0,可以说是本科期间我遇到的最恶心的一位老师了。她作为吹牛大王的代表，天天讲课三分之一时间在说她的奢靡生活。还是个极致的利己主义者，别的老师都是尽可能帮助学生，她是想尽办法刁难，坚决不给自己添麻烦。除此之外，cfq是一点作为人的礼貌都没有，打电话别人没讲完就挂，自己不想听就打断，仗着自己老，就不尊重人，一分给助教，cfq不配进评分系统。
171579,2349,陈菲琼,2023-03-29 07:17:55,6,7,1,纯的，被坑了，别选
171588,2349,陈菲琼,2023-03-29 13:43:09,6,6,0,建议纪检委来查一下，1分送上
171837,2349,陈菲琼,2023-04-07 05:21:02,10,12,2,“同等条件下我一定会先选富人做自己的学生，做学问是富人的奢侈品”……
173442,2349,陈菲琼,2023-06-08 06:45:44,3,5,2,垃圾垃圾垃圾中的战斗机，如果没有一分下限，真想给她打个负无穷！毁人不倦，千万别选，“同等条件下我要研究生肯定富裕的优先，做学问是富人的专属”被人喷过之后还犯委屈觉得自己没有错，得分基本全看考试成绩，操你妈傻逼，这傻逼课千万别选！
178050,2349,陈菲琼,2023-07-06 11:55:38,4,4,0,经济学院最差老师之一
181090,2349,陈菲琼,2023-10-08 04:28:43,0,1,1,打5分，全给经济学。
181239,2349,陈菲琼,2023-10-12 03:42:52,5,5,0,mad，沙币。傲慢且无礼
182170,2349,陈菲琼,2023-11-11 09:07:18,5,6,1,纯纯抽象老师，上课除了吹嘘自己德国留学、豪华别墅和传奇投资经历以外，基本不讲核心知识，总共就七八节课，前面都在吹牛逼进度太慢，最后两节课就直接开飞机，一节课四个PPT加一本书，还考两次试，两本教材加起来七八百面两个月全靠自学都要吐血了……衷心祝愿陈老师早日退休别再祸害学生了，您能成为求知特聘教授真的是浙大的巨大耻辱，大家也千万别选这门课（有基础的大佬除外），不然压力真的很大很大很大，大到主课会挂科的那种
182495,2349,陈菲琼,2023-11-16 14:01:09,4,4,0,2分，1分给老师本人的水平，一分给不点名。任何人别选《经济学基础》，全靠自学，半个学期自行熟练掌握微观经济学，自学曼昆教材，上课大半时间在炫耀，有种小资的傲慢…很明显自命不凡，从她自己讲的人生经历你也知道她这辈子顺风顺水，但很精致利己（叠甲，总体上是个好人，但真的非常利己），从来不回答学生问题，要求你自己思考一个星期后再问，当她的助教也蛮惨的，提前很久到教室。该放慢的地方不好好讲，赶进度就一节课放完四张PPT，ppt也不知道多久没更新了。平时没有题目给你练，总成绩就看期中和期末考。考试要自己给自己出主观题，要求还很高，学生自学半学期经济学然后用一道题目，从宏观微观经济学相结合的角度解析中国经济制裁和国外对中国的影响…这个主观题的存在是为了方便正态分布。\n\n非常不合理的课程设计，如果你想逼自己一把，半个学期速成经济学，就来吧。
182586,2349,陈菲琼,2023-11-19 16:10:46,3,3,0,最大的问题就是课程设置不合理，如楼下所言，基本靠自学，半学期自学八百页教材，应对两场正式考试。老师比较骄傲，很多时候都陶醉于对自己个人经历的叙述中，容易让人听着思想抛锚，而且老师基本上很少深入到原理，直接抛结论令人难以接受，和曼昆那种鞭辟入里相比真是相差甚远。经济学（特指这门学科）还是学得到很多东西的，强烈建议大家都去学学。这门课就没有必要选了，讲的不行，买本曼昆慢慢看要强得多，选了也不一定去听，如果你足够自律，每周抽时间三五个小时（比如这门课的上课时间）读读曼昆也行。绩杀倒没有，高分大有人在的，大部分人在3.8以上，考前临时抱佛脚也可以拿下，特别是几乎和ppt上面一样的考题……….刷绩点倒也可以………..
183681,2349,陈菲琼,2023-11-28 11:21:31,0,0,0,上课听讲，下课自学，考试能过，绩点不低
184044,2349,陈菲琼,2023-12-07 05:40:15,3,3,0,我只想说，如果这人能把她上课时花在吹水上的时间来认真讲讲课，绝对不会说那么多内容都要让学生自习吧。。。还说什么自学是拉开人与人差距的最大原因。。。无语死了，这和你上课讲得依托答辩有什么关系
184330,2349,陈菲琼,2023-12-17 14:00:57,2,5,3,再来鞭一遍尸，妈的煞笔，逆天老师逆天课，让人一下没有学的欲望，彼阳若至，暖梦似乐，初升东曦，祝早日收敛于一
184606,2349,陈菲琼,2023-12-22 02:44:26,8,8,0,菲琼女士极大地锻炼了我的自学能力。听她上课，可以非常好地了解这个老师，包括她80年代投资B股身价涨了200倍有余，她的富春山居别墅两千万，她的留学经历，德国帅哥，她的先生是土木教授，她的小狗很可爱并且死了，她的妹妹在美国，她爱吃红烧肉和肉包，她是个女性主义者————但了解这个课程……拉倒吧您，几百年不变的黄颜色PPT，第一章跳第二十章的震撼，以及每次上课都要吹一下学过政治经济学就觉得比较片面的曼昆的书。。。短时间要学很多东西对想要深入了解经济学的人非常不友善。以及，真的会绩杀，建议学点别的……
184653,2349,陈菲琼,2023-12-22 05:45:02,0,2,2,感觉还不错，上课一直很认真听，感觉讲的还不错，上课进度可能稍快，后面几节课不预习感觉会全程懵逼，考试的话买一本微经复习资料就行，曼昆书都没买[doge]，给分还不错，有4.5
185295,2349,陈菲琼,2023-12-27 15:25:26,-3,0,3,课可以不去上，不会有点名，并且明确不纳入考核。\n\n一共考两次试，内容不会很难。\n\n本人满绩。如果想要获得高分建议认真准备思考题，肯定会有回报。\n\n给助教jj点个赞
185391,2349,陈菲琼,2023-12-28 17:53:14,2,2,0,经济学基础\n\n没有基础建议别选 纯靠自学\n\n课可不到 但不可迟到\n\n不过去了也没有 听老师讲别墅和留学生活
185652,2349,陈菲琼,2024-01-03 09:21:18,3,3,0,纯纯jiba
186809,2349,陈菲琼,2024-01-13 06:28:57,2,2,0,事多，讲课烂，考试俩次，真不行
191869,2349,陈菲琼,2024-05-02 12:12:06,4,4,0,你！到底！玩不玩！原神！啊！！！！！！！\n\n通识选修不选经济学基础，就像玩游戏不玩原神，上Python不上李爽的，上分析化学不上王敏的
192774,2349,陈菲琼,2024-05-30 06:58:56,2,2,0,（期中考试分数高的都是学会微经的
193184,2349,陈菲琼,2024-06-04 08:34:33,3,3,0,如果你有一定的经济学基础，那这门课对你来说就是轻松刷分，成绩只看期中和期末的两场考试。\n\n但如果你没有相关基础，那么恭喜你，喜提3以下的绩点。作为一门通识课，毫无平时成绩可言，从来不点名，但是老师上课很讨厌有人迟到。\n\n老师毕竟是在富阳有big house的人，和我们普通平民不是同一个阶层的，上课非常的凡尔赛！
193491,2349,陈菲琼,2024-06-11 15:15:25,3,3,0,老师实在是太傻比了，导致我时隔半年又忍不住回来打一分
198839,2349,陈菲琼,2024-09-12 06:02:53,0,0,0,研究生课在吹牛。。。一直
201913,2349,陈菲琼,2024-11-07 10:33:44,2,2,0,老师实在是太傻逼了，导致我时隔一年久久不能忘怀，今天心血来潮再回来打个一分
204335,2349,陈菲琼,2024-12-03 03:27:12,3,3,0,其实课是好课，老师是好老师，\n\n但是对于课程的定位和设置不对吧，\n\n感觉把通识课当成专业课来上了\n\n可能是老师水平高，对这一门课程的要求也比较高，\n\n如果不是经济学专业的，对这方面不感兴趣的，数学差的同学还是别选了\n\n两次闭卷考哈，慎重哈
204946,2349,陈菲琼,2024-11-29 02:14:14,1,1,0,按你说的，多项选择题是“我给你提供多个选项”的选择题，那单选题是什么？“我给你单个选项的选择题”？
208462,2349,陈菲琼,2024-12-28 06:16:31,0,0,0,书厚难，老师很厉害，两次闭卷考试
208897,2349,陈菲琼,2025-01-03 07:59:14,1,1,0,其实老师和课挺好的，big house我不太在意，但这门课真的硬哈，别被第一个评论骗了，对经济学不了解的学起来是吃力的而且是1.5学分的通识课，自己考虑清楚
209642,2349,陈菲琼,2025-01-06 11:49:57,0,0,0,富春山居，高端别墅
210737,2349,陈菲琼,2025-01-10 01:39:49,1,1,0,孩子们，逃
211677,2349,陈菲琼,2025-01-12 07:00:41,1,2,1,千万不要选，上课只讲自己的经历，不讲实际有用的内容，还搞性别歧视，听了反胃，而且教材两本很厚，给分还差，快逃！！！
213848,2349,陈菲琼,2025-01-20 11:24:54,1,1,0,筷洮！
214084,2349,陈菲琼,2025-01-23 14:28:54,1,3,2,1.说好的回答问题给特殊符号在关键的分数可以往上撩呢...我1个特殊符号3、4个普通符号最后还是卡了91...\n\n2.不理解为什么有人评价老师性别歧视。通常情况下性别歧视指的是歧视女性哈。而老师恰恰是鼓励女性的立场不够坚定（可能也是因为女同学少而且反应真的不积极）。如果老师鼓励女同学回答问题就被你认为是歧视男性，那我觉得就是你的问题了。
214641,2349,陈菲琼,2025-02-15 14:03:45,2,2,0,25 年开年了第三轮选课看到选她课的人不超过 30 个我就放心了😁
218546,2349,陈菲琼,2025-04-24 12:26:18,1,1,0,很好课程，给曼昆打100分，给cfq打负99分
219618,2349,陈菲琼,2025-06-01 10:44:02,1,1,0,真不行，零基础想靠听课学东西的别来，课上的一坨学不到东西
122105,2435,洪光,2020-02-13 11:15:06,0,0,0,很可爱！
57167,2491,外聘1,2017-07-06 00:46:39,0,0,0,三个字
348,2493,外聘2,2015-03-15 01:11:20,2,2,0,虽然系统里没有你的名字，还是要给你10分，迟老师棒棒的！
3460,2493,外聘2,2015-06-16 05:35:17,0,0,0,棒
30257,2515,马良华,2016-07-01 06:47:02,2,9,7,蠢货老师，讲一学期的废话，考试让我们复习他全部的ppt，真的复习了之后，考的内容一半都不到，隔壁老师勾了一小部分重点，考试全部考了，我就呵呵。给分低得一P
30310,2515,马良华,2016-07-01 08:33:43,3,7,4,呵呵哒了 屁屁踢很乱 不划重点 给分超级差 不知道为什么学习帝这里均绩这么高 上不了3的一片片
30749,2515,马良华,2016-07-02 11:01:54,2,6,4,讲的差没逻辑，上课还点名回答问题，考试其他老师都划重点就他不划，ppt上内容与考试没有任何关系，给分还很不好！！！
37147,2515,马良华,2017-02-28 10:05:34,2,5,3,谜一样的老师 谜一样的课堂 谜一样的给分 谜一样的作业
38571,2515,马良华,2016-12-09 04:54:14,3,7,4,上课就是在念经，讲什么都是商业银行。学不到东西的
48187,2515,马良华,2017-03-01 06:29:38,-14,2,16,老师很有才华的，讲课也有自己的体系，认真听一定能学到很多东西！
56046,2515,马良华,2017-07-03 03:40:24,6,7,1,讲的不考，考的不讲\n\n给分烂\n\n
63355,2515,马良华,2017-12-01 15:29:54,3,4,1,所有人4.2等于所有人1.5等于所有人5.0有意思吗  如果你没办法在我们上交的两份作业里挑选出差异 那么请你别布置作业所有人3.0可以吗
63357,2515,马良华,2017-12-01 11:29:20,9,13,4,碰到学姐..说起金融市场营销学。学姐很吃惊啊？这课还没取消啊？
63358,2515,马良华,2017-12-01 11:58:27,29,30,1,虽然老师讲的不好，但是老师给分烂啊！
63361,2515,马良华,2019-06-15 04:49:39,8,8,0,大家都是4.2吗………\n\n给分是真的很随意了…
63438,2515,马良华,2017-12-04 06:29:25,5,7,2,不都是4.2的，因为还有3.6，感觉老师只看了论文题目?感觉自己选题虽然小众但是做得还蛮认真的啊，自己还是太naive了\n\n( ˘•ω•˘ )
65549,2515,马良华,2018-01-05 18:37:26,6,6,0,给分烂。
86649,2515,马良华,2018-09-18 00:18:59,0,3,3,我想知道大一新生能选吗\n\n
100093,2515,马良华,2019-01-25 14:36:28,15,17,2,我只有一句话，多行不义必自毙，此渣必有天收
100098,2515,马良华,2019-01-25 14:49:16,6,7,1,这个给分是认真的吗......论文认真写了期末也没觉得考得多烂啊.......真滴佛了..........上课也不咋地 慎选！
100120,2515,马良华,2019-01-25 15:18:48,9,9,0,求求他别再祸害学生了
100129,2515,马良华,2019-01-25 15:24:29,6,6,0,就是死?的傻逼一个
100136,2515,马良华,2019-01-25 15:31:42,4,5,1,怎么有这样的傻逼老师，考试做的也行论文好好写了，难道是因为上课没答上问题给我这么个垃圾分？
100247,2515,马良华,2019-01-26 00:41:05,4,4,0,给分非常差，上课也很差，期末不划重点。真的，真的，不要选。我就是为了有课上所以没有挑老师。现在当事人就是非常非常后悔。
100316,2515,马良华,2019-01-26 02:50:26,4,4,0,创了专业课最低绩点....\n\n
100382,2515,马良华,2019-01-26 04:18:48,2,4,2,讲的一般吧，会经常抽人提问。最后一节课不划重点，问了就是知识点在每一章分布很均匀，看他的PPT就行，然而PPT上的东西就没怎么考的。幸亏我向隔壁班的同学要了重点，背了十几个小时，考前一晚只睡了不到三个小时，除了最后一道论述题要看自己发挥，别的那些考的也都背到了，论文也是很认真的写了。结果绩点一出我就呵呵了好吗，本来4.4+，狂降0.2。专业课有必要这样卡着学生吗........真的是血的教训，我佛了，以后选课真的要挑老师.....
107960,2515,马良华,2019-05-12 10:08:42,1,1,0,太差了
107970,2515,马良华,2019-05-12 14:15:26,0,0,0,他会上课吗？
107997,2515,马良华,2019-05-12 23:55:16,0,0,0,水平最差的老师之一
108189,2515,马良华,2019-05-16 06:13:57,0,0,0,给分真差
141206,2515,马良华,2021-09-26 06:26:10,0,0,0,给分随意
142319,2515,马良华,2021-11-10 06:57:13,0,0,0,老师是真的想要教我们一点东西吧，从选修课的角度讲事情也不多，上课会提问
144840,2515,马良华,2021-12-25 05:48:14,2,2,0,讲得不好，水平很有限
146230,2515,马良华,2022-01-06 03:02:35,1,1,0,没上过这位老师的课，但是旁观毕业论文开题答辩，这位老师全程玩手机不看同学的ppt或者提交的资料，很不尊重人。提问也不知所云，旁观两天来最离谱的老师。
199718,2515,马良华,2024-09-28 06:08:50,2,2,0,退休了
175,2569,顾国达,2015-03-14 16:24:56,61,75,14,超级好的老师，对学生和蔼可亲，专业知识扎实，德高望重，治学和为人都是楷模
251,2569,顾国达,2015-03-14 22:40:26,26,28,2,认真，风趣，和谒，有责任心
4098,2569,顾国达,2015-06-17 16:52:44,3,6,3,上过通识，还不错
5422,2569,顾国达,2015-07-07 09:30:49,6,7,1,棒
8452,2569,顾国达,2015-11-19 13:49:54,0,27,27,上课听不懂口音 考试前看ppt看了两天 结果考…
8453,2569,顾国达,2015-11-09 12:21:43,17,18,1,身可为世范
8463,2569,顾国达,2015-09-21 11:27:35,17,17,0,口音很重，但PPT很全，讲的很精彩
8959,2569,顾国达,2015-10-06 09:35:10,39,44,5,宁波口音听不懂好伤心，老师为了弥补普通话的问题ppt做得非常用心！内容也安排得非常好～
9310,2569,顾国达,2015-10-21 03:12:31,0,4,4,听不懂（口音太魔性）
9447,2569,顾国达,2015-11-08 03:40:44,10,12,2,讲的挺认真\n\n
10061,2569,顾国达,2015-11-15 07:03:09,10,11,1,虽然论文爆掉，可那是我愚蠢的工科思维的问题，老师超爱超爱\n\n
10106,2569,顾国达,2015-11-20 02:12:04,3,4,1,老师特别好
10533,2569,顾国达,2015-11-19 12:03:16,11,14,3,ppt满满的干货，人很好，给分极好，强烈推荐世界经济导论课。有一点点口音，北方同学可能听不懂
10623,2569,顾国达,2015-11-21 00:48:16,6,7,1,老师讲的真的很好，说实话听他的通识一点都不枯燥。遗憾的就是普通话不太好，我得仔仔细细听。。。但还是超棒
10668,2569,顾国达,2015-11-22 04:08:44,1,4,3,博学，务实，风趣，求是
11021,2569,顾国达,2015-11-24 01:56:44,2,6,4,老师讲得很好啊啊 虽然有口音但是不碍事 ppt也很好啊 通识课 三次名 都是签到 而且！分给的真是很高啊！！绝对的良心！！！
11156,2569,顾国达,2015-11-24 23:24:31,0,3,3,讲课内容好，PPT做得很充实，就是宁波口音有点听不懂，给分也蛮好
12642,2569,顾国达,2015-12-23 17:56:24,0,2,2,给分很高 上课听不懂 口音重 但是能学到知识
12810,2569,顾国达,2015-12-24 05:47:08,-4,3,7,听不懂宁波话慎选！听不懂宁波话慎选！听不懂宁波话慎选！
12914,2569,顾国达,2015-12-24 09:50:27,0,3,3,认真，幽默，好相处，经常喜欢调侃自己浓浓的宁波口音，ppt做得巨详细！
25652,2569,顾国达,2016-05-31 03:22:46,0,0,0,很认真，喜欢那个口音^_^
31934,2569,顾国达,2016-07-05 07:43:21,0,1,1,挺棒的，正在等成绩
32989,2569,顾国达,2016-09-10 04:21:21,0,0,0,老师上课很好
33183,2569,顾国达,2016-09-14 13:54:58,0,1,1,导师，人很nice
33472,2569,顾国达,2016-09-19 12:22:11,2,3,1,老师的课非常有趣，我是宁波的，乡音听着很亲切
34834,2569,顾国达,2017-02-24 08:42:54,30,33,3,顾老师上课说：一学期的课下来，我哪怕只有一句话能打动你、记到你心里去，那我也就成功了。顾老师做到了，【条条大路通罗马】，我每次碰到困难、意志消沉时，还真的能想起顾老师用宁波口音说这句话，想起顾老师上课时的轻松愉快、幽默搞笑。感谢顾老师，时常能给悲观的我带来自信和希望。
35266,2569,顾国达,2016-11-07 12:17:08,0,1,1,老师上课很有趣，学到了一些人生的经验
35322,2569,顾国达,2016-11-08 09:03:55,0,2,2,
35596,2569,顾国达,2016-11-10 07:30:27,0,0,0,顾男神！
35749,2569,顾国达,2016-11-10 08:00:45,1,1,0,挺风趣的老师，口音对浙江学生来说大部分能听懂\n\n
35752,2569,顾国达,2016-11-10 08:01:38,0,2,2,可以感觉到顾老师上课挺幽默的，然而并没有听懂他的普通话...非浙江人慎选
35943,2569,顾国达,2016-11-10 09:00:28,0,1,1,超好的老师?，学识渊博，很幽默，上课本来想做作业都忍不住要听他讲，给分也好。虽然老师的方言有时候听不懂，但还是很可爱的，diaodiao大路通罗马~
36208,2569,顾国达,2016-11-11 05:42:47,32,38,6,条（diao）条（diao）大路通罗（lu）马～
36275,2569,顾国达,2016-11-24 02:51:50,0,1,1,好呀好呀\n\n
36322,2569,顾国达,2016-11-12 00:51:24,2,2,0,人很好，很负责很有趣，只是考试资料多了点，不过是开卷考
36398,2569,顾国达,2016-11-13 01:50:00,0,1,1,老师口音重，但是上课还蛮有趣的。考试开卷考大部分内容很容易找到
38074,2569,顾国达,2016-11-24 02:43:56,0,1,1,老师人巨好！给分也巨好！
38081,2569,顾国达,2016-11-24 03:05:09,0,0,0,ppt翔实 口音重 出分慢 给分高
38086,2569,顾国达,2016-11-24 03:18:10,1,2,1,虽然我阵亡了，但还是给了满分，老师挺好的，上课可水可听，一些独到见解也值得听听。
38091,2569,顾国达,2016-11-24 04:06:52,6,10,4,北方人表示什么都听不懂，考试开卷，答完了，论文写了，得分3.3。可能是我自己问题，理科生，听起来很艰难，论文自己感觉也很难写，不说什么了
38168,2569,顾国达,2016-11-25 07:08:35,1,3,2,请记住 diao diao 大路通罗马
38400,2569,顾国达,2016-12-02 04:24:59,1,2,1,顾老师的课的确能够学到有用的经济学内容，讲课也很风趣幽默。老师也是为学生的绩点考虑，不会有过低绩点产生。虽然我只是个经济小白，但是也能够承受。作业是论文，然后参加一场考试。论文好好写，拿个模版，考试前仔细看看课件，打印出来（稍微有点麻烦）然后考试抓紧时间写，应该可以了。
39959,2569,顾国达,2016-12-28 10:27:41,4,4,0,老师讲课贼好玩，给分也高。“我当年见马云的时候啊”
40125,2569,顾国达,2016-12-29 09:58:25,15,18,3,壮哉我大宁波
41304,2569,顾国达,2017-01-10 13:10:29,4,5,1,将真的，这门课挺水的，老师是很和蔼，心灵鸡汤也不错，而且没有作业。但是内容都是初中高中的常识啊！没有学到干货。
50284,2569,顾国达,2017-05-02 07:03:33,2,3,1,老师真的很好的，讲课有口音是事实，但仔细听也还好吧，至少南方的同学问题不大，给分上，老师在上课的时候就讲过，他的课要得到很高的分比较难，因为不想同学们之间差距太大
50285,2569,顾国达,2017-05-02 07:21:51,0,1,1,给分没有想象那么好，但是有可能是因为自己缺了一次课的缘故
53376,2569,顾国达,2017-06-26 13:00:17,1,1,0,口音特别重，但是讲得挺好，最后被正态的让我哭哭。
54569,2569,顾国达,2017-06-29 15:51:32,6,7,1,虽然老师有口音，但跟课程有关的“台词”都打在PPT上了，只是他讲的一些故事或道理，听不懂的话就有点可惜了。
58075,2569,顾国达,2017-07-28 07:43:40,0,1,1,达叔长得很像我爸...我认真的...车也开得和我爸一样好~
58906,2569,顾国达,2017-09-18 10:58:58,1,3,2,老师说的是日式英语，可能是在日本留过学的缘故。
61808,2569,顾国达,2017-11-21 05:13:43,6,6,0,可水可听 听的话干货很多 期末论文加考试 认真写论文认真准备应该成绩不会差老师很可爱比个心
61809,2569,顾国达,2017-11-21 05:20:48,1,1,0,任务不重给分还好，还能学到很多东西！
61810,2569,顾国达,2017-11-21 05:22:57,1,2,1,emmmm给分超好的！老师人也很好！作业也不多！不过对于文科生来说 就是高中历史经济部分
61818,2569,顾国达,2017-11-21 06:02:50,3,5,2,说实话，虽然最后分数不错，任务也轻，但是感觉很多都是常识，没学到什么东西。
61840,2569,顾国达,2017-11-21 08:00:05,1,4,3,论文认真写了，期末考试认真准备了，最后给分超好?
61895,2569,顾国达,2017-11-21 12:11:46,4,5,1,讲课内容很多，但是ppt跳的也很快，但是感觉对个人提升不大，虽然不听期末也没问题。期末考狂抄。
62860,2569,顾国达,2017-11-27 07:20:03,-8,6,14,有什么可说的，这课上了完全没意义
64309,2569,顾国达,2017-12-22 10:29:20,1,2,1,老师有口音，明明是宁波口音，我听起来有点像上海话。。。期中有论文，考试抄PPT就可以了，平时听和不听都看自己，个人提升真的不是很大，因为社科生本来就要学微观和宏观经济。
69656,2569,顾国达,2018-01-25 07:13:26,6,6,0,超级棒的老师，一学期听得最认真的课就是顾老师的期货。上课可以学到满满的干货，最后期末考试开卷也不难。老师的口音很亲切，就是难为了北方的同学
69739,2569,顾国达,2018-01-25 09:49:54,2,3,1,特别喜欢顾老师
77239,2569,顾国达,2018-05-04 05:49:21,-3,0,3,期货开卷，给分很好
80875,2569,顾国达,2018-07-02 07:14:53,1,1,0,上课干货满满，真的能学到东西。期末考说开卷就完全都是ppt上找得到的内容，不给学生增加负担。上课听了的话一道开放分析题也不难，真的好老师❤️
87619,2569,顾国达,2018-10-08 11:57:01,3,3,0,看得出是真的热爱浙大！！
90387,2569,顾国达,2018-11-23 10:29:12,1,2,1,刚出分来评。。。老师人好事少给分高，就一篇论文4次点到，期末开卷抄书。课本可以不买，买了课上也用不到。老师口音听不懂也不用担心，要说的都在ppt上了，别犹豫，选吧！
90396,2569,顾国达,2018-11-23 10:59:51,2,3,1,老师挺好的 虽然绩点爆炸
90423,2569,顾国达,2018-11-23 12:34:49,1,1,0,期末开卷很简单大家都提前交卷 最后一题来不及抄以为自己要挂了 结果居然上4了 学渣真的感激涕零???
90429,2569,顾国达,2018-11-23 12:51:48,1,1,0,真的很好，人超级nice，语重心长
90434,2569,顾国达,2018-11-23 12:57:05,1,1,0,很不错
90437,2569,顾国达,2018-11-23 13:07:56,1,1,0,老师特别可爱 人很不错
92515,2569,顾国达,2019-01-01 13:25:51,0,1,1,顾老师人真的超棒啊!!上课幽默风趣，口音什么的根本没影响的，老师很用心也很认真。ps.顾老师穿正装好帅的!
102926,2569,顾国达,2019-02-25 03:57:53,1,1,0,好老师，一生推。
107980,2569,顾国达,2019-05-12 14:24:10,1,1,0,超级棒的老师！
107981,2569,顾国达,2019-05-12 14:24:33,1,1,0,特别有收获！
107998,2569,顾国达,2019-05-12 23:55:33,1,1,0,非常棒
108019,2569,顾国达,2019-05-13 03:58:26,1,1,0,好老师！
108049,2569,顾国达,2019-05-14 02:17:39,3,3,0,满分！
108146,2569,顾国达,2019-05-15 16:27:36,0,1,1,良心老师
108185,2569,顾国达,2019-05-16 06:11:30,1,1,0,非常棒的老师
108232,2569,顾国达,2019-05-17 01:50:24,1,1,0,讲得很好
112181,2569,顾国达,2019-07-03 19:18:58,8,10,2,给分低......
112228,2569,顾国达,2019-07-03 23:38:32,2,3,1,只讨厌正态分布
112281,2569,顾国达,2019-07-04 00:40:13,5,5,0,给分一般
112526,2569,顾国达,2019-07-04 17:00:06,1,3,2,给分还行吧，一篇论文还算应付的过来，期末PPT上都有，但是还是要抄的全吧，抄的手都要断了。老师上课很有风度和眼见，这毋庸置疑。怪就怪在学校恶心的正态分布…
116473,2569,顾国达,2019-09-11 01:25:53,-12,5,17,3.6 历史新低
120140,2569,顾国达,2019-11-17 23:54:50,0,1,1,负责认真可爱
120157,2569,顾国达,2019-11-18 01:37:56,3,6,3,如果说要在老师里面找一个做男朋友，我一定选顾老师！！！！
120158,2569,顾国达,2019-11-18 01:39:16,0,2,2,老师给分太好了吧!!!
120159,2569,顾国达,2019-11-18 01:40:43,1,2,1,老师真的超级棒，能传授真正的书上学不到东西，有眼见，人超级好，有魅力给我们的建议也很用，我爱了。我心中年度最爱老师！
120164,2569,顾国达,2019-11-18 01:55:11,2,3,1,没什么别的好说的了 给我选顾老师的选顾老师！！（宁波口音重啊哈哈哈哈哈哈哈）
120172,2569,顾国达,2019-11-18 02:52:53,0,1,1,太棒了
120188,2569,顾国达,2019-11-18 19:36:20,9,11,2,口音很重，开卷考题目简单到考前打完PPT直接抄都行，基本上提现不出上没上课的差别，但是给分标准比较严，名词解释不能只抄定义（感觉稍微被坑了，正态的锅吧）。
121475,2569,顾国达,2019-12-15 15:39:19,2,2,0,老师特别可爱，上他的课没有压力反而学到了很多，还记得老师分分钟赚好多钱(=^▽^=)
123141,2569,顾国达,2020-05-12 15:25:25,6,6,0,老师很可爱给10分，但是通识课讲真收获并不大。。
124023,2569,顾国达,2020-06-20 16:02:19,1,2,1,事少给分好
124863,2569,顾国达,2020-07-14 02:00:54,5,5,0,给分一般，有点小伤心
127066,2569,顾国达,2020-11-05 02:12:48,0,0,0,给分很好，偶尔点名，第一次上顾老师的课的同学 可能比较辛苦，老师口音有点重。
128837,2569,顾国达,2020-12-26 01:37:51,0,1,1,世界经济导论，上课中途签到码点名，事情真的很少，如果认真完成论文，考试前有好好复习，给分还不错。\n\n老师很可爱，口音也很可爱，上课还会讲一些人生道理，一般这个时候听的比较认真doge其他时间划水\n\n老师有说为了照顾被正态的同学会控制高分人数
129087,2569,顾国达,2020-12-30 05:49:21,0,1,1,老师是好老师，讲课认真，讲的也挺有意思，人很和善也很敬业，是我没好好学，所以最后分数一般。
138267,2569,顾国达,2021-07-08 08:51:35,1,1,0,老师给分很好，事也很少。爱了爱了
138280,2569,顾国达,2021-07-08 10:18:14,0,0,0,签到码点名，本来想全旷的，最后几节课在播视频的时候写黑板导致看不到，去了两节课，老师讲的真挺好的。论文说是30%查重，但我的去查重了基本很烂。缺课2次。开卷考试ppt基本都有。最后3.6居然没被正态？突然对我以前认真上的一门通识感觉很痛苦。
143569,2569,顾国达,2021-11-27 07:31:48,0,0,0,听着口音有点累啊，不过老师很好的～
143570,2569,顾国达,2021-11-27 08:27:17,3,4,1,觉得好失落……\n\n论文写了好久，查了好多数据资料\n\n考前认真复习了还做了思维导图\n\n个人觉得试卷写得也还不错\n\n被正态了，3.3……
143571,2569,顾国达,2021-11-27 08:43:21,-8,5,13,千万不要选他的通识课，\n\n认真学了（而且您还有宁波口英，我一个外地人根本听不懂您在说什么）！论文自己查资料写的，自己找的角度，字数也够。考试打印了一堆资料，除了一个五分的题没翻到答案。上课点名没有缺过一次。\n\n3.3？？？？？？excuse me？？？？？？？？？？？？？\n\n还真是乱给啊\n\n那您下次乱给分就给快点吧！\n\n秋学期考完冬学期第三周才出分，也不知道您在纠结什么？\n\n反正也没认真看。\n\n垃圾老师真实害人不浅！
143583,2569,顾国达,2021-11-28 01:38:15,42,45,3,点名3～4次 作业为1篇论文20%，期末开卷考试（名词解释5*6+简答2*15+论述2*20）占70%。老师人很好，期末需要认真准备。期末注意点的老师考后原话在此：因是导论课的关系，30%同学成绩需在79分或以下，系统方可提交。因此，结合开卷考的特点，判卷标准从严。如名词解释中的，布雷顿森林体系。答题中假如未写具体的特点，会扣2--3分。论述题中对新冠疫情的认知部分，如未说明是呼吸性冠状病毒病，传染性大，至今源头未清需科学溯源，等将扣3-5分。79分以下的同学，大多是答卷相对不全的结果。特作补充说明。希望理解。
143585,2569,顾国达,2021-11-28 03:03:50,1,1,0,老师人不错，就是给分一般。我论文认真写了，考试也认真写了，最后82分3.6（暴风哭泣）
148478,2569,顾国达,2022-01-12 15:25:52,2,2,0,除了口音重，其他都好！
155392,2569,顾国达,2022-06-12 05:34:15,1,1,0,宁波人表示口音很亲切，老师很有活力和学识，讲课内容丰富。课程很有意思，开阔视野。课上事少，共点名四次，论文一篇，考试一次
157230,2569,顾国达,2022-06-22 12:45:22,11,11,0,顾老这学期身体不好，有两节课是别的老师代上的，但最后一节课还是带病来了。因为老师有过日本留学的经历所以我论文写的是有关日本经济的话题，最后给分不错，4.8
160886,2569,顾国达,2022-10-18 08:02:46,0,1,1,详实有质，堪为师表
161520,2569,顾国达,2022-11-08 06:21:14,-1,1,2,好喜欢老师的口语
162208,2569,顾国达,2022-11-17 17:44:03,1,1,0,平时上课以PPT为主有点无聊，但是老师蛮可爱的\n\n考前过了一遍PPT，论文认真写了字数超好多，最后给分4.5还算满意
162396,2569,顾国达,2022-11-21 12:25:29,0,2,2,老师说话一股口音，听不懂，上课内容水，但每节课数字点名，给分烂，严格按正态
162397,2569,顾国达,2022-11-21 12:28:45,1,1,0,讲话一般人听不懂
163271,2569,顾国达,2022-12-12 02:23:24,4,4,0,上课口音比较重，内容非常浅显。\n\n不过每节课签到可以水，期末考试抄屁屁踢就行。\n\n最主要是给分很严格，我的身边统计学是3.3，3.6，3.9
163470,2569,顾国达,2022-12-14 11:44:52,0,0,0,好老师，他已经在尽力让我听懂了，不过我还是听不懂……
163952,2569,顾国达,2022-12-17 01:24:37,0,0,0,上课不错，给分一般（可能是我论文写的不太好）
166252,2569,顾国达,2023-01-11 14:33:47,2,2,0,老师上课讲的很不错，认真听还是有收获的，不过有一些口音，但ppt很详细算是弥补。然后感觉给分不咋地。
183519,2569,顾国达,2023-11-27 04:30:59,1,1,0,给分太差了实在 唉
183862,2569,顾国达,2023-12-01 11:19:03,4,4,0,期货开卷考试抄书有点来不及，分析题最后几分钟乱写完。没想到分数还可以，谢谢顾老师！
183921,2569,顾国达,2023-12-04 00:37:54,2,2,0,期货给分还可以
184335,2569,顾国达,2023-12-18 04:52:00,1,2,1,本学期顾老师没有点过名。\n\n先说课程，期货理论与实务。\n\n顾老师yyds，理论部分中规中矩，老师口音感人，苯人北方人，加之听力不好，基本每句话都有几个字听不清，每三句话就有一句话听不懂，一定程度上影响上课体验，但顾老师的PPT内容全面，结合PPT很容易理解老师在讲什么，不影响整体的课程学习。\n\n\n\n实务方面，顾老师直接现场展示期货买卖，并鼓励我们未来也实操看看，苯人没胆量炒期货，拿着压岁钱小试股票，居然真的几周就赚了一个月生活费！不过结课之后觉得心太累了，就没有再炒。但是足以证明老师上课真材实料，完全把自己的宝贵经验分享给大家。\n\n\n\n经院神仙老师，满足我对经济学院的所有想象
184739,2569,顾国达,2023-12-22 11:17:12,-1,0,1,帅气男神
194546,2569,顾国达,2024-06-24 10:03:29,2,2,0,好老师啊啊啊啊
203647,2569,顾国达,2024-11-20 09:48:19,6,6,0,老师超级好，讲课很有趣，但是大家可能觉得这是选修课就不听，我个人觉得是很值得学一学的。考试当天才想起来要打印PPT，最后没打印只带了书去考试，竟然拿到4.2，已经很满足啦
203810,2569,顾国达,2024-11-21 07:14:34,6,6,0,世界经济导论\n\n顾老师人真的很好，第一节课就告知了本学期所有任务以及期末论文题目，也表示教务系统正态分布的要求下自己只能在优先条件下尽量给分，很坦率地说自己普通话不标准（如果会宁波台州发言同学会听得很顺畅，老师是宁波人），建议第一节课难以适应的同学退课，很真诚。\n\n课程内容部分是短学期八次讲座，本人是出于兴趣选的经济通识，课程内容干货很多，但很多概念是初学不易理解，有兴趣可以课后进一步学习，作为经济入门很不错。老师平时会在群里转发一些时事推文或是各领域的科研评论，如果认真看了也会有所收获。\n\n期末考是开卷的名词解释，简答题和论述题，两小时内可以自由发挥，课程论文自选论题，老师也鼓励在有空时提早完成，照顾到我们的专业课学习。\n\n老师作为文革后较早的一批日本留学生，专业领域卓有成就，知识储备深厚，上课基本上西装革履，温文尔雅，完全符合我对大学教授的想象，尽管因为是通识课很多同学在干自己的事，还是尽力让课堂变得生动，很值得一选。
209557,2569,顾国达,2025-01-06 08:50:26,1,1,0,先放评价：好老师！！！\n\n世界经济导论秋学期一共八次课，除了第一节课平时每次都要点名，是数字点名。出于对经济的兴趣选了这门通识课，老师有点宁波口音，特别特别温文尔雅，上课有尽力把这门课讲述得有意思，认真听还是收获比较大的，课程内容难度不是很大，老师每节课后会上传PPT，平时也会在群里上传一些经济、时事相关的链接。\n\n分数构成是10分的签到，30分的论文，60分的开卷考。论文是自由选题，要求在3k字左右，我大概写了一星期，开卷考前梳理了一下PPT内容，最后4.5，感觉给分还是很好的。
213810,2569,顾国达,2025-01-20 04:41:15,0,0,0,期货课，讲课、给分中规中矩，就还行，但也不能说很好，，看实盘相对比较有意思
215524,2569,顾国达,2025-02-27 12:47:36,0,0,0,老师人很好，点名有两次漏了，跟老师说明了情况，老师没回还以为凉了，结果一看学在浙大老师都默默把缺课改成到课了。\n\n当时别的课业很重，期货因为是开卷就没怎么听课，考前看了一下k线那些就去了，但是分析题还是不太会做，硬着头皮写满了。也要感谢学姐整理的开卷资料，非常详细，考场上似乎人手一份，都用不到ppt。以为分析题会扣很多结果出分4.5，我真的很满意了，甚至有点愧疚，毕竟没有好好听课。\n\n结课很久了顾老师还会在群里分享期货相关的公众号文章，上课给我们展示操作也挺有趣的，ppt也做的非常详细。真的是好老师。
60755,2643,曹正汉,2017-10-29 12:19:47,-5,0,5,曹教授现在是社会学系主任了，造诣挺深，听过他的讲座，不过时间没安排好，铺垫太啰嗦。
69703,2643,曹正汉,2018-01-25 08:40:29,-2,2,4,新制度经济学，上课主要带着回顾新制度经济学的一些文献，老师讲课很清楚，平常没什么事情但是期末考是记12篇文献的内容（据说以前更多）会耽误很多复习其他功课的时间，英文不好＋经济学基础比较弱的人慎选个性……老师给分还行，不过没有期望的好
140702,2643,曹正汉,2021-09-15 07:17:19,3,4,1,经济学原理大绩杀，上课沉闷无聊，能别选就还是别选了吧，去学微观宏观不香吗
141370,2643,曹正汉,2021-10-02 11:19:04,2,3,1,螺旋大绩杀，最高分只给3.9，讲课还很无聊
144152,2643,曹正汉,2021-12-19 16:07:09,2,2,0,每一节课都点名\n\n讲课水平太差了\n\n给分标准也成迷\n\n社会学同志快跑
151381,2643,曹正汉,2022-03-02 02:19:56,1,1,0,总之，除了看着不爽的小朋友，其他社会学小朋友我一律劝退，别和自己的绩点和时间过不去。我微经宏经学的水多了，微经比这门课高1.2，宏经比这门课高1.5，大无语
151383,2643,曹正汉,2022-03-02 02:24:41,1,1,0,老师充分发扬了部分老教师的特点，无聊且给分低迷
151984,2643,曹正汉,2022-03-22 11:46:30,1,1,0,平均绩点减一才是正确的\n\n没错，减1.00\n\n所以大家加油
152677,2643,曹正汉,2022-04-18 07:25:39,1,1,0,经济学原理，学不到东西，真没啥意思
154770,2643,曹正汉,2022-06-05 03:26:14,1,1,0,一言难尽…
159878,2643,曹正汉,2022-09-07 13:36:30,-2,0,2,非常好
161435,2643,曹正汉,2022-11-07 02:58:29,0,0,0,我只能说之前他是社会学系系主任（？）真的是社会学系的大不幸…，可能个人确实有成就吧…但是在课程方面对学生考虑的不够多了…
551,2669,严谷军,2015-03-15 04:47:25,-43,23,66,懒鬼一个，一巴掌打死
8685,2669,严谷军,2015-09-24 03:44:44,-11,8,19,为什么没有0分
8827,2669,严谷军,2015-09-28 10:58:36,13,17,4,老师上课还是很认真的啊。评分好低
9203,2669,严谷军,2015-10-16 12:05:13,10,14,4,古板的幽默
11831,2669,严谷军,2015-12-17 02:41:05,-28,9,37,真的不明白这样的老师会为什么会在浙大存在
14412,2669,严谷军,2016-01-07 02:27:22,19,19,0,认真的好老师
15079,2669,严谷军,2016-01-12 02:23:15,34,41,7,重要的事说三遍
19435,2669,严谷军,2016-01-24 08:18:23,59,78,19,有重复强迫症
19478,2669,严谷军,2016-01-24 10:28:17,-7,4,11,出分真心慢
19668,2669,严谷军,2017-08-27 06:45:08,40,40,0,老师讲得还不错啊小朋友们不要慌。上课基本不水，考前还給画重点。
19696,2669,严谷军,2016-01-25 06:06:33,25,26,1,真心去学的，老师水平足够。我向老师请教，得到的回复真心有用\n\n
19923,2669,严谷军,2016-01-25 14:30:41,3,4,1,虽然课不怎么样 给分buc
22123,2669,严谷军,2016-03-02 11:50:38,21,22,1,还是很不错的老师，至少上课非常认真，可以学到很多知识，只要认真听，分数不会差的。
22664,2669,严谷军,2016-03-09 12:31:16,34,37,3,老师讲课蛮好 经常补充书本以外的知识 就是讲课的时候右手总不自觉的做出捻钱的动作哈哈哈
40163,2669,严谷军,2016-12-29 14:05:29,1,3,2,老师很认真教学，只是很容易走神……
43746,2669,严谷军,2017-01-17 02:13:51,2,5,3,要挂科了gg
43911,2669,严谷军,2017-01-17 06:12:53,3,5,2,认真听会学到很多。
45644,2669,严谷军,2017-01-20 01:51:48,5,7,2,重要的事情会说三遍，但是知道的很多。
45651,2669,严谷军,2017-01-20 02:04:22,7,9,2,给分不错的，认真听会有收获（虽然我老是做别的事去了）期末考试前觉得自己要挂了，还好考得不难吧2333
45661,2669,严谷军,2017-01-20 02:17:30,5,8,3,挺好的老师，重要的事情说三遍，导致我即使很想认真听也老是神游。。。考前划重点，给分好
45676,2669,严谷军,2017-01-20 02:39:23,3,4,1,棒棒棒
45689,2669,严谷军,2017-01-20 02:51:48,2,5,3,老师挺好的 认真教学 考前划重点 给分也很好 就是口音有一点重会重复讲话 不过人和课都没什么问题
45702,2669,严谷军,2017-01-20 03:10:24,3,5,2,很可爱的老师\n\n金融学上课不点名\n\n一篇论文
45876,2669,严谷军,2017-01-20 08:10:40,5,6,1,老师蛮好的，虽然课有点无聊，但认真听有收获。事情特别少，不点名，考前划重点✧*｡٩(ˊωˋ*)و✧*｡
47059,2669,严谷军,2017-01-23 12:44:31,-10,5,15,这个老头真的不是在搞笑吗 一直勾假重点\n\n\n\n考试的时候一脸蒙蔽 只能交假试卷 ppt念得风生水起
48679,2669,严谷军,2017-03-09 07:28:52,0,3,3,这个这个这个\n\n对吧对吧对吧\n\n重要的事情三遍是不够\n\n三节课，内容也就一节，因为大部分时间在重复
48894,2669,严谷军,2017-03-16 02:10:12,-3,3,6,墨迹死了
56975,2669,严谷军,2017-07-05 05:21:52,6,7,1,老师很负责，事情少，给分儿好，只要好好听好好记笔记，期末好好背成绩就会很好的，给老师点个赞
56980,2669,严谷军,2017-07-05 05:35:56,3,5,2,感觉选来当个性有点后悔，要背的太多了，以及考试上厕所的人也太多了
56985,2669,严谷军,2017-07-05 05:50:56,1,3,2,很认真的老师，只不过喜欢重复哈哈哈，上课几乎没听，考前看了看书，有了3.6 ，如果认真背，认真听，估计分数可以很高，老师给分很好
56989,2669,严谷军,2017-07-05 06:02:01,6,7,1,虽然重点是假重点，但给分是真不错。从来不点名，交一篇论文。很好啦！
57000,2669,严谷军,2017-07-06 13:06:54,-3,1,4,心比天高命比纸薄就是形容这门课之于我，不说课程和老师，单说考试，这考试也太垃圾了吧，呵呵
57053,2669,严谷军,2017-07-05 09:45:37,0,2,2,老师蛮好的，很有学识，认真听课能学到很多东西，考前认真背，能拿到不错的分数，不过还是建议平时要跟上复习，不然期末会很狼狈~
57375,2669,严谷军,2017-07-07 04:46:04,1,3,2,金融学还是靠自学和找往年题库（上课是真的困
59003,2669,严谷军,2017-09-19 05:23:04,25,36,11,老师一节课说了无数遍的 对哇 笑死我了
59718,2669,严谷军,2017-09-26 06:55:16,1,3,2,老师每句话听起来都觉得很有道理，但连成一节课就不知道自己到底学了什么。每个点说的太多，同一句话以不同表达重复很多次，反而抓不到点
59834,2669,严谷军,2017-09-27 10:48:48,2,4,2,对哇！对哇！?
63057,2669,严谷军,2017-11-28 05:18:09,0,1,1,有人知道金融学的公邮么
65376,2669,严谷军,2018-01-03 12:22:56,49,50,1,非常敬业，今天嗓子不好还一直坚持讲课，很感动
65967,2669,严谷军,2018-01-10 12:59:45,14,15,1,就冲他考前会画重点我也要给他十分
65970,2669,严谷军,2018-01-10 13:08:08,5,9,4,老师超级棒！！讲课讲得非常详细，讲得也很好！！很喜欢这个老师了！！！
69331,2669,严谷军,2018-01-24 13:13:01,3,9,6,心态炸了，考试上厕所的人一堆，做什么以为我们没点b数吗，老师上课讲得水，考试么感觉和老师上课的重点有点不同步
69640,2669,严谷军,2018-01-25 06:14:03,24,26,2,老师最后勾的重点和考试是对应的…上课会拓展一些其他知识，挺好的。以及，考试的时候，刚发卷子就有人出去很久都不回来是几个意思？？回来就刷刷刷的写，监考老师不管吗。
70034,2669,严谷军,2018-01-26 04:41:09,15,19,4,考试上厕所的人太他妈的多了吧？？？\n\n有地方投诉吗？？？？
72524,2669,严谷军,2018-01-30 09:35:07,2,2,0,谷军爷爷，怎么还不出分，要报警了
72578,2669,严谷军,2018-01-30 12:34:55,3,4,1,我爱他啊啊啊啊啊
72598,2669,严谷军,2018-01-30 13:14:13,6,6,0,感谢谷军！等了那么久，终于尘埃落定！
72622,2669,严谷军,2018-01-30 14:02:00,4,4,0,考前划重点，给分也很好！
72632,2669,严谷军,2018-01-30 14:35:36,9,10,1,老师喜欢重复，对于专业学生可能比较烦，但是对于我们这样的理科生很好，至少可以跟得上\n\n上课和书上有比较大的差距，但是上课都是干货，能学到东西，考试最后有重点，个人觉得还是比较全的，除了论述题，几乎都会覆盖到\n\n给分不错，虽然卡绩了但是对于非专业有个4.2也不错了
72637,2669,严谷军,2018-01-30 14:57:47,3,3,0,老师知识水平很高，讲课信手拈来，和同学们互动不多，重点和给分都很棒！
72669,2669,严谷军,2018-01-30 21:32:48,3,3,0,老师不错的，重复几遍对我这种容易走神的很好。\n\n就是监考老师也太松了吧，几个人同时去厕所，很久不回来。投诉!
72691,2669,严谷军,2018-01-31 01:46:35,7,7,0,老师课可水可不水，然后关键是给分不错的。我问了圈，最后只看了一天书就去考试的大概3.6，学的比较好的有4.5。ps 作弊的你不怕遭报应吗？？？
72704,2669,严谷军,2018-01-31 02:22:05,3,3,0,老师很好，画的重点也很好，强烈投诉考试上厕所的，真鸡儿多，考完出门窗边还看到最后几排在用手机，hh，监考老师不管一点也是醉了。
72920,2669,严谷军,2019-03-21 11:56:14,5,7,2,老师给分高，上课很仔细，没毛病。但是，不知道是不是留学生比较多的原因，上厕所（抄答案）的人一波接着一波，心里没点哔数吗？随便背背就能上4了，何必不要一点脸？
74847,2669,严谷军,2018-03-06 06:01:08,2,3,1,一分钟十个 对吧
76123,2669,严谷军,2018-03-27 09:36:38,7,8,1,老师好可爱啊！以及认真看了金融学混乱的教材才知道老师讲课的条理有多清晰多有逻辑性！！
79559,2669,严谷军,2018-06-09 08:04:35,5,5,0,自带数据库！
84168,2669,严谷军,2018-07-12 07:17:17,1,2,1,之前评论的留学生上厕所作弊的事情今年已经没有了，考试期间禁止上厕所。趁着成绩还没出评论一下，老师讲的内容是没问题的，但是一句话重复三遍，一分钟好几个“对吧”，让人很容易开小差。
84339,2669,严谷军,2018-07-12 15:03:28,1,1,0,考前勾的重点太感人了
85117,2669,严谷军,2018-07-15 13:29:21,5,5,0,老师额外扩展的东西很多，最后考试也很宽容。
85119,2669,严谷军,2018-07-15 13:31:58,16,18,2,金融学，个人觉得很水，认真听课的很少，教材顺序混乱但老师讲得很清晰，重复和 好吧 这毛病怕是改不掉的，认真听绝对对打好金融学基础有很大帮助(就那些个金融名词老师解释得很通俗易懂)，给分很好，至少我很多不会做但都写满了分数就还好
85121,2669,严谷军,2018-09-17 11:10:23,14,14,0,惊了，我就算考这么差，还被老师抬上去了，感天动地好老师！！事情还巨少！！谢谢谷军爷爷~
85133,2669,严谷军,2018-07-15 15:12:23,8,8,0,啊啊啊啊，我一个学期没听课，考前花了一天熬夜认真复习了所有重点，老师给的分真的很良心！！！谢谢老师！！！
85157,2669,严谷军,2018-07-16 00:33:42,0,2,2,太好了
85171,2669,严谷军,2018-07-16 01:29:29,6,6,0,每节课几乎都认真听了，但是金融内容很多很杂，就记了一大堆笔记完全不够，要平时多积累多记忆！虽然我没有做到，但给学弟学妹总结下经验吧。要想真正学好这门基础课真的要平时多看看书看看笔记，考试前才不慌。\n\n老师上课虽然重复，但是内容真的很丰富，知道的非常多，蛮有体系的。虽然我最后没有复习到位，考试也有点懵逼，但老师给分还是不错！
85312,2669,严谷军,2018-07-17 02:08:33,0,2,2,非常认真负责。
85401,2669,严谷军,2018-07-17 11:43:06,5,5,0,老师上课重点会强调很多次，很适合记笔记和认真学习的！给分也很好，赞
85599,2669,严谷军,2018-07-20 11:07:07,2,2,0,老师给分厚道。
87329,2669,严谷军,2018-09-27 05:40:47,0,1,1,事无巨细，认真负责，可听可水。
87846,2669,严谷军,2018-10-15 14:28:29,5,5,0,老师讲得很好，知识点解释得很详细，还会课外扩展很多，很久没有这么记过笔记了，听课都不想玩手机，老师还有种古板的有趣哈哈哈
93435,2669,严谷军,2019-01-09 14:31:41,7,7,0,感觉老师很可爱啊\n\n上的慢是真的，但是讲得很通俗易懂讲得很详细
93514,2669,严谷军,2019-03-05 12:44:00,5,7,2,老师讲的内容很丰富的，很有大学老师那种儒雅气质，问问题很认真回答你。
93966,2669,严谷军,2019-01-14 13:24:20,5,5,0,老师上课很认真  考前画重点好评！
96326,2669,严谷军,2019-01-21 00:14:57,1,3,2,老师讲的很细致，很丰富啊，分为什么这么低
98427,2669,严谷军,2019-01-23 12:36:53,6,6,0,老师讲的很详细很棒！真的自带数据库太厉害了555
99261,2669,严谷军,2019-01-24 13:54:33,4,4,0,没出成绩先来评价一波，老师很好啊，讲课有意思，能感觉到他专业知识很扎实。不点名，可听可水。最后还给划重点（虽然我们只划了框架，听学长学姐说以前划得更详细）10分
101090,2669,严谷军,2019-01-27 12:49:52,-6,3,9,谷军爷爷出分了诶！这门从来没听过的课能够上90知足了。
101096,2669,严谷军,2019-01-27 13:02:40,-7,3,10,啊啊啊啊老师是天使叭 从没听过课 就一篇论文 就考前看了半天时间给分居然这么好 感觉自己之前不听课都对不起老师 谷军爷爷太棒啦！
101104,2669,严谷军,2019-01-27 13:43:02,-1,4,5,老师很不错，扩展了不少课外知识，但咋又收获了一个91，哭了
101117,2669,严谷军,2019-01-27 14:29:58,4,4,0,扩充知识很多，上课可水可听，期末重点画的不错
101137,2669,严谷军,2019-01-27 15:46:27,0,2,2,严谷军老师给分好呀。水了一个学期，谢谢老师
102463,2669,严谷军,2019-02-03 01:50:37,4,5,1,很认真的老师
105138,2669,严谷军,2019-04-04 07:28:52,6,7,1,金融学还是选严谷军老师好!
108997,2669,严谷军,2019-06-05 07:27:34,0,1,1,内容蛮结合现实的，比较具体
109061,2669,严谷军,2019-06-06 12:08:44,1,2,1,算是很负责的老师
111929,2669,严谷军,2019-07-03 03:14:08,4,5,1,跪求不挂啊啊啊啊啊啊啊啊
114556,2669,严谷军,2019-07-10 23:53:46,4,6,2,还行吧，老师讲课和给分都还挺好的，只是怪自己学的不踏实，考试不尽如人意罢了。
114566,2669,严谷军,2019-07-10 17:20:00,5,7,2,老师讲的挺好的，逻辑听清楚的，但是并没有觉得给分好啊……平时一直坐前排听了，考试也按照重点复习了，最后不算特别满意。可能还是自己不够用心吧。
114571,2669,严谷军,2019-07-10 17:47:03,2,3,1,我平时偶尔听课，考前突击，感觉不是特别高，还是自己的问题
114575,2669,严谷军,2019-07-10 19:56:14,3,5,2,给分没有想象中好
114580,2669,严谷军,2019-07-10 22:23:55,-15,3,18,满绩啦啦啦，虽然这老师讲课很难让我专心听，而且老师的课件真是让人糟心
114606,2669,严谷军,2019-07-11 00:12:10,5,9,4,我勤勤恳恳2.4是什么水平？
114632,2669,严谷军,2019-07-11 02:00:35,5,5,0,还行吧…但给分真的，有点迷
114635,2669,严谷军,2019-07-11 02:06:11,1,4,3,老师真的是天使，太良心了给分23333，感恩!
114671,2669,严谷军,2019-07-11 03:10:58,-39,1,40,哇！给分太良心了。。一节课都没去上过，考前因为急事只有一个通宵复习，连画的重点都没背完，最后居然上90了。。太天使了！！！
114726,2669,严谷军,2019-07-11 07:09:54,18,19,1,事少给分高。\n\n最后一节课画的重点好好看非常有用。\n\n我是理科生，金融学这门课一直就没怎么懂，老师上课的节奏也比较慢，我习惯上节奏快的课所以上这课也不怎么能听进去。\n\n不过除了节奏慢以外讲课内容是真的非常棒，有挺多课外的知识，逻辑也很鲜明，期末复习的时候想起老师讲的一些逻辑关系背起来也比较快。\n\n期末复习花了两天加一个通宵，考试用了一小时不到就写完了。期末考只要背了就很好拿分，但你平时也不能一点都不听，否则复习会很痛苦。
115301,2669,严谷军,2019-07-18 05:30:19,1,4,3,期末重点给的好。我认认真真的背了，也好好写了论文。最后3.9。感觉给分好迷?
115361,2669,严谷军,2019-07-19 23:31:53,1,2,1,好老师，值得选
117406,2669,严谷军,2019-09-24 03:28:05,7,8,1,严老师太nb了，讲着讲着电脑莫名关机，讲课丝毫不受影响...............！！
120660,2669,严谷军,2020-01-14 22:16:47,4,5,1,给的PPT很简略，所以上课还是要好好做笔记，老师语速比较快，如果不用电脑的话可能会比较吃力。讲课内容比课本丰富 但是最后会划重点。考试题目相对简单，有几道还是蓝田题库的原题，对社科类的同学来说可水。
120669,2669,严谷军,2020-01-15 00:42:48,9,11,2,调分天王(指调高)
120689,2669,严谷军,2020-01-15 09:12:34,10,11,1,神了。\n\n明明和课本都对不太上，学也没学透。\n\n我竟然能有4.5？
120755,2669,严谷军,2020-01-16 12:34:49,3,4,1,这么跟你说吧，我名词解释有一个不会，计算题错了一个小问，简答题只有两道有把握（当然我都瞎编出来了，肯定不能空着的），重点是，论述题考的特别偏，我完全不会，如果按照标准答案来我肯定0分！！！考完金融学觉得自己考的挺差的，但是，严老师给了4.2！！！感天动地啊啊啊啊啊啊我吹爆啊啊啊啊啊啊啊啊
121993,2669,严谷军,2020-01-29 05:50:50,-6,2,8,给分一般，上课太差
126126,2669,严谷军,2020-09-18 01:59:23,2,4,2,对外专业不友好
127977,2669,严谷军,2020-12-02 04:17:30,2,3,1,金融学在周三的课表里闪闪发光！
131700,2669,严谷军,2021-01-28 13:23:15,2,3,1,我觉得老师上课挺有趣的啊，我是辅修，老师上课会讲一些例子帮助理解，很容易懂，感谢老师
131718,2669,严谷军,2021-01-28 14:07:13,2,3,1,老师真的好好呀
131740,2669,严谷军,2021-01-28 16:03:04,-10,1,11,老师讲课自顾自的   和学生零互动  这种上课方式实在不值得这么高的评分
131751,2669,严谷军,2021-01-28 17:17:10,-3,3,6,呵   卡绩了
132943,2669,严谷军,2021-02-05 08:19:32,-4,3,7,给分不好
138207,2669,严谷军,2021-07-08 02:31:33,1,1,0,上课一般，容易分神，但至少还是跟着书本讲的。会有额外扩展的内容。
140031,2669,严谷军,2021-08-23 13:10:10,0,1,1,认真负责
140070,2669,严谷军,2021-08-24 14:23:04,0,1,1,老师讲课内容丰富
148782,2669,严谷军,2022-01-13 13:28:10,0,2,2,给分真的好
148786,2669,严谷军,2022-01-13 13:37:48,3,4,1,老师上课很有条理，水平高，事少分高，期末就考前背了一天考试中也遇到了许多没背到的东西，不过还是都按自己的理解写了，最后给了4.2已经满意了
148790,2669,严谷军,2022-01-13 14:00:25,3,4,1,吹爆我严宝！！！虽然平时上课真的很无趣，还爱重复。今年的金融学期末卷特别离谱，真就整张试卷只有三四十分是会的，但严宝还是评一己之力将我总评拉到了88。（我的意思不是这门课不用准备期末考，严宝会捞，还是要自己认真背PPT和看书的，今年卷子是在离谱）
148825,2669,严谷军,2022-01-13 15:28:40,1,2,1,没见过这么好的老师！！！
149125,2669,严谷军,2022-01-14 13:15:45,1,2,1,感觉老师真的学识渊博！上课我个人觉得不无聊，因为老师会有很多例子也会有知识的拓展，所以我作为辅修学到了很多东西！最后给分也不错～
150998,2669,严谷军,2022-02-22 00:09:45,-1,2,3,给分真的好
151284,2669,严谷军,2022-02-27 14:02:32,1,2,1,老师补充了很多内容，许多都是书本外的知识
154746,2669,严谷军,2022-06-04 12:53:49,-1,1,2,。。。
155596,2669,严谷军,2022-06-14 14:19:36,2,2,0,老师补充了很多书本上没有的内容😜
157297,2669,严谷军,2022-06-23 01:26:34,-7,4,11,95！谢谢老师！！！
158607,2669,严谷军,2022-06-30 15:48:39,2,3,1,老师上课讲得真的好，但是如果要考试还是建议大家去背书，而不是背PPT。我PPT背得滚瓜烂熟，上课讲的内容也认真做了笔记，整张卷子还是好多好多不会，考完以为自己要挂科了。但老师人还是很好的，把我捞上来了😿
159264,2669,严谷军,2022-07-10 01:51:44,3,5,2,讲得比教材上的条理清楚多了
165675,2669,严谷军,2023-01-09 08:50:16,6,8,2,出分前评价一下。\n\n老师学识丰富，从老师上课的ppt可以看出老师的知识储备真的很丰富，ppt几乎没有内容，但是老师能脱口而出许多前沿数据等。但是简洁的ppt对复习就有点……，建议借阅其他班的ppt复习或者98的复习资料。\n\n但是老师上课还是有点啰嗦，所以这个学期也没讲完，希望老师控制下速度。
165803,2669,严谷军,2023-01-09 18:17:38,-5,4,9,谷军爷爷的重点划的特别准，给分很好哇
166181,2669,严谷军,2023-01-11 10:31:37,6,10,4,老师讲的不错，但是金融学我真的无语了，老师上课只能讲书上一半不到的内容，考试考全书，好多明明就没讲到，考试还都考，真的崩溃。外专业的人选这门当个性，平时真的努力认真学了，但是很多东西确实不知道。论文写了一个星期，全是自己写的，最后分数很低，感觉努力和回报不能等同，挺难过的
166182,2669,严谷军,2023-01-11 10:54:51,8,12,4,金融学：上课真的很认真听，也认真做了笔记，考前复习了很久，结果考试考的和上课讲的没啥关系，那几个名词解释给我整笑了，有看别的老师的ppt复习但是没看完QAQ早知道先拿着别的老师的ppt看了QAQ。给分不好。上网课结束没几天就把回放删光了，迷惑。
166200,2669,严谷军,2023-01-11 11:45:27,3,4,1,金融学这课真的无语 书本内容贼多贼乱 考试题目和平时上课讲的关系也不大 喜欢考一些边角的东西 上来让我解释“金融科技”我是真的不会 老师给分还可以但是平时讲课不太有重点比较拖沓 像货币的历史这种能讲快一整节课 总而言之跨专业选手千万别选这课
166214,2669,严谷军,2023-01-11 12:27:51,-4,7,11,真的很捞 严宝妈妈爱你呜呜呜呜 4.5 作为一个基本没怎么付出努力的 我知足了！
166274,2669,严谷军,2023-01-11 15:23:38,-11,5,16,从来没听过课，作业都是抄的\n\n考前一天补天到了4.8，差一分满了，金融学还是蛮好学的
166330,2669,严谷军,2023-01-12 03:32:30,13,15,2,2022—2023秋冬金融学，老师讲课全面细致，上课经常结合中国金融的历史与现实，也会分析加密货币等前沿金融现象，不过课堂节奏有些拖沓。成绩构成是三成的论文，七成的考试（意味着再捞也捞不到哪里去），所以说想拿高分还是重在最后的复习。复习方法我推荐看书（PPT知识点少，论述贫乏，即使背得管瓜烂熟在考场上照样是一个字也写不出的），要把金融学的课本当成高中的政治、历史课本一样看，不放过任何一个考纲内的知识点，这样才可能取得一个较好的成绩，否则就如今年的考试，尽是些“金融科技”“多层次的资本市场”“商业银行的负债流动性管理”等偏之又偏的考点，没有一遍又一遍细致地看书就糟糕了。
166400,2669,严谷军,2023-01-12 07:16:03,0,6,6,作为外专业的同学在金融学的课堂上了解了很多知识！老师讲课非常清晰，可以对着一页只有大纲的ppt说出一长串知识、案例、分析，真的瑞思拜！课程逻辑也是很清晰，没有一团乱麻的感觉。但是试卷不知道考的是哪里，大概70%都是凭着我仅限的知识瞎编的QAQ。小论文由于期末实在太忙了也是写得很水，考完以为自己完蛋了。出分发现老师捞到了87！感恩，磕头，谢谢老师！
166635,2669,严谷军,2023-01-13 05:56:58,-3,9,12,平时分数构成就是一篇论文，也不点名和布置作业，课程压力不大的，就是期末需要好好背书。严老师学识渊博，讲课水平不错的，除了喜欢重复和ppt比较简略以外没有什么缺点了，建议学弟学妹们期末复习的时候背fy老师的ppt，书比较散乱不适合复习。lz考前背了两遍fy老师的ppt所以在考试的时候觉得还是比较有把握的，最后感觉严老师给的平时分也不错，出分4.8。总之学弟学妹们可以放心选严老师的金融学，只要好好复习一定不会失望的！
169738,2669,严谷军,2023-02-27 15:08:40,10,12,2,6分给老师个人魅力，讲课认真而且很有趣，但是上课ppt讲的东西和考试完全不是一个东西。。。外专业真的呵呵，看到试卷人都傻了
177690,2669,严谷军,2023-07-04 09:40:29,1,2,1,来给谷君爷爷打满分啦！
177695,2669,严谷军,2023-07-04 09:58:17,1,1,0,老师给分真的好好！！！
177698,2669,严谷军,2023-07-04 10:22:54,2,3,1,老师人挺好\n\n没有海底捞\n\n平时分还不错\n\n期末给分不太行 甚至有点烂
177702,2669,严谷军,2023-07-04 11:09:42,3,3,0,大赞特赞！老师上课讲得好、而且期末巨捞！！！！！(就是他把课没讲完TT
182933,2669,严谷军,2023-11-21 07:05:03,3,4,1,上课和给分都有点迷，属于是两极分化
187694,2669,严谷军,2024-01-17 07:09:56,3,4,1,啊啊啊啊啊啊gjyy我爱你😭😭😭这捞得也太逆天了
187765,2669,严谷军,2024-01-17 10:31:44,2,3,1,老师最后划的重点感觉不太准，不过给分真的好好😭
187804,2669,严谷军,2024-01-17 13:37:24,2,3,1,给分很好！！我爱gjyy！！！
187836,2669,严谷军,2024-01-17 14:13:58,2,2,0,不建议跨专业选手修，期末背诵很痛苦很痛苦。
187979,2669,严谷军,2024-01-18 02:42:32,4,4,0,不点名，说话绕，感觉不是太舒服，但ppt可以看，老师人很好，一个下午写完论文，考试前博采众长看看其他老师的课和PPT，就差不太多了。
188451,2669,严谷军,2024-01-19 04:29:00,1,6,5,老师上课可能确实有点催眠但是认真听其实讲得非常好，自带数据库。从来不点名，平时没有作业但是要求一篇课程论文，期末考试觉得自己名词解释答得一塌糊涂，但是最后4.8.非常感谢老师！
195524,2669,严谷军,2024-06-28 14:49:34,6,7,1,从不点名，讲课有点拖沓，给分还可以，但没预想的高
208804,2669,严谷军,2025-01-02 05:42:05,0,0,0,考完了 感觉要挂了 复习了两天多拿到卷子脑子直接空了 求老师捞佬🙏
211383,2669,严谷军,2025-01-11 09:41:33,1,3,2,个人认为其上课内容已经落后于时代了，期末考的50%上课都不讲，平时分也给的不好
211414,2669,严谷军,2025-01-11 10:54:39,1,3,2,感觉这次期末考给分一般。。讲课一般，完全没有达到预期呜呜呜
211461,2669,严谷军,2025-01-11 13:35:13,1,3,2,只能说他之前的评分完全是给分好打出来的\n\n感觉他今年给的分数一般般，而且他讲课内容几乎都不太考，考的内容他就讲了百分之五十左右\n\n感觉有点。。。。
211468,2669,严谷军,2025-01-11 14:05:54,0,1,1,跨专业选的金融学 平时没有听过课 论文认真写 考前对着ppt和智云猛学了两天88分 感觉老师给分是还可以 但是老师讲课真的好慢 最后货币理论没有讲 理由是微经宏经很多重复 对跨专业来讲简直当头一棒 然后还是建议对着书学 最后试卷范围就是书里 不会像ppt里那么难的计算题 ppt里没有的知识点也还是要考 感觉如果不是对着智云复习会更好qwq
211469,2669,严谷军,2025-01-11 14:05:54,0,1,1,跨专业选的金融学 平时没有听过课 论文认真写 考前对着ppt和智云猛学了两天88分 感觉老师给分是还可以 但是老师讲课真的好慢 最后货币理论没有讲 理由是微经宏经很多重复 对跨专业来讲简直当头一棒 然后还是建议对着书学 最后试卷范围就是书里 不会像ppt里那么难的计算题 ppt里没有的知识点也还是要考 感觉如果不是对着智云复习会更好qwq
211578,2669,严谷军,2025-01-12 02:55:50,0,3,3,感觉今年给分真一般。。讲课也无聊。。
211830,2669,严谷军,2025-01-12 15:50:30,-10,0,10,这学期老师依然不点名，整个学期只有一篇论文，但是上课感觉一般，没有兴趣的话可能确实听不下去。本人跨专业选手，在上课没怎么去但是有一定知识储备（大多数概念都是知道的）的情况下，考前抽了一整天背PPT最后4.8，老师给分应该来说还是不错的
212074,2669,严谷军,2025-01-13 06:54:40,1,2,1,期末卷面感觉批改的挺严的，给分确实没有预想的好呜呜
215792,2669,严谷军,2025-03-05 14:25:10,0,0,0,讲课比较认真
215965,2669,严谷军,2025-03-08 09:34:32,2,2,0,上课认真，补充的内容多，考试不用慌
747,2673,章华,2015-03-16 07:35:29,4,10,6,听说挺好的
3413,2673,章华,2015-06-11 05:17:36,9,16,7,很好
3427,2673,章华,2015-06-12 06:28:58,4,12,8,很好的！
6917,2673,章华,2015-08-09 01:22:13,0,4,4,超好的！
8153,2673,章华,2015-09-17 06:54:01,45,70,25,老师好萌好可爱，喜欢在群里发红包！
8595,2673,章华,2015-09-23 02:19:06,0,3,3,超爽der
9662,2673,章华,2015-11-04 02:48:11,2,8,6,章鱼哥很帅，干货多\n\n
12045,2673,章华,2015-12-21 14:45:09,38,53,15,做手术后没几天接着上课  课程严格却又风趣 总的来说课程都很值得认真听讲
12368,2673,章华,2015-12-23 06:15:06,2,7,5,章宝宝炒鸡萌
14549,2673,章华,2016-01-07 14:16:07,1,12,11,哪个人给我们章宝宝没有满分，我不开心，章宝宝讲课那么好\n\n
14677,2673,章华,2016-01-21 07:11:55,2,6,4,好的不能再好了。我爱章华。。太好了。。
15056,2673,章华,2016-01-21 07:10:56,0,3,3,老师人好到爆炸
15609,2673,章华,2016-01-15 15:34:00,2,7,5,灰常棒 灰常萌 灰常适合讲课的老师 祝宇助教人好颜高嗓音酥
16371,2673,章华,2016-01-21 07:12:39,0,3,3,很有意思\n\n
17426,2673,章华,2016-01-21 08:03:27,0,5,5,很棒的老师
17746,2673,章华,2016-01-20 23:38:29,0,4,4,章华老师超级可爱！超级喜欢听他的课！而且他的助教是我见过最有存在感最帅的助教！上章华宝宝的课太星湖
17873,2673,章华,2016-01-21 03:14:21,0,5,5,敬业乐群
18032,2673,章华,2016-01-21 07:01:50,-2,3,5,讲课超好又幽默，期末绝对良心分数，感动哭了
18033,2673,章华,2016-01-21 07:04:27,0,3,3,老师真的好棒好萌好有趣，选上他的课真心觉得幸运，炒鸡喜欢老师还有助教
18036,2673,章华,2016-01-21 07:08:49,0,4,4,非常喜欢！
18039,2673,章华,2016-01-21 07:09:40,0,2,2,老师太萌
18040,2673,章华,2016-01-21 07:09:52,0,4,4,章老师不要太棒，讲课好，讲了很多书上没有但实际上更有用的东西，而且给分也很好
18041,2673,章华,2016-01-21 07:10:02,0,4,4,老師傳道棒棒噠~還是一枚吃貨呢\n\n
18042,2673,章华,2016-01-22 16:58:57,0,3,3,好老师！！
18043,2673,章华,2016-01-21 07:10:25,0,3,3,老师真的好棒好棒！助教也好棒好棒！大爱
18045,2673,章华,2016-01-21 07:10:41,0,3,3,老师和助教都是棒棒哒！上课很棒 群里氛围也很好 真想请章老师吃宝美生煎
18046,2673,章华,2018-01-20 13:31:46,-25,21,46,老师人很好，可是打分不太合理。不值钱的分数，人情分太多，对于其他班同学是一种变相的不公平。希望改进一下。
18047,2673,章华,2016-01-21 07:10:42,0,2,2,上课讲的内容很有趣，人超有亲和力，喜欢在微信群里发红包，期末给的分数感动哭。
18048,2673,章华,2016-01-21 07:10:51,0,3,3,章老师超级萌 爱吃 真性情 课堂有趣！
18050,2673,章华,2016-01-21 07:12:07,1,3,2,章华宝宝讲课超级棒（｡ò ∀ ó｡）手术刚好就来讲课，超级负责！大爱章华宝宝^ω^\n\n
18051,2673,章华,2016-01-21 07:12:36,0,2,2,章华宝宝特别好！上课干货多又很幽默，给分也不错，能选上他的课是一大幸运！
18052,2673,章华,2016-01-21 07:12:38,0,2,2,讲得很好，讲课很形象，也很幽默，还给我们介绍小吃。。。好评！给分也很赞！
18056,2673,章华,2016-01-21 07:13:25,0,4,4,老师上课讲的都是十分实用的的东西，受益匪浅！最重要的是！！！期末给分超级棒！给分超级棒！给分超级棒！（重要的是说三遍）
18057,2673,章华,2016-01-21 07:13:52,0,2,2,超级可爱的老师and超级帅气的助教！博弈论和美食不容错过
18059,2673,章华,2016-01-21 07:15:16,0,2,2,上课特别有趣，给分特别好，还老爱发红包
18062,2673,章华,2016-01-21 07:15:53,0,4,4,章华宝宝萌萌哒！！！
18064,2673,章华,2016-01-21 07:17:35,0,2,2,老师上课很有趣 很生动
18070,2673,章华,2016-01-21 07:19:49,0,4,4,每次坐第一排，老师讲课绝对精彩，不局限课本，学到很多实用的东西，这学期带病上课心疼老师，给分也特别好，章华宝宝么么哒~
18073,2673,章华,2016-01-21 07:20:25,0,4,4,沒上過章華的課就不算浙大經院人
18079,2673,章华,2016-01-21 07:25:02,-2,1,3,老师人好上课有趣给分还高！
18080,2673,章华,2016-01-21 07:25:14,0,3,3,老师超可爱！讲课也非常棒！虽然我成绩不好但是真心喜欢老师讲课
18083,2673,章华,2016-01-21 07:27:22,0,2,2,章老师应该是经院最棒的老师之一了
18084,2673,章华,2016-01-21 07:27:31,0,11,11,满分10，我给100，还有90让章华宝宝骄傲。很棒的老师，实践应用与理论知识结合，经常讲吃喝玩乐的攻略，还请考的好的同学吃保美，很幸运金融和中微都选上他的
18085,2673,章华,2016-01-21 07:30:56,0,2,2,有才有料上课不无聊 超级赞
18155,2673,章华,2016-01-21 08:26:19,0,1,1,好
18181,2673,章华,2016-01-21 08:46:52,0,4,4,老师人超好！干货超多！听他的金融不枯燥！理论和实际相结合！给分也好！不能更棒～\n\n谢谢老师～谢谢助教～祝老师身体健康～万事如意！
18248,2673,章华,2016-01-21 10:32:26,0,2,2,发红包
18458,2673,章华,2016-01-21 16:09:25,0,2,2,很棒呐
18500,2673,章华,2016-01-22 00:21:15,0,2,2,超级赞的老师！！！虽然窝金融学的并不好，但是还是超级爱他！！！上课超级生动有趣！！
18512,2673,章华,2016-01-22 01:06:56,0,1,1,很多干货，很多乐趣，你不会想到在外面拿着给各大老总讲课的东西来课堂上讲是一种怎样的收获，开课第一件事建群，群里会下红包雨，敬请期待！！！\n\n
18548,2673,章华,2016-01-22 03:46:50,0,2,2,章宝宝不多说了，你值得拥有
18712,2673,章华,2016-01-22 11:38:34,-16,9,25,老师人真的是很好，但给的人情分太多，对其他班的同学不公平
18848,2673,章华,2016-01-22 15:34:36,-1,2,3,真的好
18999,2673,章华,2016-01-23 03:00:08,0,3,3,老师讲课幽默风趣，给我们介绍了很多干货，实在棒棒棒
19019,2673,章华,2016-01-23 04:26:31,0,3,3,蛮有趣的，喜欢炒股是股神，还有喜欢在微信群发红包 ，吃宝美2333是个可爱的老师
19944,2673,章华,2016-01-25 15:16:07,0,1,1,可爱～～老师经常发红包，讲的东西不限于书本，好多干货
21154,2673,章华,2016-02-23 05:48:03,0,1,1,嘿嘿嘿
35706,2673,章华,2016-11-10 07:49:53,0,2,2,我的导师噢非常好的老师
37950,2673,章华,2016-12-20 05:55:23,-1,4,5,很棒的老师^ω^
39580,2673,章华,2017-01-21 13:32:33,0,3,3,下学期要去吃面了，开心！（老师还经常发红包～）棒呆
40440,2673,章华,2019-01-08 14:52:28,19,31,12,只上过金融学 课程太水 内容太水 上的也很水 优点是不点名 和同学关系比较好 上课比较有趣 也按时上完覆盖了全部考试内容 但这些都不make a好老师啊 只针对金融学 另外金融学给分还是一般的
40706,2673,章华,2017-01-05 05:20:34,0,1,1,水评论
40745,2673,章华,2017-01-20 11:45:35,1,3,2,章老师非常可爱！金融学很棒！
40794,2673,章华,2017-01-05 14:12:36,0,4,4,最后一堂课老师说让我们来学习帝评价一下，我就来了。给10分不怕您骄傲，讲的超详细还易懂，人也很nice，希望期末给分也好一点哦
41299,2673,章华,2017-01-10 12:37:52,0,2,2,老师讲课很注重实际
42318,2673,章华,2017-01-14 04:22:16,0,2,2,非常喜欢的一位老师！助教们也都很帅！章宝宝加油！
45791,2673,章华,2017-01-20 06:02:24,0,4,4,金融学课上讲了半学期导论，讲的主要是实际情况，不是很讲书本。金融学讲的真的好，只是自己不争气最后绩点好伤心嘤嘤嘤。。。总而言之好老师。
45905,2673,章华,2017-01-20 09:00:38,5,7,2,不上书本内容 期末考懵逼
45906,2673,章华,2017-01-20 09:00:56,0,3,3,非常nice
45907,2673,章华,2017-01-20 09:01:03,-1,3,4,超级棒\n\n
45908,2673,章华,2017-01-20 09:01:04,-1,3,4,章宝宝么么哒！
45909,2673,章华,2017-01-20 09:01:06,-1,3,4,超可爱！
45910,2673,章华,2017-01-20 09:01:14,-1,3,4,老师真的让我对金融学有了兴趣 讲的非常有趣
45911,2673,章华,2017-01-20 09:02:23,-1,2,3,谢谢章老师?
45912,2673,章华,2017-01-20 09:02:24,-2,2,4,呵呵……
45914,2673,章华,2017-01-20 09:04:12,-2,6,8,行云流水是怎样的一种体验？上过章华老师的课你就知道了。中微和金融学都是章老师的，从一无所知到能够和别人聊几句，金融原来不难入门；从初微到中微，原来只是细化的分析，美妙生动。\n\n难以想象这学期最喜欢的课是中微，然而章老师男神的魅力让我在回忆起知识收获时竟然最先想起。\n\n在还能上章老师的课的时候请珍惜，这是你难得的可以吸收的财富。
45917,2673,章华,2017-01-20 09:05:39,0,1,1,老师上课讲的都是案例小故事，很好玩，虽然跟考试无关，但是都是实战的好经验。老师很可爱，大赞！
45919,2673,章华,2017-01-20 09:07:05,0,2,2,讲课有趣给分高～
45920,2673,章华,2017-01-20 09:08:22,-1,3,4,老师超棒！讲课有意思给分也很好！
45926,2673,章华,2017-01-20 09:15:57,-1,2,3,章老师炒鸡萌给分炒鸡好
46406,2673,章华,2017-01-21 13:31:01,0,3,3,第一次满绩是章老师的 上课轻松幽默 不能更好的老师了
46409,2673,章华,2017-01-21 13:32:43,-1,3,4,老师一级棒，上课幽默，还给我们介绍杭州好吃的地方，认真学满绩很简单！！！
46411,2673,章华,2017-01-21 13:35:23,-1,6,7,炒鸡棒！给10分不怕你骄傲～微经因为不认真只拿了三点多，第一节摸底考基本空白交上去了 但在章老师带领下中微居然满绩！开心死了！
46420,2673,章华,2017-01-21 13:50:03,0,3,3,章华宝宝讲话特别幽默有趣，会把重要的知识用形象的比喻讲的很清楚！感觉一个学期很有收获，最后也拿到了理想的成绩！超赞的老师！
46423,2673,章华,2017-01-21 13:55:36,0,3,3,老师超级棒！助教也很棒！祝福老师助教工作生活都顺心！平安喜乐！
46426,2673,章华,2017-01-21 13:58:11,0,3,3,老师很好很好啊
46428,2673,章华,2017-01-21 13:58:47,0,3,3,章老师讲课超有趣，通俗易懂
46429,2673,章华,2017-01-21 14:00:53,0,5,5,怎么说呢？讲得通俗易懂，特别是能通过我们眼神的呆滞程度确定我们是否听懂，超级好的老师，给分很棒，助教也很认真。
46432,2673,章华,2017-01-21 14:02:26,-4,6,10,章老师的中微课，强无敌，理由不多说，同意的同学请给我点赞
46433,2673,章华,2017-01-21 14:03:52,-1,2,3,老师超级好！
46435,2673,章华,2017-01-21 14:07:06,-2,2,4,关心学生学习，给分真的不错，是我自己不争气考跪，谢谢老师不挂之恩
46438,2673,章华,2017-01-21 14:16:21,-2,7,9,老师人的超级好很喜欢杨白劳的故事哈哈 满分的同学老师还会带去吃饭！！！真的超级感动以为要狗带的课最后给了4.8。比一万颗心。
46440,2673,章华,2017-01-21 14:27:58,0,3,3,觉得还是要靠自己努力刷题 老师上课也很有趣  第一次专业课满绩 感谢感谢\n\n
46447,2673,章华,2017-01-21 14:52:15,0,2,2,唉没考好，虽然给分比想象得低得多\n\n老师还是不错的\n\n
46645,2673,章华,2017-01-22 04:59:12,-1,1,2,蛮好的老师，讲课很负责
46720,2673,章华,2017-01-22 08:21:13,15,19,4,不知道怎么说，金融学一学期没听，他所说的干货也不是每个人都喜欢，也许就是因为我不喜欢他讲课方式，所以没听即使最后复习了那么长时间也是那么低的分 还有事情多
46899,2673,章华,2017-01-22 23:52:00,0,1,1,不为考试而上课的老师
52065,2673,章华,2017-06-14 11:28:07,-1,1,2,章老师讲课不错哟~
58178,2673,章华,2017-08-15 13:32:41,15,15,0,很会吹
61008,2673,章华,2019-01-19 04:39:12,32,33,1,大概是我没get到老师的萌点。。。。
68911,2673,章华,2018-01-24 05:49:39,0,4,4,哇章老师真的是我最喜欢的老师之一了，太可爱了，讲课也超级棒，很有趣，ppt也跟清楚，决定考试周结束后去尝试一下宝美点心~~
68913,2673,章华,2018-01-24 05:51:01,-1,3,4,章老师超级超级棒，讲课好给分好，强推！
68922,2673,章华,2018-01-24 06:06:12,-5,6,11,今年的中微题目挺迷的  觉得自己都要挂了没想到出分4.8！！！\n\n开心到爆炸！要给老师疯狂打call！\n\n虽然没满绩不能和老师去吃宝美  决定下学期自己去尝尝~（好想请老师吃一顿嗷嗷嗷！）
68937,2673,章华,2018-01-24 06:44:17,0,2,2,老师人很好很有趣。讲课，就我个人而言，讲课的思维逻辑很清晰，PPT也很全面\n\n，可以帮助很好地大家理解中微;但大概真的如老师第一节课讲的他的中微是帮助大家脱贫的，所以讲的都是逻辑道理，在数学上讲的很简单，感觉有些地方讲浅了。
68938,2673,章华,2018-01-24 06:45:11,0,3,3,章老师是那种我知道跟着他走一定能学明白无条件信赖的老师!ppt也超级详细!给分很好!
68960,2673,章华,2018-01-24 07:14:30,0,5,5,大学老师中很少有讲课讲的这么好的老师了，而且感觉老师心态很年轻！中微在章华老师的口中变的那么通俗易懂，实在是大赞章华老师！虽然还没资格被老师邀请去吃宝美点心，但我不能忘了给老师点赞，哈哈哈
69296,2673,章华,2018-01-24 12:16:52,24,35,11,实话实说  可能期末考有失误导致大题写错  不过分数上看没什么师生情  而且还卡分  毕竟也勤勤恳恳努力了一学期了 心里总是不太好受的  老师人挺可爱的  就这样吧  我知道可能会被diss不过我真没觉得老师有热评说的那么好
69307,2673,章华,2018-01-24 12:30:51,-1,2,3,中微期末就5道题，对于粗心的人来说，简直噩梦。\n\n虽然老师人很好
69744,2673,章华,2018-01-25 10:05:28,0,1,1,中微的话，看ppt和习题复习就好了。感觉上课也没那么认真，稍微花点时间吧
69971,2673,章华,2018-01-26 01:00:02,7,12,5,复习了很久也没拿到想要的分数....可能金融学靠背的东西对理科生不太友好吧....
69974,2673,章华,2018-01-26 01:09:14,0,3,3,一般般吧。不觉得很好也觉得不错。
69975,2673,章华,2018-01-26 01:10:16,2,8,6,感觉名不副实
69976,2673,章华,2018-01-26 01:10:48,0,5,5,就那样吧\n\n
69977,2673,章华,2018-01-26 01:11:07,0,6,6,章老师金融学讲得真的很不错，说实话听他的课能学到很多东西(虽然秋学期不讲课本就是了)，最后给分也出人意料地好！
69981,2673,章华,2018-01-26 01:22:32,3,7,4,……我感觉自己都写到了……可能还写得不够多吧……文科考试大家记住要多写写……否则就凉了
69982,2673,章华,2018-01-26 01:25:15,0,7,7,特好！金融学帮每一位同学拉分！能给9不给8！能给过不给挂！！！中微虽然没上他的，但一个学期没学的渣用他的ppt复习  上4了
69995,2673,章华,2018-01-26 01:56:46,0,6,6,真的是好老师，感觉绩点和自己努力有关，但是不能否认的是老师把金融讲活了，让我逐渐了解到很多金融的现状，甚至想转金融哈哈哈，还有，考试要多写！！多写！多写！大爱章华老师！
70218,2673,章华,2018-01-26 08:57:53,4,8,4,还行 本来对金融有点了解或有兴趣愿意了解的同学可能会有点启发吧 但是我这种完全没基础的小白感觉就是空中楼阁(可能和其他老师比已经是很棒了吧？   考试还是以书本为主 给分没有对每个人都很好 只有3的人也有
70704,2673,章华,2018-01-27 12:08:50,2,7,5,金融课背了一堆书上的，期末全写到了分也不高，真是迷之打分。中微教的很好，金融真的算了吧。
70725,2673,章华,2018-01-27 12:37:23,10,13,3,很水，打哈哈，个人不喜欢，建议金融学严谷军老师，学点真东西！
71164,2673,章华,2018-03-07 03:22:14,23,33,10,用一场考试作为卡绩点的正当理由，第一次有老师在出分前在群里自己刷师生情，说什么卡绩点的一定会加一分，赚取同学的感激，虚伪的不行。出分后一看，呵呵，群里再也没有人说感谢他的话了。如果不是专业课千万别选，上课瞎扯，考前疯狂复习刷夜，比数学类投入还多，依然被绩杀，下2那种。
71232,2673,章华,2018-01-28 07:37:09,1,5,4,给分真的……
71285,2673,章华,2018-01-28 08:47:03,0,13,13,说给分差的，自己想想有没有好好背书，好好背名词解释。我是其他专业选这课当个性的，学这课前也没有相应基础，认真背书做题背名词解释，考试题目也不偏都是老师划得重点，都写上了分数4.8。而且老师也很和善，发红包，点名也不记成绩，动用自己的人际关系请专业人士当堂做讲座。对于一门导论性质的课程，章老师不能再完美了。
71632,2673,章华,2018-01-28 20:21:21,2,8,6,现在都流行在查老师都流行秀绩点了吗？？？那个说自己4.8的自己知道就好说出来干嘛？老师确实讲课思路比较准确，但我想说能不能最好把整个讲课顺序调一调，很多金融小白都是不懂一点基础的，上课很多时候听案例是真的有心无力。我也想认真听案例但是真的完全听不懂。但若是先把课本过一遍，再开始讲案例，会大大提高大家听课兴趣。不过老师确实很关心学生，很大方面取得成绩不理想是自己没好好背书。大家还是得客观看待吧，不要以绩点高低来评判老师……
72138,2673,章华,2018-01-29 12:24:47,-3,4,7,给分真的烂，而且人情分很多，讲的也一般般，建议慎选
73864,2673,章华,2018-02-03 09:23:42,0,3,3,还是挺好的老师 讲的挺细的 适合我这种文科生 应该是中微里面能听懂的了
73918,2673,章华,2018-02-03 14:20:57,0,3,3,给章华老师打call！
74310,2673,章华,2018-02-10 10:53:35,-4,4,8,emmm实话说，金融学一节课也没听过。大概是自己的原因吧，老师讲的东西听不进去…不过好在这课最后靠自学…emmmm老师人还是不错的，我觉得问题出在这课的考核方式，名词解释简答什么的太文科了…多点计算之类数理化的可能会更有意思吧。
74498,2673,章华,2018-03-01 14:13:56,6,9,3,真的就，一般般
75002,2673,章华,2018-03-07 03:01:41,6,8,2,真的就一般般，没有那么。
77495,2673,章华,2018-05-06 04:27:27,-9,3,12,这样的老师能够遇到，真是今生有幸。
88268,2673,章华,2018-10-25 07:45:34,0,3,3,中微课给我心跳的感觉ヽ(￣д￣;)ノ=3=3=3
98857,2673,章华,2019-01-24 04:12:37,17,22,5,中微作为专业课给分还那么烂 或许是我自己期末没考好吧但是我并没觉得老师有多好
98891,2673,章华,2019-01-24 04:37:00,4,7,3,听老师讲课还是会有收获的。但平时分全凭自己，考试全考计算题……?我认输。
98905,2673,章华,2019-01-24 04:56:18,9,11,2,看到中微成绩很难过。五道题分值太大错一点输不起。
98911,2673,章华,2019-01-24 05:03:12,15,18,3,不怎么样，名不符实吧，查老师评分高的离谱，上课和给分也就那样
99015,2673,章华,2019-01-24 07:00:49,5,8,3,平时认真了，期末5道题也都自我感觉顺利地写下来了，绩点出乎意料地令人难过。。
99045,2673,章华,2019-01-24 07:44:11,8,9,1,金融学给分，我枯了。
99326,2673,章华,2019-01-24 14:52:59,16,18,2,除了成绩来评价，真的绩杀。平时挺认真的平时分也快满了，期末自己的思路也应该没错但是总评出乎意料的2.4。真的不敢相信，中微这种专业课给分这么迷，期末五道大题错一点就很好的分值。真的想哭，不知道自己哪里错了的感觉。老师也真的没有传说中那么好，中微有好多东西自学略过，需要自己努力很多。
99929,2673,章华,2019-01-25 10:02:36,4,6,2,老师是想让我们对金融产生兴趣吧，可是对于我这种金融小白真的不友好，先讲半个学期的导论，给分也就。。。很一般
100324,2673,章华,2019-01-26 02:59:33,7,7,0,老师上课讲的东西虽然都能听懂，但是范围太大了呀，想要考试刷绩点的最好不要选，想要多了解一些金融知识的强烈推荐！
100329,2673,章华,2019-01-26 03:06:13,7,9,2,金融学课程前期比较注重激发学生的兴趣，中微也会讲课前先带着复习一遍，认真听真的还是收获不少，可能我初微学的太差了。章老师的课可以的。至于最新评论里的那些，灭亡者偏差？我倒觉得成绩OK的人大多不会来这里评论。评价本就是一件主观性很大的事，学习也是师生双向配合的事。自己要适当做些调整，每一个老师都有自己的风格。
100983,2673,章华,2019-01-27 08:39:46,5,7,2,觉得中微真的讲的很好啊，为什么评论一片说不好的，复习的时候按照老师的PPT复习脑子里都是老师上课讲的思路就很好理解。把一些难理解的东西都用通俗的话说出来就很好理解。金融学虽然感觉上课和考试好像没多大关系，但我想老师本意也是想让我们了解真实的金融现状，还请来两位金融从业者分享。我觉得真的蛮好了。
101056,2673,章华,2019-01-27 10:57:59,-57,3,60,靠  老子金融学怎么才4.2
102846,2673,章华,2019-02-24 05:25:53,4,5,1,金融学，前半个学期讲的都是所谓干货的东西，和课本没关系，看个人吧，有些人很喜欢像我觉得没什么意思。而且感觉其实去上课的人越来越少，只能说要选合适自己的老师，喜欢课外一些比较实操的知识的话选老师是没错的，如果是单纯上课就不太建议。不点名是真的。后半学期ppt和书上内容有区别也不知道该按哪个，而且考试给分是真的不好，感觉金融是一学期考试最有把握的，名词解释和大题都复习到，不知道为什么分数那么低，也没给答案什么的。
105861,2673,章华,2019-04-22 06:36:57,-8,1,9,思路清晰，章老师真的是处处为学生着想！幸运认识章老师！
115545,2673,章华,2019-09-12 12:05:12,11,12,1,垃圾吹牛逼不是一般厉害，讲课么，呵呵
120832,2673,章华,2020-01-17 17:15:48,12,12,0,求求大家别选zhwa的中微，选个真正的经济老师吧\n\n
120870,2673,章华,2020-01-18 00:58:51,16,17,1,辣鸡老师 把专业课上成大水课 平时讲课都想讲想不讲的样子 真吐了
121684,2673,章华,2020-01-20 21:50:09,4,4,0,当你没有任何金融的基础的时候 建议换一个老师会分数高一点…老师是好老师的但是给分真的……
122367,2673,章华,2020-02-25 15:47:23,2,4,2,给了8分。金融学，老师导论课时间过长，上了半学期，导论课上讲的东西很杂碎，比较无聊。后面开始讲知识感觉挺棒的，条理清晰，讲得也很形象。请校友做演讲，在课程群里分享金融新闻，蛮用心的。最后两节课也很实在地划了考试重点，但是平时没有好好背书，尽管最后疯狂背了两星期，考试还是一般般，金融学考试范围太广了害，劝大家平时选金融学的话平时就开始用点心背背。
128700,2673,章华,2020-12-25 04:50:11,11,11,0,不行不行 中微不可以 大白话学不到什么
129434,2673,章华,2021-01-05 09:43:45,27,28,1,这个老师极其的，不怎么样
130632,2673,章华,2021-01-24 05:38:21,4,7,3,反正很不怎么样
130637,2673,章华,2021-01-24 05:07:24,7,9,2,上课水 给分极差 速逃
130677,2673,章华,2021-01-24 07:23:25,-11,5,16,必须要为老师说两句\n\n老师上课一点都不水，至少所有考点都讲过了都在课件上了\n\n我最后背了3个通宵，考点都看到过，最后还是不太理想是因为自己没有背熟，不能怨老师\n\n老师上课讲的真的非常好，明眼人都知道\n\n只以绩点来评价一个老师的，请先用绩点评价一下你自己
130697,2673,章华,2021-01-28 10:41:47,11,14,3,真的傻逼 考完试没有人谢谢老师 懂得都懂 不要看着他评打“高”就选他，快逃快逃
130821,2673,章华,2021-01-25 14:59:08,14,15,1,做个人吧，垃圾
131768,2673,章华,2021-01-29 00:47:34,4,4,0,中微，讲得比较通俗易懂，挺有趣的。上课喜欢提问，尤其是挑后排的人。\n\n作为中微，其实要想学好，还是得听点晦涩的数学推理，这方面感觉老师是有意回避的。（但老师讲的，应付考试还是够的）\n\n给分参考最新的几个评论，应该是莫得感情，挺严格的……
131772,2673,章华,2021-01-29 01:04:00,4,4,0,给分有点窒息，不可思议
133856,2673,章华,2021-03-08 08:38:40,52,55,3,章华是唯一一个让我觉得在查老师上请水军的老师
133857,2673,章华,2021-03-08 08:39:03,30,38,8,如果一个房间里有希特勒、墨索里尼、马里奥和章华，给我一把枪和一颗子弹，我选择杀章华。（因为只上过他的课。
135815,2673,章华,2021-05-27 10:38:40,0,0,0,比较一般般
141964,2673,章华,2021-11-02 06:53:09,4,4,0,上的中微，给我的感觉是：知识点都讲到了，但很浅，不求甚解；一节课讲的内容也很多。但是没有什么条理，经常是课上觉得学了好多，课下回忆又感觉什么都没讲。给分的话，老师很求是。
142020,2673,章华,2021-11-04 04:50:47,8,8,0,他为什么能上9啊…\n\n金融学导论上了一个月，几乎全程不知所云\n\n据说给分还烂\n\n反正听课体验极其不好
143703,2673,章华,2021-12-02 04:36:01,4,4,0,快逃！
145136,2673,章华,2021-12-27 15:33:28,11,12,1,中微课直接睡觉，与其期望在章老师课上学到东西，不如祈祷让范里安托梦。
145622,2673,章华,2021-12-31 02:34:23,3,3,0,无语了
146007,2673,章华,2022-01-05 03:46:29,12,12,0,他为什么有9分啊\n\n金融学极能扯，给的课件和教材冲突巨大导致很难回归教材，上课也不知所云讲的什么玩意。
147182,2673,章华,2022-01-09 04:16:02,5,5,0,他不配上9
147375,2673,章华,2022-01-10 01:04:09,2,2,0,快逃别选，金融学全靠自己，上课不知所云
148273,2673,章华,2022-01-12 04:27:07,-3,5,8,出分了，来一波评论。没有特别高，但是也没有别人说的绩杀（4.2），算是对得起我的付出了。我是21-22秋冬上的章华老师的金融学，平时任务有一次小组金融案例分析展示，没有其他作业。我认为的优点：1.老师讲课还是比较有趣 2.平时事不多  我认为的缺点：1.花了一个月讲导论，但是我这种没有任何金融基础的小白完全听不懂他在讲什么2.感觉有时候讲课缺乏一定的条理，有时候上课感觉很晕，搞不清哪块是哪块，不过课后对着PPT整理下还是可以理清楚的，可能是我太菜了没搞懂老师的逻辑。 不知道算缺点还是优点：上课前偶尔会随即抽人提问上节课的东西，让我很害怕，但是确实能督促我及时复习，后来期末的时候少补了不少天。 考试方面，就这次考试而言，可以说所考的内容百分之95老师的PPT上都有（不过有些名词解释老师PPT上只给了词没给解释，需要自己去查一下），包括老师强调的利率期货也考到了，所以期末对着PPT复习就没错。老师不会重点讲货币那块，所以要看看书。总的来说我觉得章华老师还是不错的，但是我觉得对于金融小白来说这门课还是要课后自己下一些功夫。
148338,2673,章华,2022-01-12 07:14:38,0,0,0,中微出分真的太快了，上午考完，下午出分，追求的就是刺激
148341,2673,章华,2022-01-12 07:43:03,0,0,0,绩点暴降0.1
148345,2673,章华,2022-01-12 07:48:01,3,3,0,感谢老师不挂之恩🙏\n\n小总结一下：\n\n上课会讲很多比较贴近实务的知识，考试基本还是要靠自己背背背。因为拓展太多，导致上课内容很多都没法在考试里体现出来，也会让人觉得金融学很难学不会。但是考试来讲的话还是偏向记记背背的，金融学还是建议平时多背，听老师的课大部分是提升自己别的能力的，对于高绩点来说作用不是特别大，主要看自己。
148452,2673,章华,2022-01-12 23:42:39,1,3,2,我觉得老师很可爱啊\n\n就是中微讲课有点散？\n\n但是比较生动\n\n最好课下梳理一下\n\n微经只得了2.4\n\n没想到中微反过来了4.2\n\n打个10分
149410,2673,章华,2022-01-15 09:06:11,2,2,0,快逃！！
149769,2673,章华,2022-01-17 00:12:18,4,6,2,章华能有这么高的分数，在座各位都有责任
150505,2673,章华,2022-01-27 16:46:53,1,1,0,自学成才
150846,2673,章华,2022-02-19 11:30:28,1,2,1,点名多，小测多，授课慵懒，属于评价两极分化型的老师
162126,2673,章华,2022-11-19 04:28:49,5,6,1,章华啊，章华，给分差也就算了，居然叫了一个同学把所有人的小测成绩都报了一遍，还带了姓名，万万没想到啊，隔壁李壑虽然作业多，但是人好啊……\n\n我干！
167641,2673,章华,2023-01-18 03:22:05,5,6,1,emmmmmm 首先期中小测公开鞭尸就多少有点离谱，其次平时分给的似乎蛮随意，然后虽然上课有点意思但是超纲内容多（？可能）、重点不太明晰、对考试极不友好（枯了），平时没有作业不知道咋考，复习也一直很纠结不晓得咋搞。一个字，超！
168039,2673,章华,2023-01-23 15:30:09,3,3,0,金融的入门课程，课件内容丰富，学习到较多课外的知识
169799,2673,章华,2023-02-28 02:40:04,3,3,0,如果对金融体系稍有了解，听老师的课能学到很多。只是有些知识花很多时间讲但不在考试范围内（股票常识、定价模型...），期末复习需要注意区分PPT中的重点内容。秋冬只点了一次名，小测也只有期中一次，还给开学缓考的同学复习了一下划了一点复习重点，考试题目基本都能编出一点，给分个人很好。
175464,2673,章华,2023-06-25 05:39:38,2,2,0,老师给分不错的 注重讲解整个知识架构的逻辑
175465,2673,章华,2023-06-25 05:40:39,-5,1,6,春夏学期中微出分了，给老师点个赞。\n\n强烈推荐的是老师的PPT和课外习题部分，相对于其他老师来说，习题课的设置真的对学习非常友好，因为是缓考人所以没去过课，但是光看ppt和做作业题就可以对中微有个很好的掌握了。期末考试题简直是送分，除了第一题有点计算难度和最后一题的理解有点难度，其他都是很基本的知识运用了。\n\n想请问最后一题第一问大家怎么做的，我是直接算的斯勒茨基补偿，应该错了；然后第二问是用的补偿变化，感觉都不太对劲
180484,2673,章华,2023-09-22 02:40:48,3,6,3,不知所云。。\n\n“世界上有三类人，一类男人，一类女人，还有一类女博士”没~有~歧~视~的~意~思~
182932,2673,章华,2023-11-21 07:03:55,7,7,0,兔子团副
184046,2673,章华,2023-12-07 06:58:12,2,2,0,现在不知道该怎么学了。。
185744,2673,章华,2024-01-04 04:44:28,4,4,0,不知道他的中微怎么样\n\n但是选上了章华金融学的学期初就赶紧找个速通网课视频也好别的什么资料也好直接背吧，比试图从章华的勾史ppt里捋出个重点再把重点串成思维体系没那么痛苦多了，另外你可能前半学期会觉得章华讲课挺有意思吸引人的，但是你最终会发现他讲了两个月导论（期末根本就不怎么涉及），真指望他的话后半学期以及期末备考的时候就等着傻眼吧\n\n关于平时分：章华的课是有一次大小组展示，有一次期中测试（今年改成了开卷，带上他导论ppt和他往群里发的资料嘎嘎抄就行），点名这学期只点了一次（钉钉群签到，你在任意地点签上了就都可以），除此之外没有任何事情
186615,2673,章华,2024-01-13 08:22:40,4,4,0,给分还是比较求是
187266,2673,章华,2024-01-15 10:39:12,4,4,0,复习时候发现其实老师讲的很好，内容也很全面，但是付出比不太好，给分有点低。
187388,2673,章华,2024-01-16 01:11:53,2,2,0,点名轻松，讲课并不是完全面向考试，可能因为金融学课程本身就是这样。推荐只是想混个3学分的人选，或者是大佬期末记忆能力超强。其对中间想努努力拿4.5的群体没有太大帮助
187446,2673,章华,2024-01-16 07:13:28,-6,0,6,跨专业选手来说一下，老师人很好的，平时事很少，平时分基本上也都会给比较高，期末就过了一遍书和ppt（实在没时间了），最后4.2
189428,2673,章华,2024-01-24 06:03:33,0,0,0,老师很用心，能感觉到他想把金融知识尽可能多地传授给我们，而且尽力把知识讲的通俗简单，很好懂。金融学这门课本身内容就很杂，跟着老师的PPT可以比较有调理地复习，期末就是背PPT，相信老师划的重点，很容易拿到不错的分
190539,2673,章华,2024-03-07 12:52:41,0,1,1,我之前上的是zh的金融学，感觉其实上的挺好的，会举例解释，而且很有活力（尤其是对比我其他课的老师），但是金融学本身就挺碎的，然后老师上课确实还会拓展发散一下，只能说不建议非金融经济专业的学生选吧，因为最好结合其他的专业课一起学，知识会比较连贯，也更系统化一点，不过ppt内容比较多，但是知识点密度较低。总的来说，上课认真听（我一般上课坐在第三排左右），然后考前话一两天复习感觉也是足够的（本人期末绩点4.5，感觉差不多，跟实际付出的也算成正比叭）有一次期中的测试（开卷），一次小组大作业，还有就是期末闭卷了。然后我这个学期选了他的中级微经（因为感觉他的金融学挺好的），目前感觉也很不错，就是开学第一节课小测（不算分，检验微经学的如何）有点措不及防，所以我默默给他扣了一分，没打10分。。。
192753,2673,章华,2024-05-30 05:03:24,1,2,1,不点名，但是真的很无语，上课随机抽人回答奇怪的问题，答不上来大家一起尬着，然后PPT上写的什么完全不懂，上课听了和没听差不多。要不是这学期只有他的课绝对不会选这个中微。
192836,2673,章华,2024-05-31 02:48:45,1,1,0,上过老师的中微。虽然数学困难户绩点并不好，但就课程本身而言，老师讲得非常好，本身枯燥的经济学内容（并且还有些难度）讲得形象且到位。就老师个人而言，可以说章老师真正地算得上一个想让学生掌握知识的、有趣的大学老师，而非一个冰冷的研究员或者ppt机器（虽然小测、作业、期中等等可能更适合在高中出现，不过也说明老师对课程挺上心的，不影响打十分）\n\n可惜宝美还没吃上，人生遗憾
198737,2673,章华,2024-09-11 07:32:06,0,0,0,很有趣的大叔
198813,2673,章华,2024-09-12 01:56:06,2,2,0,上课歧视女生的老师。。。
202590,2673,章华,2024-11-13 08:44:21,1,1,0,章老师是让我唯一感受到课堂交互的作用的
209082,2673,章华,2025-01-04 11:39:06,3,3,0,上课有意思，但对考试帮助不大
210625,2673,章华,2025-01-09 13:05:25,1,1,0,金融学讲得很细，最后绩点也不错。很高兴每节课都能学到很多东西。
210,2741,朱希伟,2015-03-14 16:52:30,1,6,5,朱老师中微是目前所有成绩里最低，没有之一。学弟学妹真的要慎重T T
746,2741,朱希伟,2015-03-16 07:34:51,-2,3,5,无语的成绩
874,2741,朱希伟,2015-03-18 07:17:57,7,12,5,专业课那么低是怎样的感受！
1122,2741,朱希伟,2015-03-21 16:13:57,-1,2,3,不懂成绩为何那么低
1989,2741,朱希伟,2015-03-28 03:11:29,-1,4,5,讲课和考试无关系，专业课分数低的令人无语，也许老师还是不适合教学吧，大家慎重
3257,2741,朱希伟,2015-05-24 10:05:27,-1,2,3,无语！！
5015,2741,朱希伟,2015-07-02 04:59:18,0,1,1,考教分离
14278,2741,朱希伟,2016-01-06 05:05:48,3,5,2,很好的老师
14279,2741,朱希伟,2016-01-06 05:12:23,0,1,1,不错的，上课从来不看你们在做什么
14819,2741,朱希伟,2016-01-09 14:02:58,1,1,0,好好好
19512,2741,朱希伟,2016-01-24 12:41:10,4,4,0,水啊水。
20640,2741,朱希伟,2016-01-29 08:37:35,3,11,8,虽然朱老师给我的分比较高，但是我真的觉得他不适合教学：上课没重点，语音语调一直不变，讲的东西就在耳朵边但始终进不去，真心不推荐大家选他。
20886,2741,朱希伟,2016-02-03 02:56:30,0,1,1,给分低不解释
21322,2741,朱希伟,2016-02-28 04:26:05,1,1,0,一板一眼跟书上一样，哎……
21367,2741,朱希伟,2017-01-23 08:50:36,4,5,1,老师蛮好哒
23015,2741,朱希伟,2016-03-16 06:53:17,0,0,0,老师人还是很好的，但是大概还是比较适合做研究吧
35098,2741,朱希伟,2016-11-02 07:20:20,0,0,0,老师很好~
36457,2741,朱希伟,2016-11-14 02:33:03,3,4,1,老师真的是萌萌哒啊orz
41958,2741,朱希伟,2017-01-18 13:56:40,2,3,1,拿到了大学以来出分了的最高的一个绩点（当然没有满绩）
44857,2741,朱希伟,2017-01-18 11:49:12,5,10,5,感谢老师！虽然没怎么听过课，但老师人挺好的！
44898,2741,朱希伟,2017-01-18 12:54:54,6,8,2,平时事情少，上课签到，全靠自学
44905,2741,朱希伟,2017-01-18 13:07:26,0,0,0,老师真心不错
44906,2741,朱希伟,2017-01-18 13:08:10,1,2,1,还是很认真负责的老师！专业心很强，但讲课方面还有待加强！为小组论文提了很多建议～
44922,2741,朱希伟,2017-01-18 13:53:10,0,1,1,老师挺负责的
44944,2741,朱希伟,2017-01-18 14:46:56,0,0,0,讲的挺细挺好的，但没怎么听，我对不起老师
44958,2741,朱希伟,2017-01-18 15:36:42,0,0,0,上课没什么吸引力，但是哪怕下面听的人很少老师也讲的很认真……
44970,2741,朱希伟,2017-01-18 16:28:46,1,1,0,很nice的老师，给分超级好，感谢!
44980,2741,朱希伟,2017-01-18 16:46:36,2,2,0,老师很学术派的感觉，给我的分也很好，承认平时上课听不太进去，但是好好考试和写小组论文不会差，而且去问论文问题的时候老师很有耐心。
45014,2741,朱希伟,2017-01-18 23:47:41,1,1,0,老师水平很高，人很好，但教考分离也是真的，不过给分不错，不是绩杀哦～
45210,2741,朱希伟,2017-01-19 07:08:20,3,3,0,老师很认真也很负责，给分也很好，那些说给分不好的，应该是自己考的不好吧。
45759,2741,朱希伟,2017-01-20 04:41:08,4,6,2,中微课：\n\n老师会点名 有一篇小组合作的论文展示\n\n讲课ppt是英文的\n\n考试的时候没怎么看ppt 全靠自己复习\n\n给分看考试吧还不错呀
46427,2741,朱希伟,2017-01-21 13:58:13,2,2,0,老师人很好，给分好，可是不太适合教学，上课有点无聊
47886,2741,朱希伟,2017-02-27 03:01:07,0,0,0,还不错
52068,2741,朱希伟,2017-06-14 11:39:58,0,0,0,朱老师上课不错哟~
59404,2741,朱希伟,2018-01-23 15:26:35,24,30,6,老师我膀胱要爆了，给个下课好不好。\n\n\n\n考试是我太辣鸡，服气
68695,2741,朱希伟,2018-01-23 15:38:11,0,1,1,2018第一跪
69973,2741,朱希伟,2018-01-26 01:08:49,0,0,0,还行吧，自己没学好
72836,2741,朱希伟,2018-01-31 07:28:32,4,5,1,老师很和蔼，也很热心，上课很严谨，可能没那么天马行空可能有些人觉得无聊，但是偶尔会有呆萌的幽默超可爱～男神无误了！不过好像老师真的连上三小时不带休息的233333
77245,2741,朱希伟,2018-05-04 06:09:06,0,1,1,中微：上课无聊，经常签到，期末一个小组论文+展示，考试自学。我那年试卷简单，谢谢老师给我人生第一次满绩。
99573,2741,朱希伟,2019-01-25 03:36:03,1,1,0,自己每节课都有到，论文展示也还可以，期末五大题按照自己的想法写完了，真的不知道哪里出错了 在回家这一天看到这么低的绩点 真的很难受
104344,2741,朱希伟,2019-03-18 08:05:49,0,0,0,。。。
120834,2741,朱希伟,2020-01-17 17:21:50,2,3,1,中微出分极快，给分很好。我个人感觉老师课讲得很好，几乎不讲废话。作业是小组合作论文8000字＋pr，老师希望我们有自己的想法而不是照搬文献。考试全计算题，刷一下历年卷，题型很多相似的，高分还是比较好拿的。
150261,2741,朱希伟,2022-01-21 03:59:01,0,3,3,老师很不错
172728,2741,朱希伟,2023-05-05 10:29:46,1,1,0,填鸭式教学，教案活化石
179314,2741,朱希伟,2023-09-09 14:28:13,2,2,0,朱老师研究能力很强，但是课上的很一般，几乎没有互动，满屏推导公式，自顾自讲。
183887,2741,朱希伟,2023-12-02 15:23:43,1,1,0,上课内容严重偏离教学大纲内容安排，自顾自讲授，堪称2023最差的一节课。快逃。
188918,2741,朱希伟,2024-01-20 15:46:50,1,2,1,老师上课很认真，英文ppt理解没有问题，老师分析过程一定要听懂，但是与考试内容差别较大，建议平时买练习册同步练习，期末复习参考叶建亮老师的mooc和历年题，里面的题目都要好好复习都是会考的点，但是老师上课没时间讲。老师最后一节课会答疑一定要把不会的问题解决掉，期末可能你怕什么考什么……老师水平很高，很亲切，真的很喜欢老师！这门课如果不想绩点难看请平时一定认真学！！
199897,2741,朱希伟,2024-10-07 16:20:50,6,6,0,经院这几年学术和国内外学科评级，国际合作留学去向这些是不错，但是国内就业越来越拉垮了！虽然金融业大环境不好，但是浙大经院不至于差成现在这样！就业因为地理位置比不过复旦没人会说，但是比不过南开厦大就离谱了，现在居然和西南财经差不多，省内体制外金融机构就业和浙财浙工商都拉不开差距！学院的课程体系，实习机会，负责就业方面的行政管理都要彻底反思，改革！\n\n希望副院长重视
5536,2847,叶航,2015-07-08 05:43:53,4,5,1,叶航老师巨萌
9416,2847,叶航,2015-10-26 16:48:10,0,2,2,灰常好！喜欢叶老师
38417,2847,叶航,2017-03-01 05:53:59,-7,3,10,在网上看他的视频，语速太慢了，逻辑也不是很清楚
40989,2847,叶航,2017-01-07 08:38:35,14,17,3,一位好老师。带着自己对于整个社会的人性的认识进行了长达30多年的研究。带着思想的深度和翩翩风度。在今年的退休名单里看到他的名字，伤心自己没能听他的课
51392,2847,叶航,2017-06-04 10:29:32,1,1,0,好好好
52300,2847,叶航,2017-06-18 03:29:47,0,1,1,书也太绕了
52605,2847,叶航,2017-06-21 10:59:47,2,2,0,特别厉害的老师
52618,2847,叶航,2017-06-21 12:58:58,1,2,1,好老师，有自己的思考和追求，适合在相关领域有学术追求的同学，也适合修过基础的经济学理论后来加深对经济学理解，应该会有不少收获。
57509,2847,叶航,2017-07-09 04:06:00,0,1,1,好老师！
87925,2847,叶航,2018-10-18 01:04:35,3,3,0,听过叶教授的中国经济问题理论与实践，讲课生动幽默，深入浅出，是一种享受，非常有收获。上叶老师的课要早点到，不然找不到座位? 从来不点名，因为都是人满为患。有学者之风?
39920,2863,汪炜,2018-01-22 11:33:34,4,10,6,老师很儒雅 知识也很渊博！
40183,2863,汪炜,2016-12-30 00:33:55,-2,0,2,哈哈哈
45444,2863,汪炜,2017-01-19 14:34:40,6,12,6,考试划很重的重点，然后给分是看名字好听不好听随机的是吗？不懂。。。
45453,2863,汪炜,2017-01-19 14:44:03,2,4,2,……………
45455,2863,汪炜,2017-01-19 14:45:11,19,26,7,划的重点是真重点，但是给的分是假分。。。
45511,2863,汪炜,2017-01-19 16:01:13,1,7,6,收获很大！老师讲课逻辑清晰，屁屁踢特别干净清楚，考试也会帮大家复习！棒棒哒！
71437,2863,汪炜,2018-01-28 12:38:28,3,5,2,老师课上的还可以 重点划得也很准 就是给分怎么这么烂………………
71442,2863,汪炜,2018-01-28 12:49:11,4,7,3,个人觉得给分还可以，因为没有论文所以全看考试成绩，最后划重点也给我们减轻了负担。而且老师讲课思路清晰，PPT也很清楚，还是很喜欢听他讲课的
71547,2863,汪炜,2018-01-28 15:11:25,5,7,2,上课会有点名提问 划真重点给假分
71636,2863,汪炜,2018-01-28 22:49:11,-12,4,16,讲道理一学期没怎么听课，最后好好背重点拿了4.5，已经很良心了
72026,2863,汪炜,2018-01-29 08:30:35,8,9,1,真的不懂重点那么准我还全背到了是怎么做到给分这么低的……
72457,2863,汪炜,2018-01-30 07:07:25,-6,4,10,给分挺好的 背重点就好啦
80506,2863,汪炜,2018-06-27 07:42:00,-6,4,10,老师很好的啊  证券投资本来知识点就很细  为什么一定要看自己的分数给老师打分？自己掌握程度不好也要怪老师吗？？
83105,2863,汪炜,2018-07-09 16:37:41,-6,3,9,平时讲的很实际 考前划得很重点 很喜欢老师啦！分数很好 好好背有回报的
83108,2863,汪炜,2018-07-09 16:49:19,14,15,1,不点名，划重点，人也很和善。问题是我照重点认认真真看了PPT然后79/3.0
83122,2863,汪炜,2018-07-09 18:53:44,8,8,0,重点是真真真重点，分是真的假分，没平时作业没论文，内容对真正投资没什么作用，作为水分用还是挺好的
83146,2863,汪炜,2018-07-09 23:47:05,-3,4,7,讲课好！气质好！划真重点给真分！
83592,2863,汪炜,2018-07-10 17:07:06,6,6,0,心态搞蹦
87189,2863,汪炜,2018-09-21 14:38:57,3,6,3,似乎12年有爆出博士论文抄袭？
103264,2863,汪炜,2019-02-27 05:37:45,0,0,0,666
110417,2863,汪炜,2019-06-26 13:16:53,1,1,0,好像老师改套路了，简答题有一题没有告诉我们，于是我gg了
110647,2863,汪炜,2019-06-28 01:29:17,1,3,2,重点很准。然而我把所有重点都复习了。怕，考试的时候觉得自己都背过，都会，然后3.0。
110718,2863,汪炜,2019-06-28 05:25:29,13,13,0,给分是真的弟弟，跟别的班真的没法比…老师是看不起非金融专业的人吗
110941,2863,汪炜,2019-06-28 15:42:42,3,4,1,为什么我gpa那么低啊?
112700,2863,汪炜,2019-07-05 00:46:42,9,9,0,#考试周过后再来客观评价下\n\n想要水学分拉高绩点的慎重考虑，除非是相关专业，专业知识比较精通的\n\n老师的确会划重点，但并非完全覆盖，选择和判断都考的很细，而且根据绩点来判断，老师在批改简答和论述的时候可能很严格 绩点3.3估计一下 期末卷面70分不到 客观题扣不了那么多 只能是简答和论述失了太多分\n\n总之，想要水个学分拉绩点的慎重一点，这门课真的不像其他个性课，给分真的太耿直了
112761,2863,汪炜,2019-07-05 02:38:10,-1,0,1,差吧哈哈
113557,2863,汪炜,2019-07-06 23:59:21,2,3,1,讲得不错，给分真的很严，我枯了
114757,2863,汪炜,2019-07-11 10:56:19,6,6,0,gpa断崖式下降是一种怎样的体验？
125731,2863,汪炜,2020-09-13 16:13:03,-12,0,12,老师上课经常会讲时事很有帮助，因为这学期改成论文考核，要求很细需要全面覆盖他要求的知识点，但是只要认真做就好了，最后一天写了6个小时论文最后满了开心
126350,2863,汪炜,2020-09-23 11:17:24,3,3,0,给分杀我
134846,2863,汪炜,2021-04-18 15:06:58,3,3,0,给分太不友好了
157586,2863,汪炜,2022-06-24 01:17:02,8,8,0,我超\n\n这个给分\n\n太不友好了哇
157608,2863,汪炜,2022-06-24 03:02:47,6,6,0,给分极差，快跑
158573,2863,汪炜,2022-06-30 09:21:18,0,0,0,感觉上课其实上的还行，讲的都是一些比较前沿的知识点\n\n但确实给分有点伤
159429,2863,汪炜,2022-07-19 02:55:28,1,2,1,有其他老师能选就选吧，给分杀人，差一分也不捞人，看来挂的人不少！考试做了还行，结果挂我! 浙大不该有的老师是他
165809,2863,汪炜,2023-01-09 18:33:25,1,1,0,上课从来没听过，考试尽力写了，给分确实很一般，不过我觉得我也就值这点分数，的确是没学
173036,2863,汪炜,2023-05-11 14:39:18,0,0,0,中级投资学给分不错，期末课程设计十分实用，能够跟上热点事件
174574,2863,汪炜,2023-06-14 08:16:17,1,3,2,汪老师讲的真好！
174942,2863,汪炜,2023-06-20 08:39:12,2,2,0,4.3背书背到了，重点很强
175027,2863,汪炜,2023-06-21 06:45:59,7,7,0,笑面虎
175052,2863,汪炜,2023-06-30 15:33:00,2,4,2,老师讲课很好（前提认真听），比起枯燥的知识老师更喜欢拓展、分享热点。最后一节课重点也是无敌准，背书量也不大。\n\n出分后评(4.5)：如果你不想被绩杀，建议换个老师上证投吧。汪老师重点很准，分也给的很残忍；如果你不在乎绩点，可以来选汪老师的课，毕竟他讲课还是不错的；如果你在乎绩点还是选了ww老师的课，以下有一些注意点：重点那节课一定要认真听，很有可能每句话都是考点！在大家都知道重点的情况下，可能要尽量提高自己的答题要点才能获得更多分。希望以后的学弟学妹们可以取得很好的成绩！
175053,2863,汪炜,2023-06-21 09:47:35,0,0,0,老师讲课很好（前提认真听），比起枯燥的知识老师更喜欢拓展、分享热点。最后一节课重点也是无敌准，背书量也不大。
194996,2863,汪炜,2024-06-26 07:50:18,0,0,0,出分前评：平时不需要去上课，期末去经院公众号找资料包背住，最好是全都背下来，因为比较细碎（选择），大题要背历年卷，就是历年卷排列组合出题，反正事情少，给分怎么样还不知道（先祈求一个好成绩吧）
195706,2863,汪炜,2024-06-29 17:09:13,0,1,1,重点无敌准，讲的很清楚\n\n抱着不在乎绩点的心态来的，感觉是真的有学到东西的\n\n上课几乎没有点过名，最后一节课一定好好听
221225,2863,汪炜,2025-06-22 05:44:27,0,0,0,壁垒，期末给分很低。
221264,2863,汪炜,2025-06-22 10:14:24,2,2,0,1.平时有3次雷达点名，补签有点麻烦，建议不要缺课\n\n2.期末划的重点很准，大题就是历年卷排列组合出题，期末难度不大，但是简答和论述题改卷应该是非常严格...\n\n3.总评给分有点南坪，因为一直没有说清楚平时分占多少并且平时需要卷发言，也不知道几次发言才能拿到比较高的平时分\n\n4.身边统计学发现，一旦有缺课或者平时不发言的最后分数都很一般，即使期末自我感觉考得不错\n\n5.证投春夏现在只有他在开班，没有其他选择，想拿高分只能平时好好卷发言期末好好背了
8908,2890,张自斌,2015-09-30 07:13:07,6,8,2,萌萌哒~
18158,2890,张自斌,2016-01-21 08:27:06,-1,2,3,还好。
18313,2890,张自斌,2016-01-21 12:32:59,1,2,1,棒棒哒
31344,2890,张自斌,2016-07-03 16:47:30,2,4,2,张老师太萌了啊啊啊啊啊\n\n“这道题讲会 给多少钱？\n\n哈哈哈哈哈哈虽然只上课一节课但是好爱！
40927,2890,张自斌,2017-01-06 13:01:28,3,5,2,超级可爱的老师…
46570,2890,张自斌,2017-01-22 03:01:29,2,3,1,虽然讲不清楚，但是人很好啊，给分好啊，本来这课也讲不清楚嘛
46586,2890,张自斌,2017-01-22 03:19:25,1,3,2,冷不丁讲个冷笑话然后半天get不到笑点哈哈哈哈哈哈
47649,2890,张自斌,2017-02-12 13:53:01,0,2,2,没听过老师的课，但是找经济班同学借来了老师的课件～这对于复习很有帮助！课件很清晰很有条理！感谢老师！
93776,2890,张自斌,2019-01-13 13:00:38,6,8,2,老师特别可爱(๑• . •๑)上课各种一本正经的卖萌hhhhh
101425,2890,张自斌,2019-01-28 07:44:29,13,16,3,斌斌虽然上课讲得不是特别清楚，但讲义做得清晰又连贯，复习的时候很有帮助，四次大作业虽然题目刁钻但又恰到好处，还会给stata的相关程序，关键是老师很有趣啊很有笑料，“期中测验大家千万不要紧张啊，因为选择题的答案都在试卷上，你只要把它选出来就可以了”，这么可爱的老师哪里去找嘛哈哈哈哈
131809,2890,张自斌,2021-01-29 04:07:46,10,14,4,em职业卖萌😌但感觉确实挺好玩的，考试还给咱们活跃气氛：\n\n有同学曾经连刷几天夜，猝死呀。大家别太拼了呀。 给分会顾念师生情分的。。。\n\n最近教务处给我发了绩点分布，我才意识到94和95差别很大呀（很多老师真的不知道绩点和分数怎么对应）。。。\n\n我们最后一题出得比较难，考试最后一边走一边说，最后五分钟正是文思泉涌的时候啊。多写点，写满答题卡。写了就给分。。。\n\n给分也确实挺好的hh，没卡绩，比初计还高\n\n不过客观来说，平时讲课还是有些啰嗦，知识点讲得并不是特别清楚，四次作业（英文的编程题）+期中考试，平时压力还是挺大的。\n\n最后，不得不吐槽中计这门课，四分之三以上的时间复习初计
161174,2890,张自斌,2022-10-31 03:35:08,12,13,1,讲课真的不行。。而且感觉没什么逻辑。课后花大量时间温故。平常事也多，四次大作业，还有张老师专属期中考试。不过也能凑合上就是了。能选其他老师还是选其他老师吧。
161410,2890,张自斌,2022-11-06 14:24:43,12,13,1,半个学期的感受：事情多。讲课也讲得不好，都讲不清楚了，感觉都没备过课。以后再看看怎么样吧，如果好了会改评论
168500,2890,张自斌,2023-02-19 03:00:10,2,3,1,给个十分，老师求捞(இдஇ; )
170180,2890,张自斌,2023-03-02 01:34:57,0,2,2,一句话总结：要高分可选，想学东西慎选。上课水平一般，很难让人有听下去的欲望，四次大作业的题目也比较奇怪，还有一次期中考试。但是老师的讲义非常清晰并且内容完整，最后给分也很不错。
170188,2890,张自斌,2023-03-02 02:18:54,1,2,1,给分不错啊 ！谢谢老师
189164,2890,张自斌,2024-01-22 08:11:24,-5,2,7,上课很烂，给分一般，还有期中考和四次大剂量的作业，慎选！
189220,2890,张自斌,2024-01-22 12:06:56,5,6,1,因为初计和中计一起上的，所以中计的期中考只有 67 分，后来认真学了，期末老师居然给满了，真的好开心！
189872,2890,张自斌,2024-01-31 23:15:08,-6,0,6,张老师给分过分好啦，感觉全班人都满了
197551,2890,张自斌,2024-08-03 11:54:16,0,0,0,非常好，讲的东西相比考试是有拓展的，但是很有帮助，老师人也很好很关心学生
203368,2890,张自斌,2024-11-27 08:18:44,0,0,0,很负责
211234,2890,张自斌,2025-01-11 04:56:42,3,3,0,中计期中没及格，总评老师给到85了真的很感谢…有点数理难度的科目能上80已经很感恩了😭平时人太少的话老师会点名，有四次大作业、一次期中考，但是老师说过平时分是用来给大家涨分的不是为难大家的，所以好好准备期末也会有个不错的分数！
211340,2890,张自斌,2025-01-11 08:19:49,0,0,0,老师真的很理解学生，给分很宽容，平时分也不为难，给个10分！
211470,2890,张自斌,2025-01-11 14:06:17,0,0,0,感觉期末考挺好的，但是分数没有达到预期，可能是期中考太烂了吧，老师真的很好，推荐学弟学妹选～
1973,2941,徐晓虹,2015-04-09 03:21:16,11,22,11,声音催眠
3610,2941,徐晓虹,2018-01-02 01:55:38,32,47,15,每次必提玉泉某餐厅的王八。。。
4000,2941,徐晓虹,2015-06-17 13:10:09,17,25,8,听不懂，给分一般
6315,2941,徐晓虹,2015-07-13 02:43:55,52,67,15,事情多，讲的催眠，给分还烂\n\n
7584,2941,徐晓虹,2017-09-21 05:40:23,32,45,13,中毒太深 上课听不懂 完全不管你 第一周上课就布置文献报告
8449,2941,徐晓虹,2015-09-21 10:30:15,-1,7,8,完全听不懂
8451,2941,徐晓虹,2015-09-21 10:36:26,14,21,7,听不懂，给分低，声音催眠，
8527,2941,徐晓虹,2015-09-22 05:44:49,3,12,9,完全听不懂，讲课催眠，事情多
9409,2941,徐晓虹,2015-10-26 10:33:50,-1,6,7,听不懂
9891,2941,徐晓虹,2015-11-12 05:13:07,181,211,30,长相，身材，黑框眼镜，活脱脱一个女版江泽民。
10083,2941,徐晓虹,2015-11-15 14:01:46,21,31,10,三个字：不要选
10292,2941,徐晓虹,2015-11-18 02:43:24,-39,12,51,挺好的老师\n\n很耐心
10302,2941,徐晓虹,2015-11-18 03:39:35,-1,6,7,唉。。。。唉
10358,2941,徐晓虹,2015-11-18 08:08:29,7,14,7,听完后什么都不知道，给分也不太厚道
10361,2941,徐晓虹,2015-11-18 08:16:27,4,10,6,完全学不到东西 还给分炒鸡烂
10364,2941,徐晓虹,2015-11-18 08:27:04,24,33,9,什么都听不到  水的一塌糊涂  事情多 关键是给分超级烂\n\n
10384,2941,徐晓虹,2015-11-18 10:38:53,4,11,7,水课，真的好水，给分一般
10450,2941,徐晓虹,2015-11-19 01:47:21,-1,9,10,给分超低\n\n
10690,2941,徐晓虹,2016-11-18 16:47:12,-46,18,64,老师人很好啊⊙▽⊙，不要瞎评论人家老师
10943,2941,徐晓虹,2017-09-24 07:28:40,22,29,7,听不清，声音小，催眠，论文要求高，考试答案好找 给分低 给分低 给分低
11884,2941,徐晓虹,2015-12-20 09:48:48,-1,8,9,别选就对了
12008,2941,徐晓虹,2015-12-21 13:24:58,6,13,7,上课完全就是水手机，事情超多，辛辛苦苦绩点还低
12802,2941,徐晓虹,2015-12-31 10:47:29,0,12,12,听不见
13793,2941,徐晓虹,2015-12-31 03:57:50,0,4,4,坐在后排完全没听到在讲什么，个人感觉讲的比较无聊。
15117,2941,徐晓虹,2016-01-12 06:22:56,0,5,5,。。，
19126,2941,徐晓虹,2016-01-23 10:05:24,-1,4,5,没什么经济学方面，我真的听不懂。。。给分也坑
21903,2941,徐晓虹,2016-03-01 13:39:03,-1,5,6,不说了，感觉没学到什么东西，上课就是读书本，很枯燥，事情还特别多，给分又不好～
22314,2941,徐晓虹,2016-03-03 12:30:22,-1,3,4,不喜欢
23569,2941,徐晓虹,2016-04-06 12:30:16,-1,4,5,感觉学不到什么东西…总是乱扯…感觉还是能从同学的小组展示中学到很多吧…\n\n\n\n\n\n
24318,2941,徐晓虹,2016-04-29 10:28:02,4,9,5,讲课确实比较无趣，第一周就有文献报告，之后有小组展示，还有论文。上课能学到的东西不多，给分不高。总之，不太建议选。
24614,2941,徐晓虹,2016-05-02 08:33:16,-1,5,6,事情太多，读书报告，3000字论文，展示，不过期末开卷，不用怎么复习
25193,2941,徐晓虹,2016-05-07 12:46:05,-1,2,3,心如死灰
26015,2941,徐晓虹,2016-06-15 04:40:51,-1,7,8,讲的云里雾里，上课总会喝瓶可乐，声音细微催眠，没有一点生动，只能说人挺和蔼。
26847,2941,徐晓虹,2016-06-21 09:56:22,-3,5,8,老师挺关心人的啦。虽然上课是无聊了点
27330,2941,徐晓虹,2016-06-25 02:33:54,-1,6,7,无聊至极，课程落后，教材古老，只会拍政策马屁，不准讲中国经济的不利一面，浙大竟然有这种老师
28129,2941,徐晓虹,2016-06-28 08:08:21,-1,4,5,还需努力
32060,2941,徐晓虹,2016-07-05 13:56:43,-1,7,8,每节课都有点名，组织了小组展示，论文有好好写，期末开卷笔芯都写完，结果3.6手动再见
33446,2941,徐晓虹,2016-09-19 10:51:44,0,3,3,很无聊
33457,2941,徐晓虹,2016-09-19 11:42:10,25,29,4,长者的教育，一生当有一次，也仅能忍受一次。
33463,2941,徐晓虹,2016-09-19 12:12:02,0,2,2,。。。。。。。
33464,2941,徐晓虹,2016-09-19 12:08:41,0,5,5,我这老师听了一节课，讲的无聊不是重点，重要的是没有什么收获，老师年纪有些大，因此可能和时代有些脱节。另外字写的看不懂，这里评价不能附图真遗憾，反正蚂蚁字。这节课有些外国友人上，希望他们不要以偏概全。
33467,2941,徐晓虹,2016-11-20 05:14:07,0,5,5,老师挺和蔼的，但给分偏低……
33653,2941,徐晓虹,2016-09-21 00:55:10,-4,2,6,很棒哒
33949,2941,徐晓虹,2016-11-22 05:15:30,0,5,5,照着答案抄，给83\n\n
34008,2941,徐晓虹,2017-02-11 02:20:11,0,2,2,还好退了哈
34010,2941,徐晓虹,2017-01-29 06:41:58,0,2,2,千万不要选。
34130,2941,徐晓虹,2016-09-27 10:43:28,0,3,3,渣到爆
34442,2941,徐晓虹,2016-10-10 11:36:24,0,1,1,不要选 不要选
34910,2941,徐晓虹,2016-10-26 10:43:53,0,2,2,听她的课想去死，千万别选，后悔一辈子。。。。。。
35161,2941,徐晓虹,2016-11-03 10:59:06,-1,2,3,无聊折磨
35552,2941,徐晓虹,2016-11-10 07:26:32,-4,5,9,老师讲得挺好的，认真听的话能学到很多，虽然任务多，但会有收获的，老师声音小，最好坐前排。。。
35791,2941,徐晓虹,2016-11-10 08:11:31,-4,2,6,老师还是挺好的。
35838,2941,徐晓虹,2017-01-16 16:51:12,-2,2,4,贼tm听不懂老师嘟噜啥
35848,2941,徐晓虹,2016-11-10 08:29:44,-6,5,11,其实老师人挺好的，就是讲课实在没什么重点。。事情也偏多似乎对论文格式要求很高。。希望第一次绩点给我点信心。。
35925,2941,徐晓虹,2016-11-21 12:44:57,0,8,8,查老师里说她是绩杀，我是不信的。直到今天被正态了我才后悔莫及。上课声音特别小，几乎听不到，大写水课
36199,2941,徐晓虹,2016-11-11 04:09:32,-3,6,9,老师人很好，只是讲课声音小了一些，上课时很生动，涉及知识面广，虽然还不知道自己的分数，但是仍然支持老师。
36383,2941,徐晓虹,2016-11-12 15:53:31,-6,2,8,老师挺耐心细致的。
36709,2941,徐晓虹,2016-11-19 11:44:17,0,3,3,毁我青春 绩点爆炸低
37024,2941,徐晓虹,2016-11-17 06:59:29,-4,2,6,很好的老师。
37345,2941,徐晓虹,2016-11-18 11:43:53,3,10,7,呵呵我作业都做得超级认真but绩点3.6 手动微笑 千万别选
37350,2941,徐晓虹,2016-11-18 11:59:04,11,17,6,第一，一个上半个学期的课第一还是二个礼拜就布置了读书报告，并且中途有小组展示，最后有一个论文还有期末考试。第二，小组展示根本就是让她喝喝可乐听听开心，辛苦担了全组的展示和PPT结果分数低得要死。第三，对论文的要求上升到了毕业论文的水平，在一个大一学弟学妹可能还是人生第一次写论文占大部分的班里又什么都不作解释是不是太说不过去了。第四，最重要的是，我什么都没有学到。拿着自己的论文吹逼大概也值这个分数了吧呵呵。
37352,2941,徐晓虹,2016-11-18 12:15:00,0,2,2,我的付出和回报是不成正比的\n\n
37353,2941,徐晓虹,2016-11-18 12:15:25,0,3,3,上课催眠，跟考试一点关系都没有的讲了一大堆，作业论文还一大堆
37358,2941,徐晓虹,2016-11-18 12:28:59,0,6,6,课水给分烂，辛辛苦苦复习结果就这样，难过
37361,2941,徐晓虹,2016-11-18 12:43:39,0,4,4,无语。。。。
37363,2941,徐晓虹,2016-11-18 13:18:56,0,2,2,变态老师，毁我绩点，辛辛苦苦一学期，来个绩杀
37379,2941,徐晓虹,2016-11-18 14:13:03,0,1,1,变态啊
37385,2941,徐晓虹,2016-11-25 00:42:15,0,2,2,老师人挺好的，但给分偏低
37396,2941,徐晓虹,2016-11-18 16:10:08,0,1,1,水课，声音小，给分差，没意思
37403,2941,徐晓虹,2016-11-18 16:17:08,0,2,2,上课要签到，蛮水的
37435,2941,徐晓虹,2016-11-20 01:00:44,0,1,1,情不自禁走神
37490,2941,徐晓虹,2016-11-19 05:27:47,0,1,1,无聊至极。。zZ
37543,2941,徐晓虹,2016-11-19 10:05:40,0,1,1,给分太烂，太坑
37688,2941,徐晓虹,2016-11-20 06:52:35,61,73,12,看这个老师评分低故意选的。\n\n以下均为客观评论：\n\n优点——\n\n1.尽快让你接受你大学就是要自学的这个事实；\n\n2.能让你尽快产生学术规范意识；\n\n3.能听到很多以前的故事；\n\n4.人还挺和蔼，一次在草坪边上遇见，就像一个校外来散步的老奶奶。\n\n缺点——\n\n1.语调真的催眠，上课必须要强打起精神，经常还又红又专；\n\n2.用不好ppt，在黑板上写也不考虑大多数人是否能看见；\n\n3.第一周就要交读书报告，虽然不要求字数也不计入成绩，但是一周好像读不完什么书，而老师说这就要训练快速完成任务的能力了；\n\n4.长得很苟，可能会把你续了。\n\n据我调查，同小组已有数据是2人3.6、1人3.9、1人4.2。
37697,2941,徐晓虹,2016-11-20 09:03:01,0,2,2,给分的确不怎么样
37990,2941,徐晓虹,2016-11-22 23:57:00,0,4,4,因为面试缺过一次课，作业好好写，有小组展示，考试答到手酸，绩点3.3，你们自己看着办吧\n\n
38241,2941,徐晓虹,2016-11-28 03:29:32,0,0,0,得吧得一些没用的 上课毫无语调变化
38862,2941,徐晓虹,2016-12-19 15:18:45,0,2,2,根本不在意自己有没有讲课程内容，当代中国经济就一门通识课而言相当失败。
39675,2941,徐晓虹,2016-12-27 02:55:11,0,1,1,其实老师本人好像蛮和蔼的，但是千万不要选这课。。后悔死，一个短学期一次论文，一次展示，还考试把手抄到酸，最后给这辣鸡绩点。。都是泪啊。。。
40002,2941,徐晓虹,2016-12-28 14:02:14,1,2,1,讲的确实无聊，同一个故事会翻来覆去讲，声音小，不会影响后排自习的同学，事情比较多，读书报告，论文还有展示。。。。
40935,2941,徐晓虹,2017-01-10 07:49:44,12,16,4,当代中国经济 女版蛤蟆 上课神坑 后悔万分 当年年少无知 踏入课堂 终身悔恨 论文有 考试有 还有开课第二周的读书报告 如果让我重来 我一辈子都不要见到她
41487,2941,徐晓虹,2017-01-12 03:17:25,-4,0,4,声音很小..
51988,2941,徐晓虹,2017-06-14 04:25:24,4,6,2,虽然没上过，但是看了评论我还是来说一句吧：苟。
52490,2941,徐晓虹,2017-06-20 12:50:26,0,3,3,老师水，但是期末考试不水。。。
53109,2941,徐晓虹,2017-06-26 02:08:14,0,2,2,毫无水平的老师 什么也学不到 混日子  简直是对学生的犯罪
53791,2941,徐晓虹,2017-06-27 14:24:21,0,4,4,事多到不能再多，每堂课签到。\n\n半学期的课1000+阅读报告、3000+期末论文、30分钟小组展示、考试周2小时拼手速。\n\n上课无聊到不能再无聊，死气沉沉。
56396,2941,徐晓虹,2017-07-03 15:34:18,0,1,1,给你一个不要选她的理由\n\n给分差\n\n够吗？
56405,2941,徐晓虹,2017-07-03 15:59:47,0,0,0,事多考试不水给分不行\n\n老师是个可爱的老太太
56453,2941,徐晓虹,2017-07-04 00:51:30,0,1,1,讲课超级烂，给分还TM这么低，一点东西都学不到，还拉绩点，这种垃圾老师，也是醉了。
58911,2941,徐晓虹,2017-10-16 13:19:08,7,10,3,我觉得我原来写的言过了，其实她看起来也是个性格挺好的女老师，只是作业也是真多，讲的也不是很好，建议大家退课蛤
58931,2941,徐晓虹,2017-09-18 14:02:15,0,2,2,论文 读书报告 PPT展示 期末考试 还是短学期的课 这个量我是受不了的
59246,2941,徐晓虹,2017-09-20 10:43:49,-3,0,3,还可以
59742,2941,徐晓虹,2017-09-26 11:37:49,5,6,1,内容:1.这个课要么撤了，要么就只给经济相关专业的同学讲。工科生，理科生慎入。。。2.老师讲的各种例子很多，总是和美国?? 各种比较 。想听的可以考虑。评分:我觉得给分低的原因:1.老师很老了，思想观念还可以，但她的要求和标准很高。2.报进去的一群工科生(保守估计70%以上)，以我各人为例，且不说上课和讨论，我自己根本就写不了文献报告和论文，写完了自己都不愿再看一遍，分就少的可怜。\n\n
60532,2941,徐晓虹,2017-10-23 10:58:07,2,3,1,温柔慈祥的老太太……然而布置作业一点也不温柔……
60629,2941,徐晓虹,2017-10-25 12:07:33,12,15,3,老太太还是挺有意思的，也是很负责的，基本上提前半个小时来。至于讲的内容，自己掂量吧。你想想一个短学期能讲多少东西，况且经济这种课开通识就不合理，短学期内要求我们做论文是不切实际的。但是老师讲的基本上还是很通俗的，虽然声音催眠。总体来说，这种课就是水课，责任不在老师，主要在课程制度。相信学校开通识的初衷是好的，但应该尊重客观事实啊，开什么，怎么开，怎么评价都应该慎重考虑，不要让通识教育成为学生没有价值的沉重负担！强烈建议学校通识课程制度的改革！！
61071,2941,徐晓虹,2017-11-08 03:08:25,0,0,0,这边评论已经足够完全了。客观的评论都有道理。
61395,2941,徐晓虹,2017-11-29 10:01:06,4,7,3,哭死，认认真真结果最后3.9.考试手写到抽筋。就想问你们都多少分？
63121,2941,徐晓虹,2017-11-28 12:12:33,0,0,0,给分辣鸡，上课老慢
63127,2941,徐晓虹,2017-11-28 13:18:03,4,6,2,首页字数最多那个答案挺客观的，我就说说评分。小组已知7个人，5个3.9，2个3.3。我是3.9，期末抄标答抄到手软，大家自行判断
63132,2941,徐晓虹,2017-11-30 12:01:50,-34,0,34,我4.2，可谓是万花丛中过，哈哈哈哈哈哈哈哈，告诉你们这门课超级好课，反正我没听过课。。一直水手机，最后论文好好写了就2天，结果非常好嘿嘿嘿，良心刷绩点的老师
63136,2941,徐晓虹,2017-11-28 15:14:55,0,1,1,事情多给分低她难道不知道我们浙大的分数是5分制的嘛...............
63137,2941,徐晓虹,2017-11-28 15:21:52,0,0,0,没什么用\n\n
63145,2941,徐晓虹,2017-11-28 15:46:41,0,1,1,作业认真做，考试也认真准备，论文也写了很久，结果给分真的深坑，如果还想要绩点和未来，千万别选，忠告！
63146,2941,徐晓虹,2017-12-24 15:10:52,0,3,3,很坑也完全不知道评分标准上课学不到东西
63159,2941,徐晓虹,2017-11-29 00:36:59,0,1,1,3.3 \n\n我是水过去的\n\n课催眠\n\n但是人挺和蔼
63161,2941,徐晓虹,2017-11-29 01:12:43,0,1,1,别选就行了，绩杀，课无聊，作业多
63163,2941,徐晓虹,2017-11-29 01:31:54,0,0,0,事情超多，给分很低
63166,2941,徐晓虹,2017-11-29 01:46:49,0,2,2,讲课有些枯燥，但老师人很好。论文也不用去恶竞，最后考试好好考绩点还好
63167,2941,徐晓虹,2017-11-29 01:54:18,2,3,1,3.3过来评价一下，老师人没问题，方法待改进，本身课程难度就比较大，给分确实不高，作业真的多，论文考试读书报告加案例分析小组展示。如果可以看看满绩的同学学的情况应该可以更加服气。
63181,2941,徐晓虹,2017-11-29 03:17:40,0,1,1,完全催眠
63183,2941,徐晓虹,2017-11-29 03:29:57,0,3,3,大家如果想要学些东西，千万别选这门课，讲课的速度慢，全靠自学。给分毫无客观性可言，我怀疑我的论文她根本没看，水课必须要有好老师。一旦没有客观的评价标准，就会乱给分的。\n\n
63192,2941,徐晓虹,2017-11-29 04:53:33,0,1,1,大水课，要点名签到，讲课很催眠基本没人听的，事多，开课第二周交读书报告，课程结束3000论文，期末考试开卷抄的标答依然绩杀没谁了  怕学分低也不要选这个课
63198,2941,徐晓虹,2017-11-29 06:38:03,0,3,3,很无聊。。绩点给好低不开心
63199,2941,徐晓虹,2017-11-29 06:39:01,2,3,1,上来就是两篇全英文论文，根本不知道她在讲什么，上课就是介绍经济学家，根本没怎么讲经济，感觉没什么收获，没学到什么还要写论文，自己都不知道自己在写什么。
63236,2941,徐晓虹,2017-11-29 11:00:14,-18,2,20,记住！记住！一定要坐前面！假装认真听课！（真的无聊）考试最后附加题一定要夸她，不然你的绩点就难看了（我夸了她绩点4.5，分高=良心痛）
63295,2941,徐晓虹,2017-11-30 07:37:04,9,9,0,论文和读书报告都是认认真真写的，考试前把书上内容都过了一遍自己还划了重点，小组展示私以为是做得很出彩的。3.6，难过，坑。
63312,2941,徐晓虹,2017-11-30 10:36:28,-2,0,2,还行吧
63597,2941,徐晓虹,2017-12-08 11:06:08,1,2,1,85分3.9，算是还没有被绩杀，但是跟别的通识课比心里着实憋屈……
64067,2941,徐晓虹,2017-12-21 01:10:00,0,2,2,老师人挺不错的，谦逊温柔，只看人可以给8分，讲课的话只能给2分了。给分很迷，期末认真写到手断掉呢，，平时也很认真，最后3.9，还学不到东西……无论从哪个方面讲都不该选这门课……
65760,2941,徐晓虹,2018-01-09 04:54:42,1,2,1,不要选
67279,2941,徐晓虹,2018-01-20 14:52:33,4,5,1,比较水，老师讲课挺认真的，有两篇论文需写，还有小组展示，最后期末考试手抄到酸痛。绩点，也就这样吧，没上4…有点无奈。
67660,2941,徐晓虹,2018-01-22 04:18:05,-6,5,11,没那么差吧。。课挺枯燥的，考试挺水的，混了个秋学期最高绩点3.3
73272,2941,徐晓虹,2018-02-01 09:04:10,3,4,1,评分怎么还涨了？？？
75069,2941,徐晓虹,2018-03-07 08:03:39,4,5,1,我就想问问\n\n为什么没有0分？\n\n想活就不要选了大兄弟…
77895,2941,徐晓虹,2018-05-08 11:07:17,1,4,3,emmmmm开课前半小时就要登记每个人的电话号码和邮箱，结果到上课了还有一大部分人没登记完。对这门课的初印象就不太好了。拿到课程大纲以后发现事情的确很多，作为一门上八节课的通识课来说的确是没必要。已经退了，毕竟要以大课为重，不能为了充学分而虐待自己。
80062,2941,徐晓虹,2018-06-19 10:44:09,0,1,1,感觉一般，认真听还是可以学到一些的。平时作业一般，一篇读书报告加篇论文，期末考试与时俱进，建议考试前看看经济类新闻。
80339,2941,徐晓虹,2018-06-25 08:54:33,2,2,0,我就想知道ppt地址是什么啊？谁能发一下
82765,2941,徐晓虹,2018-07-09 05:30:18,4,5,1,怎么说呢，总之就是很难从课上学到点什么。虽然老师很和善，但又不是那种让人平生亲近的长者风范。主要想说的就是，不知道怎么才能拿到这么课的高绩点，反正本人上了六门通识了，这是第一门没上4的，整个学习反馈过程严格按照大纲进行，但是没有用。说实话，有点难受
86552,2941,徐晓虹,2018-09-17 06:59:38,4,6,2,很推荐选这门课，事情不多，有一次展示，给分还行。考试考10个课本思考题（想要答案整理的加QQ3402783729  考试直接抄就好了！）
86770,2941,徐晓虹,2018-09-18 13:17:32,4,5,1,拖堂25分钟，服了服了，从没见过这样的
90724,2941,徐晓虹,2018-11-25 11:49:59,3,3,0,老师温柔也很关心学生呀～课程内容还是比较多的，可能老师上课的风格大家不是特别喜欢，但老师真的很认真地在授课呀～只要认真完成老师给的任务，好好写论文、准备考试，肯定没问题哒！最后还是感谢老师秋学期的授课！
90741,2941,徐晓虹,2018-11-25 13:59:35,2,2,0,事情比较多，第二节课就要交读书报告，还有一次论文和展示。讲课的时候气氛非常枯燥，什么都没学到，绩点3.3
90751,2941,徐晓虹,2018-11-25 15:56:37,2,3,1,说实话，给分是我意料之外的高，老师跟同学互动很多，课下也会聊一些家长里短，上课气氛很好，想学东西的同学来这里就对了，只想水课没拿到高分的同学，你们也没必要这样诋毁老师吧？
107964,2941,徐晓虹,2019-05-12 13:45:48,-2,1,3,真糟糕
108009,2941,徐晓虹,2019-05-13 00:01:45,1,1,0,讲不清楚
108190,2941,徐晓虹,2019-05-16 06:14:18,5,5,0,没有那么差
114335,2941,徐晓虹,2019-07-09 22:39:00,1,1,0,老师讲话声音小，PPT老旧并且密密麻麻都是字，每节课都要签到，说是第一节课就要交读书报告，其实拖到最后一节也行，小组作业只能看运气，做的怎么样和随机选的组员有很大关系。老师对时间的掌控不是很准，有拖堂15分钟的历史，讲不完课就请同学们自己回去看PPT。考试题目就五道，除了书上零几年的知识点之外可能有不少需要更新补充的，课后思考题可以做一做，能押到三四道。总而言之，这门课看似简单可水，实际劳动量较大，结果不一定成正比，选课需慎重考虑。
124782,2941,徐晓虹,2020-07-09 05:31:10,4,4,0,挺累的一门课，但可以学到许多东西，尤其是每节课的开头，其实从第一节课开始老师就在教如何好好写论文，格式和内容排布一类的。后面一些知识就看林毅夫教授的同话题课本就好，不用花太多时间。\n\n自己是机械大类，学过一小点经济学基础和计量，但不太用得好，这方面如果论文大作业吃力应该可以私下找老师问，定性也能写好（但不要想偷懒）\n\nPPT展示因为本届远程授课，所以很多小组莫名地做得很水，自己所在的小组算是认真的，可能是侥幸（？\n\n顺带多看看经济学史，尤其是西方发展经济学或产业经济学或区域经济学一类，还有林毅夫新结构经济学的提出背景。。。应该能理解老师为什么要红专。。。看菜下饭吧。。。\n\n论文比较重要（因为这届没有考试）\n\n上课声音催眠，黑板上字都看不清，就记得讲索罗模型什么的（感谢回放功能），不过不看这方面还是很认真负责的。\n\n\n\n自己别的科目不怎么好，所以本着能上一门上一门的无谓心态来上课，前期也不在意，后来稍微认认真真学了一通，最后竟然上90了。想刷分的我就不知道了。
141138,2941,徐晓虹,2021-09-24 08:36:38,1,1,0,老师讲课比较枯燥
141205,2941,徐晓虹,2021-09-26 06:25:28,-5,0,5,不怎么样
148720,2941,徐晓虹,2022-01-13 09:59:20,0,2,2,1.徐老师每节课都要签到，但是只要不缺课太多问题不大，她并不会因为几次没来就直接淦人\n\n2.区域经济学事情不少。大概有三样，一是三四千字的文献阅读报告，二是小组展示，三是五六千字的期末论文，对于一个2.0学分的课来说稍有点多，但这毕竟是个经济学必修专业课\n\n3.徐老师讲课是真的催眠，太瞌睡了，她讲得东西过于枯燥，而且喜欢提一些非常非常老的梗，代沟有点大\n\n4.综合其他同学的情况来看，徐老师是少见的把高分留给中国学生的老师。本学期徐老师给中国学生的分数较高，给留学生的分数较低，可能是因为本学期留学生摆烂过多，感觉本学期一部分留学生的小组展示有点过于水\n\n5.她长得有点像蛤蛤，而且经济学思想也非常具有蛤蛤特点
152731,2941,徐晓虹,2022-04-19 04:17:03,0,0,0,老师真的挺好的，拉高一点分
158767,2941,徐晓虹,2022-07-02 02:46:18,1,1,0,老师人真的挺好的，但是上课很无聊
159031,2941,徐晓虹,2022-07-05 01:34:45,-2,1,3,上课烂，事情多，给分差，建议别听讲别对她所说的任何观点报以认真的态度
159428,2941,徐晓虹,2022-07-19 02:51:44,0,0,0,修完了区经，蛮好和轻松的课程。平时：一篇文献综述，小组答辩展示，期末一篇5K字的论文。整个学期很少听课，论文认真写，最后得 4.开头。老师不是绩杀，对留学生很关心。好推荐！
160083,2941,徐晓虹,2022-09-13 05:25:54,0,0,0,楼上说事多的，上过别的课吗，徐老师已经是事少给分好了，为老师正名
167637,2941,徐晓虹,2023-01-18 02:21:53,1,1,0,事少给分好
25723,3019,张小茜,2016-06-05 04:27:06,15,34,19,这个老师，从国外回来，口口声声中国教育有问题，中国学生不行，他自己不是中国学生？而且还在用签到签出这种无能的方式，真的是无语，从来没有正常下过课，事情还多。慎选！
30827,3019,张小茜,2016-07-02 14:54:22,19,28,9,糊里糊涂，荡头荡脑。给分不错！
31341,3019,张小茜,2016-07-03 16:32:34,21,36,15,不能同意一楼更多 每次上课 必谈哥大的学生多么优秀 必比较周二班和周五班各种好坏 夏学期上的第一节课 就崇洋媚外到让人受不了……平心而论给分不错 但是真心对这个老师喜欢不起来 对学生就是各种嫌弃……心塞
31609,3019,张小茜,2017-03-22 03:49:42,-22,8,30,张老师给分是真的好，不过平时要求很严格就是了，如果课程不是很忙的话可以选择逼迫自己一下，看看case做做search什么的
32883,3019,张小茜,2016-07-21 09:14:37,-12,24,36,越上到后来越发现，其实老师还是很喜欢学生的，而且态度越来越好。
39045,3019,张小茜,2016-12-21 00:51:07,-31,6,37,大爱张老师！
42100,3019,张小茜,2017-01-13 14:50:09,-18,17,35,考前客观评论：特别可爱的老师 虽然要求会有些严格但其实特别温和 上课也特别有意思
42798,3019,张小茜,2017-01-15 07:15:49,-21,10,31,考前评论一波，我真的太爱张小茜了?
46339,3019,张小茜,2017-01-21 09:15:05,17,24,7,讲课不怎么好，稀里糊涂，考前讲重点。
46574,3019,张小茜,2017-01-22 03:05:25,-20,9,29,老师给分真的很好……人也不错 蛮可爱的
46576,3019,张小茜,2017-01-22 03:06:30,-17,6,23,给分好
46612,3019,张小茜,2017-01-22 03:57:57,-14,7,21,考前画“重点”，给分好，楼下应该是research
49493,3019,张小茜,2017-04-17 03:53:57,44,61,17,非常智障了 上课ppt不给 私人联系方式也不给\n\n不管是教学内容还是作业要求 全都表达不清楚\n\n思路乱七八糟
51977,3019,张小茜,2017-06-30 11:53:26,33,41,8,讲的不好。。。
52802,3019,张小茜,2017-06-23 03:27:14,4,18,14,平心而论老师初心是很好的，但上课表述以及教学方式并不能良好传达出这种心意
58179,3019,张小茜,2017-08-15 13:36:33,-24,4,28,非常好
65695,3019,张小茜,2019-09-12 02:22:09,39,46,7,表里不一的老师 表面上说中国教育应该怎么怎么改进，但实际上自己还是践行老一套 表面上说关心同学，但是你去找她时态度极差 记得最后一次复习课一定去上就行
66244,3019,张小茜,2018-01-14 04:06:18,32,41,9,充分把崇洋媚外体现到极致
69686,3019,张小茜,2018-01-25 08:11:21,-18,8,26,很可爱的老师啊，但是为什么。。。（为中计祈祷）
72428,3019,张小茜,2018-01-30 06:03:44,-48,9,57,张老师是宇宙第一老师不接受任何反驳！漂亮，温柔，博识，可爱！下学期金融工程学继续约！超爱您滴！给您小心心～＞.＜
72460,3019,张小茜,2018-01-30 07:09:05,-16,10,26,非常可爱 老师上课特别认真 虽然刚开始感觉要求比较高 但是她都会很认真指导学生的 看得出来老师对学术特别热爱 最后中计卷面达的这么差给分也这么好……感动?
72464,3019,张小茜,2018-01-30 07:10:45,-20,11,31,张老师给分真的宇宙良心吧！上课虽然总是碎碎念有点好笑，但是真的超级超级可爱啊！！而且期末最后真的是 给分也太好了！为张老师疯狂打电话！！
72514,3019,张小茜,2018-01-30 09:21:42,-14,10,24,给分真的良心
72712,3019,张小茜,2018-01-31 02:54:14,-32,5,37,老师人很好，给分很棒，关键是在她的课上可以学到很多东西，当然前提是课下自己也要努力多看文献
72801,3019,张小茜,2018-01-31 05:49:16,30,38,8,中计不调分的话期末卷面怕是没几个人能上80。调分是好，但是原因在于上课的内容我们班都没学而其他班都学了，时间序列就学了一节课，还是朱老师代课，然后考了30分，建议学弟学妹多去隔壁蹭课。最后成绩都取决于调分的话，依据会不会很主观，大家卷面都差不多谁被正太谁满绩呢？反正最后和老师关系好的都满绩了，为什么不能好好考学过的内容，把成绩的决定权留给学生而不是调分。
72817,3019,张小茜,2018-01-31 06:25:10,44,62,18,同样是中英混杂的教课，感觉来代课的一位老师思路清晰很多，传达的也很好，但张老师的表达方式确实有欠缺，废话也很多，导致最后时间序列和内生性都来不及讲，还是请别班老师代课，还都是一节课讲完…最后中计全靠自学。以及她的课会激发恶竞…具体自己体会
74045,3019,张小茜,2018-03-08 06:24:09,-19,3,22,中华有神功
74088,3019,张小茜,2018-02-05 03:57:26,-24,5,29,张老师真的很认真负责（不过换个角度也可以说是要求高啦哈哈），论文评价力求客观公正，深夜还在群里和我们细心解释评分标准，个人认为在科研方面有所追求的同学可以多与张老师交流。另一个个人感受是，张老师心里住着一个温柔天真的小女孩呢！
74224,3019,张小茜,2018-02-07 06:25:44,-21,4,25,很认真
74258,3019,张小茜,2018-02-08 07:03:44,58,69,11,她的能力支撑不起她的想法
76461,3019,张小茜,2018-04-19 05:49:58,79,96,17,希望老师分清楚自己在上什么课。ppt不要搞混，上课不要讲的一半一半的觉得另一门课讲了这个课就不讲了，不是所有人都同时上金工和期货好么？
76909,3019,张小茜,2018-04-26 00:23:25,56,64,8,做pre的前一天深夜十一点半突然（全班都不知道的那种突然）说第二天十一点之前要发个什么word到她邮箱，然后人就不见了。第二天早上才说你们不应该只有ppt，还应该有个word记录你们的详细内容。自己感受一下。\n\n反正就是一个想法瞬息万变，前后矛盾，莫名其妙的老师（我不只一次听到这样的评价）。\n\n另外，她只是哥大访问了一下，又不是哥大毕业……至于那么天天攀关系么，感觉就像和某个大人物合了个影到处显摆一样，感觉幼稚的不行…
78015,3019,张小茜,2018-05-09 04:56:48,40,47,7,记得第一次课之后，旁边外专业过来旁听的小哥说：你们专业的课这样的么？\n\n我严厉地纠正他的看法后，给他推荐了cqb wyz zyj等等老师，并表明我们专业也是有好的老师的...
79937,3019,张小茜,2018-06-15 13:13:27,12,17,5,一个坚定的认为成绩代表了学生的一切的老师
80192,3019,张小茜,2018-06-21 09:21:30,-9,13,22,这位老师对学生投机取巧的行为是零容忍的。大学是学校，老师应该对学生有所要求。不要因为自己达不到高要求就在这b老师，更不要因为其他老师放弃了对大学生行知要求就瞎比较。\n\n课外链接，文献阅读准备的最全的。按时上下课。主动安排补课。给学生争取企业参观的机会。\n\n不足：讲话风格跳跃，导致表达不明确。
80204,3019,张小茜,2018-06-21 12:58:06,-15,4,19,好好好
80535,3019,张小茜,2018-06-27 13:45:55,7,9,2,每个星期都有灵光一现的task，一开始说考试pre好几个星期后（已经来不及退课的时候）又说考试…合作方给的提纲也不肯发给学生…不知道是老师的沟通能力有问题还是根本就觉得学生可以当猴耍
80840,3019,张小茜,2018-07-02 02:40:37,-9,4,13,金工考砸了……只能寄希望于老师手下留情了 为什么查老师上金工均绩会这么高QAQ不过老师平时分给的还蛮高的
81524,3019,张小茜,2018-07-05 09:30:13,7,10,3,把两门课混着讲，上课思路有点乱，把同学们都当预习过的教。最重要的是，课程群风气太差，一水的谢谢老师和奉承话，有营养的讨论倒是基本没有。其他课程群可不是这样的。
82118,3019,张小茜,2018-07-10 08:07:35,21,27,6,以下内容可能引起不适，慎入：\n\n上过老师的两三门课，觉得老师学术水平确实非常高，对待工作也确认一丝不苟，但是讲课的的确确不敢恭维。中计思维混乱且容易跑偏，想到哪讲到哪，中间穿插介绍文献和大牛，导致课堂内容重点、条理均不清晰。而且考试的内容大部分都感觉没讲，也不知道时间都去哪了。金工课感觉类似，实际的知识性内容让人摸不到头脑。而且鼓励班内竞争，各种课前展示读书报告回答问题听讲座加分项。这种课堂个人认为不利于大部分平时默默学习的同学，当然了喜欢和老师聊天谈学术套近乎的另当别论，被老师认识绝对有buff。至于给分，我只能说并不比别的老师好，甚至可能还差，毕竟老师调分都调给谁了大家心里清楚，对于自己认真学习且不愿跟老师套近乎的同学，建议选那种真正教授知识的老师。一开始我也不信这个邪，后来我信了，别问我为什么。
82794,3019,张小茜,2018-07-09 06:52:02,4,7,3,一学期云里雾里，最后全部需要自学一遍。给分糟心。
84221,3019,张小茜,2018-07-12 09:14:58,9,11,2,没有什么收获，思路表达不清，上课总是跑偏。还有种把教学备课视作浪费自己科研时间的感觉，跟学生的关系也只是停留在表面上的“好”而已，金工建议选别的老师。
84534,3019,张小茜,2018-07-13 05:53:25,6,8,2,慎选，太喜欢跟自己套近乎的学生了，而且上课真的感觉很浪费时间，建议选别的老师的课，经济学院还是有很多优秀的老师的！！
85206,3019,张小茜,2018-07-16 04:52:01,13,14,1,学习帝存在的重要意义就是让某些老师不要在课程群的一水奉承的漂亮话中看不到多数学生对自己最真实的评价。\n\n（另外为什么她评分还是10啊，是被锁定了吗）
85234,3019,张小茜,2018-07-16 10:08:06,49,55,6,客观评价一下老师吧，这学期上了老师的期货。先说优点吧：1.喜欢学生，虽然很多人说道阿谀奉承，不过还是感觉到老师本质还是喜欢学生的，也挺为学生着想的人 2.会调分，给分好 \n\n缺点：1.请老师正视作为教师的职责，第一次听见有老师说“抽出我宝贵的时间来给你们画重点（这是第一次见到读了PPT标题就算提纲的，不是花在科研上的时间才是宝贵的，您教书育人，总该懂为人师表的道理。2. 想法颇多，没有调理。老师上课想到什么讲什么，感觉没有用心备课，同时关于期货课考核方式的问题，真的不想吐槽了，老师总是摆出一副，不怪我，我也不知道的样子，这可是您自己的课堂，不要把责任都推卸给别人。\n\n3.态度奇奇怪怪…这一点和老师私下交流过的同学应该都有体会。综合来看…老师您进步的空间还有很多…（希望大家顶上去，让老师看到
92343,3019,张小茜,2018-12-28 02:18:15,12,16,4,语言暴力一流，感到敬畏的应该是施暴者，施暴者会因自己的行为受到惩罚，人在做天在看，好自为之吧
93888,3019,张小茜,2019-01-14 07:22:15,5,6,1,一言难尽
99218,3019,张小茜,2019-01-24 12:23:08,-1,2,3,中计好难啊呜呜呜
100416,3019,张小茜,2019-01-26 05:49:59,-15,5,20,张老师人非常有趣和好玩 也常会讲一些课本外的经验性的干货 学到了很多哩 不过对学生要求比较严格 但还是非常喜欢张老师 不过中计卷面应该是实在考的不好 出分前来评价 担心出分成绩影响了对老师的中肯评价!期待下学期的金融工程!
102383,3019,张小茜,2019-02-01 10:28:37,-14,5,19,特意来给老师美言，老师最棒！
102384,3019,张小茜,2019-02-01 10:32:33,-6,3,9,老师写论文的干货讲的比较多，中计的话，吃透ppt吧，毕竟大学考试，都靠考试周(*￣m￣)
102385,3019,张小茜,2019-02-01 10:38:03,-8,3,11,老师人很可爱～想到什么都会讲出来哈哈哈 然后课堂上会分享很多自己科研的心得 感觉这些东西是很难得的 也是很多课堂上或许没有的 然后给分超好啊！
102388,3019,张小茜,2019-02-01 11:00:36,-10,5,15,总的来说除了课上的不够好其他都很好。老师人非常好，给分也非常好，中计作业也不算多，不过就是听完一次课，知识点很难有太多印象，讲的比较散和随意（ppt也是），倒是科研上的内容还挺多干货的，就是这些内容能集中讲不要影响上课进度就好了。总的来说还是比较推荐的！
102391,3019,张小茜,2019-02-01 11:24:32,-6,4,10,给分好！
102424,3019,张小茜,2019-02-01 16:19:47,-17,3,20,中计。为什么会有这么多评论说老师不好，老师到底做错了什么啊，你们要这样说她？她是讲课不备课了，还是给分刁难你了，还是上课讲有违学校规定的内容了？我觉得老师没有做错什么，不应该受到这样的人身攻击。
103409,3019,张小茜,2019-02-28 03:02:12,11,11,0,？？？？作业要求没听懂，讲课内容没听懂，不知道她在糊糊弄弄说什么？？？
103751,3019,张小茜,2019-03-05 03:52:14,7,8,1,这节课也没说是专业课啊，明明有那么多其他学院学生选，老师你非要把金融工程和中计的一起讲吗？你说你很纠结不知道讲还是不讲，同学们要在查老师上骂你，那你不想想是不是你自己的原因吗？
104094,3019,张小茜,2019-03-12 02:34:42,3,4,1,请老师真的不要把金融工程带入这门课，听课体验很差，本来这门课就没有说是金融工程的续章，么意思，且老师的逻辑真的挺混乱的，无奈...
104290,3019,张小茜,2019-03-16 16:06:58,8,9,1,无语了 布置任务不知所云 自以为在外网上布置作业很牛逼吧可能 实际上除了给学生添一大堆麻烦屁用没有 自己用的上课程序自己搞不清楚 问问题也不回全推给助教 还课上说查老师学生怎样怎样说搞得她不知道怎么上课 服了
105971,3019,张小茜,2019-04-24 01:21:01,-13,9,22,大家没觉得张老师是大学中，为数不多的能像高中老师一样关心学生的老师吗？虽然有时候会cue学生，可是老师的初心绝对是好的!大家的阅读材料，课外的网站学习，是我们没做，这些对我们的学习有帮助嘛?我想是有的，毕竟老师是过来人，从前总是抱怨学习没门道，后来门道来了，又开始抱怨老师作业多，作业布置不清楚。其实大学之大，本就已不拘泥于课本之中了，希望各位宽容，也希望各位能有所收获!
105982,3019,张小茜,2019-04-24 03:29:09,5,6,1,我已联系腾讯总部，走着瞧（狗头）
107301,3019,张小茜,2019-05-03 08:18:52,4,5,1,觉得下面听的学生都懂得很了，所以就不给你好好讲点货，几堂课下来飘在天上，一会这一会那，能具体一点么老师
107570,3019,张小茜,2019-05-07 01:56:51,-2,7,9,开课蒙明伟，点名四十分，上课发早餐，开车出去玩，你还不来选，满绩再不见
107572,3019,张小茜,2019-05-07 02:04:34,-3,3,6,发早餐可还行
110136,3019,张小茜,2019-06-23 14:30:22,-4,3,7,老师很好，如果期末可以再给个复习重点就更好了，内容很多感觉复习不过来，好希望老师可以讲一下复习要点
110950,3019,张小茜,2019-06-28 16:58:59,10,11,1,张小茜是真的牛逼，平常把重点讲的非常到位，就是和考试内容没关系
114892,3019,张小茜,2019-07-12 13:20:11,-11,4,15,说实话张老师还是挺真心关心学生的，给分也挺好的，比起大二的某些专业课老师真的好多了
115515,3019,张小茜,2019-07-31 12:27:44,6,6,0,实在受不了，还觉得自己牛得不行。彻底歧视外专业的同学。
117573,3019,张小茜,2019-09-26 06:01:19,7,7,0,思路不清醒，废话多，喜欢东拉西扯。希望她早日明白学生并不感兴趣她开了什么会得了什么奖带的研究生怎么样
118010,3019,张小茜,2019-10-18 11:11:07,-25,4,29,已经毕业的老学长来说一句，之前其实我也蛮抵触张老师的讲课方式的，原因就像你们发表的那些评论一样。但是后来第二次选上老师的课，逐渐觉得小茜老师是一个非常可爱，朴实的老师，尤其是现在在国外每周被一堆reading埋没的时候，我就会想起张老师的理念与国外教育的确有那么一些的共通之处，当然和国内那种高密度的讲课方式的确不一样，不适应也正常。但是对我而言张老师教的那两门课也是我最后掌握的最好的课程。另外，大家不适应老师的授课方式正常，可是质疑老师人品什么的，还是希望能够更好的去认识老师，老师真的很好。
122643,3019,张小茜,2020-03-11 04:01:04,13,14,1,英语好像也不咋好，却总是要用英语秀优越感。我总觉得这样的老师特别可悲，到学生面前找存在感。辅修的同学表示真的听的云里雾里，每周三节课听的不知道她到底想讲什么，三节课就在拐着弯秀啊秀，我还听不懂她秀点啥？？？
122798,3019,张小茜,2020-04-08 01:58:57,17,18,1,“我始终很强调哈 要严师才能出高徒哈”我想说首先你要是个老师 像个老师 才能做严师\n\n天天叫同学们点赞 我都不知道又什么东西可赞的 辣鸡老师\n\n
122800,3019,张小茜,2020-04-08 02:24:22,23,24,1,讲课么不讲，疯狂分享自己的经历，我tm是来上课的，不是来听有声小说的，简直nc。
122802,3019,张小茜,2020-04-08 03:27:33,15,15,0,回来了回来了回来了回来了回来了回来了回来了回来了回来了回来了回来了回来了回来了回来了回来了回来了回来了回来了回来了回来了回来了回来了回来了回来了回来了回来了回来了回来了回来了回来了回来了回来了回来了回来了回来了回来了回来了回来了回来了回来了回来了回来了回来了回来了回来了回来了回来了回来了回来了回来了回来了回来了回来了回来了回来了回来了回来了回来了回来了回来了回来了回来了回来了回来了回来了
123210,3019,张小茜,2020-05-20 02:11:18,13,14,1,宽于律己，严于待人。喜欢在很细节的地方给人挑刺，但自己讲课漏洞百出。
123224,3019,张小茜,2020-05-21 09:49:21,8,10,2,我就没见过一门课提交课程照片和反馈表的次数占总成绩30%的，关键是你也不早说，真是欠骂
123597,3019,张小茜,2020-07-06 13:09:51,8,9,1,什么鬼
123599,3019,张小茜,2020-06-10 11:02:29,31,33,2,老师让我想到了小学五年级的自以为是的小心眼事儿精公主病女同学
124578,3019,张小茜,2020-07-03 07:13:48,22,25,3,私下接触的感觉是，其实并不是真的关心学生
124696,3019,张小茜,2020-07-06 12:29:02,15,15,0,期末论文没有特定要求\n\n然后边改论文边在群里逼逼赖赖，“很多同学的论文都是混混，好难过”，“改论文的感觉就像过山车“，把不同学生的论文截图发在群里拿来对比。如此师德怎能承担此任？如此水平怎能为人师表？
124711,3019,张小茜,2020-07-06 16:06:48,28,29,1,不排除有精神疾病
124829,3019,张小茜,2020-07-11 11:38:01,5,6,1,说给分好的那位同学你是认真的吗
125268,3019,张小茜,2020-09-05 05:01:16,16,18,2,自私虚伪，在课上秀自己怎么虐待研究生，服了服了……
125984,3019,张小茜,2020-09-16 08:23:58,6,8,2,预置的是她的课，退了选朱的没选上，只好来补选。今天第一次上课。早就听闻风评不行，现在看来果然如此。说一下第一节课的感受吧，正事不说，复习没有，新课不上。就瞎扯自己多么多么牛逼，自己带的学生多么多么优秀，wind多么多么好用。废话一堆，真尼玛辣鸡！！！
126073,3019,张小茜,2020-09-17 05:45:59,4,6,2,多少沾点
126085,3019,张小茜,2020-09-17 08:41:53,9,10,1,总觉得老师很喜欢用自己的思路揣测同学，其实事实上根本不是那样吧。wind我们没有账号，却节节课教用，真的不懂为什么。上过她的期货，给分一般般。课程知识的东西讲不了太多，经常思绪飘忽地扯些有的没的。
126097,3019,张小茜,2020-09-17 11:21:28,20,23,3,但凡当年管院借给老师一本书，经院学生也不用受这样的苦
126131,3019,张小茜,2020-09-18 03:10:40,32,38,6,我上了三年的课还是第一次遇到这种上了一节课就让人浑身不舒服的老师。第一小节课上完有两位同学起身就走，这女人还搁这儿问为啥要走？我就想问你心里没点数吗？经典言论包括：“我觉得做饭做家务就是浪费我的时间”“我十分痛心哥大没有我们浙大的商科研究生”等等。我就奇了怪了您这样的事业型女性既然这样想就别来教课别组建家庭了呗，合着啥事儿都是浪费您的时间，那您还搁这折磨学生？访问学者多了去了也没有像您这样老是挂在嘴边的啊。。既然来上课那就多为学生想想，别胡乱说话随意引申。另外老师的逻辑恐怕很成问题，居然能通过学生坐在窗户旁边推断出他们不爱学习，建议直接授予逻辑学大师称号。芜湖，起飞！
126188,3019,张小茜,2020-09-18 16:23:30,30,33,3,老师都四十好几了还成天犯公主病，没事找事，说话做事不顾及学生的感受，这就是你自以为的爱学生吗
126374,3019,张小茜,2020-09-24 06:34:01,2,3,1,把我气死咯哦~~~
128200,3019,张小茜,2020-12-12 08:03:25,1,2,1,感觉靠不住啊
133685,3019,张小茜,2021-03-03 17:26:25,2,4,2,sb啊，真就超级大sb😞
134759,3019,张小茜,2021-04-14 03:50:08,-1,1,2,啊啊啊啊啊啊啊啊！！太傻了！
138960,3019,张小茜,2021-07-12 03:35:03,-4,4,8,张老师很努力
143958,3019,张小茜,2021-12-14 08:49:28,1,2,1,这个分实在是虚高了
151041,3019,张小茜,2022-02-22 06:48:52,3,3,0,救命，快逃！能不选张老师的课千万不要选，上了她的课才明白查老师上的评论一点都不假，现在就是想哭
151568,3019,张小茜,2022-03-08 03:54:51,3,4,1,评论里说的完全正确，快逃
152338,3019,张小茜,2022-04-05 14:29:46,0,1,1,可以考虑一下别的开课老师。辅修上到现在体验最差的一门。
152458,3019,张小茜,2022-04-12 05:32:19,5,5,0,水平真的低，废话真的多，关键是还自我感觉良好。。。总是能让人感到不适
154497,3019,张小茜,2022-06-02 02:10:32,8,8,0,很难认可一个有公主病的老师
155813,3019,张小茜,2022-06-16 05:46:22,7,8,1,第一次见到由于另一节课没人上在课上疯狂推销自己课程的人。\n\n本学期本来期货理论与实务只有二三十左右的人选，结果辅导员在大群里推销这节课，张小茜自己在金融工程学课上疯狂推销（前几次课每次都要花几十分钟时间推销）。最后如她所愿终于有70左右的人报名了这节课程，当然这节课原本的容量是120人。\n\n可能具体数字记忆有误，但事情大体是这样的，我在这里特意记录一下如此奇观。由此可见这个老师的风评和水平了。
156553,3019,张小茜,2022-06-20 08:56:20,3,4,1,恶心心
158234,3019,张小茜,2022-06-27 15:35:01,2,2,0,金工给分还可以 上课一般
158252,3019,张小茜,2022-06-28 00:27:32,9,9,0,上课不咋滴我就不多强调了，反正前四到五排基本没人，有两次点名记得去，别的没啥
158303,3019,张小茜,2022-06-28 07:58:10,0,2,2,给分不错，作为外专业人感觉上课节奏还可以，可能对于本专业的同学节奏很慢。
161317,3019,张小茜,2022-11-04 05:28:08,15,16,1,是自私自利，虚伪至极的小公主一枚吖~
163162,3019,张小茜,2022-12-08 10:14:37,10,10,0,这位老师开课靠辅导员在年级群给她推销课程，期末评价让助教来暗示要给她好评，懂的都懂。
164988,3019,张小茜,2022-12-28 08:21:05,1,2,1,复习地很崩溃，上来辱骂两句
165835,3019,张小茜,2023-01-10 04:18:18,3,5,2,给分挺好的
165838,3019,张小茜,2023-01-10 05:19:30,5,8,3,讲的不行，金工全靠自学。但是给分还可以，最后满了
165840,3019,张小茜,2023-01-10 05:21:19,1,2,1,讲课确实不太行，不过给分挺不错的
166027,3019,张小茜,2023-01-11 01:27:55,2,3,1,老师人还挺好的，但是上课确实还有提升空间
166312,3019,张小茜,2023-01-12 02:18:15,-14,3,17,我给满分
171893,3019,张小茜,2023-04-11 09:57:52,15,16,1,zxqsb
172506,3019,张小茜,2023-04-28 05:57:50,10,11,1,上课只知道唱高调，定价原理一概不讲，别搁这误人子弟了
172608,3019,张小茜,2023-05-02 03:13:50,29,29,0,自视甚高，贬低同学，打击别人。你个南京师范出身的就这么牛吗？？嗯？？
172936,3019,张小茜,2023-05-10 05:38:27,16,16,0,我是一个特别固执的人，我从来不会在意别人对我说什么、让我去做，我不管。如果，所有老师都可以向我一样，那我觉得，这件事情，泰裤辣！
172946,3019,张小茜,2023-05-12 10:30:36,56,57,1,上课内容：每日痛心（1/1），每日失望（1/1），每日生气（1/1），每日担心（1/1），每日炫耀批评研究生博士生（1/1），每日推卸责任给助教老师（1/1），每日为出国的学生感到振奋人心（1/1），每日流畅背诵各路大拿的姓名职位成就并攀关系（1/1），开了眼了
173254,3019,张小茜,2023-05-17 05:56:07,12,13,1,理论讲不通，事务也讲不通，狗屁不通
173433,3019,张小茜,2023-06-19 14:50:21,8,12,4,上课经常讲有的没的，能多讲点基础知识吗。基础原理不讲，平常上课各种博士硕士学术交流，天花乱坠。真的不是所有人都想走学术，求求经院专业课别那么空中楼阁了。
173803,3019,张小茜,2023-06-03 06:02:43,-11,3,14,老师上课的确存在逻辑混乱的问题，期末得根据郑晓龙老师的讲义笔记补天🥲但不得不说我的确是在老师的课上才学会使用wind的。当时上课的时候对她颇有意见，结课之后几次答辩都有她作为评委，都被她好好地关心和温柔地给出具体意见，真的被安慰和鼓励到了。
174394,3019,张小茜,2023-06-11 15:12:08,14,17,3,6月8号布置了作业，总共18道题，要6.11号交。。。\n\n这是一个正常的老师期末可以做出来的事情吗？？？\n\n那我觉得，这件事情，泰裤辣！
174512,3019,张小茜,2023-06-13 11:47:08,12,13,1,我想您的金工也没有什么别的，大概三件事\n\n一个，做了Columbia的访问学者\n\n第二个，和John Hall谈笑风生\n\n第三个，就是宣传你的期货市场\n\n一学期听下来，很惭愧，就只有一点微小的收获
174513,3019,张小茜,2023-06-13 11:47:10,17,18,1,我想您的金工也没有什么别的，大概三件事\n\n一个，做了Columbia的访问学者\n\n第二个，和John Hall谈笑风生\n\n第三个，就是宣传你的期货市场\n\n一学期听下来，很惭愧，就只有一点微小的收获
174560,3019,张小茜,2023-06-14 05:29:26,11,12,1,我不在乎你tm跟什么大牛交流过，也不想认识你的研究生，我只想系统地学习金融工程学的知识。上课能别扯那么多吗？
174584,3019,张小茜,2023-06-21 14:43:20,13,15,2,或许您的科研、工作、拉关系、人生阅历很丰富吧，但您真的不是一个好老师。讲不明白，本质还是在读ppt，以及疯狂的pua。真讨厌你，一点都不尊重人
174695,3019,张小茜,2023-06-29 23:13:15,8,17,9,给分和讲课都不好。。。你看看你考的东西上课讲过吗
174959,3019,张小茜,2023-06-20 12:18:09,8,11,3,课程难度爆炸，但由于我也没怎么听过课，还是不评价了上课质量了\n\nppt是真的混乱，充斥着不知所云的截图、链接、合照\n\n但老师人还是很好的，很希望我们能够学一些内容
175023,3019,张小茜,2023-06-21 06:29:54,-1,3,4,世界很喧嚣 做自己就好\n\n听懂掌声
175024,3019,张小茜,2023-06-21 06:29:53,0,4,4,世界很喧嚣 做自己就好\n\n听懂掌声
175031,3019,张小茜,2023-06-21 07:28:40,13,13,0,如果这是一门通识课，我想我会很喜欢张老师。虽然上课一般，但我能从日常答疑和老师对我们的寄予期望中感受到老师的善意。\n\n可惜这是一门专业硬课，且难度不低。在错误的时间地点相遇，只会是一段孽缘。
175099,3019,张小茜,2023-06-21 13:21:15,30,31,1,第一，Columbia的访问学者\n\n第二，和John Hall谈笑风生\n\n第三，宣传期货市场\n\n第四，混乱的PPT
175100,3019,张小茜,2023-06-21 13:21:16,14,15,1,上课内容概要：期货课 johnhall
175284,3019,张小茜,2023-06-23 07:53:18,16,17,1,我一直以为John Hall是张昊，对不起🤣
176476,3019,张小茜,2023-06-29 05:20:52,16,19,3,你在专业班和辅修班讲的都是同一堆垃圾，辅修班调分专业班压分，你是懂得劝退的。建议趁早把金融工程改成选修课，学弟学妹去学其他的投资学衍生品比这个强一万倍
176891,3019,张小茜,2023-06-30 14:34:11,3,10,7,老师给分和人都不错，但是上课需要提升一下
176996,3019,张小茜,2023-07-01 03:46:51,-6,7,13,老师讲课确实有些欠缺，课上也确实喜欢灌一些鸡汤和无意义的话，金工的内容有亿点点乱。但客观来说人还行，也挺为学生着想，考前还一个个问平时分较低的同学是不是作业出什么状况。给分我觉得挺好的，而且考试出的也算很仁慈了。总之还是希望金工能被继续打磨一下吧。
187748,3019,张小茜,2024-01-17 09:54:55,2,7,5,期货市场理论与实务这门课还真的挺推荐的，请了各种期货大佬来讲座，还可以去实地参观企业。考核任务不繁重，就一篇论文，整体感觉很好。点名也不多，对比另一门讲座很多的某大四课程，真的好太多。（认真的）
188141,3019,张小茜,2024-01-18 09:20:46,-1,5,6,同意楼下，补充一下，这门课还有专属的课程奖学金，扩展活动也丰富。意外之喜。
192961,3019,张小茜,2024-06-01 08:11:27,15,16,1,“我看不起那些去新加坡和香港而不去英美留学的，因为他们英语水平都很差。” \n\n                                                         ——zxq
194090,3019,张小茜,2024-06-22 02:49:52,9,9,0,上课讲的和考的完全无关联，纯自学，而且上课讲的也不是什么很有用的东西，没逻辑，不知所云
194327,3019,张小茜,2024-06-23 08:47:05,3,4,1,讲课跟考试一点关系没有还考的很难
195243,3019,张小茜,2024-06-27 11:41:40,-1,1,2,老师感觉人还挺好的。但是感觉讲课水平实在有限，听第一节课课程介绍的时候就感觉逻辑有点乱了… 不知道有没有外院的同学，怎么跟琴有点像……
195268,3019,张小茜,2024-06-27 14:11:34,14,14,0,老师人是好的，课是臭的，金工学起来也又香又臭。其实没必要如此吃力不讨好，跟院里商量下，换个老师来上金工吧，或者这样，张老师找一位老师一起上这门课。张老师负责第一节课分享人生阅历和衍生品市场，以及最后一节课划重点出试卷，多好。
195587,3019,张小茜,2024-06-29 02:11:06,10,10,0,金融辅修的最后一门课。选的线上班。平时课没听几节，补天的时候听她的课直接痛苦面具。让我想起大一听金立的逻辑学导论。同样是老师在上边天花乱坠，我在下边云里雾里。最后60飘过。就我个人而言，我感谢张老师捞我一手，因为就最后答卷水平我应该过不了。但是，不是只有我这种只求过的，还有想拿高分的，想真正系统学习金工知识的同学。现在开金工的只有张老师，我只能相信她也是想把课上好，但教学水平不是一朝能突飞猛进的。衷心建议经院把金工改为选修并移出辅修范围，或者再找几位其他老师来上课。
195592,3019,张小茜,2024-06-29 02:36:57,15,16,1,上课和给分能看出张老师的关怀和善意。但真的，，专业能力和讲课水平槽多无口，经院你就安排这样的老师给学生上课喂屎吃是吧？？
196166,3019,张小茜,2024-07-02 02:41:20,-13,2,15,感觉老师还是很尽力上课的，比较关心学生，给分来看也不错（至少大家都普遍反映是超预期），不过有一点点小建议就是老师可以更明确下重点，因为期货衍生品类知识繁多，个人觉得如果没有什么实务经验，对上课内容很难有大的感触/收获～
196545,3019,张小茜,2024-07-04 04:16:10,12,12,0,感觉水平有限，不适合教偏数理的金融工程
197338,3019,张小茜,2024-07-11 04:40:26,4,5,1,金融工程对金融专业来说还是很重要的核心课程吧，但这样的上法是培养自学能力吗？平时上课夸夸其谈，考试又是书上的知识点，教考分离了属于是。其他多的不说，只能说对这门课的评价都基本属实！给分的话还是捞了一小点，毕竟最后空了半道大题得分也还过得去，但是期末考试题目计算量巨大导致普遍做不完又是在培养按计算器的能力吗？？
200858,3019,张小茜,2024-10-23 13:04:44,13,13,0,PPT有着花里胡哨、不知所谓的截图，居然还把同样的知识点，分成中英文夹杂在PPT里，而且还只是从不同教材上截下的图来东拼西凑，这样的讲义有何意义？随便截了一篇长篇大论的英文报章，还不厌其烦地用她那蹩脚的口音念完整篇给我们听，完了还沾沾自喜。上课讲的完全没有干货，东拉西扯，课本都讲的比他还清楚，要是让她照着课本念，也未必讲得清，全靠自学。还有平时作业里，让我们推导BSM公式的用意到底何在？？连课本都用了一整章的篇幅来讲解，请问您是想单纯培养我们手抄课本的能力吗？都快期末周了还在不紧不慢的讲故事，偶尔自己还把自己逗笑？？我们是来听课的，不是再看您演独角戏的。等到最后一堂课才草草了事地带过剩下的内容。给的考试重点比太平洋还宽，老师您干脆把整个目录念完得了。考试前边学边骂，考试时边考边骂，考完后也还在骂。考试题量巨大，什么公式推导、画图、计算题，样样都来，考卷每一页都有惊喜大礼包。建议学弟妹们还是多看98上的回忆卷吧。求求经院再招招新老师吧，金工太硬核了，不要随便找个老师应付我们，让学生自生自灭，学到怀疑人生，学到不明不白。
201396,3019,张小茜,2024-11-02 07:01:20,0,1,1,以为自己学了假金工……
215369,3019,张小茜,2025-02-25 12:00:29,4,4,0,听了第一课，感觉屁都没说，全在吹牛逼，实际上一点东西都没有，听着想吐…
215507,3019,张小茜,2025-02-27 06:36:19,5,5,0,十句话中0个有用信息 语速太慢讲话没有重点 说话中英结合 似为John梦女 听课浪费生命
215667,3019,张小茜,2025-03-04 01:22:12,6,7,1,思绪混乱，东扯西扯，自我感觉还特别好。我们是来上课的，不是来听您讲单口相声的。这种水平是可以在浙大上课的吗
218779,3019,张小茜,2025-05-04 14:11:30,0,0,0,是因为她水平太次了吗？？为什么上课全在讲些有的没的的皮毛，重点反而快速掠过，东拉西扯的。（虽然能感受她的用心）总的来说听她的金工像同时踩到一坨shi和捡到一块钱。求求经院换个老师上这课吧。。。
218836,3019,张小茜,2025-05-08 00:08:24,0,0,0,楼下的，是捡到一毛钱还差不多
219630,3019,张小茜,2025-06-02 09:29:08,7,7,0,不知道是这个老师的问题还是这个教材的问题（毕竟要应付考试只能不听课看教材了，但400多页的书感觉在不知所云），虽然是社科的课但是通篇都是简单的指数和加减乘除运算组合出来的恶心玩意，既无technique也无enlightenment，复习的我想自残。\n\n为什么经院的本科生要上这么恶心的课（或者不是课恶心而是教材和教师恶心）？如果没有能开这门课的人能不能尽早取消，开点动态规划、计算经济学、高级计量甚至凸优化这样的数学课不好吗？如果非要让我的脑细胞大量死亡我希望它们死得其所，而不是为了一个不知所云的课背一堆两个礼拜后就忘记的恶心公式并且还要忍受听课时那种浪费生命的无力感。真的第一次有一门课让我想哭甚至想自残。
220132,3019,张小茜,2025-06-16 03:18:21,0,0,0,不建议任何形式的听课，所有知识点一笔带过还分中英文，有效密度不超过20%，绝大部分时间内容为wind查数据、我在哥大、带毕设、中金所大拿、某某诺贝尔奖得主的论文、多么希望经院同学多出国、感觉本科生基础不是很牢靠等等，浪费时间浪费生命。都像这样的老师讲课基础能牢靠才有鬼了。金工这么重要一门课程，授课效果却如此之差，建议经院换个老师开，要么就把金工踢出辅修要求，不要再给辅修er喂史了
220137,3019,张小茜,2025-06-15 10:54:56,3,3,0,考试前来评一下吧，这老师一大逆天之处是直到考试了也不发平时作业的答案，导致学生不知道哪些题对哪些题错，不会的题到了考前依旧不会，那这作业做了有什么意义，我请问呢？其他一言难尽的点别的评论都有，不赘述了。
220915,3019,张小茜,2025-06-20 10:29:02,0,0,0,很佩服这位老师的脸皮和心态，感觉她上课不是为了教书育人，课堂就是她在人前炫耀、肆意输出自己观点的舞台。第一次有种要是有人能早点退休，各方都皆大欢喜的感觉，免得一届届的学生被她荼毒~
221979,3019,张小茜,2025-06-28 07:54:21,0,0,0,讲课与考试关系为：0个关系；\n\n全靠自学课本，如果想追求高分建议课本完整走一遍，考试就按照课本出，中规中矩的出题，给分倒是出乎意料，但是学习过程实在是难受，综合一下我建议这门课早点取消必修或者核心，如果取消不了建议选线上课\n\n补充：楼下关于作业答案的问题我找助教和老师都要过，结果是没有人有正确答案。。
397,3049,汪淼军,2015-03-15 01:56:00,11,14,3,理论讲得比较详实，但在应用和延伸方面比较少
20184,3049,汪淼军,2016-01-26 12:20:09,-19,9,28,刀子嘴刀子心…
34249,3049,汪淼军,2017-01-05 06:11:30,11,14,3,黑他真是对不住了
34251,3049,汪淼军,2016-09-29 06:26:11,-37,10,47,差到难以理解\n\n吐字不清\n\n上课太难\n\n鄙视数学不好的同学
34379,3049,汪淼军,2017-01-05 07:42:17,20,21,1,干货多，给分好
34465,3049,汪淼军,2016-10-11 07:03:30,28,29,1,严格 讲课收货非常大 从第一秒开始全是干货没一句废话的老师 普通话难懂
34952,3049,汪淼军,2016-12-15 12:06:50,14,15,1,好老师，
35653,3049,汪淼军,2017-01-05 05:24:05,49,49,0,汪老师当真是要上缴智商税的。\n\n
37145,3049,汪淼军,2016-12-26 07:21:11,10,10,0,很认真 要求又很高的老师\n\n
38312,3049,汪淼军,2016-11-30 00:44:41,20,21,1,汪sir的中微能让你充分感受到新古典经济学的逻辑自恰，评论区里吃瓜群众也就黑黑他的口音了
38771,3049,汪淼军,2016-12-18 16:02:59,12,13,1,学到很多东西，给分也好
38781,3049,汪淼军,2017-01-18 11:27:47,13,15,2,智慧的洗礼，认真学一定会有收获的，给分也很好啊。博弈论见！
39227,3049,汪淼军,2016-12-21 15:54:27,17,18,1,老师是不点名呀，因为拿提问当点名，再也不用担心678节犯困了
39311,3049,汪淼军,2017-01-05 05:11:28,21,23,2,智慧的洗礼
39407,3049,汪淼军,2017-01-19 14:12:24,23,26,3,刚开始听课不习惯，会被吓到，坚持住，认真听，认真理解就会发现汪sir对经济学的理解是很深刻的（长长的那条条评价）。学得扎实最后期末考试只是水到渠成的事。
39624,3049,汪淼军,2016-12-26 07:31:21,11,11,0,??智商税
39902,3049,汪淼军,2016-12-28 06:52:48,10,10,0,智商税
40071,3049,汪淼军,2017-01-05 05:15:12,21,22,1,汪老师特别关心同学，平时分都特别仁慈
40072,3049,汪淼军,2016-12-29 05:11:35,-4,4,8,数学不好的同学就不要太自信了，选其他老师的吧
40376,3049,汪淼军,2017-01-05 07:30:29,124,126,2,我们所说的理性，是工具理性，而不是人太理性，理性和自私是完全两码事，说句实话，你们恭逢一个最伟大的时代，第一，中国自1840年鸦片战争以来前所未有地富强，至今已经走到现代化的最后一步；二来，1945年以来世界金融的布雷顿森林体系在金融危机中彻底崩溃，世界需要新的经济秩序；三来，网络和信息时代带来了前所未有地便捷，所以，我希望经济学院的同学，在考虑到人生有关的大问题的时候，不要过于理性的斤斤计较，每次都想算计人家一点，那样你永远无法取得大的成就，要多遵循自己的心去决定问题。\n\n这是汪sir最后一堂课对我们说的话，对经济学的理解、境界，大家自己体会。
40701,3049,汪淼军,2017-01-05 05:10:06,5,5,0,一个字 膜
40703,3049,汪淼军,2017-01-05 05:10:40,10,12,2,这老师是交智商税的人……
40704,3049,汪淼军,2017-01-05 05:11:48,5,5,0,智商税
40709,3049,汪淼军,2018-09-27 05:07:17,41,49,8,四十岁了还单身  女同学可以考虑下
40714,3049,汪淼军,2017-01-05 05:50:35,2,4,2,表达有待提高，人还是挺好的
40752,3049,汪淼军,2017-01-19 12:07:31,12,15,3,汪老师博弈论教得真的超级棒！满满得干货…期末考给分也超仁慈，真的只要你努力学，平时的作业和小测都搞懂的话，期末满绩并不是梦，至少我觉得这学期我认识的人大部分都满了…所以千万别被汪sir开始的严肃吓到，他就是一个对事不对人特别耿直客观的老师…一个题他会不厌其烦的给你讲好多遍，期末考前还有特别安排的答疑，真的超级nice…
40754,3049,汪淼军,2017-01-05 08:36:48,7,7,0,是人生的一大幸事
40755,3049,汪淼军,2017-01-05 13:34:19,13,13,0,在我浙上课不上汪老师的课简直是白来了?
41373,3049,汪淼军,2017-01-11 06:23:06,7,7,0,感觉智商被压制
41696,3049,汪淼军,2017-01-12 11:05:36,4,5,1,汪老师平时要求相对严格，但是到期末时会发现博弈论真的是学的相当踏实，收获很多。老师很棒
43226,3049,汪淼军,2017-01-16 04:15:28,2,2,0,老师讲的真的好，而且，智！慧！必须十分
43421,3049,汪淼军,2017-01-16 08:48:14,-6,8,14,老师很严格！讲课也很好！但是！给分！真的是（死亡）
44928,3049,汪淼军,2017-01-18 14:03:51,2,3,1,上他的中微能学到很多东西，要求严格也是真的，建议不是经济学的慎选，数学不好的慎选←_←（然而还是不知道为什么给分亡了
46162,3049,汪淼军,2017-01-21 00:02:05,0,0,0,很费脑，但坚持下来收获大
47840,3049,汪淼军,2017-02-26 06:37:54,0,0,0,认真学就会有收获
60112,3049,汪淼军,2017-10-10 14:48:57,0,0,0,非常认真的老师，收获很大
62182,3049,汪淼军,2017-11-23 04:25:59,-6,1,7,真的是醉了
63985,3049,汪淼军,2017-12-20 12:06:09,3,3,0,学了汪sir中微才知道什么叫经济学。很认真的一个老师，收获非常大
66059,3049,汪淼军,2018-01-11 08:24:27,3,3,0,今天结课了，来给汪sir打满分，博弈论再见
66101,3049,汪淼军,2018-01-11 15:41:56,36,36,0,汪sir的结课： \n\n\n\n第一我要讲，虽然我平常说我们理论成立是有条件的且条件苛刻，但是它是强大的，你足够了解，足够了解后是可以应用的。\n\n\n\n第二，虽然我们一直讲人是理性的，但生活中不要太理性，太斤斤计较。【因为你没有那么聪明】，每件事都去算成本收益，社团要不要进，事情要不要做，你算不过来的。要学会遵守惯例，遵从感性。特别是在做重大决定的时候，所有东西已经通过惯例和感性印在你身上了，跟着心走。
66461,3049,汪淼军,2018-01-17 01:11:30,5,5,0,还没考试没有成绩但是就是想评价一波，汪sir让你觉得知识是一个从不懂到逐渐理解的过程，而不是从不懂到更加懵的过程
70032,3049,汪淼军,2018-01-26 04:23:42,3,3,0,博弈论出分，再次感谢汪sir期末考试高抬贵手，考了十分基础的作业题。大家考前把平时作业和小测题目，合上书本自己推导一次，每写下一步就问问自己这步怎么来的，就可以get 博弈论精髓啦～～～
70072,3049,汪淼军,2018-01-26 05:23:18,4,4,0,出分前想给老师打10分！出分后觉得自然数不足以表达对他的爱！再难的逻辑只要认真听他梳理，好好听他的话做题，辅以一定的温习就能掌握。让人完完全全信任的老师，收获的不仅仅是知识还有思维学习的方法。本数理渣爱他一万年！
70116,3049,汪淼军,2018-01-26 06:36:26,2,3,1,第一次挂科，寒假献给你了。
70723,3049,汪淼军,2018-01-27 12:34:12,2,2,0,汪老师非常厉害，讲课真的很六，跟上他的节奏获益匪浅（当然虽然还是回答不出问题）。平时有小测，会答对问题还会有额外加分，老师给同学答疑很耐心，最后给分也超级好！！！
92723,3049,汪淼军,2019-01-04 03:45:47,3,4,1,汪sir最棒！！！给汪sir打call！！！
93502,3049,汪淼军,2019-01-10 06:09:11,18,18,0,所谓理性是为了更好的感性\n\n这是一个伟大的时代，互联网的发展给了我们很多机会。我们要有远大的目标，不要斤斤计较眼前微不足道的利益。\n\n我们不是机器，理性是有缺陷的，我们需要不断学习去弥补缺陷，同时也要宽容别人的错误，海纳百川。\n\n我们要去怀抱不易达到的目标，容易达到意味着毫无意义，这条道路上注定很多困难，我们要有坚韧不拔的意志，用意志力去守护我们的梦想。\n\n\n\n吹爆男神汪sir！\n\n也很庆幸遇到的经院老师大多给了我很多精神食粮\n\n一学期的博弈论用原理去告诉我们生活的道理\n\n所谓成绩此时倒显得无关紧要了\n\n
93555,3049,汪淼军,2019-01-10 10:35:44,13,13,0,教学认真负责，上课既关注了经济学的数理性又关注了它的思想性。来浙大收获最大的两门课就是汪sir是中微和博弈论了。
94080,3049,汪淼军,2019-01-15 06:34:19,17,17,0,言语不足以表达对汪sir的崇拜，汪sir的课堂风格就像他的课件，白纸黑字不加修饰，高度理论化，一大串数学公式令人望而生畏，但是静下心来好好听会发现其中严丝合缝的逻辑脉络，会发现整个新古典微观理论的思维架构原来是那么自然、直观、清晰、严谨，以至于课件的简陋和并不太清楚响亮的讲课声音都好像是为了让你更好地理解。当然，你还是回答不来汪sir的提问。总之，膜汪sir！九月博弈论再来继续交智商税
94748,3049,汪淼军,2019-01-18 05:00:25,3,3,0,老师！！
96311,3049,汪淼军,2019-01-20 23:10:21,11,11,0,一副经济学的画卷就在你的眼前徐徐展开
97781,3049,汪淼军,2019-01-22 16:00:35,2,2,0,好老师\n\n
97815,3049,汪淼军,2019-01-28 03:25:27,5,11,6,上课很好，讲课没得说，不要注重应用，便理论。阅卷以及给分…属于那种很严的老师了，如果你没自信好好学习或者天赋异禀，觉得你做题做不到严丝合缝和答案基本没差…那你想要高分…退选吧……
97947,3049,汪淼军,2019-01-23 02:33:20,7,8,1,我来给汪sir打10分了！博弈论见！！
98956,3049,汪淼军,2019-01-24 05:48:57,3,3,0,超级喜欢无疑了\n\n很难但很好
101278,3049,汪淼军,2019-01-28 03:18:47,14,17,3,真心超爱汪sir！！汪sir平时看起来很严肃，但是下课后去问题汪sir真的超耐心555有一次和同学下课讨论一个点，汪sir在教室听到就直接给我们下课“补课”了。真的是好老师！从初微很低的分到中微满绩，在汪sir的课经济学体系非常清晰，数理性非常强！汪sir给我们讲的不只是经济学的理论，还有超越理论的高度。
101336,3049,汪淼军,2019-01-28 04:32:57,3,3,0,很好的老师
102971,3049,汪淼军,2019-02-25 07:07:07,0,0,0,很喜欢汪sir\n\n
106251,3049,汪淼军,2019-04-26 02:50:19,2,2,0,汪sir是真的厉害。话不多说，博弈论见
107317,3049,汪淼军,2019-05-03 12:41:56,2,3,1,感受到了大学课堂应有的样子
107985,3049,汪淼军,2019-05-12 14:26:56,0,1,1,超级喜欢
108612,3049,汪淼军,2019-05-29 15:57:25,0,0,0,哈哈哈
120347,3049,汪淼军,2019-11-29 11:45:10,3,3,0,感谢汪老师每一次课程的认真！
123154,3049,汪淼军,2020-05-13 14:14:06,7,9,2,经院最认真负责的老师之一
123363,3049,汪淼军,2020-06-05 16:30:25,15,15,0,认真听收获极大！经济学功底深厚且有很宽广的视野。上课难度大，但只要努力学，期末肯定没问题！
126803,3049,汪淼军,2020-10-20 18:28:31,-7,5,12,不吹不黑，等你自己对经济学有一定理解之后，你会发现他讲课也一般……跟大部分老师差不多水平，也不用太夸大。给分严，选课仔细考虑自己是为了听课还是为了绩点。
130999,3049,汪淼军,2021-01-25 13:48:42,6,7,1,是个好老师，但是授课风格.....我个人而言不太能接受
131177,3049,汪淼军,2021-01-26 11:18:19,19,21,2,经济学系的梗王。。。\n\n汪sir语录\n\n1对就是对，错就是错！\n\n2对，为什么对，错，为什么错\n\n3显然呀。。。\n\n4这并不显然！\n\n5不及格就是不及格\n\n6还是学得太差。。\n\n欢迎了解
132223,3049,汪淼军,2021-01-31 05:16:31,9,10,1,中级微观经济学上课讲得挺难的，将2个参与人拓展成n个参与人，上课听起来还是挺累的，而且证明很多，不过考试是统考，难度比较小，给分也挺不错的\n\n博弈论其实难度还好，刚开始接触可能有一定难度，但真的挺套路的，小测考试和作业题类型非常相似，很难的题目大都删掉了，我们考试也偏简单。只要非常认真地把所有题目做几遍，搞清楚思路，问题不大
132668,3049,汪淼军,2021-02-03 08:19:50,9,10,1,虽然老师说“不及格就是不及格”，但是最后期末考试还是手下留情了。最开始上课的时候真的很害怕汪sir，因为他总是表情严肃，而且每节课都会按学生名单点名抽问。(现在也还是害怕)中微的知识框架非常清晰，而且几乎每节课都会强调。经济学法则的数学推导和证明很难，我大部分时候都处于懵逼状态，但是老师讲的很清楚。关于经济学虽然研究理性人，但生活中仍要感性选择的鸡汤很让人破防。总之，是一位授课清晰，给分求是，认真负责的好老师。
133318,3049,汪淼军,2021-02-25 08:16:06,3,3,0,核心要点把握清楚，逻辑基本清晰。但是实在有点阴间……不知道是不是经拔的缘故……讲解尽管很好，但让人实在打不起精神来学习
133980,3049,汪淼军,2021-03-11 06:56:24,3,3,0,汪老师人真的太好了，值得推荐。论文发表期刊可以提高几个级别！
135484,3049,汪淼军,2021-05-11 08:53:21,3,3,0,题难，人好，认真！
141456,3049,汪淼军,2021-10-10 00:10:55,4,10,6,真搞不懂那么多打高分的。
145405,3049,汪淼军,2021-12-29 11:02:17,6,6,0,是控制欲很强的一位老师
148028,3049,汪淼军,2022-01-11 11:05:21,0,0,0,谢谢老师不杀之恩
148875,3049,汪淼军,2022-01-14 00:43:54,7,10,3,过于严格了吧，列式p(q)写成p，后面一点毛病没有都要扣分；一边说不能背例题过程，一边又要求在短时间内写完所有的推导过程，这本身就是矛盾的呀……
148915,3049,汪淼军,2022-01-14 02:48:39,9,9,0,“你们远远没有达到拔尖班的要求”hhhh出分了来给汪sir打一波call。老师确实是很严格很严肃（有点像高中老师）但是在教学上的一丝不苟真的让中微变成了这学期唯一一门没有考试焦虑的课了。虽然老师口口声声说“不及格就是不及格”，但是严格要求下在平时打下的扎实的基础真的能让大家都喜提高分，真的很感激！
149341,3049,汪淼军,2022-01-15 06:34:04,6,6,0,所以每一届博弈论的最后一节课上汪sir都要发表类似的演讲
149964,3049,汪淼军,2022-01-18 05:25:52,7,7,0,上的是博弈论，如是外专业不建议选做个性，已经保研的尤其，汪老师真的会挂人，挂了有的专业会取消保研资格。期末考试偏简单但老师改卷还是很严。课程难度整体偏大，感觉是硕士水平的博弈论课程。当然实际收获也挺大的。
153631,3049,汪淼军,2022-05-06 13:02:21,-18,5,23,正如老师的名字，评论请水军
161985,3049,汪淼军,2022-11-15 16:11:18,-13,3,16,第一个让我怀疑请了水军的老师，评分如其名水水水军。
165103,3049,汪淼军,2022-12-29 06:59:56,9,11,2,最后一节课真的差点哭出来老师阳着扯着嗓子讲的\n\n本来觉得能拍照上传别手打公式就很好了  老师甚至愿意延长拍照上传时间还去问学院能不能改成开卷
166626,3049,汪淼军,2023-01-13 05:01:33,13,14,1,学期开始的时候，我也对老师上课极其严厉，按学号点名回答问题感到很煎熬，因为说实话我不太适应这种上课环境，还被他当堂骂过，小测改的也非常严格，计算成本最小化不用拉格朗日就算错。对此，我当初对老师评分有9.8的感觉也和下面几位一样，是不是请水军了。但是后来转为线上，他逐渐展现出来另一面：坚持在教室里写板书上课；取消第四次小测，用前三次的最高分代替；签到全给满分；考虑到线上教学的效果降低期末考试难度；最后还向学校申请开卷考。从他用沙哑的嗓子给我们上的最后一节课里，一贯理性到极点的他却说，生活中不只是理性，有时候更需要感性。直到上完全部课，我才知道，为什么这么严厉的他评分还如此之高，名副其实。
166657,3049,汪淼军,2023-01-13 07:32:16,2,2,0,中微课程最大的困难就是老师每节课的疯狂提问了（复习的内容还好，但有些问题答不到老师想要的就会连问超级多人）每周最灰暗的时刻\n\n课程的框架很清晰（老师经常重复）\n\n课后老师要求做书上一半的习题（但不会检查，其实就可以不做）\n\n小测的内容都是课上讲过的，期末考也和小测的题型一样，实际上题的解法基本都一样，因为老师反复在讲，做题其实并不难，最后得分就也不错
166768,3049,汪淼军,2023-01-13 13:35:36,3,3,0,真的很好，讲课很好很认真，最后一次课阳了明显很难受，但还是坚持讲完了😢
167058,3049,汪淼军,2023-01-14 19:13:31,8,10,2,老师很认真很负责（刻板印象怀疑ISTJ）。课程安排和考试设置非常有序+严格执行；小测题作业题重点内容都会讲；疫情后线上课程还坚持到教室板书；最后一节课阳了依然扯着嗓子嘱咐重点。讲真，汪sir讲课很有条理（本人文专业跨选也能计算贝叶斯纳什均衡、子博弈精炼纳什均衡啥的，可见老师讲得真的蛮好了），给分求是但手下留情（平时分能给满的都满了，期末考试题都是之前讲过的，比起作业题完全不在一个难度量级）。我从最开始非常不适应（谁能懂几乎每节课第一个被拉上黑板算题的痛苦…），到课程中间和朋友调侃老师与气温无关永远不变的穿搭（对不起不该议论老师，但是，啊原来我身边真的会有人践行乔布斯穿搭理念），最后收尾时真的对老师好感度蹭蹭蹭往上涨，一遍熬夜补天，一遍觉得还好前面老师督促有小测，还是学了点东西的。真的感谢汪sir！\n\n\n\n虽然自己以后肯定不会以背诵题目的方式理解博弈，也不太会相信数学作为理性工具的合法性（被巴迪欧荼毒，bushi），这门课对我的影响也肯定比不上20世纪外国文学、政治经济学通论、经济思想史之类的课程。但第一次遇到这样“较真”的老师，还是蛮有触动的。\n\n\n\n​这门课的tips:1、小测极有可能出前一届的题，如果能借到往届的笔记会非常有用。2、整理手写版笔记，一定用得上。（像我这种基础极差的人，上课敲电子版笔记，回去一边智云一边梳理，做完作业题整理好后小测前再手抄一次精华版）。3、考试题主要是讲过的题，有些作业题可以不用纠结。4、没那么难，对数学基础要求没那么高，好好学不会挂。
167182,3049,汪淼军,2023-01-15 04:59:15,1,3,2,讲课讲得十分细致，非常非常关注学生真正需求的一个老师，还发了问卷征求学生的问题以及对授课、考试的意见。
168436,3049,汪淼军,2023-02-16 12:15:48,1,1,0,汪sir，名副其实
169434,3049,汪淼军,2023-02-26 06:54:06,6,6,0,老师过于严格了 QAQ
173139,3049,汪淼军,2023-05-14 08:40:43,4,4,0,为了夏令营笔试来补的博弈论\n\n淼军老师讲的真的是很清晰了，核心例题都是一步一步推导，最后还有整体的回顾与总结，一下子就明白了相关的理论\n\n不知道给分怎么样，但是讲的真的是没话说，口齿清晰、逻辑清楚\n\n就是上课的提问真的很让人感觉push，看回放都不寒而栗哈哈哈
185676,3049,汪淼军,2024-01-03 12:33:15,3,3,0,谢谢老师最后一次小测大放水，希望我这个菜鸡能参加期末考试\n\n复习的时候翻了去年智云，意外的发现疫情最严重的十二月老师一个人在教室里上完了整堂课，真的是好感动TAT\n\n最后的结课演讲看样子是固定节目了。。很难在经院遇到这种老师，感恩这学期，虽然我学得很烂
185691,3049,汪淼军,2024-01-03 14:35:59,5,6,1,很吓人，如果他去教幼儿园，小朋友能哭一学期\n\n但博弈论确实让我收获很多，也促使我非常认真地听课
186900,3049,汪淼军,2024-01-13 13:03:34,10,10,0,菜菜真的是被课程难到了（也许是自己的个人原因），还有就是被吓住了，汪sir是我长这么大最怕的老师之一了。最后希望严格的汪sir行行好，别挂我：（
188384,3049,汪淼军,2024-01-19 01:32:57,1,1,0,虽然最后考的一般，但还是蛮喜欢汪sir的\n\n“要用感性来确定目标，用理性来实现目标。”一直觉得汪sir是一个非常理性的人，但是最后结课时他反复强调这句话，还是让我内心一颤，感触颇深。我是fp人，但是很喜欢仰慕tj人，我感觉汪sir就是tj人哈哈哈
189239,3049,汪淼军,2024-01-22 14:33:12,5,6,1,老师你给分太烂了 出分群里一片死寂 喜提1.8 是我太菜
189870,3049,汪淼军,2024-01-31 23:04:04,3,3,0,汪sir汪sir你永远滴汪sir\n\n\n\n这学期最大的压力源\n\n\n\n铁面无私 杀人如麻 常见噩梦惊醒时\n\n诲人不倦 回味无穷 切真治学永难忘
207063,3049,汪淼军,2024-12-19 06:19:33,3,3,0,好老师，严格认真，思路清晰
207638,3049,汪淼军,2024-12-23 11:42:54,5,6,1,看到楼下汪sir语录，我要说汪sir给我印象最深刻的是“你坐下！”，然后小手一挥hhhhh\n\n刚上课的时候真的超级怕，但是收获最多的也是汪sir的课\n\n最后，求求汪sir期末手下留情！！
207653,3049,汪淼军,2024-12-23 12:23:21,1,5,4,很感谢汪sir的严格，平时压力拉满，期末复习反而没这么大压力了哈哈哈哈。不管出分多少，都很感谢能在经院遇上这样一位好老师。
207919,3049,汪淼军,2024-12-25 03:16:19,0,0,0,汪sir真的是一名有自己的坚持和追求的严谨的学者，学不好是我太菜了，每次上课都感觉自己要上哭了，但还是很感激老师高质量的课堂，希望期末放过我wwww
207990,3049,汪淼军,2024-12-25 06:57:51,0,0,0,汪sir，上课和做事绝对无愧于“治学严谨”四字，也让我在进入大学两年之后再一次感觉到需要学习学好一门课的迫切感。无论最后出分如何，汪sir已经给我上了宝贵的一课，打心底里感谢汪sir。
208365,3049,汪淼军,2024-12-27 06:43:51,1,1,0,实在是吓尿了 老师批改小测特别特别特别特别特别求是 还没考期末 为我的成绩虔诚祈祷一波
208714,3049,汪淼军,2025-01-13 03:10:19,9,9,0,实在不适应老师的授课方式，太痛苦了是我太蠢了.....博弈论小测是我一生的梦魇，期末考得再好也无法挽救。
214329,3049,汪淼军,2025-02-01 06:44:59,1,2,1,一个学期的博弈论仿佛一场服从性测试
8424,3082,肖文,2015-09-21 07:06:58,1,3,2,典型的老太太老师
41308,3082,肖文,2017-01-10 13:28:04,0,0,0,还不错
5097,3111,顾宏远,2015-07-04 02:46:52,15,18,3,好
27057,3111,顾宏远,2016-06-22 13:22:03,6,7,1,再详细不过的考试范围，要是所有老师都这样就好啦。\n\n上课很好，不属于局限于知识，而是交一些真正有用的内容！
27968,3111,顾宏远,2016-06-28 07:55:30,1,3,2,教的东西很实用 很好的老师 很有趣
30521,3111,顾宏远,2016-07-01 23:47:06,2,5,3,还没有考～就是想打个十分！好老师～
31105,3111,顾宏远,2016-11-19 12:25:07,-25,9,34,自以为是，不了解金融专业教学的实际，英语实际水平不高，开设的金融专业英语实话说是这个专业的一大败笔，太水。
32371,3111,顾宏远,2016-07-06 09:48:17,7,8,1,老师觉得不能让考试考到我们，但是该知道的知识还是会教得
36472,3111,顾宏远,2016-11-14 04:42:13,7,8,1,老师要退休了呜呜超级可爱和蔼欢脱的老师啊！祝退休生活愉快！！
36729,3111,顾宏远,2016-11-15 15:09:57,0,2,2,老师教的东西复习时候觉得很实用 虽然老师退休了但是大家可以去买书看啊?
36730,3111,顾宏远,2016-11-15 15:10:59,6,7,1,满绩啦 谢谢老师\n\n祝顾老师退休后事事顺心天天开心呀！
41751,3111,顾宏远,2017-01-12 13:43:04,7,8,1,我猜被踩的最多的那个傻屌连4都没上?
61901,3111,顾宏远,2017-11-21 12:56:23,0,1,1,如果不是早课\n\n我会学的更多么么哒hhh
61916,3111,顾宏远,2017-11-21 16:25:53,3,3,0,老师一把年纪了上课很认真，早课来的比学生早。教的东西很实际，虽然好像和我们专业课程没什么关系。最后给分是真的好！最后一节课一定要去！
62040,3111,顾宏远,2017-11-22 08:40:22,2,2,0,课程的内容非常实务。不点名，平时三次作业，最后一节课会讲原题和重点，考试不难。满绩飘过，谢谢老师！
77263,3111,顾宏远,2018-05-04 07:36:51,1,1,0,没见过给分这么仁慈的老师，希望他来上我所有的专业课
1794,3144,王维安,2015-03-25 03:04:05,38,53,15,给分不大好。讲得还好。
8099,3144,王维安,2015-09-17 03:58:17,3,4,1,还积极
9169,3144,王维安,2015-10-15 03:56:21,7,9,2,有趣。比喻生动
11449,3144,王维安,2015-12-01 11:42:13,12,18,6,只能说老师很有才华，经验很丰富，但是讲课有点慢，一节课只有三张PPT的节奏
18711,3144,王维安,2016-01-22 11:35:44,9,16,7,给分呵呵了
19516,3144,王维安,2016-01-24 12:53:17,9,10,1,讲的不错，很有条理，建议认真作笔记，千万不要翻课本，课本编的逻辑混乱，公式也有出错的！
20120,3144,王维安,2016-01-26 07:03:22,6,7,1,思路广
20268,3144,王维安,2016-09-20 04:03:39,-5,6,11,讲得还行，但对学生态度太差了…
20885,3144,王维安,2016-02-03 02:55:02,7,8,1,老师讲课很好的，有自己的一套逻辑，课本太混乱，知识面很广
22276,3144,王维安,2016-03-03 07:25:00,5,6,1,一节课三张PPT，会学到很多课外知识，给分不好
25427,3144,王维安,2016-05-18 12:09:01,1,5,4,对学生态度真心差
34675,3144,王维安,2016-10-18 03:15:28,4,4,0,老师讲课蛮好的～
38898,3144,王维安,2016-12-19 17:07:10,3,5,2,能学到很多 开阔思路
40801,3144,王维安,2017-01-05 14:35:52,7,12,5,维安老师的课，应该是我研究生阶段唯一认真听过的课吧，本来想搞量化的，听完他的课决定研究宏观
40806,3144,王维安,2018-06-20 07:28:42,4,11,7,维安老师的课真的可以不刷手机一直听下去。听四遍也不腻2333
43162,3144,王维安,2017-01-16 01:37:22,2,2,0,很可爱的老师hhh比较有想法，虽然不知道给分咋样不过讲的真不错
43640,3144,王维安,2017-01-16 16:26:00,5,6,1,基本不讲计算....计算题
46555,3144,王维安,2017-01-22 02:42:45,7,11,4,知识很渊博 干货很多 但不讲计算题 平时分一点不给全看考试真的挺惨的
46575,3144,王维安,2017-01-22 03:05:54,-11,4,15,没有平时分，原来以为要挂了，没想到给分出乎意料的好，老师上课讲得真的很不错，但考试很慌
46611,3144,王维安,2017-01-22 03:55:32,27,34,7,挂科了我??
46640,3144,王维安,2017-01-22 04:44:01,-10,3,13,我觉得计算题很基础啊 不过可能我学过公司理财吧 期末把老师的ppt背下来就好了 给分还是不错的
46642,3144,王维安,2017-01-22 14:55:43,1,9,8,背了半个月，考试除了计算都会，最后差点挂，真是第一绩杀，无话可说
46646,3144,王维安,2017-01-22 05:01:12,3,5,2,大赞王老师，讲的都是干货
46728,3144,王维安,2017-01-22 08:33:46,8,10,2,金融学 讲的还行 但没有平时分 百分百看期末考 给分是真的不好  学弟学妹们慎选吧
46870,3144,王维安,2017-01-22 14:54:23,3,9,6,老师虽然讲课慢了一些，但是对金融的理解很深入，听的也很有意思。最后给分是百分百看期末考的，认真看书理解概念就不会差。楼上那个说自己除了计算其他都会差点挂的是来搞笑的么，先不说计算本来就不算很难，其他题都是考的概念你确定理解透了答的全对？自己没有学到那个深度就别说老师！
48857,3144,王维安,2017-03-15 03:15:35,2,5,3,百分百看期末。老师完全不讲计算题啊，计算题明明只要一个公式就好了，结果其他老师都讲了考到的那个公式，就我们没讲。平时上课挺有条理的，仔细听了的话除了计算题应该就没问题了。
49339,3144,王维安,2017-04-06 04:39:18,5,6,1,每次都拖课 不尊重学生
51653,3144,王维安,2017-06-08 04:00:23,0,4,4,讲的还行，对学生态度欠妥
57151,3144,王维安,2017-07-05 23:33:22,-36,12,48,是真的喜欢这个老师 觉得老师是很有实力与见解的那种  但是以前一直担心占比100%的期末考会崩 最后有一道概念解释完全没听过那个概念 一道计算乱蒙 今天一大早一刷新4.5 挺满足的 谢谢老师
57204,3144,王维安,2017-07-06 04:43:28,0,1,1,一言难尽。
59721,3144,王维安,2017-09-26 07:28:18,1,4,3,不知所云，给分很差，金融学几乎得靠自学
65867,3144,王维安,2018-01-09 15:58:31,-1,6,7,为啥没有0这个选项
66716,3144,王维安,2018-01-18 13:48:42,0,3,3,不要选没有平时分的老师，伤不起
75346,3144,王维安,2018-03-09 04:33:05,2,2,0,上午3-5节的课，上他的课可以减肥
79906,3144,王维安,2018-06-15 04:55:08,6,11,5,虽然王老师不在乎名利，虽然我还没有考试，但是我给了10分。王老师，算是业内大佬吧，虽然感觉节奏很慢，也会扯一些别的东西，但是听他的课，真的会害怕错过什么，他不是光讲课本的一些东西（好吧，压根不讲），而是帮助我们树立一种金融思维，恰恰这别人觉得水的东西，我是真的感兴趣啊。\n\n最后不管成绩怎么样，听老师的课已经很开心了ｸﾞｯ!(๑•̀ㅂ•́)و✧
84945,3144,王维安,2018-07-14 12:45:05,3,3,0,王老师的金融学现在有平时分了。上王老师的课建议把他的PPT打印出来，然后认真听课认真在PPT上做笔记，及时复习记忆。做到这些，期末题不会觉得难的。
85386,3144,王维安,2018-07-17 10:57:22,2,2,0,讲课干货多，期末靠自己背
85390,3144,王维安,2018-07-17 11:08:49,12,19,7,王老师本科生唯一开的一门课就是金融学，而且仅在春夏开班，仅开一个班，能成为王老师的学生不得不说实在幸运并且荣幸。王老师是一名讲座式教授，听君一堂课，如醍醐灌顶，酣畅淋漓。他的主要研究领域是宏观方面，尤其注重货币领域。假期拜读王老师推荐的《货币战争》，更深切的领会到王老师所说的“鸡毛”与“令箭”，同时也领会到去杠杆在国际局势严峻的今天所具有的重要意义。我以为，王老师的金融课是我入大学以来对我启发意义最大的一门课，它使原先对金融的热爱仅限于投资领域的我看到了更高层面的东西。
85396,3144,王维安,2018-07-17 11:30:09,3,4,1,绩杀。
85406,3144,王维安,2018-07-17 12:16:07,1,2,1,好像没有想象的那么绩杀，可能是这学期有了30分的平时分。一天速成，已经很感恩了
85419,3144,王维安,2018-07-17 14:46:46,1,2,1,绩杀啊
85476,3144,王维安,2018-07-18 08:14:32,-44,3,47,给分低，只有3.9
104111,3144,王维安,2019-03-12 07:47:56,8,8,0,怎么老是拖堂啊，还拖这么久，我每次下一节课都要迟到……开始总是说一大堆没用的，然后才开始上课，真是醉了。
125572,3144,王维安,2020-09-11 15:09:07,1,1,0,害。。\n\n
125614,3144,王维安,2020-09-12 11:04:52,5,5,0,上课会讲很多跟课程内容无关的东西
125979,3144,王维安,2020-09-16 07:27:01,0,0,0,给分差
126340,3144,王维安,2020-09-23 06:06:06,3,3,0,给分低到离谱 无语了
137477,3144,王维安,2021-07-04 10:52:44,0,1,1,给分确实不太好，讲的还可以，比较偏重于宏观经济形势。
145216,3144,王维安,2021-12-28 09:05:35,0,0,0,。。。
150705,3144,王维安,2022-02-15 06:44:41,0,0,0,给分低
150828,3144,王维安,2022-02-19 07:25:04,0,0,0,。。。
151432,3144,王维安,2022-03-03 06:28:49,0,0,0,那你呢
152609,3144,王维安,2022-04-15 15:29:02,2,3,1,蛮认真的，不要骂老师了，找找自己的原因吧
157133,3144,王维安,2022-06-22 04:15:57,17,22,5,老师给分不好是公认的事实。一年前我金融学考的很糟糕，在钉钉上希望可以查看一下卷面分。没想到老师直接钉钉电话过来了。他专门找到了我的试卷，花了一个多小时时间给我讲解，分析题目和我的答卷，并给我的答题和学习方式提出了改进意见。讲完后我才意识到自以为答的好的卷子漏洞真的很多。之后再重新回味了一下智云课堂，才发觉有些地方老师讲的多好，老师对教学是多么认真。回想自己平时上课的表现，甚至寄希望于考前几天的补天可以取得好成绩，不由觉得自己很可笑。王老师或许没有给我一个很好的绩点，但真的教会了我把目光从绩点聚焦在知识本身上来，真的很感谢他。
157537,3144,王维安,2022-06-29 12:48:44,19,25,6,大家都说wwa老师是绩杀，但我还是想说，王老师的课真的讲的很好！作为金融方面的入门学科，金融学起到了铸造基础、打开视野的作用，王老师也名副其实，讲课的质量是很高的。所以希望更多的同学能选择wwa老师（绩点未出，实事求是）\n\n4.8补：讲一点考试干货吧，无论有没有选择wwa老师的课，都可以听他的智云，推荐三倍速听，这样效率更高。\n\n记得签到（一次十分），大作业要求一定要听清楚，wwa老师很清楚的说了作业的主要内容是整理，有的人没有搞清楚要求自己写了3000字还抱怨老师看字数给分别人复制粘贴的20000字高分，关键老师的要求就是搜集资料整理呀，你自己写得3000字学术垃圾除了陷于自我感动也只配得那么点分了呀，拿什么跟别人的整理来比呢。\n\n然后金融学关键在于理解和背，本人是花了三个下午听了三个月的课程（之前零基础），然后考试花了一天半的时间背。\n\n听课是为了理解，如果补天是在来不及可以直接背老师的PPT（很重要，一共四次ppt，基本上囊括了考试的全部内容）\n\n然后关注wwa老师的复习ppt，都是他觉得重要的知识点，考试也很有可能会考！\n\n祝愿大家都可以在wwa老师这里得到心满意足的成绩
157870,3144,王维安,2022-06-25 08:55:14,5,9,4,4.2？？？？？老师给分变好了！😭感谢老师
157872,3144,王维安,2022-06-25 09:02:53,-12,2,14,这还不好？都给我选！给分真的好
158031,3144,王维安,2022-06-26 13:35:12,10,13,3,求是地说，查老师本身就是一个具有幸存者偏差的教评网站，我只能尽量客观地描述我看到的王维安老师：1）上课内容：丰富充实，全面系统，前有历史后有当下，在涉及面广的同时用朴素简单的语言描述。缺点：容易犯困，常常发表对课程改革的看法而非讲述知识\n\n2）课后作业：没有。只有倒数三周的时候一次关于股票价格影响因素的分析，据我所知大家都是90分\n\n3）点名：只点一次名，一次十分（总评），即使没点到，也可以从寝室飞奔来找助教补签，老师本人说：我对这些东西都不感兴趣，只是学校要求这个程序，希望把这些分都送给你们\n\n4）期末考试：王维安的ppt非常详尽，没有哪个点是他的ppt没有的，不说上课认真听，就算最后一周狂背，期末也能上九十\n\n个人看法：一个很有情怀，很有见地，很有学者倔脾气的老师，有时会在课上蹦出来一个很冷的笑话，也会有课上想引用一个名人的名言而忘记的尴尬。我在王老师课上几乎每节课都尽力去认真听，并建立了一个初步的金融体系，对金融行业的理解有了一个大致的框架。老师已经尽量关照学生了，只是他个人对这门课的教学可能并没有太多的热情了吧。不过，我还是愿意为此尊称他一声：王先生好！
158087,3144,王维安,2022-06-27 01:57:23,-2,1,3,好不错
166307,3144,王维安,2023-01-12 01:41:47,-39,0,39,给分低，只有4.5，本来以为能满的
169574,3144,王维安,2023-02-27 03:50:10,1,1,0,莫名其妙总评打了0分 无语
169770,3144,王维安,2023-02-28 00:30:40,6,6,0,有点搞笑\n\n课讲不清楚，人倒挺大牌
170756,3144,王维安,2023-03-09 05:59:16,2,3,1,人其实还好吧，就是上课水平是真的低，一节课的干货内容可能就10分钟不到，但是为了解释这点东西，你要听一个多小时。。。
170764,3144,王维安,2023-03-09 08:00:56,5,5,0,迟到5分钟，连上三节课，拖堂10分钟（）本来第一节课觉得王老师讲课很有意思来着，但是拖堂这么久真的有些emmmmm了¯\_(ツ)_/¯
177188,3144,王维安,2023-07-02 04:44:36,1,2,1,给分超级求是……不小心选择了这个老师，然后在课上听得一脸懵逼，没有针对期末考的作业😇只能说是我的问题吧（补天效果什么的还是因人而异\n\n计算题基本不讲…\n\n简答题也不讲…\n\nppt和书本完全脱节
177357,3144,王维安,2023-07-03 04:04:46,2,2,0,和我超菜的vjf一个分 拖堂 讲的一言难尽 不定期纸质点名 避雷
177414,3144,王维安,2023-07-03 08:22:51,2,3,1,给分一言难尽，考完前几门课后有五六天时间一共复习两门课，这门课和另外一门基本都把智云重新看了一遍，两门课都是背背背，另外一门课老师评分比wwa老师还低一些，结果金融学总评比另外一门低20分。看着挺和善的老师给分如此冰冷。
195006,3144,王维安,2024-06-26 08:33:32,2,2,0,单纯介绍我自己的故事。辅修，是王老师的线上课。当时是听说老师上课上的一般，所以严格上来讲一节课都没听，后期靠其他老师的知识补天的\n\n我觉得作为一名老师你可以上课不咋地，可以给分求是，但是完全已读不回大家的钉钉真的很离谱，一个学期下来群里十几条疑问只回应了一个交不上作业的问题\n\n出分后没有一个人谢谢老师就可以知道大家的态度是什么样了\n\n所以线下班我不了解，但是线上班，如果在意绩点，请打死都不要选
197236,3144,王维安,2024-07-09 15:57:10,3,3,0,提醒学弟学妹们一定要注意点名的方式，线下班两次纸质签到，缺一次扣10分，线上班会统计智云的观看时长，如果平时分都拿到了的话给分还行，但是签到都没签上的话20分平时分就扣光了，一分不留的\n\n单论老师讲课的话还是可以的，不过不针对考试，考前还是要去看隔壁两个班划的重点
206125,3144,王维安,2024-12-13 05:51:08,1,1,0,给分太求是，建议选别的老师
208550,3144,王维安,2024-12-29 08:28:07,2,2,0,很少看到有这样一种讲得烂还给分差的人，资历是老，可惜老头子也挺自傲\n\n讲课、PPT被隔壁金融学老师完爆，你有的别人一样有，别人有的你没有，估计按你的性格也一辈子不愿意有
220255,3144,王维安,2025-06-17 01:21:15,1,1,0,要不是期末看了隔壁班的智云，差点被蒙在鼓里
7524,3194,严建苗,2015-09-15 01:56:54,7,11,4,还好
9095,3194,严建苗,2015-10-13 03:03:56,4,13,9,我从未见过讲课官腔如此重的老师 一般强调自己课有趣味的老师讲课都没什么趣味
18905,3194,严建苗,2016-01-22 17:43:47,0,8,8,比较官方 当给分还可以
21087,3194,严建苗,2016-02-16 11:19:51,0,5,5,好评！
34032,3194,严建苗,2016-09-26 02:36:44,2,4,2,根据之前大多数人的评分给了老师7分和点名。我只是想提醒辅修或者双专业的同学一下，这个老师的正常教学班（即非辅修班）是不接收辅修同学的，大家不要浪费了补选申请的机会，说完这些我就哭着去养老了〒_〒
42394,3194,严建苗,2019-05-30 03:54:33,37,46,9,觉得国贸考试上厕所的人多的请点赞
44488,3194,严建苗,2017-01-18 01:18:39,4,5,1,老师给分很好啊
45512,3194,严建苗,2017-01-19 16:03:10,6,8,2,考前重点很因缺思汀，还是要都看一遍，论文干货是有的
47515,3194,严建苗,2018-06-13 13:14:09,9,13,4,要点名所以要去\n\n上课一直没听……期末复习的时候居然发现国贸还挺有趣，几个模型的经济学含义真的有点意思\n\n论文要计量，不建议做个性\n\n提前修了大三的课，论文没用计量 很尴尬，本来觉得上不了4。好在期末好好背了课本 ，居然还有4.5\n\n考前会讲考试范围，ppt没的基本不考
48075,3194,严建苗,2017-02-28 10:04:25,0,1,1,很好的老师！
55256,3194,严建苗,2017-07-01 06:21:09,0,1,1,给分厚道
59704,3194,严建苗,2017-09-26 04:04:04,30,31,1,经济学就像比基尼，暴露的是重要的，掩盖的是致命的
68657,3194,严建苗,2018-01-23 14:29:55,9,10,1,我真的觉得老师好可爱啊，虽然不太明显但是真的很可爱
71163,3194,严建苗,2018-01-28 05:19:16,1,3,2,很有气质的老师 上课有趣
72741,3194,严建苗,2018-01-31 04:16:08,0,1,1,三个字
72748,3194,严建苗,2018-01-31 04:31:44,0,1,1,讲的挺好的 ，老师也很可爱嘿嘿
72749,3194,严建苗,2018-01-31 04:32:22,0,3,3,一个学期没听最后通宵看了一个晚上给了我4.2 表示很知足?老师人真的真的太良心了
72751,3194,严建苗,2018-01-31 04:34:52,2,3,1,给分真的好好啊，老师很可爱很学术
72762,3194,严建苗,2018-01-31 05:05:26,0,1,1,给分太好了 我爱老师
72772,3194,严建苗,2018-01-31 05:18:26,1,2,1,老师讲课挺好的，平时也会匹配案例，会教大家写论文，最后给分也挺好的，人很可爱
73168,3194,严建苗,2018-02-01 05:35:38,0,2,2,很不错的老师 很帅很可爱 很会打比方 给分也不错哦
76369,3194,严建苗,2018-04-04 17:10:07,0,2,2,给分好
76796,3194,严建苗,2018-04-23 12:47:50,0,3,3,很不负责任
87000,3194,严建苗,2018-09-20 02:12:08,12,14,2,啊♂～
92516,3194,严建苗,2019-01-01 13:27:19,1,1,0,老师很好的，听课也很有收获。老师比较严肃
98002,3194,严建苗,2019-01-23 03:36:24,-3,0,3,好老师，讲的很好。
98003,3194,严建苗,2019-01-23 03:37:18,1,2,1,最喜欢听老师讲历史了。\n\n\n\n
98070,3194,严建苗,2019-01-23 04:46:10,4,5,1,给分好个鬼\n\n
98733,3194,严建苗,2019-01-24 00:44:48,1,4,3,老师上课特别有趣，他说上课就是为了激发兴趣，给分也特别好。\n\n
121694,3194,严建苗,2020-01-21 01:57:35,2,2,0,上的国际贸易专题，会点名。给分可以，不考试，就交一篇论文
149324,3194,严建苗,2022-01-15 05:46:01,1,3,2,老师人很好，有自己的风格和态度，是我这学期最喜欢的一门课，听他讲课就是很听得进去
149561,3194,严建苗,2022-01-16 03:10:04,3,4,1,老师给分真的好，自己真的不配这么高的分
163244,3194,严建苗,2022-12-10 16:49:15,0,1,1,老师其实讲的还不错，就是模型得自己看。不当领导可惜了…
165677,3194,严建苗,2023-01-09 08:52:02,6,6,0,出分前评价，老师上课很认真，而且有自己的风格，还分享了论文写作方法，可以学到很多。
167189,3194,严建苗,2023-01-15 05:06:40,-3,4,7,课的内容不难，考试复习也比较容易，最后给分超级好；从非功利的角度来说写课程论文和论文展示seminar也很锻炼能力。
167699,3194,严建苗,2023-01-18 15:32:28,-112,2,114,给分好个锤子，本人经济学大佬，整整花了三个小时写国贸的论文，整整一天来速成国贸，以为这次花这么长时间复习绝逼要满绩了\n\n结果出分——4.8？？？？而且才92分。\n\n我真的麻了
167773,3194,严建苗,2023-01-19 04:08:43,-1,3,4,老师课上得很好，就是语速比较慢，一学期大概三到四次的现场点名，可以补签。考前会划重点，而且划得很准，考试不难。给分还行，不算特别好但比起隔壁的确实是挺不错了。
167860,3194,严建苗,2023-01-19 14:10:27,1,3,2,老师上课其实内容还挺丰富挺有趣的，图表分析地也很清楚，就是语速有点慢。期末给分感觉还是比较符合预期的。
173810,3194,严建苗,2023-06-03 07:32:04,0,0,0,老师上课内容比较有趣，知识点也讲得比较清晰，期末给分也达到了预期。抛开课堂，老师人也很好，上学期因为课程冲突不能去现场听课，老师在点名上也没有为难。
194065,3194,严建苗,2024-06-21 22:52:19,2,2,0,老师给分很好的
212181,3194,严建苗,2025-01-13 10:19:03,1,1,0,一学期大概3-4次点名\n\n老师讲课节奏稍微有点拖沓，但是重点无敌准\n\n把重点背住期末考就完全不在话下了\n\n不过这学期的分数貌似没有达到预期~可能是因为论文展示没被选上
218363,3194,严建苗,2025-04-23 02:46:18,1,1,0,老师快退休了
6711,3371,李壑,2015-07-19 11:09:36,59,84,25,真的不明白这个老师靠什么能力来浙大教书的，上课毫无趣味，专业知识又乏善可乘，给分也是毫无情面。
8120,3371,李壑,2015-09-17 05:36:36,28,41,13,醉了，千万别选这老师，和黑洞一样大的坑
8122,3371,李壑,2015-09-17 05:38:15,23,32,9,我和老师都炸了
9217,3371,李壑,2015-10-17 10:05:16,17,27,10,吃了屎一样的体验
9261,3371,李壑,2015-10-19 06:59:18,11,20,9,小肚鸡肠。。。
9579,3371,李壑,2015-11-02 05:35:39,8,18,10,太坑，根本不能算是老师
10991,3371,李壑,2015-11-23 15:30:11,8,18,10,上了这么多年学头回见识到这样的老师…吃屎一样的体验…
15110,3371,李壑,2016-01-12 06:12:29,11,19,8,实不相瞒，此老叟真乃辣鸡
16753,3371,李壑,2016-01-19 02:05:14,-2,8,10,我觉得老师还好啊
19673,3371,李壑,2016-01-25 05:27:15,-6,5,11,还不错的老师。
19679,3371,李壑,2016-01-25 05:34:25,-3,4,7,老师课讲得一般
19821,3371,李壑,2016-01-25 10:29:52,8,27,19,虽然课上的很无聊 但是没见过给分这么好的老师。
19949,3371,李壑,2016-01-25 15:39:15,1,8,7,给分不好
26514,3371,李壑,2016-06-19 15:28:16,7,13,6,国际金融这门课基本学不到什么，上课超级无聊，感觉没有重点，
27049,3371,李壑,2016-06-22 16:24:31,5,9,4,不明所以 沉浸在自己的世界里
27188,3371,李壑,2016-06-23 12:46:27,2,5,3,老师不太负责。。
31651,3371,李壑,2016-07-04 10:47:18,3,22,19,老师讲课可能会无聊一点，但认真听还是能学到东西的。最重要的是给分真的是业界良心啊！不明白为什么那么多人说坑……上了他的金融之后又选了他的国金，给分一如既往的好
31815,3371,李壑,2017-01-16 09:36:49,5,26,21,虽然平时不按常理上课?但是给分真的超级好啊！！四个名词解释都不会 计算题算不出 简答也瞎编 然而居然上90！我以为老师会挂我的?天哪老师业界良心?
46615,3371,李壑,2017-01-22 04:05:44,4,9,5,我得说 没有比这给分还好的老师了 \n\n其实上这个老师的课任务很少，老师PPT中扩展的也很多，就是上课比较无聊ヽ(ー_ー)ノ
46631,3371,李壑,2017-01-22 04:28:55,1,3,2,给分是真的好
47839,3371,李壑,2017-02-26 06:36:37,-2,2,4,课讲得真心不怎么样，给分也是真良心
52891,3371,李壑,2017-06-23 11:22:08,1,3,2,真的无语
53582,3371,李壑,2017-06-27 05:18:58,-5,1,6,认真听还是有收获的，上课有点无聊。
57262,3371,李壑,2017-07-07 08:20:20,0,1,1,为了一门个性不值得
57557,3371,李壑,2017-07-09 14:10:39,4,9,5,答应我，从第一节课开始就认真地看书本，不要听老师讲，好吗，一定，一定，要把书认认真真看一遍哦
59715,3371,李壑,2017-09-26 06:08:47,1,2,1,中午容易犯困的慎选
66326,3371,李壑,2018-01-15 06:11:59,1,2,1,讲课真的很无聊，听不下去
72235,3371,李壑,2018-01-29 15:11:13,-9,1,10,虽然讲很一般ppt也很乱重点也瞎画 但给分真的超级良心了
72245,3371,李壑,2018-01-29 15:29:13,1,3,2,谁说的这老师给分好？我保证不打死你！
72280,3371,李壑,2018-01-29 19:54:14,-7,5,12,哇，虽说上课超级无聊，基本没有重点，PPT有点乱，但认真听还是能学到很多，给分可以说是真的很良心了，以为要挂了，结果绩点上4.5，开心
72291,3371,李壑,2018-01-29 23:49:56,1,4,3,讲得是真不行，分给得是真不错。
72399,3371,李壑,2018-01-30 05:09:23,0,3,3,老师人是挺好的 一学期下来点个一两次名 两次作业 至于给分嘛 均绩3.6+来着 大家自己体会2333
72523,3371,李壑,2018-01-30 09:34:03,-2,1,3,偶尔点名，一次作业，讲的不行，给分不错。一定要认真看书。
72791,3371,李壑,2018-01-31 05:38:02,3,5,2,讲的很烂，给分差，别选
72792,3371,李壑,2018-01-31 05:39:34,8,11,3,?????不喜欢这个老师\n\n感觉没啥水平也不怎么负责挺莫名其妙的给分也挺差的没什么师生情金融学作业还很恶心我觉得完全不知道意义何在考试也不好好跟我们说不考的范围我真是无语了
72807,3371,李壑,2018-01-31 06:02:58,-2,1,3,上课听听课（主要是中后阶段要听，刚开始讲的内容确实无聊也没什么干货），考前提前开始背PPT，有时间把书看一看（名词解释有点玄），可以上4
72824,3371,李壑,2018-01-31 06:38:10,1,2,1,简直不知道他在自恋啥
72852,3371,李壑,2018-01-31 07:57:41,-5,2,7,有点可爱，给分蛮好的
73532,3371,李壑,2018-02-02 01:53:48,-2,3,5,老师是一个研究理论的老师，所以上课比较无聊……但是给分真的还不错，比部分课好多了……
75683,3371,李壑,2018-03-15 06:14:04,3,5,2,他怎么在浙大吗....\n\n好无聊
78466,3371,李壑,2018-05-12 06:42:56,5,7,2,给分不好 手动微笑?
78467,3371,李壑,2018-05-12 06:42:59,-1,1,2,他讲的重点很少
78673,3371,李壑,2018-05-14 10:48:47,8,11,3,想在这课试着听懂绝对徒劳
79964,3371,李壑,2018-06-17 03:37:35,25,30,5,看PPT看的很生气啊，感觉没有逻辑性，而且前后矛盾？？？
80258,3371,李壑,2018-06-23 09:04:51,9,13,4,有史以来体验最差的老师。
80368,3371,李壑,2018-06-25 13:23:09,8,12,4,一无是处 没见过这么差的老师 他断送了我对金融强烈的热情
80721,3371,李壑,2018-06-29 16:48:13,4,8,4,是真的垃圾，自以为是到绩点，浙大有你这样的老师也真是让我开了眼。
80934,3371,李壑,2018-07-03 01:41:12,5,10,5,大家一定要在考试前两周背至少三遍书，偏偏角角，括号里的小字也不要放弃。以及计算一定要认真理解，找出归纳的规律，不要以为看得懂就行，考试就会发现，这几个计算你是真的容易搞混，你以为懂的东西是真的不会算。
83905,3371,李壑,2018-07-13 17:21:44,1,4,3,老师对不起 经历过自己专业老师的坑 才知道老师的给分是最后的师生情
83913,3371,李壑,2018-07-11 13:39:00,0,3,3,绩杀。在乎绩点慎重选课
85045,3371,李壑,2018-07-15 05:52:07,1,3,2,整本书都是重点！一定要考前很早很早开始背！老师很喜欢点名，即使不听课也最好坐在里面，一点名就是全班都点，老师还是会很努力的拉成绩的，因为本身内容很多，考试还会从书里的任何地方出，任何细节都有可能考到，难度会很大
85612,3371,李壑,2018-07-21 06:57:43,-12,2,14,老师肯定点名，记得来上课。国金就是背，把整本书背下来成绩就蛮好的。老师其实给分还蛮好的，考试考的蛮细的，自己没考出来，怪老师?杀也没意思。不过老师上课确实有点无聊，不过看起来是细心准备的了。反正给8分吧，还是不错的。
87022,3371,李壑,2018-09-20 03:21:04,4,7,3,我佛了，金融学第一节课跑来上思修，还是特别无聊的那种，想了一下之前大一一年好像还没上过这么无聊的课，为什么这种水平的老师能来浙大……
87927,3371,李壑,2018-10-18 02:21:23,3,4,1,讲课简直差到极点，真不知道为什么这样的教书水平能当老师……
88384,3371,李壑,2018-10-30 03:02:50,5,7,2,垃圾垃圾垃圾垃圾垃圾，口齿非常不清楚，不知所云，PPT做的又多又杂还没有重点，甚至以PPT比别的老师多为傲真是笑死。同一个知识点可以反反复复说三遍还说不清楚也是fo了，上课体验极差....
91450,3371,李壑,2018-12-10 13:24:44,1,1,0,不想评论什么，只想打个分
91548,3371,李壑,2018-12-13 02:49:19,4,6,2,讲课讲着讲着突然卡住，开始讲一些其它东西。点名、作业、说平常会讲考试点一定要来要听，想让学生来上课来听课。但提高一下自己的讲课水平不都解决了么？讲课讲的没有逻辑，云里雾里的。
91764,3371,李壑,2018-12-19 14:33:57,1,2,1,呵呵呵……
91784,3371,李壑,2018-12-20 03:25:11,1,2,1,有时间去听听高分老师的课，学习一下怎么讲课吧。
93283,3371,李壑,2019-01-08 17:19:23,2,3,1,希望老师不要在冬学期第八周再突然来布置一个作业好吗……
93332,3371,李壑,2019-01-09 04:45:59,1,2,1,呵呵?
93477,3371,李壑,2019-01-10 03:22:48,1,2,1,讲课想法很好，但脱离实际，而且自身能力不足，也驾驭不了
93554,3371,李壑,2019-01-10 10:26:05,-1,1,2,能不选就别选
93568,3371,李壑,2019-01-10 12:33:33,-18,2,20,我感觉认真听还是可以的而且老师人挺好的啊\n\n有点那种可爱的自负的感觉╮(￣▽￣)╭
94042,3371,李壑,2019-01-15 03:48:46,9,10,1,这老师授课水平连专科老师都不如，真不明白怎么能来浙大
94245,3371,李壑,2019-01-16 04:28:26,5,7,2,只想打个分 吃了狗屎的体验
96567,3371,李壑,2019-01-21 06:37:36,12,14,2,冬学期末突然出作业，群里回答问题阴阳怪气，我知道你讲的有重点（在一堆杂乱的东西里），你讲过这个讲过那个，那也不能不正面回答啊。算了吧教书不怎么行，还是蹭其他老师的ppt和课件看看（不要问为什么教的不好上他的课，预置没换掉我也很绝望）
96711,3371,李壑,2019-01-31 15:20:25,1,8,7,老师大概很想让我们好好学吧，在群里说的一些话还是很实在的，但是讲课是真的让人听不下去.。考前半个月开始看PPT（凭良心说老师的PPT做的还可以，内容很丰富），然后背蓝田打印店卖的提纲，最后成绩还不错。历年题目的话太久远的就不要看了（太久远的题目里面有很多现在不要求的内容，会越做越慌，影响考试心情），最近几年的CC98上也可以看。
97271,3371,李壑,2019-01-22 07:35:46,9,11,2,上课真的很无聊，ppt跟书本完全不一样，期末复习不告诉你考试范围，划重点划到最后告诉你都要考没有不重要的，同学在群里问他考试范围能不能缩小一点，他会让你去问班长考哪些??谁选谁知道。根本背不完，卒。
99018,3371,李壑,2019-01-24 07:07:20,0,3,3,点三次名，上课讲得还行，但是期末要死，一本书不给重点，最后借着别人老师的PPT背的。\n\n最烦人的是期末最后一周布置作业（？），而且还是实操性作业，要我们用什么期权宝去操作，把操作过程写下来………………而且这个操作过程从1.9到1.24…………考完试了还在写他的作业
101861,3371,李壑,2019-01-29 10:01:46,-1,2,3,想骂人
102212,3371,李壑,2019-01-31 12:21:24,1,5,4,辣鸡老师    今天是老师成绩提交最后一天   还非要晚上11:00发    上课就不说了   没几个人听   开学说不到课不扣分   到课加分   结果期末在群里瞎几把乱扯   说什么开学没说过   听他上课不如
102239,3371,李壑,2019-01-31 14:33:15,-2,5,7,老师给分真的很好!是个执拗又认真的老师!
102241,3371,李壑,2019-01-31 14:54:56,2,5,3,原评论:我佛了，金融学第一节课跑来上思修，还是特别无聊的那种，想了一下之前大一一年好像还没上过这么无聊的课，为什么这种水平的老师能来浙大……\n\n出分后感想:老师的听课体验的确很糟糕，不过给分有点香，平时感觉非常不好打交道，但出分前两天竟然在群里尬聊
102242,3371,李壑,2019-01-31 14:55:26,0,5,5,呵呵，碰巧给自己分好就来舔老师？看看他的均绩，比其他老师低多少？辣鸡，分不知道怎么乱给的。
102333,3371,李壑,2019-02-01 03:12:45,1,2,1,大哥国金还不出分
102457,3371,李壑,2019-02-02 13:39:29,3,4,1,超垃圾
102499,3371,李壑,2019-02-03 14:47:26,1,3,2,老师随便给分，不好的，不要选。
102501,3371,李壑,2019-02-03 14:50:29,0,2,2,打分不好\n\n
102506,3371,李壑,2019-02-03 15:36:18,-4,4,8,人不是很友善 点三次名 但好好写作业给分是真的好
102510,3371,李壑,2019-02-04 03:58:39,3,7,4,给分这个事不聊了。\n\n上课没什么意思，真没东西。\n\n考试周前布置作业，而且死活不愿意对部分难以完成的作业进行修改。\n\n群里说话真的像全群的人欠他100w一样。\n\n很不喜欢，来浙大后遇到的最糟糕的老师。
103008,3371,李壑,2019-02-25 10:36:50,-3,6,9,楼下认真听课的有几个，课不来上怪老师点名有理了么？金融学本来就是背的，平时上课怎样另说，老师虽然古怪了点但用心点复习加上网上找找例题2天之内绝对拿下金融学，能不能别都怪老师自己找找原因
108625,3371,李壑,2019-05-30 04:07:07,-2,1,3,还行？
108682,3371,李壑,2019-05-31 06:11:56,1,2,1,这课你得有个对比，你不选李壑，你就等着看吧
109086,3371,李壑,2019-07-05 23:41:20,5,11,6,妈呀虽然老师上课和在群里说话真的很无语，但给分太好了...大家不要因为老师讲得差，说话没逻辑就自暴自弃，一定每次上课都要去（点名很多），老师留的期末作业好好写（期权宝在一个叫E融汇的app里可以找到），期末复习要提前一周开始背书（尤其后面几章老师不会怎么讲，但一定要背），最后绩点肯定没问题。
109121,3371,李壑,2019-06-09 09:26:45,2,3,1,上了一个学期的课，期权宝是个什么玩意？？
109223,3371,李壑,2019-06-18 11:29:13,15,18,3,要我一直笑吗？ 对不起做不到。
110274,3371,李壑,2019-06-25 09:14:59,9,13,4,客观评价一下：老师给的材料是挺多的，补充不少知识，这是好的地方。不好的地方：作为一门本科基础课程的老师，在学生之前对国际金融方面没有了解的前提下，首先要做到的是1.讲课条理清晰，口齿流利，而不是讲到一个地方停下想想讲到哪了；2.由浅入深，不能因为你是这方面的专家就不顾学生进度，有的同学是跟不上的；3.课堂趣味性这个要求高了，但起码要做到能让学生听进去，我前三次课每一次都想好好听，但过了第一节之后就完全听不下去了，我们总不能一味要求学生认真吧，老师讲的就是听不进去让我们怎么办？4.qq群是你让建的，问题是你让问的，为啥有同学问问题你还不耐烦而且态度生硬呢？我对老师是尊重的，但是您的基本素养和教学能力恕我不敢认同。
110308,3371,李壑,2019-06-25 12:48:29,0,3,3,不知道把单选多选混一起还说是降低难度是什么操作
113615,3371,李壑,2019-07-07 01:15:44,5,7,2,只要作业认真做，考试认真准备，多看几遍课本，给分真的很好！上课emmmm，可以看出来李老师真的是很想把课给上好的，对待教学的态度是极其认真的，当老师说“我花了两天的时间完善了这个讲义”“只要你有什么不懂来问我我一定给你讲懂”“你们都很努力一定会考好的”的时候，真的很感动；但李老师的语调和表达会让人很难跟上，经常拓展一下考研相关考试无关的知识，上课自己看书效率会更高。
114521,3371,李壑,2019-07-10 09:40:15,-7,1,8,老师讲的还是蛮清楚的，认真听会有收获的
120543,3371,李壑,2020-01-12 10:00:19,4,5,1,这老师，居然没上完课哈哈哈哈哈哈哈哈哈哈哈哈哈哈哈哈哈哈哈哈哈哈哈哈哈哈哈哈！\n\n这老师，居然ppt没逻辑哈哈哈哈哈哈哈哈哈哈哈哈哈哈哈哈哈哈哈哈哈哈哈哈哈哈哈哈！\n\n这老师，居然点名了哈哈哈哈哈哈哈哈哈哈哈哈哈哈哈哈哈哈哈哈哈哈哈哈哈哈哈哈哈哈！
122014,3371,李壑,2020-02-01 05:48:55,2,2,0,老师金融学会点名，有一次作业
122166,3371,李壑,2020-02-18 07:55:10,0,2,2,讲课真的很无聊，而且容易听不明白。不太好，不过人还蛮好，给分应该挺美丽的。
123910,3371,李壑,2020-06-16 07:12:06,12,13,1,考试前死布置作业
128855,3371,李壑,2020-12-26 05:08:49,-2,2,4,垃圾 慎选
129265,3371,李壑,2021-01-03 02:41:02,-1,2,3,太差了
130231,3371,李壑,2021-01-19 14:24:48,-2,1,3,总是可惜没有0分的选项
130783,3371,李壑,2021-01-24 14:21:49,7,8,1,总结一句就是如果这门课不是毕业要求，就不要选，如果能拖，就拖到大四再学。一开始我看其他评论不信邪，直到现在写下大学3年半以来第一篇查老师评分和评论。首先，这门课大部分内容其他金融的课都能学到，抛开其他课能学到的和极少极简单的计算，这是一门纯背诵的、有问题可以直接百度快速得到答案的没有必要花很多时间复习-考试-然后忘掉的课。其次，讲课上，我感觉李壑老师在尽力备课做PPT讲课，但奈何水平实在有限（没有阴阳怪气），没有核心，东补西凑，到处找资料自我迷惑给学生拓展知识，对国际金融学没有一个框架性提纲挈领的认识。靠自己看教材自学个人认为也没有什么意义，因为这只是一本工具书而已，没有必要把学习如何查阅新华字典作为一门课，只需要自己花一点时间知道什么东西在哪里就行。作业方面：多！一直多！考前还布置一堆作业，布置作业尚可理解，还要求互批，一人改两人的作业，就纯粹自己偷懒浪费学生时间，连一学期给助教两千的钱都不舍得？作业只给答案不给解析不给评奖和网上答案时有出入，在群里问他也是持续性失踪/“反复看课程回放！”。PPT方面，PPT过多细枝末节，老师说他改了很多错误但还有很多错误，这对初学者绝对是毁灭性打击的。签到方面：传纸条签到，占总分25%，很显然一个讲得好、有水平的老师是不会用签到来约束学生的，我见过平时可以不上课不交作业只要期末卷面上90就平时分满分的老师，还真是第一次见这么无聊的老师呢。考完一天分还没出时写的评论，考试占分50%的客观题众90%以上来自作业原题，主观题都是大方向性的东西比如当下国际货币体系特点和利弊，祝不得不学的同学们先做好心理准备顺利过关！
136088,3371,李壑,2021-06-11 01:43:43,1,2,1,上过国际金融学 认真听认真整理笔记认真完成作业的话给分挺好的
136225,3371,李壑,2021-06-17 04:19:36,-2,2,4,垃圾.
137715,3371,李壑,2021-07-05 17:38:17,1,3,2,虽然上课不太清楚，但是平时作业多到让我的确学了一些东西
140036,3371,李壑,2021-08-23 13:42:00,0,2,2,这个老师专业知识还是不错的，专业素养也比较高，在平时说话就可以看出来，了解知识全面，也很爱思考，不错不错，可以信任
140581,3371,李壑,2021-09-14 04:04:40,0,5,5,老师真的是国之大者，研究非常冷门的货币学，虽然对学生要求严格了一点，但是读大学除了绩点真的就什么都不剩了吗，真的选这个老师才能体会到读金融到底在读什么，现在工作之后，才发现选了李壑老师的课，是多么正确，的的确确的好老师。
140582,3371,李壑,2021-09-14 04:06:08,1,2,1,真的是非常好的老师
141065,3371,李壑,2021-09-22 12:16:25,-2,0,2,给分不错！
141837,3371,李壑,2021-10-27 11:40:22,-4,0,4,老师很有耐心
145714,3371,李壑,2021-12-31 13:00:29,6,7,1,客观，且不输出情绪地来讲，这位老师没有救了。
151417,3371,李壑,2022-03-03 02:02:12,3,3,0,上了他一节课后，果断退掉了。。。
152702,3371,李壑,2022-06-11 11:36:53,4,4,0,快跑
154318,3371,李壑,2022-07-01 09:12:29,4,7,3,给分好\n\n🤤🤤
154648,3371,李壑,2022-06-02 17:23:56,5,5,0,小肚鸡肠是真的小肚鸡肠 真的是狗屎一样的体验 谁遇到他谁倒霉..能不能滚出浙大..别再祸害学生了行吧
154803,3371,李壑,2022-06-05 14:16:26,5,5,0,1、听课很累，不考虑学生接受能力灌输一大堆新名词，讲了一大堆让人找不清重点，而且发现PPT上一大堆内容（可能到专业选修课才会学）考试根本不考，害我瞎准备半天。自从听了另外一位评分近满分的老师的微经课后，我深深感受到上课质量差距之大2、平时作业多就多吧，答案有一大堆错是什么意思？要不是百度能找到一堆原题真就被误导了，真的不负责任，而且不跟助教说就不改！3、要同学互评……我真的会谢，本来作业就多了，现在还要看另外三个人的作业……碰上答案错误的时候就更无语了……\n\n总的来说，适合搞研究，不适合当老师。ps：我记得之前在查老师上有“吃屎一样的体验”这条评价。
156366,3371,李壑,2022-06-30 12:58:10,-2,1,3,给分太好了吧！！
157079,3371,李壑,2022-06-22 00:18:52,1,1,0,老师对货币方向非常有研究，也是真的希望我们学到一些东西，作业暴多，而且答案都有很多错的，哪怕每道题百度也会错不少，现在分数还没有出，希望老师给分好一点（绝望）。\n\n劝诫大家国际金融学这门课能不学就不学，快逃！！课程体系不完善，课程内容可以说是朝令夕改，期末补天就是背整本书，没什么意义，内容都是百度一下就出来了， 也没有重点，期末看朵朵和puq就知道有多么崩溃了。据说往年每年都有重点，但因为每年都有作弊所以取消了，这个取消感觉非常不合理，而且我们考场里竟然还允许考生去洗手间？？
158604,3371,李壑,2022-06-30 15:30:09,5,7,2,李壑老师在出勤这一方面相当宽松了，可以补签，也可以智云，比很多老师一次签到定终身要好很多。不过还是建议同学们不管什么课，不管听不听都尽量到教室去。\n\n在授课内容方面，老师的课堂和PPT内容有很多相关知识的拓展，考试是不会考的。认真学一下会有很大收获，但如果只是为了考试我认为直接背书的作用更大一些，可以以PPT为辅。\n\n在平时作业方面，这量确实是比较大，但如果每次都能自己做出来80%-90%的话，期末的选择题应该是不用特别担心。不过老师的答案可能会存在一些错误……\n\n最后是给分，我认为李壑老师的课堂上付出和回报还是成正比的，老师给分也确实如他自己所说那样有“师生情”。还是很推荐大家学习国金时选择李壑老师的。
159330,3371,李壑,2022-07-13 07:31:14,-4,0,4,给分巨好啊
159876,3371,李壑,2022-09-07 12:56:48,0,0,0,666
162295,3371,李壑,2022-11-19 10:43:14,3,4,1,看PPT真的觉得不知所云，明明书本上很清晰的概念要用这么多故作高深又不常见的词汇描述，真的无语。内容多而讲课没有重点，似乎什么都提了一下又什么都没讲清楚，且作业没解析，答案仍然有误，纯靠自学。
165804,3371,李壑,2023-01-09 18:20:26,0,2,2,上过国际金融学，作业确实多，互评挺麻烦，不过老师ppt内容挺丰富的，当时每周上完课都整理笔记，最后期末认真背一下，分数不差的。
167400,3371,李壑,2023-01-16 03:45:40,1,2,1,给分很好，不过事情确实多，作业答案有误，且互评麻烦，上课可以认真听，老师会讲很多拓展知识，期末对照ppt，重点看书
170232,3371,李壑,2023-03-02 05:55:39,2,2,0,想拿78的人就可以来学，都可以来学啊，一门比金融学任何一门课作业都多的傻逼课，上了第一节就想退课的sb老师
172553,3371,李壑,2023-04-29 14:03:56,1,1,0,作业太多！
173009,3371,李壑,2023-05-11 07:26:56,0,0,0,讲的内容太多太散乱了，很多不考
198799,3371,李壑,2024-09-11 17:23:04,2,2,0,退休了
30452,3377,戴志敏,2016-07-01 15:29:14,-2,2,4,导师，权威。
43554,3377,戴志敏,2017-01-16 14:03:11,-1,1,2,……唉唉唉
43952,3377,戴志敏,2017-01-17 06:59:11,5,12,7,没有更水的课了……给分还烂
45515,3377,戴志敏,2017-01-19 16:05:56,1,6,5,一篇论文加当堂开卷考试，国投虽然课程含金量不高，但是老师人不错，给分正常
46274,3377,戴志敏,2017-01-21 06:12:59,-1,4,5,老师人很好的，给分还说的过去。上课有许多人不听，由于是第一节课许多人都不来，有一次课堂测试，老师之前会给课件，复习一下就可以写简答题，然后会写一篇小作文。最后是交一篇论文。
65547,3377,戴志敏,2018-01-05 17:03:35,0,1,1,233
69444,3377,戴志敏,2018-01-24 16:13:30,3,4,1,讲课无聊，点名，给分差，论文到快期末了才布置。两个字，辣鸡！
69605,3377,戴志敏,2018-01-25 05:18:47,1,4,3,会随机点名，期末有一个当堂小测和论文。当堂小测是开卷考，第二大题题目是用本学期所讲的专业术语（至少20个）来写自己对国际投资的理解…（貌似每年都是这一题…\n\n最后给分还不错，论文要认真写☺️
73046,3377,戴志敏,2018-01-31 17:32:44,1,2,1,老师很亲切 给分一般~
97032,3377,戴志敏,2019-01-21 15:05:30,0,1,1,给分很迷 。
120679,3377,戴志敏,2020-01-15 04:11:38,1,1,0,第一节课没有正式名单，老师让每个人交了名字条，然后之后几节课他会说 之前没叫名字条的去交，整个学期就点过这一次名，然后上课内容很浅显就是投资的入门知识吧，老师讲几个知识点就会延伸出去举例，最后考察是给了一个星期写5000字论文➕最后一节课开卷考 题目是听课中最印象深刻的两部分，要求用20个以上老师讲过的专业名词。给分还行
63958,3411,马述忠,2017-12-20 05:41:18,24,32,8,上课敷衍，态度不认真
73666,3411,马述忠,2018-02-02 11:24:11,12,14,2,呃呃呃呃呃
89363,3411,马述忠,2018-11-18 17:59:00,82,115,33,很变态的一个教授，也不知道搞疯多少硕士生
102633,3411,马述忠,2019-06-24 09:07:10,20,26,6,给分很变态···很努力很认真也没用，照样不是自己学生就给极低分
108601,3411,马述忠,2019-05-29 10:30:11,11,17,6,在学术方面很凶很严格
109654,3411,马述忠,2019-06-18 07:22:13,48,57,9,经院败类老师之一，对学生完全不负责，没有教学使命感
110110,3411,马述忠,2019-06-24 15:44:29,-30,12,42,老师对待学生比较严格，学术态度严谨
110122,3411,马述忠,2019-06-24 15:44:24,-48,10,58,课堂收获很多，老师上课顶天立地
110206,3411,马述忠,2019-06-24 12:30:16,50,59,9,不说了，老师中的败类
110876,3411,马述忠,2019-06-28 12:28:22,24,28,4,写的教材可以说是我见过最烂的，把教材写成文献综述的人也是没几个了，还TM是最枯燥的文献综述，理论原理也讲不清楚。
121284,3411,马述忠,2019-12-24 05:40:49,31,37,6,最不负责任的老师 \n\n前八节课来4次\n\n后八节课给全班展示\n\n来都不来\n\n
122106,3411,马述忠,2020-02-13 12:11:23,-7,11,18,马老师比较注重课题、论文
126216,3411,马述忠,2020-09-20 02:47:34,-27,8,35,学术严谨
133208,3411,马述忠,2021-02-17 14:40:58,-2,5,7,身份就是倒海翻江合适的赶紧哈看结果今儿回个话撒剧看剧的女
134323,3411,马述忠,2021-03-24 00:30:14,44,49,5,完全没有责任感 上课唧唧歪歪像个gay 吹自己有多牛逼。\n\n怪学生不跟他交流 但给他发微信却从来不回。最后出了问题全怪你。\n\n\n\n新生听我一句 这人就是一大坑 能避开他真的别上他的课。
134324,3411,马述忠,2021-03-24 00:29:18,32,38,6,真的太糟糕了，从大一到博士第一次遇见这么坑的教授。好多次差点被他逼哭。
135088,3411,马述忠,2021-04-29 20:36:10,35,42,7,天啊，这种水平的老师怎么会是博士研究生导师。。。真的被恶心到了
135909,3411,马述忠,2021-06-02 19:11:54,36,42,6,垃圾老师。没什么水平还经常恶意对待学生。怎么不早点被车撞死？？
140709,3411,马述忠,2021-09-15 08:11:44,29,33,4,压榨学生
143990,3411,马述忠,2021-12-15 08:35:11,34,40,6,一位很会钻营，实际上没什么能力的骗子。真实学术水平在学院垫底
144153,3411,马述忠,2021-12-20 00:16:00,35,40,5,经院之耻，金玉其外败絮其中
144210,3411,马述忠,2021-12-20 12:51:58,24,29,5,真的非常差，学阀就是这种人渣吧
144445,3411,马述忠,2021-12-21 13:48:40,29,33,4,不负责任还压榨学生
150102,3411,马述忠,2022-01-21 03:56:04,32,37,5,他的科研成果都不是自己做的吧，虚伪至极，坑人至极，人渣，败类！
150481,3411,马述忠,2022-01-26 05:49:56,27,31,4,垃圾，学院绝对不能让这种没有师德的人担任要职
152426,3411,马述忠,2022-04-11 01:52:40,16,20,4,为什么没有0分？？
153013,3411,马述忠,2022-04-23 14:19:55,27,31,4,学阀一个，无耻之尤
164367,3411,马述忠,2022-12-20 12:49:23,0,1,1,...
173554,3411,马述忠,2023-05-29 02:30:25,3,7,4,苛刻、固执到变态的教授，布置的作业要求高又对成果不满意，真希望人人都拿课程作业发SSCI啊？
173570,3411,马述忠,2023-05-29 06:33:03,2,3,1,呵呵呵呵
179315,3411,马述忠,2023-09-09 18:42:16,19,22,3,骗别人选他当导师 不选不给优营 说自己可以左右入选名单
180768,3411,马述忠,2023-09-26 03:38:58,12,14,2,长得有点像20级的某位本科生同学，我他妈认错了和他打招呼说嗨
199107,3411,马述忠,2024-09-18 01:20:38,11,13,2,很傻逼一老师
199123,3411,马述忠,2024-09-18 03:04:51,13,17,4,假装看起来很和学生很亲近，实则处处刁难学生，将学生作为提升自己学术职业简历的工具。各种繁琐的作业，让学生参与与他有关的比赛，帮助他赚名声，搞些无意义的到课抽查（甚至只查迟到一两分钟的学生却不查压根没来的人）。总体评价为垃圾，和王东同为浙江经院“双璧”。
199521,3411,马述忠,2024-09-25 02:24:03,12,14,2,很计较……
199522,3411,马述忠,2024-09-25 02:32:05,13,18,5,真的无敌，自称视野在全球，实际心眼小到拿课上学生立威。不好好钻研一下自己的学术（虽然也是从学生那里压榨来的），喜欢观察哪几个学生上课迟到几分钟，哪几个学生出去接个电话、和旁边同学聊几句天。
199568,3411,马述忠,2024-09-25 12:41:11,8,9,1,臭名远扬，比我见过的所有老师都抽象
199571,3411,马述忠,2024-09-25 13:42:11,8,9,1,自以为是的臭傻逼一个
199715,3411,马述忠,2024-09-28 06:05:18,4,9,5,虽然一塌糊涂，但还不至于和锤子王东一档
199782,3411,马述忠,2024-09-29 23:33:56,7,8,1,上他的课很压抑，很喜欢阴阳学生，喜欢说自己有多牛逼，说自己的眼光在全世界，不屑于跟同学计较，但是一节课下来阴阳人家5、6次
200749,3411,马述忠,2024-10-22 01:20:50,10,12,2,好自以为是的老师 无语了 呵呵 要求真多
200750,3411,马述忠,2024-10-22 01:23:56,9,10,1,好离谱的老师 呵呵
200757,3411,马述忠,2024-10-22 03:22:38,6,8,2,1分是查老师的极限不是他的水平 他不配拿一分
200758,3411,马述忠,2024-10-22 03:25:18,14,15,1,听同学pre频繁打断，很没礼貌而且根本不仔细听内容，只按照自己认为的标准评判（而这套标准事先根本没公布）。完全是抱着挑刺和辩论的态度点评。无话可说。德不配位。
200759,3411,马述忠,2024-10-22 03:29:23,6,7,1,真的很没礼貌
200772,3411,马述忠,2024-10-22 06:22:52,13,14,1,沙兵中的沙兵，展示必须要从他写的书上扣出一句展开，不然就会被疯狂针对。之前说参考教材，给出来的例子也只是说参考第几章第几节，他倒好逼问你参考第几节第几段哪一句的内容...我请问呢，你的教材好到让我逐句阅读嘛？哦，对了，教材是不是他写的还两说呢，应该是手底下苦逼的研究生博士生写的吧哈哈哈哈哈。别的老师至少等学生展示完评判下，他在看到学生展示的标题开始就开始打断...有病就去治！！！
207458,3411,马述忠,2024-12-22 03:38:19,8,10,2,王东退休了，马述忠成为经院评分最低的教授
215821,3411,马述忠,2025-03-06 01:56:56,-7,3,10,上课很认真很负责，科研能力很强，对学生也很负责，就是对本科生显得稍微高一丢丢
215849,3411,马述忠,2025-03-06 03:18:25,-4,3,7,老师很负责，教学方式有创意
215850,3411,马述忠,2025-03-06 03:24:21,-4,3,7,老师上课很认真
215867,3411,马述忠,2025-03-06 06:37:25,0,2,2,不好评价
215870,3411,马述忠,2025-03-06 06:48:31,-6,2,8,马老师牛的
215892,3411,马述忠,2025-03-06 14:05:25,-5,2,7,马老师经常举办比赛，很支持学生参赛。
215902,3411,马述忠,2025-03-07 02:22:42,4,4,0,学术中的败类啊
216072,3411,马述忠,2025-03-10 07:20:41,-8,0,8,马老师上课比较注重启发学生的自主思考
216105,3411,马述忠,2025-03-10 09:47:07,-6,2,8,马老师学术水平很高，学术资源很丰富，对待同学虽然有点严格，但很亲切
216316,3411,马述忠,2025-03-13 07:58:08,1,1,0,纯纯一坨，钱、学术价值、情绪价值一概没有
216356,3411,马述忠,2025-03-14 08:27:22,3,3,0,不适合作为一个老师
216380,3411,马述忠,2025-03-15 03:14:37,2,2,0,这种老毕登也能请到水军？水军收了几个钱啊，我也想要
217365,3411,马述忠,2025-04-09 05:22:48,3,3,0,应该不是马老师自己请的水军吧，应该是他的好徒儿自己要刷分，顺便孝敬老师的。马老师：好徒儿，听我说，谢谢你
217444,3411,马述忠,2025-04-10 12:09:32,4,4,0,不是马老师自己请的水军，是张洪胜干的，请几十个水军把自己刷到高分顺便刷一下马老师
14107,3437,叶建亮,2016-01-04 10:11:00,0,5,5,帅帅帅
15111,3437,叶建亮,2016-01-12 06:13:44,71,87,16,老师蛮好的，就是头发不太多
17385,3437,叶建亮,2016-01-20 07:08:04,11,17,6,亮男神！亮男神！我爱你，不要挂我。。。。\n\n
19527,3437,叶建亮,2016-01-24 14:10:08,4,6,2,特来拜男神………
19701,3437,叶建亮,2016-01-25 06:19:39,2,3,1,特来拜男神 求快出分 好过年
24374,3437,叶建亮,2016-04-30 03:24:44,32,37,5,完美展现经济学读到极致是种怎样的体验
28998,3437,叶建亮,2016-06-29 05:37:45,2,2,0,男神…超级棒！给分也不错
38336,3437,叶建亮,2016-11-30 06:26:54,9,15,6,男神两个字，我只说一次
43364,3437,叶建亮,2017-01-16 07:45:07,4,4,0,老师人好事少，中微平时成绩就是一次小测
43365,3437,叶建亮,2017-01-16 07:47:19,2,5,3,老师给分不错 上课比较重数理
43394,3437,叶建亮,2017-01-16 08:11:14,1,6,5,给分高得感人都没想到居然这么高。。
43437,3437,叶建亮,2017-01-16 09:16:09,4,4,0,男神上课像数学课
43602,3437,叶建亮,2017-01-16 15:07:38,8,10,2,喜欢这个老师，上课让我莫名想听，感觉也比较有趣啊
43627,3437,叶建亮,2017-01-16 15:55:40,2,3,1,男神不解释
43712,3437,叶建亮,2017-01-17 00:54:49,2,5,3,虽然自从出差回来就一直鄙视我们的智商然而还是很好(。考前看到我们复习居然说你们还真复习啊？我:？？？
43935,3437,叶建亮,2017-01-17 06:45:42,7,10,3,上课就是数学推理，感觉经济系的老师教中微都挺难的。不过给分出乎意料的高。
47811,3437,叶建亮,2017-02-25 14:58:22,4,4,0,数学渣的我虽然挂了可是还是好喜欢他~~~明年请再收我一次!
58773,3437,叶建亮,2017-09-17 05:26:41,1,2,1,不错不错  讲的仔细  态度好
60060,3437,叶建亮,2017-10-09 06:22:13,18,21,3,老师长得像张震 就是头发不太多
68772,3437,叶建亮,2018-01-24 02:02:14,6,9,3,老师真的太太太好了 虽然平时听起来会有点难 但是讲的都是会考试的部分 而且老师给分真的很不赖！超棒
68850,3437,叶建亮,2018-01-24 03:36:11,4,4,0,老师上课讲的有点高深 我发呆了一整个学期..考前自学恶补了两三天  最后上4啦  谢谢老师！！给分很好呀平时没有作业 只有期中一次小测
69321,3437,叶建亮,2018-01-24 12:59:25,0,3,3,男神！帅！\n\n反正这课也不难，颜值就是正义！而且讲的也不差
71246,3437,叶建亮,2018-01-28 07:50:47,1,2,1,叶老师人真的很好，讲课很认真细心，就是对数学基础较差和微经学的不明白的同学来说有些吃力，老师讲的很难但是考试还好，自己平时要努力！
73192,3437,叶建亮,2018-02-01 06:43:10,0,2,2,叶老师讲课节奏很快，讲解很清晰，只是考试很难，后半期换了非常可爱的老师主要讲博弈论，期末考很简单。给分超好
89727,3437,叶建亮,2018-11-20 12:05:37,0,2,2,最好的老师！\n\n
93536,3437,叶建亮,2019-01-10 08:00:23,0,2,2,老师真实男神，水平也很高，上课幽默风趣
101357,3437,叶建亮,2019-01-28 05:27:32,6,11,5,男神老师!!!人非常nice，有疑问会解答，讲课讲得好，虽然有一些数理推导，但是不会很难，上课好好听就能弄清楚，而且有助于期末考，给分也不错(●'◡'●)ﾉ❤
101402,3437,叶建亮,2019-01-28 06:52:39,0,2,2,被自己菜哭了，期末3.3卡了一分。老师挺帅的，讲得也很好，就是给分我觉得emmmmm等待老师回复查小分问题，朱希伟老师查小分回复神速不知道叶sir能不能理我
101777,3437,叶建亮,2019-01-29 04:58:46,30,42,12,老师很帅，板书也很清楚美观。上课时重点都会通过例题讲解，同时也会补充拓展很多内容。老师主张三“不”:上课不用教材，平时不用作业，期末不用复习。上课听懂他讲的就行了!
102125,3437,叶建亮,2019-01-30 14:42:38,1,3,2,老师好帅，还有一口“温普话”，靠老师的干货期末拿了满绩哈哈哈哈。其实老师的头发并不少呀，只是发际线比较高而已嘻嘻。
102379,3437,叶建亮,2019-02-01 09:50:17,-7,2,9,老师很萌！人很好！几乎没复习期末考试几乎满分
110951,3437,叶建亮,2019-06-28 17:37:48,-6,2,8,亮哥的中微，所有题型他上课都讲过，一步一步的推导，讲解，这才叫老师。对比一下中宏的老师。\n\n中宏上的邬介然的，所有的题全没讲过，说我们都应该会了，会个锤子，只是念PPT，PPT用你念吗？你配当老师吗？
116530,3437,叶建亮,2019-09-11 05:08:14,1,11,10,啊啊啊，老师身材好棒啊！！！有胸有臀没肚子！！！中年男人的典范啊！！！除了发际线稍微高了点?，简直完美！我一个男生（取向正常）看了都没法专心听课啊啊啊！
118189,3437,叶建亮,2019-10-22 10:48:48,-8,2,10,社会调查给分意外的好
118197,3437,叶建亮,2019-10-22 15:03:16,-6,1,7,感恩老师专业实习给分!
118673,3437,叶建亮,2019-10-30 11:35:48,6,7,1,高微听不懂啊啊啊
121704,3437,叶建亮,2020-03-02 10:11:16,13,22,9,就，很普通，没上面讲的那么好。\n\n\n\n是不是这两年讲课越来越希望填充知识反而忽略基本的东西了？
122124,3437,叶建亮,2020-02-15 06:57:07,0,4,4,一般般吧
132124,3437,叶建亮,2021-01-30 12:08:18,1,1,0,虽然分不太行但我依旧感谢老师不嫌弃我线上辅修
133655,3437,叶建亮,2021-03-03 09:11:41,2,4,2,干货多，废话少，节奏快，逻辑清楚，是一门实打实的课，老师讲得非常好，b站评价也很高。
135990,3437,叶建亮,2021-06-08 07:17:53,-3,5,8,认真，仔细，幽默，干货多。绝对好课。
136049,3437,叶建亮,2021-06-10 09:22:06,36,48,12,急功近利，基础不牢，地动山摇。哪有微经学中微内容的啊
141245,3437,叶建亮,2021-09-27 06:31:06,0,2,2,给分挺好的
145396,3437,叶建亮,2021-12-29 10:10:06,-10,6,16,上的中国改革开放史，确实事少分高
148171,3437,叶建亮,2022-01-11 17:33:44,1,2,1,有一点不理解
148223,3437,叶建亮,2022-01-12 02:00:07,15,29,14,改开史认真写了思考题和小论文，查了很多资料，最后也收获了高绩点，还是挺开心的
148239,3437,叶建亮,2022-01-12 02:44:26,-5,9,14,很离谱，你出中微卷子都用自己班上课讲的题来出，让其他班怎么办
148374,3437,叶建亮,2022-01-12 09:24:22,4,5,1,也没有都用自己班讲的题吧 只有一道而已  而且也不难 本来就是掌握范围内的 出什么题不是出呢
148582,3437,叶建亮,2022-01-13 02:16:01,4,6,2,中微最后卷子确实是，跟慕课还有上课ppt很一致（ppt原题就是说），但是也确实是有其他老师在出题的\n\n老师确实是事少分高有气质\n\n只是说讲的确实闲有点难，过于数理化了，可以参考别的班讲的内容和初微的内容再看一看
152838,3437,叶建亮,2022-04-20 10:29:22,-29,1,30,讲的应该蛮好的\n挺有学术造诣的\n可惜我不预习\n上课也听不懂老师讲的\n所以我都直接翘课\n后面自学➕看回放了\n平时作业忘交\n最后喜提86\n哎 很难受就是
154549,3437,叶建亮,2022-06-02 06:03:53,-2,3,5,好老师，事少分高
156989,3437,叶建亮,2022-06-21 13:17:33,-13,1,14,课讲得好\n\n改开给分也不错
157088,3437,叶建亮,2022-06-22 01:27:18,47,65,18,改革开放史，给分迷
157092,3437,叶建亮,2022-06-22 01:42:38,-18,3,21,不点名，改开史认真完成作业就能有高绩点
161593,3437,叶建亮,2022-11-09 08:32:00,-1,1,2,男神！
162092,3437,叶建亮,2022-11-17 00:12:16,11,13,2,改开史，给分迷，焯！
162096,3437,叶建亮,2022-11-17 00:30:31,5,6,1,真的是 写的很认真很认真 拿了最低绩点 恶心死了
162106,3437,叶建亮,2022-11-17 04:47:50,-1,0,1,给分虽然一般，要求高。但是老师和助教人都好好
162118,3437,叶建亮,2022-11-17 02:01:29,6,6,0,改开史 给分挺玄幻啊
164082,3437,叶建亮,2022-12-18 01:54:39,-17,2,19,改开是真的水。。但是思考题写1000字，课程论文写9000+，最终卡在最低分满绩了。。而且个人对这段历史比较感兴趣，所以还是学到很多东西！
164410,3437,叶建亮,2022-12-21 01:51:34,1,2,1,上课可以水，论文要写好。。。
164496,3437,叶建亮,2022-12-21 09:13:40,3,6,3,第一，叶建亮老师讲的真的很好，绝对可以学到东西的。\n\n第二，就是给分太迷，认认真真写的论文被背刺3.3，论文全靠复制粘贴1w＋的copy怪绩点都上4，真的痛
164920,3437,叶建亮,2022-12-27 15:48:48,-7,1,8,改开上课十分水，本人只去过一次（而且作业和上课关系不大），期末论文和思考题查了很多资料，最后也是达到了理想的分数
165160,3437,叶建亮,2022-12-29 12:05:20,7,9,2,反正，我被杀了，还是85卡绩3.9，至今意难平
165691,3437,叶建亮,2023-01-09 09:18:08,10,11,1,给分超级超级超级迷
166514,3437,叶建亮,2023-01-12 13:43:39,7,8,1,我被杀了。不解释。迷死了。
166661,3437,叶建亮,2023-01-13 07:42:20,18,19,1,3.3
167035,3437,叶建亮,2023-01-14 17:04:13,20,23,3,改开给分是真的迷，喜提至今的最低分
167654,3437,叶建亮,2023-01-18 05:45:30,3,4,1,3.6....我觉得我学的很不错...
167731,3437,叶建亮,2023-01-18 16:01:58,2,6,4,中微出分了，4.8！\n\nyjl老师授课上比较偏数理，复习PPT的时候会发现一个章节里涵盖了很多计算内容，需要提前复习。\n\n而这次考试，刚好由叶老师命卷，计算量较大，但是写的时候能发现老师平时的训练对于个人问题分析及计算能力都有所帮助，写起来比较顺畅。\n\n\n\n不过老师有点搞心态的是MOOC突然说要登分，原本之前说是做了就行，好在助教姐姐允许补交，挽回一命。\n\n所以老师MOOC千万要好好刷分啊。\n\n\n\n老师给分是比较求是的，之前微经也是上的老师的课，但是老师的课是真的好。\n\n如果想拿高分，就需要复习的时候多花点精力，把PPT里的题目和MOOC的题目都好好复习一遍，再看看历年卷，考试的时候才能比较顺手，得分也会高些。
167826,3437,叶建亮,2023-01-19 09:04:22,2,3,1,2.1  老师比较数理 对于外专业不太友好 补天失败
169671,3437,叶建亮,2023-02-27 10:24:17,0,3,3,建议xhl
169673,3437,叶建亮,2023-02-27 10:25:16,2,4,2,2.4 老师太求是了
172786,3437,叶建亮,2023-05-07 03:28:34,6,8,2,改开给分只能说晒干了沉默，我猜是没卷字数...
172797,3437,叶建亮,2023-05-07 09:25:47,14,15,1,给分太差
172849,3437,叶建亮,2023-05-08 10:49:41,-8,2,10,改开，思考题和论文好好写了，最后4.8，只去过一次课
174478,3437,叶建亮,2023-06-13 02:19:23,-8,1,9,选了改开史，事少分高。上课在钉钉群里面点名，但是每次我都在寝室里面签到哈哈哈哈（跟不点名没区别）\n\n有好几位老师授课，内容也蛮深刻的。我去听了一节，其中一位老师提到了地域、城乡贫富差距，他讲课的时候很动容，感觉是兼顾人文情怀和经济思维的老师。\n\n期末论文占60分，四个思考题40分。这些加起来我一共写了一万字，这就是这节课的全部任务。\n\n最后给分很好（我高中学历史且是经济类专业），但是没基础的uu认真完成论文和思考题问题不大（注意排版，慎用GPT）
175486,3437,叶建亮,2023-06-25 07:34:56,1,3,2,很好的老师，注重推导和思维训练，上课难度较大，是我太菜了
175508,3437,叶建亮,2023-07-01 17:38:50,23,27,4,微经绩杀\n\nmd你班上的学生光微经这一门课就给别的班拉了多少你知不知道啊真尼玛耽误学生，良心不痛吗
175510,3437,叶建亮,2023-06-27 03:21:01,15,18,3,微经绩杀
175517,3437,叶建亮,2023-06-25 10:04:15,32,33,1,既然出分了就来写个评价：）这学期上的他和sjc老师合开的微观经济学，我说实话老师第一节课就给我讲傻了，但是也挺佩服老师的学术和数理功底的，就是我听不太懂。后来想着跟着学肯定会有不小的提升吧，于是就认认真真地听几秒思考好几分钟地把回放全部认认真真啃完了弄懂了，是的过程很耗时且很痛苦，最后的考试是老师自己命的题，大部分都是可上讲过的例题，做的时候也感觉很顺畅基本都没问题，结果出分3.6。只能说远远低于我的预期吧，我要求不高这个绩点不能说太差但是还是会让人难过的程度，毕竟付出了这么多努力和时间，是真的有点难过。真心希望老师能够上课讲得重视基础一点，求求了。
175557,3437,叶建亮,2023-06-30 10:25:10,18,21,3,很TM求是，微观经济学很认真学了 绩杀，不想要成绩就选他吧\n\n-------------\n\n对咯，更新一条，忘记写了\n\n他的两个助教也是傻逼，问她简单的问题就TM一脸鄙夷，受不了一点，真的烦
175710,3437,叶建亮,2023-06-26 09:16:32,3,4,1,不针对老师，给改开史的同学提醒：这门课是八个老师轮流讲课，叶老师只讲一节。课比较水，但给分迷惑，想摆的话可以选
175778,3437,叶建亮,2023-06-26 15:40:53,9,10,1,微经被爆杀）
175933,3437,叶建亮,2023-06-27 07:43:12,10,11,1,这学期上的老师和sjc老师合上的微观经济学，原来sjc老师讲得还是很清楚明白的，然后他开始上夏学期第一节课之后直接把人干懵了。。他默认我们应该对基础概念全都灵活掌握（甚至是他和史老师都没讲过的东西），并且在这个基础上开始上数理强度。他经常在课上问我们这个你们应该知道的呀，史老师肯定讲过，事实上真的完全没讲过。微经的知识体系搭得一片稀烂，上课完全云里雾里。就这样吧。。
176647,3437,叶建亮,2023-06-29 14:28:23,12,15,3,微经有必要上的这么难分给的这么低嘛？他已经不是求是了，他这已经属于绩杀了，一个班上四的没几个，跟高分有仇似的
176789,3437,叶建亮,2023-06-30 06:54:31,6,6,0,上的是sjc老师和叶老师合开的微经，因为是开给经济学专业的同学，可能数理方面的要求比较高。前面史老师讲的很好，只是我感觉叶老师没能把握好微经甲和中微之间的难度区分，上课的时候知识体系之间联系的顺承和逻辑好像差了一点。但就复习考试而言希望学弟学妹们多看ppt吧，毕竟马工程也emmmm（逃）
177117,3437,叶建亮,2023-07-02 18:11:59,19,23,4,看这两天评的都是微经。我来评一下改开（心血来潮破坏队形hhh）\n\n事情确实少，但是给分真的又迷又烂\n\n去年秋学期上的，当时有两个钉钉群，一个正式的，另外一个交流群，出分之后交流群都几乎开始骂了\n\n和朵朵的评论放在一起总结了一下是：\n\n有人论文2000字4.8，有人6000字3.6，我本人是4000字3.9，还是85的3.9\n\n所以就是一个迷字（可能倒也没有特别特别烂，就是迷之离谱）这么说吧，我大英2.4大计基2.7死的明明白白，自己知道是自己的问题不是老师的问题，死的一点都不冤。唯独就是这个3.9我到现在都死不瞑目。平心而论，3.9其实并不算很低，但是我觉得我以高中纯文科生的身份，加上我写的论文和思考题的质量，怎么着也不应该拿这点分（并且还卡绩，最倒霉的85分）真的完全想不通老师到底怎么评分的。\n\n改开史是选择性必修课。给学弟学妹的建议是，如果你追求高绩点（！！特别是想在大一寒假转专业并且在大一上选四史的！！！）一定壁垒改开史！！建议选隔壁党史（去年党史出分后朵朵上全是晒高绩点的。虽然党史要考试，成绩可能和考题有关系，但是目前来看党史怎么着都比改开史强，你们一看四史的均绩对比就懂了）。当然，改开确实事情少，论文还算好水。如果不追求绩点的，可以选。
177256,3437,叶建亮,2023-07-02 12:14:21,-8,1,9,水水改开，每次课前钉钉自行定位签到（dongdedoud），最后给分靠思考题和一篇论文，认真写了分数不错
177679,3437,叶建亮,2023-07-04 07:57:35,19,23,4,改开给分稀烂还卡绩呵呵
177731,3437,叶建亮,2023-07-04 13:35:24,46,52,6,改开，给分很难评，有字数少高分的，有字数多低分的，有字数少低分的，有字数多高分的\n\n但好处也有，完全不用上课（甚至不用管钉钉群签到，因为这门课签到不计入考评），事少，论文嗯卷的话写个2w字也很快，思考题随便复制拼接一下就行。\n\n但总而言之，如果你想要通过在这门课的论文或思考题中通过所谓的“认真”拿到高分，建议洗洗睡，这门课最好的通关方式是用最少的时间弄完，等着他给你一个随机的分数。
177733,3437,叶建亮,2023-07-04 13:57:17,14,15,1,恕我不配上yjl老师的课\n\n说的是改开和微经\n\n二者 我都不配
179892,3437,叶建亮,2023-09-20 03:04:25,3,6,3,没有人觉得yjl和王耀庆舅舅长得一模一样吗:)一旦接受这个设定听他上课总是忍不住想象yjl在讲台上跳uncle wang
181409,3437,叶建亮,2023-10-17 06:58:13,17,18,1,个人感觉老师长得很像大耳朵图图的爸爸胡英俊
183161,3437,叶建亮,2023-11-22 12:53:32,7,9,2,改开给分迷
183183,3437,叶建亮,2023-11-22 14:17:45,9,11,2,改开\n\n事少不点名不用上课\n\n思考题建议gpt然后修改\n\n课程论文找几篇论文拼接一下
184584,3437,叶建亮,2023-12-22 01:49:41,8,9,1,真的无语给分，第一次被绩杀，改革开放史，老师说是因为正太分布，我真服了
188143,3437,叶建亮,2024-01-18 09:21:40,4,7,3,改开88 4.2\n\n就是不用去上课
188160,3437,叶建亮,2024-01-18 09:55:30,4,4,0,改开史什么随机给分，狠狠绩杀
188234,3437,叶建亮,2024-01-18 12:53:41,3,3,0,改开 事情很少 不用上课 给分的话也还好
188436,3437,叶建亮,2024-01-19 04:09:54,6,8,2,改开绩杀，不如有考试！！！写了四千字论文最后喜提3.3
188518,3437,叶建亮,2024-01-19 06:52:44,1,2,1,感觉老师对我们这群什么都不懂的人还是有点耐心的。。。虽然最后被老师卡绩了，但是觉得老师讲的还是不错的，如果知识点都自己掌握的话应该会有一个很不错的分数。
188538,3437,叶建亮,2024-01-19 07:46:52,2,2,0,中微给分一般般
188686,3437,叶建亮,2024-01-19 14:16:43,5,5,0,改开被绩杀
189052,3437,叶建亮,2024-01-21 12:48:15,8,9,1,改开史给分过于随机了点
189277,3437,叶建亮,2024-01-22 18:24:22,6,9,3,傻逼老师，改开绩杀
189904,3437,叶建亮,2024-02-02 00:56:13,0,1,1,坐标中微，yjl课讲得真的很好，当时学的hljj的微经但是感觉学下来没有yjl的中微学得扎实（当然课程本身不一样，而且可能是我大一不够认真呜呜呜），PPT特别好，讲课内容和考试完全一致，如果给分能捞一点点就好了TT，就差一点点啊啊啊啊啊，含泪看向隔壁蕙兰姐姐评论区
191846,3437,叶建亮,2024-05-02 00:48:04,7,7,0,随机给分
191887,3437,叶建亮,2024-05-03 14:02:09,7,8,1,改开给分特别特别迷…..3.0…….我碎掉了…….历史最低绩点，论文和思考题都好好写了的…..
192121,3437,叶建亮,2024-05-09 12:39:06,3,6,3,改开史随机给分受益者，教室没去过，论文写了6000字左右，喜提4.5，供参考
192900,3437,叶建亮,2024-05-31 11:24:26,7,8,1,给分嘎嘎不合理，我每次认真听课最后70分，无语了
195915,3437,叶建亮,2024-07-01 00:48:02,3,3,0,改开论文字数多写一些……随机给分给到好的可能性也许会大一些！
195972,3437,叶建亮,2024-07-01 03:17:56,0,1,1,还好，事少，随机也给了个说得过去的分，再想想自己为这课做的努力，我记得也值得那个分
196038,3437,叶建亮,2024-07-02 12:11:38,6,7,1,很傻逼的给分
196486,3437,叶建亮,2024-07-03 17:24:16,2,2,0,很好的老师，课程难度也着实有点大
196555,3437,叶建亮,2024-07-04 05:17:07,-10,1,11,微观经济学甲，讲课不错，虽然上课数学难度大但考试不这么考；这学期评分改成平时50%+期末考50%，平时分应该是小组汇报占大头。我小组汇报比较用心，最后期末考没怎么准备，给分4.5，至少我挺满意的
196679,3437,叶建亮,2024-07-04 17:33:31,4,4,0,杀杀杀！
198604,3437,叶建亮,2024-09-10 07:41:30,8,9,1,你没事瞎给啥分
199725,3437,叶建亮,2024-09-28 07:46:27,5,6,1,很温和
202671,3437,叶建亮,2024-11-13 22:46:00,0,1,1,实在是绩杀！！！
202673,3437,叶建亮,2024-11-14 00:54:02,13,20,7,改革开放史，论文是认真找资料写了的\n\n每节课是都到了现场的\n\n麻了最后绩点3.3😡\n\n早知道怎么离谱还上个锤子\n\n一己之力拉低均绩😡
202674,3437,叶建亮,2024-11-14 00:00:09,3,8,5,绩杀！快跑
202677,3437,叶建亮,2024-11-14 00:13:33,-5,3,8,不用点名  八节课不同老师 只有第一节课是叶老师 不知道谁在批期末作业 理科生当通识课听挺好 不去也行 给分真随机啊。还说“萝卜青菜各有所爱” 卷绩点就别选了
202682,3437,叶建亮,2024-11-14 00:51:34,7,12,5,老师非常绩杀，改开论文结合实际真情实感卷了1.2w字最后3.9…课可以不上 但我每节课都像脑残一样去了…
202683,3437,叶建亮,2024-11-14 00:55:56,7,9,2,改开史，水课，我都不知道哪位老师是叶老师。每节课老师不一样。课我翘了一节，签到不占分。分纯看论文和思考题。这俩我认真写了，绩点还行。看有挺多同学被杀了，怎么说呢，运吧。
202693,3437,叶建亮,2024-11-14 01:41:56,-10,1,11,一次没去上课，思考题和论文都是拼接加gbt，论文最后写了7000多但查重有30%，最后4.2
202698,3437,叶建亮,2024-11-14 02:15:45,19,23,4,我是今年助教，我感觉给分其实很认真了，叶老师是一篇篇认真看过来的，没有网上不看作业随机给分这么夸张，只能说真是老师说的萝卜青菜各有所爱
202699,3437,叶建亮,2024-11-14 02:20:30,-4,0,4,升天了
202700,3437,叶建亮,2024-11-14 02:22:37,4,4,0,确实事少
202728,3437,叶建亮,2024-11-14 04:34:54,3,3,0,课还是有趣的
202734,3437,叶建亮,2024-11-14 05:17:28,-2,0,2,给了要求字数的论文，越多分越高？呜呜呜，好低的分数，好难过
202735,3437,叶建亮,2024-11-14 05:18:28,2,2,0,点到不计入总评；绩杀不严重；本人去了两次，思考题和小论文各4000字，最终4.5
202771,3437,叶建亮,2024-11-14 09:09:15,-7,0,7,真的无语啊，花了两周，每天晚上一两点多睡弄了一篇1.5w字的论文出来，最后只给个4.5。我有同学说他之前有个朋友绩点4.8，然后他把他朋友的作业拿过来加了很多内容进去之后出来变成4.5了。总之，随机随机随机随机。你要是想转专业的话就千万别来这节课，因为你再怎么努力也只能听天由命，让命运来决定你的绩点。
203346,3437,叶建亮,2024-11-19 09:34:47,-24,2,26,卷字数到了8000，认真搞了格式，最后得分4.8，很感谢老师😘😘😘。平时也没有什么正经的点名，只要钉钉群里群签到就行，不需要一定在场，是很自由的一门课，只要论文好好搞，就没什么问题，大赞
204988,3437,叶建亮,2024-11-29 08:16:20,3,4,1,蚌不住
207617,3437,叶建亮,2024-12-23 09:04:35,-8,3,11,只有群签到，范围很广，从不点名，可以随便旷课，作业是四个课后题和一篇论文，有字数下限无上限，给分超好啊啊啊啊，4.8直接拉高整个绩点啦
211613,3437,叶建亮,2025-01-12 04:17:30,-11,2,13,上课从来没有点名，最后也没有期末考试，只有一篇论文和4个思考题，论文大概写了个12000字，认真思考了内容结构，最后喜提满绩过来还愿啦
211801,3437,叶建亮,2025-01-12 13:31:17,-3,2,5,感谢我的运气，论文写了六千多字喜拿满绩🙏
217699,3437,叶建亮,2025-04-15 09:03:50,1,1,0,中微补一下上学期的评价：不点名，一次都没有点过，上课很有激情很有趣，给分中规中矩
218483,3437,叶建亮,2025-04-24 03:32:02,4,5,1,叶老师人很好，但是改革开放史现在开始点名了，而且最后成绩莫名其妙改成了五级制，最高只能拿4.5，很大概率会是3.5，想要高绩点的可以避雷了
218486,3437,叶建亮,2025-04-24 03:58:26,2,2,0,？👀🤜
218760,3437,叶建亮,2025-05-02 05:58:57,1,1,0,以前改革开放史是每个老师讲一节课，叶老师也就讲了一节课，可能最后都不参与批改作业，被评分这么低，实属可惜。但这学期叶老师16节课亲自上阵，就临时抱佛脚完成了每节课的小作业和论文（任意主题都可以）绩点4.5
218829,3437,叶建亮,2025-05-07 10:08:53,2,3,1,微经讲的和史一样，平时分看关系给的
220747,3437,叶建亮,2025-06-19 14:26:52,3,3,0,老师：期末考试一点也不难\n\n我：˃̣̣̥᷄⌓˂̣̣̥᷅
221413,3437,叶建亮,2025-06-23 09:18:10,1,1,0,感觉老师人挺好的。但除此之外作为一个老师，给分、教学没有哪里能夸。微经上得和中微一样。老师上后面八周的课，第一节课就是“哦这本书啊没什么好讲的，我两节课就讲完了，我们做点小组展示吧”，然后每节课讲课的时候都是“哦这个是比较难，你们了解一下，考试是不考的”，我是真的不知道老师到底上课讲了些啥考试又要考些啥。感觉老师很想让同学们真的爱上经济学、学到知识，但是老师实在是太沉浸在自己的世界里了，本来就很忙的学期还要准备夏学期突如其来的小组作业，最后期末微经给分更是直接把人送走了。
221418,3437,叶建亮,2025-06-23 10:05:29,1,1,0,上课沉浸在自己的艺术里不知天地为何物，考试内容和他上课讲的很多东西关系不大
19626,3464,俞彬,2016-01-25 03:23:50,26,34,8,老师课蛮有趣的~\n\n\n\n年轻老师好交流
21992,3464,俞彬,2017-12-25 02:37:33,6,11,5,还不错
30455,3464,俞彬,2016-07-01 15:36:01,6,11,5,很胖啊
32756,3464,俞彬,2016-07-12 09:14:41,2,5,3,很有趣啊
38528,3464,俞彬,2016-12-08 00:58:31,3,9,6,老师超可爱！讲了很多股票的技术面知识，听完就想去开户了:)
39269,3464,俞彬,2016-12-22 01:37:01,4,7,3,听老师的通识真的超级有收获啊 很良心的老师
45299,3464,俞彬,2017-01-19 09:33:34,0,3,3,迷之自信^O^
45592,3464,俞彬,2017-01-20 00:03:19,3,6,3,超级棒！喜欢！五分好评哈哈
48554,3464,俞彬,2017-03-07 07:29:19,1,3,2,给分好，人还可以\n\n
48557,3464,俞彬,2017-03-07 07:36:51,6,9,3,老师三观太正了！课也很有意思！
51271,3464,俞彬,2018-12-04 01:22:03,10,13,3,彬彬也太可爱了吧！
51403,3464,俞彬,2017-06-05 03:57:58,3,5,2,超有收获啊。
54749,3464,俞彬,2017-06-30 06:59:49,4,6,2,老师很好，超和蔼
54764,3464,俞彬,2017-06-30 07:25:39,2,5,3,老师很可爱！讲课不拘泥于课本，给分很棒！
54872,3464,俞彬,2017-06-30 11:00:39,4,5,1,可能真的是外星人来的！
67216,3464,俞彬,2018-01-20 13:01:50,3,5,2,保研夏令营前一定要听俞彬的课哟~
69421,3464,俞彬,2018-01-24 15:37:39,5,8,3,彬彬太可爱了，风趣幽默，讲课好给分好，男神了
70490,3464,俞彬,2019-02-27 03:55:16,-32,3,35,一般般
75457,3464,俞彬,2018-03-12 05:53:12,13,15,2,渊博，三观正，有情怀，太可爱啦！！想嫁！
76070,3464,俞彬,2018-03-26 07:15:59,23,24,1,大型爱国主义教育课
76076,3464,俞彬,2018-03-26 08:23:54,8,18,10,上课私货太多 应该去教毛概
76928,3464,俞彬,2018-04-26 04:06:25,2,3,1,老师真的特别好 这学期最喜欢的老师了！！！强推
78589,3464,俞彬,2018-05-13 13:54:20,4,6,2,我爱老师，想嫁?
78604,3464,俞彬,2018-05-13 18:40:22,18,25,7,台湾2021年回归，别问我为什么知道的
78605,3464,俞彬,2018-05-13 23:29:00,30,35,5,关键词，段子手，台湾回归，有的没的，大致就是如此，给分好，爱国主义好老师o(^o^)o
78654,3464,俞彬,2018-05-14 07:26:17,3,5,2,还行吧，私货比正课多
78831,3464,俞彬,2018-05-15 12:42:04,21,22,1,金融市场与金融机构，每一节课全程基本不看手机完完整整地听下来。老师的思路和大部分经院老师很不一样，ppt一直跟进最新的经济热点，对很多被主流媒体定性的事件有非常独特的见解和深刻的剖析。\n\n每周从玉泉来回两趟听俞老师的早课，一点不觉得累，只觉得自己特别幸运能在浙大遇到这样一个好老师，有趣的课堂，阳光可爱又不失情怀的氛围，特别希望毕业前还有机会听他的课。
80330,3464,俞彬,2018-06-25 07:02:47,5,5,0,对于想要个性的工科生来说 俞老师的课真的是干货满满 风趣十足
84714,3464,俞彬,2018-07-13 15:18:04,85,88,3,从不点名，给分巨好，有一百种方法论证特朗普是傻逼
85422,3464,俞彬,2018-07-17 16:05:00,9,9,0,有幸上过俞老师的中国金融问题研究，可惜保险学是另一个老师的。老师思路清晰，观点新颖，我可以连着两节课不玩手机！还有，2019年股市大盘会涨，别问我怎么知道的，俞老师说如果不涨就当他没说。
85854,3464,俞彬,2018-08-22 17:27:11,1,1,0,很有趣的老师 很好的课
86099,3464,俞彬,2018-09-06 16:29:40,18,18,0,我爱老师！！！学金融就该是这个样子，经济与国家，政治，历史，时事是不可能分开的，真的超有用！私下问问题会耐心回答好长好长，感动哭了? 还会鼓励学生坚持进步，为学生做职业规划指导答疑解惑！不知道比那些职业生涯规划好到哪里去了！
88157,3464,俞彬,2018-10-23 07:02:20,0,0,0,真的很棒
91475,3464,俞彬,2018-12-11 07:22:21,2,2,0,很好的老师
104148,3464,俞彬,2019-03-13 03:54:50,3,3,0,没人能打败我的变形金刚!
104219,3464,俞彬,2019-03-14 05:51:09,5,5,0,没人能打败我的变形金彬！
105655,3464,俞彬,2019-04-18 03:07:58,1,1,0,太有趣了！！！！
108595,3464,俞彬,2019-05-29 07:38:54,0,1,1,保险学的平时分咋给呀想知道
113508,3464,俞彬,2019-07-06 21:19:57,0,0,0,老师超级可爱给分也很好！
113610,3464,俞彬,2019-07-07 01:12:51,3,3,0,谢谢老师，讲课、给分都是双一流水平！
113789,3464,俞彬,2019-07-07 13:21:15,1,2,1,老师讲课有趣，给分也也好，我一个毫无经济学基础的医学生就复习了一下午居然绩点还能上四，比通宵复习的专业课都高。大爱老师。
114404,3464,俞彬,2019-07-10 01:06:47,7,7,0,彬彬老师绝对是男神级别人物
115260,3464,俞彬,2019-07-17 07:31:48,3,4,1,可以把保险上成时政分析又超级有趣的彬彬！
115322,3464,俞彬,2019-07-18 14:31:30,109,116,7,俞彬老师超级无敌螺旋爆炸好。我是一名大二的工科生，大二下学分有点少，就作死选了俞彬老师的保险学，补选一波结果教室满了签条子也不行，因为马上要到玉泉了，我厚着脸皮给他发邮件，他居然为我换了间大教室！\n\n超级喜欢他的课，保险+炒股+个性分析+黑建国，全程有趣，最后也取得了一个好成绩，强推\n\n?请顶我上去
117734,3464,俞彬,2019-09-30 03:43:27,30,35,5,“大约是如此～～～(*¯ㅿ¯*;)”
118540,3464,俞彬,2019-10-28 08:51:58,11,14,3,很nice的老师，真的很有趣，政治经济学被他讲的很有趣，非常乐意听他的课，本来想水的都不水了
119163,3464,俞彬,2019-11-11 03:04:53,18,25,7,开始冬学期课的第一天只想说：\n\n老师~你快回来? 我一人承受不来?
119178,3464,俞彬,2019-11-11 04:10:58,38,46,8,小胖子，想你了。冬学期还是想你来啊。想念你的“大约是如此”。作业少，上课还非常非常有趣。唉，没有比较就没有伤害。没有你的政经可怎么活啊。
119470,3464,俞彬,2019-11-13 03:12:40,-2,10,12,全靠同行衬托
119512,3464,俞彬,2019-11-13 07:24:16,-4,4,8,大约是如此
120756,3464,俞彬,2020-01-16 13:10:00,-8,3,11,大约是如此，爱了
121634,3464,俞彬,2019-12-11 13:19:15,6,17,11,我就喜欢那种发自心底里又红又专的劲儿
122517,3464,俞彬,2020-03-03 06:33:08,-8,3,11,奇怪的知识增加了，老师真的好懂。哈哈哈哈哈哈哈哈\n\n
122674,3464,俞彬,2020-03-17 07:37:14,-11,1,12,超级棒！！！！！特别有意思
122676,3464,俞彬,2020-03-17 07:47:46,-4,9,13,老师未免太可爱了……政治经济学思路清晰，玩概念也很清楚\n\n时常拿有趣影视作品串联理论，粉圈女孩也可以get到很多隐秘笑点，上课很风趣幽默\n\n也会分享很多知识性视频，收获满满 \n\n作业也不是很多\n\n上他的课很享受
122863,3464,俞彬,2020-04-15 12:45:00,-8,5,13,很可爱的小哥哥~排版鬼才
125631,3464,俞彬,2020-09-12 12:45:24,-12,2,14,好老师！
126542,3464,俞彬,2020-09-30 03:22:52,4,19,15,俞彬老师批判资本主义真的不是流于表面的口号式批判，而是鞭辟入里，让人无法反驳的批判。听他的课真是一种享受。吹爆反鹅颈先锋俞老师！
127039,3464,俞彬,2020-11-04 04:24:37,11,25,14,秋学期的课结束了有点不舍 俞彬老师yyds 像俞彬老师这样课讲得有趣人长得帅上课从不点名课后没有作业反对鹅颈热爱祖国的老师我吹爆 大家快来选俞老师的政经
134388,3464,俞彬,2021-03-26 04:07:20,-39,16,55,眼中似乎只有经济金融两个专业 隐隐的专业歧视
135357,3464,俞彬,2021-05-08 10:52:08,-9,5,14,我好像爱上他了😘😘
135934,3464,俞彬,2021-06-04 01:06:32,12,28,16,鱼饼老师跑到人民群众中才敢讲话的样子很可爱，很他多PPT上的内容值得拍照留念哈哈哈
136166,3464,俞彬,2021-06-11 15:22:31,-15,1,16,老师绝了！！！真真好老师！！！
139389,3464,俞彬,2021-07-15 04:03:06,-6,8,14,老师讲的生动又透彻，观点新颖，强烈希望老师教思政（马原，毛概，习概，思修）！！！（正经）\n\n经院送分童子，名不虚传，爱了爱了😍😍😍（不正经）
139782,3464,俞彬,2021-07-26 10:19:28,-14,4,18,满绩来表白ww
141470,3464,俞彬,2021-10-11 02:37:03,-15,2,17,好好好
143964,3464,俞彬,2021-12-14 12:11:10,2,18,16,老师上课很有意思！来自通识课《中国改革开放史》，讲到金融篇的时候请了俞老师来，这一次我居然没开小差！
152999,3464,俞彬,2022-04-23 09:49:44,-9,8,17,政经导第一节课让我粉了俞彬老师，真的全程高能，段子如枪林弹雨般密集，逻辑清晰。老师讲的好，事情少，反对内卷，强烈推荐俞彬老师的政治经济学导论！！！
153225,3464,俞彬,2022-04-27 01:08:30,-9,8,17,老师讲得好精彩！\n\n和经济学八竿子打不着的外专业学生听得津津有味，这是真的让人通达视野开拓见识的好通识课啊！谢谢老师！
153989,3464,俞彬,2022-05-18 13:18:04,5,24,19,他的课不需要点名，因为大多数同学不愿意少上一节课；他的课不需要多少作业，因为因为课堂上的每一点内容都值得仔细回味。\n\n对于我，一个未来的底层劳动者来说，风趣幽默的课堂之下，便是残酷、可怕的现实。以及那么一丝，黎明的曙光。\n\n——2022夏，政治经济学课上
154360,3464,俞彬,2022-05-31 05:13:42,-24,24,48,观点很荒诞
154625,3464,俞彬,2022-06-02 13:21:57,-9,9,18,没有人能不爱ybgg
155119,3464,俞彬,2022-06-08 12:29:02,0,20,20,最后一节课下课前来留下10分。\n\n       俞老师理解学生，不鼓励鹅颈、恶竞，甚至设置ddl考虑到了我们的考试周（哭死），没有繁琐的作业。\n\n       这学期没有点过名，不过老师的课真的很有趣，个人而言，收获不少（在思考方式和观点上）。\n\n      老师有的地方可能会显得有点“红”（可能这就是下面有同学说的离谱观点？），不过老师对于资本的批判真的很深刻，而且个人觉得老师的表述并不会显得实在故作姿态。强推鱼饼老师的政治经济学导论！
155123,3464,俞彬,2022-06-08 13:45:50,1,22,21,俞彬你凭什么不是10分啊！！！是不是因为你一次只讲三节课啊，完全听不过瘾！！！不点名，是因为他不需要点名，从第一节到最后一节教室都是满满的，掌声雷动，最后一节课的掌声真的持续了好长时间。论文题材不限，说要雅俗共赏，仅仅1500的字数还把ddl定在了考试周之后。逃不开正态的要求，和大家保证3.3兜底。俞彬怎么能不是10分啊。点进来的你一定是在犹豫选他的课了，不要犹豫了！！！不上他的课真的是一种遗憾。
155144,3464,俞彬,2022-06-08 17:02:05,-5,15,20,俞彬真的太值得10分了，反卷，体谅学生，讲课深入浅出妙趣横生，人真诚可爱。明明不点名也一定会去听课。老师三节课太少了，八周太少了，想听你一直讲下去www
155203,3464,俞彬,2022-06-09 09:19:48,-4,19,23,形势与政策课的真正版本，建议让全国的高校都学学（一本和二本除外，老师黑了他们不少😂
155433,3464,俞彬,2022-06-12 16:21:40,-3,19,22,俞老师真的是我梦想中的大学老师，上他的课也让我上到了梦想中的课堂。上课幽默风趣，平常经常开小差的我第一次一次不落的听完了。可惜他的时间太短，后面牛老师的到来，我又陷入了上课摸鱼的混沌状态中……（幸好王老师把我拉回来了）
158158,3464,俞彬,2022-07-01 05:09:43,8,32,24,给分好不好因人而异，但是老师上课真的很好。
158626,3464,俞彬,2022-07-01 01:17:52,-11,10,21,梦中情师，不管什么专业的同学都应该来听听俞老师的通识课，讲得十分有趣哦，很爱很爱
158654,3464,俞彬,2022-07-01 04:07:11,-17,10,27,没有展示没有发言 思考题读书报告和期末论文都认认真真完成 最后满了呜呜呜呜）当然成绩只是一部分 仅是上课的过程就值得安利 何其有幸能够上老师的课 真正的教育者！
159177,3464,俞彬,2022-07-07 09:25:24,-17,5,22,入学以来最好的老师！！！讲课生动有趣，给分超好！！！
159235,3464,俞彬,2022-07-09 01:13:53,-15,6,21,呜呜呜好喜欢！！！
160072,3464,俞彬,2022-09-13 03:22:22,-17,5,22,上的是老师的通识，讲课真的很有意思，感觉就是非常标准的风趣人文老师，然后事情特别少，只有两次问卷和期末论文，期末论文的ddl甚至延期到考试周的最后一天，给分也很不错!选他选他选他！
164012,3464,俞彬,2022-12-17 09:03:37,-14,7,21,真正的好老师，我想象中大学老师的样子。
166560,3464,俞彬,2023-01-12 23:54:25,-20,3,23,讲课风趣，给分好，事情少，吹爆ybgg！！！
167977,3464,俞彬,2023-01-21 04:22:58,-18,6,24,政治经济学是一门事少分高的课
168049,3464,俞彬,2023-01-24 10:58:20,-18,6,24,吹爆俞斌GG！
168052,3464,俞彬,2023-01-24 12:15:51,-18,7,25,政治经济学 很有趣 给分很好，满了
169601,3464,俞彬,2023-02-27 05:42:34,-18,5,23,真不错
169743,3464,俞彬,2023-02-27 15:17:49,-17,7,24,吹爆ybgg！！超级有趣而且事少
170497,3464,俞彬,2023-03-06 02:43:33,-17,8,25,对懂年轻人的梗的老师一直很有好感哈哈哈哈
170953,3464,俞彬,2023-03-13 07:27:21,-11,17,28,真的很幽默，尊重女性和各个群体
171039,3464,俞彬,2023-03-15 02:18:26,-11,13,24,必须10分！真正的好老师！在政经课上有很多共鸣，也得到了很多启发，喜欢拿三体举例子，科幻迷狂喜！我好爱他！！！！！
171081,3464,俞彬,2023-03-15 15:50:18,-17,7,24,特别特别特别好!
171262,3464,俞彬,2023-03-20 07:01:56,-17,7,24,超级有意思，政治经济学我吹爆
171520,3464,俞彬,2023-03-27 09:05:41,-2,26,28,特别特别可爱的老师，政治经济学五节课还是太少哇哇哇哇哇哇哇哇哇哇哇哇哇哇哇哇哇哇哇哇哇哇哇哇哇哇哇哇哇哇没有你苯宝肿么活啊鱼饼老师啊w(ﾟДﾟ)w
171521,3464,俞彬,2023-03-27 09:08:40,-19,8,27,老师超级超级好，超级超级有意思
171528,3464,俞彬,2023-03-27 11:46:42,-18,10,28,好老师，感觉更像个大学长😇
175390,3464,俞彬,2023-06-24 13:06:17,-17,12,29,真的有趣，很多水课我听的欲望不高，但是俞老师的课可以打败我看手机的欲望
178260,3464,俞彬,2023-07-09 03:30:19,-18,11,29,老师逻辑很清晰，就是还不知道改分怎么样，好紧张呀。
178552,3464,俞彬,2023-07-14 08:39:28,-17,11,28,男神！！！
178609,3464,俞彬,2023-07-16 23:11:43,-18,11,29,男神！！
178613,3464,俞彬,2023-07-17 03:42:52,-9,19,28,政治经济学导论，两篇问卷一篇1500-2000字的文章，不点名，“上课是大家的自由”，“感谢大家能来上课，感谢，必须得感谢”，\n\n“在人民群众中讲课更有安全感”。\n\n事情少，给分好，写的一般也给了89（估计是正态的原因）。\n\n最喜欢看ybgg在人民群众中一本正经又红又专的样子！！！
178741,3464,俞彬,2023-07-21 07:59:53,-8,22,30,俞老师是我见过的最好的老师，我吹爆！！！无论是人格还是教学都没有任何问题！政治经济学都去上他的课！！！
179534,3464,俞彬,2023-09-18 04:40:28,-13,20,33,特别特别好的老师，知识水平高，讲课通俗易懂又幽默风趣。三观正，紧跟时事，我就喜欢老师又红又专、为国自豪的样子！！！
181728,3464,俞彬,2023-10-30 02:55:26,-16,16,32,超级好的老师，讲课很爱听
191038,3464,俞彬,2024-03-29 08:21:40,-12,20,32,作为外专业慕名而来的学生，俞彬老师是我心中目前在浙大遇到的最好的老师，简直是一股清流，又红又专，不管是社会主义为什么好还是资本主义为什么万恶都分析得很透彻，上课用心而且生动风趣，课下有疑问也会很认真地答复，真的是男神。
191091,3464,俞彬,2024-04-02 05:36:57,-18,15,33,政经神中神
191438,3464,俞彬,2024-04-22 11:05:47,-16,15,31,讲得很好
192456,3464,俞彬,2024-05-20 13:03:34,-19,16,35,政经导核心论点——资本主义是万恶的，导致我们内卷的是万恶的资本主义哈哈哈哈哈哈哈
193113,3464,俞彬,2024-06-03 15:34:59,-13,21,34,特别好的老师，很有趣而且非常尊重同学，每节课第一句都感谢我们还来上课啊啊啊啊啊，很年轻根本看不出年龄哈哈哈，像学长一样，虽然论文还没开始写，但是先给老师打满分~
196624,3464,俞彬,2024-07-04 09:55:35,-12,22,34,ybgg必须是神！！！\n\n我是ybgg永远的信徒
196684,3464,俞彬,2024-07-04 17:42:31,-12,22,34,很有趣，很有思想的老师！\n\n出分前先来评个十分～
197176,3464,俞彬,2024-07-08 15:30:46,-13,22,35,出分前先给俞老师一个10分，老师上课真的很有意思
197293,3464,俞彬,2024-07-10 12:06:20,-16,18,34,无可挑剔
197646,3464,俞彬,2024-07-23 15:28:36,-16,19,35,政治经济学 \n\n神
198870,3464,俞彬,2024-09-12 09:20:51,-14,22,36,神中神！任务轻，幽默风趣，理解学生的辛苦。
199028,3464,俞彬,2024-09-14 07:01:21,-16,20,36,好！
199937,3464,俞彬,2024-10-09 02:01:05,2,38,36,虚伪的既得利益者，上课不知所云，无脑黑市场经济和美国，自己却是经济学院金融系教授。疯狂鼓吹计划经济，贬低市场经济，对学生的诱导性极强，上课夹带大量私货，和张维为司马南之流颇有类似，令人观感极度不适。给分极差评分标准极其不透明，一学期从不上课的人能拿到满绩，每节课都来的人只有80分。认真写的论文分数不如chatgpt生成的论文分数高，问他原因之后敷衍几句就再也已读不回，无论是从立德还是树人来看都难以称得上是合格，对经济学院有这种老师感到悲哀！
201085,3464,俞彬,2024-10-28 09:25:28,18,31,13,感觉确实没有说的那么好 论文字数符合要求 最后我的成绩是71分 我一度以为是老师弄错了 结果后来去浙大钉私信他后他说我就是这个分数 没什么可说的 我不理解为什么一个没有考试的课会有这么低的分 真的有亿点无语😅
201903,3464,俞彬,2024-11-07 09:25:22,-8,16,24,ybgg一般有写作暗号\n\n然后以前接受学校采访的时候说过会给西经模型打低分\n\n（以前）上课时说了AI和超过字数会扣分\n\n除此之外基本没见过87-，基本都是89+
205315,3464,俞彬,2024-12-04 08:47:01,-1,19,20,诚然有时候少数拿到低分的认真同学于心不甘，\n\n但是把那么多说俞彬老师好的评论偷偷踩n个是什么心态？\n\n这求是吗？\n\n虽然心情可以理解，但是大部分人的东西还是拿不错的分吧……（更何况还有加分暗号什么的，以及导论课他一个人负责也不太存在其他老师助教给你打低分的情况，广大同学选他的导论课大胆选，选他的专业课90%的同学都是不错的分，而且讲课精彩不点名）
205499,3464,俞彬,2024-12-08 04:51:48,3,23,20,不知道把近期评论全部踩一遍的是什么心态，看起来还是用不同的设备踩了几遍...老师很好，平衡一下
207070,3464,俞彬,2024-12-19 06:33:43,5,25,20,粉红教授，上课说尽西方的坏话，自己实际又是在澳洲留学多年。这就是反美是工作，赴美是生活吧，可惜这条赛道现在已经很拥挤了🤣🤣🤣
207460,3464,俞彬,2024-12-22 03:42:14,6,18,12,浙大版张维为，司马南，金灿荣，胡锡进
207642,3464,俞彬,2024-12-23 12:02:08,-3,13,16,神人老师了又有品又有梗教的又好又轻松
208537,3464,俞彬,2025-01-11 14:18:45,-1,16,17,ybgg都有人黑？我也是服了……\n\n我觉得真蛮好的，不点名，体谅同学，作业超少，有梗有料\n\n拿了71的那个，可能你写了西方经济学的内容吧？这节毕竟是政经，写到那种什么西方经济学理论&模型的论文都不会高的\n\n最近这几个恶评很难不怀疑是同一个拿了差分数的梗小鬼在这乱喷…………\n\n咋了，周&邓也都留过法嘞，Marx本人不也是外国人吗？留个学、发个别的领域的论文就是虚伪、就是既得利益者啦？真是脑子有病！这种二极管哪一天才能死一死啊\n\n还把前几个评论都点踩（大家往前翻翻，有段时间就只有那某几条恶评是正风评的，其他正常的说老师好的全被人刷成负风评了）、自己乱喷的评论都点up，你生活也太不如意了吧，差这么点分数就开始像疯狗一样乱咬了？那看来考上浙大真是辛苦你了，毕竟这是你今后人生唯一的高光了\n\n\n\n选就对了（笑死了，隔一天来看风评都下降1，666演都不带演的）
210177,3464,俞彬,2025-01-08 09:51:14,-1,13,14,可爱的鱼饼老师~~
210411,3464,俞彬,2025-01-09 06:22:21,0,16,16,继sdk之后又一位明显过誉的老师
213685,3464,俞彬,2025-01-19 06:40:46,-2,7,9,守护世界上最好的鱼饼🍥
213687,3464,俞彬,2025-01-19 06:46:15,-7,6,13,赞美老师的几个评论怎么突然多出来一群踩啊，你说是吧水军们
213724,3464,俞彬,2025-01-19 09:21:35,-6,3,9,俞彬哥哥特别好！给俞彬哥哥打10分！
214031,3464,俞彬,2025-01-23 05:03:21,7,9,2,之前看到底下有人刷差评还未ybgg感到冤枉，结果出分下来只有3.3，我去私信戳了ybgg他说还要帮我看看后也没有下文了，也许我真没有学经济学的天赋吧，话说我不是经院的这个绩点能影响到保研吗？🤔
214038,3464,俞彬,2025-01-23 06:09:08,-6,2,8,俞彬老师的证券投资研究真的是我上过最有好的课，上课生动有趣，结合实事，不点名，没作业，结课作业是 小论文（1000字）+ 3分钟演讲ppt。如果有可能，愿意上一辈子他的课哈哈哈
214831,3464,俞彬,2025-02-18 06:34:20,1,3,2,那个学期上得最开心最舒服的一门课，特别有趣！深入浅出！男神不必多言，学到就是赚到，精神状态像00后。\n\n【政治经济学】只有几个小作业和一篇结课论文，给分很好很好
215813,3464,俞彬,2025-03-05 16:37:13,1,1,0,这门课到底给分怎么样啊？怎么评论区两极分化，这个老师真的很烂吗？😨
216724,3464,俞彬,2025-03-22 17:09:36,2,2,0,评论区两极分化是这一两年专业课输入高分有限制，也不能全部挤在89，之前给分都是很好的。
216794,3464,俞彬,2025-03-25 21:20:50,1,2,1,很少老师能让我整节课不玩手机停下来的
17302,3610,余绍忠,2016-01-20 04:06:04,-2,2,4,好坑爹。。
19330,3610,余绍忠,2018-11-06 01:00:28,-1,3,4,恶心透顶
35220,3610,余绍忠,2016-11-06 14:07:07,-2,2,4,累觉不爱
35509,3610,余绍忠,2017-11-17 23:35:14,0,6,6,老师虽然严格，但很好
36035,3610,余绍忠,2016-11-10 10:29:00,6,7,1,明天要考了…好慌……
37729,3610,余绍忠,2016-11-20 12:21:05,11,12,1,金融法我过了！！！妈妈我过了呜呜呜呜喜极而泣
63216,3610,余绍忠,2017-11-29 08:14:36,6,6,0,每节课都靠点名留住学生…威胁我们要挂科…
87863,3610,余绍忠,2018-10-16 05:51:56,8,8,0,第一节课就说ppt坏了放不出来，开学第五周了还坚持着没有ppt，真厉害…
88951,3610,余绍忠,2018-11-12 13:08:20,5,5,0,2017年上这个课的时候老师ppt是坏的，2018听说又坏了
88962,3610,余绍忠,2018-11-12 23:41:32,0,0,0,给老师打个10分，我只求不挂科
88975,3610,余绍忠,2018-11-13 03:58:23,1,1,0,大哥们。 我知道很多人明天就考试了，所以大家有回忆卷什么的嘛，这门课背不完啊啊啊啊啊啊，抵押质押留置个鸡儿
90003,3610,余绍忠,2018-11-21 14:05:38,-5,0,5,给分不错
90007,3610,余绍忠,2018-11-21 14:16:47,-1,0,1,讲课非常棒！好评！老师特别好。。
90142,3610,余绍忠,2018-11-22 08:06:45,3,3,0,请问各位大佬都多少分啊，舍友二专3.3说自己倒数第一附近了，正跪在床上捶墙
90158,3610,余绍忠,2018-11-22 08:58:19,6,6,0,学习帝的均分假的吧？？
90764,3610,余绍忠,2018-11-26 01:23:04,1,1,0,给分不太好 学到很多
101125,3610,余绍忠,2019-01-27 15:07:29,0,0,0,从开学一直说要点名 结果到最后一节课都没点 然后把考试分占比拉上去了\n\n给分也太差了吧 我不觉得我考试答案只能拿这个分数……
36605,3643,夏海舟,2016-11-15 04:50:40,3,4,1,比较水⋯⋯老师人很老实
37004,3643,夏海舟,2016-11-17 05:07:14,-3,0,3,...
37080,3643,夏海舟,2016-11-17 09:21:30,5,7,2,讲课一般！给分超级差！会推荐几只股票！
37137,3643,夏海舟,2018-11-19 01:19:56,4,6,2,给分扣死了 写了那么多 给分低的要死
37138,3643,夏海舟,2016-11-17 14:17:45,14,14,0,知识没记住，只记得每天打开同花顺
37187,3643,夏海舟,2016-11-18 00:52:26,1,3,2,但是老师的投资理念和负责态度一流。非常敬业。
37244,3643,夏海舟,2016-11-18 04:06:17,5,5,0,上课不听没事\n\n但是会给分不太好。就看两个作业.
63451,3643,夏海舟,2017-12-04 10:12:22,0,2,2,给分真的差
63452,3643,夏海舟,2017-12-04 10:25:25,0,2,2,给分让人一度怀疑人生
63468,3643,夏海舟,2017-12-04 16:09:01,3,3,0,上课有点干，真的大佬，投资理念一流，有自己的思想逻辑，给分还说得过去吧，有点卡档
67921,3643,夏海舟,2018-01-22 10:12:50,0,2,2,给分神坑
73731,3643,夏海舟,2018-02-03 04:51:10,-1,1,2,讲课不怎么样，给分我TM。。。
96830,3643,夏海舟,2019-01-21 10:48:55,2,3,1,老师厉害
96850,3643,夏海舟,2019-01-21 10:43:11,0,4,4,3.6哭了
97142,3643,夏海舟,2019-01-21 18:06:25,3,3,0,老师人很好 即使结课了微信群也在营业 每天会发很多相关阅读链接 但讲课确实一般～要认真听才能听得进去很容易走神\n\n给分还行 但个人感觉类似于专业课标准了\n\n两个大作业要质量高一点才能拿高分 对于作业质量比较严格 但是个好老师!
142208,3643,夏海舟,2021-11-08 12:27:18,0,0,0,话说老师最近有推荐股票吗
153589,3643,夏海舟,2022-05-05 09:42:05,1,2,1,夏老师讲课需要认真听，全都是朴实无华的赚钱技巧啊。
198802,3643,夏海舟,2024-09-11 23:24:47,0,0,0,退休快乐
21685,3668,邬介然,2016-02-29 15:31:01,5,7,2,很好～～～～～
22190,3668,邬介然,2019-06-28 06:59:37,14,15,1,上课不点名and 你们不用放心233333
22616,3668,邬介然,2016-03-09 01:11:57,10,13,3,好好好
23173,3668,邬介然,2016-03-21 03:34:59,8,10,2,老是爱踢足球爱运动
23822,3668,邬介然,2016-04-18 05:48:35,52,62,10,我还以为老师是数学系的
23994,3668,邬介然,2016-04-24 15:48:39,4,6,2,好宝宝
25876,3668,邬介然,2016-06-21 03:35:51,11,14,3,特别爱穿米老鼠的衣服哈哈哈男神老师！！
26718,3668,邬介然,2016-07-04 01:42:48,21,29,8,老师超级棒的 期末还会给考试范围 很详细地范围 人也萌萌哒
26719,3668,邬介然,2016-06-21 03:23:19,19,25,6,老师第一节课看到我一脸懵逼下课还特地问我哪里没听懂！期末考试范围给的不能再具体了！满分！
26720,3668,邬介然,2016-06-21 03:24:59,8,8,0,哈哈哈哈超级萌
26721,3668,邬介然,2016-06-21 03:25:34,5,6,1,老师萌萌哒！
26724,3668,邬介然,2016-06-21 03:28:12,11,14,3,很好的老师 不论是授课还是考试复习 而且长得有点像米老鼠 巨萌
26735,3668,邬介然,2016-06-21 04:02:56,5,7,2,very good~实力给满分~
26736,3668,邬介然,2016-06-21 04:03:40,5,6,1,可萌可萌的老师
26743,3668,邬介然,2017-03-29 11:40:05,4,7,3,米老鼠老师 给分也好呀
26744,3668,邬介然,2016-06-21 04:36:22,5,7,2,老师男神 不能太帅
26745,3668,邬介然,2016-06-21 04:38:37,5,6,1,老师我爱你！
26750,3668,邬介然,2016-06-21 04:46:25,5,6,1,真心好老师！
26753,3668,邬介然,2016-06-21 04:48:34,5,8,3,老师我给了您十分，我是周一下午雷锋??
26757,3668,邬介然,2016-06-21 05:07:53,5,5,0,专业且热情，萌萌哒。
26758,3668,邬介然,2016-06-21 05:07:54,5,7,2,选了就不会后悔！
26765,3668,邬介然,2016-06-21 05:13:17,4,6,2,虽然不懂，但很享受\n\n
26766,3668,邬介然,2019-06-17 05:18:19,4,8,4,老师可萌了！\n\n
26767,3668,邬介然,2016-06-21 05:19:02,4,6,2,老师巨可爱 人敲好
26769,3668,邬介然,2016-06-21 05:26:02,4,5,1,哈哈哈哈，数学课~不过人超棒！！！
26771,3668,邬介然,2016-06-21 05:38:07,4,6,2,简直不能更棒了！
26778,3668,邬介然,2016-06-21 05:51:49,4,6,2,上课很体贴，萌萌萌萌~
26896,3668,邬介然,2016-06-21 13:48:47,36,45,9,我相信整个班的同学都愿意选他当经院院长
27046,3668,邬介然,2016-06-22 12:03:25,4,5,1,讲课很好人也很有趣！
27056,3668,邬介然,2016-06-22 13:19:40,3,7,4,其实，感觉老师去交数学也许会更好，但是对学生很上心，每次都会问后排同学听没听懂，哈哈。
27115,3668,邬介然,2016-06-23 03:55:40,4,4,0,好好好
27812,3668,邬介然,2016-06-27 16:23:31,4,4,0,前排表白?
31304,3668,邬介然,2016-07-03 15:19:42,0,1,1,老师很好啦
31346,3668,邬介然,2016-07-03 16:54:10,0,1,1,真的很好
31353,3668,邬介然,2016-07-03 17:06:49,-1,4,5,真的太好啦！！！给分也超棒 想说是目前为止遇到的浙大最好的老师！
31357,3668,邬介然,2016-07-03 17:14:03,0,3,3,讲课很棒 会不停地提出问题引导大家思考 给分也超棒 上课从来不点名 全凭个人魅力!
31359,3668,邬介然,2016-07-03 17:15:57,-1,1,2,老师讲的好，人好，给分好，点个大赞！
31365,3668,邬介然,2016-07-03 17:32:36,-1,0,1,靠谱的老师
31369,3668,邬介然,2016-07-03 18:20:09,4,5,1,巨棒，给分好的没话说，萌的一脸血。
31382,3668,邬介然,2016-07-03 23:44:45,-1,0,1,敲棒的！
31392,3668,邬介然,2016-07-04 00:07:11,-1,0,1,特别nice\n\n
31393,3668,邬介然,2016-07-04 00:08:12,0,1,1,很幸运是个好老师
31395,3668,邬介然,2016-07-04 00:20:43,-1,1,2,老师真的太好了！讲得好人又好！连续表白啊！
31398,3668,邬介然,2016-07-04 00:30:40,-1,1,2,萌萌的老师，给分也很好
31399,3668,邬介然,2016-07-04 00:36:25,-1,0,1,超级棒！
31419,3668,邬介然,2016-07-04 01:43:25,-3,0,3,非常棒！
31549,3668,邬介然,2016-07-04 06:35:05,0,1,1,真心好老师！太赞
32646,3668,邬介然,2016-07-08 14:56:33,4,6,2,求邬老师给100分。来自一位学渣
33691,3668,邬介然,2016-09-21 05:45:32,5,12,7,没有论文！全是考试构成成绩！！对文科生太不友好了啊啊啊啊！！
35115,3668,邬介然,2017-01-20 10:14:03,-2,3,5,可爱 大气 真正爱学术\n\n大写的男神
38431,3668,邬介然,2016-12-05 02:46:42,4,5,1,很像旺仔啊！
41007,3668,邬介然,2017-01-08 02:09:05,-1,7,8,不喜欢这个老师，宏观一副不想上课的样子…
41024,3668,邬介然,2017-01-08 10:16:29,5,6,1,弗吉尼亚大学的博士，上课喜欢偶尔来几句英文^_^ 教得挺好，但是粉笔字实在是太浅了坐后排基本看不到
41048,3668,邬介然,2017-01-08 16:44:09,-1,2,3,每周最期待的就是宏经课
43005,3668,邬介然,2017-01-15 14:44:34,-2,2,4,好喜欢老师~又萌又体贴，跟某些老师比起来真是超赞！！！
47698,3668,邬介然,2017-02-19 01:48:47,1,2,1,思路清晰，着重引导学生思考，重点是他数学很好啊有没有！！！
49212,3668,邬介然,2017-03-29 14:27:39,0,2,2,真的很好！讲课有新意，干货多多，很喜欢！给分也好~感谢！
49228,3668,邬介然,2017-07-28 11:15:58,-3,2,5,老师超萌～宏经课上喜欢算数学讲英文?人很nice～年轻的海龟博士～上课有时候会分享八卦趣事?\n\n宏经平时有小测，有期中考，考得很灵活，不过他总说很简单?不过我感觉好像没那么简单哇，答不太好～他说会帮我们调分，看班级的情况，按比例分配2333期末成绩会有正态分布～最后给分很好啦～还是很感谢乌鸡老师哇～
49607,3668,邬介然,2017-04-20 07:13:37,3,6,3,虽然授课水平在经院算高的，但再怎么样也不能8次课迟到5次啊……
49921,3668,邬介然,2017-04-27 07:41:16,-3,2,5,不错的老师\n\n
57685,3668,邬介然,2017-07-12 12:21:30,-1,3,4,很好的老师，只是我真的不懂数学
86743,3668,邬介然,2018-09-18 08:45:15,-3,1,4,有收获
91317,3668,邬介然,2018-12-05 13:52:53,0,3,3,天才来教凡人了
93342,3668,邬介然,2019-01-09 05:35:29,1,2,1,老师真的好！
93443,3668,邬介然,2019-01-09 15:18:00,0,2,2,邬大哥上课要喝麦斯威，萌出一脸血！别问我咋知道！邬大哥，米奇大哥啊！
95211,3668,邬介然,2019-01-19 05:06:41,4,5,1,老师真的很好！讲的也很好，英语很好，数学很好hhhh反正真的是个好老师
96030,3668,邬介然,2019-01-20 11:41:55,26,32,6,邬老师确实有点东西的。王义中对他评价极高:（在办公室里穿着拖鞋很随意）一看就有做学术的感觉。当然，从我一个学生的角度，上了经院这么多课了，对比还是很强烈的。简单来说，在金融学本科生非公司金融相关课程里，邬老师的学术能力+教学水平+敬业程度综合来说可以排前二。为什么不能直接排第一呢？因为我没有上过所有经院老师的课，话不能说太满，我是一个严谨的人。我觉得邬老师就是浙大经院的pricing kernel，在这个incomplete market中成为我（们）的指明灯的存在。你来浙大对学生是件好事。
99667,3668,邬介然,2019-01-25 04:46:07,1,5,4,向全世界推荐邬介然，我想跟他拜把子（不我不配
99684,3668,邬介然,2019-01-25 05:02:37,0,4,4,老师的英语表述很清楚！上课内容稍微有一点难，但是老师可爱是王道！
99790,3668,邬介然,2019-01-25 07:31:42,-2,4,6,一句话，给10分我嫌少。
99909,3668,邬介然,2019-01-25 09:27:04,-3,4,7,不说了  为什么查老师没有100分？我想全给他
101282,3668,邬介然,2019-01-28 03:17:29,-1,5,6,资产定价很难，但是听老师讲课超级享受～非常风趣，深入浅出，而且老师给分太太太良心了！想给老师打一百分！
101445,3668,邬介然,2019-01-28 08:15:28,-1,6,7,溢美之词不用多提，邬老师真的很棒。经院这两年引进的一批新老师学术水平普遍很高，对学生来说真的是件好事。
101518,3668,邬介然,2019-01-28 10:44:13,-7,4,11,不多说了，想嫁！
102017,3668,邬介然,2019-01-30 04:05:41,-10,2,12,邬老师绝对是男神！！！！
102970,3668,邬介然,2019-02-25 07:01:10,-5,1,6,666
106725,3668,邬介然,2019-06-28 06:59:53,7,16,9,说好把要把书的电子版传到群里 也没传\n\n说好有作业要传到群里 也没传\n\n助教收发作业也不及时，为了中宏已经用了四本作业本了，没时间当助教就别当了，去参加您的好声音吧
107978,3668,邬介然,2019-05-12 14:22:11,9,11,2,重视数理
108086,3668,邬介然,2019-05-14 10:17:12,-5,12,17,去死吧，这种不付责任的垃圾
108194,3668,邬介然,2019-05-16 06:23:16,7,12,5,越来越不负责任了！
108219,3668,邬介然,2019-05-16 16:06:54,8,17,9,中宏上得没那么好
109514,3668,邬介然,2019-06-16 06:55:44,19,27,8,第一次评价一位老师，中宏最为一门比较难的数理课却从不讲重点，对一个知识点的拓展有许多，黑板上写的大家看不懂的学术知识也挺多，讲着讲着就讲歪了的时候也很多，跟学生互动提的问题很多，但他想要的答案学生们都给不了，上一节课能从阶梯教室的最前面走到最后面绕一圈再回去，有时候真的听不清。本以为是自己的问题，但是蹭了隔壁老师的中宏之后我只想说，邬老师您还是继续回办公室做学术研究吧。
109991,3668,邬介然,2019-06-21 03:21:19,0,8,8,浙大有这种不负责任的老师，我是醉了，讲的一塌糊涂，感觉前面的人评价过了，这种老师对学生很冷漠基本不回答学生问题，上课不太想上，他那个助教到还可爱友善，形成鲜明对比
110177,3668,邬介然,2019-06-24 08:07:32,3,3,0,中宏 随缘吧
110385,3668,邬介然,2019-06-26 08:25:37,3,4,1,老师，多给点分吧
110506,3668,邬介然,2019-06-27 07:47:26,1,2,1,老师 求你多给点分吧
113084,3668,邬介然,2019-07-05 22:56:08,2,5,3,我觉得老师很好啊，有些人评价的怕是有些过了。人挺可爱的，而且给分是真得好。
113099,3668,邬介然,2019-07-05 23:22:02,11,20,9,虽然给分好，但是我只能给他打5分。选何樟勇的，真的不要选他的，上课什么都不讲，只是念PPT，然后讲点特别深奥以至于大二的学生根本没法儿懂的知识。中微是亮哥上的，亮哥上课会把每一道例题，每一个步骤都在黑板上一步一步演算，邬老师倒好，上课几乎不给推导，说我们应该都会了，最后提前4周讲完课。。。都会了还要您干嘛？
113141,3668,邬介然,2019-07-06 00:16:19,3,5,2,给分好到感动哭?
113267,3668,邬介然,2019-07-06 03:25:45,25,28,3,经院为数不多的良心好老师，10分没什么可说的，感谢邬老师！资产定价和中宏都不会难为人，相比经院某些其他老师不知道好了多少。\n\n另外，感谢可爱的助教，人好还帅，作业忘交都会尽力帮忙解决，这么好的男神上哪里找？助教哥哥参加个好声音活动都能被某些人拿出来说，也不知道这种人心理有多阴暗，见不得别人好？\n\n最后，强力推荐邬老师和助教哥哥，希望他们以后上经院所有的课！
116076,3668,邬介然,2019-09-03 01:50:42,-18,6,24,恶心，完全不想上课的一种态度，傲慢得不得了。。。
116361,3668,邬介然,2019-09-09 14:50:23,9,9,0,老师超级好！很可爱啊！讲课也很棒啊，能感觉到是真的很厉害很有水平的一个老师~
140169,3668,邬介然,2021-09-02 06:10:53,32,33,1,祝贺老师 Econometrica Forthcoming!
150260,3668,邬介然,2022-01-21 03:58:02,23,24,1,水平真高！浙大经院应该多引进这样的老师！这样不出5年就能国内一流
150748,3668,邬介然,2022-02-16 16:02:06,19,20,1,邬老师带你感受美式课堂hhhhh，老师的水平不是我能评价的，能发五大刊的实力的老师在浙大经院也没几个吧，上课难度大，真的是获取知识的享受（在能听懂数理推导的情况下），老师很随和，翘课也不会抓你
150814,3668,邬介然,2022-02-19 02:25:41,26,27,1,只求浙大经院全力引进这样的学者！！！如果每个研究分支都有这样的牛人，浙大经济学就无敌了。
158961,3668,邬介然,2022-07-04 03:47:43,2,2,0,太强了！！！
167948,3668,邬介然,2023-01-31 09:28:38,4,5,1,前期课程体验很好，后期转线上以后开始朗读者模式，期末感觉也没有很捞，基本上以考试分数为主
174049,3668,邬介然,2023-06-06 02:41:05,6,6,0,快逃！！！中宏前期还行，后面就只是他自娱自乐高速读全英复杂ppt的活动了。丝毫听不懂，考试炸了一点也不捞
175007,3668,邬介然,2023-06-21 03:01:49,4,5,1,老师人很好，但不适合菜鸡
185557,3668,邬介然,2024-01-02 06:58:37,4,4,0,课好难，听不懂，想哭T_T
185558,3668,邬介然,2024-01-02 06:58:37,3,3,0,课好难，听不懂，想哭T_T
185628,3668,邬介然,2024-01-03 06:05:59,15,15,0,好崩溃。。。。我现在啥也不会，中宏要挂了草
186005,3668,邬介然,2024-01-07 12:41:26,9,9,0,求求你了上课能不能用话筒
186226,3668,邬介然,2024-01-09 15:33:45,10,10,0,打个十分，哥真别挂我，大四了
186537,3668,邬介然,2024-01-11 14:24:16,5,5,0,男神求不要挂我。。。QAQ
186936,3668,邬介然,2024-01-13 16:12:02,5,5,0,邬老师别挂我，大四伤不起啊
188913,3668,邬介然,2024-01-20 14:25:53,7,7,0,出分了，捞中捞，海底捞
188922,3668,邬介然,2024-01-20 16:01:37,6,6,0,经院的顶级大牛老师～
188925,3668,邬介然,2024-01-20 16:13:59,2,2,0,满昏！！！谢谢老师和助教照顾大四学生
188928,3668,邬介然,2024-01-20 16:19:37,4,4,0,神打捞手，wjr是我的神
197341,3668,邬介然,2024-07-11 05:19:24,1,1,0,虽然资产定价的难度很大，但是期末会划重点，然后考试基本上是抽取里面的推导证明，最后我的感觉是被大捞了，满满的感动，老师真好，上课质量也是杠杠滴😭
208903,3668,邬介然,2025-01-03 08:52:17,3,4,1,邬老师人挺好，但我还是要问下学院，大四上这么难的课，对90%未来不做学术的同学来说，是不是在浪费时间，有什么用吗？
209307,3668,邬介然,2025-01-05 11:28:50,3,3,0,好崩溃。。。。我现在也啥都不会，中宏要挂了草
209487,3668,邬介然,2025-01-06 05:23:28,1,1,0,有一次纸质签到，以及捞捞我QAQ爹！
209984,3668,邬介然,2025-01-07 21:27:10,1,1,0,邬是很牛的人。不过资产定价是硕博课程不适合放在本科，以后改成个性课程了
209985,3668,邬介然,2025-01-07 22:22:11,1,1,0,资产定价捞捞我老师
213925,3668,邬介然,2025-01-21 11:58:05,1,1,0,先给邬神打十分求捞资产定价T-T\n\n补天的时候听智云发现老师的讲课思路还是挺清晰的，每节课开始都会复习之前学过的内容，但就是有不少时候讲课的时候不拿话筒导致智云上听得不太清楚（甚至直接没开话筒...），最后一节课的重点真的非常重要，几个必考的点包括完备市场的证明、定价核、LOOP NA NSA的关系啥的重点（还有些忘记了）看起来每年都会考，今年考的重点在前五章应该是。\n\n今年应该是点了两次名，都是纸质签到，在第一节课和最后一节课（不算最后补课那节）传纸签名和学号。\n\n总的感觉上这课有点像中宏和金融计量模型的结合体，数学推导起来挺爽了，但是最后考试还是不太会做...只能求邬神大捞特捞我了T-T
213977,3668,邬介然,2025-01-22 10:07:49,4,4,0,邬老师上课的时候中英夹杂，有博学者的风范。坐标中宏，上课内容比较难，尤其是DP和RBC的部分。考试十分照顾学生，最后给分不错，闭眼选！
213982,3668,邬介然,2025-01-22 11:24:24,3,3,0,中宏，课难，老师学术水平很高，会把中文课上成英文课，经济课上成数学课，美式课堂hhh。考试也不会，但最后给分好，本人感觉考试空了一堆以为炸了但被捞到4.5。顺便说一句，期末分数是赋分的不是绝对分数。
213984,3668,邬介然,2025-01-22 11:35:36,3,3,0,古浙大掌管给分的神
214106,3668,邬介然,2025-01-24 08:40:49,1,1,0,邬 sir 上课我会打 8 分，但是给分必须 12 分好评（就是满分好老师）\n\n老师平时其实很讨厌签到的（自己淋过雨不撕别人伞的好老师啊）这次中宏只不过是没时间布置作业+课堂上人一直来的很少就把纸质签到当成一次作业了🥲
215236,3668,邬介然,2025-02-25 02:01:04,0,0,0,老师说不会点名and你们不用放心hhh
33576,3680,贲圣林,2016-09-20 07:00:41,-1,1,2,红红火火
59920,3680,贲圣林,2017-09-28 07:33:53,0,3,3,中国JPMorgan行长，别的就不说啥了
66758,3680,贲圣林,2018-01-19 01:30:49,1,1,0,???
91531,3680,贲圣林,2018-12-12 15:58:31,3,11,8,作为一个管理学院的老师，还是财会系的主任，不给本科生上课，不做事情，只会做广告搞噱头。大批量博士不能毕业，研究生廉价帮他的研究院赚钱写书，不给管院本科生上课，不做研究。这样的人为什么可以是教授？极其浮夸了！！所谓摩根大通大中华区行长，先查一下摩根大通在中国有没有经营业务在评价，以及职业生涯里是不是有unethical！学校有没有领导查一下！
124405,3680,贲圣林,2020-06-30 10:13:47,-3,0,3,偶像级教授，赞👍
128175,3680,贲圣林,2020-12-10 04:18:45,1,4,3,喜欢点名和打广告
80235,3864,费盛康,2018-06-22 08:58:25,3,8,5,上课不知所云  作业贼多，每周二三十道题的那种  真的赶不上进度  无力吐槽了  建议选个好点的老师吧
82054,3864,费盛康,2018-07-07 03:17:05,4,7,3,em……
82718,3864,费盛康,2018-07-09 04:17:04,-3,1,4,打破零评分零评论惨案
85432,3864,费盛康,2018-07-24 05:55:33,4,7,3,呵呵哒
85455,3864,费盛康,2018-07-18 04:29:02,3,5,2,考完十天了怎么还不出分啊给个痛快吧啊啊啊
85649,3864,费盛康,2018-07-24 05:21:32,3,8,5,很不负责任了……上课随意给分随意……心思既然不在教书上误人子弟干嘛？
85650,3864,费盛康,2018-07-24 10:25:48,5,8,3,emmmm
85651,3864,费盛康,2018-07-24 06:08:45,6,11,5,误人子弟，太差了
85652,3864,费盛康,2018-07-24 06:11:01,3,7,4,果然，付出最多，回报最低
85654,3864,费盛康,2018-07-24 06:59:18,5,11,6,费老师本身是一位商业人士，教师并不是他的主业，所以上课会给大家带来很多实务上的见解，不局限于书本知识，他对学生其实很好，很耐心的为每位学生搭桥铺路，还会请每位同学吃饭。就学习书本知识而言，ppt都要认真看，课后习题好好做，小测认真对待，其实给分很好的。平心而论费老师是一位好老师，一种亦师亦友的感觉。可能我不是那种很外向很open的人，平时不太跟老师聊天，如果你们有机会多和老师聊聊，相信会受益匪浅，学到很多书本上学不到的东西。
85657,3864,费盛康,2018-07-24 08:02:14,3,10,7,就个人来看吧，费老师的课程架构安排是非常不错的，他不是具体地讲一个个科目的设置原因及怎么处理，而是在讲做分录的体系，which means讲的是会计的框架和结构，但这么讲有一点不好就是没有基础的人听起来真的真的很费劲，并且课程内容是介绍美国会计准则GAAP，这对于没接触过中文会计的人来说可能上手会难一些，所以，上费老师的课还是最好有一定会计基础(比如上过初会)，费老师的课更像是一种升华，而不是基础概念的介绍，如果你上过初会，费老师的课认真听下来会让你有一种————噢，会计原来是这样有体系的一门学科的感觉，但如果没上过可能就需要一番恶补，很难受…最后，个人来看，学点GAAP也挺好的，多元嘛hhh
85659,3864,费盛康,2018-07-24 10:58:05,0,7,7,个人感受，从费老师的课上，获益匪浅，并不是指GPA。费老师的课，如果是有一定的基础，至少初级会计学能够基本掌握，那些科目能理解是什么意思，去听了他的课，会发现把原来零零散散的东西整理成一个框架结构式的知识，形成一个整体的那种感觉。再加上课上讲了很多实务的内容，更加深了理解。就像费老师说过，有的人上过他的课，会计的知识就“永生难忘”这个道理。我不知道贵金试和贵交叉学子是否去听过普通班的中财，那样的课真的是无语，相当于把一本会计书背下来成绩就很高，但是到头来我不知道能掌握多少。金融的课本来就很多要自学，if课本上有的东西还全都要老师讲，那要这个课来何用？个人感觉金融的课需要老师的地方，是帮助自己把对这个课零零散散的理解整理成一种结构性的知识，亦或是增加更多课本上没有or实务的内容。
85661,3864,费盛康,2018-07-24 11:44:39,0,4,4,说白了就是给分没有想象中的好
86503,3864,费盛康,2018-09-17 02:45:36,-7,1,8,认真就能满绩，自己学的怎样自己没点b数吗，别人学的怎么样自己没点b数吗
86597,3864,费盛康,2018-09-17 11:35:35,-2,0,2,老师的课不仅仅是学会计知识的，我个人觉得学习他丰富的社会经验比较有意思
72527,4096,葛嬴,2018-01-30 09:55:08,32,35,3,一个字，帅！！！超级帅，经院第一帅，靠颜值就可以让我不走神。可惜只上半学期的国际贸易学，要是能多开课就好了。
72529,4096,葛嬴,2018-01-30 09:44:44,25,27,2,别的不多说！就是帅炸了好吗！我们整个寝室都是葛主任的迷妹。上课吃他颜可以吃三节课……
74658,4096,葛嬴,2018-04-03 02:50:30,11,11,0,帅！！
75807,4096,葛嬴,2018-03-19 02:28:17,12,12,0,老师很帅！有才华！
76033,4096,葛嬴,2018-03-25 09:00:55,38,40,2,感恩葛老师又来上中级国贸了！
76475,4096,葛嬴,2018-04-10 12:41:42,10,10,0,收获多多，只是压力有些大，感觉自己太菜了。
77138,4096,葛嬴,2018-07-03 08:42:04,4,5,1,老师真的帅，哈哈
77578,4096,葛嬴,2018-05-06 15:10:29,11,11,0,老师超级睿智啊，中级国贸有葛老师也太幸福了叭!
79020,4096,葛嬴,2018-05-21 02:11:18,8,8,0,老师好帅，课讲得也很好
79119,4096,葛嬴,2018-05-23 11:33:24,7,7,0,真的帅，也和蔼
86699,4096,葛嬴,2018-09-18 04:57:40,1,2,1,老师很帅呀。哈哈哈
90832,4096,葛嬴,2018-11-26 11:10:28,2,3,1,老师很帅
91568,4096,葛嬴,2019-03-02 16:11:36,8,8,0,评论都怎么回事hhhhhhhh
92512,4096,葛嬴,2019-01-01 13:12:48,10,10,0,葛老师的课是视听盛宴吧( ᵒ̴̶̷̥́ωᵒ̴̶̷̣̥̀ )吹爆葛老师
92513,4096,葛嬴,2019-01-01 13:13:55,1,3,2,好的体验
104492,4096,葛嬴,2019-03-21 13:57:30,8,8,0,太帅了！！！
105426,4096,葛嬴,2019-04-12 15:50:49,5,5,0,温柔如水
106173,4096,葛嬴,2019-04-25 12:03:57,3,3,0,太棒了
106318,4096,葛嬴,2019-04-26 10:11:30,3,3,0,非常开阔视野
107623,4096,葛嬴,2019-05-07 23:13:35,1,2,1,知识面丰富
107765,4096,葛嬴,2019-05-09 10:51:44,12,12,0,对外经贸的海归高材生，有水平
107797,4096,葛嬴,2019-05-10 01:29:35,2,2,0,非常好
107847,4096,葛嬴,2019-05-10 11:09:12,1,1,0,太帅了！
107881,4096,葛嬴,2019-05-11 00:20:55,2,2,0,有深度
107888,4096,葛嬴,2019-05-11 00:28:16,2,2,0,非常享受
107934,4096,葛嬴,2019-05-12 01:59:42,3,4,1,学术水平很高
107958,4096,葛嬴,2019-05-12 10:05:08,2,2,0,非常有知识面
107973,4096,葛嬴,2019-05-12 14:16:43,3,3,0,讲了很多拓展的东西
108002,4096,葛嬴,2019-05-12 23:57:35,7,7,0,经院最好的老师之一
108057,4096,葛嬴,2019-05-14 02:25:42,3,3,0,帅呆了！
108152,4096,葛嬴,2019-05-15 16:30:40,4,4,0,必须给10分
108235,4096,葛嬴,2019-05-17 01:52:12,6,6,0,好好好！
108524,4096,葛嬴,2019-05-29 07:11:55,14,14,0,葛老师，请停止散发魅力吧
110362,4096,葛嬴,2019-06-26 04:24:57,8,8,0,一个字 帅 就完事了
113310,4096,葛嬴,2019-07-06 05:25:21,4,4,0,感觉老师每次讲完一句话都加个“right？”好魔性好可爱hhhh
113765,4096,葛嬴,2019-07-07 10:32:31,7,7,0,始于颜值，终于才华⁄(⁄ ⁄ ⁄ω⁄ ⁄ ⁄)⁄
114550,4096,葛嬴,2019-07-10 14:46:18,7,7,0,帅帅帅
123079,4096,葛嬴,2020-05-08 16:16:56,8,8,0,很儒雅
131246,4096,葛嬴,2021-01-26 23:08:36,9,9,0,反正我是葛老师的迷妹了！上了国贸，葛老师特别照顾辅修的同学，讲得很细，也很容易懂。英语发音还巨好听！
141268,4096,葛嬴,2021-09-28 01:50:13,11,11,0,葛老师yyds，学术水平高，且温柔和蔼。我一定好好听葛老师的课
144841,4096,葛嬴,2021-12-25 05:49:17,15,16,1,老师国际期刊发表水平很高
165825,4096,葛嬴,2023-01-10 03:19:17,5,6,1,学术水平高，上课也很好，写的很差也不会批评而是耐心指出问题和建议，全班课后一起聚餐非常愉快
191470,4096,葛嬴,2024-04-23 08:55:34,2,2,0,中级国贸指导写开题很用心
199979,4096,葛嬴,2024-10-10 06:01:33,5,5,0,给葛老师打10分，是因为满分只有10分。
210417,4096,葛嬴,2025-01-09 06:40:50,3,3,0,男神！国贸满了过来还愿！讲课逻辑超清楚！直接看ppt都看得懂
217152,4126,李由,2025-04-02 14:06:53,-1,1,2,一个职业生涯访谈的作业，你又要职业分析，又要对标人物分析，上课轻轻带过，没有任何样板，上课尬的不行。避雷 ！
72812,4130,翁国民,2018-02-05 07:17:25,2,14,12,从未遇见过点名如此疯狂给分如此坑的专业课老师
73289,4130,翁国民,2018-02-01 09:29:13,-2,3,5,我.....我只能说还好我是辅修 感觉啥也没学到\n\n
73887,4130,翁国民,2018-02-03 10:32:30,0,4,4,每节课随机点名，不如隔壁周黎明
74151,4130,翁国民,2018-02-05 23:19:12,-2,3,5,建议理工科想来混个性同学不要选。原本以为会很水，平时也没作业，然而考试贼鸡儿难，不好好复习的话只能低分
88576,4130,翁国民,2018-11-02 02:25:30,9,11,2,老师认真的很好，很认真。作为一个计院的来修个性的学生，万分惭愧
101325,4130,翁国民,2019-01-28 04:23:05,0,6,6,疯狂点名
109442,4130,翁国民,2019-06-14 12:37:19,-31,5,36,垃圾老师，浙大怎么会有你这样的败类
122350,4130,翁国民,2020-02-25 02:59:02,6,8,2,真的好老师！！！一定要认真听！！没作业只要考试，事少。但是每节课都点名
133489,4130,翁国民,2021-03-01 07:54:19,4,6,2,很认真的老师，作为工科来混个性的学生，感觉事情真的很少，没作业，虽然上课会经常点名回答问题，但感觉也是很无奈的事情，这学期到课学生很少，不知道是线上太多了还是很多没有来，每次来上课都感觉很尴尬。期末开卷，不难，考前没看过书只要手速够快还是能基本写完。
133780,4130,翁国民,2021-03-05 05:14:20,6,11,5,老师很认真负责！上课点名是因为20年秋冬学期上课来的人真的太少了，每次都替老师暗暗尴尬qaq，但是真的是好老师！很真诚，群里主动祝大家节日快乐等等很暖心！考试和周老师班统一出卷的，开卷，题目不难，就是名词解释有几个英文的需要认个眼熟考试能翻到。总之妥妥十分。
133883,4130,翁国民,2021-03-09 02:14:13,-5,7,12,两句话概括作业，一切全靠猜。到最后还挑你毛病。\n\n别的课平均85，就他给我73，我还花了最多精力。贼喜欢捧他和拍他马屁的人。
145671,4130,翁国民,2021-12-31 05:10:04,6,8,2,翁老师真的很好！！！\n\n他自己本身就很优秀哇！！！\n\n然后他其实讲的很细致的\n\n而且也很真诚，在群里会祝同学们节日快乐！！！\n\n真真很喜欢这个老师啊！！！\n\n说评分低上不好的应该都是上课没好好听的吧\n\n老师真的太可爱了！！！\n\n今早上课还说，2021最后一天了，今天早上有人给我发了几张图，我跟你们分享一下哈哈哈哈哈
149955,4130,翁国民,2022-01-18 04:14:59,1,3,2,出分了，很惊喜，来评论一下\n\n上4了，而且还挺高hhh\n\n真的很好看了已经\n\n当时真的没想过会这么好\n\n我选课之前没有看过查老师，就是第二轮选上当个个性的\n\n后来上课也好好听了，平时一点作业也没有\n\n最后期末花了半天时间好好翻了翻书\n\nwgm确实很优秀我觉得，他平时上课就讲得很清楚\n\n之前课件里面问题本来没有答案的，后来我们说想要复习方便，他也去添上了答案发给我们\n\n总之就是很好很nice啦~\n\n强推修个性嗷~
168591,4130,翁国民,2023-02-20 04:13:46,3,4,1,老师讲的很好！很细！不是完全念ppt，每节课都会拿新案例出来分析。私下答疑态度超级好，很温柔有耐心。平时没有任何任务，就是每节课点名，认真去听课，认真做案例分析，考试问题也不大。最后分数蛮高的。喜欢翁老师！！
168612,4130,翁国民,2023-02-20 08:36:59,1,2,1,竟然上4了，老师很好，下课后有疑问也会很耐心的解答，考试也不是很难
168690,4130,翁国民,2023-02-21 05:15:12,1,2,1,老师人很好呀 除了上课点名 其他都很好 非常好 非常好 谦卑有礼 要是我读法律就好了
173687,4130,翁国民,2023-06-01 11:23:25,1,2,1,讲课讲得非常清晰，只要愿意每节课都去上、认认真真听老师讲课，最后的分数就不会差
180483,4130,翁国民,2023-09-22 02:36:31,0,1,1,点名，除了点名都很好…合格不难，高分困难
189925,4130,翁国民,2024-02-03 03:26:37,-4,4,8,8分钟前刷到朵朵上仅因到课率低而给挂科导致大四可能丧失保研资格的是你吗？
189943,4130,翁国民,2024-02-03 08:56:03,0,1,1,人很和善但是给分很烂
189972,4130,翁国民,2024-02-04 12:48:05,3,3,0,老师上课很认真负责，上课好好听的话就能学到知识，考试也没问题～
199666,4130,翁国民,2024-09-27 07:14:52,5,5,0,老师会点名回答问题，但是答不出来老师也很温柔呜呜呜呜呜，特别特别好，人很和蔼大方，拳打脚踢xx神马东西
199766,4130,翁国民,2024-09-29 07:59:24,3,3,0,yeah～
200021,4130,翁国民,2024-10-11 07:29:50,2,2,0,喜欢翁老师
201386,4130,翁国民,2024-11-01 10:43:32,1,1,0,好好的老师，上课讲自己做过的仲裁案例，还会给大家发红包，最后一节课讲了很多有用的道理，还说舍不得大家🥺如果经院所有老师都那么真诚就好了
201432,4130,翁国民,2024-11-02 15:37:41,0,0,0,超好的老师！
214253,4130,翁国民,2025-01-30 23:42:41,0,0,0,退休了
214881,4130,翁国民,2025-02-18 17:04:03,0,0,0,听说这是老师最后一年了 把班里的人挂了一大半 还让学院特别开了专业课补考 隔壁班的zlm一个都没挂
90088,4344,仇婷婷,2018-11-22 05:55:01,1,5,4,给分可以
110139,4344,仇婷婷,2019-06-23 15:41:43,0,5,5,谢老师不挂之恩
156739,4344,仇婷婷,2022-06-21 00:52:22,0,1,1,给分不错
172013,4344,仇婷婷,2023-04-17 10:50:02,8,19,11,上了仇婷婷老师的职规课，因为是新老师也没有评价，但是上完后感觉非常值得！老师平易近人，上课也很认真，不用写职业生涯规划书而是人生之书，平时作业是各种画画感觉还是比较轻松的。重点是，老师人很好！
172798,4344,仇婷婷,2023-05-07 09:26:58,-1,2,3,职规可以选
173823,4344,仇婷婷,2023-06-03 08:29:58,0,1,1,很好捏，高分通过
176131,4344,仇婷婷,2023-06-28 02:16:18,5,16,11,行策虽说是随机掉落，但是给分也太爆炸了吧...
176182,4344,仇婷婷,2023-06-28 04:02:21,0,1,1,老师人真的很不错！
177254,4344,仇婷婷,2023-07-02 12:05:33,1,5,4,中层领导，这学期第一次开职规，课上还是讲了很多有用的建议；作业比较细碎，有很多画画、心里测评类的东西，最后作业是人生之书；认真做了最后给分不错
180137,4344,仇婷婷,2023-09-20 11:00:02,0,1,1,爱啦爱啦
181706,4344,仇婷婷,2023-10-29 11:03:52,0,1,1,老师很好很耐心！
182954,4344,仇婷婷,2023-11-21 08:09:46,0,1,1,给分挺不错的
182974,4344,仇婷婷,2023-11-21 09:16:52,0,1,1,老师真的太好了，每一节课都上的很认真，想尽各种办法带入同学们们思考，最后不是写职业规划书，是人生之书，给分真的很棒
183072,4344,仇婷婷,2023-11-22 04:24:10,0,4,4,职规可以选，满绩了，期末事非常多，平时作业也多，建议卷王来。
185572,4344,仇婷婷,2024-01-02 09:43:09,2,3,1,老师人真的很好！！！很温柔很有耐心，虽然上课会随机提问但是讲得也很有意思，期末一篇人生之书一次小组展示，给分也挺高，顺便说一下：仇老师的姓读qiu（二声）
186625,4344,仇婷婷,2024-01-12 07:33:26,-3,1,4,满了，赞
187087,4344,仇婷婷,2024-01-14 11:45:05,0,1,1,职规课：仇老师挺好，上课准备很充分，会有很多有意思的小作业、分享，对于职业发展与规划、认识自己也蛮有帮助。\n\n平时事情挺多的，每次课都会有一个很小的作业，最后是人生之书以及访谈展示。如果认真做的话，分数是不错的。\n\n小作业有些同学比较卷，所以想拿高分就卷一点吧
187450,4344,仇婷婷,2024-01-16 07:40:24,-1,0,1,好老师！给分不错的
187981,4344,仇婷婷,2024-01-18 02:44:37,0,1,1,挺好的，我小组展示就是依托答辩，但还是捞的很高！
195980,4344,仇婷婷,2024-07-01 03:42:50,-2,1,3,真诚的老师
196859,4344,仇婷婷,2024-07-05 13:44:10,2,4,2,职规分这么低，实在不理解，该完成的作业也都在好好做
196974,4344,仇婷婷,2024-07-06 07:35:18,6,7,1,壁垒，坐标职规，该完成的东西都完成了，但是给分不怎么样，而且不会捞，上课事情巨多，基本每节课都有乱七八糟的作业
201945,4344,仇婷婷,2024-11-07 15:02:58,1,1,0,老师人确实很好，也很努力地在备课讲课了，可惜这门课还是没什么大必要，学不到多少实质性的东西
203008,4344,仇婷婷,2024-11-16 01:17:42,4,4,0,如果想水课就上，但是绩点真不咋地，不是很会捞，而且课外任务贼多。辛苦一学期才3.9，壁垒了。虽然老师本人还好，但真不建议上。
203044,4344,仇婷婷,2024-11-16 05:24:34,3,3,0,事多分低
203162,4344,仇婷婷,2024-11-17 13:27:31,6,6,0,事真多，期末考试真的准备得超认真了最后呈现效果也不错，但分还是太低
203522,4344,仇婷婷,2024-11-20 02:36:36,6,7,1,职规。真的服气，事情巨多，各种个人作业和小组作业；给分还烂，我是组长，为了期末展示忙前忙后，组内互评也是高分，最后绩点却是一坨，你良心何在？？？
203890,4344,仇婷婷,2024-11-21 23:32:59,2,4,2,跟你们说了不要选高分的老师偏不听，我选了隔壁3分的zll分就还行，你们选个9分的qtt出分就老实了吧（doge）
207598,4344,仇婷婷,2024-12-23 08:09:07,3,3,0,拖堂。
213835,4344,仇婷婷,2025-01-20 08:21:24,1,3,2,职规给分巨低，期末周布置一堆东西，小组展示念个稿子还被助教cue半天，助教也是逆天，每次发作业都不及时，周二的课你周日晚上才发布作业，还威胁同学下次再迟交不允许补交，什么玩意儿
215943,4344,仇婷婷,2025-03-08 01:52:54,5,5,0,这学期的助教jj好好，还会给作业写评语。我爱助教jj！
83218,4410,张子法,2018-07-10 02:47:21,0,2,2,也还行吧 形势与政策\n\n上课挺无聊的 但是平时事真不多\n\n不像有的班还有寒假作业……\n\n期末考形策要写800作文哦小可爱们嘻嘻\n\n期末背PPT就好啦
83368,4410,张子法,2018-07-10 07:33:25,0,0,0,………
84937,4410,张子法,2018-07-14 12:29:11,1,2,1,经院党委书记，感觉是个和蔼可亲没有架子的老师。
112533,4410,张子法,2019-07-04 17:08:39,2,4,2,体验极差……给分极差
112713,4410,张子法,2019-07-05 01:03:46,6,9,3,咋说喃 老师好像是党委的 对这种领导班子都有刻板印象 但是张老师确实没啥架子对吧哈哈哈 像个和蔼的大爷 尽力在向学生传达国家政策 国际形势\n\n\n\n这两学期 上课说实话 真的没那么吸引人 但这也是行测的通病 记到有一节课是一个女老师来讲 她说：“这节课希望能让大家感兴趣一点” 其实老师们也都知道 也在努力想让课变得更有意思 但这类课确实比较难讲得有趣 所以上课我也听的不多 有些感兴趣的会听一下 但没缺过课总是按时到按时走\n\n\n\n这课考试占比大 我跟绝大多数同学一样是上课从来没发过言的 没有加什么平时分 想发但又觉得没必要 但可能是高中喜欢政治历史吧 考试做题的时候觉得超有意思 有种回到高中的感觉 也许因为这样 考的八错吧 最后4.5很满意很满意\n\n\n\n我看了一哈老师的均绩 3.79 将近3.8的均绩 比我所有室友的行测老师均绩都高  肯定在行测老师里面算上面那一部分了 可能喜欢政治历史的文科生 会更有一点优势吧 最后给老师打个9分 少一分是因为上课确实太过平静啦哈哈哈不过老爷子还是阔以的
112730,4410,张子法,2019-07-05 01:20:56,5,6,1,形策分只录入了36个人，均绩真的有3.79吗……反正我是凉了(ಥ_ಥ)
112764,4410,张子法,2019-07-05 02:42:24,1,2,1,虽然我的成绩不是很满意，因为我除了上课不发言，其他真的努力在做了，最后的成绩有点令人费解..可能有什么地方没发现自己做的不好吧。但是这个老师是挺好的！很幽默的感觉！助教老师也很负责人很好！而且我们这个班感觉相对轻松，没啥任务！
112784,4410,张子法,2019-07-05 07:14:54,4,5,1,老师超级好，平时完全没有任何作业，知道我们对这个课的态度，点名也就是抄一首诗。佛系听过几次课觉得讲的不错，推荐的那本书特别棒！室友背了几个小时4.2，我4.8，谢谢老师！
126095,4410,张子法,2020-09-17 11:11:21,2,2,0,给分并不好 认真完成了每个任务 考前也认真背了两天 结果3.9……迷惑
137593,4410,张子法,2021-07-05 08:14:10,1,1,0,哈哈哈哈哈哈，行策拉我均绩给分简直了
137599,4410,张子法,2021-07-05 08:55:46,2,2,0,一学分的课能拉这么多均绩 真有你的
137640,4410,张子法,2021-07-05 12:27:19,0,0,0,这老师风格挺内敛的，但是给分确实寒碜
137753,4410,张子法,2021-07-06 03:41:23,-4,1,5,其实还好，给分没有很低吧？期末考试很重要哇！❗️❗️一定一定要背ppt里面的课后思考题（我在周日考试当天背下来的），因为几乎都是原题。书背背标题，后面的题随便做做，但是记得那种自己完全不知道的东西要背下来（比如我考到的“我国现代化的特点”这个简答题就是书最后的一道多选题）❗️❗️❗️剩下就是看你本人高中时期积累的政治素养还在不在了，可以说高中政治学得好的同学（意思是到了大学还能记住）上4应该不成问题。ps本人从不听讲、节节课做自己的作业，只认真上过影视课，平时作业认真完成，没有缺勤，期末只花了不到十个小时复习，最后4.5。
122113,4411,张洪胜,2020-02-13 12:35:46,0,30,30,张老师人不光长得帅，人还有才华，迷妹一大把～～
132551,4411,张洪胜,2021-02-02 08:27:51,31,44,13,老师很有耐心
146633,4411,张洪胜,2022-01-07 06:14:45,6,20,14,给分好
150103,4411,张洪胜,2022-01-19 05:10:20,-7,15,22,给分不好
150480,4411,张洪胜,2022-01-26 05:47:57,10,21,11,上课就是讲自己研究的东西
150525,4411,张洪胜,2022-01-29 02:32:10,-7,16,23,体验真差！
150625,4411,张洪胜,2022-02-07 14:41:36,5,25,20,课上的不好！
151158,4411,张洪胜,2022-02-23 15:28:42,-7,12,19,这老师的给分还能再差一点吗
162165,4411,张洪胜,2022-11-17 07:56:45,3,7,4,马述忠的博士，毕业后留校任教又破格提拔的
162432,4411,张洪胜,2022-12-07 01:23:13,2,9,7,马述忠的学生，博士毕业留校任教的，讲课似乎没有马述忠的风格
167682,4411,张洪胜,2023-01-18 09:21:27,22,29,7,给分还不错
171505,4411,张洪胜,2023-03-27 04:23:41,6,25,19,下载数据实在太生气了，就想问老师一句，老师曾经不是学生吗？不能替学生想一下吗？
171506,4411,张洪胜,2023-03-27 06:00:46,5,24,19,没上他的课，只是想来说srtp千万别选他，让本科生给他打白工下载数据，时间紧任务重，还理直气壮，不知道怎么好意思的
171644,4411,张洪胜,2023-03-30 14:16:47,9,21,12,老师学术水平很高
177790,4411,张洪胜,2023-07-05 01:43:21,4,20,16,和马述忠一样，痴迷跨境电商研究，估计全院也就这两了。还算年轻，对科研比较上心，但手头自己的硕士研究生不好好用，拉着本科跟着他做SRTP的学生给他下数据。。。。给本科生上的那几门课业也上的一般，很多时间在阐述自己的研究成果，没啥意思
199124,4411,张洪胜,2024-09-18 03:07:25,-7,4,11,中规中矩，上课很无聊，但是不怎么为难人，也不会管在课上干什么，不点名
199575,4411,张洪胜,2024-09-25 14:41:28,19,26,7,和🐎的国际商务，喜欢助教人美心善😍
214634,4411,张洪胜,2025-02-24 03:09:26,25,30,5,挺负责的，上课很认真
215195,4411,张洪胜,2025-02-24 03:29:34,20,25,5,上过老师的国际商务课，老师人真的特别好！讲课认真，逻辑清晰，课后答疑也特别耐心，非常推荐大家选老师的课！
215790,4411,张洪胜,2025-03-05 14:08:36,15,20,5,客观的讲，张老师上课是还很认真的，研究能力也很强，对学生也很负责，善于启发和引导学生，可能对本科生来说会感觉要求略微显得高，看了所有的评论，感觉很多人误解了，但上张老师的课真的能学到很多东西，包括对前沿领域选题和知识的掌握，对研究方法的了解，以及对学术和学习能力的培养。
215796,4411,张洪胜,2025-03-05 14:36:25,16,20,4,张老师上课会介绍很多前沿的文献和方法，从这些文献的讲解中学习到很多前沿的理论和知识，对学习很有帮助，同时张老师给分很大方，中间几次没去，但也得到了较高的分数。总体上我认为张老师是一个很好的老师。
215797,4411,张洪胜,2025-03-05 14:36:55,15,18,3,张老师有深厚的学术功底，能将复杂的理论知识以生动、易懂的方式传授给学生。他始终站在学术前沿，能够为学生提供最前沿的学术视角和实践指导。
215798,4411,张洪胜,2025-03-05 14:36:53,14,18,4,张老师在科研方面，取得了不少的成果。并将科研与教学紧密结合，受益匪浅。
215799,4411,张洪胜,2025-03-05 14:42:27,13,17,4,张老师教学独特高效，循循善诱解难困惑，评分大方重努力，让学生收获满满。
215803,4411,张洪胜,2025-03-05 15:12:50,13,17,4,很喜欢上张老师的课，学到了很多知识和思维方式。张老师专业水平高，课程设置新颖，授课内容精彩，尤其是理论结合案例的授课方式，让我们迅速的理解和掌握所学知识。
215805,4411,张洪胜,2025-03-05 15:28:42,12,17,5,srtp当事人路过，u1s1张老师并没有在科研上很push人，相反很愿意把一些前沿的文章跟同学们交流，也很耐心培养本科生自己的科研兴趣。上课期间，尤其是论文分享专题课的时候，着实能够锻炼学生的英文阅读能力与对研究题材的把握能力。可以作为本科阶段一名优秀的科研引路人。
215806,4411,张洪胜,2025-03-05 15:42:07,9,14,5,很喜欢上张老师的课，不光人长的帅，课也讲的好，对待学生认真负责。
215818,4411,张洪胜,2025-03-05 23:05:50,9,13,4,这个老师给分很好，上课也很好
215823,4411,张洪胜,2025-03-06 03:31:09,6,14,8,张教授的课程内容丰富详实，总能把复杂的理论深入浅出地讲解，让我们轻松掌握专业知识。课堂互动活跃，还会结合前沿科研案例，拓宽我们的学术视野，真的受益匪浅！
215824,4411,张洪胜,2025-03-06 02:06:54,3,11,8,挺不错的，能学到很多知识
215825,4411,张洪胜,2025-03-06 02:09:04,4,11,7,总的来说，还是不错的
215826,4411,张洪胜,2025-03-06 02:34:24,4,13,9,本科阶段唯一一个满绩，老师给分太感动了！飘过，满满的师生情谊。张老师人长得帅，收获一批迷妹
215829,4411,张洪胜,2025-03-06 03:49:13,4,12,8,还是比较耐心的
215831,4411,张洪胜,2025-03-06 02:29:46,3,10,7,张老师给分不错，真心为学生着想，有问题都是线上和线下都能联系到，及时解答，年轻老师讲课比较有活力，课堂氛围好
215832,4411,张洪胜,2025-03-06 02:30:35,6,11,5,之前上过张老师两门课，有一说一张老师确实对学生要求严格、学术标准要求比较高的老师，很难在他的课上当混子，对教学和学生都是认真负责，希望学生能真的学到东西。老师在科研方面很有功底，如果以后有兴趣走科研道路推荐上一下张老师的课。给分方面如果想水个高分可能确实比较难，但如果认真完成布置的任务张老师给分还是很慷慨的。而且老师很亲切，课下交流都是有问必答
215833,4411,张洪胜,2025-03-06 02:33:10,7,13,6,张老师是我的本科毕业论文指导老师，说实话内心对张老师很感激，帮学生指明方向，不增加学生负担，答辩时替学生说话。甚至毕业后还会慰问工作情况，真的是值得去相处的好老师
215834,4411,张洪胜,2025-03-06 02:36:49,5,11,6,张老师认真负责，学术科研水平很高，对学生关心负责，是很好的老师！
215841,4411,张洪胜,2025-03-06 03:05:12,4,10,6,张老师，研究底蕴深厚，讲课内容深入浅出，非常好的一个老师
215842,4411,张洪胜,2025-03-06 03:35:02,3,10,7,张老师，不仅人帅课也非常好，能很好的启发学生。
215843,4411,张洪胜,2025-03-06 03:08:33,3,10,7,很棒的老师，认真负责
215844,4411,张洪胜,2025-03-06 03:09:24,4,10,6,老师很有趣，很耐心
215845,4411,张洪胜,2025-03-06 03:12:43,7,12,5,老师特别随和，有事情缺过课，给老师解释一下是去参加活动，老师就把平时分加上了，好老师，不拖堂，不布置没有意义的作业，良心推荐
215846,4411,张洪胜,2025-03-06 03:14:42,5,10,5,非常好
215847,4411,张洪胜,2025-03-06 03:15:00,5,9,4,很喜欢张老师的课，学到了很多知识和思维方式。张老师上课是还很认真的，研究能力也很强，对学生也很负责，善于启发和引导学生，可能对本科生来说会感觉要求略微显得高，看了所有的评论，感觉很多人误解了，但上张老师的课真的能学到很多东西，包括对前沿领域选题和知识的掌握，对研究方法的了解，以及对学术和学习能力的培养。
215859,4411,张洪胜,2025-03-06 04:50:43,4,9,5,很不错，给分高，不点名。
215863,4411,张洪胜,2025-03-06 06:26:27,1,6,5,超级好的老师，非常负责任，有问必答，学术水平很高！上课会分享很多前沿的文章，让学生受益良多～
215869,4411,张洪胜,2025-03-06 08:30:09,4,7,3,课上的好，科研能力强，对学生负责，给分好
215890,4411,张洪胜,2025-03-06 13:40:01,4,8,4,给分好，认真负责
215891,4411,张洪胜,2025-03-06 13:53:35,4,7,3,老师的课程内容丰富，讲解清晰，让我对国际商务有了更深的理解。张老师呢总是耐心解答问题，给了我很多启发和支持。作为一名外国学生，我感到非常幸运能成为张老师的学生！
215956,4411,张洪胜,2025-03-08 06:14:05,-2,5,7,张老师上课特别好
215957,4411,张洪胜,2025-03-08 06:18:51,-2,5,7,张老师讲课生动有趣，耐心解答学生问题，启发学生思考
215958,4411,张洪胜,2025-03-08 06:22:32,-2,5,7,老师还是很负责的
215975,4411,张洪胜,2025-03-08 14:05:41,-2,5,7,张老师人很好，给分高，不点名。
215976,4411,张洪胜,2025-03-08 14:08:01,0,5,5,特别好的老师，上课不点名，氛围超级好，给分也高。
215979,4411,张洪胜,2025-03-08 14:32:16,-2,4,6,老师学术水平高，研究的课题很有意思
216133,4411,张洪胜,2025-03-11 03:19:15,15,22,7,为啥会请水军来刷屏啊……大为不解，大为震撼，大开眼界
216355,4411,张洪胜,2025-03-14 08:25:26,-4,3,7,他很有耐心，公正，但他也要求严格。好的一面是，这将帮助你写出一篇优秀的论文。
216444,4411,张洪胜,2025-03-16 14:19:43,-4,3,7,给分好，没怎么去也有高分，认真负责
216475,4411,张洪胜,2025-03-17 06:27:00,-4,2,6,有耐心，认真负责，人很好，给分也高
216892,4411,张洪胜,2025-03-28 08:47:01,7,9,2,反水军1
216959,4411,张洪胜,2025-04-10 12:07:59,17,19,2,1分老师，请水军刷到8分，恶心至极！
216965,4411,张洪胜,2025-03-30 13:16:51,-5,1,6,老师上课很好，对学生也很有耐心
216979,4411,张洪胜,2025-03-31 01:21:14,-6,2,8,老师上课逻辑清晰，讲解细致，给分好
217224,4411,张洪胜,2025-04-05 06:30:44,14,14,0,短短几天能叫水军把评分从4刷到9，“求是”在哪？
218789,4411,张洪胜,2025-05-06 02:35:55,0,1,1,怎么不请新的一波水军了，当务之急应该是把前排这几个说实话给刷下去啊
221647,4411,张洪胜,2025-06-25 05:19:28,0,0,0,反水军
73240,4450,熊秉元,2018-02-01 08:30:10,3,7,4,熊老师是台大教授，著名经济学家，和北大林毅夫，港大张五常一辈(我觉得最多差半个档次)。上课表情说话都很严肃，说话一丝不苟，但又很幽默。不喜欢社科瞎bb那一套，喜欢用案例，讲实用主义，用经济学的理论解释身边的现象而不是不知天高地厚地指点江山。2018秋冬第一次给本科生授课法律经济学，半个学期收获非常大，能改变世界观，可谓大家风范。这门课好像是经院的专业课，但是其实所有人都能修，而且我现在觉得经院的学生和工科的学生比起来思维略僵硬。。。。学期初很多学生就学术争议怼老师，熊老师心平气和地把学生说的心服口服。熊老师桃李满天下，课程群里还拉进了几个最高法的法官(最高法的法官对熊老师毕恭毕敬。。。)。老师上课很认真，秋学期的课暑假就建了课程群让大家看书写心得提问题作平时成绩(不用凑字数，在熊老师眼里，问题贵精，贵简，总体事很少，所有7.8次作业字数加起来不到5000，最后论文一篇限制字数，没考试)。给分看学习帝均绩4+，但是没有满绩的。
79059,4450,熊秉元,2018-05-22 00:26:30,-8,9,17,有一定的水平，不过架子也挺大的，教学方式属于单方面的价值输出，讲的都是很基础的东西但喜欢卖弄得像是要重塑学生的三观一样。论证的逻辑漏洞太多，如果不是对法律经济学特别感兴趣的话强烈建议不要选，有很多其他老师的课更好。
79754,4450,熊秉元,2018-06-13 08:53:11,7,9,2,受益匪浅，是大学听过的课中的TOP～
80373,4450,熊秉元,2018-06-25 14:51:18,2,6,4,不是很同意上面一位同学的观点，老师上课提到了因为时间有限只能单方面输出很难有充分的时间给大家争辩，而且他也只是提供了另外一种思考方式并不是强行让你同意他。我觉得对从不同的角度思考问题和案例很有帮助，三节课下来很充实也有很多思考
84992,4450,熊秉元,2018-07-15 01:55:37,2,4,2,熊老师是一个很有智慧也很严谨负责的人，法经给我们提供了一个全新的视角，虽然因为课时原因可能没有很深入的展开，但还是获益匪浅，课程需要做预习作业和期末论文，不用字数恶竞，是一门很好的课
85678,4450,熊秉元,2018-07-25 06:36:28,1,5,4,“正义是人造的概念”\n\n浙大上过的最有启发性和思考性的课
105149,4450,熊秉元,2019-05-03 05:02:56,4,5,1,通识课
105540,4450,熊秉元,2019-04-16 09:49:36,2,5,3,上课的氛围很好，老师能把每个人的名字记住，与同学之间的讨论能碰撞出许多火花，受益匪浅。
105817,4450,熊秉元,2019-04-28 06:19:54,-7,4,11,垃圾…
107679,4450,熊秉元,2019-05-08 07:58:42,1,3,2,老师上课真的挺用心的，很多想法也很具有启迪性，收获非常丰富。特别是第二次课的时候，老师就记住了我的名字，真的觉得诚惶诚恐
108627,4450,熊秉元,2019-05-30 04:11:20,1,1,0,很好的老师，能学到很多东西
108629,4450,熊秉元,2019-05-30 04:22:02,0,0,0,本来感觉老师出分特别慢，结果没想到最后老师还把每个同学的论文反馈了下来，还特别详细地批注了，真的对同学们非常认真！很难想象这样一位法律经济学大家愿意如此认真细致地传道受业解惑！
108632,4450,熊秉元,2019-05-30 04:32:04,2,2,0,虽然老师有一些观点我不苟同，但是还是给人很多启发。上老师的课好紧张啊啊啊，不敢开小差，说不定就被点名回答问题了！而且老师还能把你的名字和脸对应起来记住。我惊了！总之，还是很不错的。
108706,4450,熊秉元,2019-05-31 12:07:51,1,1,0,老师是经济学大家，但是上课和批作业都非常认真，期末论文也很认真的给了批注和反馈，另外，老师看的是你的思考和领悟，而不是经济或者法律的专业知识，本人工科生完全经济小白最后拿了4.8真的体验超棒！
79265,4544,曾涛,2018-05-29 08:13:09,-11,2,13,四节的课上两节半的内容，多余的时间拿来休息。下课一下就是二十多分钟爽不爽？！
83222,4544,曾涛,2018-07-17 03:33:29,0,6,6,太坑了
83589,4544,曾涛,2018-07-20 08:58:50,6,13,7,曾老师绝对是男神啊！学术大牛，平易近人，幽默风趣，关心学生！上课思路清晰，解答耐心！男神！
85591,4544,曾涛,2018-07-20 06:27:09,0,6,6,给分差
85592,4544,曾涛,2018-07-20 07:49:16,-1,4,5,不可能让过
85593,4544,曾涛,2018-07-20 09:56:11,9,21,12,曾老师是经院当之无愧的“宝石皇冠”，对我们实施了“焦土计划”，显然许老师作为“白衣骑士”没能阻止他。
85662,4544,曾涛,2018-07-24 13:49:40,2,9,7,曾老师很nice，讲课很好，课程内容也很前沿，解答问题很耐心，考核方式对大家也很友好了，考得差大概还是反思下自己吧。不能自己弱就说坑。
85663,4544,曾涛,2018-07-24 15:30:02,3,9,6,曾老师是个超有能力有才华的人，是我太辣鸡了。还有楼上那个，下课20分钟不是让我们自己学着做么？可能只有我做的慢吧。哭泣。
85696,4544,曾涛,2018-07-26 10:11:45,5,17,12,经济统计软件以前只有朱老师，今年朱老师和曾老师，根据学习帝的图，去年挂了4%，今年17%，如果朱老师没有性情大变的话，很好奇曾老师班的挂科率。另外学弟学妹最好参考一下两个老师的均绩再想想选哪个。至于金融计量模型，课都是曾老师和许老师一起上的，很奇怪的是许老师班均分显著的高于曾老师班，可能因为金融就是显著的菜于金试班吧。
86508,4544,曾涛,2018-09-17 02:53:09,10,16,6,曾老师是刚发了Journal of Econometrics的大牛，经院新进的青年人才，讲课虽然很难但是人超级好！作为弱弱的经院，有更多好老师带来高层次的研究能力和教学水平，对经院和经院学子来说难道不是一大幸事吗？
86672,4544,曾涛,2018-09-18 02:20:11,2,5,3,曾老师的课一定要认真听，可以学到很多，老师讲的也很清楚，很耐心。如果不认真听，考试周绝对会很痛苦，曾老师的课和那些水课不一样，别期望考前临时抱佛脚
86703,4544,曾涛,2018-09-18 05:22:33,1,4,3,涛涛很可爱的，就是呜…试卷比数学考试还难…不要相信样卷难度啊喂
86714,4544,曾涛,2018-09-18 06:01:09,-2,7,9,反正讲课水平有提升空间，四节课内容讲两节课，剩下两节课好好休息。但是内容还是很好的，至于考试给分什么的，说真的好好学习，经济统计软件没那么难吧，我还是拿了4.8的呀，而且期末考核又不考试只是做个大作业，也不禁止私下交流，就是字面意思的私下交流哦，抄袭不让，但是可以交流思路，思路有了还写不出程序来，给分低这个那我就没法子了，至于许奇老师跟他合上的那课emmm那个我觉得有难度大反而是许奇老师讲的内容，一脸懵圈讲的什么玩意，曾老师那部分还是比较清晰的，除了板书的反光严重
113355,4544,曾涛,2019-07-06 09:37:18,2,5,3,布置作业太迟，群里玩消失，找不到人，艾特不回，上课像哲学，不知道在说什么，可能我菜。千万别选，耽误事。
113808,4544,曾涛,2019-07-07 16:42:31,5,7,2,曾老师讲课玄学，代码写到头秃
114353,4544,曾涛,2019-07-09 23:38:05,0,6,6,怎么没有负分？！第一次见学生求着老师布置作业，第一次见考试周以后交了作业还有奇奇怪怪要求，第一次见实际操作的课程从来不讲该怎么做
114802,4544,曾涛,2019-07-11 23:25:31,2,6,4,老师其实挺善良的，期末大作业出的也没有刁难我们的意思，即便上课几乎不听，把他的课件仔仔细细过一遍，也是能做出来的。老师上课是比较注重理论和推导，也看得出老师实力的确很强，不过也的确应该留一些时间出来帮我们学习巩固代码，这样期末应该会更轻松。最后…老师给分真的好，我也不知道我怎么就满了…
114840,4544,曾涛,2019-07-12 02:19:25,3,3,0,曾老师给分天使
114883,4544,曾涛,2019-07-12 09:26:50,2,2,0,给分好，上课让人受不了
114889,4544,曾涛,2019-07-12 12:26:45,1,1,0,老师讲课谈原理性的东西比较多，具体的实现方式要靠课下摸索，给分出乎意料地好。
133965,4544,曾涛,2021-03-11 01:10:02,3,5,2,这样讲课是可以的么？？一学期什么任务都没有每周都讲完课走人，期末扔给你巨难巨难的大作业……成绩全凭这个定……
135482,4544,曾涛,2021-05-11 08:51:18,-1,1,2,上课非常认真，非常好的老师！
148689,4544,曾涛,2022-01-13 08:30:32,-20,11,31,经院的学生全是混子吗，怪不得浙大经院认可度这么低，自己水平不行还要来拉踩老师，不明白
150659,4544,曾涛,2022-02-10 14:04:10,5,5,0,曾老师很有心的，上课给同学们发了很多顶级论文，还有英文书。水平非常高。老师不点名。但期末作业比较难，让大家头痛。要提升学术水平的，一定要好好听，好好学，特别是老师发的一大叠资料！
168196,4544,曾涛,2023-02-01 10:42:19,7,8,1,没有很强的coding能力别学这门课\n\n我TM大作业快要把自己写死了
168613,4544,曾涛,2023-02-20 08:53:22,5,5,0,谢谢老师期末大捞，以及延期到二月十号充沛的时间，虽然写完也不知道自己写得对不对，但看样子应该是捞了很多过程分
168665,4544,曾涛,2023-02-20 16:30:33,2,2,0,量化投资，对代码能力要求较高，金融知识和编程大概2：8，老师讲的有些难不容易理解，不过知识点不多，前8节课都在反反复复讲一些东西，后8节课找的实务界的老师来讲的课，没有期末考试，不过作业及其折磨人尤其最后一个大作业，以至于我认为这课可以改名为金融与机器学习，不过应该要求并不很高，给分还行，也能学到一些东西
168671,4544,曾涛,2023-02-21 00:49:13,11,12,1,给分很好，上课很佛\n\n但是内容很顶，大作业很难\n\n推荐但慎选，老师水平很高也很关心学生，就是大作业直接上机器学习对小白属实有点难顶
168754,4544,曾涛,2023-02-21 16:14:14,2,2,0,非常硬核的课程，老师讲的很好，好好学能学到很多东西，上课不点名也比较佛，给分的话付出越多分数越好！
190000,4544,曾涛,2024-02-07 13:54:56,3,6,3,这里是gpt和copilot时代的第一条评论
190012,4544,曾涛,2024-02-08 15:57:56,0,0,0,老师新年快乐，R求不挂呜呜
190036,4544,曾涛,2024-02-12 22:48:55,2,3,1,r的大作业如果听课的话基本思路是不难的，本年的考核内容（仅指经济统计知识）是异方差和同方差下的标准误以及假设检验区别、逻辑回归决策树和集成在决策树中的应用（随即森林）、时间序列数据中lasso模型、ridge模型和ols模型（ar模型）的区别、非时间序列数据中lasso模型和ols模型的区别。对代码的要求不高，只需要看懂并且掌握gpt或者deepseek即可。可能的难点是一些代码的细节需要校对，以及会有一些需要解释为什么的小问题。总结而言如果对量化、机器学习、数据科学、统计学感兴趣都可以选择这门课程，学习收获在我看来远超其他课程；\n\n量化投资是一门偏向代码的课程，要求掌握一些学界的基本理论、多因子模型的一般流程、python应用。除了曾涛老师以外还有两位实务界的老师也会来讲课。作业分别是两位老师布置的，一次期中一次期末。个人建议何康老师的部分要好好听，讲的非常好，基本上认真听完就大概理解两次作业的理论部分了。coding能力要求比r语言高，有些代码需要自己推敲。本年的期末作业是给了很多个选题自己选择一个完成即可，大部分内容老师都讲过，比如因子构建、因子回测、因子合成等，比较难的可能是高频数据处理（反正我是一头雾水hh）
190210,4544,曾涛,2024-02-25 18:16:39,2,2,0,R语言大作业是真的难顶，但给分也是真的好，好好做还是能学到不少的。很赞同楼上同学的观点，这门课推荐但慎选，最后还是感谢老师的捞捞。
190235,4544,曾涛,2024-02-26 07:58:18,7,7,0,老师很好，认真听课多花几天时间完成大作业最后给分不会差。最重要的是可以选到很多干货，同样赞同楼上观点。
214565,4544,曾涛,2025-02-13 07:25:58,2,2,0,给分…个人感觉（可能是自身实力不行）特别一般 经统这门课安排的太不合理了连着上近一上午 课程容量和难度都比较大最后的作业基本靠gpt
214574,4544,曾涛,2025-02-13 12:21:01,2,2,0,给分挺好，但是课程实在有点难，学不懂什么东西…
214583,4544,曾涛,2025-02-13 15:41:56,0,0,0,不点名，给分一般，跨专业慎选
73893,4664,许奇,2018-02-03 11:06:55,10,13,3,啊超级帅的老师！经院院草了！英语超级好
74584,4664,许奇,2018-03-04 05:25:47,3,5,2,男神老师，认真负责，人很nice，赞
74585,4664,许奇,2018-03-04 06:03:19,3,4,1,很帅很认真的老师
78211,4664,许奇,2018-05-10 04:07:41,1,3,2,很年轻 蛮好滴：）
80273,4664,许奇,2018-06-24 04:00:47,18,24,6,微信头像可以换！
83351,4664,许奇,2018-07-10 07:18:38,4,7,3,认真负责的老师 英语好 别挂我
83528,4664,许奇,2018-07-10 13:41:33,0,2,2,老师真帅 英语讲的很棒很好听 所以可以师生情一下放我过吗
85415,4664,许奇,2018-07-17 13:37:58,-21,5,26,给分辣鸡。
85448,4664,许奇,2018-07-18 02:53:10,2,5,3,除了上课声音有一点点小之外，都还不错
87825,4664,许奇,2018-10-15 06:05:34,3,3,0,超级喜欢老师
88241,4664,许奇,2018-10-24 23:55:42,0,0,0,nice
88674,4664,许奇,2018-11-05 11:48:27,0,0,0,很好的老师
89103,4664,许奇,2018-11-15 14:51:29,0,1,1,老师英语很好
94717,4664,许奇,2019-01-18 02:56:28,-1,0,1,老师不错的\n\n
94906,4664,许奇,2019-01-18 12:41:32,1,3,2,老师我给您十分，求别挂我\n\n老师人真的很好很好，英语说的好虽然我听不懂…\n\n固收好好学大概也没有那么难吧，选择基本都是slides上，注重对细节的理解\n\n
101238,4664,许奇,2019-01-28 02:36:10,-1,1,2,老师和助教姐姐都很好给分也好，虽然平时学的有点痛苦但是准备期末考的话课件看熟平时给的作业题多做几遍就行~
101245,4664,许奇,2019-01-28 02:39:19,0,2,2,简简单单的人帅给分好?
101269,4664,许奇,2019-01-28 03:07:23,-2,2,4,老师给分真的好！平时及时巩固，确实能学到很多东西，最后两天回复大家的邮件辛苦老师啦。唯一不足，就是上课声音有点轻，一些具体的计算过程可能还是要自己课后去算。助教姐姐人也超nice，会每周答疑，微信提问也基本上会尽快回复。
102018,4664,许奇,2019-01-30 04:07:55,-2,0,2,超级认真负责以及超级帅！
105868,4664,许奇,2019-04-22 11:09:58,-2,0,2,人很好nice
121780,4664,许奇,2020-01-22 01:21:34,-2,0,2,英语口语超级好听，最后给分也很好～
121923,4664,许奇,2020-01-24 01:39:54,-3,0,3,这个4.3的均绩真的假的，俺害怕了，还是自己太菜了，英语课在线时间只有一堂课
132837,4664,许奇,2021-02-04 05:09:57,-3,0,3,人帅给分好
132934,4664,许奇,2021-02-05 07:01:15,-2,0,2,给分好，考试认真复习没问题
150078,4664,许奇,2022-01-19 00:49:00,-2,1,3,我去老师给分也太好了点
150088,4664,许奇,2022-01-19 02:42:05,-1,1,2,老师上课很好，英语口语很nice，而且讲东西的条理清晰，固收其实东西不多，好好复习重点就可以，最后分属于预期之中，也非常谢谢老师！
165467,4664,许奇,2023-01-06 14:17:55,0,4,4,明天考试，今天来给老师评价。\n\n我个人认为，固收真的是一门很好的课，涉及到金融很多核心内容，比如时间价值、无套利、资产定价、风险中性等等。虽然课程本身确实比较难，但我觉得还是有收获的，绝对算是一门金融领域的好课。\n\n不过xq讲的确实有点困。。
165678,4664,许奇,2023-01-09 08:54:58,13,16,3,挺喜欢许老师的，但是全英文课对我来说就是灾难，唉。希望老师捞捞我
165783,4664,许奇,2023-01-09 16:54:55,14,17,3,老师原谅我只记住了哭胖胖😭
166517,4664,许奇,2023-01-12 14:28:10,18,23,5,许哥科研很牛，工作认真负责，可以说是从展示到期末各种注意事项都给你说明白了，无悬念10分，作为金融专业难得硬核的课程，无论是project还是内容都是大有裨益，而且也有助于对后续的发展和学习。但是平心而论，固收这门课如果是中文授课，学的会更深入更扎实，学院一味追求国际化枉顾学生接受程度最后导致都是看中文教材自学的话那我觉得也实在过于形式主义了，限制许哥的水平也给学生造成了很大的学业压力，最后还没达成什么效果
170195,4664,许奇,2023-03-02 02:49:48,0,4,4,很好。
187868,4664,许奇,2024-01-17 15:33:56,17,19,2,客观评价：首先讲课声音太轻，讲得也很不明白，听课体验很差，后面几节课根本就没去听\n\n其次project指示其实很不明确，又没有什么论文指导，最后也只是照往年的模版依葫芦画瓢\n\n最后，给分真tm垃圾
187869,4664,许奇,2024-01-17 22:55:03,13,14,1,。。。
187871,4664,许奇,2024-01-17 15:40:19,13,13,0,。。。
187872,4664,许奇,2024-01-17 15:45:45,17,17,0,好坏！好坏！不喜欢！
187873,4664,许奇,2024-01-17 15:46:02,6,6,0,呃......
187976,4664,许奇,2024-01-18 02:39:17,5,5,0,...
188017,4664,许奇,2024-01-18 03:56:44,-12,5,17,看了下楼下所谓的客观评价有点绷不住了，project要给你多大指示呢，你一篇参考论文都不看当然只能看别人的project当模版呀，就project而言如果你看了几篇文献再结合xq发的相关的ppt就会发现大致逻辑都告诉你了，你不需要创新什么东西，当然复制的过程还是艰难的。至于给分烂，一个基本上纯靠考试的硬课给分不能让所有人满意我觉得也是可以理解的，但你如果真的好好学4.5及以上不是困难的（如果你觉得4.5也是给分烂的话我也不好说什么）。这门课最大的槽点就是英文授课了，我感觉大部分人都是看书自学的吧，自学当然也可以学会，但要付出更多时间和精力，希望学院和xq老师可以认真考虑下吧，这样一门本来就不是那么轻松的课，中文授课可能会更好点，当然xq最后一节复习课还是有用的，起码能帮你疏通固收的整体逻辑。
188748,4664,许奇,2024-01-19 23:03:13,7,7,0,期末前前后后花了差不多20天补天复习固收   考试时候感觉还好，基本都做出来了，最后差一分4.2，客观求是   不是很理想，感觉大部分还是靠自学
188903,4664,许奇,2024-01-20 13:48:34,6,6,0,感觉老师助教的教学/答疑态度都蛮好的，但今年可能确实给分比较严格，感觉自己除了几个名词解释不太确定其他基本都会，分数也没有达到预期
189742,4664,许奇,2024-01-28 06:24:22,6,6,0,讲课声音轻，读PPT占多数，习题课搞翻转课堂效果欠佳，期末给分很一般。
189795,4664,许奇,2024-01-29 09:58:29,-7,5,12,客观来说，如果平时都弄懂了，project完成也还可以，确实4.5以上是应该的，老师上课的话语速是很快，如果英语不是很好首先听不懂，其次考试也是全英文，如果英语不好在准备考试背名词解释和大题的时候还是有点困难的，这门课的话建议大家上课要听，不懂及时去问，老师有的时候回答的不一定听得懂，可以问问周边同学。对学弟学妹来说如果想要好成绩，就是主打一个背诵ppt，从我答卷的角度看，有些东西我也没有背到，写的模棱两可，老师应该也是给分的，练习题一定要全部弄懂，考试不会难，计算题要全部做对，平时的练习可以用excel做，但是建议也要写出步骤用计算器验算一下，尤其有看到有同学因为不会用计算器按e的多少次方而错失分数的，如果平时愿意多花点时间去验算的话就不会出现这个问题的，遇到自己不理解的概念或者内容可以去看中文版的教材，背书要围绕老师的ppt，全背下来就无敌了，考试的时候发现最难的还是选择题，大多数都不是很确定的那种，建议是多看ppt，注意细节。总体而言，固收考试不算是难的离谱，不需要数学推导，只需要背，但是也确实如同学们所说，自学大于上课学，上课想听懂就必须要提前预习。大家说的project，是有难度的，尤其是需要看英文文献，对大多数人来说确实折磨，也需要收集数据写代码，每个过程都算不上简单，比较依靠组里有水平高一点的同学，花费的时间也有点久，这部分难度较大，完成度差别也很大，想要做得好确实要花很多时间。
190540,4664,许奇,2024-03-07 12:57:52,4,5,1,学得很痛苦，期末复习也很认真、充分，大题都会，选择题就犹豫了两三个，但是最后3.6。出成绩之前以为能上4.5，心里落差感蛮大的，不知道是自己的原因还是批卷严格的原因，个人的付出和结果不成正比（仅仅是个人情况，勿喷）。不过老师人是很好的，助教也很积极答疑，很负责任~
197340,4664,许奇,2024-07-11 04:52:39,4,4,0,评价一下23秋冬的固守，首先是英文slides英文讲解，个人感觉没有必要，又不是教务处认定的国际化或者全英文课程，完全可以用英文课件然后中文讲课，全英文导致了这课基本靠自学，然而固守教材的中文译本又是错误一大堆，可以说究极折磨了……\n\nproject确实存在指引过少的问题，个人是只会拿给的数据瞎跑几个回归，然后听从组长指挥，也不知道最后评分如何……\n\n考试的话总体难度不大，复习的时候名词解释要多看看，二叉树后面部分也没怎么搞懂，因此考试大题最后面这部分也只能随便乱写一点，最后给分还算满意，毕竟学的不是很扎实……
200056,4664,许奇,2024-10-12 02:50:30,5,5,0,班主任人很好，但不理解为什么一门这么不容易的课还要全英文授课，也不是什么国际化，不如中文或者双语，估计纯英文老师自己上起来也难受。邬老师的资产定价同样很难但是因为是双语上课，所以理解起来没有那么困难，印象也更加深刻。
213563,4664,许奇,2025-01-18 08:28:42,1,1,0,感谢xq捞捞！这门课内容丰富 老师很负责
213572,4664,许奇,2025-01-18 10:07:08,1,1,0,上课体验：一定要买一本中文课本或者中文的pdf，非常有用呀！每次听下来课会觉得成就感很大，另外英语听力也精进不少嘻嘻\n\n考试准备：完全复习两遍屁屁踢，一遍全部知识点，一遍老师最后一节课划重点，另外作业也是很好的帮手！认真的话这门课分数也会很好的~一开始看查老师评论还有点担心来着，但是付出多的话老师也会看到的哈哈\n\nps：上课没回答问题的也不用担心，我也没抢到过发言但是感觉应该不会因为这个影响分数的！
213699,4664,许奇,2025-01-19 08:12:51,1,2,1,平常上课对于英语不好的同学真的很折磨，这门课对照中文版的教材提前预习真的很有必要！（完全弄懂后再上课相当于练习听力了）\n\n背熟98上的名词解释，过一遍PPT和作业，剩下的就相信许老师的海底捞能力了！（感谢xq捞我5.0，课上没有发言加分，主要中文版自学的人真的很感动）
71994,4934,梁友莎,2018-01-29 07:36:09,9,11,2,老师讲的很有条理 也比较基础易懂 很赞
72004,4934,梁友莎,2018-01-29 07:57:47,3,4,1,老师有点年轻，超级nice，讲课思路很清晰，中计内容偏应用而非纯数理，给分也很好
72011,4934,梁友莎,2018-01-29 08:04:10,2,3,1,讲课很好  PPT很清晰！很可爱的老师
72188,4934,梁友莎,2018-01-29 14:10:19,4,5,1,很喜欢老师！！讲课也很清楚 PPT清晰
72851,4934,梁友莎,2018-01-31 07:57:18,2,3,1,条理清晰
73112,4934,梁友莎,2018-02-01 02:42:57,2,3,1,ppt清楚 老师可爱
75013,4934,梁友莎,2018-03-07 03:53:55,2,2,0,超nice！
75014,4934,梁友莎,2018-03-07 03:54:40,3,3,0,nice！上课好给分也好
75822,4934,梁友莎,2018-03-19 07:48:42,1,2,1,非常可爱的老师 讲课有条理 课堂都很充实~
85779,4934,梁友莎,2018-08-07 22:36:57,1,1,0,
87970,4934,梁友莎,2018-10-19 03:06:44,0,1,1,超级赞！
88575,4934,梁友莎,2019-05-01 15:16:49,-7,5,12,为什么我觉得讲的有点乱啊，中英夹杂我确实没太听懂
93653,4934,梁友莎,2019-01-11 06:40:37,2,2,0,老师还是很好的，讲的也很仔细，前半学期讲的基础，但是后半学期的进度有点快啊，被老师问到问题也回答不出来好尴尬哈哈，然而最后一节课还是有点不舍还想听老师的课?
95453,4934,梁友莎,2019-01-19 12:06:44,1,2,1,课件清楚，讲解认真，备课用心
99671,4934,梁友莎,2019-01-25 04:48:32,0,1,1,讲课很清晰人也很温柔！刚考完推荐大家修读
99810,4934,梁友莎,2019-01-25 07:55:02,2,3,1,这波考试我给老师满分了！
102227,4934,梁友莎,2019-01-31 13:50:54,-7,2,9,上课基础耐心，总评94，卡绩了
102240,4934,梁友莎,2019-01-31 14:43:10,1,2,1,讲得太清晰了 非常棒的老师！！
102255,4934,梁友莎,2019-01-31 15:27:30,8,9,1,是真正懂计量的老师，在写论文中很受用，上课思路很清晰，给分很好，人又可爱，想娶！！
102258,4934,梁友莎,2019-01-31 15:32:21,5,6,1,梁姐姐特别特别温柔，而且特别体贴，给分超级超级好！！！
102281,4934,梁友莎,2019-01-31 16:19:22,3,4,1,真的好老师没话说，认真学了一学期满了，大学以来第一门满的专业课嘿嘿，讲的比较基础，但是又偏向实用，是那种付出了努力就可以得到回报的课，很赞。
102286,4934,梁友莎,2019-01-31 22:57:36,0,1,1,好棒ヾ ^_^♪
102326,4934,梁友莎,2019-02-01 02:38:00,1,2,1,梁姐姐是真的有用心上课的老师，上课思路真的非常清晰，注重构建学计量的框架，会把知识点串起来，超级棒！初计听得糊里糊涂也不怕。虽然时间序列的部分因为时间有限，讲的没有别的班多，但是其他部分讲的很清楚详细，对于写公司金融方面的论文有很大帮助！！
102377,4934,梁友莎,2019-02-01 09:43:05,1,2,1,ppt很清晰讲的很有条理，关键是梁老师好温柔啊！！！
102676,4934,梁友莎,2019-02-20 00:02:46,1,2,1,不多说 好好好ヾ ^_^♪
113775,4934,梁友莎,2019-07-07 11:50:47,0,2,2,中计是唯一一门大学满绩的专业课hh感谢老师
120640,4934,梁友莎,2020-01-14 07:20:01,8,9,1,梁老师几乎把我掰直了，人太好了，上课还棒！
121909,4934,梁友莎,2020-01-23 17:11:37,1,2,1,老师太棒了！给分真的超级好！
131834,4934,梁友莎,2021-01-29 04:51:36,2,3,1,中计基本所有老师都上过，梁老师讲得最好了，每节课有复习，结合实际比较少，但是知识点讲得非常详细清楚。\n\n旁听的，给分怎样不清楚，但看评论是很不错的\n\n确实有些中英夹杂，但是也还好吧不会有什么障碍，而且英文确实也重要呀。\n\nppt全英文看得倒有些吃力
132610,4934,梁友莎,2021-02-02 17:20:22,2,3,1,呜呜呜呜梁姐姐太好了太好了讲的好人好给分好数学渣渣也能上4呜呜呜我爱她
132648,4934,梁友莎,2021-02-03 06:08:09,8,9,1,呜呜呜呜呜老师太好了，梁友莎永远滴神！
132897,4934,梁友莎,2021-02-04 16:35:59,30,33,3,几个中计班级的老师我都听过，梁老师真的非常非常认真，一个知识点可以讲的非常细和清楚，但是实例操作确实不多，然后也会结合书本讲一些东西，平时的题目也不难，英语吧其实就是中计本身应有的难度（假如你说heteroscedasticity你也不认识怎么学中计呢），平时课后也会很乐意和我们讨论，虽然不熟悉但是我想应该是一个非常理性的女性，假如我能年长几岁，或者老师能年轻几岁，老师真的是我的理想型、、、、
150307,4934,梁友莎,2022-01-22 07:30:59,-19,1,20,梁老师上课对于评分细则并不讲清，可能会对同学的表现造成一些误导
170135,4934,梁友莎,2023-03-01 12:56:01,16,16,0,上过老师的中级国际贸易学、经济文献选读与写作、中级计量经济学，老师真的是人美心善的代表！专业能力很强，教学很认真，而且深入浅出，讲解非常细致，是非常好的老师。基本上，选老师的课，只要认真上，给分都会不错。中级国贸和经济文献这两门课主要以写论文为主，可以锻炼我们阅读文献和写作的能力。中级计量，老师用英文授课，所以大家需要比其他老师的课多学点英语，但是都在可以接受的范围，老师讲步骤讲得非常详细，很有耐心，大家好好学。总的来说，非常感谢梁老师的教导，希望大家可以选梁老师的课！
170145,4934,梁友莎,2023-03-01 14:08:31,12,12,0,中级计量，给分很好，上的内容略简单，时间序列讲的很浅，但是考试大家懂得都懂，感谢友莎姐姐
170146,4934,梁友莎,2023-03-01 14:15:01,21,21,0,梁老师真的真的真的yyds！如果说初计还是靠背记的话，中计梁老师真的把所有的逻辑讲的清清楚楚明明白白\n\nppt全英，老师上课则中英混用，刚开始以为会增加学习难度，后来发现这些其实对读外刊文献和写英文论文特别有用\n\n另外，所有重要的问题和步骤，除了ppt上有之外，老师还会在黑板上亲手算一遍，方便同学们理解\n\nin short梁老师就是知性大方、温柔体贴、人美心善\n\n如果我是直的，那梁老师这种类型就是我的理想型！！！
170148,4934,梁友莎,2023-03-01 14:27:39,10,10,0,莎莎姐是给分的神！！！1好爱好喜欢！！！
170149,4934,梁友莎,2023-03-01 14:34:40,5,5,0,梁友莎姐姐我的神！
170157,4934,梁友莎,2023-03-01 15:26:59,4,4,0,给分的神
170165,4934,梁友莎,2023-03-01 17:11:01,6,6,0,怎么会有人这么好的老师！！！呜呜呜梁老师把我的专业课全部上走吧～
170287,4934,梁友莎,2023-03-02 13:00:21,7,7,0,给分太好了呜呜！在老师的引导下真的学的很痛彻，初计学的云里雾里的，现在就是一个豁然开朗的状态，老师真的太温柔了！一想到这学期还有老师的课就美滋滋！！
171019,4934,梁友莎,2023-03-14 07:16:32,6,6,0,梁老师上课水平很高，计量方面的知识讲的详细而易懂，而且最后给分很宽松
177802,4934,梁友莎,2023-07-05 02:24:43,3,3,0,这学期中级国贸没好好听，但友莎姐姐讲的那些东西应该挺重要的，对于国贸专业论文写作的提供了很多基础的思路和方法。
178103,4934,梁友莎,2023-07-07 02:45:59,2,2,0,出分比较慢，但是给分无敌好。给ys姐姐跪了
178111,4934,梁友莎,2023-07-07 03:29:48,2,2,0,呜呜呜yosha姐姐人美心善，yyds！提醒其他朋友不许太爱！因为我先来！
178132,4934,梁友莎,2023-07-07 05:34:37,1,1,0,给分又好讲的又好，任何人不上梁老师的课我都会伤心的好吗
178520,4934,梁友莎,2023-07-13 08:51:18,0,2,2,玛德论文写的依托答辩，数据和实证检验都是乱做一气，还给了我4.8。给ysjj跪了
181271,4934,梁友莎,2023-10-12 16:55:48,1,1,0,救命阿，凌晨一点还在秒回学生的邮件😭😭😭快哭了
189688,4934,梁友莎,2024-01-27 01:54:58,4,4,0,2023-2024秋冬中级计量经济学，无点名，梁老师给分实在太好了，太能捞了，感谢梁老师！上课内容和其他老师不太一样，PPT全英文，上课中英混合，进度先慢后快，常常会在白板上进行大段的推导，四次作业，有一个英文的期中考试（应该会捞）
190538,4934,梁友莎,2024-03-07 11:46:52,0,0,0,人美心善，给分很好，上课认真
191140,4934,梁友莎,2024-04-08 03:49:22,4,4,0,友莎是仙女！！！！！有幸选中了友莎当本科生导师，真的对论文辅导无微不至！！！我真的感动得快哭了！！！给分好！上课好！！
191346,4934,梁友莎,2024-04-18 05:01:18,0,0,0,老师超级超级好 讲课认真给分好
193396,4934,梁友莎,2024-06-09 07:37:41,6,6,0,祝好，\n\n友莎
195678,4934,梁友莎,2024-06-29 13:15:25,2,2,0,伟大，无需多言
196673,4934,梁友莎,2024-07-04 17:26:32,0,0,0,中级国贸，给分超好。
196767,4934,梁友莎,2024-07-05 04:22:20,3,3,0,经院给分最好的老师没有之一，真的给分无敌巨好，在她的课上拿4以下的绩点只能说明平时一点没学。\n\n老师人也巨好，讲课也非常清楚，清晰易懂
197342,4934,梁友莎,2024-07-11 05:26:29,4,4,0,中计的讲解很细致，让我在初级计量没怎么学懂的情况下真正理清了计量的基本框架和知识点；最后期末考的感觉发挥一般，答题时模棱两可的地方很多，但是给分真的很好，感动！
218369,4934,梁友莎,2025-04-23 02:52:04,2,2,0,很强的老师，本科武大数理班博士香港中文大学，很有科研实力计量讲得也很清楚
221757,4934,梁友莎,2025-06-26 04:22:00,3,3,0,你们不许给梁老师打10分以下的分数😭👊要打的话就在这个评论点踩好了😭👊
86952,5087,郑加成,2018-09-19 13:54:42,2,2,0,有考试……
94530,5087,郑加成,2019-01-17 05:33:51,0,0,0,老师人很好，作业很少，轻松，就是上课学不到东西。分数还没出，希望给分好！
101780,5087,郑加成,2019-01-29 05:08:48,2,2,0,老师很为学生着想
103217,5087,郑加成,2019-02-27 01:52:09,1,6,5,老师每节课都会点名不过是以签到的形式，包括微信群签到（就是线上签到）。平时基本无作业，就是一个个人营销的自我介绍。考试开卷，老师最后一节课会给PPT和考试题库，还是很轻松的。
147775,5087,郑加成,2022-01-10 22:01:00,3,3,0,>0 + X\n\n郑 加 成
150198,5087,郑加成,2022-01-20 07:50:07,3,3,0,给分差 慎选
153751,5087,郑加成,2022-05-10 05:28:24,0,2,2,我认真完成了营销展示，老师没有要求做ppt，我自己做了ppt，是自己思考过的案例，因为我不想做千篇一律的展示，被老师批评说扯太远。我觉得如果是观点的不同老师应当引导而非全盘否定，大学课堂更应该求同存异促进思考不是吗？怎么老师会照本宣科，不鼓励新的想法呢？最后的论文也费了功夫，自己绘图自己写，查重也符合要求。却得到了有史以来的最低分，想来可能还是pre的分数不高（尽管我被批评以后，后面有再按照老师的要求重新替换了案例），尤其是他的批评并没有get到我展示的内容，甚至我怀疑他都没有认真听。就很不服！\n\n\n\n老师上课挺温和的，就是思想太陈旧了。
130368,5316,金雪军,2021-01-21 11:47:40,-4,9,13,金老师上课好，非常专业，值得推荐！
214584,5316,金雪军,2025-02-13 23:27:33,1,1,0,可爱的老师[强]
124403,5721,周默涵,2020-06-30 07:10:04,22,27,5,虽然只上了半个学期课，但是真心不错，经济学素养很好。
128412,5721,周默涵,2020-12-22 13:12:41,-7,2,9,我就想问问 给分高吗
132553,5721,周默涵,2021-02-02 08:30:34,7,8,1,上网课 感觉老师还蛮好的
134558,5721,周默涵,2021-04-01 10:31:17,20,21,1,老师上课真的很好，人也很有趣，学到了很多！
135657,5721,周默涵,2021-05-18 06:25:39,8,8,0,上课还不错
136492,5721,周默涵,2021-06-19 03:19:59,9,9,0,老师上课和给分都挺好的
140750,5721,周默涵,2021-09-15 15:41:48,19,20,1,老师人非常好！给分也很好！最重要的是，老师非常重视学生们的感受，有问题老师会跟着一起讨论，而且我课后去发邮箱问老师问题，老师也回复得很快，完全没有不理人的那种感觉。总之，上周老师的课，给人一种朋友间讨论的感觉，而且给分也很好！
143995,5721,周默涵,2021-12-15 10:34:24,5,9,4,老师复刻论文作业太离谱啦，开源的论文都有数据和代码（说没有代码的都是骗人的，都在文件夹里），好不容易找到一篇有数据没代码的，看数据集有蹊跷，做一半问作者才发现部分数据是专有的没放上去，要吐啦
144004,5721,周默涵,2021-12-15 14:55:35,6,6,0,论文复制好难🤯
145430,5721,周默涵,2021-12-29 13:16:36,9,11,2,这老师经济学院的男神、经院有两位姓周的男神
148330,5721,周默涵,2022-01-12 06:58:29,3,6,3,周老师的文献课实在是太难了，无stata之类的软件基础的同学选这门课等于白给，就算会也差不多白给，反正都是白给，我靠也太肝了吧
149206,5721,周默涵,2022-01-14 19:08:22,7,10,3,周老师 您睡了吗？我睡不着
149338,5721,周默涵,2022-01-15 06:29:10,-9,6,15,复刻论文肝要废了，从0开始掌握stata
161551,5721,周默涵,2022-11-08 17:05:48,-11,2,13,根本听不懂啊
169627,5721,周默涵,2023-02-27 07:49:34,-16,3,19,666，搞绩杀，6666666
170676,5721,周默涵,2023-03-08 03:16:23,9,10,1,太强了
178448,5721,周默涵,2023-07-12 02:24:32,11,11,0,客观来讲，周老师的大作业——文献复刻的工作量的确不小，要求也很高。如果想把大作业做好，考验的寻找数据、写stata代码的能力很可能是之前的课没有训练过的，所以大部分人会觉得很难。不过如果真按周老师要求来，给分是相当相当不错的。
183592,5721,周默涵,2023-11-27 14:02:55,7,8,1,微观经济群真好玩，太精彩了
186943,5721,周默涵,2024-01-13 17:01:13,8,8,0,周周真的很好 遇到过最好的老师 虽然说话有点直接 但是很直率 很好的一个老师！！！ 都给我无脑选好吧！！
191754,5721,周默涵,2024-04-29 21:56:31,3,4,1,老师讲课很有耐心，很关心学生有没有听懂
192583,5721,周默涵,2024-05-24 09:25:11,4,4,0,老师人真的好🥹🥹
198420,5721,周默涵,2024-09-09 00:33:27,2,2,0,老师人非常好！给分也很好！
214334,5721,周默涵,2025-02-01 08:19:18,5,5,0,讲得非常好，给分也很高
214945,5721,周默涵,2025-02-19 08:13:36,6,6,0,好，微经听的像脱口秀
215113,5721,周默涵,2025-02-21 09:57:46,4,4,0,好喜欢老师的微经课，真的很有意思
215913,5721,周默涵,2025-03-07 04:22:56,2,2,0,老师人很好！作为班主任愿意花很多时间和同学们聊人生规划，受益匪浅
217127,5721,周默涵,2025-04-02 06:38:16,7,8,1,老师人好，讲课也幽默，只不过我是傻逼罢了学不明白微观经济学
125619,5972,易艳萍,2020-09-12 11:25:20,10,14,4,真的绝了，讲课讲课不清楚之外，给分巨差，大学最低绩点真的哭了，考完试感觉虽然不是那么好但也决不可能那么差，从来没有给老师评分，真的忍不住了！！
126346,5972,易艳萍,2020-09-23 08:14:43,8,9,1,给分真的烂
128953,5972,易艳萍,2020-12-27 11:37:11,-14,2,16,1.老师下课后会耐心解答同学问题；2.老师上课按照自己的风格来。讲的顺序个人感觉跟伍德里奇的教材讲的顺序比较像，李子奈的时间序列部分感觉有点乱；3.我只能说自己是认真学了的，最后满绩了。就这点来说，只能说老师给分比较客观了。我相信自己不是最努力的，但其他同学没怎么努力想在硬课上混个好分数建议找别的老师。但老师本身是很负责的，助教也挺好的，还记得有一次跟助教讨论时间序列的问题讨论到了半夜两点。总之，老师还是挺好的。
136379,5972,易艳萍,2021-06-17 07:49:59,18,19,1,这学期修的金融计量，我就是废物，学不懂。
136404,5972,易艳萍,2021-06-17 14:24:48,8,8,0,真的不会，编程笨蛋，计量fw，0基础上手时间序列，8周上课糊里糊涂，球球了，期末分别太难看！
147924,5972,易艳萍,2022-01-11 07:15:33,1,1,0,老师上课很佛系倒是真的，期末有给自己整理的笔记，态度也很平易近人，但上课内容确实还需打磨。
150630,5972,易艳萍,2022-02-06 06:28:48,1,2,1,初计讲的很清楚，尤其是数理推导部分，还是要让年轻老师上比较好，老师自己是做时间序列这块研究的，授课自成体系
154316,5972,易艳萍,2022-05-30 02:51:17,5,5,0,老师😭😭😭你真的上课很认真，计量水平也很高！但我真的不会计量、数学废物，上课全都听不懂😱😱😱救命啊，一句话都听不懂，也不知道咋复习！期末要完大蛋了😢谁来救救我啊！！！😪😪
156852,5972,易艳萍,2022-06-21 07:06:17,-2,2,4,我爱易艳萍^_^
158379,5972,易艳萍,2022-06-29 00:59:50,4,4,0,金融计量，只有七个课时时间很紧张，但讲的很好，很用心，比这门课的另一位老师要强上不少
158440,5972,易艳萍,2022-06-29 09:24:05,4,4,0,老师讲课很清晰，给分也很好，完全捞起了另外一半…
158497,5972,易艳萍,2022-06-29 23:58:17,-1,2,3,好老师，给分好，讲的牛逼
159417,5972,易艳萍,2022-07-18 09:00:39,3,3,0,老师授课很认真，逻辑体系也比较清晰，但是金融计量模型真的太太太难了！！！真的学不懂😭😭
174465,5972,易艳萍,2023-06-12 16:06:08,13,13,0,比另一个老师好一百倍，建议易老师多一点课时（另一个我想大家都知道是谁）
174598,5972,易艳萍,2023-06-29 06:27:51,6,11,5,萍姐！我的神中之神！下一届萍姐上16周了，金融学学生啊，你的好运还在后头！\n\n另外某些人真的搞笑，金融计量不上计量，那上什么？
174755,5972,易艳萍,2023-06-17 04:35:24,3,3,0,易老师人特别特别特别特别好 讲课非常非常清楚 很有条理 很仔细 下课去问她问题会特别特别耐心解答 好爱你啊老师！为什么可是这么少🥲🥲！
174767,5972,易艳萍,2023-06-17 08:37:55,-17,5,22,不反对易老师确实讲得很好很清晰，而且还不点名，但是反感所谓老师课多了之后几届学弟学妹就有福气的说法--并不是所有人，甚至只有10％的人以后会用到这些知识，把商科教育发展成全是计量的经济学教学，不是一种成功而是一种失败。
175016,5972,易艳萍,2023-06-21 05:18:26,8,8,0,老师求捞😭，ldm太可怕了
176890,5972,易艳萍,2023-06-30 14:32:29,10,10,0,及格了，感谢易老师海底捞。每天担惊受怕还要被ldm迫害一次
176993,5972,易艳萍,2023-07-01 03:43:47,8,10,2,不接受反驳，萍姐就是满分。计量讲的又耐心又清楚，考前问她问题大晚上她都直接回消息，还会夸问的是好问题，我真的就是一整个哭死。\n\nps，下面那个说什么多少人用不上的，什么商科的，你能不能搞搞清楚，你用不上的多了，微积分这些你又用得上嘛。而且如果你专业是金融上金融的计量有什么好抱怨的，如果你不是，你想走商科，大可以去你觉得水的专业去混，也没人求你来😘
177039,5972,易艳萍,2023-07-01 08:35:21,4,4,0,易老师真的很好，很温柔，讲课很有调理，还会关心学生的反馈！真的神仙老师！
177612,5972,易艳萍,2023-07-04 02:26:34,10,11,1,反对楼下所谓的商科教育。你的逻辑有问题吧。。。这门课本来就是金融计量模型，不是什么商业管理也不是创业思维培养，学院的锅能放到一个学术和教学能力在经院都是顶尖的老师身上？
194434,5972,易艳萍,2024-06-27 14:07:15,1,3,2,经院质量最高的课之一了，老师也是讲课最好的老师之一了，给分希望也是最好的之一吧\n\n个人感觉给分还可以 应该是好好学成绩不会差的课
195248,5972,易艳萍,2024-06-27 12:13:02,-2,3,5,给分好烂……罗德明此身分明了
195454,5972,易艳萍,2024-06-28 06:16:39,0,3,3,没学中计，直接选了金计，作业做起来有点痛苦，但只要认真听课认真复习收获非常非常大，考试比作业简单很多，给分也很好！
195899,5972,易艳萍,2024-06-30 15:09:17,1,3,2,经院里算是课讲得不错的老师\n\n虽然讲的内容比较少，但推导啊思路什么都很清晰
197337,5972,易艳萍,2024-07-11 04:55:08,2,2,0,还是很喜欢金计的课堂，质量超级高，可以说是经院里面最好的一批了，作为必修课大家上过之后应该都有切身体会。给分的话自认为掌握得还算扎实，而最后没有预期的好，甚至有点小失望，但是从学东西的角度上一学期下来还是收获不少。
220878,5972,易艳萍,2025-06-20 08:56:52,2,2,0,易老师海底捞！！！！女神级别！！！！
221249,5972,易艳萍,2025-06-22 08:09:29,-1,1,2,讲课不错，给分真的烂
221871,5972,易艳萍,2025-06-27 04:08:18,1,1,0,看到给分裂开了。。。
221879,5972,易艳萍,2025-06-27 04:57:20,1,1,0,老师水平确实很高，整个课程体系非常有逻辑，数理推导讲得很清楚，只能说课程没问题，是我太菜了😮‍💨\n\n平时会有随机的小测，但可能实质是点名，有三次作业，有点难度，借助ai帮助应该可以做得不错。\n\n期末卷子很活，跟作业差别有点大，可能更注重对知识原理的把握。给分大家普遍觉得捞，但我个人觉得中规中矩，跟我预料的差别不大，比预计略低一两分，也有可能是我期末考得一般般😭\n\n总而言之这个课还是很有内容的，是门值得推荐的大硬课
221982,5972,易艳萍,2025-06-28 07:58:01,0,0,0,是一个较严格的老师，给分属于会比你预期低1-3分这样子，但是也不算特别不好；讲课真的好，一看就是有水平，大三下最值得上的课哦~
123566,6041,龚勋,2020-06-10 04:37:23,15,17,2,龚老师人超好！！！！感天动地好老师！中微虽然难度大，但老师讲解很耐心，认真听，认真做题没问题的，最后给分也很好！！
123740,6041,龚勋,2020-06-13 06:17:33,6,9,3,金试宝宝们的福音～我爱龚老师！
136969,6041,龚勋,2021-06-29 03:48:02,6,7,1,超爱龚老师！
147120,6041,龚勋,2022-01-08 21:03:48,4,5,1,出分了，啥也不说了。十分!
166095,6041,龚勋,2023-01-11 06:10:50,3,5,2,Grace我的神啊啊啊啊啊！\n\n虽然全英文的中微艰巨到想毁灭，但龚老师上课真的很有条理，回答问题也循循善诱，温柔而有力量，良师益友大概就是这样的吧呜呜呜呜呜。\n\n由于这个学期课程安排的原因，我们只有三次作业+期中考+期末考。期中考前我对自己还挺自信的，结果期中考题不难但很灵巧，直接教会我做人😭所以在学的时候一定要把ppt上的内容和例题理解透！不会的一定要问老师😭\n\n感谢Grace姐！！！
166352,6041,龚勋,2023-01-12 05:03:50,5,6,1,Grace姐姐人美心善，讲英语超好听，太棒啦😍
174086,6041,龚勋,2023-06-06 06:59:06,2,3,1,老师其实讲的很清楚，课程内容本身有点难度。对于解答问题，老师也很认真负责！认真听基本上考试的内容都和教学非常一致！老师很温柔，好老师！
181246,6041,龚勋,2023-10-12 05:40:06,0,1,1,很好好
186301,6041,龚勋,2024-01-10 11:44:55,0,1,1,特别好特别善良的老师！！
190008,6041,龚勋,2024-02-08 11:57:25,3,3,0,老师上课水平蛮高的，各种公式定理说的也很清楚！也会和大家聊一些题外话，最后倒数第二节课还做了一个博弈的小游戏，总的来说上课水平蛮高的。但是可能是因为全英文的原因，每次写作业都会写的很痛苦，真的很难受每次。考试的话老师并没有为难我们，给分一般般吧。私以为期末考试写的还可以，期中考试分数也不算低，最后得分一般般。感觉还是配不太上自己的努力。
198582,6041,龚勋,2024-09-10 05:24:26,2,3,1,我好爱她！！她好好好好好！
199540,6041,龚勋,2024-09-25 05:50:32,2,2,0,讲得好，给分比较求是
210190,6041,龚勋,2025-01-08 10:26:21,3,4,1,人美心善 博弈论小游戏还发巧克力🩷🩷🩷 老师答疑真的很耐心的 考试感觉捞 很捞！考试之前一定要看一下作业和历年题很重要会考原题的！
210196,6041,龚勋,2025-01-08 10:40:37,1,3,2,全英文中微路过，给分超级好，人美心善声甜的姐姐，没点一次名～
210212,6041,龚勋,2025-01-08 11:35:57,2,3,1,出分来评价，老师超捞啊啊啊！考完试感觉凉了出分眼前一亮。老师上课口语很棒讲得也很好，作业感觉认真做平时就会给满。
210213,6041,龚勋,2025-01-09 03:16:00,0,1,1,有巧克力吃。好！\n\n不点名。好！\n\n老师人美心善，死了刺激方程不会做是我个人问题。感谢Grace老师
210222,6041,龚勋,2025-01-08 12:12:04,0,1,1,人美心善的gx老师！！不点名自由度比较高～而且给分很好！
210231,6041,龚勋,2025-01-08 13:08:21,1,1,0,。。。给分配不上努力 可能我智商有问题
210361,6041,龚勋,2025-01-09 03:50:59,0,0,0,人美声甜给分好
121922,6078,刘晓彬,2020-01-24 01:36:07,1,6,5,给最帅最可爱的lxb老师打call，希望平时多多注意身体，老师可爱的广福口音和鼻炎梗会一直记得😂
129849,6078,刘晓彬,2021-01-13 03:52:04,10,12,2,记得给好评😀
135483,6078,刘晓彬,2021-05-11 08:51:59,1,2,1,老师非常好，值得选！
141700,6078,刘晓彬,2021-10-20 14:59:25,0,0,0,老师超好！讲得很详细，学到了很多
142237,6078,刘晓彬,2021-11-09 06:32:47,1,2,1,老师真的超好，非常照顾学生，人也很亲和，建议选一下他的python课。
150000,6078,刘晓彬,2022-01-18 09:09:07,5,6,1,我受不了了这个期末作业的布置太有问题了，怎么可以考完试后才发大作业完全没有假期了！而且整个学期就一次期中一次期末共两次作业，比重又大，太烦了！
150321,6078,刘晓彬,2022-01-22 10:21:31,12,12,0,老师您睡了吗，您的作业做的我睡不着..
150740,6078,刘晓彬,2022-02-16 09:45:19,1,3,2,上课真的太快了点，快到很多时候根本无法跟着他的语速和思路必须课后智云，期末作业也很辛苦，布置得也很晚，寒假第一周边实习边熬夜写作业的感觉真的不愿再体验…但是给分不错，也真真正正学到了很多真的有用的东西，还是很值得的，感谢老师！
150773,6078,刘晓彬,2022-02-18 06:06:12,0,1,1,学术水平很高的老师！希望学院多引进这样的人才！
167976,6078,刘晓彬,2023-01-21 03:59:07,0,1,1,人很好水平很高，但不应该上投资学这门课，这门课实在太鸡肋的，也许开一门老师自己研究的贝叶斯会更加有帮助，祝老师鼻炎早日康复（？
168121,6078,刘晓彬,2023-02-04 11:24:39,7,7,0,啥比，要ddl了开始改作业，现在还有六天，是v7，推荐m选他的课
168155,6078,刘晓彬,2023-02-07 06:31:55,19,21,2,本来想等出分再评，但是实在忍不住了。。。\n\n我承认经统教的python真的很有用，老师教的内容也很有用\n\n但是！老师您能不能去补习一下语文，真的有的题目说明完全看不懂\n\n以及不要再离交作业还有10天的时候改题目，这让我们这些做完的同学怎么办\n\n截止2023.1.30我们的作业题目已经修改到了第六版......\n\n希望不要有第七版第八版再出现了......\n\n###一些补充###\n\n今天是2023.2.7，我们的ddl是2023.2.10\n\n他竟然，给出了某一道大题的第一小问的全新说明\n\n这意味着，我需要把那个题从头到尾改一遍……这段时间我已经改了三四次了。。。\n\n这两天他每在群里说一句话我就要重新改一遍代码，孩子真的会疯掉的。。。
168230,6078,刘晓彬,2023-02-16 12:09:01,5,6,1,私戳的时候态度差的要死，作业一天一个版本，对学生毫无尊重，希望你对你的领导也是这个态度
168300,6078,刘晓彬,2023-02-09 14:46:27,3,4,1,啥都不说了 想哭
168310,6078,刘晓彬,2023-02-20 02:57:37,-2,2,4,首先，我认可老师非常敬业上课很认真，学习上也很有收获。但是作业写的我真的快要崩溃了。希望老师给分能够善良一点，有些小细节希望不要死扣。感觉有一些表述不清的地方的不同操作，很有可能对整道题目的答案都有影响。🥺\n\n补充：给分不错 感谢老师！
168580,6078,刘晓彬,2023-02-20 02:53:07,-7,1,8,查老师均绩不骗人
168581,6078,刘晓彬,2023-02-20 03:01:44,8,10,2,建议选SAS或者R
168582,6078,刘晓彬,2023-02-20 03:08:31,6,7,1,这门课还是比较有用的，但主要还是自学实践为主吧，老师的作业表述也不大清楚，做的时候会有些困扰。个人感觉作业做的应该差不多，但是给分好像一般？
168584,6078,刘晓彬,2023-02-20 03:23:48,2,3,1,真的不行，语文水平差，话表述不清，上课经常自己不会在那查百度。这种计算机课还是让计院老师来上吧
168589,6078,刘晓彬,2023-02-20 04:05:53,7,7,0,査老师均绩经常骗人
168590,6078,刘晓彬,2023-02-20 04:09:05,-6,2,8,谢谢老师，虽然题目改了好几版，但给分太好了
168605,6078,刘晓彬,2023-02-20 07:05:10,1,3,2,老师挺好的，多幼稚的问题都会回答，而且回答得很及时。给分也还不错。
168611,6078,刘晓彬,2023-02-20 08:36:34,1,1,0,作业题目表述不清，给分差
168990,6078,刘晓彬,2023-02-24 02:50:30,0,0,0,666
170150,6078,刘晓彬,2023-03-01 14:38:16,1,1,0,期末大作业做得很崩溃，从早到晚搞了好多好多天，给分一般
170544,6078,刘晓彬,2023-03-06 09:48:42,1,1,0,作业布置得确实很不合理。对非金融专业的同学来说，得先从老师不太规范的题目描述中（而且题干还会在布置之后反复更改，甚至ddl前三四天还在改）理解许多专业名词和概念，然后才能写程序。而且基本上都是面向CSDN编程，题目数量对我们这些不精通python的软件小白来说实在太多。基本一整个寒假都在写这份作业了，但是感觉老师比较注重结果？一些努力的过程也看不到，估计是输出结果有出入就一律判错了，要不然也不会出分那么快。\n\n总之，还是希望这门课能在考核方面继续优化，题目可以少而精，或者至少给一些过程分，而不是把做了1%和99%的人都判零分。
171682,6078,刘晓彬,2023-04-01 12:40:56,4,4,0,之前评价过的但是修改不了了\n\n老师马上要去别的学校了......可能Python后面就没人教了\n\n想想还是有点遗憾和可惜的\n\n虽然课程中间有各种各样的问题\n\n但是Python无论是科研还是实务确实都很有用的\n\n以后的学弟学妹可能就需要自己自学了，没有人来教授了。。。\n\nsrds祝老师一路高升~
128053,6110,张文章,2020-12-04 11:33:02,1,1,0,人非常好，课值得选！
128407,6110,张文章,2020-12-22 11:07:40,1,1,0,老师人超好！讲课特别认真！！
130367,6110,张文章,2021-01-21 11:45:39,1,1,0,张老师课讲得太好了，值得推荐！
133595,6110,张文章,2021-03-02 14:04:14,1,1,0,非常好的老师，非常认真。
168071,6110,张文章,2023-01-25 13:41:15,1,1,0,张老师非常认真，课程值得选。
189367,6110,张文章,2024-01-23 12:19:27,1,1,0,张老师讲的节奏较为合适，课上就能搞懂知识点，给分比较实打实，因为出的思考题比较难
189380,6110,张文章,2024-01-23 14:25:49,1,1,0,老师人很好，很亲切，讲课很细致。但是作业题很难，查老师均绩很有参考价值
208645,6110,张文章,2024-12-30 11:06:49,1,1,0,很好的老师，讲的很清楚
213294,6110,张文章,2025-01-17 01:12:03,0,0,0,讲课节奏适中，对同学很友好
213362,6110,张文章,2025-01-17 04:56:30,1,1,0,讲课条理清晰，节奏适中，待人温和，是一位好老师
213465,6110,张文章,2025-01-17 13:43:39,1,1,0,感觉张老师脾气特别好hhhh，讲的很好，谢谢老师一学期的辛苦付出～
214087,6110,张文章,2025-01-23 16:07:14,1,1,0,张老师人非常好，课讲的也很清楚，是大学碰到的最好的老师之一！
215530,6110,张文章,2025-02-27 15:15:21,1,1,0,讲得很清楚，人也很nice，学到了很多
204601,6318,龙怀钢,2024-11-27 03:35:18,0,0,0,其他课没上过，R语言应用讲的很一般，会压分
122270,6427,方岳,2020-02-21 15:35:13,9,9,0,老师很博学，讲的东西很有趣味，也很乐于和同学交流。讲课速度太快，内容比较多，部分主题对本科生有点难理解。
122343,6427,方岳,2020-02-25 00:35:23,19,20,1,nice teacher. can’t ask for more
122792,6427,方岳,2020-04-07 11:18:08,2,3,1,爱了爱了
125224,6427,方岳,2020-09-04 03:04:26,13,13,0,未来的爆款方哥哥，上课超好而且声音好听，最爱用阿晖举例hhh
125237,6427,方岳,2020-09-04 07:39:04,0,1,1,好老师!
125240,6427,方岳,2020-09-04 09:16:43,4,4,0,啊晖完美
125289,6427,方岳,2020-09-05 14:19:03,3,3,0,老师人真的太好了😭，非常认真负责的年轻老师，每周都会安排答疑时间，课程前发问卷调查大家的基本情况，课程结束后也发问卷征集大家对课程的改进意见，讲课也很幽默风趣。不过金融学这门课知识点很零散，考试比较难顶，选个性的同学还是慎选吧，感兴趣的话可以旁听。
125297,6427,方岳,2020-09-05 23:26:09,2,2,0,方老师的PPT和思维导图都很清晰，考试之前给的考试重点也特别有用，复习起来会比较有条理和侧重。大学课程真的很少有老师帮你做好思维导图的啦！ilil！
125299,6427,方岳,2020-09-06 01:46:24,0,1,1,老师很棒！但PPT里常有bug，希望老师今后做PPT能多仔细检查哈哈哈哈哈哈哈哈哈
134194,6427,方岳,2021-03-18 14:22:34,3,3,0,好喜欢他是个很温柔的人有时会让人发困讲课超级有意思啊好尽职的！
135941,6427,方岳,2021-06-04 04:32:50,4,5,1,方老师完美理想型。
135962,6427,方岳,2021-06-06 02:16:11,3,4,1,我代表我自己同意上一条观点 完美理想型\n\n和我室友都超级喜欢他 本身性格就很讨喜温温柔柔\n\n但金融学知识点很零散看得出来老师努力了不知道我期末能不能顶得住\n\n上课上得还好也很乐意和学生交流 还准备给我们讲座关于金融学的检索信息\n\n学长学姐也都说他真的很棒哈哈哈哈哈哈哈哈\n\n的确是个理想型男孩理想型老师
136593,6427,方岳,2021-06-21 13:02:49,1,1,0,男神老师
136761,6427,方岳,2021-06-24 06:20:59,2,2,0,强烈建议方岳老师金融学！！！超级棒QAQ
136763,6427,方岳,2021-06-24 06:23:31,1,1,0,老师，你是人间天使，把我从上课一直水课的人拉了回来，太好了
136835,6427,方岳,2021-06-25 10:36:50,1,3,2,结课了好不舍得啊希望老师多多开课！彻底爱上这个专业了！很为学生着想，强烈安利老师的金融学课程。
138150,6427,方岳,2021-07-07 14:24:50,11,13,2,第一位本家老师，也可能是第一位老乡老师（狗头保命），fygg真的很棒，yyds\n\n课上准备的内容很充分，也有非常多拓展视野的补充知识（包括职业指导书啊等等），而且也是我见到的第一位帮我们画好思维导图的专业课老师；开的金融数据搜集的讲座很实用，也对之后的学习帮助很大\n\n给分上简直没话说，跟隔壁wwa比真的好太多！！！总评至少白送10分，作业和期末也都会调分，而且我们还拥有一张绩点调整卡（懂得都懂）\n\n总之，一学期下来，金融学体验很棒\n\n正如楼上所言，fygg一定是未来的爆款！
138328,6427,方岳,2021-07-08 14:07:40,13,14,1,方岳gg真的太爱了已经不知道该怎么形容了。PPT简明直接重点清楚很适合补天复习用，每一章节还会亲自为我们梳理知识导图；每一周都会有两次答疑的时间，考试周前一周安排了三个下午的答疑，我觉得这些都是没几个老师能够做到的。专门为大家设计问卷规划本科的学习，安排讲座介绍数据的搜集，上课也在不断用有趣的情景来帮助大家理解略显枯燥的金融学理论。答疑的时候也是超级有耐心特别温柔，考试后还有调分。真的强烈推荐学弟学妹选择fygg的金融学。
138335,6427,方岳,2021-07-08 14:20:50,3,4,1,首先真的很感谢方老师，一个学期尽心尽责把原本学长学姐口中的大水课金融学上的如此通俗易懂，而且最终给了96的总评，真的非常感恩！希望老师科研工作一切顺利！老师教导论课属实屈才了，感觉按老师的能力应该可以将很多的专业课上的都很生动易懂，希望以后还能选到老师的课
138358,6427,方岳,2021-07-08 16:23:28,1,2,1,首先老师水平很高，给分也很好，总评96分，拯救了我这次因为微积分掉了好多的均绩，上他的课简直超级开心，每周四我都很期待，应该是目前开课的金融学老师里讲得最好了吧，性格很温柔谦虚但是实力又强，屈才了老师！希望生活开心，工作顺利！谢谢老师！我现在超级爱这个专业，感觉在老师身上我看到了一个金融人该有的样子！上他的导论课真的很有用！收获超大！优点太多不赘述了！学弟学妹们上课的时候慢慢了解吧！请问会有谁会不爱方岳哥哥呢！
144977,6427,方岳,2021-12-26 07:20:46,5,5,0,方岳老师真的太好了！是我入学两年最喜欢的老师之一。原本以为金融学会很枯燥，没想到老师会讲得这么生动，可以全程跟下来，每一章还会给我们总结思维导图，办了一次讲座介绍怎么搜集数据。强推一波！而且真的好温柔，男神老师！给分也不错！个性跨专业也可以考虑的。
155011,6427,方岳,2022-06-07 11:49:30,13,14,1,作为方岳老师的硕士生，真是十分惊喜了。（不知道我是不是开山大弟子，哈哈哈）
155185,6427,方岳,2022-06-09 06:41:30,3,3,0,从课堂质量、趣味性、给分到体谅学生，还有纯自发的英文资料分享和生涯规划，全部是完美的级别\n\n改选上老师是我的运气，希望能用好成绩好发展回报
156269,6427,方岳,2022-06-18 15:19:05,2,2,0,金融学体验非常棒！虽然绩点没有达到预期，但是感觉听他上课就很值！一点都不无聊，能学到东西
156401,6427,方岳,2022-06-19 11:25:37,1,1,0,吹爆好嘛
156516,6427,方岳,2022-06-20 06:40:24,-2,5,7,fy giegie yyds!!!\n\n真的是我遇到最完美的老师 上课上的真的很不错 讲的超级清楚 最后一节课更是从生涯规划的角度给我们讲了很多 眼光没有局现在课堂和考试 非常感动\n\n而且给分超级好!真的好捞啊!一个学期一共考前补天一天半金融学 最后4.8 看到绩点我直接哭出了声 以后还要选fy giegie的课
156609,6427,方岳,2022-06-20 11:47:23,1,2,1,老师太好了！！！
158270,6427,方岳,2022-06-28 03:02:53,2,3,1,方岳gg yyds
159354,6427,方岳,2022-07-14 09:11:13,2,2,0,fygg讲课比较有趣，可以把概念都讲清楚，然后也有小故事啊视频这些，课间还给大家放歌，虽然下午的课大家基本都一脸困意哈哈哈。老师的作业比较难，也比较费时间，每次发作业都和室友抱团痛哭（bushi）最后考试没有作业那么难啦，给分也可
163721,6427,方岳,2022-12-16 04:17:24,0,0,0,上的是方岳gg的金融学，上课梗很密集，但其实期末复习的时候看着干巴巴的知识点会觉得枯燥，很难想象fygg是怎么把他们变得那么生动的，大一上的课，直到现在还记得金融工具有酸辣粉和麻辣粉，真的大爱！！最后给分也很好的！
163847,6427,方岳,2022-12-16 08:28:27,1,1,0,fygg，上课有趣，题目就算很难但是因为出得有趣所以很有坐下去的欲望，真心地帮助每一位学生弄懂金融学究竟是什么，哪怕这门课本身非常鸡肋。男神😘
176259,6427,方岳,2023-06-28 07:31:42,0,0,0,求fygg捞我
177524,6427,方岳,2023-07-03 14:53:52,2,2,0,fygg这次怎么没捞
177586,6427,方岳,2023-07-04 04:42:39,11,11,0,虽然fygg这学期金融学给分变得超级超级求是，但是我还要打十分，因为fygg讲的真的是太好了
177611,6427,方岳,2023-07-04 02:21:37,3,4,1,考完了，自己的成绩并没有想象的那么好，当时考试的时候也有很多大佬四五十分钟交卷，自己一个多小时写完就出去了，想着题都很简单，应该最少可以上四的。但是回头跟同学交流时候发现有很多小问题，比如有个债券价格的，内部收益率YTM是债券一个内部的收益率，跟利率是没啥关系的，后边的主观题做起来简单，但是感觉分数是被扣了很多的。我觉得最后一道题目不是背过四个半传导途径就可以拿到20分的，否则平均分应该会至少上升10分。\n\n就像老师课后结语那样说的，我相信老师助教是用心捞过的，不然不可能所有人都60分以上。作为一门基础概论课，金融学是我们以后学习的一个基础，学起来确实简单没什么考点，但是真正掌握是需要我们花四年时间深入学习理解每一个概念的。
194644,6427,方岳,2024-06-24 23:59:44,2,2,0,超级好老师
196094,6427,方岳,2024-07-01 14:13:03,4,4,0,不管老师捞不捞，都给fy老师打十分，以下有几个细节供大家参考：\n\n1.老师之前不会在课前上传ppt，所以第一节课结束后问老师能不能课前上传ppt方便做笔记，此后一个学期老师都提前上传ppt\n\n2.会布置三次作业，每次作业可以做三个星期（其实一个晚上就够了），减轻负担。公作业答案会及时公布。\n\n3.作业批改认真，作业的分扣哪里了会在学在浙大上跟你说，不会只有一个分数or不公布分数\n\n4.ppt做得简洁易懂，有层次和逻辑，看到98上很多人求fy老师的ppt\n\n5.老师会在学在浙大上上传每一章节的思维导图，结构理得很清晰，复习很有用。\n\n6.最后一节是总结复习课，梳理了一个学期以来的内容。此外，fy老师还和我们探讨金融以后工作的方向，以及为了学好金融可以做的努力。\n\n7.答疑很耐心\n\n上课讲得生动细致这些不必多说，能把金融学散散的知识点组织起来。fy老师是一个很棒的老师。
196226,6427,方岳,2024-07-02 10:36:18,4,4,0,给分求是，但除此之外都很好！
207996,6427,方岳,2024-12-25 07:13:20,0,0,0,老师真的超级无敌好，不会点名，教的也很好，绝对10 分
220258,6427,方岳,2025-06-17 03:19:02,2,2,0,老师讲课好好，也很有趣，虽然选的不是fy老师的课但是金融学全是从fy老师的智云课堂，ppt， 和思维导图学到的\n\n本人是留学生，在浙大上学 = 90%靠自习和AI帮忙讲解的\n\nfy老师是第一个让我真正有“被老师教导”的感觉
121978,6469,余一帆,2020-01-27 11:40:08,4,9,5,老师人还可以，PPT质量较高，但是上课比较抽象，微观经济学还是主要靠期末自己冲刺吧，最后成绩也比较满意。
121979,6469,余一帆,2020-01-27 11:40:40,4,8,4,可能是因为第一次上课，老师刚开始上课时讲得蛮无聊的，但也在变好。不得不提的是，老师的ppt做得是真的好，让我在期末补天的时候自己看也能看得很明白。最后因为自己题目出得较难，还把平时分调成了40，很良心了。
121980,6469,余一帆,2020-01-27 11:46:53,3,6,3,老师人比较好 最后把平时分调成了40
124678,6469,余一帆,2020-07-06 04:03:10,-8,3,11,讲课一般般吧，给分不错。
135955,6469,余一帆,2021-06-05 04:57:31,1,4,3,人挺好的，但是课讲得真的很.....而且主要是给辅修同学开的，很多同学都在划水，小组氛围也不是很好，建议本专业同学emm 还是慎重
138450,6469,余一帆,2021-07-09 09:08:55,4,8,4,绩杀王者
138454,6469,余一帆,2021-07-09 09:20:33,-1,6,7,好老师，客观严格批卷，不留情面。
138460,6469,余一帆,2021-07-09 09:52:31,9,11,2,讲课其实还行，有拓展到中微，事少，但是给分……真·绩杀，喜提历史最低分数呢
138463,6469,余一帆,2021-07-09 10:17:36,4,7,3,真的绩杀....
138466,6469,余一帆,2021-07-09 15:13:43,4,9,5,本来以为上课讲得稀烂给分好就行了，分也给的稀烂啊，那没事了。
138529,6469,余一帆,2021-07-09 15:40:12,5,8,3,喜提最低绩点
138617,6469,余一帆,2021-07-10 03:29:27,13,19,6,出分了，成绩比预想中的低了很多，本来以为是自己没有这一方面的天赋，看了看大家的情况发现大家都被绩杀了，想想自己半年的努力都付之东流了，很想骂人，但还是忍住了。后来仔细想了想，老师没有错，他只是坚守自己严格的标准，而且想要给我们补充一些估计深入的知识，虽然我们这些外专业的人不需要这些。我们也没有错，在不到半年的时间学习了那么多课程，时间毕竟是有限的，我们也不是只学习微经这一门课程。想要宽松的阅卷标准也无可厚非，错就错在与老师理念不同的我们走进老师的课堂，选择永远是比努力重要的。在浙大，还有着很多与我们理念相同的老师，这次学习经历终究只是阳光下的一抹乌云，生命中的一个过客罢了。
140657,6469,余一帆,2021-09-15 02:03:55,3,3,0,其实挺好的，认真对待期末什么的就可以。
145214,6469,余一帆,2021-12-28 08:59:18,-1,0,1,。。。怕
146119,6469,余一帆,2022-01-05 13:46:59,1,4,3,C8...
146135,6469,余一帆,2022-01-05 14:22:37,1,3,2,无语呀！！哈哈！！
146929,6469,余一帆,2022-01-08 05:43:49,1,5,4,2021春夏上的余一帆老师的微经，平时事不多，没有点名。作业是小组调研或读书报告。微经平时没有认真学，最后靠期末补天，感觉考的还行，最后得到很烂的分数（2.7）。但是老师人还是很好的，我作业忘交了老师还帮我打印。考到这个分数可能确实有老师给分严格的原因，但主要还是我咎由自取。这个难看的分数也确实让我改变了自己的学习态度，学宏经的时候踏踏实实，最后分数出来还不错，可能也是因祸得福吧。
147350,6469,余一帆,2022-01-09 15:55:56,1,3,2,无语无语无语我的母语是无语
157463,6469,余一帆,2022-06-23 10:37:39,-53,13,66,客观评价就是，余老师上课内容很多，其实没有很认真在听，但是没有绩杀了。有个小组作业，或者是读书报告二选一，可能比别的老师多这些内容。客观评价过了，接下来，谢谢余老师的小组作业，让我收获一个女朋友，10分奉上！！
157464,6469,余一帆,2022-06-23 10:16:15,4,5,1,给分没有想象中那么差，平时作业很少，但有点过于少了导致期末复习的时候没有相关的作业可以看着复习。PPT上内容比较详细
157469,6469,余一帆,2022-06-23 10:41:22,1,3,2,哎，一言难尽，今年最后成绩出来全班好多谢谢老师，真就我下4了呗，平时没好好学，靠最后一个月左右补起来的，感觉也尽力了，不是很满意。老师上课很无聊，PPT的内容还行，蓝天资料里后面全是他的PPT，证明了他的水平，作业布置了两次练习和一篇书评，都是认认真真在做的，只能说其他同学都太强了？
157473,6469,余一帆,2022-06-23 10:43:58,1,3,2,期末补了一周天，3.3。。群里一堆谢谢老师，可能只有我没考好吧。但是平常不点名，这点还不错
157478,6469,余一帆,2022-06-23 11:07:29,2,3,1,不点名，两个平时作业+一个读书报告/小组调研，作业和读书报告认真写，平时没怎么学，期末花两三天开始补天，考试的时候感觉不错（去98上找回忆卷真的有一些原题），最后喜提4.2感觉很不错啊
157609,6469,余一帆,2022-06-24 03:07:39,2,3,1,不点名，考试看绿皮书就行，事少（两次作业可以参考绿皮书+读书报告or调研报告），是一门理想的跨专业课程
157800,6469,余一帆,2022-06-25 01:12:32,23,23,0,b事少 微经课上得极有深度（基本帮你打下了中微的基础）\n\n给分应该是在好起来  这学期考试安排太抽象，我忙着复习大物和ode，最后只剩三小时补天微经，给了3.9，挺满意了。
158719,6469,余一帆,2022-07-01 14:23:59,6,8,2,上课听不懂，会讲很多超纲的，老师应该自己也知道，所以一直推荐学生看慕课。老师不点名，就一篇读书报告，两次慕课作业，期末考试，现在给分不错，我基本没怎么听课，期末疯狂补天，不过是提早一周多，补了很久，背蓝田的历年卷上的答案，最后考到很多原题，喜提4.8。不过期末确实补天补的很认真，yyf应该平时分给的好了，如果想拿高分考试也要好。
173003,6469,余一帆,2023-05-11 05:44:40,4,5,1,老师真的很好！！！
176215,6469,余一帆,2023-06-28 05:24:11,8,8,0,平心而论，余老师上课还可以，声音挺磁性的，有种练过声乐的感觉。考前晚上十一点还为我解答问题，对学生态度挺不错的。即使上课到课率很低，也从不点名，认认真真完成每节课。给分也在逐渐好起来，说明老师也有在改进自己的评判标准。总之希望余老师能逐渐获得大家的认可吧
196878,6469,余一帆,2024-07-05 17:30:24,0,1,1,不点名 平时留两次作业加强理解（也是考试的重点） \n\n给分海底捞，好的超乎想象，做梦都不敢梦这么高\n\n而且不会的作业去问老师，老师钉钉是秒读速回的，超级耐心\n\n不说了 老师是神！
196920,6469,余一帆,2024-07-06 02:09:15,0,2,2,医学院跨专业选的课，平时不点名，除了闭卷考试只有一份读书报告/调研报告，考试是考前一周突击复习的，最后给分超级超级好，而且老师钉钉上讨论问题特别耐心，点赞！
196981,6469,余一帆,2024-07-06 08:52:57,0,1,1,选他没错的
197331,6469,余一帆,2024-07-11 03:21:27,0,0,0,给分超好
209117,6469,余一帆,2025-01-04 14:11:04,0,0,0,老师人很好
220753,6469,余一帆,2025-06-19 13:58:17,1,1,0,作业都是微经考试重点
131973,6548,李培,2021-01-29 16:51:39,0,3,3,给分……选课的uu好好学吧🐶
135776,6548,李培,2021-05-25 06:06:05,0,5,5,老师给分真的惨兮兮，同专业不同科一门课绩点差了1+
139708,6548,李培,2021-07-20 15:16:19,11,20,9,为什么我总觉得这个老师讲起课来的氛围有点可怕……
151693,6548,李培,2022-03-12 10:29:27,-3,7,10,很不错
160794,6548,李培,2022-10-12 07:19:05,0,3,3,老师上课很认真，但是真心听不清，中文听起来都费力别说英文了
165410,6548,李培,2023-01-04 13:11:23,12,15,3,老师上课会讲一些有趣的前沿文献，对于高年级同学打开视野而言很有帮助
175611,6548,李培,2023-06-26 01:58:35,5,10,5,老师很负责任
184401,6548,李培,2023-12-19 02:43:03,8,9,1,老师答疑特别认真
184641,6548,李培,2023-12-22 04:42:35,0,1,1,虽然知道老师有时给大家开一点玩笑活跃气氛（大部分get不到），但是老师的自带严肃buff第一节课真的很能唬人，吓死脑袋空空听不懂课的学生就是说（混乱）
184702,6548,李培,2023-12-22 08:45:22,0,0,0,会抽点人回答问题
190661,6548,李培,2024-03-13 14:50:45,8,8,0,上课很有收获，对跨专业学生也很友好
221692,6548,李培,2025-06-25 10:43:55,-1,0,1,查老师上的均绩是不是不准啊，那个给分真的惨淡…
130273,6907,宋学印,2021-01-20 12:00:50,4,5,1,宋老师永远滴神！
160280,6907,宋学印,2022-09-16 09:31:18,2,2,0,老师好好的wwwwwwwwww
168742,6907,宋学印,2023-02-21 14:28:30,5,9,4,出🐢是吧
187922,6907,宋学印,2024-01-17 23:43:01,1,1,0,这学期上宋老师的国际营销学，学有所得，老师绝对不是水ppt的人，对营销学有自己的理解，最后结课全班一起拍合照，相信这种氛围在其他国贸专业课上是很难达到的（也有可能是留学生多，比较活跃）。还没出分，但是先给老师一个10分！
189757,6907,宋学印,2024-01-28 11:59:58,1,2,1,国际营销学】好！上课挺有意思的，不算硬课，比某些什么都不讲的水课好，开卷考，给分也好
214453,6907,宋学印,2025-02-05 05:03:49,0,0,0,老师上课一直说会考，但是期末是助教出，跟平时上课讲的一点关联都没有。但老师本身还是认真负责的
122690,7274,徐蕙兰,2020-03-19 05:38:52,19,26,7,老师太温柔啦~
123396,7274,徐蕙兰,2020-06-08 05:56:23,0,5,5,我好爱老师！人美声甜又非常非常非常温柔！
123491,7274,徐蕙兰,2020-06-09 06:55:24,0,5,5,上的微经，老师讲的很好，平常作业就是两次习题，有错题也没事，只要认真对待助教姐姐就会给满，虽然最后考试分数还没出来，但这不影响我给老师10分！！！！
123797,7274,徐蕙兰,2020-06-14 09:20:17,0,4,4,老师真的好好，温柔，很在意同学们对于知识的接受度
124104,7274,徐蕙兰,2020-06-24 03:30:32,0,5,5,老师今年是第一次带本科生的课，但是微经上的很好很细致，有时候讲的有点太细了导致容易走神，但只要认真地听了绝对没有问题（更何况课后还可以复习）。平时作业很少，就两次计算题，认真做平时分都会满。老师人真的很好很善良！
124339,7274,徐蕙兰,2020-06-29 11:21:24,20,25,5,女神老师！！！刚开始只觉得长得很好看，后面发现老师不仅温柔漂亮气质佳，还特别关心学生感受，答疑超级耐心，上课上的也好（我考前完全没翻书，只看了老师的上课回放，最后满了，也算吃了线上授课和考试的红利）……总之优点多到说不完！！！而且微经没有论文，只有两次量比较少的计算题作业，基本上稍微认真点，平时分就是白送，最后总评给分也超级好qwq老师就像一个姐姐，完全没有那种老师的疏离感！原先对经济学不是很感兴趣，能选上老师的课真的超级幸运呜呜呜，谢谢老师让我对经济学有了希望！别问，问就是人美心善的神仙老师！！！
124380,7274,徐蕙兰,2020-06-30 03:32:53,-3,4,7,老师人美声甜给分好，真的超级超级温柔，讲课也很有条理，suki(*•̀ᴗ•́*)و ̑̑
124407,7274,徐蕙兰,2020-06-30 10:34:48,0,5,5,人美心善给分好ヾ(≧O≦)〃
124450,7274,徐蕙兰,2020-07-01 10:33:04,-5,9,14,选她，选她，选她！！！！\n\nZJU不可多得的好老师，温柔美丽给分好，讲课水平也是一流\n\n外专业选手划水一学期本来以为要挂了，最后拿了满绩，老师无论是平时分或者期末给分都尽量给满那种，太棒了
124539,7274,徐蕙兰,2020-07-02 12:15:16,4,7,3,每次课下问题目，老师都会认真地回答，上课节奏也很舒服，最后空出几节课重新讲了大家觉得难的几章。提点小建议的话，可以多几节习题课。
133053,7274,徐蕙兰,2021-02-07 08:37:10,10,14,4,事少给分好
136308,7274,徐蕙兰,2021-07-07 08:06:31,7,13,6,微经事少给分好!老师很温柔，上课效率很高，从不拖堂。会留几节课来复习。小建议就是平时可以加一点习题~
137860,7274,徐蕙兰,2021-07-06 11:47:18,0,6,6,老师人美心善事少分高！大爱！！！
137891,7274,徐蕙兰,2021-07-06 13:15:39,19,25,6,上过蕙兰姐姐的课的都知道她有多好
137900,7274,徐蕙兰,2021-07-06 13:42:22,0,6,6,究极好老师，微经中微不选她选谁？上课都听懂之后期末复习起来没有费什么太大的力气，上课的节奏也很舒服，遇到重难点还会提醒同学们注意，最后也留出了两次的复习课时间把整本书串了一遍，而且答疑超级耐心！微经满了，坐等下学期中微的5.0（狗头）
137912,7274,徐蕙兰,2021-07-06 14:16:15,-22,1,23,微经事少给分好，但我听的是李建琴老师的网课qwq
138336,7274,徐蕙兰,2022-01-18 14:26:54,13,20,7,中微卷面100+满绩过来答，也许你会觉得老师上课过于细致但我想说蕙兰姐姐讲的概念是你真正能够深入理解的，最后的考试也确实有很多基本概念的考察。初级的微观经济学也是蕙兰姐姐上的，只能说还是一如既往的细心耐心，一年的缘分给我打下了坚实的经济学基础功底，感恩老师。希望老师科研工作一切顺利，我永远喜欢蕙兰姐姐！
138465,7274,徐蕙兰,2021-07-09 10:26:54,4,9,5,老师超好！！而且也好美！！平时认真听课了，期末也认真复习了，最后满了！这学期学微经是很快乐的学习经历！
138475,7274,徐蕙兰,2021-07-09 11:17:46,5,10,5,上的老师的微经课，老师讲课思路清晰，节奏把控的也很好，会留两三节课进行复习。平时作业很少而且给分很高，问问题基本都是秒回，期末问了老师超多问题都有点不好意思了但是老师还是一直耐心解答。进大学以来遇到的对学生最好的老师，而且人也很可爱，选就完了
144796,7274,徐蕙兰,2021-12-24 01:49:23,6,10,4,真的是女神级别的老师，上的是老师的中微，讲的很仔细，对学生特别有耐心，长的还漂亮呜呜呜
148243,7274,徐蕙兰,2022-01-12 03:01:33,0,5,5,感觉考炸了，还是希望美女老师捞一捞我
148902,7274,徐蕙兰,2022-01-14 02:25:47,0,5,5,上课温柔耐心，平时作业也不多～两次简单的小作业
148905,7274,徐蕙兰,2022-01-14 02:29:30,0,6,6,我的超人！！！！！！！
148914,7274,徐蕙兰,2022-01-14 02:44:47,0,6,6,老师人美心善，选她！！！
148933,7274,徐蕙兰,2022-01-14 03:48:14,0,5,5,蕙兰姐姐上课思路清晰，期末给分也好www！好喜欢
148973,7274,徐蕙兰,2022-01-14 05:28:08,1,7,6,海底捞 我的超人！！
148985,7274,徐蕙兰,2022-01-15 03:43:19,4,9,5,hljj我的超人！！！
149019,7274,徐蕙兰,2022-01-14 07:05:38,0,5,5,蕙兰姐姐我的超人！讲课很细致问问题也是秒回，给分也很好
149424,7274,徐蕙兰,2022-01-15 09:31:44,6,11,5,这么说吧\n\n读了一年半大学\n\nhljj是迄今为止给分最好的老师
149770,7274,徐蕙兰,2022-01-17 00:13:26,0,5,5,选她！
150052,7274,徐蕙兰,2022-01-18 14:29:51,0,7,7,中微轻松满绩，谢谢老师，平时分比其他的班好拿多了
151428,7274,徐蕙兰,2022-03-03 04:26:36,0,5,5,蕙兰姐姐超级超级超级好，，上学期是她的中微，人美心善作业少给分好，讲课很细致很温柔，就喜欢这种温柔又讲课清晰的老师
153733,7274,徐蕙兰,2022-05-09 16:40:13,3,6,3,超级好的老师！
153868,7274,徐蕙兰,2022-05-14 12:35:50,5,8,3,给分很好，当年没时间复习一晚速成，结果成绩还凑合，想起来很对不起徐蕙兰老师一学期的教学
156783,7274,徐蕙兰,2022-06-21 03:03:09,34,35,1,oh比昨天的xhl更闪耀的是今天的xhl
157401,7274,徐蕙兰,2022-06-23 06:31:41,17,17,0,蕙兰姐姐太好啦！上课条理很清晰，第一节课就发了所有的课件。课程进度也控制得很棒，平常事情不多～\n\n在课上会选一些日常生活中的事件当作例子～\n\n老师很漂亮！衣品也很好！超有气质！有一次在经院偶遇了，笑着回应了我的打招呼～
157407,7274,徐蕙兰,2022-06-23 06:40:48,6,6,0,蕙兰姐姐，没有你我可怎么活！！！大爱蕙兰姐姐！！！！！
157409,7274,徐蕙兰,2022-06-23 06:51:23,1,1,0,太棒了！
157411,7274,徐蕙兰,2022-06-23 07:05:14,14,14,0,刚出分火速来评价 能选上老师的课是我的福气啊啊啊啊啊 自己也付出了很多努力 把所有的ppt都背下来了 上课非常认真 老师人真的好 助教已读不回真的会yue 老师不仅秒回还超级细心呜呜呜 我爱hl姐姐 满了 好开心 选她！！！！！！
157575,7274,徐蕙兰,2022-06-23 21:59:55,5,5,0,老师上课真的非常细致 而且是能让人很容易理解的那种 微经认真听课的话成绩不会差 期末稍微补一下天就行 老师给分真的超级好 人也很温柔很漂亮 这样的仙女上哪找啊啊啊啊啊啊啊
157784,7274,徐蕙兰,2022-06-24 23:06:10,6,6,0,讲得好，平时也只有3次作业，大推！！！
159057,7274,徐蕙兰,2022-07-05 07:56:57,12,13,1,2022年春夏学期微观经济学，虽然没选上徐老师的课，但每周都跟智云课堂（满绩啦，谢谢徐老师！）。个人感受是，老师的课程结构合理、脉络清晰、知识细节丰富、案例翔实，PPT也很完整，并且有很多拓展内容，再复杂的模型也能讲很明白。最绝的是平时分，一是期末考试有两道较难的计算题题型都出自平时作业，相比之下有些其他老师的作业就相当无用；二是平时事情少，就三次作业，其他老师基本上都要求报告或论文。
159206,7274,徐蕙兰,2022-07-08 06:17:39,74,80,6,她高考考入北京大学元培学院，硕士先在北大读两年，拿到光华的金融硕士后前往加拿大最好的大学多伦多大学读经济学硕士，随后又去读了博士。30出头，博士生导师。人善心美，专业水平极高，从不点名，作业少，讲课极好。
160161,7274,徐蕙兰,2022-09-14 03:34:51,0,2,2,强推！
165506,7274,徐蕙兰,2023-01-07 12:50:20,3,3,0,真的很喜欢hljj 但永远被味精创死 学中微的时候感觉已经很努力了也听得懂 但考试就是被创…不管怎么样还是会和所有人推hljj的课！只是可能我不合适罢了TAT
165887,7274,徐蕙兰,2023-01-10 08:37:17,2,3,1,hljj怎么会不是满分，爱死了。她真的，我哭死
166018,7274,徐蕙兰,2023-01-11 00:44:51,1,2,1,阳了考试头昏脑胀，不料计算题竟那样多，盯着电脑两眼肿胀昏昏欲睡，以为要挂了，老师凭一己之力给我捞到80分，hl姐姐我爱你！！！！
166021,7274,徐蕙兰,2023-01-11 00:48:04,4,5,1,兰！你！我！神！
166406,7274,徐蕙兰,2023-01-12 07:48:53,13,15,2,2021-2022春夏微经（线上跟徐老师的课）和2022-2023秋冬中微，比较下来，觉得hljj微经比中微要讲得好。当时上老师的微经课程如坐春风，水准之高我这里不做赘述，但中微课程内容相比于微经的拔高稍显不足，缺乏更翔实的数理推导以及模型变化，课堂上的例题也难度较低（连PPT也似乎是范里安原书的附带教程），而最后的考试恰恰会出大量的课堂上覆盖不到的内容。因此，建议大家考试前复习叶建亮老师的《中级微观经济学》慕课，里面有很多延伸内容与拓展习题，并且很多都是会出现在最后的考试中的。\n\n不过总而言之，徐老师真的是一个温柔负责、关爱学生的好老师，在钉钉上问老师问题几乎总能在5分钟内得到回复，最后一节课老师感染了新冠，听着她沙哑着嗓子、一边咳嗽一边艰难地给我们上课，我简直心都要碎了
167772,7274,徐蕙兰,2023-01-19 04:03:51,1,2,1,给分真的超级超级好！不过计算的内容讲得比较少，需要自己课外学一下
167862,7274,徐蕙兰,2023-01-19 14:13:08,1,2,1,蕙兰姐姐讲课温柔又耐心，讲解很清楚，平时作业就两次不太花时间，给分也很不错。
167887,7274,徐蕙兰,2023-01-20 01:47:52,2,3,1,讲课极好，给分也好，作业少，只有两次，人漂亮温柔，我认真学了之后，成功拿到满绩，特别有成就感，感谢老师
169969,7274,徐蕙兰,2023-03-01 00:14:42,1,2,1,好！真的太好了！讲课好给分也好！大爱蕙兰姐姐！
170347,7274,徐蕙兰,2023-03-03 04:03:05,2,3,1,老师人美心善，声音很好听，所以旁听老师的课，害到选课的人没位置坐
176496,7274,徐蕙兰,2023-06-29 06:12:59,1,2,1,我爱她！！！！！！！！！！！！上课超好！！！！！！给分超好！！！！！！！呜呜呜期末认真看看图和例题！！！好好分析可以拿高分呜呜呜呜
176506,7274,徐蕙兰,2023-06-29 06:45:26,1,2,1,hl姐姐！！！！！
176801,7274,徐蕙兰,2023-06-30 08:07:00,1,2,1,hl姐姐。。。。。未免有点太人美心善了。。。。给分未免有点太好了。。。。。。我爱你。。。。。。。。。
181247,7274,徐蕙兰,2023-10-12 06:05:36,1,1,0,后悔没好好听课，但徐蕙兰真的讲课超好
189610,7274,徐蕙兰,2024-01-26 02:10:17,0,0,0,无可挑剔，给分未免太好了
190742,7274,徐蕙兰,2024-03-17 05:25:15,2,2,0,人美，分好，讲课好，学历好，声音甜，敬业，温柔，作业对考试也很有帮助，怎么说呢有点无敌了，真正的女神！
192950,7274,徐蕙兰,2024-06-01 06:08:18,1,1,0,特别好
196672,7274,徐蕙兰,2024-07-04 17:25:33,9,13,4,给分好差。。。
196675,7274,徐蕙兰,2024-07-04 17:28:12,8,9,1,感觉给分没有传说的那么好，但我也满意了。
196715,7274,徐蕙兰,2024-07-05 01:38:51,1,2,1,蕙兰姐姐TT，讲课超好，不点名，考试没答好是我的问题TT
196766,7274,徐蕙兰,2024-07-05 04:15:41,1,7,6,hljj我爱你！
196782,7274,徐蕙兰,2024-07-05 06:08:26,13,18,5,给分很求是，和捞人八竿子打不着，学校今年是不是把给分好的老师都制裁了。。。。。。
196806,7274,徐蕙兰,2024-07-05 08:38:55,6,7,1,上课不点名，微经甲讲得绝好\n\n三次作业构成全部平时分，属于是稍微认真点都能拿接近满\n\n期末考可能因为这次试卷简单，改卷比较严格，总评没有达到预期，但其他方面真的无可挑剔。\n\n😘
198518,7274,徐蕙兰,2024-09-09 11:48:00,-1,2,3,hljj好美好温柔，讲课真的超好，很清晰很有条理，语速也不急不慢，一学期只有两次作业，而且从来不点名。期末没答好是我的问题，问了老师我的扣分点，她一道题一道题给我讲清楚，soooo sweet！专业必修课和hljj的中微撞了，但不影响真的很爱她！！！
198708,7274,徐蕙兰,2024-09-11 05:01:23,-1,1,2,讲得超级好！！！推荐推荐
212166,7274,徐蕙兰,2025-01-13 09:51:14,-1,0,1,不点名事儿少给分好
212182,7274,徐蕙兰,2025-01-13 10:21:01,5,5,0,中微出分把我震惊到了\n\n蕙兰姐姐讲课很清晰，只有两次作业，给分神中神\n\n越来越遗憾上学期微经没上到蕙兰姐姐的课
212562,7274,徐蕙兰,2025-01-14 07:56:13,-1,0,1,hljj超级温柔 讲的很清晰 作业少给分好
214891,7274,徐蕙兰,2025-02-19 02:32:31,0,1,1,xhl人美能捞
215986,7274,徐蕙兰,2025-03-09 02:48:23,0,0,0,给分很不错，讲课清晰
215988,7274,徐蕙兰,2025-03-09 02:51:12,0,0,0,很好的老师
222032,7274,徐蕙兰,2025-06-29 04:50:46,0,0,0,hl姐姐yyds
222038,7274,徐蕙兰,2025-06-29 06:05:18,2,2,0,从来不点名 第一节课就说了 上课清晰易懂 作业也很少 一共只有两次作业加上一次线上小测试（当成作业形式做）  事少分高 人美心善 最后也是满啦（复习的话最好面向绿皮书或者历年卷 b站上的网课我都没看过所以也不评价了）总之面向绿皮书和历年卷复习 你一定能收获一个相对满意的绩点
222068,7274,徐蕙兰,2025-06-29 11:09:01,0,0,0,非常完美的老师，讲课清楚并且给分非常好！
140180,7570,樊骥暕,2021-09-03 09:33:11,6,14,8,선쉥님 커여웡 ❤..
148316,7570,樊骥暕,2022-01-12 06:28:26,6,9,3,政经讲的蛮好的
149700,7570,樊骥暕,2022-01-16 13:18:47,3,8,5,讲的还可以，给分就离谱，完全不符合预期
152402,7570,樊骥暕,2022-04-08 07:33:15,-1,4,5,我觉得永远的神，没有什么好说的
155578,7570,樊骥暕,2022-06-14 11:34:54,6,9,3,樊老师讲的超级超级好
156764,7570,樊骥暕,2022-06-21 02:23:13,0,3,3,上的是老师的中国财政课，老师超体谅学生也会很认真回复学生的信息，全英文授课个人感觉有点口音认真听讲还是听得懂的，给分很好。冲！！
159113,7570,樊骥暕,2022-07-06 11:01:13,4,9,5,老师讲课特别好玩，不过给分比想象的低
159128,7570,樊骥暕,2022-07-06 13:43:20,-2,1,3,讲的有意思，给分算好，但貌似没什么区分度
163280,7570,樊骥暕,2022-12-12 04:07:26,3,5,2,老师的声音好像声优哦
166262,7570,樊骥暕,2023-01-12 03:03:07,2,4,2,不点名，老师讲课很不错
166419,7570,樊骥暕,2023-01-12 08:22:29,0,4,4,讲课很好，给分合理
168051,7570,樊骥暕,2023-01-24 12:14:22,-1,2,3,政治经济学没听过课，但是论文和作业都好好写了，也展示了，最后满绩了
170549,7570,樊骥暕,2023-03-06 10:16:37,0,16,16,给分太主观，建议学弟学妹，他的课论文还是少做少错吧，宁可写得完整一点，你的创新点不见得会加分，但大大小小的疏漏都会扣分。个人不赞成把形式规范置于思想内涵之上的评判模式。本科生应该被鼓励去做一些尝试，课程论文是最好的机会。
188066,7570,樊骥暕,2024-01-18 06:30:53,5,8,3,2023-2024秋冬公债学，前半学期是郑备军老师，后半学期是樊骥暕老师，分数是由樊老师评定的。无点名，无考试，无平时作业，所有成绩参考期末论文，字数要求8000-10000，高分要点有三，第一是结构格式规范，可参考经济研究、中国工业经济。第二最好是实证论文，不然分数可能不会高的，第三要有一点创新（自己的想法）；个人感觉樊老师给分挺好的，上课不水有干货，想了解公债理论和中国地方债问题的同学可以来选
198781,7570,樊骥暕,2024-09-11 15:23:17,5,6,1,樊老师讲课真的挺有意思，认真听会有不错的收获，点名也是上课随机抽查学生答问题，很好的一个老师！
201387,7570,樊骥暕,2024-11-01 10:55:26,1,1,0,我只能说公共经济分析导论没有期末考就是无敌
201579,7570,樊骥暕,2024-11-04 12:31:59,1,1,0,老师讲的还是很好的，公共经济分析导论只要求写心得就行了。
201951,7570,樊骥暕,2024-11-07 17:37:13,1,1,0,老师的公共经济分析导论给分挺好的，用心写课后感就好，想水水课拿学分的很推荐，老师点名是随机提问，至少秋学期没点到我过，😁
201971,7570,樊骥暕,2024-11-08 01:10:34,1,1,0,樊老师讲课很有意思，而且没有期末考试！这个才是最重要的，而且给分还不错，总体来说，无脑选吧
201981,7570,樊骥暕,2024-11-08 02:27:20,1,1,0,难得的好老师
202002,7570,樊骥暕,2024-11-08 04:28:23,4,4,0,上了樊老师秋学期的课，只能说老师上课很有意思，而且也有认真准备，点名采取提问方式，没有作业，期末交心得就行，给分也不错，满意！
202003,7570,樊骥暕,2024-11-08 04:32:52,1,1,0,樊老师人真的很好！上的秋学期的公共经济分析导论，课上的还挺有意思的，想干自己的事也没问题。我一般第三节课写一下课堂感悟，一篇平均600字多点，就写了一下主题概要和对课堂例子的一些理解给分也很好，拿了4.8。点名平时就是随机抽人回答问题，回答的怎样无所谓，到了就好，感觉可以当成来北教自习。
202045,7570,樊骥暕,2024-11-08 14:54:00,1,1,0,直接选就行，课讲得有意思有东西，没考试，且老师年纪不大比较贴近学生，给分体谅学生，讲的东西也符合大学生的兴趣
202072,7570,樊骥暕,2024-11-09 03:51:46,1,3,2,樊老师唯一真神
202092,7570,樊骥暕,2024-11-09 08:27:37,1,1,0,樊老师上课超有意思，只要课后心得好好写，上课水水，提问认真回答就好了，给分超棒，满绩啦！！！！
202207,7570,樊骥暕,2024-11-10 16:54:48,2,3,1,老师的课很好，给发也很好，值得去认真听
202761,7570,樊骥暕,2024-11-14 07:49:16,0,1,1,讲的东西都是妥妥的干货，逻辑特别清楚，对学生很有耐心。特别值得上这个课！给绩点也很善良
203323,7570,樊骥暕,2024-11-19 06:47:30,1,2,1,樊老师非常非常好，给分也不错。\n\n把一门本来无聊的课变得非常有趣、吸引人，真的能从中学到东西。
203616,7570,樊骥暕,2024-11-20 07:11:36,2,3,1,点错了，咋整
204978,7570,樊骥暕,2024-11-29 06:50:50,2,2,0,好的不用说！！！4.8！！
206335,7570,樊骥暕,2024-12-14 10:45:12,1,1,0,上的秋学期的公共经济分析，樊老师的课很有意思，不点名，但是会用随机提问来代替。讲课能学到东西，有被打通任督二脉的感觉。每节课后一篇论文，建议不要堆到期末，写出点东西不难。八篇里我大概水了两三篇，最后4.5，公平公正，没得说。快冲！！！
207134,7570,樊骥暕,2024-12-19 11:00:04,1,1,0,上的通选，公共经济分析导论\n\n水水的 很安心\n\n不点名，但每节课完了要写观后感但老师会把本节课的PPT发到学在浙大，但每节课可能随机抽1-2位同学回答问题，但课堂人数基数很大\n\n老师人很好\n\n给分也好\n\n推荐👍
208809,7570,樊骥暕,2025-01-02 06:27:40,0,0,0,老师亲和力很强，给分也很好，如果有热爱经济学的非经管类专业的学生可以去听
210493,7570,樊骥暕,2025-01-09 08:46:46,1,1,0,老师人很好，平时课堂内容也干货满满，不会念ppt水课。感觉老师还是有些严格的在日常要求当中，但是给分意外的好，公债学没有点名没有课后作业，只要按照老师的要求认真完成论文，分数还是很漂亮的
211471,7570,樊骥暕,2025-01-11 14:07:35,0,1,1,神，给分超级好
217733,7570,樊骥暕,2025-04-15 15:01:40,0,0,0,尤其是地方政府这块讲得比较生动，欣赏老师上课的方式
129072,7774,卢飞霞,2020-12-29 12:32:08,-19,5,24,很好的一个老师！端庄有气质，听她上课听出了一种央视主播的味道。本来想把形策水水过的，因为她认真听课了！
137601,7774,卢飞霞,2021-07-05 08:56:28,2,4,2,作业多还绩杀
137641,7774,卢飞霞,2021-07-05 12:28:13,4,4,0,绩杀...
137654,7774,卢飞霞,2021-07-05 13:11:28,6,7,1,快逃！和张子法真就卧龙凤雏呗？
137666,7774,卢飞霞,2021-07-05 13:51:39,-6,2,8,点名，喜欢叫同学回答问题，老师是负责的，奈何这个是形策大家几乎都不听课的
141708,7774,卢飞霞,2021-10-21 07:36:23,26,28,2,这条评论不谈教学，谈她的个人风格。作为经院学子，她的强势、爱训人、爱批评人，还发火等特点大家都知道吧。。。感觉官架子很重，官大一级压死人的感觉。。。
151495,7774,卢飞霞,2022-03-05 04:51:27,17,17,0,官僚主义，不尊重人
156730,7774,卢飞霞,2022-06-21 00:12:27,3,3,0,呵呵呵
159937,7774,卢飞霞,2022-09-09 09:10:56,4,4,0,为什么八个小时了还不批我的蓝码？！
162585,7774,卢飞霞,2022-11-26 14:53:39,10,10,0,官僚主义，自以为是
171705,7774,卢飞霞,2023-04-02 13:06:00,3,3,0,上课会点人回答问题
174831,7774,卢飞霞,2023-06-18 16:17:42,17,17,0,怎么没有0分。大妈，你监考的时候能不能别吵。真的很烦，我宁可你出去跳广场舞
175964,7774,卢飞霞,2023-06-27 09:20:57,11,11,0,监考真的很吵啊，谁分到谁倒霉
175991,7774,卢飞霞,2023-06-27 11:07:43,7,7,0,本来看到3的绩点就想着打个三分，没想到结果还高估她了
176371,7774,卢飞霞,2023-06-28 14:45:42,7,7,0,绩杀，别跟我说期末考卷面不行，客观题题目一模一样全背到了，写的时候很顺利，唯一可能扣大分的就作文了，还给那么点的绩点，快逃！
176642,7774,卢飞霞,2023-06-29 13:59:42,6,6,0,恶心人
177720,7774,卢飞霞,2023-07-04 11:51:27,-7,0,7,对老师讲课没什么感觉\n\n最后考试之前认真背了助教发的复习资料ppt 最后4.5\n\n看了大家的评论也不知道怎么评了
181715,7774,卢飞霞,2023-10-29 13:59:11,3,3,0,水，没有干货
186383,7774,卢飞霞,2024-01-11 01:09:50,2,2,0,快跑吧
194503,7774,卢飞霞,2024-06-24 07:51:34,4,4,0,逆天给分，期末简答基本全对，选择题错两个，最后3.0
194510,7774,卢飞霞,2024-06-24 08:10:22,2,2,0,咋不能打零分？
194525,7774,卢飞霞,2024-06-24 08:42:05,1,1,0,给分极低。
194526,7774,卢飞霞,2024-06-24 08:42:39,6,6,0,我除非入国军反动派把他祖坟刨了不然我都想不通怎么给的这个分
194538,7774,卢飞霞,2024-06-24 09:24:18,3,4,1,她不应该出现在査老师这里，应该出现在查官员这里
194573,7774,卢飞霞,2024-06-24 11:37:02,1,1,0,你也是逆天
194581,7774,卢飞霞,2024-06-24 12:14:47,0,0,0,给分不好
194586,7774,卢飞霞,2024-06-24 12:48:02,0,0,0,形策课这分给的我是真的服了wox 直接比别的班低好几个档次了吧wox
194623,7774,卢飞霞,2024-06-24 16:13:56,5,5,0,马克思来上她的形策课都只能拿3.9
194715,7774,卢飞霞,2024-06-25 04:55:12,1,1,0,挺难评的
199720,7774,卢飞霞,2024-09-28 06:12:23,4,4,0,离开经济学院了
220305,7774,卢飞霞,2025-06-17 08:02:34,0,0,0,诗人握持
220311,7774,卢飞霞,2025-06-17 08:10:23,1,1,0,这位形策老师在省外也挺出名的，不愧是出省老师
220398,7774,卢飞霞,2025-06-17 16:07:21,0,0,0,绩杀，一节课没翘3.0
141064,7901,张俊森,2021-09-22 11:58:30,24,25,1,很厉害的老师！
150706,7901,张俊森,2022-02-15 07:07:28,23,27,4,浙大经院落选双一流，非常令人痛心！希望张院长带来新气象，实现革命性变化！！！！！！！！！
151969,7901,张俊森,2022-03-22 05:41:44,23,24,1,期待张院长的改革发展举措，带领浙大经院取得巨大进步！面对阻挠改革的势力，院长很不容易。
158914,7901,张俊森,2022-07-03 08:18:32,6,6,0,院长加油，经院一流！！！
166977,7901,张俊森,2023-01-14 12:58:10,2,2,0,张老师非常认真，讲课非常好
173415,7901,张俊森,2023-05-23 17:18:28,11,12,1,第五轮学科评估经院进步了，理论经济学A应用A-，希望院长让经院成为全国顶尖
176040,7901,张俊森,2023-06-27 13:10:30,1,3,2,有没有学长学姐知道张俊森老师带不带硕士研究生啊？作导师的风格怎么样呢？偏好什么样的学生呢？想报老师的研究生，又怕达不到大佬的要求。
181806,7901,张俊森,2023-11-01 07:49:52,9,11,2,经院的学术水平确实越来越高了。但是这个就业情况希望学院领导重视一下，大部分人终究还是要出学校生活的，就业去向真的已经和西南财经差不多了，与浙大的身份好像不太符合吧？
198315,7901,张俊森,2024-09-07 01:53:26,19,19,0,经院这几年学术和国内外学科评级，国际合作留学去向这些是不错，但是国内就业越来越拉垮了！虽然金融业大环境不好，但是浙大经院不至于差成现在这样！就业因为地理位置比不过复旦没人会说，但是比不过南开厦大就离谱了，现在居然和西南财经差不多，省内体制外金融机构就业和浙财浙工商都拉不开差距！学院的课程体系，实习机会，负责就业方面的行政管理都要彻底反思，改革！
199900,7901,张俊森,2024-10-07 16:27:00,17,17,0,关注下金融硕士的就业吧，沦落到不如中科大南开厦大，和西南财经差不多的地步，和学院学术实力完全不匹配了！ 赶紧学中科大开上海（香港）班，为学生去金融机构实习创造机会，杭州能有几个投行啊？？？？
210347,7901,张俊森,2025-01-09 03:19:03,8,8,0,2024年第九届教育部人文社科最高成果奖，浙大经院7项成果获奖，比复旦大学的6项还多，也远超上海交大、南京大学和中科大这些华东五校成员。这几年国内外一流期刊发文也快速提升。客观地说这几年浙大经院的科研进步是飞速的，只不过金融业就业很糟糕大家有怨气
213933,7901,张俊森,2025-01-21 16:07:51,-11,0,11,先打1分，经院对外交流事件有结果了再改
214331,7901,张俊森,2025-02-01 07:05:38,8,8,0,经院拒签的事情又不是张院长签的合作协议，客观上说张院长对学院学术人才引进居功至伟。你敢想象他引进了MIT，Stanford，Princeton 等全球top5毕业的博士和一大批很厉害的学者吗？学院这5年科研实力直线飙升，国际顶刊发文完爆南开厦大等老牌经管院校，甚至超越上海交大，教育部最高科研奖，浙大经院7项获奖，国内顶流复旦大学经院也只有6项，5年前你想都不敢想的。
218365,7901,张俊森,2025-04-23 02:48:25,1,1,0,给院长好评，这几年引进了五六十个欧美港新/北大毕业的博士和一批知名学者，这些人水平很高。经院国际顶刊论文，国家重点课题突飞猛进，下一轮学科评估必定提高
129239,7997,张川川,2021-01-02 06:50:37,2,14,12,从央财来的新老师 学术水平不错人也非常nice 但据说可能会有一点点小严格
135311,7997,张川川,2021-05-08 03:42:10,2,17,15,川川人很好，比较随和。很有自己的研究想法。大家可以考虑多多和他交流，人很奈斯！
136526,7997,张川川,2021-06-20 06:13:33,1,15,14,很不错的老师(*^_^*)
136542,7997,张川川,2021-06-20 15:09:42,1,13,12,没有讲枯燥的公式，而是用生活中的大量例子让学生理解经济学\n\n人也非常棒，选他！
137085,7997,张川川,2021-06-30 15:27:06,-5,10,15,老师很随和，讲课蛮有意思，不怎么点名，没什么作业。\n\n我先刷个10分在这里，期末考求不挂！
137172,7997,张川川,2021-07-01 23:52:09,1,11,10,讲课不枯燥，老师人很随和，期末考我尽力了，剩下的交给老师了，啊哈哈哈
137508,7997,张川川,2021-07-04 15:14:16,7,21,14,考完2h出分，我愿称之为中国速度。比起公式推导，更注重对经济直觉的讲解；比起计量方法步骤，更注重学生对计量方法背后的思想原理的理解；比起照搬课本内容，更注重紧跟前沿和应用。在cc的push下看英文论文，写review，学stata，把表和图得好看，开始学着习惯用经济学的思维看问题，感觉到自己真的在思考；也在cc的鼓励下，学着放平心态，约束自己，积极表达自己。cc是很随和的人，课上课下都可以和他亲切交流，他也很努力的在理解我们这一代人的兴趣喜好，同时他也是严格的人，在学习和原则性问题上一丝不苟（但是出卷有很仁慈，批卷也很仁慈）。总之，期待下学期的劳动经济学和课外研讨。谢谢老师！
137515,7997,张川川,2021-07-04 16:44:27,2,15,13,总感觉计量没有入门，当然这主要还是自己的问题，计量什么的还是多看看伍德里奇那本书吧；老师人很nice——凡尔赛宗师、十级养生达人、微信中毒患者、毒舌处女座；为了跟大家找共同话题，把大家推荐的书全买了（虽然没看完就是了hh
137618,7997,张川川,2021-07-05 10:06:44,9,29,20,川川yyds！\n\n以后有机会一定还要选！\n\n比起具体的公式更注重讲经济思维，每节课仿佛在唠嗑，其实都是从身边的小事推出经济模型啊，非常nice！\n\n而且知识很广博啊，经常时不时引用，但是至今没背下来马克思说的“有百分之百的利润就会…”\n\n完全被折服了！\n\n以后有机会一定还要选！
138325,7997,张川川,2021-07-08 13:55:42,1,16,15,吹爆川川！
152555,7997,张川川,2022-06-21 08:37:33,27,51,24,超爱川川！潇洒随和！一身正气！经常一本正经地说一些超级有趣的话哈哈哈～自身知识非常渊博，而且可以将书上密密麻麻写了好几页的经济学知识很简单地讲清楚！上老师的课是我这个学期最享受的时候，让我收获了远超这一本经济学课本的东西，感谢遇见！顺便问候一下那些挂了来这给川川低分的人，自己学会了多少没点儿数吗？平时分给满都挂了还好意思说老师？真以为自己参加了考试在卷子上写了点字就应该是高分？我以前从来没有在查老师上怼过人，但是看到这么好的老师被骂我是真的很愤怒！
153122,7997,张川川,2022-04-26 01:48:46,-2,14,16,川川yyds
156248,7997,张川川,2022-06-20 13:19:15,-6,13,19,感谢老师的93！
156263,7997,张川川,2022-06-18 14:19:23,-3,13,16,川叔叔 捞我！说实话老师真的不错，学术水平高。吐槽的语气来吹实的经济知识，有趣！作业很少，课件没什么用hhhh 还是要自学的。分还没出 先给10分了！
156592,7997,张川川,2022-06-20 11:05:32,2,15,13,很棒的老师!
156601,7997,张川川,2022-06-20 11:28:41,7,22,15,优秀老师，原因如下：①回答问题耐心，钉钉及时回复\n\n                    ②上课结合现实，幽默风趣\n\n                    ③平时分给分较好，但是期末考得不好老师也捞不起来的\n\n                    ④注重学生老师互动，老师很想确认学生是否清楚掌握了概念，但是学生根本不想反馈，这是大学教育的悲哀，老师也没办法改变，所以有些学生会抱怨听不懂。\n\n          瑕不掩瑜，但还是要说一下唯一的缺点：课时安排不够合理，李建琴老师的微观后三章只用了一节课(三节小课）的时间，因为李老师自己出卷知道这里不考大题，分值很小，但是我们讲了好久，所以重点不突出的情况下，比较吃亏。\n\n                    综上，我依然愿意给十分。
156619,7997,张川川,2022-06-20 12:04:25,5,21,16,哭了。
156624,7997,张川川,2022-06-20 15:05:42,-1,22,23,绩杀快跑
156626,7997,张川川,2022-06-20 12:14:32,-1,22,23,挂了，
156634,7997,张川川,2022-06-20 12:43:12,2,13,11,平时分给满 真的爱死
156678,7997,张川川,2022-06-20 15:02:56,-2,20,22,贼坑 绩杀快逃。
156680,7997,张川川,2022-06-20 15:09:31,-3,18,21,每节课都有上 作业也做了 成功挂了 谢谢老师
156682,7997,张川川,2022-06-20 15:10:01,-5,18,23,给分根本就是一个迷 要挂科绝对可以来
156685,7997,张川川,2022-06-20 15:11:08,-6,17,23,真无语
156686,7997,张川川,2022-06-20 15:14:50,-1,15,16,给分迷
156748,7997,张川川,2022-06-21 01:38:09,9,20,11,人很有趣，结合实际生活讲知识，每堂课都听得乐呵呵的，可惜书本知识讲得太快（或许是我太菜），听不太懂，课后要花时间的，否则期末补天很痛苦！
156749,7997,张川川,2022-06-21 01:38:08,16,34,18,给所有客观评价点踩的某些同学，不好好听课，祈祷期末补天，竟然还想拿高分？微经就是这样一门入门课，你天塌了是不是，赶紧润吧，这里不适合你，你也真的配不上川川这么好一老师！！！
156752,7997,张川川,2022-06-21 01:40:56,14,27,13,不知道你们怎么定义给分好不好？老师人是很好的，平时事情很少且平时分拉满，考试改的松不松，最后分数是不是严格按照考试分数来的我不知道（但我觉得是的），但是个人感觉老师上课不太能抓住重点，虽然讲课确实很有趣，如果想通过听课来拿高绩点的不建议来，老师是真的不错
156761,7997,张川川,2022-06-21 02:16:47,7,14,7,虽然我经常听不懂川川的数学推导，但是他可以用很多生动的例子把很多经济学原理讲清楚。最后平时分只要他点到你的时候你在，并且作业都交了就可以给满。而且作业交得也不多，事情很少。不过如果想要完全跟上川川的节奏，课前可能需要预习。期末前几个星期也要提前看教材，多理解原理。
156762,7997,张川川,2022-06-21 02:16:51,-12,15,27,很荣幸成为了我第一门挂科的科目 真的会谢。
156765,7997,张川川,2022-06-21 02:25:35,6,14,8,其实前几节课还在认真听，后面因为老师对课本知识不着重讲就跑了，但老师真的是一个很有趣的老师，很后悔没有好好听课吧，后面疯狂补天也拿到了不错的绩点，只能说前面那几个挂了的人应该好好反思一下自己，我在这里许愿，下学期一定要认真听讲，认真学习，谢谢老师！
156793,7997,张川川,2022-06-21 03:23:27,6,16,10,平时分这么容易满，事情又少，听说其他老师的课可都是要读书报告小论文什么的，这样轻松的课程安排还有什么不满足的吗？平时分都满了还想老师怎么捞你啊？在川川这里说绩杀的人如果去其他老师班里难道结果会有改变吗？你真的有好好学这门课吗？为什么还有人把对自己不努力的无能情绪输出到这样一个好老师身上呢？
156804,7997,张川川,2022-06-21 03:45:16,2,9,7,川川讲课很有趣，也很有逻辑，总能把课本知识简简单单串起来。平时分给满，自己还能挂科的还是先自己反省一下吧。平时不看书、不听课，只等着老师捞，这样的捞上来对努力学习拿分数的人公平吗？？？
156846,7997,张川川,2022-06-21 06:33:38,3,10,7,平时分都给满了……期末考烂的话他捞不上来你那有什么办法……
156892,7997,张川川,2022-06-21 09:40:23,-9,7,16,从来不学，补天都得4.8，很不错
156900,7997,张川川,2022-06-22 00:40:04,6,11,5,川川很好！！！上课会说一些北京房价啊他小孩啊巴拉巴拉的内容，至于给分的话平时分40分可是白给诶！！
157011,7997,张川川,2022-06-21 14:26:03,1,9,8,我考的再好，都是自己看书的，老师讲的好，也是没有重点，要是没有足够的时间预习复习，建议还是换一个
157151,7997,张川川,2022-06-22 05:22:32,2,6,4,平时分拉满的老师！只有三次作业，从不点名，大爱川川
157721,7997,张川川,2022-06-24 12:46:02,43,49,6,客观说两句\n\n平时分给满，期末考试卷子改的应该和其他老师标准差不多。单就平时分给满，人多好自然不必说\n\n讲课的话，说实话我从来没听过，可能是个人习惯，因为不预习的话我是听不懂cc老师讲课的，但是不预习可以听懂xhl姐姐讲课。\n\n老师讲课可能有自己的思维和模式，这是自己是否与老师相互匹配的问题。\n\n没听过课，考前补天，看其他老师智云，3.9，期末70，虽然不好，但是很符合投入与产出，毕竟自己不是天赋型选手\n\n不怎么点名，旷课好几次，作业交了就满分。\n\n没有和老师交流过，不过应该很热情\n\n说几句题外话，老师的学术水平是有很高造诣的，北大国发院毕业，哈佛访问学者，世界银行访问学者，之前中财某学院中层，靠自己白手起家，在杭州全款买房并且有足够多的存款，而且还挺帅，唯一喜欢听的是他讲他家的事情，和管院yty老师有一拼
158772,7997,张川川,2022-07-02 03:32:05,9,12,3,老师学术水平真高！希望浙大经院多引进这样的高水平学者。
162683,7997,张川川,2022-12-04 03:56:52,3,6,3,有幸在完成职规生涯规划书的时候私下采访了张老师，感觉他真的是一位热情干练的好老师，优秀的学者。
176342,7997,张川川,2023-06-28 12:54:21,-14,8,22,上课教的稀烂 成绩出的巨慢 最后还给我卡了。。cnm
176353,7997,张川川,2023-06-28 13:51:49,1,2,1,zcc老师给分超好，期末考完以为自己凉了，没想到竟然出分4.2，感谢老师！
176490,7997,张川川,2023-06-29 06:06:48,2,3,1,很有条理，总体很有逻辑，从简单到复杂循序渐进，上课还有一些小故事可以听，虽然最后面板数据的拓展有点难……\n\n作业不多但很有针对性，考试内容很灵活，给分不错\n\n下学期还有机会上他的课，期待一波
176494,7997,张川川,2023-06-29 06:12:43,0,3,3,川川老师上课很注重经济学的思维，你能在他的课堂感受到经济学的魅力和发展脉络，感受到实证在经济学中的作用和价值，更感受到川川的人格魅力和他对经济学的热爱！吹爆川川，一个学期上川川的课不仅对经济学有了更深的理解，而且还学到了做人的道理，最后给分还超好！
176495,7997,张川川,2023-06-29 06:13:31,0,2,2,川川老师的讲课条理清楚，对本科阶段的计量课程有自己独到的理解，课堂重在应用，理解各种计量方法的来龙去脉，讲课深入浅出，相较于着重数理层面的计量，川川老师更能激发我们对于计量经济学的兴趣，从论文中介绍计量方法，结合实例理解方法内涵。而且老师课堂上渴望与同学们交流，也会分享自己的生活体验，课堂氛围轻松愉悦，最重要的是，期末考大放水！！！给分超级无敌好！！！
176536,7997,张川川,2023-06-29 08:24:55,-1,6,7,川川，我的川川\n\n真的巨好哇，点踩的不知道什么心理。
176539,7997,张川川,2023-06-29 08:26:32,1,4,3,楼下那个差不多得了，出分慢还卡你绩点，有在没有可能是让你那本就不太好看的成绩好看一点才给你卡的，给你这么高是情分，卡你是本分，成绩不是光老师想给你好就给你好的ok？自己不行老师就算给你行了也是不行的。
176624,7997,张川川,2023-06-29 12:52:17,0,2,2,给分好，学术水平高，讲课风趣幽默
177659,7997,张川川,2023-07-04 05:57:07,0,2,2,老师真的很可爱，讲课也经常联合现实生活，很有意思
177710,7997,张川川,2023-07-04 11:34:11,0,2,2,张老师讲课很有趣的 并不是完全按照课本来 经常告诉我们要学会质疑课本\n\n点名的话一般是上课随机点名字 有一次是只点了男生\n\n给分还不错4.5 感觉投入还是有回报的 不过我个人感觉我在这门课上确实花了不少的功夫
181726,7997,张川川,2023-10-30 02:50:27,3,4,1,【微经】点名10%（基本不点，所以白送）；作业30%（三次，交即满）；期末60%\n\n\n\n老师讲课很有意思，成绩和绩点靠自己
193463,7997,张川川,2024-06-11 07:07:33,3,6,3,我每次上课必坐第一排，真的是非常非常好的老师，很有情怀。
196855,7997,张川川,2024-07-05 13:21:29,7,9,2,来zju没多久的老师；微经无点名，只要交了三次作业平时分就给满；上课类似闲扯，可看绿皮书自学；期末改卷倒是比较求是，不要抱有侥幸心理
199898,7997,张川川,2024-10-07 16:21:35,18,20,2,经院这几年学术和国内外学科评级，国际合作留学去向这些是不错，但是国内就业越来越拉垮了！虽然金融业大环境不好，但是浙大经院不至于差成现在这样！金融硕士的就业因为地理位置比不过复旦没人会说，但是比不过南开厦大就离谱了，现在居然和西南财经差不多，省内体制外金融机构就业和浙财浙工商都拉不开差距！学院的课程体系，实习机会，负责就业方面的行政管理都要彻底反思，改革！ 希望副院长重视
200156,7997,张川川,2024-10-14 06:00:16,14,16,2,给硕士生上课，太毒舌了，受不了
212943,7997,张川川,2025-01-15 10:05:53,1,3,2,川神！无须多言
216019,7997,张川川,2025-03-09 12:23:29,14,20,6,首先他学术确实厉害，但是人品我真的要打个问号。他是在本科生博士生课堂上都不说那些破事吗，为什么给专硕的论文写作指导上第一节课就说“男人喜欢别人的老婆很正常”，第二节课说“彩礼就该一分钱不给”，还引以为豪：“我老婆我就一分钱没给”，有个女同学反驳他，他还刻薄回怼。只上过他的这节课不知道他在其他课堂上表现怎样，去之前所有人都说他风评很好，结果一听感觉很割裂。
216039,7997,张川川,2025-03-10 01:05:38,5,5,0,讲得东西对做学术研究很有帮助，但是专硕真的需要学习怎么做学术研究吗
216298,7997,张川川,2025-03-13 03:33:59,15,16,1,在研一春学期这个时点，老师应该对专硕到课率降低期待
217373,7997,张川川,2025-04-09 07:02:30,2,4,2,研究生的课虽然来的不多，但是真心给张老师好评。重要的是，除了上课的专业知识外，还给了很多做人的道理。真的是有助于自己的成长，帮助认清世界运行的本质，而不是困于象牙塔中。
219009,7997,张川川,2025-05-18 16:47:39,-2,6,8,张老师学术能力不可否认很强，但有些言论让人诧异为何会出现在课堂上，出自一个高校老师/副院长之口？？我不做评论，只做搬运工，大家细品：\n\n（1）【评价彩礼】张老师在今年春季研究生论文写作指导第二节课上，先评论女性结婚男性要有房”什么狗屁道理”，然后洋洋自得”我结婚时候，免谈，要房没有，彩礼零蛋，爱结不结”。在场有同学提到彩礼与女性生育问题，张老师前一秒还笑嘻嘻”爱结不结，最后结了“，下一秒变脸”你可以不生啊？谁让你一定要生的？生小孩我让你生的？你不生谁能强迫你生？生小孩一个人的事情，啊，是不是？你还有什么理由？生孩子就要补偿你啊？你可以不生。”\n\n（2）【评价剩女】怕什么？现在剩女比剩男多多了，哎你不要笑，万松书院相亲角，10个里面9个都是女的，没看清形势啊，但凡中国人口资料拿出来分析下，你就知道婚姻市场男的比女的紧俏多了。你们放眼看看这个教室里男的女的几比几？啊我说，还认不清形势咧。\n\n（3）我是有底气的，我的论文指导了我的婚姻选择，啊我通过分析，知道了我还是很值钱的，而且我会越来越值钱~
221129,7997,张川川,2025-06-22 11:22:54,2,3,1,我真不是学经济学的料，听不懂也属实是我自己的问题，推荐有实力的选zcc老师的课，我是真的菜
221298,7997,张川川,2025-06-22 16:41:19,1,4,3,之前有同学对川川老师的某些言论感到不适。在我看来，可能是老师太理性了，让有些同学觉得没有人情味。我仔细看了这些言论，其实是讲道理的。世界上这么多人，有各种各样的想法都正常，想反驳的同学可以讲出自己的逻辑，而不只是单纯指责老师不该说这些言论。
221387,7997,张川川,2025-06-23 07:12:08,2,2,0,作为一个工科专业跨专业选课的同学来说，听张川川老师的课真的很有趣很享受，除了经济学以外的知识，还能够获得一些人生小感悟~张川川老师给分也很好，平时事情很少，就三次作业，按时交了平时分应该就会给满，期末的时候我感觉自己的简答题答得并不好，但最后绩点也满了，可能客观题是主要拉分的地方？\n\n工科的同学可能没有很多时间花在这门课上，在这里给跨专业选课的同学提供一点个人心得，希望可以帮助大家效率更高地学这门课：张老师上课的时候可能会举很多生活中的例子，乍一听没用，很多同学也因此不来上课，但是这些例子听多了对养成经济学直觉很有帮助，对于很多概念内核的理解难度会因此减轻很多，理解之后就可以触类旁通。大家上课还是要认认真真听，很多地方不理解也没关系，可以再看看书本上的解释，其实都解释得蛮清楚的；另外老师在每一章花的时间都差不多，但其实最后考试的重点是前五章。在考试之前一定要认认真真看历年卷回忆卷找重点，有的内容是几乎每年都考的，这里举一些例子：比如说选择题会出什么是帕累托最优，需求和需求量，价格需求弹性等几种弹性，简答题或者计算题一定会有收入效应和替代效应的画图和分析，还有税收的分析等，垄断和完全竞争的短期和长期竞争就更不用说了，把几个等式要记清楚，哪些量相等，哪些量不等，斯威齐模型的考察频率没那么高，但最好也记一下。期末复习的时候重点复习前五章，把重点的地方完全弄懂，然后再去理解性记忆一些文字方面的内容。最后三章不会考计算画图，但是要知道概念，比如说造成市场失灵会有哪些原因等等。\n\n最后总结一下，这门课是记忆和计算并存的，但记忆的内容很多都可以通过自己的直觉和理解推出来，所以记忆的负担也并不大。还有张川川老师真的是男神，打call!选上就乐吧！
221540,7997,张川川,2025-06-24 10:06:37,1,1,0,平时分几乎是给满的吧，但是不能所有人都给满，老师还是偶尔点名，每次点没几个人的，就这样还能点到我少有的翘课的时候，，，，，，，那我本来感觉平时分要寄了，结果最后给了97，朵朵上好多说老师捞的帖子。那看来是真的很捞了
151802,8002,高文静,2022-03-16 08:17:07,8,16,8,英语口语极差 上课节奏很慢 学不到啥
153331,8002,高文静,2022-04-28 06:07:50,-3,4,7,给分好好，人也挺好的，事情比较少
153864,8002,高文静,2022-05-13 15:43:09,-1,4,5,好爱好爱
158034,8002,高文静,2022-06-26 10:45:28,-1,2,3,税收学 上课还不错 能学到不少 有时内容还挺有难度
137251,8008,刘强,2021-07-02 14:19:32,-7,3,10,年轻老师，答疑及时
139446,8008,刘强,2021-07-15 16:11:43,9,12,3,给分差
139447,8008,刘强,2021-07-15 17:13:20,8,12,4,怎么讲呢，老师还是挺认真负责的。\n\n唯一让人不爽的一点是考前特别说在分数上我肯定不会为难你们的之类的话，\n\n考后一看给分奇差。。。。。。
139580,8008,刘强,2021-07-17 13:42:21,16,21,5,垃圾老师
139602,8008,刘强,2021-07-18 08:03:14,11,14,3,给分很差 差到全班只有五个说谢谢老师……
139862,8008,刘强,2021-08-04 02:27:41,8,10,2,不要选他
140185,8008,刘强,2021-09-05 02:40:06,3,4,1,...
140430,8008,刘强,2021-09-11 08:29:49,7,7,0,不好zsbd
141204,8008,刘强,2021-09-26 06:25:00,3,4,1,给分真的不好
141840,8008,刘强,2021-10-27 12:19:48,5,6,1,无语透了
141957,8008,刘强,2021-11-02 03:07:36,1,4,3,还行吧
144930,8008,刘强,2021-12-26 03:29:28,4,5,1,不要选
149949,8008,刘强,2022-01-18 03:10:25,9,11,2,名不虚传！不要选！
149983,8008,刘强,2022-01-18 07:18:55,5,6,1,名不虚传，给分真的差，能不选就不选
150631,8008,刘强,2022-02-06 06:40:44,0,1,1,给分或许不算太差，但一定称不上好……
150863,8008,刘强,2022-02-20 04:42:26,-3,3,6,审计讲的挺好，一份付出一分收获，给分不错👍
155070,8008,刘强,2022-06-08 04:56:57,3,8,5,男神老师！虽然我还有一周考试，但是我想说的是老师真的很认真负责，可能之前评价的同学是老师第一次开授中财这个课不太了解，我这个评价是老师第二次授课，不得不说lq老师真的非常好，总会认真的讲清楚，而且平时也很认真的改作业，小测也调分，问问题回答的也很及时，也非常亲切，一整个爱了刘老师，虽然每天起床很困难，但是中财课迟到也要来听。
155922,8008,刘强,2022-06-16 14:16:54,10,13,3,3+的评分虚高太多了
155926,8008,刘强,2022-06-23 10:40:51,0,7,7,老师很负责任，给分也还行
157476,8008,刘强,2022-06-23 10:50:40,0,4,4,老师讲课真的很好，会说很多内容，认真听的同学一定会有收获的
157565,8008,刘强,2022-06-23 17:50:08,0,3,3,老师真的很负责，给分也没有以前的评论那么离谱，中财其实期末考多少看自己的
158054,8008,刘强,2022-06-26 13:06:52,4,12,8,选课的时候看评价很劝退，实际上课觉得老师很认真很谦虚讲课也很细致。另外还会在课后帮大家梳理知识点，给分也很好很好。各位放心选！！
158142,8008,刘强,2022-06-27 07:18:56,-2,9,11,这学期确实普遍给分挺不错的，快来选，老师真的人很好
158271,8008,刘强,2022-06-28 03:09:18,1,9,8,老师很年轻，讲课也挺清楚的。之前大家打分比较低，他也看到了，因为之前平时作业做错了的话他会扣分，所以最后就成绩杀了。从这学期开始改成只要有交作业不会扣分，感觉期末给分也挺好的，支持一下老师。
164794,8008,刘强,2022-12-26 07:24:13,0,7,7,我感觉挺好的，不知道为啥分这么低。。
165391,8008,刘强,2023-01-04 05:04:41,4,7,3,我觉得老师讲的挺好的，很认真负责；老师还年轻，经验可能不够丰富，但我认为他的教学态度完全完全可以弥补这一点。
167748,8008,刘强,2023-01-19 00:38:05,1,2,1,很负责的老师，但感觉给分一般化。
170724,8008,刘强,2023-03-08 14:46:24,1,2,1,审计学，老师认真负责，不过课前会抽问上节课的内容（答不上来没事）
174466,8008,刘强,2023-06-12 16:11:47,15,16,1,考试前评价：老师很负责任，课没讲完还会补课（虽然大学补课很奇怪，但是比某些老师直接摆烂自学好多了）\n\n另外经院的中财内容这么多一学期上完是认真的？老师知识点讲不完，学生复习时刻翻转。
175332,8008,刘强,2023-06-29 04:01:18,-6,9,15,老师很好，讲的很细致也很清晰。但是提醒一下，经院中财内容那么多但是没有那么多，是刘老师讲的太多了，建议可以找同学要一下yj或者zzl老师ppt来复习，可以减少很多时间和精力（血泪评价，老师还是很不戳滴）\n\n出分后补（5.0）：老师很好很捞嘿嘿！不知道为什么被点踩，未来的经院学弟学妹如果从考试分数角度出发可以参考一下这个评论，毕竟按着yj或者zzl老师的ppt来复习的话可以减少很多工作量（约等于少记至少三分之一的会计分录）。但平时还是应该多听听lq老师的课，可以学到很多不仅会计分录的知识，还可以了解一些背后的原理（比枯燥的分录有趣很多）。最后一节课刘老师还留了微信，说以后有问题的还可以联系他，真的是很不错的老师！！！至于中财这门课学习的注意点就是在理解会计分录的基础上背诵运用，考试中的会计分录题不难但是容易混淆。还有一些细微的注意点可以关注：比如一些原则、一些报表列示的方法、相似资产入账和后续处理的细微差异等等，考试中这些反而可能会成为失分点。（因为真的觉得刘强老师值得一个10分，希望未来的学弟学妹们可以取得理想的成绩！）
176232,8008,刘强,2023-06-28 06:34:20,-15,6,21,lq真的哭死我了 给我选他 期末中财两天速成 到了考场上什么都不记得了 债权投资其他债券投资还有房地产全都弄混了 资产负债表列示也都想不起来了 随便答的卷子以为自己要完蛋了 给我捞到4.8 我真的爱他！爱他！
176307,8008,刘强,2023-06-28 10:36:16,-4,1,5,好好好
179299,8008,刘强,2023-09-08 06:41:55,1,5,4,老师很好的，选了绝对不会后悔，评价给分差的都是刘老师第一次上课，没什么经验，后面给分很好的，老师认真负责，讲课清晰，为学生着想。
179588,8008,刘强,2023-09-18 12:05:04,11,17,6,负责任，真正为学生着想的老师。结课后，暑期实习的遇到不会的问老师，老师回复认真，解决了我的疑惑，一生迷
189977,8008,刘强,2024-02-05 04:52:02,-2,1,3,好好好
192637,8008,刘强,2024-05-26 06:11:37,-2,3,5,真不知道为什么这个老师要来上管院会计的专业课，感觉不是很懂会计，语气也一直否定我们。。。
193742,8008,刘强,2024-06-17 07:26:00,1,2,1,只有我一个人觉得老师很像地上足球的李老八先生吗\n\n\n\n另外老师讲课很详细，水平很高，课上也经常看我们做题的过程，经常在上课的时候就纠错了，最后还安排了一节额外复习课，很喜欢这位老师。
195058,8008,刘强,2024-07-05 04:59:21,0,2,2,老师捞捞我～事少不点名，上课态度也很认真，就是不知道给分如何啦\n\n#修改下，给分也超预期，很不错#
196681,8008,刘强,2024-07-04 17:39:54,2,3,1,老师很认真负责，讲课很有逻辑，会引导学生思考会计准则背后的原理。中财这学期安排了次小测，我个人而言因为临时开卷改闭卷做的一坨，但是期末考的应该还行，最后的总评感觉应该狠狠被捞了！后面的学弟学妹可以放心大胆选！老师人真的很好！对于期末还是借鉴前面学长学姐说的，刘强老师的PPT内容很充实有很多拓展，适合在平时中财的学习，但在复习的时候时间紧迫的情况下（PS：这次因为魔鬼考试周，笨人只有早八考试前的一个通宵来复习中财）可以参考姚婕老师的PPT，会更有针对性。
196702,8008,刘强,2024-07-05 00:27:12,1,3,2,老师讲课稍有一些催眠，但内容还是很详细的，感觉上课包含的知识已经远远超过了考试涵盖的范围，考前其实很担心这门课，但在考试的时候甚至有点惊讶题出得这么简单（？）平时事少不点名，有一次小测。最后老师给分超好，小测做的一塌糊涂，最后总评差一分就满啦！4.8谢谢老师🥰
219944,8008,刘强,2025-06-21 14:32:51,0,1,1,已经裂开了，我还要出国呢，这个垃圾给分
220959,8008,刘强,2025-06-20 12:55:40,0,0,0,看到今年的给分我裂开了。。。
221111,8008,刘强,2025-06-21 09:31:19,0,0,0,给分一般……
221378,8008,刘强,2025-06-23 06:39:59,0,0,0,老师人很好 很负责任 课讲得也很好 \n\n中财这门课本身需要下功夫好好学
129477,8009,王宇,2021-01-06 04:14:23,23,25,2,抢占首评！我只能说，这是我这学期最爱的一门课！王老师赛高！
129532,8009,王宇,2021-01-07 01:27:43,46,50,4,表白神仙王老师～博学多才、幽默风趣还为人谦逊。被老师的人格魅力折服了，最喜欢的大学老师！
132669,8009,王宇,2021-02-03 08:45:26,40,43,3,只给10分太少了。王老师的课不点名，不用卷，课上交流像和朋友谈话。进大学到现在上过近40门课了，王老师是我遇到的最认真负责的老师。课下认真解答每一位同学的提问，因为对经济学研究的方向不了解，我抱着试一试的心态去问他，他非常非常认真的给了非常详细的答复，还推荐了不同方向相应的期刊和文章。上课也不仅仅是讲授公共经济学的相关知识，还以自己的科研经历为例，告诉我们要做哪些准备，如何一步一步开展研究。一共有三次作业，一次期中，题目都不难，认真听课认真复习就会做。期末是一篇没有字数要求的research proposal(开题报告)，可长可短，只要叙述清楚就可以。说到research proposal，真的觉得非常感动。他鼓励每位同学在选题和写作过程中与他进行探讨，鼓励大家通过阅读期刊激发选题灵感，也鼓励学习借鉴期刊文章的选题，对于发给他的每一篇research proposal他都会像审稿人一样写review，提出优点，也给一些建议。上王老师的课，不仅在学公共经济学的知识，也在学着接触和走近科研。总之，深深被老师的认真和热情折服。
136165,8009,王宇,2021-06-11 15:04:45,8,11,3,老师贼棒！！！
136376,8009,王宇,2021-06-17 05:31:54,23,25,2,怎么才8点几分！来为王宇老师打call！\n\n王宇老师是非常认真负责，上课有趣又充满热情的老师~(ps:政经课每次都会提前半个多小时就到教室等大家，翘首以盼的样子让偶尔智云课堂学习的我内心充满了罪恶感(-ι_- )\n\n感觉自己碰到的几位新生代老师都非常好！在大学遇到这样的老师，真的会让人对自己的未来也憧憬起来呀~
136422,8009,王宇,2021-06-18 01:13:09,11,14,3,超棒的！
137578,8009,王宇,2021-07-05 07:08:52,18,20,2,强推《公共选择理论》，干货非常多，也比较前沿，是真的能学到东西。王老师人也非常可爱，幽默又温柔，教学热情高。可惜这门课只有一个短学期，要是长学期的课就更好了。
139676,8009,王宇,2021-07-20 00:31:44,23,25,2,中国教育不发达就是因为XXX太多，王宇太少。
144102,8009,王宇,2021-12-17 14:44:17,7,8,1,好好好
145175,8009,王宇,2021-12-28 04:59:26,9,10,1,入股不亏
150518,8009,王宇,2022-01-28 09:38:43,46,46,0,来浙大三年了，各种各样的老师遇见过不少，王宇老师绝对是top级的，无论是个人水平、教学态度、听课效果还是师生关系等等\n\n什么时候浙大都是王宇老师这样好的老师了，浙大就真的成为世界一流大学了\n\n（ps：上过王老师的公共经济学和政治经济学，一个94一个95）
150746,8009,王宇,2022-02-16 15:58:29,11,13,2,王老师，我的超人，给分实在是太好了！上课干货多，段子多，老师非常注重对大家科研能力的训练，真的是经院极品！pyq里的一些日常吐槽也很有趣hhhh
153328,8009,王宇,2022-04-28 05:52:34,12,15,3,王宇老师是慈善家吗!虽然课程作业很难，但老师评分也太好了吧QAQ 课堂比较有趣，从不点名…
154690,8009,王宇,2022-06-03 13:53:30,34,35,1,老师真的很好！给分超仁慈，老师经济学知识很丰富，会介绍很多前沿的经济学知识，讲课也超有意思就像是和你聊天一样，会分享美国的生活经历，还有用象牙山村谢广坤刘能的例子讲干部选举，美国课堂的亚洲神秘微笑，飞机上不能说Hi，jack，……都很有意思，而且老师以前还是拜师学过相声的，期末是一篇proposal老师会介绍的很详细，比如用MOAR的思路来写，推荐参考经济研究，而且要求还不高只要表达明白然后有自己的贡献点就好。印象深刻的是老师也说自己最讨厌小组作业，还回忆了以前小组作业锅都被甩到自己头上的经历。课程条理也很清晰，总之干货满满，强推公共选择理论，爱王宇老师！
154993,8009,王宇,2022-06-07 09:03:26,10,12,2,好老师，解答了我的困惑，我这一天都是高兴的
157777,8009,王宇,2022-06-24 20:03:03,14,14,0,男神老师，备课认真，不点名。\n\n知识点和讲课给10分。\n\n希望老师最后打一个好的分数哇，等出结果回来评
164208,8009,王宇,2022-12-19 08:03:23,-15,1,16,还行吧
167872,8009,王宇,2023-01-19 15:34:17,19,20,1,老师讲课好，给分更好，祝老师新的一年文章多多
168118,8009,王宇,2023-01-29 02:11:47,-30,4,34,感觉很一般
168126,8009,王宇,2023-01-29 10:56:48,-27,6,33,上课感觉略显无聊
171511,8009,王宇,2023-03-27 07:43:11,15,15,0,很有学术思想，拒绝恶竞
173246,8009,王宇,2023-05-16 14:31:39,17,17,0,我特别喜欢王宇老师的课，可能老师授课风格跟我性格特别相近有关🙈\n\n王老师讲课特别讲究科学性，是真的希望同学们学点什么。所以他不念PPT，会适当穿插有趣话题。我在他的课程中能感受到课程设计的小心思。\n\n听王老师说自己教学经验不足，但我觉得现在的授课状态很不错了（至少对我来说），有学术坚持又有对学生的关照。
185565,8009,王宇,2024-01-02 07:40:36,11,11,0,10分  必须拉满\n\n王哥：我不会点名 如果你们没来上课 那是我上的不好
189800,8009,王宇,2024-01-29 13:42:43,11,11,0,给宇哥打10分不是因为他值得十分，而是满分只有十分。来浙大以来最喜欢的老师，没有之一。幽默风趣又谦虚真诚，谁懂啊我真的很喜欢王宇老师！！特别喜欢上他的课，虽然宇哥不点名，但是真的一次也舍不得旷，王宇老师玩梗真的很6哈哈哈哈哈哈哈哈哈哈哈哈有一种亲切感，好喜欢哈哈哈！这学期最灿烂的笑容都出现在他的课上，祝愿宇哥paper多多！工作顺利！
192379,8009,王宇,2024-05-17 03:16:22,10,10,0,在牛老师之后上的政经，如听仙乐耳暂明
192508,8009,王宇,2024-05-22 07:58:17,5,5,0,特别好的宇哥！
192527,8009,王宇,2024-05-23 03:54:27,7,7,0,2024春夏公共选择理论，老师反对点名，两次作业（涉及数理），一篇研究计划书（或者论文），给分很好
196506,8009,王宇,2024-07-04 01:02:22,5,7,2,王老师看起来四十多岁，没想到才三十出头
208183,8009,王宇,2024-12-26 05:49:23,10,10,0,很完美的老师，三观很正，十级相声选手，上课偏好讲一些原理性的和数理化的知识，有点难但老师尽量讲的通俗易懂\n\n（公共经济学）课程任务量不大：三次作业+一次期中小测+期末一篇论文/研究计划书；\n\n前半学期主要讲一些公共经济学中的常见概念，比如外部性、公共物品、税负等；后半学期讲了一些偏数理化的模型，属于拓展性的内容，但对后续经济学的学习帮助很大\n\n宇哥很体谅大家，小测时间和论文都是和大伙商量着来，作业也尽量多设置了台阶；坚持不点名，期中小测和最后一堂课认识大家性质的点了名，还和大伙合影留念了\n\n宇哥还是蛮理想主义的，祝宇哥论文多多，也希望浙大能保护好宇哥这样的宝藏老师的理想
141063,8076,柯荣住,2021-09-22 11:58:07,17,20,3,牛，没得说。浙大杰出校友
158769,8076,柯荣住,2022-07-02 03:03:37,0,5,5,讲得太好了！
168511,8076,柯荣住,2023-02-19 04:25:16,-1,5,6,给分烂
168585,8076,柯荣住,2023-02-20 03:23:59,8,8,0,老师很认真，但是课本身非常地狱┭┮﹏┭┮，上课完全听不进去，昏昏欲睡
192914,8076,柯荣住,2024-05-31 13:47:05,13,13,0,mwg这本破书是字，课更是催眠曲，上课听困了看书，书看困了再听课，晚上回去倒头就睡
195127,8076,柯荣住,2024-07-08 01:55:54,7,7,0,考前先回答一下：上课听不懂，完全听不懂。书也看不懂。课程而言，高微是比数理和博弈论更抽象的课。希望老师别挂我。\n\n\n\n（考后编辑）出完分数了，补天选手安稳过关已经心满意足。老师考试题目是有明显放水的，考试的内容和中微似乎更接近一些。虽然老师讲课可能听不太进去，但大家也不用放弃，基础、简单的内容会写，过还是很简单的。
197032,8076,柯荣住,2024-07-07 00:16:57,0,2,2,很好的老师～
198536,8076,柯荣住,2024-09-09 18:23:11,7,8,1,MIT经济学博士，华人难以企及的高度
199020,8076,柯荣住,2024-09-14 06:05:47,10,11,1,十分纯粹的学者，水平很高但从来不摆架子，对社会科学的方方面面都有深刻的见解（可以看一下老师的一篇文章《经济学与世俗智慧》，对我很有启发），respect
213852,8076,柯荣住,2025-01-20 12:15:59,1,2,1,给分巨烂
213908,8076,柯荣住,2025-01-21 08:03:06,0,1,1,老师十分和蔼可亲，会耐心的解答问题
213943,8076,柯荣住,2025-01-21 18:00:05,0,2,2,讲课昏昏欲睡，而且给分稀巴烂，呵呵
154021,8305,Wolfgang Kuhle,2022-05-19 10:08:09,0,0,0,高宏（本科生课程）包括Solow， Ramsey， Diamond增长模型（考试占比高），和信息经济学（Grossman-Stiglitiz， computationally constrained agents， search friction， global games）。老师讲的非常细致，期末考试不难，外专业无基础选手体验也很好。（老师人也很帅）
152778,8306,郭邃,2022-04-19 14:18:35,18,18,0,对学生颐指气使，态度极差
153012,8306,郭邃,2022-04-23 14:16:49,18,18,0,行政人员真差劲
155297,8306,郭邃,2022-07-09 08:54:25,16,16,0,这种只会刁难学生的官僚滚出浙大！讲话跟欠她100000一样，sb
158511,8306,郭邃,2022-06-30 02:14:04,13,14,1,知道浙大经院为什么不能成为一流了么？
159046,8306,郭邃,2022-07-05 06:29:29,14,14,0,傻逼，对人极其傲慢刻薄，充满了刁难与偏见。配不上浙大
159212,8306,郭邃,2022-07-08 06:59:09,12,12,0,真烂！
159320,8306,郭邃,2022-07-12 12:20:31,-6,0,6,老师还行吧
159400,8306,郭邃,2022-07-16 09:08:11,7,7,0,选课难
159420,8306,郭邃,2022-07-18 12:55:09,9,9,0,一言难尽
160134,8306,郭邃,2022-09-13 15:15:21,7,8,1,一流学生二流老师三流后勤十八流行政
174242,8306,郭邃,2023-06-08 06:32:41,7,8,1,黄老师就在你旁边，能不能学学黄老师对学生的态度啊，我们不欠你钱
196849,8306,郭邃,2024-07-05 13:08:35,-6,1,7,什么鬼啊，我觉得郭老师挺好的啊，每次给她钉钉发消息都是很有耐心的回复，老师人也长得很漂亮
198786,8306,郭邃,2024-09-11 15:40:54,9,9,0,垃圾行政人员滚出浙大！
199716,8306,郭邃,2024-09-28 06:06:49,7,7,0,一小小的行政人员有什么资格趾高气昂？学院里最恶心的人
200553,8306,郭邃,2024-10-19 00:26:04,6,6,0,令人作呕的态度
204162,8306,郭邃,2025-01-02 13:44:52,5,5,0,恶心的官僚，哪里来的野鸡
208385,8306,郭邃,2024-12-30 01:26:53,1,1,0,。。。
214226,8306,郭邃,2025-01-29 15:39:36,2,2,0,极难相处，自己又毫无水平什么都不懂，像泼妇骂街
173604,8355,包纯田,2023-05-30 02:15:56,1,1,0,给分很差
135677,8846,谢文武,2021-05-19 03:55:41,2,6,4,谢老师，点名方式奇特，从自己本子上 撕一页纸，让你把名字写上去？  这还叫点名吗？\n\n老师讲课的PPT  有一些错误， 老师推荐的《公司财务》嘿  里面也是一堆错误，好吧 \n\n最后 本想 期末考试好好露一手呢，结果碰上疫情，只能以《课程论文》的方式毕业，\n\n得分90，感谢老师， 老师讲的不错，脾气也很好，值得推荐
135907,9094,袁哲,2021-06-02 11:35:07,5,6,1,袁老师是一个很好的人，感觉很亲切，有时候也会开开玩笑，计算机大数据处理超级强！
141652,9094,袁哲,2021-10-19 07:00:26,3,3,0,老师有努力想让我们听懂，平时也会问我们还有哪里不懂。男神老师。
148826,9094,袁哲,2022-01-13 15:29:23,2,2,0,老师好好，泪目了
164238,9094,袁哲,2022-12-19 14:28:04,1,2,1,老师真的很好，还是我班主任，人太好了
170249,9094,袁哲,2023-03-02 07:58:24,12,14,2,老师人非常好，年轻有为，他和徐蕙兰老师夫妻俩都是很好的老师
173053,9094,袁哲,2023-05-12 04:45:38,1,1,0,班主任必然bdbdbd，人好心善的帅哥一枚
184182,9094,袁哲,2023-12-12 04:23:01,1,1,0,袁老师人很好
184303,9094,袁哲,2023-12-16 06:03:47,1,1,0,怎么会不到九分呢？给个十分
189873,9094,袁哲,2024-01-31 23:20:36,3,3,0,袁老师怎么还不到10分
214457,9094,袁哲,2025-02-05 08:10:13,5,5,0,神中神，AI中的经济学最好的跨专业，长学期的课，只有3次论文分享，我因为跨校区的原因，袁老师人很好让我看智云就可，最后给分也很好，老师也很幽默，很好说话
174982,9394,Jeehoon HAN,2023-06-20 13:53:12,0,0,0,很好的老师，其本人热爱经济学研究。
167992,9397,李文健,2023-01-21 14:33:07,11,14,3,只教了4种税，但考了没教的税
167994,9397,李文健,2023-01-21 14:35:10,-2,3,5,老师台湾腔，讲话好好玩～用的曼昆的教材，所以会和马工程对不上，不过最后来看讲的都是考点，可以放心学哦！\n\n平时分都是普通word作业，线上写写就好了。最后大年三十海底捞出成绩，爆吹！！！
167996,9397,李文健,2023-01-21 16:23:17,11,13,2,不建议入坑，台下听课真的很困，按座位顺序依次回答问题，这个真的慌一匹
167997,9397,李文健,2023-01-21 17:19:01,1,2,1,宏经 作业量微多，但给分不错，而且是真的真的不点名！讲的顺序和其他老师不一样 除夕夜出成绩确实刺激
168008,9397,李文健,2023-01-22 06:24:24,1,2,1,老师的宏经是曼昆的教材，顺序不太一样，平时分在作业，给分看作业态度，练习对考试有一定帮助，期末复习里还感觉有两道一样的～老师人很好，觉得作业多可以选做，说不靠点名保证到课率就真的人再少也没点过名哈哈哈，课上会按座位顺序请人回答问题，但提前发的课件都有答案。\n\n坦诚地说我是看cqb老师的智云过来的，宏经的计算模型比较固定，选择判断考得细致些。
169287,9397,李文健,2023-02-25 08:43:57,-1,1,2,还没考试，先给个十分求不挂
173358,9397,李文健,2023-05-21 05:34:50,7,9,2,上的是2023学年春夏学期的税收学，平时四次作业，基本上是数理经济学范畴中的计算证明题，上交三次即可，期末一篇指定方向的论文，不限字数，这次是研究二战以来美国各州个人所得税制与经济变迁和联邦所得税制的关联机制。有一次念名单点名。老师给分挺好，不过除了第一节课讲了一下中国税制，之后的内容全部属于数理经济学范畴，需要运用大量梳理数理工具进行各种推导，由于课程节奏极快，课堂气氛较为催眠，因此不易理解；同时这部分内容与现实经济社会脱节极大，希望通过修读此课程来深入了解税收政策及其发展趋势、与经济社会的联系等内容的同学或许需要斟酌；已修读过高微高宏数经的同学若想深度了解西方经济学在税收上的运用，这门课或许是个不错的选择
189705,9397,李文健,2024-01-27 06:32:21,6,8,2,修改：\n\n1.2023春夏学期税收学，平时四次作业，基本上是数理经济学范畴中的计算证明题，上交三次即可，期末一篇指定方向的论文，不限字数，这次是研究二战以来美国各州个人所得税制与经济变迁和联邦所得税制的关联机制。有一次念名单点名。老师给分挺好，不过除了第一节课讲了一下中国税制，之后的内容全部属于数理经济学范畴，需要运用大量梳理数理工具进行各种推导，由于课程节奏极快，课堂气氛较为催眠，因此不易理解；同时这部分内容与现实经济社会脱节极大，希望通过修读此课程来深入了解税收政策及其发展趋势、与经济社会的联系等内容的同学或许需要斟酌；已修读过高微高宏数经的同学若想深度了解西方经济学在税收上的运用，这门课或许是个不错的选择\n\n2.2023-2024秋冬学期税法，无点名（其实是有一次，但老师说是点着玩，不算分），20%四次课前预习作业（无论对错，做了就行），20%课程论文，这学期要求是写中国建国以来税制体系的发展，可以写税制体系，也可以写一类税收。要求字数不超过3万字。评价关注点:（1）内容完整，格式规范；（2）文章结构层次分明，文字通顺，语言表达准确；（3）能够结合数据展开分析（4）能够运用统计或计量工具进行分析；（5）能够结合经济背景解释税制变化；（6）能够结合理论说明税制调整的原因与效果（7）文献引用准确，对文献的解释到位。参考标准:1-7能做到5点就属于优秀。3-4点良好。2点以下不合格。具体评价结合论文具体情况。60%期末考试，有单选、多选、名词解释、简答、计算、论述题，其中名词解释和两道计算题都在期末复习PPT上出现过。课程节奏慢，课程进度不合理，课程气氛昏昏欲睡（老师还是要注意休息呀，感觉老师上着课都要睡着了），想学税法的同学建议上B站看CPA，在斩六将网站上刷题，不太建议选这门课
196397,9397,李文健,2024-07-03 08:21:37,0,0,0,税收学比较偏重数理方面的 上课要认真听 论文认真写
199322,9397,李文健,2024-09-21 03:25:27,6,6,0,课上得不好
203142,9397,李文健,2024-11-17 10:51:47,11,11,0,严重怀疑这次作业只是想找免费劳动力搜集数据而已，在网上下载了快一个小时还没做到总工作量的十分之一，b溃了艹
208033,9397,李文健,2024-12-25 09:01:09,8,8,0,税法的课件做的依托。。。
208941,9397,李文健,2025-01-03 12:53:02,8,8,0,老师你觉得税法期末合理吗。。
209042,9397,李文健,2025-01-04 09:20:51,7,7,0,人到无语的时候就会笑
209128,9397,李文健,2025-01-04 15:07:44,4,4,0,老师我和你拼了，
209151,9397,李文健,2025-01-04 17:54:12,1,1,0,税法考试真的合理吗 通宵复习快崩溃了感觉啥也没记住
213299,9397,李文健,2025-01-17 01:34:48,4,6,2,祝贺老师发AER!
213367,9397,李文健,2025-01-17 05:12:26,2,2,0,税法这学期（24-25秋冬）期末考试范围是增值消费企业个人四大税种，没考小税种，但是最后的简答题问到了我国关于环保的税有哪些以及你有什么改进建议，有同学小组展示做的就是这个，如果听了一耳朵应该也能写出来一些；题型是单选多选名词解释计算论述，整体题量还好。\n\n考试难在范围广、条目细而非题目本身弯弯绕绕折磨人，所以更注重一些重点条目、某些例外的清晰记忆（考场上很多以为自己记住的其实会记混），建议自己梳理一下每个税种的大框架，需要辨析的部分（比如视同销售在三大税种中的不同判定）单独拎出来整理。考前我很担心计算题给中财那样的十几条情况，但其实本次期末计算题难度适中，且每小问（印象里不超过5问）之间有连贯性，顺着往下写还是能做出来的（前提是一些基本的计算要掌握，比如增值税=销项-进项，以及视同销售balabala的判断和计算）。整体计算题的部分做下来难度小于课件最后的综合题部分（当时做进口/建筑业分包/农产品的题真的很绕…）\n\n老师上课讲得慢且催眠，但是ppt胜在完整且有例题，复习的时候能够有题做在经济学院真的蛮难得的…一些细节老师在课件里也有标注remark，自己对着学应该也没有理解上的难度。
213433,9397,李文健,2025-01-17 10:34:11,3,3,0,。。。
213434,9397,李文健,2025-01-17 10:34:18,2,2,0,税法考试的范围和给分的水平都对吗....
167585,9398,任远,2023-01-17 12:51:38,6,6,0,抢占Ryan帅哥的一楼🥰🥰🥰和帅哥贴贴......斯哈斯哈
171900,9398,任远,2023-04-11 12:47:08,5,6,1,会画重点给题库，给分特别好
172126,9398,任远,2023-04-20 04:15:03,17,18,1,任远老师讲课真的很用心，很有水平，看他的PPT都翻烂了。老师是真的关心学生，无私的传授自己的知识。希望经院多一些这样的好老师。
173731,9398,任远,2023-06-02 05:05:52,14,17,3,给我导、我们Ryan打call！！！远哥扛起了金融系年轻老师的颜值大旗！！！\n\n别的就不多说了，留给学弟学妹自己感受哈哈哈哈哈哈\n\n毕竟谁不喜欢一个又可爱又幽默又负责又贴心又会健身的东北帅哥呢呜呜呜~
181304,9398,任远,2023-10-13 12:43:49,0,0,0,好老师！！
191324,9398,任远,2024-04-17 15:47:37,1,2,1,上了任老师的资产定价，真的是好老师，讲的清晰透彻，会关心每一个学生跟没跟上。有问题也会耐心解答，很好的老师！
216014,9398,任远,2025-03-09 12:14:06,3,3,0,老师长得风韵犹存！但是讲课有点难懂，很难集中注意力
216497,9398,任远,2025-03-17 11:30:41,4,4,0,老师人挺好的但是语速很快，投资学完全跟不上（感觉默认很多我们都会），几节课下来已经完全听不懂了qaq。但是老师人挺好的问他也讲得很详细 但是他真的太高估我的水平了 也根本想不到我有多蠢。
220992,9398,任远,2025-06-20 15:07:01,0,1,1,长得帅讲课有点快但是内容很实用，今年第一年开始期末考考的很难但是给分我直呼爸爸。
220997,9398,任远,2025-06-20 15:23:06,0,0,0,好老师 平时分拉满 只怪我期末卷面真的差\n\n讲的有点快 可能不太懂本科生的现阶段掌握的水平 但是一直在问同学们有什么建议或者可以修改的地方 希望明年老师可以讲得更好呀
221641,9398,任远,2025-06-25 04:54:14,1,1,0,伟大无需多言
167205,9399,沈舟翔,2023-01-15 05:33:12,7,12,5,好像是新老师\n\n宏经的话课讲得还行，挺细致的，会补充一些课外的东西（经济热点、时事之类）\n\n老师很温和，就是语调很平，上课声音偏小，有点催眠hhh\n\n到现在还没出分有点点焦虑就是说，希望能和隔壁cqb看齐[乐]，浅蹲个
167234,9399,沈舟翔,2023-01-15 07:21:07,22,26,4,沈老师是22年新加入浙里的，我上的是他的宏经。老师不点名，在第一次课会明说。上课会有提问互动环节，鼓励同学自愿回答，会有平时分加分。最后就是一个小组论文和期末考试。老师上课参考的是曼昆的书，逻辑和条理都很清晰，会有语调平缓容易瞌睡的问题，但如果认真听下来，期末配合浙大自己出的那本宏经教材和历年卷，考试还是比较有把握的。私戳他答疑，回复得也很认真。今天出分比我预想的要好，来夸夸！
167274,9399,沈舟翔,2023-01-15 10:56:25,10,15,5,老师给分超级好！！！！！！！！！！
167339,9399,沈舟翔,2023-01-15 14:28:41,4,6,2,上课不点名，事少分高，答疑认真
167353,9399,沈舟翔,2023-01-15 15:03:04,-16,1,17,只去过第一节课，考前一个月左右开始补天，4.8 不过我是属于自学能力很强的那种人 考试蛮有把握的 基本都会 但是看出分之后大家都说给分好？不懂了哈哈
167370,9399,沈舟翔,2023-01-15 16:28:46,13,16,3,发AER的大佬，直接吹爆！上课不点名，不要求出勤，所以常常只有二三十位同学在。但是讲得很好，兼顾基础和前沿，发言和提出好问题有加分。钉钉答疑回复很快，特别认真。本学期选课最正确的一次选择！！
169899,9399,沈舟翔,2023-02-28 09:07:35,3,7,4,捞人力度大得可怕
169926,9399,沈舟翔,2023-02-28 12:41:23,1,5,4,超级帅气 非常非常会捞 感觉做的很差依然有91🥹🥹
169927,9399,沈舟翔,2023-03-03 07:04:10,1,4,3,选他选他
169933,9399,沈舟翔,2023-02-28 13:51:38,3,6,3,宏经第一节课明确说不点名，平时成绩就一篇论文，还是小组合作的。讲课思路和其他老师不太一样，应试需要结合课本自己补充，但是很容易懂，还专门花了一节课拓展诺奖的内容。期末有不会的，最后被捞到一个不该有的高度，就很梦幻，真的赶紧选吧，太好了。
170017,9399,沈舟翔,2023-03-01 03:53:26,1,5,4,老师很帅气，人也很温和，完全可以当作大哥哥的样子，10分10分！
170065,9399,沈舟翔,2023-03-01 07:47:56,-2,1,3,大家都来选他！
170066,9399,沈舟翔,2023-03-01 08:25:18,-2,1,3,快选他
171134,9399,沈舟翔,2023-07-05 10:46:46,1,8,7,沈老师是我跌，你们都不许给他低分，在要给的话就给我点踩好了😭😭😭
171202,9399,沈舟翔,2023-03-18 11:00:19,2,4,2,助教小哥哥好有耐心
177882,9399,沈舟翔,2023-07-05 08:42:29,-1,2,3,上课清晰，PPT简洁明了，不点名，给分好，这样的老师哪里找
178149,9399,沈舟翔,2023-07-07 07:40:40,-3,2,5,求你们期末复习的时候去给我搞清楚各种模型里“为什么”“原因”“机制”等理解性的内容，不然就要像我一样成为一个可怜的公式默写废物😭
178330,9399,沈舟翔,2023-07-10 06:03:34,-4,0,4,很认真负责的年轻老师~
183091,9399,沈舟翔,2023-11-22 06:07:51,-4,2,6,绝对好老师捞到不敢相象的地步了
183287,9399,沈舟翔,2023-11-23 12:19:38,-4,2,6,超级好的老师
184937,9399,沈舟翔,2023-12-24 13:19:06,-5,1,6,超级好的老师，课讲的很好
187896,9399,沈舟翔,2024-01-17 17:16:22,-3,2,5,这学期宏经只有刷mooc，我快期末了还没刷完，助教姐姐专门私戳催我，特别好！！不点名，没有小组作业，没有小测，没有作业，最后期末靠自己补天最后85（呜呜呜真的把我捞到最高一档了），事情少得可怕！！
189417,9399,沈舟翔,2024-01-24 04:05:31,3,3,0,给分没有说的那么好，宏经是按照曼昆教材上的，顺序和有些内容和马工程会有出入，导致期末复习的时候需要重新按马工程的思路学一遍，上课认真学了期末考试感觉也不错，但是给分有点落差；但老师上课不点名平时事情很少。
190517,9399,沈舟翔,2024-03-06 14:40:42,8,11,3,讲课一般，给分差
196698,9399,沈舟翔,2024-07-04 23:53:12,6,6,0,讲课无聊 且跟考试内容不接轨 给分卡还不高 慎选 但是上课会教一些经济学前沿的内容 但问题是这些都不会考
196727,9399,沈舟翔,2024-07-05 02:15:35,8,8,0,分登记错了    学生心脏病都出来了。。。。。
196781,9399,沈舟翔,2024-07-05 06:01:26,7,7,0,给了8分，因为老师平时确实事少，钉钉回复消息很及时，但给分真的差，上课如听，感觉讲课就是念念ppt，平时分比期末卷面还低真的挺幽默的，明明每堂课都去，但是因为没怎么发言所以课堂参与分被扣惨了，不点名但不发言直接当做没参与，我不知道这是否比点名更好…作业最好写完自己核对一下标准答案，因为会很求是地扣作业分…如果重来我一定润去hzy的班，只能说专业课被背刺真的太崩溃了…
197150,9399,沈舟翔,2024-07-08 07:05:53,6,6,0,笑面虎
199447,9399,沈舟翔,2024-09-24 02:02:27,1,3,2,特别爱卷发言的老师 我天呢 上课不回答平时分就完蛋但是根本没和大火说过要这样计分阿
211868,9399,沈舟翔,2025-01-13 00:53:36,3,3,0,给分巨烂无比
211896,9399,沈舟翔,2025-01-13 01:21:28,2,2,0,没有平时作业，就刷刷慕课，但发言一定要发，不过这一期有基础分了\n\n讲课和期末考内容不完全重合，有些转移支付乘数、经济周期之类的内容上课没讲也不在PPT里，最好结合马工程的内容一起复习
212017,9399,沈舟翔,2025-01-13 04:37:28,4,4,0,快跑，给分巨差，让我这学期本就不富裕的绩点雪上加霜。考试前全靠cqb的PPT和平时作业才让我免于不及格
212033,9399,沈舟翔,2025-01-13 05:19:07,3,3,0,妈呀 这分给的也太低了 你还不如点点名呢 讲的也一般 没看出厉害在哪
212069,9399,沈舟翔,2025-01-13 06:38:23,0,1,1,烂中烂
212250,9399,沈舟翔,2025-01-13 14:22:14,2,2,0,宏观经济学讲的一点都不全面，课是讲不完的，卷是不出的，分是不调的，水平是令人昏昏欲睡的。绩点是卡卡的。建议选不上cqb的再等等。
214158,9399,沈舟翔,2025-01-26 04:26:03,1,1,0,不是说要改平时分哩，怎么一点动静没有（在教务网成绩公示那一块搜宏观经济学没有一个人成绩改了）\n\n等成绩改了就改评价
214585,9399,沈舟翔,2025-02-13 23:45:23,0,1,1,给分巨烂
214620,9399,沈舟翔,2025-02-15 03:47:26,-3,0,3,发言10分，基础分5分，所以一定要好好发言！嗯，感觉给分没有很差？
216558,9399,沈舟翔,2025-03-18 10:29:28,0,0,0,不是不能理解经院有些课的安排问题，但四分之三的课时交给翻转课堂甚至还不是随便讲篇文章就可以的那种怎么说都有点过分了吧。。。
171263,9401,张子龙,2023-03-20 07:06:20,5,8,3,老师是这学期新来的，之前好像是在北大教书。是搞公司金融的。可能因为不是自身专业，略略有些念PPT，但是老师长得很舒服，看脸我就能看一节课好吗
173911,9401,张子龙,2023-06-04 11:30:45,11,12,1,会开一些可爱的玩笑 偶尔会说一点点英文 长得很年轻 根本看不出来快要40岁了 上课速度比较快 下雨还会有额外的加分 更新课件很多都是在半夜  上课努力和同学互动 但是没人理他 \n\n缺点是课件给的比较晚
177041,9401,张子龙,2023-07-01 08:39:23,2,2,0,给分挺好超出预期，也很乐于答疑，虽然上课可能有点无聊但ppt清楚可以自学，长的耐看（这是可以说的吗）。
177044,9401,张子龙,2023-07-01 09:16:33,2,2,0,是张子龙老师英文班的，老师上课很可爱，英文卡壳了会憋出几句中文，平时作业还是有难度的，也会记录分数，所以要好好做，考试难度不大，但是要注意细节
177045,9401,张子龙,2023-07-01 09:18:25,1,2,1,给分公正合理，部分同学成绩不佳自己反思
177059,9401,张子龙,2023-07-01 10:58:42,3,4,1,全英文的课，刚开始被学校一套完备的摄像头整怕了，一句中文都不敢说，一个学期下来见证了老师慢慢放飞自我。\n\n中财确实难，英文更是雪上加霜，万恶的经院为什么不让我们接着会计学上中财啊💢
177289,9401,张子龙,2023-07-02 15:05:11,1,1,0,第一眼看见子龙哥就觉得有一种笨笨的可爱，跟同学们说了好久他快四十了看起来还跟个大学生一样。平时上课虽然主要是朗诵和解释ppt，但是感觉中财就是这种风格，好一点的老师也只是把ppt读得更声情并茂一些而已。最后期末感觉自己做得一塌糊涂分摊成本死活想不起来怎么写，但是看到成绩感觉肯定是大捞过的。祝子龙哥浙大教学生涯顺顺利利开开心心
196495,9401,张子龙,2024-07-03 19:29:05,0,1,1,虽然老师你雷达点名一分钟刺到我了，但我中财啥也不会也没挂，hzj助教哥哥也是人帅心善，综上，你俩都是我的义父！
208483,9401,张子龙,2024-12-28 08:39:59,0,0,0,特别特别好的张老师！人真的特别特别特别的好特别的耐心，中财就是一门比较枯燥的课程，可能很难体现出老师的好！反正我就要说 张子龙yyds！
208653,9401,张子龙,2024-12-30 13:05:56,1,1,0,Good teacher， 学术做的很扎实
220365,9401,张子龙,2025-06-17 13:18:47,2,4,2,中财平时一共6次作业，期中有1次开卷小测，点名方式比较多样\n\n但是中财这门课平时学习确实很重要，建议来听课（期末补天真的很痛苦）\n\n张老师讲课很清楚，助教哥哥姐姐真的很捞，最后给分不错！
221125,9401,张子龙,2025-06-21 10:59:46,-2,2,4,英文班\n\n喜欢一个一个问你叫什么点名，作业就是中文班翻译过来，期末分数巨低无比，跟他上有福了
221642,9401,张子龙,2025-06-25 04:56:20,0,1,1,老师伟大无需多言，中财内容较多，不光上课要听，课后还需要时时温习 ，期末周一个晚上很难速通
170210,9403,周康,2023-03-02 03:55:21,16,19,3,帅老师
170211,9403,周康,2023-03-02 03:55:37,11,11,0,帅老师，很喜欢
180845,9403,周康,2023-09-27 06:27:45,6,6,0,神仙周老师，讲课炒鸡实用，家庭经济学强推
184737,9403,周康,2023-12-22 11:11:43,4,6,2,老师讲课不错，但是课程论文要求5%查重率是不是有点太夸张了....
185638,9403,周康,2024-01-03 07:35:07,4,5,1,发展经济学巨爱点名，论文要求查重非常苛刻
185752,9403,周康,2024-01-04 05:41:51,3,3,0,论文要求太严格了，重复率不能高于8%
187042,9403,周康,2024-01-14 08:53:50,7,8,1,康哥（他千万不要看到我这条评论(｀・ω・´)）（是的，我就是专门拆康哥台的康哥小迷妹( • ̀ω•́ )✧）\n\n我不评价康哥的上课水平，但提醒各位看到这里的学弟学妹们：对查重率的要求，可以尝试用chatgpt等大模型解决。\n\n\n\n给大家提供一个prompt的参考（我写评论时现场编的，各位可以自行修改）：\n\n“\n\n任务：改写和润色我接下来说的经济学学术的内容。\n\n---\n\n要求：\n\n1.除了专业术语有所保留，其他的地方尽量不要和原词原句重复\n\n2.要求每一段的字数和原文大致相当\n\n3.将其中简单的词汇和句子替换成更为优美、精炼、学术性的表达方式，确保意思不变，但使其更具学术性。\n\n4.整体风格最好偏向于《经济研究》、《管理世界》这一学术期刊。我将在下面给出示例，请认真学习其语言风格。\n\n---\n\n写作“语言”示例——来自《经济研究》的一篇文章：\n\n（查老师有字数限制，加上就写不下了。学弟学妹可以自行找篇文章。把其中的一两段复制粘贴到这个位置）\n\n---\n\n如果你理解了任务和要求，请用自己的话叙述一遍\n\n”
197206,9403,周康,2024-07-09 06:05:54,1,2,1,讲得非常实用
201194,9403,周康,2024-10-30 02:51:46,1,1,0,老师好好 好耐心为我解答问题
204764,9403,周康,2024-11-27 17:28:57,1,1,0,老师非常非常的nice
216395,9403,周康,2025-03-15 11:07:01,0,0,0,老师答疑特别认真
218528,9403,周康,2025-04-24 08:16:33,2,2,0,得此良师，夫复何求
195139,9404,周明海,2024-06-27 02:44:37,6,10,4,上课内容极其水\n\n但是最后给分极其糟糕\n\n一个学期什么都没有学到\n\n收获了一个3.3
201063,9404,周明海,2024-10-28 06:03:04,12,12,0,对吗？？？？？？？？
202349,9404,周明海,2024-11-12 02:40:32,3,6,3,上课极其水，还要随机点人起来回答问题。老喜欢吹嘘自己取得了怎么怎么的成就。
203715,9404,周明海,2024-11-20 18:14:41,11,12,1,求求补药再随机点名了...政经上的和ybgg形成鲜明反差
204126,9404,周明海,2024-11-24 12:59:51,8,9,1,总说自己以前在宁诺教书...
204164,9404,周明海,2024-11-25 01:12:42,2,4,2,总是点名，讲课不是很好
206596,9404,周明海,2024-12-16 10:18:29,1,3,2,strong strong的
212821,9404,周明海,2025-01-15 03:54:13,3,3,0,给分很好（指中计）但老师每节课会纸质签到然后随机抽人起来回答问题是真的，可能老师习惯了小班教学。
213688,9404,周明海,2025-01-19 06:51:00,7,7,0,政经 老师讲课讲得非常烂，讲的都是一些人尽皆知的东西，给人一种抖音刷多了的感觉，另外他还喜欢上课随机点名，并且还自信地认为这很有趣。。。我的天啊。。。但是给分还挺好的，总之就是水水的，非常水
214775,9404,周明海,2025-02-18 01:11:36,1,2,1,感觉中级计量他自己都没懂，也不备课，PPT上面难一点的公式推导都不会。他是想讲出那种深入浅出通俗易懂的感觉吗？但是完全就是又水又无聊。。。而且每节课都点名回答问题，上了一学期课简直烦死了。给分还行吧
214832,9404,周明海,2025-02-18 06:36:21,1,1,0,【政治经济学】di e味很重，不知所云，随机点名回答更是。。。
218294,9635,陈松年,2025-04-22 11:12:16,0,0,0,全球顶级计量经济学家
172671,9703,朱越腾,2023-05-04 04:22:46,8,13,5,朱老师好中之好
181392,9703,朱越腾,2023-10-16 13:03:20,5,9,4,真心好老师
191955,9703,朱越腾,2024-05-06 08:13:37,-12,11,23,虽然上课认真，但是两面三刀
192196,9703,朱越腾,2024-05-11 08:06:27,2,4,2,朱老师上课非常认真，备课也非常详细，时间序列深入浅出，还从数理层面探讨了公式背后的含义。
193385,9703,朱越腾,2024-06-08 08:27:51,5,12,7,楼下的你凭什么这样污蔑朱老师，网络造谣不用负责任是吧\n\n我和身边同学一致认为，朱老师人品没有任何问题
193556,9703,朱越腾,2024-06-13 03:55:04,-5,7,12,没污蔑，我有充足的证据
193643,9703,朱越腾,2024-06-14 09:28:58,8,10,2,良师益友
195483,9703,朱越腾,2024-06-28 09:07:55,10,12,2,坐标商业银行经营与管理，朱老师是人大本硕+纽大博士，专业知识顶呱呱，上课思路清晰表达有条理，ppt也很有干货。\n\n商行这门课背诵内容特别多，老师已经尽力减轻负担了，最后也尽力捞了！总之商行请选朱老师！
197605,9703,朱越腾,2024-07-21 13:03:32,9,9,0,不给朱老师打低分，因为他善❤
198544,9703,朱越腾,2024-09-10 01:28:03,4,4,0,商行\n\n上课点名但是特别好有三次机会，\n\n给分也尽力捞啦，大家记得一定要及时背书！早点背（血的教训不然会熬大夜）\n\n没啥作业就一篇论文，论文期限超级晚\n\n老师上课很认真，看见老师的教案写的密密麻麻的！PPT很详细很丰富（bushi）
201774,9703,朱越腾,2024-11-06 06:12:07,4,4,0,特别特别好的班主任❤️❤️
201775,9703,朱越腾,2024-11-06 06:20:37,3,3,0,硕士时间序列课不点名，内容偏数理推导，但是已经尽量深入浅出地解释各个公式背后的涵义了，没有数学基础的同学完全不需要害怕。时序课考试+论文结合，不挂人。
208487,9703,朱越腾,2024-12-28 09:12:49,2,3,1,商行讲得很好，老师上课很用心，期末会划重点，给分也nice
216674,9703,朱越腾,2025-03-20 13:42:02,3,3,0,虽然点名但是很松，商行在我看来是一门大文科课，没什么难点但很细碎，上课好好听，期末认真背就好了，不需要额外花时间，最后成绩很满意。朱老师是我大一时候的班主任，记得当时还请同学们吃饭谈心来着，老师给分很好，人也很亲和，祝科研顺利身体健康走花路哇！
219549,9703,朱越腾,2025-05-29 16:38:37,2,2,0,浙大经院大善人！
221025,9703,朱越腾,2025-06-21 01:46:40,2,2,0,老师对待课程和科研都特别特别特别认真，也特别善良特别棒，学术功底超级扎实！
221907,9703,朱越腾,2025-06-27 10:28:37,0,0,0,讲得超好，人很和善，很负责任，给分超好。虽说点名，其实很松。强烈推荐，可无脑选！朱老师他真的，我哭死，又年轻又帅气人又好，打着灯笼都很难找到这么好的老师啊（大哭）！
221929,9703,朱越腾,2025-06-27 13:18:01,1,1,0,1.点名方式：老师会随机抽人回答问题，maybe一节课一两个，但是第一次不到老师不会扣分，请假需要提前请假，感觉老师人很好，因为五一前一节老师说不点名，提前走什么的没问题，很kind！！！\n\n2.考核方式：期末闭卷+论文/pre，老师给分真的很好，而且上课也很专业—人大本硕，纽大博，专业知识过硬，上课很有趣，pre的话会认真给同学提供意见建议\n\n3.期末会划重点，分：重点，重要，知道，了解。而且和历年卷有重合，一定要听最后一节课的画重点！！！\n\n4.老师人帅给分好风趣幽默，真的很难不喜欢（有人说像王安宇，我认真一看还真有点像）年轻的活力+专业的知识，选择zyt老师是正确的选择！！！！！！\n\n\n\n赞赞赞！！！
221459,9736,袁松,2025-06-24 00:56:47,1,1,0,政府预算管理 袁松老师上课基本只管自己在讲，没有互动。考核是每人3分钟的上台发言，加上8000字的课程论文。给分有点迷
217603,9901,陈亮,2025-04-14 04:15:21,1,1,0,善良的好人
207129,10279,谢慧华,2024-12-19 10:49:00,1,1,0,因果推断很绝，做实证研究必听
208949,10279,谢慧华,2025-01-03 13:37:36,1,2,1,讲的很好！
213173,10279,谢慧华,2025-01-16 08:17:33,1,1,0,谢老师讲的很好，而且感觉很温柔
213292,10279,谢慧华,2025-01-17 01:05:08,0,0,0,感觉评论区都是熟人qwq 老师讲的很好，stata作业有点难
213295,10279,谢慧华,2025-01-17 01:14:23,0,0,0,老师讲的内容是因果推断，不仅包含书中的四个因果推断的方法，而且老师还会加一些前沿的内容。虽然stata 作业很多，每次基本上都要写一两天，但是对于实证方法的训练是实打实的。老师人美心善，教的又好，原理也讲的很清楚，人间好老师！
213377,10279,谢慧华,2025-01-17 06:14:46,2,2,0,女神姐姐…考试有一大部分没做出来但给分特别特别好…哭了
213395,10279,谢慧华,2025-01-17 07:47:25,0,0,0,非常好的老师～
213545,10279,谢慧华,2025-01-18 06:46:21,1,1,0,老师人真的超好的，讲课很仔细，期末给分也特别好！
213809,10279,谢慧华,2025-01-20 04:38:40,0,1,1,出分一看，老师捞我，感恩的心\n\n上课讲得挺好的，老师水平也很高，就是偶尔感觉是不是没怎么准备就上来讲了hhh，会布置作业好评，总体体验挺好的~
208370,10295,吴姝杰,2025-01-01 06:07:50,7,11,4,永远喜欢吴老师！想上吴老师的课
208371,10295,吴姝杰,2025-01-01 12:24:16,4,8,4,吴老师太好了！！！
208375,10295,吴姝杰,2024-12-27 07:56:16,4,8,4,老师人超级好
208406,10295,吴姝杰,2025-01-01 12:23:47,5,8,3,超好的老师！
208407,10295,吴姝杰,2024-12-27 11:16:57,5,8,3,超级可爱吴老师，想上姐姐的课！！🥺
208408,10295,吴姝杰,2025-01-01 06:11:48,5,8,3,伟大无需多言！人美心善吴老师！（是谁打错分了？）
208412,10295,吴姝杰,2024-12-27 12:00:41,7,9,2,咱们2407的班主任，刚拿到教师资格证，不可多得的年轻老师😍
208763,10295,吴姝杰,2025-01-01 12:24:47,5,6,1,老师我爱你
208863,10295,吴姝杰,2025-01-02 18:30:12,5,6,1,很厉害的老师，浙大经济本科，港中文经济学博士，刚来就发了国际一流期刊
208894,10295,吴姝杰,2025-01-03 07:37:31,3,4,1,吴老师的课好分高！学的嘎嘎爽！！！
215087,10295,吴姝杰,2025-02-21 00:20:44,1,2,1,老师上课超级可爱，第一次上会计学上得很有意思
218757,10295,吴姝杰,2025-05-01 16:14:53,1,1,0,喜欢吴老师，作业比隔壁周xf少多了
215119,10711,沈艳,2025-02-21 12:55:56,3,4,1,职规课选到就偷着乐吧
221513,10711,沈艳,2025-06-24 06:37:00,1,1,0,去年上的职规，真的事少给分高，除了最后的表演都是直接课上完成的任务，看我室友选其他老师的职规要写什么简历计划书，sy的课全都不用。我感觉去年来的时候有一堆骂她当辅导员的，吓得我没敢评论，今年是被清了还是我记错了？反正她职规真的好
200611,10712,王赛男,2024-10-20 09:42:47,-10,1,11,作业贼多
202179,10712,王赛男,2024-11-10 11:44:03,7,8,1,dbq第一次在查老师上激情长评了，第一节课就觉得老师长的很漂亮，人也特别温柔，上课经常要回答问题但是给我的感觉特别好就像和姐姐聊天一样，完全没有压迫感，老师也很关心我们，说实话事真的很少了，我们寝室三个人上职规我的作业几乎是最少的，职规本来就事多，遇到王老师你就偷着乐吧，之前选课在查老师朵朵上到处看也没看到老师评价，猜是年轻老师激情盲选，老天没有辜负我，非常非常好的老师，看到这条评论你就大胆选吧
202187,10712,王赛男,2024-11-19 05:23:41,7,7,0,老师人很温柔，说话声音也很好听，事情也不多，至于作业的话也还好吧，可以接受，不知道给分怎么样
203052,10712,王赛男,2024-11-16 06:12:27,-1,1,2,事比较多，期末测试拍视频的通知和要求比其他老师晚很多，而且课比较适合e人，但是人不错，给分也还可以
203087,10712,王赛男,2024-11-16 12:56:48,3,3,0,王老师，你人真的豪好啊啊啊啊，事不多给分好，人很温柔善良，职规课包选王老师的啊🥹🥹🥹🥹
203542,10712,王赛男,2024-11-20 03:07:00,3,3,0,赛男老师非常好，太感动了，暖心大姐姐～
203597,10712,王赛男,2024-11-27 14:37:28,8,8,0,老师人很好，课堂氛围也很轻松\n\n作业的话主要是生涯人物访谈和期末展示比较麻烦，但貌似其它的职规课也都会有这些作业，这个不是老师的问题；除此之外平时的课堂作业还是很轻松的\n\n老师也安排了很丰富的课堂内容，有一节课是带我们去校外参观，秋八最后一节课安排了招聘面试模拟的游戏；并且还经常会请学长学姐还有企业人员来课堂上分享经验\n\n给分自然也是好的
204045,10712,王赛男,2024-11-23 11:20:28,3,3,0,王老师的职规课作业真的比其他老师少！！！而且课上的内容很丰富，会邀请一些优秀的学长学姐进行经验分享，还有企业的hr来给我们介绍职场招人的要求流程等等。最后几节课的时候有非常有趣的职规剧本杀。太爱王老师啦 很温柔漂亮，人也特别好嘻嘻*^_^*
204629,10712,王赛男,2024-11-27 06:22:27,3,3,0,王老师真的很好
205404,10712,王赛男,2024-12-06 01:42:44,2,2,0,王老师真的很好，给分也很好事情也很少，上课气氛很轻松。职规课选王老师就对啦！轻松4.5加哦
206523,10712,王赛男,2024-12-15 23:31:53,1,1,0,两次作业都是补交的，而且是老师在下课提醒我让我写的，不然我就给忽略了，最终绩点竟然有4.5，我不给老师满分对不住良心。虽然职规课仍是初级阶段，但老师已经创新出了很多有意思的项目，推荐大家来选
208515,10712,王赛男,2024-12-28 15:50:38,0,0,0,老师绝好人，补交两次作业加一次请假最后职规4.5，上课温柔活动多样，基本不会出现没意思的情况（虽然本人非常摸鱼，我忏悔）
199347,10713,王璐莎,2024-09-21 11:48:15,3,3,0,给分很捞，反内卷战神，选到她的道法和职规就偷着乐吧
206639,10739,王清风,2024-12-17 01:51:12,83,94,11,这是不是导致学生被拒签10年的老师？
206644,10739,王清风,2024-12-17 02:48:04,27,30,3,纯纯的出生
206645,10739,王清风,2024-12-17 02:49:31,7,9,2,无敌了
206733,10739,王清风,2024-12-17 09:36:07,36,40,4,学校新闻系的学生学的都是些啥？活生生的就业黄金简历不来操作一下
206750,10739,王清风,2024-12-17 11:16:04,32,34,2,何故乱翻书
206752,10739,王清风,2024-12-17 11:24:56,0,2,2,逆天。
206786,10739,王清风,2024-12-17 14:15:51,24,30,6,很好的老师，很喜欢~以一己之力对抗人才外流，为祖国经济学建设提供了本土化的土壤，栽培民族学术人才~
206788,10739,王清风,2024-12-17 14:16:26,1,1,0,～🙁
206789,10739,王清风,2024-12-18 16:15:01,-127,6,133,王老师真的是一个很真诚很可爱的老师，她也只不过是一个被黑中介骗了的受害者啊，一群人明明不知道内情还莫名其妙在这里骂，你浙学生的素质可见一斑
206790,10739,王清风,2024-12-17 14:18:03,-131,2,133,王老师真的是一个很真诚很可爱的老师，她也只不过是一个被黑中介骗了的受害者啊，一群人明明不知道内情还莫名其妙在这里骂，你浙学生的素质可见一斑
206817,10739,王清风,2024-12-17 16:53:30,4,5,1,逆天玩意
206820,10739,王清风,2024-12-17 18:13:53,13,14,1,第一条评论洗白的还发两遍的希望你真的是串子
206834,10739,王清风,2024-12-20 07:58:38,21,23,2,查老师好样的，前段时间还没有wqf的词条，这个词条是刚加进去的，而正好的是，wqf，你欠查老师了
206844,10739,王清风,2024-12-18 02:13:05,7,9,2,出生大出生
206846,10739,王清风,2024-12-18 02:35:54,54,56,2,把我们当弱智一样骗，靠着学生对浙大的信任想方设法榨学生家长的血汗钱，你良心真就一点没有呗。我辛辛苦苦努力十二年考上的大学，有你这么个货在里面任职，这不成了个乐子嘛。赶紧给我进去蹲上几年
206850,10739,王清风,2024-12-18 02:58:59,5,8,3,前面那个洗的是龟还是弱智？别说王÷知不知情，这件事是不是整个学院甚至学校多年默许都不好说
206858,10739,王清风,2024-12-18 04:00:19,24,26,2,四课偶遇qf老师，拼劲全力无法得分
206860,10739,王清风,2024-12-18 04:03:00,2,4,2,绝世无敌的生出哈
206882,10739,王清风,2024-12-18 06:38:14,1,2,1,好好好
206888,10739,王清风,2025-02-24 08:45:50,7,10,3,诈骗犯
206900,10739,王清风,2024-12-18 08:52:59,6,6,0,怎么你还能有2.6分？真想给你打负分
206901,10739,王清风,2024-12-18 09:58:51,17,18,1,到时候记得告诉我监狱里的饭好吃不，喵喵喵？(;ಥ;ω;ಥ;)
206933,10739,王清风,2024-12-18 14:15:29,1,2,1,滚滚滚滚滚
206934,10739,王清风,2024-12-18 14:26:50,10,11,1,指路：\n\n经院24线下对外交流项目的真实性质疑：wqf疑似拿交流补贴中饱私囊？ https://www.cc98.org/topic/6068112/1\n\n讨论经院线上对外交流项目真实性 https://www.cc98.org/topic/6066563/1\n\n补档 12.16 “经院部分学生被英国拒签10年？！” https://www.cc98.org/topic/6066559
206947,10739,王清风,2024-12-18 16:24:30,1,2,1,纯cs
206959,10739,王清风,2024-12-19 01:23:07,10,12,2,蹲局子去吧
206967,10739,王清风,2024-12-19 01:52:48,0,1,1,。。。
206987,10739,王清风,2024-12-19 02:30:36,2,3,1,Chusheng
207002,10739,王清风,2024-12-19 02:58:59,16,16,0,去光之国吃紫菜蛋花汤吧
207008,10739,王清风,2024-12-19 03:23:01,0,2,2,。。。
207011,10739,王清风,2024-12-19 03:27:42,3,3,0,纯出声
207012,10739,王清风,2024-12-19 03:28:26,1,1,0,不做评价
207023,10739,王清风,2024-12-19 04:05:21,0,2,2,纯纯nc
207034,10739,王清风,2024-12-19 04:41:13,1,3,2,说她傻逼都是对傻逼的侮辱
207038,10739,王清风,2024-12-19 04:50:56,4,5,1,smcs
207062,10739,王清风,2024-12-19 06:16:08,0,1,1,。。。
207078,10739,王清风,2024-12-19 07:00:49,1,2,1,你去吃紫蛋
207110,10739,王清风,2024-12-19 09:23:39,6,7,1,开辟了防止人才外流的新赛道👍👍👍
207128,10739,王清风,2024-12-19 10:48:53,2,2,0,我测你码
207166,10739,王清风,2024-12-19 13:37:22,2,3,1,要是浙大学生以后都出不了国，你就是最大的罪人
207168,10739,王清风,2024-12-19 13:53:55,1,2,1,助力收敛
207193,10739,王清风,2024-12-19 16:27:33,3,3,0,纯纯逆天 还有高手洗 就算她真被骗了 这也是她的问题
207198,10739,王清风,2024-12-19 17:03:07,0,1,1,打卡～
207244,10739,王清风,2024-12-20 03:11:32,0,3,3,收敛吧
207282,10739,王清风,2024-12-20 06:05:05,0,1,1,紧跟时事
207284,10739,王清风,2024-12-20 06:38:27,0,2,2,哇塞来打卡
207304,10739,王清风,2024-12-20 09:00:00,1,2,1,不是很懂，这b也配放在查老师？谁放上去的
207316,10739,王清风,2024-12-20 10:41:42,0,1,1,。。。
207317,10739,王清风,2024-12-20 10:49:19,2,3,1,只能说，当其位，就应该食其力。不论你是怎么进入浙大的，你在这个位置上，你就应该对学生负责，做好该做的事情。而不是敷衍
207322,10739,王清风,2024-12-20 12:04:00,0,3,3,smcs
207345,10739,王清风,2024-12-20 16:21:21,0,1,1,社会的败类 浙da的败类
207350,10739,王清风,2025-01-07 18:27:09,21,21,0,诈骗犯，去坐牢！如果你一个人毁了浙大学生的国际声誉，你遗臭万年！
207357,10739,王清风,2024-12-21 02:00:01,2,2,0,傻逼哦
207402,10739,王清风,2024-12-21 09:24:20,5,5,0,硕鼠硕鼠，无食我黍
207438,10739,王清风,2024-12-21 15:20:29,0,2,2,shabi
207634,10739,王清风,2024-12-23 11:17:19,2,2,0,无须多言
207648,10739,王清风,2024-12-23 12:11:32,0,2,2,convert to 1
207650,10739,王清风,2024-12-23 12:13:09,52,54,2,取名和魏忠贤简直是有异曲同工之妙
207675,10739,王清风,2024-12-23 16:29:25,3,4,1,しねくそじじい
207785,10739,王清风,2024-12-24 09:05:35,2,3,1,助力收敛
208186,10739,王清风,2024-12-26 06:11:56,4,4,0,cnm
208216,10739,王清风,2024-12-26 07:45:49,0,1,1,助力收敛
208233,10739,王清风,2024-12-26 09:02:51,1,2,1,助力收敛
208304,10739,王清风,2024-12-31 14:52:19,1,4,3,魍氰疯，我愿称你为田文镜
208363,10739,王清风,2024-12-27 05:41:57,9,10,1,刑啊，这日子真是越来越有判头了
208426,10739,王清风,2024-12-27 12:40:31,0,4,4,骂吧，骂吧，人家该赚的钱还不是照样赚，该当的官还不是照样当
208665,10739,王清风,2024-12-30 14:01:11,11,11,0,大专学历，怎么有脸负责国际交流的，浙大行政的门槛这么低了？
208685,10739,王清风,2024-12-31 00:30:27,0,2,2,limit
208827,10739,王清风,2025-01-02 09:41:18,2,3,1,💩💩💩
208993,10739,王清风,2025-01-04 06:18:35,1,3,2,外学院慕名而来
209048,10739,王清风,2025-01-04 09:42:45,0,4,4,喢👃无须多言
209378,10739,王清风,2025-01-05 19:48:09,1,4,3,我想知道为什么还有1.3
209793,10739,王清风,2025-01-07 06:16:17,0,2,2,毁人前程的东西 赚黑心钱良心不痛的
209894,10739,王清风,2025-01-13 11:15:38,3,4,1,💩💩💩
210084,10739,王清风,2025-01-08 06:13:01,1,1,0,傻逼老师
210095,10739,王清风,2025-01-08 06:40:32,2,3,1,诈骗犯
210624,10739,王清风,2025-01-09 12:58:11,3,3,0,王畜生还活的好好的…真TM晦气
210677,10739,王清风,2025-01-22 06:41:24,11,13,2,wqf为什么还没开除，因为她已经退休了现在是被返聘回来上班了。这么有“能力”的人领导肯定是要护着了
211832,10739,王清风,2025-01-12 15:56:08,0,2,2,这种人怎么还没被开
212210,10739,王清风,2025-01-13 11:46:18,5,5,0,助力收敛
212433,10739,王清风,2025-01-14 04:05:30,1,4,3,诈骗犯
212710,10739,王清风,2025-01-14 14:14:05,7,9,2,如此行径，却不开除，说明后面的水很深啊。能不能给学生们还个公道，看校领导的魄力了。
213003,10739,王清风,2025-01-15 14:01:18,0,1,1,深井冰
213049,10739,王清风,2025-01-16 01:26:54,0,2,2,smcs
213445,10739,王清风,2025-01-17 11:45:53,0,2,2,史中史
213720,10739,王清风,2025-01-19 09:04:32,1,2,1,简直是cs
213906,10739,王清风,2025-01-21 06:58:40,3,3,0,。。。
213987,10739,王清风,2025-01-22 12:27:37,3,5,2,彼阳的晚意
214395,10739,王清风,2025-02-02 15:00:56,0,0,0,555
214483,10739,王清风,2025-02-07 09:34:08,0,0,0,</>a
214504,10739,王清风,2025-02-10 06:18:11,9,9,0,想出国的zjuer算是栽在你手上了
214813,10739,王清风,2025-02-18 05:04:48,4,4,0,所以到底进去没有
214898,10739,王清风,2025-02-19 03:29:14,8,9,1,人文关怀毫无江南古韵，行政作风颇具蒋匪遗风
214960,10739,王清风,2025-02-19 10:54:11,2,2,0,我测你的码
215469,10739,王清风,2025-02-26 11:05:01,8,8,0,彼阳的晚意，初生的东曦。。。
217254,10739,王清风,2025-04-06 23:43:43,4,4,0,我要测wqf的🦋🐎
217290,10739,王清风,2025-04-07 15:13:02,4,4,0,毁人前途啊
219665,10739,王清风,2025-06-03 15:35:22,1,1,0,如果经济学院同学仍然想留学英国或者英联邦国家，而不受到阻碍，唯一的办法就是在英国起诉，通过司法程序证明自己是受害人，才能够将自己排除在共犯之外。而且，这种案例是个体性的，也就是说，别的同学胜诉，不一定代表你无辜。不要去幻想通过政治或者外交手段，英国是法治国家，无论是选举产生的政务官或者是作为公务员的事务官，基于非司法程序而豁免同学的可能性很低。
219891,10739,王清风,2025-06-10 05:27:01,1,1,0,出生\n\n彼阳的晚意，初升的东曦
217522,10741,张皓辰,2025-04-12 08:06:04,0,0,0,很和善的新老师
