评论id,老师id,老师姓名,发表时间,点赞减去点踩数量,点赞量,点踩量,内容
1151,8,陈烽,2016-09-13 05:03:06,157,169,12,老师超好
1316,8,陈烽,2015-03-21 23:52:32,110,112,2,老师人超级好 和学生打成一片 幽默可爱  而且很喜欢分享 没有之一的好！
1394,8,陈烽,2015-03-22 01:33:49,60,61,1,亲切幽默的好老师
1893,8,陈烽,2015-03-26 04:15:41,54,56,2,太棒
2080,8,陈烽,2015-04-01 08:42:15,87,90,3,老师人很好 很负责 人也幽默 上了好几次乒乓了就因为这个老师好
3317,8,陈烽,2015-06-01 02:41:40,70,71,1,对学生超级超级好，很亲切！
3920,8,陈烽,2015-09-15 09:46:37,64,67,3,遇到过的最好的体育老师，没有之一
4472,8,陈烽,2015-06-23 10:55:20,49,51,2,人非常好，而且不用担心分数问题
4742,8,陈烽,2015-06-27 05:45:48,151,155,4,没有一个老师像陈烽老师一样爱学生，一样亲切和蔼，在你跑12分钟时会给你鼓励加油。会关心学生的身体健康。强力推荐陈烽老师
4833,8,陈烽,2015-06-29 11:15:10,52,55,3,乒乓球就选陈烽！！人超级好给分棒简直了！！
4998,8,陈烽,2015-07-02 02:39:15,50,52,2,乒乓球课一定要选他啊。12分钟跑很照顾的
6072,8,陈烽,2015-07-10 16:08:55,36,37,1,人超好对我们很和蔼而且不用担心考试啊成绩啊
6178,8,陈烽,2015-07-11 15:52:21,52,53,1,最爱的老师！！有一颗年轻的心真棒！
7349,8,陈烽,2017-12-22 15:42:40,34,34,0,很好的老师，很和蔼，不仅教球还教人生
7384,8,陈烽,2015-09-14 05:59:56,26,27,1,幽默，亲切，非常赞
7821,8,陈烽,2015-09-15 14:08:29,25,29,4,引体向上只用过眼睛，只用过眼睛。。。
8031,8,陈烽,2015-09-16 15:00:02,32,33,1,ZJU遇到过最好的老师 之一
8255,8,陈烽,2015-09-18 01:03:35,17,22,5,好老师 没得说 选了两年他的课
8347,8,陈烽,2015-09-19 00:42:25,27,29,2,老师萌萌哒～
10474,8,陈烽,2015-11-19 04:00:55,13,15,2,炒鸡棒的老师！特别喜欢他的笑容，和学生打成一片，十分细致认真！
10974,8,陈烽,2015-11-23 14:19:56,7,10,3,老师很和蔼，笑眼~~~
11431,8,陈烽,2015-12-01 04:48:54,31,31,0,真的是特别特别好的老师 见过哪个老师记住班里所有同学的名字吗 见过哪个老师关心学生到这种程度吗 最喜欢的老师 没有之一
11960,8,陈烽,2015-12-21 11:44:30,12,13,1,人超好，不只是乒乓球上的帮助。
12009,8,陈烽,2015-12-21 13:27:23,4,8,4,嗯！超级棒，假期给我们推荐去哪里玩，成绩完全不担心
12221,8,陈烽,2015-12-22 11:38:58,9,11,2,遇到过最好的老师！
12408,8,陈烽,2015-12-23 08:01:50,7,9,2,老师人炒鸡炒鸡炒鸡好！！！！！选上了就偷着乐吧～
12555,8,陈烽,2015-12-23 13:06:02,15,16,1,老师人超级好，笑眯眯的，很慈祥，给分也宽容，还能熟练在朋友圈使用表情包
12596,8,陈烽,2015-12-23 14:42:48,19,21,2,超级超级超级超级好的老师  难得有文采的体育老师 对学生是真的好 真的超级好
12669,8,陈烽,2015-12-24 00:49:38,9,11,2,老师很可爱！人超好！爱笑
12683,8,陈烽,2015-12-24 01:41:32,6,8,2,棒，很照顾我们
13030,8,陈烽,2015-12-24 14:28:18,6,8,2,好，给分很公道
13034,8,陈烽,2015-12-24 14:38:58,7,9,2,老师真的超级好！！！
13461,8,陈烽,2015-12-28 06:48:42,10,13,3,老师真的人很好，微信里也经常会开开玩笑。报了早课所以他还会带吃的过来怕别人没吃饭。给分也特别好！真的不能错过这个老师
13540,8,陈烽,2015-12-29 05:11:54,12,13,1,必须10分
13764,8,陈烽,2015-12-30 17:28:53,18,19,1,老师人好到爆 怎么不是满分
14150,8,陈烽,2016-01-05 04:28:03,8,11,3,第一个满绩，老师炒鸡好，关心学生，体谅学生，没有架子
14883,8,陈烽,2016-01-10 15:36:04,10,12,2,会和同学分享的老师，上课感觉很温暖啊~~然后会推荐各种玩的地方，也会想方设法帮你提高成绩，真的真的很好的老师。
16400,8,陈烽,2016-01-18 04:55:09,4,6,2,太棒的老师！
16752,8,陈烽,2016-01-19 01:58:57,0,4,4,特别和蔼的，一直在笑
17056,8,陈烽,2016-01-19 13:59:13,1,5,4,超级好的老师啊！
18503,8,陈烽,2016-01-22 00:33:45,1,5,4,老师超级好超级好超级好^O^
19130,8,陈烽,2016-01-23 10:12:55,3,5,2,超级棒，超亲切，给分也好
20202,8,陈烽,2016-01-26 13:45:32,5,8,3,超级男神超级暖的老师，非常体谅学生，学到也不少，我还加了老师微信，大爱
20975,8,陈烽,2016-02-06 02:28:40,1,4,3,老师人超好！
21253,8,陈烽,2016-02-27 14:58:01,18,19,1,真的是一个温柔可爱的老师，真心关心学生的健康 给分真的是超好，么么哒陈老师这学期老师里面我唯一开放了看我朋友圈权限的，因为他是朋友哇(ฅ>ω<*ฅ)
21702,8,陈烽,2016-03-01 00:25:45,4,7,3,炒鸡棒的老师！和学生打成一片！会跟你聊天！每天在票圈直播自己去哪里爬山了hhh
22197,8,陈烽,2016-03-03 02:05:39,1,4,3,好好好
24049,8,陈烽,2016-04-26 07:11:44,16,19,3,老师实在太好了，选了两学期，特别爱笑，又和蔼，最重要的是对学生好，特别鼓励大一的谈恋爱hhh
25423,8,陈烽,2016-05-18 08:43:55,0,3,3,好就一个字
25778,8,陈烽,2016-06-21 05:51:40,6,9,3,不仅是给分好，重要的是课堂上学到了很多课程之外的东西
25843,8,陈烽,2016-06-11 15:06:25,3,5,2,超级棒的老师，从他的分和选他课的难度上就能看出来……绝不仅仅是给分好。
25976,8,陈烽,2016-06-14 16:30:25,-1,3,4,男神啊没说的人帅分高
26128,8,陈烽,2016-06-16 05:16:51,5,8,3,紫金港最好的老师\n\n
26245,8,陈烽,2016-06-16 11:28:03,8,10,2,老师超级棒！一直笑着和你说话而且很关心人，也会跟你聊家常！
26326,8,陈烽,2016-06-17 02:48:47,3,7,4,特别亲切
26407,8,陈烽,2016-06-18 03:47:32,6,8,2,老师好到不行 没得说
26425,8,陈烽,2016-06-18 10:18:00,2,4,2,老師很好，會讓你輕鬆的拿高分
26558,8,陈烽,2016-06-21 02:32:15,0,3,3,好的不能再好的
26829,8,陈烽,2016-06-21 08:28:48,5,8,3,极好的老师
26959,8,陈烽,2016-06-22 02:24:54,2,5,3,人超好，选了他三学期的课了
27184,8,陈烽,2016-06-23 12:39:38,3,6,3,喜欢，想再次选但是选不上?
27729,8,陈烽,2016-06-27 09:57:42,34,35,1,老师人太好！又帅又温柔还很会玩，重点是关心学生，上课挨个指导对打，而且还喜欢笑眯眯的跟你拉家常，会记住每个人的名字！～班里组织比赛还喜欢给学生拍照然后要你加微信给你发照片～经常在票圈里晒爬山的照片还喜欢卖萌，配上既有文采又有哲理的话hhh～给分很好，12分钟跑会喊着你的名字给你加油！可惜太火只选上一次…选到绝对人品爆发从此爱上体育课！
27750,8,陈烽,2016-06-27 10:52:41,5,6,1,对于体育渣渣的我，很满意了！老师人超好，我爱陈烽老师！
27807,8,陈烽,2016-06-27 15:54:58,11,11,0,老师无论是在人格魅力还是职业素养上都是我见过坠吼的，上课的时候对学生很细致，引体向上简直好到不行，最感动的是12分钟跑的时候不断地给你加油，浙大最好的体育课回忆
27811,8,陈烽,2016-06-27 16:22:37,9,10,1,最喜欢啦～选了两次老师的乒乓\n\n力荐 最爱的老师
27839,8,陈烽,2016-06-27 19:48:01,-42,6,48,一般吧
27872,8,陈烽,2016-06-28 02:02:56,3,5,2,老师人超好，很负责，12分钟计算方法很赞
28044,8,陈烽,2016-06-28 08:01:47,6,7,1,陈老师真的是大学来见过最和蔼可亲的老师了！教的很好上课也没有负担啊qaq学弟学妹不要因为老师好就欺负他啊呜呜呜 还想继续选他的课qaq
28157,8,陈烽,2016-06-28 08:12:08,25,29,4,本应5月初结束的12分钟跑，为了几个没考试的同学，老师每周六日去体育场等他们考，一直等到六月末。大学有几个老师能这样负责认真？上陈老师的课能感受到久违的信任和关心。希望有缘还能修您的课(泪目…)
28241,8,陈烽,2016-06-28 08:19:59,1,3,2,老师超级好，特别和蔼，也特别关心学生，推荐
28854,8,陈烽,2016-09-22 04:15:45,2,3,1,太喜欢老师啦啊啊啊啊啊爸爸人超级好啊啊啊啊啊
29043,8,陈烽,2016-06-29 07:20:46,4,6,2,老师人超好，放假前还推荐我们去杭州的哪儿哪儿玩。
29860,8,陈烽,2016-06-30 12:09:41,5,7,2,很慈祥！
29898,8,陈烽,2016-06-30 13:19:19,-1,2,3,老师人太好了！
30283,8,陈烽,2016-07-01 07:45:49,2,3,1,炒鸡棒的老师！
30285,8,陈烽,2016-07-01 07:54:08,16,17,1,史上无敌超级大暖男！超级关心学生，超级和蔼，给分超级好！很萌很贴心！有一次感冒翘课了，他事后还问我怎么样了，有没有好一点。我上课的时候一直咳嗽（其实那时候好的差不多），他看到了，过来超关心地说你别打了，休息一会儿吧，要不先回去吧，不要累着了，上课没关系的。真的超级暖心超级感动！最最最喜欢的老师！
31627,8,陈烽,2016-07-04 09:35:45,0,3,3,男神啊！平时上课轻松，很耐心地给每个人送球，我这样肢体不协调的小智障也学会了，最后给分也很棒！微信群里也很走心。
32448,8,陈烽,2016-07-07 02:11:24,7,10,3,永远笑眯眯的老师。陈老师经常说，我一直在紫金港，如果你们毕业回来找到我，一定请你们吃饭。还有记得加老师微信哦，陈老师永远年轻！
33029,8,陈烽,2016-09-10 07:01:16,10,12,2,记得大一上陈老师早上第一节课 起晚了没吃早饭 捂着肚子上课 陈老师看我像是饿了 从自己包里掏出一个鸡蛋给我吃 感动的不行
33269,8,陈烽,2016-09-17 08:37:10,1,3,2,好好好
34299,8,陈烽,2016-09-30 03:39:09,1,4,3,我爱您
34458,8,陈烽,2017-01-14 03:51:13,9,13,4,助你满绩，助你脱单。10分上限太低。
35310,8,陈烽,2016-12-21 11:38:17,3,4,1,老师超级好，来贡献一个十分
37885,8,陈烽,2016-11-21 15:25:47,-1,3,4,老师非常和蔼可亲，大爱！
38259,8,陈烽,2016-11-28 12:44:35,2,3,1,不开心
38278,8,陈烽,2016-11-29 03:27:39,1,2,1,太好了 12分钟很人情味
38292,8,陈烽,2016-11-29 09:24:58,4,5,1,我爱老师！十二分钟跑太有人性了！表白！看来是朋友圈太有文艺感了，会生活！ 平时上课听老师碎碎念挺好玩儿的哈哈哈。然后希望上课多教一点！
38516,8,陈烽,2016-12-21 15:52:01,4,5,1,老师人很和蔼，对学生非常好，没事会开玩笑，所有问题他都会耐心回答，幽默风趣，朋友圈会晒做菜，还有爬山，他会给你推荐杭州好玩的地方，考试很松，也和会为学生着想，还会让男女对打乒乓球，总之是我见过的最好的老师，不能错过
38585,8,陈烽,2016-12-10 11:29:19,0,3,3,只希望下学期还能选上他的课
38593,8,陈烽,2016-12-11 06:35:46,5,7,2,男神啊！有作业要采访一个老师 他就欣然接受 还坚持要我们先吃饭 他会一直等我们。还有跑完12分钟同学没有带外套 老师怕她感冒 把自己外套给她披上 真的是爱家爱生活爱学生的好老师～
38780,8,陈烽,2017-01-14 14:42:09,7,8,1,老师非常关心学生，从来都不会生气，还会特别用心地记名字，选到的同学一定要珍惜。
38788,8,陈烽,2016-12-19 03:27:22,111,124,13,没上过。但是女票非要让我来打10分。。自己体会吧。。（哼，我恨这个老师。他抢走了我的女票！！
38828,8,陈烽,2016-12-19 11:09:06,1,1,0,就一句，从小到大，最好的老师！
38887,8,陈烽,2016-12-19 15:56:33,3,3,0,超级好的老师，也是一个很会享受生活的老师。选他的课，你学到的东西绝不仅仅是乒乓球技术
38977,8,陈烽,2016-12-20 06:50:02,1,2,1,超级好的老师！！
38989,8,陈烽,2016-12-20 09:19:54,1,2,1,遇到过的最棒的体育老师，没有之一。
39139,8,陈烽,2016-12-21 09:57:29,3,3,0,老师人超级好，风趣幽默～
39212,8,陈烽,2016-12-21 15:35:23,-1,1,2,好的不行，我要报四个学期他的课
39220,8,陈烽,2016-12-21 15:47:23,2,2,0,棒！棒！棒！
39469,8,陈烽,2016-12-23 03:04:26,2,2,0,棒到没话说
39482,8,陈烽,2016-12-23 05:09:10,14,15,1,因为这个课，认识了一个充满生活情趣的完美老师，还认识了一个活泼的萌妹子。今天是选课的最后一天了，不巧的是我们因为预置都不能再选陈老师的课了，多希望还能再上老师的课，再和她打一学期的乒乓球。
39942,8,陈烽,2017-01-13 09:18:49,4,5,1,满绩。老师人细心。超级热爱生活
40306,8,陈烽,2017-01-02 06:52:04,0,1,1,太赞了！
40470,8,陈烽,2017-01-03 14:07:26,3,3,0,老师人特别好，特别好！
40913,8,陈烽,2017-01-06 10:03:03,2,3,1,超棒的老师，一学期的课结束后真的舍不得他。可惜下学期没有选上陈老师的课，希望以后还能选上他的课。
41850,8,陈烽,2017-01-13 04:39:31,1,3,2,10分 不能再少了
41855,8,陈烽,2017-01-13 05:05:30,-1,1,2,人不要太好，巨赞
41867,8,陈烽,2017-01-13 05:53:01,2,2,0,老师人超级好！！！虽然我只有3.3但是根本不用担心成绩，因为没有人的体育会烂成我这个样子ヽ(`Д´)ﾉ
41900,8,陈烽,2017-01-13 07:48:04,1,2,1,老师人非常亲切，本来完全不会乒乓球的，但真的学到了很多，而且让我爱上了这项运动，感谢老师~
42072,8,陈烽,2017-01-13 13:51:57,-20,5,25,少打一分怕老师骄傲
42076,8,陈烽,2017-01-13 14:03:45,1,2,1,给分不要太好，怪自己引体向上太渣
42186,8,陈烽,2017-01-14 00:33:24,5,5,0,陈老师是我从小到大见过最有亲和力的体育老师了，对学生真的很好。强烈推荐他的乒乓球课。
45232,8,陈烽,2017-01-19 07:50:04,0,1,1,真的很喜欢这个老师！可惜还有一学期没选上老师说课。
48531,8,陈烽,2017-03-07 01:17:52,3,3,0,老师人很好
48564,8,陈烽,2017-03-07 08:55:31,3,5,2,目前遇到的最能说的体育老师，致力于同学间交友，无论异性还是同性←_←
51535,8,陈烽,2017-06-07 03:26:34,1,2,1,老师人超好，很有耐心，乒乓球一定选老师的课
54824,8,陈烽,2017-06-30 09:12:11,3,3,0,老师人超好，第三次报他的课了
55357,8,陈烽,2017-07-01 10:43:41,4,4,0,老师给分好棒\n\n我乒乓球打得很烂但老师一直很耐心
55405,8,陈烽,2017-07-01 12:34:14,-1,1,2,简直太棒了！！
56423,8,陈烽,2017-07-03 17:39:32,3,5,2,上了四次陈烽老师的课，可以说是大学里遇见的最好的体育老师了（笑
58142,8,陈烽,2017-08-06 09:30:11,1,2,1,关心理解大家、很温柔的老师
64008,8,陈烽,2017-12-20 13:42:01,1,2,1,太棒了
64347,8,陈烽,2017-12-22 15:49:12,0,1,1,我爱陈烽老师！！能不能一直选他！！
64413,8,陈烽,2017-12-23 10:15:06,0,1,1,老师超级好，超级耐心，给人感觉很温和，特别好的老师！
64663,8,陈烽,2017-12-26 06:23:38,2,3,1,老师超超超超超级好，给分很高很好，对所有人都是一直鼓励，很关心学生，特别是老师的朋友圈很有趣哦！十二分钟跑每圈都会给你鼓励，真的超可爱。\n\n
64774,8,陈烽,2017-12-27 05:59:53,2,4,2,老师人超好，还会给男女同学谈恋爱创造机会。。
64787,8,陈烽,2017-12-27 06:38:14,3,3,0,虽然半年，但却很不舍，大学中最好的老师之一，二陈（陈烽，陈锦辉）老师是生命中的贵人。。
64818,8,陈烽,2017-12-27 08:50:57,6,6,0,老师是一个大暖男，长得还帅，温和有耐心，会一个个认真给学生挡球，平时上课也很有趣，上课完了还会给我们讲很多道理，总是鼓励我们去运动，去爬山，去出去玩，所以疯狂为我们老师打电话!
64830,8,陈烽,2017-12-27 09:50:32,5,5,0,老师人超级好的，你的12分钟跑和体测成绩一定会比你的原有水平高。可能我上的是初级班，乒乓球没什么提高，但老师对我们真的很好，很幽默，会举行班赛。
67108,8,陈烽,2018-01-20 09:35:24,3,3,0,陈老师真的超棒！亲切又可爱，时不时还讲点儿“大学生活须知”，鼓励同学们去交朋友啥的……选上的同学请珍惜这段上课时光哦w
67432,8,陈烽,2018-01-21 07:48:52,1,2,1,老师很好给很多次考试的机会，必须赞
67461,8,陈烽,2018-01-21 08:55:12,-34,0,34,评分没有原则
67821,8,陈烽,2018-01-22 07:54:26,0,1,1,完美✨
67937,8,陈烽,2018-01-22 10:42:28,2,2,0,很棒的老师
70778,8,陈烽,2018-01-27 13:44:39,1,2,1,老师超级好了！没有正态没有正态没有正态！！
78027,8,陈烽,2018-05-09 05:14:48,-1,1,2,超好，体育这么差的我还有4.5
79019,8,陈烽,2018-05-21 01:28:26,0,1,1,老师超棒！！！大爱陈烽老师！！！对学生特别好，敲击和蔼~~
79029,8,陈烽,2018-05-21 06:00:04,2,2,0,陈老师也太好啦吧！！！好的太多一时难以说完
79629,8,陈烽,2018-06-12 00:16:59,3,4,1,想尽办法让男女同学凑在一起打球啊哈哈哈哈……老师很萌，很关心我们的交友问题(嗯)。辅导打球技巧的时候非常耐心，经常鼓励同学。有点小话唠，但是笑眯眯的就像自家长辈一样。
79853,8,陈烽,2018-06-14 10:30:10,2,3,1,老师真的炒鸡好der。选了两次老师的课嘿嘿。老师会很耐心的教你，每次上课都会一组组的指导过去，真的炒鸡炒鸡耐心。十二分钟跑也会给我们找个全操场最凉快的位置休息，每节课签到，嘻嘻其实可以补签的。上课会做一些好玩的其实是可以锻炼自己的游戏，还会交换球伴分组认识更多课上的人。每次节假日前有课老师总是会跟我们说这次放假可以去杭州的哪里玩呀，爬爬山吃吃好的，还会唠嗑说要多交朋友啊，看看风景啊。虽然球技说不上怎么样，但是真的超级感谢老师，还是从无到有进步了啊。
80245,8,陈烽,2018-06-22 15:52:37,-1,1,2,棒棒棒
82476,8,陈烽,2018-07-08 09:50:30,1,2,1,团体赛和交换球友很好玩
83244,8,陈烽,2018-07-10 03:28:34,4,4,0,选了两次老师的课，老师超好啊，可爱的大叔，每次上课都是带着笑的，很耐心，对待生活的态度超棒
83320,8,陈烽,2018-07-10 05:36:03,2,4,2,就这么说吧，不选绝对会后悔～这门体育课明亮了我的一学期啊(⁎⁍̴̛ᴗ⁍̴̛⁎)
83492,8,陈烽,2018-07-10 12:12:57,1,2,1,敲可爱的大叔，给分极好~还会教人生哲理
83562,8,陈烽,2018-07-10 15:12:09,3,3,0,满绩飘过，为老师打call
86657,8,陈烽,2018-09-18 01:20:52,4,5,1,今天第一次课，完全爱上了这个老师！人简直不要太好，第一节课讲的非常详细，超级负责任。而且超级帅真的超级帅，年轻的时候肯定不知道俘获了多少少男少女。选课就选他没错的
86731,8,陈烽,2018-09-18 07:03:13,-1,1,2,还会鼓励你们谈恋爱，顺便教导技巧！
87144,8,陈烽,2018-09-21 02:27:48,5,5,0,教谈恋爱～(￣▽￣～)~
87147,8,陈烽,2018-09-21 02:33:20,1,2,1,老师特别好(✪▽✪)
87848,8,陈烽,2018-10-15 18:54:39,1,1,0,太酷了
88410,8,陈烽,2018-10-30 09:17:36,1,2,1,陈烽老师是全zju最最最好的老师！没有之一！
90691,8,陈烽,2018-11-25 09:16:15,3,3,0,不止是最好的体育老师，个人认为可以说是浙江大学最好的老师
90779,8,陈烽,2018-11-26 04:09:12,0,1,1,超级棒
91376,8,陈烽,2018-12-07 04:10:37,57,58,1,本来想上完课再来评分的但是实在忍不住了！陈老师是天使吧！对学生真的超级温柔，会很耐心地指导，没有乒乓球基础的同学（比如我2333）也不用方的。而且陈老师上课很有趣会讲很多东西，还非常关心学生，（比如因为我衣服穿少了会来提醒我，冬天太冷了会顺便用车带我到食堂什么的）陈老师绝对天使本使啊！希望乒乓球女神保佑我以后还可以选上他的乒乓球课！
92088,8,陈烽,2018-12-26 08:15:35,2,2,0,我超爱他！
92198,8,陈烽,2018-12-27 04:04:34,2,3,1,大叔老师真的超级超级暖！上课有耐心，非常替学生着想。结课后还发长文祝新年快乐，真想四学期都上乒乓球啊！
92619,8,陈烽,2019-01-03 06:38:09,11,11,0,超级喜欢老师还有课上遇到的很多同学，老师会亲自给每个人喂球的，下学期还是老师的乒乓球ψ(｀∇´)ψ
92649,8,陈烽,2019-01-03 09:08:19,1,1,0,很贴心
92732,8,陈烽,2019-01-04 04:26:39,0,1,1,超好，很耐心的
92965,8,陈烽,2019-01-06 11:28:21,-1,1,2,老师真的很关心学生！能像朋友一样相处，上课时也会手把手教，完全不用有顾虑！能选上老师的课运气真的很好了！是理想中的老师！
93076,8,陈烽,2019-01-07 08:23:25,16,16,0,老师笑起来眼睛弯弯的，像一只狐狸(✪▽✪)超可爱
93456,8,陈烽,2019-01-10 00:55:27,3,3,0,老师真的超级赞，他会给你分析体育成绩，让你不要太担心。
93647,8,陈烽,2019-01-11 05:33:51,39,41,2,我一个上了陈烽老师乒乓球课的乒乓球迷，现在陈老师在我心中的地位直追马龙许昕(ಡωಡ)hiahiahia
96090,8,陈烽,2019-01-20 12:42:03,3,4,1,真想多遇见像这样温柔的人
97739,8,陈烽,2019-01-22 14:32:14,4,5,1,超级好的老师5555最后一节课有缘再见都要热泪盈眶了。非常温柔非常和蔼，一直笑眯眯。对大佬和对小白都很友好，没有基础也不用担心！给分也很善良嘞。平时非常关心同学们的健康问题，鼓励大家生活健康，以及促进同学之间的交流交友?
97791,8,陈烽,2019-01-22 16:15:11,1,2,1,老师真的是太棒了
97925,8,陈烽,2019-01-23 01:51:11,1,2,1,好！！
100101,8,陈烽,2019-01-25 14:59:14,0,3,3,感谢老师，大一上的第二门满绩
100271,8,陈烽,2019-01-26 01:45:16,-1,8,9,老师超好 虽然话多了一点但是很负责
101022,8,陈烽,2019-01-27 09:21:41,-1,1,2,特别好
101285,8,陈烽,2019-01-28 03:18:50,4,4,0,老师超棒
101595,8,陈烽,2019-01-28 14:15:46,10,10,0,别的不重复了，机缘巧合加了老师的微信，他的朋友圈充满着朝气与感恩，人品是真的好(✪▽✪)
101688,8,陈烽,2019-01-29 01:12:02,7,8,1,陈老师真的超！级！好！！！本来以为自己会卡绩都被调分了！开心！老师上课也很认真，体育辅导课还教我们打太极（虽然一直没怎么学会，但是还是觉得有点好玩）上体育课的时候会聊一些人生哲理，择偶观念之类的（哈哈哈反正我觉得还挺好），日常踩点到老师也很宽容，希望还能选上陈老师的课！
103750,8,陈烽,2019-03-05 03:43:45,8,8,0,这也太暖男太温柔了8！！！
104605,8,陈烽,2019-03-25 05:05:48,5,5,0,我宣布陈老师是我男神，好温柔好负责好细心一老师！赶早八点的课总是迟几分钟也很宽容！（老师对不起我以后一定努力早起……）
105157,8,陈烽,2019-04-05 11:42:19,2,4,2,每一次老师的微信都会感动到我，每一次老师的专项辅导课都让我很愉快。唯愿上天眷顾，让我下学期选上老师的乒乓球课叭(^^)老师真的很关心学生，太棒辽！
107548,8,陈烽,2019-05-06 11:32:36,4,6,2,摊上一个会说“早上就想说了，今天嘴唇颜色很好看鸭”的老师，我算是栽了哈哈哈。认真地说，生活中很难遇到这样的人，在我眼里陈老师是那种真正懂得生活哲学的人。选这门课，你可能学不到很多乒乓球技巧，毕竟一个班这么多人，而且乒乓球主要还是靠自己练，但你绝对不会后悔！
108062,8,陈烽,2019-05-14 02:49:13,7,8,1,怎么没有100分！！夸爆好吗！！平时每节课都会给我们讲热身运动的重要性，节假日给我们推荐值得去的景点，上课给我们拍照，热心地让我们男女生多交流hhhhhh简直了。上课打球即使很垃圾也会耐心地给我讲解帮我喂球，12分钟跑也不强求我们...为什么最后一次体育课才遇见陈烽老师555（幸好最后一次体育课有幸遇见陈老师）。学弟学妹还不疯狂选择陈老师的乒乓球课！！
108872,8,陈烽,2019-06-03 11:54:52,2,3,1,老师真的超级超级好的 对大家都非常非常和蔼可亲 现在选课最大的难受就是再也没有这么好的运气再选上一次了 陈烽老师的课真的可遇不可求（当然还是要尽量去求）555好难过这学期的课要结束了！！！我还想常常找老师聊天（老师超级有趣的！）
108873,8,陈烽,2019-06-03 11:54:55,1,3,2,老师人超级好！关心学生还会跟学生谈人生！每次上他的课都是一种享受！从此爱上了乒乓球！还会夸学生某天穿的衣服或者鞋子好看orz遇到过最可爱的体育老师没有之一！！
108898,8,陈烽,2019-06-04 01:10:27,0,1,1,老师真的太关心学生了，会想办法给你提高成绩，并且总是笑着，笑起来真的特别亲切。是我上到现在最好的乒乓球老师。
108911,8,陈烽,2019-06-04 06:30:51,3,3,0,我又要来吹爆陈老师！这个学期欧气不足，没选上陈老师的课，但是刚刚陈老师给我们考试的时候，念到我的名字，非常和蔼面带笑容地和我说：我们有半年没见了。呜呜呜，老师真的很好！选上陈老师的课，一定要珍惜！
108993,8,陈烽,2019-06-05 06:45:20,1,2,1,优秀，没的说
109343,8,陈烽,2019-06-13 07:04:56,2,2,0,老师人很好，叫的也很认真\n\n
109406,8,陈烽,2019-06-14 02:52:02,-1,1,2,老师特别好，特别有涵养！
110247,8,陈烽,2019-06-25 04:55:10,3,3,0,告诉你去哪玩
110601,8,陈烽,2019-06-27 15:03:36,5,6,1,我下学期选上了陈老师的体育辅导课都高兴得一批，你们自己感受感受kkk
111465,8,陈烽,2019-07-01 15:48:15,3,4,1,啊啊啊啊陈烽老师我爱你啊啊啊啊啊！！！人超级nice对学生超温柔，上课也很轻松愉快，零基础也能学会，老师会一对一教学，不懂可以问，老师真的一学期能记住同学呜呜呜十二分钟跑还一直鼓励同学我爱了，就这么说我超烂，之前体育超差，这次4.8{基本班里都是5和4.8了，实在太温柔了我好爱呜呜呜男神
111504,8,陈烽,2019-07-01 23:35:58,1,2,1,超好的老师\n\n
111905,8,陈烽,2019-07-03 02:26:39,0,2,2,室友的推荐选了陈烽老师的乒乓球（初级班）真的超棒，老师人很好会和你练球，也能记住每个人的名字。如果有乒乓球基础，乒乓球专项几乎可以满分，满绩很多。没有基础的只要认真点拿个4.8或者满绩也不难～一学期体育课下来既提高了技术，又拿到了好的成绩，推荐陈烽老师！
112976,8,陈烽,2019-07-05 17:10:55,1,2,1,怎么会有这么好的老师！！！！！
113192,8,陈烽,2019-07-06 01:24:24,0,1,1,老师很好，都是我错过了理论考，有4.2很满足了
113612,8,陈烽,2019-07-07 01:14:02,1,3,2,男神，不解释。
115381,8,陈烽,2019-07-20 08:10:35,3,3,0,如果我能成为老师，一定要成为这样的老师
116351,8,陈烽,2019-09-09 01:07:15,2,3,1,老师很有意思，喜欢东拉西扯
116362,8,陈烽,2019-09-09 15:40:53,8,9,1,"上课教你要在大学前2年找对象的体育老师还有谁？\n\n""大学下手要趁早"""
116363,8,陈烽,2019-09-09 15:40:53,4,5,1,"上课教你要在大学前2年找对象的体育老师还有谁？\n\n""大学下手要趁早"""
116415,8,陈烽,2019-09-10 04:10:28,-1,0,1,超好！神仙老師！
117379,8,陈烽,2019-09-23 14:00:34,2,2,0,和蔼可亲，专业教学
117537,8,陈烽,2019-09-25 15:07:14,1,1,0,超级向往陈老师的心态和生活方式～
118471,8,陈烽,2019-10-27 11:11:38,2,2,0,陈老师是天使！
120387,8,陈烽,2019-12-02 09:35:38,6,7,1,陈烽老师真的很好很好很好啊！零基础上他的乒乓球初级班，老师真的很照顾，会手把手地教。而且人也很幽默经常开开玩笑讲讲冷笑话什么的，很爱学生的好老师！www爱死他了 你们都不要跟我抢！
120391,8,陈烽,2019-12-03 01:45:42,3,4,1,人超级好，必须满分！
120799,8,陈烽,2020-01-17 09:13:27,0,1,1,绩点救星
122196,8,陈烽,2020-02-20 01:52:38,4,5,1,敲敲打打了很多字，还是全部删掉了…自己语言比较匮乏，描述不了陈烽老师有多好。他真的太好太好了。
122323,8,陈烽,2020-02-24 06:34:41,4,5,1,老师真的绝了好 大学的第一个满绩 横看竖看都好 就是课太太太难选课 新学期选不上他的课好难受呜呜呜 and十二分钟的安排超级合理👍🏻神仙老师
122742,8,陈烽,2020-03-28 02:35:45,8,8,0,陈老师人真的太好了！！！技术好、温柔、对学生好！你要是看老师朋友圈的话你会发现老师真的是会生活，爱生活的人！！！！唯一的缺点就是课太难选选不上！！
124340,8,陈烽,2020-06-29 11:38:11,1,3,2,老师超级好！！！\n\n这个学期夏学期学习过程的分都给满了，我少了一次签到，本来以为没有满绩了但是被老师救起来了
127078,8,陈烽,2020-11-05 10:44:03,2,4,2,老师好帅我好爱
128227,8,陈烽,2020-12-14 08:45:54,-1,1,2,老师太棒了
128819,8,陈烽,2020-12-25 14:55:10,5,6,1,好老师，连中三次
128876,8,陈烽,2020-12-26 08:49:31,4,4,0,老师太好了叭 希望以后也能有幸上老师的课！
128880,8,陈烽,2020-12-26 10:27:03,1,2,1,老师是真的好，没得说，谢谢老师！
135407,8,陈烽,2021-05-10 02:52:00,3,4,1,为什么只选得上一次呜呜，上过老师的课以后就很难再欣赏其他体育课了
136112,8,陈烽,2021-06-11 03:55:20,2,3,1,老师人不错的
136473,8,陈烽,2021-06-18 11:07:38,2,2,0,贼好的老师，不论是教学还是做人，都能有所启发。
137010,8,陈烽,2021-06-29 10:13:32,0,3,3,跟陈老师学习，不仅能在技术上收获很多，更能理解生活的真谛
137238,8,陈烽,2021-07-02 13:17:11,1,1,0,是很好的老师。
138918,8,陈烽,2021-07-11 18:15:16,1,2,1,好老师！
140757,8,陈烽,2021-09-16 00:31:01,3,3,0,不错。很奈斯的老师
140760,8,陈烽,2021-09-16 00:41:40,3,3,0,很和蔼啊
140778,8,陈烽,2021-09-16 03:54:41,-1,1,2,老师简直不能更好了，实在是太喜欢陈老师了
141201,8,陈烽,2021-09-26 05:38:52,1,3,2,慈祥的陈老师教我们三段锦~
141355,8,陈烽,2021-09-30 11:25:46,5,5,0,翘课之后会帮你签到的老师！陈老师yyds！\n\nrespect！
142883,8,陈烽,2021-11-17 05:28:57,1,2,1,老师超棒！
142885,8,陈烽,2021-11-17 05:34:51,3,4,1,我爱老师！！说要吃老师做的蛋糕老师真的给我做了（刚刚给我发做蛋糕的视频说明天乒乓球课给我带过来）我都快忘了呜呜老师真的很用心的记得我好感动aaa。10分太低了！！我对老师的评分没有上限！(*'▽'*)♪老师还有好多好多好的，陈老师的温暖永远诉说不完～
143406,8,陈烽,2021-11-25 07:51:49,6,6,0,陈老师真的超级无敌好呜呜呜呜 是真的会让你觉得是在想方设法让大家都好过一点 超级温柔超级细心超级可爱！！
145607,8,陈烽,2021-12-30 14:15:27,0,2,2,好老师。。
147283,8,陈烽,2022-01-09 11:15:54,4,4,0,绝对的好老师，上课会很认真地讲解知识点。乒乓球小白也可以顺利考到不错的分数。体育老师里面绝对是顶尖的了。也是在浙大上学以来唯一一个用QQ和同学联系的老师。虽然我体育素质很差，最后分数全靠专项分拉起来。非常感谢老师。
151172,8,陈烽,2022-02-24 03:06:48,5,5,0,太爱陈烽老师了！！！！老师超级温柔！给分超好！而且还很有文化！总是就是我心目中的体育老师中的top1！！
152077,8,陈烽,2022-03-25 03:12:51,2,4,2,太喜欢陈老师了，每次看陈老师的朋友圈就是一种享受！
154530,8,陈烽,2022-06-02 04:07:57,2,2,0,老师超级好
155158,8,陈烽,2022-06-09 02:30:21,3,3,0,老师人真的特别特别好 最后一节体素课还拿胶卷机给我们拍照 真的很感动
155618,8,陈烽,2022-06-14 16:04:36,2,4,2,全方位无死角的好…
160608,8,陈烽,2022-09-28 02:18:22,4,4,0,陈烽老师永远的神！！上了老师两学期的体素课和一学期的乒乓球，体验超级无敌好呜呜，得到了大学第一个满绩！
160650,8,陈烽,2022-09-29 08:51:07,0,1,1,给100分都不过分！
161995,8,陈烽,2022-11-16 00:58:50,1,2,1,老师超级好！
162398,8,陈烽,2022-11-21 12:35:44,-1,1,2,只上了陈老师的体素课，yyds
162478,8,陈烽,2022-11-23 05:44:54,3,3,0,老师很和善
162518,8,陈烽,2022-11-24 03:17:08,3,4,1,陈老师是尊滴好老师，超级超级耐心可爱体贴学生，乒乓球就选陈烽老师的！\n\n0基础选乒乓球课，老师教得超耐心而且还一直夸奖鼓励\n\n每天笑眯眯的喜欢和大家聊天开玩笑，路上见了我还主动和我打招呼（当时吓了我一跳，不知道老师居然记住我了！）\n\n建了很大的微信群经常给大家发通知消息（想到这里忽然想起自己的体育理论考试作业还没写）\n\n12分钟跑和仰卧起坐都尽力给大家宽松的环境，跑前还很有仪式感地给大家拍了照片，跑后送糖给大家吃\n\n专项不知道，老师菜菜捞捞呜呜\n\n\n\n反正就是超级好，被老师狠狠感动了，希望下学期还能选到老师的课
162677,8,陈烽,2022-12-03 13:53:58,1,3,2,我爱陈烽
162678,8,陈烽,2022-12-03 14:27:08,10,10,0,第一次写评论，陈老师绝对值得十分。疫情原因封在宿舍，老师发了好几段话安慰没有来得及体测和其他感到焦虑的同学。乒乓球课上也是非常有耐心，给每个同学指导和鼓励，每次说话的时候都是亲切微笑的样子。他真的是一个温和又负责，心地善良而且真诚的老师。选上了他的乒乓球课真的是我这学期最大的幸运。
163644,8,陈烽,2022-12-16 01:54:03,6,6,0,最好的体育老师！没有之一！
163697,8,陈烽,2022-12-16 03:16:56,0,1,1,非常喜欢的老师，活泼有趣，在大群里和同学们聊天也很可爱，老师人很好，能学到东西。老师很喜欢和我们唠嗑，聊旅游。
163750,8,陈烽,2022-12-16 05:03:01,2,3,1,谁懂！！！太爱陈老师啦！真的好评～老师再过几年就要退休了，uu们抓紧抢他的课啊
163864,8,陈烽,2022-12-16 09:33:05,2,2,0,老师真的超好，12分钟跑也会放水，平时也会教会我们很多人生哲理，都给我冲
163880,8,陈烽,2022-12-16 10:47:29,1,2,1,一日为师终身为父！！！
164054,8,陈烽,2022-12-20 11:40:30,0,2,2,爱死陈烽了，真的很和蔼友善的老师❤️❤️❤️
164218,8,陈烽,2022-12-19 09:43:05,2,2,0,陈老师真的好好！！！
164254,8,陈烽,2022-12-20 04:26:36,2,3,1,陈烽是我的神!
164293,8,陈烽,2022-12-20 06:55:13,5,5,0,陈烽老师不是十分我真的不是很认可
164624,8,陈烽,2022-12-22 09:32:39,4,4,0,良心教师，有关日常的分享超多
164890,8,陈烽,2022-12-27 10:18:49,0,2,2,再选一年陈老师的乒乓球
164935,8,陈烽,2022-12-28 02:12:57,3,3,0,上的体素课，感觉到老师是真的喜欢运动，珍惜他的学生，想要分享给大家一些健康的tips
165861,8,陈烽,2023-01-10 07:06:11,1,2,1,巨暖心的老师( ´•̥̥̥ω•̥̥̥` )
166336,8,陈烽,2023-01-12 03:48:22,0,1,1,特别特别好的老师！陈烽老师爱了爱了，没上过的uu快冲冲冲！
166475,8,陈烽,2023-01-12 10:42:17,1,2,1,超级真诚的老师~会在微信群里认认真真地回复你、开导你（感动死了呜呜），给分也超级好，教学的时候很温柔很耐心（好可惜下学期和专业课时间冲了选不了55555
166501,8,陈烽,2023-01-12 12:15:23,1,1,0,真的好老师！
166867,8,陈烽,2023-01-14 03:42:59,2,3,1,简直就是zju和蔼第一名……课程微信群里经常会和大家分享日常和心得，在去年年底封校的时候还会鼓励大家共度难关……群里都是爱陈烽的熊猫头表情包哈哈哈哈哈哈！上课的时候也很耐心很和蔼，总之就是都给我去选乒乓球
167090,8,陈烽,2023-01-15 02:37:58,0,2,2,陈烽老师是我的神！！！他真的好好，温柔又真诚，是我进zju以来遇到过最好的老师！！！
169555,8,陈烽,2023-02-27 01:55:14,1,1,0,没有一次欧气足够选中陈烽老师，只能靠滴定和老师再续前缘 但是老师的课真的值得一上 他是目前为止我在zju遇到的最负责最真心爱学生的好老师
169774,8,陈烽,2023-02-28 00:43:44,3,3,0,太好了🥹，选上老师的课做梦都会笑醒
170207,8,陈烽,2023-03-02 03:44:48,0,1,1,我爱陈老师🥺🥺🥺
170294,8,陈烽,2023-04-04 15:12:58,4,6,2,陈烽老师yyds！！！！\n\n超级好 照顾每一个同学\n\n讲解也很详细，还会手把手教你正手攻球\n\n平时对我们关爱有加，和我们分享杭州的生活经验\n\n老师也在学习网络热词，真的好可爱！！！！\n\n\n\n快冲快冲\n\n大学不上一次陈烽老师的乒乓球课会成为遗憾~
170440,8,陈烽,2023-03-05 03:14:57,1,2,1,老师真的超级好、超级温柔，对每个同学都很宽容。课程考核也是能尽量给高分就尽量给高分。
172998,8,陈烽,2023-05-11 03:45:57,2,2,0,这个学期还没结束就已经想下学期再选了嘿嘿嘿
173143,8,陈烽,2023-05-14 09:38:14,0,1,1,老师超级好
173752,8,陈烽,2023-06-02 08:35:41,4,4,0,来浙大遇到的最喜欢的老师！！他会记住你的名字！！给他10分都嫌少！！
174667,8,陈烽,2023-06-15 09:10:46,3,3,0,陈老师你是我的神啊！！！！！！！！！！！下学期时间冲突选不了cf老师的课了我哭死！！！！！！！！！！！！！！！！！！！！！！！！！！！！！我还要再上啊啊啊啊啊啊啊啊啊
174691,8,陈烽,2023-06-15 15:59:09,2,2,0,真正热爱生活 热爱教学 热爱学生的好老师！虽然只上了体素课 但是不妨碍我是cf的狂粉😍
178838,8,陈烽,2023-07-25 00:36:35,2,2,0,体素课。点名每节课最后都可以补签。上课内容为八段锦和太极，运动强度不大。老师真的很好，很和蔼，课后会跟我们讲一些经验之谈，可以看出来老师是一个非常负责且关爱学生的老师，希望以后还有机会能上陈烽老师的课。
180081,8,陈烽,2023-09-20 09:02:35,3,4,1,第一节体素课 我哭死 他好好啊
180097,8,陈烽,2023-09-20 09:44:27,5,5,0,选他就对了 美好的考勤制度 远超清华北大的教育理念 可遇不可求 享受他的课
180106,8,陈烽,2023-09-20 09:58:44,0,1,1,最好的老师！
180882,8,陈烽,2023-09-27 14:33:35,4,5,1,老师真的很好。人特别好！还提前下课，在下课时间给我们介绍西湖周边那些好玩的地方。人真的好好，我真的哭死。
181932,8,陈烽,2023-11-05 14:16:53,1,2,1,我想跟男神谈一场莲艾😭😭
182123,8,陈烽,2023-11-10 10:07:57,1,1,0,睡过头忘去一次也给补签了，太好了吧
183075,8,陈烽,2023-11-22 04:41:35,6,6,0,我在zju的爷爷😭😭好慈祥的爷爷😭😭
183234,8,陈烽,2023-11-23 03:56:55,2,2,0,老师太好了，我哭死
183713,8,陈烽,2023-11-29 05:42:09,1,3,2,超级超级温和耐心的老师！！！
183768,8,陈烽,2023-11-30 01:23:29,5,5,0,陈老师人真的超好！！！十二分钟跑还带相机来给我们拍合照，真的想一直上陈老师的课
183773,8,陈烽,2023-11-30 03:25:50,3,4,1,我真的真的真的真的真的好爱陈老师！！呜呜呜呜呜我哭死，是我在zju的第一个体育老师！我真的爱死！！！！希望下学期还能选上乒乓球啊啊啊啊啊（我的男神！我的男神！我的男神！）
184129,8,陈烽,2023-12-10 08:52:56,1,2,1,超酷耶
184256,8,陈烽,2023-12-14 05:23:13,1,2,1,来浙大后最喜欢的老师，很亲切，很有趣，超级超级超级无敌喜欢这个老师，朋友圈的美食和徒步很棒，真的好老师，为什么只有9.96分，到底谁不给他打10分(生气)
184477,8,陈烽,2023-12-20 10:44:50,2,3,1,太好啦 11分
184594,8,陈烽,2023-12-22 02:24:39,3,3,0,都给我去选老师的身素课！！特别轻松，而且老师人也很好！！！！
184701,8,陈烽,2023-12-22 08:43:39,3,3,0,陈烽yyds，没啥好说的选了你就懂，第一节课可以加老师微信，真的治愈
184948,8,陈烽,2023-12-24 15:06:24,2,2,0,冲就完了，最好的老师！
185066,8,陈烽,2023-12-26 05:14:57,0,2,2,真的喜欢
185126,8,陈烽,2023-12-26 11:54:39,2,3,1,自从上了陈老师的课所有人的课都相对逊色了许多...真的是超级超级好的老师，选上的真有福气
185192,8,陈烽,2023-12-27 03:48:49,2,3,1,老师真的神！！！选了乒乓球，能选上是福气
185221,8,陈烽,2023-12-27 06:37:17,0,1,1,这是我第一次在查老师上给老师评价，10分不多说，无敌好的体育老师！
185282,8,陈烽,2023-12-27 13:38:46,1,1,0,啊啊啊啊啊啊啊啊啊啊啊啊啊啊陈烽老师真的真的超级好！！！！！！ 特别热爱生活，而且对学生也特别好！！！！！ 超级好的老师！
185289,8,陈烽,2023-12-27 15:00:47,6,7,1,10分是系统的极限，不是老师的极限
185304,8,陈烽,2023-12-27 16:10:13,0,0,0,对学生非常体贴的好老师！会给你介绍杭州有哪些景点，如何防治运动损伤等等，对学不会的同学非常耐心地指导。考勤很宽松，请假甚至可以先贷款后说明哈哈，几乎不用担心被考勤扣分。体测给分也好，十二分钟跑和引体向上仰卧起坐有时会睁一只眼闭一只眼给你往高里打，或者事后偷偷调分。能连续两次选中陈老师的课，怪不得我其他的选课这么非酋！
185446,8,陈烽,2023-12-29 11:30:00,0,2,2,真的很好 zju最佳
185452,8,陈烽,2023-12-29 12:11:46,3,3,0,他教的不只是乒乓球，更是人生的态度和哲学！强推！
185644,8,陈烽,2024-01-03 08:31:19,4,4,0,亚撒西捏
185649,8,陈烽,2024-01-03 08:57:56,-22,0,22,老师人很好，毋庸置疑。不过我建议如果真想学乒乓球技术的还是去选恽冰或叶亚金老师，陈烽老师的乒乓球技术明显不如这两位老师；不过教一般人足够了
185672,8,陈烽,2024-01-03 11:50:44,1,2,1,真正的好老师
185688,8,陈烽,2024-01-03 14:02:39,1,2,1,我的评价是无脑十分，老师真的太棒啦
186371,8,陈烽,2024-01-10 16:07:22,-1,1,2,最好的老师
187135,8,陈烽,2024-01-14 16:16:30,0,1,1,男神要退休了我舍不得😭😭😭😭😭😭😭😭😭男神的体素神中神😭😭😭😭
187184,8,陈烽,2024-01-15 03:45:05,2,3,1,每次见到陈烽老师他总是笑眯眯的，真的让人心情也会变好呢，12分钟跑之前还会给我们用照相机拍照，真的是很热爱生活的一个老师，太喜欢陈烽老师啦！
187586,8,陈烽,2024-01-16 16:38:06,2,2,0,最完美的老师 这学期选上了老师的课真的很幸运
188120,8,陈烽,2024-01-18 08:37:11,1,2,1,温和而尽责，还会和你分享生活轶事和人生哲理，选他的课就对了！
188394,8,陈烽,2024-01-19 01:58:13,2,3,1,超级好
188422,8,陈烽,2024-01-19 03:18:27,4,4,0,非常好老师，选到就是赚到
190165,8,陈烽,2024-02-24 06:56:35,3,4,1,体素课选到陈老师的课可以说是我选课运气最好的事情\n\n上课打八段锦，不用担心考核，不用担心迟到，不用担心运动量\n\n打完八段锦还会讲一些体测窍门或者是一些人生感悟\n\n结课会和大家一起拍拍立得大合照！！\n\n听我的直接冲
192083,8,陈烽,2024-05-09 03:06:06,0,2,2,名帅，有能！
192817,8,陈烽,2024-05-31 01:45:43,4,4,0,非常能唠嗑得一位老师
193365,8,陈烽,2024-06-07 09:05:29,3,4,1,陈老师！！！！！太喜欢了！！！！！！！！选上了就乐吧！！！！！！！！！！超级爱！！！！！！！！！！最喜欢的老师！！！！！！！！！！！！！！！！！
193387,8,陈烽,2024-06-08 11:58:58,2,3,1,遇到最好的体育老师，课上认真教学，特别体贴学生，在群里也会尽心尽力地提醒大家各种事项，讲话也风趣幽默
193585,8,陈烽,2024-06-13 09:53:10,1,2,1,老师chao hao
193735,8,陈烽,2024-06-17 03:38:41,1,2,1,男神，10分
195265,8,陈烽,2024-06-27 13:56:58,3,3,0,无可挑剔
195298,8,陈烽,2024-06-27 16:09:56,2,3,1,满分满分满分！！！\n\n\n\n从大一才入学就选过老师的乒乓球初级班，没有一点架子，很温柔。那时候还每学期都跑十二分钟，老师每学期都会捞。后来和老师保持过断断续续的私聊，没想到再过两年了期末考交换老师考试，他来我班上还认得我。我们又说了一会话，好感动。\n\n\n\n不过老师好像马上退休了？
198876,8,陈烽,2024-09-12 10:36:03,2,2,0,太好了
199532,8,陈烽,2024-09-25 04:03:56,3,3,0,老师，我爱你！！！！！
199537,8,陈烽,2024-09-25 05:22:09,4,5,1,陈烽老师真的超级好啊，上课轻松，（鼓励谈恋爱），喜欢到各处玩，每次还会在朋友圈写小散文感慨一下，真的是一个隐藏的小作家，还会跟我们分享杭州游玩攻略，可惜今年就要退休了，好舍不得他呀。希望老师在以后的日子里去更多好玩的地方，感受更美的风景，期待朋友圈的分享哦。
200867,8,陈烽,2024-10-23 15:13:56,1,2,1,男神，10分
201190,8,陈烽,2024-10-30 02:28:35,2,2,0,正在上老师的课，前来给10分
201292,8,陈烽,2024-10-31 07:23:50,1,2,1,老师真的真的太好了，整个人都非常和蔼可亲，会在朋友圈分享日常(绝对是个优秀作家!)＼(^▽^)／！听到他要退休了，感觉天都要塌了😭不过这也算是对他所说的到了什么时候就干什么样的事的践行吧！
201645,8,陈烽,2024-11-05 06:11:00,0,1,1,老师超级超级好！很亲切很善解人意！
201848,8,陈烽,2024-11-07 02:24:40,3,4,1,陈烽老师超级超级超级好，对同学超级和蔼，耐心，喜欢到处玩，然后在朋友圈发小散文，还给我们做杭州游玩攻略，怎么会有这么好的老师啊，我要爱死了。
202714,8,陈烽,2024-11-14 03:21:33,6,6,0,遇到过最好的体育老师
202822,8,陈烽,2024-11-14 14:17:38,5,6,1,老师人超好，12分钟跑很会捞捞，平时也会跟我们分享很多人生建议，可惜我们是他的最后一届了
205060,8,陈烽,2024-11-30 13:48:17,4,4,0,老师人真的超级好，跟着他上课不仅轻松快乐，而且常常听他用过来人的视角教学生看待生活里的事情，真的会很触动。
205980,8,陈烽,2024-12-13 02:34:14,2,3,1,超级超级超级超级好的老师！！！伟大无需多言！！！十二分钟海底捞，乒乓球本身也带的十分细心！但是下学期就不能选他的课了，老师要退休了
206007,8,陈烽,2024-12-13 03:02:07,4,5,1,陈老师退休啦，他是我的神，非常温柔非常关心学生，总是笑眯眯的。好舍不得他（爆哭）
206123,8,陈烽,2024-12-13 05:50:20,3,3,0,乒乓教的好好，人很和蔼，眼角弯弯，总是笑眯眯的。体素课还是打太极，爱了爱了。可惜退休了，不然我次次选
206241,8,陈烽,2024-12-13 10:38:02,14,14,0,为什么陈老师要退休了！！！居然能作为他的最后一班学生，虽然很不舍得但还是好幸运！！！\n\n老师真的特别特别好啊啊啊啊！！乒乓球群里刷屏了“陈烽我爱你”的表情包还有谁！！！\n\n国庆发了三个自己写的word文件，告诉我们杭州的清净的游玩地点，附上的都是自己拍的照片啊好用心！！（之后跟男票都一起去逛过了，好棒啊）\n\n12分钟跑前给我们合影，可爱地说要有阳光拍照才好看，然后给我们每个人跑步都拍了照片！！！（虽然自己丑丑的但是超级感动哇！！！）\n\n考试非常非常非常宽容，12分钟跑跑5圈就行了，看你还剩多少时间来给分，真的好人性化！乒乓球考试58个直接帮我记60！！！\n\n他是一个会不仅用心上课，还会语重心长地告诉我们要早点在大学里谈恋爱，天天锻炼身体的老师，真的像老父亲一样，呜呜！！\n\n永远是慈祥的笑容，从来不会生气，眼睛笑起来弯弯的，打球技术一流……\n\n呜呜，真希望所有人都能上陈老师的课啊！！！
206376,8,陈烽,2024-12-14 16:16:52,3,3,0,呜呜呜陈老师我舍不得你，陈老师人超级超级好，可惜陈老师要退休了
206484,8,陈烽,2024-12-15 13:03:24,1,2,1,太好了呜呜
206709,8,陈烽,2024-12-17 07:29:29,7,7,0,有幸作为陈老师的绝版学生\n\n永远在发自内心地微笑，永远在关心每个学生，可惜老师已经到退休年龄了😢😢\n\n浙江大学你能拥有陈老师是你的荣幸知道吗（指指点点）
206830,8,陈烽,2024-12-18 00:17:42,1,1,0,陈老师退休快乐！来年没课了感觉提意见没什么用，但是人太好了还是来打个十分
207046,8,陈烽,2024-12-19 05:27:15,0,0,0,超好的
207768,8,陈烽,2024-12-24 07:45:25,1,1,0,我还没选上老师的乒乓球课，老师怎么就退休了(╥﹏╥)(╥﹏╥)(╥﹏╥)。上过老师的体素课，陈老师真的幽默又和蔼，还经常在朋友圈里分享生活，之前给老师评论后老师还专门送了自家种的柚子来，一人送了一大袋子。
207776,8,陈烽,2024-12-24 08:13:07,0,1,1,唯一的缺点是已经退休了
207921,8,陈烽,2024-12-25 03:22:34,6,6,0,能上陈烽老师的最后一节课是我来浙大最大的幸运
208030,8,陈烽,2024-12-25 08:53:36,5,5,0,今天上完老师的最后一节课，泪目了。
208195,8,陈烽,2024-12-26 06:51:43,7,7,0,陈烽老师是我遇到最好的体育老师，也是最好的哲学老师。老师教的不仅是乒乓，也有人生的智慧。老师人很和蔼，对同学都很认真热情，脸上永远挂着笑脸。很幸运成为老师最后一班学生之一，希望老师永远开心，永远身体健康！满昏满昏！
208197,8,陈烽,2024-12-26 07:01:33,1,1,0,很好的老师，老师很温柔，价值观很好，满分老师
208204,8,陈烽,2024-12-26 07:24:26,1,2,1,老师太好了！给我们拍了好多照片！
208212,8,陈烽,2024-12-26 07:40:29,0,0,0,超好的老师，可惜要退休了🥺
208225,8,陈烽,2024-12-26 08:24:44,0,1,1,陈老师是我人生中遇到的最好的体育老师\n\n他的笑容令我终身难忘\n\n陈老师退休后也要天天开心！
208315,8,陈烽,2024-12-27 00:20:34,4,6,2,到底是哪些出生不给老师打满分的，这么温柔的老师怎么能狠心不打满分
208439,8,陈烽,2024-12-27 16:22:40,4,6,2,祝老师今后也笑口常开，万事胜意！\n\n很温柔，开朗，有耐心的一位老师，到浙大以来第一位让我想永远记住名字和面孔的老师。如果你看到他拿着相机在球房跑来跑去，对着你一顿狂拍，然后偷偷去拍同学们衣服上有趣的图案，你也会觉得他心里应该住着一个明朗的大男孩。备注，老师拍得不错。\n\n虽然我打的很菜，是名副其实的“差生”。但还是留恋从秋到冬，一周一次的相处。接触纯粹的人是一种治愈。\n\n祝课友和您都越来越好！
208820,8,陈烽,2025-01-02 08:48:54,7,7,0,陈烽老师是我入学遇到的最好最好的老师😭😭😭刚认识的时候会觉得老师讲话慢慢悠悠的，比较喜欢讲道理（可能因为上了年纪啦）但是相处下来真的会被老师的真诚和温柔所打动！老师会记住每一个学生的特质，会回应每一个同学的爱，我在生日的时候送了老师一朵我收到的花束里的花，老师专门拍了好多照片发给我🥹🥹最后一节课很遗憾因病没到课，老师会发消息关心我说会永远记得我😭😭😭😭😭虽然很舍不得老师退休，但是祝愿老师永远身体健康万事如意，最后没有上过陈老师课的人这是你们永远的遗憾！！
209098,8,陈烽,2025-01-04 12:37:32,1,1,0,无论水平高低，都推荐
209351,8,陈烽,2025-01-05 13:28:04,2,2,0,体育废，老师往上捞了一档，真的很感谢老师！祝老师退休快乐！很荣幸成为您的学生
209832,8,陈烽,2025-01-07 07:58:58,0,1,1,男神级别
210127,8,陈烽,2025-01-08 08:00:17,1,1,0,老师太好啦
210254,8,陈烽,2025-01-08 14:34:39,0,1,1,老师退休了，班里同学有一半以上满绩，非常关心同学，感谢陈老师
210435,8,陈烽,2025-01-09 07:09:59,3,3,0,最好的老师，无需多言，爱你陈烽
211279,8,陈烽,2025-01-11 06:08:07,4,4,0,非常好老师。只能在心里默默念着您的好。希望老师一直平安快乐。
211525,8,陈烽,2025-01-12 01:05:11,3,3,0,爱老师
211953,8,陈烽,2025-01-13 02:46:23,4,4,0,祝陈老师退休生活天天开心\n\n选上陈老师的课是我的福气\n\n热爱生活的老师 puq传递正能量！
213717,8,陈烽,2025-01-19 08:50:43,0,1,1,毫无疑问的满分，各方各面的满分。\n\n祝老师退休生活平安喜乐！很荣幸能成为您的学生！
214784,8,陈烽,2025-02-18 02:15:10,2,2,0,好老师无需多言
214980,8,陈烽,2025-02-19 15:46:06,5,6,1,选了三个学期陈老师的课，如今陈老师退休了，我也毕业了，突然在一个夜晚怀念起了当年的乒乓球课，祝陈老师退休快乐。
215348,8,陈烽,2025-02-25 09:15:09,-23,0,23,这老师不行啊…打满分的到底是谁
217534,8,陈烽,2025-04-12 13:14:50,3,3,0,楼下那个沙比也就是匿名救了你，不行在哪你倒是说啊？
219305,8,陈烽,2025-05-24 12:37:04,1,1,0,上学期选了老师的初级班，这学期快结束了才想起来要来评分TT 老师真的特别特别好，会和蔼地讲一些人生道理，也很关心同学们早八上课前有没有吃早饭。给分特别捞，虽然退休了也经常组织一些春游秋游活动和同学们一起爬山，有时还会在puq发长长的生活感悟，很有人情味的一位邻家爷爷^^
9666,31,张锐,2015-11-04 04:03:37,19,34,15,老师说话言简意赅，每次都比旁边班级早放二十分钟
11034,31,张锐,2015-11-24 03:02:52,16,25,9,很有趣
13216,31,张锐,2015-12-25 08:29:17,1,6,5,挺好的老师
13511,31,张锐,2015-12-29 00:31:09,3,8,5,下个学期还想选
16787,31,张锐,2016-01-19 03:16:32,5,10,5,直爽负责的老师
16814,31,张锐,2016-01-19 04:24:19,-25,7,32,TMD坑货
16830,31,张锐,2016-01-19 04:57:12,8,15,7,老师很好，下课早。给分，我以为我可以满绩但是没有。
16865,31,张锐,2016-01-19 06:08:12,4,10,6,喜欢定向喜欢张锐老师。我以为我能满绩但是没有！
16998,31,张锐,2016-01-19 12:07:24,1,5,4,老师不错但是我才3.3！
17111,31,张锐,2016-01-19 15:10:10,1,3,2,大学四门体育。选了两次张老师定向越野分数是最高的
36229,31,张锐,2016-11-11 07:12:33,1,7,6,老师还是比较和蔼，体育课嘛，也不能太要求干货。定向越野是体力活，但也对12分钟跑有好处
39620,31,张锐,2016-12-26 07:13:03,7,13,6,老师圣诞节给我们发了100块的红包，浓浓的师生情啊。虽然我没抢到(>_<)
41509,31,张锐,2017-01-12 05:36:59,-5,3,8,喜欢提前下课的老师，超级喜欢，很适合女孩子上，比较水
41607,31,张锐,2017-01-12 08:52:06,-1,3,4,很好的老师
41618,31,张锐,2017-01-12 09:09:36,-1,1,2,很喜欢定向越野
41650,31,张锐,2017-01-12 09:49:42,-1,3,4,随性直爽
41688,31,张锐,2017-01-12 10:56:27,-1,2,3,老师人超和蔼 完成跑步任务以后就会下课
41772,31,张锐,2017-01-12 14:14:17,-52,4,56,坑课！浪费三个周末到校外跑特坑！周末事情多的同学慎选！
42127,31,张锐,2017-01-13 15:39:11,-1,1,2,老师一般下课都很早，体测什么的也比较松，很负责的老师。只要不水课，掌握技巧地跑，拿高分很简单
42722,31,张锐,2017-01-15 03:48:43,0,2,2,老师很好很好很好！！！！
43129,31,张锐,2017-01-15 23:52:56,1,5,4,老师人特别好！！下雨天雨太大让我们集合一会儿就放了，越野回来下雨了怕我们感冒让我们签到就回去，别人还要冒雨集合，特别好的老师，很关心我们，很温柔。\n\n
51561,31,张锐,2017-06-07 06:17:29,-1,2,3,很好的老师
53532,31,张锐,2018-03-06 06:50:05,-1,3,4,老师人不错，每次都提前至少二十分钟左右下课，就是给分不太水
59705,31,张锐,2017-09-26 04:05:27,0,2,2,很棒哦
66555,31,张锐,2018-01-17 08:46:26,1,3,2,很棒，老师人超好，稍微严格了点，给分不水，但是还是推荐
70379,31,张锐,2018-01-28 14:06:12,-11,7,18,老师人还可以，但是给分简直神坑，而且微信上面咨询以及请假什么的一直不理人，提出成绩太低的疑问，压根不回。我十二分钟跑满分，最后期末考核成绩也在前列，app锻炼距离也到了，居然只给我这么点分数，真的太过分。别人水水过的满绩，让我怎么想？
75845,31,张锐,2018-03-20 00:52:55,0,2,2,超好的老师
81578,31,张锐,2018-07-05 12:41:01,1,7,6,人好事少给分高
81589,31,张锐,2018-07-05 13:06:32,0,2,2,上了张老师三个学期的定向越野，老师人好事少，很为学生着想。给分不水。
111287,31,张锐,2019-07-01 00:32:26,0,2,2,老师人好好啊！真的蛮为学生着想，相比于我上个学期的定向老师简直温柔太多了………给分的话我觉得定向越野都不赖
124774,31,张锐,2020-07-09 02:18:02,-1,2,3,给分真的不错了，而且这个学期的线上课，讲真不能再水了。
126531,31,张锐,2020-09-29 10:54:37,0,2,2,老师人很好
129070,31,张锐,2020-12-29 12:29:22,1,5,4,上张老师的身体素质课可以体会到“这就是街舞”的感觉\n\n总体上是个很棒的老师，身体素质课很少放你去跑步打卡，不水。定向越野也报的张老师的。\n\n给10分了
131606,31,张锐,2021-01-28 06:49:42,1,5,4,很温和的老师，给分也还不错，本体育废柴最后4.2，就是定向越野每节课跑得好累
135511,31,张锐,2021-05-12 09:03:57,1,4,3,很体贴，水着课他也不说你
135996,31,张锐,2021-06-08 23:38:19,0,12,12,这个老师是不会用浙大钉吗？上的他的身体素质课，上课有好几个地点每次都不说在哪上，在群里问也不回，请病假就不读消息按旷课算？？？体育课我不知道怎么样，反正身素慎选，事贼tm多还恶心人，1分
138277,31,张锐,2021-07-08 09:45:09,0,2,2,一般般
139287,31,张锐,2021-07-14 05:02:19,-10,1,11,十二分跑五圈，其他也一般般，老师居然绩点给我4.5。给分很好呀
140224,31,张锐,2021-09-06 04:11:39,0,4,4,yyds
148263,31,张锐,2022-01-12 03:58:56,1,3,2,能捞，不多说了
149346,31,张锐,2022-01-15 06:44:39,-2,2,4,人好事少，但好像不怎么捞人
150805,31,张锐,2022-02-19 00:47:01,0,1,1,身体素质课挺负责的，有时候还会放我们去跑2.5公里
150946,31,张锐,2022-02-21 09:30:49,2,4,2,很负责的老师
155097,31,张锐,2022-06-08 08:20:06,1,2,1,好老师好老师
155878,31,张锐,2022-06-16 11:56:21,9,9,0,这个老师好像基本不用钉钉，三四天消息还是未读
156497,31,张锐,2022-06-20 04:31:02,0,4,4,我靠！专项跑了70分钟绩点4.5你敢信！神仙老师！好几次下课超级早，选他！
159888,31,张锐,2022-09-08 02:54:21,0,2,2,好老师，很为学生着想的老师，温和有趣
160923,31,张锐,2022-10-19 16:25:16,0,2,2,很棒
160924,31,张锐,2022-10-19 16:26:24,0,2,2,老师超好！
163966,31,张锐,2022-12-17 03:43:43,1,2,1,上的身体素质课，老师是真的言简意赅。老师好像是负责田径的，课前指导田径队训练，指导的时候也很少说话，丢去一个眼神，队员就懂了。课不水，经常设计各种奇怪的科目，但基本都很有意思。
164607,31,张锐,2022-12-22 07:48:02,-1,2,3,老师人非常好
168974,31,张锐,2023-02-24 01:58:44,1,2,1,老师人很温柔
171823,31,张锐,2023-04-06 12:58:40,3,7,4,这老师什么牛马？学在浙大发疯乱码给我理论扣分？真是长见识了
171879,31,张锐,2023-04-11 11:38:12,6,8,2,钉钉找他已读不回
172063,31,张锐,2023-04-18 10:12:23,0,2,2,身体素质事儿贼多
174174,31,张锐,2023-06-07 04:18:01,2,6,4,专项给分86以上，好的可以拉到94-100
174756,31,张锐,2023-06-17 04:42:06,7,10,3,钉钉问任何事情都是已读不回，这么大年纪了还不会打字建议离职自己学习一下，负担不起老师的指责可以不做老师的，一点点的能力天大的脾气
175842,31,张锐,2023-06-27 02:36:04,3,6,3,普通体育课一分都不会捞人，而且考试对短跑要求非常非常高，如果短跑不够运动员水平，请慎选。\n\n\n\n别问，问就是三年五次体育课满绩，就他的课拿了一个3.0，我真是谢谢你。
178724,31,张锐,2023-07-20 09:18:45,2,3,1,普遍低分的正态何尝不是一种正态（？） 老师上课很好 人也很好 但是这学期分数是一点不调 短跑不好的人分数相当惨烈…
179003,31,张锐,2023-08-18 05:46:50,10,10,0,经常已读不回，专项给分奇差无比
184082,31,张锐,2023-12-08 07:43:34,9,10,1,逃。体素课会签迟到。
184111,31,张锐,2023-12-09 15:58:18,1,1,0,体素课有时会签退。可以自己提议下节课要做什么运动还是挺有趣的。体素课钉钉群里会回复。
188079,31,张锐,2024-01-18 07:19:57,3,5,2,挺难评的……已读不回是常态，什么信息都比别的班滞后。比pww差了十万八千里
190472,31,张锐,2024-03-05 09:19:19,3,5,2,"print""出生"""
191525,31,张锐,2024-04-24 08:11:15,1,1,0,体素课签名方式很花，别来
192505,31,张锐,2024-05-22 06:01:05,3,7,4,2024.5.14第九节体素课，45分钟的课哥们迟到了23分钟💀\n\n全班同学一直在太阳底下站着晒着，哥们群里连个声也不吱💀
194675,31,张锐,2024-06-25 02:26:29,8,10,2,我请问了钉钉上讲一句话是要了你🐴吗
198450,31,张锐,2024-09-09 04:12:32,-5,1,6,一开始是选不上其他老师的课才选的，第二次身体素质课把他作为第一志愿选了。老师很好，不太水但是很宽容，感觉不是很会说话hh，但是下雨天会让我们直接回去，特别好的老师！
198463,31,张锐,2024-09-09 05:49:17,3,3,0,特别喜欢已读不回
198646,31,张锐,2024-09-10 10:33:25,3,4,1,第一节课，下雨，别人的课讲完放了，他的课讲完冒雨跑四圈。\n\n课件只有5分钟，上节课在东教，让你赶到东操来签到，迟到？说迟一两次问题不大，我真的想笑
198937,31,张锐,2024-09-13 06:53:07,3,3,0,避雷吧
199866,31,张锐,2024-10-05 08:24:58,5,5,0,已读不回
204517,31,张锐,2024-11-26 11:25:04,6,6,0,好几次迟到了给记成缺课，下课了去解释说记一次缺课问题不大，那我打一分问题也不大吧
205249,31,张锐,2024-12-03 08:22:53,2,2,0,身体素质课老师迟到很难评
206363,31,张锐,2024-12-14 14:24:00,-3,1,4,性格温柔，不过对待教学有一定要求
209396,31,张锐,2025-01-06 01:38:47,6,7,1,lj老师，给分真的烂
209577,31,张锐,2025-01-06 09:31:22,3,4,1,给分稀烂，答辩老师
209578,31,张锐,2025-01-06 09:31:51,3,4,1,给分很烂，避雷
209615,31,张锐,2025-01-06 11:07:42,1,1,0,坐标定向越野，上课体验感很差。给分差或许还能接受（可能还是自己太菜了），但消息回复不及时、上课风格呆板这该怎么解释呢？
209729,31,张锐,2025-01-07 01:45:29,3,3,0,给分属实难评，上课体验感也很差，快逃
211180,31,张锐,2025-01-11 03:28:19,2,2,0,给分确实不好，最后华家池的那次跑了二十多分钟，只有36.4的专项分，再加上回消息不及时的问题，总体一般般吧
214256,31,张锐,2025-01-31 03:59:03,1,1,0,每次都去结果体素课考勤给扣了2分，避雷吧
214470,31,张锐,2025-02-06 09:36:28,-2,1,3,收获不错
214852,31,张锐,2025-02-18 09:37:47,0,0,0,体素累
217327,31,张锐,2025-04-08 13:14:57,1,2,1,没有师德，这byd是我见到的第一个畜生老师。
219950,31,张锐,2025-06-12 04:24:32,1,1,0,钉钉上打一个字会死。任何集合地点等信息需要学生*自行推理探索*。考试相关的所有信息是一个默认名称的文件，且没有任何文字说明。\n\n如果选了他的课请多咨询同学定向越野的注意事项，不要像我没看到消息，导致考试一次没去，喜提大四80次打卡。
5659,102,傅旭波,2017-09-14 09:08:15,-22,10,32,差
13435,102,傅旭波,2015-12-28 03:52:24,34,40,6,好老师，能跟同学打成一片
13437,102,傅旭波,2015-12-28 03:56:10,3,5,2,挺萌的老师
15219,102,傅旭波,2016-01-13 00:01:42,2,6,4,可以的
16316,102,傅旭波,2017-12-26 03:15:22,-21,3,24,坑死了
16690,102,傅旭波,2016-01-18 19:25:56,-12,3,15,分低啊
16778,102,傅旭波,2016-01-19 02:55:08,4,7,3,给分稳
17241,102,傅旭波,2016-01-20 02:25:38,19,25,6,很好的老师，十二分钟跑会送你一段路，和我们关系也不错
17557,102,傅旭波,2016-01-20 11:56:42,4,9,5,老师女生其实挺水的人很不错
23003,102,傅旭波,2016-03-16 03:29:14,18,21,3,傅旭波：我最喜欢中级班了，大家传传球就去踢吧
23835,102,傅旭波,2016-04-18 11:59:08,3,5,2,老师人炒鸡好！给分也很好
26812,102,傅旭波,2016-06-21 07:08:18,3,5,2,老师很棒
29596,102,傅旭波,2016-06-30 04:30:50,0,2,2,老师特别好 对女生特别好！！
30689,102,傅旭波,2016-07-02 08:17:11,11,14,3,不知道为啥这么低，确实好老师，很好说话，不难为你
39607,102,傅旭波,2016-12-26 03:52:22,0,2,2,老师人非常好
40074,102,傅旭波,2016-12-29 05:22:33,7,10,3,和蔼又可亲，敬业又专业，怒刷10分！\n\n
42047,102,傅旭波,2017-01-13 13:04:22,0,4,4,老师很棒啊！对女生特别好，很好说话的.我缺勤了好几次最后拿了4.2
42077,102,傅旭波,2017-09-16 11:17:43,12,14,2,老师人很好！对我们总是笑呵呵的，最后一节课还和我们一起踢球。而且给分很好啊！期末活生生给我加了0.6的绩点...
43155,102,傅旭波,2017-02-26 03:52:36,0,2,2,老师很和蔼，给分也不错，赞！\n\n\n\n
44150,102,傅旭波,2018-07-09 00:29:50,0,2,2,挺好的，很不错的老师
53896,102,傅旭波,2017-06-28 03:24:55,0,2,2,老师炒鸡平易近人
54837,102,傅旭波,2017-06-30 09:44:38,0,4,4,突然就满了，还能说什么呢
54958,102,傅旭波,2017-06-30 13:27:37,-3,3,6,老师人超好！但是能不能不打94这种分数呢…
55806,102,傅旭波,2017-07-02 11:52:09,0,2,2,老师很亲切
58769,102,傅旭波,2017-09-17 04:14:47,2,3,1,...
63649,102,傅旭波,2017-12-11 13:47:15,0,2,2,很开心啊
65772,102,傅旭波,2018-01-09 05:19:11,-2,0,2,还可以的老师
67207,102,傅旭波,2018-01-20 12:46:50,-3,2,5,傅老师还是很不错的。这学期选了他的课，然而变成孙冠荣来上了，体验极差，过来怀念一下傅老师足球课的日子。
67557,102,傅旭波,2018-01-21 13:43:25,3,3,0,老师是能和我们当兄弟的存在\n\n但是补考什么的嘴上提一下后面不是太负责 其实我不忍心这么说但还是要让大家知道
68480,102,傅旭波,2018-01-23 09:01:33,4,4,0,老师人很好，但是不会踢球身体素质比较差的选足球课真的心累
68492,102,傅旭波,2018-01-23 09:19:20,1,3,2,好老师！对足球基础差的同学很耐心，怒刷一波10
68510,102,傅旭波,2018-01-23 09:39:51,3,8,5,客观地说，老师是很和蔼的，但是给分真的不是很好，看课程均绩也看的出。就感觉平时上课什么的水水的挺不错的，但是最终给成绩一点也不水。给人一种平常还不错最后低绩点的感觉。这个学期足球班均绩3.55，老师给分可想而知。慎重
68578,102,傅旭波,2018-01-23 11:32:56,-1,5,6,傅老师经常会点名，所以想翘课的慎重。然后很和蔼，人很好！12分钟跑也比较松。说绩点低的，足球本身不好考，专项很难，绕杆10秒满分，一个班几乎一个手数的过来。上面有同学说他补测有点不负责，我觉得并没有。现在应该在做领导，所以有时候会有事不在。总体来说都很棒！下学期还是他的课还是很开心的！
69206,102,傅旭波,2018-01-24 10:07:06,0,5,5,老师不能再好，很体贴，每次都能踢球。可以期末考了一次不想再考第二次，绩点一般了…只能怪自己了，下学期也选了老师的中级班，10分的老师妥妥的！
69622,102,傅旭波,2018-01-25 05:40:08,12,17,5,我被绩杀了? ? ?
70933,102,傅旭波,2018-01-28 00:30:35,2,3,1,足球课基本就是在玩，给分不错。\n\n
71795,102,傅旭波,2018-01-29 03:19:07,5,6,1,第二个学期上傅老师的课了，也是最后一次了。虽然平时总说他水，上课不教什么东西，但每次和老师笑嘻嘻地聊天就觉得很亲切了！只可惜最后没和您踢一场球，希望以后在球场还有机会见到您吧。
75564,102,傅旭波,2018-03-13 10:56:15,6,6,0,和学生没有距离，很有亲和力，每节课只要有时间都会尽力给出时间踢比赛。
80083,102,傅旭波,2018-06-20 00:28:08,1,2,1,好，给赞
93259,102,傅旭波,2019-01-08 12:33:13,4,4,0,傅老师人很好，对同学也很好，每周三的足球课成为了一周里的亮点
95715,102,傅旭波,2019-01-20 02:31:28,1,3,2,老师很棒，能够在能力范围之内尽可能的帮助同学们拿高分，也能和同学们打成一片，责任心很强
98903,102,傅旭波,2019-01-24 04:53:08,1,1,0,老师人好啊，给分也超棒！强推
99169,102,傅旭波,2019-01-24 11:01:04,1,1,0,以为崩了结果还能接受，不错
99406,102,傅旭波,2019-01-24 17:18:54,0,2,2,超棒的老师，课堂氛围好，对同学们很亲切。给分也很良心啊，我12分钟和最后期末考试都没有满，专项辅导课一半没去，还以为要挂了结果还有4.5！超棒！
104535,102,傅旭波,2019-03-23 02:40:38,1,1,0,老师人很好，不过不知道为什么每次选课都选不满orzz，可能是时间冲突吧
109002,102,傅旭波,2019-06-05 09:04:41,-21,0,21,垃圾老师 35℃的天让学生在操场上跑十二分跑？？
122282,102,傅旭波,2020-02-22 08:06:14,3,3,0,足球班，都会给时间自己踢比赛，上课也没问题，给分也没问题，很好
130450,102,傅旭波,2021-01-22 12:46:11,0,0,0,好老师，强推
131799,102,傅旭波,2021-01-29 03:56:18,1,1,0,体育辅导课事情挺少的
133164,102,傅旭波,2021-02-12 05:42:05,0,2,2,每次点名都去，十二分钟跑了6圈。给我3.6.谢谢老师。
135724,102,傅旭波,2021-05-21 00:44:46,2,3,1,好老师，什么都不用多说
140218,102,傅旭波,2021-09-05 16:23:17,1,1,0,是个好老师
140318,102,傅旭波,2021-09-08 13:11:52,0,1,1,波哥会调分 真的 期末考试帮我减了两秒
145184,102,傅旭波,2021-12-28 06:03:13,1,1,0,傅老师没什么说的十分
145482,102,傅旭波,2021-12-30 02:51:14,0,1,1,选就完了
149275,102,傅旭波,2022-01-15 03:06:11,0,1,1,就是好奇最后一脚没踢进会不会加时间（滑稽
149297,102,傅旭波,2022-01-15 04:19:17,3,3,0,前面那位，最后一脚不进不会影响时间哦，放心就行
153573,102,傅旭波,2022-05-05 03:06:43,4,6,2,引体向上和12分钟跑不放水，别人都是剩个三四十秒老师让他跑完给他加半圈，我们是老师直接让我们不跑了不给加圈数，还要求有人记录每个人跑了几圈
154204,102,傅旭波,2022-05-26 03:15:20,3,6,3,我只能说。🐶都不选体育课。\n\n这个老师还贼求是。我服了
154655,102,傅旭波,2022-06-03 02:13:50,6,8,2,老师有原则不是缺点，自己水平低还想得高分，你仔细觉得合适吗？
156335,102,傅旭波,2022-06-19 06:19:16,0,0,0,女生快选，初级班期末考十六秒是满分，成绩不会太差。但是对比隔壁张束老师，感觉那边记秒是放点水的，不过张老师骂人太凶了，波波虽然录成绩不放水，但平时超级水，女生下半节课可以坐旁边休息的都，人很和蔼不凶人
157833,102,傅旭波,2022-06-25 04:48:05,2,2,0,上课比较轻松的会有半节课踢球，不过给分感觉比较惨淡，特别是对没有基础的，初级班专项满的大多只有几个老油条，少几秒钟会扣很多，技评给分也是按照专项换算的
159895,102,傅旭波,2022-09-08 10:33:46,-1,9,10,别他妈了个逼\n\n搞你那打卡\n\n逼死人啊\n\n能不能人性点啊\n\n六二
159896,102,傅旭波,2022-09-08 10:48:42,0,2,2,sb，跟林建华一样。
159906,102,傅旭波,2022-09-08 14:31:04,1,1,0,看满离
160019,102,傅旭波,2022-09-12 01:50:52,-1,4,5,改你妈的浙大体艺给你妈来一刀行不行
165273,102,傅旭波,2022-12-30 15:41:35,-5,0,5,整打卡折磨学生不如多整整你那外包垃圾app
170031,102,傅旭波,2023-03-01 05:26:02,2,2,0,老师十分 一分打给浙大体艺 傻篮子app
179166,102,傅旭波,2023-08-29 05:10:20,0,1,1,身体素质课。\n\n老师人很好，也很体谅我们，和学生打成一片。体素课运动量适中。不过他事情挺多的，经常会有别的老师来代课，来代课的老师给我们的运动量那是真的大。
188677,102,傅旭波,2024-01-19 13:50:23,1,1,0,挺好的老师，绕杆考试会多给几次机会，会用半节课的时间让我们踢球，能和我们打成一片，喜欢足球的同学比较推荐
193239,102,傅旭波,2024-06-05 03:56:15,-1,3,4,人好 体素课水
197112,102,傅旭波,2024-07-08 01:06:04,2,2,0,足球考试对零基础的同学有点难
198867,102,傅旭波,2024-09-12 08:55:20,4,5,1,巨累无比
200366,102,傅旭波,2024-10-16 08:46:33,-2,1,3,可好了
203263,102,傅旭波,2024-11-18 14:55:16,4,9,5,浙大体艺打卡制度改革的始作俑者，屎中屎中屎。为什么要这样千方百计、想方设法、无所不用其极地为难学生
205999,102,傅旭波,2024-12-13 02:52:49,2,3,1,老师人挺和善的，就上课而言来打个十分。\n\n翻历史评价才知道竟然是浙大体艺改革始作俑者吗
206737,102,傅旭波,2024-12-17 10:00:14,0,2,2,就体素课而言我给老师10分，很水，而且老师人很好，签到都会等等大家，有时候他让我们分开两队热身，我以为他在盯着我们，结果他眼睛是眯着的☺️
209398,102,傅旭波,2025-01-06 01:42:38,-1,0,1,超爱你，第1个满绩！
211039,102,傅旭波,2025-01-10 11:36:18,-1,0,1,足球课：前半节课训练，后半节课踢比赛。老师人挺不错的
215003,102,傅旭波,2025-02-20 03:32:52,0,1,1,老师挺有意思的，身体不舒服就允许你在旁边看其他人踢球，还会和你聊聊天啥的。上课也以自由踢比赛为主，12分钟跑倒是没看见放水的....
219767,102,傅旭波,2025-06-05 09:10:33,0,1,1,人都走完了你告诉我要签退？？去上个厕所回来就不让老子补签了，还说什么你们理由都很多的，问就是“不管了”你要不先看看签上了几个人？\n\n总之他的体素能不选就别选，一堆突击签退，补签难得一笔、\n\n只能说和前几年的评价差远了
220204,102,傅旭波,2025-06-16 09:00:42,-1,0,1,傅老师我爱你！！！\n\n\n\n上的是傅老师的足球初级班，首先上课对喜欢踢球的同学非常友好，没有废话，从第一节课开始每节课都有45分钟左右踢比赛。其次老师人也很好，非常愿意沟通交流，最后一节课踢球我状态不太好，有些失落，下课老师也是主动和我开玩笑，让我好受很多。可能对上课不来的同学会不太友好吧，我们这门课好像是挂了一个经常不来的，因为两周的考试他好像都没来，傅老师好像叫他下学期补考还是怎么样。不过你都没来了，我觉得也不能怪老师吧，我上课经常迟到，老师也都是愿意帮我补签的。最后给分实在是出乎意料，专项比纯按时间赋分高了6分（93->99），也不知道老师是怎么算的。\n\n\n\n总之谢谢老师，最后一节课之前一直觉得你是一个比较佛系的老师，什么也不管，让我们踢球踢爽了就行。后来发现不是这样的，你只是不爱说教而已。可惜在玉泉上不到傅老师的足球课了。（不对，确实是比较佛系）
221767,102,傅旭波,2025-06-26 06:24:56,0,0,0,老师人不错，但是足球相比其他体育课是比较难拿到高绩点的，可以考虑一下再选
867,111,柳志鹏,2015-03-18 05:39:46,3,8,5,不怎么样
1922,111,柳志鹏,2015-03-26 08:18:13,2,5,3,柳导好萌的!
6024,111,柳志鹏,2015-07-10 09:35:04,-8,6,14,其实人还是善良的。只是一直在出差 一共就来了三分之一的课，所以更适合那些本来有点基础的自由活动也会开心的同学 他考试很水 很多人作弊
9834,111,柳志鹏,2015-11-10 12:21:58,12,19,7,功底很深厚的足球老师，真正热爱足球的人从他身上能学到很多。
10270,111,柳志鹏,2015-11-18 00:54:15,1,4,3,很难心的老师 给分不错
12186,111,柳志鹏,2015-12-22 08:44:00,2,5,3,认真负责 难得的好老师！！
13595,111,柳志鹏,2015-12-30 01:15:57,4,8,4,老师人挺好的，最后一节课我们好多人准备大英背诵，老师没说什么，提前让我们走了，最后还说祝考试顺利。蛮感动的。
15093,111,柳志鹏,2016-01-12 04:11:22,-6,2,8,选上柳老师的课，当然要提提分了
15220,111,柳志鹏,2016-01-13 00:02:46,3,5,2,........
16498,111,柳志鹏,2016-01-18 08:43:52,1,4,3,无语了
16760,111,柳志鹏,2016-01-19 02:32:32,0,3,3,很好很有趣
17015,111,柳志鹏,2016-01-19 12:38:23,4,14,10,柳导人真的很好，人也很有趣，那次睡过头迟到了结果向他解释一下就没事了。。给分也不错。而且给人一种特别深藏不露的球场老大叔的感觉
17489,111,柳志鹏,2018-01-18 08:14:57,-34,16,50,只能打一，分，最低，否则一分都不给，辣鸡，md劳资，打卡全满，12分钟满分，期末考不差，节节课到，给我个3绩点，脑残啊，辣鸡老师，不要选。
17752,111,柳志鹏,2016-01-21 00:03:12,-3,4,7,柳导很会教课 平常对同学也挺好的 期末给分不是非常好 但我还要接着选他的足球课～爱生活 爱足球～\n\n
22208,111,柳志鹏,2016-03-03 02:46:23,4,5,1,长得像崔健。
26335,111,柳志鹏,2016-06-17 03:01:05,0,1,1,人很和善，对学生很好，课也不错
26791,111,柳志鹏,2016-06-21 06:24:01,-3,2,5,第一次接触足球，觉得上柳老师的课学到很多，老师人超好上课用心，还会给我们拍照
27652,111,柳志鹏,2016-06-27 06:58:11,4,8,4,每节课都去，而且每节课都有很多人不到，其他任何项目虽不是很好，但也是中等水平，最后直接给我3绩点，我就呵呵，还好只有1个学分。
27742,111,柳志鹏,2016-06-27 10:31:37,0,3,3,柳导适合热爱足球的同学，只要好好练期末一定不会差的
28264,111,柳志鹏,2016-06-28 08:22:54,-3,2,5,完美啊
33951,111,柳志鹏,2016-09-23 12:06:02,1,3,2,这是我在浙大最爱最爱的老师 强推 可选
34738,111,柳志鹏,2016-10-20 01:35:01,0,2,2,人很好的老师
42152,111,柳志鹏,2017-01-13 16:16:09,4,8,4,体育课，还能来拉低平均绩点，我就呵呵了，这种老师
42160,111,柳志鹏,2017-06-29 08:16:10,1,3,2,足球给分好像都不怎么好。。\n\n慎重选择
42173,111,柳志鹏,2017-01-13 23:42:50,16,18,2,老师人还行吧，挺认真的，就是给分实在不算好
42174,111,柳志鹏,2017-01-13 23:45:35,8,8,0,老师人很好，但是给分确实一般
42177,111,柳志鹏,2017-01-14 00:02:09,11,12,1,老师有深厚的足球功底，人也很和蔼，只是无奈足球的专项考试评分标准过于严格，导致足球均绩很低，个人有点愤愤不平，其他体育项目水水过轻轻松松上4，足球咋就那么难？
42179,111,柳志鹏,2017-01-14 00:09:44,6,9,3,给分真的差 上过两次足球课 和上次fxb给的绩点完全不能比
42237,111,柳志鹏,2017-01-14 02:56:01,75,150,75,人不错，考试会给你很多次机会，但是给分真心弱。别看上面那些评论，那些都是高中踢球就好的，没基础的慎选。考核方式很难，从中线带球绕杆跑到大禁区线，再加射门，总时间十秒才满分，有一个杆没过直接0分，虽然能测3次，但是也真心呵呵。本人高中主力门将，绕杆12秒，总绩点才2点几，所以不是基础扎实且真正热爱足球，或者体能特别出色，可以靠引体向上与12分钟跑提分的，慎选。麻烦把我顶上去，让更多人看到真相，楼主当年就是被上面的好评骗来足球的，结果本来4点几的总均绩一下掉到了3点几。
42333,111,柳志鹏,2018-01-18 08:14:49,-11,5,16,垃圾老师，别人考试测两次就他测一次 上课也不怎么好好上，成天自由练习，最后给分很低，这门课也是醉了。
42369,111,柳志鹏,2017-01-14 05:35:14,6,8,2,人挺好的，但是给分好像不太好。。。对女生很水是真的，作为女生 足球课居然拉高了均绩
42441,111,柳志鹏,2017-01-14 08:30:41,-6,3,9,老师挺好的，讲的也挺好，平时稍微认真点绩点就不会低了
42534,111,柳志鹏,2017-01-14 11:43:14,21,24,3,兴趣和绩点未必能兼存，如果你不是专门练过足球的，只是很喜欢足球，不要选，慎重！球你想踢就能踢，绩点真的不是开玩笑
42558,111,柳志鹏,2017-01-14 12:47:17,3,4,1,老师人很好....就是给分有毒...
42586,111,柳志鹏,2017-01-14 13:34:24,0,0,0,还是要看体能
43190,111,柳志鹏,2017-01-16 03:12:30,2,3,1,老师人很好，就是给分真的。。唉
44059,111,柳志鹏,2017-01-17 08:52:22,3,4,1,教的好，人也不错，就是绩点无法接受
45821,111,柳志鹏,2017-01-20 06:46:33,1,2,1,教得挺好，绩点。。。
55193,111,柳志鹏,2018-01-02 07:25:46,11,17,6,回应一下最高赞的那位 我零基础足球初级班 期末考绕杆子射门12秒 12分钟和打卡满 50米没满大概80左右 理论也只有84 最后给我4.5 我不认为柳导哪里出现了给分不好的毛病
55203,111,柳志鹏,2017-07-01 03:39:20,-4,5,9,柳导的足球课是浙大最不水的！！！画重点！他可能没有其他两个老师上课那么轻松，但真的会教一些有用的东西的！关于绩点的话，足球课专项考试本来就比较难，如果在意绩点，踢的又不是太好的话慎选吧。\n\n（反正我满?嘻嘻）
55954,111,柳志鹏,2017-07-02 17:54:29,3,3,0,老师教课很认真，有点像训练队员一样训练学生，很专业，喜欢足球的同学推荐。至于绩点，个人感觉偏低。
65116,111,柳志鹏,2017-12-29 02:41:54,4,6,2,10分！老师真的非常替学生着想，上课时候能感受到他真心的关怀；而且超专业，各种帅气。课上既能学到又能开心地踢球，非常赞。唯一的建议就是考勤没必要放水，会让按时到了的人不舒服。不过老师都是为了大家开心。这么负责又体贴的老师很少见了，还会分享点人生感悟～据说老师刚来浙大，相信他能越做越好。\n\n另外我想说，体育课成绩不好不是老师的锅啊，自己多锻炼，或者大可去选自己擅长的课。新技能高绩点有时不可兼得。
65578,111,柳志鹏,2018-01-06 13:11:37,56,62,6,\n\n柳导和傅导的课有相当一部分是孙冠荣指导代课，作为前国青国奥队员和中超球员，，他的授课让我一学期以来除了学到很多足球技术，更是无形中学到了他的的职业精神和做事态度。除此之外也很关心学生，为学生充分着想，看不到一点新闻中常说的职业球员的毛病。点赞。
65673,111,柳志鹏,2018-01-08 07:13:49,28,29,1,选了柳老师的课但是是孙冠荣老师上的\n\n孙老师人超级好超级好超级好！对同学们很体贴跑完十二分钟会准备糖补充能量，期末考试如果三次都没有成绩还会继续让你考到有成绩为止   \n\n给分还没出但是不管怎样都是绝对的好评不管male or female如果是球迷很想选足球 但又零基础的 孙老师没错了\n\n他运动员的身份和讲授也会给你很多宝贵的体验
65888,111,柳志鹏,2018-01-10 02:53:20,42,43,1,这里给为我们上课的孙冠荣指导打个call！前职业运动员，技术精湛毋庸置疑，而且非常体贴关心学生，让人感到温暖。最重要的是，孙导常说快乐足球，他的足球课不仅是一个学习的平台，更是一个享受足球，享受快乐的过程。不论最后绩点多少，感谢孙导带给我的收获。10分强推！
66627,111,柳志鹏,2018-01-17 15:56:58,16,18,2,听过柳老师和孙老师的课，都是十分认真负责幽默风趣的老师。柳老师经验丰富寓教于乐，孙老师职业认真体贴入微，为浙大拥有这样的好老师而开心。
66927,111,柳志鹏,2018-01-23 10:20:51,81,100,19,最高赞的那个，咱能不装逼吗?一门1.0的体育拉绩点了?不晓得是不是自己的问题就带节奏也真是有意思。本人理论90，引体向上只有7个，期末绕杆11.7s，十二分钟也没满，柳导还是给了4.5。你确定不是自己的问题?
66976,111,柳志鹏,2018-01-19 13:27:16,1,3,2,我觉得还行
68131,111,柳志鹏,2018-01-22 15:34:44,2,5,3,给分极差，不建议选
69631,111,柳志鹏,2018-01-25 06:02:44,-1,0,1,非常好
74865,111,柳志鹏,2018-03-06 06:54:04,8,9,1,男生选足球要慎重
76634,111,柳志鹏,2018-04-17 01:30:39,-1,2,3,柳导的课有一部分是孙冠荣老师带的，技术水平和人格就跟高赞评论说的一样很好。就给大家提个醒，现在每节课最后踢完比赛以后都有一个惩罚，跑圈蛙跳之类的，随机分队很可能实力不平均，不会踢球又不想最后吃个惩罚的慎选。
79892,111,柳志鹏,2018-06-15 02:46:51,0,1,1,挺好的，很适合足球能力提升
80074,111,柳志鹏,2018-06-19 15:09:05,5,5,0,孙导贼好
81641,111,柳志鹏,2018-07-05 16:04:25,3,5,2,每次都点名，我每次都去了但居然被记了三次缺勤，找他说也不回。给分也低，挺严格的。
83334,111,柳志鹏,2018-07-10 06:46:22,2,2,0,给分真的不行，不是真心喜欢足球只想拿分别选，要不然大太阳下在操场上晒得怀疑人生，分还难受。。。
83437,111,柳志鹏,2018-07-10 09:33:54,3,3,0,孙导太棒了！人好给分高
83596,111,柳志鹏,2018-07-10 17:55:05,4,4,0,孙冠荣老师上的课。孙导以前是职业球员，百度一下还能查到孙导直接角球破门的视频噢！足球课每一分每一秒都很快乐，不管是赢球，还是是输球了被罚跑步，抢圈被罚俯卧撑。。
83909,111,柳志鹏,2018-07-11 13:31:05,2,3,1,柳导无论是为人处事还是足球的专业知识，都无可挑剔，虽然给分较为严格和求是，但并不妨碍在柳导身上学到很多！（下学期蹭课走起～
91825,111,柳志鹏,2018-12-21 09:38:12,7,7,0,上学期孙冠荣班的。喜欢足球的同学一定要来体验一下。前职业球员的技术不是吹的，球品和人品都超级好。只可惜这学期没选上，，去蹭了好几节课，下学期继续选孙导的课，希望能选上
92173,111,柳志鹏,2018-12-27 02:26:28,7,7,0,不知道说什么……孙冠荣nb
92225,111,柳志鹏,2018-12-27 06:23:32,20,22,2,孙冠荣老师人真的超棒啊啊啊 我是女孩子 班上就三个女生 经常课上到最后是踢比赛 因为男生会无视我们 所以我们后来就选择在旁边练传接球和颠球 孙导也经常会来陪我们一起 或是聊天 期末考试是绕杆射门 我前两次没成绩 他让我试第三次的时候一直在给我加油 十二分钟跑也很松 除了上课他还会给我们讲道理 比如团队精神足球精神什么的 有一节课一个同学签了到就溜了 老师后来发现 很生气 教到我们要负责任 讲诚信 我在这节课学到的不只是基础的足球
92956,111,柳志鹏,2019-01-06 09:35:08,16,18,2,给孙导打call啊！！！\n\n人真的太好了，非常儒雅随和，也很照顾学生。如果说毛剑卿之流让人对职业足球运动员留下了负面印象的话，那么孙冠荣老师就足以为职业球员正名。不管最后的打分了，这绝对是我至今为止最喜欢的老师，没有之一！
94790,111,柳志鹏,2019-01-18 06:58:12,8,8,0,孙导人很好；但是没基础的，或者绕杆真的不是足够强的，绩点真的有点小伤。
94801,111,柳志鹏,2019-01-18 07:55:51,1,2,1,上课还是很不错的，教的时候很耐心，孙冠荣会来代课，两个老师都不错。体育绩点肯定还是看体育水平的呗。
94806,111,柳志鹏,2019-01-18 08:21:09,0,2,2,老师会很耐心地让我们练技术，然后最后有三次考绕杆传球射门的机会，但是需要好好练，别偷懒，绩点不会差的，对了还有十二分钟跑认真跑!!!
94808,111,柳志鹏,2019-01-18 08:25:58,1,2,1,给分真的不正常，慎选
94820,111,柳志鹏,2019-01-18 08:57:23,-2,2,4,有病吧，体育课还能挂人？？我真是无语了
94821,111,柳志鹏,2019-01-18 08:59:10,6,6,0,给分可算一般了吧，老师好和分数没有大关系，什么别说。客观的来说，没有足球基础，没有身体素质（上课算比较累的了），不为兴趣，只为体育学分的，还看中绩点的，慎重吧。
94835,111,柳志鹏,2019-01-18 10:09:46,1,2,1,上课挺不错的，态度挺好，教的也算认真。考核标准几个足球班都是统一的，没什么好说三道四的。引体向上，12分钟好好练就行了
94838,111,柳志鹏,2019-01-18 10:08:52,0,1,1,谢老师不挂之恩
94862,111,柳志鹏,2019-01-18 11:18:49,2,3,1,老师授课水平不错，但是考试真难，给分真低。我大一体育都满绩，虽说这学期课外锻炼次数少了一点，但喜提3.0是不是有点太低了，再怎么说，体质测试引体向上2800那么高的分摆在那，还能3.0。不就考试慢了两三秒吗。
95218,111,柳志鹏,2019-01-19 05:13:11,-1,4,5,爱死老师啦！！！\n\n专项成绩全班倒数第一\n\n然后十二分钟跑也没满分\n\n体测也很一般\n\n居然91 4.5 \n\n我真的是很开心啦！！！
95299,111,柳志鹏,2019-01-19 07:13:09,0,1,1,真心不错。但是考核较难，有足球基础的选会好一些。给分也不错。
95866,111,柳志鹏,2019-01-20 06:57:18,2,3,1,上的是孙老师的课。老师人挺好的，很热爱足球，也能教你很多东西，理论课会有点无聊。有关绩点，我可以说一下自己的情况，平常上课和专项辅导课都去了，体测水平一般，期末绕杆考核全班倒数，但孙导给到了4.2。虽然我知道班上那些足球大神绩点肯定更高，但一个足球渣渣，一直有在认真学的话，绩点真心不会低的。但是！真心不推荐不热爱足球的人选足球
95913,111,柳志鹏,2019-01-20 08:16:29,2,3,1,我是所谓班上的足球大神 绕杆10.2秒满分 但是可能是身体素质分太水 绩点只有3.6 老师很好 打分略迷
97431,111,柳志鹏,2019-01-22 08:52:43,-28,3,31,不知道怎么说，前两次体育课一次3.9，一次4.5，再怎么体育素质差，也不至于这次给一个3的绩点，把我这学期目前全是4.5的绩点拉了一截。
100139,111,柳志鹏,2019-01-25 15:34:13,1,2,1,柳老师很和蔼，足球课也很快乐，每节课都会踢比赛，每节课都是我一周动力的来源（笑）。但专项考核还是有一定难度的，我最后是带伤绕杆11秒。但总之，热爱足球的同学一定不要错过，但没足球基础的同学还是慎选。
100503,111,柳志鹏,2019-01-26 08:14:18,0,0,0,服气了
100809,111,柳志鹏,2019-01-27 01:02:51,1,2,1,老师很负责，自身专业能力很强，给分实事求是
108248,111,柳志鹏,2019-05-17 11:31:09,2,2,0,呜呜呜呜呜呜呜呜老师实在是太可爱了！！！
108819,111,柳志鹏,2019-06-03 02:46:45,2,3,1,孙老师，如果您看到这一条就给周一一二的足球课同学多点分吧，虽然您给的已经很好了，但是初级班的小白真的瑟瑟发抖。
109630,111,柳志鹏,2019-06-18 04:25:40,1,1,0,极好啊
111873,111,柳志鹏,2019-07-03 01:43:54,5,5,0,感谢孙冠荣老师，非常体贴关心学生，让我在学习到技术的同时感受到足球的快乐
113054,111,柳志鹏,2019-07-05 21:55:55,0,1,1,平时就靠体育课支撑我上学的动力了，每周最期待的一节课！老师超棒，没看清楚会给你耐心地进行多次演示。本人高中有一定基础，但是你零基础上课认真练球也完全可以获得一个好成绩，最后满绩了，开心！
115905,111,柳志鹏,2019-08-25 08:08:02,5,6,1,孙冠荣老师真的很好，上课很有耐心、很细致地教我们足球。但是我毕竟是足球小白，最终成绩专项扣了8分，理论扣了1分，其他没扣分，所以是91卡绩?
121119,111,柳志鹏,2020-01-19 16:38:32,2,2,0,孙老师上课感觉最最最基础的部分教的不是很多，但真的是快乐足球hhh，运动量也不大，不过绕赶跑满分还是有些难！
122205,111,柳志鹏,2020-02-20 03:20:42,0,0,0,给分不是太好，但老师实在不错，有体育精神
128853,111,柳志鹏,2020-12-26 04:37:45,2,2,0,体辅课老师经常出差
130170,111,柳志鹏,2021-01-18 11:18:19,1,1,0,体辅还行 运动量也不大
149253,111,柳志鹏,2022-01-15 01:24:05,3,3,0,捞人很给力，但是给分普遍反映不太好（主要是考核难，0基础绕杆真没法快啊
154659,111,柳志鹏,2022-06-03 02:51:13,0,0,0,足球初级班，挺不错的老师，每次课还会给将近一节课踢比赛的时间
157883,111,柳志鹏,2022-06-25 10:19:19,0,0,0,给分感觉也挺好的啊，期末绕杆给三+次机会，我新手13多秒给分比想象好呢
171781,111,柳志鹏,2023-04-05 06:14:58,2,2,0,评价一个老师的素质在课堂之外，所以这老师的素质不那么好
172222,111,柳志鹏,2023-04-22 15:24:55,1,1,0,喜提大学绩点最低分78，技评只给75%，小作文理论也要扣分，属实离谱\n\n迟到点迟\n\n期末两次绕杆很严\n\n快逃
172401,111,柳志鹏,2023-04-26 05:50:24,5,5,0,柳老师上的，不会踢足球的同学慎选，0基础绕杆，最后给分太差了，实在太差了，对小白太不友好了。
174405,111,柳志鹏,2023-06-12 02:52:36,2,2,0,特别特别好 对女生也很友好的体育课 但是dd不回消息 ps.不要春夏选足球 太热了🥵
174406,111,柳志鹏,2023-06-12 02:53:30,-1,0,1,老师好好，真的会捞，超级感动！！！
176535,111,柳志鹏,2023-06-29 08:22:54,1,1,0,上课中规中矩，给分不行
185052,111,柳志鹏,2023-12-26 04:34:16,1,1,0,感觉一般，凑合着上吧
186945,111,柳志鹏,2024-01-13 17:20:01,3,3,0,首先我承认，确实我踢得不好，我以前没踢过球\n\n但课上总是说基础差不要紧，态度好会捞技评，还确实表扬过我几次态度好（我好几节课课后都加练了），答应给我最后一节课一次重测机会，结果到了最后一节课说别测了技评捞一下就好了\n\n最后技评给六十多？\n\n真没见过这么低的，以前体育最低也是89，这次直接74\n\n虽然一学分的体育课影响没多大，但是说话不算数的老师真的很影响心情，一学期的努力被很随意地否认了
187013,111,柳志鹏,2024-01-14 06:59:37,4,4,0,你是真牛逼，上课手机没签上到，跟你说手动来个迟到。。。体育课还能用绩点恶心人，也不教东西。一样的课孙导上得好一百倍。
187077,111,柳志鹏,2024-01-14 11:13:50,0,0,0,老师人真的很好，那些说给分低的其实并不是这样子的。足球的考核本来就很难，10秒满分基本上没几个人能够达到的。而且他分数给的也确实很正常，考核还给你很多机会。但是要注意12分钟跑和引体向上要自己好好地练，这些分数老师也控制不了，只能自己加把劲了。期末的时候如果你的分数刚好卡在档次的边缘，老师还会给你把分数打上去，让你的绩点再高一点。
187400,111,柳志鹏,2024-01-16 02:51:01,0,1,1,专项满分较难，如果没有什么足球基础的话容易分数较低，总的来说给分一般，至少我本人完全没有捞
187791,111,柳志鹏,2024-01-17 12:49:14,2,2,0,0基础慎选！！！给分真不好，但是并不否认对于有足球基础的人来说，上课会很轻松，之后有踢比赛。早八上课一定要按时到！迟到会记成“迟”，而且会影响最后的成绩！
192702,111,柳志鹏,2024-05-29 03:14:06,2,2,0,虽然拿了本科阶段最低的绩点，但还是要给老师10分，老师人超级好
194738,111,柳志鹏,2024-06-25 07:26:12,3,3,0,珍爱绩点，远离足球课
194947,111,柳志鹏,2024-06-26 04:10:27,-5,0,5,说实话给分真心可以，48次打卡打满，体测，12分钟跑这些稍微练一下，我专项考试76分（占40%）也能满，确实看你态度，上课认真有点内容，踢比赛很快乐hhh。
196189,111,柳志鹏,2024-07-02 05:59:07,7,7,0,这学期挂的名字是柳志鹏老师，实际上课的是夏亮老师。我从十岁就开始踢球，所以专项考试还蛮轻松的，第二次测试就满分了。但是对于0基础的同学和女生们，还是确实不太友好，不爱足球或者没基础的uu慎选吧
199183,111,柳志鹏,2024-09-18 23:59:30,2,3,1,这老师太好了，根本不点名，因为他上课都不会来，他是天才，要去北京开会，也不通知，我们要学会理解，毕竟贵人多忘事。
207713,111,柳志鹏,2024-12-24 03:25:29,1,1,0,体素课，老师的训练量大，但是有几次老师不来，可以划水
208743,111,柳志鹏,2025-01-01 07:39:11,0,0,0,上了一学期柳老师的体素课，身体素质狠狠提高了😇（上课强度belike:折返跑十趟，绕足球场高速跑n圈）体测之前上课都是疲于奔命，体测之后明显变水，老师出差好几周都是别的老师代课，最后一节课还给我们放了假，总的来说体素课累是真的累，效果也是很明显的
209402,111,柳志鹏,2025-01-06 02:09:18,0,0,0,老师挺好的，卡绩了会捞人
209840,111,柳志鹏,2025-01-07 08:27:58,0,0,0,还行吧，主要是喜欢足球还有一点基础。但是说实话为了绩点的话就别选足球了，另外楼下说的不回消息是真的，12分钟补测我们同学在dd问了多少次一次都不回
210218,111,柳志鹏,2025-01-08 12:02:57,2,2,0,给分很求是，不过十二分钟跑会多给50米。老师人挺好的，我期末卡在88.4，脸皮厚一点跟老师提了一嘴没想到真帮我捞上去了，伟大！
210799,111,柳志鹏,2025-01-10 03:30:48,1,1,0,老师的足球课确实不错，虽然发私信几乎不看，但十二分钟跑管的松，平时专项训练强度也不大，最后在浙大体艺看见自己的分以为自己被卡绩了，没想到传到教务网的数据自己还是被捞起来了，有足球基础的绕杆射门不错的同学真的推荐报一报。
210800,111,柳志鹏,2025-01-10 03:33:09,-1,0,1,卡绩慎选
211692,111,柳志鹏,2025-01-12 07:42:53,2,2,0,上的足球初级班\n\n上课体验：强度适中，体验还行。\n\n考试方式：绕杆+射门，\n\n没基础且追求绩点的同学慎选足球。\n\n老师钉钉几乎是不看的，\n\n但12分钟跑多给了50m\n\n专项给分也捞了我一手。\n\n喜欢足球且有基础的可以选
212330,111,柳志鹏,2025-01-14 01:35:31,1,2,1,上课还可以，卡绩。
212334,111,柳志鹏,2025-01-14 01:38:58,1,1,0,足球没基础的千万别选足球，被绩杀别怪我没提醒你啊！老师每回都点名，上课中规中矩所以也就给个中规中矩的8分吧
216319,111,柳志鹏,2025-03-13 08:28:18,3,3,0,呃呃避雷一下体素，下雨天说因为下雨所以先慢跑15分钟，鄙人不才，有点不太能理解其中的逻辑。还有跑完20分钟后直接男生140*10以及女生100*10还说我们没认真跑跑得慢，还拿间歇跑和1000米跑比较，我想应该是忽略了间歇跑减速加速所需要的大量能量所导致的这两者根本没有可比性。最后就是动不动跑一节课，几乎没有休息时间。也许是鄙人身体真的不太好，如果对自己的身体有信心撑过早上一堆课后还禁得起ds般的训练，那么这个老师的课就非常合适
216320,111,柳志鹏,2025-03-13 08:35:58,2,2,0,傻吊一个。下雨天跑步。自己愿意淋让别人淋。
216321,111,柳志鹏,2025-03-13 08:55:39,1,1,0,wcnmd。\n\n致敬传奇体素课：论证严密，逻辑自洽。“因为现在下雨了，所以我们先慢跑15分钟”
216325,111,柳志鹏,2025-03-13 09:43:12,0,0,0,运动量真的大，下雨还要跑
218740,111,柳志鹏,2025-04-30 05:55:35,2,2,0,40个人一块跑1000，你是个人物
219506,111,柳志鹏,2025-05-29 03:20:00,1,1,0,足球课，对新手极不友好，避雷
1295,118,赵丹丹,2015-03-21 17:53:05,33,46,13,挺好的。但我天资很浅，学舞蹈实在费劲。
7434,118,赵丹丹,2015-09-14 11:05:04,12,26,14,老师我女神，这是特别好玩的课。期末有个编舞大作业，需要一点技术含量
7662,118,赵丹丹,2015-09-15 07:51:07,3,15,12,哈哈，我说全五星评价吧！给力给力！丹姐V5
11341,118,赵丹丹,2015-11-28 00:42:16,0,14,14,我爱上了她
11492,118,赵丹丹,2015-12-02 14:53:11,5,12,7,老师很活泼，超级有活力！上课很有趣，也学到了很多知识！
13019,118,赵丹丹,2015-12-24 14:07:01,-5,3,8,老师很可爱很活泼 上她的课感觉很轻松气氛很活跃 即使没有什么舞蹈基础也可以的 而且关键是给分很高！
14189,118,赵丹丹,2016-01-05 08:10:58,-3,6,9,给分又好，又能学到很多东西。
14813,118,赵丹丹,2016-01-09 13:13:19,27,36,9,没有舞蹈基础的就别去了，给分可怕
19237,118,赵丹丹,2016-01-23 15:29:54,9,16,7,永远年轻，永远热情洋溢。丹丹棒棒的！
19325,118,赵丹丹,2016-01-24 01:40:39,0,8,8,给分真的很好，解锁了两门，有一门满绩，另外一门也是4.3，只要认真学，付出努力，没有基础也不是问题的！
26154,118,赵丹丹,2016-06-16 06:15:31,-2,6,8,女神 舞跳的666
27342,118,赵丹丹,2016-06-25 03:00:48,7,16,9,现代舞基础与创作，中国民族舞赏析。这学期上了两门课。最后在小剧场现代舞表演完真的热泪盈眶。超级棒的一门课，能挖掘你的天分。舞蹈就是表达情感的方式。老师打分一定是有理有据的，而且据我所知认真跳分数都不错。虽然我成绩还没出，但是我觉得学到的东西重要多啦！
30675,118,赵丹丹,2016-07-12 08:03:40,1,10,9,乱给分 无舞蹈基础真的别选
33604,118,赵丹丹,2016-09-20 08:32:06,-3,4,7,好好啊\n\n
36260,118,赵丹丹,2016-11-11 10:10:33,2,11,9,女神级别的老师，上课真心棒！认认真真的评论都看了一遍，有些同学不理性啊，分数不好就怪老师。其实老师不太要求大家动作有多美，重要的是上课要认真，动作要记牢！舞蹈课让我们小组很团结，课后排练也有很好的体验！力荐丹丹姐！（ps：成绩还没出，理性评论）
37605,118,赵丹丹,2017-08-29 04:04:28,3,13,10,说实话就是这门通识事情比较多，不能水，所以部分人上完一次就退课。但我觉得吧，其实还是能学到东西的啦，而且老师人真的很好，上课有意思，给分也很赞。满绩开心。同组一点没有基础的同学，即便跳的不是很好，分数也很高，所以想选的同学不用有顾虑。
38341,118,赵丹丹,2016-11-30 07:58:30,-3,3,6,女神，不多说
38410,118,赵丹丹,2017-08-29 08:11:30,9,19,10,垃圾.
39440,118,赵丹丹,2016-12-22 17:47:23,4,9,5,建議別選現代舞 事情非常多 上課要一直編舞自己想動作 也很多課外的編舞拍視頻表演作業 很麻煩很花時間 還有兩次左右戶外課冷死了 民族舞倒是不錯比較好玩也比較輕鬆 雖然覺得現代舞課很坑 但老師人真的很好
39853,118,赵丹丹,2016-12-28 04:03:27,23,28,5,拘谨的同学慎选
40329,118,赵丹丹,2017-02-05 09:46:24,2,7,5,简直乱扯
43547,118,赵丹丹,2017-01-16 13:49:03,-4,4,8,棒呆喽
43727,118,赵丹丹,2017-01-17 01:35:55,2,11,9,丹丹老师跳舞的时候超有活力热情的好嘛 跟着她跳感觉整个人都轻松啦！可能老师教学比较快 有时候会跟不上 但是只要每节课都去 学完之后回想一遍 期末多练习 就没有问题啦 整个小组的同学都很喜欢这门课 跳舞考试也很投入 给分特别好 像我这种没有什么民族舞基础的人能学到好多 大赞
44303,118,赵丹丹,2017-01-17 14:39:39,-3,3,6,女神～老师很温柔～教的也很好
46184,118,赵丹丹,2017-01-21 01:12:55,-5,4,9,老师棒棒哒，现代舞创作平时没什么压力，就期末和其中吧，真心~有些吃力。。上她的课是种释放和享受。\n\n
46204,118,赵丹丹,2017-01-21 02:17:38,19,37,18,为什么均绩这么高但我的绩点这么低3.3，每一节课都去了，就是不会跳舞嘛，辣鸡现代舞，拉低我绩点。真的恳切建议不会跳舞的同学别选，会很尴尬，很尴尬，像个傻子一样，而且事多的，考试周前几天真的天天在排练，结果绩点还这么低。后悔死了……
46209,118,赵丹丹,2017-01-21 02:28:37,14,22,8,呵呵～很认真，然而绩点通识最低，事情多，给分差…
47274,118,赵丹丹,2017-01-25 04:45:38,2,8,6,如果不是很放的开上课会感觉很尴尬，我没有什么舞蹈基础，但是每节课都很享受跳舞的感觉，最后绩点也很棒，十分感谢老师，还是学到很多东西的
47714,118,赵丹丹,2017-02-21 03:21:14,-2,4,6,感觉有点水吧 如果没有一定基础的话真的学不到什么东西
47959,118,赵丹丹,2017-02-27 14:26:07,8,10,2,老师从不点名但她说看一眼就知道谁没来，但我real不信，事情贼鸡儿多，你要不是真爱舞蹈或者闲着蛋疼的人就不要选现代舞这课了，不然你会哭着回来发差评的。
50571,118,赵丹丹,2017-05-03 14:39:59,3,5,2,课程:现代舞蹈赏析\n\n整体感觉的话，老师很认真负责，而且真的很有活力，她的课堂会非常的有趣。\n\n会学习两个民族的舞蹈，最后需要考试，而且需要自己排一段舞;每个小组都要准备介绍一个民族。反正感觉自己是选了一节体育课。建议有一定舞蹈基础的同学，没有到基础的话，是需要花更多的时间的，而且在上课的时候会跟不上有一点点尴尬。是一门很好的课啦，老师棒棒哒~
52458,118,赵丹丹,2017-06-20 08:07:14,1,3,2,喜欢~
60045,118,赵丹丹,2017-10-08 11:53:23,-3,2,5,棒棒棒
60994,118,赵丹丹,2018-03-08 05:01:53,64,80,16,没有舞蹈基础和内向和肢体不协调的同学千万不要选！！！选了你会死的我给你说！！老师美丽而有活力，但我完全跟不上动作，一整节课大家在开心的跳舞，而我感觉自己像是河流中的一个漂浮着的垃圾袋一样被冲来冲去。怕拉低钧绩，于是宁愿一学期只有18学分也要退了课
61602,118,赵丹丹,2017-11-19 05:53:33,3,4,1,老师真的是年轻有活力！上课非常投入，知识很渊博，是真正热爱舞蹈的人！
61650,118,赵丹丹,2017-11-19 15:39:46,3,7,4,中国民族舞蹈赏析\n\n作为一个不怎么会跳舞的人，选老师的课刚开始可以说很害怕了，但开始学之后就逐渐能放开自我了。真的可以学到很多，从舞蹈到知识，非常非常棒。而且老师非常好，是真心喜欢这门课的内容的。本来我们的小组展示不太好，已经不太抱有能拿高分的期待了。但认真补救后居然还是拿到4.5还是很开心的。建议就是，一定要认真学，一定要认真完成展示。真的很喜欢老师和这门课，大爱老师!（不是因为分好才夸老师的）
61666,118,赵丹丹,2017-11-20 03:27:20,-3,2,5,特别有活力，对学生也很宽容
61706,118,赵丹丹,2017-11-20 07:53:30,1,3,2,要学两个舞，要准备小组展示还有期末的舞蹈测评，噢还有理论考试，只要自己认真一点，老师给分还是挺高的
61742,118,赵丹丹,2017-11-20 13:23:35,2,3,1,特别快乐！真的认真去跳就行，享受这个过程！\n\n作业及小组展示一定要认真，老师文化水平也很高很讲逻辑
61813,118,赵丹丹,2017-11-21 05:37:52,-3,2,5,肢体不协调的我平时跳舞也觉得挺累的但是老师很有活力很可爱啊！虽然跳的不大好给分还是挺不错的！
64376,118,赵丹丹,2017-12-23 05:18:08,-5,2,7,太赞了，上她的舞蹈课就是精神享受，可以放开跳舞，什么压力都可以暂时忘掉，成绩的话，用心就没问题
64453,118,赵丹丹,2017-12-24 04:46:27,2,4,2,老师人很好，只要做一次小组展示，和期末的舞蹈展示（都是平时课堂上教过的动作）。小组展示没怎么用心做，感觉很对不起老师。不过最后还是给了4.2。老师是真心想把舞蹈艺术传播开来。
64951,118,赵丹丹,2017-12-28 04:39:24,6,10,4,老师给分的标准我实在是摸不透，给分很垃圾啊，好像对留学生特别青睐？
64973,118,赵丹丹,2017-12-28 05:47:01,1,3,2,为丹姐打call
65621,118,赵丹丹,2018-01-07 13:08:57,4,4,0,没有舞蹈基础，不容易放开自己的人慎选。\n\n事情不少，需要花不少时间。老师人不错。
65889,118,赵丹丹,2018-01-10 02:58:22,15,19,4,这学期同时上了老师的民族舞蹈赏析和现代舞基础与创作。\n\n民族舞蹈赏析对于有舞蹈基础的同学而言是一门比较轻松的课，三个任务，一次小组展示，最后一节课舞蹈汇报展示，然后会让你发邮件回答三个问题。课上主要是学两支民族舞，老师通过民族舞向大家传递着保护中国传统文化的精神。这节课中途没有点过名。我认真对待了三个任务，满绩，但小组里没什么舞蹈基础的男生就不怎么样了。\n\n现代舞基础与创作这门课还是比较复杂的，首先你要放的开，然后你要不怕耽误时间，课后小组作业，编排舞蹈还是比较费劲的，但是喜欢舞蹈的人真的能学到很多东西。有一次在图书馆门外上课，人看着少的太多了老师就点名了。成绩还没出。\n\n老师真的很有激情和活力，有丢丢健忘，很可爱。
70670,118,赵丹丹,2018-01-27 10:50:09,1,2,1,老师很用心很用心人也很好但是内向放不开又不是真的很热爱舞蹈的不要选！三次作业都是自己编舞老师要求很高然后没有舞蹈基础就大脑空白最后的大作业音乐剪辑视频都是自己做不嫌事多热爱舞蹈就去吧我是比较煎熬and担心绩点（但是老师很棒
71158,118,赵丹丹,2018-01-28 05:11:30,4,7,3,上的民族舞蹈赏析，一点舞蹈基础也没有，小组编舞感觉也凉了，最后还有4.5，大概是写论文一样写理论题的原因，事情是真的很多，尤其是考试周前还要排舞，想水的慎选
71161,118,赵丹丹,2018-01-28 05:13:25,0,6,6,4.5。事多。尤其期末。
71827,118,赵丹丹,2018-01-29 04:02:21,-6,3,9,老师人很好啊，啥也不会 跳得也烂最后给分还不错呢
71992,118,赵丹丹,2018-01-29 07:34:22,14,18,4,无语...对零基础的小白非常不友好
74807,118,赵丹丹,2018-03-06 03:12:14,1,3,2,老师很可爱 给分超好 民族舞得了大一上最好的绩点 可惜课程冲突退了现代舞 希望下学期能上
78464,118,赵丹丹,2018-05-12 05:42:35,0,5,5,我是没有一点舞蹈基础的小白，但是真的很喜欢这门课。丹丹老师超级棒的，很有活力，但是我不觉得事情很多，比起一般的通识课，这门课算是水的了。期末的小组舞蹈真的跳的开心就好，期末的题目也只要答出自己的理解就好了。我没有满绩，但是真的很喜欢这门课。也很喜欢民族舞蹈，真的很有趣。
78577,118,赵丹丹,2018-05-17 07:28:53,16,20,4,对没有基础的同学十分不友好，老师的确是热爱舞蹈的，但是不会跳的同学千万不要乱选，否则后果很严重，通识课能的这么低的绩点我也是醉了。
80407,118,赵丹丹,2018-06-26 07:17:24,11,13,2,很无语，双标老师。
80413,118,赵丹丹,2018-06-26 08:31:53,9,12,3,真的醉了，最后的表演既没耐心又敷衍，对待有基础跳的好的同学和没基础的同学在期末表演上就不是一个态度。真的寒心，付出和收获不成正比。分数还没有出来，但就这个态度就让同学很失望。
80652,118,赵丹丹,2018-06-29 02:14:48,2,3,1,老师超放的开，而且超有活力人超好，本来比较拘谨的我然后最后面也放开各种骚操作了。遇见了一群炒鸡优秀的组员，现代舞合作十分愉快，虽然时间花的有点多，一学期29学分这门课真的应该值4学分了。你不仅会学到什么关于舞蹈的一些知识，和身体对于舞蹈的感悟，而且还会交到朋友，这是其他一些通识课所不能带给你的。
85598,118,赵丹丹,2018-07-20 10:11:02,13,16,3,学了那么久花了那么长时间，那么多精力，作业真的超级超级超级麻烦！没有舞蹈基础千万不要选！就是去给舞团的人当分母的，最后出成绩，结果拉了学年均绩0.03，还有什么好说的呢
103186,118,赵丹丹,2019-02-26 12:26:02,9,10,1,别拖课\n\n
104122,118,赵丹丹,2019-03-12 12:12:09,8,12,4,屁事多 废话多 每节课都拖课
104923,118,赵丹丹,2019-03-31 08:52:22,-3,4,7,丹丹老师就是女神，那么有活力，那么可爱。跟她上课能学到很多，更能感受到很多。\n\n
105257,118,赵丹丹,2019-04-08 14:44:53,1,2,1,迟交作业一分钟，丹丹老师说不算迟交！其实丹丹老师很热情的，不过的确有点舞蹈基础会更好
108143,118,赵丹丹,2019-05-15 15:45:30,-6,3,9,丹丹老师年轻有活力，真的太棒啦！上老师的课就是一种享受，给分也超好٩( 'ω' )و
108295,118,赵丹丹,2019-05-20 08:59:58,6,14,8,我去你妈的吧，事情多的跟你妈逼一样，小组分工我一个人做其他组三个人的事情，最后不满意我重新做完再交上去，熬了好几天，跳舞也在认真跳，至少自我感觉不再班里平均水平以下，小组编排也很有创意，最后考核我也没有失误，成绩不到80分，吃屎吧你。
113419,118,赵丹丹,2019-07-06 17:12:40,10,11,1,舞蹈没跳好真的很致命? ? 小组展示很认真参与也很多，期末理论题也很认真在写(这个给分大概有点玄学呜呜)。如果有跳舞基础的可以，但如果像我一样身体协调能力不行又学的慢的话。。就比较惨。。呜呜
114798,118,赵丹丹,2019-07-11 22:29:11,-4,4,8,丹姐我女神，没有之一
114808,118,赵丹丹,2019-07-12 00:05:11,19,21,2,不好意思…这个学期花时间比微积分还多，只有3.3…没舞蹈基础别去了吧…
115357,118,赵丹丹,2019-07-19 17:14:48,8,11,3,浪费时间
131530,118,赵丹丹,2021-01-28 02:29:09,4,6,2,舞蹈很难，学过跳舞还是觉得难，老师教的不细节，每节课都有新内容。理论作业觉得要五六千字才合理，辛辛苦苦上完课绩点还低。
131565,118,赵丹丹,2021-01-28 04:34:24,-1,3,4,u1s1，老师人很活泼也很漂亮，但是舞蹈课教动作实在是太快了！！！建议不擅长舞蹈的同学慎选。虽然舞蹈展示特别烂，可能小组展示和理论作业（1万+）好好完成了吧，最后绩点是4.5，还是要感谢老师。
134050,118,赵丹丹,2021-03-14 08:38:35,8,12,4,辛辛苦苦认真练舞，（除了课上，我们至少自己排了三次舞，每次大概3小时）\n\n勤勤恳恳万字论文，（期末论文三个部分，两个自己完成，一个小组合作，总字数破万）\n\n得分3.3呵呵一笑，（居然最后被正态了）\n\n均绩3.99找谁说理？（很多事情都卡在4.0，QAQ）
135880,118,赵丹丹,2021-06-01 01:01:31,3,5,2,老师真的很有激情，讲课时会手舞足蹈，但是跳舞不好的还是别选了……给分很差，而且你根本没法和专业舞团、街舞社那群人来比，不是一个境界的，最后的作品我也服气，他们确实花了很多时间，作品很完美，跳得也好，总之如果不在意成绩的话这门课还是挺有意思的，可以享受很多舞蹈表演还能去看演出，开眼界
137417,118,赵丹丹,2021-07-04 05:03:24,-12,2,14,真的不太行，给我搞挂了 ，也是因为自己没去上课吧，但…
139342,118,赵丹丹,2021-07-14 12:49:37,2,2,0,客观地讲一下现代舞：\n\n从内容上说，老师看重的是创作，不是舞姿有多么美妙，老师会讲创作的方法和要点，但个人认为这些不是学了就可以掌握的，是要有时间的投入，自己慢慢摸索才可以有感觉，而每周一节实践课其实并不是很有效。有舞台经验的同学会比较有优势，所以虽然老师看中创作这方面，但还是建议有一点舞蹈基础再选这门课。\n\n从时间和分数上看，首先我认为这门课花的时间偏多了，虽然是通核，但占掉这么多课外时间是有一点过分的，尤其是最后那段时间，两个星期排一支舞，只能加班加点赶，那时候接近考试周了，根本没时间复习别的科目。除此之外，期中的舞蹈电影要自己编舞、拍摄、剪辑，也很耗费时间。作为通识课并没有早结课，我到考大英前一天晚上还在上这门课。分数给得还算公正，只要平时认真学，期中期末作业还不错，给分就可以。总而言之，比较建议时间充裕和有一点舞台经验的同学选这门课。
139753,118,赵丹丹,2021-07-23 10:58:31,3,3,0,选的现代舞的课，不会跳舞但很喜欢选手A-觉得给分还可以，老师真的很好，觉得上这门课很值得。可以拍舞蹈电影，上台表演，真的很享受。缺点的话就是排练时间比较长
144872,118,赵丹丹,2021-12-25 10:42:38,2,2,0,tada 老师很友善 不过最好需要四肢协调一些的 教的挺快 如果有基础就会挺不错的
145605,118,赵丹丹,2021-12-30 13:12:27,0,7,7,不喜欢这个老师。不知道为什么老是挑我刺，好像看我不顺眼。小组作业怪我倒霉，其他两个跟不存在一样。我一个人编了好久还是不够好，老师不满意。我花了这么长时间看视频记笔记，结果不考。分还没出，但我已经差不多预料到结果了。这是一次不怎么美妙的体验。我在想我为什么要选这门课。
148972,118,赵丹丹,2022-01-14 05:26:42,4,6,2,客观评价：\n\n现代舞课本身更注重创作，虽然有舞蹈基础在技术表现上的确是会更好看，但舞蹈不仅仅是技术，编排和创意本身才是核心的东西。\n\n我在上这门课的时候，不管是期末还是期中的大作业都有小组水水敷衍而过，甚至排练都没几次就上台，平心而论是对舞台的不尊重和不负责。\n\n个人以为，可以没有很牛的技巧，但是在对待舞台的态度上认真，真心花了心思去做，展现出自己的想法，（大家都是浙大的学生，想法创意上还是很厉害的）就能拿到很满意的体验和绩点。\n\n丹丹老师本身也是非常可爱和专业的大姐姐，是真的真的非常热爱舞蹈，也是很用心地给每位同学打分。
149196,118,赵丹丹,2022-01-14 17:13:34,2,5,3,啊啊啊丹丹老师真的很有活力很美很热情！！！有舞蹈基础的真的可以来上课 又轻松又开心给分也好！！！！满绩呜呜呜是真的没想到！！！超级惊喜吹爆丹丹老师！！！
149212,118,赵丹丹,2022-01-14 23:11:18,-1,1,2,给分不好
150673,118,赵丹丹,2022-02-11 10:47:52,1,2,1,丹姐牛哇
153492,118,赵丹丹,2022-05-01 19:31:28,1,5,4,老师本人专业水平、知识水平都很高，但教学水平感觉很差。上过很多美育类课程，遇到的其他艺术老师都是以学生为中心，教给同学们能接受的知识，让大家有很强的参与感；但赵老师的课却感觉是完全以她为中心，极力灌输给学生她的价值观、目标和标准。
158441,118,赵丹丹,2022-06-29 09:31:04,1,5,4,没有舞蹈基础如果努力练习也能4.5，但这课确实需要投入很多时间，不过一学期玩的很开心
167687,118,赵丹丹,2023-01-18 09:53:17,1,1,0,现代舞理论基础与创作\n\n老师很有热情，看得出来是很热爱舞蹈的老师。我有过一点点舞蹈基础，但舞蹈功底比起其他同学来说真的比较差劲。前期认真学，最后期末大作业因为阳了所以就只好敷衍一点随便跳了一些。最后拿了4.2，我已经挺满意的啦。
167708,118,赵丹丹,2023-01-18 13:10:05,0,1,1,现代舞理论基础与创作4.5\n\n有一点点舞蹈基础，但是创作力实在不行……今年由于疫情，期末大作业变成了个人大作业，失去队友的我不能做一个只跳舞不思考的机器了（x）\n\n期末考试是线上开卷，本来以为能凭借期末考试把平均90的作业分再往上提一档，争取总评4.8，结果反而被期末考拖了后腿获得了89的总评QAQ，不过也算是在意料之中了，还挺满意的。\n\n但是丹姐啊，咱们理论课能不能不拖堂了呀orz
167858,118,赵丹丹,2023-01-19 14:07:11,1,2,1,现代舞，老师真的很鼓励去沟通！会鼓励我们把作业半成品给她看，然后给一些建议。有次问题比较多丹丹姐还给我发消息问方不方便打个电话，但是我没在看错过了（啊！！）然后丹丹姐发语音讲给我了，好用心(´▽｀) 期末大作业也是，两个周的过程汇报课之外的时间问问题也会耐心回答\n\n放得开就来选！虽然我不大放得开（哭）可以锻炼放得开的能力
169014,118,赵丹丹,2023-02-24 03:54:17,1,1,0,老师很负责认真，上课挺好玩有趣的，每次上课都是一种放松和享受
176864,118,赵丹丹,2023-06-30 12:50:21,1,1,0,一点民族舞基础都没有，理论考试也是全凭感觉，本来没抱希望，但是最后给分出乎意料的好，丹姐上课也特别有活力有意思！！
177954,118,赵丹丹,2023-07-05 17:53:22,0,1,1,emmm，怎么说呢，课还可以，给分比较玄，老师努力营造很公正对待每一位同学的样子，但实际上是有自己的偏见的
189355,118,赵丹丹,2024-01-23 11:09:59,0,2,2,一直很想客观评价一下现代舞理论与实践这门课和赵丹丹老师\n\n老师特别激情四射，也看得出很有舞蹈功底热爱舞蹈，但是这门课我感觉重点在于教授理论，而实践课上老师只是带我们入门，不会叫多少舞蹈动作和舞段，基本上都在自编自导。\n\n平时相比于其他的通核课，事情真的不多，期中有一个环境舞蹈的作业，但是到了期末事情真的超级无敌多。要在几周很短的时间内排出一个完整的舞台作品，而且老师有类似于小考的来检查进度，老师要求非常非常的严格，几乎把我们当时的作品批评的一无是处，是这样的，老师说的话听起来是不太好听的，当然老师人不错。\n\n我看到朵朵上有人说期末抱大腿就好，但在我看来我们组每个人都花了非常非常多的时间在排练，一练就练一整个晚上，周末也是一直在排练，我在那段时间非常累非常崩溃，这个真的无论在身体上还是心理上都要付出非常多的精力，我算是有舞蹈基础的，最终我们的作品也呈现的不错，因此最后取得的分数也不错\n\n但是一定要谨慎考虑！一定要考虑自己的舞蹈基础！
196198,118,赵丹丹,2024-07-02 06:53:55,4,4,0,现代舞，比线代五还难，对于零基础的同学真的太痛苦了，不堪回首，但也算是独特经历吧。因为确实基础差，给分也不算太好。
198289,118,赵丹丹,2024-09-06 06:41:18,6,6,0,爱丹姐……活泼的洋溢的！能上到现代舞理论与实践这样的课太难得了，玩得特别开心，很喜欢每次课前放的各种作品，对“舞”的认知被颠覆了……谢谢丹丹把这样的世界带给我们！
210752,118,赵丹丹,2025-01-10 02:01:04,0,3,3,慎选，慎选，慎选，给分一坨。除非真的很会跳舞，不然慎选。本人只有一点舞蹈基础，每节课也都有听，平时舞蹈训练也有好好参加。这门课的平时作业甚至要你周末专门和小组成员抽时间出来拍，平时花的时间相当多，期末作业更是占用一大堆复习时间。这分数感觉对不起我花的时间。
210794,118,赵丹丹,2025-01-10 03:11:36,-2,1,3,事多分低，一点不捞
211031,118,赵丹丹,2025-01-10 11:12:28,1,1,0,这学期上的是民族舞蹈理论与实践。没有舞蹈基础，想着好歹是门美育就硬这头皮去上了，当时看了下查老师评论感觉心如死灰，本来已经做好被绩杀的准备，但最后还算可以，87，4.2可以参考一下。一周理论课一周实践课：理论课本人没听过，对期末理论考试基本没有影响，毕竟最后老师允许上网查阅资料。理论考试还有一个家乡舞蹈研究，理论上也可以借助ai来辅助完成。另一周是实践课，老师这个学期教了两个舞蹈，最后以小组形式拍舞蹈视频，但是每个人单独给分。确实跳的不是很好吧，百分之三十的占比只有82，或许有舞蹈基础会好很多。其他的还有一次小组展示，做点ppt什么的就可以上去了，分数也还可以。总的来说这个课因人而异吧，特别需要美育的可以冲，希望分高事少并且无舞蹈基础的还是慎重
211032,118,赵丹丹,2025-01-10 11:12:29,1,1,0,这学期上的是民族舞蹈理论与实践。没有舞蹈基础，想着好歹是门美育就硬这头皮去上了，当时看了下查老师评论感觉心如死灰，本来已经做好被绩杀的准备，但最后还算可以，87，4.2可以参考一下。一周理论课一周实践课：理论课本人没听过，对期末理论考试基本没有影响，毕竟最后老师允许上网查阅资料。理论考试还有一个家乡舞蹈研究，理论上也可以借助ai来辅助完成。另一周是实践课，老师这个学期教了两个舞蹈，最后以小组形式拍舞蹈视频，但是每个人单独给分。确实跳的不是很好吧，百分之三十的占比只有82，或许有舞蹈基础会好很多。其他的还有一次小组展示，做点ppt什么的就可以上去了，分数也还可以。总的来说这个课因人而异吧，特别需要美育的可以冲，希望分高事少并且无舞蹈基础的还是慎重
212090,118,赵丹丹,2025-01-13 07:20:20,0,1,1,只点一次名。但这不是最重要的。\n\n我是一个完全没有舞蹈基础的i人，但是你在看完一个作品上完一次次实践课之后，你真的会感觉到自己身体上的枷锁被释放了，听到音乐的时候会忍不住要抬起手与脚，随着节拍律动。\n\n我想这是现代舞的真谛，也是老师上课的初衷(≧ｗ≦)
212165,118,赵丹丹,2025-01-13 09:48:47,4,4,0,现代舞理论基础与创作 分数构成：平时成绩 35% + 期中成绩 25% + 期末考试 40%\n\n平时的课程内容，通识核心嘛，每周会有两次课，一次理论，一次实践。理论课就是讲理论，穿插播放一些舞蹈作品，赵老师会边放边进行讲解。实践课的话就是跳舞了，教一些动作自己体验；也会有一些比较有意思的环节。\n\n平时成绩是智慧树 20% + 课后作业 15%。智慧树可以看，不想看也可以开脚本刷；但不要想着一天刷完，这玩意儿会看有效天数的，得多刷几天。课后作业的话都比较轻松，譬如写一个小心得之类的，大部分在课上就完成了。\n\n期中成绩是舞蹈影像 + 环境舞蹈。舞蹈影像这一块需要小组自行编创并剪辑 3min+ 的一个舞蹈影像作品，需要巨量原本属于自己的时间来小组进行录制编创。环境舞蹈的话今年是专门有整一节实践课给大家自己编创录制，动作快一点还是比较轻松的，不占时间。\n\n期末成绩是舞蹈剧场 30% + 课堂测试 10%。舞蹈剧场这一块，是小组自行编创一个舞蹈作品并在舞台上进行表演；这个也是需要占用巨量时间的进行排练的，而且此时临近考试周了，是占用你复习的时间。课堂测试的话，据说往年是在教室闭卷考试，运用赵老师平时讲的理论知识来赏析舞蹈作品，于是考试需要看一遍课件加上刷一遍智慧树；但这学期改成在学在浙大上自己挑一个时间开卷完成了，于是就轻松很多。\n\n回头来看的话，还是很感谢赵丹丹老师和赵老师开的这门课给我带来的独特的体验；如果不是这门课的话，我大概终其一生不会有什么契机得以一窥现代舞的世界的。\n\n关于选课的建议：我觉得舞蹈零基础也是完全可以选的，感兴趣就可以选。对自己的时间有自信的话也可以选；如果比较缺时间（尤其是和我一样平时硬课不怎么学的期末补天人）就还是不要选了，至少还是不急着在大一选吧，要换校区走投无路了再说。\n\n88/4.2 供参考。
212971,118,赵丹丹,2025-01-15 11:13:11,0,0,0,只点过两次名，建议有舞蹈基础的同学选，事情比较多，期中前有一个1分钟左右的编舞视频，期中有一个制作类似mv的舞蹈视频，需要自己拍摄运镜剪辑，期末大作业是编舞在小剧场现场演出。如果能组到一个积极度高的小组就会很有体验感很有趣，个人还是挺推荐的！
218510,118,赵丹丹,2025-04-24 05:40:50,1,1,0,楼上说到内向的劝退，没有舞蹈基础的劝退，但我认为不是这个逻辑；我没有舞蹈基础，工科的不爱讲话的男生，最后拿了4.5；老师上课讲过，这个舞蹈是要解码的，你用一种没有编码解码过的思维看待舞蹈很容易陷入一种依靠外向、肢体发疯、内向不适合的思维；但舞蹈是一门语言，要编码解码，很多内向的人跳舞也能跳得很好。我本人平时喜欢看EXO，跳舞时想象着自己是帅气的韩流明星，勇敢地跳了出来；但主要是老师教的舞蹈语汇不够多，感觉十几节课下来动作比较单一，也想不出更多的动作。
7523,169,季守祥,2015-09-15 01:50:48,2,5,3,老师很好也很耐心
7583,169,季守祥,2015-09-15 05:51:29,1,6,5,人很凶…没什么耐性 运动神经不好的还是算了别选 分给的很低
9516,169,季守祥,2015-10-29 06:25:25,61,73,12,是他学生上的，这里我是给他学生虞松坤打分。幽默风趣有很关心学生的大哥哥～
11931,169,季守祥,2015-12-21 10:53:43,26,30,4,这是虞松坤老师的课，我给虞老师打分，超赞的老师
12343,169,季守祥,2015-12-23 04:14:41,23,28,5,是他的学生虞松坤上的，超棒。
13237,169,季守祥,2015-12-25 11:07:23,0,2,2,平均绩点偏低
13464,169,季守祥,2015-12-28 07:02:20,7,10,3,非常好，自己不努力T_T
14450,169,季守祥,2016-01-07 06:49:21,20,22,2,是给虞松坤老师打分的喔～上课很赞，而且关心学生～教的也好哒～
15142,169,季守祥,2016-01-18 05:07:51,1,4,3,老师略凶！成绩偏低，当然跟自己的体测不好也有很大的关系
16415,169,季守祥,2017-06-07 02:31:14,6,8,2,给分不太好 比较凶
16427,169,季守祥,2016-01-18 05:24:14,11,16,5,这个老师退休了，换成虞松坤老师教的，老师超棒的，很耐心，人也好帅气嘻嘻嘻
16436,169,季守祥,2016-01-18 05:43:55,3,8,5,给分好低。。。
18974,169,季守祥,2016-01-23 01:34:31,1,1,0,老师不错 就是我的分数不怎么样 呜呜\n\n
22377,169,季守祥,2016-03-04 03:42:08,3,9,6,体育给了我2.7。我就呵呵了
25898,169,季守祥,2016-06-14 01:04:02,12,14,2,我来给虞松坤老师评分！坤哥炒鸡炒鸡棒啊啊啊啊！讲得好人又有趣还爱学生！
25946,169,季守祥,2016-06-14 13:37:45,8,10,2,10分给坤哥！季老师要退休了，有些班是虞松坤老师带的，坤哥人很好的，而且很关心学生*^o^*
26061,169,季守祥,2016-06-15 09:25:29,3,3,0,老师人很好，初级班学习，对墙打根本过不了，浓浓师生情让我及格了，还说我心肺功能不好推荐我去学游泳
26211,169,季守祥,2016-06-16 08:55:51,2,2,0,上课风格比较自由 教的非常专业非常好
27202,169,季守祥,2016-06-23 13:24:23,1,2,1,虞松坤老师人超级好，讲课很细心，后面几周每天都有去练网球，终于可以打35个了
28996,169,季守祥,2016-06-29 05:35:54,3,6,3,真的要给这个老师差评 上学期是他的学生带的 虞松坤 坤哥很好 可是我这学期的每项都比上学期高 但总评竟然是一样的 十分无语
31737,169,季守祥,2016-07-04 16:03:11,0,1,1,这个学期是本人上的，中规中矩
31919,169,季守祥,2016-07-05 07:04:41,2,2,0,给坤哥十分，人生第一个满绩。
38893,169,季守祥,2017-01-17 14:57:26,1,1,0,超级棒，女子防身术！
39252,169,季守祥,2016-12-22 00:31:04,8,11,3,给他的学生虞松坤评价:\n\n一个词，完美。\n\n无论是给分还是教学质量还是人格魅力还是通情达理…\n\n真的完美无缺啊！！！\n\n人长得帅性格阳光专业素养过硬能和同学打成一片体测给特殊关怀…\n\n完美！完美！完美！
39460,169,季守祥,2016-12-23 02:12:50,2,2,0,很棒棒\n\n
43092,169,季守祥,2017-01-15 16:16:26,2,2,0,一般，老师很好，网球???很不错，我不会打，绩点低，没办法了，还是不错的。
43212,169,季守祥,2017-01-16 03:42:28,5,7,2,给男神老师虞松坤打满分！选了他两次课，两次都是满绩！超级帅气，超级温暖，给学生如沐春风般的感觉，很能体谅学生，大暖男！在浙大遇到过的最好的老师！！
43358,169,季守祥,2017-01-16 07:40:28,11,12,1,看来碰到了坤哥大军
44681,169,季守祥,2017-01-18 06:11:52,1,2,1,我是来表白他的学生虞松坤老师的，又帅又温柔又幽默的超级好老师！！真的大爱！最后给分超级棒！
44931,169,季守祥,2017-01-18 14:21:00,1,5,4,给虞老师打分：\n\n一句话讲，虞老师的课绝对值得选！只要态度认真，老师会帮你拿到高分的。虞老师人很好，就像大哥哥一样。我比较胖，所以十二分钟八百米之类的跑不快，但是我期末还是满绩哦！真的很感谢虞老师！
47301,169,季守祥,2017-01-25 07:07:54,0,1,1,给分看能力也看运气了，不过老师是很棒，对体测差的学生很好，对体质好的也很关心，像我这种体质中等表现中等的就成了绩点分母了……
48219,169,季守祥,2017-03-01 09:27:26,0,2,2,老师授课时间短，大部分时间自己打(捡)球。一般般吧。好的地方是最终成绩的详细组成都在群里列出来了，十分客观公正，不会出现所谓乱给分的情况。
48352,169,季守祥,2017-03-02 08:35:24,0,1,1,不错的
51743,169,季守祥,2017-06-09 02:58:23,0,1,1,非常好。连续选了两次初级班。平时好好练习的话分会很好。坤哥特别亲切。\n\n
55995,169,季守祥,2017-07-03 01:34:43,0,1,1,非常棒
56005,169,季守祥,2017-07-03 01:58:43,0,2,2,10分给坤哥！
56442,169,季守祥,2017-07-04 00:12:31,-1,6,7,这位虞松坤老师我也是呵呵了，好好的98，97硬生生降到94，还说不知道94和95有差，而且我问过了，遇到这种事的不止我一个，但某人就说成绩已经登了，改不了了，我就呵呵了，我辛辛苦苦拿个满绩容易吗，还说什么94的同学要求不要太高，呵呵
57316,169,季守祥,2017-07-06 14:48:19,-2,3,5,评虞松坤：上前几节课还好，后面就很水。最头疼的是老师不提前把今天的事安排好，还经常出现上课十分钟前还不知道在哪上课的现象。后期脾气莫名其妙地不好。期末感觉很低，专项满了，其他基本在全班平均以上结果却只有88.在群里想要查成绩也被无视，或者直接敷衍，感觉在这方面不负责任。怀疑老师乱给分，慎选。
64804,169,季守祥,2017-12-27 07:49:34,0,0,0,评虞松坤老师啊啊啊人超级无敌好长得帅对学生也很好很耐心超级喜欢啊啊啊啊
65322,169,季守祥,2018-01-03 03:45:12,0,0,0,只有深深的感动，很好的老师
65408,169,季守祥,2018-01-03 16:51:05,0,0,0,虞松坤！男神！长得好看，气质不错，性格超好，非常关心学生！炒鸡喜欢的老师！
65575,169,季守祥,2018-01-06 12:30:44,0,0,0,温柔的老师。网球课受益匪浅
68679,169,季守祥,2018-01-23 15:11:59,0,0,0,虞老师真的太好了！！！！超级nice！祝老师早点拿到教师资格证哦！到时候去虞老师下面继续打call~
68693,169,季守祥,2018-01-23 15:32:15,0,0,0,超级有耐心，给分超好，良心，12分钟和仰卧起坐都会有优惠，所以轻松满了
68909,169,季守祥,2018-01-24 05:49:22,0,1,1,老师人很好
74836,169,季守祥,2018-03-06 05:29:54,3,3,0,脾气不太好。。。。。。
74985,169,季守祥,2018-03-07 02:11:22,0,1,1,有点凶 但老师很好\n\n
79757,169,季守祥,2018-06-13 09:34:23,6,14,8,这个老师还没退休！就是他本人上的！感觉不是很负责任，女生慎选吧，选他的网球是我最后悔的一次体育课
80320,169,季守祥,2018-06-25 06:14:17,0,2,2,10%的动作分就一两个给60以上的
81382,169,季守祥,2018-07-05 03:04:31,1,3,2,专项考试有点严……
87564,169,季守祥,2018-10-07 01:04:57,2,3,1,建了微信群从来不回答问题。连上课都不知道在哪。
88089,169,季守祥,2018-10-22 04:59:20,0,0,0,请问这节课在哪里上啊
93192,169,季守祥,2019-01-08 05:40:29,4,4,0,因为要求严所以进步的会快一些，学到的东西也更多。\n\n也因为要求严所以平时有点凶，仰卧起坐会放点水，12分钟跑不怎么水，期末考试要求也挺严的（相比于其他老师来说）\n\n\n\n看个人选择了～
107640,169,季守祥,2019-05-08 02:15:54,2,3,1,只有我一个人觉得老师很像北野武吗？？
109308,169,季守祥,2019-06-13 04:20:44,4,4,0,最后悔的体育课
109551,169,季守祥,2019-06-17 02:36:57,1,1,0,还行吧，就是老师很凶，主要靠自己
111509,169,季守祥,2019-07-01 23:58:19,3,3,0,专项体验不佳……
113263,169,季守祥,2019-07-06 03:14:06,2,6,4,我是没退休的老师上的，选过的最差老师，上课非常凶，自带优越感，给分非常不好。并且，你期末分数能给我登错了，出了分在群里问老师怎么办，老师根本不鸟，怎么会有这种老师啊…
117738,169,季守祥,2019-09-30 04:46:00,-9,4,13,sm玩意儿，lbsddx
120814,169,季守祥,2020-01-17 12:24:56,2,2,0,还是季老师上课，老师上课很有经验
123581,169,季守祥,2020-06-10 08:17:07,2,3,1,网课不知道为什么是蒋老师上得...
129333,169,季守祥,2021-01-04 08:40:44,-7,4,11,初级班真不错，适合炸鱼，哈哈哈，期末考很很容易，基本上都是满分
130197,169,季守祥,2021-01-19 02:32:29,-1,4,5,轻松满绩～
130384,169,季守祥,2021-01-21 13:52:47,1,1,0,网球初级班，老师感觉很专业，教的很好，很认真负责
131352,169,季守祥,2021-01-27 07:13:34,3,4,1,老师虽然严肃了一点，有时候凶了一点，但是技术过硬，还会拓展很多和考试无关的技能，考试也很简单，不过给我的动作分给的好低。。。可能是我太菜了，总之还是推荐选的
133859,169,季守祥,2021-03-08 10:13:59,0,1,1,老师第一节课看起来很凶，但其实人还是很好哒，是滴，我也觉得他像北野武😝
149068,169,季守祥,2022-01-14 09:34:31,0,0,0,无语子
154351,169,季守祥,2022-05-30 17:12:29,0,0,0,脾气太差
154673,169,季守祥,2022-06-03 06:45:42,1,1,0,。。。
154736,169,季守祥,2022-06-04 11:57:16,0,0,0,是吴奇老师代课的，上课挺水的，但老师的测评都很严格，平时挺好玩，就是期末考试有点考验发挥和技术
163067,169,季守祥,2022-12-07 04:57:58,0,0,0,网球课是外边老师带的\n\n老师人挺好的，也很专业\n\n就是暴露了自己学过但打得不好的技术总是被cue
1301,194,陈列,2015-03-21 18:15:27,41,66,25,钢琴真的是信手拈来，女神又是逗比。
4961,194,陈列,2015-07-01 14:39:24,20,37,17,人又漂亮课又好！老师课上会演奏哦～
5486,194,陈列,2015-07-08 02:29:37,0,10,10,课堂很有趣的，给分嘛尽人事从天命（反正我把该做的都做了分数就还不错）
6231,194,陈列,2015-07-12 07:41:53,11,40,29,上课生动有趣时而逗比，专业知识钢琴演奏水平都没话说！给分的话，她布置的作业不多，只要按要求完成，分数都不会让你失望的～
7596,194,陈列,2015-09-15 06:21:03,0,8,8,简直女神，强烈推荐
7665,194,陈列,2015-09-15 07:52:57,-3,9,12,一堂课变脑残粉
9629,194,陈列,2015-11-03 10:34:08,0,7,7,很好的老师~
10000,194,陈列,2015-11-14 06:36:42,1,9,8,上课有意思\n\n音乐、影片、动画、亲自弹钢琴……\n\n人又好，简直女神\n\n作业还少，听辨认真听其实很简单
10070,194,陈列,2015-11-15 10:54:28,0,8,8,老师讲得好，又会钢琴，学到的东西有很多。拿分只要认真就不会低。
10089,194,陈列,2015-11-15 15:06:48,14,26,12,推荐喜爱西方音乐的人去，挺好的
10093,194,陈列,2015-11-15 15:39:09,0,10,10,会有现场表演，拿谱就上，约翰霍普金斯大学的钢琴博士，水平没话说，给分也不错
10097,194,陈列,2015-11-16 00:22:55,-13,7,20,论文记得用英文写 拉高均绩妥妥的
10107,194,陈列,2015-11-16 08:25:26,0,7,7,老师真的非常可爱，声音很好听～这次课给每个人都准备了小礼物。嗯，然后老师对于论文的要求也没有那么严格。
10120,194,陈列,2015-11-16 10:50:51,0,7,7,老师人超好！\n\n
10122,194,陈列,2015-11-16 11:44:14,0,8,8,讲的好 分数还可以
10300,194,陈列,2015-11-18 03:28:08,-2,5,7,老师很漂亮也很温柔，只要完成任务分就不会低。
10522,194,陈列,2019-11-26 05:24:10,17,67,50,马勒戈壁，不知道怎么评分的
10689,194,陈列,2015-11-22 11:53:04,-2,7,9,超级棒的老师，女神老师，还从来不点名，棒棒哒！
10776,194,陈列,2015-11-23 05:03:58,54,138,84,说真的老师人是很好课也有趣作业也不多，所以我也认真完成认真听辩认真写论文了啊！但是最后给了我一个3.2是几个意思。我发誓没翘过课没敷衍作业听辩两次也只错了一个
10785,194,陈列,2015-11-23 05:16:48,1,15,14,超级棒！课上内容很丰富，老师讲得很生动，还会讲很多她在国外的趣事。认真听课可以收获很多。当然不听老师也不会来管你，很自由。给分很好～
11187,194,陈列,2015-11-25 05:57:59,12,37,25,感觉还是可以的 ，但是给分实在不太懂...建议展示课尽量要上
11287,194,陈列,2015-11-26 09:07:31,0,8,8,超喜欢陈列老师～
12101,194,陈列,2015-12-22 00:21:20,1,7,6,唔，老师人不错。只要听辩全对论文好好写分就还可以。
12111,194,陈列,2015-12-22 00:55:46,26,48,22,老师特别棒。。。然而不懂分是怎么打出来的
12280,194,陈列,2015-12-22 23:55:31,5,15,10,老师真的很厉害，而且脾气很好，很亲切，建议选！
12693,194,陈列,2015-12-24 02:08:21,0,7,7,挺好的老师，对想认识古典音乐的人来说绝对有干货，听辨好好准备展示积极报名论文大胆狂侃，分数不会差  ps现在我已掌握了辨识生活中出现的古典乐的装逼技能
13058,194,陈列,2015-12-24 16:17:38,38,62,24,没有音乐感觉的孩子还是别选的好，学长就是被正态的那个
13730,194,陈列,2015-12-30 12:21:27,7,19,12,我没基础，视唱练耳难哭……发现班上80％要么会乐器要么文琴……剩下20％没基础的要么认真花时间要么等哭吧……建议学业重不要选，喜欢就旁听。能学很多23333
13893,194,陈列,2016-01-02 03:39:12,0,9,9,不知道该怎么说吧，认真听辩写论文还是有回报的。至少我同学两个4.8，一个5.0。
15192,194,陈列,2016-01-12 13:59:53,1,7,6,老师好漂亮好萌又很幽默的，特别喜欢她，跟我高中女神超级像而且钢琴还弹得飞起啊，女神啊兄弟们，给发不会不满意的。
15290,194,陈列,2016-01-13 11:07:53,-4,4,8,给分给的莫名其妙，，，，，，，我对音乐没兴趣，早知道不选了，，，，，妈个鸡
15876,194,陈列,2017-06-10 02:43:41,12,25,13,真的不知道分数是怎么给的
16328,194,陈列,2016-01-18 06:46:49,0,2,2,美女老师，上课也就是去放松的，作业不多好好做就行，一手好钢琴锦上添花！
16478,194,陈列,2016-01-18 07:33:01,-4,8,12,课有趣，给分好。旷了那么2、3堂，展示课也没去，只是听辨都写对了，论文讲真的我也没太好好写。最后给了4.5。我觉得关键是要把听辨写好，音乐选自哪里最好都写上
16507,194,陈列,2016-01-18 09:18:56,0,3,3,女神！听课真的是享受 如果不是这门课特别好 秋冬学期大晚上肯定就翘掉了。考试也特别简单。
16564,194,陈列,2016-01-18 11:29:14,2,13,11,强推这门课!我做的很少，没有展示，论文文笔不好，应该也不会出众。只是把听辨做了全对（真不难）。老师人好水平极高，还有礼物，通识课就该上这样的啊!
16641,194,陈列,2016-01-18 14:59:10,9,24,15,我觉得听测大家基本应该都满分吧这也拉不开 要么就是展示有加分 然后论文可能老师的评判标准和你自己想的有差吧 也别都冲着给分来啊 我没展示最后4.2也就这样吧
16650,194,陈列,2016-01-18 15:29:30,0,4,4,女神  给分不坑啊
16688,194,陈列,2016-01-18 19:04:16,0,2,2,挺好的，论文要好好写
16742,194,陈列,2016-01-19 01:35:35,0,3,3,一个短学期的课，每节内容都非常丰富，同学们的课堂展示，老师都会给一个小奖励。这本身也不是一门水课，要想获得比较高的分数，自己还是要比别人努力一点的。
16743,194,陈列,2016-01-19 01:35:52,0,3,3,老师还不错，钢琴技术绝对牛，课上的也很好。给分也还可以，听辨靠努力，论文可能要随缘了。
16754,194,陈列,2016-01-19 02:08:08,0,5,5,课非常有趣。认真完成任务绩点不会低
16770,194,陈列,2016-01-19 02:46:09,0,3,3,虽然女神但是讲话风格很接地气也很有趣好吗！特别喜欢这门课，能对古典音乐入点门还能听老师弹琴～
16813,194,陈列,2016-01-19 04:24:09,8,28,20,绩点只有3.3，这老师也是醉了，给发超差。呵呵哒，不如不选。
16815,194,陈列,2016-01-19 04:24:33,7,25,18,呵呵，给分差，呵呵呵呵
16825,194,陈列,2016-01-19 04:44:14,0,3,3,很好的老师啊，讲的很有知识，给分也很棒!
16861,194,陈列,2016-01-19 05:57:40,8,12,4,交作业就是点名啊 还有给分不知道是怎样竟然这么低 课堂展示了会好点的 那个论文真是 只能说一定要按她要求来(包括主题) 没什么好自由发挥的
17190,194,陈列,2016-01-20 00:45:51,2,5,3,女神，谁听谁知道
18012,194,陈列,2016-01-21 05:58:15,12,24,12,平时讲课还可以，但是最后的给分不太公道，略坑。
18237,194,陈列,2016-01-21 10:18:24,16,25,9,如果不在意成绩的话，还是值得选的~
19284,194,陈列,2016-01-23 21:59:30,-2,2,4,呃上完课看个电视剧都一直听到许多课上听过的曲子。给分还行，反正我是没有被正态啦我也没展示
19388,194,陈列,2016-01-24 05:01:58,11,18,7,老师很好，但给分。。。每次课都去听辩全对，签到都签了，论文也认真写了，结果被正态了
20747,194,陈列,2016-01-31 02:18:30,-2,11,13,课听了，听辨也没有错，论文是认认真真写的，分很低。老师喜欢西洋人的东西，我不喜欢这种人，我的论文不和她口味也很正常。总之是分低我认了，但我讨厌这个老师。
21305,194,陈列,2016-02-28 03:29:09,0,2,2,不好听
21546,194,陈列,2016-02-29 06:54:37,-2,0,2,我不知道啊
21807,194,陈列,2016-12-21 06:42:31,75,98,23,老师，做我女朋友吧
22021,194,陈列,2016-03-08 03:12:21,4,11,7,上课简直是享受，管什么分。做人最重要的是开心。
22357,194,陈列,2016-03-04 02:04:42,2,3,1,乐史，钢琴喜欢的都在了。而且还有现场演奏！！！就是给分不是太好，但是还是觉得一点都不后悔。
22883,194,陈列,2016-03-14 05:47:15,-1,0,1,试唱练耳好好好
23227,194,陈列,2016-03-22 06:30:38,0,1,1,很有趣。课上很有内容的
24031,194,陈列,2016-04-25 15:44:34,0,4,4,西方音乐简史给分不懂，听辩都写出来了。3.6
24117,194,陈列,2016-04-27 13:27:20,0,0,0,老师棒棒的！
24119,194,陈列,2016-04-27 13:58:50,22,31,9,听老师上课特别享受，很有趣，上课几乎不想串门写作业，听宗教音乐很陶冶性情，老师弹琴也弹的特别棒，给分还可以，我没展示最后分数也很好，建议同学们听辨的时候一定要写全，出处第几乐章最好都要写出来，小论文一定要有自己的看法。总之上完老师的课感受就是，还想再上一个学期的，大爱啊。
24128,194,陈列,2016-04-27 15:24:20,-2,4,6,听说老师很好，上课时我也这样觉得，于是每次上课都坐第一排，每次听辩测试都花仔细的时间去准备，甚至去默写，当然基本没错，虽然没有考试，但是听课时依然会认真的记笔记，毕竟想学一点知识，听同学说期末论文用英文写会拿高分，于是我也这样去做了，但我左顾右盼着期末成绩时，3.3！我真的崩溃了，通识老师还有这样的？！
24136,194,陈列,2016-04-28 00:12:40,2,2,0,超级有意思的课，非常适合喜欢音乐的同学们～
24141,194,陈列,2016-04-28 00:40:52,-1,3,4,完全不知道怎么给分的，听测只有第一次错了2个，论文认真写给分这么低，简直了
24144,194,陈列,2016-04-28 00:56:01,3,6,3,给分超谜 慎选！！不要被课程均ji欺骗了
24148,194,陈列,2016-04-28 01:14:11,-1,1,2,老师很好啊，会愿意和我们分享一些音乐和留学的有趣经历，至于给分，我没有参加展示，但每节课都是在用心上，4.2
24156,194,陈列,2016-04-28 02:13:22,0,2,2,老师人很好，讲课很生动，不过成绩真跟花时间程度相关，我报了展示，两次听辩都满分，论文用英文认真写的，最后4.5也还可以
24164,194,陈列,2016-04-28 03:07:23,0,2,2,讲课超级棒，人美又有才华，简直女神。而且，给分不差啊
24172,194,陈列,2016-04-28 04:41:01,11,14,3,说真的，给分真是搞不懂，是个坑，就看运气的
24173,194,陈列,2016-04-28 04:49:44,-2,1,3,\n\n\n\n听辨写全很重要
24207,194,陈列,2016-04-28 09:57:11,5,10,5,我没展示，最后4.5。老师上课挺有意思的，也可以做自己的事，听辩好好准备，论文认真写，感觉给分没那么差。（也可能是我运气好）
24209,194,陈列,2016-04-28 10:08:52,6,9,3,不知道最后这个分是怎么给的。。。抽签抽的？
24276,194,陈列,2016-04-29 04:52:06,3,9,6,两次听辨测试很简单呢，然后有一次课堂展示，没有展示也得了4.5，平时上课超级水，想听的能学到知识，不想听的睡觉干自己的都行，测试会给出音乐，自己回去听就行
24314,194,陈列,2016-04-29 10:14:20,0,3,3,绝对女神(^O^)／
24352,194,陈列,2016-04-29 23:21:38,8,13,5,听辨挺好的，两次加起来只错一个，展示也参加了，还给了我奖品，论文也按照要求，最后3.4，呵呵
24399,194,陈列,2016-04-30 11:30:07,6,9,3,认真完成了任务，才给3.3，不知怎么评的
24560,194,陈列,2016-05-01 16:38:18,0,4,4,上课是一种享受，给分也很好
25564,194,陈列,2016-05-25 12:28:15,0,2,2,女神老师
26238,194,陈列,2016-06-16 10:57:14,0,2,2,老师很好，对西方音乐娓娓道来，因为她成为巴赫脑残粉～给分很迷不过收获很多!
26409,194,陈列,2016-07-08 09:28:43,0,2,2,有音感的分数会高一些，老师人不错
26593,194,陈列,2016-06-20 09:07:14,0,2,2,好好好
26826,194,陈列,2016-06-21 08:16:28,0,2,2,没展示，最后4.0，老师简直女神，钢琴弹得行云流水，上课的音乐也很好听
26833,194,陈列,2016-06-21 08:39:06,0,2,2,我觉得老师很好，专业知识很过硬，每节课都很开心，至于很多人埋怨的给分，反正我是90+所以也不要顾虑太多
26921,194,陈列,2016-06-21 15:16:15,2,5,3,乱给分的老师……慎选
26980,194,陈列,2016-06-22 03:52:06,1,2,1,老师是真的很赞，我认识的很多人都冲着老师选的课，建议对古典音乐有兴趣的一定不能错过！至于给分，其实也还好吧，毕竟有教务网的正态要求。鉴于老师专业知识太厉害，论文里有些常识性错误的话分就会低一些，听辨大家应该都差不多的吧，有很多满分的同学，错一两个不也是算错的多的了吗？
27108,194,陈列,2016-06-23 02:45:15,4,6,2,我上的是陈老师的视唱练耳，最后得了96，想对大家提示一点:视唱练耳不是歌唱艺术，更偏向于音乐理论，是音乐里比较严谨的一块内容。也需要对乐理有兴趣，钢琴吉他等和声乐器最好会一样听课才比较容易有收获，不然容易蒙蔽的。
27354,194,陈列,2016-06-25 06:20:36,0,1,1,课很棒啊，可以收获蛮多西方音乐知识，而且事也超少，两次听辨，稍微准备一下就没问题；期末小论文有字数上限，看一个视频，感觉跟写一篇感想差不多。最后给分也不错，推荐选通识！
28249,194,陈列,2016-06-28 08:21:17,0,0,0,对于喜欢音乐的人来说是个好选择
29516,194,陈列,2016-06-30 02:09:46,0,0,0,给分成谜，听辩错了一个，一次点名也到了，尴尬，老师还不错。
29524,194,陈列,2016-06-30 02:23:54,0,0,0,老师的音乐知识过硬，讲课也很有趣，收到了音乐的熏陶，至于绩点，还是自己不够优秀吧，上课开心就好了～
29529,194,陈列,2016-06-30 02:39:39,-1,0,1,论文英语写的 下了一些功夫 听辨错了一个 最后4.6
29543,194,陈列,2016-06-30 02:52:58,0,1,1,老师上课超有意思。听辩对成绩会有影响。但感觉主要还是看论文。
29633,194,陈列,2016-06-30 05:41:01,4,5,1,还是很不错的老师 很有气质 好像对柴可夫斯基很有感觉 可能给分确实会有随机性 但是老师本身很不错 事情也不是很多
29668,194,陈列,2016-06-30 07:08:18,2,2,0,老师挺好嗒 上课很水的 听辩准备下 论文写写好给分不可能差的
29670,194,陈列,2016-06-30 07:10:11,2,3,1,老师布置一篇限字数的论文占总成绩6成，显然论文要揣摩老师的意图。论文不是给你不懂音乐无脑瞎bb的，是要结合上课的内容和思想，紧扣材料来写的。92我喜欢。
30217,194,陈列,2016-07-01 05:42:18,1,1,0,超级喜欢老师！学到了很多东西，还想学更多，很希望老师视唱练耳能开中高级班！课上听老师演奏真的是一种享受！
30230,194,陈列,2016-07-01 05:58:35,0,1,1,视唱练耳漏掉了一次考试，给我过了，感恩
30389,194,陈列,2016-07-01 13:05:01,79,158,79,想告诉那些说“给分不好”的朋友们，事实上，你觉得自己论文认真写了，也只是你认为而已。质量如何，需要与其他同学比较，也需要更专业的认知。毕竟，认真不等于高回报，你们觉得呢？
30527,194,陈列,2016-07-02 00:16:16,1,1,0,哎虽然西方音乐简史给我的分很普通，但是视唱练耳给了满绩！！不过视唱练耳并不推荐没有音乐基础不懂五线谱音阶的人选～
30531,194,陈列,2016-07-02 00:37:46,0,0,0,老师上课好有趣，会有一些经典的关于音乐和音乐家的趣闻轶事，有事老师也会表演她的超棒的钢琴技巧，事情也不多
30998,194,陈列,2016-07-03 05:54:43,0,1,1,感觉很好，气氛很轻松
31130,194,陈列,2016-07-03 08:55:57,-2,4,6,不是很懂最后绩点3.3是什么意思。两次听辨全对，论文花了两个下午写好，自认为非常认真对待。给分真的很不能理解。
31987,194,陈列,2016-07-05 10:29:11,1,1,0,我说的是视唱练耳。我觉得，有音乐天赋的，学过乐理或钢琴的，你们一定要选，你们会感觉很轻松。巩固基本乐理，这种课相当不错，老师人很好。当然，精通音乐的同学会发现，她对音乐的要求是严格的。
32570,194,陈列,2016-07-08 00:39:28,8,9,1,冲着老师上课视频里放了美美的阿姐我要给满分……（迷妹脸）
33242,194,陈列,2016-09-16 11:18:29,0,0,0,给我留下很深印象的老师，真正体现通识课的意义啊。诚然，这门课要是对音乐十分热爱的同学上得分会很高，你可以之前毫无音乐基础。大学通识课不就该是这样吗？
33696,194,陈列,2016-09-21 06:02:36,1,1,0,老师，做我女盆友吧！好喜欢老师，太萌了太萌了太萌了！
35180,194,陈列,2016-11-04 01:56:08,0,1,1,文艺范女神，课没认真听过，只顾着看老师了，听辩全对，论文瞎写的，没有展示，最后4.5，强推强推啊，选了绝对不后悔
36425,194,陈列,2016-11-13 11:50:54,5,9,4,老师钢琴水平没的说，而且我觉得这才是通识课应该有的样子，但是希望老师下次能把原来给88的人加一分，因为这样不仅不影响正太，绩点还能加0.3
36447,194,陈列,2016-11-13 16:16:50,5,9,4,西方音乐简史比较水，用老师的话说就是提供一个优雅的自习环境(￣ー￣)气质女神，均绩不低，值得拥有
36471,194,陈列,2016-11-14 04:35:42,1,1,0,老师人很好，上课也很舒服，绩点更是高得离谱，赞一个！
36476,194,陈列,2016-11-14 05:15:17,0,0,0,女神老师，听着音乐自习是种享受，给分还行，随缘吧
36477,194,陈列,2016-11-14 05:15:44,0,2,2,一直以为老师课很好，没想到啊没想到，这么认真就给我3.3，我不是文科生，听辨都是对的，论文虽然也不知道怎样才是好的，可是花了我好几天的功夫，可以赶上专业课的时间了。真是，还不如来一场考试比较公平啊！
36491,194,陈列,2016-11-14 08:17:53,3,4,1,老师简直女神啊～如果喜欢钢琴的话，讲的音乐知识会让你收获很多的！给分的话，听辨全对，给分不会很差的！
36606,194,陈列,2016-11-15 04:58:10,3,4,1,很好的老师，允许你上课做作业，有听辨测试，挺容易的，论文自己用心写，给分很好，我没什么音乐基础，论文自己写的，最后93，最高的一次通识，感谢陈老师o(^o^)o
37604,194,陈列,2018-03-13 12:38:41,-4,2,6,论文一定要写真实感想.观点之类，主要靠这个拉开成绩。我和两个同学4.8，还有朋友4.5、4.2的，老师真的很好
37881,194,陈列,2016-11-21 14:29:45,1,6,5,没基础的同学不要上了，这门课不是教入门的。我挺努力的背谱子，无奈基础不够考试听不出音调，最后60+。一个通识拉了多少绩点!从哪补回来?老师对没基础的同学真是狠!
38553,194,陈列,2016-12-08 10:29:28,1,2,1,老师给分超级棒！而且我上课的时间是下午第一节课?这个时间超级美好，可以听听音乐睡睡午觉，之后去上别的课。我很喜欢西方音乐简史。
38554,194,陈列,2016-12-08 10:45:58,1,1,0,老师弹得一手好钢琴。讲课很好，专业方面挺不错。对古典音乐感兴趣的建议去听一听。只要认真完成听辨和期末论文，成绩不会差的。
39039,194,陈列,2016-12-21 00:32:09,3,3,0,听老师上课真是一种享受啊，房间温度适宜，音乐优雅入耳～而且事情也很少，两次听辨，一次小论文。
41931,194,陈列,2017-01-13 16:09:49,9,14,5,老师很厉害，弹钢琴超棒！平时有两次听辨测试，期末写一篇双页A4纸的小论文，压力不大，上课轻松，好好准备测试和论文，分数还是不错哒 ?91分～ 讲真不一定要有乐理基础的，我也没有，主要还是测试要好好做，论文写出自己的观点，分数不会差的～平时上课其实很水，自己也没怎么听过，我也没去参与展示 ?
41939,194,陈列,2017-01-13 09:08:07,0,0,0,真的是女神?上课非常享受，而且课程任务比较轻松~实在忙的话，就像老师说的换个地方自习也是非常好的选择~（愧疚）
41942,194,陈列,2017-01-13 09:43:41,16,22,6,怎么说……有基础可以用来刷绩点，没基础帮别人刷绩点，大家自己慎重
42060,194,陈列,2017-01-13 13:19:23,1,1,0,^O^
42069,194,陈列,2017-01-13 13:42:39,3,3,0,钢琴超棒的啊！每次上课一边听古典一边写实验报告的感觉 很不错呢
42099,194,陈列,2017-01-14 04:52:05,5,10,5,视唱练耳4.5，在此谢老师。西方音乐简史第一次听辨错成狗，居然上四了，再谢老师。
42146,194,陈列,2017-01-13 15:58:22,5,6,1,女神！钢琴弹的超棒！上课基本上是欣赏西方的音乐，很放松。没有作业，考试很容易，两次听辨和一篇短文，听听老师给的材料听辨很容易满分的。短文要多表达自己的思想，当时老师说有些同学短文过于口语化，我心里咯噔一下，感觉我就是。没想到最后绩点还不错，是4.5。老师也解释过分数的问题，很多都是不得已调下去的。上课非常享受，每次都希望能多听老师弹一会儿钢琴
42257,194,陈列,2017-01-14 03:15:37,-2,0,2,满啦满啦老师超棒！！！
42332,194,陈列,2017-01-14 04:43:07,11,14,3,老师 超美 也很平易近人❤️❤️ 视唱练耳  有音乐基础的人学起来会很轻松 但是没有的人也可以试试啊 至少能懂五线谱哇?? 给分我是挺满意的诶嘿嘿嘿
42455,194,陈列,2017-01-14 08:50:28,-2,1,3,讲道理课很轻松也挺有趣的，两次听辩真的很关键。
42733,194,陈列,2017-01-15 04:10:31,-2,1,3,好老师！
43073,194,陈列,2017-01-15 15:50:31,0,2,2,总体来说不错的，老师人很好，带我们出去看演唱会哈哈，视唱练耳会帮基础差的同学开小灶练习，不过给分低的话，老师也解释过，正态实在是要求得不合理。。有基础的同学会非常轻松，没基础的同学会比较吃力，不过如果有用心的话老师是能知道的
44169,194,陈列,2017-01-17 11:11:48,0,2,2,西方音乐简史，平时不点名没作业，成绩看两次听辨和小论文。老师是女神，有气质，钢琴说着说着就弹起来了，可以尽情享受音乐时光。成绩看个人论文吧~
44359,194,陈列,2017-02-18 12:16:31,0,3,3,视唱练耳的抽背不就等于点名吗？这么多人基本上一学期就只能点到一次。不想听就当换个地方做作业，老师原话。要是翘掉不来期末就别想太多了。原来没有任何音乐基础可能确实吃力一点，毕竟要听要唱，不过要说难度真的就只是通识水平，期末听写的乐段挺基础的，每小节听三遍全段又听三遍还要怎样(｢･ω･)｢
44962,194,陈列,2017-01-18 15:53:53,-1,1,2,。。。。
46922,194,陈列,2017-01-23 02:13:39,0,2,2,很好的老师，学到了之前不知道的知识！给分也棒棒哒
49849,194,陈列,2017-04-26 13:02:28,-4,2,6,纪念陈列老师给我的两个满绩
49853,194,陈列,2017-04-26 14:20:23,-1,1,2,女神~
49935,194,陈列,2017-04-27 09:55:00,7,9,2,老师人很好！三观也正！就点了一次名，作业很少，但是论文千万千万不能抄，抄了绝对绩点完蛋。
49945,194,陈列,2017-04-27 11:14:23,1,2,1,可以听歌的课，很棒。
50025,194,陈列,2017-04-28 15:27:23,32,41,9,1.希望大家理智一点 那些说胡乱给分的也不一定能代表大多数情况。我说一个我的个人情况 第一次听辩我认为自己全对 交上去之前拍了张照片 对答案发现自己错了 错别字 比如勃兰登堡协奏曲写成波兰登堡。所以以为自己听辩全对的 有没有可能只是以为呢？\n\n2. 关于文章 以为自己认真写的 你花了几个小时呢？你查阅了多少资料呢？老师有一次对我们说 很多同学写的雷同 比如认为杰奎琳的大提琴声像二胡 这个是某个乐评里的话 你自己真的这么认为吗\n\n3. 老师还是很厉害的 演奏水平让人赞叹 知识丰富 算是给我这个以前完全不感冒古典音乐的人启蒙 还是很感谢的\n\n4. 能学到知识 能享受音乐最重要 这样想嘛 就算你预估4.2 结果3.3 算一个学期25分 也拉不了多少均绩 而且这个课真的很水很轻松 也还比较划算啦
50203,194,陈列,2017-05-01 07:29:54,-2,2,4,敲棒哒！！！前排表白！！
50220,194,陈列,2017-05-01 12:13:43,19,22,3,其实，西方音乐简史的小论文，老师只是想让我们写出自己真实的想法，有自己独立的思考。
51383,194,陈列,2017-06-03 13:22:38,0,2,2,老师人超好！
51700,194,陈列,2017-06-08 11:10:08,-5,1,6,超级棒，反正我两次听辨就错了一个，最后绩点4.8
52577,194,陈列,2017-06-21 07:27:58,2,3,1,有才华的人是藏不住她的魅力的
52604,194,陈列,2017-06-21 10:54:54,3,4,1,两次听辨扑街，反正我也不是特别在乎绩点，老师绝对是一个好老师，虽然大家都不怎么听课，喜欢音乐的一定要选
52937,194,陈列,2017-06-23 16:29:25,1,3,2,大家看评价的时候一定要考虑评价的时间问题，那些说给分不好的，时间普遍都在两三年前甚至更早些，现在老师已经知道自己被说“给分不好”了，也已经在尽最大的努力让大家收获一个满意的成绩。但毕竟还要满足教务网正态的要求否则输不进去成绩…所以大家就别再担心给分不好了，现在3分0.3的绩点制度下，老师也还特意问了同学哪些是分界点，说实话，陈老师真的是我见过的最好最好的老师了
55062,194,陈列,2017-06-30 17:13:36,-1,2,3,乱给分?
55119,194,陈列,2017-07-01 00:52:26,3,3,0,今天刚刚出成绩就过来评分啦，我第一次听辨错了两个第二次没错，作文用英语写的，4.2。老师非常温柔，上课是一种享受，听辨有一点点难度，总的来说还是很不错的。不过总有被正态的人，我个人认为老师评分还是公平的。
55149,194,陈列,2017-07-01 02:07:32,-1,2,3,给分差，不知道怎么给的分，课很水，但是真的不懂这老师给分的标准
55151,194,陈列,2017-07-01 02:09:15,-2,0,2,老师女神  被圈粉~
55166,194,陈列,2017-07-01 02:30:12,7,8,1,均绩4.05你还说老师给分差吗，客观的说，老师性格不错，教的也不错。我真的是一点基础也没有的那种，以为会给那些学过的提供正态，最后努力了勉强上了平均成绩还是挺开心的
55184,194,陈列,2017-07-01 03:06:01,4,5,1,我觉得老师给分还是有依据的，我两次听辩各错一个，最后论文中文写的(但是全部原创，写了好久)，绩点还可以。说给分不好的还是要想想自己论文有没有用心准备，是否只是复制粘贴，毕竟老师说了论文是写我们的感受。
55254,194,陈列,2017-07-01 05:58:04,-2,1,3,老师很好，钢琴弹的真的棒，但是为啥我有基础才89，有点失望！
55336,194,陈列,2017-07-01 10:06:45,-1,1,2,有兴趣就挺好，没天分就别指望能拉高均绩就是了_(:з」∠)_
55687,194,陈列,2017-07-02 07:47:34,7,8,1,论文要写出自己的东西。老师反差萌！又萌又女神！
55798,194,陈列,2017-07-02 11:36:52,-1,1,2,老师打分难道不是上课就已经讲出来了么？我跟你们说，我满了。
56175,194,陈列,2017-07-03 07:44:29,-1,0,1,老师教得非常耐心，平时对于能力的锻炼十分重视。有音乐基础学起来会相对容易，但考试要做到全对也是有难度的。给分很好，主要是笔试和口试成绩为主，有能力一定可以拿高分。
56325,194,陈列,2017-07-03 13:20:20,1,1,0,老师水平很高，人很好，态度很认真，能学到很多东西，每节课都很充实，但是没有一点音乐基础的人慎选，可能会稍难。
56956,194,陈列,2017-07-05 04:44:43,-1,0,1,没有无缘无故的爱，也没有无缘无故的恨，更没有无缘无故的高绩点和满分。老师非常客观，你自己不努力绩点不高也没有办法了
58677,194,陈列,2017-09-14 07:05:28,-1,0,1,老师教导很耐心，还会请艺术团的学生现场演奏
60099,194,陈列,2017-10-10 06:55:31,-1,1,2,老师声音好温柔啊~每次听课都很开心~~(⑉°з°)-♡
61707,194,陈列,2017-11-20 07:53:44,1,2,1,老师人特别好，给分也很高
61716,194,陈列,2017-11-20 08:45:14,2,3,1,老师真的很好，音乐修养很深，给分也公道，在紧张的时候听听音乐真好。
61772,194,陈列,2017-11-21 01:01:36,2,5,3,超好，强推，满绩！听辨全对，论文有自己的观点，联系一下看了的视频就好，不要去查什么视频观后感之类的...
62114,194,陈列,2017-11-22 12:03:02,2,3,1,1.听课体验很好，精神上的享受和放松，还可以观赏老师钢琴演奏。2.两次听辩，只要稍微花一点时间认真听过，记准曲名和作者名，很容易全对。3.论文要求明确，重在写出个人真是感触与思考，借鉴他人太多未必高分，且有严格的字数限制，避免恶竟。总之，好老师，优质课。
62288,194,陈列,2017-11-24 03:44:25,-2,0,2,上课困到死
65190,194,陈列,2017-12-30 10:52:58,4,6,2,我以为大家都是4.8的。。。感觉自己论文写得一般啊。建议大家最好不要参考什么资料，写出自己的想法吧。\n\n还有，我上的是西方音乐简史
65827,194,陈列,2018-01-09 11:49:52,4,4,0,零音乐基础的小白表示视唱练耳也没那么难学，老师超可爱，女神！最后考试有点紧张，感觉没唱好，老师那真的不是我的真实水平啊！！！！！
65833,194,陈列,2018-01-09 12:32:36,1,2,1,视唱练耳，老师很好，考试的时候太紧张了TVT老师别扣我分啊我爱您
65903,194,陈列,2018-01-10 05:48:02,-11,4,15,考试作弊很容易哦
70364,194,陈列,2018-01-26 13:50:34,1,1,0,大家分数都怎样呀？想问～老师人不错哦
70435,194,陈列,2018-01-26 15:20:35,-2,2,4,超好的老师，无恶竞，给分好，小白凭生活经验和真情实感写论文拿了满绩。。真心赞
70436,194,陈列,2018-01-26 15:20:51,-1,0,1,太喜欢老师了 自己没什么音乐基础 相比其他通识课 视唱练耳课让我学到了很多基础的乐理知识 收获很大 认真准备给分也很好
70457,194,陈列,2018-01-26 15:58:39,0,0,0,棒极
70491,194,陈列,2018-01-26 17:38:01,2,2,0,视唱练耳秋学期只去过一次，冬学期去的次数稍微多一点，上课抽背背不出来，期末背曲子的时候紧张节奏出了问题，笔试自我感觉良好，最后拿了4.5。讲真是很轻松的课，可以学到实用的东西。
70495,194,陈列,2018-01-26 18:42:31,2,3,1,建议有音乐基础的童鞋选视唱练耳，轻松满绩。老师人超级好，“如果你有音乐基础，觉得我讲的太简单你可以给我发邮件，秋学期的课你就可以不用上了，我也不浪费你的时间，不过冬学期的课还是要来的，即便你学过音乐也不一定会。”后面的乐理部分确实略难，听音写谱也需要一定基础。无音乐基础的人可能会学的挺难的而且最后分不太高。平时会让背一些很简单的小谱子，抽点同学起来背，当做点名了也当做你的平时分（基本每人都会点到而且不一定只点一遍）。最后两节课笔试加视唱，倒数第三节课会有模拟笔试，总之课程安排很人性化，被正态的同学也不要说什么给分不好，通识课正态分布是学校规定，考试也是迫不得已。
70521,194,陈列,2018-01-27 00:29:41,2,3,1,超级超级好的老师!每一次上课都会准备特别多的东西和大家分享!女神很优雅，上课的时候总是会给大家弹钢琴，下午上这个课真的是特别的开心，每一次上课都是一种难得的享受!听着各种古典音乐真的可以让自己得到一种很难得的宁静!老师给分超级好，上课事情也不多，两次听辨好好准备很简单的，一篇论文用心写就会有很好的分数!偶尔还会有签到，真的是强推!喜欢女神老师!
70527,194,陈列,2018-01-27 00:48:26,207,223,16,看到评论都是西方音乐简史，对于视唱练耳的介绍都很少，那么我来说说刚上完这门课的感觉。首先这门课相对来说不水，上课没有课间休息，在音乐教室也写不了作业，但是同样的，你如果每节课都听了，能收获不少的音乐基础知识。其次，这门课里文琴大佬真的多，你平时上课可能觉得各种被碾压，尤其是唱五线谱的时候，及听写的时候，但是（敲重点），考试考的十分简单，即便是我这种小白，也就是上课听听，下课不会再去背的人，也拿了4.2，老师给分也是很好的。最后讲下考试的方式，平时分的话老师会每次课随机名单抽大概7，8个人，背一下五线谱（谱子都是前一次课上教了的且要求背的），然后最后考试由笔试和口试组成，笔试需要背大小调，听写谱子（就是老师弹琴你写谱子），听写大小三度（音程关系），还有构和弦。口试的话就是考前老师会把你需要背的谱子发给你（都是平常要求背的谱子），然后随机抽一首让你背，另外会给你一个新谱子，现场唱出来，当然这个新谱子简单的一匹，我这种零基础的小白都唱出来了。建议平常要求的背的谱子可以上课的时候用手机录下来，回寝室再多听听，很容易就背下来了。以上就算是我的一些经验了，怎么说的，比起我当时对这门课一无所知的情况，我写的内容已经算是比较全了。希望能帮助到大家！
71179,194,陈列,2018-01-28 06:03:18,1,1,0,视唱练耳课，如果有音乐基础可能会觉得有些无聊，没有音乐基础可能会觉得比较难。\n\n西方音乐简史课强推～
71683,194,陈列,2018-01-29 00:35:46,-5,3,8,上课蛮好的就是谜一样的评分\n\n老子每次坐最前面听辨是全对的论文也查了很多正规资料最后给了个3.2，不知道是不是歧视我们高年级，之前选了那么多音乐通识都没下4.5
71782,194,陈列,2018-01-29 03:04:12,2,2,0,视唱练耳， \n\n能学到东西\n\n\n\n\n\n如果有音乐基础的话 满绩还是很容易的。
72884,194,陈列,2018-01-31 09:02:56,1,1,0,非常棒的课
74627,194,陈列,2018-03-05 01:40:32,-2,1,3,给分明明超级好啊...我满级了兄弟
75566,194,陈列,2018-03-13 10:57:54,-1,3,4,总是在尬笑，不知道在笑什么
75761,194,陈列,2018-03-16 13:12:04,4,4,0,只上到第二节课就先来表白一波～视唱练耳真的太棒了～而且少量的讲解演奏也太好听了！！讲得也很棒！！虽然她说有基础的可以前半学期不来但就是想去听～已经被吸粉的迷弟路过～
76159,194,陈列,2018-03-28 05:23:36,4,4,0,听辨考试听到耳朵瞎
76162,194,陈列,2018-03-28 05:36:24,0,0,0,上课会自己讲自己笑，喜欢在播放音乐时候讲解，个人觉得可以在播放前后才说
77585,194,陈列,2018-05-06 16:13:53,1,2,1,大爱女神，演奏好、讲得好、给分也好。认真准备了pre，两次测试没错。虽然没满绩，但是收获满满呢，谢谢老师！
77589,194,陈列,2018-05-06 23:34:32,0,0,0,老师超女神
77590,194,陈列,2018-05-06 23:40:06,0,0,0,大一上过最享受的一门课，老师钢琴弹的超棒。没参加展示课但是给分也特别特别好。表白陈列女神～
77767,194,陈列,2018-05-07 15:32:42,0,0,0,老师讲的超棒，认真准备听测，认真写论文，最后结果很不错的！
77770,194,陈列,2018-05-07 15:37:04,7,9,2,强推！事情少，两次听辨也比较简单，准备了基本都能对，论文设置字数上限避免了恶竞！最重要的是老师好温柔啊，听课非常舒服！
77806,194,陈列,2018-05-08 02:14:20,0,0,0,绝对棒，只要听辩好好准备，论文根据自己感受写就能拿高分，老师钢琴贼棒
77823,194,陈列,2018-05-08 03:58:55,2,2,0,老师钢琴弹的贼棒
79429,194,陈列,2018-06-04 11:37:53,1,1,0,老师人很好，之前上的是视唱练耳，没有基础慎选，作为零基础上课党身边都是大佬内心绝望，有次测试老师给的评语是“我相信你是有基础的，就是不够仔细”不知道该哭还是该笑。。
80059,194,陈列,2018-06-19 10:19:51,9,11,2,视唱练耳课总觉得比较尴尬。对于有基础的同学来说太过简单，对没基础的同学…emm…上完一个学期能把课铃的谱子扒出来就已经很不容易了。虽然老师懂的很多很多，但上课总是讲得很基础(可能为了照顾大多数人？)，并且拓展也很少。想上完这门课就去扒谱的同学，我想说…那根本不可能，还差太远。想音乐入门的同学，本课也不太适合，还是选其它音乐鉴赏类的课吧。
80499,194,陈列,2018-06-27 07:11:30,2,2,0,真正的艺术家
81716,194,陈列,2018-07-06 03:07:10,5,6,1,西方音乐简史，强推，有很多有意思的东西，而且两次听辨让我突然爱上古典乐，可以说是非常棒了。论文其实不用怎么引经据典，或者去看很多别人的想法。就我自己的情况来看，根据给的视频谈谈自己的想法，甚至都不需要和西方音乐史有太大关系，我觉得主要是体现自己的思考就好了，从给的现象中有自己的反思，这样应该也会有话可说不用凑字数吧。
81896,194,陈列,2018-07-06 12:38:44,0,1,1,听老师上课非常有趣而且轻松，感觉对古典音乐有了一定的认识。听辨没有全对，短文没有引经据典、完全是自己的感悟，最后给了4.8，一定要吹一波老师。
82013,194,陈列,2018-07-07 00:28:15,0,0,0,很好的老师
82301,194,陈列,2018-07-07 23:02:48,0,0,0,感觉挺好的
82552,194,陈列,2018-07-08 13:15:38,1,1,0,很棒啊，老师弹得很好，也蛮有意思，学习经历蛮有趣的
82579,194,陈列,2018-07-08 14:41:21,2,2,0,对音乐感兴趣的一定要选！
82842,194,陈列,2018-07-09 08:08:55,1,1,0,老师人很好 气质很好 讲课也很好 是一场听觉上的享受 考试也挺轻松 期末考试就唱一段上课背过的 然后看着纸条再唱一遍就OK\n\n给老师比心
82967,194,陈列,2018-07-09 11:24:40,0,0,0,老师上课内容很多 如果完全没学过乐理的话学起来会很吃力的
82968,194,陈列,2018-07-09 11:25:40,1,2,1,从18年开始，给分就变好了，而且只要小测做得好，期末论文写的有感觉真容易高分分哦
83047,194,陈列,2018-07-09 14:16:35,11,11,0,虽然可能没机会选上老师的西方音乐史了，但是老师的视唱练耳确实很棒很棒。虽然它的难度可能对于没基础的太难，对于有基础甚至有绝对音高的又太简单，但是老师真的在尽量面面俱到了，当然，给分这方面，我这种有基础的还是闭嘴吧（但是她就是我女神，不接受反驳，想看每一场老师的音乐会）\n\n至于上课内容和进度，个人认为还是比较合适的，想认真打音乐基础的话，音阶，音程，节奏这些基础知识肯定是要掌握的，所以每次课都会着重提及。音阶会讲到2个升降号的大小调，音程主要是构2.3.6度，外加一个大小三和弦。还会有各种各样的听力训练（不然叫什么练耳嘛），其实就是培养节奏感和相对音准。每次课会有2条视唱，2周之后点名抽背（每个人至少抽到一次）。考试的话，口试是抽背一条学过的+当场视唱一条很简单的，笔试的话涉及以上内容吧。讲真即使我以前乐理底子也算不错，但是还是学到了很多新的东西。以上。
83183,194,陈列,2018-07-10 01:33:09,1,3,2,视唱练耳有乐理基础所以满了感觉理所当然，不过还是能在老师的课上收获很多已经遗忘的概念，课程内容不太水，很多概念都是乐理二、三级的内容，感谢感谢！
86839,194,陈列,2018-09-19 04:27:53,0,0,0,气质很好的老师，水平也很高。很照顾各种水平的学生拉，总是停下来关照一下没基础的同学。你要是乐理基础好前半学期都可以申请免听呐。
86887,194,陈列,2018-09-19 07:15:39,2,2,0,太厉害了，古典爱好者开心!
87257,194,陈列,2018-09-26 06:53:49,0,0,0,刚刚上了两节课，课上懂乐理的大佬超级多，感觉自己要被正态掉了，不过老师还是很好。
89415,194,陈列,2018-11-19 03:48:41,2,2,0,西方音乐简史-只要听辩认真准备，论文好好写，给分真的可以。（上课可以水，但认真听会有收获的）
89422,194,陈列,2018-11-19 04:56:39,0,1,1,我明天才上老师的课，看了下评论好像很nice的样子，所以先打个9分，大不了最后再改
89426,194,陈列,2018-11-19 05:23:51,0,0,0,老师真的很棒很棒很棒啊！听辨两次好好准备 论文自己写 我没查别的任何资料 给分超级棒啊！
89430,194,陈列,2018-11-19 05:36:06,2,2,0,这么好的老师，怎么只开两门课呢
89458,194,陈列,2018-11-19 07:57:04,3,3,0,老师是好老师，但我不是好学生\n\n( •̥́ ˍ •̀ू )嘤嘤嘤~
89493,194,陈列,2018-11-19 10:12:05,3,3,0,非常棒的，上课基本上是讲西方音乐的历史。虽然没什么音乐天赋，但上课还是很轻松的。重要的是老师给分超好，分数主要看两次小测，和期末的一篇论文。小测是听歌曲写名称和作者，测试前有一个星期的准备时间，好好准备，基本上问题不大。论文也不需要太多的专业素养，只要自己写了，别抄，应该都挺ok的。\n\n总之老师超美丽，给分很棒。
89537,194,陈列,2018-11-19 12:15:06,1,2,1,啊啊啊超爱陈列老师\n\n人生第一个满绩（虽然大概是唯一一个了QAQ\n\nmua～\n\n上课还是可以陶冶情操的233不过不听课其实也不会影响成绩ww～\n\n论文用英文写貌似会加分？
89564,194,陈列,2018-11-19 14:48:45,2,2,0,上课老师不管你，水手机做作业都行，但你想听也可以听到东西，至于绩点，你论文认真写了，肯定不会低，老师要求时候写的很明确了，写出自己的感受，你自己写了，老师自然能看出来
89568,194,陈列,2018-11-19 15:04:45,2,3,1,95分，搭上满绩的末班车?老师很好，课上干货满满……听辩只要提前认真准备基本都能做对，至于“论文”，其实就是一篇短文，不像正式论文那样要求严格。老师让写出自己的真情实感，就千万不要在网上抄，反正我的确是抒发的自己的真情实感，再融入一些课上的知识，让老师看到是认真写的，给分不会低。
89574,194,陈列,2018-11-19 16:24:51,3,3,0,老师上课真的很棒鸭！随手就能来一段钢琴，太赞了！听辨也不难，只要好好准备完全可以拿满分的。最后的论文对工科生也不算特别困难，课程内容对我这种古典小白也没有任何压力。最后绩点出来感觉还是不错的，大家如果想了解一下古典音乐的话，强推陈老师的西方音乐简史鸭！
89582,194,陈列,2018-11-20 00:52:00,2,2,0,老师给分不错\n\n只要准备好两次听辩测试 最后论文好好写就能拿个不错的分数\n\n顺便一说 最后的论文和平时上课内容也没什么关系
89610,194,陈列,2018-11-20 02:57:52,1,1,0,陈列老师真的是一位很可爱的老师。上课真的真的太太太有趣了!!!真的幸福!!对西方古典音乐有了初步的认识，也开始认识到古典音乐的美♡非常感谢!
89616,194,陈列,2018-11-20 03:41:57,2,2,0,老师超有气质，钢琴弹得超棒，英语也超好。老师上课很用心，给我们介绍了很多自己的喜欢的音乐家，是真的会有收获！！就两次听辨小测，最后交一篇两页以内的短文，挺友好的，墙裂推荐！！
89645,194,陈列,2018-11-20 06:15:25,0,0,0,一直在水，最后绩点给我感动了，老师很美，也能学到东西。
89651,194,陈列,2018-11-20 06:45:58,0,0,0,西方音乐简史其实对于一些对古典音乐不熟悉的同学也是非常友好的，两次听辩，一篇类似论文的感想，只要用心，不管在音乐上有无天赋，都能拿到不错的成绩，老师人也非常好，给分也非常不错
89673,194,陈列,2018-11-20 07:50:48,2,2,0,西方音乐简史这门课真的很好水，我发誓，老师讲的很好很好，听辨测试很重要，两次听辨占了40%，有点难度，但是很重要！！！结课短文我理解错题意了写错了本来以为完蛋结果绩点还是上4了巨大的惊喜！！最后还要说！！听辨很重要！！
89684,194,陈列,2018-11-20 09:03:24,1,1,0,太享受了 古典入门吧 跪求女神姐姐多开几门欣赏课嗷 但给分就emmmmmm
89728,194,陈列,2018-11-20 12:06:35,2,2,0,很棒！平时就是欣赏课水一水，听辨之前好好准备一下，音乐小白也适合入！推荐推荐！
89734,194,陈列,2018-11-20 12:45:53,-1,3,4,呵呵\n\n给分无力吐槽
89764,194,陈列,2019-01-30 12:12:21,-24,7,31,在梦中梦到老师成了我女友，她在弹钢琴，我在拉小提琴伴奏，非常美好
89877,194,陈列,2018-11-21 06:22:32,0,0,0,非常好
90074,194,陈列,2018-11-22 05:04:11,3,3,0,老师超好der  弹琴很厉害而且很有气质   而且西一107教室也炒鸡好（有插座、离老师远、桌子凳子都很舒服）  两次听辩都没错，期末短文好好写  喜提满绩 超阔心der
90099,194,陈列,2018-11-22 06:24:36,4,4,0,1551 上西音简直就是享受啊...陈老师很专业很可爱！上课时不时来一段钢琴真的很有魅力，而且西1-107教室布置太舒适了。成绩构成是2次听辨+小短文，听辨只要认真准备还是蛮容易全对的。接触了好多优秀的交响曲、歌剧、协奏曲等等等等，尤丽狄茜绝了！柴可夫斯基绝了！
90186,194,陈列,2018-11-22 11:03:31,1,2,1,老师特别可爱！讲的内容也不水（但是是我不争气在水课...）上课会放很多古典音乐下午上课真的很催眠...但是听辨有认真准备，论文也好好写了，最后分数比想象的高觉得很庆幸，不过就算分数不高我也还是会很喜欢老师！真的很好！
91192,194,陈列,2018-12-03 06:08:21,-1,3,4,3.3，不知道怎么评的，生气(｡ì _ í｡)
92209,194,陈列,2018-12-27 04:58:36,-4,1,5,第一门满绩的课！！表白女神！！上课感兴趣听了收获很大不想听水水也可以拿高分啊。好好准备听辩答全对+论文不要抄写自己真情实感，真的不难拿高分TAT
92532,194,陈列,2019-01-02 05:52:37,-2,2,4,呵呵了
92826,194,陈列,2019-01-05 01:35:35,0,1,1,无话可说，自己太菜
92834,194,陈列,2019-01-05 03:59:43,-1,0,1,陈老师超级好，钢琴弹的很棒，课也很有意思！听辩只要提前几天好好听好好准备就没有问题，期末短文写一些自己的感受或者故事就能拿高分，我写的是我自己的故事，最后满了，给老师疯狂打call
93218,194,陈列,2019-01-08 06:52:41,-1,0,1,两次听辨，一次论文，总的来说比较轻松。老师人也很好，随和，亲切，个人感觉如果想认真了解西方音乐的发展，你可以学到很多知识，如果你想去放松听音乐，也是很好的选择。
93220,194,陈列,2019-01-08 07:10:04,3,4,1,呜呜呜 为什么没有人帮女神搬琴啊 老师问了以后好久才有两个人上去了 还有一个是女孩子—— 来自一个卡在教室中间的女孩子 怎么旁边的人都这么冷漠呀
93366,194,陈列,2019-01-09 07:54:24,0,1,1,上的西方音乐简史，真的特别好，只要两次小测和一篇论文。老师真的女神，搞笑，上课很开心，给老师满分
93387,194,陈列,2019-01-09 10:20:42,-1,1,2,事先有一定音乐基础选了这门课，本来是想水水绩点顺便写写作业，但老师上课实在太有趣了，边讲边在钢琴上演示，一切是那么的自然。上完之后音乐观上了一个台阶。顺便吐槽一下辣鸡钢琴的音质┐(‘～`；)┌
96034,194,陈列,2019-01-20 11:44:06,-5,4,9,老师好 唯一一个满绩orz
97478,194,陈列,2019-01-22 09:17:15,1,1,0,真的好
97560,194,陈列,2019-01-22 10:45:49,5,5,0,"老师很可爱，钢琴演奏水平很高。西方音乐简史很轻松，基本是纯粹的欣赏课，对古典乐有兴趣的同学来说是很好的机会(上完之后我的云村歌单简直被古典占领了)（想要水课做作业的同学请小心因为你可能会忍不住开始认真听课)，两次听辨稍微准备下期末论文写自己的感想，绩点不会差。虽然老师有在努力平衡难度，但视唱练耳对无基础的同学来说仍有一定难度，不过只要认真听讲适当准备也能拿到不错的分数（我视唱超烂也有4.5）。通过学习我对乐理有了初步的认识，更重要的是老师带我跨越了对于这一领域所谓""门槛""的畏惧，我也将继续努力。"
97576,194,陈列,2019-01-22 11:25:19,1,1,0,超级棒的！感觉老师的样子是我想长成的样子。
97771,194,陈列,2019-01-22 15:46:14,8,9,1,怎么说，能在青春年华遇见这样一位好老师，真的是一件非常幸运的事。18秋冬学期上的视唱练耳，刚开始是抱着自己有一定基础想来刷刷分的，但很多知识遗忘得一干二净跟小白一样，是跟着老师一步一步找回基础、重新培养乐感的。考试很少，课程轻松，每节课后都需要复习但花费的时间并不是很多。每个人都有一次抽背算过程分，抽背的内容一般给你一到两周的复习时间。期末考分笔试和口试，笔试的内容都是课上的内容重点（老师考前还会专门一节课来模拟测试，据此还会调整期末考试难度），口试的内容也有范围限定➕一条非常简单的现场识谱（零基础都会）。上课还会让我们欣赏一些名曲名段。给分的话也非常好，不看我自己，就提18级的这次课，均绩4.17，谁选谁知道，有付出、真的有收获。真的，我要吹爆我温柔善良可爱专业知识丰厚的陈列姐！
97801,194,陈列,2019-01-22 17:12:22,1,3,2,陈列老师太棒了！\n\n下次一定要去听文琴音乐会！
97838,194,陈列,2019-01-22 23:39:51,0,1,1,老师讲的很好，课间没有休息。最后的给分也很棒，好好学的话，肯定是能拿满意的分数嗒。
97881,194,陈列,2019-01-23 00:46:04,1,2,1,老师，我喜欢你
97967,194,陈列,2019-01-23 02:51:17,0,1,1,很好的老师，上课体验极好，给分也不错
97989,194,陈列,2019-01-23 03:25:37,0,1,1,陈列女神！太好了叭！
98072,194,陈列,2019-01-23 04:50:28,1,1,0,给大家推荐西方音乐简史课！上课可以在音乐中自习，顺耳听听内容也能有趣，作业是听听歌，加一篇不允许鹅颈的论文。教室的电脑椅不要太舒服，还有电源插座。音乐听完作业写完下课去湖边看天鹅，是我一周最幸福的时候了。论文只要自己写，给分就好，妙绝，强推。ps老师不签条子。
98226,194,陈列,2019-01-23 08:20:39,1,1,0,老师好好看！教的特别好还可爱，视唱考试内容其实也很简单，我零基础而且感觉自己五音不全也有4.2www
98244,194,陈列,2019-01-23 08:42:34,0,0,0,看老师弹琴真是一种享受
98374,194,陈列,2019-01-23 11:29:14,0,0,0,秋冬视唱练耳 之前完全是因为想学一点基础乐理去选的 很多人和我说小白可能会被正太 最开始有点怕了 课完全不水 至少对我来说 收获是很大的 觉得自己时值把握不好 写节奏和谱子肯定错超多 最后也4.5啦真的很满意了 老师超级好考前还带我们复习嗷嗷
98787,194,陈列,2019-01-24 02:35:22,2,2,0,老师人挺好的但是视唱这门课对于没基础的同学来说考试还是有点难的…
99441,194,陈列,2019-01-24 23:25:21,-4,1,5,给分垃圾
99784,194,陈列,2019-01-25 07:22:29,0,0,0,西方音乐简史体验极佳。成绩由两次听辨和一篇小短文组成。听辨前认真准备，小短文不要重复视频的内容，写出自己的想法，分数都不会低的。
101417,194,陈列,2019-01-28 07:17:22,2,2,0,老师超级棒，很有气质，钢琴弹的也很好。上的老师的西方音乐简史，老师会结合自己的经历去讲述，上课内容真的很有趣。平时两次听辨认真准备一下，小论文看视频写一下感想（老师还规定不能超过一页正反面。最好给分真的很好，问了三个人，最后都是4.8。
101668,194,陈列,2019-01-29 00:34:36,3,3,0,高学历女神啊！弹琴的样子太美丽了，最后还给我们巧克力！太可爱了！！！
102261,194,陈列,2019-01-31 15:35:20,0,0,0,老师上课讲的东西很多并且讲的很好，钢琴弹得超棒，课一点都不水
102652,194,陈列,2019-02-17 10:24:16,2,2,0,第一次听老师现场弹琴太赞了。听辨可能不适合我这种音痴吧...
102962,194,陈列,2019-02-25 06:18:25,1,1,0,陈老师人很不错，上课也很有意思，看到很多说给分不好的我觉得不够中肯，我论文认真写  听辨认真准备最后分数就不错，老师的要求也没有很高。
103009,194,陈列,2019-02-25 10:37:20,1,1,0,okk
103028,194,陈列,2019-02-25 12:23:55,2,2,0,西方音乐简史。。优雅可爱的老师，任务少，听辩多听不难（我错的挺多。。对不住老师了）会拓展很多知识，听到很多也许平常不会特意去找的音乐，可以写点作业，每节课都会很开心，最后巧克力豆也是很感动了
103782,194,陈列,2019-03-05 12:21:08,-15,6,21,垃圾老师我靠绝了
103840,194,陈列,2019-03-06 07:45:22,1,1,0,美就完事了
104120,194,陈列,2019-03-12 11:49:42,1,1,0,选上老师的西方音乐史来还愿！！开心！！！等春学期结束再来评价一次！！\n\n18春夏学期上过视唱练耳，老师讲得确实很棒，下面是当时码的评价：\n\n虽然它的难度可能对于没基础的太难，对于有基础甚至有绝对音高的又太简单，但是老师真的在尽量面面俱到了。当然，给分这方面，我这种有基础的还是闭嘴吧，但16次课下来，还是学到了很多新的知识~\n\n至于上课内容和进度，个人认为还是比较合适的，对于音乐爱好者来说，真的是很好的入门课程。毕竟想有一个好的音乐基础，音阶，音程，节奏这些基础乐理肯定是要掌握的，所以每次课都会着重提及。音阶会讲到2个升降号以内的大小调，音程主要是构2.3.6度，外加大小三和弦。练耳方面，会有各种各样的听力训练，其实就是培养节奏感和相对音准。每次课会有2条视唱，2周之后点名抽背（每个人至少抽到一次）。考试的话，口试是抽背一条学过的+当场视唱一条很简单的，笔试的话涉及以上全部内容，会有30%左右是听力的分数，试卷是老师手写的哦。\n\nPS：友善提醒，视唱练耳课是几乎不可能水手机，写作业的哦，因为课上会有比较多的小练习。而西方音乐简史主要以欣赏为主，所以（你懂的）。
105623,194,陈列,2019-04-17 11:12:51,12,12,0,在没有出分前先来评价一下??\n\n上这门课不仅可以学到很多知识，更是音乐美感的启迪课。\n\n不过有同学选课的目的就是为了水，我也不做什么评价。\n\n听辨是扎扎实实地把东西注入脑子里，可能很久之后不记得那些著名的音乐家和那些风格，但是在不同场合遇到这些音乐时，至少可以说：这是我的听辨曲目！两个星期沉浸在古典音乐的世界中，仔细聆听乐曲中什么特征可以便于自己推断出篇章曲目，让我更贴近了这些我曾以为难以接触的音乐，但其实每个人都有欣赏的权利。有个夜晚竟还流连于b站中的各种演奏《钟》的特效钢琴视频中......\n\n非常感谢陈列老师，给了半学期美的享受！西方音乐简史无疑是繁重压力中的最令人期待的课！
106429,194,陈列,2019-04-27 10:14:52,6,6,0,刚出分啊啊啊，两次听辨错了一共一个半，论文自己认真写，我这垃圾作文水平，用心写，最后也有4.8，老师真的太好了啊啊啊啊啊啊，上课超级舒服！
106435,194,陈列,2019-04-27 11:02:37,3,4,1,两次听辨全对，论文结合自己的例子用心写了，4.8，感谢老师！教室西1-107宽敞舒服，上老师的课就算自习也是沐浴在音乐里的。听辨真心不难，提前一天听一听每首曲子记一些特点，全对还是很有可能的。总之强推！
106437,194,陈列,2019-04-27 11:06:29,5,5,0,写论文是我的一大劣势，但还是有4.5，真的很感谢老师。\n\n也听了不少的古典音乐，也许有机会还能装个b。
106440,194,陈列,2019-04-27 11:35:27,5,5,0,上课如果认真听的话可以学到一点关于音乐的历史知识，可惜我没有认真听。但是上老师的课真的很放松，尤其是刚上完工训。最后写的那个根本就不算论文，老师只要求根据视频写自己的真情实感，不要抄袭，也不用写的特别专业（然后我写了一片散文）。成绩出来的时候简直感动，可惜还是拯救不了我的之前的低绩点?
106448,194,陈列,2019-04-27 12:22:51,1,2,1,听老师讲的音乐史 更加巩固了对美术史的了解 并且把这两个艺术门类能够联系起来看待了 喜欢?
106449,194,陈列,2019-04-27 12:33:22,1,1,0,老师真的很好，讲课蛮有意思，人也感觉很亲切。在国外读过书，经常会提到自己的一些经历，会带给我们一个不一样的世界。可惜这学期她生病住院有三周的课没上，本来就是一门短学期的通识，少了一半，意犹未尽。拿分也很容易，不用花太多时间，两次听辨测试，一篇小论文，拿了满绩。我大概是没机会再选陈老师的课了，希望对音乐感兴趣的能选上她的通识啊~
106452,194,陈列,2019-04-27 13:02:55,-29,3,32,陈列老师人挺好的，上课态度认真负责，弹得一手好琴。然而我可能是论文有劣势（说是论文，我却只能写出高中议论文的风格...）虽然两次小测全对，签到也到了，却只有4.5。可能个人本身没有什么古典音乐的底子，报这门课的初衷是满足培养方案的要求，课上很多学生都明显是有古典音乐这方面的底子或兴趣爱好的，我作为一个工科生ssfd，这就导致我最终绩点没达到预期...所以追求高绩点的同学最好是有这方面的兴趣爱好和底子再选。
106453,194,陈列,2019-04-27 13:07:54,2,3,1,老师超好，两次听辨好好准备，期末论文不要抄，写出自己的真实感受和想法，还有自己的思考，就搞定啦!最后绩点4.8。超感谢老师的啦。
106457,194,陈列,2019-04-27 14:20:22,22,24,2,作为西方音乐简史和视唱练耳都选了并且都拿到很满意的分数的来说几句233.\n\n西方音乐简史相对而言比较“水”，考核方式是2次听辨+1篇期末短文+1次签到。基本按西方音乐发展的顺序讲课，从公元前讲到20世纪，确实是很好的古典音乐启蒙。听辨会在课上介绍过的曲目里面抽15首给大家准备，测试的时候15选10播放。期末论文大概会是介绍一个音乐家的视频，然后谈一下感受，限一张A4（双面），只要写出了你自己的感受，给分就不会差。\n\n而视唱练耳则完全不“水”，主要是基础乐理的内容，包括：（1）2个升降号以内的大小调音阶；（2）音程的书写，大小2.3.6度、大小三和弦的构造，简单的和弦进行，会有听辨以上音程的练习；（3）节奏上要求掌握十六分音符以内的各节奏型，会有听写节奏型的练习；（4）视唱方面，每周两条练习，一条16小节，要求唱熟。考核方式是：（1）视唱抽背。第3周开始抽背，每个人都会轮到一次；（2）期末笔试，在倒数第2次课，考所有课上讲过的内容。会有30%左右是听力题。（3）期末口试，在最后一次课。老师会提前圈出8条布置过的视唱，考试时抽背其中一条。同时还会有一条简短的视唱，当场准备当场唱。\n\n至于老师本身，大概是女神级别的存在~春学期来代课的陈曦老师也非常棒，讲课也很有趣~真的强推！！！
106478,194,陈列,2019-04-27 23:41:44,0,0,0,仙女啊\n\n
106479,194,陈列,2019-04-27 23:41:54,3,3,0,今天突然看到出分了，来评价一下，老师是一个很有自己想法的钢琴家，课上讲的知识可听可水，来代课的陈曦老师也很好。听辨这种形式确实能让我们重复听一些曲子，更好地感受音乐，最后的论文不一定要很专业，但一定要写出自己的观点，总之，很好的课，强推！
106481,194,陈列,2019-04-28 00:27:29,2,2,0,两次听辨都没错，签到也来了，论文也是自己认真写的，被正态了，心都凉了
106482,194,陈列,2019-04-28 00:30:54,4,4,0,上课体验挺不错的，只是两次听辨都全对，论文也认真写了最后3.3我也是很迷。
106500,194,陈列,2019-04-28 02:40:17,4,5,1,西方音乐简史：上课上得很开心，在春天里上这门课就会很快乐。论文写的是我一直很感兴趣的内容，所以写起来也有趣味，不累。写了很多自己的想法，也结合了自己的一些经历（看喜欢的歌手的演唱会啦啦啦），所以最后得分也很好，满绩(✪▽✪)。上老师的课很轻松，听音乐听得很享受，了解到了古典乐的美妙和厉害之处，很推荐这门课程！\n\nPS 那个听辩，我在听的过程中真的找到了一些自己喜欢的曲子，如果大家上课时抱着以上这门课的获得为价值而不仅以获得高绩点为价值的态度，可能会轻松和简单许多！
106502,194,陈列,2019-04-28 02:50:50,0,0,0,古典音乐启蒙 以前听不下去的古典也变得能够理解和优美了
106621,194,陈列,2019-04-28 11:48:12,0,0,0,很可爱的老师
106753,194,陈列,2019-04-29 09:02:57,0,0,0,老师超好啊，很有气质，在通识课里算事少的了，好好对待两次听辨和论文绩点不会低的。
106779,194,陈列,2019-04-29 11:41:46,5,5,0,【西方音乐简史】就倒数第二节课点了一次名，两次听辨小测，一篇正反面A4纸论文。音乐教室的座位没有桌子，写作业比较困难。音乐课是我每周最期待的课程。环境很好，软椅、音乐，饭后美妙午睡时光。老师时不时会亲自弹琴，所以喜欢坐前排靠近钢琴的位置。上课时的ppt不会传到公邮，平时想记录的内容要及时记下来。通过这门课认识到不少音乐家和作品。感谢这门课让我爱上古典音乐。
108090,194,陈列,2019-05-14 12:43:31,0,0,0,基德通道
109386,194,陈列,2019-06-13 15:30:46,-6,2,8,西方音乐简史 事少 但给分超级不好，一门通识课60多分，我也是醉了
109689,194,陈列,2019-06-18 11:45:26,4,4,0,吹爆老师干货满满的视唱练耳课！
109737,194,陈列,2019-06-19 03:12:06,4,4,0,老师的视唱练耳和西方音乐简史我都上过，真的超级好！！！老师弹钢琴真的超级棒！！如果老师开别的课，我还会再选的！！！！
110219,194,陈列,2019-06-24 15:18:21,5,5,0,超级好的老师呢！！
110220,194,陈列,2019-06-24 15:50:20,6,7,1,出分了特别来感谢陈列老师。呜呜呜视唱练耳对小白实在是太友好了，学到的满满的干货，给分也好。
110228,194,陈列,2019-06-25 00:24:48,6,6,0,谢谢老师的满绩，谁说工科生作文写的差就满不了，只要把你的真实想法写出来，老师一定是会看得到的，看得到我们的良苦用心的。
110230,194,陈列,2019-06-25 00:49:57,8,8,0,西方音乐简史超级棒！写一点感想吧。1.小论文真的不用非常专业，甚至不需要查阅太多资料，写出自己真实的音乐感受才是重要的 2.听辩好好做，不难的，给的曲子都是相当有名的，不算太难记。3.上课的内容很充实，老师钢琴弹得超棒，知识水平也非常高。无论是否喜欢古典音乐，这个课都是值得一听的。4.给分我觉得比较好，我的听辩也没有全写对，论文自我感觉一般吧，但最后绩点还是令人满意的\n\n  总之，吹爆陈老师！
110231,194,陈列,2019-06-25 00:51:12,6,6,0,陈列老师简直是浙大的神奇宝贝！！听她讲课，欣赏她的演奏，实在是一种享受。老师流露出一种高音乐修养的气质，十分可爱近人。在课上很注重培养学生自己对古典音乐的认识。能在浙大选上这样的通识课很幸运。
110233,194,陈列,2019-06-25 01:00:48,8,9,1,我爱陈列！
110243,194,陈列,2019-06-25 04:28:48,3,4,1,真不像前面说的那样，，，视唱练耳对小白真的很照顾，一个学期真的学到了不少东西，事还不多，成绩也很好看。感谢陈列老师！
110246,194,陈列,2019-06-25 04:50:34,5,5,0,真的吹爆！！听辨做对，论文写出自己观点！最后4.8！
110254,194,陈列,2019-06-25 05:27:15,5,5,0,我真的爱了\n\n听辨没全对 论文也不太会写 最后4.5\n\n就老师来说真的很棒很棒 气质绝对是女神  底蕴很深厚 很可爱很温柔\n\n10分
110262,194,陈列,2019-06-25 06:55:34,3,3,0,视唱练耳出分了！！呜呜呜谢谢老师！！陈列老师真的超级好超级好！！（最后一节课交卷的时候还给每个人领了一颗糖：）
110276,194,陈列,2019-06-25 09:25:25,-1,3,4,没基础就是帮别人刷绩点，分分钟绩杀你
110277,194,陈列,2019-06-25 09:26:22,9,10,1,西方音乐简史，难得的事少还给分好的课。两次听辨稍微准备下，论文写出自己的真情实感就好，也不用多么华丽有文采，分不会差的。最后，抛开分数，陈列老师真是又美又有才，钢琴弹的超棒，选上的小伙伴偷着乐吧hh
110339,194,陈列,2019-06-25 17:44:38,5,5,0,满绩了！大学第一个满绩呜呜呜感谢老师！因为视唱练耳有基础所以期中之前的课几乎没去过(跟老师申请一下就可以了)，考试也是比较简单哒！推荐有乐理基础的同学报！老师人也非常和蔼可亲(●✿∀✿●)
110394,194,陈列,2019-06-26 10:02:13,-2,6,8,没想象的那么好，而且怎么说呢感觉不听课都完全可以，因为听辨测试和论文都不靠上课完成。对于没基础的同学确实不友好，但是我辛辛苦苦的给我卡绩有点不好吧，比专业课几点都低。。。
111078,194,陈列,2019-06-29 13:27:48,3,3,0,列列女神！！！！！讲得好棒棒棒棒！满啦
111612,194,陈列,2019-07-02 07:05:41,1,1,0,视唱练耳：一次期中小测，平常会有视唱抽背，期末分口试笔试。老师很nice，还会给大家表演～
112120,194,陈列,2019-07-03 15:50:11,3,3,0,喜欢古典音乐的表示听得很爽
117090,194,陈列,2019-09-19 05:47:33,5,5,0,才听了没几天就爱了。很喜欢，老师很有气质，越看越耐看，声音好听，上课有趣，不管最后会不会绩杀都想爱你这个人。
118664,194,陈列,2019-10-30 06:57:42,3,3,0,老师上课很生动 经常现场演奏 事少 就是听测要好好准备 希望老师可以开猫和老鼠中的古典音乐嘿嘿嘿
118766,194,陈列,2019-10-31 14:46:44,0,0,0,好。。。
118925,194,陈列,2019-11-08 01:21:51,3,3,0,时而昏昏欲睡，时而精神百倍。老师气质和演奏技术一流的！无奈我有时候真的会很困，不过只要论文认真写，坚持自己的想法，然后听辨也不是很难，总之值得花时间去上一下。
119147,194,陈列,2019-11-11 01:15:06,2,2,0,论文写好，听辩答好，成绩不会差
119215,194,陈列,2019-11-11 08:51:08,0,0,0,上课内容是在任务介绍中夹杂着音乐（也可以说是反之），上课时间段容易睡觉，但似乎对成绩没什么影响（？）论文与听力好好搞就能高分了
119251,194,陈列,2019-11-11 23:41:11,2,2,0,老师人真的温柔又可爱！弹钢琴的那种气质是我从小很向往但最终也没形成的。上课干货很多，听音乐的机会很多。夸爆她！！！！！
119286,194,陈列,2019-11-12 02:39:37,1,1,0,挺好的啊老师很温柔
119367,194,陈列,2019-11-12 10:33:59,0,0,0,上西方音乐简史，老师特别nice，就是听音乐太舒服了又是下午的课很容易犯困……给分不错
119495,194,陈列,2019-11-13 05:35:41,0,0,0,超级好的西方音乐简史！
119501,194,陈列,2019-11-13 06:11:34,0,1,1,特别好！听辨全对论文有一点观点 满绩啦 爱老师（对不起我都还没来得及认认真真听一次老师上课
119521,194,陈列,2019-11-13 08:43:50,0,1,1,两次听辨，一次论文，中间点了一次名\n\n听辨全对，论文写了高中听古典乐的经历。。居然满绩了\n\n课上有音乐听
119522,194,陈列,2019-11-13 08:49:29,1,2,1,绝对的公平公正。很真实的老师。会为了一视同仁而在授课期间不接收同学们的好友请求（当然课程结束就不会啦）。钢琴博士不是吹的，绝对视觉听觉震撼。\n\n这是一门让我重新感到一分耕耘一分收获的课程，熬夜论文，将近十小时。感谢老师，zju的第一次满绩❤️ 。
119538,194,陈列,2019-11-13 10:52:31,1,1,0,啊啊啊好喜欢啊～我爱你老师！♡
119651,194,陈列,2019-11-14 13:58:11,0,1,1,老师真的很好啊……就是自己音乐素养也最好高一点 要听辨和写论文 你懂的。。。至于绩点，那个体差异很大的应该不会低于3.3/79
119844,194,陈列,2019-11-16 04:35:18,0,0,0,爽死了
120206,194,陈列,2019-11-24 01:52:42,3,4,1,其实我感觉她看文章主要看创新点。老师本来就是音乐专业的，网上查来的乐评人家会看不出来？我的建议是多想想音乐之外的东西。我的文章主题是从鲁宾斯坦看科学与艺术的关系，结果满绩了……
120750,194,陈列,2020-01-17 09:41:34,2,2,0,别说自己听辨全对了，大家都对的。别说自己论文认真写了，大家都觉得自己很认真的。林某的错不是老师的错，老师每次调分也很痛苦的。
120772,194,陈列,2020-01-16 22:05:20,-1,0,1,emmm还行吧上的西方音乐简史。上课也比较轻松，一个短学期两次听辨加一篇论文（限字数），虽然经常睡着，但是最后绩点也还行，最后感觉起码也记住了几首古典音乐，想轻松一点的同学可以选一选
121028,194,陈列,2020-01-19 09:34:34,2,2,0,视唱练耳。\n\n课程安排有一次期中考、一次期末考，都在课上进行，其中期末考还加入了口试。半期考的考试内容是：旋律节奏听写、音程构建与判断、音阶构建、调式判断、音乐术语；期末考的内容是旋律节奏听写、音程和弦构建与判断、音阶构建与判断、调式判断和音乐术语。整体难度在视唱练耳版块里是很基础的，老师的上课也是完全对零基础的开放的，如果先前有基础学这门课会很轻松。尽管老师讲的都是零基础的同学可以掌握的知识，但是由于这门课本身的性质还是不太推荐音乐零基础的同学选，如果选了就要花更多时间来学习、记忆。对于有基础的同学，正常发挥给分应该不会差。
121696,194,陈列,2020-01-21 02:12:25,1,1,0,老师真是女神
122959,194,陈列,2020-04-26 02:27:41,2,2,0,陈列老师一级棒！！！人美温柔善良，备课评作业超认真，绝对公平公正！是我心里想要成为的人，永远的人生导师～最后谢谢老师拉分🙏
122965,194,陈列,2020-04-26 11:44:40,3,3,0,西音史刚刚出完分过来的，陈列老师真的是女神！！！快pick她！
123022,194,陈列,2020-05-01 03:18:26,2,3,1,人美心善给分好，没有鹅颈，这才是通识课的样子～(￣▽￣～)~
123481,194,陈列,2020-06-09 06:10:08,1,2,1,女神女神，优雅又幽默，钢琴弹得超级超级好，课堂干货多，给分也非常好！上课听听认真完成作业，小论文写出了自己的真情实感和对纪录片的理解，直接就满了！陈老师我爱你！！！
123682,194,陈列,2020-06-11 11:02:33,2,2,0,陈老师的西音史超好~虽然还没出分先来打个十分
124321,194,陈列,2020-06-29 07:51:11,1,1,0,人美事少给分好，吹爆！！！
124474,194,陈列,2020-07-01 19:04:34,1,1,0,很棒的老师！
127793,194,陈列,2020-11-27 06:30:50,4,4,0,陈列老师超级棒，没想到上西方音乐简史还基本上每节课能听到老师的现场演奏，万圣节送大家糖果，中秋节送回家的同学一曲平湖秋月，真的是深深感动！听辨测试也比较简单，作业少，只要你有一颗热爱音乐的心，一定能收获满满
131017,194,陈列,2021-01-25 14:43:01,4,4,0,被正态到3.3很难过，但还是很喜欢陈列老师！
131050,194,陈列,2021-01-25 16:48:44,4,4,0,第一门满绩的课！！西方音乐简史\n\n课程压力很小，一次听辨，两篇论文，几次小作业(真就是每道题只用回答几个字的小作业)\n\n偶尔签到\n\n听辨老师会提前两周给，时间很充裕，曲子的区分度也挺大的\n\n论文会规定上下限，避免鹅颈，真的就是写出内心感受就好\n\n平时作业几乎每次都有补交通道\n\n老师真的炒鸡为学生着想\n\n哪怕有正态也会努力一个一个调让更多人上80(老师自己说的)\n\n超级赞！！！
131132,194,陈列,2021-01-26 05:50:09,2,3,1,大爱陈列老师的，西方音乐简史非常轻松愉快，也不用考试，作业是两篇类似小作文的，加起来大概2000多字，不用考试，平时也就一次听辨测试20首选10首，爱了。4.8开心😁
131252,194,陈列,2021-01-27 00:23:55,8,9,1,开森开森，视唱练耳满了\n\n先讲老师的气质好了，老师弹钢琴出身，根正苗红的上音人，这本身就是对气质的完美塑造！每次弹钢琴的时候你都能感受到别样的陈列老师，专注沉醉，优雅知性。今年欣赏了老师的《平湖秋月》和《船歌》，还有两次音乐会上的演奏，莫大之荣幸！\n\n视唱练耳本身确实硬核，即使个人有音乐基础，也需要重新对乐理知识补充和整理。老师是面向零基础同学开课的，但学过音乐的都懂，光五线谱读谱就需要至少一年来熟练；所以对新手是有难度的，介意慎选\n\n课程整体任务不大，就是每周有20分钟左右的作业，两首视唱；最后考试也是笔试加口试，具体可翻楼上评价（特别说明，期末的六首视唱会比陈曦老师班的简单一点）\n\n总之，🐛 就vans，女神的课有什么理由不🐛 \n\n再次感谢老师！！！！！
131452,194,陈列,2021-01-27 14:23:16,3,3,0,西方音乐简史非常吸引人，而且老师很好很温柔，弹钢琴的时候太美了。没有考试，三次小作业都是PPT的内容，很好写。一次听辩有很长时间准备，多听几次就可以记住。最后写的两篇文章只要用心就会好，而且字数不多。强推！
131562,194,陈列,2021-01-28 04:29:33,3,4,1,真不错，感觉生活品质都提高了
133577,194,陈列,2021-03-02 09:31:11,5,5,0,老师真的很温柔！技术水平没得说！西音史课程很轻松也很有趣，三次无脑答题小作业，还有两个大作业是写观后感和假想音乐会介绍，而且有字数上限要求哈哈哈哈。最后绩点会一个一个捞，尽量减少被正态的同学！真的太好了哇，推荐！
135117,194,陈列,2021-05-01 04:49:24,1,1,0,女神老师很棒！！都给我选！！！
135183,194,陈列,2021-05-05 11:17:42,2,2,0,我永远喜欢陈列老师
135288,194,陈列,2021-05-07 15:06:04,2,2,0,女神٩(๑òωó๑)۶
136264,194,陈列,2021-06-14 16:30:25,7,7,0,选的视唱练耳，事情比较多，每周都有作业，有时会要求提交学在浙大，有时不用，每周都有视唱练耳抽查，然后会请人回答问题，有小组展示，有期中期末考试，每节课有课堂练习，难度较大，而且教的都是专业乐理知识，可能会比较枯燥。\n\n不过老师人很好，很温柔善解人意，钉钉秒回，儿童节发巧克力做礼物，还没期末考试出成绩，不知道给分如何。
136709,194,陈列,2021-06-23 08:41:55,12,13,1,西音史最后一节课，老师第一次正式地完整演奏一首曲目——柴可夫斯基的《六月船歌》——听完时发现自己已经双眼模糊，不知是不舍还是感动…
138137,194,陈列,2021-07-07 13:02:12,8,8,0,西方音乐简史\n\n1.关于绩点，我是没有任何基础的那种，最后绩点没有很高，但是也还不错。我觉得这课其实蛮轻松的，论文嘛，跟有基础的同学写出来的肯定也是有区别的，但是真的没有说给别人刷绩点这样子，所以认真写就好啦。总的来说，我个人是觉得老师打分没啥问题，毕竟这课也有正态。\n\n2.关于课程本身，这真的是一门很好的课！学到很多东西，而且因为这门课而发现了古典音乐的美，我觉得收获真的很大。\n\n3.老师真的超赞啊！！讲的很好，人很有趣，弹琴也超棒！最后一节课给我们弹了首钢琴曲，真的有些泪目了。\n\n总的来说，还是很推荐大家选这门课的！
138606,194,陈列,2021-07-10 03:02:33,2,2,0,陈列女神的视唱练耳yyds！
139177,194,陈列,2021-07-13 06:41:18,-19,2,21,卡我绩。。。
142624,194,陈列,2021-11-14 16:59:32,1,1,0,只能说非常不错的一门课，后悔大二大一没选。大四才上
142630,194,陈列,2021-11-15 00:19:31,0,0,0,呜呜呜陈列老师yyds
142716,194,陈列,2021-11-15 11:49:19,1,1,0,西方音乐简史，给分很不错，事情也不多，作业没有音乐基础的也可以很轻松完成，很推荐。
143840,194,陈列,2021-12-08 08:21:35,1,1,0,好课，每个环节都用心了结果不会差
144222,194,陈列,2021-12-20 14:51:52,1,1,0,女神哇！！！认真完成要求分不会低的哦~~~而且上课认真听真的可以大幅度提高音乐素养！！！
145206,194,陈列,2021-12-28 08:03:18,0,0,0,陈老师太和蔼啦，钢琴课可能是集体教学的原因很难一对一教，每次看到女神我都很开心
145358,194,陈列,2021-12-29 07:26:29,0,0,0,老师人挺好，最后的听辩一定好好准备
145364,194,陈列,2021-12-29 07:32:32,5,5,0,老师真的很不错，虽然听测提高了点难度，但真的成绩不行也是我自己的问题，老师上课风趣幽默，弹得一手好钢琴，最后一节课甚至不顾自己的手伤为我们弹琴，只是三个星期前有同学提出想听听月光，她就练了很久给我们弹……真的很感动，谢谢老师，给我们带来一场很好的体验
145365,194,陈列,2021-12-29 07:34:27,0,0,0,每节课都是去听老师钢琴演奏的^O^
147746,194,陈列,2022-01-10 16:08:56,2,2,0,真的很好很好的老师！上课还会弹琴
147784,194,陈列,2022-01-11 00:36:57,0,0,0,我爱老师
149730,194,陈列,2022-01-16 14:50:54,9,9,0,课程：西方音乐简史\n\n打分：10/10\n\n这门课是从古希腊开始介绍西方音乐，比较适合零基础入门（有基础的可能会觉得无聊？），有1次听辨（20选10）+2篇作文（1篇假想音乐会，1篇观后感）+3次小作业（每次10个小问题，题量=10道填空题）\n\n以及作为一个萨列里粉对老师介绍莫扎特顺带一提提到的萨老师的形象不太满意（？）（大概就是一般路人对萨列里的误解形象，多多大哭.jpg）\n\n老师是真得女神，最后给我们演奏了老贝的《月光》第三乐章（疫情期间答应的，好久没提我都以为她忘掉了555结果最后一节课弹了，大感动）德彪西的《月光》（对不起钢琴选手只能想到被那一连串升降号恶心的感觉而不想对德彪西的《月光》做什么评价）老柴的《六月船歌》（我永远喜欢柴可夫斯基——）。\n\n差点忘了，助教人超好！最后听辨前提醒我们要注意写乐章名，而且是零学家！（如果你能很慢地找到一个零学家，那么你就能很快地找到一个零学家，缺德.jpg）
149855,194,陈列,2022-01-17 09:42:35,1,1,0,上课太有格调了
150664,194,陈列,2022-02-11 03:02:36,0,0,0,😢😢😢
151069,194,陈列,2022-02-22 15:32:52,0,0,0,上过视唱练耳，来给老师补个分！\n\n个人是有一点乐器基础的，但是感觉老师教得五线谱呀基本乐理都很浅显易懂，对初学者也十分友好。练耳中的听旋律个人觉得还是有点难度，不过老师出题很简单的！每次作业认真做了，上课听了，考试就基本会写，因为要考啥老师都提前给俺们说了嘛。\n\n总之是比较轻松愉快的课程，老师人好，课程内容也友好，基础乐理（其实也就识谱、基本调性）懂一点还是不戳的。
151121,194,陈列,2022-02-23 07:56:22,2,2,0,女神！
151649,194,陈列,2022-03-10 08:22:36,1,1,0,温柔的老师！而且给分还特别好，每次上西方音乐简史，我都超级享受的~还有助教哥哥也很棒！
152641,194,陈列,2022-04-17 03:18:35,2,2,0,po本人0乐理基础，但是只要上课认真听，旋律和视唱认真背，考试认真准备，绩点也能上4
152903,194,陈列,2022-04-21 12:53:16,3,3,0,老师人好课好给分也好！\n\n虽然平时没有太用心，但大作业用心写出真情实感，最后满了～
152904,194,陈列,2022-04-21 12:53:21,6,6,0,陈列老师女神~~~~~~~~人美心善\n\n异动补选进来的西音，不过遗憾春学期老师一直居家隔离，不能现场上课，六节课都是线上度过的。因为是音乐课，老师还时常在屏幕那边问同学们能不能听清楚。虽然作为音乐小白不怎么能听懂，但每周三下午听会儿音乐还是挺舒服，挺放松的，老师也时常讲一些故事。给分的话毕竟通识课，总要有人被正态，认真完成作业和准备听辨，像我这种错过两节课和第一次作业的也能拿到不错的成绩。听辨的话也不会太难，大部分曲子还是放开头，有一两个从中间开始放，不过主旋律都比较明显。考前一两周老师会把歌单给出来，然后平时没事儿走路上听一会儿其实就差不多了，其实也就当放松。\n\n反正就强推。
152982,194,陈列,2022-04-23 04:25:55,9,9,0,上的是2022年春学期的西方音乐简史，考核体系是三次小作业占比15%（完全无压力，基本可以全员拿满），考勤占比5%，假想音乐会介绍（包含三首不同风格、不同时代的古典音乐，规定行距和字体字号，不超过一页A4纸）占比30%，《从毛泽东到莫扎特——艾萨克·斯特恩在中国》纪录片观后感占比35%，听辨测试占比15%。看着多，其实事情挺少的，写出真情实感，分数一定不会差的\n\n上课内容方面，课程框架建构得很合理，从古希腊一直讲到斯特拉文斯基，一学期下来可以学到很多，能够对西方音乐史有一个较为整体的了解。上课时老师经常会放演出视频，或者亲自为我们弹钢琴，可以说每节课都是美的享受。同时，老师有时还会稍微提及一些形而上的艺术哲学内容，帮助我们更好地了解艺术的本质。\n\n总而言之，该课程是一门绝佳的美育课，强烈推荐同学们选择。
154668,194,陈列,2022-06-03 05:56:02,0,0,0,真的很棒捏
156298,194,陈列,2022-06-19 00:06:42,2,2,0,西方音乐简史\n\n感觉大作业一写的不怎么好，然而也有4.8，感动
156307,194,陈列,2022-06-19 02:03:52,2,2,0,老师温柔给分好，西方音乐简史任务也比较轻松，大大的赞
156309,194,陈列,2022-06-19 02:05:48,1,1,0,给分好！上课行！都给我冲西音史！
156562,194,陈列,2022-06-20 09:19:07,0,0,0,女神！
156810,194,陈列,2022-06-21 04:05:04,3,3,0,强推，音乐小白也可以选
156851,194,陈列,2022-06-21 07:04:28,1,1,0,大学以来见过最好的老师，没有之一。真的很幸运能选上她的打卡艺术之门钢琴
156882,194,陈列,2022-06-21 09:07:49,0,0,0,为什么女神的查老师还没上10？给我上！
157231,194,陈列,2022-06-22 12:45:32,0,1,1,每周最期待的就是陈列老师的课
157272,194,陈列,2022-06-22 17:41:17,4,7,3,视唱练耳。\n\n老师第一节课会告诉你，这门课很硬很硬很硬。\n\n事实证明，真的很硬很硬很硬。\n\n我舍友在另一个老师班，横向对比一下：\n\n人家作业交了就满，我们全班最高才95（我不是最高的，而且还似乎是5分一档）\n\n人家是小组展示做ppt，我们是合唱+互评（略尴尬）\n\n人家期末是视唱，我们是背唱和视唱，而且多一种要背的题型\n\n总之要投入的精力真的很多。确实会学到一些东西，虽然对于非音乐相关专业同学来说背诵各种东西意义不大。\n\n老师人其实很好，乐于接受建议，也会及时回答同学的问题。我只希望考核方式能有些变化，不要再来考试周疯狂背诵了。\n\n另外，不是很建议没有任何音乐基础的同学选。我一个萌新在的6人小组中3个钢琴九级真的会瑟瑟发抖（\n\n不过也并不绝对。我投入了不少的精力，最后成绩也还是很不错的。是一门投入与产出会成正比的课（因为没隔壁班水…或许也是好事吧
164552,194,陈列,2022-12-21 23:46:29,1,1,0,上了陈老师的视唱练耳，虽然大家都在推荐陈曦老师，但是陈列老师也特别好！强烈推荐！选到就是赚到！世界顶级音乐学院的钢琴高才生，点名的话印象中只在线上点过一次（视唱练耳这么有意思的课不会不来把呜呜），温柔耐心，课程有趣，感受良好！小白认真学也能上，还是再考虑一下吧，毕竟五线谱介绍和认音讲得很快，前期有人退出；内容对于学过五线谱的同学来说十分轻松（毫无压力），即使对乐理毫无了解也特别简单；不过两位陈老师好像在编一本教材，所以之后课程难度不敢保证（应该不会有太大区别）。考前复习划重点。感谢陈老师！喜欢陈老师！忠于陈老师！\n\n至于作业最高分95分，老师解释过自己认为人的视唱是不可能达到完美的，所以视唱打不了满分，最多95分。作业挺少也挺简单，考试也很简单。\n\n这门课不教“歌唱技巧”，唱为辅，不要误解哦。
165753,194,陈列,2023-01-09 13:48:05,0,0,0,打开艺术之门~因为线上原因小组四手联弹改成了800字观后感，交了就满分！个人认为视听和期末会更重要一些，也要做好在沉醉课堂的同时课下花时间练习的准备。老师弹奏曲子真是信手拈来，艺术素养极高！
166248,194,陈列,2023-01-11 14:25:00,1,2,1,没有什么基础的同学还是不要选视唱练耳了，作为通识来讲的话不太好学，听写节奏和旋律基本不太可以，认真复习也交了作业，最后3.6，总之慎重吧，老师人真的很好！！
166264,194,陈列,2023-01-11 14:59:55,2,2,0,老师人很好，给分也好，但还是建议有一定乐理基础或者音准较强的同学选视唱练耳~
166278,194,陈列,2023-01-11 16:15:07,3,4,1,如果你能学会的话，视唱练耳这门课真的很好。我个人体验来看，楼下有说有点名，但我因为太喜欢翘课了，硬生生一次点名也没听到（捂脸）\n\n\n\n最后很努力地复习课上的知识，硬是期末把天补了起来。在最后复习的过程中，我发现这门课只教授两升（41）和两降（73）以内的五组大小调的旋律识别，所以即便你没有任何五线谱基础，复习起来也是比较容易的。\n\n\n\n个人任务完成情况如下：六次作业有成绩的都是90分，期末考笔试的题目，前面差不多都做出来了。最后一道判断调性我没复习到位，基本上全都考找固定调旋律，找得到就能判断出来。最后是有一个不确定的。\n\n\n\n口试的话，我很认真地准备了几个难唱的曲子（良宵和爱尔兰...呜呜呜），结果因为设备缘故，只能用手机加入视频会议...最后节奏题和旋律视唱题因为屏幕显示不完全，需要一边唱一边拉屏幕，有点断断续续的，发挥不是很好。\n\n\n\n最终结果89/4.5，感觉很满意了。陈列老师给分是真的很好，任务也算是比较简单。\n\n\n\n这里教后来者两个简单的方法。第一个简单的方法能帮助你在前两周内判断自己适不适合退这门课：如果你听完第一节课的五线谱基础，结果三首视唱跟着旋律唱都唱不出音名，并且一个礼拜下来没有改善，那就退吧。\n\n\n\n第一周视唱应该必有一首533 422 1234555，如果你能在课上跟着唱完这首视唱，并且在课后熟悉旋律后能背唱这首视唱，那就，果断冲吧！你已经完成了这门课最难的一关。\n\n\n\n第二个是用来帮助你判断要不要弃修的。一共有两个判断点，第一个，节奏识别和旋律识别，第二个，会不会唱含有升降号的音阶。\n\n\n\n这两个判断点中任意一个你「做不到」，那就要考虑是否汽修。至于这两个判断点具体是什么意思，上到第八周时，你一定会明白的。\n\n\n\n最后我的建议是，如果没有基础，确实要为这门课留出一个汽修位。所以你选这门课的学期，要保证其它课都能跟上（笑）对于汽修的同学而言，这门课不汽修，其它课可能就要被拖垮了。
166342,194,陈列,2023-01-12 04:14:18,4,4,0,老师人很好，最后的期末考试真的很简单，那些学过艺术的大佬根本和我们这种小白拉不开差距，我平时上课听的也不那么认真，课后也没有花时间除了两三次作业，就是考前突击了一下绩点就4.5，老师给分真的和好，而且人也很好，上课也有趣。
166343,194,陈列,2023-01-12 04:18:11,3,3,0,我觉得这是一门挺硬的课，如果你也是零基础但是未来想学乐器的话，并且不要太水的话，愿意和专业课一样认真学的话其实可以收获很多东西的。老师的乐理知识很系统化，老师也很有人文关怀，人很好。还会提醒你去抢艺术团的票哈哈哈。虽然我是零基础，但是都有好好复习，也做了笔记。对这方面有点兴趣，也知道自己的基础不如别人，可能口试没有人家厉害，那就平时和笔试多多努力吧，最后绩点也还行吧。是一门对乐理有兴趣并且愿意努力的uu们可以尝试的课
166666,194,陈列,2023-01-13 07:47:05,1,2,1,老师真的人超级好哇很温柔
167150,194,陈列,2023-01-15 04:24:01,5,6,1,教会了我弹钢琴，满分。
167751,194,陈列,2023-01-19 01:38:54,-13,5,18,陈列老师极好，本人打开艺术之门钢琴随随便便就满了，上课体验是很棒的
168163,194,陈列,2023-01-31 04:25:57,5,5,0,打开艺术之门\n\n老师真的好温柔呜呜呜，简直就是我心目中妈妈的样子
169897,194,陈列,2023-02-28 08:59:12,9,9,0,究竟是怎样的运气，能让我上到陈列老师的课。\n\n没有音乐基础确实硬核，但是陈老师无论是教学、还是人格与气质，都让学生倾倒。
171110,194,陈列,2023-03-16 05:14:15,10,11,1,上了陈老师的视唱练耳，虽然大家都在推荐陈曦老师，但是陈列老师也特别好！强烈推荐！选到就是赚到！世界顶级音乐学院的钢琴高才生，点名的话印象中只在线上点过一次（视唱练耳这么有意思的课不会不来把呜呜），温柔耐心，课程有趣，感受良好！小白认真学也能上，还是再考虑一下吧，毕竟五线谱介绍和认音讲得很快，前期有人退出；内容对于学过五线谱的同学来说十分轻松（毫无压力），即使对乐理毫无了解也特别简单；不过两位陈老师好像在编一本教材，所以之后课程难度不敢保证（应该不会有太大区别）。考前复习划重点。感谢陈老师！喜欢陈老师！忠于陈老师！\n\n至于作业最高分95分，老师解释过自己认为人的视唱是不可能达到完美的，所以视唱打不了满分，最多95分。作业挺少也挺简单，考试也很简单。\n\n这门课不教“歌唱技巧”，唱为辅，不要误解哦。\n\n\n\n另外，感谢陈老师给了我大学以来第一个满绩。
176120,194,陈列,2023-06-28 00:53:29,7,7,0,每个上西方音乐简史的下午都很享受，还有机会听到老师现场的钢琴演奏；课堂的内容很丰富。\n\n西方音乐简史从短学期的课改成长学期的课之后任务会有变多，两次听辨，四次课后小作业，一篇观后感，一篇期末论文，还有期末的小组展示，但毕竟是2.5分的课，体验下来不会太累。老师不鼓励恶竞，有限制字数要求，希望同学们能够发表自己的真实想法和情感。\n\n老师最后也说希望能够给我们每个人好成绩。趁还没出分，保佑一下自己的成绩不要太难看hhhhhh\n\n总之，能选上是一种幸运！
177105,194,陈列,2023-07-01 17:05:44,5,5,0,人美心善，关键给分真的超级好！！！
177148,194,陈列,2023-07-02 01:56:39,9,12,3,《西方音乐简史》，每周最喜欢的课。老师特别温柔，弹琴的时候仿佛有光环围绕着。不提倡恶性竞争，文章规定字数上限，量一点不大。我没有什么音乐基础，写的基本上都是大白话，但是是认真写的，老师仍然给予了我非常高的分数。好希望有生之年能够再选上老师的课啊！
177251,194,陈列,2023-07-02 11:44:17,4,5,1,【西方音乐简史】体验感拉满！老师上课优雅又温柔，平时会有些小作业但是不是很多；稍微有点难度的可能是听辨，但是花点时间本音痴也全对了。最重要的是这门课给分是真的好
177330,194,陈列,2023-07-03 02:30:18,6,9,3,西音史是我这学期的希望之光。超喜欢翘课的我一节课不落，每周都很期待去课堂听听音乐，学一点浅但是有趣的知识
184983,194,陈列,2023-12-25 04:10:49,2,2,0,有幸选上陈老师的钢琴课，温柔细心，真的让我学会了钢琴，非常高兴，绝对满分
186050,194,陈列,2024-01-08 04:20:00,5,6,1,本学期幸运地选中了《打开艺术之门——钢琴》，老师人真的超级好！！教的内容也非常生动！零基础同学可以学到很多钢琴知识、音乐知识！老师和助教指导很Nice！我也算会弹一些钢琴啦啦啦！！！！
187118,194,陈列,2024-01-14 14:37:30,5,5,0,打开艺术之门，上课会先赏析一些曲目，期末会有听测考试，然后会教一些无基础的曲目（真的可以打开艺术之门！！！！！！本人有一点点基础但多年没弹真的接近小白）上完课以后重拾对钢琴的爱！！！！！！！陈老师超级温柔细心，助教xgg也是！！！！！！平时有空可以在规定时间内去练习，曲目演奏给分是看个人进步给的，小白真的不用担心！！！！（本人4.5，听测文献考试一大半不会）还会有小组练习，陈老师给了很大的鼓励！！！！
187959,194,陈列,2024-01-18 01:59:53,0,0,0,好爱陈老师，，，，。，。，。她的课谁上谁知道。。。。。。。
187970,194,陈列,2024-01-18 02:30:30,5,5,0,钢琴，虽然分数一般，但还是10分。零基础的可以无脑选，不过记得多去琴房练琴，期末有听辨识曲和看谱识曲的考试，记得提早准备，不要像我一样考前的晚上临时抱佛脚，微积分什么的还能补，这个是真得补不了。
188402,194,陈列,2024-01-19 02:16:48,0,1,1,太好了
193151,194,陈列,2024-06-04 05:08:09,0,0,0,good
193794,194,陈列,2024-06-18 08:11:21,0,0,0,老师的视唱练耳和钢琴都上过了，超级好的老师
193944,194,陈列,2024-06-21 03:28:53,1,2,1,上了老师的西音史，上课还是挺有趣的
193972,194,陈列,2024-06-21 06:48:13,0,1,1,上了西音史，老师人很温柔，讲课内容真的很吸引人，而且给分很好，课程任务也不大，文本作业都会规定字数，推荐推荐
194241,194,陈列,2024-06-23 01:06:15,4,5,1,人美心善，上课对纯音乐小白很友好，收获很大，给分还高（原始成绩90+占50%以上，最后还得调分），冲就完了
194922,194,陈列,2024-06-26 02:39:50,6,9,3,西方音乐简史，这门课上可以学到很多东西，从古希腊古罗马、中世纪、文艺复兴、巴洛克、古典主义、浪漫主义、现代多个时期的音乐艺术。可以真正感受到老师对于音乐的热爱。\n\n给分方面很好，本人之前没学过音乐，所有签到全部到课，作业成绩两次满分一次95一次90，两次听辨测试全部满分，论文写的中规中矩，期末展示和小组成员水一水。最后满绩了。\n\n总而言之，选她的课，你绝对不会后悔！\n\n另外提醒大家，选课选不上不用恼火，把课程时间空出来，然后两轮选课后申请补选就可以，这门课补选几乎一定选上的！我就是这样选上的，所以说善用补选！
197093,194,陈列,2024-07-07 14:07:07,-59,4,63,真搞笑，西音史一节课都没去过，满绩了
205828,194,陈列,2024-12-12 06:52:38,0,0,0,神中神！
208905,194,陈列,2025-01-03 09:33:14,0,0,0,必须满分，老师简直是女神
208909,194,陈列,2025-01-03 09:45:40,2,2,0,简直女神！识曲小小准备了一下，演奏一坨，居然满绩了！爱死陈列老师
209545,194,陈列,2025-01-06 08:31:08,4,4,0,钢琴课，补选选上的，虽然没有满绩，但是谢谢老师一学期的课程。您是我敲开艺术之门的引路人。
210135,194,陈列,2025-01-08 08:16:06,0,0,0,视唱练耳4.5\n\n老师人美心善，尽全力给高绩点，但是还是拼不过正态政策，只能调到89。\n\n老师教的很好，零基础也可以慢慢听懂，但是在正态之下可能就比不过那些有基础的了。
214865,194,陈列,2025-02-18 13:00:13,0,0,0,素养过硬，伟大，无需多言
217033,194,陈列,2025-03-31 14:38:12,2,2,0,非常优秀的老师，伟大，很棒的老师
219979,194,陈列,2025-06-13 04:05:31,2,2,0,西音史出分，陈列老师人很好，课程也很有意思，选的听辨曲子也都不错，从今年开始期末增加了知识测试，但是不用写论文。平常数字点名，期末考试那一天是线下报名字点名。非常感谢一个学期的教导。
219980,194,陈列,2025-06-13 04:34:08,2,2,0,老师水平很高\n\n\n\n真的很高，这样的机会是真的难得。\n\n\n\n出分拿下89很开心，应该说是比较捞的。\n\n\n\n很享受每周三的音乐课。
219989,194,陈列,2025-06-13 07:56:37,3,3,0,好老师，估计每次结课都会有大批人来刷高分的。不过给新朋友说一下，这学期西音史改为期末测验加两次听辩和小组展示，不是以前评论里说的水论文，期末较难但老师有捞。
220033,194,陈列,2025-06-14 01:43:22,1,1,0,女神满分！给分巨捞！上课还会弹奏钢琴，氛围好好
220421,194,陈列,2025-06-18 01:57:50,2,2,0,女神！
221432,194,陈列,2025-06-23 11:25:34,0,0,0,陈列老师真的很用心地为大家做音乐赏析，她是真心想让大家听到更多优秀的钢琴作品。她也教了我特别多技巧，本来选了一首完全没能力弹的贝多芬奏鸣曲，但在老师的悉心指导与日复一日的琴房练习后终于能把全曲熟练掌握，最后拿了满绩。我发自内心感谢陈列老师，她带给我的收获无法用言语估量，我也真心希望选上这门课的同学们能爱上钢琴，爱上古典音乐❤
425,227,周聪,2015-03-15 02:12:23,49,81,32,周聪老师的小提琴艺术超级棒，是我在浙大上过最棒的课之一，即便是初学者也能收获良多。老师上课很有意思，对学生也很好很负责，对教学极有热情。
1017,227,周聪,2015-03-21 10:19:31,-11,24,35,人格魅力不错，有气质，小提琴拉的很好。不过就是偏心文琴的人一点啦
2377,227,周聪,2015-04-27 16:09:11,7,23,16,上这个课。很开心阿。\n\n音乐真的是有一种魅力
2503,227,周聪,2015-05-04 13:18:22,2,8,6,很有趣
5092,227,周聪,2015-07-03 23:11:10,-4,19,23,只想说这么多人上的课，一定要让老师认识你，知道你努力过。。。不然分数呵呵
5279,227,周聪,2015-07-06 09:08:27,11,28,17,课很好没话说。\n\n就是给分很一般。。。新手小心了。一大波学过的都在这班里
8619,227,周聪,2015-09-23 08:07:09,35,54,19,上周老师的课三节下来手机电量基本不会变。
12808,227,周聪,2015-12-24 05:48:46,4,14,10,当然来这里不仅仅是学习小提琴，你会进一步走进音乐，与她相拥。\n\n
15402,227,周聪,2016-01-14 08:28:20,1,10,9,聪姐人超好，完全零基础也能上四，真是太惊喜了，而且绩点出超快哈哈哈哈哈哈哈O(∩_∩)O
21013,227,周聪,2016-02-10 03:46:43,1,7,6,炒鸡好的课
24050,227,周聪,2016-04-26 07:17:14,2,12,10,老师人超好，有木有！
27165,227,周聪,2016-06-23 09:37:42,3,9,6,老师人很好，有那种学音乐的气质，讲话听着让人很舒服，课也很有趣，上完之后有种get到一些艺术视角的感觉\n\n
30157,227,周聪,2016-07-01 04:09:10,16,36,20,讲道理，周聪老师是我小提琴启蒙老师的女儿，他们一家把我带上了小提琴的路
34869,227,周聪,2016-10-25 15:20:54,4,17,13,教的不只是拉琴 更是音乐 和一颗爱音乐的心
39709,227,周聪,2016-12-27 05:51:28,3,7,4,敲好的老师^ω^ 很温柔很可爱很耐心 小提琴拉得棒 也会讲蛮多音乐知识
43087,227,周聪,2017-01-18 02:36:02,-4,16,20,分数。。。不认识你的话就挺低的
44548,227,周聪,2017-01-18 02:47:49,-3,19,22,讲真……第一次被通识绩杀………虽然可能拉得不是很好，但是平时练习基本都有去，花了很多时间和努力，学期均绩直降0.6 黑人问号
44714,227,周聪,2017-01-18 06:48:18,-6,12,18,教得的确很不错，可是分数低……我是有基础的，然而最后分数刚过3 ？？？我们整组分数都很低，但是平时都练得很认真而且教的练习视频还经常被表扬……最后演奏也很整齐……但就不知道为什么……
44754,227,周聪,2017-01-18 08:09:54,-9,7,16,给分严格w
47224,227,周聪,2017-01-24 15:02:23,0,5,5,老师讲得真的很好，很注重基础，循序渐进，上课时还会讲很多乐理知识。这门课能够让人更加喜爱音乐。我当初纯粹是想学一门乐器才报这门课的，上这门课的很多都是学过小提琴的大佬，我没有基础，还以为自己的成绩会不好，没想到老师给分还挺好的。
47595,227,周聪,2017-02-05 11:11:06,3,9,6,想学小提琴的话，这节课还是超级棒的，老师循序渐进~至于绩点，个人觉得尽管低了一点儿也不要紧，毕竟，学会点拉小提琴才是最最重要的，是这节课真正的收获之一~
48167,227,周聪,2017-03-01 04:59:42,0,5,5,老师讲课很有趣，认真又热情，虽然是初学者，认真练习的话，仍然能得到很好的分数。还会讲很多乐理知识
51108,227,周聪,2017-05-17 12:50:55,-1,3,4,老师人超级好 课非常有意思
53145,227,周聪,2017-06-26 04:53:05,1,7,6,特别好！女神老师！很有收获！以后要去旁听！
53166,227,周聪,2017-06-26 06:11:12,-12,6,18,其实还是零基础比较好，呵呵h
59316,227,周聪,2017-09-21 00:36:23,2,16,14,周老师是个炒鸡好哒！身为文琴交响乐团的小提琴手 很幸运遇到了周老师
66778,227,周聪,2018-01-19 03:53:52,0,4,4,老师的课很棒
66780,227,周聪,2018-01-22 06:02:09,11,14,3,事情多的话建议不要选，挺耗时间。有一定基础的参加课程需要耐心，老师会讲的很慢。老师心地很好，谢谢老师。
66806,227,周聪,2018-01-19 06:39:11,-1,4,5,是很轻松的一门课，很享受，绩点也给得不错
66815,227,周聪,2018-01-19 07:05:04,0,8,8,零基础也能上四 一开始很怕 因为有基础的都拉得很好 后来老师说基础和零基础分开打分 非常合理了
66833,227,周聪,2018-01-19 07:25:10,0,5,5,超级棒！表白老师！是我上过的最认真的的通识课！没有之一！
67180,227,周聪,2018-01-20 11:58:32,-1,4,5,超棒，完全是艺术体验
67881,227,周聪,2018-01-25 00:29:39,-11,12,23,给分巨坑，jisha
68339,227,周聪,2019-06-02 12:24:50,0,6,6,老师超级棒
69052,227,周聪,2018-01-24 07:50:46,-5,9,14,只要肯好好练琴最后的成绩肯定不会低的，偏袒之类的情况也基本没有(至少我没看见过)，老师课也教的超级棒，真的超级棒，比一般琴行的老师好很多，不只是教你怎么拉琴，还有很多，除此之外，各种音乐会之类的老师也会给票。\n\n虽然压力可能有点大，但是应该是最好的通识课了。
74075,227,周聪,2018-02-05 01:52:53,-12,12,24,绩杀，给分巨坑
78690,227,周聪,2018-05-14 13:16:21,-4,3,7,周老师美丽与智慧于一身，在老师的课堂我充满愉悦和享受
78980,227,周聪,2018-05-18 13:42:37,0,5,5,爱老师 不解释
79267,227,周聪,2018-05-29 10:29:32,-6,3,9,.........
79616,227,周聪,2018-06-11 12:21:21,2,10,8,跳跳鱼是我见过最帅的助教
80369,227,周聪,2018-06-25 13:30:11,2,6,4,《空舟载雪》\n\n听哭了
83597,227,周聪,2018-07-10 17:57:32,0,3,3,圆了一门乐器梦吧。。老师和助教教的很好，很适合零基础的同学，但是认谱子有点困难，，初学者要上点心啊。。。。最后一节课老师给我们演奏梁祝和一首不能透露名字的曲子，很值！
86355,227,周聪,2018-09-14 01:42:59,-1,2,3,赞赞赞
91269,227,周聪,2018-12-04 15:18:14,1,7,6,很俏皮很有趣很可爱的老师 超级有魅力！助教小学妹也太棒啦? 好喜欢你
93738,227,周聪,2019-01-12 12:30:46,7,31,24,是女神老师！超级幸运每次上课都是离老师超级近的地方，看着老师上课时全身心投入的样子，超级开心。也因为老师的分组收获了同组的男票。 （*/∇＼*）
96841,227,周聪,2019-06-14 08:56:23,23,35,12,没基础的要慎重。高分首先给了文琴的，然后给了有基础的有存在感的，最后给了组长。如果你又没基础又不是组长，不管你多么努力多么认真，根据正态分布，你只能收获一个辣眼睛的绩点。
111769,227,周聪,2019-07-02 22:03:13,0,3,3,艺术之美的来了，课程很有意思，可以见到很多老师，就是任务有点多，anyway过来人看，也还好啦！
119191,227,周聪,2019-11-11 05:58:31,24,44,20,小提琴课不错。\n\n但是不推荐。\n\n老师带头搞形式主义恶竞。\n\n平时要求联系没毛病，但是偏偏要把拍来做练习证明的视频搞得花里胡哨。绝了。\n\n这门博雅技艺分不好拿。太多学过的人了。
119193,227,周聪,2019-11-11 06:14:15,21,32,11,老师带头搞形式主义，上交视频的正面例子就是典型的鹅颈视频。而且完全不理解为什么要同学互相打分。随便您吧，我弃修了。
119194,227,周聪,2019-11-11 06:20:09,33,41,8,很不公平，而且练琴之外的东西太多了
119199,227,周聪,2019-11-11 06:38:35,28,32,4,上课注重细节，很用心。但是在考试方面，今年用了app，评分方式换成投票定档，老师评细分，有基础和零基础的同学拉同一首曲子，用同一套评价体系，同台竞争……
119200,227,周聪,2019-11-11 06:46:19,19,26,7,教的不错，评分手段不好
126182,227,周聪,2020-09-18 12:38:03,-15,9,24,文琴毕业生留。不论是艺术造诣、管理能力、亲和力、榜样作用都是那样的优秀，工作很忙，但几乎不缺席我们每一次排练，可以感觉到老师深深爱着文琴交响乐团，爱着自己每一名学生。感谢周老师！
136459,227,周聪,2021-06-18 07:00:32,19,24,5,老师很会讲解，但是打分方式感觉不合理。每一个小组里面的人都是有基础的大佬和零基础小白混杂，拉同一首曲子，一起打分，就是小组你都一个分，可能除了组长分数高罢了。离谱啊……一起被正态吧
137336,227,周聪,2021-07-03 09:20:16,47,65,18,就很emmmm，老师喜欢花里胡哨的东西哦。期末考你不去文琴请几个外援来，你再努力也完蛋蛋哦。差点忘了说了，某小组期末考甚至把陈曦老师请来当钢琴伴奏。人脉真好呢。
138060,227,周聪,2021-07-07 08:24:50,21,24,3,老师上课非常认真，听课是一种享受。但是评分的确是对文琴的同学有所偏倚（我所知道的我们那个班文琴的学生几乎都是满绩）\n\n对于小白来说能学到不少东西，但是也要花很多很多时间，所以自己要有所权衡。老师看的最后呈现是结果，不是进步过程，无基础者要有一定的思想准备，平时多多练习。
149123,227,周聪,2022-01-14 13:10:36,6,11,5,小提琴课超赞！\n\n如果一学期认真学下来，截至期末你就可以演奏一些简单的一级曲目了，但这门课如果想学好需要投入很多时间，小组练习＋个人练习每周【至少】要腾出半天的时间，而且最后的成绩不一定会让你满意（因为有基础的同学约占20%😂），但你一定可以从这门课收获比绩点更重要的东西。\n\ntips：如果想要后期轻松一点的话，秋或春学期一定要努力打好基础，主要有：姿势、节奏（和音准），刚开始最好照着镜子练琴并且一定要开着节拍器，否则节奏问题将直接影响你们小组合奏时的表现！
159089,227,周聪,2022-07-06 04:37:46,0,3,3,我爱死我们的助教gg了～\n\ngg每次批改作业的时候都会写很专业的评语，后来小组练习的时候还会亲自来指导我们练习！gg技术真的很绝！\n\n十分给助教！同学们快冲！！
161343,227,周聪,2022-11-04 09:21:39,-2,1,3,嘿嘿，水平够
164441,227,周聪,2022-12-21 04:00:22,-5,1,6,快来选快来选
166060,227,周聪,2023-01-11 03:59:54,0,4,4,老师水平极高，课上不仅仅教小提琴，还带我们鉴赏音乐，每一次上课真的是享受！
172223,227,周聪,2023-04-22 15:46:49,0,6,6,教得挺认真的，无论有无基础都能学到东西，技巧与鉴赏结合。\n\n至于嫌事多的，想来凑学分的，请绕路，毕竟学一种难度高的乐器必然要花很多时间的
174898,227,周聪,2023-06-19 12:56:39,0,2,2,老师很好，但是学乐器不可避免地需要花时间练习
177290,227,周聪,2023-07-02 15:07:53,-3,2,5,从音乐鉴赏到小提琴技术，再到处事的风格我都好好好好好喜欢啊！！周聪老师和小提琴真的带给我太多快乐与幸福了
181613,227,周聪,2023-10-24 08:30:51,-2,2,4,老师讲的很好，对于基础不好的同学也很耐心，即使你的作业视频不太好也会给你满，总而言之是一个非常好的老师
184638,227,周聪,2023-12-22 04:34:23,15,18,3,周老师真的是一位非常好的老师，讲课非常深入细致，待人也很温柔耐心，教授方法十分独到，虽然课程是针对零基础同学制定的，但是有一定基础的人认真学也能有推倒重来、巩固基础的进步空间，不必担心学不到东西。\n\n  但是另一方面，一些负面评论所提到的问题确实存在，第一就是如果期末考试小组没有 有基础同学/外援 的话可能表现不会特别突出（给分目前不清楚，理论上老师是靠曲子完整度评分的，不看曲子难度），第二是炸鱼现象还是存在的（我所在的28人班级中大约7人有基础，其中1人文琴，其他班不清楚）。也许把期末音乐会的外援制度取消，改成固定放伴奏会更好一点。\n\n  总体上还是强推的，无论如何是一名非常优秀非常好的老师，能够选上周聪教授的课感觉非常幸运\n\n  一些其他情况：\n\n1.上课使用知到/智慧树app点名，一学期约点6次名；\n\n2.课下作业为每周录制上传1首曲子/一支音阶的视频，后半学期组成小组后会增加小组练琴视频上传，总计每周需要花2小时左右，如果想要学的突出需要再多花时间\n\n3.每周作业只要交了就必打满（1分/次）
186076,227,周聪,2024-01-08 07:35:18,0,6,6,事稍多，但能学到真东西。\n\n老师专业水平毋庸置疑。也非常和蔼，最后一节课跟同学合奏《一步之遥》，留下了美好的回忆。
188723,227,周聪,2024-01-19 16:56:47,-4,4,8,论辈的话周老师应该算是盛中国和林耀基的师侄，出身绝对根正苗红，专业水平也超级高，而且人非常和善、愿意和同学交流。小提琴艺术这门课绝对能够让你学到除了小提琴技术的更多东西，包括但不限于对艺术作品的鉴赏能力、举手投足间的艺术气质的提升、日常生活中思考问题方式的改变以及一些演出机会（23级秋冬班幸运的参加了大学之声新年音乐会），至于给分只能说是一分耕耘一分收获，毕竟这是一种不算好学的乐器，平时还是要按部就班地练琴、完成课上布置的任务。\n\n关于前几年热评中存在的问题，只能说23秋冬班并没有发现如他们所说的现象，而至于所谓的形式主义和恶竞，不敢苟同，老师是学艺术的，这门课的一大目标也是培养艺术素养，在一些事情上会更多的注重仪式感，会占用更多精力和时间是真的，但我并不认为这是恶性的形式主义。想混的还是远离吧，无论是想混学分还是高绩点。
188746,227,周聪,2024-01-24 12:09:42,5,9,4,女神老师😘\n\n小提琴艺术课，不仅教怎样拉琴，还会带着同学们认识如何调弦，如何与同伴配合；以及了解不同的律制，不同地区民族音乐的特色；并且专门有音乐鉴赏的一节课，等等等等，这学期还带同学们在学校的新年晚会上进行了演出。以小提琴为中心，囊括了音乐艺术的方方面面，一学期上下来收获非常多。老师温柔亲切，专业能力和教学水平都很强，平时会在群里转发各种音乐会的消息，同学加微信也会通过，而且会不厌其烦地回答各种问题并提供指导😇🥺\n\n上课方面，不定期GPS点名，每节课内容紧凑无课间休息。每周线上作业交自己拉规定曲目的视频（截止时间不是很重要，应该在期末前全部提交就好）和观看翻转课堂视频（期末前看完规定篇章即可），后半学期会分小组并要求交小组练习视频和报告（由组长负责），期末时要交一个作为期末线上成绩的视频，内容是一首课内曲目。作业不论质量，只要提交就都给满分，期末视频会有打分。期末考核是一场班级音乐会，每个小组集体演奏一首曲子（自选曲目，自行安排），老师在台下给每位同学分别打分，以及交一篇随笔（内容题材字数不限，与小提琴艺术这门课有关即可）。\n\n总的来说是蛮硬的课，对有小提琴基础的同学而言较轻松，只要抽一小段时间录视频就好；零基础的同学就需要每周保持一定的练习时间（毕竟是一门难学的乐器）。纯粹想水的话别选这门课；音乐方面完全零基础，没法抽出足够时间练习的同学可以考虑下再选。\n\n成绩占比是平时40%，随笔10%，期末音乐会50%。本人学过钢琴，小提琴零基础，平时到课情况和作业全齐；随笔因为感想确实多所以真情实感地写了3000字左右；期末时的小组曲目的难度很低，不过完成度算比较好，没有特别准备伴奏、服装等，自己在这门课上确实下了功夫（不过拉琴水平也算不上有多好），期末有一点紧张出错但也完整拉下来了。最后有4.8，感觉给分还是蛮不错的，供参考。
188940,227,周聪,2024-01-20 17:15:12,1,3,2,上过课的都知道，老师会尽可能指导照顾到每一位同学，会耐心解答所有的问题，有着很高的艺术造诣。但是上老师的小提琴艺术课程真的需要一点决心，如果本就课业压力繁重，不能腾出相当的时间来练习，或者对音乐兴趣不大，那这门课，我想，可能也挺煎熬的。小提琴艺术是很难混绩点的一门课，尽管是2分的通识，但老师的耐心和细致，学生在作业和考试上面的练习时间都远超一般的通识课，如果你认真学完整个流程，那这门课真的能让你走进小提琴的艺术之门。
192840,227,周聪,2024-05-31 03:04:13,-3,1,4,超级好的老师www
192886,227,周聪,2024-05-31 08:50:59,-4,2,6,不多说，老师超绝，可以说是我在浙大遇到的最好的老师之一！！
194582,227,周聪,2024-06-24 12:15:19,1,1,0,上课前面还好，后面就有一点跟不上了。建议零基础的和有基础的分开，每周要花三四个小时去练，到期中期末的时候要花的时间更多，但还是绩点惨淡啊，拖我均绩0.2，qwq。零基础的同学慎选，对有基础的同学还是蛮好的。
194611,227,周聪,2024-06-24 15:35:23,1,1,0,哎，平时辛辛苦苦练琴，最后曲子有些难有点没跟上，没想到最后总评这么低。。。对有基础的同学还是挺好的，0基础有风险，慎重吧。
194895,227,周聪,2024-06-26 01:14:11,10,11,1,🥺🥺🥺拿到了完全意料之外的绩点，4.8。\n\n本人零基础，没有其它乐器基础，只会认五线谱，对节奏一点感知都没有。\n\n真的很难学，每周都要花起码两三个小时练琴，来完成作业。最多的一周期中考加天空之城，花了我八九个小时，所以选这门课强度和一些专业课差不多。\n\n上课也不会很开心，期中过后，大概就进入了完全跟不上的程度，每次上课都很失落，需要课后反复练习。\n\n因为最后期末考小组表演的水平，我们组也挺惨淡的，但是大家都零基础嘛，只能做到这种程度。一度我都不期望绩点上四了。\n\n拿到了4.8的绩点真的很感动，看来老师的确会把零基础和有基础分开评价，为了练琴左手按弦破的皮、指尖磨出的茧子都得到了回报。
194897,227,周聪,2024-06-26 01:31:01,2,2,0,老师人很好很亲切，助教哥哥也好，对于小白来说真的能从这门课上学习到很多知识并且得到锻炼，虽然期末小组的曲子拉的不是很顺溜，但是也为此努力了！希望以后能继续把小提琴坚持练习下去！！！
208914,227,周聪,2025-01-03 10:51:18,0,4,4,谢谢老师！满绩！
209537,227,周聪,2025-01-06 08:08:03,3,3,0,本人纯零基础、没有乐理知识，现在已经出分，非常意外，满绩。我知道，我只不过是一个个例，不能代表各位的情况。\n\n老师是很好的老师，非常耐心，如果你对小提琴曲（特别是梁祝，老师讲梁祝的时候会部分自己上场，不当面听真的感受不到那种震撼）建议选这门课。\n\n不过有一点要注意，小提琴课在后半学期会有较多的练习作业，而且难度也会上来，我也是经常锯木头和手指打结，加上在后半学期学习任务很紧，真的很劝退一部分本学期学业比较繁忙的同学。而且老师也说明了，这个课程的给分是按正态的，所以练习非常重要。如果你真的能够从春/秋6周开始到夏/冬7周，都有 至 少 每周 3小时（个人1.5小时，小组1.5小时）的练习时间，你可以非常放心选这门课。如果你的课程比较难，或者有较多竞赛、毕设之类的重要事务，除非最后一学期还没到培养方案要求，否则建议先放一放或者考虑其他课程。\n\n还有，前期的基础是真的真的不能落下，除了梁祝讲解，建议不要划水/逃掉任何一节课，否则你会在后期非常痛苦。选小组的时候，建议组内要有至少一位有基础的同学帮忙，我的小组都是零基础，大家经常会围着一把断弦或者音不准的小提琴束手无策。\n\n给大家一个不是那么具有泛用性的建议：如果你有一些喜欢听的音乐，建议在学习了C大调指法后尝试把它在自己的小提琴上重现，以度过一个很难受的瓶颈期。（比如走过漫漫时空、柔灯轻漾时等）（当然，如果你的喜好是偏向DESTRUCTION3，2，1这类的，就不是那么推荐这么做了）\n\n练琴的地方可以根据自己情况，紫金港西三、临湖小剧场、校友林都是好选择（如果夏/秋季不带防蚊措施，你会在校友林支付十几个蚊子包的“入场费”）。
211664,227,周聪,2025-01-12 06:22:45,1,2,1,老师讲的很好，本人学过其他乐器，有乐理基础，不过小提琴零基础，课很轻松，上课能学到很多东西，本学期还参加了两场演出，体验感超好，不过不知道为何我的绩点挺低的，诶，一个热爱小提琴的孩子碎了
214029,227,周聪,2025-01-23 04:37:46,2,2,0,绝世好老师 超爱小提琴课
214215,227,周聪,2025-01-28 16:13:34,1,1,0,好老师！
220596,227,周聪,2025-06-18 22:47:49,0,0,0,周老师真的真的是好老师！小提琴无脑冲！
220685,227,周聪,2025-06-19 08:40:16,-1,0,1,小提琴无脑上  满了！
220849,227,周聪,2025-06-20 06:08:15,0,0,0,没有那么夸张无脑上随随便便满绩吧，lz基础算是选课同学里面比较扎实的最后拿的4.5 但还是非常推荐非常喜欢老师的小提琴课 选这门课有不少有小提琴基础的同学 （印象里大概一半？）零基础在上课以及平时练习可能会更吃力些 但是最后的总评分数和有没有基础其实关系不太大 更多看演出的效果细节之类的 平时作业什么的交了就有分 （btw感觉找一个很有经验能设计好最后表演的小组比较重要 一组都是小白的话准备演出也挺困难的）这门课还是比较花时间的 分组后每周都要一起练琴交报告 但是小组氛围比起其他课程都要轻松愉快 也很容易交到好朋友 课程内容主要也是让不会学小提琴的同学能够入门 一些基础技法都教的非常细致准确（lz小时候学小提琴要是有这么专业的老师也不至于留下一些坏习惯）总的来说非常推荐对小提琴感兴趣的同学选这门课 你会得到很好的小提琴基础 以后想要深入学习小提琴会更简单 要是追求高绩点的话我只能说比较看你的小组实力 不太建议选
805,383,韦俊芳,2015-03-17 08:20:38,8,15,7,最好的普体老师。
1231,383,韦俊芳,2015-03-21 16:50:28,14,21,7,老师很好，认真，平易，可爱，但仍井井有条，纪律好。是那种以人格魅力而不是以高压管理学生的老师。
1462,383,韦俊芳,2015-03-22 05:27:54,5,10,5,感觉挺好的。
4160,383,韦俊芳,2015-06-18 02:38:34,6,11,5,特别棒！强烈推荐
5350,383,韦俊芳,2015-07-07 01:42:58,5,11,6,老师人很好，很亲切，会点名但点名次数很少。
6434,383,韦俊芳,2015-07-14 02:50:33,18,23,5,偶尔点名，人超好，上课也有趣，每次都会提前下课
8759,383,韦俊芳,2015-09-25 14:15:03,1,10,9,平时是不错！但是成绩错了一直不改导致整个绩点排名被拉了草！
9678,383,韦俊芳,2017-12-24 00:22:03,30,37,7,擅长30米往返跑的同学一定要选！！！不仅满绩而且满分啊！！
13161,383,韦俊芳,2015-12-25 03:52:18,10,17,7,点不点名又怎么样呢，老师已经这么好了，你不来上课简直就是自己的损失呀
14034,383,韦俊芳,2016-01-04 03:10:10,-4,7,11,很好的老师
14035,383,韦俊芳,2016-01-04 02:19:08,-13,9,22,分低 慎选
14037,383,韦俊芳,2016-01-04 03:12:24,1,7,6,特别棒
14038,383,韦俊芳,2016-01-04 02:45:50,9,13,4,老师好，课轻松
14042,383,韦俊芳,2016-01-04 03:04:00,4,8,4,这是最好的普体老师
14043,383,韦俊芳,2016-01-04 03:04:28,4,9,5,很好的老师 良心 对学生也很好
14045,383,韦俊芳,2016-01-04 03:05:57,1,4,3,good
14046,383,韦俊芳,2016-01-04 03:07:42,3,6,3,很棒！\n\n
14047,383,韦俊芳,2016-01-04 03:08:54,1,6,5,喜欢跑步的可以选\n\n
14048,383,韦俊芳,2016-01-04 03:08:58,5,9,4,脾气超级好
14049,383,韦俊芳,2016-01-04 03:10:22,0,4,4,很轻松
14050,383,韦俊芳,2016-01-04 03:13:12,4,7,3,很好的老师。绝对好的老师\n\n
14051,383,韦俊芳,2016-01-04 03:13:31,1,4,3,还不错
14055,383,韦俊芳,2016-01-04 03:38:28,1,3,2,好好好
14057,383,韦俊芳,2016-01-04 03:51:38,1,4,3,大水课，老师人很好，想玩的来，能很嗨皮，但要说想要学到什么真东西的话就算了
14060,383,韦俊芳,2016-01-04 04:20:55,0,4,4,超级好！\n\n
14061,383,韦俊芳,2016-01-04 04:23:03,2,4,2,水……
14062,383,韦俊芳,2016-01-04 04:25:20,2,4,2,很有趣
14064,383,韦俊芳,2016-01-04 04:29:40,5,8,3,老师很关心学生，上课很有趣，是我的女神，么么哒！
14065,383,韦俊芳,2016-01-04 04:32:05,0,2,2,很好的老师
14069,383,韦俊芳,2016-01-04 05:23:50,1,3,2,老师很棒
14075,383,韦俊芳,2016-01-04 06:04:44,0,2,2,轻松的课
14086,383,韦俊芳,2016-01-04 06:57:21,3,5,2,赞，好老师，理论考和专项考都简
14089,383,韦俊芳,2016-01-04 07:54:46,2,3,1,很开朗，很亲切，对于一个体育渣渣来说希望给分好一点
14095,383,韦俊芳,2016-01-04 08:29:22,1,2,1,不错喜欢
14215,383,韦俊芳,2016-01-05 11:47:47,3,5,2,超棒的体育老师 人超好
15563,383,韦俊芳,2016-01-15 11:06:20,4,7,3,快乐体育，挺轻松的！老师也很风趣！
15953,383,韦俊芳,2016-01-16 16:57:44,1,3,2,超级棒！老师好可爱~~~
16012,383,韦俊芳,2016-01-17 04:41:40,-1,1,2,很好\n\n
16872,383,韦俊芳,2016-01-19 06:31:56,1,2,1,都差不多，没什么好的
16941,383,韦俊芳,2016-01-19 09:37:44,-2,1,3,前几次会点名吧，但上课很有趣www我属于那种一直不喜欢体育的那种…但超喜欢上老师的课///
17031,383,韦俊芳,2016-01-19 13:13:28,0,2,2,老师挺好的
17272,383,韦俊芳,2016-01-20 03:19:32,0,2,2,非常棒的体验
18695,383,韦俊芳,2016-01-22 10:43:57,0,3,3,给分低
18799,383,韦俊芳,2016-01-22 14:31:37,3,5,2,上课特别好玩，给分也特好，最好的普体老师，没有之一。
19251,383,韦俊芳,2016-01-23 16:06:26,-2,1,3,
19817,383,韦俊芳,2016-01-25 10:27:00,-3,3,6,老师真心好，没有很多跑步，幽默可爱，还养生，给分也好。普体就要选她。
20037,383,韦俊芳,2016-01-26 02:52:09,0,2,2,老师很亲切
26019,383,韦俊芳,2016-06-15 05:21:19,3,5,2,很好的老师
31066,383,韦俊芳,2016-07-03 07:38:07,3,4,1,老师超级棒，考试简单，连着选了三个学期
31154,383,韦俊芳,2016-07-03 09:45:26,4,8,4,跑步慢的千万别选，血和泪的教训。
31378,383,韦俊芳,2016-07-03 23:42:20,0,1,1,老师是真的很关心我们 喜欢韦老师
35562,383,韦俊芳,2016-11-10 07:27:28,-1,0,1,老师人很好的
36814,383,韦俊芳,2017-01-16 01:13:27,-3,2,5,老师人超好，分也容易拿。每节课都会有不同的内容，很有趣
39432,383,韦俊芳,2016-12-22 15:49:42,0,1,1,棒棒的
39664,383,韦俊芳,2016-12-27 02:07:19,-2,0,2,亦师亦友
39835,383,韦俊芳,2016-12-28 02:47:49,-2,0,2,相见恨晚
39957,383,韦俊芳,2016-12-28 10:04:09,-2,0,2,好想再选，但是没有选到，心痛的感觉
40000,383,韦俊芳,2016-12-28 13:52:10,-3,0,3,老师人很好，课也很轻松
41806,383,韦俊芳,2017-01-12 16:42:04,-3,0,3,最好的体育老师没有之一。超级爱韦老师
43132,383,韦俊芳,2017-01-16 00:15:48,0,3,3,天气不好，一学期上了没几次课，遗憾！
43149,383,韦俊芳,2017-01-16 01:05:42,-3,0,3,上课真的很好啊很轻松很有趣给分还超级好，棒棒棒！
43157,383,韦俊芳,2017-01-16 01:21:49,3,6,3,这节课还是挺水的，老师人也不错，但是给分乱给，我课上的小伙伴打卡没满，期末考试也没我好，最后绩点比我高。
43158,383,韦俊芳,2017-01-16 01:23:49,5,8,3,成绩低怪我跑得慢，再不选普体
43292,383,韦俊芳,2017-01-16 05:33:00,0,3,3,老师人很好，就是没想到普体要跑那么多步，以后还是不选普体了...虽然绩点还是挺高的
43381,383,韦俊芳,2017-01-16 08:02:45,-1,1,2,老师人很好，很负责，身体原因最后一周才考试老师牺牲中午休息时间过来帮我们补测了，上课很有意思的什么都做，就是下个学期没选上了，心塞
45775,383,韦俊芳,2017-01-20 05:13:43,0,2,2,我只想说老师真好
52420,383,韦俊芳,2017-06-20 02:47:20,-3,2,5,老师的课连着上了四个学期 所以也不用多说什么 普体的理论和专项是最简单的了 很容易满分
58095,383,韦俊芳,2017-07-30 04:56:38,4,5,1,其实老师挺不错的，但是跑步慢的就别选了
59895,383,韦俊芳,2017-09-28 05:53:36,-2,0,2,非常好
64434,383,韦俊芳,2017-12-23 14:40:36,7,8,1,哎跑步不行真的难受
69802,383,韦俊芳,2018-01-25 12:03:07,-1,1,2,嘛=又一次选上了真好=
71131,383,韦俊芳,2018-01-28 04:03:01,9,10,1,个人感觉不擅长跑步的同学还是别选了…血和泪的教训
79753,383,韦俊芳,2018-06-13 08:51:10,-6,0,6,还不错啊
79819,383,韦俊芳,2018-06-14 03:59:55,3,6,3,打卡满了，理论90多，跑步尽力了，引体向上做不了我也没办法啊，3.3是几个意思
80856,383,韦俊芳,2018-07-02 04:59:44,3,4,1,真是难为了我这种跑步不好的人。。每节课跑4圈超热的啊！
82426,383,韦俊芳,2018-07-08 07:13:46,-5,2,7,老师人真的很好的，12分钟会送圈，真的是很喜欢了！！
91406,383,韦俊芳,2018-12-09 02:05:34,3,6,3,韦老师超级超级超级棒！是一个爱粉色，爱彩虹色的充满活力的女老师，是超级温和，超级体贴，超级关爱学生的女老师。并且超级优秀，七项全能＋超强爆发力＋无数金牌...想要老师做我的姐姐~上课能锻炼到自己，又绝对不会又压力。
93481,383,韦俊芳,2019-01-10 03:52:19,-7,3,10,首先给分好很好，其次算是很水的普通体育课了，想水可以直接签个到，想认真上体育课也很合适，态度认真老师还会给爱心分。
99781,383,韦俊芳,2019-01-25 07:19:11,9,12,3,老师给分很低 12分钟跑不会提醒时间 记圈也是乱七八糟 班级第二第三和倒数几个同学是一样的圈数...最后的给分也比预期低了很多 一个男同学12分钟跑了6圈 体育理论考96 专项打卡引体向上全部满分 总分数91 随意感受一下
99786,383,韦俊芳,2019-01-25 07:27:07,-5,0,5,老师人超好，关心同学，擅长短跑的一定要选啊，很容易满绩的
99812,383,韦俊芳,2019-01-25 07:55:24,-10,2,12,老师很棒啊啊啊，十二分钟跑满，打卡满了，但是30米往返是弱项，老师给了补测的机会，而且还加了爱心分，最后4.8啊啊啊很开心啦!
99849,383,韦俊芳,2019-01-25 08:25:30,10,12,2,给分看均绩就知道了，能低到3分也是服气
99880,383,韦俊芳,2019-01-25 09:02:46,10,11,1,给分成谜
99963,383,韦俊芳,2019-01-25 11:02:15,17,18,1,1.8什么鬼???12分钟六圈，专项90，理论考98，再怎么样不会这么低吧。。。
100758,383,韦俊芳,2019-01-26 17:36:55,9,11,2,不好。
102275,383,韦俊芳,2019-01-31 15:56:53,-5,2,7,强烈安利老师的课，强烈！！！
104243,383,韦俊芳,2019-03-14 13:22:28,0,0,0,其实韦老师有一家公司……佛了 公司网址\n\nwww.ways-sports.net
108882,383,韦俊芳,2019-06-04 03:41:10,3,5,2,感觉老师给分有问题，跟自己实际得的完全不一样。（17级秋冬学期的课，春夏学期细算了下，感觉有猫腻叭（弱弱地说））理论94，引体向上64，专项慢了0.8秒，其他都满了，所以总共扣了理论上是0.6+2+8*0.4=5.8，但她给分只有89？？？当时就怀疑有问题，在群里问，没想到我不是个例，陆陆续续有近十位同学反映，但她只是回应这分是系统算的。emmmm。。。感觉老师很不上心，上课经常让别的老师代课（考虑身体状况，也还行吧这点），上课过分水了，经常是跑完步就没事自己回去了，十二分钟跑还统错，白纸黑字记录下的七圈都能统计六圈（幸好当时在场），然后加爱心分这个就不评了叭（公然作弊，破坏公平性的行为但部分学生受益）。Conclusion：普体其他老师也很好啊，我知道我在这评了下好像不会有任何作用了，就安利下这学期的体适能（张春晓老师的）叭，性质和专项其实和普体差不多，不知道为什么选的人比较少（心疼张老师）（张老师人真的很好啊，吹爆！温声细语，和蔼可亲（雾））大家不要被这门课名字吓到了，其实运动量真的跟普体差不多，还能去健身房摸摸器械（但真的没要求，不想玩器械的完全OK啊）。（ps韦老师应该不看查老师叭。。。（弱小）（以上言论仅代表个人观点）
110063,383,韦俊芳,2019-06-22 05:21:02,2,6,4,老师负责你?呢，没见过这么水的老师。每节上课都迟到，课堂上也没有什么活动，大多走走跑跑。有紧急事情根本联系不到，qq不回，电话没人接，留的短号还不是她。真的服了，慎选。
110064,383,韦俊芳,2019-06-22 05:27:43,3,4,1,垃圾狗
111919,383,韦俊芳,2019-07-03 02:45:37,1,2,1,谢谢老师！
113009,383,韦俊芳,2019-07-05 17:28:13,0,3,3,喜提大学第一门满绩。大爱韦老师！平时不舒服和老师说，老师会同意请假，也会关心你，告诉你一些偏方。在浙大感受到了老师的关怀，太感动了。
113200,383,韦俊芳,2019-07-06 01:31:12,2,5,3,选了两次老师的课两次都满绩啦，老师人真的很好，平时如果有事或者生病去不了和她说一声就能请假，而且很关心我们！
113793,383,韦俊芳,2019-07-13 04:38:49,2,2,0,上课还是专项课 几乎没有准时到过 五分钟是基本操作\n\n只要上课了还在找老师的学生\n\n那一定是这个班的
119400,383,韦俊芳,2019-11-13 00:52:12,1,1,0,给分确实有很大问题
119880,383,韦俊芳,2019-11-16 14:17:02,0,1,1,给分有问题。引体向上满分是5分，她似乎当10分了，如果做不了一下就扣掉9分/10分。也就是其他某项少了5分，所以低了很多。
121159,383,韦俊芳,2020-01-20 01:23:27,0,0,0,和蔼可亲 ，普体总体而言上课还是水的。
149474,383,韦俊芳,2022-01-15 13:37:01,0,0,0,感觉普体的专项有点顶，多一秒10分就没了。。。
154379,383,韦俊芳,2022-05-31 09:40:10,0,0,0,太好了！！！
154979,383,韦俊芳,2022-06-07 07:47:04,0,1,1,上课干货满满
160906,383,韦俊芳,2022-10-20 04:35:40,0,0,0,垃圾老师垃圾课
171504,383,韦俊芳,2023-03-27 04:12:04,1,1,0,逆天中的逆天，好像没有那个语言能力，一个期末考试半天说不清楚。课也上的一塌糊涂，总之慎选
885,402,朱晓龙,2015-03-18 10:31:59,9,17,8,很不错哈
4591,402,朱晓龙,2015-06-25 00:00:52,11,19,8,老师很好，喜欢上了健美操，可惜考试太麻烦
8659,402,朱晓龙,2015-09-23 23:02:09,3,7,4,非常棒！很逗很耐心，我爱上了健美操
8981,402,朱晓龙,2015-10-08 03:27:31,-1,2,3,很棒  老师人也很好
11540,402,朱晓龙,2015-12-04 02:36:13,6,15,9,人少的时候会点名～健美操很好玩 不用跑步什么的 考试挺麻烦的要分组排。。。如果遇到猪一样的不愿意配合的组员就悲剧了
13265,402,朱晓龙,2015-12-26 02:21:40,14,19,5,特别逗的老师，很好玩，对学生也挺好的，总喜欢说 呸！
13454,402,朱晓龙,2015-12-28 06:15:14,27,32,5,老师超可爱哈哈哈 分分钟都有要笑哭
15840,402,朱晓龙,2016-01-16 12:01:05,-2,2,4,身材很棒的老师
16502,402,朱晓龙,2016-01-18 09:03:59,-24,7,31,教学一般，作为教健美操的男老师居然比女老师更有女性美。但是颜值，身高。。。还是别提了
16694,402,朱晓龙,2016-01-18 22:39:34,46,57,11,喜欢龙哥，特别幽默，人很好哦。
17207,402,朱晓龙,2016-01-20 01:17:31,-1,1,2,给分好(>^ω^<)
17520,402,朱晓龙,2016-01-20 10:26:48,-2,1,3,健美操给分超棒
19282,402,朱晓龙,2016-01-23 21:54:45,0,2,2,上课好玩，给分不错
20179,402,朱晓龙,2016-01-26 11:55:54,-1,0,1,啦啦啦
24113,402,朱晓龙,2016-04-27 11:25:17,-1,3,4,很幽默搞笑的老师，在他课上经常会笑，课上也很开心
25461,402,朱晓龙,2016-05-20 08:43:37,-1,1,2,超级棒
29182,402,朱晓龙,2016-06-29 10:47:32,-1,2,3,人好，然而事多慎选
29426,402,朱晓龙,2016-06-29 22:10:04,0,3,3,人可爱
30437,402,朱晓龙,2016-07-01 14:56:33,3,7,4,推荐！\n\n
36049,402,朱晓龙,2016-11-10 10:53:06,0,1,1,☕️??\n\n
40077,402,朱晓龙,2016-12-29 05:44:06,2,4,2,老师真的很可爱！！！
40079,402,朱晓龙,2016-12-29 05:46:08,2,4,2,老师很棒！
41832,402,朱晓龙,2017-01-13 03:34:29,7,9,2,老师超搞笑 容易开玩笑一样的嫌弃我们 挺好的
43730,402,朱晓龙,2017-01-17 01:45:19,-1,3,4,很好的老师 幽默风趣 给分也不错?
43735,402,朱晓龙,2017-01-17 01:54:49,6,10,4,给分不好…不知道到底是依据什么标准 个人觉得我的健美操跳的还是不错的 可能也和小组成员有关吧 还好只有1学分
43736,402,朱晓龙,2017-01-17 01:56:12,3,6,3,超级好，又幽默，选了两个学期了，龙哥总能带给人一种积极的力量～
43744,402,朱晓龙,2017-01-17 02:13:08,-2,2,4,给分好人好
43779,402,朱晓龙,2017-01-17 02:59:05,-1,2,3,龙哥棒！！！
43818,402,朱晓龙,2017-01-17 04:00:38,5,7,2,不知道为什么才3.6
43872,402,朱晓龙,2017-01-17 05:23:23,-1,5,6,还是不要选形体类的课了，付出了对于体育课最大的努力，收获了上体育课最差的成绩...老师本人...算了可能每个人感觉不一样不知道评论里为什么那么多人觉得他好，可能是上了陈锋老师和虞松坤老师的课有心理落差了吧
44049,402,朱晓龙,2017-01-17 08:44:51,3,6,3,挺好的，绩点也不错
44099,402,朱晓龙,2017-01-17 09:20:14,-1,2,3,人很好很幽默，给分也不错。还传授健身知识。棒！
44375,402,朱晓龙,2017-01-17 16:31:43,3,4,1,人很搞笑，体育课就是要开开心心嘛，给分不用那么在意（但他给分也不错）
48309,402,朱晓龙,2017-03-02 05:24:47,1,2,1,给分高很轻松
50726,402,朱晓龙,2017-05-04 14:37:03,5,7,2,龙哥人真的特别好 也特别负责 \n\n心态永远年轻 和同学们打成一片 \n\n教学水平也真的很棒 \n\n作为体育老师 各方面知识都懂很多\n\n感觉上大学最幸运的事 就是遇到了龙哥～
52433,402,朱晓龙,2017-06-20 03:50:08,-2,1,3,满分老师！老师上课爱开玩笑，非常幽默，上课非常有趣。虽然考试麻烦了一点，但练习过程可以和组员互相了解，增进感情。极力推荐！
54761,402,朱晓龙,2017-06-30 07:22:24,-1,0,1,龙哥很搞笑~给分也不错~
54773,402,朱晓龙,2017-06-30 07:59:07,-1,1,2,给我的龙哥打10分耶耶耶
55011,402,朱晓龙,2017-06-30 16:01:43,-1,1,2,龙哥最好啦！超喜欢龙哥！！\n\n第一次去上课还以为他27.28岁 人超级好 \n\n给分也特别好 ??\n\n再次感谢老师啊
55084,402,朱晓龙,2017-06-30 22:17:01,-6,3,9,老师给我满绩，我当然给他满分。\n\n上课很好玩，分组排练有点麻烦，真心我觉得有点事多。分享一波满绩经验。（体测一正常一良好三及格，12分钟跑满分，50m跑8秒出头，理论考满分，打卡62次，个人考试很水，小组考试要花钱买衣服。。我认为我挺水的。。）
55224,402,朱晓龙,2017-07-01 04:33:42,-2,0,2,有趣哒
55578,402,朱晓龙,2017-07-02 03:10:10,-1,1,2,爱死他了
58635,402,朱晓龙,2017-09-11 12:40:13,2,2,0,恐怖的“浙江 防守”?
68225,402,朱晓龙,2018-01-24 05:37:49,1,2,1,超级幽默不解释?
68885,402,朱晓龙,2018-01-24 05:03:32,1,2,1,85..敢不敢再多给我一分?
68888,402,朱晓龙,2018-01-24 05:08:49,-3,0,3,课程很轻松，只要上课时认真练，课后用30分钟巩固一下（反正一周只上一次课），一学期只要学一套操，比其他的形体类课程轻松多了。\n\n老师很幽默也很认真，真诚换真诚。
68927,402,朱晓龙,2018-01-24 06:16:02,5,6,1,没上4，难过
68949,402,朱晓龙,2018-01-24 06:59:11,1,2,1,很幽默，给分也很好哦！
68950,402,朱晓龙,2018-01-24 06:59:39,17,22,5,老师是个好老师，人也好，性格也好，课挺有意思的。但是，男生呢，还是别选了吧。。。\n\n——来自一个很努力但是分不高的男孩纸
68953,402,朱晓龙,2018-01-24 07:01:39,1,2,1,很幽默 给分挺好的(主要还是看自己的体测专项和12分钟吧……) 不后悔
68961,402,朱晓龙,2018-01-24 07:16:17,1,4,3,给分一般吧，反正我只有3.9
69022,402,朱晓龙,2018-01-24 07:41:55,1,2,1,给龙哥打call！！！
69072,402,朱晓龙,2018-01-24 08:01:00,4,6,2,龙哥人超棒的！平时上课很幽默，对学生也非常棒，给分挺好的。
69310,402,朱晓龙,2018-01-24 12:32:27,1,3,2,老师很幽默，给分也还好，喜欢
69564,402,朱晓龙,2018-01-25 03:58:13,1,2,1,老师很幽默，平时上课充满乐趣\n\n给分还可以，还是要靠自己的体育水平的
72950,402,朱晓龙,2018-01-31 12:07:10,1,3,2,老师还不错吧，给分也可以，但是个人认为健美操挺浪费时间，期末快要考试周还得排舞
73210,402,朱晓龙,2018-02-01 07:25:10,1,2,1,给分真的好，要认真学
74555,402,朱晓龙,2018-03-03 12:09:07,0,1,1,很幽默的老师！给分也不错～
76749,402,朱晓龙,2018-04-20 14:16:07,0,1,1,优秀的龙哥
84043,402,朱晓龙,2018-07-12 02:12:59,0,1,1,龙哥给分超级好的有没有。。。以为自己不怎么好的，但是老师超级棒啊！！
84939,402,朱晓龙,2018-07-14 12:34:17,0,1,1,幽默的好老师。给分好得没话说。
85338,402,朱晓龙,2018-07-17 05:39:57,0,1,1,给分超好的，教的课也很好，有趣很有意思
87311,402,朱晓龙,2018-09-27 02:06:58,0,3,3,运动量比较大，有过轻微的心肺功能疾病的同学还是慎重叭，老师很好，挺幽默的
92172,402,朱晓龙,2018-12-27 02:25:26,-1,2,3,啊啊啊啊啊啊啊超帅超幽默！龙哥！！爱了！
92328,402,朱晓龙,2018-12-28 00:48:28,4,6,2,超级棒啊啊就是小组成员要死不活(虽然最后还是得了三好杯的一等奖
93889,402,朱晓龙,2019-01-14 07:26:05,-2,0,2,龙哥真是太幽默啦，看着虎虎的，其实很细心，给分也好～～
99645,402,朱晓龙,2019-01-25 04:27:20,11,27,16,不太正经 嬉皮笑脸的  跟某些开朗的女生就比较熟  其它就不怎么管\n\n给分也不知道怎么给的 还卡绩了\n\n感觉最后的分数跟分组真的关系挺大的\n\n分在好的组分数就高  如果一组都比较辣鸡 就惨了\n\n不满意不满意 一点都不好
99677,402,朱晓龙,2019-01-25 04:50:52,10,18,8,确实跟楼上说的一样，很某些活泼的女生关系很好，这个老师不太负责……怎么说呢，也不是不负责，就是可能太怕麻烦了总是当甩手掌柜……给分还好，三好杯比赛我们组垫底，4.2
99962,402,朱晓龙,2019-01-25 10:56:55,-5,4,9,老师很幽默很可爱啊 表情超级丰富啊hhh 上课挺好哒 感觉运动量不小 还是很有收获的嗯！
100753,402,朱晓龙,2019-01-26 17:16:47,-2,5,7,一定要满分呀，太喜欢老师了，上课幽默有趣，爱上了健美操，
104345,402,朱晓龙,2019-03-18 08:59:17,4,11,7,拿鼻孔看人。说的都是人话吗。这种人也配当老师。呵呵 可惜不能打零分
104498,402,朱晓龙,2019-03-21 16:48:48,10,40,30,嗯嗯，非常优秀的老师呢，特别喜欢指点女学生呢，不管动作做的对不对，都想上手帮她矫正一下。第2次上课就邀请一个女学生留下来陪他呢，还说行策课上不上都不要紧。一脸猥琐样，什么东西。一天没事就扯没用的东西，动不动就对男学生大吼大叫，还经常说非常低俗恶心的东西，哦，不对，按下面的同学的说法，这叫幽默。真是恶心的幽默，让我又回到了小学时代，大家互相骂娘，而老师能光明正大点艹你还不能反驳的感觉。
108236,402,朱晓龙,2019-05-17 01:53:04,14,23,9,喜欢开玩笑不是坏事，用略带嘲讽的语句来激励同学本来无可厚非，但是有时候过分了会让同学很难过的呢。不开心
108418,402,朱晓龙,2019-05-23 10:59:13,8,10,2,龙哥似乎有点飘。。
108875,402,朱晓龙,2019-06-03 12:12:04,0,8,8,老师不在上他的体育课，真的被他的态度吓到了。真态度巨差，问他一点事就被凶了，太可怕了，姐妹们千万别选他的课！！！
109209,402,朱晓龙,2019-06-12 02:50:43,10,18,8,被骂哭了..
112396,402,朱晓龙,2019-07-04 04:01:22,0,0,0,老师挺能自嗨的?，体育素质分比如跑步挺要紧的
117064,402,朱晓龙,2019-09-19 02:01:39,1,3,2,有史以来体育绩点最低的一门课，怀疑人生
120626,402,朱晓龙,2020-01-14 01:47:44,1,3,2,老师人很好，认真上课一定有好成绩
121348,402,朱晓龙,2019-12-18 12:28:22,-1,4,5,挺恶心的
123889,402,朱晓龙,2020-06-15 17:44:10,0,2,2,给分还可以的，三好杯好好比，成绩就不会差
127186,402,朱晓龙,2020-11-12 07:08:54,5,6,1,上课气氛很好，累但快乐
128307,402,朱晓龙,2020-12-17 09:19:24,0,2,2,体育辅导课认真的吗
128772,402,朱晓龙,2020-12-25 12:22:52,0,5,5,不推荐
129023,402,朱晓龙,2020-12-29 00:50:35,2,5,3,老师不太知道设身处地替人着想呢，队友也很坑，健美操拜拜啦，以后再也不会选了
129552,402,朱晓龙,2021-01-07 06:09:28,-7,7,14,怎么说呢，是个挺幽默的老师，喜欢开玩笑，上课挺欢乐的，但是我觉得作为老师难道不应该遵守师之“德”吗？？明明是自己没注意到，去跟他说一声还声音贼大，生怕别人听不到一样，凭什么你自己有问题还要学生给你低声下气的？同学动作不标准就走到旁边“呸！什么东西！”我人傻了好吗？这是一个老师说出来的话？其他都挺好，单就这一点我只能可惜没有零分好吧。\n\n成为一个好老师的前提是做一个老师，做老师的前提是做一个人，望周知。\n\n呸！什么东西！
130735,402,朱晓龙,2021-01-24 11:57:28,5,7,2,上的身体素质课，不水，很累
134441,402,朱晓龙,2021-03-29 01:02:01,19,26,7,从没见过老师有什么所谓的“师德”不好，一直是以很亲和的形象督促同学锻炼，楼下的大一学生做人做的好明白？动辄就来扣帽子，你教别人怎么做老师做人，你自己做学生做明白了？
134794,402,朱晓龙,2021-04-15 10:36:00,-4,4,8,进校来上过事最多的身体素质课，以及自以为幽默的迷之自信
135234,402,朱晓龙,2021-05-06 10:57:16,-5,4,9,真让人无语
136127,402,朱晓龙,2021-06-11 06:05:39,22,23,1,我在健美课和老师交流蛮多的，没有感觉到用鼻孔看人。老师很有亲和力，也挺幽默，有时候跟男生熟悉了后会开开玩笑什么的，对女生相对克制。但一直是挺和颜悦色的，也很有耐心，有点小傲娇。对于进步慢的同学会有调侃，但没觉得哪里过分了，这是健美课诶，一群大男人不都是在嘴上互损行动上互顶中慢慢变强的嘛。考试不解释，给分挺好。
136191,402,朱晓龙,2021-06-12 08:34:13,0,1,1,体辅课从赵峰老师换到朱老师，第一次课真的觉得…哇…好凶的老师\n\n相处下来感觉老师人蛮好的其实，课上练的不少但打卡时间也每次都留够的\n\n（他有种自来熟的幽默感我实在get不到 TT 会觉得很惶恐，我舍友就觉得他很可爱
136283,402,朱晓龙,2021-06-15 08:25:37,3,3,0,体力充足的同学建议选，强度管够。\n\n体力不足的同学慎选，很累
137207,402,朱晓龙,2021-07-02 09:20:32,3,3,0,老师人好好 捞人捞人！
144794,402,朱晓龙,2021-12-24 00:54:55,2,4,2,龙哥威武，教学非常严格，对于考试一丝不苟，满分全凭实力
144795,402,朱晓龙,2021-12-24 01:05:53,8,9,1,老师超级棒的！爱开玩笑，让上课气氛更活跃。考核标准并不简单，需要平时有在锻炼。
144915,402,朱晓龙,2021-12-26 02:12:22,0,0,0,老师很好，很照顾人
150994,402,朱晓龙,2022-02-22 00:03:34,0,0,0,挺好的，满分！
152473,402,朱晓龙,2022-04-12 11:45:25,-32,6,38,健美操课上的教学水平也就那样，但个人人品只能说浙大最低了\n\n这种老师的道德水平败坏到不行了\n\n千万别选健美操课\n\n垃圾老师
154623,402,朱晓龙,2022-06-02 13:03:46,3,4,1,没有健美基础的同学千万别选
155275,402,朱晓龙,2022-06-10 05:06:54,-22,2,24,rubbish
158825,402,朱晓龙,2022-07-02 12:50:18,1,2,1,老师人很好
159376,402,朱晓龙,2022-07-15 06:40:10,14,15,1,横向对比一下，他的健美课自由锻炼的的时间真的挺多，给的指导也比较多
160400,402,朱晓龙,2022-09-21 09:43:58,14,14,0,健美课爆杀程路明。问就是课都上过。
165394,402,朱晓龙,2023-01-04 05:47:43,-26,3,29,专业水平不做评价，师德稍微有点问题，老喜欢嘲笑挖苦学生。
168349,402,朱晓龙,2023-02-13 09:46:57,1,1,0,老师是好老师，但是老胳膊老腿的哥们儿就别折磨自己了，我的专项呜呜呜呜，呜呜呜呜
171544,402,朱晓龙,2023-03-28 06:03:11,2,2,0,龙哥！你是！我的神！
171659,402,朱晓龙,2023-03-31 07:13:00,13,14,1,龙哥人真的超好，健美专业水平完全没话说，而且很幽默，也很关心学生，看我经常去游泳还把我推荐给游泳队。\n\n男生的期末考试确实很难（卧推70kg，深蹲110kg），但是龙哥会小捞（物理意义上），如果体格还算不错，也想好好健身的，放心选就完事，期末能满！\n\n如果完全零基础，或者体格很瘦的（比如卧推35kg以下，深蹲50kg以下），还是考虑考虑。毕竟一个学期从卧推从35到70，深蹲从50到110还是超级难的。\n\n（男生视角）
174191,402,朱晓龙,2023-06-07 07:30:40,0,1,1,老师人非常好。虽然在排舞时候没有很多参与，但是在关键点上都蛮上心，不能因为一些小地方就否认总体上朱老师的好。
184796,402,朱晓龙,2023-12-23 01:06:09,2,2,0,龙哥真的真的相当负责了，选就行了
185155,402,朱晓龙,2023-12-27 01:04:49,2,2,0,好老师！好说话~
198649,402,朱晓龙,2024-09-10 11:20:53,3,3,0,喜欢龙哥❤️❤️❤️❤️❤️❤️❤️❤️❤️❤️❤️❤️
202632,402,朱晓龙,2024-11-13 13:13:20,1,1,0,健美课体验挺好的，自由活动时间多，朱老师也会帮忙纠正动作。遇到的同学也很棒，基本整节课都在认真训练，大家相互鼓励氛围非常好～
204595,402,朱晓龙,2024-11-27 02:52:47,0,1,1,老师人很好，但美中不足的是体素课强度相当大。
205660,402,朱晓龙,2024-12-11 02:39:11,1,1,0,呜呜呜，老师真的好好，平时会放海，人也很好，怎么会有这么好的老师啊家人们，呜呜呜，身体协调性不支持我跳健美操，要不然我年年选😭😭😭😭
207446,402,朱晓龙,2024-12-21 15:32:47,1,1,0,体素课强度大，但是人好
207817,402,朱晓龙,2024-12-24 11:29:59,1,1,0,老师很好，强推。\n\n外刚内柔，上课很有趣。
207818,402,朱晓龙,2024-12-24 11:29:20,1,1,0,老师很好！！！体素课迟到了也给补签！！！龙哥bd！！！
207819,402,朱晓龙,2024-12-24 11:29:30,1,1,0,老师人特别好特别好我速冲
207845,402,朱晓龙,2024-12-24 12:49:32,-7,0,7,今天是老师最后一节体素课，老师一改以前下课时点到的习惯，选择了上课时点到。不仅如此，他一个个报名字，报到名字的手动点到。虽然说只是点到，无可厚非，但这都最后一节课了，感觉确实有点为难学生了。。。
207898,402,朱晓龙,2024-12-25 01:48:20,3,3,0,龙哥体素真不赖啊，能忍住不选的也都是神人了
218956,402,朱晓龙,2025-05-15 06:35:58,0,0,0,身体素质不是非常强的都不建议选，如果想着一学期就达到考核优秀的标准有点难，尤其是女生
219359,402,朱晓龙,2025-05-25 15:53:17,0,0,0,龙哥很幽默
2259,441,程路明,2015-04-14 10:02:55,36,47,11,真的真的不错，有点爱说教但句句在理，上体育课启发人生，比那些破鸡汤好多了
3958,441,程路明,2015-06-17 11:13:11,0,1,1,赞
4298,441,程路明,2015-06-18 16:34:12,7,9,2,挺会讲   每次总是能讲十几分钟
4462,441,程路明,2015-06-23 09:12:10,24,29,5,老师讲的时间略长，但的确是好老师，不过健美考试实在是太难了！
5368,441,程路明,2015-07-07 04:25:23,0,1,1,人生导师
5369,441,程路明,2015-07-07 04:25:32,0,1,1,人生导师
12725,441,程路明,2015-12-24 02:33:19,-1,2,3,可以迟到，不会扣分。考试简单
12740,441,程路明,2015-12-24 02:58:45,2,3,1,好老师没商量，考试有点难..
13032,441,程路明,2015-12-24 14:34:34,0,0,0,人太好！真正为学生着想
14287,441,程路明,2016-01-06 06:14:18,13,19,6,老师人很好，就是考试基本不放水。\n\n正式开始锻炼之前真的很能说。\n\n推荐本身身体素质好的同学去水，或者真心想提高身体素质的同学去苦练。\n\n
15512,441,程路明,2016-01-15 03:59:04,-3,8,11,呵呵，废话不能更多
15601,441,程路明,2016-01-15 15:09:48,9,14,5,健美不是一天的功夫，应该是一种习惯。不论是为高分还是好身体，都应该努力锻炼。而且，只要经常锻炼，高分是很容易的。
15835,441,程路明,2016-01-16 11:46:47,3,6,3,好老师 鸡汤大神 给分也好 每节课会点名 不过考试对男生还是有点难 女生考试完全不虚
23662,441,程路明,2016-04-12 01:15:09,2,3,1,鸡汤比较多 但认真练了之后 低分还是不错的 有个原则是上课讲课时不允许外人进来训练 讲完大家开始训练后则可以
25437,441,程路明,2019-02-26 04:52:18,-139,13,152,废话多，非常反智和市侩。满嘴的“圣经”、“台湾一个作家说...”之类，这种能力和水平的人也能在大学任教让人绝望，大概每天在朋友圈备课吧。一有老外或者穿个安德玛的亚洲学生在健身房练就上前搭讪，大概还是个种族主义者吧。但碍于老师的身份又时常站在民族的高度把外国人批判一番，曾说上去跟人家搭讪是嫌人家打扰他上课....fuck。大概每个无赖的内心都是自负与自卑的叠加态吧。。
25443,441,程路明,2016-05-19 08:05:09,0,5,5,废话太多\n\n\n\n
26171,441,程路明,2016-06-16 06:55:15,0,3,3,会和学生交流，挺好的老师
26642,441,程路明,2016-06-20 13:14:15,25,29,4,能把健身房当自己家的老师，亲眼目睹他花了一个多小时一个人把内外打扫得干干净净。
27305,441,程路明,2016-06-24 14:45:03,9,12,3,课前讲话有点多，所以每节课训练时间有点减少哈。允许迟到，还允许他讲话时候吃早饭，人还是蛮好的hhh
28634,441,程路明,2016-06-28 11:20:25,3,4,1,挺好。。。就是鸡汤我不想听
29635,441,程路明,2018-06-13 13:36:00,25,29,4,很不错的老师 课前会讲好久的经验之谈 而且感觉健美这学期给分变好了耶 看到小鸟被困在健身房飞不出去 组织大家一起帮他重获自由的好老师
29890,441,程路明,2016-06-30 13:13:45,15,22,7,不知道楼上吃错了什么药要这样对老师进行人身攻击。。。但是我觉得老师挺好的呀。。。人也挺好的，而且上课一学期课收获很大！本来只能推30后来推到了60，很开心！
30253,441,程路明,2016-07-01 06:42:53,2,4,2,上课闲话太多 但鸡汤不毒 健美功夫主要在平时 \n\n考试标准很严格 不过老师人很好
31810,441,程路明,2016-07-05 02:47:02,26,47,21,健美菜鸟建议别选，因为考试真的不水
34232,441,程路明,2017-06-21 05:47:27,-42,5,47,是上体育课还是思政课的烦死了，你凭什么随意指点别人，就你懂人情世故啊
34402,441,程路明,2016-10-09 09:22:25,0,1,1,老师很爱健美
35539,441,程路明,2016-11-10 07:25:18,0,1,1,人很好，鸡汤超多每节必灌，讲课也很好，想锻炼自己的人一定选他
36467,441,程路明,2017-01-13 09:52:01,5,13,8,哈哈哈哈哈！！！满绩了！！！！老师我爱您！！！欢迎广大女生选课！！！
38326,441,程路明,2016-11-30 02:53:21,2,4,2,老师还好，但健美对身体素质差的同学来说，真的有点难！
38629,441,程路明,2016-12-12 16:56:14,1,1,0,就可以无限请假就给十分好吧
39055,441,程路明,2016-12-21 02:15:55,8,12,4,有一点基础的人练会更好，但是请不要自己身体素质差就胡乱评分好吗？老师真的很棒很棒，和蔼亲切，不放水是老师该做的，难道不放水也有错了？不过还是建议本身力量不错的同学选，不然会很吃力。
39756,441,程路明,2016-12-27 10:18:52,1,1,0,除了上课前讲话时间有点长外，其他的都很好。
40097,441,程路明,2016-12-29 07:00:48,8,9,1,平时上课练习全靠自觉，如果自己不认真练期末就gg了【血的教训orz
40489,441,程路明,2017-01-03 18:04:37,1,1,0,很棒的老师
41672,441,程路明,2017-01-12 10:32:27,4,5,1,感觉老师很好啊，每个体育老师应该都有点鸡汤的吧，不过真的每节课认真练的话确实肌肉酸痛，老师人很好动作也都好好示范，考试也不是很水但是老师会给基础分的不会不及格，用力就行，然后因为健身房在装修男生被老师叫去干了蛮多苦力。每节课结束都要20个俯卧撑做两组，每次做完大家都要被老师嘲讽谁让自己弱鸡哈哈，还有装修之后可以玩很多器械还是蛮好的嗯，不过绩点还没出啊忘记这茬，不过体育还是要靠自己吧
41775,441,程路明,2017-01-12 14:18:11,1,1,0,棒棒棒棒棒 比较体贴学生 喜欢
41800,441,程路明,2017-01-12 16:06:31,1,1,0,人不错，关心学生，但健美主要还是靠自己努力。就当免费使用健美房吧\n\n\n\n
41909,441,程路明,2017-01-13 08:06:34,3,3,0,觉得老师很不错，健美课也挺有意思，不过如果你对自己的力量没什么信心，建议还是别选了。。。期末练健美练到怀疑人生
42001,441,程路明,2017-01-13 11:36:37,0,1,1,很好，给分合理，上课也不水，会鼓励你锻炼，是个非常好的老师
42431,441,程路明,2017-01-14 08:05:54,3,3,0,老师人挺好，就是健美考试有点难
42893,441,程路明,2017-01-15 11:13:55,-3,1,4,给分不错，但是话实在太多了，每次上课都要讲半小时以上的废话
44616,441,程路明,2017-01-18 04:29:56,1,3,2,我觉得至少给分不坑，我的绩点比想象中好，比较建议体重100斤以下的妹子选，力气不大也没事（比如我，哈哈）
46860,441,程路明,2017-01-22 13:53:55,0,0,0,期末练健美练到怀疑人生，最后卧推还是挂了，还给了我90分，感动。老师人很好，跑12分钟时，我超了一分钟哈哈哈哈哈，他还是给我算了6圈，很好说话的~~
48259,441,程路明,2017-03-01 13:44:20,16,19,3,程老师人很好的，会强调让我们养成锻炼身体的习惯，虽然讲课时间有点长，但是对于这种力量练习每次课堂上留的时间绰绰有余了。期末考试按体重男生60kg女生50kg上下划分不同的标准，女生的考核挺简单的，只要平时有一定的练习（不一定要去健身房，坚持练俯卧撑和深蹲就够了），原本力量较弱的提升起来其实很快，推荐女生选择！男生因为标准定得比较高，难度比较大，建议原本力量基础不错的同学选择。
52011,441,程路明,2017-06-14 06:45:52,0,0,0,考试真的不水，但是会讲许多人生道理，绝对是好老师
52025,441,程路明,2017-06-14 08:21:55,0,0,0,好老师！
52561,441,程路明,2017-06-21 05:45:46,2,2,0,健美考试对我来说挺难，但好好练进步还是很大的！老师人很好啊！上课也很自由，免费使用健身房hh，推荐身体素质不错的同学选
53278,441,程路明,2017-06-26 09:41:53,-3,2,5,莫名其妙的扣分
54681,441,程路明,2017-06-30 04:08:47,1,1,0,女生其实多练练 期末考核还是会拿到不错的分数～反正是我最高的体育成绩啦
54763,441,程路明,2017-06-30 07:24:34,1,1,0,好老师！很棒！就是上课前讲的时间比较长，给分感动哭了
55322,441,程路明,2017-07-01 09:09:44,4,5,1,上课讲的很周到啦~考试的话对男生还是有点压力的....深蹲110kg贼重hhhhhhh       课上先讲一段时间的动作，再练45分钟左右，时间绰绰有余啦，就是最后的俯卧撑2*20有点吃不消.....
55369,441,程路明,2017-07-01 11:33:55,0,2,2,很可爱的老师！如果练不好可以平时找老师单独辅导，期末看到我们如此辣鸡很善良地帮着扶了几下。总之，练了一个月，以为会挂的课最后却满了，大家加油！
55650,441,程路明,2017-08-28 15:50:24,1,2,1,老师人很好！考试会适当放水的。
56153,441,程路明,2017-07-03 06:59:30,2,2,0,老师课前讲解动作时间是稍长，但不讲解，你说能学到什么呢？健美是费力，认真练最后还是不错的。建议第二次考试机会一定要去哦，绝对能提高的／斜眼笑／
56799,441,程路明,2018-09-21 05:49:49,2,3,1,选上老师的课是我的幸运！
64471,441,程路明,2017-12-24 09:49:57,1,1,0,学到很多 老师很善良 关心学生！
64549,441,程路明,2017-12-25 06:30:36,1,1,0,老师人超棒！专项是我大学第一个满分！理论是第二个！爱您！
64747,441,程路明,2017-12-27 04:53:25,1,2,1,老师人很好，平时练都靠自己，期末考试一点都不水，但是补考老师还是会放水的。
65262,441,程路明,2018-01-02 06:33:05,2,2,0,老师人太好了！！真的很好！！
65355,441,程路明,2018-01-03 08:47:01,0,0,0,程老师人太好了啊！补考补的很艰难的我老师一直帮助我，卧推我终于及格了啦！老师真的很不错啊不过想要水课不锻炼的还是不要选了，我反正也没通过这课瘦下来，难过…
65861,441,程路明,2018-01-09 15:20:50,0,0,0,正式锻炼之前会说很多，但总体都是希望我们能有锻炼的意识，重视身体，而不是只在课上练习，说这才是体育课真正的目的。老师人很好，关心学生，会认真解答问题，对女生给分也不错，一个学期下来感觉提升不少。
68326,441,程路明,2018-01-23 03:32:05,2,2,0,本来想选健美操，因为看错阴差阳错进了健美班QAQ…不过也是因祸得福吧，老师很专业，在讲解动作之外还分享健美历史知识和健美比赛当裁判的见闻，也留充分的时间让我们自己练。卧推什么的技巧很重要，我第一次只能推两个，最后考试满分了哈哈哈哈。
68623,441,程路明,2018-01-23 13:14:07,1,1,0,老师每节课都会认真讲注意事项和健美的意义，给分也不错，健美只要认真练，成绩肯定能上去的
68631,441,程路明,2018-01-23 13:23:10,12,13,1,只能说老师人确实好，但健美这门课力量差的童鞋千万别选，2.4暴风哭泣(´;︵;`)
68648,441,程路明,2018-01-23 14:14:44,4,5,1,很认真的对待健美课，上课不水，考试不水，但老师是真好老师，虽然最后绩点不高，但健美这么体育课本来均绩不高，最后感谢老师，毕竟我的卧推其实是只有8个，老师还是算了10个及格，老师真的很好
68649,441,程路明,2018-01-23 14:18:58,6,9,3,女生，很认真地练了一个学期的力量，身体素质提高了很多，卧推从6个不及格到满分，深蹲满分，十二分钟满分。最后满绩了。很感谢老师的教导，也感谢自己在推不起来的时候没有放弃。这门课只要好好练，就会有意想不到的结果的，男女生都一样。
68660,441,程路明,2018-01-23 14:37:43,11,17,6,老师很好，满满正能量。本来卧推很差，连续做了两个星期俯卧撑，最后推到了满分。这门课上完之后，作为一个女生，我现在已经一个人在寝室里换水了。
68667,441,程路明,2018-01-23 14:53:04,0,1,1,其他都满分，卧推25kg不及格只能减肥到20kg做不标准老师也算了及格 最后4.8满足了
68675,441,程路明,2018-01-23 15:09:11,-1,4,5,身体本身就不够好的真的别选！！！！不是夸张否则救护车把你送出健身房 这么差的身体，绩点可想而知 老师比较严是好事，不过还是第一节课告诉大家一下要基础的吧，否则不知道还有多少和我一样的健身菜鸡入坑，对两边都不好。
68798,441,程路明,2018-01-24 02:03:53,1,2,1,能说 考试难 这门课没法水 不建议没有基础的男生选 女生分高一些 人还不错 不给调分 给分两极分化比较大 慎选
68835,441,程路明,2018-01-24 02:55:47,0,0,0,好老师 好绩点
68929,441,程路明,2018-01-24 06:29:47,1,1,0,多练练会提高的，而且老师考试会放一点点水嘿嘿??
69358,441,程路明,2018-01-24 14:12:55,1,1,0,虽然差一分上四，但还是要给老师打call，谢谢师生情
69618,441,程路明,2018-01-25 05:36:56,10,12,2,刚入学的时候卧推30kg深蹲80kg引体向上2个，经过一学期的锻炼，卧推65kg深蹲110kg，引体向上16个。健美课真的看的是个人的努力，如果真的想在大学里学到一些东西，那就来程老师的健美课。青春不是用来水的，是用来拼搏的。
71514,441,程路明,2018-01-28 14:30:05,2,2,0,老师人真的很好的，很温柔，又温文儒雅，性格脾气很好，对学生也很耐心，建议力量好的同学选这门课，否则emmm专项成绩会比较难看
71676,441,程路明,2018-01-29 00:31:40,0,1,1,老师真的很好！
81881,441,程路明,2018-07-06 11:11:53,0,1,1,可以锻炼身体，课程也比较轻松，但考试还是要练一下的。
81882,441,程路明,2018-07-06 11:13:39,0,1,1,老师超好！
85630,441,程路明,2018-07-22 23:51:06,4,5,1,老师挺好的，感觉卧推70，深蹲110毫无压力，卧推感觉他那只手放着给我减了五公斤的重量。第一次体育课专项满分，最后果然不出意外的拿到了大学以来拿到的最高分98分。
90303,441,程路明,2018-11-23 05:40:41,-3,3,6,以后不会选了
91464,441,程路明,2018-12-11 03:27:39,1,2,1,很优秀的老师，上课学到了很多，无论是对你健身还是对生活都有很大的帮助！
91938,441,程路明,2018-12-25 04:39:48,2,4,2,不建议没有基础的人选！一学期要从零开始不太现实
92487,441,程路明,2018-12-31 03:41:05,0,1,1,像个爸爸的好老师！！给分超好，浙大最喜欢的老师了?
92629,441,程路明,2019-01-03 07:14:21,2,3,1,他代过我们班的课 就这样代过一俩节我都喜欢这个老师 专项辅导的时候就直接说你们有事就可以先走不必做自己不喜欢的事 但锻炼身体一定是没有错的 对学生也温柔得不行 是个有情怀的老师 要不是因为上过健美课了我就选程老师的课 真的是个好老师
92944,441,程路明,2019-01-06 06:45:25,0,1,1,很贴心
93412,441,程路明,2019-01-09 12:32:40,0,1,1,超温柔超负责
93795,441,程路明,2019-01-13 23:42:29,4,4,0,老师给分很好，但是是相当于另一个健美老师而言。健美考试本身比较难，所以即使老师防水还是不如别的体育课好拿分。另外这个老师话特别多，开头半小时是在谈人生，讲的东西和健美毫不相干，谈完人生讲五分钟动作就让大家开始自己练了……
93814,441,程路明,2019-01-14 02:01:25,2,4,2,老师真的没话说  自己力量不行
99075,441,程路明,2019-01-24 08:35:27,2,3,1,老师给分太好了……我真的太菜了老师给我狂提一手……真的谢谢老师。另外：没基础力量的真的慎选尤其是瘦弱的女生
99127,441,程路明,2019-01-24 09:51:35,6,6,0,老师真的是好老师。但是绩点真的不好看。。。力量差的女生千万别选！！
103758,441,程路明,2019-03-05 05:32:02,45,51,6,发现老师有点像吴京。。。\n\n同感的点我上去！\n\n
105447,441,程路明,2019-04-14 07:15:33,4,5,1,好人啊
105645,441,程路明,2019-04-18 01:24:53,3,4,1,很棒的老师！
108590,441,程路明,2019-05-29 06:44:08,3,4,1,选就完事了
108614,441,程路明,2019-05-30 01:28:11,2,4,2,老师人真挺好的
108789,441,程路明,2019-06-03 10:27:27,-3,4,7,分数太低了吧..
109249,441,程路明,2019-06-12 09:58:38,1,2,1,很和蔼很关心自己班上的同学滴
109252,441,程路明,2019-06-12 10:07:40,12,14,2,感觉这是自己对待最认真的一门体育课，第一次上课卧推只有20kg，深蹲也就四五十kg，然后自己每个礼拜跑三四次健身房（每次一个半小时，也不很占时间），最后考试卧推也有55kg，深蹲100kg。本来自己也是力量较弱的，但想着不好好练有点辜负这么温柔负责友善的老师，练到现在也是有点水平了，所以不赞同力量不行的不要选这个观点，毕竟只要自己肯练，什么都有可能吧，而且老师超级赞！虽然话有点多但都是真理很真实嘻嘻！最关键的是，一学期健美课上完感觉身材好了不少，出门就贼有自信hhhhhhh以后会坚持跑健身房的！（另外安利一下，晚上7点左右健身房人比较少适合去，去了优先练卧推，迟了人就贼多，排队等器械?）
109268,441,程路明,2019-06-12 13:14:48,3,4,1,老师人很好?
111357,441,程路明,2019-07-01 04:44:33,3,4,1,老师人很好，但是对于没有基础的同学来说，这门课就不太友好了，考试不水，老师给分也很客观，所以最后就不怎么样了。
111362,441,程路明,2019-07-01 04:50:50,4,5,1,老师非常好，非常关心学生，但是是我太菜，手臂力量从小就弱还没能课后常来健身房练习，最后卧推在老师的帮助下只举起来五个，深蹲也给我放水了，最后得分已经很感动了！
111366,441,程路明,2019-07-01 05:05:22,3,4,1,出分了赞！灰常努力的一学期最后也很满意啦！老师人很好，女生不会把标准卡得特别死，如果坚持自己每周锻炼一次就不会有问题，满分
114650,441,程路明,2019-07-11 02:44:08,4,6,2,强推程路明！声音超好听人也超级好！他虽然关注期末考但也会关注你有没有好好练！如果是一开始底子太差但是一直好好练他在期末有可能会会酌情放点水！
114761,441,程路明,2019-07-11 11:58:42,1,3,2,老师人超好，自身水平也很高，是浙江省健美的带头人
119962,441,程路明,2019-11-17 02:10:52,-1,0,1,非常棒
121417,441,程路明,2019-12-16 08:50:35,-1,0,1,蛮好的
122191,441,程路明,2020-02-20 01:25:52,4,4,0,体辅课真的养生，不想太硬核的人的极佳选择
122975,441,程路明,2020-04-27 09:13:00,1,2,1,秋冬学期选了健美，一学期下来真的能学到很多知识，动作规范、肌肉怎么练等等，很实用~~对矫正体态也是很好的。很多人说考试难，我觉得每节课都去练一下成绩不会太差，女生相对来说有优势。考试的时候他会放一点水。我第一节课15kg卧推只能做两个，到最后25kg卧推还是做到了18个满分
125856,441,程路明,2020-09-15 03:17:19,0,2,2,简直无敌
129900,441,程路明,2021-01-13 10:07:50,3,5,2,最会讲课的体育老师\n\n有原则地捞人的老师\n\n选择程老师，准没错\n\n前提是各位要选得上
130095,441,程路明,2021-01-17 01:12:34,0,2,2,老师是真的好，有原则，关心学生，值得10分，但由于课程内容本身比较硬核，普通人可能不太容易拿高分，但一个学期下来还是有很大长进的。
136122,441,程路明,2021-06-11 05:38:15,0,2,2,挺水的，老师人超好
136719,441,程路明,2021-06-23 11:01:26,-3,4,7,老师人超级好啊！在各大程度上体谅学生，自己好好练习的话女生很容易满的！
145399,441,程路明,2021-12-29 10:21:02,-34,18,52,老师讲得很好很耐心没话说\n\n但是这门课真的太硬了 真心不推荐没有专门练过全凭爱好选的uu选这门课\n\n我原来均绩近4.8感觉上完就要4.7了\n\n你可能觉得0.1绩点很少\n\n 但是真的对保研挺难受的 \n\n所以虽然说老师很好 但你选课一定要理智 \n\n宁可补选签条子 也不要和自己绩点开玩笑\n\n说的都是真心话 喷子要喷也没话说 反正仁者见仁 智者见智吧
145432,441,程路明,2021-12-29 13:41:38,3,5,2,程老师，集一身荣誉的健美评委，人很和善。上课前会讲很多大道理（所以锻炼时间较少），线上钉钉群不忘分享鸡汤[ac01]。考核一点都不水，深蹲卧推要求还是蛮高的，所以男生们就没一个满分的，追求高绩点基础力量差的话就逃吧。每天雷打不动20*2俯卧撑和出门8字跑。
149824,441,程路明,2022-01-17 07:16:50,-14,5,19,程哥我的超人！女生因为没选上别的最后来了健美！练了一学期虽然经常划水还是有很多收获！会畅想要是好好练会不会拜拜肉少一点...考试其实没有很硬..最后卧推老师捞捞了真的超爱！虽然专项没满但最后还是满绩啦~程哥真的看起来严厉其实很温柔qaq！另外最后减肥失败了还是挑战了25kg卧推..
152057,441,程路明,2022-03-24 08:41:40,4,7,3,体素课全班一起40个俯卧撑......事情可真少
154017,441,程路明,2022-05-19 06:53:22,10,15,5,话多考试严格
154626,441,程路明,2022-06-02 13:23:06,-1,4,5,小白放心选吧，有一点基础认真练没问题的，程老师yyds
154806,441,程路明,2022-06-05 14:17:39,0,2,2,特别好，如果不是去玉泉了还会继续选他的课
155689,441,程路明,2022-06-15 08:11:21,-4,1,5,健美课是我这种不想动星人的福音~
159949,441,程路明,2022-09-09 14:33:19,1,3,2,clm老师真的超级好！\n\n他不会说你动作做错了，只会说“你这样也行，但如果练哪的话，怎样练会更好”。健美本来就是只要你练一下就会满（而且之后再上课就轻松很多），不得不得说是健美课重塑了我的审美呜呜爱了。而且程老师每次上课都会鼓励我“又瘦了”（其实胖了）
161596,441,程路明,2022-11-09 08:54:19,14,15,1,话太多了，一开口起步少半节课，不像是在上体育课。想上课锻炼的同学别来。
170660,441,程路明,2023-03-08 00:19:27,2,5,3,话太多了，像邻居老太太
171657,441,程路明,2023-03-31 06:38:21,0,2,2,海底捞，爱死了真的
171680,441,程路明,2023-04-01 08:48:42,4,4,0,可能是网课延考，今年好水呜呜，谢谢老师
171690,441,程路明,2023-04-02 04:25:16,2,3,1,爱死程老师了\n\n体验一下，从第三节课的25kg卧推只能举起一个到最后的满分，会一整个爱上这个成就感
171810,441,程路明,2023-04-06 08:49:21,1,1,0,老师特别好，平时上课认真到位，很温柔很耐心，考试的时候给分好像比标准高一点，我记得当时专项课得分我卧推是刚及格的重量，但是最后查出来卧推原始分给了70，然后深蹲80%的重量给了90分。（我不太清楚，也可能是把我算进60kg以下人群里了？因为我当时体重正好在60左右）\n\n考试的时候也不严，差不多推起来了也就算过了，比考试的时候隔壁一定要做满不然根本不算的老师仁慈很多
171812,441,程路明,2023-04-06 09:05:21,-2,3,5,老师 下大雨还上体素课真的很机车诶uwu
171954,441,程路明,2023-04-24 08:07:09,1,1,0,不错的老师。
172008,441,程路明,2023-04-17 08:20:37,0,3,3,这么好的老师哪里找！！！！！首先期末考对女生超级友好，平时上课也很负责认真，会指导学生鼓励学生，我对自己最后分数有一个部分有点疑问然后去问他，程老师直接打钉钉电话过来和我耐心解释，安慰我说都没关系的，还说了谢谢…我遇到过查分的时候已读不回的也遇到过语气非常不耐烦一两句把人打发的，这个老师的回应完全是让我一整个受宠若惊！！妈呀这么温柔耐心的老师哪里找！！！！！程老师的课一直很抢手，选的上就给我偷笑吧🤤
172703,441,程路明,2023-05-04 17:13:25,0,1,1,很温柔善解人意的老师，动作指导很认真，私下里偶遇也能认得出学生，每次和程老师打招呼老师都很热情，从健身小白到越来越喜欢健身，认真练习考试就没问题！
173105,441,程路明,2023-05-13 12:43:44,1,1,0,健美小辣鸡，能过已经是老师睁一只眼闭一只眼了，万分感谢！😭😭😭
173674,441,程路明,2023-06-01 01:09:17,2,10,8,课前一大堆爹味废话，考试严格看了别人前几个动作不标准就不管后面改不改了 完全不放水，动作和保护也没有隔壁女老师讲得仔细，烂死
173753,441,程路明,2023-06-02 09:16:30,0,2,2,每节课纸质点名，一般讲解动作会讲解二三十分钟，然后热身，自己练器械，个人认为是强度不是很大的体育课！！我是秋冬学期的课，因为疫情原因延考了。开学后每周去练但是因为自身还是太弱，基本到不了满分，结果最后考试还挺水的，很多人都做满了hhh。非常推荐选！
174301,441,程路明,2023-06-09 06:45:27,1,1,0,老师人特别好，是真的很关心学生，上课也会讲一些人生道理（虽然有点无聊hh），但是健美考试不会水的，慎选
174812,441,程路明,2023-06-18 11:08:34,3,3,0,考试难不放水的
175835,441,程路明,2023-06-27 02:06:34,4,4,0,健美考试挺难的，老师也不太放水（其实老师平时上课对动作的指导也不多…可能需要自己去问吧）。如果基础力量不太行，加上平时不额外练习，可能最后成绩会比较拉胯
185758,441,程路明,2024-01-04 07:11:02,-3,1,4,程老师人特别特别好！！期末考试狠狠保护帮忙捞捞！对女生特别特别温柔，特别特别好说话！几次早八的课睡过头时候找老师说也没有追究呜呜！程老师人真的太好了！！氮素健美期末考试还挺硬的，平时要自己加强锻炼的。讲课时间是有点长，但不妨碍各自练习的时候有问题都可以找老师请教，也会耐心解释！
185777,441,程路明,2024-01-04 09:39:28,0,1,1,神中神中神！
191356,441,程路明,2024-04-18 10:09:50,0,1,1,身体素质课太拖了
192556,441,程路明,2024-05-23 11:18:25,0,0,0,老师真的很温柔，真的非常为学生着想，我哭死！！
194497,441,程路明,2024-06-24 07:43:15,2,2,0,0基础+社恐不要选健美
200522,441,程路明,2024-10-18 06:38:50,3,3,0,程老师人真的很好很好！！🥺体素课遇上分流面试不得不请假，老师真的很好说话让人很放心！！🤩程老师是教健美的，所以也会在体素课给我们穿插一些饮食形体之类的知识，受益颇多！！🥳
200860,441,程路明,2024-10-23 12:57:52,3,3,0,想选健美的孩子们，如果你有腰痛、膝盖不好等下半身的问题建议先恢复下换一个体育课因为大重量深蹲真的容易受伤。我经过一个大佬的提醒才发现自己骶髂关节不好所以深蹲的时候左右不平衡。先做做康复训练养好身体，再来做上重量的练习，当然如果没有上述毛病的话强烈推荐程老师的健美课。最后祝大家都能有一个好身体好身材
203095,441,程路明,2024-11-16 16:47:32,3,4,1,别的老师期末都可以让辅助的，也不会那么严，这大哥就派个人在你边上看着你不死就行，而且动作必须超级标准（卧推必须碰到胸）。。。上课也不教什么，上课前胡扯20分钟，动作是介绍一下也不看大家标不标准的，随便看看就出去和外面的前台小姐姐谈笑风生，下课再回来让大家做20个俯卧撑再跑两圈。。。我上过朱晓龙老师代的课，不知道比这位耐心多少倍。。。总之是我在浙所有体育课里遇到过最差劲的老师了，慎选吧，大佬随便。
205323,441,程路明,2024-12-04 10:11:11,1,1,0,这才是负责任的好老师呀
205666,441,程路明,2024-12-11 03:55:26,1,1,0,特别好的老师 对健身感兴趣真的很建议选 （对自己去健身房频率没信心and先天力量不佳 慎）
205712,441,程路明,2024-12-11 11:39:44,1,1,0,虽然握推和深蹲满了，但是感觉得到满分的最大因素是让人害怕的考试标准，会逼迫本身力量不足的同学上课认真练，下课健身房打卡。程老师人挺好的，比较严格，但是他上课不会仔细讲动作的详细要领，只会大概演示做法（握推技巧还是在银泉健身房向别的同学请教的）。本人肢无力👩从第一次连15kg的举都举不起来，到期中仍然及格无望，再到倒数第三次课20kg18个，是真的靠自己一点一点练的。想水的uu而且力量不太好不建议选，真的想达到锻炼效果的可以选，因为你会为了及格不停崩溃练习的😇。
206026,441,程路明,2024-12-13 03:25:55,0,0,0,很严格的老师，但在他指导下进步也很快，力量大有长进
206109,441,程路明,2024-12-13 05:33:16,1,1,0,原则性与灵活性并存的一位很求是的老师
206847,441,程路明,2025-01-06 01:31:22,0,0,0,很好的老师，因为身体原因这学期素质测试没有完成，去健身房的次数也不多，请假次数也很多，原本很担心会挂掉想申请缓考，老师劝还是考掉省事。虽然总成绩确实不理想，但是老师真的很尽力捞了。
211940,441,程路明,2025-01-13 02:19:33,1,2,1,老师前面话有点多，动作指导较少，但人真不错，期末等到最后几个人考试会有帮扶
214805,441,程路明,2025-02-18 03:54:47,1,1,0,体素很好，有机会下次还选
219654,441,程路明,2025-06-03 09:51:27,0,0,0,很好的老师，虽然每次上课时理论部分有点长，但是相对有用；很关心同学们锻炼过程中的身体健康，还会提醒我们天冷加衣TT
719,691,郭虹,2015-03-16 02:32:40,15,40,25,老师超可爱！
5184,691,郭虹,2015-07-05 14:41:26,1,8,7,还不错吧
5620,691,郭虹,2015-07-08 16:41:26,6,11,5,好
7479,691,郭虹,2016-06-28 07:58:04,25,38,13,蹦哒的挺累，但是开心，看郭虹跳就是享受，站在学生这边
7673,691,郭虹,2015-09-15 08:22:12,9,22,13,看到郭虹心情就会好呀
11585,691,郭虹,2015-12-07 03:55:02,12,28,16,教得太难了 比较偏向基础好的学生 不大会跳的同学要慎重
12367,691,郭虹,2015-12-23 06:07:36,-11,27,38,很烦，啰嗦，天天讲她啦啦操队员，那些队员看起来不怎么专业不知道有什么好讲的
13387,691,郭虹,2015-12-27 14:15:51,4,11,7,反正我挺喜欢的
13965,691,郭虹,2016-01-03 06:31:53,32,51,19,不大会跳的会被当众点名批评 慎重ᓫ(°⌑°)ǃ
14975,691,郭虹,2016-01-11 10:44:10,17,23,6,很有趣，也能发散思维，但基础以及对舞蹈的悟性很重要，最好有对着网上舞蹈视频自学的能力。
15991,691,郭虹,2016-01-17 02:09:46,63,88,25,终于知道什么是白富美，，，人很nice，动作干净漂亮，肢体不协调不建议选
16986,691,郭虹,2016-01-19 11:23:28,20,31,11,女神老师，上她的课很开心。虽然要求有点高，但只要你认真对待这门课，她也会鼓励你，人炒鸡nice！
17090,691,郭虹,2016-01-19 14:44:54,11,21,10,老师长得漂亮，性格好爽，真正能学到知识，超级人性化~
17124,691,郭虹,2016-01-19 15:28:42,48,83,35,刚开始觉得还蛮不错的 可是后来真心觉得并没有那么好 而且的确会挺偏心什么的
24083,691,郭虹,2016-11-08 17:39:07,26,49,23,表示本人四肢不协调，上课跟不上，12分钟跑刚及格，绩点4.5
26224,691,郭虹,2016-06-16 09:59:06,2,6,4,赞赞赞
27419,691,郭虹,2016-06-26 04:38:55,6,12,6,老师超级棒～认真负责 超级超级nice～真的超级超级喜欢老师！
27681,691,郭虹,2016-06-27 08:09:38,30,45,15,看到郭老师整个人就特别高兴！满满的青春活力！跳得也特别开心！太赞了，女孩子不上郭老师的啦啦操简直是一种遗憾！
28017,691,郭虹,2016-06-28 07:59:44,2,7,5,老师炒鸡棒，又漂亮又有气质，上课很精彩很有趣，给分也很好
29098,691,郭虹,2016-06-29 08:34:51,10,14,4,挺好的呀，选了两学期她的课。理论考真的简单，人也很美哒
29334,691,郭虹,2016-06-29 15:20:13,-5,26,31,天天在那儿讲她的啦啦操队队员，好多不就是学了两个月的吗……可能受到某些啦啦操队员自我感觉太优秀的反感影响
29743,691,郭虹,2016-06-30 09:16:14,1,9,8,跟着郭老师跳操是一种享受～
30186,691,郭虹,2016-07-01 04:53:24,33,44,11,长得漂亮，有气质～会努力指导学生们。不过健美操，啦啦操这些东西期末都要小组同学集体编舞蹈比较麻烦，10个人想约个时间凑齐太难
39387,691,郭虹,2016-12-22 11:00:25,-2,21,23,啰嗦，烦，偏心。
41574,691,郭虹,2017-01-12 08:13:15,9,11,2,郭老师棒棒哒，非常有耐心。但是肢体不协调学啦啦操好虐。。
41738,691,郭虹,2017-01-12 13:00:04,-11,20,31,给分你妈嗨，平时说给分高，十二分钟满分，打卡57次，分呢？？？
41966,691,郭虹,2017-01-13 10:17:28,9,13,4,健美操真的很好玩，学了形体会更好看，气质会变好，就是记动作比较麻烦，还有最后小组排练，人很难凑齐，还要重新编排，比较耗费课后的时间，郭虹跳得很棒，女神老师
42429,691,郭虹,2017-01-14 08:02:19,17,20,3,老师超级女神！！上她的啦啦操课很累但是很有成就感。喜欢跳舞的娃子一定要选她的课！
45772,691,郭虹,2017-01-20 05:09:01,1,3,2,美 有气质 还会教一些人生道理哈哈 但是啦啦操这种比较看队友 最后编排是要费点心 但是老师会帮你改的 一学期上完课很开心～
49430,691,郭虹,2017-04-12 06:09:19,-3,6,9,。。。
51003,691,郭虹,2017-05-11 15:09:43,-5,21,26,不懂评论说老师好的怎么那么多。巨啰嗦又麻烦，可能这学期老师步入更年期吧。有事要请假的时候追着问个不停，有事情不会提前通知就不要怪学生请假吧。学生也不是周末闲着可以周末你想要我来就得来看你跳舞的吧。
51466,691,郭虹,2017-06-28 09:59:17,-16,22,38,为什么没有0分？很不喜欢，矫情
54053,691,郭虹,2017-06-28 10:13:17,5,8,3,关键是态度，好好学学提升一下形象和气质，必修课啊?
54072,691,郭虹,2017-06-28 11:16:23,1,4,3,超赞的美女老师！虽然周二班被蜜汁冲掉很多课连爵士都没来得及学很遗憾但啦啦操真的是从刚开始跟不上到后来很享受！以及我们的小组真的很棒！十二分钟跑有100米左右的优惠终于满分！其实考个人和集体的时候都有一些错误，但最后差一分满绩！非常感谢老师！
54087,691,郭虹,2017-06-28 12:10:46,1,3,2,老师超好啊 有气质 美
54093,691,郭虹,2017-06-28 12:23:07,0,4,4,老师人美又好给分还高而且还很照顾学生，给了我四个学期中体育历史最高分!而且带领我来到了一个新世界，大爱郭老师
54171,691,郭虹,2017-06-28 15:03:58,9,10,1,给分炒鸡好，老师是那种很为学生考虑的那种，关键是可以穿美美的衣服跳啦啦操哎，也算是人生特殊的经历了哦
55387,691,郭虹,2017-07-01 11:53:17,0,4,4,超女神！！！！最开心的一节课 但是事情的确多 期末的时候很烦 可是考完试出成绩开心死 还认识了一群超好的朋友！（颜值爆表的妹子们）
58649,691,郭虹,2017-12-30 00:49:22,-5,11,16,呵呵
58650,691,郭虹,2017-12-30 00:49:34,-1,12,13,呵呵呵
58651,691,郭虹,2017-12-30 00:49:30,-1,12,13,呵呵呵呵
58659,691,郭虹,2017-09-13 02:19:51,-2,10,12,呵呵呵呵
59900,691,郭虹,2017-09-28 05:58:02,1,3,2,很漂亮的老师，啦啦操有的辛苦，但喜欢舞蹈的同学很适合哦！
60431,691,郭虹,2017-10-19 23:20:49,5,8,3,本来是排舞课，但由于一些小意外我们一个班就被郭老师收养了hhh\n\n其实一开始整队的时候会感觉到真的像军训一样，她也这么承认过，但是，开始讲动作的时候确实很认真很温柔。即使我站在最边上也能受到老师的一些上门指点啦\n\n后来完整跳操的时候大家都很high呀high呀尽管会被折腾的满头汗。最后想说如果能把啦啦操课当成享受，当成放松，就会感觉课堂和老师都是敲棒的！(不过课堂要求有些高，还是要做好心理准备的)
61063,691,郭虹,2017-11-08 00:56:23,0,8,8,………\n\n
64444,691,郭虹,2017-12-24 01:56:19,10,18,8,老师很好是真的，但是到了期末巨麻烦，本来已经很忙了还要抽时间排练，而且每次都凑不齐
64593,691,郭虹,2017-12-25 12:01:01,0,9,9,很难，期末挺麻烦\n\n
66441,691,郭虹,2018-01-16 13:14:16,0,3,3,老师人很好，很有亲和力，很幽默，但是对待期末的编排很严肃～总之是很好的老师
66490,691,郭虹,2018-01-17 03:42:55,1,5,4,老师跳得很好，就是自己记不住动作。期末排啦啦操有点麻烦，但是会很有成就感。=^•ω•^=
68976,691,郭虹,2018-01-24 07:24:12,-2,5,7,女神！虽然很严格但是是那种你不会反感的很温柔的严格，在老师的课上真的可以学到很多东西，认真了的话真的是很有收获的，真心很喜欢女神郭老师！表白比心心！
68983,691,郭虹,2018-01-24 07:27:33,0,4,4,爱你❤
69016,691,郭虹,2018-01-24 07:41:24,0,3,3,专业技能超强，给分也特别棒！女神！
69027,691,郭虹,2018-01-24 07:42:48,-1,3,4,老师女神！！！！给分棒平时上课也棒！！！
69061,691,郭虹,2018-01-24 07:54:28,0,4,4,人美心善气质佳是郭老师本人了！真的超级女神呀
69226,691,郭虹,2018-01-24 10:30:06,12,14,2,太女神了！身材好颜值高跳什么舞都很有感觉，人也超级温柔。啦啦操课是很享受的，期末编排是有点麻烦，但是和一群很好的朋友穿美美的小裙子跳操，这种经历真的值了，而且给分超棒。表白老师！
69227,691,郭虹,2018-01-24 10:31:44,-1,2,3,老师人超美超好啊笔芯
69598,691,郭虹,2018-01-25 04:51:48,0,2,2,更爱跳舞了~
72025,691,郭虹,2018-01-29 08:29:04,-4,8,12,平时夸你好 最后给分这么迷 真的无语 小组组员拉后腿太严重 呵呵
72196,691,郭虹,2018-01-29 14:15:28,-1,4,5,老师要求很严，但是很有人格魅力，感觉能够学到很多东西
72894,691,郭虹,2018-01-31 09:27:08,0,2,2,(๑❛ᴗ❛๑)
73571,691,郭虹,2018-02-02 04:04:15,1,6,5,有舞蹈基础的强推，像我这种不怎么会跳舞的也就跳得一般般吧，可就得自己去练，把节拍跟上。老师人很好，最后居然还满绩了！！！
74801,691,郭虹,2018-03-06 02:41:54,0,3,3,女神哇！
79653,691,郭虹,2018-06-12 10:15:46,0,5,5,老师简直...完美了！爱死郭老师了，又美丽又温柔又有实力！！
80966,691,郭虹,2018-07-03 05:05:19,1,6,5,老师真的超级女神啊！给分也很nice，我这种四肢不协调的也拿了4.5！除了期末要小组排练这门课简直没有缺点！
80971,691,郭虹,2018-07-03 05:33:33,6,14,8,卡绩点真的是。。。说你挺有进步给分依旧不好
81032,691,郭虹,2018-07-03 11:20:51,-1,5,6,真的很不错啦！\n\n可以学到超级多的东西。好的老师就是具有这样的人格魅力，促使学生想要成为更好更优秀的人。励志，激情。
81673,691,郭虹,2018-07-06 00:26:48,-2,3,5,啦啦操真的是我上的非常开心的一门体育课了，郭老师真的是一个又好看又努力又优秀的人，经常对你笑～学习的过程你就会不自觉地想要变好～之前开学的时候也被郭老师指出耸肩什么的，分到的小组是班级里最差的，但是老师真的有看到你的努力和进步啊！（期末结课了会想念老师的:)）
81765,691,郭虹,2018-07-06 06:23:33,0,5,5,老师很好会看到你的努力
82311,691,郭虹,2018-07-08 00:25:08,0,3,3,谢谢郭老师给了我大学第一个满绩！！
84273,691,郭虹,2018-07-12 11:56:41,-1,3,4,老师给分厚道
87101,691,郭虹,2018-09-20 09:26:43,-4,3,7,十分满分的十分
88264,691,郭虹,2018-10-25 07:16:53,0,3,3,老师人超好，啦啦操课很累，但是很开心鸭
90778,691,郭虹,2018-11-26 03:54:08,-1,4,5,郭老师特别好哇 女神级别的老师 专业素养很高 人美心善还很可爱 爱您❤️
91646,691,郭虹,2018-12-17 05:23:16,-6,4,10,最喜欢的老师，超级漂亮可爱有气质!浙大女生一定要选一次郭老师的体育课!不然后悔一生!
92165,691,郭虹,2018-12-27 01:26:05,12,18,6,刚接触她确实感觉跟女神，结合啦啦操队和礼仪队的感觉，对生人是女神，对熟人是能力不足的独裁
93241,691,郭虹,2019-01-08 09:21:53,6,7,1,怀疑学生的跑步成绩，有点难受
93575,691,郭虹,2019-01-10 13:23:59,21,23,2,作为一个从来都没有舞蹈基础，肢体协调性在班级倒数的人，学啦啦操真的特别吃力～老师的要求非常严格，但老师人真的超级nice，上完啦啦操不仅肢体协调性有了很大的提升，我觉得更为重要的是完成了一次自我挑战～有些事情可能你认为自己永远无法做到，比如对与一个反应了慢记不住动作，肢体非常不协调的我来说，从没想过自己能够跟着音乐完整地跳完一套操～有时候不逼一下自己是无法激发自己的潜能的～\n\n总而言之，与其说在啦啦操课上收获了专业知识，不如说提升了意志力，收获了和小组伙伴同甘共苦的团队精神(ง •̀_•́)ง
94922,691,郭虹,2019-01-18 12:54:08,7,10,3,郭虹女神啊啊啊啊！！！老师真的炒鸡炒鸡炒鸡奈斯！长得又好看操跳得又好！又温柔又大方！喜欢啦啦操的真的选了没错！！！期末有个人考核和小组考核，需要小组整体自选音乐自编一套两分钟左右的操，比较费神费时吧，但其实很快乐，跟组里的小伙伴的感情也飞速的发展！嘻嘻嘻！有点基础再加上身体素质还行然后满绩啦！超爱她！
95045,691,郭虹,2019-01-18 15:32:25,1,2,1,我觉得挺好的鸭 平时上课和专项都不用跑步 就是期末排练麻烦一点 不过小组也很重要 可以带你飞
95792,691,郭虹,2019-01-20 05:09:23,1,4,3,郭老师真的超女神 人也很好很温柔 但是啦啦操本身难度比较大 最后小组表演凑齐十一个人排练真的太困难了…… 但丝毫不影响对郭老师的喜欢鸭
96598,691,郭虹,2019-01-21 07:18:00,-2,5,7,女神郭郭 只要努力她都看得到
96623,691,郭虹,2019-01-21 08:05:08,-2,4,6,好老师！
96666,691,郭虹,2019-01-21 08:52:47,-3,3,6,老师人超级好
96685,691,郭虹,2019-01-21 09:07:01,-3,2,5,老师真的超温柔超优雅 给分很nice 虽然没有满绩 还是超开心的
96970,691,郭虹,2019-01-21 13:35:20,4,8,4,超级棒棒！一开始学街舞啦啦操的时候有点崩溃，隔了一周就忘动作，永远跟不上。后面又学了一套花球啦啦操，之后就分组自己编成套的啦啦操，很幸运在一个很好的组，组长和组员的超级nice，收获了很多朋友，最后考试表现也很完美。春夏选的话还能顺便参加三好杯，总之强推就对了，专项给分超级高，我最后绩点4.8，想选的别犹豫，郭虹老师简直就是女神！
97117,691,郭虹,2019-01-21 16:23:07,-1,3,4,郭老师虽然经常让我想哭（肢体不协调本人） 但是只要努力！还是可以满绩的！感谢郭老师ww还是要逼一逼的
97322,691,郭虹,2019-01-22 08:07:40,-1,5,6,老师超美的！！！然后上课的话基础差一点可能会比较费劲，但是老师真的很好很负责。编排的时候可能会有点难但是最后成果出来的时候真的很有成就感！老师真的很好！给分也很好！只要认真练习了都不会差的！
98508,691,郭虹,2019-01-23 13:58:59,-5,1,6,人超级好看超级好看超级好看，很有气质，会教我们很多，形体课期末编排其实挺累，但是也很有收获，满绩回报，谢谢郭老师
98567,691,郭虹,2019-01-23 15:01:33,-5,4,9,女神！我超爱郭虹！只要还要选体育课就永远选她的。有收获，有提升。一周最快乐的时光都是在她的课堂上度过的
101960,691,郭虹,2019-01-30 01:21:44,0,6,6,很好的老师，十二分钟跑放水100米，理论考很简单，最终给分也超级好！！！我也是不大会跳舞的人，学了这门啦啦操感觉喜欢上了舞蹈，太幸运了
103392,691,郭虹,2019-02-28 01:38:09,-1,2,3,老师长得太美了！体态超优雅！
105307,691,郭虹,2019-06-29 11:32:09,8,32,24,就凭上了一节课就说这个人超级好的，怕是不知道她在美育中心那副独裁神经的嘴脸吧
110839,691,郭虹,2019-06-28 10:19:32,-1,2,3,不枉我们小组的认真训练
111056,691,郭虹,2019-06-29 11:33:17,-3,2,5,感觉自己在班里是个很普通的人，本来觉得4.5就差不多了最后没想到有4.8好开心5555和组员一起训练时也是超级快乐的！
118286,691,郭虹,2019-10-24 08:55:30,23,31,8,逼一逼，逼得太过，就成了劝退
120571,691,郭虹,2020-01-13 02:34:09,-6,2,8,老师真的人美 可能对学生要求有点高但是真的会教给你很多做人的道理
122129,691,郭虹,2020-02-16 05:20:46,-7,3,10,爱老师不解释！
122463,691,郭虹,2020-02-28 14:27:00,17,25,8,说实话被吹的有点太过
122725,691,郭虹,2020-03-26 10:00:42,-6,5,11,选的是啦啦操，老师会帮我们很细的看期末编舞，给我们一些建议，最后得分4.2还挺满意的，而且老师很漂亮哦
128882,691,郭虹,2020-12-26 10:44:26,20,24,4,累死。1分课修成3分。秋冬学期晚上约舞要冻死。无语
134559,691,郭虹,2021-04-01 10:41:48,38,38,0,作为啦啦操班唯一一个男生我个人不是建议男生和没有舞蹈基础的女孩子报这个课，没有基础身体协调性不好的话一些最基本的动作都会很难学好，真的会很辛苦。这课需要课下付出大量的时间和精力去看视频，扣动作才能跟上课。郭老师是很认真负责的一个老师，这学期也有了宝宝，边照顾宝宝又要顾上学校这边的事确实很辛苦。但不得不说郭老师非常严格，在课上如果有动作做的不好，她会不留情面的直接指出来让你单独做，我脸皮比较厚就还好，但多多少少还是会有一些难堪。。。总之就是慎选吧，如果真的对啦啦操很热爱很想跳出好看的舞蹈那一定要做好会下苦功的心理准备
136311,691,郭虹,2021-06-16 06:54:10,1,2,1,这门课确实是难，我没有舞蹈基础但是体育还行所以身体协调能力还可以，也感觉有一点吃力，有舞蹈基础应该会更加游刃有余一些。我在这学期因为生病缺了理论课和两次展演课，没有签到最后老师都帮改成了病假，老师是很好的。但平心而论选这门课首先要知道付出的努力绝对是超过一门1学分课应该有的理想状态，不过能有一点觉得worth it就够了。
137419,691,郭虹,2021-07-04 05:14:13,1,5,4,真的好像张柏芝
144141,691,郭虹,2021-12-19 13:16:43,40,48,8,挺负责的，但是真的偏心，对自己看不顺眼的学生比喜欢的学生区别对待太大了......\n\n有时候挺刻薄的....还会先入为主地误解别人\n\n从最开始的喜欢，佩服到现在只剩莫名地讨厌甚至有点害怕\n\n（ps我是算跳得还行的那一类
144687,691,郭虹,2021-12-23 07:10:59,-5,4,9,郭老师人美心善！但是对啦啦操的要求还是比较严格的，但是这样的严格要求非常非常接受！感恩。女生想让自己更阳光一点，真的超级可以选。就是后期会有一丢丢的累哟。
148663,691,郭虹,2022-01-13 06:54:32,4,6,2,课程很难，不建议没有舞蹈基础或者不能照着视频学动作的同学选，而且期末考核比较累。但是老师给分不错，也算是付出与回报成正比，和小组组员一起排完舞还是挺有成就感的。
151199,691,郭虹,2022-02-24 11:07:38,-9,2,11,人美心善
154025,691,郭虹,2022-05-19 13:42:23,25,30,5,首先，老师确实很负责任，教的也比较尽力，会细扣动作这点不可质疑。\n\n但是，就我个人而言，老师有点没有时间观念，讲事情容易扯很远。有点双标，如果基础不好，就祈祷不要被盯上吧，否则你可以被从学期早cue到学期尾。和熟的人很熟，不熟的话就是开盲盒了。你也不知道你是被膈应还是怎么样。
160380,691,郭虹,2022-09-21 02:26:23,10,11,1,要求过高让人感到窒息
160578,691,郭虹,2022-09-27 10:13:19,0,2,2,声音敲好听
161326,691,郭虹,2022-11-04 06:49:49,1,3,2,老师超级会为学生考虑！超级认真负责，给分也好！
161501,691,郭虹,2022-11-08 00:34:20,0,3,3,身体素质课很水，太爱了
164746,691,郭虹,2022-12-25 03:41:08,-2,3,5,身体素质课太快乐了！！签个到就结束了
172866,691,郭虹,2023-05-09 01:02:32,17,26,9,她有点像女高中生电影里会霸凌别人的类型
173741,691,郭虹,2023-06-02 06:06:17,5,12,7,逼事真多
177860,691,郭虹,2023-07-05 06:23:03,0,2,2,超级好老师！
181125,691,郭虹,2023-10-09 09:57:11,1,11,10,什么傻屌玩意
188491,691,郭虹,2024-01-19 05:40:09,1,2,1,好老师，认真负责。消息很快回复
193461,691,郭虹,2024-06-11 07:01:33,1,3,2,很负责的老师，虽然有的时候可能会有点严格，但是确实是好老师，很专业
199224,691,郭虹,2024-09-19 11:22:49,2,3,1,体素课强度不大，氛围轻松，点赞
200513,691,郭虹,2024-10-18 04:24:26,5,6,1,劝退劝退
201834,691,郭虹,2024-11-07 00:21:14,13,16,3,简直笑里藏刀 像学生时代会霸凌别人那条说的太精辟了
205230,691,郭虹,2024-12-03 03:58:48,0,1,1,老师好，我爱老师！！！
205579,691,郭虹,2024-12-09 12:22:31,3,6,3,凭个人喜好随意取消学生参加期末考试资格，没想到教考分离的今天还有这种法外之地。体制里横惯了吧？
205876,691,郭虹,2024-12-12 11:50:38,0,1,1,伟大，无需多言
205926,691,郭虹,2024-12-12 19:13:04,0,1,1,很负责
206290,691,郭虹,2024-12-13 14:48:16,0,1,1,是基础很差的一名，但是努力了，老师也能看到哪些同学有没有尽力的，是很负责的老师
206464,691,郭虹,2024-12-15 09:40:42,2,2,0,体素课块上完了，强度是真低，喜欢轻松的uu可以选（本大一小登主观认为）
206512,691,郭虹,2024-12-15 15:34:06,1,2,1,好好好 负责 专业 所有事都会跟我们讲明白原因
207039,691,郭虹,2024-12-19 04:58:20,0,1,1,老师真的很好
209640,691,郭虹,2025-01-06 13:39:14,1,2,1,［形体舞蹈］\n\n郭老师真的很好！！我是舞蹈小白，这学期跟着老师的进度也学下来了两支舞，我的协调性一般，有的时候跳的不好，但是老师很耐心很温柔，会很认真但温和的教会每个同学。最后老师个人专项分也给的很好！！！
212497,691,郭虹,2025-01-14 05:48:33,3,4,1,身体素质课 2024秋冬 这哪叫身体素质课，简直是沙滩度假，真是太爱了！
213456,691,郭虹,2025-01-17 12:39:56,0,1,1,啦啦操初级班，老师水平很高，上课不水，节奏很快，班级里有很多天天泡舞室的xjj，一点基础没有的人每次上课都会感到焦虑。期末考核有个人展示和小组展示，排练比较浪费时间。分数给得比较大方，但是在此基础上还想问老师要分会比较困难，老师是一个很严格很有原则的人
213538,691,郭虹,2025-01-18 06:05:31,9,12,3,由于舞蹈基础极差不幸成为老师重点关注对象，非常强势刻薄蛮横…劝退所有肢体不协调的同学，因为说不定下一个她针对的对象就会轮到你…大学期间最最最无语的课程体验，从来没想到会在课上体验了一把被霸凌的感觉
216861,691,郭虹,2025-03-27 07:07:54,1,2,1,体素课挺轻松的，比较好划水
218826,691,郭虹,2025-05-07 06:20:06,1,1,0,这学期上了老师在玉泉开的健美课，个人感受是真的挺好的一个老师。点到抓得很严（千万不要耍小聪明）。关于评论区里的恶评我倒是没有感觉到，感觉老师很活泼，也挺会聊天开玩笑的。不过可能操舞类课后需要花的时间比较多，所以老师课上对那些跟不上进度的同学就会没有耐心？（我瞎猜的，因为能感觉到老师不喜欢偷懒的，不过真偷懒也不会怎么样就是），总之这学期的健美课下来感觉老师真的人很不错😚
218899,691,郭虹,2025-05-12 07:13:34,-2,1,3,啦啦操课上会辱骂学生
106,697,吕荷莉,2015-03-14 15:53:52,26,42,16,真的蛮喜欢的～大概是教各种跳舞的里面最喜欢的啦！人好好～
2593,697,吕荷莉,2015-05-04 15:50:38,9,20,11,吕老师性格很可爱，人又很有气质，上了她三学期的体育课了，超喜欢她的！
7126,697,吕荷莉,2015-09-03 09:49:56,1,5,4,人温柔，好的没话说，选吧选吧～体育舞蹈上她的课，很喜欢。健美操没能选上她的蛮遗憾的
7480,697,吕荷莉,2015-09-14 15:30:14,-5,5,10,上过健美操，是大一上上的，老师很认真很和气，对我不错，今天看见我还说怎么瘦成这样……（其实并没有，大一上巧克力吃多了，嘿嘿）
10162,697,吕荷莉,2015-11-17 04:30:06,8,13,5,滿分好評！
16554,697,吕荷莉,2016-01-18 11:01:33,-2,4,6,老师很温柔，给分很好
16565,697,吕荷莉,2016-01-18 11:30:11,-5,3,8,给分简直感动，人也很好
18163,697,吕荷莉,2016-01-21 08:28:18,0,4,4,老师真的超级好 选她绝对没错 像我体育不怎么好的人还有4.2的绩点 感谢老师
18696,697,吕荷莉,2016-01-22 10:45:45,5,11,6,不喜欢
26124,697,吕荷莉,2016-06-16 05:04:12,-3,2,5,好好好
26577,697,吕荷莉,2016-06-20 07:21:16,0,4,4,老师很好很温柔
27509,697,吕荷莉,2016-06-26 15:33:08,0,3,3,很好玩
29052,697,吕荷莉,2016-06-29 07:39:12,6,12,6,绩点so低
29089,697,吕荷莉,2018-06-12 11:25:31,6,16,10,给分真心不好 而且感觉有点偏心
29392,697,吕荷莉,2016-06-29 16:12:45,2,5,3,给分在排舞老师里算低的了……
29451,697,吕荷莉,2016-06-30 00:12:08,-2,1,3,老师人很好也很温柔。
29481,697,吕荷莉,2016-06-30 01:01:47,-2,2,4,吕老师人超级好，温柔耐心，像妈妈一样。给分也好
33381,697,吕荷莉,2017-01-13 08:49:56,3,7,4,还行吧，本来就没期望体育绩点有多高，然而真的很低。。。
35348,697,吕荷莉,2016-11-09 03:38:37,-3,2,5,难受的课，感觉是巴不得学生绩点低
35544,697,吕荷莉,2017-01-13 04:25:22,7,12,5,老师很好。。。给分嘛。。。呵呵
39854,697,吕荷莉,2016-12-28 04:12:22,1,1,0,。。。。
41516,697,吕荷莉,2017-01-12 05:45:47,-1,1,2,老师挺好的
41836,697,吕荷莉,2017-01-13 03:54:49,1,2,1,超棒的老师❤️
41851,697,吕荷莉,2017-01-13 04:48:28,7,7,0,?点比想象中低
41875,697,吕荷莉,2017-01-13 06:30:14,0,3,3,大绩杀，每次都去绩点只有。。。算了都讲不出口
41976,697,吕荷莉,2017-01-13 10:40:57,1,1,0,老师很好啊 很亲切
42019,697,吕荷莉,2017-01-13 12:23:04,0,2,2,老师挺严格的，心方方，毕竟没有舞蹈基础，最后出来还不错，4.2
42131,697,吕荷莉,2017-01-13 15:45:03,-5,3,8,怎么没零分 \n\n老师好像喜欢有舞蹈基础的同学 \n\n有一次不是很会跳 态度还很凶 \n\n最重要的是 绩点低 绩点低 绩点低
42356,697,吕荷莉,2017-01-14 05:16:17,1,2,1,老师可萌了～排舞也很好玩～
42895,697,吕荷莉,2017-01-15 11:22:24,6,7,1,体育舞蹈：给分很不错，也可能因为自己有一点点基础学得快吧。不太建议没基础的同学选，教的很快，平时也要常练习。
47732,697,吕荷莉,2017-02-22 06:45:59,1,1,0,非常棒的老师
49353,697,吕荷莉,2017-04-07 03:43:53,4,6,2,老师人非常好，关于绩点问题客观来讲，形体课专项部分就算你再有基础跳的再好最高也就是95再按比例折算，拿不了满分。可以说老师在她能做最大范围内给了高分
53090,697,吕荷莉,2017-06-25 13:01:15,1,1,0,老师上课认真，超级好
53890,697,吕荷莉,2017-06-28 03:14:27,1,2,1,上完华尔兹气质提升不少，给分可以4.2
53891,697,吕荷莉,2017-06-28 03:14:28,1,1,0,人很好，挺为学生着想的
54048,697,吕荷莉,2017-06-28 10:04:33,1,2,1,给分超好 会有些快
58671,697,吕荷莉,2017-09-13 15:41:42,0,3,3,为啥评论里好多都说给分不好呢 我作为一个体育渣渣 上了2学期了 都是4.8 排舞很适合像我这种没什么运动天赋的妹子上
65489,697,吕荷莉,2018-01-04 13:32:43,5,5,0,老师人很好，但对于没有舞蹈细胞的人来说有点难╮(╯▽╰)╭
68530,697,吕荷莉,2018-01-23 10:12:09,-1,1,2,非常好，老师很温柔，上老师的课受益匪浅
69170,697,吕荷莉,2018-06-19 03:20:34,0,1,1,还不错啦，有点舞蹈基础4.5，但是挺挑舞伴的
70592,697,吕荷莉,2018-01-27 09:07:33,-1,1,2,笑眯眯挺和蔼的老师，小组编排时也会提供很多建议。绩点还行，和十二分钟跑仰卧起坐关联更大，排舞考试的话一般大家的成绩都还不错。
73827,697,吕荷莉,2018-02-03 07:39:50,0,1,1,老师很好，舞跳得很好，人可亲
74408,697,吕荷莉,2018-02-20 01:28:11,0,0,0,老师人很好，上课平常需要记舞步，期末还要排练，形体课可能都比较麻烦，没有底子的话绩点可能会受限制，但是期末认真跳上四还是没问题的。收货挺多。
75505,697,吕荷莉,2018-03-13 00:34:51,-1,0,1,超级好
81144,697,吕荷莉,2018-07-04 06:57:24,4,4,0,给分hh
92473,697,吕荷莉,2018-12-30 02:29:12,3,4,1,老师偏心，呵呵
95818,697,吕荷莉,2019-01-20 05:57:56,-2,0,2,爱了！温柔的老师！\n\n有师生情！
96542,697,吕荷莉,2019-01-21 06:05:20,0,2,2,老师，很棒的，人超级好呢。没有舞蹈基础，但是只要认真学，老师给分还是很不错的哦。我觉得什么都要靠自己吧，你认真了，老师会看在眼里的。
96592,697,吕荷莉,2019-01-21 07:01:35,0,2,2,谢谢老师！刚好压线！
97519,697,吕荷莉,2019-01-22 09:46:47,0,2,2,呜呜呜呜谢谢老师！！一开始觉得自己体育舞蹈肯定要凉凉了...只要认真努力我觉得老师都会看在眼里的！！爱老师！
98932,697,吕荷莉,2019-01-24 05:23:32,0,3,3,吕老师特别棒，上课很好，跳舞特别好看，而且给分特别不错，有点后悔下学期没选她的课，而且体育舞蹈真的很不错哦⊙∀⊙！
99502,697,吕荷莉,2019-01-25 01:29:37,1,2,1,这学期上了老师的排舞课。强推排舞课，没有舞蹈基础也没关系的，平时上课很轻松，老师很耐心，教得很好，本人也很有气质～平时上课认真一些，体测和锻炼过了绩点不会低的。
100480,697,吕荷莉,2019-01-26 07:38:39,3,4,1,老师是好老师…给分太抠了点
102674,697,吕荷莉,2019-02-19 16:59:03,1,3,2,和善?
103139,697,吕荷莉,2019-02-26 06:40:53,3,4,1,讲真 老师真的有点偏心...排舞个人考核 有人忘了动作竟然还有93 最高也就是94 95..12分钟跑也很公正 最后还剩一分半的时候让我不用跑了 说肯定跑不到半圈了..不过老师人还是很好 很和善～虽然排舞有的动作真的很像广场舞 但是课上能学到不同的舞种 最后总共能学会三首曲子 还是很不错的
108833,697,吕荷莉,2019-06-03 05:31:55,-11,2,13,老师很温柔很可爱啊！那些说偏心的，舞跳的好的学生老师当然喜欢啊，这门课就是教你跳好舞啊，人家有优势你有什么办法，你也去选你有优势的课呗
109333,697,吕荷莉,2019-06-13 06:45:40,3,4,1,港真老师给分真的不行...而且对跳舞不好的同学态度是真的不好
110668,697,吕荷莉,2019-06-28 03:41:18,4,5,1,老师真的挺偏心，而且给分不太好。出分以后真的崩溃，慎选。
110721,697,吕荷莉,2019-06-28 05:36:08,0,3,3,师生情！
110838,697,吕荷莉,2019-06-28 10:15:34,1,3,2,老师跳舞好漂亮...我这种没学过跳舞的人 这个绩点应该挺合理了。。。4.5。
110983,697,吕荷莉,2019-06-29 03:25:39,0,1,1,老师很漂亮，人很温柔，不过我觉得和她一起上课的另一个老师教的比较清楚，选这体育课还是挺好的\n\n\n\n重点！！！体育舞蹈最好提前找好舞伴！！！5555不然要和不认识的人跳一学期啦！！！！
124009,697,吕荷莉,2020-06-20 06:01:00,1,3,2,动作不标准直接0分，敢问你能做几个标准的俯卧撑啊，自己都做不标准还强行给学生0分。以前球类运动都是个数分与技评分两部分，你把个数分吃了，你算哪根葱啊，垃圾，慎选
139582,697,吕荷莉,2021-07-17 14:10:58,2,2,0,很好的老师，感觉自己跳的不好，但给分还是很好
140593,697,吕荷莉,2021-09-14 05:42:25,4,5,1,虽然我打10分，但后来的孩子们，千万不要靠近体育舞蹈！！！！！！\n\n已经变得不幸😅😅😅
141055,697,吕荷莉,2021-09-22 09:21:07,-2,1,3,3500上课不跑非要拖到快下课的时候跑
150520,697,吕荷莉,2022-01-28 12:18:32,3,3,0,老师很好，不过选组长的标准有点迷。（如果是排舞课，一定要跟对跳得好的组长）
152133,697,吕荷莉,2022-03-28 07:53:06,1,1,0,(体育舞蹈)没有舞蹈基础头两节课挺崩溃的，但是后来遇见了漂亮姐姐当舞伴，再加上学了一下知到的网课，就有点会了。
156433,697,吕荷莉,2022-06-19 15:15:38,1,1,0,老师很好 还会关心你身体 期末是94.5 刚好五入 开森
156675,697,吕荷莉,2022-06-20 14:59:05,1,1,0,lz属于手脚不协调的那种，确实很难适应体育舞蹈的学习。最后个人动作评分也很低（全班最低的档次那种），但老师也说了只会和最高的分数差2~3分。但遇到了不错的组长，舞伴人也很好，最后体验不错\n\nPS:12min跑很求是
157716,697,吕荷莉,2022-06-24 12:19:37,0,0,0,吕老师，挺喜欢她的。我觉得她上课说的第一局话真的让我感触挺深：上体育课不仅是为了可以在大学里让同学们强身健体，更是为了让同学们找到适合自己的终身锻炼的方法。然后的话，上了她的体舞，上得确实有点快，前几节课没基础，差点掉队，后面找到了窍门，就很舒适。
160459,697,吕荷莉,2022-09-23 03:55:48,0,0,0,老师超级温柔呀
160601,697,吕荷莉,2022-09-27 15:14:32,-3,1,4,1.老师年纪大咯，声音很轻，请务必到她跟前听教诲\n\n2.会带大家做一些有趣的动作，量力而行\n\n3.体能要求较大，请做好准备\n\n4.不要顶撞老师，很多时候只是你自己没有想明白
168355,697,吕荷莉,2023-02-13 12:10:32,-1,1,2,体育舞蹈，每节课都会热身活动拉伸，跳的前几节课还好，但是后面会有一点慢慢跟不上（苯人零基础，前面几节要学好），然后通过看知到补天，后来跳多了就直接肌肉记忆了qwq。\n\n老师很和蔼，除了她纠正你好几次还不会可能会有点为你着急。\n\n录视频啥的只要都做了基本上都不差，专项分可能最高最低折合下来差1分左右，还得看12分钟和引体/仰卧起坐。\n\n满分。
170283,697,吕荷莉,2023-03-03 02:28:54,0,0,0,（体育舞蹈）老师真的超级好!人很温柔，上课讲解也详细，给我分超好!
171276,697,吕荷莉,2023-03-20 11:54:26,3,4,1,下大雨啊！让我淋雨来上体素课又淋着雨回来？？？？？？
172474,697,吕荷莉,2023-04-27 11:16:22,1,2,1,一个班里只认识一个同学……
175026,697,吕荷莉,2023-06-21 06:41:49,1,1,0,给分是真低、、、、
176083,697,吕荷莉,2023-06-27 15:13:44,0,1,1,给分其实挺一般的……然后偏心也是挺明显的……
184439,697,吕荷莉,2023-12-19 15:32:58,0,0,0,音乐听不懂拍子
187304,697,吕荷莉,2024-01-15 12:27:35,0,0,0,挺不错的，操舞类无基础也可以拿高分
188050,697,吕荷莉,2024-01-18 06:01:51,0,2,2,体育舞蹈！进入大学第一个满绩哈哈哈！老师给分超级好的！12分钟跑才2100米都能被拉到满分~体育舞蹈上课也挺轻松的，而且可以在室内，迟到了老师也会给补签的机会。（不过老师很求是，12分钟跑是完全没有作弊机会的，每半圈就会有人登记）就这门课程而言，想要拿高分还是不难的（本人跳中国舞的，但完全不会拉丁，而且到期末跳得还是和拉丁没什么关系），但是如果说真的肢体不协调，那成绩还是不会很好看……肢体协调的可以考虑来，挺轻松的！
191309,697,吕荷莉,2024-04-17 09:24:03,-1,0,1,上的体素课，老师人很和蔼，就是运动量太太太大了，不定时有签退
193210,697,吕荷莉,2024-06-04 12:33:14,3,3,0,体素快逃。。。。男生站后排根本听不清老师在说什么
194652,697,吕荷莉,2024-06-25 01:24:20,4,5,1,体素他妈的根本听不见。老子明明来了 傻逼
194712,697,吕荷莉,2024-06-25 04:51:18,1,2,1,。。真听不见啊，运动量还贼大，动作做不标准还把人拉出来做，拜托真的听不清你教动作的声音啊。。。
220708,697,吕荷莉,2025-06-19 09:01:20,0,0,0,排舞课，还可以，中规中矩。没啥雷点也没啥吹点，分数也还行。就是当初下大雨还让我们跑800、1000有点难绷。
477,700,刘剑,2015-03-15 03:04:22,49,75,26,不仅仅是网球 还教你人生道理…经常扯自己的经历很有趣。期末实在不会打的同学也会得到照顾。十二分钟跑出了名的松。
2731,700,刘剑,2015-05-06 07:45:41,0,4,4,挺好的，
2991,700,刘剑,2015-05-12 10:41:00,13,17,4,在上高尔夫，挺有意思的，老师人也很好\n\n
4873,700,刘剑,2018-08-26 04:19:08,12,19,7,老师很专业，上课很有趣
5681,700,刘剑,2015-07-09 06:26:58,-1,2,3,不错
6336,700,刘剑,2015-07-13 04:54:08,-1,2,3,老师特有趣
6389,700,刘剑,2015-11-18 00:39:15,13,19,6,上课很耐心 给分很好
7182,700,刘剑,2015-09-10 04:54:33,-1,1,2,老师人很和蔼，比较宽容\n\n
10880,700,刘剑,2015-11-23 08:08:11,-2,0,2,还好吧
12671,700,刘剑,2015-12-24 00:55:16,12,14,2,人很和蔼，阅历感觉的确比较广，有时候喜欢吹吹牛，上网球课不会有很大压力
12723,700,刘剑,2015-12-24 02:32:51,10,13,3,迟到了他也不说，喜欢讲故事，扯扯他的学生。他的网球技术不错的！挺好挺和蔼的老师！
14428,700,刘剑,2016-01-07 03:56:28,1,5,4,刚刚考完试……因为自己的协调问题以及之前一直没有练基本不会……但是老师还是很和蔼的对你……给了好多机会，让你打到自己满意为止……良心好老师
15843,700,刘剑,2016-01-16 12:06:11,3,5,2,老师特别好，讲的好，人也好相处
16051,700,刘剑,2016-01-17 05:18:03,-3,2,5,必须满分 给分很棒
16165,700,刘剑,2016-01-17 11:07:30,-3,2,5,...老师不错给分....
16558,700,刘剑,2016-01-18 11:11:44,-3,1,4,很好的老师~
16870,700,刘剑,2016-01-19 06:24:31,-1,1,2,非常好。很细心，上课会跟你聊过去的经历，不仅仅是体育课，还能受到很多感悟。给分也很好，最后考试前得多练习！
20707,700,刘剑,2016-01-30 05:41:04,-4,0,4,我真的很爱很爱他233333
22325,700,刘剑,2016-03-03 15:16:51,5,10,5,李彦宏(ฅ>ω<*ฅ)\n\n李彦宏(ฅ>ω<*ฅ)\n\n李彦宏(ฅ>ω<*ฅ)\n\n长得太像李彦宏咯！妹纸们你们的福利(⊙o⊙)哦
22336,700,刘剑,2016-03-04 00:33:50,4,11,7,其他的我不评论，他讲的理论反正大部分我都认为是不对的
25719,700,刘剑,2016-06-05 01:39:52,2,3,1,一般都是在老师讲故事中下的课…
27526,700,刘剑,2016-06-27 01:49:17,7,13,6,本来一直觉得老师很好的，但是网球考试的时候却让我很失望，不过也得怪我自己一直拖着不去考。并没有发挥出理想的水平，之前也练的很辛苦。但是老师就不给机会了，其实挺委屈的，因为其他很多同学都打了很多很多次。
27625,700,刘剑,2016-06-27 05:34:53,-2,0,2,老师很有趣 给分很友好～
27717,700,刘剑,2016-06-27 09:07:57,-2,4,6,上课比较水吧...老师水平还是好的，喜欢讲故事。给分好，真的好。
28270,700,刘剑,2016-06-28 08:24:24,-1,4,5,男神啊啊啊
30308,700,刘剑,2016-07-01 08:29:57,3,9,6,感觉老师很和蔼，就是给分不是很高。
39506,700,刘剑,2016-12-23 09:49:33,2,4,2,养老课
39998,700,刘剑,2016-12-28 13:34:47,4,6,2,老师的确算友好，但有点仗着自己的课受欢迎就很随意的感觉，记得以前上另一门体育课老师把教学看得很重要，刘老师很多时候随着自己意思办事的做法用那个老师的说法来说就是【教学事故】
40744,700,刘剑,2017-01-05 07:55:46,-11,8,19,不吹不黑浙大最好的体育老师
41863,700,刘剑,2017-01-13 05:38:11,-5,5,10,不知怎么满绩了，内心鸡冻
41865,700,刘剑,2017-01-13 05:42:44,1,7,6,给分真的不太好   而且偏心的只给一部分人重考也是没话说了
41882,700,刘剑,2017-01-13 07:09:37,-5,2,7,上了高尔夫球。刘剑老师人超好的，特别和蔼。十二分钟这种都很松的，会相信每个同学！考试也很轻松，会给很多次机会，期末去高尔夫球场考试很赞！
42295,700,刘剑,2017-01-14 03:46:01,-2,3,5,给分真超级棒！
44683,700,刘剑,2017-01-18 06:19:27,1,5,4,老师人还是不错的 就是给分太严 不知道其他人满绩是怎么做到的 我对墙打满分十二分钟六圈半连4也没上
51765,700,刘剑,2017-06-09 08:04:07,24,42,18,凡事有利有弊。平时上课喜欢聊天，说好听点是平易近人，不好听点就是不负责任。考试时同时几个人一起考，有的同学好不容易打到及格线了他没看到就不算，虽然说是需要稳定但是人家在考试身为老师应该尊重一点? 考试时说人家姿势不正确，平时没有机会指出，那么你可以少聊一点天呀，才30个人，一个时间段15个人左右练，真的没有时间吗？\n\n虽然老师人很好   但是这个态度真的好吗。\n\n不喜勿喷，实话谢谢。
52067,700,刘剑,2017-06-14 11:39:09,-3,1,4,很不错
52884,700,刘剑,2017-06-23 10:03:49,10,14,4,感觉干货很少…几乎就是每天和女生们聊天…特别水…考试尽量在后面考…前面考的老师会很严…到后面的老师就有数没数的?就光顾着和女生聊天了
53432,700,刘剑,2017-06-26 15:01:00,0,1,1,好老师啊
53840,700,刘剑,2017-06-28 00:44:11,0,2,2,讲的不多，自己练得多，给分还可以，不过是在自己各方面都挺好的情况下，所以还是比较公正的
55649,700,刘剑,2017-07-02 06:00:22,4,6,2,"老师经常鼓励我们创业哈哈哈，""我有一个朋友……"""
56657,700,刘剑,2017-07-04 07:36:55,0,2,2,哈哈哈
59489,700,刘剑,2017-09-22 02:00:51,5,7,2,老师年轻照片真的太帅了啊啊啊  颜值满分  帅的不真实
59769,700,刘剑,2017-09-28 14:10:09,1,2,1,???
64406,700,刘剑,2017-12-23 08:50:17,0,1,1,网球周六的补课最后下课前说的几句话十分受用。我有点笨，反手总是教不会，挨了老师骂，但他会耐心指导你。体育老师中算是好的了。
64500,700,刘剑,2017-12-24 15:20:21,46,50,4,高尔夫上课很轻松，考试也不难，有很多次机会尝试。不过，就凭刘老师靠心肺复苏救回一名学生，我给他满分！
65422,700,刘剑,2018-01-25 06:25:10,0,1,1,虽然老师在网球期末考之后建议我以后选一些没有技巧的体育课，分也不高，但是老师确实是好老师
65510,700,刘剑,2018-01-05 01:16:14,2,3,1,好老师，有耐心
66040,700,刘剑,2018-01-11 06:28:12,0,3,3,老师人非常好，很耐心，但是高尔夫我就是打不好啊…考试机制也有点奇怪
66192,700,刘剑,2018-01-12 17:41:35,-1,4,5,网球考试只有一次机会
68928,700,刘剑,2018-01-24 06:25:11,1,2,1,爱讲故事。上课水。
69278,700,刘剑,2018-01-24 11:51:39,0,2,2,很负责的老师，还没出分，考试非常送，教课也很好。10分不解释
69474,700,刘剑,2018-01-24 23:19:35,12,14,2,刘老师的范儿就像一个退隐多年的公司老董，说话的腔调和戴墨镜的架势都非常有趣了。
70731,700,刘剑,2018-01-27 12:42:56,0,2,2,老师很好！按照老师的要求来，听听老师的故事，很有意思，给分也很好！
73981,700,刘剑,2018-02-04 03:07:35,0,2,2,人不错，期末考核超简单
82318,700,刘剑,2018-07-08 01:19:23,-3,1,4,老师很负责，十二分钟跑水
83776,700,刘剑,2018-07-11 08:09:29,6,6,0,与楼老师没法比
85775,700,刘剑,2018-08-07 02:38:43,1,1,0,还行，最后帮忙改成绩也是辛苦老师了。就是觉得平时的指导可以再多一点。
89030,700,刘剑,2018-11-14 10:18:10,1,3,2,想说做的不好指出来就可以了，硬要嘲讽一句这做的是什么东西是什么意思？
91896,700,刘剑,2018-12-24 12:04:00,9,9,0,哈哈哈 因为手机gps不准陪我跑整个网球场打卡哈哈哈哈笑死我了 特别可爱的老师
92332,700,刘剑,2018-12-28 01:42:11,5,5,0,今天倒数第二次课，模拟考或者可以直接当考试，被老师戳到了，对于考试，老师真的很温柔…真的暖！虽然平时真的教的不多，老师说没时间一个个教，但我觉得是他有一点点懒（别打我）但考试是真的师生情啊！真的很温柔，突然非常非常感动…作一点说，早上真的冷但心情很暖！dbq老师之前老是吐槽您，您还是很好的QAQ
92754,700,刘剑,2019-01-04 07:30:51,0,0,0,真的很好
94130,700,刘剑,2019-01-15 08:56:02,2,3,1,说刘老师毛病多的我不知道你们是怎么想的，本来就是看学生每天教室里上课很累很辛苦让你们放松一下拉近师生之间关系才讲故事给你们听，让你们彼此之间多交流，这样好的老师真的很难得，一点都没有架子，但是讲课也很细致，动作不对也会及时帮你改正，反正真的很谢谢老师，迟到从来不计较，十二分钟也很照顾大家，从来都是往高里给分，选他真的好。
100322,700,刘剑,2019-01-26 02:56:51,0,0,0,感谢刘老师的不杀之恩，平时老师上课就会很专业，会很细致地上课，还会一遍一遍教你直到你完全学会，真的很负责任！！！
100339,700,刘剑,2019-01-26 03:17:59,1,1,0,轻松而又愉快\n\n
100344,700,刘剑,2019-01-26 03:19:33,-1,6,7,绩杀。高尔夫专项满，理论9+，12min7，最后3.6。是真牛逼这老师，真的牛逼。
101457,700,刘剑,2019-01-28 08:39:32,3,3,0,楼上，你确定你的48次打卡和到课率还ok吗?体育算的分挺多的
104818,700,刘剑,2019-03-28 08:49:04,-2,3,5,我受不了了，刘剑老师的专项辅导课整天做各种羞耻动作。各种拉伸，鸭步，蛙跳。第二天起来腿痛的一批！专项辅导建议不要选！
111102,700,刘剑,2019-06-29 16:29:09,-6,3,9,网球考试这个老师就只给两次机会，无语，上课水的要死，动作根本没纠正很多，打不好也不能再练习再考，简直水工资冠军，上课只会和女生聊天，偏心严重
111107,700,刘剑,2019-06-29 22:54:43,3,3,0,超级好!爱您!谢谢!
111117,700,刘剑,2019-06-30 01:36:21,-2,1,3,纠正一下楼上的楼上，什么叫打不好不能再考？你不是自己都说了可以有两次机会吗？这学期没有练习机会是因为周五的课被端午节冲掉了，调休补课时补到最后一礼拜。老师上课前也征求过大家意见，能不能最后一节课就不上了，大家直接考试了，同学们都没人反对，你当时咋不提意见？现在自己没打好还断章取义黑老师的行为不厚道吧？
117552,700,刘剑,2019-09-26 01:25:30,1,3,2,上了他的专项辅导课感觉他很不专业吧。\n\n连续跳这么久，而且是跳过一个个垫子，很不安全，膝盖杀手。\n\n拉筋么一开始就拉的，难道不应该是运动后再拉伸？\n\n求量不求质，离下课还有四分钟了，硬是让大家做了2乘30的俯卧撑和仰卧起坐，四分钟六十个俯卧撑加六十个仰卧起坐？还一直口气很不好的讲时间来不及，做不完的不等你了，阴阳怪气，做你妈呢，你妈炸了。\n\n总之感觉这个老师就是不负责任也不切实际，也很不专业，真的垃圾
119421,700,刘剑,2019-11-13 00:02:44,-3,4,7,？？为啥这老师评分这么高？？网球动作教的都是错的...感觉刘剑老师自己都没系统的学会动作就来误人子弟了\n\n指出老师的问题时，他听都不听直接说只有他对呵呵呵呵
119982,700,刘剑,2019-11-17 03:04:26,0,0,0,专项辅导课，被水淹没不知所措。\n\n不喜欢上基础体育课喜欢自己练的强力推荐，不签退，签个到你可以自己去打卡或者随你干什么去。\n\n但是由于太水有时候运动量小就不好好带你做热身和拉伸，容易受伤，多小心。\n\n\n\n
120892,700,刘剑,2020-01-18 09:54:40,6,9,3,我就奇了怪了？\n\n这样一个平时不教动作，唠嗑也不知道想表达什么，年龄大了还有点气傲的男的，怎么能拿到9+评分的？
121295,700,刘剑,2019-12-23 11:07:54,3,4,1,如果你和我一样喜欢自主锻炼，不太想上纯属体能训练，且量很大的体辅，强烈推荐刘老师（手动滑稽）
121573,700,刘剑,2019-12-12 11:12:04,3,3,0,刘老师上课很生动，对学生很亲切，教学超认真负责！！
121763,700,刘剑,2020-01-21 17:48:26,1,1,0,有趣有趣哈哈哈
126428,700,刘剑,2020-09-26 13:54:03,-1,0,1,老师的体辅课运动练习分配不太合理。
127048,700,刘剑,2020-11-04 06:58:55,7,8,1,老师很好的，还会跟你唠嗑。楼上有位同学说老师动作是错的，我不同意。首先，网球的打法很多，没绝对的对错。而且，刘老师教的是很现代的雨刷式上旋打法，难度确实不小，但打好了很有威力，只是业余爱好者这么打的比较少。九分以上应该的。
128806,700,刘剑,2020-12-25 12:59:04,-3,1,4,老师挺好的，超级喜欢，十二分钟跑也很人性，但是高尔夫考核是不是太过放水了？
128811,700,刘剑,2020-12-25 13:23:42,1,1,0,超喜欢老师～高尔夫课很轻松！但是高尔夫学不学得会得看人，有些人上手快，有些人直到考试了也不一定打的到球（但老师说我们这个班比往届差...）。但老师给满分的标准还是挺宽的，对学生真的很仁慈了。人很幽默，经常会在课上讲小会儿故事。十二分钟跑前还给我们讲各种故事，为了安抚我们紧张的心吧哈哈哈（但是跟我们讲有人跑着跑着心跳停了，还是有点怕怕的_(:з」∠)_
129457,700,刘剑,2021-01-05 14:38:58,5,5,0,emm没有什么指导…至少是对我来说…评分不严格也不明确，感觉有点草率…
132144,700,刘剑,2021-01-30 13:07:40,0,0,0,虽然卡绩了，但是老师人很好，有时候课前还会讲讲人生道理hhh，总之选就对了。
133072,700,刘剑,2021-02-07 12:29:33,1,1,0,老师人很不错，给分好\n\n可能受限于网球课的课堂规模吧，并不是对每一个同学都能细致入微地指导\n\n总体而言还是很不错的
133686,700,刘剑,2021-03-03 17:31:24,-8,5,13,贱不贱啊？
133914,700,刘剑,2021-03-09 10:57:21,0,2,2,网球小白满了，看着办吧
137821,700,刘剑,2021-07-06 08:43:25,1,3,2,网球小白，最后满了，老师人很好哦
141688,700,刘剑,2021-10-20 06:58:39,1,1,0,emmmmmmmmmmmmm……
144523,700,刘剑,2021-12-22 05:24:14,1,1,0,上的刘老师的高尔夫，感觉他确实是在用心教我们打球，给10分！
147090,700,刘剑,2022-01-08 15:38:30,0,3,3,专项课给分不合理且不友好，相比其他体育课老师猛捞专项分，练过网球的专项课都拿不到满分，害
147240,700,刘剑,2022-01-09 08:12:30,4,6,2,上的是老师的网球初级，大概是大学以来的第一个满绩了感谢老师orz网球零基础，一开始球都接不到，挺担心的，最后考的时候全中啦！初级的内容比较少，考核也比较简单，老师还额外教了其他内容。课上人太多了好像有点顾不过来，但是教得很仔细很耐心，讲解得蛮生动的，小白也可以慢慢掌握~仰卧起坐互相计数报给他，十二分钟补考那天没有记圈数的人，他说相信你们hhh每圈会报时间。课上会讲些网球赛事还有运动员什么的，有次还分享了他的急救经历，感觉挺有实力知识丰富，听听也有趣的hh总之不会很辛苦，还挺好玩的，给分也好！推荐！
154611,700,刘剑,2022-06-02 12:38:12,0,0,0,好好好
157314,700,刘剑,2022-06-23 02:31:21,0,0,0,挺有意思的老师，管的也很松\n\n高尔夫的分给的有点迷。。。
164376,700,刘剑,2022-12-20 13:01:24,0,0,0,真还可以
171487,700,刘剑,2023-03-26 05:08:05,0,0,0,很不错的老师
173638,700,刘剑,2023-05-31 01:03:51,1,1,0,刘老师后面应该常驻玉泉了\n\n会多很多网球班（难得的容易专项）\n\n老师人很和蔼\n\n能通融的地方都会通融\n\n而且大部分都是初学者\n\n和羽毛球全炸鱼的不一样\n\n如果你是选大三的体育课\n\n很推荐刘老师
174286,700,刘剑,2023-06-09 01:47:50,-2,0,2,老师看你动作和人不认真的！！！！其实不用担心！！！！！老师很好很好嘻嘻嘻
184863,700,刘剑,2023-12-23 14:26:16,1,1,0,非常好，本来到课率不够要挂科，求了求他，给了61，专项考试也很松，讲课很好，我们都能掌握，值得选
3963,780,黄小玲,2015-06-17 11:21:03,17,46,29,人还是挺好的，有什么问题都可以去请教
5113,780,黄小玲,2015-07-04 07:31:19,6,36,30,等着挨骂吧
6304,780,黄小玲,2015-07-13 01:33:57,13,56,43,老师不怎么关心初学者，只和水平高的同学切磋，每次上课都很怕她，给分也很坑
6464,780,黄小玲,2015-09-14 05:38:43,3,17,14,很敬业
11282,780,黄小玲,2015-11-26 08:39:01,2,11,9,不行啊
11913,780,黄小玲,2015-12-21 10:30:30,13,43,30,不关心初学者，心理压力极大
12109,780,黄小玲,2015-12-22 00:53:24,-7,10,17,超级好的老师！！！！！下次一定还选她的课！！！
12209,780,黄小玲,2015-12-22 10:33:00,14,38,24,挺好的，会在微信里提醒大家各种事项。挺幽默的，夸张地演示错误动作是很逗~
12464,780,黄小玲,2015-12-23 10:42:17,-2,6,8,非常严格
12618,780,黄小玲,2015-12-23 15:36:27,-2,10,12,老师人很好
12648,780,黄小玲,2015-12-23 22:44:42,-1,10,11,老师很幽默的
13377,780,黄小玲,2015-12-27 12:08:03,0,8,8,老师巨高冷，很严肃，考试也不是很通人情
16401,780,黄小玲,2016-01-18 04:56:26,-3,10,13,老师上课挺幽默的，不过我都和小伙伴在课上捣蛋，老师就把我记住了，给分一般吧，不过老师人很好的。
16407,780,黄小玲,2016-01-18 05:03:58,-3,9,12,老师超严格啊  也挺严肃的  但其实人挺好的  给分一般吧
16410,780,黄小玲,2016-01-18 05:05:55,12,37,25,好坑啊...上课更愿意教导技术高的同学。虽然不合常理..上了几次乒乓球课，就这个老师给分最低。
16431,780,黄小玲,2016-01-19 14:41:29,0,11,11,口口声声说会照顾学生成绩，但是最后给分垃圾到不行，绩点就因为他这课给拉下去了，千万别选她的课
16484,780,黄小玲,2016-01-18 08:06:25,2,14,12,挺好的，会纠正你
17092,780,黄小玲,2016-01-19 14:45:46,14,47,33,恐怖的体验，对于一个初学者来说，完全丧失了学乒乓的热情，只有冷眼相待，，我觉得刚开始攻球攻不好很正常，何苦每次翻白眼呢，搞得心理压力好大
17293,780,黄小玲,2016-01-20 03:48:21,0,11,11,老师很有原则，不偏心。人还是挺好的。讲课表情很丰富
18468,780,黄小玲,2016-01-21 16:27:42,-7,14,21,很好的老师，那些说老师不关心初学者的人可能是自己不用功吧...
22804,780,黄小玲,2016-03-12 06:18:25,3,15,12,教的什么姿势啊，老师不会打横排的吧
22813,780,黄小玲,2016-03-12 09:41:18,5,25,20,真的只关心那些打得好的学生，第一次上课就给下马威说上个学期挂了一个大四的学长的体育。每次上课的时候都会跟那些打得好的学生打，对初学者完全就是不理不睬，甚至凶狠。初学者的噩梦……
22836,780,黄小玲,2016-03-13 08:29:41,9,27,18,让我意识到了社会的不公。但却不能说什么。只能下功去和一些打的好的同学拉近距离。没关系，自己有进步就足够了
23366,780,黄小玲,2016-03-27 10:35:05,2,9,7,腕关节动作不要太大
23828,780,黄小玲,2016-04-18 09:08:46,13,33,20,很垃圾的一个老师，考试的时候计数很坑
24963,780,黄小玲,2016-05-04 13:24:06,9,24,15,这个老师完全不知道什么叫鼓励，只会说不停打击你。。。另外我很好奇体育课给分还有坑？评分标准不是死的吗。
25682,780,黄小玲,2016-06-02 05:05:45,12,31,19,老师对学生的态度就像驾校教练一样
25695,780,黄小玲,2016-06-03 07:27:15,7,17,10,很后悔选了她的乒乓球，没有长进浪费时间还常常搞的自己不开心。
26012,780,黄小玲,2016-06-15 04:32:57,0,6,6,腕关节不要乱动
26040,780,黄小玲,2016-06-15 07:35:19,1,14,13,不懂那些不努力还抱怨老师不关心的学生，你在上文化课的时候，有哪个老师管你是不是初学者，管你学习进度了没。自己水平不好就要多努力，我也是初学者，但是努力学习，多向老师请教也学到了很多
28295,780,黄小玲,2017-08-11 06:36:43,-10,8,18,更年期妇女...满G了也不想给高分
28783,780,黄小玲,2016-06-28 14:46:49,1,13,12,其实老师人挺好的，只要去寻求帮助，就一定会帮忙的，并且也挺关心初学者，还挨个辅导
29184,780,黄小玲,2016-06-29 10:50:17,0,10,10,虽然不想评价教的怎么样，但是还是想说，那些评论不关心学生之类的，我们又不是小学生，何况打得确实差还不花功夫，能说什么.
30348,780,黄小玲,2016-07-01 10:44:43,10,24,14,驾校教练
30530,780,黄小玲,2016-07-02 00:35:27,-3,7,10,老师很好，很负责任，也能体谅同学
31596,780,黄小玲,2017-08-11 06:32:54,8,29,21,同学请假老师从不回复，缺乏教养。考试要求苛刻到变态，感觉她心里很自卑，想通过贬低他人突显自己的形象和能力。
33341,780,黄小玲,2016-09-18 13:29:29,3,8,5,呵呵呵
33615,780,黄小玲,2016-09-20 09:48:50,5,15,10,完全不关心初学者，上课就让你自己打，也不好好教，只能找一个好一点的partner了⋯⋯T^T
34004,780,黄小玲,2016-09-25 08:36:56,1,8,7,大妈一个
34522,780,黄小玲,2016-10-12 13:30:37,5,10,5,呵呵呵\n\n
34664,780,黄小玲,2017-08-11 06:34:02,1,9,8,心里变态
35040,780,黄小玲,2017-01-13 05:33:24,1,9,8,算了吧
35657,780,黄小玲,2016-11-10 07:39:29,2,9,7,态度很差，有伤请假下次测仰卧起坐 说好几次都不理的那种
38344,780,黄小玲,2016-11-30 08:47:36,1,8,7,对学生严格的有点过分了
38579,780,黄小玲,2016-12-09 12:53:20,4,24,20,我上的中级班，看到大家给黄老师的评论，真觉得冤枉。至少在我看来黄老师教课很灵活，很实在，讲话也很幽默。没见她怎么骂过学生，黄老师的确对几个打的好的同学很好。她对我并不熟，但也没见她就对我如何差狠了，还有，12分钟貌似已经挺照顾大家了吧？当然这也可能是我没上过她的别的班认识不全。但我觉得查老师这种东西看看就好别太当真，被过誉的和被过批的老师都不少，毕竟每个人适应的老师不一样，说不定满篇批评的老师反而更让你喜欢呢。
38809,780,黄小玲,2017-05-02 01:32:12,2,12,10,客观公正地复述老师在监考时的一句话：\n\n你学过正手攻球吗？\n\n别的就不说什么了\n\n我可没说这个老师缺少师德
38827,780,黄小玲,2017-08-11 06:33:23,6,23,17,垃圾老师，谁欠了你500万吗？每次上课都什么态度啊？我要是打得很好还用来学吗？给1分是因为没有负分，垃圾。差别待遇也太明显了吧。耳朵聋吗？每次问你问题都听不见的吗？除了会翻白眼你还会干什么？每天一副高高在上的样子。
38830,780,黄小玲,2017-01-13 07:34:37,-3,6,9,老师其实是关注学生的，不过需要你的主动性，细节啥的忽略吧
38875,780,黄小玲,2016-12-19 15:38:29,-2,4,6,对好的学生态度挺好，技术不好的学生就爱答不理。有时候同学明明已经很清楚了就是在问她问题跟她讲话，她还装作一副没听到的样子继续做自己的事情
39497,780,黄小玲,2017-08-11 06:35:52,6,13,7,有病  一点不给初学者鼓励和机会  说着自己要保证公平  但是实际上心里分明偏向喜欢的学生  对喜欢的学生笑脸相迎 不喜欢的从来没给过好脸  也不知道哪里得罪她了
39726,780,黄小玲,2016-12-27 07:33:58,0,5,5,还可以吧
39851,780,黄小玲,2016-12-28 03:59:33,0,9,9,老师感觉还不错的…为什么评分那么低?
39899,780,黄小玲,2016-12-28 06:47:01,1,2,1,哈哈哈
39983,780,黄小玲,2016-12-28 12:18:43,63,120,57,上了黄老师的乒乓球课，觉得好像自己的老师和这个评分系统中的老师不是一个人...老师特别好，从没有骂人，也没有看不起初学者。我乒乓球0基础，老师一直在努力帮助我，考试时帮我们找高年级的学长给我们送球，然后自己花钱给高年级同学买水，买球。这条评论写于16年12月，17年选课的同学可以参考。
40690,780,黄小玲,2017-01-05 04:16:32,53,71,18,同怀疑不是一个老师，感觉老师刀子嘴豆腐心那样，虽然批评了你但是会默默再关心你一下，初学者不会老师严格一些也是正常的啊，假如不会又不学那老师有什么办法
41831,780,黄小玲,2017-01-13 03:25:52,1,6,5,无语了\n\n
41866,780,黄小玲,2017-01-13 05:50:48,-1,4,5,可怕的老师，乒乓球挂人
41879,780,黄小玲,2017-01-13 06:53:03,-2,3,5,?出了分以后发现老师真是神坑，基本不调分?
47731,780,黄小玲,2017-02-22 06:32:18,6,16,10,老师很敬业
48658,780,黄小玲,2017-03-09 03:41:58,-2,4,6,居然不能给零分？作为隔壁班的，在她讲话的时候打球声音太吵被骂hhh真醉。辣鸡！\n\n
50238,780,黄小玲,2017-05-02 01:34:52,4,14,10,不知道那种自己不在意体育课，就知道抱怨老手的人怎么了。你考高数的时候不会做赖老师还是赖自己？碰上体育课就好像自己是大爷一样。
51445,780,黄小玲,2017-06-05 14:19:27,-2,4,6,更年期\n\n超级凶\n\n
51576,780,黄小玲,2019-08-20 08:11:26,33,54,21,没有评论说的这么夸张吧，我觉得老师人挺好的，有时候会假正经，故意搞笑一下。挺负责的，体测还有理论考都会在群里反复通知。建议稍微有基础的人去选吧，这样老师和学生都会轻松一点，相处愉快一点。
51642,780,黄小玲,2017-06-08 00:50:33,9,27,18,老师很好啊，我在刚开学时就是一弱的不行的初学者，老师曾经还手把手教过我。表示已上过两学期黄老师的初级班的课，下个学期的课表已勾选黄老师的中级班。
51748,780,黄小玲,2017-06-09 03:15:48,0,6,6,真的是被评论吓到了。我觉得老师很好呀！讲课的时候会带我们一起练习动作，学的挺扎实的
52116,780,黄小玲,2017-06-15 02:18:31,-3,3,6,不要被评论骗了，老师对技术好的同学也很不友好。可以说是技术差脾气大了。
52513,780,黄小玲,2017-06-20 16:24:16,0,5,5,看到这么多初学者吐槽我就放心了，虽然我还是想吐槽，但是已经找不出形容词表达我的心情了
54729,780,黄小玲,2017-06-30 06:02:16,0,4,4,挺好的。
54735,780,黄小玲,2017-06-30 06:15:48,7,21,14,感觉老师没有评论区一片倒那样说的不堪，老师只是嘴有点厉害而已，实际上还是会回答问题的。初学者只要请老师来练，老师一般也不会拒绝的。我看评论区那些说老师翻白眼没听见问题的都是把自己位置摆的太高了吧，你是来向老师学习的，而不是老师抢着要你来的好吗。
54897,780,黄小玲,2017-06-30 12:05:10,5,15,10,嗯反正我觉得这个老师挺好的啊，上的初级班，班里的初学者她也很耐心地教，根本没有某些评论说的那么不堪好吧。给分坑什么的……体育课的分不是看自己表现的吗……
55110,780,黄小玲,2017-07-01 00:27:24,3,6,3,老师很高冷，但是感觉还好吧。乒乓球本身就很需要自己多打的。不过老师对初学者也真的是……怎么说，要是只是想拿个体育课学分，自己平时又不怎么打球的话还是不要选了
56685,780,黄小玲,2017-07-04 09:12:41,0,5,5,老师很好 一开始看到评论还觉得害怕 结果上了课 老师很有趣 模仿乒乓球动作很好笑 上课也会讲理论考的题目 一下就认识了人（我） 总之很幸运上到老师的课 喜欢❤️
59010,780,黄小玲,2017-09-19 05:52:10,-1,4,5,老师很认真负责，对新手也手把手喂球
63491,780,黄小玲,2017-12-05 06:38:24,5,9,4,非常差的上课体验
63571,780,黄小玲,2017-12-07 04:10:27,-1,1,2,一半一半吧
63899,780,黄小玲,2017-12-19 03:22:14,0,4,4,我觉得挺好的，因为没有搭档每节课老师都会陪我练。
63908,780,黄小玲,2017-12-19 05:19:29,-1,4,5,老师明明很好啊，有事课前说话的时候也很和蔼嘛，原本也有担心，但是完全不像评论区里的那样。
64662,780,黄小玲,2017-12-26 06:20:24,2,6,4,考试的时候很偏心，完全不关心低水平的同学，给分太惨了！！！
64694,780,黄小玲,2017-12-26 11:33:15,0,3,3,上了老师的课，感觉和前面说的完全不一样，老师真的不错。17届的筒子们，让我们一起帮老师把分刷上去
64719,780,黄小玲,2017-12-27 02:20:46,-1,5,6,个人觉得老师并没有像前几届同学说的那样不负责任。上课总是会尽量把事情说清楚。怕有同学忘记，每次有重要的考试前总会在群里多次提醒大家，为老师打call！平时攻球跟着老师好好练，期末考试满分就不会是神话。17届的童鞋们，让我们把老师的分数刷上去。
64828,780,黄小玲,2017-12-27 09:31:24,-3,2,5,老师挺可爱的，我攻她一颗球她没接住，还会跟我记仇……
64895,780,黄小玲,2017-12-28 00:57:20,0,4,4,我觉得老师挺好的呀，作为一个乒乓球小白，最后正手攻球的考试中也打了五十多个，进步很大了。虽然在模拟考试时被老师批评了，但确实是因为我打的太烂了，自己都不好意思。不知道老师评分为什么那么低。
64970,780,黄小玲,2017-12-28 05:41:24,-1,3,4,老师很好很复杂呀，几个人气评论说的都是些啥
65396,780,黄小玲,2018-01-03 14:58:39,-2,7,9,对学生非常不礼貌，经常不回复懒得理睬
65824,780,黄小玲,2018-01-09 11:17:10,0,4,4,黄老师的课很好，课堂内容很轻松，上课的过程也很愉快。老师人很好，做事按原则来也无可厚非。对同学们也会耐心指导。不要苛求老师怎么样怎么样，看管这么多学生也不容易。提醒各位新生同学，体育课中十二分钟跑和引体向上（立定跳远）占了挺大的比例，要事先准备。选黄老师的课没有问题。
67743,780,黄小玲,2018-01-22 06:23:04,0,3,3,我觉得老师没有那么差吧，还是挺好的。我完全没有乒乓球的经验，但是在快考试的时候和搭档每天晚上去风雨操场练球，几个晚上后考试也没问题了。虽然曾经被老师批评过，但是觉得是自己打的确实差，老师是恨铁不成钢才这样的。
67863,780,黄小玲,2018-01-22 08:22:53,0,3,3,很可爱的一个老师，也不是很严厉，我作为球渣，并不觉得老师会不搭理球技烂的人，可能我们自己要主动吧
68028,780,黄小玲,2018-01-22 13:33:17,0,4,4,很好啊，给分也好啊我明明感觉每个东西都80几分但是最后怎么上的90我也不知道。
68265,780,黄小玲,2018-01-23 02:03:19,5,13,8,老师很好，再一次让我意识到了选老师不一定要看评分。我不知道老师评分为什么会这么低，但我是觉得能上老师的课，我绝不后悔。
68855,780,黄小玲,2018-01-24 03:41:33,2,8,6,不知道为什么  体育的分数很多都是自己考的 引体向上做不好怪老师？十二分钟跑跑不了怪老师？课外自己不锻炼没分数也赖老师？老师根本没有那么坏 我也是初学者基础也不好但是老师都在认真教 难道给那些一点不认真的人高分就叫好？
76178,780,黄小玲,2018-03-28 09:05:53,0,4,4,对新手挺友好的呀，看动作不标准都会手把手教，我是没有遇到老师对学生不搭理的情况
79181,780,黄小玲,2018-05-26 01:35:54,0,3,3,刀子嘴豆腐心
79256,780,黄小玲,2018-05-29 03:54:17,3,9,6,老师真的很好，带人友善，跟着她可以学到很多东西。给分也挺好的。如果你们觉得跑5圈应该记6圈，不然就叫给分不好的话，那我也说不了什么了。不知道浙大为什么有这么多带节奏的孤儿！自己差的太多，就要怪老师？反正黄老师是我大学中见到的最好的老师之一。
79949,780,黄小玲,2018-06-16 04:59:55,4,12,8,老师超好的，我也是初学者，一开始打的不是很好，最后考试打了五十几个，去找老师的时候她很认真的夸我有进步还摸了摸我的头！真的超级暖啊！乒乓球真的是靠自己打的，老师把动作教你了就是自己不断反复练习呀！
80212,780,黄小玲,2018-06-21 14:23:40,0,5,5,很好的老师  看见评分高了很开心  老师不像评论说的那样 希望你们自己去体会 去感受
81127,780,黄小玲,2018-07-04 05:38:42,0,3,3,我觉得老师挺好的，也挺耐心的，对我们也很好，给分也很好
81161,780,黄小玲,2018-07-04 07:44:20,2,7,5,贴心的老师！真的没有像评论里说的这么可怕，在理论考试之前还会在课上花时间告诉我们书上没有的隐蔽知识点！平时大部分自由练习，诚然不能每时每刻都接受老师指导，但如果肯积极找老师的话老师会很愿意帮助你的！虽然刀子嘴但真真豆腐心(♡˙︶˙♡)我一个野路子一开始啥动作都不标准，硬是在老师吐槽下学会了标准动作，现在打球顺很多！谢谢老师！
81183,780,黄小玲,2018-07-04 08:22:39,2,6,4,老师真的很好啊..当初选课选不到评分高的老师了 虽然评分很低 但是看了最高票的回答还是没有退课。然后老师很严格很热心的 会和每位同学都打球  经常看同学们打球并且指导。自认为我们班对面老师的班打得好得不止一点儿。。 刚出成绩 4.5 反正体育课只有40是和老师有关系的 专项也是严格的30分个数分10分别的老师给的技评分。是自己十二分钟老师宽松还没跑好
81199,780,黄小玲,2018-07-04 09:07:55,1,7,6,讲真，黄老师真的挺好的。会和同学们一起开玩笑，也会体谅同学，性子直，乒乓球要求也有，找相对厉害的同学做示范是为了更好的教学啊！体育这种课，主要还是看指标吧，乒乓球专项只是一部分，12分钟跑还有其他各项也是成绩的一部分啊！总之感谢老师，很不错的分数！
81200,780,黄小玲,2018-07-04 09:09:44,-2,2,4,给分很好
81257,780,黄小玲,2018-07-04 12:49:32,0,7,7,老师真的很好，给分也超级好，评论区让我怀疑他们上了假课哈哈哈哈哈
81413,780,黄小玲,2018-07-05 04:19:57,1,5,4,老师挺好的，虽然有时候讲话不太好听但是绝对也是一心为学生好。理论考试前期黄老师对每个班都进行了非常细致的指导到我们班嗓子都哑的没法听了但她还在坚持讲！
82907,780,黄小玲,2018-07-09 09:48:39,1,6,5,老师挺好的啊 给分比我上学期那个查老师评分接近10分的老师好了太多… \n\n结论：体育课是看自己的和查老师评分关系不大……
87821,780,黄小玲,2018-10-15 04:29:08,0,5,5,老师真的超级好，有耐心，上课幽默风趣，而且很关心学生
91744,780,黄小玲,2019-01-25 10:42:52,8,16,8,亲身经历，陈涛和叶亚金老师比她好一万倍！态度差人品差，能选别人就选别人。是的，她不歧视技术差的同学，她对技术好的同学也是一副呵呵样。
92083,780,黄小玲,2018-12-26 06:51:51,-3,5,8,老师人挺风趣幽默的，可以说很负责了。评分那么低真的搞不懂。
92090,780,黄小玲,2018-12-26 09:04:53,1,6,5,我刚开始真的是一个0基础，上课的时候压力超级大，因为老师每次看我怎么都学不会就会挺着急的看起来也有点凶凶的，起初乒乓球课简直是噩梦。但是事实上老师真的超级好，她可能就是性子比较急，但后来给我指导却很耐心，我记得我在她指导下终于打的像样一点的时候老师特别开心的样子，真的觉得是个很好的老师啊！！
92092,780,黄小玲,2018-12-26 09:28:19,0,4,4,感觉老师讲的还是蛮详细的，挺好的一个老师！希望大家别因为评分低就觉得这个老师不好怎么怎能样的。
92112,780,黄小玲,2018-12-26 12:27:16,-1,4,5,刀子嘴豆腐心 老师还是很愿意指导同学的 就是稍微严格了一点 专项辅导课也很负责 随时走动送球
92206,780,黄小玲,2018-12-27 04:52:39,-2,4,6,老师人很好的！别被评分吓跑了～
92271,780,黄小玲,2018-12-27 10:50:19,-1,4,5,老师人很好的，也很专业
92429,780,黄小玲,2018-12-28 14:05:05,-1,4,5,超好的老师！打球不太好的同学可以找她练，示范动作幽默，很负责任，人超好，10分推荐。
97630,780,黄小玲,2019-01-22 12:23:29,-2,5,7,老师人真的特别好！很耐心很负责任，一直教我们打球陪女生练球！超级感谢老师！
99068,780,黄小玲,2019-01-24 08:23:37,4,9,5,之前一点也没接触过乒乓球，自己也知道跟别人的差距，所以老师讲解动作的时候真的有认真听，认真练，但是老师真的是，出了错，打得烂，就拉下冷脸，甚至当众责骂班上一个女生。我觉得我对自己有要求，然而老师课上对乒乓球一点热情也没有。我选的陈烽老师的辅导课，陈老师就没少给我鼓励，可能心里更强大的同学更适合黄老师的课吧？不过最后绩点我还挺满意，球技也有提高。
102060,780,黄小玲,2019-01-30 08:42:32,-1,5,6,老师其实人很不错，非常关心学生，而且说话有时候也十分幽默。
102603,780,黄小玲,2019-02-14 06:01:49,8,13,5,真的是遇到的最差的乒乓球老师，也许有的同学觉得她刀子嘴豆腐心，我可以告诉你们陈涛和叶亚金老师也很负责，也很严格教课水平也很高，但对学生态度要比这位老师好太多，不想被打击嘲讽就赶紧换老师吧。
104522,780,黄小玲,2019-03-22 10:33:19,9,13,4,我体育课得了3.3，你敢信？那我也给你个6分吧。
104932,780,黄小玲,2019-03-31 11:40:12,7,13,6,真的差，对学生态度差
105815,780,黄小玲,2019-04-21 07:12:44,2,7,5,别的班早就开始实战演练了，就你tm在那左左右右一二三，一二三你?呢
108708,780,黄小玲,2019-05-31 13:03:04,0,4,4,太棒了，老师特别幽默诙谐，喜欢，两年都在黄老师班，特别怀念
108841,780,黄小玲,2019-06-03 06:26:05,7,14,7,很无语，脸上一种有人欠了她很多钱的感觉，就像刚刚打麻将输了几百万的大妈，不近人情，不和善，不温柔，同是教乒乓球的，比隔壁俩男老师还男，无公道，无指教，真的服气，看着她的脸，如果你有任何疑问，别问，问就是欠债还钱。
108857,780,黄小玲,2019-06-03 09:09:28,1,5,4,技术评价给的也太严了吧，一眼看去基本上没有A，别的班给分又好个数又多
108912,780,黄小玲,2019-06-04 06:33:48,-4,5,9,我猜会有不少学弟学妹来这里查老师吧…听我一句劝，乒乓0基础，心理承受能力又不强（受不了那种眼神鄙视、言语歧视）的同学，千万别选黄小玲！
109057,780,黄小玲,2019-06-06 10:18:04,-2,3,5,态度差
109140,780,黄小玲,2019-06-10 02:15:54,-1,3,4,挺好啊
110152,780,黄小玲,2019-06-24 02:56:10,-14,3,17,0分老师嘻嘻嘻
111510,780,黄小玲,2019-07-02 00:04:14,6,16,10,黄老师虽然初看是个表情严肃、凶巴巴的人，但是你得明白她有时小生气也是有原因的。老师并没有看不起0基础的同学，相反的，她真的在0基础同学身上下了功夫。大部分0基础同学只要认真练习，主动让老师陪练，期末都考得很好。至于12分钟跑什么的，跑5圈记6圈这种没原则的事情，你就别想了，老师已经放宽很多了。连续上了两个学期黄老师的课，相处下来，老师的幽默认真我相信大部分同学都看在眼里。老师真的没有那么差，大家可以亲身去感悟呀！
111548,780,黄小玲,2019-07-02 02:11:26,3,7,4,黄老师对0基础的同学挺友好的，有时候还会手把手教学。我也是看到黄老师的评论区才意识到或许一星护站的传统在查老师中早已存在，嘿嘿嘿嘿我就是要说出来，谁让我下学期没选上她的课呢，我得不到的大家也别想得到
111592,780,黄小玲,2019-07-02 05:41:34,0,3,3,为什么有些同学总是对老师的一些无关紧要的态度耿耿于怀，而忽视了老师认真负责的一面呢？并且对于老师的态度，我个人理解为认真负责，而不是看不起同学。
111692,780,黄小玲,2019-07-02 14:22:57,1,1,0,老师人很好，很为我们着想，有时候很严厉，但都是为我们好，但乒乓球这门课真心推荐有点基础再去上课会更好。
111760,780,黄小玲,2019-07-02 19:49:27,-63,6,69,我感觉给分真心差，理论考扣了0.2，身体素质扣了0.5，打卡，参加比赛，辅导课考勤都没扣分，专项测评也是A，最后只有98分？真心搞不懂怎么给的分
112360,780,黄小玲,2019-07-04 02:44:40,-3,1,4,好\n\n好\n\n好
115404,780,黄小玲,2019-07-21 05:11:14,-1,2,3,说实在，老师其实教得不错，给分也很合理
117321,780,黄小玲,2019-09-23 02:33:46,-2,3,5,放心选，老师很nice，轻松满绩
119586,780,黄小玲,2019-11-14 03:03:06,-1,1,2,很不错
121458,780,黄小玲,2019-12-16 03:47:21,2,2,0,总的来说体验不算特别好
121721,780,黄小玲,2020-01-21 06:16:29,1,3,2,认真学就好，不过有基础的同学会比较有优势。给分挺好哒ヾ(Ő∀Ő๑)ﾉ太好惹
124648,780,黄小玲,2020-07-05 01:25:53,-1,2,3,今年情况特殊，怀疑大家都很高
125261,780,黄小玲,2020-09-05 02:53:29,-2,1,3,其实感觉老师人还蛮好的，比较幽默，没有那么恐怖
125792,780,黄小玲,2020-09-14 09:30:46,-4,1,5,老师很好
128478,780,黄小玲,2020-12-23 10:53:51,-3,3,6,老师的乒乓球初级班真的好，能够真的学到东西
128936,780,黄小玲,2020-12-30 07:59:06,3,7,4,老师很好，完全没有评论说的那么恐怖，就算是零基础也能练得很好
129907,780,黄小玲,2021-01-13 11:21:06,-4,1,5,老师很幽默，上完最后一节课才意识到自己很舍不得，总之和球友一起打球的日子很难忘
130429,780,黄小玲,2021-01-22 09:17:21,-3,1,4,很好的老师，考试要求有点严格？不过话说体育课不是教考分离吗233
131711,780,黄小玲,2021-01-28 13:43:10,-5,1,6,老师挺好的！
136494,780,黄小玲,2021-06-19 03:38:09,-6,2,8,其实还不错吧，也没怎么样啊
141978,780,黄小玲,2021-11-02 14:35:10,9,10,1,钉钉消息已读不回复😅我麻了
143293,780,黄小玲,2021-11-23 04:07:13,1,5,4,老师讲话有时候很yygq和刻薄，让人听着心里不太舒服。不过老师还是和很负责的，考试相关的信息讲的很清楚，教课也很认真。相信老师讲话的时候没有什么恶意，但是有时侯听到还是很心梗，所以要努力说服自己别往心里去😢
144176,780,黄小玲,2021-12-20 06:37:02,-7,0,7,真滴好啊，会海底捞，虽然有时候说话有点尖锐但真的是很负责
144386,780,黄小玲,2021-12-21 09:30:22,-7,0,7,老师很好 评分不太准啊
144387,780,黄小玲,2021-12-21 09:30:22,-7,0,7,老师很好 评分不太准啊
144388,780,黄小玲,2021-12-21 09:34:54,8,9,1,别选 她会经常说你没来上课
144734,780,黄小玲,2021-12-23 11:06:54,-3,0,3,嗯，好
145013,780,黄小玲,2021-12-26 13:17:52,5,7,2,我觉得老师很好，虽然会有一点凶凶的感觉，但很关心你，而且会每一节课都会反复叮嘱你要注意的事情防止你体育挂掉，有时也会开开玩笑什么的。我也是初学者，没什么基础，老师上课教我们攻球的时候被当众指出来动作不对，当时觉得她挺凶的，有点难受，但后来会发现老师人真的很好，平时训练的时候看你动作不对也会很仔细地指导你，反正上她的课体验还是很愉快的。
145226,780,黄小玲,2021-12-28 10:25:33,-2,5,7,老师很负责，挺好玩有趣，上课也不水
145234,780,黄小玲,2021-12-28 11:26:44,3,8,5,第一次见钉钉已读不回的老师
145235,780,黄小玲,2021-12-28 11:27:37,5,8,3,不如其他老师
149620,780,黄小玲,2022-01-16 08:15:20,4,5,1,老师还可以，只是挺严格的，给分还行，但考试要求太严格，不如其他老师好。
149623,780,黄小玲,2022-01-16 08:30:39,8,8,0,老师绩杀，快跑！
150898,780,黄小玲,2022-02-21 02:13:27,-5,2,7,老师很幽默，体素课就是打卡，适宜划水选手
152135,780,黄小玲,2022-03-28 11:36:48,15,24,9,就是一更年期脑残老太太
152202,780,黄小玲,2022-03-30 06:31:01,19,20,1,老太婆脾气多，自己GPS没开，还怪我们不及时签到自己要和上级解释为什么那么多人迟到。
152283,780,黄小玲,2022-04-01 07:54:51,19,22,3,咱就是说，阴阳怪气真有你的👍👍👍
152721,780,黄小玲,2022-04-19 02:06:23,21,21,0,不喜欢，相比其他乒乓球老师的课（我上过两国陈老师的），她：严格得有点固执；有些歧视（跟已经上过她的课得人会优先考虑，个人见解不喜勿喷）；yygq；自己的问题硬觉得是学生的问题。
152831,780,黄小玲,2022-04-20 09:40:31,12,13,1,艾斯比
153242,780,黄小玲,2022-04-27 04:01:10,14,14,0,巴不得到处给学生扣一点分
153536,780,黄小玲,2022-05-04 06:13:05,19,21,2,我只想给及格分，你们自己品吧
153693,780,黄小玲,2022-05-08 10:54:21,8,8,0,因为真的很喜欢乒乓球所以选了，不过因为非酋，严格来说应该是课选了我吧hhh。由于课间路上经常堵，每次结束西教早八的课都会尽量快一点再快一点。没什么专业基础，但每节课都很努力上，从来没有划水过（也是因为真的喜欢）。被记迟到也许是活该吧，因为到的时候她的确已经在讲事情了，虽然只晚了两三分钟。被阴阳也是活该，因为我打得确实不够好。况且有被阴阳的机会已经很难得，单独对打的话，这学期只有两次。心寒是我玻璃心了，因为有报过其他老师的课，因而有了不切实际的幻想。以上都是我的个人感受，不知道有没有什么参考价值，大家随意看看就好。
153867,780,黄小玲,2022-05-14 11:07:13,12,14,2,老硬币
153905,780,黄小玲,2022-05-16 12:55:08,14,19,5,你不是进入更年期了，你是快要步入阴间了。
153992,780,黄小玲,2022-05-18 13:31:03,16,18,2,请问您今年多大年纪?可曾读过书?现吃什么药?
154603,780,黄小玲,2022-06-02 11:25:12,1,8,7,感觉老师很有人情味啊，有点阴阳但回味一下就感觉没什么，还有点好笑，而且迟到很久也算到而不是迟到
154739,780,黄小玲,2022-06-04 12:22:26,5,6,1,。。。
154879,780,黄小玲,2022-06-06 11:49:01,0,10,10,老师真的很好啊。看到这些评论心里有点难受。老师只是有时候看起来凶，但是人还是很好的，幽默，还会和我们聊天，教的也耐心，也会抱怨48次太多。不过确实有时候会嘲笑你，但是是打趣的那种，可能有些同学听不出来。我也是课前有实验课，有一半多都迟到，但是解释过了。只有一次是因为提早就通知过有检查，然后还是有人迟到才记了，但她还解释一次迟到不影响体育成绩，只是给我们一个教训。老师非常负责，会反复强调运动中的注意点，防止你受伤，乒乓球也会讲解动作和规则。感觉老师也挺关心我们的成绩的，几个拿分注意点会一直提醒。12分钟跑是严格按照真实成绩的，乒乓球考试担心大家考得低，专门找认识的乒协同学过来助考。
154961,780,黄小玲,2022-06-07 06:25:23,-6,4,10,老师做事很认真，可能会更亲近认识的同学，也算人之常情
155293,780,黄小玲,2022-06-10 09:01:32,18,19,1,快逃吧。。。对普通同学真的感觉不友好
155294,780,黄小玲,2022-06-10 09:15:25,4,6,2,乒乓球这门课上了几个学期，也有上过几个不同的老师，总体看下来，这老师的技术说实话确实不敢恭维，送球真心不怎么稳，而且平时也很求是很严（虽然这也无可厚非）。但这学期体育课的感觉确实不如前几个学期了。
155663,780,黄小玲,2022-06-15 05:46:37,17,18,1,撒比 喜提最低体育绩点
159183,780,黄小玲,2022-07-07 11:36:31,-19,1,20,老师相当好！
161445,780,黄小玲,2022-11-07 04:48:01,9,12,3,像有病一样，死老太婆
162565,780,黄小玲,2022-11-25 11:59:10,10,11,1,早点退休吧您，乒乓球这么多好老师怎么会有你这样的
163356,780,黄小玲,2022-12-15 01:45:34,1,4,3,没有想象的那么差，就是理论小作文的分给得也太离谱了吧。以及乒乓球颠球满分标准最起码得是老师可以做得到的吧。
163916,780,黄小玲,2022-12-16 14:15:01,4,4,0,666
164216,780,黄小玲,2022-12-19 09:20:09,-7,2,9,henbucuo
172278,780,黄小玲,2023-04-24 06:09:35,2,3,1,对这个老太婆厌恶至极
172972,780,黄小玲,2023-05-10 14:18:10,-3,0,3,老师很耐心的
173497,780,黄小玲,2023-05-26 09:56:27,5,5,0,傻逼一个
173562,780,黄小玲,2023-05-29 03:57:18,5,5,0,其实课倒是上的一般，打这个分数主要是因为她对同学很凶，完全不会通融，而且因为请假等事情找她的话她会以一种感觉你很烦的毫不友善的态度跟你说话。不建议上，因为心情会很糟糕。
173732,780,黄小玲,2023-06-02 05:08:50,12,12,0,因为打的不好，连续几节课被她大声的、面带厌恶表情的纠正，因为仰卧起坐做的不好，被她点名说：xx做的最不标准。\n\n我只想说：玻璃心、技术差的同学慎选！
173781,780,黄小玲,2023-06-02 16:22:57,3,5,2,一点不通情面的老师，当众批评你让你下不来台，特别严厉，给分不好
173983,780,黄小玲,2023-06-05 11:34:57,7,7,0,阴阳怪气阴晴不定的老师，每次问她问题都一脸不耐烦，慎重选择吧
174302,780,黄小玲,2023-06-09 06:46:18,-4,1,5,老师人很好，很负责，做事不放水（所以想划水的不建议选），是真的很关心每个学生
174877,780,黄小玲,2023-06-19 09:00:07,-4,0,4,我感觉还行，刀子嘴豆腐心
176030,780,黄小玲,2023-06-27 12:52:47,-5,2,7,说实话老师人其实挺好的，最后考试还会多给你几次机会让你考，也会给你指导，但是偏心偏的也太明显了吧？而且确实人情商不怎么高...但是人真的还不错，心理比较强大且技术比较好的可以选，我有此睡过了一个小时，我去了老师还是给我签上到了。
179775,780,黄小玲,2023-09-19 23:20:48,-6,3,9,老师人超好👍
182355,780,黄小玲,2023-11-15 06:30:07,4,6,2,死老太婆，再也不上乒乓球课了
185274,780,黄小玲,2023-12-27 12:50:18,-4,2,6,老师人很好，12分跑会关注同学身体状况，会在最后一节体育课给同学推荐下学期的体育选课，推荐其他老师的课。但是对签到和体测成绩把控相对比较严。会找水平好的同学期末考统一喂球。
188196,780,黄小玲,2024-01-18 11:29:30,-4,3,7,老师人超好，教学比较细，自己要多练，给分不错，本人新手一枚拿了不错的绩点。
190652,780,黄小玲,2024-03-13 06:56:20,4,5,1,快逃......一脸不耐烦地爱答不理高贵给谁看呢，白眼都快翻到天上了，很后悔选了她的课
192493,780,黄小玲,2024-05-22 02:38:38,-1,0,1,good
193275,780,黄小玲,2024-06-05 13:27:10,6,7,1,差，而且似乎有点性别歧视
198883,780,黄小玲,2024-09-12 11:31:30,1,2,1,牛气，烦
199397,780,黄小玲,2024-09-23 01:55:54,4,5,1,一脸不耐烦，第一节课笑嘻嘻，后面简单教了个动作就让自己打，打不好还牛逼拉轰的说人。准备活动1234拍子打的快的要死这个动作还没完就下一个动作，他自己是直拍还有点歧视横拍，服了
200288,780,黄小玲,2024-10-15 11:19:33,1,1,0,服了啊
200676,780,黄小玲,2024-10-21 02:08:43,1,1,0,上课话真多，体测单独说，不给人打球时间，打五分钟交过去说十分钟话，全是废话，浪费时间
202411,780,黄小玲,2024-11-12 12:07:49,2,2,0,巴不得到处扣分，上课还很啰嗦
203410,780,黄小玲,2024-11-19 12:34:21,3,3,0,性别歧视，事很多，喜欢挑刺
205589,780,黄小玲,2024-12-10 00:49:01,5,5,0,纯纯伞兵 私募了 考试恨不得给你多扣一点是一点
205608,780,黄小玲,2024-12-17 06:37:48,0,1,1,感觉是比较传统的老师
205692,780,黄小玲,2024-12-11 08:23:25,4,4,0,考个乒乓球还能被宁阴阳两句😅
205922,780,黄小玲,2024-12-12 16:56:11,1,1,0,骂你?呢
206205,780,黄小玲,2024-12-13 08:27:53,-1,1,2,死老太婆眼瞎的，选了它的课你就暗自窃喜吧哈哈。
207170,780,黄小玲,2024-12-19 13:59:17,-1,3,4,黄老师很好的呀，一直提醒我们打卡和知道看视频，不然我肯定也是最后特别赶。对待初学者也好呀，会自己带着他们打。考核看到有些同学不行了会终止并且让他们再去练练。
207695,780,黄小玲,2024-12-24 01:44:36,-1,1,2,这个老师热别特别特别好，她会一遍一遍提醒我们体育课成绩该做的，还会指导我们怎么选下一学期的体育课，最后期末考试还会给我们喂球，喂的特别好，这个老师真的很好。
207838,780,黄小玲,2024-12-24 12:19:58,5,5,0,补一下体素 上课先跑两公里 然后把那个跑步记录给她看 一个一个手动签到 选到就是赚到哈😅👍
208265,780,黄小玲,2024-12-26 11:57:01,-1,0,1,感觉老师也没有说的那么不堪或者严格吧，虽然演示和交流可能会和已经上过的同学比较多，但是本身感觉心还是好的。我个人上课的时候没有感觉对请假的同学有什么偏见，迟到了的话也只是嘴上说两句，会帮忙补签。平时也有纠正动作，带新学的同学。为了理论考有让我们按照双打规则双打，最后还一个个陪考过来。不过分数可能比较求是确实，跑步的时候帮忙计数的同学多报了一点，老师直接笑眯眯地同我说没有到。
208448,780,黄小玲,2024-12-28 02:26:07,1,1,0,乒乓球是好课 但这老师有点太阴晴不定了
209494,780,黄小玲,2025-01-06 05:49:24,-8,0,8,零基础乒乓球，最终刚好满绩啦！老师还是很捞的，上课也挺好玩的
209539,780,黄小玲,2025-01-06 08:10:29,3,4,1,对于上课考勤比较严格，，，因为请假了一次被扣了一分然后被狠狠绩杀
210830,780,黄小玲,2025-01-10 04:46:29,-1,1,2,不捞，也不要指望在她的课上能学到什么。乒乓球是好课，但这个老师不推荐。
213637,780,黄小玲,2025-01-18 15:50:01,1,2,1,非常非常好的老师，没有必要看这个这里的分数，老师极致的捞，一般绝对不让你卡绩，而且人很好，你跟她聊聊体育，聊聊乒乓球，她会非常热心帮助你，但如果你想摆烂，混个学分，那老师还是有基本的底线的
214451,780,黄小玲,2025-02-05 05:00:10,0,2,2,绝对没有那么差！很好的老师，乒乓球里上过的最负责的，也最真诚的老师。
215528,780,黄小玲,2025-02-27 13:30:17,1,1,0,阴，真的阴！\n\n乒乓不知道，体素赶紧逃！阴晴不定的，签到签退随心所欲，态度差，还有时最后签到。\n\nPS：是瞎子，几乎靠衣服认人，懂？
217729,780,黄小玲,2025-04-15 14:19:31,-1,0,1,我觉得真的特别好啊，本人是个女生，上的黄老师的乒乓球课，本来选上老师的课一看评分天都塌了，但是上了黄老师的课之后感觉跟评分系统里的里完全不是同一个人，感觉老师很有耐心啊，遇到有问题也能给我们当场指出真的很好啊，我都要怀疑是买的水帖了
219508,780,黄小玲,2025-05-29 03:30:11,2,2,0,乒乓球课体验很好，老师人很好
1317,864,陈坚坚,2015-03-21 23:53:42,22,35,13,凶
2167,864,陈坚坚,2015-04-04 09:40:35,17,26,9,要求严厉
3423,864,陈坚坚,2015-06-12 02:20:15,2,13,11,话很多，超无聊
4439,864,陈坚坚,2015-06-23 05:43:55,71,103,32,老师真的是刀子嘴豆腐心，最后考试都会尽量照顾 是好人！！！
5285,864,陈坚坚,2015-07-06 09:50:07,31,50,19,老师刀子嘴豆腐心，很关心人，给很多时间自由活动，打得爽
6192,864,陈坚坚,2015-07-12 00:34:09,7,15,8,认真学的话会有很大收获的
6505,864,陈坚坚,2015-07-14 13:17:35,2,12,10,老师还是不错的
8485,864,陈坚坚,2015-09-22 00:22:22,2,12,10,话太多，非常能扯，半个小时的事情可以讲一个半小时
8647,864,陈坚坚,2015-09-23 13:15:54,-2,3,5,3个字
9955,864,陈坚坚,2015-11-13 07:39:27,-1,5,6,人不错的
11127,864,陈坚坚,2015-11-24 11:20:53,-4,6,10,不要选
12134,864,陈坚坚,2015-12-22 03:13:59,2,12,10,不要选，爱骂人
14661,864,陈坚坚,2016-01-08 07:11:46,-4,5,9,爱死她
15025,864,陈坚坚,2016-01-11 14:32:57,0,12,12,老师其实人挺好的，虽然平时可能会有点凶但是内心很善良。最后考试第一次没过补考会让你打到过为止。羽毛球的知识也能学到不少。
16193,864,陈坚坚,2016-01-17 13:00:27,16,27,11,挺好的老师吖，就是羽毛球本身比较难考。。。
17281,864,陈坚坚,2017-12-29 08:00:02,-3,9,12,垃圾，脾气差事多给分低
17449,864,陈坚坚,2016-01-20 08:33:16,-2,6,8,老师还是挺好的，就是羽毛球考试太坑了
17490,864,陈坚坚,2016-01-20 09:53:20,13,30,17,给分不好 哭 \n\n
17570,864,陈坚坚,2016-01-20 12:18:57,-3,5,8,老师上课很认真，比较严格
19580,864,陈坚坚,2016-01-24 23:10:43,-3,4,7,看看平均分还是挺高的 平时严厉点也没啥
22811,864,陈坚坚,2016-03-12 07:45:25,2,19,17,千万别选，超级凶
25172,864,陈坚坚,2016-05-06 14:09:08,3,14,11,辣鸡啊
25173,864,陈坚坚,2016-05-06 14:12:42,4,14,10,强迫跑马拉松~ 不跑按旷课   朋友姨妈来了  老师还吼女生~ 真是够了
27089,864,陈坚坚,2016-06-23 01:05:10,-2,8,10,不给我高分我怎么给她高分
30453,864,陈坚坚,2016-07-01 15:29:41,-1,2,3,成绩还没出来，waiting
30567,864,陈坚坚,2016-07-02 03:42:23,10,20,10,我感觉是一名很不错的体育老师，\n\n很坦率实在，该说什么就说什么，该怎么做就怎么做。\n\n点名，不早退也是最基本的要求。\n\n羽毛球知识讲的也很可以。\n\n最重要还是看你的态度，上课认真，不会亏待你的
30650,864,陈坚坚,2016-07-02 06:49:17,1,11,10,说第一个事情：考仰卧起坐的时候只用两个垫子摆在面前，姿势不对要重做，计数的还得大声念出来。\n\n说第二个事情：给分比理论考成绩低。\n\n大家自己掂量扒
30655,864,陈坚坚,2016-07-02 06:55:59,1,6,5,给分大坑
31299,864,陈坚坚,2016-07-03 15:13:05,-2,5,7,缓考被害惨，一共提醒了她五次自己的学号课程信息，结果期末发现缓考零分，说是不知道我信息，查不到上学期成绩，要改就等下学期改，下学期，年级排名都出来了，一科零分可以拉我整整0.05绩点啊。
33096,864,陈坚坚,2016-09-12 16:37:58,-4,1,5,是个好老师
38971,864,陈坚坚,2016-12-20 06:30:32,-1,6,7,超级棒的老师，对学生很宽容，还给很多时间打球。缺点是如果你自己不认真学，你可能学不好。
39124,864,陈坚坚,2016-12-21 09:09:10,3,9,6,老师很好，很负责任
39972,864,陈坚坚,2016-12-28 11:18:26,-1,4,5,老师虽然人严厉了一点但是还是超级好的。有一点刀子嘴豆腐心。非常喜欢这个老师。而且也可以学到很多知识
39999,864,陈坚坚,2016-12-28 13:39:32,-1,3,4,老师很严格，但是考试很照顾
40366,864,陈坚坚,2017-01-03 05:36:51,3,10,7,老师人非常好，能学到很多关于羽毛球的知识。
40601,864,陈坚坚,2017-01-04 08:39:16,-1,12,13,想在体育课留下阴影就选吧 ！ 感觉很没素质的老师 给分也那么低 大一第一学期选了留下了阴影 而且喜欢吼学生
43347,864,陈坚坚,2017-01-16 07:24:58,-6,0,6,期末给分比较坑  其他还好
43495,864,陈坚坚,2017-01-16 11:02:30,-2,2,4,老师人本身不错，给分莫名其妙。我技术考满分，打卡满分，其他也都不错才3.9，好气呀！
43792,864,陈坚坚,2017-01-17 03:23:12,6,14,8,给分差
44011,864,陈坚坚,2017-01-17 08:05:59,-1,7,8,老师很好啊，上课认真负责，会讲理论，会有2个星期打比赛，很有趣，期末考发球，也不看动作，只要发得远不出界就好啦，对我这样不会标准发球的来说简直棒啊。这个学期给了2次考试的机会，不是补考就是2次，老师的考试用球也超好打。有个同学前几个发球都出界了，老师一个没算，让他重发的，感觉很为学生考虑啊。
44041,864,陈坚坚,2017-01-17 08:36:31,-7,0,7,老师很棒～给分很好～
47316,864,陈坚坚,2017-01-25 08:27:20,-4,1,5,老师人真的挺好的，有一次看我总发不远手把手地教，超感人
47860,864,陈坚坚,2017-02-26 13:00:38,7,14,7,挺好的老师呀，真·刀子嘴豆腐心，上课说事情的话可能有点长，但是很照顾学生的，给分也不错的。
48339,864,陈坚坚,2017-03-02 07:36:50,2,7,5,不多说，难得的好老师，无论对初学者还是会打的，都很有耐心，而且在课上组织循环赛，课堂氛围也很好，老师给分什么的，这些都是看你的态度。
48606,864,陈坚坚,2017-03-08 08:03:31,-3,4,7,什么老师啊，没选上课，在旁边打会儿羽毛球都不让，真让人不爽
48794,864,陈坚坚,2017-03-13 06:37:29,-1,8,9,更年期啊疯女人
49221,864,陈坚坚,2017-03-30 01:33:01,29,43,14,体育老师普遍的粗犷豪放的性格，有时嘴凶了一点，但是并无恶意。春学期一次上不了课就带大家踏青看樱花，路过教超请饮料花了200多还忘了自己……总之感觉美滋滋~
52264,864,陈坚坚,2017-06-16 16:04:34,0,3,3,很好的老师啊，上课很好气氛很融洽，上了两次了，就是羽毛球老师本身比较难考?
55016,864,陈坚坚,2017-06-30 16:07:28,-4,7,11,不要选就对了 \n\n大一第一次体育课选了羽毛球选上 别人说我运气好 \n\n好个屁 选了这个老师的课才知道什么叫“好运”??\n\n喜欢吼人 \n\n对新疆人有偏见
56195,864,陈坚坚,2017-07-03 08:35:03,0,3,3,老师人还是挺好的，给分还行，可惜卡档了
56230,864,陈坚坚,2017-07-03 09:47:17,-21,3,24,这个老师怪怪的吧，请饮料，逛校园看起来不错，但是给分好迷啊，明明感觉要满绩了，出分才4.5，平时分估计给的不好，唉
56240,864,陈坚坚,2017-07-03 10:03:46,3,7,4,最后给分很好呀，老师脾气也很好，只不过没有羽毛球功底的同学上课可能比较吃力。
56256,864,陈坚坚,2017-07-03 10:33:21,-11,3,14,请了好多次假 学了一个学期羽球 什么屁都没学到
62677,864,陈坚坚,2017-11-26 10:54:39,6,11,5,好老师，但我不知道是怎么被选为组长的
64407,864,陈坚坚,2017-12-23 08:57:05,0,3,3,老师看起来有点凶，但是人真的很好啊
68368,864,陈坚坚,2018-01-23 05:21:04,0,3,3,挺开心的
69547,864,陈坚坚,2018-01-25 03:41:12,-1,1,2,严格但是人很好
69549,864,陈坚坚,2018-01-25 03:39:52,3,4,1,给分差，上课一般
69629,864,陈坚坚,2018-01-25 05:57:58,-2,1,3,老师挺好的，上课不错\n\n
69793,864,陈坚坚,2018-01-25 11:47:53,0,2,2,老师人很好……给分这东西看个人吧
70030,864,陈坚坚,2018-01-26 04:19:10,2,9,7,她要是看你不爽能给你从5弄到4
71431,864,陈坚坚,2018-01-28 12:27:46,-2,3,5,专业水平很高。但是真心凶，给分差。考试发球不好给白眼，感觉很伤自尊。
72085,864,陈坚坚,2018-01-29 10:07:48,1,4,3,上了陈老师两学期的课了，从初级班到中级班。觉得陈老师就是一个看似严格，其实内心里是一个十分好的老师。有时候她批评我们也是为了我们好。
72110,864,陈坚坚,2018-01-29 11:09:16,-3,7,10,给分超差，虽然主要是自己打的不好，但也太严格了吧，要知道，我做仰卧起坐，她一个一个给我数的，我靠靠靠!!!千万别选，自从大一上选了羽毛球，我发誓从今以后再也不选球类的体育课
74912,864,陈坚坚,2018-03-06 11:01:04,3,6,3,老师人超好，一开始会很严厉，但是考试前很和蔼，也很照顾学生！给分也好！
79911,864,陈坚坚,2018-06-15 05:55:56,-3,4,7,太凶了！
80007,864,陈坚坚,2018-06-19 03:40:35,15,21,6,差评陈老师的人怎么想的，上课到位，考试暖心，偶尔说两句难听的那是我们自己的问题呀，好老师！！
82659,864,陈坚坚,2018-07-09 02:30:20,-1,3,4,老师超好，没说的那么凶，给发也很好。
82673,864,陈坚坚,2018-07-09 02:43:30,0,2,2,老师人很好的，很关心学生，而且确实刀子嘴豆腐心，考试的时候真的是很宽松很宽松。4. 8! ! ! ! 我真的可以笑醒。
82736,864,陈坚坚,2018-07-09 04:49:25,3,6,3,体育课的最低绩点了?
82751,864,陈坚坚,2018-07-09 05:15:22,2,4,2,喜欢的人，报的话，学的很快，
82752,864,陈坚坚,2018-07-09 05:17:39,1,4,3,平时分给的挺严的吧…不过老师刀子嘴豆腐心吧，还是很好的。羽毛球自由活动的时间也很多，初级班考发球自己多练练心态好的专项也没想之前听说的那么难。如果喜欢羽毛球就选吧
83669,864,陈坚坚,2018-07-11 03:28:46,-1,2,3,真-刀子嘴豆腐心，老师很专业，教的很细致，给分超好，喜欢羽毛球的话再好不过了
86858,864,陈坚坚,2018-09-19 05:53:44,2,5,3,初级班技术考核是连发10个球，看落点给分。不水，老师脾气不太好，但是总是想办法帮同学们。最后成绩的话我只知道两个上她的班的同学，一个4.8一个4.5，说老师应该是调分了。上课比较轻松，打球的机会多，适合喜欢羽毛球的同学。
87696,864,陈坚坚,2018-10-10 06:32:07,-2,0,2,很认真很负责
91206,864,陈坚坚,2018-12-03 09:01:20,1,3,2,老师真的超好
92106,864,陈坚坚,2018-12-26 12:00:36,-1,2,3,这学期上的陈老师的羽毛球专项辅导课。陈老师虽然有时讲话比较严厉，但是完全不会感觉她凶。一学期下来感觉越来越喜欢这位老师，必须点赞！
92543,864,陈坚坚,2019-01-02 10:17:07,-1,1,2,老师很关心学生的，考试时给了很多机会，虽然平时话比较多但是没关系啦
92781,864,陈坚坚,2019-01-23 08:30:09,3,5,2,老师哪里凶了，其实甚至大家说严厉我也不觉得，老师人好课上的也棒，真的很喜欢老师的羽毛球课了w
95525,864,陈坚坚,2019-01-19 14:07:58,-3,0,3,老师认真负责，不知道为什么说凶，挺愿意和学生交流，为学生考虑的。
97545,864,陈坚坚,2019-01-22 10:27:40,-5,0,5,陈老师比较严格，上她的课，还是能学到很多，其实只要认真上体育课，绩点还是很高的，更何况老师还调了分
97640,864,陈坚坚,2019-01-22 12:33:30,-6,1,7,老师超级好超级好！！！！平时讲课讲的也非常棒，而且给自己自由的时间也很多。还非常幽默，可能有时候有点儿严厉但真的是刀子嘴豆腐心，还经常会讲一些人生体会什么的。最后给分也超级棒啊！！！我看见我4.8的绩点都惊呆了！！！感动到暴风哭泣！！总之老师简直太棒辣！！！
97774,864,陈坚坚,2019-01-22 15:50:21,-7,0,7,老师挺好的，认真上的分就不会低，每节课都要签到，想混过去的不要选。
97891,864,陈坚坚,2019-01-23 01:10:53,-2,1,3,老师人很好很好！很直爽的性格。比起有些体育课，羽毛球确实比较难考，所以成绩可能会不那么高。
98188,864,陈坚坚,2019-01-23 07:12:47,-1,2,3,真的不知道为什么陈老师的评分才7分，\n\n一句话 这位老师巨好！
99243,864,陈坚坚,2019-01-24 13:22:26,-2,0,2,老师不凶的啊！12分钟什么的也很好，很多时候涉及到成绩的都会给额外机会
100989,864,陈坚坚,2019-01-27 08:45:11,-4,0,4,好老师 尊重学生 看得到学生的努力与进步
103312,864,陈坚坚,2019-02-27 08:27:14,4,7,3,菜就别选
108118,864,陈坚坚,2019-05-15 08:18:38,4,9,5,真的很凶，更年期疯女人
112293,864,陈坚坚,2019-07-04 01:03:49,2,3,1,老师真的挺好的啊，打球机会多，给分好
112762,864,陈坚坚,2019-07-05 02:39:25,5,5,0,没基础的不推荐
116549,864,陈坚坚,2020-01-22 16:33:17,-7,7,14,沙雕，懂得不多，倒挺能装，讲别人正版拍是假的？她懂个啥？
116923,864,陈坚坚,2019-09-17 10:16:33,0,1,1,贼会骂
117469,864,陈坚坚,2019-09-25 00:45:39,1,2,1,老师只是看着凶而已，人还挺好的，绝对不是不近人情那种
119526,864,陈坚坚,2019-11-13 13:03:22,-2,1,3,服气，脾气差说话冲，别选
119987,864,陈坚坚,2019-11-17 03:38:08,-3,2,5,不信任学生。
119988,864,陈坚坚,2019-11-17 03:38:10,2,3,1,不舒服
119990,864,陈坚坚,2019-11-17 03:45:16,-3,1,4,太垃圾
119994,864,陈坚坚,2019-11-17 03:57:07,-2,1,3,对学生基本素质不了解，关于学生测试方面目光短浅，盲目直接批判学生得到高分数据造假。
120588,864,陈坚坚,2020-01-13 13:15:56,0,1,1,挺好的老师啊
120843,864,陈坚坚,2020-01-17 18:23:08,5,5,0,羽毛球初级班，老师是看上去蛮凶的，但其实的确是为大家好。最后补考也不严。真的体育渣渣，但是绩点也还好！
121372,864,陈坚坚,2019-12-17 10:52:21,5,6,1,老师人很好的，典型刀子嘴豆腐心，十二分钟跑也很担心我们的身体，带着我们分小组打比赛，也给我们很多鼓励。上课也很有趣。其实只要你态度积极，不哭丧着脸去上课，老师就不会责备你。我觉得老师就是想让我们阳光一点。
121395,864,陈坚坚,2019-12-16 11:22:58,1,2,1,很表面，表面严厉，嘴上凶，，，对学生很有耐心，测试时也很负责，问动作时也会很耐心地教
121839,864,陈坚坚,2020-01-22 09:17:24,3,4,1,羽毛球初级班，老师平时说话是有点不太注意，但人真的非常非常好，考核也尽可能照顾我们，虽然最后卡绩了，但我觉得老师平时给我们能加就加的分已经很多仁至义尽了，总之是很推荐选的。不过初级班发球真的不稳定要多练习
128206,864,陈坚坚,2020-12-13 04:11:43,7,12,5,不知道为什么分数那么低，这不河里(˶‾᷄ ⁻̫ ‾᷅˵)\n\n有说老师凶的。凶个鬼啊，哪个认真的体育老师不凶啊？就你们这点体育水平人家没骂人已经很温柔了好吗？\n\n有说老师给分不好的，拜托ball ball了各位大哥大姐，小学生都知道不能随意迁怒别人，你自己打不好还嫌给分差，你怎么不上天？\n\n10分走起，我陈坚坚老师值得9.0+！
128894,864,陈坚坚,2020-12-26 13:21:49,0,1,1,好老师，上过她的课就能感觉到。
129117,864,陈坚坚,2020-12-30 07:52:01,2,4,2,我觉得是顶好的老师啊，啥都好，给分特别好。（好神奇啊为什么同一个老师评价差别这么大。。。。。。）
129203,864,陈坚坚,2020-12-31 07:00:32,3,3,0,老师人太好了！！！！\n\n虽然我还是很菜
129377,864,陈坚坚,2021-01-05 00:50:55,6,6,0,感觉没有很凶（可能我妈妈更凶我习惯了？hhh）老师挺好的，12分钟赞赞赞！！！
129414,864,陈坚坚,2021-01-05 06:42:55,5,7,2,陈老师很好了，虽然有时说话不大中听
129500,864,陈坚坚,2021-01-06 10:34:34,9,10,1,陈老师真的很好很好！嘴上有点严厉但真的很关心学生！已经给我们很多机会捞分了！感谢老师再给没及格的我一个机会！！太感谢了555
129658,864,陈坚坚,2021-01-10 08:03:34,3,3,0,老师真的很好！很为学生着想！就是羽毛球考试我自己总是失误。。。
130311,864,陈坚坚,2021-01-20 14:56:21,9,11,2,羽毛球初级班，老师人很好，照顾学生，12min跑和期末考核各种捞人。秋冬学期的课照顾大家及时穿好衣服，带一块毛巾擦汗。平常上课也是准备活动做开以后再开始上课的，是好老师o(^o^)o
131231,864,陈坚坚,2021-01-26 17:13:31,0,2,2,...很无语，专项成绩70分给我登上去60，总评就下八十了.....
133452,864,陈坚坚,2021-03-01 02:17:06,1,2,1,老师超级好
133650,864,陈坚坚,2021-03-03 08:33:47,-14,1,15,刚上第一节课，插个眼吧\n\n很不喜欢老师陈词滥调，屁话一堆
136050,864,陈坚坚,2021-06-10 09:24:07,-6,4,10,脾气不好。真的，有点啰嗦，婆婆妈妈，没有人情。
136275,864,陈坚坚,2021-06-15 05:52:14,2,4,2,说不近人情是真的吗？陈老师人这么好，非常负责任，会把重要事情反复在群里强调，一心为学生的。虽然有时会发脾气，但对学生是真的好！吹爆我陈坚坚老师！
136276,864,陈坚坚,2021-06-15 05:40:18,2,3,1,说不近人情是真的吗？陈老师人这么好，非常负责任，会把重要事情反复在群里强调，一心为学生的。虽然有时会发脾气，但对学生是真的好！吹爆我陈坚坚老师！
136325,864,陈坚坚,2021-06-16 08:20:37,3,4,1,这个评分真的低了 老师是刀子嘴豆腐心！！最后考试都会可劲捞的！
136697,864,陈坚坚,2021-06-23 06:42:23,3,4,1,陈老师人可以说是超级好了，非常尊重和关心学生。课前最关心的一件事是早饭都吃了吗。最后期末考试可以考三次（一次模拟考保留成绩可作为最终成绩，一次其他老师换班考和最后的陈老师自己班内考试），我前两次成绩不是很理想，最后一次考试的时候一个球打出界了她又给了一次机会。体育课的分真的是靠自己的，跟老师其实关系不大，认真学就有收获，努力考也没必要遗憾，希望选了陈老师的课的同学都能喜欢上羽毛球
137520,864,陈坚坚,2021-07-05 02:17:21,2,3,1,绝对是好老师，别跟我抢
141810,864,陈坚坚,2021-11-30 08:48:22,2,3,1,老师真的很好！！！不知道以前的评论怎么来的，应该是老师作出了改变吧
144342,864,陈坚坚,2021-12-21 06:31:02,1,2,1,老师人很好！讲要求很认真细心，羽毛球课练习的时间很多，小白友好，果断十分！
144376,864,陈坚坚,2021-12-21 08:46:32,0,1,1,很好啊！
144655,864,陈坚坚,2021-12-23 03:46:33,4,5,1,老师真的很不错，因为学生反映都把考试要求降低了。
145086,864,陈坚坚,2021-12-27 09:43:04,0,2,2,老师态度很好啊，这学期课就生过一次气，那也确实是有些同学太过分了，完全可以理解。老师教的也非常好。
145218,864,陈坚坚,2021-12-28 09:40:03,-1,0,1,...
146390,864,陈坚坚,2022-01-06 12:20:40,0,1,1,陈老师人美心善好的吧，骨子里是个温柔的人
147072,864,陈坚坚,2022-01-08 14:53:51,0,1,1,理论分好低，emo了wwwww
149278,864,陈坚坚,2022-01-15 03:13:39,1,1,0,老师人很好
149279,864,陈坚坚,2022-01-15 03:13:39,0,1,1,老师人很好
149370,864,陈坚坚,2022-01-15 07:54:53,1,2,1,面冷心热，认真细致，给分好，冲
149538,864,陈坚坚,2022-01-16 02:05:04,2,3,1,真的很好的老师！
149784,864,陈坚坚,2022-01-17 03:08:14,12,14,2,真的好老师，跟前些年的描述差别很大了。\n\n羽毛球上课讲得很细致，真的就怕学生听不懂的那种。\n\n也会一对一地帮你纠动作。\n\n十二分钟跑、引体向上、羽毛球专项考试，甚至是上课点名，也全部都是各种放水捞人。
151200,864,陈坚坚,2022-02-24 11:16:58,1,2,1,身体素质课好
151369,864,陈坚坚,2022-03-01 12:37:53,0,2,2,老师人好得不得了
152539,864,陈坚坚,2022-04-14 07:51:08,-1,2,3,已读不回
152547,864,陈坚坚,2022-04-14 10:06:19,-1,2,3,对不起但是很无语
153788,864,陈坚坚,2022-06-13 14:55:43,0,2,2,老师很真的温柔的，虽然要求很高
154382,864,陈坚坚,2022-05-31 11:17:20,0,2,2,好老师 不多说
154486,864,陈坚坚,2022-06-02 01:48:31,18,26,8,老师真的很好，说凶其实也就是心直口快，大家都是成年人，心理承受能力还是要强点。每项考核都充满“人情味”，上课动作指导也很认真，值得10
154501,864,陈坚坚,2022-06-02 02:27:29,1,3,2,好老师相信我
154512,864,陈坚坚,2022-06-02 03:06:54,2,4,2,陈坚坚老师是我大学两年碰到的最好的体育老师了，教学和考核很有条理但也很有人情味，虽然老师说自己快人快语，但我也没听过她骂人，倒是觉得老师说话其实很有意思哈哈
154534,864,陈坚坚,2022-06-02 05:05:35,0,2,2,刀子嘴豆腐心，很可爱的老师！
156813,864,陈坚坚,2022-06-21 04:07:49,0,4,4,好老师，不解释，自己去上课就知道了，希望大家不要选，这样我就能一直上了哈哈哈。
156920,864,陈坚坚,2022-06-21 10:36:53,-1,5,6,在众人奔向jtj姐姐之时，我毅然决然反其道而行，却不曾想能遇到这么一位好老师！刀子嘴豆腐心，明明想要捞我们帮我们还非得嘴硬哈哈哈。而且老师漂亮而腹黑！只要你热爱羽毛球，cjj是优选哦！
159553,864,陈坚坚,2022-08-09 01:47:27,-2,1,3,负责，认真，暖心
160140,864,陈坚坚,2022-09-14 00:00:10,-2,1,3,老师人很好的啦
161604,864,陈坚坚,2022-11-09 10:18:56,2,2,0,不建议问问题，她只说自己看着办，然后说和你不投缘劝你换班
164122,864,陈坚坚,2022-12-18 08:39:17,3,4,1,呃。。说实话给分不太好 其他还行
164719,864,陈坚坚,2022-12-24 06:09:23,-3,0,3,真的很好的一位体育老师，很考虑学生们，疫情期间线上体育考试考虑同学们身体情况延后提交时间。
165304,864,陈坚坚,2022-12-31 09:05:00,0,5,5,差的要死。表面一套，背后一套。
166761,864,陈坚坚,2023-01-13 13:04:54,0,2,2,一节课就教一个动作，练习完就自己找人打球（大概还有四五十分钟的样子）。\n\n十二分钟跑也对同学比较友善，会多算不会少算。最后一圈的时候会按照剩余时间估计给你算上，让你慢慢跑就好了。\n\n引体向上好像也不是十分严格，但是我不知道，我一个也做不起来。\n\n本学期后半学期就没见过她了（生病还有疫情的缘故）哈哈，中间由蒋老师代了几节课，感觉上两人差不了多少。
170619,864,陈坚坚,2023-03-07 08:16:29,-2,0,2,给分超好
171058,864,陈坚坚,2023-03-15 07:19:06,-3,0,3,出印象比较严厉，但是老师其实人很好，很关心我们，给的活动时间也很长，打的很爽'
173853,864,陈坚坚,2023-06-03 15:44:49,-14,2,16,5.0飘过
173897,864,陈坚坚,2023-06-04 08:04:31,7,14,7,老师超级凶  超级压力  奉劝大家避雷
174087,864,陈坚坚,2023-06-06 07:01:24,-1,0,1,选过两学期坚坚老师的课，老师人很好！给分也很好，十二分跑会酌情送半圈。\n\n就是感觉上课教学还可以更丰富一点，可能是疫情影响吧，感觉有点遗憾。
175880,864,陈坚坚,2023-06-27 05:12:21,1,5,4,给分真的 太求是了\n\n完全一点不捞\n\n之前选别的课期末就打及格最后也给捞上四了\n\n认认真真打一学期只有80分😇\n\n口合口合
177220,864,陈坚坚,2023-07-02 09:39:41,0,2,2,好老师～～
177914,864,陈坚坚,2023-07-05 11:22:42,2,2,0,引体向上很松，12分跑也比较水，满了
184871,864,陈坚坚,2023-12-24 00:32:02,3,8,5,不是上课的老师，是考试的老师，考试因为自己来迟了开始完了就一直凶学生，有位同学的校园卡照片磨花了递给他，他就直接扔地上，骂那位同学，后面考试的时候有几个踩线的球都没给分
184896,864,陈坚坚,2023-12-24 06:18:48,2,3,1,我学到了新的羽毛球规则，压线球是out。你搁这那学生总评的四分开玩笑呢😅
184914,864,陈坚坚,2023-12-24 09:57:23,2,2,0,老师人其实很好，12分钟跑真的很照顾学生了
185017,864,陈坚坚,2023-12-25 16:15:01,6,9,3,考试是她监考的，对于羽毛球这种很看临场发挥的考试，她一直在骂考生，真的有点过分，很多同学都因此发挥不好
185025,864,陈坚坚,2023-12-26 02:13:26,2,3,1,老师真的很好，有多好嘛，得自己悟
185129,864,陈坚坚,2023-12-26 12:13:18,3,4,1,被老师捞捞了呜呜，虽然老师确实平时有点凶而且要求比较严格，但是真的像以前的学长姐说的一样是刀子嘴豆腐心，老师私下还是很通人情的，一些不必要的麻烦也会尽量去避免，老师可以帮的和不太能帮的地方都会提前说出来，所以得去认真体会老师的意思！后面补考的时候也会尽量地捞捞学生，争取都能让我们比原来的成绩有进步。
185658,864,陈坚坚,2024-01-03 10:45:53,2,2,0,老师真的好好
186932,864,陈坚坚,2024-01-13 15:29:12,0,1,1,不错的老师，妙手回春
190263,864,陈坚坚,2024-02-27 00:19:21,1,2,1,老师人真的巨好，今年还是她的体育课🥺
192172,864,陈坚坚,2024-05-10 19:54:55,-3,5,8,凶，屁大点事就对着人吼，我都没弄懂发生了什么就被一顿骂，后面找她直接无视加翻白眼，这体育课还是给我留下了不小的心理阴影hh
192679,864,陈坚坚,2024-05-27 14:16:47,-4,1,5,业务能力有待增强吧，跟老师说缓测成绩帮我补一下然后贴脸输出我这学期没去上课。。。缓测成绩登记不懂在那臆想，跟老师解释了说我教她做事。那我说老师端的操作我不懂您去问问体育艺部，发了一分钟的语音输出，大致意思我真有意思，叫她做什么她就要做什么，问我为什么要她去问体育部老师问老师登记成绩怎么登记。言下之意我主动去体育部教务处指名道姓教务老师去教教陈坚坚体育补考成绩怎么登记。。。老师要不要我去教务处接个头教教您体育课怎么上吧
192898,864,陈坚坚,2024-05-31 11:06:59,4,5,1,虽然刀子嘴豆腐心，但是绝对是为学生考虑的好老师
192940,864,陈坚坚,2024-06-01 03:41:35,2,3,1,特别认真特别负责，仰卧起坐会帮女生细心拉好裙子，平时讲课很认真，会走动然后细心纠正，运动量不大
193017,864,陈坚坚,2024-06-02 13:32:13,0,4,4,很凶莫名被骂
193188,864,陈坚坚,2024-06-04 09:12:59,1,1,0,感谢老师海底捞！！！
193309,864,陈坚坚,2024-06-06 06:12:35,0,0,0,好好好
195662,864,陈坚坚,2024-06-29 09:56:05,-4,0,4,。。。
205586,864,陈坚坚,2024-12-09 15:00:53,0,0,0,温柔体贴
205965,864,陈坚坚,2024-12-13 02:13:33,4,4,0,身体素质课：特水，真心好，没什么运动量。老师只是性子急所以有的时候语气冲一点，实际上真的刀子嘴豆腐心…要不是我新学期选不上了我一定要把老师的好藏心里自己偷偷选
206718,864,陈坚坚,2024-12-17 08:19:01,5,5,0,牛逼，老师宽宏大量。太强了👍👍👍👍👍👍👍👍👍👍👍👍👍👍👍👍👍👍👍👍👍👍👍👍👍👍👍👍👍👍👍👍👍👍👍👍👍👍👍👍👍
207119,864,陈坚坚,2024-12-19 10:05:26,6,6,0,陈老师人很好的，绝对客观的说，心里肯定是为同学们着想的。从老师之前说过的话也能看出来对同学很好。上了陈老师的羽毛球，老师真的很尽力在帮我们了，确实是我水平不行这没话说，但是陈老师英明决策，采用分组制，让我这个菜鸡真的提升了很多。体素课也是，用老师原话说就是不会什么锻炼也得不到，但也不会累 就是正正好好的，很开心。
207560,864,陈坚坚,2024-12-23 05:15:23,6,6,0,刀子嘴豆腐心 人非常好 真的 考试特别好 只要你和善 那她肯定不会对你不好！！！！！
207689,864,陈坚坚,2024-12-24 00:51:46,5,5,0,老师超级好！！！
207737,864,陈坚坚,2024-12-24 05:52:47,6,6,0,陈老师真的很好🥹，特别为学生着想，考试也特别捞！！！
209897,864,陈坚坚,2025-01-07 10:53:45,5,5,0,老师说话有时候有点不客气，但是真的很关心学生，在尽量照顾我们分高一些，可是对于小白来说羽毛球专项考试我真的。。。。但老师真的非常非常非常非常非常好！！！
213974,864,陈坚坚,2025-01-22 08:32:29,1,1,0,很水的体素课，但是体素课吗，你懂的
219275,864,陈坚坚,2025-05-23 16:41:31,1,1,0,好老师，还给我小捞了，大家好好练发球就没问题的呀！
220577,864,陈坚坚,2025-06-18 14:36:29,1,1,0,捞了我期末分的两分 谢谢老师
222072,864,陈坚坚,2025-06-29 12:01:05,0,0,0,老师很好，但是初级班的发球同学还得多加练习，
1861,871,沈亚培,2015-03-26 02:45:41,16,30,14,上课认真不做作，蛮好的。不过给分挺实在的
5407,871,沈亚培,2015-07-07 08:05:26,22,37,15,给分很坑人。不太好
6116,871,沈亚培,2015-07-11 04:05:45,4,13,9,老师很可爱啊~给分实在挺好的
13821,871,沈亚培,2015-12-31 13:09:53,3,9,6,老师还是挺好的，男生没有一定基础的去还是有点难的，女生比较好拿分，总之还是要坚持锻炼。
14662,871,沈亚培,2016-01-08 07:15:28,2,3,1,老师挺认真的
15484,871,沈亚培,2016-01-14 15:41:24,5,9,4,给分不高啊
15588,871,沈亚培,2016-01-15 13:16:50,6,7,1,老师很好，但是瘦弱的男同学们不要选这门课，血的教训啊。。。。
15775,871,沈亚培,2016-01-16 08:51:53,4,9,5,女生如果觉得自己能扛着40公斤的杠铃蹲下去站起来10次都不虚那就大胆来吧，老师挺好人的
16583,871,沈亚培,2016-01-18 12:27:55,4,13,9,是只老色狼，给分超级坑爹，卧推满分，深蹲100，理论也几乎满分，他给79
16991,871,沈亚培,2016-01-19 11:32:38,9,12,3,男生没点底子请做好觉悟
17278,871,沈亚培,2016-01-20 03:27:02,-6,6,12,给分好！补考前都挂科了结果补考超常发挥最后4.8ヽ(✿ﾟ▽ﾟ)ノ怪力少女们加油
17581,871,沈亚培,2016-01-20 12:29:52,5,6,1,唉怪自己平时不锻炼咯，实在没有结实的体魄，卧推没及格，深蹲刚及格，打卡次数满了，然而绩点还是爆炸了，不过下学期我又选上了他的课，不知道说什么好
19107,871,沈亚培,2016-01-23 09:17:37,-7,4,11,女生比较容易拿高分，如果是被迫选课的男生容易正态，考试难度男女差距太大，慎选
26262,871,沈亚培,2016-06-16 12:24:14,3,11,8,无锻炼基础男生卧推深蹲均满分路过，老师尽职负责，做到了一切该做到的，运动的东西还是要靠自己。一学期打卡几乎都在健身房，一学期坚持下来，成果是非常可观的！
27032,871,沈亚培,2016-06-22 10:32:00,2,2,0,男生没有底子千万不要选。。。
28243,871,沈亚培,2016-06-28 08:20:17,0,0,0,老师很认真，课水水的，真的有需要练哪里线条的可以去上，算是科普。就是今年考核改制度让我有点心累…
30330,871,沈亚培,2016-07-01 09:34:56,4,5,1,没基础的慎选
30382,871,沈亚培,2016-07-01 12:49:56,-5,0,5,给我的分数还可以，，有的同学说给分不好，额可能是我比较幸运
38653,871,沈亚培,2019-01-22 23:58:24,4,11,7,zz老师 强词夺理 sb
38654,871,沈亚培,2016-12-13 11:44:47,-4,5,9,徇私舞弊 有几个女生做握推直接上手帮忙，反正学生都瞎。
38975,871,沈亚培,2016-12-20 06:46:28,8,10,2,太难了，别选！！！！
39187,871,沈亚培,2016-12-21 13:49:03,9,11,2,考试是真的难…\n\n已经很努力的在练 还是面临不及格\n\n老师蛮认真的 一点都不水的老师\n\n
39427,871,沈亚培,2016-12-22 15:12:49,11,17,6,不知道为什么有那么多怪力少女反正我体重50公斤40公斤的深蹲我是做不了的。能做的人多，不能做的人也多，劝瘦的女孩子还是别选了。尤其是又高又瘦的。
39567,871,沈亚培,2017-01-13 13:17:56,1,2,1,老师很幽默，会给学生减压，尤其在考试周时炒鸡nice
39569,871,沈亚培,2016-12-25 08:23:41,10,15,5,考试是真的难\n\n老师是真的有歧视。\n\n总之，微胖的长得高的非常不推荐选这个课\n\n手动微笑
41945,871,沈亚培,2017-01-19 13:28:53,12,16,4,我就纳了闷了，我看了看得分细则，我平时分似乎是里面最低的，微笑。平时分是按出勤率算吧，谢谢你我是每节课给你点名的，微笑。垃圾。
41975,871,沈亚培,2017-01-16 07:13:56,3,5,2,我错了……没及格的老师会帮你补及格的，没底子也放心地上吧少年少女们！
42565,871,沈亚培,2017-01-14 13:08:50,6,8,2,原来体育的绩点可以这么低
43336,871,沈亚培,2019-09-18 14:48:57,7,10,3,考试比别的班级严格太多。别选，会死。
43503,871,沈亚培,2017-01-16 11:26:21,4,4,0,上课还好，给分贼坑爹
43728,871,沈亚培,2017-01-17 01:36:44,0,2,2,老师挺好的呀...在这之前没有基础 不运动 老师打开了新世纪大门 考之前按照老师建议 三周隔一天去一次健身房 效果很显著
48000,871,沈亚培,2017-02-28 02:54:30,-6,3,9,哈哈哈女生轻量级考试挺轻松的，理论考简单。
51203,871,沈亚培,2017-05-24 04:54:25,6,8,2,卧推考试说不标准 不算 重来 连做三次70kg 有的人杠离胸还一拳也算过 深蹲蹲完7080蹲90 成功了看记录本上只写着原来的70 要是90失败 本来的80也丢了 呵呵。懒得骂你
57876,871,沈亚培,2017-07-16 14:00:21,3,4,1,极差。
62032,871,沈亚培,2017-11-22 08:10:56,1,3,2,差到爆
64710,871,沈亚培,2017-12-27 00:19:52,6,6,0,对于一般偏瘦的人而言，考试项目有点难。但是如果你想逼着自己去健身房运动，那么这是一门非常好的课。女生不要担心手会变粗，因为即使最后成功考试过关，你会发现自己就是力气大了，没啥区别。上课时的项目练完了还可以用用跑步机这些器材，蛮不错的。高的同学如果太瘦了的话要慎重，深蹲吃亏。
66657,871,沈亚培,2018-01-18 04:58:06,-9,2,11,老师超好的，满分标准每年都在降低，没那么恐怖的。学妹学弟放心选。
67689,871,沈亚培,2018-01-22 05:22:40,11,13,2,体育1.5直接把均绩拉低了0.9...就是这么恐怖
68812,871,沈亚培,2018-01-24 02:31:37,4,4,0,给分真的太严格了！完全没有回旋的余地。平时到课，打卡都满了，但是考试标准对没有基础的女生来说太高了
70041,871,沈亚培,2018-01-26 04:50:05,2,4,2,只能说这课全靠自己，一学期练下来进步还是挺大的。ps最后一不小心满了。
79421,871,沈亚培,2018-06-04 06:03:33,4,5,1,千万别选
80260,871,沈亚培,2018-06-23 11:18:30,7,10,3,女生，之前110，考试的时候深蹲和卧推都只做了一个。为了补考减肥半个月，基本上每天去健身房，然后补考都满分，老师登记的时候对我说:恭喜。简直激动到哭出来。
80715,871,沈亚培,2018-06-29 14:32:02,1,3,2,垃圾老师给分极差，被补选上就赶快退了吧
80981,871,沈亚培,2018-07-03 07:25:29,7,7,0,每学期来打个分，他怎么还在教课的？？
81553,871,沈亚培,2018-07-05 10:56:57,3,3,0,平时好好练吧 不然考试自求多福
81627,871,沈亚培,2018-07-05 15:01:33,1,1,0,自求多福。
86273,871,沈亚培,2018-09-11 18:03:06,1,1,0,上课水考试难。就是老师啊我们的体测成绩什么时候给我们登记上去！
92558,871,沈亚培,2019-01-03 02:14:59,9,9,0,就其实对男女生要求都挺高的 我感觉是考评标准的问题吧 女孩子超过100斤就要再多扛20斤深蹲 男孩子的绝对力量也还是有点磨人 尤其在冬天不好控制体重的话就会吃点亏吧 所以一定要练我感觉 没有谁是能天生就会很好的举起这些重量的 只是说老师会要求严格一点 体重超过了量级不会给你放水 但真的用力鼓励你平时多练多来健身房 当时考完期末还挑了一个以前很弱但最后深蹲满分的女孩子给大家做榜样什么的 总之老师就是希望你多练一练 不要因为自己有或多或少的生理架构或者肌肉含量缺陷而不努力 真的是把求是二字做得挺到位的的了 现在就是在等给分 要是给分不好的话大概才是最大的问题吧哈哈哈
93064,871,沈亚培,2019-01-07 07:36:24,2,2,0,严的一比啊，没基础的别选
94518,871,沈亚培,2019-01-17 04:19:27,2,2,0,老师人还不错，但是给分很实在，想拿好的绩点就老老实实练吧，不推荐高的瘦的选
94754,871,沈亚培,2019-01-18 05:09:11,0,2,2,给分挺好啊? 下次还选试试能不能满绩
96622,871,沈亚培,2019-01-21 08:01:52,1,2,1,大绩杀啊，反正选了这门的我哭了。
96933,871,沈亚培,2019-01-21 12:48:43,2,2,0,我觉得沈老师真的用心在教课，平时要求很严格，但是付出与回报是成正比的，开始上课的时候我特别弱，但是按照老师的要求认真练了一个学期，最后绩点太感动了，给分特别明确，一直以来的体育菜鸡第一次在体育课上找到了希望，感谢沈老师！
97233,871,沈亚培,2019-01-22 00:58:17,5,5,0,自己实力不行 不能怪老师给分低啊
97849,871,沈亚培,2019-01-22 23:58:02,1,1,0,老师人真的很好，平时会讲一些运动是需要注意的点。上课也比较水，老师要求做的可以水过去，但是期末考是真的凭实力。不过女生的话，练练快的，我就是考前练了四五次就OK了。但是力量不够的还是不要选健美，不管哪个老师的课健美都是要靠实力的。
100433,871,沈亚培,2019-01-26 06:29:03,5,6,1,考试项目我就是再练一年也不一定及格啊  大一第一次选体育课选了这个最后拼死拼活只有68 你说咋搞吧
105170,871,沈亚培,2019-04-06 00:40:46,3,5,2,老师真的很好，关心学生，对动作的讲解也很细致，分不高只能怪自己体格不好，没有好好练。
122070,871,沈亚培,2020-02-10 21:38:00,4,4,0,准备活动深蹲必定站女生后面看
122503,871,沈亚培,2020-03-02 12:34:30,0,0,0,至少上他的体辅课没那么多事，下课也不集合，自己溜掉他也不知道，偶尔还能听到一点干货
128406,871,沈亚培,2020-12-22 10:23:04,1,1,0,老师人很好，很贴心。健美课对女生有优势，难度不大，男生有些难。主要还靠练习。期末考核、动作不规范老师会提醒你，但除非特别不规范，否则都还是算分的啦！
129697,871,沈亚培,2021-01-11 03:47:33,3,3,0,虽然自知给分绝对要不好了要凉了\n\n但我竟然能看见自己的腹肌了开心\n\n认真练对身体还是不错的
129716,871,沈亚培,2021-01-11 10:29:16,0,0,0,还可以，但考试真的很严格
130684,871,沈亚培,2021-01-24 07:46:16,0,1,1,其实挺好的
133708,871,沈亚培,2021-03-04 05:14:40,4,4,0,老师的健美课上能学到以后自己锻炼能用的很多东西。不知道是不是住六楼天天爬楼梯腿部肌肉得以训练的原因，深蹲很容易就满分啦！卧推的话主要是锻炼胸肌，建议配合b站周六野的训练视频来增强。卧推正式测没满，考试第二周快下课的时候（不是正式补考时间）我说想试一试，万一满了呢，结果真！的！满！啦！（其实后面我动作不标准，老师放水来着）老师还会教我们长时间玩手机后活动颈椎的动作，告诉要减肥的同学“课上锻炼完三小时不要吃东西”……总之也有趣也负责啦，就是要抓住上课锻炼的机会，坚持住不要划水，对自己身材也有好处。老师也快退休了，请珍惜上课的机会叭。
136439,871,沈亚培,2021-06-18 02:55:31,-1,0,1,还算不错的老师了，十二分钟跑也会稍微的放水。不过这门课不建议高瘦的人选，懂的都懂。
136632,871,沈亚培,2021-06-22 07:20:47,1,2,1,上课划水，考试贼狠，没点底子别选
136757,871,沈亚培,2021-06-24 05:40:41,-1,0,1,健美很难，但是老师人很好。最后一节课，痛风了还坚持来
137067,871,沈亚培,2021-06-30 08:45:35,6,6,0,很垃圾的老师，如果有基础无所谓，如果是真的想好好学健身的小白，请一定选程路明老师，不要凑合
140718,871,沈亚培,2021-09-15 09:53:12,1,1,0,叫你气的运动和意识的运动，还会吸收宇宙能量，爱了爱了
144334,871,沈亚培,2021-12-21 06:10:51,1,1,0,不专业   完全不懂健美   但考试确实放水严重   老师卧推甚至帮女生辅助  就直接二头弯举那种
144335,871,沈亚培,2021-12-21 06:10:43,1,1,0,不专业   完全不懂健美   但考试确实放水严重   老师卧推甚至帮女生辅助  就直接二头弯举那种
144336,871,沈亚培,2021-12-21 06:10:43,1,1,0,不专业   完全不懂健美   但考试确实放水严重   老师卧推甚至帮女生辅助  就直接二头弯举那种
144567,871,沈亚培,2021-12-22 10:17:20,0,0,0,老师还是挺好的
166122,871,沈亚培,2023-01-11 07:13:58,0,0,0,这老东西退休了吧
4560,896,虞力宏,2015-07-01 02:14:06,1,6,5,爽，平时和学生关系超好！
22300,896,虞力宏,2016-03-03 10:32:57,-8,7,15,年轻的老师，但教的很好，知道同学们哪里容易掌握不好。对同学特别好，在他的课上真正学会了网球。又萌又帅，总之很赞^_^
39792,896,虞力宏,2016-12-27 14:13:19,16,24,8,好老师，满分
49860,896,虞力宏,2017-04-26 15:03:55,3,4,1,很赞，老师很负责！
49866,896,虞力宏,2017-04-26 15:07:53,-8,7,15,挺好的  就是我打比赛总是说我搞得我很没面子  黏黏糊糊  肩膀放松
56792,896,虞力宏,2017-07-04 15:42:02,3,6,3,挺好的老师
86805,896,虞力宏,2018-09-19 01:46:39,3,5,2,训练真的累啊
87010,896,虞力宏,2018-09-20 02:37:41,-12,8,20,说话磨磨唧唧，又臭又长
87792,896,虞力宏,2018-10-13 13:49:54,3,5,2,还不错
99892,896,虞力宏,2019-01-25 09:11:53,-17,15,32,你敢相信一门体育课，最后绩点只有2.7吗，神仙老师，你去教通识好了
109867,896,虞力宏,2019-06-20 02:19:42,3,11,8,虞老师挺忙的，一学期里会有三四次外出，教学进度会被中断，虽然选虞老师课的人网球水平都不错，大概是不会在意这个的。老师挺严格，所有测试都是实打实的，平时上课时也会指出缺点，或者拿蒙古马鞭吓唬我们，事后或者下课的时候又会特意说自己这个语气是开玩笑的。是一个网球水平高、相当直率的老师。
111634,896,虞力宏,2019-07-02 09:10:01,4,8,4,一点也不水!技术分会给的相对低一些，要求也比较严格，但确实是认真负责的老师。班上整体水平比较高，和大佬打球还是很快乐的，最后给分也没那么差
136407,896,虞力宏,2021-06-17 15:05:00,1,4,3,非常好的老师，有严有慈，专业水平过硬，训练效率高，练到的技能很扎实，而且班上的同学高手云集。听说虞老师是带高水平运动员的。
144367,896,虞力宏,2021-12-21 08:23:50,0,3,3,很好啊
154157,896,虞力宏,2022-05-25 01:35:15,0,4,4,我佛了，什么动作都做了，技评就是给我打低分
164260,896,虞力宏,2022-12-20 05:08:09,2,4,2,非常好的老师
172928,896,虞力宏,2023-05-10 03:29:31,0,5,5,纯有病
173435,896,虞力宏,2023-05-24 09:15:04,-1,2,3,必须给10分！！！
173611,896,虞力宏,2023-06-03 07:04:30,0,6,6,没见过这么不负责任的老师，自己的错怪同学
189693,896,虞力宏,2024-01-27 02:43:19,0,3,3,教的不好
197332,896,虞力宏,2024-07-11 03:22:25,1,3,2,老师刀子嘴豆腐心，感觉人还挺好的哈哈
198508,896,虞力宏,2024-09-09 10:56:13,1,2,1,老师有时候脾气是会暴躁一点，嘴上也不是很留情，被骂挺正常的，不过看得出来人是不坏的，教的也挺好
199241,896,虞力宏,2024-09-20 00:03:54,-4,3,7,😓没有责任心的老师\n\n避坑\n\n脾气还古怪 一点也不想上了
206852,896,虞力宏,2024-12-18 03:18:51,0,1,1,很好的老师
207303,896,虞力宏,2024-12-20 08:57:19,1,1,0,不错的老师。平常课程有几次出差体验了其他两个老师代的课之后，感觉还是虞老师的教学方式更适合练出优秀的球技，练习时间给得很足，会有充足的时间练习考核内容，期末考的时候也回放一定的水。虽然有时候会吼人，但更多是为了让学生有提升，并不是单纯发脾气
212186,896,虞力宏,2025-01-13 10:33:59,2,2,0,上虞老师的课有时被吼几句很正常，但是被吼得心服口服，老师是真想让我们学到东西。
219832,896,虞力宏,2025-06-08 10:09:58,0,0,0,上了一学期感觉其实老师很好一个人！虽然确实有时候会吼人但也是老师很负责想纠正我们的动作，真的刀子嘴豆腐心哈哈，只要认真听动作要点不一直重复做错也没那么可怕啦，教的也蛮好的，本人之前完全不会打网球在一学期之后也入门了，总之很喜欢老师！
3999,922,傅建东,2015-06-17 13:00:33,21,28,7,老师挺好的~
4633,922,傅建东,2015-06-25 09:39:20,8,13,5,定向越野老师差不多吧
5210,922,傅建东,2015-07-06 00:53:50,0,5,5,平时事情比较多，给分略坑
6749,922,傅建东,2015-07-21 05:24:05,2,4,2,细心负责的好老师！
8859,922,傅建东,2015-09-29 04:57:43,3,6,3,有时候点名，老师比较幽默
12192,922,傅建东,2015-12-22 09:06:53,3,4,1,有趣有趣
13556,922,傅建东,2015-12-29 07:30:17,3,4,1,老师不错\n\n
13741,922,傅建东,2015-12-30 13:27:11,1,3,2,老师很可爱，通知各种事情还是很到位的
13877,922,傅建东,2016-01-01 12:48:44,-3,1,4,
16034,922,傅建东,2016-01-17 04:59:27,14,18,4,老师喜欢聊聊日常生活，问问大家学习什么的，普通体育课好可爱，做游戏还加油。
16708,922,傅建东,2016-01-19 00:15:35,6,7,1,老师人超好！
16713,922,傅建东,2016-01-19 00:25:51,113,144,31,“为什么你不能放弃物理竞赛来参加体育理论考呢！”
16803,922,傅建东,2016-09-13 03:02:35,17,20,3,老师挺好的，水平高，很有想法，为提升浙大体育教学质量提出了很多举措。但有时有些通知还是不到位。
17016,922,傅建东,2016-01-19 12:41:27,4,5,1,老师很幽默，经常逗我们笑，不过这门课没有一定跑步基础不要来选
17079,922,傅建东,2016-01-19 14:31:32,2,4,2,选了他的普体，每节课都会点名，但是给分很不错，平时上课挺水的，都会提前半个小时下课。
17789,922,傅建东,2016-01-21 01:38:24,2,6,4,应该说还是不错的吧，老师人很和善很好的，评分也比较考虑大家，.可以去各个校区，其实你跑完根本不想逛校区了，不过可以去见识见识，还是不错的
17824,922,傅建东,2016-01-21 02:17:39,2,3,1,很负责很认真的老师
18116,922,傅建东,2016-01-21 07:54:48,2,3,1,得分低，在我自己，老师还是很照顾我的。
19303,922,傅建东,2016-01-24 00:28:57,6,11,5,很幽默的老师，人很好。期末出去跑三回，挺麻烦的，尤其是遇到下雨。成绩出来后全班都在吐槽绩点。
19781,922,傅建东,2016-01-25 09:10:03,2,2,0,得分低怨不得老师，很公正，但是上课没什么活力
20297,922,傅建东,2016-01-27 03:12:31,2,4,2,幽默有趣有礼貌的老师，上课都是先讲各位亲的，么么哒。得分低怪我，毕竟他打分按比例已经很照顾我们了。
22568,922,傅建东,2016-03-08 04:36:22,2,3,1,呵呵呵\n\n
26138,922,傅建东,2016-06-16 05:48:24,3,3,0,事情比较多，上课也不是很轻松，老师有点唠叨，但蛮公正的。可以去别的校区看看，这一点还是不错的。
26208,922,傅建东,2016-06-16 08:52:37,11,14,3,老师人很好啊，幽默，好说话。平时养成跑步的习惯成绩肯定不会差。如果不喜欢动就还来选定向越野不是作大死吗。
26249,922,傅建东,2016-06-16 11:40:42,14,15,1,老师挺好的~路痴慎选，简直要哭
26426,922,傅建东,2016-06-18 11:19:53,2,2,0,选了他两次了很萌的老师～
27756,922,傅建东,2016-06-27 11:26:15,2,2,0,老师对学生非常好 用心在上课 会努力让大家喜欢上体育课
27828,922,傅建东,2016-06-27 18:01:06,2,2,0,老师人不错，上课也比较轻松，给分没什么好说的，体育课成绩靠实力
29772,922,傅建东,2016-06-30 09:54:44,5,5,0,给分感觉不错，虽然我专项有点低，但最好的绩点还是蛮好的
30305,922,傅建东,2016-07-01 08:25:42,8,10,2,老师：看上了班上那个男生，我给你介绍一下
31031,922,傅建东,2016-07-03 06:32:35,3,4,1,老师很萌很好，但是定向越野好累，路痴慎重，给分不错
35260,922,傅建东,2016-11-07 11:42:22,8,9,1,上课挺有意思 老师人也萌萌哒
38243,922,傅建东,2016-11-28 04:10:52,7,9,2,非常看重点名...12分钟跑严格...
38797,922,傅建东,2016-12-19 05:29:01,4,6,2,非常棒！！！
39249,922,傅建东,2016-12-22 00:29:25,5,7,2,讲道理真的很棒啊！
39250,922,傅建东,2017-01-15 13:23:53,2,3,1,户外拓展好课，认识很多好朋友。傅老师好老师，犹记蓝色外套橙色头盔
39910,922,傅建东,2016-12-28 07:09:03,-1,1,2,户外拓展没怎么在户外上过2333
40264,922,傅建东,2016-12-31 04:48:27,3,5,2,老师人很好，在受伤时候绝不会叫你运动，还很幽默，关心同学。而且在外的时候对出发的同学都会提醒小心。总之很好\n\n
42950,922,傅建东,2017-01-15 13:26:24,0,2,2,给分不行
42955,922,傅建东,2017-01-15 13:30:19,7,7,0,户外拓展给分真的好！不过平常高空项目，胆小的慎重选，十二分钟挺严格的，不过没太影响最后成绩，老师是个严谨的人，幽默，期末考翻墙和打绳结，有点难但也很有趣！
42978,922,傅建东,2017-01-15 14:21:03,9,10,1,老师特别和气！有耐心！户外拓展上课内容蛮丰富的也蛮有趣的，推荐不恐高的人~
42982,922,傅建东,2017-01-15 14:27:48,2,2,0,爱老傅！
42994,922,傅建东,2017-01-15 14:39:36,14,14,0,哈哈，超级喜欢傅建东。
42995,922,傅建东,2017-01-15 14:39:50,4,4,0,很棒，老师超级萌，而且给分很体贴~喜欢，推荐选
43003,922,傅建东,2017-01-15 14:43:41,16,21,5,傅老师很认真负责的，我们当时有好多人打卡超过60次却没有拿满那10分，还是傅老师辛苦把成绩改回来的，谢谢他～
43014,922,傅建东,2017-01-15 14:56:36,-5,3,8,跑的已经挺尽力的了，但是看很多周围定越的朋友都4.8以上，说实话我4.5还是很难受……况且体育课这种不用正态的课居然还有同班同学得了3.6，真是难以言表啊
43462,922,傅建东,2017-01-16 09:57:52,1,3,2,老师人超好，关心学生，认真负责，有时还会和你聊天，风趣幽默，给分也好，棒！
45508,922,傅建东,2017-01-19 15:55:34,3,3,0,老师人很好的很体谅我们。我绩点低是因为专项和引体向上太差。。路痴谨慎。。貌似这次班级均绩上4了。。
47347,922,傅建东,2017-01-25 10:48:12,2,2,0,给分真心好，课是真心水，感恩老师咧。
48111,922,傅建东,2017-02-28 13:48:01,2,3,1,很好的老师啊！上课注重教学质量，并且和同学们聊得开，给分也不差
51216,922,傅建东,2017-05-24 09:49:13,1,3,2,12分钟男女混着跑的时候，其实还好没有那么严格，虽然没到200就不算，但是放水这个东西，老师可不知道~
52560,922,傅建东,2017-06-21 05:40:01,4,5,1,不多解释了，快选他的课！！
53646,922,傅建东,2017-06-27 08:37:31,1,2,1,哇，老师真的好好啊，特别好的一个老师，爱您
53756,922,傅建东,2017-06-27 13:22:38,0,1,1,超棒！很萌很和蔼，也很严格
53811,922,傅建东,2017-06-27 15:49:26,5,5,0,1. 打分看班级整体实力 如果你在大佬班 排名靠后分数就不高。2. 老师很关心同学 很和蔼可亲 会保证你的所有分数的落实 帮你录入 真的很负责很负责。3. 定向越野很累 但很锻炼身体 12min很严
54313,922,傅建东,2017-06-29 05:26:49,1,2,1,老师很好，很幽默，也很有想法，认真点满绩不难。
54553,922,傅建东,2017-06-29 15:12:17,2,3,1,爱老傅
54937,922,傅建东,2017-06-30 13:04:36,1,2,1,虽然老师对引体向上12分钟跑很严，但平时还是挺和蔼的，最后给分也很好
55520,922,傅建东,2017-07-01 22:47:58,-4,2,6,可能是上过施晋江的课的缘故，所以给傅老师打了9分。老师人还可以，是个可爱的小老头，可能这学期他打分普遍较高，估计都上4了，不过上学期打得绩点超低的，我一基友上学期修他的课绩点只有3.6，体育课绩点3.6也是没谁了hhhhhhh
59642,922,傅建东,2017-09-25 06:36:04,3,3,0,喝了老师送的水不给十分说不过去~
63429,922,傅建东,2017-12-04 01:35:50,-9,0,9,严苛 事多
63910,922,傅建东,2017-12-19 05:36:23,7,9,2,傅老师是一个真正做实事的老师，很少说废话，认真思考课堂改进方法，成绩比重设置合理，很大地减少了偶然性。虽然定向越野整体的给分略低，但是他绝对是尽力把大家的分往上提的。很感谢老师。
63934,922,傅建东,2017-12-20 00:38:50,0,0,0,老师人很好，很幽默。但是！看不懂地图方位感差的人慎选！！！
64176,922,傅建东,2017-12-21 08:07:10,1,2,1,老师很好啊，给分挺高
64184,922,傅建东,2017-12-21 08:36:55,1,2,1,老师太棒了吧，太棒了吧!
64186,922,傅建东,2017-12-21 08:38:39,32,37,5,很为学生考虑的老师，各种事情说得很清楚。\n\n最大的特点是准备活动口令喊的是三个八拍。。。
64315,922,傅建东,2017-12-22 10:53:42,8,9,1,贼好，我那个学期的12分钟7圈还多了半分钟，还不怎么累，想提升耐力的上课认真跑练习一定可以
64863,922,傅建东,2017-12-27 13:26:04,8,8,0,老师已经驼背了，但我从他这里才真正明白一句话——永远年轻，永远热泪盈眶
66879,922,傅建东,2018-01-19 08:10:24,4,4,0,棒棒哒
67694,922,傅建东,2018-01-22 05:24:34,3,3,0,人很优秀!还有趣!为学生着想
68231,922,傅建东,2018-01-23 01:21:03,1,3,2,好老师，为学生着想，体贴认真，给分好，以为要废的我绩点4.8，开心
68590,922,傅建东,2018-01-23 12:05:26,21,24,3,傅老师超赞的！给分超好！但也比较严格的啦！每一项都会严格审核，就算是十二分钟跑也是很严格的，不过老师人很好，和蔼可亲，哈哈哈。上课并不水，但是真的挺好的，毕竟上课嘛，就是要真的学好某项技能呀，所以老师很赞！傅老师可是学校定向越野的负责人呐！(我推测的，定向越野的各种活动和考试貌似都是由傅老师来组织安排的)老师是真的棒！对学生也很关心，课程内容上完了就可以提早下课耶~\(≧▽≦)/~
69155,922,傅建东,2018-01-24 09:06:06,1,2,1,很有趣很可爱的老师，亲切。
79231,922,傅建东,2018-05-28 06:21:21,1,2,1,好老师，认真负责，对学生好
79344,922,傅建东,2018-05-31 08:14:54,1,2,1,挺棒的
81131,922,傅建东,2018-07-04 05:59:00,7,8,1,老师很为学生考虑，努力拉进与同学的距离（所以有时会开开玩笑）。身为定向越野的负责人，十分心疼纸卡（下学期选的人也要好好爱惜），下学期就要在新生军训中添加定向越野，就问新生怕不怕（没有啦，挺好玩的）
84476,922,傅建东,2018-07-13 02:50:56,3,3,0,傅老师人真的很好，莫名给我一种慈父的感觉。给分也是绝对的好。三次外出也比较有趣。
85169,922,傅建东,2018-07-16 01:27:01,2,2,0,老师人巨好
85796,922,傅建东,2018-08-10 12:22:13,3,4,1,“乒乓球比赛有什么意思？！翘了来参加马拉松啊”关键老师的戏精语气吓得我还真信了?
91236,922,傅建东,2018-12-11 13:17:09,2,2,0,认真负责超善良
91425,922,傅建东,2018-12-10 00:17:25,2,2,0,傅老师上课非常用心，值得一选
91776,922,傅建东,2018-12-20 01:32:40,10,11,1,定向越野不要当志愿者.信我.
92074,922,傅建东,2018-12-26 02:26:36,2,3,1,轻松愉快，不过期末有三次外出考核
92823,922,傅建东,2019-01-04 16:07:31,1,2,1,老师超棒！
94683,922,傅建东,2019-01-17 22:34:58,0,1,1,老傅牛逼！
94975,922,傅建东,2019-01-18 14:06:19,0,1,1,挺好的。
98736,922,傅建东,2019-01-24 01:43:00,-25,6,31,去死吧 垃圾体育课
98740,922,傅建东,2019-01-24 01:02:20,4,4,0,傅老师年纪其实挺大了，课还很多，每次看到他哑着喉咙上课都很心疼，他很照顾学生，上课会和我们聊天，给分也超棒，总之是一个超级好的老师了！！
98756,922,傅建东,2019-01-24 01:42:43,1,1,0,很好的老师\n\n
98758,922,傅建东,2019-01-24 01:50:50,3,4,1,定向越野课是有点累，但是真的有锻炼效果，不想水体育课的真的推荐。傅老师很严谨，事情都会反复通知，反映的问题也会及时解决。对同学们很亲切，每次下课都鞠躬真的感动到我了。给分也很好，我们班均绩4.3
99291,922,傅建东,2019-01-24 14:20:36,3,4,1,上专项辅导课的人来凑个热闹~老师人超好的，很可爱也很关心同学，期末专项考的时候我因为有事换了时间到傅老师在的时间来考了，感觉十分亲切哈哈!专项课那么多人同一节课还记住了我的名字可以说是十分荣幸了嘻嘻嘻
113731,922,傅建东,2019-07-07 06:25:07,3,3,0,评论里说不要当志愿者的那个大哥（？），二营长把我的意大利……面拿出来给大哥尝尝。\n\n早该信评论的。
117444,922,傅建东,2019-09-24 11:44:59,5,5,0,很可爱的老师 欢迎大家选他的课！（但是强迫症慎选 老师的准备活动是薛定谔的 你永远也猜不到是两个三个还是四个八拍哈哈哈哈哈哈
117544,922,傅建东,2019-09-25 23:33:01,2,2,0,上了傅老师的体育专项辅导课，我为他的人格魅力折服。他对每一个同学都很尊重，尤其是下课时他双手合十，向大家鞠了个躬，让我更加尊重他了。
118330,922,傅建东,2019-10-25 02:37:01,2,2,0,老师很好的 尽心尽责
120372,922,傅建东,2019-12-01 06:54:51,1,1,0,大智若愚的傅老师\n\n热爱工作 善待同学 是个敏锐的好老师
123680,922,傅建东,2020-06-11 10:36:07,1,1,0,老师超级友好！我是因为老师才会继续选定向越野的！
127974,922,傅建东,2020-12-09 02:54:10,1,1,0,人非常好呜呜呜呜呜给分还不知道但人很好
128230,922,傅建东,2020-12-14 11:20:12,8,8,0,虽然还没给分，不知道怎样，但是人超级好，不水，会督促你向上，而且很尊重学生，今天最后一节在东操上课，因为别的班没来就我们班来，他表示很抱歉很感谢我们，但其实是为了上满课程没办法呀而且课只上了二十多分钟哈哈，老师很可爱，在群里也好可爱，而且老师快退休了还这么想要把定向越野发扬光大真的很敬佩，今天还讲以后考虑把游戏cs那种融合进去哈哈哈，而且老师再三保证我们专项分不会拖后腿哒～
128682,922,傅建东,2020-12-25 04:05:59,1,1,0,很认真负责的老师，每次上课都会传达学校通知，提醒打卡、体测\n\n比较特别地是每次都会死亡倒计时离××还有几周（比如十二分钟跑= =\n\n课上强度也不高，基本上热身以后跑一张半小时左右的图就好了\n\n最后有三次周末外出跑图，按比例计分（其他班只算最后一次，如果翻车就不妙了
128789,922,傅建东,2020-12-25 10:05:05,0,1,1,老师人超好！课程原因5min从东教赶不到东操经常迟到，老师也是十分理解和体谅不会责备！老师人随和又友善！
130183,922,傅建东,2021-01-18 14:32:52,1,10,9,人渣，我痛经了还不允许我请假
130313,922,傅建东,2021-01-20 15:04:23,0,1,1,心碎 老师人是好 人品真的好 很佩服 就是跑三次作为期末考 一次翻车就会直接影响成绩 而且定向越野选的人中男生多 女生要是体力不是特别好那种很难拿很高的绩点 这可能就是这门课的弊端了吧。虽然成绩没有理想那么好 但还是过得去。体力一般 想拿4.8以上绩点的还是考虑考虑自己擅长的吧～
130951,922,傅建东,2021-01-25 11:23:44,9,12,3,老师人很好，但是点名占的时间太长了(ಡωಡ)。是一个负责的体育老师，就是三个八拍让人迷惑
131439,922,傅建东,2021-01-27 13:38:45,3,3,0,傅老师给分比较求是，可能会比较严格，其他都好(✪▽✪)
133430,922,傅建东,2021-02-28 10:37:56,4,4,0,人不错就是给分太求是，同水平得分比其他老师低一点
134547,922,傅建东,2021-04-01 06:57:32,4,4,0,给分惨淡呜呜
134639,922,傅建东,2021-04-07 07:11:02,2,2,0,一位非常值得尊敬的老师。
136910,922,傅建东,2021-06-28 06:15:10,1,1,0,超级可爱超级实在超级好的老师！他的定向越野很好玩！
137141,922,傅建东,2021-07-01 12:28:08,4,5,1,讲话是挺和善的。但确实是到现在为止体育最低的，不懂专项为什么给分那么低（和上学期定向专项分差的有点大）
138742,922,傅建东,2021-07-10 15:41:32,7,7,0,很尊重学生，最后一节课给我们鞠的躬我永远不会忘。
141564,922,傅建东,2021-10-14 15:27:41,1,1,0,老师骗人，在玉泉的别选他的普体课，实际上是由另外一个老师上的，每次上课先跑圈，男的6圈，女的5圈，
143768,922,傅建东,2021-12-05 12:43:24,-2,1,3,事少轻松
144135,922,傅建东,2021-12-19 09:38:13,1,2,1,老师超级棒！认真负责
144833,922,傅建东,2021-12-25 04:46:35,4,5,1,老师的身素课很棒，基本都是热身后让我们自己打卡，十二分钟考前让我们小练了几次。老师很和蔼还有点幽默！！
147063,922,傅建东,2022-01-08 14:16:34,12,12,0,专项？？？？
147082,922,傅建东,2022-01-08 15:35:22,4,7,3,老师人特别好，工作负责，待人和善，不过对待成绩还是挺严格的，12分钟跑大概延迟20秒吹哨，但是要到200米或400米才算，没到都不算。专项给分也挺严的，这学期就一次考试然后我跑了倒数，专项没上30分（但是不能怪老师），不过最后还是勉强上了4.5（引体向上满分），老师人超nice，给分没有那么好，总之我很喜欢！
148994,922,傅建东,2022-01-14 06:17:18,4,9,5,专项给分nm/l
153271,922,傅建东,2022-04-27 09:33:06,-4,0,4,傅老师我的超人！
155638,922,傅建东,2022-06-15 03:38:51,4,5,1,隔壁班跑得比我久的专项分比我高😂
157043,922,傅建东,2022-06-21 17:16:50,4,4,0,给8分\n\n老师为人很和善，课程安排也还好，不过我也不是很明白为什么专项分数和别的定向越野差的有点多
158013,922,傅建东,2022-06-26 07:54:01,8,9,1,定向给分比较感人，是我六个学期中最低的，其他老师定向没这么低过
160355,922,傅建东,2022-09-21 05:40:16,17,18,1,上课很好 也挺有意思的，但是专项给分比其他老师差的蛮多。你说我跑不快为什么要作死选傅老师的定向越野？拜托 补选我没的选择。
163733,922,傅建东,2022-12-16 04:25:06,4,4,0,身体素质课运动量小，老师人也很好，就是注意有的时候下课要签退
170076,922,傅建东,2023-03-01 09:18:18,5,5,0,老师人有意思的，但是考勤很严格，我觉得算是很公正的老师。
173928,922,傅建东,2023-06-04 23:53:30,0,6,6,其他老师考完都不上课了，就你搞特殊？
173941,922,傅建东,2023-06-05 04:14:12,5,6,1,很随和、认真的一个老师，给分比较求是，但老师人品、性格、专业知识水平都无可挑剔。\n\n之前选过老师的身体素质课，这学期选了定向越野，只能说定向越野这门课纯折磨人，平时上课还好，期末三次考试占三个周日跨校区考试，并不是很舒适（顺便吐槽一下开大巴的司机，晕车触发几率+200%）
179510,922,傅建东,2023-09-18 00:54:42,1,1,0,很付责任
180088,922,傅建东,2023-09-20 09:25:36,5,5,0,好老师，我们运动时别用手机哦
181796,922,傅建东,2023-11-01 02:36:59,3,7,4,你发烧了就不能来上课了吗
184603,922,傅建东,2023-12-22 02:30:15,0,1,1,傅老师很有趣很关心学生
186085,922,傅建东,2024-01-08 08:19:43,8,10,2,老师人品没有问题，认真负责。\n\n专项给分，前20%90分以上，60%80分以上，跑得慢的同学慎选。\n\n最后的考试三次必须全都去，缺一次会扣专项分，按百分比扣，不管是生病还是什么不可抗力原因。换季容易生病的和周末事情多的慎选。\n\n每节课开始的时候点名。跑完图以后，一个个检查每一个打卡点的照片，确保都跑了。最后下课前再点一次名。上课不会早放人，会上到最后一分钟。想混一混的慎选。\n\n除去以上几点，是一位值得推荐的老师。
188854,922,傅建东,2024-01-20 09:31:36,1,2,1,冬天别定向，我给你们的忠告。一趟跑75分钟就是我为了活下去的挣扎。
193039,922,傅建东,2024-06-03 02:31:30,1,2,1,狠狠被求是了。想混体育课的一定慎选。一定一定。
195300,922,傅建东,2024-06-27 16:50:13,0,1,1,定向安排比较严格，给分很求是，同一个成绩和别的班分数相差不少
199556,922,傅建东,2024-09-25 09:19:08,2,3,1,难过，虽然打了九分，但是差了一两分钟就算迟到考勤人很痛苦
201647,922,傅建东,2024-11-05 06:17:13,0,0,0,还可以啦，引体向上贼水
201819,922,傅建东,2024-11-06 12:55:41,3,4,1,老师上课超好的，上课内容讲解很详细。印象最深的就是上体育课的时候测引体向上，我做了九个差一个及格，做第十个的时候只拉了大概四分之三左右，但是实在没力气了（但也还是很努力的往上拉），老师也给我算上了，让我的引体向上成功及格。但是十二分钟跑的要求还是挺严的，但是不妨碍他是一个很好的老师。
206881,922,傅建东,2024-12-18 06:32:38,0,2,2,老师很可爱，体素课不累强推！
208025,922,傅建东,2024-12-25 08:27:15,-2,1,3,体素课的爹
215054,922,傅建东,2025-02-20 10:16:12,-1,0,1,傅老师的定向越野没上过，仅针对体素课。人比较nice，上课强度不大，点名+签退，有时候课中点名，总之想水体素课的别来
218400,922,傅建东,2025-04-23 07:09:13,5,6,1,千万别选他的体素，爱点名，课前雷达或叫名字，课后签退或叫名字，课中无数次报数。真的遭老罪了
220176,922,傅建东,2025-06-16 04:16:35,3,3,0,臭傻逼一个，傻逼老师傻逼课，谁选谁倒霉，恶心
220180,922,傅建东,2025-06-16 04:56:59,2,2,0,为啥专项如此之低啊
4829,925,朱桦,2017-01-12 06:30:04,11,12,1,老师很和蔼啊。好老师！
5725,925,朱桦,2015-07-09 07:58:22,2,4,2,很好很好
33770,925,朱桦,2016-09-21 12:10:41,-2,1,3,………
39962,925,朱桦,2016-12-28 10:34:55,1,3,2,还好吧
47413,925,朱桦,2017-01-26 05:39:33,19,20,1,赵峰老师代课，老师人很好，给分高。
47981,925,朱桦,2017-02-28 01:17:30,41,45,4,赵峰老师代课，峰哥人超好，年轻没代沟，胖胖哒很萌~
51554,925,朱桦,2017-06-07 05:26:23,4,4,0,赵峰老师强推！
51647,925,朱桦,2017-06-08 02:46:57,18,20,2,赵峰老师代课  简直太可爱太亲切了  可以和学生们打成一片  不会游的会认真辅导陪着练习很久很负责任  不管成绩如何相处真的让人愉快
51657,925,朱桦,2017-06-08 05:07:25,13,14,1,给挂名的赵峰老师打十分
56411,925,朱桦,2017-07-03 16:13:32,2,3,1,很棒哦
57283,925,朱桦,2017-07-06 10:48:30,2,2,0,赵峰老师人好，给分好，强推
58757,925,朱桦,2017-09-16 15:24:26,2,2,0,峰哥给分棒人好玩！
59084,925,朱桦,2017-09-19 11:04:24,3,3,0,峰哥无敌
60945,925,朱桦,2018-01-24 08:22:02,4,4,0,老师很好很耐心！
61009,925,朱桦,2017-11-07 02:18:35,10,10,0,赵峰老师超级大暖男！人超好！课超棒！强强强强推！
62786,925,朱桦,2017-11-27 03:27:17,2,2,0,超棒超棒超棒 给赵老师打10分
63595,925,朱桦,2017-12-23 04:22:44,3,3,0,超级棒，测试二分钟跑的时候会给我们发糖吃，暖男呀
63843,925,朱桦,2017-12-17 11:43:54,4,4,0,赵峰老师人很不错⚆ꆚ⚆
64390,925,朱桦,2017-12-23 07:10:44,2,2,0,给赵老师打电话
64847,925,朱桦,2017-12-27 11:48:52,2,2,0,给胖胖的赵峰老师call，超级可爱!超级和蔼
65077,925,朱桦,2017-12-28 13:32:21,3,3,0,给峰哥打满分，上完初级班我又来上中级班啦，哈哈哈哈
65187,925,朱桦,2017-12-30 09:37:36,22,22,0,给代课的赵峰老师打电话！！！老师是年轻的新老师，暂时挂在朱桦老师名下上课。会不停地鼓励你，我当时学的是自由泳，真的学不会，想换到初级班，老师就鼓励我，说他能给的分都不会太扣，觉得运动开心最重要。最后一节考试终于游过了，真的在课上学会自由泳了！！12分钟也炒鸡好，都会送半圈，女生基本满分。等紫金港的游泳馆修好了再来学游泳！！！
65775,925,朱桦,2018-01-09 05:28:49,3,3,0,赵峰老师超好，绩点高高的。
66582,925,朱桦,2018-01-17 11:29:42,2,3,1,峰哥人超好哒~ 皮划艇课超有趣，上完课就不管怎样 心情都超好
69150,925,朱桦,2018-01-24 09:03:09,7,7,0,为我萌萌哒峰哥打call，绩点出的时候真的很高兴，在引体向上近乎0分的情况下居然还有这个成绩，对于我这样一个不爱运动的胖子真的是很照顾了。下学期还选了峰哥的课，上他的课真的很棒，他就想我们的大哥哥，很开心能遇到他哈哈哈
69167,925,朱桦,2018-01-24 09:19:46,4,4,0,赵峰老师炒鸡好！十二分钟跑四分之三圈就算一圈了，教也教的很好！萌萌哒。
69169,925,朱桦,2018-01-24 09:26:32,4,4,0,老师很棒，人很和善
69333,925,朱桦,2018-01-24 13:17:11,3,3,0,赵峰小哥哥真的炒鸡好
70632,925,朱桦,2018-01-27 10:16:08,4,4,0,峰哥代课，给分超好，人也可爱，还加上聊得来。强推。
74200,925,朱桦,2018-02-06 13:46:34,1,1,0,打call
76662,925,朱桦,2018-04-17 13:41:22,8,8,0,我希望今年十月份就能在“赵峰”这个词条下面评分了啊～峰哥你加油考伦理学啊不然我这么多年（哦那没有）的油都白加了哈?别的话不多说 反正我四节体育课全是峰哥的(๑>؂<๑）
78954,925,朱桦,2018-05-17 12:22:48,7,7,0,峰哥快快结婚
79637,925,朱桦,2018-06-12 06:37:08,7,7,0,风哥哥超级可爱，笑声非常豪放有特色，呆萌呆萌的！风哥哥快快结婚！等着吃你的喜糖和喜酒呢(⁎⁍̴̛ᴗ⁍̴̛⁎)
84363,925,朱桦,2018-07-12 15:50:22,3,3,0,赵峰老师代课，人特别特别好，亲近学生。首先给分好，撇开分数不谈，和老师相处真的让人愉快!满分，强烈推荐!
84448,925,朱桦,2018-07-13 01:28:14,2,2,0,峰哥很棒!
84463,925,朱桦,2018-07-13 02:25:32,2,2,0,为代课的赵峰老师打call，老师很年轻也很喜欢和学生一起玩儿，教游泳时耐心认真，超温柔，会一点一点引导我这种旱鸭子学生，给分也超级超级好！！
85125,925,朱桦,2018-07-15 14:13:20,1,1,0,峰哥超级棒，给分好，人也很好，跟我们聊的很开。
85851,925,朱桦,2018-08-22 15:07:06,13,13,0,今天刚看到同学们那么多好的评价，特别感动和高兴，看到同学们对我的评价，本人实在愧不敢当。在以后的课上我也会更加认真努力授课，耐心并幽默，使同学学习过程轻松快乐，掌握游泳更加容易，下学期要暂时挂在杨永明老师名下了，来年三月份一定有我的名字了。另外感谢同学的祝福，我一定请你们吃喜糖的。\n\n赵峰
265,972,林洁,2015-03-14 23:37:30,106,150,44,林老师脾气比较大，但是打牌技术是不错的，而且人挺有趣。上学期在上她的初级班，只要厚着脸皮把她的批评当耳旁风，就觉得上课还是挺愉快的，而且她的课专项一般给的高。
2146,972,林洁,2015-04-02 14:00:05,53,68,15,首先心理承受力一定要好 老师人还是很好的 非常霸气
6375,972,林洁,2015-07-13 10:43:21,17,29,12,老师真的教的很好
8600,972,林洁,2019-06-18 03:12:34,-54,50,104,就是有病，上课吼的像个傻逼一样，因为一点小事就破口大骂拍桌子，还扯什么心理承受能力，对学生看不出有一丝尊重，从头到尾歧视女生，打个牌还他妈打出优越感了，恶心
8630,972,林洁,2015-09-23 11:13:14,7,15,8,人还是很幽默的，但脾气不好
10264,972,林洁,2016-11-10 10:29:57,-23,22,45,能力挺强的，打牌有自己的风格。但是，自己强调打牌要优雅，要有绅士风度……结果自己牌品超差，也带出了一批牌品差的感人的学生……打的不开心还摔牌我摔你〔消音〕！
13953,972,林洁,2016-01-03 02:46:36,10,15,5,老师有时候很凶很凶，但是不被骂骂怎么会打牌呢？感谢老师的督促
15057,972,林洁,2016-01-11 18:02:45,5,9,4,真的学到了很多
16240,972,林洁,2018-08-26 07:34:12,22,27,5,心里承受能力要强。
16403,972,林洁,2016-01-18 04:57:21,4,11,7,吓死你
21104,972,林洁,2016-02-17 08:05:06,1,8,7,牌打得好，给分好。就是太凶了（虽然没凶过我…但是看过老师骂其他人…口怕）
21852,972,林洁,2016-03-01 09:32:16,24,32,8,只能说，非常有个性，世界上独一无二的桥牌老师。
23042,972,林洁,2016-03-16 11:14:41,-17,14,31,我生病第一周请假，周末才去学校报道，第一周所有课都没上，然后拿着假条找她的时候还让她损一顿，素质真心差
25176,972,林洁,2016-05-06 16:38:38,-17,13,30,到底是桥牌选手，牌打得真心好，但个人认为不算个好老师，对学生容错能力太低，学生有不懂的时候显得不耐烦，一旦有所争执便会飙嗓门，以至于我宁可自己琢磨也不愿被骂一顿罚深蹲起立然后接着自己琢磨。
25225,972,林洁,2016-05-08 11:54:43,5,8,3,受益很多，很对我胃口
26911,972,林洁,2016-11-10 10:29:48,-14,18,32,歧视女生 歧视文科生 当然如果你的桥牌技术能让她刮目相看的话算我没说
29149,972,林洁,2017-03-01 11:37:23,-25,11,36,MDZZ
30672,972,林洁,2016-07-02 07:37:34,39,49,10,第一节课很吓人，被骂成狗，但不要急着退课，她只是考验你的心理素质，不是真的对你有意见，她真的是一个难得的好老师，牌打得好，还能不经意间教你很多其他道理。桥牌是我最认真上的课。
32803,972,林洁,2016-07-14 13:15:15,48,56,8,玻璃心的人就别选了，老师从来对事不对人。刚刚还拍桌子和你争打牌的问题，转过身就能和你微笑说别事情。\n\n而且，老师错了的时候，她绝对会对你说对不起。
33281,972,林洁,2016-09-17 16:39:26,7,12,5,老师很好
34065,972,林洁,2017-03-01 11:38:01,-27,13,40,素质超差，就说这么多。
36033,972,林洁,2016-11-10 10:27:54,48,57,9,这是我本学年觉得最有意思的课。老实说林老师骂起人来绝不含糊，气急了扔你的牌，低级错误零容忍，但是如果连一点批评都不能接受，你看着桌子上一把把宕牌还不想狗带？以及老师水平强无敌，偶尔也会谈她的老公和女婿，讲讲有趣的事情。最后，想要选的话，最好春夏学期，桥牌室比较舒服～
37129,972,林洁,2017-06-08 10:44:44,1,22,21,我没上过桥牌，不过她代过我们的课，说实话我觉得她的有些观念真的有点......她说运动对女生以后的生育有好处，这我不否认，但是，你后面加一句“你要是不要孩子那就只能坚持单身了，不然男的娶你干嘛？”是想怎样？exm？？？？？这三观是什么鬼？
38939,972,林洁,2016-12-20 02:57:30,5,5,0,非常好
38967,972,林洁,2016-12-20 06:13:09,5,5,0,难得的好老师，真的学到了很多。\n\n
39070,972,林洁,2016-12-21 03:33:27,15,18,3,老师脾气确实不好，但你要是打得真烂或者她不愿管你还挨不到那么多骂，而且喜不喜欢你，骂不骂你和关不关心你其实是分开来的。老师气场很强，对自己认定的理念非常自信，有不同看法又达不成共识的话，还是自己保留观点别争吧，反正牌在自己手上想怎么打是自己的事——而且不同体系和理论都有长处，只是你适应哪种的区别。课是真得能学到东西，林老师是牌感和技术都很好的桥牌选手——下面提到的性别歧视确实是存在的，虽然老师自己也是女性。但说句不好听的，大部分人对女牌手整体印象普遍就是这样的，只是表不表现出来的差别，所以不想被歧视就只能自己争气，如果连最基础的东西都不搞明白，除了让看到的人更觉得我们女生打不好牌还能怎么样？
39159,972,林洁,2016-12-21 11:44:09,13,15,2,打桥牌拯救世界。虽然我成绩垫底，但是还是被老师的人格魅力所折服。啊哈哈哈哈。
39695,972,林洁,2016-12-27 04:04:28,19,22,3,桥牌课是我唯一一节不敢水手机的课??沉迷桥牌不能自拔，课外打牌时间都超过微积分了吧
40123,972,林洁,2016-12-29 09:53:10,141,149,8,上课之前我一直不知道我是个M
40207,972,林洁,2016-12-30 03:39:26,1,2,1,真正教你做人道理 学到很多
40272,972,林洁,2016-12-31 08:54:56,1,2,1,尽管第一节课被当头棒喝，尽管叫到回答问题答错被罚深蹲，尽管。。。老师是个面凶内善的人。是真心希望学生在桥牌上有所造诣。当然，如果脾气稍稍收敛一点就更加perfect！
40759,972,林洁,2017-01-05 08:53:25,4,6,2,真心觉得是好老师啊，性别歧视什么的，我自己是女生，我也没觉得老师对我怎么样，我以为我已经算学的比较差的了，但是和别人打时候才发现有的人连老师反复讲了好几次的东西都不知道，那也不能怪老师了，上课时候经常性扯到人生哲理，挺有意思的，给分也厚道，想尽办法加你的专项分
42403,972,林洁,2017-01-14 06:36:08,2,2,0,很喜欢老师啊，在教打牌的同时会和我们说很多的人生大道理，而且教的很负责认真！
43011,972,林洁,2017-01-15 14:54:40,1,2,1,谢谢老师让我满绩
43013,972,林洁,2017-01-15 14:55:27,2,2,0,很可爱的一个老师，虽然有些时候可能说话比较直白，没有什么距离感
43017,972,林洁,2017-01-15 14:57:31,2,4,2,老师很厉害，绝对的桥牌好老师，上课的时候牌打得不好虽然会骂你(其实我被骂了好几次呀)但每一次都会有新的收获.另外，老师虽然有的时候对待我们很严格，但有时候也挺和善的，会和我们谈谈人生道理，上林老师的课真的受益匪浅.
43021,972,林洁,2017-01-15 14:58:54,16,19,3,唯一一门满绩课，谢谢老师，谢谢队友。
43071,972,林洁,2017-01-15 15:47:45,4,4,0,老师人真的很好，感觉就是高人那种特有的性格，你做错了绝对会被严厉批评，但自己错了会很认真道歉。上课挺愉快的，不过我建议和认识的关系比较好的一起选，不然像我一样遇到从不练习上课睡觉叫牌随缘不思进取的坑队友就只能自找苦头了，救都救不回来。
43163,972,林洁,2017-01-16 01:39:40,2,2,0,收获颇多
43201,972,林洁,2017-01-16 03:33:09,2,3,1,打牌使我快乐。上课不会点名，但是你不敢不到。老林其实很和蔼，经常会有独特的人生箴言，总之收获很大。给分比较透明，关键自己平时要去锻炼，打牌只占了小一部分。只上了初级班，来年还想报中级!
43615,972,林洁,2017-01-16 15:31:22,1,1,0,听老师上课心惊胆战，不过是个好老师，总是扯到人生
44940,972,林洁,2017-01-18 14:39:59,2,2,0,很有水平的老师，很严格。
45360,972,林洁,2017-01-19 12:43:18,5,5,0,老师讲课还是很有趣的，不过选这门课前，一定要保证课后能抽出一些时间练习(或者水平高），要不然，详见其它评论。
47266,972,林洁,2017-01-25 04:30:03,0,6,6,好老师。如果跑步和引体向上成绩不错，打牌很水也能拿高分。
47600,972,林洁,2017-02-06 09:25:13,2,3,1,会再来
48054,972,林洁,2017-02-28 07:06:27,2,3,1,很好的老师
48244,972,林洁,2017-03-01 11:35:10,2,5,3,绝对好老师。我这人脸皮厚，不被她骂过都没长进，上学期初级班接触了她的课，这学期为了选中级班退了预设课
49229,972,林洁,2017-03-30 05:42:02,3,3,0,十分啊
49441,972,林洁,2017-04-13 01:00:37,-23,8,31,老师上课像吃了屎一样
49442,972,林洁,2017-06-08 10:45:02,-20,9,29,老师上课就像是月经失调，脾气很大
49654,972,林洁,2017-04-22 03:48:10,32,39,7,上了初级班之后会中毒 一班情况下一定会继续上中级班 桥牌特别有意思 老师也是.特别特别有气场 会凶你 但是只是那一秒.特别有人格魅力.有自己的做人准则.三观正道爆炸.相处起来特别舒服.只要你不作那她绝对对你好.也凶我可下一秒就温柔.而且任何一次熊人只针对你出牌的对错 过去就过去了.分给的也高.也不搞虚的.真的太喜欢太喜欢她了.来浙大以后唯一一个让我服的老师.不管是人品处事风格还是牌技.总之认识林老师绝对是比学会桥牌更有意义的事.上了桥牌课之后.很少会有人后悔的真的.\n\n
50754,972,林洁,2017-05-05 01:58:38,-2,5,7,呵呵哒
51002,972,林洁,2017-05-11 13:38:50,10,10,0,绝对是刀子嘴豆腐心的好老师！虽然有时候会发飙，但是心里还是为学生着想的
51084,972,林洁,2017-05-16 08:29:17,8,9,1,贼棒!感觉上过最好的课了!
51222,972,林洁,2017-05-24 13:01:03,13,15,2,每次老林说“走走走我们跑步咯”，就感觉贼可爱。
51223,972,林洁,2017-05-24 14:17:39,8,9,1,一定要选的课没有之一\n\n
51432,972,林洁,2017-06-05 11:39:33,172,188,16,诸位叫牌时有两个问题应该问问自己，我为什么要这么叫？ 林老师在会不会这么叫？
51566,972,林洁,2017-06-30 08:52:59,12,12,0,老林上课可好了 因为是初级班打到一千五副有加分 然后我就天天打牌 刚开始没有很喜欢桥牌 打着打着就上瘾了 而且老师没有评论说的那么凶 现在脾气已经很好了
51654,972,林洁,2017-06-08 11:17:26,-16,12,28,比较耐心，桥牌实力很强，
51662,972,林洁,2017-06-08 05:41:30,6,6,0,不要太棒
51688,972,林洁,2017-06-08 10:37:07,27,32,5,前面说强制参加比赛的那个，老师从来都没有说过这样的话好嘛=、=
51689,972,林洁,2017-06-08 10:38:07,13,15,2,老师人很好
51690,972,林洁,2017-06-08 10:38:15,29,31,2,前面那个说话注意点诶。不是求是嘛。林老师这么好的老师，反正我很喜欢。有才有德\n\n
51692,972,林洁,2017-06-08 10:40:35,12,12,0,真的很喜欢很佩服老师的为人风格，虽然分很低（个人技术差），但是一点也不后悔选桥牌！！真的学到很多
51693,972,林洁,2017-06-08 10:47:15,9,13,4,老师是真的好，很会为学生考虑，牌技也很好。不同于其他的体育课，桥牌课后要花大量的时间练习==（之前因为疏于练习所以牌技奇差经常被老师嫌弃）不过学习一样新的东西不就是应该花很多时间的么，想水过去的出门左转普体不谢。
51694,972,林洁,2017-06-08 10:48:06,5,6,1,超级好的老师，值得选的课
51701,972,林洁,2017-06-08 11:10:10,15,18,3,林老师认真负责，为学生能体验正式比赛忙里忙外，强制参赛根本就是无稽之谈。有才有德
51702,972,林洁,2017-06-08 11:15:18,8,8,0,老师上课很有风格，虽然有时会批评打法不对，但是即便以严厉语气指出错误后，还会很用心问你是否听懂了~\n\n除了牌技，老师也很注重对于心态的培养 .\n\n如果想真正学桥牌，老师一定是最好的带领者。\n\n
51703,972,林洁,2017-06-08 11:20:51,3,3,0,老林非常棒，除了学到不少桥牌知识，还有许多人生道理。哈哈。桥牌中级是第五次体育课了，真心很赞，欢迎学弟学妹们报名！
51706,972,林洁,2017-06-08 11:32:38,3,4,1,老师挺好的，能学到东西
51718,972,林洁,2017-06-08 14:30:11,5,5,0,认真负责，要求严格，刀子嘴豆腐心。
51720,972,林洁,2017-06-08 14:51:46,5,5,0,刚开始上课的时候也记得老师会很凶什么的，但是慢慢上下来发现其实老师真的很厉害，超有人格魅力，有时会讲一些很有道理的话，喜欢quq。而且老师可能是我见过心理素质最强大的人之一，个人很欣赏老师这点。凶的问题，其实因为我蛮水的对很多叫品即使讲过打过也还不太理解，但是如果你表现出愿意学的面貌的话，老师会很耐心地教和讲。希望老师可以继续坚持这样的个人风格，不要太care一些只想水水就过的人的恶评。相信就算打不好但是至少认真想学的，还有真正打得好的同学对林老师的教法和个人魅力都是很认同的！如果有人让我推荐体育课我还是会推荐桥牌。希望越来越多人可以接触到桥牌这个运动！
51728,972,林洁,2017-06-08 17:04:46,8,8,0,这么说吧，老师脾气大是真的。但是回过头想，被骂的也确实是自己的问题（我也被骂过），有的时候因为种种问题没办法花很多时间在桥牌上也确实是很大的遗憾…但是很幸运能够学到桥牌，即使只是皮毛。\n\n\n\n不说别的，老师绝对是用打牌在教人生的道理。\n\n\n\n玻璃心别选，划水也不建议选，容易坑队友。建议真正希望学习以及愿意花时间的选。可以学到很多。\n\n\n\n课程还没上完，我分数还没出来，所以与成绩无关。喜欢老林的性格，感谢一学期的教导，只是想说几句公道话。
51816,972,林洁,2017-06-11 11:45:16,3,3,0,打牌使我快乐\n\n
51923,972,林洁,2017-06-13 14:08:22,0,0,0,很棒啊
51994,972,林洁,2017-06-14 05:01:18,1,1,0,性情中人吧 牌技真的没话说 能学到很多东西 感觉老师还是很可爱的
52024,972,林洁,2017-06-14 08:07:29,3,5,2,很棒的老师，绝对绝对推荐。尤其现在态度也很温和，三观很正！\n\nemmmm……顺便提醒大家要好好锻炼身体，体测要优秀。\n\n仅此
52114,972,林洁,2017-06-15 02:01:16,2,2,0,锻炼心理素质，一个更清晰地认识自己的机会千万不要错过。
54590,972,林洁,2017-06-29 22:21:55,1,2,1,天地良心一片真诚只要忍着成绩一定不会辜负你的林老师是一个不可多得的好老师
54648,972,林洁,2017-06-30 03:12:02,5,5,0,老师不错，会说一下道理，桥牌很有趣，只是我水平不好，最后结果88分，很吉利，也很谢谢老师
54984,972,林洁,2017-06-30 14:14:47,9,10,1,就两句话\n\n老林是一个很好的人\n\n老林是一个很好的老师
55346,972,林洁,2017-07-01 10:27:19,3,5,2,一学期的课感觉就是路人转黑再转粉的过程。可惜后面再也没有体育课了
57758,972,林洁,2017-07-14 04:22:13,5,5,0,很多东西别的评论里都说了，现在我来说点别的：想水过去，以及没有足够空余时间的同学，如果不是真爱桥牌，慎选哦，因为这样除了经常被训外，还会坑死你同队的另外三个人。我就是被坑的之一，还好最后有个比赛能挣回来。想水体育课的建议排球，这课妹子多，因此运动量也不大，给分也不错。但我还是更爱桥牌，桥牌带给我的除了乐趣外，还有不少启发。特别感谢老师这一年来的辛苦付出。
58706,972,林洁,2019-06-18 03:12:18,-30,26,56,好评都是刷上去的，强烈建议拉到最后看看那些被刷反对的评价。做人要凭良心。言尽于此。
59043,972,林洁,2017-09-19 07:48:05,6,7,1,现在林老师的脾气已经好很多啦，尤其是对初级班的萌新们。不要错过难得的学会桥牌的机会，后悔自己大一没选桥牌课
59607,972,林洁,2017-09-25 01:30:26,-9,5,14,人真的不怎么样，差评
60050,972,林洁,2017-10-16 14:53:34,-8,8,16,讲课太着急，脾气很大，自己算错了也不承认。
63503,972,林洁,2017-12-05 09:49:11,0,1,1,老师人真的很好，知识丰富，经常讲很多有趣的故事。
63810,972,林洁,2017-12-15 07:51:17,1,2,1,超级好的老师，有实力，有个性
64299,972,林洁,2017-12-22 09:29:14,4,6,2,如果不是她 我大概学不会桥牌吧
64362,972,林洁,2018-01-26 07:08:08,50,58,8,呜呜呜? 被林老师绩杀了，看来我隐藏太深，下次要拿出点真水平来了，把林老师打爆。
64530,972,林洁,2018-05-02 07:27:11,1,4,3,其实不用担心绩点的。首先体育才一个学分。其次老师给分很高。最重要的是，老师说过，就算你队友坑，最后分数不高，只要你认真学，问题回答的基本正确，能给她留下印象，她还是会根据情况给你高分的。只要保持一个谦恭的心，你能学到很多东西的。至于老师脾气，只要你认真学，不犯低级错误，老师也不会骂你，我的对家是dl，就没被批评过。何况老师现在脾气很好，有一次我问了一个比较low的问题，被老师批评了一下（其实不能叫批评，老师就是嗓门大了些）然后我过一会儿我又厚着脸皮又去问了一个题目。嘴里嘟囔着肯定又要被骂，老师应该是听到了，然后就很心平气和地和我分析了问题。然后和我解释了一下，具体忘了。大致意思就是，她看到我们问那么低级的问题，没认真学，把她的话记在心里，有点恨铁不成钢。而且林老师也说了，严厉的教学，你们才能学到技术，毕业之后才能继续地玩桥牌啊\n\n
64536,972,林洁,2017-12-25 04:05:23,3,4,1,一开始怕怕，后来非常庆幸自己选了她的课，非常喜欢林老师
64625,972,林洁,2017-12-25 15:33:32,-1,2,3,如果队友是不练习的那种，真的感觉带不动啊。
65201,972,林洁,2017-12-30 17:32:38,2,4,2,严师出高徒，跟着老师一学期能学到很多东西，水平进步也很快。老师无论是为人还是教学都有自己的风骨。如果抱着水体育课的心态来上课，那一定会很痛苦。 但是如果你喜欢桥牌，你慢慢也会爱上这个老师的！
66462,972,林洁,2018-01-17 01:25:17,2,3,1,哇哇哇  老师人真的很好  刀子嘴豆腐心，人很幽默，课堂真的很有意思，学期结束了，讲真还有点舍不得
70402,972,林洁,2018-01-26 14:42:24,-1,2,3,经历了路转黑再转粉。。反正想水课的走远好啦，我在桥牌和微积分上花的时间差不多，这门课是需要投入很多精力的。智商，情商，时间，任何一样不够都别选了吧。老师比较直白，一学期下来我被训过也被表扬过。关键的是，你真的可以掌握一种技能和一种不一样的思维方式，其它体育课尤其是水课就不好说了。而且打牌很好玩啊，即使下学期没选到课也会继续打的。至于给分我觉得正常，如果你十二分钟和仰卧起坐/俯卧撑不差，总体不会差到哪里去。
70990,972,林洁,2018-01-28 01:31:59,0,4,4,老林的课很好……不过需要有一定的脸皮和心理素质233
72270,972,林洁,2018-01-29 16:15:47,1,2,1,林老师智商很高，打牌的技术没得说。虽然没有调分，但也不会正态谁，都是按着平时成绩和专业成绩来的，我们组打到了第一我也只有3.9，如果不是下学期课程冲突我还想报她的中级班，h班
75128,972,林洁,2018-03-07 11:59:42,0,2,2,动脑子的体育课，很有乐趣
75798,972,林洁,2018-03-19 00:16:16,0,6,6,太难受了，第一节课不讲规则就直接上技巧
77107,972,林洁,2018-05-02 07:26:17,0,2,2,老师就是说话比较直啦，人还是很好的。有什么说什么。\n\n很喜欢老师的性格。\n\n打牌的技术不用多说。\n\n学桥牌 其实还是可以给你提供一种思维模式。\n\n挺好的！
78557,972,林洁,2018-05-13 04:07:01,0,2,2,三好杯的林老师好凶呜呜?
78658,972,林洁,2018-05-14 08:15:22,0,3,3,学到的做人的道理比学会打牌更开心
79224,972,林洁,2018-05-28 02:43:14,2,6,4,大一结束，印象最深的话是林老师对我说的:打得不错，继续学吧，以后我带你出去把他们打爆。\n\n我是女生，一开始是觉得老师更喜欢男生的，但后来发现老师并没有多偏心。我一个仰卧起坐五十米和十二分钟刚及格，牌打得一般，体育理论七八十的人，最后3.6，师生情还是有的。
79888,972,林洁,2018-06-15 02:24:42,6,9,3,桥牌，就像思味慕特的肉松蛋黄酥，一旦入坑，无法自拔。
80438,972,林洁,2018-06-26 12:12:08,2,6,4,带着妹子打了第一 4.2了解一下
80486,972,林洁,2018-06-27 04:14:24,-5,2,7,选不上中级班嘤嘤嘤
80551,972,林洁,2018-06-28 00:40:08,0,3,3,虽然最后绩点很低，不过那也是自己没有努力。老师真的是难得的好老师，课程也真的是好课，真正能学到东西的体育课，老师特别严格，不过三观超级正对学生也超好！不过想水的建议还是退课吧
81826,972,林洁,2018-07-06 09:17:49,0,4,4,很好的老师 给分也好。
81831,972,林洁,2018-07-06 09:27:49,24,28,4,这课，比模电难。
85703,972,林洁,2018-07-26 16:29:36,1,4,3,体验？当然是心惊胆战加一份刺激再加一份成就感。被骂没关系，上完课感觉收获颇丰，包括技术加人生感悟。非常高兴上过林老师的课
87943,972,林洁,2018-10-18 07:02:48,2,4,2,无稽之谈
88256,972,林洁,2018-10-25 06:44:24,2,5,3,作死\n\n
91308,972,林洁,2019-10-23 12:37:35,86,101,15,我认为林老师的桥牌课可以作为浙大的一个符号了，一人带起整个浙大的桥牌。\n\n感觉林老师才是真的做老师做到让人敬佩，竟遭人喷?作为浙大学生自己犯了错误不能被骂，未免有点矫情了吧?一次亲眼看到老师腰疼到坐不下，50多岁的老师坚持带病上课，难道没有资格不准我们的假?大学这种快餐式学习的环境下，肯为我们发脾气的老师能有几个?拿老师的责任心来抱怨，终日盘算着一个学分半个绩点，实是可笑。
91758,972,林洁,2018-12-19 12:59:08,0,2,2,老林骂人还是很厉害的。。但绝对是个好老师，对学生要求严格但也很关爱，牌技很高超（最早听她的课没跟上，尴尬），另外桥牌是真的有趣啊～
91895,972,林洁,2018-12-24 12:00:35,1,2,1,每天都期待下次桥牌课被老林教育……
91990,972,林洁,2018-12-25 08:10:04,13,14,1,打算着不跑步的就别选了吧，逃不掉的（就是我啊混蛋）。久闻桥牌大名，想着挑战一下自己，结果给自己选了门数学课（不）。老师很棒，虽然骂人骂起来是不留情面，但学会了桥牌，就很值，还认识了可（瞎）爱（叫）的（牌）pd。平时需要腾出点时间练习，不想被打成西瓜，就要多多投入。
92483,972,林洁,2018-12-30 06:57:34,15,16,1,我才发现原来我是一个m
92768,972,林洁,2019-01-04 08:53:39,13,15,2,这是第一次在查老师上评论，并不是说之前没遇到好的老师，因为林老师对我帮助真的很大，让我多了一个兴趣爱好，虽然课程会结束，但我会继续学习桥牌，至少对于我来说这门课的意义远超过了教会我多少多少知识。\n\n对于未接触过这门课的同学，我想说只要不抵触这门课程都会有所收获的，我身边的一些同学主要是害怕课程难度太大，不太敢选这门课，其实这门课的目的也并不是一定要把你变成一个桥牌大师，更多的是让你多个兴趣爱好，努力了就好了，桥牌本身也是没有止境的。
92771,972,林洁,2019-01-04 10:32:12,3,6,3,老师非常负责
94035,972,林洁,2019-01-15 03:17:23,3,6,3,老林真的像妈妈 望子成龙的那种
97192,972,林洁,2019-01-22 00:01:53,0,5,5,被老林的人格魅力所折服！选桥牌一时爽，一直选桥牌一直爽！
97524,972,林洁,2019-06-18 03:11:21,-3,18,21,有才者未必有德，形容之恰如其分
97607,972,林洁,2019-01-22 11:58:48,1,6,5,虽然桥牌最后分不高，但是我还是想给林老师打10分。桥牌很好玩，但是我没有学精，没有学好。培养了一个兴趣也很棒呀^-^\n\n打桥牌被打爆实在太爽了，（来自最后一名的深刻体会）下学期我要去学别的啦～但是从来没后悔选过桥牌～
99250,972,林洁,2019-06-18 03:11:42,-8,18,26,7分，就像之前同学说的，有才者未必有德
103673,972,林洁,2019-03-04 04:48:39,0,4,4,老师很好，但是绩杀，介意的别选，热爱桥牌的直接去吧
103691,972,林洁,2019-03-04 07:48:27,11,20,9,评分虚高……
105619,972,林洁,2019-04-17 10:37:12,-1,3,4,老师很可爱?花花更可爱?
108626,972,林洁,2019-05-30 04:08:22,-5,7,12,太嚣张了
109188,972,林洁,2019-06-11 09:02:48,12,14,2,想水体育课的建议别选，桥牌课可能和你学过的数学课一样硬核。欢迎对桥牌感兴趣并且乐意抽出一些时间练习桥牌的同学来（划重点：乐意抽出时间练习）_(:з」∠)_
109993,972,林洁,2019-06-21 03:23:40,-2,5,7,老林人很好，就算发脾气也都不是无缘无故的，对女生的话，只能说有些人确实不适合打牌
113923,972,林洁,2019-07-08 00:49:03,1,2,1,个人是因为以前看过一点点桥牌书，对桥牌感兴趣来选的桥牌。它确实不是一门能“水”的体育课，老师说话确实也比较狠，但是严师出高徒嘛，一个学期下来能感觉到自己真的在进步。建议真心喜欢桥牌的来选课，假如不是的话，那还是去选别的吧。
115448,972,林洁,2019-07-24 10:39:28,5,9,4,不推荐
115485,972,林洁,2019-07-28 01:59:48,1,8,7,林老师的桥牌课已经算是浙大的一个符号，是必须要上的课程之一。
117582,972,林洁,2019-09-26 07:58:25,10,17,7,桥牌水平很高 教得也不错 但性别歧视十分明显 也别说什么“开玩笑”“只是脾气不好人还是很好之类的” 三番五次说女生“数学不行”“桥牌学不好等着被打爆”“逻辑不如男生”体现出来的就是不尊重 就是看不起
117589,972,林洁,2019-09-26 10:17:42,1,2,1,她是非常认真的一位老师，我上她的体育专项辅导课，对待我们认真负责，而且也是个很好的老师，要求虽然有些难但我们都可以理解；让我们了解到了体育锻炼的重要性，是一位不可多得的好老师！
118240,972,林洁,2019-10-23 12:43:17,2,3,1,思维不敏捷/记忆力不强的千万不要选！！千万不要选！！！血的教训！另外感谢老师，老师还是好的
118704,972,林洁,2019-10-31 01:55:58,1,3,2,真棒\n\n比高代和数分有意思多了
119519,972,林洁,2019-11-13 08:12:01,2,3,1,别选她的体育辅导课
121450,972,林洁,2019-12-16 04:43:09,3,6,3,老师人还是很好的，专业能力很强，听说有拿到过五个全国冠军，又教出好几个全国冠军的时候，真的很佩服，不过呢，还是建议逻辑思维能力和记忆力非一般的好的人来选，虽然老师说文科女生学桥牌很差会让人听着不太高兴，但作为亲身体验者，表示的确是事实....真的会感到力不从心....
121468,972,林洁,2019-12-16 02:04:37,0,2,2,妙啊！\n\n
122806,972,林洁,2020-04-08 06:54:48,-15,12,27,不要相信那些好评！此人毫无师德可言，教学水平再高有什么用？对不起，你连个老师、连个人，都不知道怎么做。
124235,972,林洁,2020-06-27 17:16:48,0,3,3,今天刷到分数，来评价一波。教学前期，脾气真的大，并且不肯认错，教学后期，脾气逐渐平和。因为我本身就会打桥牌，所以绩点不错，另外今年因为疫情，林老师的绩点所有人都非常非常高，平时应该没有那么高。最后，听说体育课二刷居然不会覆盖绩点，难道我可以一直靠选桥牌课水满体育学分吗...
124430,972,林洁,2020-07-01 05:16:25,0,5,5,太好了!!!!!
124873,972,林洁,2020-07-14 05:33:17,0,4,4,爱打牌，学到很多，桥牌很好玩。
126605,972,林洁,2020-10-07 08:26:06,3,6,3,作业真的很多很多，老师也容易因为个别小错误而很生气。如果真的很想学习桥牌且愿意付出很多时间，是的，很多时间，那么还是可以去学习的。确乎能学习到很多知识，也能培养起对于桥牌的理解与兴趣。但是，如果划水，千万别选，选什么都可以，就是别来桥牌。另外，对于女生，不打友好，除非你愿意刻苦学桥牌。个人觉得，这个评价还是比较客观且全面的。选前务必三思，以及0基础禁止选中级班。
128850,972,林洁,2020-12-26 03:48:17,0,5,5,很好的老师，很好的课。
129597,972,林洁,2021-01-08 07:39:31,-5,11,16,傻逼 疯婆子一个 今天班上一个同学问她什么时候签到 他就开始发疯大骂 把人家男孩子弄哭为止 太伤自尊了 要是我就一哭二闹三上吊 谁也别想好过
129946,972,林洁,2021-01-14 03:57:34,10,12,2,今天出专项分了来评论一下。我选林洁的时候她的评分是7.9，现在是9.7。老师技术绝对过硬，在这方面也很有底气和傲骨。老师脾气的确不小，会骂人，但骂人仅限于骂你打牌烂，你如果打的好她自然不会骂，上课个人认为节奏还是比较快的，桥牌不简单，要想打的好要自己花时间练，千万不要因为不想动来选啊（55555）！！！。会说女生一般在桥牌上的确比不过男生，但同时女生在她的桥牌也会享受一些优待。课上有一段时间要求每天练12副，那段时间还是蛮崩溃的，每天要在桥牌上花一个多小时，但是后来也就不抓了。冬学期开始打班内赛，你的专项分就直接根据排名决定，第一名就是100，最后一名的组是80。后期对老师逐渐改观（后期开始打班内赛她骂人的次数变少了），是一个比较真性情的老师，分数上也会小捞你一手。总而言之，如果你桥牌打得不烂逻辑思维能力这种不烂并且不介意老师的脾气的话，桥牌还是不错的，对自己这方面能力不自信也受不了老师骂人的还是慎选！
129971,972,林洁,2021-01-14 08:06:43,1,3,2,林老师很真性情，看到你牌打的不好会骂，但是并不针对你这个人，而是针对你这首牌，桥牌不是水课，真的感兴趣才能感觉没那么大压力。林老师十分的好老师！
130318,972,林洁,2021-01-20 15:23:13,1,2,1,需要脑子和队友...
132446,972,林洁,2021-02-01 15:38:53,9,15,6,又来上林老师的课了，虽然我不喜欢这个老师，但是我喜欢这个课程，我也打得不错。老师不点名，那个签到直接给你全班到的，牌打的再烂，期末给分也不错，老师水平也很好，但是，但是，老师的素质真的需要提升，这不是什么真性情的问题，这是基本道德，老师这样一个严肃的岗位，容许你真性情？真的屡教不改的，你骂就算了，但是我看到，有些情况是因为你耳背听错了，有些情况是因为你看错了（比如老师自己把黑桃和草花看错，结果骂学生叫错，并且不允许学生指正，顶嘴就骂的更凶）
132617,972,林洁,2021-02-03 00:49:59,1,2,1,感谢我的神仙队友带飞菜鸡的我！
133893,972,林洁,2021-03-09 06:57:40,7,7,0,老师讲的不错，但是太快了啊啊啊啊
134825,972,林洁,2021-04-17 03:43:43,13,15,2,12点以上黑桃 开叫一方块被骂纯属活该。。。\n\n个人觉得老师骂人是有道理的
135821,972,林洁,2021-05-27 14:24:06,6,7,1,老林，我的超人
136116,972,林洁,2021-06-11 04:36:08,7,12,5,很凶，不算是会尊重学生自尊心的老师。
136138,972,林洁,2021-06-11 08:05:04,19,20,1,老师技术绝对过硬，但脾气绝对不小，每次上她课都提心吊胆的。。。而且桥牌也不好学，感觉讲得也比较随机，不是很系统。而且桥牌是四人运动，期中考试过了以后就是轮流打牌考试了，不会打的话会一直被打爆（或者把/被队友拖累），会觉得坑了队友或者被队友坑了，心态可能会崩。理解能力或者心理承受能力差的慎选。
139781,972,林洁,2021-07-26 10:16:21,-2,13,15,老林超有个性\n\n骂人只是对事不对人\n\n在座的诸位有些怕是被惯坏了吧\n\n本来就该骂，难道还要夸你？
141464,972,林洁,2021-10-10 11:41:59,2,7,5,缺少基本的同理心和生活常识。整个人疯疯癫癫的，我感觉和我高中时候状态差不多吧，所以说能在浙大教书靠的是牌技而非为人，教学方式与大学的包容思想开放等词格格不入。总的来说，要是有教养的人上林老师的课，会发现这是一名缺少基本哲学素养的老师。
141649,972,林洁,2021-10-19 06:03:24,-3,5,8,无语的老师，只管会玩的人
142303,972,林洁,2021-11-10 03:38:14,4,9,5,令人无语。虽然知道老师打牌技术好但是动辄“蠢货”“疯子”的语言习惯是不是太过了？
142934,972,林洁,2021-12-02 11:30:00,1,16,15,脾气暴躁，自我情绪管理很失败，不就是个桥牌嘛，玩不会又能怎样，还搞男女歧视，专业歧视，玩桥牌刷出了优越感，骂人骂得过分，大一后辈们快逃。。。
143654,972,林洁,2021-11-30 07:11:04,7,7,0,谢谢老师有效提高我的心理承受能力 \n\n从玻璃心被骂成钢铁心了
144090,972,林洁,2021-12-17 11:07:12,0,3,3,教的还行，但是感觉有点不尊重人，想学到东西可以选，认真学就行，但是论做人感觉真的不太行
144729,972,林洁,2021-12-23 10:53:12,0,3,3,本人大一新生，不慎选了中级班，仅靠原有的一点基础度日。虽然被骂过，但是确实是我活该，技术型加倍叫不出来，简单坐庄做宕，林老师估计已经被我气死了……每次林老师“视察”时打得都不大好，但网课期间就好多了，毕竟线上不知道谁是谁，就能放得开，8-12副有0分也有100分，不畏手畏脚了。\n\n我认为很多人不理解林老师的课，就会评价很低。如果林老师上课你认真听了，乱叫一气那确实活该被骂，因为这是对队友的不尊重。讲道理林老师骂人都是有理有据的，她不是说为了骂人而骂人，她只是实在看不下去那些讲了好多次的东西、原则性的东西还没有掌握。\n\n这门课千万不能划水，否则会很惨，坑到同伴怀疑人生，我就是因为太菜经常给学长挖坑……即使我菜，即使我拿不到好分数，也没有必要去带“有色眼镜”。林老师平心而论确实是好老师，她确实是负责的老师，我臆测有些同学可能是稍微划水然后就暴露了……10分
145687,972,林洁,2021-12-31 07:59:39,7,8,1,跟老林认识有一段时间了来留个言。\n\n老师是个什么样的人，我想大家上过一堂课或者被骂过一次之后就会有所了解，可以做出自己的判断，但是之后你愿不愿意跟她继续共事，这是由你自己决定的。老师性格确实如此，对于我这种直率的人来说就很舒服，一件事情跟你说过之后你去办了不会再有其他的事情。\n\n如果你很讨厌老师的处事方式的话，我觉得打打牌可以，不一定要去选她的课了，这种时候相处很难受。不过想学到技术的话，确实是可以去。老林坐我对面打过好几次，被骂得次数多了，但是我脸皮厚，渐渐也就不在乎了，技术稍好点之后她也就温和些了。老师快要退休了，希望对桥牌感兴趣的同学珍惜一下吧
148678,972,林洁,2022-01-13 07:52:13,5,13,8,自尊心得靠自己挣阿。\n\n老师上课条理清楚也不会随便骂人，自己不认真上课，回去对这门课不上上心，队友给你的机会你看不懂，自己的问题带累整个队伍自己都想骂自己老师说两句怎么了。水平不好和完全乱搞是有区别的，老师不会因为你水平不好而乱开骂，骂的是对队友对自己都不负责任的叫牌和打牌过程，对事不对人（另外骂的时候都是说的东南西北）。\n\n林老师真的负责，你的努力或错误她都看在眼里。她教你知识你看她为人，她教你人生道理又说什么只是个桥牌没必要。刚进大学好多课程时长都不会超过半年，这样的短的一个时间桥牌能迅速让你进入状态，十分推荐愿意努力喜欢桥牌的同学。本人桥牌零基础平时偶尔会练习练习（虽然每日mp赛经常没打或没打完，因低级错误也被骂过几次），平时与队友多多交流学习，最后5.0，谢谢老师，谢谢队友。\n\n打不过别人也不能怪别人或队友，这是一个团队，不仅自己技术上去还要帮助队友，这样的小组学习才有意义，相比有些似有似无的依靠分锅和并不十分严谨的展示得分组成的小组，桥牌的小组更像战友。\n\n大学的包容性是为了发展而不是就是为了“包容”，犯了低级错误你对自己的评价如果比这样的老师对你的评价还要温柔，那你在过去现在未来的大学以及社会生活中要求的似乎无限无代价的外界容忍与耐心不是太奢侈了吗
152039,972,林洁,2022-03-24 02:16:40,28,48,20,作为女生，既不希望被歧视也不希望被优待。\n\n类似“女生打不好桥牌”“男生选我的课一定是因为热爱，女生就不一定了”“男女思维不同做队友会出大问题”“女生在学校里受的优待多得多，很多女生比男生更好拿奖学金更好保研，所以出社会也别怪三胎带来的影响和就业歧视”之类的言论个人认为是很严重的刻板印象，全盘否定了女生为提升自己做出的奋斗，同时又站在自以为是的高视角“同情”女性。\n\n就算说过不会骂女孩子，个人也认为是一种“怜悯”，建立在“女生打桥牌就是不如男生”的歧视上，明明自己也是女性，拿过这么多次全国冠军，为什么可以这么轻易地否定。\n\n骂学生犯的低级错误没有问题，也许需要多考虑部分同学的自尊心。上课有条理完全反对，也许老师自己是很厉害，但是跳过基本介绍直接讲叫牌，没有知识铺垫直接上技术指导，我们那个班上下来我和我所有的队友都表示什么都没听懂，完全靠自行摸索学会打牌。\n\n所谓学生犯的“低级错误”，个人认为是教学能力不佳的表现，因为根本听不懂，又不知道哪里学起，为什么不能犯错？\n\n没因为弱智错误被骂过，而且不算是内心脆弱的女生，实在是不需要这种同情和怜悯。\n\n介意的女生别来，桥牌终于会打了，她的课这辈子不会选第二次。
152102,972,林洁,2022-03-26 09:52:44,-8,12,20,垃圾人
153630,972,林洁,2022-05-06 12:55:13,-25,14,39,第一次课没结束就来评价，没碰到过这么傻逼的体育老师
154452,972,林洁,2022-06-01 14:17:57,15,20,5,想一个学期就入门桥牌？没有老林这种教法怎么可能教的会。\n\n老林在上课的时候也说过，她以前的几个同事都走了，因为只有她教的会。老林说前几个同事对学生无下限的好，因为只有这样才能获得高的课程评价分。老林又不是不知道自己的上课风格很彪悍，自己生气起来很吓人。\n\n老林是真的想带学生入门桥牌，她唯一的目标就是，你来上她的课，她能把你们教会，其他的有关她个人的评价，她一概不管。
155239,972,林洁,2022-06-09 15:25:34,0,3,3,很好的老师，让我学会了桥牌。有时候看你打不对可能会生气，但转头也能继续幽默说话，我脸皮比较厚，所以学到了很多。很棒
157096,972,林洁,2022-06-22 01:55:20,1,5,4,桥牌很复杂，叫牌千奇百怪，林老师大多数时候骂的挺对的，确实很简单的错误很不该犯，骂了听着就好了，她也没想过刁难你，不要玻璃心就好了。唯一对不起的是我队友，已经不想选桥牌拖累别人了，但我选不上别的体育课啊
159707,972,林洁,2022-08-23 15:48:46,0,2,2,灰常好
163861,972,林洁,2022-12-16 09:08:09,1,3,2,选这门课脸皮要厚，老林本身脾气有点暴躁，但其实人挺好的，有些刻板印象和不当评论听过就好，而且桥牌学长们非常好，可以多和他们交流，有时候老林的课没听懂可以问学长，有空可以在桥牌室和桥牌队的学长约牌（顺便打卡），总体来说老林给我的印象不错，也感受到了这门牌技的乐趣，建议选（当然脸皮厚点）
170858,972,林洁,2023-03-10 14:16:22,11,16,5,性别歧视就是没什么好说的，平衡
171398,972,林洁,2023-03-23 09:19:45,0,4,4,老师很棒o(^o^)o
171838,972,林洁,2023-04-07 08:23:47,1,3,2,又来上林老师的课了，这学期比上学期好多了，越来越喜欢桥牌了，现在更能感觉到老师的水平了
172501,972,林洁,2023-04-28 03:45:26,2,9,7,性别歧视，讲课时总带着傲慢。
172601,972,林洁,2023-05-01 15:32:09,2,7,5,我在思考夸这人好的男生应该占比更多吧
173456,972,林洁,2023-05-25 05:21:14,4,6,2,牌技好，骂人爽！
173761,972,林洁,2023-06-02 11:15:25,1,1,0,桥牌多好玩
173778,972,林洁,2023-06-02 14:48:44,2,14,12,作为一个大学生，成年人，我认为我有不被羞辱的权利吧。但是在她的课上，我第一次发现，并不是所有人都认同这件事情。被骂是常态，羞辱也是很多的。避雷
174609,972,林洁,2023-06-14 13:14:06,15,17,2,老师很凶，不照顾人的自尊心，有男女偏见，都没话说。\n\n但：\n\n1.给分很好，我们班75保底，一半给了90+，参加智力运动会再加分（专项2，竞赛2）2.技术很好，能教给你很多东西。3.老师凶过你，但你打不来她是记不住的，转头你再去问，她会笑眯眯地回答你。4.老师的凶的人主要体现在：第四节课了还把第一节课的开叫搞错，毫无逻辑的应叫等等，至于其他错误老师一般就是说你没有逻辑，很少开骂开吼。5.有同学跑步因为没吃东西不舒服，老师也是一直陪着。6.对于会打牌的女生，老师非常尊重。对于脸皮厚一点的同学，无论男生女生，我觉得都能学到更多。\n\n我的建议是：\n\n1.多加练习。2.脸皮厚一点，多问多学。3.超前了解一点，因为老师上课还是会不自觉地拓展提高内容。\n\n4.强大的心理素质，不能和老师这种艺高人胆大的性格共事的话就退课，果断退课，这门课就是看逻辑，一个是打牌的逻辑，一个是和队友配合的逻辑。如果心理素质不够，老师骂会破防，打不来牌连累队友也会破防。反正我从小是受打骂教育的，我对老师的凶其实感觉一般，我在此不谈论这种教育方式是否合理，但是老师对事不对人，不会针对你课课凶，指针对牌，我觉得无可厚非。等到以后进入社会，碰到哪个无语领导而你又无法跳槽的时候，你可能还会感慨林老师好歹还会认真耐心回答问题。5.老师不点名，手动全到，但不意味着你可以不来。因为老师记性很好，会在某一节课突然给你没来次数全部补记。不要心存侥幸，而且第一节课不来你就基本很难听懂了，因此这门课的补选需要慎重，补选之前要去第一节课先上。6.你真的认真打牌认真跑步，老师看在眼里，最后你和她说能不能再捞一下老师看你态度认真的话会再捞一把。\n\n综上，想认真学桥牌的，来；否则，不建议来。你把桥牌当成1学分的常微分方程来学，我觉得差不多，每周练习一下然后赛前突击一下其实差不多了。
175195,972,林洁,2023-06-22 08:55:51,1,1,0,教学认真
178439,972,林洁,2023-07-11 15:55:58,3,3,0,说真的只要脸皮厚，桥牌真的是很舒服的体育课，老师虽然凶但是她又不记人，更不可能在除了上课外的地方push你，有保底分数也不可能挂科啥的，桥牌在室内不用考虑天气啥的也不会累简直爽的不行，当然你要是想要高绩点可能还需要一点水平。就初级班来说小组比赛很多人我能明显感受到他们基本的都不会，所以门槛真不高，没前面有些人说的这么可怕
181190,972,林洁,2023-10-11 06:56:09,8,11,3,性别歧视
183714,972,林洁,2023-11-29 05:49:49,1,2,1,老师爱骂，但很好
185433,972,林洁,2023-12-29 08:21:30,7,8,1,“我发现啊，浙大的女生是越来越勇敢，男生是越来越猥琐~”
186452,972,林洁,2024-01-11 07:18:04,1,1,0,给分不好
187169,972,林洁,2024-01-15 02:26:53,3,3,0,冲桥牌！
189919,972,林洁,2024-02-02 10:42:26,7,8,1,这学期误开了两个中级班，中级班人就很少（每个班四桌样子），但氛围、脾气和给分都好很多。\n\n中级班老林虽然也会骂但可能大家脸皮都比较厚反而骂的时候大家会笑起来……\n\n桥牌（以及老林）很考验人的心理素质，然后选中级班一定要上过初级班！\n\n推荐心理素质好的同学选桥牌！
190822,972,林洁,2024-03-20 05:02:36,11,12,1,我不相信只有我一个人听不懂她在讲什么还得挨骂。
192641,972,林洁,2024-05-26 10:30:44,5,7,2,别的不说，老林网课期间作为为数不多不划水拉满两节课的老师就值得尊敬，她也知道自己这么做会得到更低的教评但老林觉得不能有愧于心（指同时期很多老师20min网课下课）。\n\n这学期没上桥牌，看到老林她还记得我，笑眯眯的，问她问题依然很细致。
192872,972,林洁,2024-05-31 06:52:37,6,7,1,脾气很差，经常骂人，不想因为叫错牌就被劈头盖脸一顿骂的慎选，即使上这门课的时间并没有怎么挨骂，但每节课都要看她大声指责其他同学也是很破坏心情的。\n\n教学方面，老师非常有水平，有自己独特的教学方式和高要求，基本不允许犯错、忘了，上课迟到或者是课外打卡次数不多都会频繁被点出来批评。\n\n课上发生过的一次老师反复骂人的情况，我描述一下各位自己看吧：一位同学初次报名参加三好杯，与院系负责人联系，比赛分周六场和周日场，该女生只能参加周日场，告知了院系负责人（比赛报名由院系队伍领队组织后报名）该队伍报名周六场后，该女生向院系负责人申请退赛，队伍内其他两人不知道该情况，有事离开，导致该队伍人员不齐，比赛无法顺利进行。林老师得知后，认为是该女生故意退赛扰乱比赛秩序，认为她要退赛应该直接告诉老师，与院系负责人联系就是故意让比赛进行不了，争论在课堂上持续了10分钟。\n\n此外，林老师的水平和眼界都比较高，认为同学们未来到40岁总是都财富自由了，届时需要一点用于类似“高端社交”的爱好，学桥牌有所裨益。我只能说我听着这话怪怪的。。。就不发表其他看法了。
193372,972,林洁,2024-06-07 12:47:49,0,3,3,真的好喜欢林老师🤤林老师我是你的狗🤤
193468,972,林洁,2024-06-11 07:22:43,8,11,3,教别人是没考虑过基础的，脾气是我见过最臭的之一，初学者打不好是要死命喷的，是喜欢对自己完全不懂的高谈阔论的，1000米和引体向上是要放一节课测的（硬说没影响）。
194332,972,林洁,2024-06-23 08:52:36,7,12,5,老师人真的很好！桥牌也是真的难！是零基础小白，第一节课去直接听蒙了，后面也一直一知半解。期末专项成绩是后半学期班内小组循环赛，直接被队友带飞拿到90分，很开心滴！因为是女生，可能确实比不过男生，感觉班里男生听一遍就听懂了（）\n\n测长跑的时候老师一直在旁边鼓励我，是我人生第一次800及格，跑完之后老师抱着我的胳膊跟我说这不是能做到吗！当时真的巨开心。被林老师的人格魅力折服！！！！\n\n不过桥牌真的很难！选了的话不要怕林老师骂，嘻嘻我已经练出了抗骂超能力！
205351,972,林洁,2024-12-05 01:13:10,3,4,1,你～是否觉得生活缺乏激情～你～是否每天无精打采～那就来上林老师的课吧！路过的狗都会被她大骂半小时以上。快来上桥牌课吧～让你心中有希望～人生不迷茫～～～
206239,972,林洁,2024-12-13 10:32:40,2,2,0,性别歧视，不是数学系的男生就不要选她的课了哈
207230,972,林洁,2024-12-20 02:28:32,2,2,0,请务必让我选一辈子桥牌，大家什么都会做的😭😭😭
208181,972,林洁,2024-12-26 05:41:45,8,9,1,想水慎选，心理素质差慎选。\n\n桥牌难，老师讲的飞快，感觉像第一节课把大部分基础知识讲完，第二节课开始升阶然后看我们听不懂就开始问“我不是讲过了吗”，脾气很差语速飞快，我全程认真听也是得到第四节课开始才入门。\n\n冬学期开始打小组比赛，全靠实力和组员，每一次成绩都是期末的一部分，非常考验心跳。我们小组从一开始的倒一开始打，心态崩过很多次，但是慢慢磨，最后打到了第二名。想要靠同伴很困难，因为叫牌过程完全考的是两个人对桥牌的理解，一个人崩就是输。最后打到第二名回顾感觉也没有靠哪个大佬（但感觉自己也不是大佬也很菜）大概是上课认真听的原因（？）\n\n第二名专项分95，最后一名专项分也有78，挂科是不至于的（虽然老师威胁过很多次再犯什么错误就挂科）\n\n桥牌还是很好玩的，但我应该不会去报她的中级班了，太考验心跳了😇
210122,972,林洁,2025-01-08 07:50:03,2,4,2,对桥牌技能传授很认真
213167,972,林洁,2025-01-16 07:49:36,5,6,1,桥牌好玩，大一小登半学期打了1500+副牌，但是可惜本人身体素质太差最后就拿到了78分。（）春夏学期我的预置课就把所有桥牌课都占了，那就只好沉淀半年，大二的时候一定要再上中级班！专项占总分40分，如果你身体素质还行，打牌能拿到第三第四的话，绩点也会是很好看的。至于老师上课的状态，有的时候会大喊大叫，我也确实挨骂过。不过说实话这也没啥，确实挨骂一次之后我的印象很深刻，当时犯过的错误就不会再犯了。有时候她说狠话要挂你科，那也就是纯吓唬你，不用当回事。讲课比较快，一般刚学桥牌的学生应该跟不上。我是每天打满新睿的12副牌，每周打满少年桥牌学堂的30副牌，到期中的时候想起来有本教材，于是翻开认真看了一遍，才感觉开窍了，叫牌就有了很大的进步。另外我家乡有一种扑克玩法叫三扣一，基本规则和桥牌是一样的，只不过是3v1，所以我在打桥牌的时候就感觉很亲切。
215481,972,林洁,2025-02-26 18:01:55,2,4,2,垃圾老师和她的酸狗男徒演的一场好戏，评分虚高，找人刷的吧
216130,972,林洁,2025-03-11 03:05:11,8,8,0,这位老师非常厉害 肋骨断了两根都能坚持上课 女儿难受的死去活来也坚决让其上课 “狗屎”是口头禅 阴阳压力学生也是手到擒来 男生放心选 重男轻女 有极其严重的刻板印象并且轻视鄙视女性
216139,972,林洁,2025-03-11 03:49:21,2,2,0,怎么能骂人呢
216603,972,林洁,2025-03-19 05:27:46,4,6,2,想学桥牌就选，不想被骂就不选。\n\n中级班打得好的女生，没看老林骂过歧视过，反而会嘲讽一下男生叫牌的猥琐。ac01\n\n为啥每年选课都有很多不看评论的，桥牌有不怕挨骂同学想上还没选上呢……\n\n但有一个tips是选课之前预习一下，就不容易错，也更听得懂。\n\n然后有一些有名的现在年纪比较大的教篮球，游泳的老师十几二十年前也较桥牌，但是没有卷过狮吼功的林洁，准确的说是一学期没把人教会，所以林洁保留狮吼功也有时代因素，如果当年温柔的老师卷赢了林洁……另外，班的级别越高，老林骂的越少，个人和同学的经验。
217086,972,林洁,2025-04-01 13:03:12,3,3,0,如果是m的话请来上
217361,972,林洁,2025-04-09 03:56:49,0,1,1,狗屎！
217442,972,林洁,2025-04-10 12:05:10,1,2,1,狗屎！
218991,972,林洁,2025-05-16 18:00:09,2,2,0,莎贝东西
219335,972,林洁,2025-05-25 11:02:07,0,1,1,老林不骂人的时候还是特别好的！上的是中级班，前半部分讲牌和桥牌技巧，后半部分班内打牌。
219520,972,林洁,2025-05-29 06:55:21,1,1,0,没素质
219904,972,林洁,2025-06-10 15:46:13,0,0,0,林老师的课旷课是不可能的，因为她会打电话喊你来上课。不知道是不是我比较没心没肺，我其实觉得林老师虽然脾气不太好，但是完全在可接受范围内，而且从来对事不对人，课上到后期她也会变得和善很多
220817,972,林洁,2025-06-20 03:16:51,1,1,0,选这个课，你需要注意很多：\n\n1.课上可能听懂将军在说什么\n\n2.她讲课是自己的一套思维在讲，她是老手，你是新手，基础概念她觉得很熟，而你没有听过，所以有的时候你会不知道在讲啥\n\n3.课上时间短点多，需要课下自己品味\n\n4.将军的训练方式就是考验你的心态，你要是有我这种想法：”叫什么叫，有种把手呼我脸上，不要为难桌子“那么你可以大胆选\n\n5.推荐浙大图书馆的桥牌基础2星和3星入门初级班\n\n6.慎重队友的选择，一桌4个人是一个队伍，你和对面的人是搭档。第一节进去坐着基本就定型组队了，将军会要求女生和女生对坐。\n\n7.最后的专项成绩是每个组打一次比赛，你可能会遇到这种队友：叫牌规则不清楚，乱叫；打牌不会记牌推理，乱打。\n\n9.当你了解基本的叫牌和基本的打牌后，整个过程很清楚流畅，没有什么疑惑，初级班你只需要从叫牌推测对手和队友手里有哪些牌，打牌的时候记住从哪个人手里出了什么牌以及加上简单的加减法，基础的打牌还是不成问题的，如果再在前面的基础上给别人下套玩心理博弈，你就有更多机会去赢得更多的牌。\n\n最后：\n\n如果你是单身，并且想找女朋友，请第一节课大胆的走进教室，选择一位女生对面礼貌的询问别人愿不愿意和你做搭档，大胆和别人交流，这样在将军说女生和女生坐的时候，你就可以说你们是一起的已经商量过了。胆子大一点，多和别人沟通交流是很重要的。\n\n将军会讲很多自己的生活故事，请忽略掉表象，体会理解将军的生活哲学，社会很多坑，慢慢体会理解这一套东西我觉得对你以后会有很多帮助，足够细腻的精打细算，至少保证我们最可能小的吃亏。\n\n倘若通过这门课爱上了桥牌这项运动，那么请不断学习并打下去，就像将军所说：“人生这么难，找点事情做让自己开心开心何尝不好呢？”
13070,989,董晓虹,2015-12-24 17:04:08,7,14,7,蛮好的\n\n
13447,989,董晓虹,2015-12-28 05:25:29,0,5,5,蛮好的老师。
13778,989,董晓虹,2015-12-31 01:58:57,-1,6,7,老师人挺好的，挺耐心的
15693,989,董晓虹,2016-01-16 06:51:20,4,8,4,很和蔼的老师，也很负责
15941,989,董晓虹,2016-01-16 16:17:48,5,9,4,老师很好
18954,989,董晓虹,2016-01-24 07:33:04,0,4,4,还好吧
18978,989,董晓虹,2016-01-23 01:48:02,3,6,3,超级棒
20590,989,董晓虹,2017-06-07 08:41:53,19,26,7,老师好，我菜
25664,989,董晓虹,2016-06-01 00:37:06,5,10,5,感觉有点过于严厉，一点都不水，可以学到东西
30026,989,董晓虹,2016-06-30 23:44:27,5,8,3,给分还是很好的，至少比我想象地好多了，上课讲得也很详细
30484,989,董晓虹,2016-07-01 16:46:26,8,10,2,老师还是很认真的，人蛮随和的，给分。。。我觉得超出我水平就足够了，个人水平问题，我菜。
30723,989,董晓虹,2016-07-02 10:15:35,50,61,11,很棒的老师，我的满绩就是董老师给的。
30882,989,董晓虹,2016-07-02 21:16:38,1,3,2,给分照顾女生，人很好，很希望大家学好篮球
35289,989,董晓虹,2016-11-07 13:42:40,0,3,3,老师很负责，表扬人批评人都很多。我还是喜欢有趣负责一点的老师
35981,989,董晓虹,2016-11-10 09:32:14,1,2,1,认真负责。
39718,989,董晓虹,2016-12-27 07:01:49,1,2,1,很好啊\n\n
39738,989,董晓虹,2016-12-27 08:00:04,-1,2,3,挺好的?
40595,989,董晓虹,2017-01-04 08:10:04,5,6,1,很不错
41961,989,董晓虹,2017-01-13 10:01:16,6,7,1,老师很好，照顾每一个学生。
41997,989,董晓虹,2017-01-13 11:26:28,15,16,1,很关心学生的老师，分数计算公开的，无所谓给分的问题，上课很有料，教了挺多的
42561,989,董晓虹,2017-01-14 13:01:21,1,2,1,老师很负责，很激励学生上进
42822,989,董晓虹,2017-01-15 08:39:05,0,4,4,很喜欢董老师，篮球很棒，教学耐心，教的也很仔细，人也很好，收获了很多，最后给绩点也很棒，最后一节课，我们几个女生一起打球，老师说我们态度认真还加了一分平时分。
44633,989,董晓虹,2017-01-18 05:05:40,-27,6,33,说话很刻薄
55463,989,董晓虹,2017-07-01 14:06:36,9,12,3,就 很女神！\n\n然后人也超好！\n\n第一次满绩 超开心呐！
55465,989,董晓虹,2017-07-01 14:08:03,11,15,4,十分十分 本来我打篮球是靠天生的感觉 也挺准的但不好看 但是现在我学会了耍帅的空心球 感觉不是一般的freestyle 感觉自己是个酷酷的女孩子了
55521,989,董晓虹,2017-07-01 22:52:49,0,1,1,老师很照顾女生噢
55586,989,董晓虹,2017-07-02 03:32:44,2,4,2,老师人真的超级好，上课一点也不水，确实能学到很多东西！虽然这学期自己学的很吃力，但是最后自己也收获了很多，老师还给了我满绩！感谢老师！
55839,989,董晓虹,2017-07-02 12:42:44,1,2,1,很负责，很公正
58832,989,董晓虹,2017-09-18 04:32:01,5,7,2,老师人很好很体贴学生
58934,989,董晓虹,2017-09-18 14:11:56,1,3,2,超耐心，特别友好
65281,989,董晓虹,2018-01-02 08:46:52,6,8,2,好老师，学到很多东西
66438,989,董晓虹,2018-01-16 10:59:02,0,3,3,老师上课确实比较严格，班上大神也很多，本来以为自己能拿满绩的。。。\n\n
67452,989,董晓虹,2018-01-21 08:25:29,1,2,1,棒棒棒！强推，上老师的课之后，身体都变得更好了！
68401,989,董晓虹,2018-01-23 06:33:31,3,4,1,炒鸡好，不论是上课还是给分。
68448,989,董晓虹,2018-01-23 08:21:34,0,1,1,还好，有益无害，体育老师都差不多吧，谢谢老师！！！
68731,989,董晓虹,2018-01-23 16:18:36,0,1,1,还好吧
79728,989,董晓虹,2018-06-13 06:07:37,1,3,2,绩点不错，会考虑女孩子在学篮球时的一些问题，很温暖了，10分必须的
79762,989,董晓虹,2018-06-13 10:46:42,-1,1,2,平易近人，通情达理，爱生如子
80198,989,董晓虹,2018-06-21 10:20:02,0,1,1,老师人很好～也很负责～
81128,989,董晓虹,2018-07-04 05:47:26,0,1,1,非常关心学生的老师，给分超级好
81142,989,董晓虹,2018-07-04 06:46:55,2,3,1,董老师真的很赞呐！教的很耐心，我在选老师课之前基本上没有碰过篮球，一学期后竟然感觉自己有点上道了（？因为运动保持美貌的董老师简直是自己运动的动力hhhh
81147,989,董晓虹,2018-07-04 07:00:32,0,1,1,贼棒啊
81203,989,董晓虹,2018-07-04 09:25:22,2,3,1,老师人超级好，认真听会有很多收获。三生有幸选上老师的课
81223,989,董晓虹,2018-07-04 10:43:31,0,1,1,超棒，人超好，
81797,989,董晓虹,2018-07-06 07:59:32,-1,2,3,看起来比较严格其实人超级好的，不像一些笑面虎老师。\n\n拿到了迄今为止体育课最高分
82561,989,董晓虹,2018-07-08 13:40:32,5,7,2,负责！\n\n负责！\n\n负责！\n\n上课充满热情❤️有什么比赛、当裁判、体测的消息都第一时间通知，原以为成绩会评定的很严，但是其实只要用心，即使体测什么的不好也是可以满绩的！
89934,989,董晓虹,2018-11-21 10:24:31,0,3,3,来评个分告诉大家十二分钟跑还是很硬核的，优惠措施不用想了，不过老师很好
92657,989,董晓虹,2019-01-03 10:57:49,5,8,3,初级班中级班都是董老师班的 下学期我还是选的董老师中级班 你们懂我意思叭嘿嘿 女生选董老师的篮球绩点真的给很高 选就对啦
93200,989,董晓虹,2019-01-08 05:54:47,-1,0,1,老师的热情真的感染了我！ 上学期选的老师的专项辅导课 这学期果断选董老师的篮球课 竟然选上了！！让我开心一会
96344,989,董晓虹,2019-01-21 00:57:20,2,3,1,简直是太喜欢董老师了！！超级nice 就像大姐姐一样 对每个同学都特别上心 超级认真负责的老师！！！要不是课程冲突 还想一直选的???
97741,989,董晓虹,2019-01-22 14:38:55,-1,0,1,爱好与绩点之间如何取舍？
97928,989,董晓虹,2019-01-23 02:01:01,0,1,1,老师好，我菜
100104,989,董晓虹,2019-01-25 15:05:39,2,3,1,老师真的太好了，非常负责，希望每个学生都能真正学到东西。还一直会提醒体测，打卡等重要的事。给分也没的说，绝对合理公正。希望以后有机会再上老师的课。最后，感谢老师给了我大学的第一个满绩。
101930,989,董晓虹,2019-01-29 20:09:07,0,1,1,很好！！！
102420,989,董晓虹,2019-02-01 15:48:16,1,2,1,认真负责，关心学生，水平扎实，特别好。建议如果基础一般的，不要直接上中级班，压力还是比较大的
107520,989,董晓虹,2019-05-06 07:07:44,0,1,1,老师人很好，我打球技术，身体素质不行。不过还是吹爆老师。
108881,989,董晓虹,2019-06-03 14:06:26,0,1,1,董老师真的很好人，很可爱呀
108888,989,董晓虹,2019-06-03 16:20:05,0,1,1,平时上课有点累，篮球嘛，难免的。但是老师人好到不能再好，神仙老师!大家快选。
108973,989,董晓虹,2019-06-05 02:18:20,0,1,1,老师超暖的，第一遍跑篮没跑好补了一次篮，竟然还被正在考别的班的老师看见了，隔着半个场地让我去练跳投，投了几次手感上来了又让我好好休息准备第二次。最后看我成绩卡绩鼓励我重跑50米，想让我满绩。\n\n老师真是又严又暖的典型了。
111782,989,董晓虹,2019-07-02 22:45:19,0,1,1,没有满绩好遗憾，老师很好。
113285,989,董晓虹,2019-07-06 03:52:15,0,2,2,谢谢老师94强行给我拉到95！\n\n真的超级好的老师！
117237,989,董晓虹,2019-09-21 02:02:53,1,3,2,找老师单挑那个也太秀了
121202,989,董晓虹,2019-12-30 09:36:59,0,1,1,蛮暖心的
121413,989,董晓虹,2019-12-16 09:15:14,0,1,1,又严又暖 认真负责 可爱
124410,989,董晓虹,2020-06-30 11:16:04,0,1,1,挺好一老师
125999,989,董晓虹,2020-09-16 11:13:53,3,4,1,针不戳～
128707,989,董晓虹,2020-12-25 05:07:09,0,1,1,很好的老师，很亲切，会捞人！！！超级棒！！！！
129097,989,董晓虹,2020-12-30 06:21:34,0,1,1,老师很好很负责
129163,989,董晓虹,2020-12-31 00:23:55,0,1,1,太好了
133378,989,董晓虹,2021-02-26 11:28:48,1,2,1,感激老师捞我！很好，同学~
137143,989,董晓虹,2021-07-01 12:24:38,0,1,1,董老师教的耐心细致干货满满，这学期球技大涨而且收获了大学第一次满绩。
137435,989,董晓虹,2021-07-04 07:12:15,0,1,1,老师太好了！
137692,989,董晓虹,2021-07-05 15:32:22,0,1,1,10分
141200,989,董晓虹,2021-09-26 05:37:46,0,1,1,老师很好，有问题都可以问！
144183,989,董晓虹,2021-12-20 07:02:30,3,4,1,老师真的和妈妈一样，呜呜呜好可爱好贴心好温暖好有趣！！！狠狠喜欢！！！！女生给我放心地上老师的课！她真的希望大家都好呜呜呜（当然是不会放水）！
144296,989,董晓虹,2021-12-21 04:51:01,0,2,2,上学期修的突然想回来评论一下，女生零基础最后满了，董老师真的超级好呜呜呜选她！
144931,989,董晓虹,2021-12-26 03:35:14,0,1,1,我的董姐，yyds爱你
145190,989,董晓虹,2021-12-28 06:29:17,0,2,2,上了董老师三个学期的课，授课很认真也很关心学生，能学到很多
146447,989,董晓虹,2022-01-06 14:58:17,1,2,1,老师上课真的超级认真，对学生十分温暖，最后一节课考完，我打球的时候手摔伤，老师现场帮我看了一下，并在钉钉上问我伤情。总之冲就完事了
147217,989,董晓虹,2022-01-09 06:16:52,0,1,1,董老师真的超级棒，很耐心也很细心！太爱她辽！
148252,989,董晓虹,2022-01-12 03:32:31,4,6,2,很正能量的老师 超级棒
149944,989,董晓虹,2022-01-18 02:39:55,0,4,4,老师很负责，要求比较严格（当然最后篮球是别的班老师负责考试，所以平时要求严一点也没什么），上课内容很丰富，12分钟不加半圈。对于零基础的同学而言篮球初级班的难度较大。
152134,989,董晓虹,2022-03-28 08:15:01,0,3,3,身体素质课的话快逃！
154180,989,董晓虹,2022-05-25 07:34:09,0,1,1,老师超级棒的，非常关心同学，课也上得好
154596,989,董晓虹,2022-06-02 10:46:22,3,3,0,哈哈哈哈
154597,989,董晓虹,2022-06-02 10:46:20,0,1,1,哈哈哈哈
154855,989,董晓虹,2022-06-06 08:08:17,0,2,2,非常好的老师！关心学生
164797,989,董晓虹,2022-12-26 07:43:58,0,1,1,老师人很好，教学负责认真，零基础也可以冲
165065,989,董晓虹,2022-12-29 03:11:13,0,1,1,对女生超级好！学完初级班继续续费董老师的中级班咯~
166762,989,董晓虹,2023-01-13 13:10:30,0,2,2,身体素质课\n\n很不错，对同学很友好，假如迟到几分钟也没关系。\n\n很会鼓励同学，“很好”“大家做的都很认真”。\n\n每节课先跑三圈，然后压压腿热身什么的，然后就是在跑道上做一些奇奇怪怪的跑步动作，时间扣得很好，做完就是在下课时间了。
175900,989,董晓虹,2023-06-27 05:45:20,0,2,2,老师人真的超好！！！
177320,989,董晓虹,2023-07-03 01:51:50,1,2,1,老师上课严肃认真，并且上课就说觉得可惜会捞分，人真的很好
177588,989,董晓虹,2023-07-04 00:47:12,0,1,1,老师人很好，认真学会被捞
181542,989,董晓虹,2023-10-22 07:36:29,0,1,1,老师人太好啦，最喜欢的老师！！
184607,989,董晓虹,2023-12-22 02:39:20,3,4,1,老师人非常好，体素课会用奇奇怪怪的动作来热身，有的时候还会玩一些奇奇怪怪的游戏。
184681,989,董晓虹,2023-12-22 07:00:43,1,2,1,完美的老师，有基础的可以稳固基本功，周围几个没基础的一学期下来都可以和我们打比赛了，教学生很耐心，可惜下学期时间冲突选不上老师的中级班了😭😭
184704,989,董晓虹,2023-12-22 08:57:14,0,1,1,都给我选
184717,989,董晓虹,2023-12-22 09:56:32,0,1,1,选！超级好的老师
185108,989,董晓虹,2023-12-26 09:59:32,1,1,0,老师很好，有基础放心选，老师满分！
185204,989,董晓虹,2023-12-27 05:12:39,5,7,2,特别好哈哈哈哈，选过两次的老师。教学很耐心还会苦口婆心让我们赶紧打卡和看网课，运动前一定要吃早饭、热身。之前投篮考试8个满分，太紧张了连着两次都进的7个，第二次老师还问我:你确定吗我看好像是8个。当时没get还说的确是7个，后来想想应该是想给我放水:)
185360,989,董晓虹,2023-12-28 09:02:18,0,1,1,选了两次后还想选，无需多言
186782,989,董晓虹,2024-01-13 04:53:19,0,1,1,上课认真，关心同学的老师。篮球小白本来真的很担心，没想到最后成绩很理想。希望下次还能抢上董老师的课！
188227,989,董晓虹,2024-01-18 12:41:32,0,1,1,好老师!
188986,989,董晓虹,2024-01-21 04:44:04,0,1,1,体素课 体验极佳
189349,989,董晓虹,2024-01-23 10:35:53,0,1,1,董老师人很好，篮球课值得选！
192853,989,董晓虹,2024-05-31 04:33:44,1,2,1,真的好！谁选不到董老师的课我都会替他伤心的www我下个学期好像选不了了www
193605,989,董晓虹,2024-06-13 14:06:34,2,3,1,人特别特别好 体素课强推
194593,989,董晓虹,2024-06-24 13:38:26,2,3,1,非常好的老师，体素课强推。\n\n老师情绪价值提供得很满，是我在zju一年来遇见的非常好的老师。\n\n老师马上要退休了，不舍，还想体育课选老师的篮球课。
194783,989,董晓虹,2024-06-25 11:36:05,1,3,2,体素和篮球都上过，很好的老师，马上就要退休了，下学期篮球班少开一节😭。\n\n虽然球类的绩点相对低，但是体育课还是要以体验感为主，选就完了。
194793,989,董晓虹,2024-06-25 12:13:24,1,2,1,神中神。
194903,989,董晓虹,2024-06-26 01:39:53,0,1,1,老师很好耶！！！！
200515,989,董晓虹,2024-10-18 04:54:39,0,1,1,神中神，老师真的很好
200933,989,董晓虹,2024-10-25 04:05:15,0,1,1,董老师，我大学生活的引路人，绝非奉承，感谢老师
203199,989,董晓虹,2024-11-18 02:10:41,0,1,1,太好了老师
205145,989,董晓虹,2024-12-02 07:07:04,-14,3,17,懒得喷，请慎报。\n\n打10分的她是你后妈吗，唐。
205153,989,董晓虹,2024-12-02 07:25:45,0,2,2,女生无脑选，男生赶快跑。
205213,989,董晓虹,2024-12-03 02:36:09,1,1,0,有人刷恶评，中和一下，可爱的老师
206020,989,董晓虹,2024-12-13 03:15:07,1,1,0,体素课，特别好特别温柔的老师！！！是真的很关心学生，课上强度也不大。
206317,989,董晓虹,2024-12-14 05:31:10,0,0,0,特别好的董老师，上了她的篮球课，虽然有点小严肃但其实是特别温柔的人，对学生也很好，有一次睡过了的情况老师也帮我调成了事假，无脑十分！！！
206339,989,董晓虹,2024-12-14 11:33:51,0,0,0,老师人超好！！
206421,989,董晓虹,2024-12-15 05:21:57,0,0,0,篮球初级，董老师人真的超级超级好！！给分也很好，会捞，每次回消息都很耐心，重要通知都会发，提醒大家报名，到了理论考试时间也会提醒大家，特别关心学生，提醒我们打卡，考试前提醒我们早点休息，我12分钟跑前受伤了老师还耐心安排补考，会根据我们的个人情况排时间不是只有一个时间那种，真的好哭呜呜呜爱董老师，下次就去选中级班🤗
206435,989,董晓虹,2024-12-15 06:14:54,0,0,0,好老师真的很好
206730,989,董晓虹,2024-12-17 09:18:34,2,2,0,上了老师的篮球课。董老师是一个特别好的老师，真心的去为同学着想，人也特别好，各种考试注意事项和加分事项都会提醒的。课上不舒服的时候。也可以跟董老师说，然后坐在旁边。而且真的会很耐心的教。（虽然我篮球还是很菜，但那不是董老师的问题。从我的经验来说，还是建议有一定基础的同学选。）\n\n总之，伟大，无需多言。\n\n另外篮球的考核有两场考试，投篮（一分钟内投进4个及格，8个满分）和跑篮（15秒满分）。
207605,989,董晓虹,2024-12-23 08:31:29,2,2,0,很认真的老师，上课有点严肃但其实老师很可爱是很好的老师，需要注意的事项啥的都会很认真的告诉你，球类确实要点基础，但很多我们班0基础的同学认真练习最后都还可以。有基础的直接无脑选好吧，最后感谢老师
208023,989,董晓虹,2024-12-25 08:25:00,0,0,0,很爱这样有活力的老师
209394,989,董晓虹,2025-01-06 01:33:25,0,0,0,超级好的老师
209515,989,董晓虹,2025-01-06 07:10:42,0,0,0,大学的第二个满绩！董老师的篮球中级班真的干货很多 人很好，给分也很好，会为学生考虑！
209800,989,董晓虹,2025-01-07 06:44:58,3,3,0,我只能说董老师堪称完美！无论是授课还是和学生相处，应该是大一第一学期体验感最最最好的老师，没有之一，来浙大的第一个学期碰到董老师绝对是福气🫶🫶
217776,989,董晓虹,2025-04-16 09:04:57,0,0,0,好老师，真诚善良有原则，体素课强度低很推荐
219263,989,董晓虹,2025-05-23 14:18:59,1,1,0,善良有原则，五一赶车的直接放走。体素课水水的不累。好老师！
221543,989,董晓虹,2025-06-24 10:34:51,0,0,0,有篮球基础的无脑选篮球吧，又能水又能拿高分
1393,1084,许亚萍,2015-03-22 01:32:22,41,46,5,皮划艇，划划划～
2655,1084,许亚萍,2015-05-05 03:28:17,115,127,12,极力推荐，老师外表女汉子，其实人很好呢，而且给分好哟
2813,1084,许亚萍,2015-05-08 02:52:07,37,39,2,女神不解释！
3477,1084,许亚萍,2015-06-16 10:40:38,13,16,3,很好的老师
3730,1084,许亚萍,2015-06-17 02:47:19,30,31,1,好！没话说
4190,1084,许亚萍,2015-06-18 04:05:56,64,69,5,人超好，有时候挺幽默的，而且，这么高大上的课哪里找？世界冠军一辈子能见几个？选选选啊！
4625,1084,许亚萍,2015-06-25 07:49:18,6,8,2,好
4729,1084,许亚萍,2015-06-26 16:06:37,73,80,7,首先老师对教学非常有热枕，不论是急救知识还是划艇姿势等都会仔细讲解，而且有专业运动员的风范，上课受老师影响也很大，真正锻炼到了身体，而且也很有趣
4897,1084,许亚萍,2015-06-30 06:53:33,21,25,4,女神prpr！完全想不到打卡次数那么少还能有4.5+的绩点
5126,1084,许亚萍,2015-07-04 10:13:46,18,19,1,划船很有意思阿，老师很用心，而且 水上运动会也超好玩的，还有福利
6429,1084,许亚萍,2015-07-14 02:34:43,68,72,4,赞赞赞！女神老师！世界冠军加上非诚女神！上课一腔热情！人也特别好，完全没想到期末划船没及格还能那么高绩点！不愧是女神老师！果断选选选！
6511,1084,许亚萍,2015-07-14 14:33:44,18,22,4,有趣的课，挺好的老师，她身上有一种值得敬佩的精神
6647,1084,许亚萍,2015-07-17 03:42:48,0,1,1,老师好美丽( ´･ᴗ･` )
6656,1084,许亚萍,2015-07-17 05:21:47,-4,9,13,想到什么做什么 完全不多想一想 累
12213,1084,许亚萍,2016-01-02 13:45:44,12,15,3,老师外在刚硬 但是内心丰富 很好的一个老师
12365,1084,许亚萍,2015-12-23 05:58:56,4,6,2,很专业
12814,1084,许亚萍,2015-12-24 05:50:43,-1,1,2,爽爽爽。大爱～
13541,1084,许亚萍,2015-12-29 05:13:22,16,17,1,世界冠军，上过非诚勿扰
13606,1084,许亚萍,2015-12-30 03:48:27,1,2,1,开森，很锻炼人
13636,1084,许亚萍,2015-12-30 07:26:06,10,11,1,女神！很漂亮，性格很爽朗，说话直，喜欢～
13642,1084,许亚萍,2015-12-30 07:52:19,36,38,2,刚刚上完最后一节皮划艇课！\n\n真的很棒 推荐选 许老师刀子嘴豆腐心\n\n给分很好哟\n\n感觉大家一起玩的很开心 不一样的体育课
13919,1084,许亚萍,2016-01-02 10:36:30,28,30,2,许老师真的很棒，严格又负责，内心充满爱和温暖！遇到这样一个老师真是人生的幸运
13921,1084,许亚萍,2016-01-02 10:44:41,8,10,2,好好好
13922,1084,许亚萍,2016-01-02 10:57:47,10,11,1,满分不解释
13924,1084,许亚萍,2016-01-02 11:03:08,11,12,1,女神～
13957,1084,许亚萍,2016-01-03 03:25:34,34,37,3,许老师真的很敬业！看得出来对于水上运动是绝对的热爱，有时候会在上课的细节上告诉我们一些生活的道理。从启真湖上看浙大真的是不一样的风景呢～
13983,1084,许亚萍,2016-01-03 10:28:10,7,9,2,许老师，吼啊
14211,1084,许亚萍,2016-01-05 11:13:10,18,20,2,许老师对学生很好的，从她那里除了运动知识外，更多的收获是一种积极向上的人生态度。给老师点赞！
14241,1084,许亚萍,2016-01-05 15:00:00,-1,1,2,老师毕竟是世界冠军，要求会很高，上课很棒！而且课程本身也非常有趣啊！
14271,1084,许亚萍,2016-01-06 03:31:00,0,3,3,总有一种大姐大的霸气～\n\n
15061,1084,许亚萍,2016-01-11 18:44:32,18,21,3,皮划艇虽然水上，但是这课不水，老师也不水。许亚萍老师很认真，也很有思考，从她最后写给我们的一学期的感想就可以看的出。这课也能学到东西，玩的也很愉快。
16913,1084,许亚萍,2018-03-04 11:38:50,19,20,1,非常有意思的课！很不一样的体验！\n\n冬天也会下水，怕冷的不要选，不过玩得很开心都不觉得冷呢！\n\n给分好！
17122,1084,许亚萍,2016-01-19 15:25:13,1,4,3,平时不太水，但是对于真正热爱这项运动的人来说超棒。没有见过比这给分更好的了。引体向上0分，十二分钟跑6圈半，理论84分，最后绩点还有4.5。。。。。。
17171,1084,许亚萍,2016-01-19 23:42:36,0,2,2,皮划艇真的超级超级超级好玩，如果想要水水过就不要来了，因为每节课都会学很多，玩很多，给分很好啊啊啊啊啊！
17184,1084,许亚萍,2016-01-20 00:27:28,13,17,4,皮划艇还是值得一上的，但最好在春夏学期。
17210,1084,许亚萍,2016-01-20 01:19:42,1,2,1,超级棒
17225,1084,许亚萍,2016-01-20 01:53:08,6,7,1,老师非常负责，而且谦虚，虽然要求比较严格，但是真的可以学到东西，给分相当厚道，对学生很有感情，长得嘛……实在是太好看了！
17679,1084,许亚萍,2016-01-20 15:37:54,5,7,2,很有魄力的老师
18184,1084,许亚萍,2016-01-21 08:53:34,6,7,1,只有一个字 赞！
19166,1084,许亚萍,2016-01-23 11:38:34,4,6,2,老师好棒，特别耐心教得好好。给分也很棒。
22388,1084,许亚萍,2016-03-04 05:33:32,8,9,1,世界冠军，对生活有热情，注重团队协作的精神，人好给分好，12分钟跑会适当延迟一点时间
22743,1084,许亚萍,2016-03-10 10:56:39,1,3,2,很有趣
24604,1084,许亚萍,2016-05-02 07:05:47,-1,1,2,很喜欢老师性格呢～会学到很多除了皮划艇知识之外的东西。具体是什么，保持神秘感咯，决定值得报
26100,1084,许亚萍,2016-06-15 16:43:11,2,3,1,女神，超有趣，
26306,1084,许亚萍,2016-07-02 07:09:32,1,3,2,完美！
26310,1084,许亚萍,2016-06-16 23:13:17,5,6,1,赞赞赞～
26392,1084,许亚萍,2016-06-17 14:37:05,3,6,3,老师讲课挺仔细的，安全注意事项也都要求很严格，人很好?
26442,1084,许亚萍,2016-06-18 13:12:32,10,12,2,这么好的体育课，选上真的是运气爆棚了。
27383,1084,许亚萍,2016-06-25 12:19:12,4,6,2,人炒鸡好
27858,1084,许亚萍,2016-06-28 00:15:52,0,1,1,老师人很好 能选上很幸运
30621,1084,许亚萍,2016-07-02 05:31:02,3,4,1,老师人很好！上课也很用心！还会叫我们一些课堂外基本的东西！听老师的课真的能学到很多！
30643,1084,许亚萍,2018-05-15 02:13:32,4,11,7,打卡就打了十次，期末专项没及格，十二分钟五圈，理论七十多，这样还给我了4.5➕老师真的是太良心了啊啊啊啊啊啊！女神！强推！
30657,1084,许亚萍,2016-07-02 07:05:15,0,2,2,老师很美 人也很好 上课好玩
30658,1084,许亚萍,2016-07-07 02:23:41,1,3,2,老师真的很棒很棒很棒
30661,1084,许亚萍,2016-07-02 07:08:04,3,4,1,超级棒
30662,1084,许亚萍,2016-07-02 07:08:23,-1,1,2,强烈推荐许老师的课，在皮划艇课大家都真正能够放开了玩，感觉很好，最重要的是给分好，给分好，给分好！！！
30664,1084,许亚萍,2016-07-02 07:09:13,1,2,1,棒！好老师
30666,1084,许亚萍,2016-07-02 07:10:45,3,4,1,超级赞的老师，性格很率真，看起来有些凶但其实超级温柔！体育满绩超开心～
30697,1084,许亚萍,2016-07-02 08:33:32,0,4,4,不要报中级班。。。\n\n
30702,1084,许亚萍,2016-07-02 09:11:28,5,6,1,还挺好的，推荐！！！
30721,1084,许亚萍,2016-07-02 10:13:27,2,3,1,很有趣。只要按时上课，认真对待，可以学到很多，最重要的是，给分很好！！！
30737,1084,许亚萍,2016-07-02 10:40:22,3,4,1,这学期最开心的一门课！
30748,1084,许亚萍,2016-07-02 11:01:30,-1,1,2,老师人的确很赞(≧▽≦)教的也很好，最后给分真的不错！
30863,1084,许亚萍,2016-07-02 16:38:12,1,2,1,超好的老师 给分好 人还好说话
30978,1084,许亚萍,2016-07-03 05:37:12,0,3,3,刀子嘴豆腐心心的老师，人好的不要不要的，给分好，大学选上皮划艇，我很荣幸，谢谢老师
31078,1084,许亚萍,2016-07-03 07:53:59,0,1,1,棒棒棒
31256,1084,许亚萍,2016-07-03 13:18:27,-1,2,3,虽然平时很严格，但是是真心对我们好~
33259,1084,许亚萍,2016-09-17 01:37:20,1,3,2,上过两次许老师的课，每次都给我4.8，上课内容很丰富很有趣，而且两次课都有钱江晚报记者采访报道，很幸运能遇到这样的老师。
33809,1084,许亚萍,2016-09-22 01:42:39,-1,1,2,震撼，完美
35494,1084,许亚萍,2016-11-10 07:21:28,-3,6,9,呵呵了
40297,1084,许亚萍,2017-01-01 15:50:45,0,1,1,那个小伙子！哈哈，经常被这样叫。
40872,1084,许亚萍,2017-01-06 04:25:35,-1,1,2,相比于老师过去的光辉履历，还有那些划船的原理，这门课能带给人更多的东西，比如老师的敬业与乐业，对待工作认真负责的态度，这都更值得我们学习。
43957,1084,许亚萍,2017-01-17 07:04:53,1,3,2,女神女神～虽然学皮艇球的接触女神机会不是很多…但是也是感觉棒棒哒～求期末师生情…体育小渣渣在启真湖底发出哀嚎…
44527,1084,许亚萍,2017-01-18 02:27:32,1,5,4,皮艇球虽然许老师很凶但是人很好，还有吴戈老师人也很好，拿满绩很容易。
44575,1084,许亚萍,2017-01-18 03:25:22,1,2,1,老师上课可能会很严，但是真的负责，希望我们学到东西。最重要的是期末给分绝对好，选她选她选她。哦对了还是世界冠军哦~
44637,1084,许亚萍,2017-01-18 05:09:59,-1,1,2,超级棒，上课有趣，给分也好。
45347,1084,许亚萍,2017-01-19 11:54:52,1,2,1,本来我体育课都是水水的，但是许老师真的改变了我对这门课的看法。通过一个学期的学习，深深喜欢上了许老师，女神级别的，十分不解释
46408,1084,许亚萍,2017-01-21 13:32:21,0,1,1,大气，利落，给分很高。
46513,1084,许亚萍,2017-01-22 01:35:58,-2,6,8,小心别被骗了，皮划艇课是挂她名字让另外老师上
47020,1084,许亚萍,2017-01-23 09:42:18,-2,0,2,本人最不水的一门体育课，老师外表凶悍但其实也是为了大家好而已。期末写感想认真写给分好，下学期继续许老师的课。
47369,1084,许亚萍,2017-01-25 13:01:56,-1,2,3,桨板瑜伽，很有挑战。老师给分好，要求严。
47645,1084,许亚萍,2017-02-11 15:21:34,2,5,3,很喜欢这门课和许老师，可是最后绩点好低啊?
49509,1084,许亚萍,2017-04-17 09:26:26,-8,7,15,皮艇球不是许老师上，只是挂她的名字而已不是她上课务必要注意。冲着许老师去结果也是无语。皮艇球是神坑，各种坑人。许老师要求很严但是感觉人很好～
52169,1084,许亚萍,2017-06-15 09:57:54,-1,0,1,老师真的超级棒呀~课也很有趣，学了很多东西。（虽然翻下水很多次）
56810,1084,许亚萍,2017-07-04 16:08:56,-2,0,2,真的可以说是非常?运选上皮划艇课了 真的是非常有趣的课 课的很多细节上其实还是有不足 比如老师其实并不太指导 突然体测也很绝望 但看到老师给的分...我只能问为什么只有10分
56854,1084,许亚萍,2017-07-05 01:19:12,0,1,1,皮划艇课给分超好，上课也超级好玩
57232,1084,许亚萍,2017-07-06 05:32:56,1,2,1,美女老师，有气场，上课教会我们很多，平时体育也不算很努力，但给分很好。
58186,1084,许亚萍,2017-08-17 11:45:38,2,6,4,非常好！！！只有30次打卡，82的体育理论考试，四圈半的六分钟跑，40仰卧起坐，体育期末考也一般，最后给分4.2。认真写最后的小作文！不要推脱落水！老师说话很直接但人很好！经常带我们去玩去体验不同的水上运动！一节课体力消耗也很大！记得吃早饭多喝水！
60161,1084,许亚萍,2017-10-12 02:22:08,-2,2,4,皮划艇很好玩，萍姐也超棒！
64391,1084,许亚萍,2017-12-23 07:16:26,4,6,2,很好哦(⊙o⊙)哦
64758,1084,许亚萍,2017-12-27 05:12:51,-10,9,19,老师太凶，事多，冬天很冷，站在浆板上瑟瑟发抖，女孩子慎选，浆板瑜伽跟瑜伽关系不大，主要是划桨板
66597,1084,许亚萍,2018-01-17 12:10:03,10,13,3,选上老师的龙舟，先去排雷，hhhhh
70413,1084,许亚萍,2018-01-26 14:56:29,-2,7,9,老师非常好啊！！！虽然皮划艇课冬天真的冷，秋天也非常锻炼毅力和耐力啊（你懂的），但是好好划，老师很好的！！第一个满绩！！超级感动！！
70463,1084,许亚萍,2018-01-26 16:03:29,0,6,6,为什么都说老师给分好。。。均绩还4.5？我周围的人都是4.2，3.9的，看着别人的各种各样的体育课都是满绩而且自己老师口碑又很好的时候我不知道该说什么。。老师人好没毛病，但是一定要记得第一节课带泳衣，她会让你们直接下游泳池游泳，不管天冷不冷，女生没有特殊情况的也得下，所以当时很多女生就穿着全套衣服下去游了，男生都只穿个内裤，我觉得老师在课前能说明就好了，这很容易感冒的。
70500,1084,许亚萍,2018-01-26 23:16:49,0,10,10,我想说  很多同学总是抱怨 自己绩点没有均?高 拜托 平均值只是个参考 并非所有人都是一模一样的平均值吧 肯定是根据努力程度有先有后啊 均?再高 也不是坐着什么也不干就能水的到的吧 如果你努力了 而且努力的方向正确 （很多同学的努力往往是低效率的。）效率高 那么老师会尽力给我们最好的分数 如果只是无所事事看到老师给分水就抱有侥幸的心理 那么对不起 不服自己去算算分 而且 我觉得 作为浙大大学生也该吸取些教训了 还有 我一直觉得查老师有点太功利化了 诶
70538,1084,许亚萍,2018-01-27 01:05:27,2,4,2,老师讲课超认真，而且很关心学生的！干货满满！上了一学期皮划艇收获很大啊！
70566,1084,许亚萍,2018-01-27 08:24:12,2,5,3,好 但是今年给分低了 以后不会有这么高的均绩了
70898,1084,许亚萍,2018-01-27 22:58:44,1,9,8,说我们功利。\n\n自己评不上优就把绩点往下打\n\n这不是功利吗？\n\n坚持了一个学期累死累活，3.6。\n\n看看其他体育课
71254,1084,许亚萍,2018-01-28 07:56:28,-1,3,4,老师人很好 给分也很好 很多话说的话糙理不糙 不失为一名体育老师和优秀运动员！祝老师早日评优！
72645,1084,许亚萍,2018-01-30 15:16:52,0,2,2,老师上课太负责了
74265,1084,许亚萍,2018-02-08 11:48:15,0,4,4,女神！！！必须给十分！！！
75232,1084,许亚萍,2018-03-08 06:16:57,-2,0,2,妙啊！
75233,1084,许亚萍,2018-03-08 06:24:56,-1,0,1,很棒。
75417,1084,许亚萍,2018-03-11 12:09:58,0,5,5,说实话 难以理解为什么这么凶
80154,1084,许亚萍,2018-07-13 03:00:23,1,4,3,还没出分emmmm
80622,1084,许亚萍,2018-06-28 10:53:59,3,5,2,结课了 舍不得老师！
82014,1084,许亚萍,2018-07-07 01:00:19,10,12,2,在浙大的第一年遇到萍姐真的太太太太太幸运了，并且连着三个学期上皮划艇哈哈哈哈啊哈。报名了暑假支教，有一次试讲，我讲体育课。试听的专业老师竟然联想到了上了跑男的许亚萍老师，他说我的体育课上出了一点许老师的感觉。人生中最大的褒奖，萍姐的影响。
85063,1084,许亚萍,2018-09-26 01:38:47,17,23,6,我不介意老师凶（应该只是心直口快），也不介意绩点怎么样，但是老师是不是健忘了一点，好多事情一说就忘了，好多人在群里问老师也经常没有回答，老师如果真的比较忙的话就托别人带吧，要么不做要么做好吧
85463,1084,许亚萍,2018-07-18 06:32:45,5,6,1,期末划出挂科的水平 打卡也不怎样 给分把我感动哭了
85466,1084,许亚萍,2018-07-18 06:37:13,0,1,1,我爱萍姐
85478,1084,许亚萍,2018-07-18 08:24:41,4,8,4,emmm……老师上课的确很好，但是给我的分数我有点不相信?。50米6‘3、12分钟七圈、打卡七十多次、没有缺过一次课、理论考扣了两分（换算后）、专项考试小组也是划第一个。为什么最后没满?……
86056,1084,许亚萍,2018-08-31 22:43:19,-1,1,2,超好的老师！
87523,1084,许亚萍,2018-10-01 03:42:18,4,8,4,暑期课程，没有跑步，没有12分钟，没有拉单杠，直接满绩，选上就是赚到！
97049,1084,许亚萍,2019-01-22 07:51:30,1,8,7,翟旺旺老师给分确实不是很好【体育卡绩orz
97250,1084,许亚萍,2019-01-22 08:35:58,10,15,5,现在都是翟旺旺老师在上课，要求比较高，给分不是很好。我加了老师微信问成绩，态度还比较好，但是专项分这里扣了7分（很难受了，其他老师好像就扣一两分），再看了一下其他同学的，好像超过90分的不多，整体给分真的不好。
97313,1084,许亚萍,2019-01-22 08:03:01,4,6,2,其实老师就来上过两次课…其他是翟旺旺老师上课，要求比较高，被卡? ，但是很喜欢上皮划艇，下个学期还选的皮划艇课?
97540,1084,许亚萍,2019-01-22 10:18:08,2,8,6,无论是翟老师还是许老师我都打十分！翟老师要求很高，给分的确不算好，我感觉我满绩的水平咋才4.8……但翟老师人很好鸭！专项辅导课很严格上的很累，一点都不水?许老师就更不用说啦，世界冠军太有范，很佩服！
97583,1084,许亚萍,2019-01-22 11:35:36,1,2,1,求桨板中级？
97588,1084,许亚萍,2019-01-22 11:41:40,4,5,1,感谢老师不挂之恩
97860,1084,许亚萍,2019-01-23 00:24:19,10,14,4,想为旺旺老师打call哇！！！可能体育大佬对自己的成绩不满意但是我这种菜鸡真的很感谢旺旺老师了呜呜呜 各种项目都是勉强及格 但是最后的绩点真的惊了！老师平时也超耐心超暖嘚！微信问他事情都会很及时回复 女生生理期划桨板不方便老师带我们划龙板啊呜！要是觉得自己体育不太好的话旺旺老师给的绩点真的会让你惊喜的！！
98789,1084,许亚萍,2019-01-24 02:39:19,7,8,1,老师给我们上了两三节课其他的都是翟老师上的，但是这短短几节课让我感受到了世界冠军对于运动不一样的热情和投入，老师很好看人其实也很温柔虽然看上去有点凶凶的?
99210,1084,许亚萍,2019-01-25 13:13:28,-14,8,22,评价龙舟课\n\n翟旺旺带的班级，小龙舟是亲儿子，大龙舟就是放养，大龙舟完成任务再多练圈，小龙舟后来不用练，直接划回去，老师也跟着回去，等到大龙舟上岸，小龙舟拉练完了，大龙舟随便拉几个动作就下课，时间还特别短，嗯，教学评估时拉练的特别仔细，能不能秉持公平为主，你说大龙舟快，有法比吗，从以往经验得出？全用小龙舟来啊，还有，一船的，有人划水，有人认真，滥竽充数的人真的很可恶。
100479,1084,许亚萍,2019-01-26 07:38:22,7,9,2,是翟旺旺老师上的，超级好的老师，谢谢老师，桨板虽然麻烦但还是学到新的东西?
103490,1084,许亚萍,2019-02-28 12:05:23,31,34,3,旺旺的专项辅导课是全校最有毒最魔性的专项辅导课
108690,1084,许亚萍,2019-05-31 07:57:25,9,10,1,虽然辅导课累的够呛（堪称满清十大酷刑）但我还是想给10分
112589,1084,许亚萍,2019-07-04 20:08:33,5,8,3,是翟旺旺老师上的课，虽然龙舟的确是累了点晒了点（专项辅导课也的确比较，锻炼人…）但是给分，真的超级好啊！算了发现自己应该是专项差不多满了这样的成绩，人生第一个满绩，我吹爆
112600,1084,许亚萍,2019-07-04 22:15:19,9,10,1,吹爆旺旺老师！老师人非常nice，教得很耐心很好！！划龙舟也不是特别累，但感觉非常有意思！老师的专项其实挺有收获的，真的是在锻炼我们的身体素质和力量，下个学期还想选他的专项可是冲突了预置hhh有点可惜
112604,1084,许亚萍,2019-07-04 22:19:59,6,9,3,我的课是翟旺旺老师上的。过来给旺旺老师正个名，旺旺老师人挺好的最后给分也很不错，至少现在绝对没有上面几个同学说的给分不好的情况了。上了一个学期的皮划艇感觉很快乐。谢谢旺旺老师.
112607,1084,许亚萍,2019-07-04 22:21:44,9,13,4,翟旺旺老师好可爱，这次给分也太好了吧(●'◡'●)
112672,1084,许亚萍,2019-07-05 00:08:56,15,18,3,这个课是翟旺旺老师上的，我是班里划的最慢的结果4.8...老师给分有多好不用多说了吧
112741,1084,许亚萍,2019-07-05 01:50:28,1,3,2,上面都是旺旺老师～我是顾恒宇老师带的！老师又帅又高，是帅大叔！！！人超级好！十二分钟跑一半下雨了老师还借了我伞? 啊啊啊最后给了我满绩！我爱帅大叔老师o(^o^)o老师划龙舟超级棒！一个人可以带一条船，虽然有的时候比较严格！但是我真的超级喜欢他！
113614,1084,许亚萍,2019-07-07 01:15:06,6,8,2,龙舟是翟旺旺老师上的，老师超级好，划龙舟超快乐，给分巨好，
115630,1084,许亚萍,2019-08-12 10:22:05,22,24,2,听闻这次台风登陆，老师去临海开冲锋舟救人，真的是学以致用的最高境界！感谢这么好的老师！
121035,1084,许亚萍,2020-01-19 09:51:02,2,4,2,我爱翟旺旺老师！老师超级温柔，长得也挺帅的。上大学收获的第一门满绩居然是龙舟！爱了爱了！
122997,1084,许亚萍,2020-04-29 04:02:42,1,2,1,老师很好呀
124533,1084,许亚萍,2020-07-02 11:47:04,2,2,0,这次可惜了，即使选上了皮划艇课也由于疫情原因不能划船。给分还是挺不错的，也有可能是这学期体育考核普遍放水吧
126852,1084,许亚萍,2020-10-25 03:08:45,-7,8,15,妙啊～怕水或不会野外游泳的慎选，她会逼你花好几千找教练学游泳还得拍视频发群里，女生泳装直接发群里哦，不然逼你退课！这就决定永久拉黑这门课，呵呵，再见！
127468,1084,许亚萍,2020-11-23 09:37:36,3,5,2,对体质不好的人太不友好
129852,1084,许亚萍,2021-01-13 04:00:08,2,5,3,要求太高，对体质不好的人不太友好
130634,1084,许亚萍,2021-01-24 05:03:02,0,2,2,啊啊啊啊啊啊，亚萍女神！
130635,1084,许亚萍,2021-01-24 05:04:09,-2,1,3,许亚萍老师给分真的太太太太太太太好了！！！课有趣，老师也很好！她真的都尽量给分了！大爱许老师！！
130670,1084,许亚萍,2021-01-24 06:58:21,0,2,2,这样的神仙老师还不冲愣着干啥👆 👆 👆
130687,1084,许亚萍,2021-01-24 07:57:22,1,2,1,老师太好了给分好好！！！！考试的时候还被吼了没想到最后给了我满分！！！满绩冲冲
130701,1084,许亚萍,2021-01-24 09:54:50,-1,4,5,给分好到离谱！！！引体向上0分12分钟跑6圈还能到90！
130769,1084,许亚萍,2021-01-24 13:44:14,-1,2,3,老师超级好
132516,1084,许亚萍,2021-02-02 05:26:59,-5,1,6,老师给分真的太猛了
134646,1084,许亚萍,2021-04-07 11:43:54,22,40,18,别的课给分好不好不知道，看看评论基本都是说因为给分好而给老师打高分的。\n\n体素课：老师会对身体不舒服的同学阴阳怪气，我承认可能有同学会装病，但是一网打尽式地冷嘲热讽不太好吧？\n\n经常没有过渡地要求大家做有难度的动作；\n\n老师会把做的不标准的同学点出来，然后说因为这个同学做得不好，所以全班同学要重做一遍？？？感觉这个处理方式不是很合适呢🙂 （实际上，我看见那位同学♀眼眶都红了，那个动作对女生们确实有些难度。。而且她可能只是被抓了典型。。）\n\n有时会要求同学出列，配合她示范动作，有时同学没有能力做到她想要的示范效果，就会直接动手，（老师可能是有点着急？但个人认为有些不合适）用力掰或者压这个同学的身体，以达到示范的目的。\n\n说话的语气很粗暴，不建议心理素质不够强大的同学选这位老师的体素课哦
134647,1084,许亚萍,2021-04-07 11:48:03,2,9,7,老师很严厉，，，\n\n有时下课了感觉自己就是  个 垃圾，活在 这世上 没有意义
136082,1084,许亚萍,2021-06-11 01:14:39,7,10,3,旺旺老师是谁？为什么评论区里评的不是这个老师？
141518,1084,许亚萍,2021-10-13 04:46:03,12,16,4,老师给分很好！\n\n我看了一下评论去发现有些同学真的太玻璃心了吧。当然可能老师脾气现在改善了不少，反正我上的时候萍姐还是比较温柔的。嘴上很严厉，说你必须给我学会游泳，但是我没学也没有关系，只要你救生衣穿好，掉水里能自己爬上来就行。然后教学方面，不可否认有些地方教学不够细致，小白容易懵逼，但是你大胆一点去问老师就好了，老师也会认识到问题的。希望学校的水上运动发展得越来越好吧~以及，强烈要求学校好好治理治理启真湖的水质！！！
143812,1084,许亚萍,2021-12-07 09:06:06,2,7,5,感觉老师有点mean
143992,1084,许亚萍,2021-12-15 08:45:32,1,3,2,我的室友很喜欢她的课，对身体锻炼很有益处
144037,1084,许亚萍,2021-12-16 10:56:34,1,5,4,许老师很幽默一个人。。\n\n人也超好的，班上一个同学怕水不敢上桨板于是她就搭着那个女生划。\n\n说是不会游泳就得弃修但是还真不会怎么样（本人就不会\n\nps.看到过其他水上课老师把不会游泳的同学逼退的
144459,1084,许亚萍,2021-12-21 14:50:45,4,7,3,刀子嘴豆腐心，人真的很好
145942,1084,许亚萍,2022-01-04 13:54:29,7,9,2,老师上课教授的并不仅仅是体育技能，更是一种人生态度呀\n\n开学第一节课会和我们聊她自己的运动经历，谈自己的理想，也会不断反思社会现状，希望能给浙大的体育以及中国体育事业做出更大的贡献。\n\n不过让我印象最深的，是她告诉我们付出不一定能有回报，但是我们仍然要满怀热忱地付出与投入。
148738,1084,许亚萍,2022-01-13 10:45:06,1,3,2,非常感谢老师捞了我这种体育废物，感动
150807,1084,许亚萍,2022-02-19 00:53:55,3,5,2,老师真的好负责任，每一节课都认认真真上完，就算是上网课也一个个盯着我们在屏幕前做运动。
151368,1084,许亚萍,2022-03-01 12:11:46,1,3,2,世界杯冠军！
151682,1084,许亚萍,2022-03-11 15:00:52,12,15,3,果断打十分\n\n上浆板瑜伽，大概是全国唯一的课了\n\n老师又漂亮、又聪明、又热心、有有个性、\n\n难得听她讲述她幼时的故事，虽然最开始很糟糕，母亲很早离开，但是她的蜕变，她的上进心太感动人了！
160232,1084,许亚萍,2022-09-15 11:29:25,4,5,1,来到浙大上的第一堂，也是最有感染力最令人受益匪浅的体育课，最好没有之一
160767,1084,许亚萍,2022-10-10 09:29:09,3,4,1,这个真的是个牛人
161484,1084,许亚萍,2022-11-07 13:28:54,3,5,2,老师很认真，讲话也很有意思
171026,1084,许亚萍,2023-03-21 01:18:28,6,7,1,有些大大咧咧
179537,1084,许亚萍,2023-09-18 05:03:47,1,2,1,帅呆了，不给10分对不起自己，给分超好
180634,1084,许亚萍,2023-09-24 04:17:25,1,2,1,嘎嘎好
180998,1084,许亚萍,2023-10-01 11:17:47,0,2,2,非常负责，给分嘎嘎好
183879,1084,许亚萍,2023-12-02 10:29:42,2,3,1,老师人真的很好很负责人，体素课点名很严谨，所以有想水的同学别选。体素课内容相当丰富，真心想要锻炼的uu可以选
184591,1084,许亚萍,2023-12-22 02:19:48,2,4,2,很典型的“体育老师”，教学方式比较粗糙，人也略显暴躁颟顸，当然也还在可接受范围内。运动能手选课体验会比较好，运动小白再掂量掂量。此外，非常不建议冬天上桨板瑜伽！！
184771,1084,许亚萍,2023-12-22 14:49:27,0,1,1,hao
185166,1084,许亚萍,2023-12-27 02:09:00,1,2,1,体素课内容很充实，又不会累，很有趣，人很好。果断选！！！
186024,1084,许亚萍,2024-01-07 23:29:11,0,2,2,老师人很好毋庸置疑，但是这学期一半时间因为老师带队去美国比和身体原因赛导致一直是其他老师代课，原定的小组展示的小组一改再改，最后三人一小组变成了八个人（另外谁家体育课还小组展示啊），而且代课老师不是皮划艇的老师，我们在比较暖和的秋学期根本没下过几次水，冬学期又每逢周一下雨，去室内上了好几次，但是最后还是要考试要有练习时间，所以被迫在雨夹雪中下水，秋冬学期别选水上运动是真的。。。这种情况老师也没办法，但是比赛时间是早定好的能否提前和学校商量这学期不开课？我当时选上这个课有多高兴，现在就有多失望
187642,1084,许亚萍,2024-01-17 02:46:46,0,2,2,典型刀子嘴豆腐心，第一门满绩，我爱ypjj
188168,1084,许亚萍,2024-01-18 10:07:03,2,3,1,老师真的很负责。可以哥们体质不争气
188245,1084,许亚萍,2024-01-18 13:23:10,1,2,1,啊啊啊，爱死许老师了！！！
188302,1084,许亚萍,2024-01-18 15:14:01,1,2,1,顶级女神老师！来zju就不容错过的水上运动课程！\n\n许老师是前皮划艇世界冠军，一看就很有威严的老师，但实际上却非常和蔼可亲，会和你讲一些她自己的故事，也会和你开玩笑，同时也非常关心学生！\n\n选的公开水域安全救援（这课选的人居然不多）课程非常有意思，主要是桨板和救援的技巧，考试有两个，一个是桨板往返，一个是小组的桨板障碍救援赛，可能是我上的唯一一门考核都很有意思的比赛。给分非常不错，我本人体育不是很好，引体向上0个，理论考还忘带了资料只拿了56分，最后还有4.2！课程需要下启真湖，所以不会游泳的同学就不要考虑了，冬天老师一般不让大家下水（因为真的很冷，能把人冻得失温）\n\nPS：理论考一定要在书店买两份资料！不用买皮划艇和水上救援那本书，因为桨板的内容那本书上没有。
188375,1084,许亚萍,2024-01-19 00:38:28,3,4,1,好老师，刀子嘴豆腐心
188786,1084,许亚萍,2024-01-20 02:34:39,3,4,1,老师有点话痨，但很真诚，给分巨巨巨巨好；不过因为老师身体和差旅等原因课程安排有点受打扰。
190140,1084,许亚萍,2024-02-23 15:20:50,-1,2,3,刀子嘴豆腐心，皮划艇期末考的时候桨拿反了，按规则应该扣分，但是最后查成绩发现期末考是满分，真的是很好的一个老师。
190162,1084,许亚萍,2024-02-24 06:41:16,8,9,1,皮划艇班的，老师老本行了\n\n刀子嘴豆腐心，稍微有点唠叨但是对大家都很好\n\n平时上课也会讲讲自己当运动员和带校队的经历来鼓励大家多多运动\n\n十二分钟跑前会教大家怎么跑得更好\n\n可惜上学期事情太多请代课老师上课上了好几回，冬天天气原因下水次数也有些少\n\n还是一位很好的老师！
191813,1084,许亚萍,2024-04-30 13:30:53,1,2,1,体素课是真的痛苦
193174,1084,许亚萍,2024-06-04 07:27:26,-6,7,13,事儿逼
193357,1084,许亚萍,2024-06-07 04:08:52,5,6,1,其他都挺好，但体测严格了点，引体向上有荡摆动作的会倒扣个数（硬拉没事，不会荡的没影响）
193545,1084,许亚萍,2024-06-12 17:52:22,8,10,2,24.6.12 许亚萍老师给jhc老师代课 鼓励学生勇敢挑战k艇 许诺成功的话 一人转账两千人民币 最终两人成功 许亚萍老师立刻大方转账 每人两千！说到做到！短短一节课 真的学到很多 我佩服许亚萍老师！下面是她这节课的部分语录 以及我的日记  “水上运动的精髓在于不断的尝试与挑战”“即使前面无数人失败 你也要大胆尝试 一往无前！ 不要放弃你追波逐浪的心”是啊，要勇敢！！
194955,1084,许亚萍,2024-06-26 05:09:30,1,3,2,水域安全与救援课，课程内容和桨板课基本一致（就是落水次数多些，夏学期要求每节课落水启真湖），同时即使到第三轮也能选到，可以说性价比超高\n\n一人持桨划过遍布荷叶的水面，趴在管院大楼投在启真湖上的阴影里休息，这样的经历是我永远不会忘记的\n\n来了zju你还不选个水上课不遗憾吗？
195509,1084,许亚萍,2024-06-28 12:08:05,1,2,1,爱我的教练
196671,1084,许亚萍,2024-07-04 17:30:01,0,3,3,好人！\n\n皮划艇：\n\n但是老师要求是会更严格一些的，如果接触的少的话可能会觉得老师是一个严厉的人，皮划艇推荐春夏选，会有几次落水\n\n但是接触多了就会发现老师是有奉献、热情、勇气、体贴等一系列的品质的，私以为能有这样一位老师来浙大推广水上运动，是大好事\n\n老师的p4救援证，其实是前几年湖州发大水，救援队找她，她没帮上忙而感到愧疚，硬学出来的\n\n给分是很好的！
197313,1084,许亚萍,2024-07-11 01:36:24,-7,1,8,夕〈：\n\n∨
197392,1084,许亚萍,2024-07-12 08:49:38,-2,3,5,超级无敌好老师！
198642,1084,许亚萍,2024-09-10 09:59:40,-2,2,4,老师真的很好
199386,1084,许亚萍,2024-09-22 15:03:25,3,6,3,太喜欢这个老师了，给人感觉很热心接地气，而且在体育课上还给我们小组展示的机会，让同学们多多表现自己
200943,1084,许亚萍,2024-10-25 05:31:10,1,2,1,皮划艇必冲，必冲无疑
206108,1084,许亚萍,2024-12-13 05:31:55,2,2,0,世界冠军，专业性没得说，而且老师真的有在教你一些人生道理
206554,1084,许亚萍,2024-12-16 04:41:34,0,0,0,大四再来评价，算是我在浙大上过最有意思的课了，上过她的皮划艇和水上瑜伽，都非常有意思，大家冲啊
206964,1084,许亚萍,2024-12-19 01:41:34,2,2,0,作为大一新生，这是我刚进来的第一门体育课，皮划艇作为一门水上运动还是很好玩的，就是要落水一两次在刚开始学的时候，我不会忘记一个人划着皮划艇在启正湖里游荡的那些时刻，许老师真的是一个很好的的老师，一开始接触是感觉很严厉，但是实际上是一位很负责任，很关爱学生的老师，她给我们分配了小组展示任务，真真切切的把体育精神发扬到我们每一个同学当中，每次全班在听她讲话的时候，她更多时候讲的是一些人生道理，我觉得很踏实，不愧是一位奥运冠军，考核给分很好，引体向上不让荡，但是我感觉也确实没什么问题，总之，选她的课没错！
207750,1084,许亚萍,2024-12-24 06:35:58,3,3,0,很好的老师
207804,1084,许亚萍,2024-12-24 10:51:48,1,1,0,训练量不多不少，很好的老师！非常喜欢！也很照顾女生！
209395,1084,许亚萍,2025-01-06 01:35:16,6,6,0,女神级别的 我觉得她的一些理念 看法 会影响人的一生的 好老师无需多言 我皮划艇倒数都快给满了
209407,1084,许亚萍,2025-01-06 02:15:33,1,1,0,给了4.5，专项分39.1，明明只要再0.1就有4.8了，有点小伤心，老师上课挺好的，给分也不错，可以来报
209550,1084,许亚萍,2025-01-06 08:38:02,-6,0,6,给分不好。
209565,1084,许亚萍,2025-01-06 08:58:53,1,1,0,选上就是赚到，是很专业很有想法的老师，给分也好
209635,1084,许亚萍,2025-01-06 11:42:44,5,5,0,[皮划艇]许老师人超级好，她是我来浙大看到的第一位会为素未蒙面的学生负责甚至为此为了你好，站在你的角度发脾气的老师。不夸张地说，在她课堂上的所有严格指标、所有严厉的批评，都是在为了不仅在身体素质、体育专项上培养学生，更在灵魂上培养学生健全的人格。许老师给分也很好，不会在成绩上刁难你，我期末专项考试划到小组最后，但是许老师还是给了专项95+的分数，可以说在许老师的皮划艇课上，只要你12分跑和引体/仰卧起坐处于中上（非满分）水平，都可以在体育课上收获高绩点。但值得注意的是，在十来节课堂中，前几节是要练习落水的，因此秋冬时会有期末考试时天气严寒的不便，春夏可能刚开学很冷吧，自己斟酌啦。在此感谢许老师，让我的大一生活有了水上运动的宝贵且有趣的经历，而且也获得了大学课程的第一门满绩。
209678,1084,许亚萍,2025-01-06 13:49:39,1,1,0,皮划艇成功满绩，回来写评论：\n\n这门课真的是非常好的课，老师好给分好有意思能学到东西，来浙江大学没在启真湖划过船，大学生活是不完整的。优点太多不再赘述，评论区夸的很多，我主要总结一下上课遇到的一些雷点，想无脑冲的同学可以参考一下：\n\n1.在学习落水爬艇这一动作时老师会强制让每个人落水一次，除此之外，平均每个人会落水一到两次，秋冬季节湖水很冰，容易感冒，身体弱的同学一定要带换的衣服或者买专门的厚湿衣，推荐每节课下课后回寝室洗个澡，排课时尽量不要在皮划艇课后连着排其他课。\n\n2.许老师的要求很严格，引体向上不能摆荡，只能硬拉，（硬拉是标准动作，但是大部分体育老师都允许摆荡），参考我最终成绩是94+2竞赛加分，引体向上就扣了5分。当然，专项分给分巨巨巨好，一定程度上可以弥补引体向上缺的分（）\n\n3.许老师是典型刀子嘴豆腐心，有的时候说话可能比较冒犯，但都是为学生着想。由于她自身水平过高，对我们的要求也会相对高一些，每节课如果认真完成任务，运动量是相当大的，（eg:2-3km耐力划+3次200m折返速度划）
209732,1084,许亚萍,2025-01-07 01:53:40,4,4,0,坐标皮划艇，特别特别好的老师！！！\n\n能感受到对于教育和水上运动是有热情的，会很认真地教我们方法技巧，很照顾学生。平时上课也会教我们人生道理这种（但不是教条说教式的那种，我个人不反感）刀子嘴豆腐心，第一节课说自己给分哪里高了，分高是因为学生本来做得就好🥹说话可能比较直但肯定是为了学生好的！！！\n\n不过会有1-2节课强制要求落水，大家可以考虑下能不能接受～\n\n以及给了我95！伟大，无需多言
210651,1084,许亚萍,2025-01-09 14:36:32,1,1,0,亚萍姐太棒了！！直接给我捞到满级了
211324,1084,许亚萍,2025-01-11 07:54:44,3,3,0,很好很能捞的老师，上课也很严谨认真
214746,1084,许亚萍,2025-02-17 08:46:36,1,1,0,特别好，上课很好玩，期末考试也不难，最后满绩
214966,1084,许亚萍,2025-02-19 13:52:16,3,3,0,刀子嘴豆腐心，一开始说严格不捞，结果最后登分，跑了2400，捞到2600
218695,1084,许亚萍,2025-04-29 04:36:40,0,0,0,课上的还可以，但是感觉事情比其他体育老师多，各种要求也比较严格。还总在群里征志愿者做与课程无关的事情但是没有任何报酬，虽然说是一个愿打一个愿挨吧，但总感觉有点bp的意思（只是我自己的想法，肯定有同学也能接受）。给分不清楚。
218851,1084,许亚萍,2025-05-08 12:09:24,0,0,0,老师很有“运动员精神”，并非绝对的褒义或贬义，可以理解为刀子嘴豆腐心，也一定有人感觉会是“爹味”乃至用“自以为”这样的词来形容。但我个人来说我认为老师的严厉和有时直来直去完全是可以接受的，可以感到背后是鼓励的感觉而不是死板严肃，从课上同学之间总有很多笑声而非像很多课上组员之间没有话题开口的噤若寒蝉就能看出。另外皮划艇课上总能感受到老师的有趣与创意，启真湖地图册，落水环节还有第一节课围坐说出自己的理想，是每次都让我十分期待的课程，之后遇到了越来越多无聊的体育课才越来越感到老师与皮划艇课的珍贵
221976,1084,许亚萍,2025-06-28 07:26:08,1,1,0,我遇到过最好的老师
3580,1176,钱锋,2016-06-16 11:11:00,57,80,23,老师人很好挺逗的，橄榄球也是个萌萌哒（误）运动，上课运动量不算大的
3866,1176,钱锋,2018-08-25 08:16:27,21,41,20,上课内容丰富，不单调，在老师的教学下入门橄榄球很快～而且上课氛围很好，跟班内同学交流很多，因为是大团队的运动～钱老师人挺好，比较逗，对学生很好。
4207,1176,钱锋,2015-06-18 05:43:21,2,17,15,老师人很好
9226,1176,钱锋,2015-10-18 08:49:10,-6,9,15,不错的老师啦
11504,1176,钱锋,2015-12-03 02:50:40,-4,9,13,有点奇怪
12166,1176,钱锋,2015-12-22 06:31:31,10,20,10,老师很有趣！人很好！不管最后分数如何，冲这个老师和橄榄球也值得一去～妹子也可以噢
12403,1176,钱锋,2015-12-23 07:53:53,7,15,8,有种上哲学课的赶脚，爱传授人生的经验
12957,1176,钱锋,2015-12-24 11:29:16,-8,5,13,很赞辣，就是感觉上课有点累。
13144,1176,钱锋,2015-12-25 03:10:03,18,28,10,钱老师哲学课又开讲啦
13165,1176,钱锋,2015-12-25 04:03:58,6,13,7,老师人很好，很关心学生。
13207,1176,钱锋,2015-12-25 07:32:28,2,12,10,有点自以为是，不过还不错。
15640,1176,钱锋,2016-01-16 02:33:12,-10,14,24,钱老师最棒就是这样
16774,1176,钱锋,2016-01-19 02:52:22,13,30,17,给分低
16788,1176,钱锋,2016-01-19 03:23:20,12,34,22,给分极差，比一般体育课低5-6分起码。
16794,1176,钱锋,2016-01-19 03:34:22,12,30,18,给分好低ಥ_ಥ不知道为什么这评分这么高
16819,1176,钱锋,2016-01-19 04:29:46,11,22,11,课还好，给分极低
17023,1176,钱锋,2016-01-19 13:05:38,12,23,11,给分极差
19064,1176,钱锋,2016-01-23 07:30:58,0,17,17,不怎么样，不靠谱，凶，给分超级低
20737,1176,钱锋,2016-01-30 12:05:01,-2,6,8,足球课挺烂的。控球动作幅度要小--是没听说过罗纳尔多的钟摆过人么
21529,1176,钱锋,2016-02-29 06:18:08,0,8,8,不太好
23510,1176,钱锋,2016-10-25 13:56:45,-5,13,18,一句话，谁说钱导坏话我和谁急！
23681,1176,钱锋,2016-09-19 00:33:54,0,15,15,超级垃圾的一个老师，一点都不尊重学生
25465,1176,钱锋,2016-05-21 02:53:14,-1,9,10,老师挺好的，上课也很有意思，橄榄球理论考很简单，题库直接就给我们了(不要去打印PPT了，浪费钱)，虽然还没给分，但是先赞一波。
25466,1176,钱锋,2016-05-21 02:57:20,4,9,5,每次上橄榄球都超开心啊 女生上也没关系  至于给分 体育课嘛 玩得开心就好
26121,1176,钱锋,2016-06-16 04:48:26,-1,6,7,老师很棒！耐心教足球！还可以在食堂碰到～?
28454,1176,钱锋,2017-01-21 08:08:32,1,8,7,觉得橄榄球好玩的加入浙大橄榄球俱乐部吧，无数爱玩球的靓男靓女在这等你！每周五下午在西操场等你
28804,1176,钱锋,2016-06-28 16:18:58,-1,5,6,喜欢喜欢喜欢
30149,1176,钱锋,2016-07-01 03:55:20,-3,5,8,名字起得不错，课真的不咋地
30255,1176,钱锋,2016-07-01 06:44:22,3,12,9,给分极低，不可思议
30869,1176,钱锋,2016-07-02 16:47:56,-1,5,6,老师挺认真的。从没打卡2.7，想想还是差不多。老师经常说，他教的不只是橄榄球，还有…一种思维方式？大致是这样，或许是我记错了。
31633,1176,钱锋,2016-07-04 09:52:18,3,9,6,钱老师很萌的...
34296,1176,钱锋,2016-09-30 03:16:23,-1,5,6,废话太多。。。
34584,1176,钱锋,2016-10-14 08:37:53,5,10,5,灵活的胖子
36284,1176,钱锋,2016-11-11 13:22:28,3,11,8,给分底，我擦，我当初为什么选这门课！！！？感觉当初太年轻了，然而现实太残酷，给我重来一次的机会，打死我也不选
38355,1176,钱锋,2016-11-30 23:15:19,3,12,9,引体向上 12分钟要求极严。引体向上要你完全放下来，做得不标准，被砍掉两个。12分钟差50米到七圈怎么说都只给我记6圈半。所以没有绝对实力慎选
38574,1176,钱锋,2016-12-09 10:19:00,5,14,9,自己讲的不清楚还在那里怪学生，什么都不解释就开始练是要怎样能学会，感觉很没逻辑的一个人，考核的要求都很严格，虽然橄榄球好玩还是很后悔选了他的课
39151,1176,钱锋,2016-12-21 11:26:04,4,10,6,老师上课很幽默很风趣啊，这门课大家都没什么基础的，很快就上手了，推荐大家学一学，多掌握一个好玩的球类也是不错的
39152,1176,钱锋,2016-12-21 11:29:57,-3,7,10,妈蛋，就一个神经病\n\n骂哭学生\n\n给分巨烂\n\n引体向上基本上要比我在其他体育教学班少三个
39510,1176,钱锋,2016-12-23 10:54:35,-3,3,6,还不错
40743,1176,钱锋,2017-01-05 07:54:24,-6,2,8,给分差 课好
43330,1176,钱锋,2017-01-16 06:57:01,3,7,4,人挺好的，就是给发很差，当然可能是个人水平有限，但是如果想刷绩点，技术又不太好，就不要来了吧
43353,1176,钱锋,2017-01-20 10:50:27,0,6,6,辣鸡\n\n给分超级差
43385,1176,钱锋,2017-01-16 08:06:39,1,6,5,呵呵呵呵呵呵 给分我就是无语了
43389,1176,钱锋,2017-01-16 08:08:46,10,13,3,好为人师。
43509,1176,钱锋,2017-01-16 11:48:10,1,5,4,给分极低，建议不要选，太他妈坑了\n\n
43576,1176,钱锋,2017-01-16 14:45:47,1,6,5,体育拉低均绩。。。。不过嘛开心就好，老师上课挺好玩的，12分钟跑有点严。可能个人喜好问题，上过课以后不是很喜欢橄榄球这个运动，感觉没什么战术，毫无运动美感，也可能是学得还不多吧。想尝试一下也挺好。
43668,1176,钱锋,2017-01-16 17:06:13,1,5,4,老师人很好。但是绩点吗，反正没见过比我低的。
44074,1176,钱锋,2017-01-17 09:01:37,1,5,4,给分超低
45130,1176,钱锋,2017-01-19 04:15:35,2,7,5,给分真的不好，一门体育课有必要这么严吗？
47236,1176,钱锋,2017-01-24 21:16:59,-4,6,10,不尊重学生，不关心学生，千万不要去参加橄榄球比赛，就是这样。给分烂到爆。强行把自己的老年人心态强加到学生身上。不备课，懒。
48697,1176,钱锋,2017-03-09 15:23:39,1,5,4,负分滚粗
58751,1176,钱锋,2017-09-16 13:36:12,6,10,4,钱老师真的是一个好老师，亲和力强而且很可爱，对待考核比较严格，评论中说不好的都是自己没有认真学或者身体条件稍稍不足。很棒的老师！
59628,1176,钱锋,2017-09-25 04:17:53,-3,1,4,运动量真的不大吗？别唬我啊……
63490,1176,钱锋,2017-12-05 05:57:19,-8,5,13,他只对女生有兴趣，体育课我拿了64，说给其他老师听都很震惊。
65085,1176,钱锋,2017-12-28 14:29:50,3,6,3,很喜欢老师上课风格！很好说话！喜欢
69701,1176,钱锋,2018-01-25 08:39:48,6,8,2,其实体育成绩很大一部分都是打卡什么的，就我而言老师上课还是比较轻松的，不会很累，认真一点绩点很满意（反正高于我预期）
78643,1176,钱锋,2018-05-14 05:52:13,0,2,2,真的很累。。。最后还有体能训练。。。
79174,1176,钱锋,2018-05-25 14:23:46,-2,3,5,脾气不咋地 水平不咋地 建议跟钱铁群老师学学
79733,1176,钱锋,2018-06-13 06:43:30,5,6,1,老师上课很轻松也很有趣，上课就一直哈哈哈哈哈哈。橄榄球这项运动真的非常好玩，打比赛很爽，强烈推荐。
79871,1176,钱锋,2018-06-14 14:25:13,3,8,5,我连着上了四个学期钱老师的课，分数90 8067这样一次比一次低 但是他的课确实很有意思，老师还有表演的特殊技能，对橄榄球和对生活的热情也很影响我\n\n\n\n另外，就一个学分不明白你们为什么这么在乎绩点
80025,1176,钱锋,2018-06-19 05:02:32,10,11,1,其实上英式橄榄球还蛮愉悦的，老师挺好玩
82545,1176,钱锋,2018-07-08 12:56:50,7,8,1,老师不错的，补选被安排上的课以为给分很差，没想到满了。专项考试给分挺好，如果12分钟跑、体测这些硬素质拿到高分的话总分就很好了。
82548,1176,钱锋,2018-07-08 13:00:53,8,9,1,本以为给分会很差，但是还不错啊，至少自己挺满意的
82585,1176,钱锋,2018-07-08 14:50:28,13,14,1,老师挺好的啊！\n\n上课有趣轻松，最后给分也不错。\n\n我要为老师正名！
82586,1176,钱锋,2018-07-08 14:51:27,14,16,2,第一次来评论，老师真的超级好啊！不只是在给分方面，上课就是完全地放松和享受，橄榄球比赛也特别好玩～老师幽默风趣，最后的专项考试可以说是“出其不意”了（本来以为完蛋了的）
82861,1176,钱锋,2018-07-09 08:35:30,4,6,2,挺有趣一小老头
83316,1176,钱锋,2018-07-10 05:18:11,-2,0,2,。。。。
86545,1176,钱锋,2018-09-17 06:32:12,5,6,1,挺好的老师，认真学会有收获的
88390,1176,钱锋,2018-10-30 04:34:08,-4,1,5,上课一般
88680,1176,钱锋,2019-06-19 15:08:25,-27,7,34,超凶，对妹子也很凶，要不是为了这个学分，不得不补选这门课，才不会上呢，就这门体育课人数最少选不满，差的可想而知，千万不要选，这是我大学最讨厌的老师，没有之一。
91915,1176,钱锋,2018-12-25 02:04:51,-1,1,2,举个栗子吧\n\n足球初级班\n\n考试，\n\n别的老师，在球踢出的那一刻开始计时\n\n他是，你站稳就计时
93073,1176,钱锋,2019-01-07 08:00:50,-1,1,2,很尴尬
98628,1176,钱锋,2019-01-23 16:16:16,14,16,2,其实没有像有些评论写的那么糟糕吧，感觉老师挺有趣的，还会讲一些佛系人生哲理哈哈哈，橄榄球最后的考核也不太难，好好练的话给分还是挺好的（为老师正名一下）
98660,1176,钱锋,2019-01-23 16:53:43,5,6,1,老师挺好的 很仁慈，虽然得分不高但是是因为自己太菜了，老师已经尽力为学生的绩点考虑了。谢谢老师
98663,1176,钱锋,2019-01-23 17:03:16,-1,1,2,无聊也给发低 自己踢好玩
98675,1176,钱锋,2019-01-23 18:07:27,-2,1,3,如果想体验一把突然被凶的感觉，就试试看他的课吧?。老师脾气不好。
98723,1176,钱锋,2019-01-24 00:29:11,9,10,1,老师很和蔼，而且有时候很逗，还会跟我们开玩笑，而且很负责任。就算是最后一节课还专门给我们讲了很多人生哲理，“就算不上橄榄球，身体锻炼也要继续。”啥都不说了，好评。要不是下学期课程冲突，我还会继续选他的课。?
98725,1176,钱锋,2019-01-24 00:31:50,-3,1,4,上课无聊，给分极差，慎选
98742,1176,钱锋,2019-01-24 01:10:46,1,2,1,虽然脾气不好，但其实很为大家绩点考虑，坚持让我们吃完早饭才运动，也为我们健康，要求确实是严格了一点，给分也不算太好，不过选他的课也不会亏，我的是足球初级班，绩点没上四
99503,1176,钱锋,2019-01-25 01:29:39,-1,2,3,用嘴上课，用脚给分
99745,1176,钱锋,2019-01-25 06:18:06,2,2,0,我觉得老师挺好的呀 上课也不累 考试内容也很简单 给分也没有很差 比我预想中高多了
103071,1176,钱锋,2019-02-26 01:27:00,14,14,0,我就说怎么都是差评，好评都被拉到下面去了啊～在钱老师打分之前我挺喜欢他的，上课挺有趣，打分后更喜欢。只要学生体能测试分不低，上课态度正常，老师给分自然不会太低！分数低的我觉还是个人原因吧～
103120,1176,钱锋,2019-02-26 04:33:47,5,7,2,上课很有趣  给分也不是很低啊
109189,1176,钱锋,2019-06-11 09:40:18,33,36,3,快乐橄榄球，谁上谁知道，老师现在给分已经变好了
109839,1176,钱锋,2019-06-19 15:07:47,5,5,0,超级棒的老师，经常和学生谈笑风生。是个好老师，评论区的朋友们，要加强身体素质啊，自己变强了绩点肯定不会低的！
111248,1176,钱锋,2019-06-30 18:25:50,5,5,0,老师超可爱的鸭！给分也好，虽然有时看起来凶凶的
111298,1176,钱锋,2019-07-01 01:13:48,5,5,0,钱老师 非常的可爱。 \n\n上课体验极佳
111489,1176,钱锋,2019-07-01 21:21:46,0,1,1,活的很有趣很真实的一个老师
111566,1176,钱锋,2019-07-02 03:37:55,3,4,1,性格：老师人挺好的，很幽默，也为同学着想。不过相对严格，对学生的期望值也较高，因此会有点凶。课：我选的英式橄榄球，课堂有技巧练习和比赛，运动强度适中，不知道合不合大家胃口，反正培养了我对橄榄球的兴趣。分：以前好像很低，（老师说过大概意思是如果你自己不去努力为什么要老师来帮你之类的）现在给分还可以。
115028,1176,钱锋,2019-07-14 12:45:54,-2,2,4,首先，钱老师上课非常注重课堂效果，但是他本身并不能够带动气氛，所以他会抱怨我们很自闭?其次，他给分低到科罗拉多大峡谷外加马里亚纳大海沟?
116829,1176,钱锋,2019-09-16 07:17:16,6,6,0,老师虽然看起来凶，但其实很可爱幽默。人文关怀，哈哈哈。
116921,1176,钱锋,2019-09-17 09:08:10,-16,2,18,以为橄榄球运动量会很大，但结果太轻松了，反而有点失望
120542,1176,钱锋,2020-01-12 09:23:33,7,8,1,现在给分变好了。我期末考的时候不太好，但老师都给打了90多分，最后4.8   i了i了
121857,1176,钱锋,2020-01-22 15:45:14,3,3,0,还挺好的
122316,1176,钱锋,2020-02-24 04:30:59,2,3,1,老师上课挺认真的，专项给分挺好的，12分钟挺严格的，不过只要平时签到，12分钟和仰卧起坐啥的好好测，上4.5不难…均绩感觉没那么差
122829,1176,钱锋,2020-04-11 16:29:34,3,6,3,英式橄榄球，本小脑残废选手看到这个专项给分感动哭了，10分奉上
128216,1176,钱锋,2020-12-14 01:47:06,-16,3,19,事情讲不清楚，学生去问，他还给人翻白眼，真tm自以为是。
129391,1176,钱锋,2021-01-05 03:10:48,7,7,0,英式橄榄球。老师人真的很好，为同学着想，群里有同学请假也会回几句注意身体之类的话。上课挺幽默的，有种哥们儿的感觉。橄榄球运动量不算很小，却很有趣。老师对女生也很好
131051,1176,钱锋,2021-01-25 16:49:00,4,4,0,给分不错，人挺有趣的(特别在班上有应和的同学的时候)，我也对橄榄球也有了一些了解~运动量尚可，选了不亏
134511,1176,钱锋,2021-03-31 04:11:30,-10,0,10,lj老师
134512,1176,钱锋,2021-03-31 03:30:46,-12,2,14,体罚学生👎
135833,1176,钱锋,2021-05-28 08:44:15,3,4,1,老师上课讲的很细致，也蛮幽默风趣的，橄榄球课值得一上
136140,1176,钱锋,2021-06-11 08:10:46,7,7,0,钱老师很好的！讲课很有趣，鼓励大家说话hhhh，上课运动量不大，教的也很好；而且现在给分不差的
136830,1176,钱锋,2021-06-25 09:00:37,-3,6,9,想让学生上课认真的话，自己能不能认真点？
137970,1176,钱锋,2021-07-07 03:06:49,2,2,0,老师可爱 给分也不错
138765,1176,钱锋,2021-07-10 17:21:37,1,3,2,好好好好好，满了😘😘😘
139892,1176,钱锋,2021-08-12 02:32:21,2,2,0,人很好 给分也很好 强推！有些18 19年的评论，感觉我跟他们上的就不是一个老师。。。
141871,1176,钱锋,2021-10-28 23:08:40,1,1,0,老师长得和黄渤有神似感。身体素质课挺nice的，会经常讲一些很实用的锻炼技巧
145001,1176,钱锋,2021-12-26 11:56:56,0,0,0,20年春夏的课现在才来评价QAQ\n\n当时理论考炸了 给钱老师铁手捞\n\n老师还会纠正技术动作 人真的超好！
148792,1176,钱锋,2022-01-13 14:05:07,0,0,0,运动量挺大，但老师给分很好
149241,1176,钱锋,2022-01-15 00:59:23,0,0,0,我觉得老师性格挺好的，风趣幽默\n\n给分不差的，这学期引体向上分数为0分的情况下还捞到了4.5
151567,1176,钱锋,2022-03-08 03:52:17,0,0,0,老师很逗，人很好。
154761,1176,钱锋,2022-06-04 15:42:52,2,2,0,不错的老师，给分不错，不知道为啥分低
154839,1176,钱锋,2022-06-06 06:46:30,21,24,3,这学期代课的马文杰老师，用心负责，幽默风趣，心态年轻，上课带我们玩了各种有趣的游戏！！！不管你给我打多少分都给你打十分哈🥰身体健康，肋骨不要再断了！！！
154840,1176,钱锋,2022-06-06 06:48:05,11,11,0,代课的mwj老师，好评不解释
154843,1176,钱锋,2022-06-06 06:58:40,6,7,1,mwj，你~是~我~的~神~
154844,1176,钱锋,2022-06-06 07:01:48,7,7,0,myj有趣又有技术的好老师，上课巨好玩！必须给满！祝老师肋骨坚韧不断！
163701,1176,钱锋,2022-12-16 03:33:49,2,4,2,钱老师真的很赞～欢迎大家来打橄榄球
164143,1176,钱锋,2022-12-18 11:51:41,0,1,1,橄榄球很有意思，老师有点小幽默，迟到什么的老师也会问然后帮你补签（当然旷课肯定不行）
164880,1176,钱锋,2022-12-27 07:24:48,-5,2,7,体素不错的，不累，偶尔打卡
168695,1176,钱锋,2023-02-21 06:15:56,-1,3,4,钱老师人超级好，迟到了很久都愿意帮你补签
171621,1176,钱锋,2023-03-30 08:12:53,-2,4,6,不打十分说不过去
172062,1176,钱锋,2023-04-18 09:40:16,4,6,2,脾气不太好的样子   不过人挺好的
181775,1176,钱锋,2023-10-31 08:45:39,5,7,2,整天看起来拽的不行，不近人情。
184214,1176,钱锋,2023-12-13 06:47:31,1,1,0,钱老师对人好好！看起来有点凶但是很喜欢学生
186751,1176,钱锋,2024-01-13 02:39:03,0,1,1,老师给分很好！
186755,1176,钱锋,2024-01-13 02:57:53,-3,0,3,呵呵呵
190192,1176,钱锋,2024-02-25 06:24:34,-1,1,2,老师很幽默很直爽，上课运动量不算很大，经常会打比赛，还蛮有趣的。\n\n期末考核是双人奔跑传接球和站立远距离传接球，我考试的时候发挥不好，但最后专项分还可以，绩点也挺高。
190623,1176,钱锋,2024-03-12 03:34:00,13,14,1,钱锋小时候就是小前锋，长大了变成了大前锋。
190624,1176,钱锋,2024-03-12 03:34:02,2,2,0,应该是理论课，挺好的（勿
192486,1176,钱锋,2024-05-22 00:58:26,3,7,4,煞笔老师，屌你妈呢
192881,1176,钱锋,2024-05-31 08:14:26,0,1,1,看起来有点凶，其实人很好，对学生也很好，通情达理
195525,1176,钱锋,2024-07-02 17:40:22,8,8,0,给分一般
196571,1176,钱锋,2024-07-04 05:58:18,1,1,0,老师人很好的，只是有时说话语气比较凶hhh。给分比较求是吧。
197523,1176,钱锋,2024-07-18 03:32:53,4,4,0,人外柔内刚，但给分很差很差，大学最低分
199475,1176,钱锋,2024-09-24 08:29:12,2,2,0,嗯嗯嗯
206887,1176,钱锋,2024-12-18 07:21:03,9,10,1,喜欢贬低学生
207231,1176,钱锋,2024-12-20 02:30:35,0,2,2,真的是很好的老师！老师不凶的，只是看着有点可怕，其实人很温和很好啊，期末给分的时候还会说“每次我都要突破我的底线给你们打分我容易吗”hhh，橄榄球🏈还会组织比赛，推荐！
207233,1176,钱锋,2024-12-20 02:41:22,3,4,1,结课了闲着没事来看眼，大家居然对钱老师评价这么不好\n\n本人上了两次他的课，感觉他人还挺不错的（因人而异）\n\n\n\n客观描述一下：\n\n对学生有要求但不多，不适合想水体育课的同学，很适合喜欢运动的同学\n\n对表现比较差的学生会突然急一下（就下面同学说的会凶同学），但如果你是认真参与的就算失误了老师也会谅解（所以不适合想水体育课的同学）\n\n会关心学生，接收任何请假，去晚了也允许补签，有任何问题想咨询他都会提供很多建议\n\n\n\n主观地评价：\n\n能够积极参与课程内容、喜欢运动的同学，能和这位老师打成一片，玩的很好（上过两次课，见过很多这样的同学），否则可能就对老师会有意见，因为老师对表现差的同学有点恨铁不成钢hhh\n\n本人上过他两次英式橄榄球，认识了很多上课活跃的同学，都是对钱老师评价很好的，平时也喜欢和老师互动，考完试还有同学自发地打一场比赛\n\n如果你能够积极地参与体育课，那应该就适合这位有趣的老师\n\n\n\n如果适合的话这位老师是不可多得的，我结识很多大一到大三只选他的课的同学，我本人上过他的课后也想着尽可能选他的课\n\n\n\n欢迎大家补充，个人感觉钱老师属于宝藏类的老师，还是希望更多人能更全面客观地认识他吧
208063,1176,钱锋,2024-12-25 11:59:56,1,1,0,还可以，就是略严格，但还是10分送上吧~
208554,1176,钱锋,2024-12-29 10:37:32,0,0,0,感觉一般，考试只给考一次，而且练习考试项目的时间很少，上课基本在干别的事。
211551,1176,钱锋,2025-01-12 01:58:11,0,0,0,给分真是马勒戈壁了
211650,1176,钱锋,2025-01-12 06:04:08,2,2,0,老师人挺有意思的。橄榄球的运动量不大。想要学习一项新技能的话也是非常不错的选择。给分真的挺好的，我睡过了一节早八，被扣了两分的考勤分，12分钟跑了5圈多一点，平时体育也一般居然拿到了4.8
215354,1176,钱锋,2025-02-25 09:54:55,1,1,0,谁跟我说qf体素课水的。。。整节课都在动。。。不到点不结束甚至还要拖一下。。。
216580,1176,钱锋,2025-03-19 01:24:01,3,3,0,强度一般，脾气极臭，爹味十足，上他的课活受罪。
217740,1176,钱锋,2025-04-16 01:37:18,1,2,1,一头纯粹的傻逼，上纲上线。
217746,1176,钱锋,2025-04-16 01:44:26,2,2,0,莫名其妙
219173,1176,钱锋,2025-05-22 17:24:13,1,2,1,体素课强度大，还脾气差，避雷
220188,1176,钱锋,2025-06-16 06:33:03,-1,0,1,橄榄球给分很好哇
220215,1176,钱锋,2025-06-16 11:17:02,2,2,0,专项给分非常一般，一个班放眼望去没有一个A，导致我第一次体育课没有满绩\n\n人的脾气也捉摸不透，心情不好训骂同学是常事\n\n也有可能是我之前的体育课老师都太好了吧，对比有点惨烈。。。
220248,1176,钱锋,2025-06-16 15:20:22,0,0,0,给分还行，平时训练强度也不大
221817,1176,钱锋,2025-06-26 12:15:15,1,1,0,上钱老师的体素课！本人其实是懒鬼，但是是做不标准也会做够次数的那种。感觉钱老师的体素不是很多人说的那么水啊，老师要求还是很严格的，就算下雨其他班都走了也会说让我们跑完最后一轮再结束，只是有的时候会讲讲能提升体测成绩的理论，课上也很多体测相关的练习所以运动量还是很大了！不过经过这一学期的训练，体测综绩提高了2.5从合格变成了良好！（因为本人是打卡都是快走的懒鬼，体育课的运动量也不是很大，所以应该没什么课外因素）上课唯一需要注意的就是，可以以任何理由请假，但是不要签到就走！
221821,1176,钱锋,2025-06-26 12:41:22,1,1,0,橄榄球考试突然更改多年来的给分规则 考试前还不说明给分细则 体育有史以来最低分
1220,1249,陈志强,2015-03-21 16:45:33,55,60,5,老师人很好呦
1403,1249,陈志强,2015-03-22 01:47:03,43,46,3,即使你不喜欢乒乓球，也不该错过这位好老师
3738,1249,陈志强,2015-06-17 02:55:23,15,16,1,很好呀！
4087,1249,陈志强,2015-06-17 16:37:23,18,22,4,好慈祥
9620,1249,陈志强,2015-11-03 03:16:50,15,16,1,特和蔼\n\n
10916,1249,陈志强,2015-11-23 09:41:56,5,8,3,只能说老师人真的很好
11267,1249,陈志强,2015-11-26 05:51:09,19,20,1,讲很多課外的健身方法，教學也很認真
12233,1249,陈志强,2015-12-22 12:28:04,10,12,2,老师人超好 极力推荐\n\n
12359,1249,陈志强,2015-12-23 05:29:56,9,10,1,和蔼的老师
13823,1249,陈志强,2015-12-31 14:34:46,1,3,2,人很好，技术考试也可以帮你。但是硬性要求要靠自己。
15854,1249,陈志强,2016-01-21 11:45:16,3,7,4,老师怎么还不出成绩ToT
17574,1249,陈志强,2016-01-20 12:21:05,9,10,1,老师很和善，对学生很亲切，人超好，给分也好
18467,1249,陈志强,2016-01-21 16:25:55,7,8,1,老师为人很好，课上得很好，给分也很好
19486,1249,陈志强,2016-01-24 10:56:07,1,3,2,好。9分
21010,1249,陈志强,2016-02-10 02:57:36,5,6,1,老师很和蔼
21445,1249,陈志强,2016-02-29 01:29:12,9,10,1,超棒的老师
22159,1249,陈志强,2016-03-02 23:44:26,5,6,1,很棒的体育老师
23285,1249,陈志强,2016-03-23 14:03:14,-14,5,19,每节课都有奇怪的跑步  and  为什么强行要报校园马拉松
23848,1249,陈志强,2016-04-18 16:10:57,3,5,2,超棒的老师，很关心学生，不管是初学者还是打的很棒的，真正的负责任的老师！
24803,1249,陈志强,2016-05-04 00:11:44,2,6,4,男生引体向上开始可以偷懒的好老师，平常只能做3个的弱男，在他课上可以做10几个！
26916,1249,陈志强,2016-06-21 15:03:28,3,4,1,超级nice
27646,1249,陈志强,2016-06-27 06:27:01,1,2,1,老师人很好，每节课都会科普一种健身方法，12分钟跑的时候会让同学拍照挺有趣，给分也不错～
28831,1249,陈志强,2016-06-28 17:13:04,12,13,1,老师人真的很好，我体育不好他会很耐心地鼓励，最后给分也很好，比我预想的高很多。一个学期之后我换了发型换了眼镜他都能认出我和我打招呼，真的很感动，是个真正关心学生的好老师。
29829,1249,陈志强,2016-06-30 11:17:26,1,4,3,喜欢这个可爱的老头子
30081,1249,陈志强,2016-07-06 06:37:57,1,3,2,老师很好的，就是成绩出的略慢
30087,1249,陈志强,2016-07-01 02:13:57,0,1,1,浙大好老师 不必说
30088,1249,陈志强,2016-07-01 02:14:58,0,1,1,温柔可爱哈哈哈哈
30169,1249,陈志强,2016-07-01 04:33:38,18,23,5,很好的老师啦，人很和蔼的~而且每节课会教一些锻炼身体的方法，很关心学生，话说比旁边那个女老师不知道好多少倍。。。
30224,1249,陈志强,2016-07-01 05:48:08,1,2,1,老师人真的很好，是我碰到最好的老师，我不会打乒乓球老师每节课都会和我打很久，给分也很好。
30971,1249,陈志强,2016-07-03 05:01:21,9,12,3,就这么说吧，我完全不会打乒乓，老师手把手教，有事旷课老师也会帮你签好，最后考试老师会叫你不要紧张，体测老师会稍微放点水，即使只有一个人补考12分钟考老师也会很认真地准时到，最后给分很好，强推
34673,1249,陈志强,2016-10-18 02:43:10,2,3,1,老师真的很好，对学生很好，尤其是女生哎～
34927,1249,陈志强,2016-10-26 13:49:00,1,2,1,老师很慈祥\n\n
35907,1249,陈志强,2016-11-10 08:49:44,0,2,2,就是不喜欢乒乓球也不应该错过这个老师。
39028,1249,陈志强,2016-12-20 16:07:08,-17,1,18,一个福建特别可爱的学长，人特别好，就是有点辣鸡。
39199,1249,陈志强,2016-12-21 14:38:50,0,2,2,老师人超好只是讲话声音有点小
39349,1249,陈志强,2016-12-22 06:50:25,25,26,1,超级棒的小老头！！就是说话声比较小，围成一圈也听不清hhh
39672,1249,陈志强,2016-12-27 02:33:45,1,3,2,老师很棒很可爱好老师！
39713,1249,陈志强,2016-12-27 06:01:14,3,4,1,太好了这个老师！强烈推荐！就算你完全不会你也可以选！我觉得学完有很大的进步
41627,1249,陈志强,2017-01-12 09:17:38,1,2,1,教得挺好的，就是老师声音有些小
41628,1249,陈志强,2017-01-12 09:17:52,3,4,1,十二分钟5圈，仰卧起坐28个，看到最后的成绩很惊喜
41653,1249,陈志强,2017-01-12 09:57:20,1,2,1,给分真的很好！我自认体育方面不来事，之前?都没上过4，而且期末考也就在一般水平，最后拿了4.5。除了给分，老师也很耐心，我基础较差，他会主动帮我找个好队友，而且会经常不厌其烦地教授。好老师！
44496,1249,陈志强,2017-01-18 01:30:35,2,3,1,老师球技好，人很好，对我们很和蔼，很宽容，就是说话声音小
46106,1249,陈志强,2017-01-20 15:16:01,0,2,2,超可爱的老师，很关心学生，很会教，真心感恩老师。
46211,1249,陈志强,2017-01-21 02:35:09,0,1,1,很有活力\n\n
49100,1249,陈志强,2017-03-26 11:36:44,0,1,1,好老师，很美好的课程
51479,1249,陈志强,2017-06-06 07:39:26,2,6,4,把乒协的同学当苦力哎
51551,1249,陈志强,2017-06-07 05:20:10,0,1,1,学到了！真的好老师 对我们都超级好 很慈祥 不要错过了！
54999,1249,陈志强,2017-07-03 05:40:18,3,4,1,老师人很和善啊～～～
55431,1249,陈志强,2017-07-01 13:13:09,1,3,2,老师挺好。。还没出分。。。希望课上能多点其他体能训练
56068,1249,陈志强,2017-07-03 04:22:04,0,1,1,很可爱的老师！初级班也不难的
56173,1249,陈志强,2017-07-03 07:41:45,4,5,1,老师人非常和蔼可亲，手臂带伤也坚持给我们做示范。有一次我来晚了，没有分到同学一起练，老师带伤陪我练了好久，真的很感动！乒乓球技术也有了非常大的进步，考试的时候老师毫不吝啬地表扬了我，最后给分也非常大方。强烈推荐！！
56174,1249,陈志强,2017-07-03 07:43:30,1,2,1,不可错过的乒乓球好老师
59437,1249,陈志强,2017-09-21 10:40:03,1,2,1,老师超好的
64433,1249,陈志强,2017-12-23 14:36:23,1,2,1,第一次专门跑到查老师给陈老师打分，老师本人超nice超耐心，很幸运能选到老师的课。
65252,1249,陈志强,2018-01-02 05:27:08,1,2,1,老师人超级超级好，即使你不会打乒乓球也可以选这门课。
65253,1249,陈志强,2018-01-02 05:28:11,2,3,1,炒鸡炒鸡炒鸡好的老师，能选上就是福分啊，很和蔼可亲，乒乓球水平渣也完全不要紧，他会很耐心地教你(ﾉಥ益ಥ)恨不得再选一次他的课。
66910,1249,陈志强,2018-01-19 09:07:37,0,2,2,哇！也太好了吧！我最后攻球的成绩是全班垫底结果绩点也挺好的诶！哇！感动到哭！老师超和蔼超专业 就算嫌弃你的技术也会超认真教你 就算超菜也一大堆鼓励有进步！老师真的超好的啦选上是福何况我还是补选上的 给老师一个一百昏！
66955,1249,陈志强,2018-01-19 12:28:12,3,4,1,老师上课之前还是会签到的   \n\n不过陈老师人很好   真的很耐心\n\n我是没选上体育课的  然后找老师签字\n\n上课的时候  即使你不会乒乓球  \n\n陈老师也是会耐心指导的\n\n唯一遗憾的是我还是没有学会老师教的近身攻球  哎  有辱师门\n\n还有我想不通 这么好的老师。 为什么评分不是10分   期末绩点4.8
66960,1249,陈志强,2018-01-19 12:40:57,1,2,1,陈老师最可爱！最亲切！最棒！可惜中级班选不了了…想成为乒乓球大佬…有机会还要上陈老师的课～
66983,1249,陈志强,2018-01-19 14:22:50,0,2,2,作为一个刚开始学乒乓球并且体育很差的人，拿到这样的成绩突然感动。老师人很好呐，从第一节课到最后一节课都耐心地手把手教我【orz最后几节课老师还在说你这样期末咋办】。专项毫无悬念全班倒一orz。老师能记住每一个学生的脸，而且对我们很宽松，说相信大家……总之良心安利安利安利~谢谢老师的耐心和包容orz
73978,1249,陈志强,2018-02-04 02:55:57,0,1,1,非常和蔼
78033,1249,陈志强,2018-05-09 05:26:51,2,4,2,先给满，求祝福
88311,1249,陈志强,2018-10-28 07:03:02,0,2,2,完全不会乒乓球的我，很快就能比一些之前打乒乓球的人打得好，老师非常和蔼，基础教的也很认真。
91462,1249,陈志强,2018-12-11 02:20:56,0,1,1,二话不说给个满分
91883,1249,陈志强,2018-12-24 07:48:29,0,2,2,好！！！！！！！！！！！！！！！！！！！！吹爆我大陈哥！
91918,1249,陈志强,2018-12-25 02:24:45,-7,7,14,我是隔壁班的……期末考正手攻球，要交换老师，我们恽冰老师亲自陪练，一点也不放水，我能打63个满分，结果陈志强换回来考评，他还不亲自上，让一个技术并不好的同学做陪练，导致了我们班的几乎所有人的成绩同时下降了十个左右，原本随便很轻松可以打63个的我降到了52个，真的呵呵了……还有这个计时方法我也是很无语了。
91976,1249,陈志强,2018-12-25 06:53:33,0,2,2,超级超级好的老师~
94153,1249,陈志强,2019-01-15 10:41:47,0,2,2,老师很负责很有水平，不过老师可能不会及时回复微信消息，因为他是偶尔开流量的啦
96547,1249,陈志强,2019-01-21 06:13:24,1,2,1,连选两学期陈老师的课hhh
97828,1249,陈志强,2019-01-22 23:03:17,1,4,3,气死了，专项辅导明明签到了还扣分
99093,1249,陈志强,2019-01-24 08:55:56,2,3,1,很可爱的老师～考试不难～就有时候说话声音会有一点点轻～虽然专项辅导都到了但是还是扣了一分（大概是浙大体艺的bug？）
102534,1249,陈志强,2019-02-05 06:42:26,0,2,2,超级亲切
109102,1249,陈志强,2019-06-08 10:04:50,1,2,1,陈老师真的太棒了！不仅仅上课的时候特别关注每个人，在群里什么问题都及时解答，真的非常非常好的一位老师！！即使不喜欢乒乓球也不能错过这位好老师！
110004,1249,陈志强,2019-06-21 04:46:12,1,2,1,好喜欢老师，认真负责，跑12分钟很关心我们，一直在安排天气状况好的日子。他还经常在群上和我们互动，很棒的老师(^^)
112223,1249,陈志强,2019-07-03 23:34:44,0,1,1,太好了
112299,1249,陈志强,2019-07-04 01:05:47,1,2,1,我还能说什么？给满分就对了！
112341,1249,陈志强,2019-07-04 02:18:38,1,2,1,老师的给分...也太感人了? ? ，以为要崩结果远高于预期
112399,1249,陈志强,2019-07-04 04:05:00,0,2,2,老师人真的太好了……给分超级好！！！
117768,1249,陈志强,2019-09-30 22:57:58,0,1,1,体育辅导超好，老师一把年纪，做动作也非常认真，感动哭了
119757,1249,陈志强,2019-11-15 10:26:03,0,1,1,陈老师太可爱了！特别认真负责，为人无比随和，特别会鼓励我们！
121369,1249,陈志强,2019-12-17 11:52:40,0,1,1,很和蔼的老师
122180,1249,陈志强,2020-02-19 09:49:24,-4,2,6,呵呵呵
123736,1249,陈志强,2020-06-13 04:57:37,-14,0,14,无语了
126497,1249,陈志强,2020-09-28 12:09:20,1,1,0,超好的小老头，上学期因为疫情我又懒，连锻炼视频都是过了ddl做了一晚上交的。老师还是看到视频后平时分还是给满了。
128541,1249,陈志强,2020-12-23 16:32:00,3,3,0,我好爱他啊
128544,1249,陈志强,2020-12-23 16:54:01,1,1,0,真得棒！
128715,1249,陈志强,2020-12-25 05:26:55,32,33,1,陈老师是必须打满分的！\n\n  选的是身体素质，说一下上课体验。陈老师的课不是签完到后放大家去打卡的课，每节课都会教大家很多动作，祖传的有——仰头脚尖左右摇摆倒走、四肢走（简称爬）、手指操。总之还是学到了一些东西的。\n\n  人很和蔼，非常好说话，上课自己有些动作老了做不动了会请学生来做（哦呦，陈老师的腰不行~）\n\n  送我上去，让大家看到！
128909,1249,陈志强,2020-12-26 16:15:11,0,0,0,老师人是真的好，每节课都会耐心的跟每位同学陪练
129121,1249,陈志强,2020-12-30 07:58:31,0,0,0,老师很好
130332,1249,陈志强,2021-01-21 00:17:47,0,0,0,好
132704,1249,陈志强,2021-02-03 11:29:27,0,0,0,吹爆陈爷爷
133576,1249,陈志强,2021-03-02 09:07:18,2,2,0,一级棒，特别温和  就是声音有点小
142866,1249,陈志强,2021-11-17 03:33:40,3,4,1,别的不说，就说拉单杠吧\n\n我一个初中到高中没有一次不是只能拉0个人\n\n在考试的时候拉了八个（他说只要头过了就行不管正反手也不管标不标准）\n\n必须打10分 真心好老师
142867,1249,陈志强,2021-11-17 03:33:41,1,1,0,别的不说，就说拉单杠吧\n\n我一个初中到高中没有一次不是只能拉0个人\n\n在考试的时候拉了八个（他说只要头过了就行不管正反手也不管标不标准）\n\n必须打10分 真心好老师
144187,1249,陈志强,2021-12-20 07:23:13,0,1,1,超级超级和蔼亲切可爱，选他！！！
144544,1249,陈志强,2021-12-22 07:51:12,1,1,0,真的很好
144899,1249,陈志强,2021-12-25 17:05:31,1,1,0,老师超级好!特别认真负责!
145915,1249,陈志强,2022-01-04 10:07:59,2,2,0,超喜欢陈老师^ω^\n\n每节课都耐心陪打，问他姿势什么的都会立马手把手教你！下学期还是陈老师的课✌🏻
147830,1249,陈志强,2022-01-11 03:19:12,3,3,0,老师绝好
156056,1249,陈志强,2022-06-17 09:04:05,7,8,1,上了他三次初级班了，很友善的老爷爷
173683,1249,陈志强,2023-06-01 08:07:45,2,2,0,老师是好老师，但是助教就emmmmmm
174652,1249,陈志强,2023-06-15 06:04:46,1,1,0,刚上完陈老师的身体素质课来评一下，还是打了10分。陈老师人真的很好，对同学们很体谅照顾，虽然上了年纪但是上课非常认真耐心，讲解和指导都很细致，会教同学很多锻炼的技巧和判断自己体能的标准，每一节课都很充实，所以可能不适合想轻松划水上体素的同学。\n\n但是想要提一提的是陈老师的上课内容形式比较新奇多样，会教你各种走、跑、跳、爬的姿势，并且是在人潮涌动的东西操上，且有时运动量会很大，对于适应不了的同学（比如我）可能是精神和身体上的双重折磨，能接受得了的同学应该就觉得还好，还会觉得很有意思，这个东西因人而异吧。\n\nps还想吐槽一下老师偶尔会有完全不通知上课地点也不回复群里询问的同学消息的状况，不太清楚具体原因但确实让人挺困扰的2333。
184521,1249,陈志强,2023-12-21 09:32:38,1,1,0,超爱！
184592,1249,陈志强,2023-12-22 02:20:46,0,0,0,技术无敌，和蔼可亲
185481,1249,陈志强,2023-12-30 09:39:38,0,0,0,很和蔼，对学生很好
185693,1249,陈志强,2024-01-03 14:59:21,1,1,0,陈老师！！超级棒！！！
186870,1249,陈志强,2024-01-13 09:37:11,1,1,0,超级和蔼耐心，每节课都尽量跟同学们陪练，有问题钉钉咨询，老师也会很快回复、耐心解答，真的是很好的老师！
190534,1249,陈志强,2024-03-07 10:32:48,0,0,0,老师很好，给分也很好
192720,1249,陈志强,2024-05-29 09:32:19,2,2,0,我只说一句：能不能再让我选上😭😭😭
193274,1249,陈志强,2024-06-05 13:25:55,1,1,0,神中神
198620,1249,陈志强,2024-09-10 09:08:34,0,0,0,老师非常好！现在大四了，前三年自从大二上注意到陈老师的乒乓球课，大二大三四个学期选了三次乒乓球课。老师已经和我很熟悉了，大三下的最后一节课，老师还问我，未来的打算，和我聊考研保研的事情，还问我下学期选什么体育课，可是我大四了，真的想再选一次！怀念ing
199560,1249,陈志强,2024-09-25 11:02:27,1,1,0,好好好
203998,1249,陈志强,2024-11-22 17:31:34,3,3,0,神中神，不多说。
205254,1249,陈志强,2024-12-03 09:17:57,13,13,0,老师人真的特别特别好，看到这条评价的同学，无论你之前会不会打、打得水平好还是坏，都放心大胆地选择老师的课吧！教学会从垫球开始练起，发球攻球推挡都会从环节、细节两个角度讲，老师真的很有自己的教学理念（今天模拟考的时候老师在我边上又讲了这些他自己的小巧思(^^)）我的水平一般老师看出来了会专门在教学新动作的时候把我拿来当教学示范一对一指导我，别提我有多幸福了……正手攻球模拟考差了，我请老师跟我一起打老师也非常乐意，说我的拍子弹性不好还借了我他之前用用的存在柜子里的蝴蝶501😭明明是我控不好球落点乱来老师没接到他还会竖起大拇指夸我好球啊😭而且还准我借走球拍带回去打、、你们都来选老师的课好吗……
206556,1249,陈志强,2024-12-16 05:12:58,3,3,0,好老师一生平安
209495,1249,陈志强,2025-01-06 06:05:13,1,1,0,期末出成绩啦～100分！真的很开心！感谢陈老师的教导———也要感谢陪考老师的高超技术！
209816,1249,陈志强,2025-01-07 07:24:03,1,1,0,o(*￣▽￣*)ブ老师人很好~乒乓球初级班有基础的会很占优势，小白还是要多花点时间练练正手攻球的，好在期末考试还不算难，一分钟正手攻球60个满分，有两次考试机会。本人水平一般（打了50个左右），2个身体素质项目接近满分，就蹭上95了，可以供大家参考一下
213249,1249,陈志强,2025-01-16 12:58:36,0,0,0,这老头可太有意思啦
216327,1249,陈志强,2025-03-13 10:10:40,1,1,0,好！！！
219466,1249,陈志强,2025-05-28 02:13:32,0,0,0,超好的老师
485,1250,黄力,2015-03-15 03:09:33,119,124,5,我在他的课上真的学会了游泳
3925,1250,黄力,2015-06-17 08:56:42,66,68,2,必须10分的老师！用心，不矫情，通情达理，给分好！
4170,1250,黄力,2015-06-18 02:52:48,15,15,0,很不错 教的很好
4310,1250,黄力,2015-06-19 01:33:49,15,16,1,我喜欢上了游泳
4527,1250,黄力,2015-06-24 07:27:01,19,20,1,目前还不会游泳，但是，超级喜欢老师啊
4637,1250,黄力,2015-06-25 09:46:18,43,45,2,特别棒，亲切随和还好玩～
4670,1250,黄力,2015-06-26 03:02:38,17,17,0,很和善～指导得很棒！
4690,1250,黄力,2015-06-26 05:17:51,10,10,0,学会了游泳
4737,1250,黄力,2015-06-27 03:16:54,7,7,0,棒!
5824,1250,黄力,2015-07-09 14:09:10,9,9,0,老师很好
5871,1250,黄力,2015-07-09 16:20:20,22,22,0,我学会了游泳！老师人超好，会放水
6807,1250,黄力,2015-07-23 05:15:31,8,8,0,超好
6851,1250,黄力,2015-07-25 09:22:05,8,8,0,老师人超好！
8864,1250,黄力,2015-09-29 05:57:27,6,6,0,非常好的老师
11072,1250,黄力,2015-11-24 05:04:11,8,8,0,最好的老师之一，太赞了
11508,1250,黄力,2015-12-03 06:25:49,9,9,0,好好好
12457,1250,黄力,2015-12-23 10:20:10,11,13,2,非常喜欢老师，教游泳的时候会下水，很萌
12643,1250,黄力,2015-12-23 18:07:46,7,8,1,超级棒啦反正 超亲切 可爱！！
13026,1250,黄力,2015-12-24 14:18:20,33,36,3,这个必须给满分！！\n\n老师很萌很贴心，特别是教换气的时候咕噜和噗的换气声。。而且会很耐心地一遍遍教动作~
13029,1250,黄力,2015-12-24 14:26:02,25,25,0,很耐心的胖胖老师，时不时搞笑一下，教游泳很认真，我就不信会有比他更好的体育老师！
13252,1250,黄力,2015-12-25 16:13:23,0,0,0,很随和的老师
13412,1250,黄力,2015-12-28 02:03:02,26,26,0,是我见过的最丰满的体育老师。
13658,1250,黄力,2015-12-30 08:51:34,1,2,1,老师超可爱～超级好
13760,1250,黄力,2015-12-30 16:22:07,15,17,2,黄力老师好赞\(≧▽≦)/！我这个学期又选上了您的课，好幸运！好开心！
13808,1250,黄力,2015-12-31 07:19:25,6,6,0,人超好的老師，強力推薦！
14195,1250,黄力,2016-01-05 08:14:59,0,0,0,老师很可爱也很负责 非常好！！！
14528,1250,黄力,2016-01-07 12:06:55,6,6,0,老师炒鸡搞笑！萌萌哒！人也很好！超级喜欢啊啊啊啊啊啊～
14583,1250,黄力,2016-01-08 01:14:22,7,7,0,老师人很好，像家人一样，很幽默也很关心同学。
15619,1250,黄力,2016-01-15 19:28:37,6,7,1,真心很喜欢黄老师。以前有一点游泳基础但还是太差，在黄老师的示范和指导下逐渐掌握了要领，而且在除专项外其他项目都很差的情况下还是得到了一个不错的分数
16335,1250,黄力,2016-01-18 03:13:18,0,0,0,教的很细心，老师超好
17509,1250,黄力,2016-01-20 10:16:43,1,1,0,必须好老师啊
18101,1250,黄力,2016-01-21 07:43:24,9,9,0,不光游泳 老师还是桥牌高手
18136,1250,黄力,2016-01-21 08:05:23,0,0,0,很好，可水，有用，分高
18436,1250,黄力,2016-01-21 15:39:52,0,0,0,老师萌萌哒，没有架子，为同学着想，超级棒
19026,1250,黄力,2016-01-23 05:35:11,6,6,0,给分好的不行
19491,1250,黄力,2016-01-24 11:07:50,0,2,2,9分，很好
21073,1250,黄力,2016-02-15 07:27:31,-23,2,25,人挺好，给分有点坑
21166,1250,黄力,2016-02-24 16:10:59,0,1,1,给分好 课水 老师萌萌哒
21558,1250,黄力,2016-02-29 07:53:18,0,0,0,棒棒哒\n\n
21579,1250,黄力,2016-02-29 08:39:01,0,0,0,很好玩\n\n
21696,1250,黄力,2016-02-29 23:50:35,0,1,1,非常好，可惜我已经会游泳了。
22245,1250,黄力,2016-03-03 05:23:06,7,8,1,大家都在赞黄老师，我也来赞一个。脾气超好呀，像一个慈祥的老爷爷（╭(°A°`)╮有这么老吗）
22744,1250,黄力,2016-03-10 10:59:33,3,3,0,怒赞不解释
24544,1250,黄力,2016-05-01 10:44:19,2,2,0,很可爱很萌
25345,1250,黄力,2016-05-15 10:50:13,10,11,1,什么？没满分了？？
26004,1250,黄力,2016-06-15 04:13:31,0,0,0,萌萌哒
26548,1250,黄力,2016-06-20 05:28:29,1,1,0,和蔼的黄教hh
26638,1250,黄力,2016-06-20 12:44:43,0,0,0,超好的老师 ！超超级好！！！
26640,1250,黄力,2016-06-20 13:09:38,11,11,0,就是一个老小孩啊，会玩会开玩笑也是见过世面的老师，人好泳技好，心大肚子大。\n\n\n\n强烈安利，会的不会的都可来！
26713,1250,黄力,2016-06-21 03:16:36,0,0,0,老师很nice
26808,1250,黄力,2016-06-21 07:01:38,0,0,0,真的良心老师
26905,1250,黄力,2016-06-21 14:29:53,0,0,0,绝对的好老师，亲切
28429,1250,黄力,2016-06-28 08:57:56,0,0,0,真的好
29044,1250,黄力,2016-06-29 07:25:59,2,2,0,人很好，给分好，就是游泳课出去上比较讨厌，我学会了游泳哈哈哈哈O(∩_∩)O
29048,1250,黄力,2016-06-29 07:34:34,3,3,0,这评分其实也不用多说什么了，但还是想表达一下。非常感谢他，我从0开始，一个学期下来就学会了蛙泳。上课非常认真，对学生很负责，人非常非常nice。4.8绩点算是意外收获，讲真，这学期没怎么打卡。。
29084,1250,黄力,2016-06-29 08:23:17,2,2,0,大家都说了这么多了，就不说了
29091,1250,黄力,2016-06-29 08:31:05,1,1,0,老师胖胖的不凶很有耐心很和蔼，通情达理。游累了会教我们在水里怎么玩玩，水中倒立之类的。好老师！
32534,1250,黄力,2016-07-07 12:15:00,0,0,0,老师很亲切可爱～有时会教我们玩水哈哈
34680,1250,黄力,2016-10-18 06:14:10,0,0,0,很可爱
34799,1250,黄力,2016-10-23 10:54:44,1,1,0,好玩啊，人也很好，不舍得请假
35254,1250,黄力,2016-11-07 10:14:22,0,0,0,黄老师超级萌 超级好玩\n\n很用心也很幽默地教游泳\n\n真的学会了???
37657,1250,黄力,2016-11-20 03:31:35,0,0,0,老师人超级好，很耐心，上课很有趣
38988,1250,黄力,2016-12-20 08:48:25,0,0,0,黄老师人超级好！
39600,1250,黄力,2016-12-26 03:09:56,0,0,0,好老师，
39941,1250,黄力,2016-12-28 08:47:00,3,3,0,想给11分，真的太赞了！
41089,1250,黄力,2017-01-09 06:45:02,1,1,0,这个老师神一般的好！
42183,1250,黄力,2017-01-14 00:23:23,0,0,0,老师不错很亲切
42204,1250,黄力,2017-01-14 01:40:45,0,0,0,不错哦
42313,1250,黄力,2017-01-14 04:09:52,0,0,0,炒鸡棒！
43457,1250,黄力,2017-01-16 09:49:12,0,0,0,超好的老师
44798,1250,黄力,2017-01-18 09:11:44,0,0,0,感谢老师。
45279,1250,黄力,2017-01-19 09:00:37,1,3,2,老师人很可爱的！！很好说话！！虽然我只有3.6但是这也是我自己没有学会的原因，别的和我一样没学会的在别的老师班里差不多只有3的绩点，所以我还是很满意了的，但是建议大家秋冬还是不要选游泳了，到最后期末还去校外挺痛苦的
45732,1250,黄力,2017-01-20 03:52:22,1,1,0,10分老师，不解释
46198,1250,黄力,2017-01-21 02:00:36,0,0,0,老师上课超级棒，第一节课就把自由泳的姿势全部讲完了(￣∇￣)，然后剩下的课就在水里玩~~~~
47788,1250,黄力,2017-02-24 16:41:25,0,0,0,很可爱很和蔼\n\n
47831,1250,黄力,2017-02-26 02:06:44,0,0,0,好老师。
51668,1250,黄力,2017-06-08 06:40:17,1,1,0,喜欢！
52072,1250,黄力,2017-06-28 15:52:08,1,1,0,棒，拉高绩点
54137,1250,黄力,2017-06-28 14:07:30,0,0,0,棒棒哒！！
54141,1250,黄力,2017-06-28 14:15:55,0,0,0,老师太萌了 真的真的 给分也超好\n\n不上他的课都不知道他多可爱
54143,1250,黄力,2017-06-28 14:22:45,1,1,0,不能打11分吗！！！\n\n完美好嘛
54144,1250,黄力,2017-06-28 14:23:33,0,0,0,啊啊啊啊啊啊啊，刚出绩点就来打分了，人超级好啊，萌萌哒，给分棒，强推黄老师！！！
54145,1250,黄力,2019-06-06 06:30:19,8,8,0,学会了自由泳～很开心。老师特别可爱萌萌哒，偶尔也会水群。给分也很好。期末很简单游25米，不过平时锻炼不打满会扣双倍的:D
54147,1250,黄力,2017-06-28 14:24:40,0,0,0,十分棒
54148,1250,黄力,2017-06-28 14:25:01,1,1,0,教的很认真，各种细节都会耐心教你，大胆请教，即使是初学者也没问题的u
54149,1250,黄力,2017-06-28 14:25:20,4,4,0,好好学好好打卡 随便满
54150,1250,黄力,2017-06-28 14:26:35,0,0,0,特别好！
54294,1250,黄力,2017-06-29 03:52:16,3,3,0,浓浓师生情！感动常在！！
55689,1250,黄力,2017-07-02 07:50:45,3,3,0,非常喜欢老师这个人\n\n有种又萌又粗犷的感觉 哈哈哈哈\n\n
58603,1250,黄力,2017-09-08 06:24:54,0,0,0,就像父亲一样照顾我们
58878,1250,黄力,2017-09-18 08:01:53,1,2,1,好好好
58987,1250,黄力,2017-09-19 03:45:42,1,2,1,老师特别有意思
63811,1250,黄力,2017-12-15 08:02:43,1,1,0,很好的老师，平时总是和蔼可亲笑眯眯的，但真的能让你学到东西。
64430,1250,黄力,2017-12-23 13:01:06,1,1,0,贼好贼开心ヽ(○^㉨^)ﾉ♪
64537,1250,黄力,2017-12-25 04:13:57,0,0,0,超棒的老师啊！
64816,1250,黄力,2017-12-27 08:48:42,0,0,0,很棒：D
66414,1250,黄力,2018-01-16 07:26:00,0,0,0,很棒，一开始很怕水，最后游得还有点样子了。老师人真的很好！
67547,1250,黄力,2018-01-21 13:21:52,0,0,0,十二分钟只有四圈半 打卡没打满 体测刚刚及格 理论也考的不好 但是最后绩点还是上四了 老师太可爱了 还叫我男朋友多陪我练练跑步 虽然点名但是点名不记入考评 下学期还是他的课！
67553,1250,黄力,2018-01-21 13:34:03,0,0,0,老师真的太太太太太好了！！！
67565,1250,黄力,2018-01-21 13:56:36,3,4,1,老师人真的太好了\n\n大学最后一次体育课终于得到了满?\n\n感觉圆满\n\n给老师比心心
67575,1250,黄力,2018-01-21 14:39:41,3,3,0,必须满分，果断满分，大爱黄力老师!随和亲切，对学生特别特别好，给分超级棒（目前的最高绩点）!上课自由度大，轻松快乐，对于喜欢游泳的人来说非常合适!不会的同学老师也教的很耐心，老师超级有意思的!
67578,1250,黄力,2018-01-21 14:48:48,0,0,0,很幽默很耐心的老师，真的能学到东西
67749,1250,黄力,2018-01-22 06:29:45,0,0,0,啦啦啦
69285,1250,黄力,2018-01-24 11:57:37,1,1,0,超级有趣而且亲切的老师 秋冬的游泳课 每次下水都故作潇洒地说不冷哈哈哈哈哈
71888,1250,黄力,2018-01-29 05:08:35,0,0,0,超可爱的一个胖老师哈哈哈 但真的游泳教的很好！人也特别和蔼！
72141,1250,黄力,2018-01-29 12:30:08,1,1,0,选上黄老师两学期的游泳课真的太太太太太幸运了，怎么会有这么好的老师啊啊啊，疯狂打call，选上的童鞋好好珍惜
72177,1250,黄力,2018-01-29 13:57:22,0,0,0,非常棒，人很好，给分也很好~
81224,1250,黄力,2018-07-04 10:46:17,1,1,0,还可以哦
81363,1250,黄力,2018-07-05 02:16:06,2,2,0,超级超级棒的游泳老师!对学生非常亲切友好，给分也很好，强推黄老师的游泳课!
82181,1250,黄力,2018-07-07 10:41:30,0,0,0,非常好的老师\n\n
86080,1250,黄力,2018-09-04 15:41:38,2,2,0,胖胖的幽默的老师，可惜我一学期还是没学会游泳。顺便黄老师是个灵活的胖子，钻到水下面就找不到了，还会用手当水枪，可惜我也没学会
88120,1250,黄力,2018-10-22 12:23:39,6,7,1,我只想问问没学会考试怎么办?
90191,1250,黄力,2018-11-22 11:41:18,1,1,0,被老师手把手地教的感觉真的很好啊，可惜自己太笨了怕淹死总是学不会? ? 。
91364,1250,黄力,2018-12-06 11:44:15,0,1,1,旱鸭子十八年的我学会了蛙泳！老师很幽默！真的很好！！！！！
92205,1250,黄力,2018-12-27 04:41:59,2,2,0,吹爆黄力老师，人超可爱给分还超级好，当然最重要的是感谢黄老师真的让我学会了自由泳。
92272,1250,黄力,2018-12-27 10:53:40,0,0,0,超级好
92562,1250,黄力,2019-01-03 02:50:59,0,1,1,两年体育课都学游泳了
95718,1250,黄力,2019-01-20 02:39:24,0,0,0,棒 还有什么比因为他学会游泳更高的评价吗？
99205,1250,黄力,2019-01-24 11:49:49,0,0,0,老师真的特别好，人很随和，胖胖的，可以学到很多东西，不止游泳。给分也很好，强推！
99280,1250,黄力,2019-01-24 14:14:32,3,3,0,黄力老师人真的超级好！！以前从来没有下过水在这个学期的游泳课学会了蛙泳。就算12分钟跑没有满分，绩点也还是很不错！给黄力老师疯狂打call!
99560,1250,黄力,2019-01-25 03:03:54,1,1,0,老师真的超级棒的！我真的逆风翻盘学会游泳！前面什么也不会后来自己努力加上黄老师一直支持！最后真的学会了！！绩点也超级超级好！
100086,1250,黄力,2019-01-25 14:17:57,0,0,0,老师超级超级超级好！！按老师的要求来学会游泳应该没问题，指导也耐心仔细，很棒！人也很可爱！给分也很好！虽然我差1分没满……还是为老师疯狂打call！
101526,1250,黄力,2019-01-28 10:52:49,-7,2,9,老师真是可爱极了，给分，红红火火恍恍惚惚哈哈哈哈哈哈哈哈，是我三次体育课中最低的4.5，主要我今年十二分钟跑真的跑不动，大家加油
103253,1250,黄力,2019-02-27 03:59:38,0,0,0,真的用心负责，太棒了
103457,1250,黄力,2019-02-28 07:52:11,8,8,0,卧槽，牛逼
119820,1250,黄力,2019-11-16 02:50:38,2,2,0,emmm没上过体育课但是选了体辅，真的很好很好的老师，善解人意，关心同学，一直告诉我们身体是自己的，一定要好好锻炼，真的很不错的老师，下次还会选
120932,1250,黄力,2020-01-18 23:44:16,0,1,1,黄总必须满分的，人非常好，绩点也很客观。
121277,1250,黄力,2019-12-24 10:32:56,2,2,0,黄老师真的太好了，必须十分，脾气好而且教的好
121723,1250,黄力,2020-01-21 06:20:16,3,3,0,好！放养式教学！自由但不放纵！学会了自由泳！
125778,1250,黄力,2020-09-14 08:19:45,1,1,0,就算我不会换气，还是给了高分，真是太棒了
127376,1250,黄力,2020-11-21 15:45:48,4,5,1,希望中国大学里这样的好老师能多一些
128203,1250,黄力,2020-12-12 10:04:29,0,0,0,虽然作为游泳队教练可能不会一直盯着你指导，但是老师很有趣！而且教的很好，是个好老师！
129462,1250,黄力,2021-01-06 02:24:48,0,0,0,凸^-^凸 太棒辣！
130059,1250,黄力,2021-01-16 04:26:40,6,7,1,很棒，自由但不放纵这句话说的太好了，一直在提醒我们要怎么做怎么做，但从来都是希望我们自己主动去做。今年游泳在杭师大上，会游泳的就直接爽了一个学期，下课也很愿意和学生多交流一些事情，真的很棒！
131992,1250,黄力,2021-01-30 01:57:52,1,1,0,好老师，不解释
144262,1250,黄力,2021-12-21 03:32:54,4,4,0,老师会徒手滋水，很厉害
144581,1250,黄力,2021-12-22 11:50:26,3,4,1,必须十分的老师！！体素课非常的轻松愉快，老师性格非常的好，记得他在第一堂课上说“你知道跳的最高的是什么运动员吗？”“跳高运动员”“那你就错了，跳的最高的是排球运动员。排球运动员走路的时候双脚是稍稍内扣的，所以你们在跳远的时候也要脚尖内扣，从一个运动员走路的姿势就可以看出他是什么运动员。”这样的老师太宝藏啦！！保佑我一直选上他的课吧！！
145360,1250,黄力,2021-12-29 07:29:55,2,2,0,谁没上过黄老师的体育课是一种遗憾
149368,1250,黄力,2022-01-15 07:50:13,0,0,0,都给我选他
156209,1250,黄力,2022-06-18 08:21:08,4,4,0,我游的那么烂，老师居然给我满了QAQ感动\n\n老师经验丰富，教的特别好，课堂很轻松！
162735,1250,黄力,2022-12-05 11:13:21,0,0,0,真的很好
163888,1250,黄力,2022-12-16 11:45:25,0,1,1,在游泳初级课上学会了游泳，今年还想选他的课。老师太可爱了
164145,1250,黄力,2022-12-18 12:02:06,1,1,0,黄老师很会生活哈哈哈，教的也很认真！会讲他的桥牌和柴犬
169747,1250,黄力,2023-02-27 15:37:30,0,0,0,黄老师万岁
169981,1250,黄力,2023-03-01 01:16:40,2,2,0,好好好
171285,1250,黄力,2023-03-21 02:14:20,1,1,0,很可爱
171303,1250,黄力,2023-03-21 07:47:50,0,0,0,黄老师好可爱 好爱黄老师
171716,1250,黄力,2023-04-03 03:56:45,-27,0,27,不负责垃圾老师
171792,1250,黄力,2023-04-05 16:29:04,0,0,0,都去选黄老师！！！我好爱他！
172392,1250,黄力,2023-04-26 03:44:28,3,3,0,连续3年选了黄力老师的游泳课，从旱鸭子到现在能在深水区自如地游泳，虽然上完第一个学期就已经基本掌握了。老师真的教会了我游泳，感谢老师！10分送给您！
180340,1250,黄力,2023-09-21 07:03:32,5,5,0,初级班\n\n黄老师人很幽默，会叫大家小笨蛋OvO\n\n讲的也好，鼓励大家和自己比，每天游得更好，快来报！！
184560,1250,黄力,2023-12-21 15:56:30,5,5,0,人好心善，捞人之王
184652,1250,黄力,2023-12-22 05:23:21,1,1,0,老师真的超级超级好，教学生很认真，我在他的课上真的学会了游泳，唯一值得提醒的就是老师不看钉钉，钉钉不回复大家习惯就好，但是老师真的很好说话
184923,1250,黄力,2023-12-24 10:57:44,1,1,0,嘿嘿我的黄力在哪里~（一个只有同节课友才懂的梗）（黄老师亲和力真的很强）\n\n不签退，漏签到n次都可以补签，提前溜走也不是不行。请假不用提前说，到场说一声就可以在一旁坐着休息了。\n\n捞捞捞~
185037,1250,黄力,2023-12-26 03:58:42,0,0,0,老师真的很好，教游泳不求速度，就要求优雅哈哈哈哈哈，考核也只用蛙泳25米就能拿90，就能满绩，非常好老师
185075,1250,黄力,2023-12-26 06:07:11,0,0,0,好好好
185176,1250,黄力,2023-12-27 02:41:32,0,0,0,好老师good
185982,1250,黄力,2024-01-07 05:48:41,1,1,0,很幽默的一位老师，对学生也很有爱！我很喜欢！旱鸭子也学会游泳啦！
186753,1250,黄力,2024-01-13 02:50:32,5,5,0,我的义父我的亲爹我的神。不太会游的体育废柴（各种意义上包括12min跑和仰卧起坐）都拿了3.0，还有什么是您捞不起来的吗……\n\n认真地说，老师教得很认真，只点过一次名，会一个一个看动作，非常幽默随和体贴学生，看我快考了游得还是很差让我来白嫖游泳馆加练，最后给我的成绩比我预想中好太多！我真的以为自己会挂呜呜呜\n\n老师不怎么看钉钉，我就先来这里给个大大的满分。爱您！
186763,1250,黄力,2024-01-13 03:11:24,3,3,0,黄老师就是我再生父母！上课基本不签到，课中会数一下人头，如果身体有状况之类可以直接坐到旁边休息，老师人很有趣教的也好，甚至会和我们吐槽学校哈哈哈，还记得当时12min跑完和老师一起坐在操场上聊天聊地。最后考试给了三节课的时间，虽然我实在太菜了到最后都没学会（X﹏X），出乎意料的是最后成绩居然很不错！简直是海底捞，爱黄老师！
186905,1250,黄力,2024-01-13 13:22:48,0,0,0,考试的时候第一次没游好，老师嘴上说只能考一次，不过还是让我再游了一次～大大的好人！
189189,1250,黄力,2024-01-22 09:41:46,0,0,0,黄力老师的初级班。老师挺逗的，这学期带比赛出去了好几趟是个遗憾。偶尔课前会叫一个个过去签到，课中会数人头。上课会把当前进度缓慢的同学一个个看过去提建议，差不多会了的会让去旁边一点的位置自己游但是也会是不是过来关照一下。本人只在小学低段学过一次游泳最后游下来分不错。12分钟跑会按1/4圈为单位上取证自己报成绩，作为我的第一位体育老师整体观感不错。
190750,1250,黄力,2024-03-17 12:03:43,0,0,0,非常好的老师，授课很认真，性格随和、风趣幽默，给分很高。上他的课是一种享受。跑完十二分钟跑坐在操场上和老师聊天的经历记忆犹新
197628,1250,黄力,2024-07-23 02:48:23,0,1,1,。。。
206192,1250,黄力,2024-12-13 07:57:09,3,3,0,很喜欢的一位体育老师，祝老师退休快乐！
206732,1250,黄力,2024-12-17 09:19:46,2,2,0,黄力老师人真的特别好，不矫情，教的认真，冲了他的游泳高级结果真的提升非常大
207174,1250,黄力,2024-12-19 14:40:38,2,2,0,上的初级班，他真是捞人之王，那时候是大一下，被卡绩了，差0.05到上一个档，钉钉跟他说求一下请，就把我捞上来了，真的感谢老师，并且下课比较随意，管得很松，基本每节课都是馆里最早下课的，所以不用担心第一时间洗不上澡！反正我是下课洗澡从来没排过队，都是直接能找到位置洗上的，老师真的好！
207331,1250,黄力,2024-12-20 13:17:03,3,3,0,快要退休了还尽职尽责，在他指导下游泳技术提高了不少
209375,1250,黄力,2025-01-05 17:53:29,2,2,0,特别特别好，但是老师快要退休了，祝好！
211359,1250,黄力,2025-01-11 08:43:37,0,0,0,老师人真的超级超级超级好😭😭😭，给分也特别赞！签到甚至说一句就可以补签😭
211435,1250,黄力,2025-01-11 11:52:35,3,3,0,“我把你们当做我的孩子来对待和教育”\n\n有师如此，又复何求
215944,1250,黄力,2025-03-08 01:55:43,2,2,0,10分来自游泳高级班，送给亦师亦父的黄老师。上课非常负责任，会很仔细地给你纠动作，有时候唠唠叨叨超级可爱哈哈哈哈。希望我能涨成绩！
219224,1250,黄力,2025-05-23 07:36:17,0,0,0,从旱鸭子到爱上游泳，教学水平很高的一个老师。老师对于考核的要求稍高，但是只要上课认真更着老师学，不仅能收获相当标准的泳姿，还能收获一个非常好的成绩，强烈推荐！
220222,1250,黄力,2025-06-16 12:43:38,0,0,0,缺勤了和他说都会补上，特别特别好的老师，也会很用心的教你！选就完了
220748,1250,黄力,2025-06-19 13:06:18,0,0,0,好老师不必多言
4063,1281,张束,2015-06-17 15:44:25,-3,7,10,还好
4477,1281,张束,2015-06-23 11:27:24,5,14,9,傲娇张束
4895,1281,张束,2015-06-30 06:52:11,1,12,11,有时很凶有时还挺萌的233 （总是说体质那么差找老婆怎么办）
5529,1281,张束,2018-08-25 17:05:07,12,43,31,讨不到老婆2333
5819,1281,张束,2015-07-09 13:51:39,-6,8,14,好
7359,1281,张束,2015-09-14 03:33:56,-7,7,14,有意思的
8116,1281,张束,2015-09-17 05:26:11,3,46,43,这老师给分巨坑
8805,1281,张束,2015-09-28 03:50:30,-7,9,16,感觉还可以啊 不要对老师太苛刻了
11150,1281,张束,2015-11-24 16:54:23,-6,9,15,我觉得还蛮好的 不晓得为什么有的人喜欢苛求别人
11785,1281,张束,2018-12-27 14:26:52,-31,44,75,遇此老师，方知傻逼二字如何写，\n\n诸位在校，万万不能选其课。
11825,1281,张束,2018-01-08 14:58:13,-1,28,29,极其不负责，全凭自己喜好来，太任性（要是我早点知道学习帝就好了）
12803,1281,张束,2015-12-24 05:39:53,3,36,33,简直是噩梦
13515,1281,张束,2015-12-29 00:58:32,-5,10,15,人其实挺好的，不过看不惯一些事，比如说迟到，迟了就是迟了，不论理由，记着。一般会点到。还有就是不要迟到了或者是有什么事情还觉得没什么要找他划掉，他会直接忽略。
13529,1281,张束,2015-12-29 03:15:07,-12,4,16,对女生好点
13563,1281,张束,2015-12-29 08:37:05,2,24,22,根本不关心学生  上课是任务
13672,1281,张束,2015-12-30 09:50:45,2,24,22,被骂哭了 ！ 真的哭了！ 仰卧起坐一个一个数做的不好的还不算 我自己平常能做50几他数最多四十几 就算女生来列假也不能请假！
13776,1281,张束,2015-12-31 01:39:45,-12,8,20,还可以吧 没有评论的那么变态\n\n绕杆考试给考了5次
13783,1281,张束,2015-12-31 02:26:13,-6,9,15,还好呀，给分其实挺好的
14529,1281,张束,2016-01-07 12:11:20,-1,20,21,亲眼看到他是怎么把两个女生骂哭的，觉得心理有问题
15445,1281,张束,2016-01-14 11:52:50,0,8,8,比较严肃，认真点、不惹急老师的话，问题就不大。
16479,1281,张束,2016-01-18 07:36:18,-1,7,8,申请补选被调理到他的班，而且不能退课。极其讨厌他的课，而且讨厌足球
16481,1281,张束,2016-01-18 07:46:08,4,26,22,之前我补选弄错少了几节课，他签到记下了，后来的课我每次都到，也和他解释过了，结果他给的绩点居然是2.4，我去2.4啊，这也太不讲道理了吧，给3。低点我也认了
16526,1281,张束,2016-01-18 10:05:27,1,12,11,无聊沉闷
16655,1281,张束,2016-01-19 07:19:07,-1,16,17,坑到爆
16744,1281,张束,2016-01-19 01:36:14,-1,14,15,技术测评第一结果2.7呵呵
19152,1281,张束,2016-01-23 11:14:58,0,11,11,老师其实很不错，自己按时上课，认真练老师根本不会挑刺。
21302,1281,张束,2016-02-28 03:25:32,-3,5,8,不想说
22407,1281,张束,2016-03-04 12:40:22,1,11,10,其实还好，有时还萌萌的，给分也还好，考试会考几次。
23834,1281,张束,2016-04-18 11:54:38,-6,8,14,经常发表一些很自以为是的言论，比如梅西可以在任何地方把球踢进篮筐，还有种你行你上的感觉。
25874,1281,张束,2016-06-13 03:56:36,0,16,16,第一次见体育给挂的，诸位自重
26722,1281,张束,2016-09-19 01:01:50,0,8,8,其实老师没想象中那么差，是人总有点脾气。
28099,1281,张束,2016-06-28 08:06:33,0,11,11,我觉得老师挺好的啊，上了一学期也没有见他骂过人，有时还开玩笑，没有那么可怕。那些说他不好的人别有用心吧，自己不努力还怪老师不好。
29055,1281,张束,2016-06-29 07:45:37,0,14,14,我不想评论，就想问:打卡60次，理论考88，为什么给我如此低的分。
29063,1281,张束,2018-07-06 15:37:11,-43,12,55,这就是一个傻逼，给分烂的一逼，从来不好好上课。我他妈就奇怪了，我怎么了你就给我3
29436,1281,张束,2016-06-29 23:13:47,-1,7,8,体育课挂科了怎么办？急。在线等
29704,1281,张束,2016-12-19 09:22:39,-3,11,14,这老师挺好的，比评价强多了，要么怎么解释选他的人那么多？建议不要盲目相信一些loser的抱怨
30352,1281,张束,2016-07-01 11:06:44,-1,8,9,2.3我也是醉了…
31730,1281,张束,2018-03-16 08:13:18,-12,8,20,人渣人渣人渣
34215,1281,张束,2016-09-28 12:38:31,-5,10,15,这老师就是一个人渣，没缺过课，过杆也是A，理论考90，打卡次数起码到了最低限，最后给了三，出成绩就想问问老师具体的成绩怎么回事，结果人像死了一样，发了好几天消息就没回过，到现在也没回过一次，装死呢吗，这种人也配当老师？你知不知道教师的责任和意义，你都不配在浙大这么好的学校，即使是做一个扫地的
37537,1281,张束,2016-11-19 09:45:36,-2,3,5,一种高中班主任的感觉，还没考试，不知期末看了绩点后会怎么想
38235,1281,张束,2018-03-16 08:13:24,-13,10,23,这个老师是傻逼，我为浙大有这种老师感到悲哀
38648,1281,张束,2016-12-13 09:28:12,-15,3,18,傻x老师，给我们测引体向上，给我算少了两个
38987,1281,张束,2017-01-09 01:07:57,26,34,8,本来打1分的，现在回来给8分。其实他人还好的，很普通的一个老师，可能因为比较求是，本来觉得他很差，但一个学期下来真的感觉其实人还不错的。
39744,1281,张束,2016-12-27 08:35:01,-2,7,9,进浙大以来遇见的最脑残的老师没有之一 脑子不好 故意要和学生过不去
39873,1281,张束,2017-01-16 12:42:19,102,134,32,张老师虽然严厉了一些，但是人很好，很负责，上课大部分时间也很温柔，经常提醒我们记得打卡。下雨天打卡站楼下太冷会让我们上楼坐着，说什么不关心学生纯属扯淡。迟到、讲过的东西自己不记着到底是谁的错大家都清楚吧。当时差点被查老师坑了，很庆幸还是坚持选了他的课。最后一句，能用脏话骂老师的人，自己人品怎么样也很显而易见吧?
39948,1281,张束,2016-12-28 09:09:19,11,18,7,我觉得大家说的极端了，我觉得这个老师不错，中级班还选他的。
41454,1281,张束,2017-01-11 15:47:40,3,8,5,有一次试着请假想回去补觉老师批准了。下课时出操场老师跟每个同学都会回再见。
42044,1281,张束,2017-01-13 12:58:25,0,5,5,hhh，3.0大家加油↖(^ω^)↗
42091,1281,张束,2017-01-13 14:34:12,-2,4,6,呵呵哒
42105,1281,张束,2017-01-13 15:00:07,-2,5,7,很享受，就是可能会挂。假如你想毕业的话，建议不要选。
42201,1281,张束,2017-01-14 01:19:44,6,10,4,老师很尽责的，只要不故意旷课，上课按时到（即使早走也可以，但不要不来），跟老师的要求练习，给分很厚道。而且老师虽然脾气有些古怪，但对每个同学态度都一样，很公平。
42221,1281,张束,2017-01-14 08:03:26,-6,3,9,感觉之前的评价有点过于激动、不过老师真的不怎么教学，有时候对我们好有时候就什么都不管
42324,1281,张束,2017-01-14 04:28:57,-1,6,7,足球技术考试班里第一，其他所有项目没有差的，最后绩点低得一批。之前上过两个学期其他老师的足球中级班，没有低于4.5的。到他这这么低我也是服?
42406,1281,张束,2017-01-14 06:42:22,-1,13,14,非常严厉，说话不留情面。给分超低，我们寝室三个人报了他的课，一个2.7，一个1.8，一个0分。第一次知道体育还能挂科！！！选谁也别选张束！！！
42407,1281,张束,2017-01-14 06:43:35,-7,5,12,傻逼 劳资挂科了 体育挂科你敢信
42623,1281,张束,2017-01-14 15:30:55,14,17,3,老师有点高冷，但人好的。。。没有你们想的那么恐怖。。。作为一个女生，理论考了84，打卡打满，跑了五圈，技术测评给了B+，最后绩点3.9，我觉得还是可以的，毕竟我现在可以很骄傲地说我曾经选过足球，而且踢得比一些男生好诶。。。哈哈哈，谢谢老师了
42771,1281,张束,2018-03-16 08:14:30,-13,7,20,要是有零分，一定会会果断点零，马勒戈壁的玩意很分太低了！智障一样\n\n
42938,1281,张束,2017-11-24 07:52:52,50,64,14,老师人怎么样，平心而论，足球班的老师的课我都上过，都很好，而且我觉得张老师上课很有意思，说实话，给分很合理，你们那些一个个说自己没缺课的，是我记性差吗，三十个人的班每次来二十个，还有一堆人是迟到的，专项考试好多不来的，而且你打卡就打了个及格，你好意思要高分？真的不多说废话，你们都能在评论里破口大骂我也是服气的???
42980,1281,张束,2017-01-16 02:29:19,15,19,4,老师挺好的  评论请不要过激
43119,1281,张束,2017-01-15 22:39:52,-6,2,8,最爛體育老師沒有之一\n\n
43523,1281,张束,2017-01-16 12:19:02,-14,6,20,话说大家出来混容易吗？搞了一学期才2.1绩点。话说我打卡60次，笔试82，12分钟跑也有6圈，，，就这种东西我tmd都开始好奇它是怎么进zju来的了。好好的修车师傅不做非要当体育老师坑人，，，不想说什么了
44072,1281,张束,2017-01-17 09:00:10,-3,4,7,不到万不得已千万不要选，给分剧坑，完全不会为你考虑!!!
51014,1281,张束,2017-05-12 11:43:26,6,7,1,nice
53280,1281,张束,2017-06-26 09:44:27,-10,1,11,听课是什么感觉？不存在的。我只知道只要有一次不来上课或者不来错过考试是什么感觉，后悔当时随便选了一个老师。最后几周天气不怎么好，考试之前也不提前通知，到后面不想上课了就说天气不好结课。喂，我还没考试呢好吧，加他微信他也不回，装高冷哈，还是喜欢学生求着你啊？最后来让我们来补考，成绩还只记为及格，我认了。我只是觉得这样的老师真的是很糟糕。
53660,1281,张束,2017-06-27 09:15:03,25,36,11,我就是想来骂评论区那些人的，体育课成绩组成你们不知道吗，一个个单独拎着一两项自己觉得好的成绩在那里瞎BB，你们十二分跑都满了吗？引体向上50米都满了吗？打卡满了吗？绕杆10秒了吗？理论考满了吗？上课认真吗不迟到吗？光做到一两项就觉得自己很牛13，就觉得老师要给你们4以上，你们干嘛不去社会福利院啊？
53693,1281,张束,2017-06-27 10:10:27,0,6,6,楼上说的都有道理，但是我满绩了，所以十分不解释
53755,1281,张束,2018-03-09 06:47:48,17,21,4,给分绩点4.5，老师人真的很好，不点名，因为我们刚开始的班级人数只有十几个，他会很耐心地来教导你一些射门过人的动作技巧。虽然老师人看起来不苟言笑的整天愁眉苦脸的，其实真的不错，跟他相处久了你会发现他其实也很皮
53768,1281,张束,2017-06-27 13:32:30,-4,3,7,总觉得这老师很嫌弃女生 给分不好 不过我体育确实也渣
53816,1281,张束,2017-06-27 16:14:59,58,64,6,专项爆炸，十九秒。。。竟然没挂。这学期貌似足球的评分不像原来那么坑了，大家不用担心了！！！顶上去让学弟学妹看到！！
53833,1281,张束,2017-09-27 03:43:45,1,5,4,认真对待体育课，上课多运动，体测什么的自己把握，老师不会为难你的\n\n
53888,1281,张束,2017-06-28 03:10:40,0,4,4,人很好，你们那些在评论乱说的，你们的成绩真的有资格说话吗？我经常去蹭课，看了好几个班的十二分钟跑，一共也没多少七圈的，好意思嫌自己分低？
59365,1281,张束,2017-09-21 04:24:21,0,3,3,老师挺好，下雨跟老师聊了半小时，一下认出我哪里人
59606,1281,张束,2017-09-25 00:59:38,-4,1,5,十分难过了，上课摔了一跤现在还没好，一年了。
59886,1281,张束,2017-09-28 05:19:31,0,4,4,很好，老师总会提醒我们打卡，认真对待老师的要求，期末肯定高分
62320,1281,张束,2018-01-19 07:52:05,-19,7,26,恶心 垃圾 幸好选项里有一分 他才勉强挤进个位数 自以为是 天天骂学校 学校就是被这种人搞臭的 该滚了 喜欢吹牛逼 派头足的不行 实际毛都不会毛都做不来 态度嘛恶劣 吃脱水的食物残渣吃炮仗长大才会这样吧 可怜他老爹老娘他全家
65212,1281,张束,2017-12-31 14:19:22,8,12,4,特地没出分就来评的 张老师没什么不好啊 虽然每节课上的时间会少一点 但是足球课分队踢球应该也是好事 打三分的有点对不起老师了吧 技术还是好的
65475,1281,张束,2018-01-04 09:11:14,14,15,1,老师人还好的
67363,1281,张束,2018-01-21 03:02:57,3,4,1,老师人很好，但是不去上课是会被发现的。
67364,1281,张束,2018-01-21 03:03:27,6,8,2,感觉是挺好的老师，我体育有点差，成绩高低完全是自己的事，那些怪罪老师的人恐怕是因为自己没有种事这门课吧
67372,1281,张束,2018-01-21 04:23:27,9,10,1,老师最后考试的时候比较严肃，但也部分是由于大家太皮了。最后给分也蛮好的，在专项.引体.理论考和去年一样的情况下，比傅老师给的分，高了一档
67375,1281,张束,2018-01-24 05:45:16,17,19,2,说他差的自己怕是不踢球不打卡十二分钟没跑的
67379,1281,张束,2018-01-21 05:00:18,8,11,3,评分真的不靠谱，老师明明很好，偶尔还会逗我们笑，拿了满绩爽滋滋，足球真的很好玩！
67381,1281,张束,2018-01-21 05:08:31,-8,3,11,男生女生差别很大，不想说什么，别选就是了，他就值这个分
67383,1281,张束,2018-11-03 02:12:59,39,44,5,那些骂老师的“学生”，你们配做学生?我真不敢想象和你们这些败类在一个学校，老师给绩点低你自己心里没数吗?如果真的是老师有问题，那么你完全可以评个低分并且说一个“老师不好”得了，但你们这种人身攻击的辱骂真的让人感到恶心，真没想到和你们这些渣滓在一个学校，真恶心。
67395,1281,张束,2018-01-21 05:39:57,23,28,5,讲真，在上课之前从来没有看过查老师的评分，一直都觉得老师挺不错的。后来查了一下评分还惊了一下。我从来没有翘过课，态度也挺端正的，最后4.8。既然是课就应该尽一个学生的本分吧。最后给分全靠自己的努力的，不是说体育课它就应该水水过的。这是我的看法。
67399,1281,张束,2018-01-21 06:00:56,7,7,0,能学到很多理论知识，选老师的课很值得
67402,1281,张束,2018-01-21 06:13:36,16,21,5,那些骂老师的话真没想到是从自己班上的人口中说出来的，也太难听了吧，老师人很实在啊，你是怎样的就是给你多少分啊，希望老师水点给分好的请原地爆炸好么，天上会掉馅饼么，亲测，女生，绩点5.0，老师虽然不会很和蔼，但也算不上凶啊，人挺好啊，对女生也挺关照的啊。
67415,1281,张束,2018-01-21 07:07:37,7,8,1,我想知道评论里的那些人只是因为给分低去喷老师，还是真的老师的做法不合理。我上了老师的课，感觉老师说话，训练方面都很好，很合理。而且我觉得老师性格挺好的，真的，只要你对这门课抱一个认真的态度，老师看在眼里，不会故意针对你。至于那些绩点低的人，你们确定真的做好了吗，每次都能到？老师人很好，还教会我很多道理，请你们尊重下老师。
67439,1281,张束,2018-01-21 08:00:51,8,9,1,老师人很好！
67514,1281,张束,2018-01-21 11:34:04,0,2,2,我觉得老师很好啊，我的体育真的差劲，老师给了我3.6我觉得真的非常满意了，可能老师对于大佬们比较严格，对我们菜鸟就相对宽松吧
67544,1281,张束,2018-01-21 13:18:30,6,8,2,大家不要被前面那些评分迷惑了。我不知道以前张老师给分究竟是有多么不合理，脾气是多不好，在这学期我的课上他还是很和蔼很温柔的。而且足球这种，踢的好自然分不会低的吧。而且喜欢足球的同学，不能因为足球给分低就放弃选足球课吧，如果大学不能选一些自己真正享受的课，只盯着那一个学分的绩点，那我很怀疑你的世界究竟是有多狭窄和无奈。
67693,1281,张束,2018-01-22 05:23:55,0,2,2,其实老师人挺好。你不要旷课。训练的时候好好学。踢球的的时候好好玩。该认真的地方就认真一点。该放松的时候老师也会和你开玩笑的。\n\n把足球当做一种兴趣爱好去玩。\n\n也没有怎么辛苦的感觉。\n\n4.8的绩点。感觉也挺轻松的。
67763,1281,张束,2018-01-22 06:48:28,9,11,2,最后考核的射门没射进，老师和我说，看你体育课上得很认真，把A -改成A，反正体育课的目的就是让你们爱上锻炼嘛。既然有说老师好的，有骂老师的，说明问题在于学生。
68554,1281,张束,2018-01-23 10:53:39,5,6,1,感觉老师很亲切，很好啊
68739,1281,张束,2018-01-23 16:34:32,3,5,2,觉得老师很和蔼，有些话虽然偶尔说的很直白，但理不糙。很体贴学生，只要愿意学愿意练习，分不会低的
68863,1281,张束,2018-01-24 03:57:25,-11,5,16,垃圾，楼上司马g还乱舔，不服来搞我
71274,1281,张束,2018-01-28 08:29:30,12,14,2,打卡30次然后我感谢老师的浓浓师生情
71991,1281,张束,2018-01-29 07:33:40,7,8,1,并没有评论里骂的那么过分，老师人很好的。骂人的请先扪心自问自己又没有尽好一个学生的本分。我是女的，体育也没有多好，最后也有4.8呀。
74947,1281,张束,2018-03-07 00:08:02,5,5,0,很和蔼
75034,1281,张束,2018-03-07 05:32:46,6,6,0,老师人很好的，平时讲话也很幽默，之前可能是不了解绩点对我们的影响所以给分也比较无脑，但是一个学期下来，不落课，考试也还可以，满绩啊
75068,1281,张束,2018-03-07 12:50:55,5,5,0,挺不错的
76155,1281,张束,2018-03-28 04:50:32,3,3,0,还不错的啦 本来完全不会踢足球 专项B+最后也是4.2 没评论说的那么恐怖
79228,1281,张束,2018-05-28 05:57:14,9,9,0,张老师上课时说，前几年不知道学生很看重最后的体育成绩，所以给分不如其他老师。现在给分是真的好，专项给高、12min加圈、不点名、关心学生。绝对的好老师。
79391,1281,张束,2018-06-03 06:30:10,3,3,0,老师人很好\n\n
79492,1281,张束,2018-06-07 03:46:31,3,3,0,老师挺好的，看评论两极分化，说明老师可能看到过评论，现在已经有转变了。老师从不点名，一定要经常刷脸，我零基础上的足球，从来没请假，考试完全ojbk。这可能是我等体育弱鸡第一门可以上90的科目。(成绩还没出，自信呗，满绩大佬轻喷)
79585,1281,张束,2018-06-11 01:21:29,3,3,0,对足球严肃认真，对同学平易近人\n\n
80152,1281,张束,2018-06-20 17:56:30,2,3,1,张老师真的很好，不明白为什么评分这么低
81137,1281,张束,2018-07-04 06:19:27,3,4,1,超级好啊啊啊！女生也可以选的
81175,1281,张束,2018-07-04 08:13:42,9,9,0,老师人真的超好，除了突发慢性肠炎请假（还特意打来电话问病情）一次其他都到，老师也没签到，很宽容，本人体育基础差，老师也不会鄙视啥的，挺照顾女生的，但有的同学因为老师人好就老是迟到真的过分了，认真打完卡，理论考90，12分钟跑只有5圈，专项考试尽力了，最后4.5，感觉真的很满意了，谢谢老师\n\n(//∇//)
81176,1281,张束,2018-07-04 08:13:56,9,9,0,一学期下来绩点3.9，但是是因为自己跑步实在太慢了2333。上课认真负责，互动很多，以前给分不知道怎么样，但现在是真的不错。大家不要因为分数低就一拳打死，更不要被评论区那几个评论带着无脑黑。再说一句，这么低的分数很有可能是一个睿智拿着好几个账号在一天里刷差评的，大家眼睛擦亮一点。
81185,1281,张束,2018-07-04 08:25:20,7,7,0,啥都不说，班里每个人都很尊敬老师，和老师更像是朋友，怎么不好了？这次我们全班大概都满了，只要你不缺课，每次都来打卡，好好理论考，能少了你的分？别说老师坑，自己对自己不负责，1.5都对的起你！\n\n
81218,1281,张束,2018-07-04 10:17:34,9,9,0,这个老师超棒der，差点因为楼上一些评论退掉。老师人很nice，对体育锻炼的三观也很正。给分哪里不好了，你们给说清楚！！强力推荐！
81281,1281,张束,2018-07-04 14:20:36,19,19,0,老师挺好的，满绩了。
84873,1281,张束,2018-07-14 06:51:26,10,11,1,不知道用这么些恶俗的脏话骂老师的是个什么样的人啊，如此口出脏言还理直气壮我也是无话可说，但凡你觉得你的水平超过你所拿到的绩点你可以直接询问老师啊，如果老师乱打分你当然可以理直气壮了。这么无脑黑我都觉得恶心。这么情绪化，骂人的素质还这么。。。一言难尽，你真的好意思吗？？？
86822,1281,张束,2018-09-19 02:50:41,7,7,0,人超nice，但是对待足球很专业，有时候态度很凶，但是平时人很好
87322,1281,张束,2018-09-27 04:18:38,8,8,0,老师超好的，对我很关心
89037,1281,张束,2018-11-14 12:09:56,9,9,0,关心学生
92319,1281,张束,2018-12-27 16:09:04,14,16,2,楼上的敢不敢实名，我真的是不敢相信，满口喷粪，各种诋毁老师，张老师是一个很温暖的老师，上课认真负责，关心同学，太阳太大的时候自己面朝太阳，为了不让我们晒着，十分细心温暖。上课指导动作会走到你身边来手把手教。说完了师德再来说说你们所谓的给分。虽然我是有素质的人但是这次我忍不住了，你tmd扪心自问一下，12分钟跑只跑5圈，引体向上不超过8个，打卡就打二三十次，然后想拿4以上？你是小学数学没写好还是以为浙大是你家办的？你问老师是怎么给分的不如问问自己是拿什么态度来对待体育课的。
92559,1281,张束,2019-01-03 02:23:09,1,2,1,人好\n\n
92568,1281,张束,2019-01-03 03:22:03,3,4,1,讲真，老师挺和蔼的，觉得分被刷的有点误导了，而且老师也有点幽默，好好上课，应该分不会低的吧（没出分之前先来平心而论一波）
92954,1281,张束,2019-01-06 08:38:18,2,3,1,nice！
92978,1281,张束,2019-01-06 12:50:25,2,3,1,老师其实人挺好的，很关心学生，只是要求比较高，训练的时候严格，但绝对是尊重学生的
93394,1281,张束,2019-01-09 11:18:50,3,3,0,下学期才上，但是上他的专项辅导课，感觉挺好的，力挺
95384,1281,张束,2019-01-19 09:47:13,2,3,1,爽，好玩
96186,1281,张束,2019-01-20 14:08:41,2,2,0,人很好，我不知道评分为什么这么低，选课时差点被误导
99111,1281,张束,2019-01-24 09:17:47,0,1,1,上课无聊， 比较水
99160,1281,张束,2019-01-24 10:43:53,4,5,1,毕竟老教师了，足球队教练，我和他之间没感到有多大的代沟，人真的挺好，我体测理论专业考试零零碎碎加起来没有80但最后还是4.5，给分真的很好
99177,1281,张束,2019-01-24 11:15:56,1,1,0,老师挺好的，虽然我只有3.9，但自己太菜没办法，老师都尽量把分往高了打的
99183,1281,张束,2019-01-29 06:39:26,2,2,0,很好滴
99225,1281,张束,2019-01-24 12:51:17,1,2,1,怎么不能打11分呢
100392,1281,张束,2019-01-26 05:00:05,5,5,0,足球初级班，满了，只扣了体育理论的一分，没参加体育竞赛也没扣分，吹爆！
101113,1281,张束,2019-01-27 14:13:57,5,5,0,正规合理的体育老师，对学生也很亲近，骚年们，老师看的很开的喜欢足球就来吧
101599,1281,张束,2019-05-31 01:05:09,3,6,3,对女生很凶，老师怕不是喜欢男的
111622,1281,张束,2019-07-02 08:31:21,3,3,0,老师水平挺高的，公正严肃，有时有点小幽默，会骂娘几句? ? 好好表现，按时到课，足球课也是挺好玩的，给分也很宽容。\n\n选课时差点被误导是真的，不过现在看起来那些骂老师的评论都到下面去了
115431,1281,张束,2019-07-23 09:33:35,0,0,0,很不错的老师
116631,1281,张束,2019-09-12 06:02:51,0,1,1,废话很多！
116632,1281,张束,2019-09-12 06:02:50,0,1,1,废话很多！
120503,1281,张束,2020-01-11 17:18:06,0,0,0,我上的那个初级班全是男生。老师很好讲，经常开玩笑(黑黑国足233)，体测也比较宽松，据他说还向上级力请不采用教考分离，所以大家在自己班上测都挺放松的，次数也给得多。经常鼓励我们参加比赛，特别还鼓励我们锻炼身体。是个好老师！大家上课认认真真上，不要老是摸鱼就好。
121046,1281,张束,2020-01-19 10:17:05,3,4,1,我不知道为什么张指导评分这么低……真的超级无敌好！！必须满分！！
121258,1281,张束,2019-12-25 08:29:57,0,0,0,老师很好，评分应该更高的
121366,1281,张束,2019-12-17 14:29:19,0,0,0,张老师真的很好！别被底下骗了！
121496,1281,张束,2019-12-15 03:17:04,0,0,0,很棒\n\n
121518,1281,张束,2019-12-13 09:33:33,1,1,0,老师除了对女生一些问题比较没耐心以外人挺好的，对足球很认真，测试成绩也给得很好
121853,1281,张束,2020-01-22 14:29:45,0,0,0,老师挺好的，课教的不错，脾气也好
123433,1281,张束,2020-06-17 09:31:16,-1,1,2,第一个5.0，吹爆
123459,1281,张束,2020-06-09 04:18:46,3,3,0,满绩前来打卡，老师很好，很体谅学生，身体素质还行的只要认真学不会差。
123717,1281,张束,2020-06-12 10:57:27,0,2,2,老师很好，脾气也不错，最重要的是给分很好，不知道为什么分这么低
123767,1281,张束,2020-06-14 02:50:20,3,3,0,老师人真的很好啊！对女生也挺好，至少我问问题老师很和蔼。12分钟跑我是补测的，老师专门为我一个人测，真的很好。不要看评分，老师评分真的低了\n\n上课爱黑国足哈哈哈。\n\n不过足球这种课对你个人要求比较严格，分低了也的确是水平不够好。我20年冬天考的，老师偶尔也会手抖给大家放宽一下时限~真的不要被评分误导，个人认为老师特别好。我个人情况，女，从小到大从没踢过足球零基础，偶尔会看看足球比赛（对考试显然是没啥用），下课也没练过（没有球），但是上课非常认真练，最后期末技评部分按照女生标准满了。但我12分钟跑不够好，最后分都扣在12分钟上了，还睡过了缺了一次课（捂脸），最后4.5。\n\n最后考的还是脚下功夫协调性，脚协调能力特别特别差的同学慎选。男同学有基础的多，但是没啥基础的好好练也一样，不过个人觉得女生的标准比男生的标准更容易练到。
124679,1281,张束,2020-07-06 04:10:56,0,2,2,人好 事少 给分高
125166,1281,张束,2020-09-02 12:58:21,0,0,0,很好的老师，很喜欢上张老师的课，一报就是连着两学期哈哈哈哈，一次足球中级，一次足球初级，两个5.0
126843,1281,张束,2020-10-23 05:02:04,-1,1,2,这老师脾气。。
128446,1281,张束,2020-12-23 07:13:22,0,0,0,很关心女同学
128623,1281,张束,2020-12-25 00:43:13,0,0,0,非常好
128650,1281,张束,2020-12-25 02:27:14,0,0,0,老师挺好的
128676,1281,张束,2020-12-25 03:39:35,-3,2,5,非常不好，谨慎选
129249,1281,张束,2021-01-02 10:04:59,3,4,1,上的体辅！！非常好的老师！！很关心学生 而且事情少！！可惜这学期没选上张老师呜呜呜呜
129994,1281,张束,2021-01-14 16:13:58,0,0,0,老师的足球课还是很好的，十二分钟跑和考核都比较松，事情也不多，还会及时通知信息，好评
131767,1281,张束,2021-01-29 00:46:03,-1,0,1,满绩，很好
133656,1281,张束,2021-03-03 09:17:34,0,0,0,好老师，虽然不经常笑，但是个温柔的老师，期末给分也很好，单杠的标准也低。感谢老师给的5.0
133678,1281,张束,2021-03-03 13:59:06,2,2,0,别跟我抢张束老师的体辅！！！我所有的志愿都是他
134049,1281,张束,2021-03-14 08:31:32,0,0,0,老师真的是好老师，过杆射门两次都射歪同样给了B+，十二分钟跑不放水，对女生的要求要比男生松很多。虽然由于自己足球踢得实在太菜，最后没能满绩，但老师真的是好老师，这学期又选了他的足球课。
136086,1281,张束,2021-06-11 01:27:17,-1,0,1,老师很好啊讲话很温柔 对学生也不错的
136203,1281,张束,2021-06-12 13:54:03,0,0,0,人真的很好，很负责，用心地在教，也很关心学生。不过还不知道绩点怎么样。。。不过真的是好老师。
136205,1281,张束,2021-06-18 06:58:57,0,0,0,老师非常好的一个人，快退休了，平时要求也不严，每节课大家都能踢踢比赛。最后给分都很好啊，打分也很松，那些说绩点低的是连球都不碰吧
137148,1281,张束,2021-07-01 13:27:16,3,3,0,不太行啊
137276,1281,张束,2021-07-03 00:58:27,-2,2,4,打算四年都报，连续两次满绩了，么么哒～
137331,1281,张束,2021-07-03 08:48:09,0,0,0,老师上课很有意思很幽默，会跟我们聊天，对女同学也很宽容，指导得很耐心，最后专项绩评给了满分。不过因为我十二分钟跑和理论考太烂了所以最后是4.5，已经是非常满意的成绩了。以后还会选张老师的课！
138372,1281,张束,2021-07-08 22:53:13,3,3,0,好老师，上课帮同学们签到，专项技术训练讲解也很耐心，每节课都有很长的时间给大家踢比赛，给分很好，脾气很好很宽容，选了两个学期只发过一次火（那次发火确实是部分同学太浪了）
140064,1281,张束,2021-08-24 11:56:30,-12,3,15,这样啊--喷粪的人渣真是活久见
143695,1281,张束,2021-12-02 02:58:17,1,2,1,绝对好老师啊，十二分钟，引体都很松，而且基本上课不点名，我印象里一学期好像就两次，而且每节课都可以踢比赛，下雨就摸鱼，巨快乐
144305,1281,张束,2021-12-21 05:17:22,-2,0,2,张老师真的是大好人!
144627,1281,张束,2021-12-23 02:02:48,1,2,1,被捞了，绕杆16秒加上跨了三个杆射门差点歪，还翘过几次课，给了及格，海底捞了属于是。
145264,1281,张束,2021-12-28 14:33:30,-3,1,4,怎么看至少也是9.8+吧
147071,1281,张束,2022-01-10 05:14:45,-1,2,3,建议上体育课喜欢划水的不要选他的课，真是个“求是”的体育老师呢，太正义了，所以与其等到划水绩点低，不如避开他。老师人还可以。
149135,1281,张束,2022-01-14 13:40:32,0,1,1,老师不错，如果喜欢踢足球无脑选，给分也好（如果以前有过绕杆练习的话挺容易上四的），不过对于划水每个人的定义可能不同吧，我只知道30多人的足球课，只有第一周和最后一节课来齐过，平时都是20上下
149455,1281,张束,2022-01-15 11:45:28,0,1,1,从不点名。有时候会有些严厉，但是人很好。
150460,1281,张束,2022-01-25 15:42:11,4,5,1,不在意绩点的可以选
150909,1281,张束,2022-02-21 03:33:49,-3,0,3,老师很幽默，跟大家玩得很好，每节课都有比赛，给分也很好。
151018,1281,张束,2022-02-22 03:36:32,-2,1,3,满绩了
151019,1281,张束,2022-02-22 03:36:31,-2,1,3,满绩了
151134,1281,张束,2022-02-23 09:49:25,2,4,2,体素课不点名，xdm冲！！！
151135,1281,张束,2022-02-23 09:49:21,0,2,2,上张束的体素多是一件美事
152490,1281,张束,2022-04-13 05:24:58,-12,8,20,完全不理解体育课还有老师一次课都不签到，明知道许多人不来上课也不管，体育课的分数不是重在考勤吗，考勤不够直接挂啊。这导致足球水平厉害的，身体素质好的，一学期就来上两节课（十二分钟跑和期末考）就满了，普通人累死累活练上课认真，还不一定能满。我不觉得他上课多烂，就是不接受这种处理体育课的态度。感觉干脆改成足球高手的专用的体育翘课呗，您也不用来上课，一个同学也不用来，直接全员满绩吧。反正极力劝退喜欢认认真真上体育课，但足球水平或身体素质差的，容易心理完全不平衡好吧
154495,1281,张束,2022-06-02 02:10:37,-1,0,1,老师超级好
154634,1281,张束,2022-06-02 14:37:28,0,1,1,老师人挺好的，分数没有那么恐怖
154871,1281,张束,2022-06-06 09:54:27,0,1,1,我只能说一伯昏！神中神！
155152,1281,张束,2022-06-09 00:36:44,0,1,1,老师好
155915,1281,张束,2022-06-16 13:52:04,-1,0,1,老师特别好，最后还帮我把两次缺勤改过来了
156231,1281,张束,2022-06-18 11:03:07,-1,0,1,3回满绩
157067,1281,张束,2022-06-21 22:51:25,4,5,1,张束老师真的是一位好老师，上课还是蛮认真负责的，他给你测引体向上五十米会放特别多的水，你甚至头稍微抬起来一点都给你算。他的课留给你踢比赛的时间是最多的，如果你热爱足球那我就强烈推荐张束老师的课
157831,1281,张束,2022-06-25 04:29:48,1,2,1,神中神！
159466,1281,张束,2022-07-22 06:32:13,2,3,1,身体素质：从不点名，堂堂翘课都没问题
159722,1281,张束,2022-08-25 07:58:32,1,2,1,体辅神仙课
165209,1281,张束,2022-12-30 06:36:11,2,3,1,不明白张老师有什么黑点，上课的时候有点严肃，但是从来不凶，私下跟老师聊天都是笑呵呵的，钉钉群里也是和蔼可亲的，不明白有什么不好
165270,1281,张束,2022-12-30 14:57:37,1,2,1,听说张老师马上退休了\n\n非常感谢从不点名自由活动的体素课！
170419,1281,张束,2023-03-04 08:43:22,8,9,1,可惜退休了选不了他的足球了害！
171870,1281,张束,2023-04-10 00:01:03,-5,3,8,想挂我就直接说 何必先羞辱我再挂啊 我十二分钟引体向上都满分啊 专项失误了一下就被你压力到si 是不是只有国家队才配做您的学生啊 整个过程摆着一张臭脸 不想考试你就别接受返聘啊 你是一个好的裁判员 教练 但你配当一个老师吗 看看昨天你对面那个老师怎么考试的吧 我忍了一天了 还是想好好讲一讲 基本功不行，心里承受力不行不要碰这门课(足球初级班)
171871,1281,张束,2023-04-24 00:30:37,-7,2,9,md什么垃圾chusheng 这学期考试的那个嘴脸我真的是服 嘴上说的帮助学生 事实上学生传球到了他的脚边偏一点点 这脑t双手叉腰 看傻逼一样看着你 回头直接给你专项不及格 他妈各种压力 各种骂 心理变态是吧。 好好好 只有国家队冠军才配选您的足球初级班是吧。当初真是瞎了眼了选你个zz的课
171880,1281,张束,2023-04-10 11:07:50,-2,2,4,受不了
172890,1281,张束,2023-05-09 09:02:42,2,3,1,楼下两个byd自己迟到一个小时，老师不给你测你就骂老师是吧，还搁这阴阳怪气，樂
5952,1295,钱宏颖,2015-07-10 03:47:27,4,10,6,负责，比起动作更注重韵律
12435,1295,钱宏颖,2015-12-23 09:16:34,30,41,11,很负责很认真，也很和蔼。非常爱笑，总之很喜欢啦
13279,1295,钱宏颖,2018-06-12 02:24:13,8,12,4,负责，亲切☺️很赞的老师\n\n
13470,1295,钱宏颖,2015-12-28 07:41:39,0,2,2,≥﹏≤
13923,1295,钱宏颖,2016-01-02 10:59:02,7,18,11,炒鸡喜欢的老师上课特别好老师人也特别好给分也帮 只是我这天赋不佳 不过还是要选老师的课
14462,1295,钱宏颖,2016-01-07 07:14:50,5,11,6,很棒哟
15743,1295,钱宏颖,2016-01-16 08:20:43,2,10,8,很和蔼很爱笑很亲切~\(≧▽≦)/~么么哒~\(≧▽≦)/~
16508,1295,钱宏颖,2016-01-18 09:20:34,0,1,1,很可爱的老师
21433,1295,钱宏颖,2016-02-29 00:29:10,3,6,3,老师很爱笑人很乐观～课前会自己踩舞步
23090,1295,钱宏颖,2016-03-17 07:20:48,0,1,1,很棒的老师
26924,1295,钱宏颖,2016-06-21 15:35:56,1,2,1,嗯老师经常对我笑:-D所以连续两次选她的课。\n\n
27887,1295,钱宏颖,2016-06-28 03:17:24,-11,8,19,健美操小白满绩飘过
28393,1295,钱宏颖,2018-06-19 03:12:19,1,4,3,棒棒哒 给分好
28696,1295,钱宏颖,2016-06-28 12:29:15,0,5,5,上课挺好的老师人也挺好的，就是给分不怎么样，最低的体育课……
28924,1295,钱宏颖,2016-06-29 03:39:20,6,10,4,超级好的老师，很耐心，总是面带笑容，主动好好学分数很好，退一步，体育学分又不多，好老师很难得
38814,1295,钱宏颖,2016-12-19 07:29:49,-1,1,2,爱笑的眼睛
39059,1295,钱宏颖,2016-12-21 02:27:45,3,7,4,老师很温和，有问题会和你提出来但你不会感到被批评而难过。有问题就放心问，老师会尽量解答的。体育舞蹈课挺有意思的，初级班对一般人来说难度不大，而且平时可以多和舞伴约约约呀～
40254,1295,钱宏颖,2016-12-30 16:00:08,3,7,4,老师真的很亲切很耐心，虽然分还没出来，但是我觉得老师真的很好很好。体舞课没有舞蹈基础完全没关系可以选的哦~我就是这样
42382,1295,钱宏颖,2017-01-14 05:57:44,4,7,3,点过两三次名。以前没学过舞，刚开始的时候有点跟不上，后来发现课堂反复练了很多次也就会了，所以不用担心不会跳。就是最后排队形可能稍微比较费时间。相对于球类课比较保险。
42421,1295,钱宏颖,2017-01-14 07:31:34,3,7,4,不错的老师，给分很公正，笑起来跳起舞来都很好看
42499,1295,钱宏颖,2017-01-14 09:53:19,2,6,4,老师很喜欢笑，很喜欢看着我笑～ 给分很好，不过这学期自己也花了不少功夫。努力学都会有回报的～\n\n
43179,1295,钱宏颖,2017-01-16 02:49:31,9,18,9,我给了十分，虽然体育只有3.6绩点....不过老师人很好(哭着说出这句话)......
44270,1295,钱宏颖,2017-01-17 13:47:41,3,8,5,我是属于立定跳远都不及格的体育渣渣，不过还是拿到了4.2，给分不错，老师人也很亲切善良
53843,1295,钱宏颖,2017-06-28 00:54:31,0,1,1,老师眼睛超好看啊……以及体测成绩实在不怎么样最后还是4.2。在此同时感谢我给力的小组成员
53875,1295,钱宏颖,2017-06-28 02:42:39,0,5,5,最后分好低啊 把均绩拉下去了气死了
54045,1295,钱宏颖,2017-06-28 09:52:58,0,3,3,很暖的老师
54804,1295,钱宏颖,2017-06-30 08:50:42,0,2,2,老师人超级温柔超级好，上课也很有趣，打分的时候都会面带微笑不会让你紧张的～虽然只有三点几，但怕是我自己忘了打卡的原因……
61501,1295,钱宏颖,2017-11-18 01:28:12,-8,4,12,无聊到爆
65263,1295,钱宏颖,2018-01-02 06:37:23,0,2,2,超级喜欢钱老师，第三次选上了周三67的体育舞蹈课∩﹏∩
66228,1295,钱宏颖,2018-01-13 14:07:34,0,1,1,老师很好，奈何自己完全不懂节奏，给分感谢老师
68248,1295,钱宏颖,2018-01-23 01:35:18,0,1,1,老师人很好给分也很好，下个学期还选了她的课嘻嘻。
68259,1295,钱宏颖,2018-01-23 01:52:18,0,1,1,哇 给分真的可以！！
68302,1295,钱宏颖,2018-01-23 02:58:53,0,1,1,老师太好了！！给分也不错啊！
68550,1295,钱宏颖,2018-01-23 10:51:00,0,1,1,老师很亲切!给分好!
69633,1295,钱宏颖,2018-01-25 06:03:12,0,1,1,老师人很好 是我打卡太少 还睡过头缺勤了一次。
72372,1295,钱宏颖,2018-01-30 03:49:00,2,4,2,老师一直都是笑脸，给分很好，十二分钟我有点没跑到也算进去了。不过舞蹈类的体育课真的很耗费时间。
75316,1295,钱宏颖,2018-03-09 01:50:23,1,2,1,虽然本体育渣渣分数很惨但那完全是自己的缘故啊，老师人超好，特别亲切和蔼，讲话特别喜欢听，而且能帮的都帮，十二分钟啊什么的全靠师生情了
81111,1295,钱宏颖,2018-07-04 03:02:13,1,3,2,老师人超好！\n\n给分也感动哭
81305,1295,钱宏颖,2018-07-04 15:26:44,2,4,2,很棒，人很和蔼。最后4.8
81450,1295,钱宏颖,2018-07-05 06:17:16,0,2,2,老师人很好，但是排舞小组要是不行那就真的呵呵……
85718,1295,钱宏颖,2018-07-28 02:13:00,-8,20,28,我想知道学体舞的男生是不是很多都是基佬嘻嘻
98997,1295,钱宏颖,2019-01-24 06:37:12,1,2,1,给分实在令人不解，反正我个人认为不止这点分数，而且还刚好卡绩我也不想说什么了
98998,1295,钱宏颖,2019-01-24 06:38:04,-2,1,3,？？？？
99044,1295,钱宏颖,2019-01-24 07:38:43,0,2,2,老师真的很有耐心很负责了！没有舞蹈基础也可以学！\n\n虽然，我...肢体不协调，脑子不好使，一开始不像有基础的同学一下子跟上老师的进度，甚至唤起了我对舞蹈最初的恐惧！\n\n但是！！！\n\n就算在学习的过程中记不住动作，跳错，老师都不会骂你的！还一直很耐心地照顾各个同学的进度！12分钟和仰卧起坐也给同学们很多次机会，真的是很认真负责的老师了！
99102,1295,钱宏颖,2019-01-24 09:03:51,0,1,1,给分好！！！！
99826,1295,钱宏颖,2019-01-25 08:06:33,0,1,1,老师人很棒！给分一般。。课上的有点啰嗦但讲的很好！
101791,1295,钱宏颖,2019-01-29 05:25:36,-1,1,2,吹爆钱老师，排舞真的很有意思，不过如果你肢体不协调的话就算了，女生选这门课还是很好的！还有卢芬老师的体育辅导课也非常棒！很培养气质的感觉！反正老师尽量会给高分的。自己的部分做好吧，最后期末考核整齐一点，热情一点就没有问题！
102311,1295,钱宏颖,2019-02-01 01:29:27,1,3,2,老师人真的很好！我这种舞蹈小白加小脑残疾最后都跳的不错。跳舞关键还是得课下多练习啦? 我每节课下课后都会找老师录像回去看视频自己练。\n\n最后绩点4.5真的哭辽，老师也太nice了吧?
103976,1295,钱宏颖,2019-03-08 07:25:39,0,1,1,老师超级可爱！特别和蔼！给分好！教的也好！
104925,1295,钱宏颖,2019-03-31 09:04:42,1,2,1,老师人敲好，好喜欢鸭！
109039,1295,钱宏颖,2019-06-06 05:27:16,0,1,1,老师真的太好啦~每节课都超级享受  我要是大一就开始选她的体育舞蹈就好了
112351,1295,钱宏颖,2019-07-04 02:29:05,-1,1,2,真的哭了 完全没有舞蹈基础认认真真学了一学期 满绩了 谢谢老师给了我信心 我下学期体舞课会更努力的！
113549,1295,钱宏颖,2019-07-06 23:46:02,-1,1,2,上了一次体育舞蹈，一次排舞，钱老师给分真好，两次三好杯都是三等奖，第二次12分钟只有4圈半，但最后都是89。
116800,1295,钱宏颖,2019-09-16 02:29:20,0,1,1,女神！
128329,1295,钱宏颖,2020-12-19 02:31:42,2,4,2,老师人很好，12分钟跑之前叮嘱我们吃早饭，细致到不该吃什么喝什么鸭之类，带我们做准备活动，给我们很详细地讲注意事项...\n\n跳舞的时候也会很认真帮我们指出问题给建议之类的...\n\n老师人真的超好。要不是我手脚实在不协调不适合跳舞，我还会选她的课呜!!
128841,1295,钱宏颖,2020-12-26 02:12:30,-2,1,3,温柔 给出的指导非常好👍
131721,1295,钱宏颖,2021-01-28 14:12:50,0,1,1,钱老师真的真的好！温柔而且认真 我爱钱老师！
137140,1295,钱宏颖,2021-07-01 12:13:25,0,2,2,老师给分有点超出我的想象...我们组的人基础都不是很好考试的时候也跳的一般但最后也有九十来分很感谢老师
143777,1295,钱宏颖,2021-12-06 03:40:29,1,4,3,老师挺亲切的，但是学校的事情只要能做的都让学生做，简而言之就是事儿有点多，动不动就说要扣分，最后分数就不行了。实际上可能会捞吧，还没考试。老师已读不回挺拿不准的。
145457,1295,钱宏颖,2021-12-30 00:26:04,2,3,1,很亲切！也很认真对待这门课程想办法改进！即使是舞蹈小白也坚持下来了🥲虽然最开始几次上课很痛苦就是了
147035,1295,钱宏颖,2022-01-08 13:20:59,2,2,0,呜呜钱老师太好啦本小白最后成绩还不错！选钱老师真的不亏！特别认真负责！
154942,1295,钱宏颖,2022-06-07 03:40:51,0,0,0,哈哈哈
157234,1295,钱宏颖,2022-06-22 12:58:54,2,2,0,补一下她的身体素质课吧。\n\n比较硬核，每节课有半个小时是力量或是耐力训练，认真练还是很舒服的~\n\n老师可能有的时候废话比较多，但人还是很好滴~\n\n有一半的课会签退，总之不水就是了。
157708,1295,钱宏颖,2022-06-24 12:01:21,1,4,3,排舞。钱老师超级好呀！12分钟跑前会反复提醒注意事项。排舞其实算是操舞类里面对小白比较友好的类型（个人认为），考核是个人+团体。团体可能比较占课后时间，如果组内有会编排的大佬倒是可以，可惜我们组没有……
161870,1295,钱宏颖,2022-11-14 15:15:40,2,2,0,爱了爱了
165615,1295,钱宏颖,2023-01-09 04:25:34,-3,3,6,鉴定为大t人，宜人性太低，f人表示不能接受
171618,1295,钱宏颖,2023-03-30 06:05:23,-1,1,2,？？？
172142,1295,钱宏颖,2023-04-20 11:03:50,6,12,6,其实很没耐心，你单独问她动作的时候有点不耐烦比较暴躁的。而且不是特别负责，经常一节课只带一两次如何就让我们自己跳。事实是，在你完全学会之前，要是班上没有跳的很好的人，大家就只是不断重复然后不会跳的细节仍然不会跳罢了。人看着倒是挺和蔼
173723,1295,钱宏颖,2023-06-02 03:42:50,-6,3,9,容易被签到背刺
176296,1295,钱宏颖,2023-06-28 09:29:45,2,2,0,钱老师很好滴，有动作没学会课后去问也会耐心教的\n\n自己课后一直有在练习，动作一点都不协调的舞蹈小白最后得分很棒\n\n钱老师nice！
184654,1295,钱宏颖,2023-12-22 05:45:19,4,4,0,体育舞蹈，牛仔舞。这学期没有三好杯的比赛，没有排舞，就只是练单双人，所以感觉没那么累？老师很可爱，考试之前也会单独指导你的不足或者可以改进的地方。每周都怀着期待又紧张的心情来跳舞，特别是邀请舞伴之后，一起跳舞确实是个不错的人生体验。建议平时练着吃力的同学可以去一两次辅导站，当打卡了，很有帮助的
185404,1295,钱宏颖,2023-12-29 01:45:48,5,7,2,给分稀烂，66666666666
186177,1295,钱宏颖,2024-01-09 08:32:42,5,6,1,老师每天都笑着上课的特别有活力，很和蔼很亲切。\n\n上过其他老师的排舞，相比较而言，钱老师会留更多课上时间给小组编排，占用课下时间就少一些。分组是自行组队，我们组的是慢半拍被剩下的，基本没人会编排，音乐剪辑也很难搞出来。我还是比较喜欢其他老师选定组长带队的形式，至少有个整体思路。\n\n个人考试是五个人一组，老师打分。我自认为是跳的最完美的一次，但是老师给了我低分，甚至没有做错很多次动作的同学分数高💔。我不敢说自己跳的特别好，可以前排舞课个人成绩也是中上，感觉很难过。\n\n钱老师人真的很好，但这是我工作量最多得分最低的一次排舞课，以后不打算选排舞了，拜拜~
187904,1295,钱宏颖,2024-01-17 17:36:21,1,1,0,体育舞蹈课5.0真的零基础，学的很慢，跳得也很烂\n\n老师挺好的，不过12分钟跑好像不捞人\n\n她教的好像比吕老师简单
188386,1295,钱宏颖,2024-01-19 01:37:12,4,5,1,老师十二分钟跑不捞人，排舞专项感觉分数和实力也有很多人不成正比，我的遭遇和楼下的uu很像，其实感觉跳的挺好的，三好杯也被选在了蛮中心的位置，但是老师最后的打分只能说不尽人意，第一次选排舞也是最后一次选排舞
188767,1295,钱宏颖,2024-01-20 01:53:20,2,4,2,不捞人真的，给分很求是，，，
206224,1295,钱宏颖,2024-12-13 09:24:22,0,2,2,老师体素课特别好，只不过除了每次点名，还有不定期签退，所以看个人吧
206503,1295,钱宏颖,2024-12-15 14:50:15,2,4,2,给分烂，有事找她一直在踢皮球，恶心玩意儿
210312,1295,钱宏颖,2025-01-09 01:47:06,0,0,0,选的老师的体素课，相比很多老师班运动量确实会大一些（尤其是体测/12分钟跑前那段时间），比如会在12分钟跑前一周模拟练一次这种的，，，而且因为老师本身是教舞蹈的所以会更多一些协调性的训练。选不选看个人吧毕竟体素课给谁上真的没啥关系。
213578,1295,钱宏颖,2025-01-18 10:19:27,0,0,0,感觉体育舞蹈讲的有点快，本人零基础，不过课后多练习，分数也挺好看的
215060,1295,钱宏颖,2025-02-20 11:06:45,1,1,0,超级超级超级超级超级超级超级超级好的老师 大一两次体素都选的钱老师的 一点不累 可以水 不会跑圈 老师非常温柔
1608,1303,潘雯雯,2015-03-23 01:54:37,69,76,7,很棒的体育老师！
3148,1303,潘雯雯,2015-05-18 02:10:36,30,32,2,实在是太好了\n\n
3368,1303,潘雯雯,2015-06-07 14:17:06,40,48,8,超级超级好的老师，专项分几乎都给满分。
4009,1303,潘雯雯,2015-06-17 13:17:18,14,17,3,很好很好的老师
4228,1303,潘雯雯,2015-06-18 07:17:31,17,18,1,超好 ！！！善良勇敢亲切关心学生
4682,1303,潘雯雯,2015-06-26 04:46:35,21,23,2,漂亮温婉的老师～
4738,1303,潘雯雯,2015-06-27 04:08:55,9,13,4,很好  放心
4743,1303,潘雯雯,2015-06-27 06:22:15,9,11,2,很好的老师！
5209,1303,潘雯雯,2015-07-06 00:53:00,13,15,2,超好的体育老师。
6157,1303,潘雯雯,2015-07-11 12:45:16,7,8,1,超好的老师
6479,1303,潘雯雯,2015-07-14 08:47:57,6,9,3,超级nice的老师啊
11911,1303,潘雯雯,2015-12-21 09:19:55,4,6,2,老师人很好的。
12211,1303,潘雯雯,2015-12-22 10:42:22,1,4,3,美女～
16351,1303,潘雯雯,2016-01-18 03:38:41,1,3,2,很好的老师，认真负责
16356,1303,潘雯雯,2016-01-19 09:38:27,2,3,1,很好的老师，不水，能够锻炼身体
16512,1303,潘雯雯,2016-01-18 09:28:10,2,3,1,我记得有一次下雪，地上都是雪，很滑跑不动，其他老师还是让他们去跑校外，老师跟我们说我们可以不去，真的超棒
17319,1303,潘雯雯,2016-01-20 04:30:05,1,2,1,超级好的一个老师，喜欢！！！！\n\n
18135,1303,潘雯雯,2016-01-21 08:05:17,1,2,1,超级好的老师
18266,1303,潘雯雯,2016-01-23 15:55:58,13,18,5,评分：9\n\n硬件：能看得出体育很好\n\n软件：很人性化\n\n课堂：第一节课会做互相认识的小游戏，同学关系也比较好；通知交流基本靠微信群\n\n给分：谢谢老师！
18791,1303,潘雯雯,2016-01-22 14:07:38,2,3,1,好就一个字
26152,1303,潘雯雯,2016-06-16 06:14:52,1,2,1,老师超级棒~很关心学生很喜欢她嘻嘻
28103,1303,潘雯雯,2016-06-28 08:06:50,1,2,1,很棒很和蔼的老师
28292,1303,潘雯雯,2016-06-28 08:27:31,1,2,1,感觉老师人挺好的
29155,1303,潘雯雯,2016-06-29 10:01:11,3,5,2,老师上课挺轻松的，人真的很温和~
29164,1303,潘雯雯,2016-06-29 10:14:29,6,7,1,给分超棒
29169,1303,潘雯雯,2016-06-29 10:21:15,1,2,1,下雨天会带我们练瑜伽~
29173,1303,潘雯雯,2016-06-29 10:26:09,2,4,2,善良还给分好，十二分钟水水的
29212,1303,潘雯雯,2016-06-29 12:06:53,3,5,2,老师很亲切，很关心体谅学生，有什么事情都会第一时间准确地通知到，一些特殊情况还会征求大家意见，经常都能够在群里及时解答我们的问题。虽然定向越野每次上课都要跑步，但真的还是很开心！老师给分也超好！！！很喜欢！
29515,1303,潘雯雯,2016-06-30 02:08:08,1,3,2,女神老师！
29545,1303,潘雯雯,2016-06-30 02:58:26,1,3,2,老师既漂亮又善良，祝老师幸福！
29557,1303,潘雯雯,2016-06-30 03:18:55,1,3,2,超好的老师
30096,1303,潘雯雯,2016-07-01 02:23:53,1,3,2,老师炒鸡好~
31326,1303,潘雯雯,2016-07-03 16:07:41,1,3,2,老师很好
32063,1303,潘雯雯,2016-07-05 13:59:23,1,3,2,老师人超级好，而且给分实在是太好了！
32511,1303,潘雯雯,2016-07-07 09:30:52,1,3,2,老师认真的超级好！强烈建议大家选她的课！还能锻炼身体！
33408,1303,潘雯雯,2016-09-19 06:51:52,23,25,2,第一堂课，给人感觉很亲切，很体贴学生，很为学生着想！！！顶！！！
33414,1303,潘雯雯,2016-09-19 07:12:55,1,3,2,这么好的课补选就是你们的错了。
35593,1303,潘雯雯,2016-11-10 07:30:16,3,6,3,定型越野就是一直跑 还有立定跳和引体向上，比高中累多了。老师很好
35820,1303,潘雯雯,2016-11-10 08:19:19,3,4,1,老师超级好
38660,1303,潘雯雯,2017-01-04 04:38:37,1,2,1,女神不解释
39034,1303,潘雯雯,2016-12-21 00:15:22,1,3,2,老师非常好 很良心  考完后就没有课了
40085,1303,潘雯雯,2017-06-30 09:42:55,8,9,1,颜值高人好给分好
40527,1303,潘雯雯,2017-01-04 03:49:30,1,2,1,女神
40671,1303,潘雯雯,2017-01-05 02:19:38,1,3,2,十分不解释
42022,1303,潘雯雯,2017-06-30 09:50:21,-6,13,19,一般，体测都是优秀，最后3.6，一脸懵逼
42287,1303,潘雯雯,2017-01-14 03:35:09,1,6,5,老师人很好  给分也很好 本来在担心打卡没满 在想能不能上四的 结果最后竟然满绩了 ??大爱老师~●～●～●biu~
42292,1303,潘雯雯,2017-01-14 03:38:09,2,4,2,老师人超nice 温柔美丽 定向越野的话平时运动量会比较大 大概一节课五公里起跑 所以不太建议选一二节课 会比较崩溃 一个班十二分钟大部分都跑到满分 跑步不好的不建议 不过给分很好哇 满绩开心
42293,1303,潘雯雯,2017-01-14 03:40:25,1,3,2,老师真的真的很好，在下很垃圾老师都给了很高的分
42298,1303,潘雯雯,2017-01-14 03:54:39,1,2,1,老师人很好
42300,1303,潘雯雯,2017-01-14 03:48:26,1,2,1,老师太棒
42310,1303,潘雯雯,2017-01-14 04:08:17,3,4,1,老师给分超好嗷嗷嗷嗷嗷 体育腊鸡感动哭了
42322,1303,潘雯雯,2017-01-14 04:27:39,2,4,2,爱她 关心学生 有一次我手机不见了还特别关心 后来找到后她还拍拍我的头 超级暖 给分超好 喜欢她~
42347,1303,潘雯雯,2017-01-14 05:07:50,1,2,1,老师很好
42378,1303,潘雯雯,2017-01-14 05:51:27,1,3,2,很好的体验
42386,1303,潘雯雯,2017-01-14 06:04:08,1,4,3,老师讲的很细致，体育测试是不给放水的，平时很悉心周到
42435,1303,潘雯雯,2017-01-14 08:10:17,2,4,2,潘老师必须满分，平时只要你认真去跑，包你拿高分，我身体素质不行，体测打卡引体向上都萎萎的这样都有4.5笑
42502,1303,潘雯雯,2017-01-14 10:00:45,3,6,3,每次定向都跑 给分都会好的
43210,1303,潘雯雯,2017-01-16 03:41:03,1,9,8,每次都认认真真的跑定向，但是还是只给了3.6，比均绩都低了那么多，心凉
45197,1303,潘雯雯,2017-01-19 06:31:56,0,3,3,定向综合起来算是最好了吧，求别怼
45635,1303,潘雯雯,2017-01-20 01:37:35,2,4,2,老师给分超级好这我会骗你
47481,1303,潘雯雯,2017-01-27 16:54:01,3,6,3,好老师，不解释，关心学生，上过课就知道。
48731,1303,潘雯雯,2017-03-10 10:27:59,3,4,1,老师人好，给分也高。
54841,1303,潘雯雯,2017-06-30 09:55:38,1,3,2,超级棒的老师！！
54851,1303,潘雯雯,2017-06-30 10:16:33,5,7,2,老师人很好，给分也好！希望我下学期12分钟跑能多跑一点，(*^__^*) 嘻嘻……
54855,1303,潘雯雯,2017-06-30 10:21:38,11,12,1,没想到本渣体育课还能拿一次90 谢谢老师?
54877,1303,潘雯雯,2017-06-30 11:05:50,3,5,2,很棒的一个老师！
54902,1303,潘雯雯,2017-06-30 12:12:20,3,5,2,棒棒哒体育老师www人超级温柔会细心通知同学们很多事 而且给分很好！！！
54994,1303,潘雯雯,2017-06-30 14:56:02,3,4,1,温柔善良给分高
55000,1303,潘雯雯,2017-06-30 15:09:01,3,4,1,老师太棒了，人美心善，和蔼可亲，平易近人，强推
55049,1303,潘雯雯,2017-06-30 16:35:51,3,4,1,一个字“棒”
55245,1303,潘雯雯,2017-07-01 05:31:43,3,5,2,超级好的老师，唯一一次的体育满绩就是她的定向越野\n\n
55594,1303,潘雯雯,2017-07-02 03:51:33,4,6,2,潘老师人好、给分好；强烈推荐认真学习定向越野，否则只能被动求助队友；３次周末的校外定向（正常课堂节数相应减少３节）。
55651,1303,潘雯雯,2017-07-02 06:06:18,0,2,2,嘿，满了，满了。
58855,1303,潘雯雯,2017-09-18 05:36:58,0,2,2,对待同学很和蔼，很暖！
58972,1303,潘雯雯,2017-09-19 03:02:38,3,6,3,老师特别好
60002,1303,潘雯雯,2017-10-01 04:15:08,3,4,1,特别好的老师！超级好！
64575,1303,潘雯雯,2017-12-25 10:34:59,3,4,1,老师不怕麻烦的，你有什么问题问她，有可能是上课讲过的，但是她还是会耐心重复一遍，还会讲这是我们对体育课重视了。很受鼓舞!\n\n
64987,1303,潘雯雯,2017-12-28 06:35:45,2,3,1,真的超级喜欢老师～最后一次跑完华家池和老师说再见的时候都想哭了～要不是夏天真的不想跑定向我就再选一次老师的课～QAQ
67083,1303,潘雯雯,2018-01-20 08:56:10,3,4,1,很棒的啦，定向越野也挺好玩的，对我的方向感是沉重的打击? ? ?
67084,1303,潘雯雯,2018-01-20 08:58:49,2,3,1,老师很棒哦 亲切耐细心 对学生很体贴！定向越野好好玩！强推~给分超棒 满绩啦
67092,1303,潘雯雯,2018-01-20 09:16:53,2,3,1,老师超棒，温柔亲切给分也好，爱老师！定向越野这门课锻炼身体效果也好，而且很有意思?
67094,1303,潘雯雯,2018-01-20 09:20:11,4,5,1,给分好，关心学生，体育专业素养丰富。很棒的老师！
67095,1303,潘雯雯,2018-01-20 09:20:28,13,14,1,我理论崩了，十二分钟崩了，校外越野也崩了，这样还给了我一个不错的分数，强推
67112,1303,潘雯雯,2018-01-20 09:38:16,4,5,1,老师太好啦，体育课讲的也超级好，人也超级好，真的很棒很关心同学的老师
67114,1303,潘雯雯,2018-01-20 09:39:34,4,5,1,谢谢老师给我满绩！
67123,1303,潘雯雯,2018-01-20 09:56:10,4,5,1,真的是炒鸡棒的老师啊！很体贴学生 给分也炒鸡好！没想到体育课拉高了我的均绩 捂脸哭jpg.
67124,1303,潘雯雯,2018-01-20 09:58:49,16,20,4,第二次体育满绩 都是潘老师 超爱她
67134,1303,潘雯雯,2018-01-20 10:11:37,8,9,1,体育渣，居然有90+，老师真的善良
67157,1303,潘雯雯,2018-01-20 10:46:40,3,4,1,没想到大学第一个满绩居然是体育。小学到高中向来体育徘徊及格边缘的我都不知道说些什么好了(￣y▽￣)~*捂嘴偷笑\n\n真的是遇上的最好的体育老师了。还记得国庆放假回来的第一节体育课，生物钟没调过来，一觉睡到十点半了(T＿T)，赶到的时候课已经上一半了，结果老师很温柔地问我怎么?（特别关心的语气~）好羞愧啊，说了实情后就去正常上课啦。\n\n女神！
67201,1303,潘雯雯,2018-01-20 12:41:31,0,1,1,很好！很好！很好！重要的事情说三遍哦
67213,1303,潘雯雯,2018-01-20 13:00:55,1,2,1,老师我爱你！?????????
67257,1303,潘雯雯,2018-01-20 14:13:38,0,1,1,老师超棒！！
67300,1303,潘雯雯,2018-01-20 15:43:28,1,1,0,课外实践有一次没去，期末的那次跑的也不是很好，但是给分还是有点惊喜，体育渣跑步弱然而竟是大学以来第一门上4的课，虽然平常上课一点都不水，毕竟是定向越野会经常跑2333但是仍然爱潘老师，人美课也好( •̀∀•́ )
67301,1303,潘雯雯,2018-01-20 15:46:32,3,3,0,超好的体育老师！！！小短腿跑定向越野并没有多快，可是满绩了！！！老师平时人也超级好，是真的热爱体育关心学生身体素质的！！！女神！！！
67380,1303,潘雯雯,2018-01-21 05:03:12,3,4,1,大学第一门满绩，疯狂打call
69447,1303,潘雯雯,2018-01-24 16:18:21,1,2,1,刚开始以为是很凶的老师啊但是接触了才发现完全不是 真的对我们很好 第二次上课的时候玩游戏我一直输那天还穿了黄色的衣服真的被她记得牢牢的记住每次上课都要跟我招手怕我找不到我们班上课的地方 而且定向的课也是很有趣的啊 没有想象中那么累\n\n假装可以锻炼十二分钟了 喜欢老师也喜欢课
70053,1303,潘雯雯,2018-01-26 05:01:45,5,5,0,喜欢潘老师，有一次我膝盖摔伤了，潘老师就只让我去走了7个点
73807,1303,潘雯雯,2018-02-03 06:24:07,1,3,2,真的！贼好的老师！我觉得老师对我们很好，考试前会给我们小贴示，而且解释定向越野也都很清楚。只要几次考试跑得快点就好咯～满绩的体育课hhh十二分钟跑还差十几米也给我算满了 开心！！
74164,1303,潘雯雯,2018-02-06 02:57:44,0,1,1,给分相当好，定向也极有趣
75023,1303,潘雯雯,2018-03-07 04:43:18,-17,9,26,给分差 急刹 大忌杀
75176,1303,潘雯雯,2018-03-08 01:27:34,-12,7,19,老师人挺好的，就是。。。我个人觉得自己水平算中上啊……平时上课也认真听，为什么只有3.9
81773,1303,潘雯雯,2018-07-06 06:54:41,2,3,1,可惜只选了两次，老师人超好！
81774,1303,潘雯雯,2018-07-06 07:02:08,3,3,0,喜欢潘老师！定向越野祝我瘦了七八斤吧，夏天终于可以穿裙子哒。表白潘老师，以及陪我一起校外跑的小朋友~
81778,1303,潘雯雯,2018-07-06 07:15:06,3,3,0,大学第一次满绩 嘿嘿 谢谢老师 专项跑好 十二分钟满分 就有希望满绩啦
81799,1303,潘雯雯,2018-07-06 08:02:55,3,3,0,体育课选定向越野！定向越野选潘雯雯！大学第一门满绩！三次校外有一次没能去，十二分钟跑也没有满，但是最后满绩了！！！老师是真的好！上课态度认真！满绩没问题！
82122,1303,潘雯雯,2018-07-07 07:21:49,3,3,0,满分无需多言！
82234,1303,潘雯雯,2018-07-07 14:00:11,3,3,0,跟了潘老师三个学期，大学体育课完美收官，来这里感谢潘老师，满分不解释！
82322,1303,潘雯雯,2018-07-08 01:30:56,2,2,0,老师人很好，给分超级棒的！上课也很轻松～希望下学期可以补选到老师的课！
82509,1303,潘雯雯,2018-07-08 11:21:38,3,3,0,吹爆潘老师，人好而且很认真，给分也好，我自己体育垃圾专项一般12分钟也没满，但是4.8，天哪简直太感人
85261,1303,潘雯雯,2018-07-16 14:45:23,1,1,0,很好的老师 上课给人亲切感 课后对学生也十分好 很亲善！
91510,1303,潘雯雯,2018-12-12 05:52:10,0,0,0,太好了
92704,1303,潘雯雯,2019-01-04 01:57:41,2,2,0,我爆哭，老师人太好了。微信群交流还偶尔开玩笑。我爱死她了
92832,1303,潘雯雯,2019-01-05 03:40:41,1,2,1,棒棒棒 满绩
94454,1303,潘雯雯,2019-01-16 13:32:52,2,2,0,感动辽
96068,1303,潘雯雯,2019-01-20 12:14:34,2,3,1,超级喜欢老师，上老师的课干货满满，会教很多热身拉伸练习的动作。而且老师人也很好，谢谢老师的满绩。
96069,1303,潘雯雯,2019-01-20 12:14:56,3,3,0,第一个满绩！！老师人很好！！！打电话！！
96076,1303,潘雯雯,2019-01-20 12:25:52,3,3,0,我的天 第一个满绩! 害怕跑步的我选不上体育课 低学分选上的 结果发现老师超级奈斯 生病请了一次假 老师还问我身体怎么样了 性格也很好 像妈妈一样!拼命打电话!（老师还喜欢在微信上给我的pyq评论哈哈哈哈很可爱!）
96099,1303,潘雯雯,2019-01-20 12:48:23,1,1,0,雯雯老师超级好啊！！！！！！一个学期的体育课都上得很开心！
96124,1303,潘雯雯,2019-01-20 13:10:32,4,4,0,老师非常棒
96151,1303,潘雯雯,2019-01-20 13:32:48,0,1,1,老师超棒！人超nice！给分超好！
96163,1303,潘雯雯,2019-01-20 13:44:04,2,2,0,老师真好
96165,1303,潘雯雯,2019-01-20 13:49:19,3,3,0,老师超棒！！！很关心学生也会教我们很实用的锻炼技巧和动作！给分超好～啊 满绩(｡･ω･｡)ﾉ♡
96176,1303,潘雯雯,2019-01-20 14:02:35,1,1,0,老师真的太太太棒了！我第一门满绩? ? ? 谢谢老师！
96298,1303,潘雯雯,2019-01-20 17:07:13,2,2,0,哭了 专项水得不行 12min水满的我竟然高分满绩了 老师真的好好呀 虽然定向这门课真的不水
96331,1303,潘雯雯,2019-01-21 00:24:19,2,2,0,抢走了我的第一个满绩！\n\n老师我爱你！！
96667,1303,潘雯雯,2019-01-21 08:53:25,2,2,0,老师好好
96890,1303,潘雯雯,2019-01-21 11:55:24,3,3,0,第一个满绩！！！我哭了
104478,1303,潘雯雯,2019-07-09 17:06:54,-80,9,89,态度恶劣，极不友好，不通情达理，不为学生着想。
109696,1303,潘雯雯,2019-06-18 12:29:12,3,3,0,第一个满绩！老师我爱你！\n\n我是个路痴体育菜鸡，每次课都被自己蠢到哭，但是老师从来没有不耐烦，反而脾气很好会鼓励我关心我，在食堂也会跟我打招呼。可以说是我见过的最温柔可爱的体育老师～
111349,1303,潘雯雯,2019-07-01 04:15:46,1,1,0,很棒\n\n
112546,1303,潘雯雯,2019-07-04 17:25:34,3,3,0,满? 吹爆
112580,1303,潘雯雯,2019-07-04 18:28:09,8,8,0,我女神
112659,1303,潘雯雯,2019-07-04 23:48:21,3,3,0,超级棒的老师！上课很有趣也很关心同学！定向越野没有想象中那么累，最后给分也超级好！
112687,1303,潘雯雯,2019-07-05 00:27:05,4,4,0,我跑的这么慢老师竟然给满了，吹爆
112726,1303,潘雯雯,2019-07-05 01:18:02,6,6,0,超级耐心负责的老师，给分也很好（四次都在4.5以上，最后一次满了），大学四次体育课都选的她，选她准没错！
112763,1303,潘雯雯,2019-07-05 02:41:21,4,5,1,我吹爆潘老师！！！十二分钟五圈半，五十米跑八秒多，专项倒数，居然有4.2！！！这给分我简直感动哭了? 能选上潘老师的体育课就是我的福分
112946,1303,潘雯雯,2019-07-05 13:55:22,2,2,0,快选吧，绝对有趣的运动，轻松5.0
113249,1303,潘雯雯,2019-07-06 02:42:43,3,4,1,潘老师真的很好了！选了两个学期她的课，定向虽然累一些，但是也让我爱上了跑步，期末跑校区也超有趣。因为脚崴了错过几次课，老师还是给满了?爱了爱了
113722,1303,潘雯雯,2019-07-07 05:57:18,4,4,0,老师超棒！定向虽然有点累，但是给分很好，而且老师很温柔，微信发消息也会认真回复。好喜欢老师
114535,1303,潘雯雯,2019-07-10 11:37:20,0,1,1,体育课上课不用听，嗯，没有听课， 给分超棒，老师人超好，上面评论说的很对
120793,1303,潘雯雯,2020-01-17 04:02:53,1,2,1,很好的老师，十二分钟没满也能满，大爱!大家上课只要积极主动，老师都会给你很好的分数!
121731,1303,潘雯雯,2020-01-21 08:57:27,0,1,1,老师人好事少给分非常好啊啊啊啊啊啊啊啊啊啊我爱老师！！！
122320,1303,潘雯雯,2020-02-24 06:06:07,0,2,2,超级棒！
129017,1303,潘雯雯,2020-12-28 14:22:13,1,2,1,潘老师真的超棒，好温柔，爱她
129576,1303,潘雯雯,2021-01-07 15:04:57,0,3,3,老师很有耐心，微信上的问题都会认真回复，上课也不水，一学期下来真的爱上了体育，虽然体育不好，最感动的是老师专门抽自己的时间辅导我（体育不好），最终体测通过也一定和老师的耐心指导有很大的关系。真的遇到最好的体育老师了，感谢她！
130296,1303,潘雯雯,2021-01-20 14:05:11,3,4,1,疯狂给雯雯老师打call！！！老师人真是太好啦，还很幽默哈哈哈哈，收获了一个很好的成绩，开心！！！
130305,1303,潘雯雯,2021-01-20 14:36:13,0,1,1,老师人超nice！！！体育菜鸡也被捞捞了，大一小朋友后悔下学期没有选老师的课呜呜呜
130310,1303,潘雯雯,2021-01-20 14:50:50,0,1,1,老师超好，本体育菜鸡能有这分数太感动了
130361,1303,潘雯雯,2021-01-21 10:54:47,0,2,2,体育小白，定向基本靠走和小跑几步，最后专项分居然37/40，室友是另一个老师，期末比我快了十分钟多，只有37.4，总之超级棒的老师，快选快选，可惜老师只开定向
130385,1303,潘雯雯,2021-01-21 13:58:37,2,3,1,老师超棒的！！！简直是女神
130497,1303,潘雯雯,2021-01-23 05:15:18,2,3,1,很好的老师 课余也会和同学们私下交流 给人很亲切的感觉
130742,1303,潘雯雯,2021-01-24 12:13:28,1,2,1,超好超好超好，很关心很关心学生，都给我选
131293,1303,潘雯雯,2021-01-27 03:41:32,3,4,1,潘雯雯老师yyds！虽然上课运动量有一点点大，但是确实感觉体能有所提升，给分巨巨巨好，还会捞人！大家快冲！
131336,1303,潘雯雯,2021-01-27 06:21:27,0,1,1,好耶！
131466,1303,潘雯雯,2021-01-27 15:13:35,0,1,1,很温柔的老师
131476,1303,潘雯雯,2021-01-27 15:49:28,1,2,1,很棒的老师，很温柔也很有趣。大学第一门满绩😭不怕跑步的话很推荐定向越野！
132086,1303,潘雯雯,2021-01-30 07:14:20,4,7,3,体育辣鸡居然能拿大学的第一个满绩，我吹爆潘雯雯老师!十二分钟跑跑了五圈，五十米十秒，其他都是菜菜的，定向全程跟着小伙伴一起跑，还能满绩简直太棒了！
133603,1303,潘雯雯,2021-03-02 15:28:54,7,8,1,潘雯雯老师真的好温柔啊，超好的，选她选她选她
133793,1303,潘雯雯,2021-03-05 11:07:30,4,5,1,温柔事少给分好快选哇爱她
136566,1303,潘雯雯,2021-06-21 06:20:35,4,5,1,特别温柔，关心学生，给分也好\n\n能在大一开始就选上潘老师的定向越野真是幸运\n\n下学期还选定向越野
137377,1303,潘雯雯,2021-07-03 14:18:59,4,5,1,不多说，雯雯yyds！
137387,1303,潘雯雯,2021-07-03 16:04:58,3,5,2,唯一一门需要抢着上的定向越野\n\n潘雯雯老师yyds
137570,1303,潘雯雯,2021-07-05 06:41:47,0,1,1,给分超好
138619,1303,潘雯雯,2021-07-10 04:12:03,11,12,1,潘老师人真的超级好，首先是非常负责，如果你的测试项目没有完成会有多次的专门的补测机会，如果你在最后考试的时候没有找到点也会等你很长时间直到你安全返回，课上除了定向越野知识以外，还能讲授健身知识，立定跳远技巧，立跳不是特别协调的同学，潘老师纠正动作后，一堂课成绩立马提高10-20cm。潘老师真的给分非常好，校园的定向考试三次成绩潘老师都会作为参考，允许你有一定的失误，最后，我觉得潘老师非常关心学生，虽然平时上课可能运动量稍微大一点，但是遇到一些身体上不舒服，潘老师都是非常通情达理让你好好休息，而且钉钉、微信基本都是很快回复，非常推荐的定向越野老师！
139710,1303,潘雯雯,2021-07-20 17:19:52,1,2,1,定向越野给分太牛了吧
140410,1303,潘雯雯,2021-09-11 01:44:51,1,2,1,温柔又关心学生\n\n专业素质过硬，飒爽英姿\n\n给分好\n\n你值得拥有
140411,1303,潘雯雯,2021-09-11 01:44:41,0,2,2,温柔又关心学生\n\n专业素质过硬，飒爽英姿\n\n给分好\n\n你值得拥有
144578,1303,潘雯雯,2021-12-22 11:11:46,4,7,3,给十分都嫌少！超级棒的老师，很温柔，很细心，对学生超级好！十二分钟五圈、五十米十秒的体育菜鸡都被老师调到满绩！！！真的吹爆雯雯老师！
145250,1303,潘雯雯,2021-12-28 12:51:48,2,3,1,超棒的！
147050,1303,潘雯雯,2022-01-08 13:58:16,2,3,1,潘老师超好！
150151,1303,潘雯雯,2022-01-19 11:49:09,1,2,1,老师巨好 上课能学到东西 给分慷慨
150857,1303,潘雯雯,2022-02-20 01:36:00,7,8,1,她好飒啊！学术水平高，关爱学生，有一点点严格，大部分时间还是和善的。
152174,1303,潘雯雯,2022-03-29 11:57:42,-12,6,18,她的身体素质课太无聊了，不让跑步
154515,1303,潘雯雯,2022-06-02 03:18:58,0,2,2,很温婉善良的老师！非常关心学生。
156218,1303,潘雯雯,2022-06-18 09:10:26,0,6,6,定向考试跑了47分钟 专项分竟然还有38.4！潘老师我女神！
156657,1303,潘雯雯,2022-06-20 13:54:36,1,3,2,老师人真的太好了，大爱！
164349,1303,潘雯雯,2022-12-20 11:03:48,7,9,2,超好的老师，不解释。12分钟跑还会给同学们发大白兔奶糖
164741,1303,潘雯雯,2022-12-24 16:27:44,0,4,4,潘老师真的太好了！！！！！选了她的三个学期定向越野，一个学期身体素质。潘老师非常负责，语气温柔，教导耐心细致，会一个一个纠正动作。给分超好，两次满绩了，第三次还没出但是肯定不会差。墙裂推荐呜呜呜呜~
175070,1303,潘雯雯,2023-06-21 11:04:55,3,4,1,不管是身体素质还是定向越野，老师都非常耐心，特别善良，能理解学生！
187653,1303,潘雯雯,2024-01-17 03:32:08,2,2,0,潘老师给我100分，我却只能给潘老师10分！！潘老师真的太好了，微信回复及时，学生有问题潘老师及时帮助我们解决，定向越野虽然累但是有趣+给分高
189142,1303,潘雯雯,2024-01-22 06:36:59,1,2,1,老师的身体素质课，本学期主要是一位实习的老师上的，潘老师在旁边进行指导。老师不签退，但是签到之后会清点人数。在秋冬学期体侧的那段时间，每节课老师都会选取一个体测项目进行针对性地讲解和训练，对体侧会有一点帮助。老师的身体素质课还是比较硬核的，每次上课都是先跑两圈（经常被前面的男生带的很快），上课内容很多时候也并不轻松，但确实能够锻炼身体素质。后期上课时也会带我们做一些小游戏，相对来说会轻松一些。老师好像是体艺部的中层领导，对学校体育课和体育竞赛的相关制度比较熟悉，弥补了我体育课老师对此了解不足的缺陷。
189910,1303,潘雯雯,2024-02-02 07:32:39,0,0,0,超好哦
194080,1303,潘雯雯,2024-06-22 02:11:20,0,0,0,老师很专业很热情，基本上能记住每一个人，上课内容很干，没有吹牛环节，老师真的非常非常好，我爱pww!
195877,1303,潘雯雯,2024-06-30 13:35:47,1,1,0,真的不卡绩，我真的哭死
195879,1303,潘雯雯,2024-06-30 13:49:41,1,1,0,平时上课干货满满，最后考核给分也好，如果卡档了还会给提分升档，满分！！！
196085,1303,潘雯雯,2024-07-01 13:01:28,0,0,0,老师非常贴心，体育课第一次满😍
196356,1303,潘雯雯,2024-07-03 05:00:30,0,0,0,体测50+，总分87/4.2，这也太神了，强推
203421,1303,潘雯雯,2024-11-19 13:03:44,0,5,5,不建议选她的体素，经常整些挺唐的练习，感觉不到什么帮助，反而很费膝盖
208895,1303,潘雯雯,2025-01-03 07:51:07,1,1,0,好好好好
209452,1303,潘雯雯,2025-01-06 03:37:02,0,0,0,体测60卡线，定向越野93，老师我会永远追随你。而且老师最后一节会送小礼物和合影
209483,1303,潘雯雯,2025-01-06 05:18:27,0,0,0,超级捞神。。。定向越野跑得巨慢+仰卧起坐七十几分最后竟然满了，但是上课还是蛮累的。老师人很好，有一次迟到，下课去补签老师也直接补上了
209518,1303,潘雯雯,2025-01-06 07:23:07,0,0,0,给分好好好。不过这门课挺累的，最后几周要去校外
209588,1303,潘雯雯,2025-01-06 10:11:27,0,0,0,潘老师是我的神。。。谁懂啊体测及格的我能够在这么课拿到满绩。。。潘老师人也很好，真的完美的。。\n\n不过累是真的累，前面几周是主要练体能，跑步和热身（这热身比跑步还累），然后是校内的定向，都是不计分的，最后三周是校外的，那个玉泉校区是真的难跑。。
209606,1303,潘雯雯,2025-01-06 10:43:13,0,0,0,给分超级好！跑完12分钟跑还会给同学发大白兔奶糖
209680,1303,潘雯雯,2025-01-06 13:55:07,1,1,0,选了她的体素，相比其他老师不会提前下课，还经常拖堂。。每节课就是搞一些挺莫名其妙的练习，运动量还挺大，但老师人很好很温柔
209730,1303,潘雯雯,2025-01-07 01:45:41,0,0,0,老师真的很好！
210428,1303,潘雯雯,2025-01-09 06:54:52,-1,0,1,定向越野跑的也不是很好，也给高分，哭了
213017,1303,潘雯雯,2025-01-15 15:12:41,0,0,0,怎么可以有这样好的一位老师我真的哭死
214030,1303,潘雯雯,2025-01-23 04:50:13,0,0,0,老师人很好，期末捞的很狠，我跑的不错，直接给满了
214185,1303,潘雯雯,2025-01-27 08:13:43,0,0,0,老师真的很捞，给分超好！
217319,1303,潘雯雯,2025-04-08 11:13:25,-1,0,1,体素课一定要避雷！！！
217440,1303,潘雯雯,2025-04-10 11:59:50,0,0,0,pww老师我的神
217716,1303,潘雯雯,2025-04-15 11:19:21,-1,1,2,不负责任，上课换位置都提前不说
220436,1303,潘雯雯,2025-06-18 02:43:04,1,1,0,伟大无需多盐
220588,1303,潘雯雯,2025-06-18 15:59:49,0,0,0,定向课被老师小捞了一下\n\n伟大
220672,1303,潘雯雯,2025-06-19 07:05:19,0,0,0,定向越野给分极好
220709,1303,潘雯雯,2025-06-19 09:03:12,0,0,0,体素课，好多动作费膝盖，每节课都有挺多签完到逃课的，但是老师不抓（除非太明显了抓过一次），老师人还是很和蔼的。
220820,1303,潘雯雯,2025-06-20 03:29:54,0,0,0,潘老师太捞了，zju最好的体育老师！！！强推！！！
19586,1312,吴叶海,2019-07-01 02:50:28,-68,17,85,浙大最傻逼之人，没有之一
30243,1312,吴叶海,2016-07-01 06:33:25,3,11,8,老师人还好吧，一直教导我们跑步要欢脱…虽然偶尔有点小浮夸，爱装一装，但还是很热心的
34265,1312,吴叶海,2016-09-29 09:20:13,16,21,5,吴老师是体育课而讲75分钟的唯一的人。
39486,1312,吴叶海,2016-12-23 05:41:19,-1,3,4,挺好的体育老师呀
39903,1312,吴叶海,2017-01-13 10:53:52,1,5,4,很不错的老师
41886,1312,吴叶海,2017-01-13 07:13:59,-1,4,5,老师超好啊~定向越野提前下课~还给了我4.8哇哇哇~喜欢~
42182,1312,吴叶海,2017-01-14 00:16:36,-6,4,10,莫名其妙被正态，明明那么认真上课，好严格
42659,1312,吴叶海,2017-01-14 20:31:09,-2,3,5,老师人挺好的 \n\n
48472,1312,吴叶海,2017-03-06 00:38:41,0,3,3,老师人很好，奈何我跑步慢_(:з」∠)_\n\n喜欢跑步的小宝贝可以选
50689,1312,吴叶海,2017-05-04 10:04:03,0,7,7,吴老师有很多神奇的地方，我挺喜欢听他讲故事的，而且你会发现吴老师除了讲课和跑图之外，不会有太多莫名其妙的事。我对体育课分数看得开，反正还是挺好的。十二分钟跑不好的建议选哦，有惊喜。
51633,1312,吴叶海,2017-06-07 16:36:45,-2,3,5,人还不错，上课认真。但是要做好一节课有四分之一讲话以及至少三分之一的课不上的准备。
54108,1312,吴叶海,2017-06-28 13:15:26,-2,4,6,很棒的老师啊  体育拿了好高的绩点
54111,1312,吴叶海,2017-06-28 13:23:14,-1,4,5,再多给我一分就满了绩绩，挺好的一个老师
61774,1312,吴叶海,2017-11-21 01:06:04,1,4,3,感觉老师人很好啊，我之前不是那种喜欢锻炼的人，但是上了吴老师的课就喜欢上跑步了。虽然定向越野跑的很累，但是真的解锁了学校里很多平时看不到的风景，其实老师也不会要求你跑的有多快，就当边跑边看风景就好了。
69139,1312,吴叶海,2018-01-24 08:54:50,1,8,7,反正上过学的体育课最差劲的就是他！
74034,1312,吴叶海,2018-02-04 11:20:34,-3,2,5,老师经常点名，给分规规矩矩，全看你自己跑多少。定向挺累但也很有趣的哈，学到很多定向知识。
80148,1312,吴叶海,2018-06-20 16:21:11,1,5,4,呵呵哒
80951,1312,吴叶海,2018-07-03 03:42:07,1,5,4,给分迷。。。
81101,1312,吴叶海,2018-07-04 02:39:36,3,5,2,感觉老师不怎么上心，1/3的课在出差，最后登分还出了事故…
81556,1312,吴叶海,2018-07-05 11:18:04,0,2,2,经常出差
81595,1312,吴叶海,2018-07-05 14:22:22,1,4,3,水平太差
81600,1312,吴叶海,2018-07-05 13:37:57,-6,4,10,还是挺失望的，12分钟跑满分，50米跑全班前三，考试20多分钟跑完全程\n\n最后绩点3.9......
103599,1312,吴叶海,2019-03-02 05:22:56,-3,2,5,超级好 大学第一个满绩！12分钟跑其实我没到七圈 也给我算了七圈！
111238,1312,吴叶海,2019-06-30 17:25:24,-3,1,4,谢谢老师
111325,1312,吴叶海,2019-07-01 02:50:06,0,5,5,感觉吴老师超级好的，cuba的票老师还提前偷偷发给我们，只可惜时间段不太好
111351,1312,吴叶海,2019-07-01 04:25:09,2,5,3,棒！第一门满绩就是老师给的！（虽然有时候（经常）因为没时间会找其他老师代课doge
112380,1312,吴叶海,2019-07-04 03:21:00,2,7,5,吴老师真的是最能讲的体育老师，一次课可以讲半小时他的治学思想，育人理念，真的是为了提高我浙废宅们的身体素质体育精神鞠躬尽瘁死而后已。不要听那些给分差的评论，只要你平时正常操作，吴老师会给你一个相当满意的分分。
120747,1312,吴叶海,2020-01-16 08:00:32,-3,3,6,给分好
159907,1312,吴叶海,2022-09-08 14:32:16,1,1,0,别他妈了个逼\n\n搞你那打卡\n\n逼死人啊\n\n能不能人性点啊\n\n六二
159943,1312,吴叶海,2022-09-09 11:22:16,1,1,0,恶心人的玩意
160057,1312,吴叶海,2022-09-12 12:18:08,0,0,0,纯纯贱种
332,1351,张春晓,2015-03-15 00:58:08,42,50,8,很亲切的体育老师
1546,1351,张春晓,2015-03-22 11:53:59,11,15,4,老师比较亲切
3337,1351,张春晓,2015-06-02 11:25:41,13,18,5,人很好
5418,1351,张春晓,2015-07-07 09:00:25,-45,27,72,表面看起来和蔼可亲，但是其实不是那么回事，他只是在默默的忍受，内心不知道多讨厌你们。这种表里不一的老师，我很看不起
17952,1351,张春晓,2019-04-15 09:43:44,-67,10,77,笑里藏刀，特别讨厌事多的同学
20887,1351,张春晓,2016-02-03 02:57:34,4,7,3,老师人很好的，给分也好
29802,1351,张春晓,2016-06-30 10:33:34,8,10,2,老师其实对学生挺好的，事情也不多，给分也不错
32018,1351,张春晓,2016-07-05 11:35:03,2,2,0,不错吧
33901,1351,张春晓,2016-09-22 11:47:43,10,13,3,很好的老师，蛮体贴学生的，定向课也不会让学生很累
39599,1351,张春晓,2016-12-26 03:02:18,22,22,0,很和蔼，有点慢性子。。。。。。\n\n
39889,1351,张春晓,2016-12-28 06:22:02,13,13,0,这老师贼好啊！特别体贴学生，帅到爆炸
45075,1351,张春晓,2017-01-19 02:33:22,2,2,0,一般吧，有比较的话其实还有很多更好的老师可以选
66708,1351,张春晓,2018-01-18 12:03:10,28,32,4,不知道抱着那些说老师笑里藏刀的同学，你们有迫害妄想症吧，上了老师的课，老师很好，请假或者换时间上课都很爽快，而且不累上课可以慢慢走，只取最后一次的分数，所以平常上课和去玉泉的两次定向越野都压力小。我推荐这门课，而且老师对于一些肌肉的锻炼很专业。为老师打call，不接受反驳。
70192,1351,张春晓,2018-01-26 08:11:46,6,6,0,老师很帅，人也挺好的。为老师打电话☎️
70347,1351,张春晓,2018-01-26 13:26:24,2,3,1,给我卡绩点，给7分，平时事少要求不高给分看你能力
71809,1351,张春晓,2018-01-29 03:28:49,6,6,0,老师上课很和蔼，很亲切，给分也挺好
74458,1351,张春晓,2018-02-26 01:53:32,1,3,2,无话可说
79635,1351,张春晓,2018-06-12 02:51:07,6,7,1,张春晓老师天下第一  我踏马吹爆！！！
81868,1351,张春晓,2018-07-06 10:35:42,0,2,2,真的很好啊，给分也很好，实际成绩比自己算的高了0.6
85290,1351,张春晓,2018-07-16 23:07:54,0,0,0,很和蔼的老师
92114,1351,张春晓,2018-12-26 12:40:53,0,0,0,老师人很好啊很亲切，事情也不多（听到有人说他声音很好听
92400,1351,张春晓,2018-12-28 08:52:17,0,0,0,老师人超好der！请假什么的很好说话。上课还挺舒服。
100021,1351,张春晓,2019-01-25 12:51:20,2,2,0,老师人很好啊，很随和。上他的课有运动健康方面的干活，体育课的话其实绩点主要看自己吧，打卡点到还有一些测试成绩什么的。
100070,1351,张春晓,2019-01-25 13:40:28,2,2,0,给分很认真、公正……
100075,1351,张春晓,2019-01-25 13:46:20,0,1,1,老师人很好，对于锻炼、放松等很有一套。
100178,1351,张春晓,2019-01-25 16:48:02,0,0,0,nice
103377,1351,张春晓,2019-02-27 15:42:32,1,2,1,nice
103860,1351,张春晓,2019-03-06 11:54:10,2,2,0,很好的老师
117049,1351,张春晓,2019-09-19 00:20:54,0,0,0,老师很帅气很温柔
117387,1351,张春晓,2019-09-24 00:08:49,1,1,0,老师超好 超耐心！
121066,1351,张春晓,2020-01-19 12:09:21,0,0,0,老师很温柔哒\n\n体育课分数么，还是看自己更多吧\n\n老师给分比较公正
122092,1351,张春晓,2020-02-12 14:21:55,1,2,1,很和蔼很亲切，节奏比较慢。教我们很多怎样锻炼怎样调节这些知识。
124451,1351,张春晓,2020-07-01 10:34:22,-1,0,1,老师人挺好的，为学生着想
129120,1351,张春晓,2020-12-30 07:55:21,-1,0,1,老师确实很亲切，学到了很多锻炼知识，就是体适能确实很累，慎选
129381,1351,张春晓,2021-01-05 01:42:09,3,5,2,很和蔼的老师！
131996,1351,张春晓,2021-01-30 02:05:12,-42,6,48,老师很求是，一分都不会调，94.4分喜提4.8，卡得有点气人。
135625,1351,张春晓,2021-05-17 06:54:06,-1,0,1,挺好的  虽然期末分数还没出但是不会为难学生
149236,1351,张春晓,2022-01-15 00:39:51,1,3,2,千万千万不要选体适能！老师很好。
149596,1351,张春晓,2022-01-16 06:51:14,3,4,1,老师是好老师，但体适能的专项也太难了吧
155636,1351,张春晓,2022-06-15 02:38:53,-2,1,3,好温柔好体贴
164321,1351,张春晓,2022-12-20 08:48:54,-3,1,4,体素课真的轻松，人很和蔼，管的不严
164598,1351,张春晓,2022-12-22 05:55:56,-2,2,4,体素课轻松捏 老师人也很和蔼
170070,1351,张春晓,2023-03-01 08:25:20,-2,1,3,超级奈斯的老师，今年还是选的春晓耶耶耶！人温柔，管的松，还不咋签退我真的是会爱死他😍😍😍
171489,1351,张春晓,2023-03-26 07:24:35,1,2,1,求是的
178590,1351,张春晓,2023-07-16 02:15:57,1,4,3,老师很温和，体适能上课运动量不大的，还能学到很多锻炼肌肉的知识，不过期末考核是30米折返跑，想拿满分比较难
185099,1351,张春晓,2023-12-26 09:20:26,-1,1,2,虽然目前自己体育课成绩还没有出来 但是真的很感谢张春晓老师！有次早八迟到了半个小时老师还是帮我签到了 真的很和蔼可亲
192728,1351,张春晓,2024-05-29 14:24:39,3,6,3,为啥这么多人吹，明明不是很好....
192917,1351,张春晓,2024-06-04 12:12:36,0,6,6,楼下那个你是脑子有病还是吃了shi闲着没事干？我上了4个学期体育课，这老师是相比而言最差的一个，运动量大不好说话！吐槽一句被你说成不认真上课被发现，你真是cs啊。家里几个马够你这么说话？
192978,1351,张春晓,2024-06-01 14:42:22,-10,2,12,说老师不好的不会是那天旁边站着被发现的吧，明明别人都在认真上课，你在旁边光等着签到，老师点名不应该吗？谁惯的你这毛病？
196441,1351,张春晓,2024-07-03 12:08:30,-4,4,8,我看下面都在夸，可是这个老师体适能给我打1.5，认真的嘛。。。。。我都是及格的呀，就算没那么好也能捞上3是不是。。。怎么有体育打1.5的呢，和他有抽吗这是
203303,1351,张春晓,2024-11-19 03:44:52,0,1,1,上课运动量挺大的，老师看起来好说话，但是给分迷
207281,1351,张春晓,2024-12-20 06:02:18,0,1,1,很好说话，请假基本都会同意
207464,1351,张春晓,2024-12-22 05:17:51,0,1,1,叔控请选，谢谢。不多解释，10分
219046,1351,张春晓,2025-05-20 02:34:07,0,0,0,不推荐
276,1412,施晋江,2015-03-14 23:54:22,3,6,3,很负责的一位老师。
575,1412,施晋江,2015-03-15 05:52:37,29,40,11,老师人很好 给分赞
992,1412,施晋江,2015-03-21 02:31:15,16,27,11,除了十二分钟没有别的老师水，其他超赞，给分也好
1725,1412,施晋江,2015-05-13 11:24:41,1,5,4,很负责的老师
3856,1412,施晋江,2017-12-22 04:13:28,5,11,6,人超好，上了两学期他的课，给分很公正
4407,1412,施晋江,2015-06-21 16:04:12,1,4,3,好老师。
4519,1412,施晋江,2015-06-24 06:15:38,1,4,3,老师人真的超级好！！！
4750,1412,施晋江,2015-06-27 08:01:47,6,9,3,好老师
8329,1412,施晋江,2015-09-18 10:40:27,-15,8,23,坑爹老师
12127,1412,施晋江,2015-12-22 02:36:32,13,15,2,上课运动量很大，十二分钟一点也不水，但老师很好，对女生没有那么严格。
12605,1412,施晋江,2015-12-23 15:06:02,7,9,2,已经第三个学期选这个老师了
17610,1412,施晋江,2016-01-20 13:21:42,7,11,4,最后一次课没去，但没扣分，最后97，其他就不说了，专项给分很棒的
19294,1412,施晋江,2016-01-23 23:37:39,0,2,2,非常负责
22440,1412,施晋江,2016-03-05 14:14:12,0,2,2,超级好
26218,1412,施晋江,2016-06-16 09:35:36,2,4,2,老师超好
27684,1412,施晋江,2016-06-27 08:12:39,6,8,2,老师人超好，会教一些田径的东西，给分也好。
31686,1412,施晋江,2016-07-04 13:12:42,5,6,1,上课十分严谨认真的一位老师，注意锻炼同学们的体魄
33870,1412,施晋江,2017-01-13 12:44:12,2,3,1,很赞，超棒
34374,1412,施晋江,2016-11-03 01:45:29,6,7,1,好就一个字，已经找不到更好的词来形容了。
34859,1412,施晋江,2016-10-25 10:30:00,5,6,1,老师人很好，我体育没太大基础所以有些累。
36731,1412,施晋江,2016-11-15 15:13:46,2,3,1,就是一个好字!赞\n\n
36813,1412,施晋江,2016-11-16 06:35:56,1,3,2,不喜欢跑步的千万别选这个啊整天就在跑跑跑个没完超级累。……早知道还是选个篮球水一水最后考试也不用担心。蓝瘦
38032,1412,施晋江,2016-11-23 09:42:13,0,1,1,老师人超好！！！
38950,1412,施晋江,2016-12-20 03:32:00,12,14,2,好老师，舍不得。。。马上就上最后一节课了
39046,1412,施晋江,2016-12-21 00:54:40,1,2,1,老师人很好很亲切
39323,1412,施晋江,2016-12-22 05:44:23,2,3,1,最后一节课结束了，很舍不得施老师，施老师人特好，很关心学生
39351,1412,施晋江,2016-12-22 07:07:55,0,1,1,好，就一个字
39528,1412,施晋江,2016-12-23 14:03:59,0,1,1,不错老师很耐心很和蔼
39699,1412,施晋江,2016-12-27 04:17:51,7,8,1,一级棒，很关心人，最后一节课总结，讲了很多希望，很开心，课结束给我们定任务大四之后告诉他我们能做十个引体向上！女生100个仰卧起坐，很赞哦！
41525,1412,施晋江,2017-01-13 11:04:45,0,1,1,很好的老师
41526,1412,施晋江,2017-01-12 06:26:14,8,16,8,被评论骗去选了他 专项给分很棒？？？exm？？？同样的成绩在别的班可以排前三，在我们班就只有前10(根据排名打分)所以朋友们，跟大佬们一个班，你跑断腿也没有用。排名摆在那里啊。我也就不试图跟老师解释为什么按排名给分不公平了。
41630,1412,施晋江,2017-01-12 09:22:13,1,1,0,老师人超好 也关心学生。最后绩点不高是因为我身体素质本来就比较差 感谢老师 超棒的
41675,1412,施晋江,2017-01-12 10:46:59,8,10,2,提醒大家定向越野的给分看排名。一个班十几二十人的虽然大家最后跑的时间都差不了几分钟，但是专项分数极差接近二十。嗯就这样。
41729,1412,施晋江,2017-01-12 12:30:48,0,0,0,老师好，课也好
41731,1412,施晋江,2017-01-12 12:41:56,3,3,0,老师很关心培养同学们的体魄，每次听老师讲话都有种我好想锻炼的冲动……一个学期瘦了十几斤！
41937,1412,施晋江,2017-01-13 09:03:02,0,6,6,老师人是很棒的 平时也挺亲切 上课打死不接电话 很负责 但是专项给分真的坑啊 把男生女生放一起比算什么？？女生跑的图和男生难度差远了 完全按专项排名打分下来 不想say了 自己跑得快的大佬们就选吧 或者祈祷这一个班没有跑得快的大佬 我12min 理论都满 也只有3.6
42005,1412,施晋江,2017-01-13 11:43:42,0,1,1,关心学生、当面问问题有问必答，好老师无误。
42039,1412,施晋江,2017-01-13 12:51:59,0,0,0,感觉老师棒棒的哈哈哈感觉自己超级可爱哒哈哈
42321,1412,施晋江,2017-01-14 04:27:30,1,1,0,老师人很好，只是期末专项给分方式有点不合理
45799,1412,施晋江,2017-01-20 06:08:18,1,1,0,真心关心同学们的体育健康，老师人很好，快退休了
46367,1412,施晋江,2017-01-21 11:01:17,0,0,0,老师人超棒，很关心同学，给分的话比较公正，不会放水。
46742,1412,施晋江,2017-01-22 09:01:29,1,1,0,很认真的老师，上课运动量不低，不过一个学期下来还是有收获的。唯一比较坑的是给分比较看身体素质，像我这种咸鱼就只有3-了
48925,1412,施晋江,2017-03-16 12:31:43,0,0,0,运动量太大了，身体素质不好的人上他的课是会出事情的，昨天上的今天一天都特别难受。
51685,1412,施晋江,2017-06-08 09:34:57,4,4,0,个人感觉老师很好，很关注学生，不发脾气，而且很会鼓励大家。定向越野课，可能是比一些课会累，但是也不是真的累成狗啊，上课也不是那么死板，也不会把你怎么样啊，然后那地图跑学校，会累一点，但是这就是定向啊。就权当健身了啊，我觉得很不错。至于给分什么的，老师随后会有一张表，专门写出来我们给分的比例。还是很公正严谨动物。至于有同学说专向什么的，的确存在一些落差，但是也是按照跑的时间来算的啊，没有任何一点老师主观的想法在里面，感觉回避那些要靠老师主观打分的来的更让人信服。希望不怕累，愿意趁着这节课放松自己的同学，可以选吧。
54668,1412,施晋江,2017-06-30 03:50:20,0,0,0,老师人超级好的
56501,1412,施晋江,2017-07-04 02:04:52,3,3,0,老师人很好！两个学期选他的课！本来大二还想选的，结果时间冲突唉！
58067,1412,施晋江,2017-07-28 03:51:30,23,27,4,第一，希望负责定向越野这门课的老师可以每年多花点时间做新图，或者多做几张图每年随机抽；第二，共享单车党应该受到应有的惩罚；第三，如果体育课可以反复多次选的机制没有改变，就不要以单次跑图排名定专项成绩。第四，以华家池作为期末专项考试地点以经有很多年，前后相邻的两个人会拿到不同的两张图，而这两张图的难度有明显差距。综上，我认为定向越野这门课的期末专项考核方法不符合公平原则。
59691,1412,施晋江,2017-09-26 03:06:02,0,1,1,下午不用上课了哈哈哈
64463,1412,施晋江,2017-12-24 07:37:08,4,4,0,虽然分数还没出来，但是老师真的超棒der
66436,1412,施晋江,2018-01-16 10:42:20,3,3,0,很负责也很关心学生的好老师，很公正
66450,1412,施晋江,2018-01-16 14:22:18,8,9,1,先不管绩点如何，单纯只说老师，老师人超级好，对妹子很照顾，平时带大家也会玩一些不一样的活动，比如篮球，不止越野，很赞很好。
66456,1412,施晋江,2018-01-16 15:48:12,2,2,0,很公正的老师，人也很好，真的能学到东西，10分不解释
66464,1412,施晋江,2018-01-17 01:43:56,4,8,4,专项按排名评分不合理，成绩在别的班可以前三，在本班却倒数。\n\n也就是说，按本班的排名正态，最后却要和其他班一起竞争，不止体育，科科如此……那这就有事情了呀。\n\n根源出在正态分布上。\n\n抛开这些，老师不错。
66566,1412,施晋江,2018-01-17 09:44:29,0,0,0,还是要看身体素质，哎
67079,1412,施晋江,2018-01-20 08:33:32,-7,2,9,怎么说呢？体育课从来不缺席，个人身体条件也是蛮不错的，平时也是好好上课，体测.12分钟什么的也是很不错的，就期末打错一个点，最后分全班倒数第二，评分太不合理。我一个百米只用11.8的人，别人期末22分钟，我最后成绩35分钟我就不是很懂了。
71658,1412,施晋江,2018-01-29 00:13:34,1,1,0,虽然很久没上老师的课了（因为时间冲突）。。但闲来无事刷一波评论～感天动地好老师
81284,1412,施晋江,2018-07-04 14:26:02,6,6,0,人好，课好，分好
87748,1412,施晋江,2018-10-11 09:35:23,1,1,0,老师很关心学生，有问题会帮忙的
91270,1412,施晋江,2018-12-04 15:18:48,2,2,0,最喜欢的老师
92177,1412,施晋江,2018-12-27 02:42:35,5,6,1,排球一打六，投篮干全班。。。。
94731,1412,施晋江,2019-01-18 04:03:44,4,5,1,真的好老师超赞，体育课真的可以锻炼到，给分也非常好。期末考有打卡点没找到耗了很久，专项成绩班级倒一，平时认真完成，总评88分。感谢老师
94757,1412,施晋江,2019-01-18 05:18:08,1,1,0,老师真的太好了
94827,1412,施晋江,2019-01-18 09:22:08,0,1,1,很不错，这学期4.8，有时候跑定向挺累的，想跑步锻炼锻炼的同学果断施老师呀！
94953,1412,施晋江,2019-01-18 13:40:35,7,7,0,大一新生，平时体育并不好，尤其是长跑一直以来都不大好..选了定向越野就是为了锻炼自己。但万万没有想到的是！施老师是我大一第一学期最喜欢的老师！教龄很长，认真负责，对女生真的比较宽松！最最重要的是！真的没有想到能拿到4.8（给分真的很好很好）！
95136,1412,施晋江,2019-01-19 01:13:48,6,6,0,施老师是我来这个学校以后遇见的最好的老师！！！很负责，又很关心学生，也很有上进心，真的特别特别好的老师。体育课也很有趣很充实，每周的坏情绪总能在体育课上被冲刷。定向虽然累了一点，不过就当是锻炼身体了，一般人都可以的~
95137,1412,施晋江,2019-01-19 01:14:35,2,2,0,感觉挺好，老师挺温柔\n\n
95343,1412,施晋江,2019-01-19 08:46:07,4,4,0,大学第一门满绩 老师真的很负责 谢谢老师
96635,1412,施晋江,2019-01-21 08:19:07,3,3,0,老师人很好，课也挺好，除了定向以外有时也会玩一些不一样的活动。教龄很长了，人也非常亲切。上课也真的很有趣。可惜因为下雪植物园定向被砍了_(:з」∠)_  定向这个运动本身运动量就蛮大的，不喜欢运动量大/拓展类的建议慎选。专项分是排名给分，所以要拿高分不如很多项目容易。但是喜欢拓展类的来选是绝对不会后悔的。
109361,1412,施晋江,2019-06-13 09:24:39,2,2,0,啊啊啊\n\n
112710,1412,施晋江,2019-07-05 00:57:51,-1,1,2,负责任 有理想 给分赞??
113290,1412,施晋江,2019-07-06 04:02:39,0,1,1,多谢老师，跑华家池的时候有一个点找了很久找不到大概全班倒数七八，但是还是靠老师的师生情有4.5。老师说他快到退休年龄可能上不了几届本科生的课，可惜了。
118273,1412,施晋江,2019-10-24 07:06:52,0,2,2,老师非常负责，也很温和。就是上完定向我又残废了...
122077,1412,施晋江,2020-02-11 07:36:40,3,3,0,给老师点个赞！虽然上课长期被搞，但是乐在其中。
122230,1412,施晋江,2020-02-20 06:58:10,1,2,1,给分确实差了点
141925,1412,施晋江,2021-11-01 04:14:03,-1,0,1,绝对的好老师，关心体贴同学，教导有方
142897,1412,施晋江,2021-11-17 06:51:13,0,2,2,什么祖安黄文婷
144268,1412,施晋江,2021-12-21 03:41:41,-1,0,1,人很nice，除此之外想不到别的了\n\n定向越野考试是按排名给分
144913,1412,施晋江,2021-12-26 02:09:00,-1,0,1,很温柔很耐心！
147212,1412,施晋江,2022-01-09 05:53:56,0,1,1,很负责，也有人情味，给分公正，可爱可敬的一位老师
147825,1412,施晋江,2022-01-11 03:03:33,0,1,1,好老师，很关心学生，但是定向越野我是真的跑不来
147914,1412,施晋江,2022-01-11 07:03:05,0,2,2,施晋江老师上课和蔼，也很关心同学，鼓励我们多多运动，是个好老师。关于定向越野这门课，首先选它，你不会不及格，最低分取决于选这门课的人数，期末考核时，按排名一名一分往下排，我的室友倒数几名也有85的成绩，所以说是很不错的。其次，你要考虑周末是否有时间出去跑，今年的定向越野由于疫情，没有出去跑，但往年会在周末安排到其他校区或杭州的地方去跑。最后，选它至少你多了跑步机会，十二分钟跑，应该也不会太差😏
155331,1412,施晋江,2022-06-11 03:37:40,-1,1,2,哼。。。。
156424,1412,施晋江,2022-06-19 14:31:27,5,6,1,考核不合理，完全可以设置时间段来相应的给分。跑个定向越野考试还要排名给分，你当大家都是运动员？拼死拼活必须争个高下？本来上体育课的目的也就是来锻炼身体的，学习生活之外充实一下自己，搞得和体育竞赛一样，无语。
4697,1455,郑其适,2015-06-26 08:50:03,-11,12,23,最后一节课吊打我们  输了买饮料≥﹏≤  但是人还是很好哒
6839,1455,郑其适,2015-07-24 05:24:50,46,60,14,给分差
11670,1455,郑其适,2015-12-10 00:12:47,40,53,13,The poorest teacher I've ever experienced
12625,1455,郑其适,2015-12-23 15:53:41,-17,9,26,还不错啦\n\n
13400,1455,郑其适,2015-12-27 16:02:20,-8,12,20,老师人挺好啊，虽然有点凶，但如果你技术不错就没事
13822,1455,郑其适,2015-12-31 13:39:34,25,36,11,技术渣不要去。
14409,1455,郑其适,2016-01-07 02:17:45,29,40,11,垃圾老师，又凶又丑苛待学生！没有师德！
14598,1455,郑其适,2016-01-08 02:26:10,-19,11,30,老师人真的挺好的，的确有点凶，不过并不是很过分的那种，而且挺理解学生的，有特殊情况也可以请假。技术什么的先不管，总被骂的大概是经常不来还哭着喊着要签到的吧？
16835,1455,郑其适,2016-01-19 05:05:11,-7,6,13,人是挺好的，就是给分低，
16881,1455,郑其适,2016-01-30 23:50:29,22,28,6,千万别选！！大绩杀！！
17108,1455,郑其适,2016-01-19 15:08:00,25,33,8,很差的体验
17296,1455,郑其适,2016-01-20 03:54:50,17,21,4,挺严格的，脾气来的快骂人的时候很凶但主要是技术太渣他看不下去。给分也不高。
18543,1455,郑其适,2016-01-22 03:24:20,18,22,4,给分太差啊啊啊啊啊啊！
18664,1455,郑其适,2016-01-22 08:53:00,12,17,5,垃圾老师，没师德
19570,1455,郑其适,2016-01-24 17:26:19,11,17,6,严格可以理解，他说的一些问题比如迟到有道理，但是间歇性的臭脾气实在是莫名其妙，你根本不知道他什么时候冲你发脾气，千万别接他的话茬。次次签到期末8球70。
19724,1455,郑其适,2016-01-25 07:18:47,4,8,4,不好不好
21051,1455,郑其适,2016-02-13 13:51:13,9,12,3,给分差得少见的体育老师，性格很急
22023,1455,郑其适,2016-03-02 06:04:37,-8,6,14,我觉得挺好的呀，7球87分的飘过
24414,1455,郑其适,2016-04-30 13:26:46,-5,12,17,看了前面的评论怀疑自己和他们上的是不是同一个老师了 老师人特别好 两次羽毛球都是在郑老师班上 没事还会和你唠唠嗑 脾气也不差 只是对于不认真对待羽毛球的人会急性子一点 老师对你急也要看看你自己的原因吧
26159,1455,郑其适,2016-06-16 06:31:25,8,12,4,我当时考试打了9球过了7球，然后老师说考试结束了。然后我记得是打了9个还有一个没发，但是他非说10个了，现在不知道我有没有记错。。但是他不由分说骂了我很久。这也罢了，还直接扣我一球，记了6个。。平时上课脾气特别差，平时点到都到了最后给说我一次没签到，我也是醉。。大学三年遇到的不多的奇葩老师
26616,1455,郑其适,2016-06-20 11:13:36,12,15,3,腊鸡 给分差到爆炸
27960,1455,郑其适,2016-06-28 07:26:51,10,11,1,体育成绩出来之后本来就不高的GPA又降了
28254,1455,郑其适,2016-06-28 08:21:59,1,2,1,技术好的选，技术不好的慎重
28310,1455,郑其适,2016-06-28 08:30:16,9,10,1,人还可以对于一些同学来说会觉得有点凶 但羽毛球初级班真的有点坑的
28402,1455,郑其适,2016-06-28 08:50:17,-1,2,3,看心态了，大部分把体育课当成玩的建议不要选了。确实喜欢的还是要愿意吃点苦
28581,1455,郑其适,2016-06-28 10:36:22,30,32,2,上课比较水，但是给分确实差，而且表达能力不好，不愿意在群里说太多话，同学问问题，他的回答也简练的有些过分，很难懂。给分非常差！慎选！
29582,1455,郑其适,2016-06-30 04:18:45,8,10,2,唉 ， 给分差……上学期篮球随便玩玩都有4.2，这学期羽毛球那么认真上才3.9……果然不同老师给分标准天差地别啊……
29842,1455,郑其适,2016-06-30 11:32:48,4,5,1,脾气特别差，肝火旺
30011,1455,郑其适,2016-06-30 17:30:07,9,13,4,每次都签到了，期末考85分，理论考76分，结果72分，呵呵了
38607,1455,郑其适,2018-09-26 01:54:03,4,13,9,不选老郑羽毛球，读完浙大也枉然。
39017,1455,郑其适,2016-12-20 14:08:12,4,4,0,真的垃圾
39188,1455,郑其适,2016-12-21 13:52:04,1,1,0,太差了
39451,1455,郑其适,2016-12-23 01:19:33,5,7,2,怎么说……其实人是真的挺好的。上课睡过头了会理解你给你签到。以及体育算分不是有严格的算法吗？
40114,1455,郑其适,2017-01-15 16:41:56,3,8,5,给分太差
41184,1455,郑其适,2017-01-10 02:13:40,5,8,3,毕竟李永波队员，生于印尼，前国家队员，你还想让他对菜鸟们有多少耐心呢？
42342,1455,郑其适,2017-01-14 04:57:57,7,12,5,又严肃又幽默吧，但是我觉得老师人其实特别好，因为我技术不行也被骂过(T＿T)但是他人真的是好！好！心地很善良
42751,1455,郑其适,2017-01-15 04:40:45,3,4,1,一般吧，就是态度不太好
42753,1455,郑其适,2017-01-15 04:42:17,2,4,2,比较凶
42775,1455,郑其适,2017-01-15 05:13:55,7,10,3,真·绩杀，既然全勤也能只有2.1，如果不幸选了他的课，建议想翘就翘，人还可以，但是很难交流，总之不建议选他的课
42794,1455,郑其适,2017-01-15 06:23:09,3,5,2,辣鸡，我想选零分啊！！！！！
42796,1455,郑其适,2017-01-15 12:24:31,3,4,1,真•绩杀
42876,1455,郑其适,2017-01-15 10:32:32,-4,3,7,郑老师虽然有点凶，但是教的时候还是很仔细的。其实人挺好的。虽然羽毛球给分一直不高，专项考核偶然性太大。根据成绩组成计算出来绩点应该有3.9，但是只给了3.6，不知道是怎么回事。想选羽毛球的要做好被拉绩点的准备。真爱羽毛球确实可以选郑老师的课。感谢郑老师一个学期的教学。
43007,1455,郑其适,2017-01-15 14:50:43,3,4,1,上课很严，绩点也不高
43496,1455,郑其适,2017-01-16 11:03:49,2,5,3,渣老师，脾气暴技术渣，给分巨差
44739,1455,郑其适,2017-01-18 07:43:59,-2,2,4,给分不错的啊，体育考核的几项都认真做了，很容易就满了
45767,1455,郑其适,2017-01-20 05:02:04,3,4,1,绩点不高是真的 但是人也还不错吧？评论区为啥这样说老师。
46715,1455,郑其适,2017-01-22 08:10:47,3,3,0,给分太差，一学期绩点就因为体育gg了
47932,1455,郑其适,2017-02-27 10:50:46,3,4,1,感觉挺好的。\n\n
49937,1455,郑其适,2017-04-27 09:56:28,2,3,1,真的没办法沟通了，五一放假之前一定要我们把十二分钟测了，烤柿粥刚过啊，反应说人太累了想休息一下都不行，一定要跑。关键考试周过了就我们星期五的有课，大家统一了五一回来跑不行吗，态度真的很差???
50964,1455,郑其适,2017-05-10 08:44:58,0,2,2,12分钟跑前让你热身到死的好老师，你跑了x圈到x圈半之间，其它老师会给你算x圈半，他就给你算x圈，不关心体谅学生，怎么可能受欢迎。。。
54817,1455,郑其适,2017-06-30 09:07:21,6,9,3,次次点名是真的。严格是真的。\n\n但是说实话老师很认真很负责的，有些东西确实是因为我们没做好他才会批评啊…又不是瞎批评。个人觉得老师就是那种刀子嘴豆腐心，先骂一通然后会给你补救方法。虽然最后专项考炸了绩点爆炸但是还是觉得老师没那么差
54835,1455,郑其适,2017-06-30 09:33:43,0,2,2,老师的感觉就是：我是老师，你们这群渣滓，轮不到你们讲话。
56880,1455,郑其适,2017-07-05 02:12:32,0,1,1,脾气不怎么样，但是人还行，但是除了教学还有其他问题，技术好点的推荐，反正考试是别的老师来
59137,1455,郑其适,2017-09-20 02:23:35,7,14,7,郑老师是真的善良；有人评论他脾气不好，我觉得一方面是他对技术绝不苟且；一方面可能是他真的不善言谈。其实你从他的只言片语中能发现他对学生的关爱与理解，老郑真的是好老师！
60204,1455,郑其适,2017-10-13 02:44:45,170,207,37,可能是因为我以前瞎玩羽毛球的原因，我的握拍发球扣球姿势都不太好，然后今天被老师看到就当着所有学生的面一直讲我，特别凶的那种，然后他越凶我就越紧张，本来还可以正常打过网的在他面前根本就打不过去。其实做老师最起码应该耐心一点，我是习惯问题一时很难改变姿势，我也已经很认真地听他讲了，所以觉得超级委屈。上课人多不好意思，下课了一骑上车就哭了。\n\n毕竟今天是我生日，一大早上被骂成这样实在不算是个礼物。
60231,1455,郑其适,2017-10-15 00:51:22,-1,1,2,渣老师人还这么凶想退课
63138,1455,郑其适,2017-11-28 15:24:07,-3,2,5,垃圾老师，不能好好说话吗
63653,1455,郑其适,2017-12-11 15:54:24,4,9,5,性别歧视，女生千万别选
63933,1455,郑其适,2017-12-20 00:06:53,6,7,1,不知道是不是每个人对“骂”的定义不同吧，我觉得老师整个学期没有骂过人啊。看到同学动作不好的话很主动指出来是真的，然后还会告诉学生应该怎么样做，还会自己也做示范。最后打球时间遇到不想对打的也很热心拿一长筒球开球过去给学生练习专项（虽然有时候球开的也不太好）。。有人的球拍线断了，他也很热心问要不要帮着找人换线啊。。。给分怎样就确实不知道，无端端不重视理论考试这一点个人还是有点不爽
64739,1455,郑其适,2017-12-27 04:16:06,-1,4,5,老师实际上是不错的，有时候脾气很差，但只是极少数情况。如果想学东西，郑老师是最好的选择。讲道理，有的羽毛球老师上课只教发球（因为考试考发球），但是郑老师会教你很多
64805,1455,郑其适,2017-12-27 07:52:52,0,6,6,奇怪，明明好端端的老师被你们说成这样。无言，老师虽然肝火有点大，但人很好呀。自己做不好，被老师说两句就要骂老师，唉。
65132,1455,郑其适,2017-12-29 06:29:13,2,3,1,上课很水，体验不好。脾气是真的差，在群里都不理同学们提出的问题，最重要的是性别歧视啊！！！！你们女生怎么怎么不好，你们女生考试怎么怎么不好，你们女生平时怎么怎么不好，要不是老师我肯定上去怼了，辣鸡老师?
65139,1455,郑其适,2017-12-29 09:02:37,5,7,2,脾气差是问题吗，人品差才是吧，我不是他班级的，但考试是他来考，自己看球不仔细就以最后落点来判断，明明没出界（连线都没压的球）就因为最后弹起来的落点在界外就算0分？（不是我的球，所以我在边上看的很清楚，而且其他同学看到了）想提醒老师看错了，态度真是差。更恶心的是后面一个女生成绩好一点，95+，（同学平时成绩好，和这件事没关系）他md直接不让下一个学生考试，跟这个女生打了几球？还半场高远球？我以为多精彩呢？所以上面吐槽性别歧视的醒醒吧，人家就是看不起你们打得不好的。最后郑其适你要是看得见这评论，我就想问问你监考真的问心无愧吗？那么多人看着的球，你好意思对学生的提问直接说“你看的准还是我看的准这种话”我以被你监考羽毛球为耻！浙大也不应该有你这样的体育老师
65244,1455,郑其适,2018-01-02 04:11:47,0,3,3,虽然上课的时候凶了点，但是老师还是挺好的…但是，羽毛球慎选啊！！！发球考试真的是想哭！！！
65513,1455,郑其适,2018-01-05 03:20:00,0,3,3,说实话，老师人真的很好
65630,1455,郑其适,2018-01-08 01:06:24,7,8,1,老师其实只是脾气有时候爆一些，人其实是很好的，会认真的教你球，也很体谅学生，真的没有前面说的那么差，性别歧视是真的没有啊……十分
68874,1455,郑其适,2018-01-24 04:31:06,2,2,0,给分没有其他体育课好，有时候有点凶
68878,1455,郑其适,2018-01-24 04:51:46,0,2,2,真·绩杀 全勤从未请假 理论考86 技术考75 最后3.0 真是无了语 比较严肃 但上课还蛮有意思 虽然课上的开心但是这个分真的是让我不知道说什么好。。。
68880,1455,郑其适,2018-01-24 04:52:45,1,3,2,老师人还不错，有的时候有点凶，给分是真的差。
68883,1455,郑其适,2018-01-24 05:02:11,-4,0,4,分很低…虽然我向来很水也不能怪谁，不过同样的水法其他体育课要高整整一个绩点。不过老师虽然凶，人还算不错的。
68894,1455,郑其适,2018-01-24 05:21:58,9,10,1,理论考100，技术考82，所有体测全都及格，有的成绩还不错，打卡打满了，最后绩点2.1，呵呵
68912,1455,郑其适,2018-01-24 05:50:16,1,1,0,有点凶吧 只能说上课没什么意思 想要绩点高的话只要理论考体测十二分跑都还好 期末考别太紧张就行 毕竟期末考还是很简单的 发十个球就行还不管你什么姿势（犹记得当初因为发球姿势不好被老师怼死）
69144,1455,郑其适,2018-01-24 08:56:30,1,2,1,这给分，绝望了
69195,1455,郑其适,2018-01-24 09:56:35,-5,1,6,待人有些凶，，但人还不错，还有我的羽毛球上四了，还行
69308,1455,郑其适,2018-01-24 12:31:14,4,4,0,一点都不体谅学生
69545,1455,郑其适,2018-01-25 03:34:42,4,4,0,难受，绩点查，把我均绩拉低好多好多好多，考试难不要选
70234,1455,郑其适,2018-01-26 09:15:00,4,5,1,为什么没有零分，极差的体验，莫名其妙发脾气扣分，呵呵
70765,1455,郑其适,2018-01-27 13:31:58,6,9,3,每节课点名，上课凶，性别歧视所以女声最好别选。最重要的是绩杀啊！！！woc，绩杀！！！！！
71647,1455,郑其适,2018-01-28 23:35:19,-4,2,6,老师并没有很凶啊，上课只要认真练习按照要求做，还是没问题的。至于成绩，主要看自己的理论和技术考试。
72006,1455,郑其适,2018-01-29 08:00:37,-5,1,6,emmmm怎么说，本以为会满的结果很低。之前听同学（打得很好）说专项考挂了最后也满了，但可能我打得不够好吧ヽ( ￣д￣;)ノ也不知道老师到底是按什么给的分，安慰自己还是学到了很多东西提高了技术水平吧，就酱。
74682,1455,郑其适,2018-03-05 05:43:13,2,4,2,教学还是认真的，但是其他时候让我们练，不管的；师德一般。呵呵。
75660,1455,郑其适,2018-03-15 01:52:14,3,6,3,本来就是不怎么会羽毛球才报初级班，哪有第一次打球就每个球都发得完美，说什么都一样教怎么就你教不会，脾气差得可以，直接上来就骂。真的不要选，宁愿空一天去上紫金港的课，尤其女生，如果技术不好真的会被骂哭的。
79187,1455,郑其适,2018-05-26 08:21:18,2,4,2,垃圾老师
79722,1455,郑其适,2018-06-13 05:06:32,0,4,4,老师真棒，为老师打call\n\n
79909,1455,郑其适,2018-06-15 05:40:36,-2,1,3,垃圾老师 给你考试乱发球 考试时后来的同学随便就给安排到最前面考试 最先到的人只能在那边暴晒
80296,1455,郑其适,2018-06-24 14:23:46,-5,0,5,挺好的老师，两个学期选他的体育课了。
82814,1455,郑其适,2018-07-09 07:24:50,-11,3,14,理论100，期末考96，50米满了，12分钟跑六圈半，打卡满了，引体向上11个，最后满绩了，感觉老师还不错吧
82831,1455,郑其适,2018-07-09 07:53:37,2,4,2,对于授课方面什么的，我是羽毛球菜鸡，无权评论。\n\n但这个给分是真的有毒啊，室友和我同一节课，每次都一起上课的，我50米，12分钟跑，引体向上，期末考试分数都比他高，只有打卡他比我多得一分，可是为什么最后我比他低6分π_π（有些嫉妒室友，难道老师看上了他的美貌？？？）\n\n
82991,1455,郑其适,2018-07-09 12:14:03,0,3,3,别选他的课!别选他的课!别选他的课!别人老师考核都是考核两三次，他只有一次!而且不怎么负责任，很多东西都不事先给你说好，在微信里面问他好久才回复。态度不好，教球的时候很严肃，不喜欢，给分也差，别让这个坑了你……
86990,1455,郑其适,2018-09-20 01:49:41,-2,4,6,第一节课必须去买他的100块钱一支的羽毛球拍，注意，是一只。不买不行
88573,1455,郑其适,2018-11-02 01:16:20,5,9,4,我觉得郑老师非常认真负责，没有前面评价这样
91055,1455,郑其适,2018-11-29 08:36:12,1,1,0,坑 坑 坑
91393,1455,郑其适,2018-12-08 02:04:45,1,1,0,呵呵呵
92254,1455,郑其适,2018-12-27 08:56:52,-4,0,4,以前他可能凶吧，但现在已经挺和蔼了，没见过他发脾气。\n\n教的确实不怎么样，老实说，如果我没基础，估计啥都学不会。\n\n初级班考试考发球，对于发球不好的人是绝对的噩梦，发球好的人也可能因为一两个出界而得低分。
92522,1455,郑其适,2019-01-02 01:08:24,3,5,2,虽然有时候的确会有一点凶，但是没有前面说的那么不堪，最后考试甚至宽容了一个球，就算最后给的绩点不好，我也认为他还是个好的老师
93367,1455,郑其适,2019-01-25 04:28:14,1,3,2,给分差脾气差 羽毛球真的不推荐
93551,1455,郑其适,2019-01-10 10:05:41,1,5,4,郑老师人挺好的，就是有的时候少了点耐心，但还是很为学生着想的。考试不是就只给考一次，可以考两次，至于分数就看自己水平啦。
93596,1455,郑其适,2019-01-11 00:56:09,-4,3,7,不知道哪些差评怎么回事，18级表示这学期之后想四年选一样的体育课
94969,1455,郑其适,2019-01-18 14:01:32,3,4,1,会喝酒吗？酒会喝了，球也会打了
98051,1455,郑其适,2019-01-23 04:29:01,6,8,2,修改评分，从4减到最低的1。
98239,1455,郑其适,2019-01-23 08:37:50,3,3,0,感觉老师不太有耐心而且凶，有的时候简直莫名其妙就开始发火，我真的emmm
98909,1455,郑其适,2019-01-24 05:01:18,-1,2,3,教课挺认真的，所以感觉很严。说话比较凶，但说的都是有道理的话。\n\n但最糟的是，我觉得这个老师挺没礼貌的。你有问题问他他也不好好回答，一个劲地扯开话题，有问题微信问他也不回。体育课分这么低也没见过了。
99654,1455,郑其适,2019-01-25 04:32:20,2,3,1,这个老师很好，会因为你一个动作不到位而着急。不行忍不住了我要说人话。\n\n我们tm是初级班没错吧？考试考这个？？别人体育老师给分均绩4分，你就3分，？？？一般的体育老师不想拖累我们大一的绩点都会给高，您真是“正直”呢！\n\n脾气差给分差，虽然羽毛球火爆，但是，选它须慎重！
99857,1455,郑其适,2019-01-25 08:43:30,6,8,2,呵呵，每节课都来，打卡也打了，理论考90，最后考试77，最终总分还低于77，服了，确实是绩杀，而且还是莫名其妙地降分。
99879,1455,郑其适,2019-01-25 09:02:41,-12,1,13,期末考75的我莫名其妙上了4...
99969,1455,郑其适,2019-01-25 11:11:18,2,4,2,为什么没有0分
100517,1455,郑其适,2019-01-26 08:38:49,4,7,3,其实真的一分都不想给。脾气凶态度超级差也就算了，给分还低，绩杀，真没想到会因为一门体育课拉低自己绩点。真不知道怎么会在浙大碰上这样的老师。学校发展太快也应该考虑一下师资力量的发展？
102611,1455,郑其适,2019-02-13 06:26:42,3,6,3,挺好的，关键看自己吧，初级班是他的，期末发球考试玄学^=_=^给分也挺实事求是的，最后4.8
105114,1455,郑其适,2019-04-04 01:25:29,-1,4,5,你也配当老师，也就借着羽毛球的热度，才有人选你的课程
105404,1455,郑其适,2019-04-11 22:41:25,2,4,2,表达能力捉急，脾气坏，不敢恭维
108252,1455,郑其适,2019-06-30 11:41:33,7,15,8,讲真，体育课绩点这种东西，还不是靠自己吗？打卡、身体素质、签到、专项考试，老师哪样能坑你？自己技术好不就高了吗？ 还有态度问题，老师只是比较直吧，大家又不是小孩子了，没有人一定要迁就你的情绪。
108718,1455,郑其适,2019-05-31 16:49:48,16,34,18,感觉好奇怪啊，是控评了吗，我也是羽毛球初级班的，而且打得是真不好，但是郑老师真的没发过脾气，不会的就问啊他好耐心地讲，真的觉得奇怪这个评论
109408,1455,郑其适,2019-06-14 03:01:52,11,16,5,老师真的挺好的，有时还会和学生开开玩笑，考试的时候还会鼓励学生，很暖啊
109412,1455,郑其适,2019-06-14 03:38:08,15,26,11,我看很多差评基本都是16和17年的，作为一个从18年到19年经历过羽毛球初级班和中级班的人来说，郑老师真的没你们想得那么差，或者说相比于前几年是有很大好转的，教球有教，但毕竟技术这东西还是要看平时的练习，他有时候看你打的不规范也会指出来。脾气的话一年了，他上课我就没见过他发过脾气，所以说想选羽毛球的话郑老师是值得选的。
109426,1455,郑其适,2019-06-14 09:32:00,-4,0,4,发球瞎发？故意给考试制造难度，真是难得的好老师
109433,1455,郑其适,2019-06-14 12:06:51,-1,2,3,态度也太差了吧
111971,1455,郑其适,2019-07-03 05:05:17,3,6,3,老师人真的不错 性子直而已
112992,1455,郑其适,2019-07-05 17:17:57,1,4,3,给分挺实事求是的，上课比较水，但是老师看到技术不行的同学也会耐心指点。
113772,1455,郑其适,2019-07-07 11:47:25,3,3,0,真的绩杀
114056,1455,郑其适,2019-07-08 14:14:48,4,10,6,羽毛球考试考发球就决定这个课的给分非常硬核，很实事求是，你发多少分就是多少分，老师对你最后得分的影响并不大，所以在说老师绩杀前想想自己发球发了几分。老师挺和蔼的，平常事也不多，最后还给补签，尽量把平时分拉高，我觉得他做的已经很好了，所以一些人不要因为自己的技术不行就说老师是绩杀，这样非常不负责任。
117511,1455,郑其适,2019-09-25 08:11:10,-2,6,8,别的不多说，反正我跟定郑其适了23336
121105,1455,郑其适,2020-01-19 15:20:16,2,5,3,我觉得老师的态度其实有在好转，给分也没有多差，体育课真的靠自己拿分，是最公平公正的课了。老师不调分是本分，调了分是情分。
126388,1455,郑其适,2020-09-24 14:25:43,8,9,1,卧槽。我补选上的，刚刚才知道这个软件。没得选了。QAQ\n\n
128018,1455,郑其适,2020-12-03 08:37:31,4,5,1,应该是我脸皮厚，不知道为啥他每次骂我总带着点恨铁不成钢的感觉，就没这么往心里去了2333
128291,1455,郑其适,2020-12-16 15:28:41,0,1,1,身体素质课没必要为难学生吧
129247,1455,郑其适,2021-01-02 09:11:44,0,4,4,我感觉老师人很好呀，不知道为什么这么多人打低分，感觉老师挺亲切的，也会很认真地纠正你的错误，是个很可爱的老师ww！
129589,1455,郑其适,2021-01-08 04:38:49,1,4,3,受伤请假算旷课
129653,1455,郑其适,2021-01-10 05:51:07,4,6,2,一丝一毫的耐心都没有。考个试迟来了会一直对我发脾气搞我心态，本来练得好好的结果动作都变形了……以后不敢选羽毛球了怕考试遇到他
130220,1455,郑其适,2021-01-19 09:41:09,2,7,5,呜呜呜老师真的人很好啊只是不擅长表达而已，而且说实在也没有很凶啊，有的同学自己上课态度很差过来打也不认真就想水课，还说老师的不好，真的很无语耶你们这些人
130345,1455,郑其适,2021-01-21 06:42:55,3,6,3,老师平时还好，十二分钟很严格，另外羽毛球考试比起其它班还是蛮难的，所以绩点不好
132471,1455,郑其适,2021-02-01 23:57:01,0,3,3,老师有时会有点严格，不过人还是很好的，关心学生，期末还会调分哦
132851,1455,郑其适,2021-02-04 07:22:01,1,4,3,老师很认真...能学到东西
134142,1455,郑其适,2021-03-17 03:50:19,0,3,3,真的是辣鸡老师
142982,1455,郑其适,2021-11-18 02:56:30,-4,1,5,请假变成旷课  个人第一门中途弃修的体育课
144279,1455,郑其适,2021-12-21 03:57:30,0,0,0,身体素质课，晴天爬杆子+打卡，雨天绕体育馆走路，体验普通
144910,1455,郑其适,2021-12-26 01:55:45,0,0,0,一般般吧
148515,1455,郑其适,2022-01-12 17:38:42,3,3,0,平时讲课很模式化，讲完课时安排后基本上就是和老师没什么沟通了，课上到一半老师就会消失一阵子，回来后会和跟他关系好的同学对打。有点小遗憾吧，挺希望能得到老师更多的指导纠正，但更多时候是在听老师说不用休息、坚持打球。老师经常会在羽毛球课快下课的时候要求我们跑步来锻炼身体素质，而且12分钟不水成绩，很硬核，呜呜。这学期因为疫情严重，考试形式变了，考颠球，大家成绩都很好；另外，老师会在最后两节课消旷课记录，能努力的方面都努力了。
152761,1455,郑其适,2022-04-19 10:26:47,0,1,1,老师人很好，脾气不差的
153159,1455,郑其适,2022-04-26 09:36:56,5,6,1,人超级好，有耐心，水平也很好，很和蔼的小老头，怎么上面评价这么低呀！！！？！会和同学开玩笑，虽然我也被当着大家的面说过姿势不对，并且好几次被单拎出来hhh但是我觉得这些都是自己的问题，老师是很可爱负责的！
153796,1455,郑其适,2022-05-11 09:00:33,-5,0,5,下大雨还去绕体育馆，我真的会谢
153952,1455,郑其适,2022-05-18 01:36:18,2,2,0,脾气有点臭
154167,1455,郑其适,2022-05-25 03:17:02,-14,3,17,纯纯脑t东西
154658,1455,郑其适,2022-06-03 02:45:47,8,14,6,他真的太好了，水平也很高能学到东西，你们打分都说凶，但是平时你要是好好上课根本不会被凶，自己上体育课不认真，态度不好怪谁，这反而体现了他的负责，他甚至会在最后给你补上缺勤记录，羽毛球考试本来就硬核，考的差和他有什么关系，他已经有在通融了。言尽于此，大家都不是傻子。
154716,1455,郑其适,2022-06-04 06:28:50,4,4,0,老师人挺好的，没有像上面说的脾气不好啥的，只要自己不偷懒，和郑老师还是很好相处的
154938,1455,郑其适,2022-06-07 03:33:31,3,3,0,一言难尽
154939,1455,郑其适,2022-06-07 03:33:45,1,1,0,哈哈哈
154949,1455,郑其适,2022-06-07 04:09:28,2,2,0,会打（业余的不太推荐）的盲选，小白千万不要来，很痛苦（是内外一起的痛苦，尤其是越到后期）。老师个人很强，但是水平不大行的学生可能不适合。（PS：脸皮比较薄的千万不要来！）
155719,1455,郑其适,2022-06-15 10:36:12,5,5,0,人真的挺好的，挺负责的，没有大家说的那么差，只是想水体育课的不建议选，真的上课好好打老师会给建议指导的。
161218,1455,郑其适,2022-11-01 03:14:55,1,3,2,引体向上做完打这学期第一次评论\n\n老师一直鼓励你去做\n\n而且真的很师生情！
163967,1455,郑其适,2022-12-17 03:48:11,1,1,0,哈哈哈
165455,1455,郑其适,2023-01-06 08:16:16,-3,1,4,现在比之前好很多了\n\n比如签到最后会给你全补签上\n\n比如各种体质测试都不是那么严格（懂得都懂\n\n其实羽毛球的测试是有很大随机性的 所以专项成绩确实需要多考虑\n\n但是今年疫情改成正手击球了\n\n又是一次很舒服的成绩
168354,1455,郑其适,2023-02-13 11:19:27,-3,3,6,赞成楼下所说的\n\n老师现在很温柔\n\n今年如果没签到都会在最后给你补签上\n\n相当于考勤是全满的（但是不要翘课）\n\n另外身体素质测的也不是非常严的那种\n\n体育理论打分也不错\n\n专项今年是颠球 很容易拿分\n\n总之来了yq的同学可以选 不要怕
170797,1455,郑其适,2023-03-10 01:55:12,-6,1,7,老师人很好
171458,1455,郑其适,2023-03-25 01:31:43,-4,2,6,好 真的非常好
171711,1455,郑其适,2023-04-03 02:09:50,17,19,2,要求很严（有一个基础差的同学基本节节课被训），不让休息（指下课前五分钟打累了坐那休息下就被赶起来了），大学最后一门体育课，哪有那么多的闲心搁这练技术，我来上就是运动下放松下，又不是来找罪受的
172456,1455,郑其适,2023-04-27 06:43:32,22,24,2,逆天，拿医院请假条都不给批。钉钉隔三天回一句，纯纯逆天，啥要紧事都不说
172731,1455,郑其适,2023-05-05 12:07:50,-6,1,7,我真的觉得郑老师很好的人，最近几年真的真的改了好多，对学生好好！
172738,1455,郑其适,2023-05-06 00:44:00,-6,2,8,老师人真的真的非常好
173746,1455,郑其适,2023-06-02 06:48:17,-9,2,11,老师真的很好\n\n会教很多技术，而且也会在你不会的时候指导\n\n不知道为什么打分这么低
174268,1455,郑其适,2023-06-08 12:45:51,62,65,3,逆天中的逆天，腿受伤了骨折了不批病假，钉钉消息好几条都是已读不回，受伤前每次课都到认真上课，对工作负责态度极差
175417,1455,郑其适,2023-06-24 18:37:45,0,0,0,简而言之，傻逼一个
175418,1455,郑其适,2023-06-24 23:20:29,0,1,1,看得我血压上来了，你算个什么东西啊🤬
175419,1455,郑其适,2023-06-24 23:28:16,0,0,0,弱智东西
175420,1455,郑其适,2023-06-24 23:35:58,0,1,1,朵朵上看到的，纯纯傻逼加逆天
175421,1455,郑其适,2023-06-24 23:38:04,2,2,0,我觉得对学生的理解和尊重是做老师的基本条件，而不是知道学生骨折受伤还不批病假要求学生到课😅
175423,1455,郑其适,2023-06-25 00:22:00,1,3,2,什么东西，已读不回，然后让别人挂科是吧，你的高高在上实在是碍到我眼睛了。
175424,1455,郑其适,2023-06-25 00:30:21,1,2,1,慕名而来，钉钉已读不回，骨折就挂科，牛的
175425,1455,郑其适,2023-06-25 00:53:06,3,5,2,逆天，别人骨折你挂他，给你打个1分不过分吧
175426,1455,郑其适,2023-06-25 00:56:55,0,2,2,逆天，钉钉已读不回，同学受伤了无法参加考试，他直接把人挂了
175428,1455,郑其适,2023-06-25 01:01:44,0,3,3,看完98帖子来给你个1分 傻卵
175429,1455,郑其适,2023-06-25 01:13:10,0,2,2,纯nt，非要拖到别人挂到才回消息
175431,1455,郑其适,2023-06-25 01:39:43,1,2,1,匿码死了，纯纯臭沙币，对学生这样子还高高在上装糊涂，不怕遭报应吗
175438,1455,郑其适,2023-06-25 02:07:56,2,2,0,纯傻逼东西
175463,1455,郑其适,2023-06-25 05:16:54,5,5,0,老师脾气差 喜欢骂人 不近人情 \n\n而且我明明来上课了 签到了 莫名其妙给我取消了算我没到\n\n我找他 他硬说我没来 明明我的球搭子都给我证明了 就是说我没来
175545,1455,郑其适,2023-06-25 12:38:34,1,1,0,😄哈哈
177081,1455,郑其适,2023-07-01 14:57:50,5,5,0,28号晚上给他发了个钉钉，第一次签到给我漏签了，7月1号成绩出了他才已读。可恶，浙大老师能不能多看看钉钉啊。
177083,1455,郑其适,2023-07-01 14:58:45,1,3,2,呵呵，
180866,1455,郑其适,2023-09-27 09:32:49,0,2,2,体素课事贼少，45分钟的课热身20分钟，跑步也不管哈哈哈哈哈
181111,1455,郑其适,2023-10-09 03:24:25,0,1,1,话不说清楚，让学生走尽了弯路，架子极大，让人非常不爽
181112,1455,郑其适,2023-10-09 03:24:24,0,1,1,话不说清楚，让学生走尽了弯路，架子极大，让人非常不爽
181113,1455,郑其适,2023-10-09 03:24:24,0,1,1,话不说清楚，让学生走尽了弯路，架子极大，让人非常不爽
181442,1455,郑其适,2023-10-18 01:28:11,0,2,2,sb
181470,1455,郑其适,2023-10-18 10:05:20,0,2,2,。。。
181501,1455,郑其适,2023-10-19 10:21:35,0,2,2,sb玩意，滚！
181502,1455,郑其适,2023-10-19 10:49:29,0,2,2,什么玩意
181744,1455,郑其适,2023-10-30 13:59:36,3,5,2,呵呵🤭一个半小时的体育课一分钟都不给学生休息，坐在旁边坐一会就等着被骂吧。考什么都严格不留情面，脾气还很大傻逼老师。
184617,1455,郑其适,2023-12-22 03:17:52,-1,2,3,丑sb
185013,1455,郑其适,2023-12-25 15:20:36,-1,2,3,老b登
186785,1455,郑其适,2024-01-13 05:06:20,4,6,2,今天出分了，喜提满绩，但是客观评价不太适合没有基础的同学选。每节课都会点名（虽然到了期末的时候如果你中间有点名没去的话会帮你一次性消掉）；脾气差是真的，虽然出发点是好的是想要同学们多练练但是态度真的不敢恭维，经常不留情面地嘲讽and声音很响，心理素质不太好的慎选；钉钉感觉看的也不多。\n\n老师本人的技术没得黑，本人由于有一定的基础所以说最后能拿到满绩，在这个过程中也感受到老师的个人技术很强，教学也有一套方法（但是不知道为什么就感觉其实学不到什么东西=.=）
188490,1455,郑其适,2024-01-19 05:37:32,1,3,2,为学生利益着想
190469,1455,郑其适,2024-03-05 07:50:31,2,3,1,23秋冬上的体素课，运动量真的非常少，人到了就行，做二十分钟拉伸（就是自己随便拉伸）再去操场跑到下课（但是老师不会管 可跑可走）脾气似乎比之前好多了 对有伤的同学不要求强制运动 总之强推体素
190645,1455,郑其适,2024-03-13 03:47:28,2,3,1,总体来说挺好的老师，说话比较直不过也是为了指导学生，推荐的
192868,1455,郑其适,2024-05-31 06:04:12,-2,5,7,老师虽然长得比较严肃 但是人真的很好 很可爱 体素课虽然每节课都要签到 但是强度也没有很大 总之是很有人情味的可爱小老头哈哈哈哈哈
192916,1455,郑其适,2024-05-31 13:59:27,3,4,1,之前引体向上的时候有同学在往手上拍镁粉忽视了身后的同学，身后的同学也在看手机没注意，老师看到了就制止了他，花很多时间跟我们讲这种东西不好不要用，吸进肺里有害身体。老师人还是可以的\n\n关于羽毛球，如果有点水准上他的课还是很不错的，我也确实学到了点东西，暑假里去暴打球搭子
192988,1455,郑其适,2024-06-02 01:59:01,1,3,2,逆天双肩包，考试的时候分给你真的是最倒霉的事，自己考试开始前让我等那么久，我发了两个球才和我说你没看到，口齿不清，说什么“零分”“不算”，我以为这个球废了，接下来的球因为这个事没发挥好，结果下场了和我说本来让我重发这个球，?逆天难😃😃😃三个无效球都是拜你所赐啊良师
193123,1455,郑其适,2024-06-04 00:53:38,2,3,1,脑子有坑，期末考试跟他确认一下要求，被他骂了，还把别的同学不知道要求跟他顶的事情一同算在我头上骂，还当众点名说你不清楚要求。你很牛皮是吧。害的别人考不好很6是吧，就一个体育考试而已，确认一句要求就要被搞我也是服了
193433,1455,郑其适,2024-06-11 00:55:36,0,4,4,拉倒了，拿个破烂分滚蛋了，得了五学期满分满绩，在你这里4.8不知道有没有，根本无法沟通的老师，标准不客观，质疑就要打压别人
194177,1455,郑其适,2024-06-22 10:41:06,0,1,1,还是想来评一下，上这个课，1学分对总绩点影响不大，对心情影响很大。我真是倒了八辈子的霉上这家伙的课
196636,1455,郑其适,2024-07-04 11:49:01,1,1,0,老师我求求你能不能看看钉钉消息
199565,1455,郑其适,2024-09-25 11:56:37,0,3,3,建议回印尼
199657,1455,郑其适,2024-09-27 05:11:17,-1,2,3,特别凶别选
200315,1455,郑其适,2024-10-16 01:48:54,-1,3,4,才上第二节课，有些人发球还不太会，然后就被他嘲讽了，很没面子的那种。\n\n人也特别凶，发球明明姿势没有问题，也发过网了，结果他一句好话也没有，说“你发球发那么轻干什么”本来就是两个人对打啊，发球有轻有重很正常吧，难道每一次都要用最大的力么😓\n\n特别重男轻女，“男生都打得挺好的，女生怎么还要想一想再做动作”“女生好好想一想为什么男生发得过去你们发不过去”真无语。。。\n\n还搞区别对待，对其中几个人说话轻声细语的，对别人就是语气很冲。。。\n\n总之就是，千万别选！！！
200418,1455,郑其适,2024-10-17 01:54:44,-6,2,8,早点死吧。。
201745,1455,郑其适,2024-11-06 02:20:04,-6,6,12,傻逼傻逼傻逼傻逼傻逼傻逼傻逼傻逼傻逼傻逼傻逼傻逼傻逼傻逼傻逼傻逼傻逼傻逼傻逼傻逼傻逼傻逼傻逼傻逼傻逼傻逼傻逼傻逼傻逼傻逼傻逼傻逼傻逼傻逼傻逼傻逼傻逼傻逼傻逼傻逼傻逼傻逼傻逼傻逼傻逼傻逼傻逼傻逼傻逼傻逼傻逼傻逼傻逼傻逼傻逼傻逼傻逼傻逼傻逼傻逼傻逼傻逼傻逼傻逼傻逼傻逼傻逼傻逼
201917,1455,郑其适,2024-11-07 10:48:34,-5,2,7,傻逼，脾气差的要死
202401,1455,郑其适,2024-11-12 10:53:22,15,17,2,emm上了半学期感觉真没评论区说的这么糟糕，甚至体验还挺好。很多时候确实刀子嘴豆腐心，好几次迟到了十几分钟最后也没算迟到，引体向上测试也放了水……
207065,1455,郑其适,2024-12-19 06:25:44,4,5,1,老师其实挺好的，可能年纪大了和学生交流确实有代沟，说话风格不是那么令人喜欢。但是老师确实是属于刀子嘴豆腐心，虽然话说的很严厉，但其实各种测试也都会放水，都会关心到学生的实际需求，给个10分
207637,1455,郑其适,2024-12-23 11:44:20,6,6,0,给个7分吧。事情少，上课就开头教不到半小时接下来自己练。测12分钟进0.25法（还是自己输成绩），仰卧起坐不盯人。但老师非常不活跃。我十月中旬给他发的消息到现在还是未读，知到就刚开课时提了一句，要不是别人提醒我都不知道截止时间就那么错过了，跑12分钟的那节课他都是上课了十来分钟才出现。\n\n很多人说老师爱骂人，确实有，但还是能接受的程度。对于没什么基础的同学可能语气会比较冲，但应该是急的不是生气，相比之下骂的更多的是玩手机的（可以玩但要眼观六路耳听八方地玩👀）。\n\n我握拍姿势不标准，老师看到会说我，但问老师考发球时对握拍有没有要求，老师也说能发过去就好了，所以我到最后也没有改🤡
207877,1455,郑其适,2024-12-24 23:57:30,9,9,0,请同意的同学拉我上去！评价需要时效性，一个客观全面的评价可以让同学选课有更多的选择！\n\n八到九分的老师，客观的评价，是一个水平高上课事少的老师，优缺点明显，请各位自行选择吧。\n\n    对以下两条不接受的千万别选！\n\n    1老师刀子嘴豆腐心，对学生很好但是话语很尖锐，如果你认为不能接受请不要选！但是老师真的对学生很好。\n\n    2老师钉钉几乎不看，和楼下同学说的一样，基本都是未读和不回，但是重大通知还是会有的，只是不像别的老师提醒两三次。\n\n    优点也很明显：\n\n    1.练习针对性强，事少。老师根据每节课的内容会有特定十分钟给大家练，指出大家问题，后面热身也是对于旧方法的复习。上课一般讲半小时剩下自由，但不要刷手机！（老师：这是上面要求的，我没办法）\n\n    2.体育测试会小捞。12分钟会捞个100，引体比较松，一般会捞一个，考试考发球，压线了一般算高分区的（但是单论专项考我室友的别的体育项目分比羽毛球好拿很多）\n\n    3.嘴上说着千万不要缺课，但是期末最后一节会让同学集体签到，这一次签了就可以抵扣之前所有的迟到未到（不知道以后还是不是）\n\n    老师介绍：一个中年小老头，如果你做的事和他预想有大出入就会有点凶，正常经常笑。水平非常高，基本上指哪打哪，各种球技也很精湛，一般自由时间就不管了，偶尔也会指点一下。\n\n    总的来说，郑老师原来可能确实做过一些很逆天的事情，但是单论这个学期还是很不错的。
207889,1455,郑其适,2024-12-25 01:21:47,3,3,0,羽毛球并不是一门很轻松就能够入门的运动，一共十几节课的时间说实话就算是你想练好最后期末考试的发球也不是一件很轻松的事情。老师好像是前国家队队员，但说实话他教的东西我并没有看到有国家队队员自己的理解，反而是网上随便刷刷教学视频都能看到的基础理论。如果你是羽毛球小白想学羽毛球技术，建议还是找个教练，一个班的人可能太多了也确实没办法看到各种个性化的问题，如果你羽毛球打的很好，那随便找个羽毛球老师的课都行
208104,1455,郑其适,2024-12-25 14:56:20,4,4,0,十分！！老师就是刀子嘴豆腐心好吧！！\n\n发球考试使劲捞，引体向上也要求不是很严，甚至签到都能捞！人其实很好，和同学也聊的来，非常推荐选！
208242,1455,郑其适,2024-12-26 10:27:42,7,7,0,好老师\n说真的我没怎么觉得他骂人，有的时候是有人玩手机他会说。但是这很正常吧，体育课玩手机然后被骂，我觉得没什么问题\n老师确实想我们学好，上课其实挺宽松的，第一节课就说过如果你累了，可以到边上休息一下\n对于一些注意事项（比如期末考会被判犯规的情况）他讲了好多遍，挺认真负责的\n十二分钟跑也不严格\n如果女生真的觉得他凶的话可以不选，就我男生的视角来说，我没觉得老师有什么地方不好的
209329,1455,郑其适,2025-01-05 12:18:32,1,2,1,老师很好 会调分 考勤也会通融，没有前面说的那么可怕！ 本羽毛球小白这学期满啦！
209520,1455,郑其适,2025-01-06 07:25:06,2,2,0,其实还行，只是说话有点冲，遇到事讲不太清楚，上课事少，签到考核这种还会小捞一把
210247,1455,郑其适,2025-01-08 14:16:37,0,0,0,挺好的，老师人不错，而且毕竟是老国手，能学到东西的
213067,1455,郑其适,2025-01-16 02:12:41,1,1,0,老师其实是一个别人看起来比较矛盾的人，我发球不是很擅长，老师很着急会凶我两句，但是他过后又会跟我解释让我不要放在心上。他发现我手胶没缠，于是嘱咐我让我下次上课找他让他帮我缠手胶。不过最后考试的时候，他超级凶，本来能正常发挥还不错？但是老师在旁边一直指我的错误也让我过度紧张，不过也有自己抗压能力不强的原因吧，最后也是过了，人是很立体的，我也不知道怎样去评价老师，但是老师4的评分确实是有点低了。
214623,1455,郑其适,2025-02-15 05:45:01,2,2,0,稍微有点基础的，来上就行了，老师可能讲话直了点而已，但真的在乎你打的对不对，会指导。完全零基础的，心态如果放好，也是能学东西的。不喜欢羽毛球只想水课的请绕道。
215402,1455,郑其适,2025-02-26 01:32:21,0,0,0,非常好老师
215493,1455,郑其适,2025-02-27 03:31:06,0,0,0,神中神
217137,1455,郑其适,2025-04-02 11:16:35,2,2,0,老师真的很好啊啊啊啊，两次选他的课了，现在骂完人都会笑笑，就是很好玩的小老头，我在课上线打断了他会帮我缠，而且只要看见我是在认真的打球没有偷着玩手机他都会笑着的。
217824,1455,郑其适,2025-04-17 03:38:17,0,1,1,非常好的老师，满分。有什么问题都可以大胆提，很体贴。数年前的差评可以作废了
219225,1455,郑其适,2025-05-23 07:59:31,1,1,0,老师真的人很好啊啊啊啊！
220906,1455,郑其适,2025-06-20 09:52:23,0,0,0,郑老师的课挺好玩的，就是上课玩手机被看见的话会比较严肃
221832,1455,郑其适,2025-06-26 14:50:40,0,0,0,挺好的老师，今年班级 30 多个人感觉有快一半人期末考 90 分上了，平时分也不会扣的。
5997,1464,叶亚金,2017-12-24 14:42:15,5,12,7,上课认真
6290,1464,叶亚金,2017-12-27 04:40:09,-3,12,15,乒乓球非爱好慎选
6926,1464,叶亚金,2017-12-22 01:25:43,42,56,14,老师是那种很负责很亲切的人，做事有原则，讲道理
10973,1464,叶亚金,2015-11-23 14:12:13,6,11,5,很认真
12430,1464,叶亚金,2015-12-23 09:05:27,0,4,4,老师人很不错 我引体向上拉不起来她都帮我多数几个棒棒哒
13214,1464,叶亚金,2015-12-25 07:52:34,0,2,2,很好的老师
13502,1464,叶亚金,2015-12-28 14:36:59,0,2,2,老师不错！
13819,1464,叶亚金,2015-12-31 12:48:24,3,6,3,很通融的老师，教的也可以
14500,1464,叶亚金,2016-01-07 09:16:54,0,4,4,老师非常好 理论考都会把高频点告诉你
14736,1464,叶亚金,2016-01-08 14:29:40,4,7,3,老师很认真，也会尽量帮助我们拿好成绩，赞一个
15535,1464,叶亚金,2016-01-15 07:13:03,1,3,2,很好的老师
16150,1464,叶亚金,2016-01-17 10:34:09,0,2,2,特别亲切的老师
16735,1464,叶亚金,2018-08-25 07:18:22,22,27,5,棒！当然你得好好学。最令我感动的是引体向上，我标准的也就一个，结果测的时候竟然混了8个！！教的挺好，人也不错，发成绩之前还会给发到微信群里看，确认无误才发。
17369,1464,叶亚金,2016-01-20 06:21:19,12,15,3,很棒的老师，我基础差，老师特意几节课专门帮我练攻球。非常好的老师，选上了中级班，开心。
18626,1464,叶亚金,2016-01-22 06:58:31,0,3,3,很好的老师\n\n
18987,1464,叶亚金,2016-01-23 02:08:30,18,25,7,叶老师真的是很慈祥很好的体育老师，给分比较公正但能提分的也会提
19474,1464,叶亚金,2016-01-24 09:59:04,0,2,2,很好的老师
28603,1464,叶亚金,2016-06-28 10:52:46,4,6,2,不错的
28654,1464,叶亚金,2016-06-28 11:41:05,3,6,3,很棒的老师~很和蔼。还能挣到钱hhh
30370,1464,叶亚金,2016-07-01 12:08:18,3,5,2,上课会组织打各种比赛，挺有趣的
33693,1464,叶亚金,2016-09-21 05:49:04,-13,3,16,啰嗦到死
33732,1464,叶亚金,2016-09-21 07:59:52,5,8,3,很是细心，用心，和蔼，非常好。
37799,1464,叶亚金,2016-11-21 06:16:00,2,4,2,爽死了
39023,1464,叶亚金,2016-12-20 14:44:06,3,5,2,想办法让你拿高分  好老师
39142,1464,叶亚金,2016-12-21 10:20:04,1,4,3,老师真的好，很慈祥，理论考时也会提要点
39193,1464,叶亚金,2017-01-14 03:23:32,1,8,7,老师是挺好的，但是建议完全没有乒乓球基础的同学不要作死选啊。。。我先哭一会儿
39685,1464,叶亚金,2017-01-14 07:06:14,0,2,2,老师很好
40274,1464,叶亚金,2016-12-31 09:29:07,-29,12,41,woc！为什么没有0分！辣鸡老师给分超级低！我哪是开一点玩笑！不说了，可以给的分都不给\n\n
41620,1464,叶亚金,2017-01-12 09:11:39,1,2,1,老师人真的很好，给分也好。
42141,1464,叶亚金,2017-01-13 15:54:56,1,5,4,老师很棒(特别是比起另外两个)，教的很仔细，对人也很好，还会帮我们补考。不过考试略难，非乒乓球爱好者不推荐。
42417,1464,叶亚金,2017-01-14 07:22:55,0,2,2,很棒很棒
44005,1464,叶亚金,2017-01-17 07:53:48,2,6,4,这老师太好了，想上乒乓球课的同学们一定要选她啊，给分儿超级好，各种测试什么的都很轻松的，老师很照顾学生，虽然我专项测试很不好，但最后还是惊讶地发现我拿了4.2，超赞
48348,1464,叶亚金,2017-03-02 08:32:25,1,2,1,人超级好给分棒 比起其他几个乒乓球老师，绝对要选叶老师！
51569,1464,叶亚金,2017-06-07 08:29:50,0,0,0,很棒的
51791,1464,叶亚金,2017-06-10 09:43:55,0,0,0,很贴心的老师！！负责任又很亲切！
52965,1464,叶亚金,2017-06-24 07:54:06,-10,4,14,我再也不选乒乓球了 还是让那些有基础的人来吧 除非你去找她 他基本不教你怎么打
56486,1464,叶亚金,2017-07-04 01:38:23,4,5,1,人极好，一生推。
63956,1464,叶亚金,2017-12-20 05:21:29,0,1,1,超级好的老师 非常关心同学
64404,1464,叶亚金,2017-12-23 08:14:38,5,7,2,叶老师超棒呐！！跑完12分钟又颓又丧，她就一脸担心地过来搂着我扶着我，哦嚯嚯嚯超级温暖的
64858,1464,叶亚金,2017-12-27 12:43:17,2,4,2,认真负责，照顾学生，比起一起上课的旁边班的老师，看上去就好很多，嘻嘻?
65048,1464,叶亚金,2017-12-28 10:57:25,28,31,3,老师超好的！跑完十二分钟之后老师从车里拿了个很甜的橘子给我吃233
67072,1464,叶亚金,2018-01-20 07:55:06,0,1,1,老师真的挺好的，给分也好，上课也挺轻松的。
73052,1464,叶亚金,2018-01-31 18:21:34,0,1,1,只要你认真学，能学到好多东西
73975,1464,叶亚金,2018-02-04 02:49:49,0,2,2,老师超棒！给分很求是
81204,1464,叶亚金,2018-07-04 09:25:42,-1,2,3,老师给分很好！！感觉自己每一项都只有及格多一点，还是收获了整个学年的最高绩点。老师很认真负责的，基础太差的她会手把手教你。会经常和我们聊天，基础差的也会叫打的好的同学一起打。总之老师很耐心很好的。很遗憾下个学期没有选上体育课，想补选老师的乒乓球呜。哭了。
81329,1464,叶亚金,2019-01-03 05:50:51,-65,7,72,选了3个学期老师的乒乓球，分别是98，95，89（最后一次室友不想帮我代跑12分钟跑，自己只跑了五圈，还多报了半圈老师也不说hhh）老师真的超细心！！而且很努力的帮我们提高分数，以前有3次测技术的机会，现在是2点5次，其他老师都基本只测两次！而且老师上课会超耐心的给你讲各种事情，每次都把我们当做大一的小萌新，什么都给我们讲的很细致。东西落下也会在群里告诉我们，人非常善良！期末大家分数普遍86＋！第二次上她课本来只有94（因为我室友帮我只做了9个引体向上，扣了5点5分）然后我在群里求她帮我加一分满绩，她也帮我加了！！真的是在我浙遇到的最关心学生的老师之一～
94369,1464,叶亚金,2019-01-16 08:21:38,1,2,1,在选这门课之前没有碰过乒乓球拍，学得有点痛苦emmm但是老师真的很负责，几乎每节课都会指导我，十分负责（打得太差老师都脸熟我了哈哈哈哈），最后乒乓球部分海星辣，体测十二分钟跑之类也尽力了，满辣～
94421,1464,叶亚金,2019-01-16 11:31:29,1,3,2,叶老师真的是很好的老师！我是乒乓球小白！但是最后居然有4.8！我的妈耶！！！而且叶老师真的很认真负责，成绩出来前都会很认真的给大家核对一遍。教的也很好很耐心，我刚开始不是很会，叶老师还抓着我的手教我！学生身体不舒服的时候还会让大家晚些考试之类的！真的很棒！！！
96591,1464,叶亚金,2019-01-21 07:01:04,1,2,1,讲课很细致 认真负责
98546,1464,叶亚金,2019-01-23 14:39:48,0,2,2,自己喜欢乒乓球 老师教的耐心 引体向上十二分钟也有练 细致 很关心同学 最后满绩  选乒乓球就选叶老师
104407,1464,叶亚金,2019-03-20 01:28:16,1,2,1,超级nice 的老师，手把手教你
108503,1464,叶亚金,2019-05-27 06:17:45,-1,1,2,老师真的炒鸡好！！！\n\n我下学期还要选老师的课！！！
109041,1464,叶亚金,2019-06-06 06:02:59,-1,1,2,非常好
109989,1464,叶亚金,2019-06-21 03:13:22,8,11,3,这么好的老师不打十分对得起你们的良心吗？
112400,1464,叶亚金,2019-07-04 04:05:01,-3,3,6,乒乓球，就球技来说很一般，估计打不过班上的一些同学，想学技术选冰哥\n\n
117131,1464,叶亚金,2019-09-19 15:50:52,0,0,0,求问场地
121247,1464,叶亚金,2019-12-25 15:13:38,0,2,2,必须10分，虽然成绩没出来，但老师绝对是杠杠的，绩点低又不全是老师的问题，就一点，老师基本上每节课都会和大部分人对练，已经很能说明问题了
121931,1464,叶亚金,2020-01-24 08:39:45,4,5,1,老师人很好的，十二分钟跑也会放一点点水。不过我乒乓球太辣鸡老师讲话又比较直，有时候觉得不太适合我这种玻璃心 (๑ó﹏ò๑)
124692,1464,叶亚金,2020-07-06 09:50:08,-2,3,5,线上上课，别的不评价了，群里拉票有点讨厌
128630,1464,叶亚金,2020-12-25 01:15:52,0,1,1,非常负责，会尽自己能力帮学生通过考试
129043,1464,叶亚金,2020-12-29 06:04:54,2,10,8,上面老师评价那么好，今天老师换到我们班来期末考评，真的好凶啊……也没有在乒协同学失误的时候停表，这…合理吗……人均成绩降了10个左右，确实平时老师比较宽松，但也不至于人均降10个？有几个同学失误的时候还好凶地讲了他们，语气超级凶的那种。不停在问，平时有没有在练球啊！快打！！！\n\n难顶。怎么这么凶。难受。
129436,1464,叶亚金,2021-01-05 09:59:34,-23,4,27,前人栽树后人乘凉，希望大家谨慎，可能作为女生我们就是有罪的
129832,1464,叶亚金,2021-01-12 16:08:11,0,0,0,老师好好，太棒了!
131299,1464,叶亚金,2021-01-27 03:54:13,0,1,1,老师炒鸡好！！！
131931,1464,叶亚金,2021-01-29 10:23:24,2,2,0,上的老师的初级班\n\n老师12分钟跑会放水，其实我看到老师在陪练出错的时候有时会停表。我最后乒乓球没打60个，但当时老师说比起开学的时候一个都打不了现在已经好多了，有被安慰到。老师有时候和人陪练可能会有点凶(被骂了好多次的人如是说)仰卧起坐，引体向上让多次测，最后成绩出来也会发群里让人核实。\n\n总之，老师是个好老师。
136284,1464,叶亚金,2021-06-15 10:24:43,2,2,0,老师是真的好，不管给分怎么样，很容易能看出来叶老师是真正为学生着想那种老师
137941,1464,叶亚金,2021-07-06 17:49:44,1,1,0,老师水平很高，为学生着想，也很亲切友善
141906,1464,叶亚金,2021-10-31 07:39:33,0,1,1,人超级好
144745,1464,叶亚金,2021-12-23 11:45:49,0,1,1,好好好
144830,1464,叶亚金,2021-12-25 04:37:45,2,2,0,老师很认真负责，上老师的课也学到了很多，乒乓球真的打着打着会上瘾，我上的初级班老师说要考推球攻球后面因为疫情改成了颠球。之前怕攻球，但老师给我们很多时间练习攻球！也会提醒我们多练习跑步和打卡。
145035,1464,叶亚金,2021-12-27 01:59:49,3,3,0,老师人很好，只是我很菜，乒乓球属实练不好。希望能选到老师其他的课
145041,1464,叶亚金,2021-12-27 03:28:27,1,1,0,老师人是负责的，不过可能对于我这种没基础的确实很难熬，班里大多数同学都是会攻球的，所以没基础的谨慎!!因为我本人比较菜，所以经常挨纠动作…quq…很心累
147517,1464,叶亚金,2022-01-10 06:28:01,5,7,2,老师人很好！！还会手把手教学。最重要的是我最后总评94.4她帮我调了0.1让我满了555
148725,1464,叶亚金,2022-01-13 10:09:35,1,2,1,老师很不错
153758,1464,叶亚金,2022-05-10 08:08:15,7,10,3,叶老师是最好的乒乓老师！！！
155810,1464,叶亚金,2022-06-16 05:33:15,4,5,1,老师教的好，给分也好
162689,1464,叶亚金,2022-12-04 14:25:48,2,4,2,真的好喜欢叶老师
169898,1464,叶亚金,2023-02-28 08:59:55,-5,4,9,我来说一下叶老师的体素课。叶老师是真的想帮大家提高身体素质，怎么说呢，如果想拿体素课的时间打卡的别选，如果真想锻炼身体速选，叶老师真的很认真负责。
169922,1464,叶亚金,2023-02-28 11:48:10,8,9,1,叶老师很认真，有问题会第一时间回复，会帮助同学们拿高分
171760,1464,叶亚金,2023-04-04 09:30:32,3,8,5,【身体素质课】老师的讲道理，有原则，身体素质课也真的水 可以来选
173224,1464,叶亚金,2023-05-16 06:19:36,-2,4,6,让我们练一分钟后续安排比赛，然后过了四十分钟还没出现…
181477,1464,叶亚金,2023-10-18 13:22:38,0,5,5,只能说挺没有耐心的，对于乒乓球小白很不友好，很凶而且带两个班级的时候把自己乒乓球的班级晾在一边。
184846,1464,叶亚金,2023-12-23 11:26:26,0,2,2,老师很好很负责
186858,1464,叶亚金,2024-01-13 09:21:27,0,3,3,10分！有点唠叨但人很好，超级负责，给分特别好。
191468,1464,叶亚金,2024-04-23 08:19:59,1,8,7,如果乒乓球打得一般 快跑 别来选 眼睁睁看着你动作一塌糊涂然后自己玩手机不来管你 所有的东西都是非常抽象用嘴说乒乓 包括初级班也一样（本人有一点基础，但是搭档一点不会就被老师冷待，春学期过了还是没有学会握拍）
193551,1464,叶亚金,2024-06-13 03:08:24,0,2,2,老师人真的太好了（泪目），你期末考试没发挥好还会给你机会，平时说话做事也很亲切，这么好的老师呜呜呜
194726,1464,叶亚金,2024-06-25 05:57:11,2,6,4,老师确实不太管人，能不能学会全靠自己私下练（期末实操前一周速成乒乓球的人bd）；老师看成绩不好看也会想办法捞人（来评论原因，有点感动）总体差强人意，选课不要抱太高期待就行。
207538,1464,叶亚金,2024-12-23 02:45:28,1,2,1,特别有耐心，很关心学生的老师！对我们的动作指导也很细致！而且每节课都有不同的设计，不会让跑圈，会有一些有点搞笑的活动
208159,1464,叶亚金,2024-12-26 04:13:27,0,1,1,吹爆叶亚金老师的体素课！！！\n\n老师真的超级温柔，很体贴学生，运动量不大，我们跑12分钟的那几周还减小了运动量，最后一节课还带我们去校友林绕了一圈，总之真的是超级无敌好的老师！！
211339,1464,叶亚金,2025-01-11 08:19:40,0,0,0,选了体素课的前来报道！想水的不建议，课上还是有很多练习内容的（总体不累），给我们练了很多跑的专项练习，老师是带田径队的所以这方面很专业。每节课签到完了会数一下人数，基本不签退。跟老师是老乡，听口音很亲切～
212996,1464,叶亚金,2025-01-15 13:19:23,0,0,0,乒乓球给分比较求是
215520,1464,叶亚金,2025-02-27 11:37:14,0,1,1,不签退
215764,1464,叶亚金,2025-03-05 08:58:58,0,2,2,体素课有b
218230,1464,叶亚金,2025-04-22 06:37:48,3,4,1,1000米下大雨让我们在大雨里跑步，操场上全是水，还说什么这种天气最适合跑步，你要不也跟着我们一起跑？我寻思着下周跑也不会怎么样吧？跑完就感觉已经快死了，真有你的，大学三年了没见过这样的，不说了头好痛
218322,1464,叶亚金,2025-04-22 14:13:50,1,2,1,下雨还跑一千米，完全不顾学生死活
221662,1464,叶亚金,2025-06-25 06:55:28,0,0,0,今年下雨跑八百和一千米。正手攻球老师平时不指导，只是口头说一些要点，导致大家最后考试都不太理想，满分可能一个班只有两三个人，比其他老师的班级差了挺多的，比较求是。
3845,1481,余保玲,2015-06-17 06:04:53,37,45,8,热情的老师，对学生也很耐心
5730,1481,余保玲,2015-07-09 08:03:59,6,11,5,很好的老师
12548,1481,余保玲,2015-12-23 12:49:39,3,7,4,很热情，每次运动前都会有准备运动
17546,1481,余保玲,2016-01-20 11:27:49,3,5,2,很好的老师
22269,1481,余保玲,2016-03-03 06:45:38,7,9,2,老师人很好，会提醒我们注意健康安全什么的
30173,1481,余保玲,2016-07-01 04:38:52,1,4,3,很耐心，照顾学生
30174,1481,余保玲,2016-07-01 04:40:24,-7,1,8,还好吧
30180,1481,余保玲,2016-07-01 04:47:54,1,3,2,10~10~10~
30458,1481,余保玲,2016-07-01 15:51:11,6,7,1,温柔的老师
34849,1481,余保玲,2016-10-25 05:12:52,-1,2,3,不错哦
37523,1481,余保玲,2016-11-19 08:49:15,0,3,3,老师非常关心同学，像妈妈一样！\n\n
38732,1481,余保玲,2016-12-16 00:24:20,-9,4,13,老师人不错，但事情比其他老师要多一点
39092,1481,余保玲,2016-12-21 06:29:21,-1,2,3,超级棒\n\n
41896,1481,余保玲,2017-01-13 07:38:58,0,2,2,很好的老师，超温柔，爱学生
41916,1481,余保玲,2017-01-13 08:23:44,1,3,2,很好的老师呀，绩点也不错
41925,1481,余保玲,2017-01-13 08:38:07,1,4,3,老师真的很棒棒！排舞并不是很难，没有舞蹈基础的同学们也可以学哦～成绩给的很高，很开心！
41940,1481,余保玲,2017-01-13 09:13:36,0,2,2,老师很棒啊，跳舞变成一件很快乐的事情
42009,1481,余保玲,2017-01-13 12:03:23,-3,5,8,哦shit给分真的？？黑人问号
42129,1481,余保玲,2017-01-13 15:43:21,-11,7,18,怎么没有零分 别选了
43460,1481,余保玲,2017-01-16 09:52:25,-6,4,10,这学期体育舞蹈，给分真迷，虽然跳的不怎么好但很认真，从来没有过迟到旷课，自己身体素质成绩12分钟跑跟前两个学期一样，打卡次数比上学期还多，之前的都有3.3，3.6，这次只有二点几。真的对成绩非常失望。
45230,1481,余保玲,2017-01-19 07:48:28,-1,0,1,老师很好，很耐心，对学生很好，跳的不好是我自己的问题。
46774,1481,余保玲,2017-01-22 09:57:00,1,1,0,很温柔，给分还好，对女生可能要求比男生稍微高一点吧，其实还是看12分跑那些东西
51801,1481,余保玲,2017-06-10 15:48:41,2,2,0,体育舞蹈目前成绩还没出来，感觉老师很好，挺亲切的
51839,1481,余保玲,2017-06-29 04:10:40,1,1,0,老师教舞蹈教的很认真，我没有底子一个学期都学会了华尔兹
53979,1481,余保玲,2017-06-28 06:54:27,0,1,1,老师人很热情，跳舞有活力，虽然有时候要求会高但还是很关心学生，最后全班拍合照，排舞还和每组合影。给分也很不错的比预期高一点点。
53984,1481,余保玲,2017-06-28 07:03:45,-1,1,2,就冲老师的人格魅力就要给满分
54039,1481,余保玲,2017-06-28 09:40:13,-2,2,4,性格挺好的啊，对学生也很好，然而我的舞伴满绩，我只有3.9，大概是我刷卡次数还有12分钟跑刚及格的原因吧，蓝瘦
54042,1481,余保玲,2017-06-28 09:48:13,-1,0,1,老师人很好，教学很认真，会指导不会跳的同学。
54261,1481,余保玲,2017-06-29 02:13:00,0,1,1,我跳的很辣鸡，老师每节课课后都会辅导我，最后给分高高出我的意料\n\n\n\n
56320,1481,余保玲,2017-07-03 13:13:12,0,2,2,老师人很好，像妈妈一样，也很耐心，有活力，给分也好。
59074,1481,余保玲,2017-09-19 10:28:46,0,0,0,很亲切
64319,1481,余保玲,2017-12-22 11:49:35,1,2,1,非常好的老师~强推~
68712,1481,余保玲,2018-01-23 15:55:10,3,4,1,老师真的很棒，上课有耐心，对我们也很温柔。没有舞蹈基础，认真学了给分很不错，努力会有回报的
68733,1481,余保玲,2018-01-23 16:24:26,15,23,8,第二次选老师的课 现在出成绩后悔下学期没有继续选她。老师真的很关心学生 我是个体育渣 跑12分钟的时候真的快死掉了 每次从老师身边经过她都会喊我的名字给我加油。真的舍不得老师。祝好
68756,1481,余保玲,2018-01-23 23:27:06,3,4,1,超级体贴
68833,1481,余保玲,2018-01-24 02:54:40,0,4,4,老师真的棒棒哒！舞跳得非常好！而且给分也很棒棒！我体育舞蹈跳得真心不好居然也满绩（可能是12分钟跑满分以及体测成绩比较好的缘故）。总之老师真的很棒！
68857,1481,余保玲,2018-01-24 03:44:28,1,2,1,老师超级好，很温柔很有耐心，每次上课都感觉很享受，最后给分也很好
69373,1481,余保玲,2018-01-24 14:32:53,1,2,1,老师真是很好呀，给分也好，而且老师跳舞很好看的呀～
69836,1481,余保玲,2018-01-25 13:25:50,1,3,2,老师人超好！！！排舞会给你意见（作为编舞的那个真的受了老师超多照顾！！！）体育舞蹈会给你纠正动作（我和舞伴考试的时候超级僵硬啊）然后绩点爆炸好。给分真的极其高
70285,1481,余保玲,2018-01-26 10:51:12,4,5,1,体育课本学期最高绩点
72321,1481,余保玲,2018-01-30 02:01:24,2,3,1,余老师跳舞是真的美丽优雅，人也很耐心会给你倾情指导
73368,1481,余保玲,2018-02-01 12:26:56,2,3,1,超可爱的老师！跳舞超级棒，教我们也很温柔，只要认真学，最后考试不出错，绩点都会很棒的！
81618,1481,余保玲,2018-07-05 14:31:49,1,3,2,余老师 人是真的好！
81630,1481,余保玲,2018-07-05 15:17:18,-5,2,7,给分很好，我这个学期打卡30次，十二分钟六圈，竟然都4.5。老实人炒鸡好，会记住所有人的名字，内心纠正动作，和蔼可亲毫无距离感，果断十分！
81639,1481,余保玲,2018-07-05 16:12:57,2,3,1,真的很喜欢余老师，人温柔跳舞又好，每次上课都很享受！还会叫人小名，太亲切了
81653,1481,余保玲,2018-07-05 16:43:01,0,3,3,老师真的女神٩(๑òωó๑)۶又温柔又漂亮又有耐心脾气也好！我这种肢体不协调从没跳过舞的老师都很照顾！不过94分有点扎心啊...
81685,1481,余保玲,2018-07-06 01:46:34,0,0,0,小名那个莫不是ruirui？
81812,1481,余保玲,2018-07-06 08:36:28,0,1,1,温柔又和蔼的老师
83705,1481,余保玲,2018-07-11 04:49:38,-3,2,5,被正态了
86391,1481,余保玲,2018-09-14 15:01:30,2,2,0,老师很温柔 上课也很有耐心 我完全没有基础体育又很差，打分出来也满意了
89584,1481,余保玲,2018-11-20 01:12:03,3,3,0,好老师！
97003,1481,余保玲,2019-01-21 14:14:00,6,6,0,老师很喜欢对你说:辛苦了，这里我要多老师说:辛苦了(≧∇≦)/
97008,1481,余保玲,2019-01-21 14:21:36,10,11,1,上老师的体育舞蹈，非常享受！！！！老师教的很仔细，每一次示范都非常优雅，期末展示前老师会帮忙排动作，给指导，超温柔地鼓励我们。12分钟跑也非常贴心，让人感动。总之，疯狂打call！选就对了！！！！！！！\n\n\n\n我的评价是：真的很希望可以活成老师的样子❤️
97023,1481,余保玲,2019-01-21 14:51:32,1,1,0,很ok，很有趣
97031,1481,余保玲,2019-01-21 15:05:27,2,2,0,老师超级好，超级温柔，给分也超级棒，特别有耐心，连选了两次，强烈推荐
98726,1481,余保玲,2019-01-24 00:33:19,2,2,0,满? ！耶！余老师棒棒(｡･ω･｡)ﾉ♡
98927,1481,余保玲,2019-01-24 05:20:16,2,2,0,余老师特别棒，人特好，上课特别好玩，给分也很好，强推
99494,1481,余保玲,2019-01-25 01:06:31,2,2,0,老师人很好 会很及时地纠正你动作上的错误 考试前还会提供指导 给分也很不赖
102634,1481,余保玲,2019-02-15 08:06:46,2,2,0,老师人很好，非常关心学生。
103201,1481,余保玲,2019-02-26 16:46:39,2,2,0,话不多说，我爱余保玲！人又好，给分好！
104076,1481,余保玲,2019-03-11 13:25:08,3,3,0,超级无敌棒！！！！！！！我爱她???
105885,1481,余保玲,2019-04-22 14:47:52,1,1,0,嘿嘿其实我不是她班里的学生，但是同一堂课滴！并且也是专项辅导课的老师，超喜欢余老师！见到学生都会很开心地打招呼那种，很耐心很专业又很温柔呜呜呜呜！赞赞！
108694,1481,余保玲,2019-05-31 09:19:47,2,3,1,余老师真的人超好，她能叫出同学的名字，这点真的很感动，有次丢了舞鞋还帮我一起找。这学期是第二次选她的课，上学期是恰恰，这学期是华尔兹。给分也超好！
109994,1481,余保玲,2019-06-21 03:25:18,3,3,0,优雅、心善、关心学生\n\n上过一次就再也出不来了?
111966,1481,余保玲,2019-07-03 04:56:55,2,2,0,我永远喜欢余保玲！！
112142,1481,余保玲,2019-07-03 17:27:35,1,1,0,呜呜呜呜呜我永远爱余老师！人超级好，很有气质，真的会关心学生，每一个学生都能和名字对上号，上课氛围超赞，最后给分也很好！
114043,1481,余保玲,2019-07-08 13:13:03,0,0,0,我真的不知道有多少欧气能选到这么好的老师，真的赚到了。余老师人真的超级棒
115063,1481,余保玲,2019-07-15 04:10:56,0,0,0,老师超棒！选到就是赚到！
121191,1481,余保玲,2020-01-20 09:31:48,3,3,0,我这样的垃圾也能满绩5555老师超级有气质有耐心，还会努力记住学生的名字
121354,1481,余保玲,2019-12-18 10:32:23,1,2,1,女神老师 我想给她打一万分苦于没有这个选项 温柔耐心优雅端庄 所有你能想象到的杰出的女性和老师的优点老师真的都有 超级超级爱 已经选了三学期可是下学期因为专业课没法选 好想哭
122354,1481,余保玲,2020-02-25 05:42:44,0,0,0,很温柔，很有耐心，真的很棒很喜欢
123773,1481,余保玲,2020-06-14 04:38:32,-3,1,4,棒棒棒
126318,1481,余保玲,2020-09-22 11:41:52,2,2,0,老师人真的超级超级超级好！必须给10分
128790,1481,余保玲,2020-12-25 10:09:57,0,0,0,老师很有耐心很温柔很有气质，教体育舞蹈时会给我们没基础不敢迈步的同学加油打劲，一对一辅导。身体素质没选上余老师的课，但我看见余老师的身体素质课也有很多好玩的运动可以做，也很棒!
129422,1481,余保玲,2021-01-05 07:45:29,1,1,0,老师真的超级好
133284,1481,余保玲,2021-02-23 12:47:26,1,1,0,非常认真细致的老师，上课精神饱满，会记住每个同学的名字。体育舞蹈是门好课！
136139,1481,余保玲,2021-06-11 08:06:09,0,4,4,我不知道自己是哪里惹到她了吗怎么总是针对我，是因为我身为女生是短发跳男步?还是因为我提前跟她说过脚踝和膝盖有伤不能穿带跟的鞋，以及热身活动可能做不到位但是会努力做这些话让她生气了?十二分钟跑很努力在跑，跑了五圈她说我只有四圈，还是负责统计半圈的同学证明我真的跑了五圈。这些确实只是一些细小的事，但是总是被她针对还是会不舒服。
136538,1481,余保玲,2021-06-20 12:39:03,2,2,0,老师很优雅，有气质，对学生很好！！
138366,1481,余保玲,2021-07-08 17:03:41,1,1,0,超棒超好的老师！
138367,1481,余保玲,2021-07-08 17:14:15,1,1,0,我这种四肢不灵活，手脚打结的都满了，大家快冲！
139310,1481,余保玲,2021-07-14 08:27:52,3,3,0,乒乓球掉了，继续体育舞蹈～
139891,1481,余保玲,2021-08-11 14:17:13,3,3,0,大田赛遇到余老师，和老师打招呼，老师说还记得我，很感动！聊到自己是温州瑞安的，老师用很亲切的家乡话聊了起来，居然各个街道都知道！然后很热情的拿了水果给我吃，一起看女排比赛。回想体舞课，有节早八直接睡过去了……和老师诚实的说了，最后老师也没扣分，给分很好！太爱了~
144150,1481,余保玲,2021-12-19 15:56:27,1,1,0,老师是好老师，但是真的不是水课，事情比较多，线上课程比较繁琐
146528,1481,余保玲,2022-01-07 00:40:58,0,0,0,上课会签到，但是真的是好温柔好细心的老师，非常有气质的一位女士，超级温柔，语气都从来没重过 我爱她！！！！！
153515,1481,余保玲,2022-05-03 09:56:23,1,2,1,补测安排在工作日满课时间段，还跟我说过期不候
153703,1481,余保玲,2022-05-09 02:16:17,0,1,1,12分钟跑不讲人情，但人很温柔
154944,1481,余保玲,2022-06-07 03:42:26,0,0,0,哈哈哈
159166,1481,余保玲,2022-07-07 09:06:32,0,0,0,认真负责，教学能力强，很求是的老师
174288,1481,余保玲,2023-06-09 02:35:22,2,2,0,老师很好💙我基础不是特别好，一开始跳的不好，但是老师也鼓励了我很多，非常感动！不过老师下学期就退休了(/^-^(^ ^*)/，祝老师退休生活愉快～
177573,1481,余保玲,2023-07-03 19:13:09,0,0,0,很好的老师
179452,1481,余保玲,2023-09-16 06:12:32,0,0,0,呜呜呜老师太好了，看她跳舞这么有精力，谁能想到已经是退休的年纪
187441,1481,余保玲,2024-01-16 07:01:29,8,9,1,在学姐安利下选了排舞～余老师真的认真温柔美丽又可爱，虽然已是接近退休的年纪却还是充满着活力～（感觉老师比我更少女哈哈哈）老师人超好给分也好，专项分成小组集体舞（三好杯）和个人考核两部分（参加三好杯自带两分总评加分！），小组集体舞的话临近期末前两周会需要稍抽出些时间一起练一练，不过不当小组长的话也是比较轻松的，我们班三个小组好像是最终得分都在92以上，个人考核曲目也选了一首大家最熟练的，并且老师会在考试前再带着大家反复练习巩固🥺考试时大家都能完整跳下来，分数的话也都在90以上～十二分钟跑确实很求是，老师自己和另外的同学站在跑道的两端分别计圈数，并且平均分成两批跑，会让休息的同学一对一地给某个正在跑的同学计数，上三层保险确保成绩无误（其实本来也就不该想着弄虚作假吧），老师也很关心同学的身体状况，对伤病缓考的同学很耐心很关切（就是我😭）。总之余老师我女神！！！大家快来选排舞！！！简单好学给分好！！！
188858,1481,余保玲,2024-01-20 09:51:19,1,1,0,总评94被捞满了，余老师我的神😭😭😭
195629,1481,余保玲,2024-06-29 05:45:54,2,3,1,本人男，完全不会跳舞，身体协调性也不好，跳起来总是很笨拙，直到考试前都没法把规定舞曲跳得很好，但是老师还是给了我一个不太低的分数，并且对我也挺耐心的。总之还是比较推荐排舞这门课的，如果你的舞蹈功底很好那就更推荐了。
197446,1481,余保玲,2024-07-15 09:10:05,1,1,0,上的老师排舞，下学期也选了！很喜欢老师阳光向上的积极生活态度，老师一定是个非常有活力非常热爱生活的人，希望能向老师学习！！
199111,1481,余保玲,2024-09-18 01:44:28,-15,2,17,为啥是个男老师啊
200789,1481,余保玲,2024-10-22 11:11:35,-17,2,19,老师似乎已经退休了，一声不吭去到那里是个男老师，慎选。
205921,1481,余保玲,2024-12-12 16:49:40,1,2,1,好老师！
206201,1481,余保玲,2024-12-13 08:17:25,3,4,1,是王啸老师代课，老师人超好 ，在十二分钟前会带着练几节课跑步，除此之外都是做一些很有意思的小游戏，但是最好要到课，老师真的很好！
206676,1481,余保玲,2024-12-17 05:06:46,12,12,0,体育舞蹈是新来的王啸老师，非常专业（国家队的，教的也超好，对学生也好，虽然还没最后给分但我真的强推他！！！
209408,1481,余保玲,2025-01-06 02:17:45,1,2,1,余老师已经退休啦，是王啸老师代课，人真的很好，给分也很不错！
209417,1481,余保玲,2025-01-06 02:30:36,4,4,0,新来的王啸老师！非常好的老师！上课认真负责，很有亲和力！（虽然有的时候声音会有点大有点急哈哈哈）但真的很温柔！跟学生很处得来！\n\n很专业，给分很好，大一上的体素和体育课都是他，满分无需多言！
209448,1481,余保玲,2025-01-06 03:23:02,2,2,0,王啸老师人特别好！给分也特别好！
215699,1481,余保玲,2025-03-04 08:41:14,2,4,2,挺好的，就是上王啸的课感觉自己像马戏团猴子
9480,1495,张华达,2015-10-28 12:40:39,5,5,0,不错不错，课堂很轻松
11898,1495,张华达,2018-08-25 01:44:09,7,8,1,可爱的小老头，和蔼可亲
12512,1495,张华达,2015-12-23 11:51:56,7,7,0,很和蔼，也很也很幽默，推荐选择。
12535,1495,张华达,2015-12-23 12:12:38,3,5,2,老师上课幽默，课堂氛围轻松。锻炼效果很好，还可以学习不少东西！
12599,1495,张华达,2015-12-23 14:47:16,6,6,0,和蔼可亲，技术熟练，绝对十分，9.9都不忍心打。
12847,1495,张华达,2015-12-24 06:30:29,7,9,2,老师人很好，和蔼可亲
13436,1495,张华达,2015-12-28 03:53:11,0,3,3,我翘了一节课
18536,1495,张华达,2016-01-22 02:30:41,2,2,0,为人和蔼可亲，稍微迟到一点点也不追究，对我们很好
20738,1495,张华达,2016-01-30 12:07:06,18,27,9,我就想知道散打成绩啥时候出 都快过年了！
21244,1495,张华达,2016-02-27 11:27:11,0,0,0,认真负责(ง •̀_•́)ง
22309,1495,张华达,2016-03-03 11:43:14,-2,1,3,上学期的课这学期才出成绩.......老师很和蔼可亲，上课不是特别累
28019,1495,张华达,2016-06-28 07:59:51,0,1,1,老师很幽默风趣，上课很有意思，下课早
28079,1495,张华达,2016-06-28 08:04:38,0,2,2,散打课很棒 老师很用心 和蔼可亲 老人家身体还这么硬朗
29676,1495,张华达,2016-06-30 07:25:22,-1,1,2,非常棒，上课教拳击散打，可能会痛一点，但给分超级好哦
29774,1495,张华达,2016-06-30 09:58:03,-10,7,17,为什么我才76，就一次没去而已，考试什么都挺高的啊，最后评分怎么搞的
30630,1495,张华达,2016-07-02 05:56:48,7,10,3,自己签到的，给分好，上课声音太小，但是让我们可以站的近一点，动作展示不是很清楚，下课早，唯一的缺点应该就是。。。联系不到老师
33725,1495,张华达,2016-09-21 07:21:03,1,1,0,愉快的课，每个动作也很细腻，10分\n\n
35523,1495,张华达,2016-12-28 11:44:55,0,0,0,棒棒棒
38756,1495,张华达,2016-12-18 02:04:50,3,5,2,有谁知道老师的电话号码吗？
41595,1495,张华达,2017-01-12 08:33:49,4,5,1,老师很好！一个有趣的老大叔？?给分不错，就是考试是打拳三十秒，略羞耻哈哈哈
41638,1495,张华达,2017-01-12 09:33:18,1,1,0,超级好的老师，教的也很认真！上课温柔体贴。
54449,1495,张华达,2017-06-29 10:25:02,2,3,1,氛围很好！老师也挺和蔼的！
56295,1495,张华达,2017-07-03 12:20:09,2,2,0,和蔼，好说话。
64037,1495,张华达,2017-12-20 15:18:28,1,1,0,老师真的好！！强烈推荐！！
65009,1495,张华达,2018-09-28 09:13:48,0,0,0,老师好人
72337,1495,张华达,2018-01-30 02:26:23,86,88,2,希望姜凯老师早日转正
83167,1495,张华达,2018-07-10 00:50:18,-1,0,1,给分还行
84887,1495,张华达,2018-07-14 07:50:29,37,39,2,姜开老师挂名的舞龙舞狮，真的超级好超级好！一直没有看到关于姜凯老师的评论，忍不住想安利一波。老师很有趣，平时跟同学沟通的时候就像同龄人一样，喜欢时不时来个小玩笑。上课不是很累，只要跟着老师的节奏多练练，舞龙舞狮还是很有趣的，期末的套路创编也会有很多有意思的创意。老师一般给的平时分都比较高的，只要个人体育专项不是很差，一般最后绩点都会高的。大一选了两次舞龙舞狮，每一次都很开心，也很有收获。可惜这次选课突然变非，没选上体育课QAQ
88842,1495,张华达,2018-11-09 13:28:33,18,19,1,总是期待凯哥今天又教我们什么激（热）情（身）体（动）位（作）。大家别宣传凯哥，要不然我又选不上啦
91945,1495,张华达,2018-12-25 05:31:05,13,15,2,10分给凯哥，凯哥真的好可爱，希望舞龙舞狮能有三好杯
92437,1495,张华达,2018-12-28 15:28:22,16,18,2,希望姜凯老师不用再挂名，毕竟他是国家一级按摩师，一级舞龙舞狮裁判，一级照相狂魔……（此处省略一万字）
92641,1495,张华达,2019-01-03 08:30:08,0,0,0,老师非常和蔼，一学期来上他的课收益很多，上课很风趣，果断好评！！！
93078,1495,张华达,2019-01-07 08:27:50,1,2,1,认真上课，测试也挺不错的，无奈绩点低，给分成迷
95802,1495,张华达,2019-01-20 05:26:58,0,0,0,老师上课很棒，但想知道什么时候出成绩啊？？？希望以后可以建一个交流QQ群，这样有什么通知都方便一点
96125,1495,张华达,2019-01-20 13:12:04,11,11,0,舞龙舞狮其实是姜凯老师的课，没有上过张老师的课。但舞龙舞狮是真的很有趣！超级有趣！\n\n
100145,1495,张华达,2019-01-25 15:50:57,3,3,0,在浙最好的记忆之一，最好的绩点之一，最快乐的课程之一。
102146,1495,张华达,2019-01-30 16:26:37,0,1,1,舞龙舞狮 上课体验极佳！
103076,1495,张华达,2019-02-26 02:02:35,1,1,0,老师超级好！年级有点大了但是很和蔼的 考核也挺水的 我平时体育超差十二分钟跑和仰卧起坐成绩也不是很好但是最后拿了4.8 一个缺点就是联系不上老师……
112029,1495,张华达,2019-07-03 08:29:07,2,2,0,woc!!!!姜凯老师就俩字:男神!!!!!
117611,1495,张华达,2019-09-26 15:52:09,0,0,0,我要给姜凯老师打call 贼可爱一个人
121141,1495,张华达,2020-01-20 00:39:43,0,0,0,姜凯老师人超级好qwq选他准没错
121448,1495,张华达,2019-12-16 05:17:12,0,0,0,为jk打call！舞龙舞狮体验极佳！很喜欢各类难度动作啦～是很有意思的一门课！就是期末每一条龙自己要创编一个套路，不过认真分就不会差！水课的话就太浪费了！
687,1525,杨永明,2015-03-15 12:07:12,86,93,7,杨老师教得很棒！！不仅仅是游泳教学，还会学到很多生活当中的知识，而且人非常好。
1558,1525,杨永明,2015-03-22 13:57:57,15,18,3,老师人真的超棒！
1818,1525,杨永明,2015-03-25 13:11:36,13,16,3,上课认真，人超好
3227,1525,杨永明,2015-05-21 10:59:09,11,14,3,人不错
3623,1525,杨永明,2015-06-17 01:51:58,34,38,4,我学会游泳了哈哈哈。这是最重要的。老师人特别好。
3668,1525,杨永明,2015-06-17 02:09:50,20,24,4,老师人很好 12分钟政策很赞
4205,1525,杨永明,2015-06-18 05:30:10,10,12,2,很不错的老师，看起来严肃但人很幽默
5077,1525,杨永明,2015-07-03 09:47:58,1,3,2,好老师
5346,1525,杨永明,2015-07-07 01:32:10,3,5,2,老师人很好，很有趣，特别为学生考虑
5795,1525,杨永明,2015-07-09 11:36:47,0,3,3,好
6013,1525,杨永明,2015-07-10 08:04:40,1,3,2,求是
7576,1525,杨永明,2015-09-15 05:14:35,1,3,2,好！
8728,1525,杨永明,2015-09-24 17:28:24,10,12,2,好老师不多说
8791,1525,杨永明,2015-09-28 00:00:19,7,9,2,不想下课
10861,1525,杨永明,2015-11-23 07:33:37,4,8,4,老师很好的说。。还很幽默。。
11100,1525,杨永明,2015-11-24 07:09:26,0,2,2,好好好
12057,1525,杨永明,2015-12-21 15:10:29,0,3,3,挺好的，很幽默
12579,1525,杨永明,2015-12-23 14:02:06,0,3,3,幽默和蔼 教学也超好
12613,1525,杨永明,2015-12-23 15:26:03,0,3,3,人很好！给分也超好！超级关心同学们的健康成长！
13071,1525,杨永明,2015-12-24 17:07:28,0,1,1,讲的好，幽默
13100,1525,杨永明,2015-12-25 01:03:57,0,2,2,收获特别多
14993,1525,杨永明,2016-01-11 12:36:28,0,2,2,特好，老师人特好，动作要努力学
15985,1525,杨永明,2016-01-17 01:56:51,0,2,2,老师人很棒，不仅教体育，还教做人。教书育人，不愧教龄30年~
16000,1525,杨永明,2016-01-17 03:00:54,0,5,5,老师还好，给分就呵呵了
16008,1525,杨永明,2016-01-17 03:06:32,2,5,3,老师游泳教的超级棒！果断初级中级都是他～人也很好，跟着杨老师上体育课真的能感受到【老师影响学生】的力量
16011,1525,杨永明,2016-01-17 03:33:15,0,2,2,典型鸡汤\n\n
16137,1525,杨永明,2016-01-17 09:22:19,0,2,2,好啊！
16264,1525,杨永明,2016-01-17 15:12:07,0,2,2,不错哦
16435,1525,杨永明,2016-01-18 05:43:55,27,32,5,我着着实实要给老师一万个赞 只会蛙泳的我学会了自由泳 在他的教导下跑好了十二分钟 而且老师会花很多时间讲人生的一些道理吧 非常非常用心的老师\n\n
21801,1525,杨永明,2016-03-01 06:40:43,0,2,2,很好的体育老师\n\n\n\n
22494,1525,杨永明,2016-03-07 03:00:26,1,3,2,蓝田田径的指导老师。跟耐心很棒
23555,1525,杨永明,2016-04-06 02:46:57,1,3,2,揭示了中国运动员内幕，学校体育内幕，但人真是太好了！！！杨老师好老师！
23689,1525,杨永明,2016-06-24 17:44:26,1,7,6,专项给分太低了
27826,1525,杨永明,2016-06-27 17:18:55,1,3,2,老师真的太太太好了把我们都当小朋友一样宠！！\n\n\n\n
28367,1525,杨永明,2016-06-28 08:41:20,-8,5,13,杨老师实在太好了旷了两次课 打了36次卡给了91给分真的好教学也很好学会了自由泳强力推荐！
28384,1525,杨永明,2016-06-28 08:46:02,0,2,2,老师给分超级棒！
28511,1525,杨永明,2016-06-28 09:43:02,2,3,1,风趣幽默
28753,1525,杨永明,2016-06-28 13:58:30,0,2,2,最好的体育老师！
28916,1525,杨永明,2016-06-29 03:24:30,7,8,1,缺几次课后面居然给机会都补上?重要的就是我学会了游\n\n泳！
33722,1525,杨永明,2016-09-21 07:06:21,0,2,2,老师人超级好，男神!
38232,1525,杨永明,2016-11-28 00:33:59,2,3,1,很幽默，很厉害～
38999,1525,杨永明,2017-01-14 08:56:39,0,2,2,很好的老师，幽默风趣，12分钟跑很棒，只可惜下学期没选到老师的课
39285,1525,杨永明,2016-12-22 02:48:59,0,2,2,老师非常好
41847,1525,杨永明,2017-01-13 04:28:24,1,11,10,老师挺好的，但是这给分太不公平了吧！\n\n从未缺旷，引体17个，12分钟跑7圈，课后锻炼满分，游泳专项轻松游完全程，80多分算什么情况……
41911,1525,杨永明,2017-01-13 08:13:54,0,2,2,老师人蛮好的就是自己中级班没有学的太好，专项分数应该不高。所以最后绩点也不高。
45198,1525,杨永明,2017-01-19 06:34:52,-6,5,11,在群里基本不会回答同学的问题，游泳缺课了不能下周再补，就当旷课处理了。。
48668,1525,杨永明,2017-03-09 06:26:19,0,2,2,不主张强迫学生去运动，倡导学生去自觉运动，选择自己合适的时间去运动。这点很棒！
51463,1525,杨永明,2017-06-06 02:40:00,7,8,1,老师长得很像张信哲有木有？！对同学们很耐心，很有责任感，好老师
51707,1525,杨永明,2017-06-27 09:25:07,8,11,3,浙大最好的游泳老师没有之一！上课超级认真，亲自示范动作，询问问题也耐心的解答！十二分钟跑也很轻松，重点是老师给分也不错！ 一生难忘的好老师！
52461,1525,杨永明,2017-06-20 08:30:27,7,7,0,最后一节课我觉得他很关心学生
52545,1525,杨永明,2017-06-21 03:16:57,3,3,0,很幽默
52609,1525,杨永明,2017-06-21 11:22:39,8,8,0,老师真心不错，又会开玩笑，又能讲人生道理
53658,1525,杨永明,2017-06-27 09:11:15,3,3,0,教游泳幽默形象，课外关心学生（而且给分高
53663,1525,杨永明,2017-06-27 09:22:56,1,1,0,特别棒的老师 我从一个完全不会游泳的人到学会了游泳 而且老师特别关心学生，很负责，而且给分也好，只要努力了，有很多的收获。
53666,1525,杨永明,2017-06-27 09:29:05,1,1,0,老师很萌 (这学期给分也比之前好了) 很为同学着想 在老师的指导下两次游泳课的十二分钟跑都是满分！
53669,1525,杨永明,2017-06-27 09:31:49,1,1,0,太好了，真心为学生着想的老师！
53671,1525,杨永明,2017-06-27 09:35:52,1,1,0,老师讲的很棒，最后给分也很好！
53674,1525,杨永明,2017-06-27 09:41:47,3,3,0,不多说了。人生第一次满绩。
53677,1525,杨永明,2017-06-27 09:51:50,1,1,0,讲道理感觉应该满绩的，结果4.8，但是老师确实非常好，给个赞
53678,1525,杨永明,2017-06-27 09:51:59,4,4,0,6到飞起，直接10分
53684,1525,杨永明,2017-06-27 09:59:36,1,1,0,为学生着想的好老师
53686,1525,杨永明,2017-06-27 10:02:44,1,1,0,老师不错，有眼界，能告诉你很多体育方面的知识，鼓励我们平时多多锻炼，给分超棒，必须十分！
53694,1525,杨永明,2017-06-27 10:13:52,1,2,1,超级棒 教的很仔细 很关心学生 给分超级好 满绩路过
53695,1525,杨永明,2017-06-27 10:15:18,1,1,0,超级棒的老师！上课氛围很好超喜欢~还会给大家讲一些授课内容外的水中知识~
53706,1525,杨永明,2017-06-27 10:38:51,4,4,0,还有比这更好的老师吗？教得细致，有耐心，体谅学生，干货多，还超级幽默，10分10分～
53714,1525,杨永明,2017-06-27 10:46:56,2,2,0,必须10分。体育课，起到了锻炼身体和掌握体育技能是主要的。老师的给分还行，不是那种无脑给高分的，也不是那种坑的。要求稍微有点严格。专项一般扣3-6分左右。不过12分钟比较宽，跑过6圈+100m就算6圈半了。
53722,1525,杨永明,2017-06-27 11:18:21,1,1,0,真心好老师啊，不给十分对不起老师
53782,1525,杨永明,2017-06-27 13:48:15,1,1,0,绝对的好老师，经常作为长辈给我们生活的道理，让我们锻炼身体注意安全，真的很贴心。给分很好，专项给分很松，12分钟跑也不严格。最后表白杨老师！
53836,1525,杨永明,2017-06-27 23:28:08,2,2,0,人生第一次满绩！
53854,1525,杨永明,2017-06-28 01:53:31,2,2,0,可爱的老师
53869,1525,杨永明,2017-06-28 02:30:26,2,2,0,老师真的很好呀，认真负责，会讲很多有用有趣的东西。?讲道理在浙大遇到的游泳老师人都很好！
54416,1525,杨永明,2017-06-29 09:50:20,1,1,0,好到炸，老师人很好，教我们很多游泳之外的东西，还有给分好炸
54780,1525,杨永明,2017-06-30 08:23:07,7,7,0,男神老师啊，幽默风趣给分还好，力荐，人生第一个满?
56194,1525,杨永明,2017-07-03 08:34:05,15,17,2,上的中级班 满绩!\n\n老师太可爱啦！很幽默，懂得很多，(老师还看着孙杨长大?)游的不好的同学也会着重指导一下。抛开绩点杨总也值得10分!
56343,1525,杨永明,2017-07-03 14:10:20,1,1,0,老师会给我们讲自己见过的这种事情，游泳课变成段子课哈哈
56909,1525,杨永明,2017-07-05 03:08:50,9,10,1,个人不是很在意体育绩点（懒得打卡），但是老师的给分好到我这个万年3+都上了4～ 老师教的很棒，经常给我们讲孙学长的小故事～\n\n
58002,1525,杨永明,2017-07-22 05:00:28,3,4,1,选上杨老师的课是你前世修来的福分。
58111,1525,杨永明,2017-07-31 17:59:22,1,1,0,
59328,1525,杨永明,2017-09-21 01:58:28,1,2,1,第一节课，老师超可爱！
60680,1525,杨永明,2017-10-26 10:48:10,0,0,0,巨能说的老师
63478,1525,杨永明,2017-12-05 02:03:52,1,1,0,满分！人超级好，很耐心，学到的不止是体育。
63486,1525,杨永明,2017-12-05 03:28:35,1,1,0,老师人超好
63494,1525,杨永明,2017-12-05 08:13:35,1,1,0,人超好!
63838,1525,杨永明,2017-12-17 09:01:36,1,1,0,老师人很和善很幽默，该严格的时候会严格，还会讲一些人生道理，应该说是一个非常模范的老师了
63968,1525,杨永明,2017-12-20 07:33:11,1,2,1,人超好，戏精，
64095,1525,杨永明,2017-12-21 03:22:04,6,6,0,初级班结束了，老师人真的很好，坦诚、有责任心、爱护学生，不仅用心教游泳还教做人，总能让所有学生都感觉很舒服，而且，给分还超！高！就算没学会也给很好的分，大家拼拼人品来试试吧，就是水有时候有点冷，但是真的学到很多啊
64267,1525,杨永明,2017-12-22 06:20:54,1,1,0,很棒的老师，挺能吹，很有趣，考试也不会吹毛求疵
64792,1525,杨永明,2017-12-27 06:49:25,0,1,1,非常幽默，给分超好，我才游了八米给我按照二十米打了分数，很谢谢老师了!可惜下学期没选到他的课.....
65247,1525,杨永明,2018-01-02 04:20:36,7,7,0,好老师，顺便说一下楼下，这么好的老师教，你就游了8米!!!???
65268,1525,杨永明,2018-01-11 00:46:17,6,6,0,有水平，接地气，是一个知识渊博并赋有爱心的好老师。
67337,1525,杨永明,2018-01-21 01:08:51,0,0,0,很好的
67398,1525,杨永明,2018-01-24 05:22:50,2,3,1,超级棒的老师，不仅仅是教游泳，更会给你讲一些人生的知识。老师超级棒超级和善，有些话真的让人终身受益
67401,1525,杨永明,2018-01-21 06:08:30,0,0,0,老师很好很耐心，平时要求比较严格，考试还是十分宽松的，12分钟可以少跑半圈?
67419,1525,杨永明,2018-01-21 07:14:53,1,1,0,虽然很严厉 最开始动作不标准被骂了几句 但是在打卡没满 12分钟跑垫底 引体向上0个的情况下 还有3.6 还是蛮开心的
67476,1525,杨永明,2018-01-21 09:44:27,1,1,0,超好啊！耐心教动作。12min也超好。除了体育课还会教你做人！真的超好！
67489,1525,杨永明,2018-01-21 10:32:12,1,1,0,理论考要注意，其它的就稳了
67502,1525,杨永明,2018-01-21 11:01:06,1,1,0,老师的80分钟政治课很赞，游泳讲的好，学会了自由泳，哈哈
67532,1525,杨永明,2018-01-21 12:39:44,1,1,0,老师好得没话说，上课很认真，最后绩点也很高
67671,1525,杨永明,2018-01-22 04:48:37,1,1,0,杨老师上课一丝不苟，平常对我们很随和，很幽默，还会给我们讲些人生道理，给分也很好～
67687,1525,杨永明,2018-01-22 05:13:33,1,1,0,老师人挺好的\n\n\n\n
68534,1525,杨永明,2018-01-23 10:20:11,1,1,0,老师游泳教的真心不错，喜欢老师
76623,1525,杨永明,2018-04-16 12:16:52,2,2,0,我们社团的指导老师～超赞?
76648,1525,杨永明,2018-04-17 05:49:51,1,1,0,超棒的
79370,1525,杨永明,2018-06-01 05:08:54,1,1,0,杨老师太棒了\n\n
79638,1525,杨永明,2018-06-12 06:56:09,1,1,0,就算在这个大家都选课，查老师卡得打不开的时候，我也要爬上来，给老师打个十分——谢老师放过之恩！\n\n老师分数给得很好，能教会人游泳，在浙大上游泳课真的很划算。\n\n不过游泳要多练，冬学期的话在紫金港室内游泳馆建好前都是周末上车去外面游，春夏学期室外游泳馆开放，平时也可以去练习……
79682,1525,杨永明,2018-06-12 15:42:35,1,1,0,送老师上9.99!
79796,1525,杨永明,2018-06-13 16:07:15,1,1,0,十分不解释\n\n哈好好
79899,1525,杨永明,2018-06-15 03:19:21,1,1,0,学会了自由泳，感谢杨老师！杨老师真的是一位好老师，用心良苦，为学生的健康和成绩操心，上课还幽默，以后还想上杨老师的课！
79935,1525,杨永明,2018-06-15 11:38:33,6,6,0,老师是我们的龙舟领队！很有智慧
79948,1525,杨永明,2018-06-16 04:29:49,4,4,0,一句话，超级好的老师！
79962,1525,杨永明,2018-06-16 22:27:37,7,7,0,超好的体育老师
79974,1525,杨永明,2018-06-18 04:58:02,7,7,0,超级萌的老师，各种段子
79975,1525,杨永明,2018-06-18 04:58:06,6,6,0,老师超级棒超级棒！
79976,1525,杨永明,2018-06-18 04:58:08,5,6,1,很开心
79977,1525,杨永明,2018-06-18 04:58:19,6,6,0,老师超级和蔼超级棒！
79978,1525,杨永明,2018-06-18 04:59:02,4,4,0,老师超可爱！
79979,1525,杨永明,2018-06-18 04:59:27,3,3,0,老师贼棒，满分!(ฅ>ω<*ฅ)\n\n
79980,1525,杨永明,2018-06-18 04:59:41,3,3,0,爽到\n\n
79981,1525,杨永明,2018-06-18 05:00:22,4,4,0,杨老师超级和蔼，超有亲近感
80029,1525,杨永明,2018-06-19 05:23:48,1,1,0,老师不错
80743,1525,杨永明,2018-06-30 06:49:56,1,1,0,啊啊啊啊啊啊太好了吧良心老师
81125,1525,杨永明,2018-07-04 05:26:23,1,1,0,满分老师，不多说了
81154,1525,杨永明,2018-07-04 07:35:57,1,1,0,老师超级好，，给分也很棒的
81156,1525,杨永明,2018-07-04 07:36:33,2,2,0,超级好老司机！呸，好老师，强大的教学经验和过硬的实力，同学们每次上课都跟过年一样开心?
81157,1525,杨永明,2018-07-04 07:40:29,1,1,0,人好分高
81164,1525,杨永明,2018-07-04 07:49:04,4,4,0,老师教的时候看起来很凶，其实人很好的！教的很棒！
81178,1525,杨永明,2018-07-04 08:15:17,2,2,0,老师人超级nice，给分也好，游泳课一定要选他
81202,1525,杨永明,2018-07-04 09:22:14,1,2,1,老师很耐心，我很垃圾，老师还给了满绩。
82038,1525,杨永明,2018-07-07 02:29:35,1,1,0,老师幽默，给分好，上的不仅是游泳课，更是人生！
86789,1525,杨永明,2018-09-19 00:05:49,0,0,0,给分很好
87670,1525,杨永明,2018-10-10 01:23:25,4,4,0,我在浙大上过好多体育老师的课，杨永明老师是最棒的。
87713,1525,杨永明,2018-10-10 17:08:50,1,2,1,不知道做错了什么，杨老师似乎对补选课的人很冷漠，微信也不回
88794,1525,杨永明,2018-11-08 06:46:29,2,2,0,杨老师人很好！
92000,1525,杨永明,2018-12-25 10:14:00,2,2,0,老师人非常好，平常上课不仅教大家游泳技巧，还会讲一些生活的道理，非常和蔼亲切的一位老师，很认真负责。
92475,1525,杨永明,2018-12-30 03:53:53,4,4,0,大一能选上老师的课真是太幸福了！
92628,1525,杨永明,2019-01-03 07:13:32,2,2,0,老师简直太好了
95362,1525,杨永明,2019-01-19 09:13:27,13,13,0,老师超级好用杨老师的课这学期是赵峰老师在上 赵峰老师超级棒的啊 超级耐心 上课不会很严肃 游泳小白学会了蛙泳 而且拿到了大学第一个满绩 超开心的 为赵峰老师疯狂打call
95372,1525,杨永明,2019-01-19 09:29:12,25,26,1,这学期的课是赵峰老师上的。赵老师也就30左右吧，很年轻，特别特别激情有活力! !也非常乐于与学生交流，提供一些体测，12min甚至是减肥方面的建议。专业水平更是没的说。给分极好，最后满绩了：-）\n\np.s.赵老师也即将登陆查老师了哦
95750,1525,杨永明,2019-01-20 03:38:01,6,6,0,赵老师巨棒！强推！
96950,1525,杨永明,2019-01-21 13:11:07,5,5,0,杨老师是个很不错的老师，除了游泳，你还能学到很多，这才是浙大应有的老师
97757,1525,杨永明,2019-01-22 15:17:42,2,2,0,不多说！好！
97797,1525,杨永明,2019-01-22 16:41:04,0,1,1,知识面广，很幽默，话匣子关不住。可以和学生打成一片\n\n
97889,1525,杨永明,2019-01-23 01:08:47,1,1,0,老师会教一些其他的，很好的
102271,1525,杨永明,2019-01-31 15:50:23,2,2,0,人超好，也会讲人生道理～
105760,1525,杨永明,2019-04-20 05:58:01,0,0,0,游泳课上得很好，同时也会教你必要的急救技能，甚至很详细地抽一次课（测引体向上和仰卧起坐那次）教大家心肺复苏。对于高危体育项目来说，真的很重要。
106343,1525,杨永明,2019-07-05 19:33:55,4,9,5,赵峰老师超级好！！！
108245,1525,杨永明,2019-05-17 09:03:42,9,9,0,赵峰老师最好了（没有上到杨永明老师的课）
108749,1525,杨永明,2019-06-01 09:12:14,0,2,2,一句话，希望下个学期还是能选上他的课
109214,1525,杨永明,2019-06-12 03:22:39,2,2,0,我爱杨老师\n\n永远热爱杨老师
111588,1525,杨永明,2019-07-02 05:14:57,-14,2,16,看不见默默努力的同学，只看得见外向会说的同学。我生病住院两周请假，回来之后发现已经被当做旷课，期末技术不娴熟，但是游过考试没问题，游过去之后很累，老师在对面指指点点笑我，我也是够了，之后游泳当时游得太卖力，生病快一个月，考试周难受的要死。什么鬼畜。要不是平时身体素质可以，很多分数都挺好，肯定要挂在体育课上了
112575,1525,杨永明,2019-07-04 18:10:31,6,7,1,别问 问就是一门体育课保我不退院
115288,1525,杨永明,2019-07-17 20:33:13,4,4,0,我永远喜欢杨永明老师
116391,1525,杨永明,2019-09-10 01:22:00,0,0,0,很棒~
116392,1525,杨永明,2019-09-10 01:22:00,0,0,0,很棒~
117351,1525,杨永明,2019-09-23 07:52:51,0,0,0,超有趣的老师
117621,1525,杨永明,2019-09-27 00:45:58,0,0,0,好好好！
121311,1525,杨永明,2019-12-22 01:25:54,2,2,0,当初蓝田运动员的教练，各项体育知识都很扎实。选上他游泳课挺舒服的，虽然可能是我会游（狗头保命）。人真的很好，帮他上10.0吧。
125348,1525,杨永明,2020-09-07 07:32:22,1,1,0,亦师亦友\n\n
135682,1525,杨永明,2021-05-19 06:07:51,7,7,0,必须十分，感谢老师教会我自由泳。老师很幽默，而且体谅学生。十二分钟跑小雨，老师主动提出怕我们感冒，推迟十二分钟跑。“我不会让你们中午一点多一吃饱饭就来测十二分钟跑，我不会干那么过分的事”。杨老师必须十分！
136105,1525,杨永明,2021-06-11 03:16:03,8,8,0,杨老师居然不来开高级班！虽然游泳课的老师都很好，但是杨老师yyds
138795,1525,杨永明,2021-07-11 01:21:37,3,3,0,杨老师还不给十分?
140706,1525,杨永明,2021-09-15 07:53:14,1,1,0,游泳中级班。一门超级赚的课，杨老师教学经验真的可以说是丰富了，他会看每个同学的游泳姿势，判断出在这个上课时间点你掌握的姿势是这个水平是不是正常学习进度，手把手教，可以无限提问，担心游不好去问个七八遍都可，只要想学他一定能把你教会的。另外就是粗粗学会了爬泳（就是平时说的自由泳）真的是很惊喜呀哈哈哈。P.S.游泳课理论考，记得要去文印店买
157733,1525,杨永明,2022-06-24 13:18:37,0,0,0,很负责的好老师
164573,1525,杨永明,2022-12-22 03:10:08,1,1,0,我一个根本不会游泳的旱鸭子选了中级班，不过学期结束的时候游泳基本动作都会了😎 ，老师教的很耐心，如果像我这样的根本不会游泳的老师会让我单独在某个地方练习打腿和换气等基础动作，而且最后给分也超级棒，大学第一个满绩🤫
165272,1525,杨永明,2022-12-30 14:59:22,1,1,0,老师很棒很棒很棒 虽然我还没怎么学会爬泳\n\n12分钟跑给每个同学都加了两百米 还准备了热水和糖\n\n第一次上课的时候老师说浙大的同学是要当领导的人 让我坐到第一排去 印象很深刻嘿嘿
173015,1525,杨永明,2023-05-11 08:32:51,-1,0,1,elegant
174168,1525,杨永明,2023-06-07 02:59:45,1,1,0,太酷啦，喜欢和学生呆在一起的老师，实在是太酷啦
177336,1525,杨永明,2023-07-03 03:02:06,0,0,0,给分好，很能理解学生，当时我因为转专业课程冲突，联系了杨老师后他立刻答应把我调到另一个时间上课（当时这件事让我很焦虑，多亏杨老师问题才解决）。我学自由泳前期一直无法掌握换气技巧，都怕考试过不了，后来找杨老师问了自己的问题，再练了几节课终于能一口气游完25m，杨老师也给了我不错的分数。感谢杨老师！
184746,1525,杨永明,2023-12-22 12:02:25,0,0,0,超级超级好的老师
206822,1525,杨永明,2024-12-17 18:25:17,1,3,2,老教师返聘了，教学经验很足，但上课前喜欢在外面集合唠叨很久[ac01]相比之下游泳时间少了一些
209399,1525,杨永明,2025-01-06 01:44:02,2,2,0,特别棒的老师，上课有趣，专项教得好，给分也超好！一共选过三位老师的游泳课，目前杨老师是体验最好的
219032,1525,杨永明,2025-05-19 10:21:35,0,0,0,好！！！
220449,1525,杨永明,2025-06-18 03:25:16,0,0,0,必须给满分\n\n超级好的老师\n\n虽然因为身体协调性很差+基础不好学的比较痛苦 但老师很会教会鼓励人\n\n老师真的就像爷爷辈一样慈爱
220594,1525,杨永明,2025-06-18 19:17:29,0,0,0,老师超级超级好！！！
221128,1525,杨永明,2025-06-21 11:04:53,0,0,0,杨老师人很好，教的也很认真，会耐心地指出我们可以改进的地方。我请假的时候老师回消息很快，给分也很好。
656,1652,周怡如,2015-03-15 10:32:42,6,22,16,上课风趣，给分还算厚道，小心上课不要违反纪律，会被刁难（上台唱歌）的
1714,1652,周怡如,2015-03-23 12:30:15,12,20,8,老师好有趣～
1741,1652,周怡如,2015-03-24 02:37:52,21,48,27,老师上课很好，但是考试，都是泪啊，如果基本功不是那么好又比较在乎分数的就不要尝试了。但是真的学到很多东西哟
4035,1652,周怡如,2018-05-14 08:05:15,9,14,5,很好 很有趣
4089,1652,周怡如,2015-06-17 16:39:09,1,8,7,哎呦～不错哟～
7509,1652,周怡如,2015-09-15 01:22:03,41,51,10,浙大文琴民乐团指挥，经验丰富，风趣幽默，收获颇丰
7730,1652,周怡如,2015-09-15 11:07:05,4,6,2,爽爽爽
8819,1652,周怡如,2015-09-28 08:14:54,3,9,6,不能再好！！！
9968,1652,周怡如,2015-11-13 11:23:08,1,4,3,很好哟
10021,1652,周怡如,2015-11-14 10:56:53,3,5,2,老师人很好 幽默\n\n
10149,1652,周怡如,2015-11-17 01:22:13,2,4,2,博学，幽默 很有情
10274,1652,周怡如,2015-11-18 01:13:51,3,9,6,上课有趣 但是给分主观根本不体察学生
10980,1652,周怡如,2015-11-23 14:57:11,0,14,14,我大学15分论文通识就没有下90的，然而这最后一门⋯⋯唉。\n\n老师讲的是真的很棒，我每节课做第一排认真听，很喜欢。但是给分。。文琴的小伙伴基本都是满
11023,1652,周怡如,2015-11-24 02:04:56,3,9,6,给分是泪啊！
11066,1652,周怡如,2015-11-24 04:38:47,-5,15,20,这老师不要太好。我4.4的绩点就是证明！！！\n\n
11083,1652,周怡如,2015-11-24 05:38:25,14,24,10,民乐赏析~老师的课简直太有趣( ´▽` )ﾉ课堂充满了笑声，只是身体原因最后几次是代课的，也祝老师健康啊~给分很好，总之周老师真心棒
11099,1652,周怡如,2015-11-24 07:06:21,-1,5,6,老师讲课很风趣哟，论文给分也好，讲真，很棒的课!
11106,1652,周怡如,2015-11-24 08:12:56,48,67,19,太爽了！听着音乐看着文琴团美女帅哥在台上演奏各种有趣的乐器，一篇论文就能得到高级点！
11117,1652,周怡如,2015-11-24 10:04:20,9,11,2,上课很有趣，能学到东西
11218,1652,周怡如,2015-11-25 09:36:39,15,19,4,老师人好且幽默，上课很有意思～
11225,1652,周怡如,2015-11-25 11:00:46,7,11,4,老师人很好，很风趣，身体不大好，我们通识课最后几节课都是助教上的。不过还是很喜欢周老师！
11226,1652,周怡如,2015-11-25 11:31:31,3,9,6,很幽默，给分也很好\n\n
11470,1652,周怡如,2015-12-02 10:49:23,25,33,8,非常幽默风趣的老师，上课很有意思，会叫文琴的同学来给我们现场演奏，感觉是很基础全面的民族音乐科普。嘛，作为通识课真的超好啦~
11683,1652,周怡如,2015-12-11 11:48:09,-3,6,9,呵呵呵
11770,1652,周怡如,2015-12-15 00:49:32,3,6,3,不错啊
12014,1652,周怡如,2015-12-21 13:41:52,3,6,3,挺好的，有趣
12036,1652,周怡如,2015-12-21 14:35:29,2,8,6,老师很好，讲得很逗，我上的是民族音乐鉴赏，上课老师会叫人来演奏乐器等等，反正很有趣但听了没什么用，期末论文好好写绩点就很高
12393,1652,周怡如,2015-12-23 07:26:56,2,6,4,挺有趣的考试，上课也很有趣
12678,1652,周怡如,2015-12-24 01:19:07,2,7,5,给分不好
12854,1652,周怡如,2015-12-24 06:39:23,4,8,4,好好好
12861,1652,周怡如,2015-12-24 06:56:22,2,4,2,上课超有趣
13241,1652,周怡如,2015-12-25 12:09:54,3,14,11,呵呵，也是醉了。太主观了，只要你是文琴民乐团的，基本满绩，不是的话，自己看运气吧！太不公平！
13395,1652,周怡如,2015-12-27 15:11:34,6,13,7,虽然上课是很好玩呢，但真的绩点炸了。考试就是论文，确实太单一了。而且论题也并不完全是老师讲的内容。所以要写好又很困难。用心写了，查了好多资料，然而还是很差。
13588,1652,周怡如,2015-12-29 15:16:16,-2,4,6,…………
13779,1652,周怡如,2015-12-31 02:00:32,6,12,6,上课真心不错，找的几个学长也特别帅特别萌，上课一直认真听，但论文给分真是坑。。。
14456,1652,周怡如,2016-01-07 07:03:32,-4,3,7,赏析不用考试的，只写一篇论文给分挺好的。
14562,1652,周怡如,2016-01-07 15:33:05,16,18,2,民族音乐真是超好的课，听听音乐，放松，给分也很不错
14807,1652,周怡如,2016-01-09 12:09:59,-19,7,26,老师人很好，我论文瞎写的也有4.2的绩点，上课没什么内容，主要是帅哥美女乐器演奏，老师的点名属于抽查型，我总共一学期去了3次，课水有趣好拿分
15086,1652,周怡如,2016-01-12 03:20:41,1,5,4,超好玩，看着各种大神在台上演奏乐器，老师风趣
16039,1652,周怡如,2016-01-17 05:05:33,0,7,7,视唱练耳主观给分 对于非文琴的同学完全没有一点师生情 给分超级低
16188,1652,周怡如,2016-01-17 12:36:40,1,4,3,h h h
18592,1652,周怡如,2016-01-22 05:51:14,5,11,6,民族音乐鉴赏，会有多才多艺的学长学姐来演奏乐器，很有趣啊！老师上课也很风趣。最后是一篇论文，认真写给分很好啊，4.5。简直不能更棒。\n\n
19082,1652,周怡如,2016-01-23 08:24:24,4,6,2,很不错
21263,1652,周怡如,2016-02-27 15:20:02,3,8,5,性价比很高  一篇论文就好了  不过给分看人品了  平时上课各种帅哥美女展示乐器  其实挺好的  水课中值得享受那种
22261,1652,周怡如,2016-03-03 06:29:14,3,6,3,很有趣，妙语连珠。
22747,1652,周怡如,2016-03-10 13:05:56,1,3,2,快乐，能学到东西
24972,1652,周怡如,2016-05-04 14:48:54,0,7,7,老师人特别好，给分也不错，平时会有很多帅气的学长学姐给我们表演呢。
24973,1652,周怡如,2016-05-04 14:57:00,7,23,16,给分真的看人品(๑¯∀¯๑)
24976,1652,周怡如,2016-05-04 15:14:11,9,25,16,很水，给分很随意，建议大家慎重选择！！！
24977,1652,周怡如,2018-08-26 08:32:18,9,28,19,给分真的随机啊……慎选！！！
24982,1652,周怡如,2016-05-04 15:40:59,1,8,7,啊啊啊啊啊好老师！
24984,1652,周怡如,2018-02-02 05:46:12,9,17,8,非文琴，无音乐基础，认真写了论文，绩点很好。一门平时很有趣也没啥破事的通识
24985,1652,周怡如,2017-09-15 02:40:47,24,37,13,给分看运气，不过平时还是很水的，天天有学长学姐来弹琴
24995,1652,周怡如,2016-05-25 12:49:09,1,5,4,还可以嘛\n\n
25062,1652,周怡如,2016-05-05 05:45:42,8,33,25,给分真的好随意啊 有在乎过学生的感受吗？认认真真写的论文  每次上课都认真在听的 看到绩点真是哭瞎 所有课的成绩里面最低了
25085,1652,周怡如,2016-05-05 08:07:53,-7,7,14,论文一定要自己写，哪怕渣，也不会下4，要是抄的太多，没有自己的，就很难看了
25087,1652,周怡如,2016-05-05 08:11:47,7,20,13,憋想了，即使论文完全自己写，平时认真听课，花很多时间在这门课上，给分也是完全随机的
25088,1652,周怡如,2016-05-05 08:13:12,3,13,10,给分真的看心情。文琴的可能会高一点
25089,1652,周怡如,2016-05-05 08:14:02,2,10,8,我就看着不说话坑
25090,1652,周怡如,2016-05-05 08:13:41,-1,3,4,。。。
25091,1652,周怡如,2016-05-05 08:18:37,-5,7,12,民族音乐4.8，好老师呦，论文好好写就行
25195,1652,周怡如,2016-05-07 12:43:34,1,6,5,绝对好老师，给分超好
25242,1652,周怡如,2016-06-07 08:41:25,1,4,3,给分看人品
25299,1652,周怡如,2016-05-09 11:20:49,1,5,4,真的好渣
25300,1652,周怡如,2016-05-09 11:22:27,1,4,3,渣渣。。。
26165,1652,周怡如,2016-06-16 06:39:46,1,2,1,很棒的老师啊，偏心文琴的是真的。给分还不错。
26214,1652,周怡如,2016-06-16 09:05:39,-1,1,2,课堂上很轻松，还能看到文琴的同学展示，很不错的。绩点这东西只要对音乐有些感觉都不会差的。\n\n
26669,1652,周怡如,2016-06-21 01:16:52,0,7,7,感觉上课还蛮水的，但是论文真的是有好好写的，每次签到也有去，才3.3，真的是看了论文吗，还是眼里只有文琴，表示怀疑→_→
28051,1652,周怡如,2016-06-28 08:02:33,1,1,0,挺好的 给分好
28371,1652,周怡如,2016-06-28 08:41:40,0,1,1,虽然被正态了。。。不过这课确实不错，会有很多文琴的现场演奏
28414,1652,周怡如,2017-01-20 00:12:11,0,0,0,还不错
30197,1652,周怡如,2016-07-01 05:04:39,0,2,2,老师人超级有趣，超级好玩，认真上课也可以学到很多，她会提前说要点几次名。水水给分也还可以，不错吧。
33086,1652,周怡如,2016-09-12 08:57:50,1,2,1,好好好
33225,1652,周怡如,2016-09-16 03:34:19,2,3,1,666
39876,1652,周怡如,2016-12-28 05:36:29,6,8,2,有人说给分随意可能也是因为自己觉得自己好但其实还不够好？感觉老师上课真的准备很多 全程无尿点。文琴的同学也都很逗比 上课很有趣 很推荐。
41404,1652,周怡如,2017-01-11 10:35:37,5,6,1,老师很擅长讲段子。上课很有意思。强推
45269,1652,周怡如,2017-01-19 08:41:32,3,6,3,老师人很好很有趣！视唱考加卷面理论考。最后绩点满意！
45337,1652,周怡如,2017-01-19 11:33:10,1,1,0,老师很可爱，给分也很好，有一点音乐细胞的就可以来尝试
45341,1652,周怡如,2017-01-19 11:40:23,1,4,3,意外地滿了
45358,1652,周怡如,2017-01-19 12:40:13,1,2,1,老师真的很棒，建议来选哦~
45368,1652,周怡如,2017-01-19 13:10:17,11,13,2,超级舒爽 老师音乐水平没得说！而且课堂气氛很棒！给分超好！我完全没有找到任何黑点，还可以跟老师拿各种演出的票！满分女神！
45517,1652,周怡如,2017-01-19 16:09:55,12,14,2,超可爱的老师啊！跟学生关系很好，视唱练耳，建议有一定音乐基础的同学去选，会沾光很大的！会教一些容易懂的乐理只要去认真上课就没问题？期末考试只要认真练习就好！给分很好的！
45525,1652,周怡如,2017-01-19 16:20:01,1,2,1,老师人很好，也很幽默和，给分也很好，平时上课比较水，考试可以带手机哈哈。
45573,1652,周怡如,2017-01-19 23:16:51,2,6,4,完全没有给分随意啊 只要上课认真听一点。尤其是有音乐基础的。满绩妥妥的。
45574,1652,周怡如,2017-01-19 23:19:10,13,16,3,视唱练耳超棒，老师明明可以靠说相声吃饭却选择了教音乐.....不是文琴的人也给我了满绩
45927,1652,周怡如,2017-01-20 09:16:16,8,8,0,视唱练耳课真的超级棒！干货超级多，学到超级多！老师上课也很有意思！给分也很合理！真的超级喜欢她的！以后会选老师别的课！
48143,1652,周怡如,2017-03-01 01:38:21,109,135,26,我想回答一下那些说文琴的同学就得分高的，文琴的同学至少隔天练一次琴，每周有固定的排练，得分高是不是因为他们对音乐的了解和追求本身就高？我曾经看到过老师收起来的论文，真的是每一篇都认真翻过认真打了分数。文琴不是一个简单的代号，是很多同学用十几二十几年对音乐的追求换来的，说文琴得分高的同学，是不是和说从小学数学竞赛的同学数学课得分就高的道理是一样的？周老师是少见的可以把大学的课程讲的如此轻松幽默的一个老师，如果你足够认真，如果你想感受不同于你任何其他课的风格的一节课，那就来选课吧好么☺️
49398,1652,周怡如,2017-04-10 07:14:24,0,3,3,人贵有自知之明，无则傻逼
52669,1652,周怡如,2017-06-22 05:07:43,12,14,2,视唱练耳    唱歌和乐理确实蛮难的，还是要有点音乐基础比较好。但是老师上课真的好！老师是中央音乐学院毕业的，音乐涵养很好，讲课非常生动，对音乐真的蛮有研究的。确实提升了我的音乐素养。感谢老师！
54178,1652,周怡如,2017-06-28 15:21:44,14,15,1,因为在浙里，刚好遇见你，
54180,1652,周怡如,2017-06-28 15:26:38,4,6,2,周老师人真的好，讲课细致认真，只要上课好好听肯定能学到很多
54181,1652,周怡如,2017-06-28 15:31:10,10,13,3,女神女神女神！！！谢不挂不杀之恩！！！好好学乐理唱的不好也能高分啊！
54186,1652,周怡如,2017-06-28 15:35:00,3,4,1,老师人很好，可以和同学打成一片的那种
54187,1652,周怡如,2017-06-28 15:35:49,6,8,2,周老师上课超有趣的好伐确实学到了很多知识啊。就是视唱还是需要一点基本功的，如果绩点想好一点要用心的～但是老师是真的好！
54190,1652,周怡如,2017-06-28 15:39:22,0,1,1,(´-ω-`支持
54193,1652,周怡如,2017-06-28 15:42:40,-1,0,1,我觉得老师明明很好，上课很有趣，最后给分也不错，不知道为什么分数不高
54194,1652,周怡如,2017-06-28 15:44:13,-3,0,3,三个字
54195,1652,周怡如,2017-06-28 15:54:50,0,2,2,老师真的超好！给分比我想的好太多了！而且真的学到了很多东西，一点都不后悔选这门课。
54203,1652,周怡如,2017-06-28 16:16:18,2,3,1,哇老师上课超级搞笑，超级好玩，而且干货满满，评分超棒～
54354,1652,周怡如,2017-06-29 07:12:03,1,1,0,风趣， 给分好
55756,1652,周怡如,2017-07-02 10:32:01,1,1,0,上课听得开心就好
56130,1652,周怡如,2017-07-03 06:28:23,1,3,2,给分真的好随意啊，文琴的分就高，不是很懂……
56131,1652,周怡如,2017-07-03 06:28:52,2,6,4,给分很差，历史最低通识课
60593,1652,周怡如,2017-10-25 00:33:17,1,1,0,感觉像是在听单口相声，真的逗比233
60781,1652,周怡如,2017-10-30 04:41:57,3,3,0,老师太可爱了(๑• . •๑)
61180,1652,周怡如,2017-11-10 03:35:30,0,4,4,比较无聊 比较一般
65003,1652,周怡如,2017-12-28 07:23:30,0,0,0,周怡如老师太帅啦
66340,1652,周怡如,2018-01-15 07:33:00,14,14,0,周老师超棒，但视唱练耳对于没有基础的同学来说，真的要尽早开始练啊(ಥ_ಥ)
66387,1652,周怡如,2018-01-15 15:39:54,30,31,1,不管我最后的绩点怎么样，我都要为周老师点赞，真的太负责了，我视唱很差，零基础的那种，周老师那段时间不惜牺牲自己的时间来训练我们几个，很感动，虽然今天的视唱考试，我知道自己唱的贼差劲，总觉得对不起周老师\n\n最后真心感谢周老师，这门课将是我大学期间很有意义的课程
70351,1652,周怡如,2018-01-26 13:38:27,4,5,1,老师真的很好 幽默风趣 为学生着想 但视唱这门课平时要练习的 音准要好
70383,1652,周怡如,2018-01-26 14:21:14,-12,1,13,视唱练耳 上课水 还经常是别的不知道是不是老师的老师代课 我一开始还听课后来全水过去了 西一107还没zjuwlan水的还有点痛苦 最后满
73609,1652,周怡如,2018-02-03 05:23:39,41,42,1,老师堪称宇宙无敌第一美少女?
73613,1652,周怡如,2018-02-02 05:54:05,3,4,1,老师真的太可爱了(๑• . •๑)音乐素养得到极大提升? ? ?
74616,1652,周怡如,2018-03-04 23:50:52,0,0,0,乐理课听得真的挺晕……果然时间是艺术啊
75059,1652,周怡如,2018-03-07 07:12:13,3,4,1,这个老师有这样的魔力：听完她的第一节课我就直接打十分
75581,1652,周怡如,2018-03-13 13:29:44,4,4,0,是我们乐团的指挥，好的没话说
75952,1652,周怡如,2018-03-22 16:23:37,1,2,1,很棒的老师!!\n\n我拿的是视唱练耳课程 建议有乐理基础的同学选 只要唱的音准是对的 和卷面乐理考试会做 基本上绩点不低!!\n\n是个有原则的老师哦 老师不喜欢同学来上课别滑手机 不如不去上在寝室滑 和老师一起欣赏音乐的时候很开心 学了很多!?
78013,1652,周怡如,2018-05-09 04:56:04,1,2,1,太棒了  好爽
78168,1652,周怡如,2018-05-09 22:51:12,0,2,2,特别好，值得选，只要你最后的论文完全自己写，写的有真情实感，就不会差
78173,1652,周怡如,2018-05-10 00:50:04,5,8,3,3.3每节课都去认真写论文没有只去三次的同学高，绩点直线拉低。。。。。
78182,1652,周怡如,2018-05-10 01:23:50,1,4,3,不得不说文琴的同学确实有偏袒的，感觉每天课上都是他们自导自演，很尴尬。但是给分很好，老师很好
78188,1652,周怡如,2018-05-10 01:50:58,1,2,1,非文琴，几乎没有基础，最后论文完全自己写，得分很好，平时也没有作业，很有趣，老师很可爱。
78190,1652,周怡如,2018-05-10 02:08:26,1,4,3,拉低绩点
78252,1652,周怡如,2018-05-10 08:05:55,0,0,0,喜欢老师 很可爱 可以学到很多 最后论文认真写给分很好
78269,1652,周怡如,2018-05-10 09:27:05,0,2,2,最后论文好好编，老师给分好上天
78275,1652,周怡如,2018-05-10 10:16:38,7,9,2,不明白为什么就3.3了。。。。很想找到解释。全程都是挺认真的。
78279,1652,周怡如,2018-05-10 11:27:32,1,2,1,两门满绩都来自于周老师\n\n很可爱的老师
78337,1652,周怡如,2018-05-11 03:13:08,4,6,2,3.3 不知道为什么....
78373,1652,周怡如,2018-05-11 07:30:51,1,3,2,有生以来最有趣的音乐课，收获很多，课堂气氛很棒，最后随堂论文好好写分数一定高。
78582,1652,周怡如,2018-05-13 11:00:01,3,4,1,老师人很好，绩点很有忧伤
78615,1652,周怡如,2018-05-14 01:18:07,3,6,3,讲的还行\n\n给分mmp\n\n蓝艺的躲着点
81533,1652,周怡如,2018-07-05 09:57:44,0,1,1,老师真的很幽默，给分也超级好，事情少。课上的内容让我这个对古典音乐没任何基础的人也能感兴趣。
82878,1652,周怡如,2018-07-09 08:56:37,0,5,5,周老师人超棒，谦虚幽默，钢琴大师，只要每节课都去，（课是很轻松的，事情也很少），论文认真写，成绩不会差的? 。（ps:浙大第一门满绩课）
82880,1652,周怡如,2018-07-09 08:58:06,3,9,6,不知道什么鬼  莫名奇妙3.3  每节课都去  感觉论文写的也没有这么糟糕  老师是很有趣 上课也很好玩 但是最后给分太主观了  一点都不体察学生 本身就是非音乐专业的  要我们写出多么牛逼的言论  在群里问了为什么给分低  列出的全部都是专业理由  考试的时候却说不要求你们写出多么厉害的言论  反正垃圾给分  最低通识课了  我最后悔的就是选了这门课！绩点高的就别喷了  那是因为得到3.3的不是你们  我敢保证我已经很认真了  写了满满两页纸！最后得到的分却比那种上课莫名理由请假的人低  我就呵呵了。
82881,1652,周怡如,2018-07-09 09:01:17,2,2,0,老师是真的好，不解释，上的音乐赏析
82888,1652,周怡如,2018-07-09 09:12:17,1,2,1,特别好的老师o(^o^)o给分也不错，事情还少
82903,1652,周怡如,2018-07-09 09:37:19,2,4,2,老师上课讲的挺好的，不知道为什么莫名3.3。。。每节课都坐前几排，最后论文也好好写了很无语
82906,1652,周怡如,2018-07-09 09:48:14,1,1,0,老师超可爱！课程超级棒！最好！给分超级好！笔芯\(//∇//)\
82959,1652,周怡如,2018-07-09 11:02:06,1,3,2,3.3太伤了……… 每节课都去论文也很认真写了………迷之3.3…
82965,1652,周怡如,2018-07-09 11:17:53,2,4,2,我从此爱上了中国民族音乐
82980,1652,周怡如,2018-07-09 11:50:10,2,2,0,谢谢老师❤️ 老师讲课很有趣，吸引着玩手机的我也能抬头听满三节课。人美心善还逗比，希望老师的指挥学业也要顺利哦。
82995,1652,周怡如,2018-07-09 12:28:19,2,3,1,每节课都是一种享受。展示乐器的文琴大佬们也很有趣啊，老师真的幽默又善良，同时又很可爱，两个字:幸福ớ ₃ờ
83001,1652,周怡如,2018-07-09 12:32:53,4,5,1,算是幽默吧，我笑点可能太高了没觉得有多好笑。绩点一般般，没有音乐基础的不好拿分，但上课挺轻松的，只有期末一篇论文
83079,1652,周怡如,2018-07-09 15:29:13,1,1,0,课堂氛围轻松，老师讲课有趣
84878,1652,周怡如,2018-07-14 07:10:50,1,1,0,好老师不解释，就是期末有点坑? ?
87394,1652,周怡如,2018-09-28 03:38:32,0,1,1,贼好，事儿少给分好
88115,1652,周怡如,2018-10-22 11:01:04,2,3,1,老师这学期不在，代课的小姐姐超级可爱啊啊啊啊啊啊啊！！！
89697,1652,周怡如,2018-11-20 09:49:15,10,12,2,只想问一下老师什么时候出分啊！
90659,1652,周怡如,2018-11-25 01:53:57,10,15,5,老师不在，本学期只来了第一节和最后一节课。课堂感觉一塌糊涂，代课的姐姐不对着话筒说话，声音贼小，字也贼小，什么东西都没有学到。上课感受体验很差…慕名前来听周老师的课，老师却没上过，很失望。
90949,1652,周怡如,2018-12-18 01:29:45,5,9,4,∑(ﾟωﾟ∪)出分很慢但是满绩了(有一点点音乐基础，期末论文一定要有自己的看法和切入点，最好能多举例一些音乐上的例子。)
91401,1652,周怡如,2018-12-08 14:29:37,4,4,0,给分可以的ヽ(○^㉨^)ﾉ♪
91414,1652,周怡如,2018-12-09 12:06:07,2,3,1,虽然出分也太慢了吧，但是最后成绩还不错，事情不是很多，最后当堂写一篇论文就好了，但是怎么说呢，学到的东西也就那个样子吧，收获没有想象中的大～
91433,1652,周怡如,2019-01-28 13:56:13,3,5,2,还是希望老师能给一下反馈呀。一篇论文定成绩的话拿了3.3的学生肯定很想知道自己的不足之处呀
91467,1652,周怡如,2018-12-11 04:44:10,5,7,2,每节课都去，有音乐基础，自认为论文写得不错，3.3:）
91474,1652,周怡如,2018-12-11 06:58:04,0,1,1,虽然不知道老师评判论文的标准是什么 但是应该是很幸运拿到了比较好的分数 还是谢谢老师啦！
91487,1652,周怡如,2018-12-11 11:49:23,3,5,2,给分太随机。。。
91513,1652,周怡如,2018-12-12 06:57:47,-5,5,10,给分极差
91517,1652,周怡如,2018-12-12 08:38:02,-3,1,4,没有了解过民族音乐领域的，就别选了
91627,1652,周怡如,2018-12-16 15:07:03,0,0,0,这是我上的很迷的一个通识了，啥都没有 只有最后论文定分数，，，，，老师人蛮好，emmm。。。。。
91702,1652,周怡如,2018-12-18 04:59:12,0,2,2,课很水，干货不多，没有作业，给分还好，老师很萌，over
91946,1652,周怡如,2018-12-25 05:33:58,3,4,1,这学期老师没来，请的代课老师。\n\n我很喜欢音乐，上课一直很认真听，也和老师互动回答问题。论文写之前还专门查了文献等等(ಥ_ಥ)但是最后成绩出来，3.3，不知道是为什么，很伤心吧（唉╯﹏╰）不过选这门课因为兴趣吧，所以虽然伤心也没有办法，特别希望老师可以给一下论文的反馈，让我知道自己哪里不好
101738,1652,周怡如,2019-06-03 12:21:12,-85,5,90,傻逼，够种给劳资挂了，给这种b分数。 辣鸡老师，出分最慢，给分最差。垃圾老师，四十岁还tm是个讲师，浙大的蛀虫，心里没点b数的吗？
101847,1652,周怡如,2019-01-29 09:09:22,-7,1,8,给分真的随意\n\n在意绩点的 请慎重
102656,1652,周怡如,2019-02-18 02:37:18,58,65,7,一群大学生了，给了高分就吹，正态了就骂。通识课不算主修，学点知识不好？
109363,1652,周怡如,2019-06-13 09:26:56,-23,1,24,乱打分 别选了 真的\n\n
116452,1652,周怡如,2019-09-10 23:19:07,6,6,0,老师超可爱，超幽默！上课氛围非常轻松
118451,1652,周怡如,2019-10-27 06:33:32,11,12,1,老师上课有意思，幽默风趣，优雅大方，就算唱错了也没关系，她会像邻家大姐姐一样指导你，带着你唱，下课还会讲自己以前大学有意思的事情，因为她自己也在上海修读另一专业的研究生，晚上还要跑过来给学生上课，三节晚课很累，可是下课都很少坐下来休息，真的很负责很敬业。偶尔还会提前很早给我们下课，一学期还能享受到乐团的高端教学，真的很棒了～每次都会因为课后没有练习而害怕上课，但每次上完课的晚上都会因为老师的可爱心情变好，真的蛮好一位的老师。
122847,1652,周怡如,2020-04-14 08:21:54,10,10,0,视唱练耳上课有趣，会讲故事，虽然已经上了一天的课但还是不想翘掉周老师的视唱练耳呢
128667,1652,周怡如,2020-12-25 03:16:27,17,17,0,上了周老师的视唱练耳、周老师和唐学长的二胡，都满啦。谢谢周老师，谢谢唐学长！
134298,1652,周怡如,2021-03-23 03:20:23,24,24,0,周老师竟然没上九？？？我不服
135891,1652,周怡如,2021-06-01 06:50:37,17,17,0,上课有干货也很有趣，民族音乐课大赞！
136220,1652,周怡如,2021-06-13 03:06:31,5,5,0,老师讲简单的乐理知识的时候很认真，最后的考试有视唱和乐理两部分，视唱我因为临时抱佛脚考砸了（唱一句，断五秒的那种），但是老师安慰我说乐理考好也能得到不低的分数。\n\n老师说的是真的！！！乐理好好考也有4.5分的！！！要考的乐理知识真的算很简单了，至少比高数简单多多了hhhhh
136592,1652,周怡如,2021-06-21 12:50:40,9,9,0,呜呜呜呜呜呜呜太棒了狂夸
138732,1652,周怡如,2021-07-10 15:04:29,5,5,0,周老师是真的好，课程内容也很有趣
138927,1652,周怡如,2021-07-12 00:14:47,7,7,0,成绩出来那一刻，我看不懂，但我大受震撼，吹爆！
138965,1652,周怡如,2021-07-12 04:12:14,3,5,2,给分实在是太好了，我吹爆。\n\n这门课并不一定要乐器，小组作业表演有趣点会比较吃香，然后点名五次加当堂作文，事不多，这门课唯一不好的地方就是教室没有桌子……
138994,1652,周怡如,2021-07-12 06:28:14,4,4,0,好老师！
141302,1652,周怡如,2021-09-29 06:07:14,7,7,0,作为文琴人，我想说：真的很负责很细致的一位老师。
141696,1652,周怡如,2021-10-20 10:54:32,5,5,0,少女yyds！！！
144289,1652,周怡如,2021-12-21 04:22:15,4,5,1,周姐没上9我不服
146199,1652,周怡如,2022-01-05 23:28:15,0,2,2,如果想选二胡课之前需要三思一下
146200,1652,周怡如,2022-01-05 23:28:14,0,1,1,如果想选二胡课之前需要三思一下
146818,1652,周怡如,2022-01-07 13:44:32,5,5,0,上的二胡，周老师每节课都会来但不是她带，是帅气幽默的一个学长在教。课程体验极好，进展速度对新手友好，没学过二胡但是想学的同学不用担心，平时分占很多的，只要每周拿出一点（我自己一般是一小时）来练，按时交作业，期末演奏用心准备（选的曲子不用难，我练了半个周日+周一半个早晨）绩点就会上去
149218,1652,周怡如,2022-01-14 23:41:18,5,6,1,虽然深夜出分3.3，但是不影响我给周老师打十分，中国民族音乐确实是一门很好的课程，每节课都能享受到很美妙的音乐盛宴，老师会请来很多的音乐演奏家来为我们讲解和演奏各种各样的民族乐器，还接触了吹笛子哈哈哈
149226,1652,周怡如,2022-01-15 00:02:32,-16,2,18,课很好，分很低
149245,1652,周怡如,2022-01-15 01:10:27,3,3,0,很好的老师
149307,1652,周怡如,2022-01-15 04:38:29,5,5,0,好课，选
150790,1652,周怡如,2022-02-18 15:21:56,4,5,1,上的二胡课，课程对小白挺友好。\n\n周老师每节课都在，不是教二胡，而是负责讲乐理，教二胡的是个挺幽默的唐老师，二胡上有甚么不懂的地方，可以私下找唐老师，毕竟学的是乐器，大班教学还是有些不方便的，老师都很热心。\n\n期末是小音乐会，有个人展示和小组展示（疫情原因取消了小组展示，不过老师说这是拉高分的机会，可以找有基本功的同学组对），个人展示的话，曲子难度的比分占最少，主要看上课教过的内容（坐姿、手势、音准、节奏甚么的）。\n\n另外，给分挺好的，作业每周一份，是拍一段拉二胡的视频，课程结束的时候交一份课程感想。
155768,1652,周怡如,2022-06-15 23:28:43,4,6,2,中国民族音乐出分了 来给老师打10分 平时上课很精彩 最后给分真的超级超级好啊 本来以为要被正态了 结果超级惊喜
155781,1652,周怡如,2022-06-16 02:31:15,5,6,1,最能和学生聊开的老师之一，选上这门课就是种幸运。在忙碌的肝ddl日常中听点音乐，多美好的事情。
156867,1652,周怡如,2022-06-21 08:06:01,2,5,3,上的中国民族音乐，周老师yyds，事少分高！！！就一个展示和一篇当堂论文，论文写的时候可以上网查资料。后半学期请了好多演奏家现场演绎乐器，每节课都是视听盛宴！
157018,1652,周怡如,2022-06-21 15:06:58,3,4,1,就中国民族音乐来说蛮推荐大家选的，上课压力不大，每周听音乐、介绍不同的乐器，老师人也很好，我记得之前有个同学睡着了老师也没叫他哈哈，还可以学吹笛子
159910,1652,周怡如,2022-09-08 15:51:47,-16,5,21,rnm 退钱
160956,1652,周怡如,2022-10-20 16:07:27,0,3,3,第一美少女
164357,1652,周怡如,2022-12-20 11:11:44,0,2,2,温柔的好老师
174155,1652,周怡如,2023-06-06 18:50:17,2,4,2,“我有一个很低级的问题”
194354,1652,周怡如,2024-06-23 10:36:13,0,2,2,这个学期送了好多演出的票特别棒！！！（虽然老师说这样上头会有意见哈哈哈）体验非常丰富也很有意思，了解了很多民族乐器~最后成绩也拉满了不多说我爱可爱的周老师！！！
194355,1652,周怡如,2024-06-23 10:37:43,0,2,2,宇宙无敌第一美少女不解释！
194363,1652,周怡如,2024-06-23 11:04:05,1,2,1,究极好课 带我们看了很多很有趣的演出（本学期一共三场：校内的雷雨 红楼音乐节 校外的一场音乐会）上课不想听就当bgm做自己的事就行了 作业是两篇很少字的观后感和一篇字数随意的当场论文 很好完成 最后给分不错 总之是究极好课！速选\n\n此外老师人真的很好 很有趣很温柔
194491,1652,周怡如,2024-06-24 06:43:54,1,2,1,来给宇宙无敌超级美丽的周老师打10分啦！！！非常温柔善良大方还有点逗的好老师，非常能够体贴同学们，给了我们非常多欣赏接触民族音乐和民族乐器的机会，还带我们去听了音乐会www抢不上票的大学之声系列活动也都能带我们去看，只要你态度端正，即使没有太多的乐理知识，认真感悟，讲出自己的感受和理解，都能收获非常好的成绩！当然，比起成绩更重要的是发现美和欣赏美的能力！真的超爱周老师，疯狂为美丽的周老师打call！！！都来上中国民族音乐！
194832,1652,周怡如,2024-06-25 14:55:32,0,2,2,没啥好说的，满分。给分很好，体验很好，各种各样的活动和演出票真的很多，选到就是赚到！
198488,1652,周怡如,2024-09-09 08:02:33,2,3,1,不留课堂作业，给分高，课上亲切幽默，还会把上课改成带我们听音乐会。神仙老师了属于是，不给十分我都不好意思。
198515,1652,周怡如,2024-09-09 11:11:54,0,1,1,给分高，上课幽默，带我们听音乐会，平时没有课后作业，神仙老师
201403,1652,周怡如,2024-11-02 01:33:05,1,1,0,大爱周老师！\n\n永远是葵花籽！\n\n宇宙第一无敌美少女一生推！\n\n为什么会有这么好的老师\n\n而且还能给我遇到\n\n上辈子绝对积德了呜呜呜人品没白攒呜呜呜
204826,1652,周怡如,2024-11-28 05:05:59,1,1,0,周老师没到十分我是不服气的
205940,1652,周怡如,2024-12-13 01:36:34,1,1,0,伟大无需多言！
207081,1652,周怡如,2024-12-19 07:09:01,0,0,0,太屌了 无敌葵葵！！！
208919,1652,周怡如,2025-01-03 11:22:13,1,1,0,神仙老师，非常棒，零基础给分也很高
208927,1652,周怡如,2025-01-03 12:11:26,0,0,0,作为音乐白痴能拿到这个绩点真的感谢老师\n\n平时上课也挺有意思，会找一些演奏家来演奏各种民族乐器，印象最深的是见到了民国时期的古琴😳
208944,1652,周怡如,2025-01-03 13:11:43,0,0,0,葵葵我的神！！真正的热爱音乐，与同学们探讨怎么才能把课上好，给分也很好！
209226,1652,周怡如,2025-01-05 05:55:35,1,1,0,周老师给了我大学的第一个满绩我哭死。。周老师人超级好我要吹爆她，中国民族音乐（不过之后好像不开课了）请我们听了两次音乐会还送了笛子呜呜呜，事少分高，入股不亏（而且真的学到了很多知识）
213464,1652,周怡如,2025-01-17 13:42:04,0,0,0,上的中国民族音乐，很水，没有作业，只有期中期末两篇论文，给分很好
215200,1652,周怡如,2025-02-24 06:33:44,0,0,0,中国民族音乐课是赏析课，带同学了解基本常识\n\n居然一人送了一根笛子体验，非常给力\n\n老师应该还是很有实力的，能请来很多其他有水平的专业老师讲解不同乐器\n\n\n\n可是她说上学期可能是最后一次开课了
219177,1652,周怡如,2025-05-22 17:29:04,0,0,0,很厉害
2325,1680,钱铁群,2015-04-22 02:46:59,16,18,2,良心老师，为人温和，对学生好
3174,1680,钱铁群,2015-05-19 01:13:12,8,9,1,特别有趣 虽然很水 但是超开心啊
3370,1680,钱铁群,2015-06-07 15:41:53,5,6,1,点赞！很喜欢这个老师～
5265,1680,钱铁群,2015-07-06 07:04:50,39,42,3,人超级好，课也很水hhh浙大最好的体育课
5877,1680,钱铁群,2015-07-09 17:40:16,17,18,1,最好的体育老师没有之一
5951,1680,钱铁群,2015-07-10 03:31:27,27,29,2,绕操场走一圈
6402,1680,钱铁群,2015-07-13 15:43:38,1,5,4,水
6825,1680,钱铁群,2015-07-23 08:30:56,14,15,1,老师超级可爱 最喜欢的体育课
7200,1680,钱铁群,2015-09-10 14:43:08,13,14,1,业界良心
7374,1680,钱铁群,2015-11-16 01:44:46,14,16,2,特别好的体育老师，会带你练瑜伽、滚铁环、踢足球等等，什么都教，上课十分有趣！
9139,1680,钱铁群,2015-10-14 08:24:05,10,11,1,棒棒的
11896,1680,钱铁群,2015-12-20 23:09:37,3,5,2,老师超好说话！
12492,1680,钱铁群,2015-12-23 11:38:38,16,17,1,好，瑜伽小王子啊，肌肉男爷爷
13774,1680,钱铁群,2015-12-31 00:58:06,4,5,1,不错啊
14415,1680,钱铁群,2016-01-07 02:41:55,6,7,1,很有趣的课
15898,1680,钱铁群,2016-01-16 14:14:49,4,5,1,特别好!
16042,1680,钱铁群,2016-01-17 05:08:56,5,7,2,轻松有趣又能锻炼！极好！
16098,1680,钱铁群,2016-01-17 07:49:52,4,6,2,很好的老师
16588,1680,钱铁群,2016-01-18 12:37:10,4,6,2,瑜伽王子
16725,1680,钱铁群,2016-01-19 00:53:01,5,6,1,从此爱上体育课～
17256,1680,钱铁群,2016-01-20 02:44:52,5,7,2,人太好
17353,1680,钱铁群,2016-01-20 05:35:51,5,7,2,人很和蔼
19592,1680,钱铁群,2016-01-25 00:50:18,6,8,2,喜欢！超级关心学生！男神！
26568,1680,钱铁群,2017-01-04 16:05:34,8,9,1,只想说下面那个要挂的绝对是自己太差劲，上课迟到怪谁，都允许你无条件旷课两次还挂科....这么好的老师你也能挂....好气啊
27058,1680,钱铁群,2016-06-22 13:28:33,3,6,3,浙大最水体育课 非常非常好的老师 上课各种做操练瑜伽 非常轻松 他一般会比其他体育课提前一些安排跑12分钟 这样跑的时候天气比较好不会太冷也不会太热 真正为学生着想
27855,1680,钱铁群,2016-06-27 23:57:32,0,3,3,不能更好了！感觉给分也高
27921,1680,钱铁群,2016-12-22 15:50:43,2,3,1,可以的
28275,1680,钱铁群,2016-06-28 08:24:56,0,4,4,体育满绩就是这么轻松
28515,1680,钱铁群,2016-06-28 09:43:52,0,2,2,老师人超好
28608,1680,钱铁群,2016-06-28 10:59:00,3,4,1,瑜伽王子人很好
28666,1680,钱铁群,2016-06-28 11:57:47,-25,5,30,先说迟到三分钟不要去打卡会扣他工资，期末又说上课不打卡会挂科excuse me????体育差点挂????
33704,1680,钱铁群,2016-09-21 06:10:13,0,3,3,人超级好的老师！上课一点也不累期末给分也超好！
36290,1680,钱铁群,2016-11-11 13:40:39,3,4,1,老师很好，喜欢让我们走几圈哈哈哈
38620,1680,钱铁群,2016-12-12 13:02:50,2,3,1,瑜伽王子233，很好的老师，课上很轻松但也能锻炼到
39077,1680,钱铁群,2016-12-21 03:56:16,4,4,0,哈哈哈真·瑜伽基础教学
39082,1680,钱铁群,2016-12-21 04:47:47,3,4,1,提前养老
39084,1680,钱铁群,2016-12-21 04:53:59,4,4,0,很轻松啊，玩滚铁环很开心
39944,1680,钱铁群,2016-12-28 09:05:21,4,5,1,炒鸡炒鸡喜欢他啊！！！！大一的时候我是走了什么运选上了这门普体！！！不过春学期选课没选上好难过π_π老师人很好记得上次普体头晕他让我在旁边坐了一堂课时不时过来问我怎么样我说好多了他让我继续休息(/ω＼)还让我先回去很贴心啊
41974,1680,钱铁群,2017-01-13 10:40:30,2,3,1,Very good
42055,1680,钱铁群,2017-01-13 13:14:24,2,3,1,老师超温暖，非常关心学生
42457,1680,钱铁群,2017-01-14 08:52:24,-2,2,4,水的不行的体育课。。。
43000,1680,钱铁群,2017-01-15 14:41:48,1,5,4,必须满分呀，老师很棒对学生很好，感觉学了好多瑜伽和普拉提。考试是折返跑，运动神经好一点的轻松满分打卡没满十二分钟少一圈还能有4.8
48269,1680,钱铁群,2017-03-02 00:17:33,2,3,1,老师人超好，上课轻松，给分不错。特别关心学生。大爱~O(∩_∩)O
53712,1680,钱铁群,2017-06-27 10:44:03,2,3,1,老师性格真的很好哈哈哈哈
54957,1680,钱铁群,2017-06-30 13:19:49,2,3,1,老师真的很有爱啊～
55358,1680,钱铁群,2017-07-01 10:46:32,1,2,1,小王子还是很好的，但是不擅长跑步的小伙伴还是不要随便选了，专项不及格很麻烦的(ಥ_ಥ)
59313,1680,钱铁群,2017-09-21 00:00:15,0,1,1,很开心
64307,1680,钱铁群,2017-12-22 10:17:42,3,4,1,真真真的特别好！瑜伽小王子啊哈哈哈哈老师很和蔼，会让我们吃完早饭再开始，有次请假老师还特别暖地说好好休息
64597,1680,钱铁群,2017-12-25 12:21:36,1,2,1,有点水，可是很开心
65024,1680,钱铁群,2017-12-28 08:45:25,1,2,1,瑜伽小王子?
65506,1680,钱铁群,2018-01-05 00:20:08,8,9,1,如果你被学业压的hin疲惫的话 \n\n\n\n选铁老师的体育课是个养老的好去处\n\n\n\n一学期一次折返跑 12分钟跑 其余基本就在养老
65507,1680,钱铁群,2018-01-05 00:21:53,4,5,1,虽然分数还没出但这已经不重要了，老铁王子巨关心学生，上课没有太大的压力，走走跑跑~欢迎打架了来到瑜伽王子的宫殿！
67346,1680,钱铁群,2018-01-21 01:40:03,3,3,0,很努力了，可给分只有3
67354,1680,钱铁群,2018-01-21 02:11:10,0,1,1,好棒棒 虽然只有3.9
67386,1680,钱铁群,2018-01-21 05:14:26,3,4,1,老师真的超棒！！！会提醒你吃早餐 超可爱的瑜伽王子啦
67423,1680,钱铁群,2018-01-21 07:20:35,0,3,3,第一个评论的老师！最棒了！老师为人特别好对学生也特别好。虽然最后91分卡绩了，不过都是自己的锅哦哈哈哈。谢谢老师啦
70806,1680,钱铁群,2018-01-27 14:14:40,-3,2,5,我觉得很无聊啊，每天上课都是水水过去很浪费时间。如果你对各种拉伸运动不感兴趣的话会很痛苦。给分也不能说特别好吧
73645,1680,钱铁群,2018-02-02 09:04:42,1,1,0,老师人超级好，上课练练瑜伽
74938,1680,钱铁群,2018-03-06 15:39:12,0,1,1,养生之道
79177,1680,钱铁群,2018-07-07 07:29:56,0,3,3,谁不选他的课谁sb
79615,1680,钱铁群,2018-06-11 12:14:40,2,3,1,老师超级贴心，上课会教一些瑜伽或者在室内也能进行的简单运动！
79627,1680,钱铁群,2018-06-12 00:00:53,0,1,1,最好的体育老师 没有之一
79693,1680,钱铁群,2018-06-13 00:58:36,2,3,1,可以打11分吗，老师真的太好了，知识丰富又很有趣，而且上课又不累，简直是完美的体育课，唯一遗憾的是我最后一次体育课才选上老师的课，和老师的缘分只有一个学期。强烈推荐钱老师，真的很好！
80300,1680,钱铁群,2018-06-25 01:16:31,2,3,1,表白钱老师！！！想打11分！老师太好了……刚开始就我一个人补测也很贴心的让我热身，让我放松，还陪我聊天舒缓紧张气氛！最后成绩也提高了非常非常非常开心了！
80956,1680,钱铁群,2018-07-03 04:13:22,0,1,1,赞赞赞
80960,1680,钱铁群,2018-07-03 04:57:07,2,3,1,标准正态。我跑步也还行啊……3.3有点懵？？？到课什么的都符合了 迷。老师人还不错。
81141,1680,钱铁群,2018-07-04 06:32:54,3,4,1,老师人好，但给分真的很迷，我每堂课都去最后绩点创造了我人生新低，可能是最后折返跑拉低了分数，跑步不好的慎选。
81730,1680,钱铁群,2018-07-06 04:14:07,2,3,1,瑜伽王子人很好，真的关心学生
85409,1680,钱铁群,2018-07-17 12:29:44,3,3,0,老师挺好。但是普体对于我这种跑步弱鸡不太友好
87268,1680,钱铁群,2018-09-26 09:31:49,1,2,1,非常好，强烈推荐
92061,1680,钱铁群,2018-12-25 23:27:00,-5,1,6,超好的老师！！体育课超快乐啊！！有很多瑜伽的内容，考试项目也很简单轻松，那些3点几的是自己体质不行吧
92069,1680,钱铁群,2019-02-28 13:34:53,5,5,0,虽然上学期分很低，但我这学期又来了嘻嘻嘻
92071,1680,钱铁群,2018-12-26 00:49:42,1,1,0,老师超级好！！！
92268,1680,钱铁群,2018-12-27 10:45:07,1,1,0,老师不能更好了呜呜呜
92396,1680,钱铁群,2018-12-28 08:26:26,2,2,0,老师：“你们跑的太快了！！慢一点！就像我这么慢！”
92402,1680,钱铁群,2018-12-28 09:12:58,1,1,0,老师人超温柔～
93483,1680,钱铁群,2019-01-10 04:00:18,2,2,0,上课真的水 往返跑成绩真的低 短跑不好的要做好绩点不高的准备 我先哭一会
97703,1680,钱铁群,2019-01-22 13:51:31,2,2,0,老师真的好 上课真的养生 但短跑差的人千万不要选了 还好体育只有1学分 绩点凉凉
101757,1680,钱铁群,2019-01-29 04:07:24,2,4,2,上课很水，每节课就教各种瑜伽，号称：瑜伽王子。每节课都没迟到早退，所有项目基本都是良好以上，户外拓展也都去了。但是大一体育课其他同学的都是用来拉分的什么4.5、4.8、5.0，结果老师给我2.7？？？刷新绩点最低下限...累觉不爱
102648,1680,钱铁群,2019-02-17 10:08:53,1,1,0,强推（如果要水体育的话\n\n老师瑜伽小王子，平时给我们跑跑、拉拉伸、玩玩瑜伽。很可爱，群里发言都以“哦”结尾，“大家加油哦”。
108675,1680,钱铁群,2019-05-31 02:26:55,0,0,0,开心哒
111783,1680,钱铁群,2019-07-02 22:45:23,2,2,0,养生  舒适  老师人好  佛系
116811,1680,钱铁群,2019-09-16 04:15:14,1,1,0,超好超可爱的体育老师
116888,1680,钱铁群,2019-09-23 16:06:44,0,0,0,超级棒
118433,1680,钱铁群,2019-10-27 04:29:15,1,1,0,想水体育课选他就好了！而且也是会有收获的！老师人超好，有一次忘记签到还帮我补上了^ω^
118967,1680,钱铁群,2019-11-08 15:19:07,0,0,0,想水体育课一定要来这里！！都听我的！！就是做做瑜伽拉拉伸！！还跟你唠嗑唠嗑简直不要太舒服！！
120169,1680,钱铁群,2019-11-18 02:15:04,0,0,0,很水。
126079,1680,钱铁群,2020-09-17 08:10:50,1,1,0,上的钱老师的体辅课，真的很轻松
3571,1726,林时云,2015-06-17 01:37:57,2,4,2,林老师脾气很好，人也很好
3787,1726,林时云,2015-07-13 06:12:37,1,2,1,选他的没错！
4101,1726,林时云,2015-06-17 16:56:04,0,2,2,都不想换其他
5025,1726,林时云,2015-07-02 08:00:12,13,20,7,人好破事少给分好 当初成绩出来整个群都在感谢老师
5166,1726,林时云,2015-07-05 12:46:18,10,17,7,脾气很好，我到最后一节课换气实在是掌握得不好（自由泳），他还很耐心一遍遍教我再让我考试的
5185,1726,林时云,2015-07-05 14:42:41,4,10,6,人超级好不解释。给分实在好
6359,1726,林时云,2015-07-13 08:09:16,5,8,3,对于初学者来说可能他的教学方式比较难学会，只是随机性的指导不像一些老师一样会集体练习。认真修炼认真打卡给分杠杠滴
6936,1726,林时云,2015-08-21 02:57:50,5,7,2,随机性指导，但是每一句话都非常有用，好老师！
14321,1726,林时云,2016-01-06 08:10:44,12,19,7,话少，事少，给分格外宽厚仁慈。有些冷幽默的气质。
16399,1726,林时云,2016-01-19 08:39:36,-1,3,4,被正态
16700,1726,林时云,2016-01-18 23:40:03,6,11,5,对于我腿伤四五节课没去连考试都错过最后补考体测什么也一般最后竟然能3.9，摸良心说好
16717,1726,林时云,2016-01-19 00:29:02,1,3,2,老师和蔼宽厚
16719,1726,林时云,2016-01-19 00:38:10,2,6,4,分好低。。
17455,1726,林时云,2018-10-09 07:39:27,47,59,12,为郭衡给十分！
17595,1726,林时云,2016-01-20 12:47:59,26,36,10,老师人好破事少给分厚道！敬他是条汉子！千万不要因为郭衡事件被传成绩杀啊！
20741,1726,林时云,2016-01-30 16:43:12,0,1,1,有些时候少些耐心
20968,1726,林时云,2016-02-05 13:14:25,5,9,4,我的蛙泳和自由泳都是老师教会的！此致敬礼！
26242,1726,林时云,2016-06-16 11:10:24,2,5,3,真的超级好 给分很好啊 一定要选！
26637,1726,林时云,2016-06-20 12:40:24,3,6,3,好老师，让我学会了自由泳
28192,1726,林时云,2016-06-28 08:14:31,0,2,2,老师人挺不错的，教的也挺认真，后悔没仔细学
29811,1726,林时云,2016-06-30 10:47:39,2,6,4,老师人超好啊给分也超好，男神老师不解释
29832,1726,林时云,2016-06-30 11:24:55,4,8,4,给分真的可以的！比我预想高挺多！
30095,1726,林时云,2016-07-01 02:21:45,-1,0,1,老师总是能一语中的地指出泳姿上的问题。所以尽管话不多但效果不错。给分很好哒～
32823,1726,林时云,2016-07-16 07:45:00,-1,0,1,初级班中级班都上过 事儿少给分好！
39717,1726,林时云,2016-12-27 06:47:32,-1,0,1,非常棒
41891,1726,林时云,2017-01-13 07:30:23,-1,0,1,老师的课很棒，教的超好，给分超级高\n\n
41935,1726,林时云,2017-01-13 09:02:38,0,2,2,似乎被正态了……？不过还是自己作 老师的课还是很好的
43530,1726,林时云,2017-01-16 12:36:00,2,5,3,只要你肯问，老师绝对帮你看动作，辅导你，零基础的，蛙泳最多三节课就会，后面几节课纯粹在玩，满绩妥妥的
43771,1726,林时云,2017-01-17 02:53:42,2,6,4,事超级少 平时有事情就可以不去 又不用练习 给分非常好 4.5 4.8没问题 12分钟能满的话满?妥妥的
47596,1726,林时云,2017-02-05 11:19:34,0,1,1,很好的。
47923,1726,林时云,2017-02-27 10:15:50,-1,1,2,老师还是不错的，可惜到最后我也不会换气
51266,1726,林时云,2017-05-26 11:16:49,-6,6,12,老师虽然会说脏话，但是教人认真，给分是根据自己心情给的，所以上这门课的同学要讨好老师，要不然绩点很惨的，虽然这样违反教师的行为标准，但我敬他是条汉子，珍爱绩掉，远离时云
51954,1726,林时云,2017-06-14 02:07:37,0,1,1,林老师挺好的，还没出分我就给十分，作为班里最后一个学会换气的男生，老师特别关注我，感动!
54234,1726,林时云,2017-06-29 00:11:10,-2,1,3,体育课第一次满绩?原来自由泳动作很不规范，现在都学会了，超感谢老师！平时有事的话可以请假（不请假）不去。十二分钟跑和打卡好好弄，技术好好学（不要太差就行），成绩会很好的。
54237,1726,林时云,2017-06-29 00:28:23,-1,0,1,给分超级好！！老师超级好！！
54249,1726,林时云,2017-06-29 01:47:20,0,1,1,很好的老师，德艺双馨，10分，下学期继续报了他的游泳中级班
54297,1726,林时云,2017-06-29 04:03:23,-1,1,2,事少给分好，有几次有点小伤，又在校外上课，嫌麻烦就没去，老师根本没计较
54310,1726,林时云,2017-06-29 04:58:40,2,4,2,啊高冷大叔气质冷漠脸给分好真是大爱
55690,1726,林时云,2017-07-02 07:52:31,2,2,0,刚开始的时候不喜欢他的风格，觉得太凶了，后来觉得挺好的，反正我学会了蛙泳，顺带说一句我觉得我游泳很有天赋的，哈哈哈哈哈哈哈，之前完全不会的。
67968,1726,林时云,2018-01-22 11:55:07,3,6,3,真的很喜欢老师呀，给分很客观233333所有项加起来就是最后成绩啦 不点名，上课可以翘特别是女生…不用在旁边看\n\n感觉老师人也很好的 很可爱
67973,1726,林时云,2018-01-22 12:02:05,2,3,1,话很少，对学生很好
68037,1726,林时云,2018-01-22 13:47:42,1,2,1,给分超好！
68236,1726,林时云,2018-01-23 01:25:21,1,2,1,老师教的很细致，上课会一个个关注专门指导，上老师的课也很轻松，破事少，老实人真的很好，感谢!
79692,1726,林时云,2018-06-13 00:54:57,2,3,1,老师太好了 给分真的感人
80181,1726,林时云,2018-06-21 06:27:13,-6,3,9,惊了看上面的评价怕不是换了个老师，现在真是什么人都有人夸
82632,1726,林时云,2018-07-09 01:04:46,0,4,4,3.3???
82634,1726,林时云,2018-07-09 01:18:00,-3,1,4,超级好，给分高。就喜欢这样简单粗暴的老师！
82635,1726,林时云,2018-07-09 01:19:40,3,3,0,诶有些人啊绩点低了就骂老师……老师真的人很好啊我觉得挺随和的，教的也很好！
82692,1726,林时云,2018-07-09 03:31:10,5,8,3,体育残废体测啥的都是踩及格线最后3.9想想也很感谢了！对自己成绩有疑问的可以在微信群里跟老师说，都会一一更正解答。老师人真的很好，可惜没选上中级班，落泪。
83355,1726,林时云,2018-07-10 07:24:09,2,2,0,佛系的老师w
94904,1726,林时云,2019-01-18 12:39:11,2,3,1,必须说明一下，就算12分钟满分，如果引体向上0分也是满不了的('Д`)
98923,1726,林时云,2019-01-24 05:17:45,0,2,2,负责任的老师，是在用心教学生。给分超好！
102996,1726,林时云,2019-02-25 09:22:01,2,3,1,哎，林老师变了。\n\n
104396,1726,林时云,2019-03-19 11:49:01,10,12,2,今天游泳课我没能跳+爬出泳池，老师主动像薅萝卜头一样把我拽出来了hhhh老师有、、可爱
107940,1726,林时云,2019-05-12 03:07:37,-13,3,16,居然有九分？？？
108099,1726,林时云,2019-07-04 23:44:00,1,3,2,老师很暖，给分很好！
112512,1726,林时云,2019-07-04 16:03:49,-4,2,6,态度不好，出分慢
115336,1726,林时云,2019-07-19 00:33:53,3,3,0,诱惑大家雨天十二分钟跑的时候真心萌萌哒，是我喜欢的中年大叔的神仙颜值了
116470,1726,林时云,2019-09-11 01:12:08,1,2,1,选过林老师课的回头客贼多，这老师怎么样你们懂了吗
121106,1726,林时云,2020-01-19 15:21:40,3,4,1,他的专项辅导简直不要太好，体谅人的好老师！
122206,1726,林时云,2020-02-20 03:25:02,2,2,0,超级超级好的老师呀
122505,1726,林时云,2020-03-02 12:36:57,2,2,0,好老师！我又学会了游泳！良心老师！
128202,1726,林时云,2020-12-12 09:49:53,1,2,1,真的特特特特别好的老师，爱了爱了
128508,1726,林时云,2020-12-23 12:06:40,1,2,1,呜呜呜林老师太好了！看起来凶凶的其实人超好！
128662,1726,林时云,2020-12-25 02:59:25,2,3,1,浙大第一好体育课
130304,1726,林时云,2021-01-20 14:31:54,5,6,1,林老师必须满分啊，事情少，给分好，体谅学生。最后考试的时候还指出了很细节的不足之处，特别细心，对每个学生都很负责。大爱林老师！
131871,1726,林时云,2021-01-29 07:34:11,2,5,3,老师看起来是真的有点点凶\n\n但是其实人挺好，专业能力也没问题，一个学期老师没下水却仍然教会我自由泳\n\n体测不及格的我体育竟然4.5\n\ni了i了
131881,1726,林时云,2021-01-29 07:59:19,1,2,1,选就行了，要不是我选不上，我能选三年林老师
133635,1726,林时云,2021-03-03 04:52:43,2,7,5,四次体育课，三次都选的林老师的，你懂我的意思吧
135903,1726,林时云,2021-06-02 05:45:03,2,4,2,我爱林老师，请让我选一辈子
137165,1726,林时云,2021-07-01 15:39:32,-12,8,20,给分离谱。快逃。而且看起来很凶很凶。
137396,1726,林时云,2021-07-04 00:48:27,2,3,1,还可以
143675,1726,林时云,2021-12-01 09:44:03,4,4,0,特别特别好的老师，事很少，而且很幽默
144338,1726,林时云,2021-12-21 06:19:38,1,1,0,选了他就不想再选别的老师了，我的体育专项课和素质辅导课都是他，非常nice
144405,1726,林时云,2021-12-21 11:06:48,2,2,0,林老师真得很不错呦，让我一个肢体极度不协调的人成功学会了蛙泳，就那么一两句话就能点醒
145516,1726,林时云,2021-12-30 06:32:24,1,2,1,选了初级班、中级班、高级班，要不是大三要搬校区了我还选林老师，很好的一位老师，看着凶凶的其实很热情很幽默，林老师yyds！！
147073,1726,林时云,2022-01-08 14:57:08,0,2,2,林老师人真的很好 学的中级班最后自由泳换气不怎么熟练 期末考成绩还是很不错！ 请假好像也不会扣分 12min跑也不严格！好喜欢林老师哈哈哈哈哈哈
148371,1726,林时云,2022-01-12 09:08:50,10,10,0,游泳高级班yyds！不用打卡不用12min跑，考试只考水上拖带，对游泳水平要求不高。老师给分也很高
149631,1726,林时云,2022-01-16 08:41:53,-1,1,2,还可以，老师不太严格，好说话。
151183,1726,林时云,2022-02-24 05:43:51,0,0,0,老师很好，高级班4.2不错不错
154991,1726,林时云,2022-06-07 08:52:50,0,2,2,老师不下水，似乎期末专项考核也比别的班严，小论文也…只能说完全不会游泳的旱鸭子谨慎考虑
155715,1726,林时云,2022-06-15 10:18:42,0,0,0,感谢老师教我学会自由泳~老师给分还是不错的，很可惜我12min太差导致没有满绩
155839,1726,林时云,2022-06-16 07:42:22,8,9,1,老师上课经常抽烟🚬
160246,1726,林时云,2022-09-15 16:41:21,3,3,0,事少，不怎么严管
168279,1726,林时云,2023-02-08 15:04:10,1,1,0,体素，不太严，有时可以打卡
171746,1726,林时云,2023-04-04 02:05:17,0,1,1,不回消息诶…
171751,1726,林时云,2023-04-04 03:05:12,0,1,1,不回消息……
173199,1726,林时云,2023-05-16 01:19:25,1,8,7,好个屁，搞不懂了\n\n平时什么通知也不发，乐动力能打卡了不说，能加分的春运会来了不说，我nm游泳学不会找这b请教还爱答不理，什么垃圾玩意，搞不懂这吊人分怎么这么高
174313,1726,林时云,2023-06-09 07:46:38,0,0,0,林老师真的很好！
174359,1726,林时云,2023-06-10 13:53:15,1,1,0,优点：上课认真，期末考核给分捞，会认真纠正动作\n\n缺点：相比部分其他老师不下水，学习过程可能不太直观
175846,1726,林时云,2023-06-27 03:05:49,-1,2,3,给分烂
176908,1726,林时云,2023-06-30 15:58:03,5,5,0,游泳初级班，老师人很佛系，自己是不下水的，只会在岸上教学。钉钉很少看消息，通知转发也不是很及时。考核打分也挺一般的。唯一一个好处就是你不想下水他不会说你。总的来说如果还不会游泳且想学点东西的同学请找别的老师。
182979,1726,林时云,2023-11-21 09:33:20,4,4,0,最水最舒适的体素课，如果要开摆的话根本毫无运动量，完全自由，爱你
185426,1726,林时云,2023-12-29 07:15:12,-4,4,8,他的给分还是相当宽的\n\n比隔壁赵峰倒是求是很多 但是是在所有人都给到高基准的情况下相对求是\n\n说他给分差的 想想自己48次打卡认真打满了吗？12分钟跑了几圈？引体向上是不是做不上去？
185578,1726,林时云,2024-01-02 11:11:43,0,0,0,好老师，我爱
188323,1726,林时云,2024-01-18 15:38:20,0,1,1,好好好，体素课很自由
190833,1726,林时云,2024-03-20 13:56:52,0,0,0,体素也太水了
194970,1726,林时云,2024-06-26 06:23:11,0,0,0,体素很水
198982,1726,林时云,2024-09-13 15:18:48,1,1,0,感恩体素课，非常水，别的班在雨中跑步，我们班提早下班
205770,1726,林时云,2024-12-12 03:18:10,0,0,0,事少，每节课点名但是很宽松，体测之后经常提早下课，豪！
205938,1726,林时云,2024-12-13 01:35:23,0,0,0,超棒的老师非常宽松对新手友好但是水水的哈哈感觉不太管
206153,1726,林时云,2024-12-13 06:32:48,0,0,0,每次就上课的时候点名，没有签退，可以趁机开溜，非常好，100分
206466,1726,林时云,2024-12-15 10:15:15,2,2,0,体素课签完到就可以走有时候甚至不用刻意摆因为你走完一圈以后他也走了…体素的神！
206728,1726,林时云,2024-12-17 09:16:15,3,4,1,老师很好，体素只有签到，偷偷签完就可以走了，很好很好，满分满分，我爱你林老师
207789,1726,林时云,2024-12-24 09:19:25,1,1,0,好老师 体素课包水的
207872,1726,林时云,2024-12-24 16:23:23,1,1,0,体素课和游泳课都放的贼早，冬天不下水也不来说你，测试直接放海了
208459,1726,林时云,2024-12-28 06:11:37,2,2,0,义夫！
209403,1726,林时云,2025-01-06 02:10:05,-3,1,4,游泳中级，给分很差，慎报
209455,1726,林时云,2025-01-06 03:52:38,1,1,0,真的特别特别好的老师
209665,1726,林时云,2025-01-06 12:44:57,2,2,0,游泳中级，佛系，事是真的少。每节课点名签到，教一教自由泳，然后就让我们自己游。比较好摸鱼，冬学期不下水的话也不会说什么（我只有考试的时候下过水）。打卡12分钟引体都认真搞肯定能满绩的
210380,1726,林时云,2025-01-09 04:35:34,3,4,1,游泳初级，给分不好，被卡绩
213334,1726,林时云,2025-01-17 03:49:52,0,1,1,事少分高
217076,1726,林时云,2025-04-01 09:19:11,0,0,0,人真的很好，溜了一节名没点上还给补签，体素课怒赞
220335,1726,林时云,2025-06-17 10:04:58,0,0,0,本人游泳小白，上的游泳初级，lsy老师前几节课是教的，后面就让不会游泳的自己练了，但是因为自己学的比较慢，在过了好几节课后才学会（）\n\n每节课见习的很多，每次都说下节课要有正当理由，但是下节课依旧说同样的话（所以真的很水啦）\n\n对于会游泳的同学，十分推荐\n\n对于不会游泳的同学，我的推荐持中立态度\n\n最后总评100和90（原话：给大家都打90分以上）\n\n其中游完25m就100，90是技评
221318,1726,林时云,2025-06-23 02:25:57,0,0,0,高级班深水救援，难度和体力要求倒是不大，一套固定的动作练熟就行了，剩下的时间就是摸鱼。当然还是需要会自由泳和蛙泳的。但是专项给分不会给很高。老师人很随和（摆烂），上课经常到不知什么地方抽烟去。
14099,1737,桂迎,2016-01-04 08:42:52,7,7,0,真心好老师
22553,1737,桂迎,2016-03-08 02:26:21,5,5,0,怀念桂老师的课
53878,1737,桂迎,2017-06-28 02:48:11,2,2,0,浙大最美的女人
399,1746,王大庆,2015-03-15 01:56:45,23,29,6,很认真负责的老师，不过要求也会比较严格，不会防水
1045,1746,王大庆,2015-03-21 13:20:18,111,125,14,老师是女神中的男神啊，帅的我分分钟被掰弯～
2739,1746,王大庆,2015-05-06 13:15:24,22,23,1,拜倒在道裤下
3075,1746,王大庆,2015-05-13 11:41:08,12,14,2,老师挺认真负责的。。分低怪我自己水
3719,1746,王大庆,2015-06-17 02:39:41,10,10,0,很好的体验
4348,1746,王大庆,2015-06-19 08:20:15,17,20,3,女神中的男神233…#手把手教##给分很好##原来跆拳道入门很容易#
4450,1746,王大庆,2015-06-23 08:14:49,32,40,8,帅帅的老师 要求比较严格 但是确实能学到许多东西 给分的话只要认真学还是很不错的
6171,1746,王大庆,2015-07-11 14:54:55,6,6,0,很好的老师
7261,1746,王大庆,2015-09-12 10:23:15,10,11,1,帅呆了，大爱老师。很认真，能学到不少东西，身体也可以锻炼得很好。每次上课十分钟不到就一身汗。
12029,1746,王大庆,2015-12-21 14:18:33,8,9,1,王老师真的很好，很负责，也很厉害，我的女神~
12126,1746,王大庆,2015-12-22 02:35:04,3,3,0,认真负责，能学到很多
12560,1746,王大庆,2015-12-23 13:18:44,10,10,0,很好，虽然很严，但是上课很棒很认真负责！
13077,1746,王大庆,2015-12-24 17:45:14,4,4,0,很好啊
13881,1746,王大庆,2016-01-01 14:12:00,12,12,0,绝对的好老师，非常关心学生
15205,1746,王大庆,2016-01-12 15:20:07,3,3,0,很好的老师～
15347,1746,王大庆,2016-01-14 03:39:38,4,4,0,非常好，非常好，老师很可爱。
16136,1746,王大庆,2016-01-17 09:22:15,16,18,2,可以练跑步，拉韧带，最后给分可高了
16177,1746,王大庆,2016-01-17 11:53:32,7,8,1,上课很轻松，给分很好
16238,1746,王大庆,2016-01-17 14:23:58,6,6,0,超棒^v^
16248,1746,王大庆,2016-01-17 14:33:36,33,35,2,听老师说女儿已经五岁啦，心碎一地，女神中的男神带孩子的画面肯定很萌
20673,1746,王大庆,2016-01-29 14:54:47,4,5,1,女神啊，帅爆了
22094,1746,王大庆,2016-03-02 10:28:36,6,6,0,最好的体育老师了吧
22178,1746,王大庆,2016-03-03 01:38:58,3,4,1,我从来没想过这个名字的竟然是女的！！！
24005,1746,王大庆,2016-04-25 05:13:51,33,37,4,超级超级帅，下课遇见你还会载你去食堂吃饭！！179！！男友力max！！
25677,1746,王大庆,2016-06-01 13:42:06,3,4,1,很棒的老师！人很好！撩妹！
25920,1746,王大庆,2016-06-29 02:36:52,3,4,1,真好，不错，很负责
26162,1746,王大庆,2016-06-16 06:35:22,12,14,2,超可爱超棒的老师！刚开始一直以为是男老师后来才知道是女老师 但是还是一直当作男老师看！！帅！！
26196,1746,王大庆,2016-06-16 08:03:50,2,3,1,很帅  上课熟了以后还会开玩笑  大汗淋漓但很开心
26259,1746,王大庆,2016-06-16 12:15:05,14,16,2,大庆姐人超好，特别关心别人，每次训练虽然累但是高兴啊，良师益友！
26290,1746,王大庆,2016-06-16 15:07:29,2,2,0,老师人很好
26299,1746,王大庆,2016-06-16 15:59:20,2,2,0,好棒。
26521,1746,王大庆,2016-06-20 01:23:48,2,2,0,认真负责，人超级好
26690,1746,王大庆,2016-06-21 02:18:42,2,2,0,确实非常好
27350,1746,王大庆,2016-06-25 04:28:55,2,2,0,赞赞赞！
27433,1746,王大庆,2016-06-26 08:25:56,6,6,0,帅气 认真
28664,1746,王大庆,2016-06-28 11:54:53,8,9,1,老师人超级好而且给分还很高
29160,1746,王大庆,2016-06-29 10:08:27,2,4,2,并不水的一门课，不过很有意思，能学很多东西也挺锻炼身体，超喜欢帅气的老师~
31144,1746,王大庆,2016-07-03 09:21:20,8,9,1,王老师超级帅，上课不水，考试挺容易的。。。
31570,1746,王大庆,2016-07-04 06:40:19,2,2,0,老师太棒了.......你上过她的课就懂了。
32655,1746,王大庆,2016-07-12 16:03:20,2,3,1,跆拳道课有帅哥有萌妹，太棒辣
38982,1746,王大庆,2016-12-30 00:43:26,3,4,1,老师超级好，要求严格，跆拳道很有意思的，但是理论考试一定要提前准备好材料，专项考核很简单，赞，学了会变帅
39095,1746,王大庆,2016-12-21 11:56:56,2,3,1,每次上课都很充实，老师也相当好
39235,1746,王大庆,2016-12-21 16:32:39,5,5,0,啊啊啊老师超级好，还教我们要注重礼，可惜下学期选不到女神的课了哭唧唧
41508,1746,王大庆,2017-01-12 05:36:46,2,2,0,超级好的老师啦！！！！！！！
41523,1746,王大庆,2017-01-12 06:13:29,33,39,6,最不水的课。。压腿要哭了
41577,1746,王大庆,2017-01-12 14:09:23,2,2,0,女神中的男神！人超好~
41598,1746,王大庆,2017-01-12 08:40:06,1,2,1,人很好，给分很赞，上课不水\n\n
41609,1746,王大庆,2017-01-12 08:55:07,2,2,0,很好玩 老师很好
41719,1746,王大庆,2017-01-12 12:06:18,2,2,0,老师真的特别棒，考试周还会关心我们身体，上课也很风趣！体育渣亲测4.5！表白老师??
41766,1746,王大庆,2017-01-12 14:06:15,2,3,1,很好很负责的大庆姐，女儿超可爱。上课很有趣能提高技术，最后一节课还会让我们打实战。
41774,1746,王大庆,2017-01-12 14:18:02,0,0,0,帅气十足，攻气十足，腿很长！最重要的是，给分好好啊～o(^_^)o\n\n
41815,1746,王大庆,2017-01-13 01:33:05,1,1,0,女神！！！人超好，给分也超好！！！
41829,1746,王大庆,2017-01-13 03:14:17,1,1,0,不错啊 每节课都是一样的定式 给分很好
43845,1746,王大庆,2017-01-17 04:59:08,1,2,1,老师人超好！每节课的热身和压腿分分钟让你出汗，不水，能真的锻炼身体。考试比较简单，虽然最后成绩差一分就多0.3绩点，但体育渣还是很开心啦
44664,1746,王大庆,2017-01-18 05:44:28,2,2,0,花式压腿  上完课浑身被掏空  谢谢老师我一学期瘦了10斤?
51750,1746,王大庆,2017-06-09 03:42:38,0,0,0,感觉是大学最好的一次体育课体验，老师很帅很棒( ..›ᴗ‹..)
53604,1746,王大庆,2017-06-27 07:03:35,1,1,0,老师可好可好了！平时严格，要求很高，还会亲自指导，但是期末很水，打一遍太极章几个踢腿就可以了，分可好可好了(●°u°●)​ 」
53608,1746,王大庆,2017-06-27 07:09:30,2,2,0,我觉得老师超级温柔又帅气！上课的时候也很幽默，会手把手纠正你的姿势～认真学成绩还是很不错的！向全世界安利王大庆老师！
53620,1746,王大庆,2017-06-27 07:40:40,2,2,0,平时上课超累，但是身体素质肯定是提升了不少，然后就是给分太棒了！
53649,1746,王大庆,2017-06-27 08:43:15,0,0,0,真的好老师哇！给分很好，对学生也很好，上课是真的可以锻炼到～压腿好痛哇哇哇呜呜呜
53653,1746,王大庆,2017-06-27 08:50:30,1,2,1,老师人超级好。可以减肥的一门课。选了，可以提高体测成绩。
53699,1746,王大庆,2017-06-27 10:23:08,0,0,0,老师满分
53808,1746,王大庆,2017-06-27 15:35:28,3,3,0,敲棒，生病请假在旁边咸鱼下一节课还会关心你，（而且12分钟也会放一点点水让你跑到...）
53937,1746,王大庆,2017-06-28 05:30:36,0,0,0,相当完美\n\n还有巨大收货
54665,1746,王大庆,2017-06-30 03:46:19,2,2,0,老师人超级好，特别关心同学，但是每节课的压腿毫不含糊，给分超级好，当初学的时候有点懵逼，学不会，然后老师亲自给我矫正姿势什么的，很耐心。
59213,1746,王大庆,2017-09-20 07:47:09,0,0,0,腿好长。。。真的帅
64255,1746,王大庆,2017-12-22 03:42:20,1,1,0,非常帅气的好老师！十二分钟跑步时候能给你宽容一点多算半圈，平常对于你的成绩也会关注。真的很可爱！
64790,1746,王大庆,2017-12-27 06:51:10,0,0,0,太棒了\n\n
64796,1746,王大庆,2017-12-27 07:06:52,0,0,0,就是压腿对我来说有点痛苦，大力推荐这门课
64963,1746,王大庆,2017-12-28 05:21:49,0,0,0,老师超级好\n\n
65018,1746,王大庆,2017-12-28 08:23:42,1,1,0,人很好啊超好，虽然最讨厌拉韧带，但我们十二分钟跑超级好，24个女生18个六圈吧
65245,1746,王大庆,2018-01-02 04:15:05,0,0,0,超级无敌棒老师还很温柔\n\n
65248,1746,王大庆,2018-01-02 04:25:37,1,1,0,虽然平常上课一半在压腿，一半在练，每次都会很累，但是却很幸福，每个上课的人脸上都是笑容，认识很多很棒的课友，专项考试也很简单，老师人超级好，踢腿很帅，最后一节课上完也深感不舍，以及我们这个班只有5个男孩子喔。
66792,1746,王大庆,2018-01-19 05:28:00,5,5,0,真的好！！！！！炫酷的老师！！！第一个4.8！！！
66797,1746,王大庆,2018-01-19 06:00:59,1,1,0,老师超棒 很认真的在教 初级班确实能学到基础的一点跆拳道 给分也好 可惜中级班只开一场冲突了
66826,1746,王大庆,2018-01-19 07:21:21,0,0,0,老师很关心学生啊，上课会给我们备好水，糖，防止有人起晚了没吃早餐。而且非常认真负责，最后一节课别的老师都不上课了，老师虽然女儿发烧了，但为了让我们有多锻炼一次的机会还是来上课了，也总是叫我们不要熬夜，给分也好啊
66828,1746,王大庆,2018-01-19 07:21:44,0,0,0,超级棒!
66858,1746,王大庆,2018-01-19 07:44:42,0,0,0,真的很很认真负责，
66870,1746,王大庆,2018-01-19 07:56:09,0,0,0,帅气啊，水平超高(๑>؂<๑）人也超好的，平时有什么重要事情都会多次提醒的_(:з」∠)_现在看起来真的挺负责的。
66881,1746,王大庆,2018-01-19 08:19:37,0,0,0,首先给分很棒棒啦！虽然没满但是满足！然后老师很帅很负责人也很好。总之推荐选啦绝对不会后悔的！
66886,1746,王大庆,2018-01-19 08:22:41,0,0,0,好老师，很认真
66888,1746,王大庆,2018-01-19 08:23:27,3,4,1,是很认真的老师，真正一点都不水，每次上完都一身汗。老师很真诚，记得有一次送孩子去医院晚来了几分钟给我们道歉并解释原因。我觉得自己再练一学期就可以劈叉了，怎奈课表冲突选不了中级～你们要珍惜啊！
66936,1746,王大庆,2018-01-19 10:40:56,2,2,0,哇这个老师真的太好太好必须给满分啊！！！课表不冲突了我一定还来选老师的中级班！！
66979,1746,王大庆,2018-01-19 13:41:29,1,1,0,打卡没打满12分钟也没跑满请过假专项全组最低最终能有4.5绩点超超超超超级感人了。。。
67121,1746,王大庆,2018-01-20 09:55:03,3,3,0,超！级！帅！最重要的是给了我4.8哦嚯嚯嚯✧୧(๑=̴̀⌄=̴́๑)૭✧
67236,1746,王大庆,2018-01-20 13:33:39,2,2,0,老师非常nice！示范动作的时候帅呆。上课会给我们准备水和糖，真的很贴心，有两次我没吃早饭就去上课幸亏吃了老师的糖才没那么虚hhhh每到考试周之前老师都要叮嘱我们不要刷夜，平时也经常跟我们说要注意健康。给分也很不错，我一个体育辣鸡对成绩还是很满意的。
67325,1746,王大庆,2018-01-20 23:40:49,0,0,0,王大庆老师超级好，上课耐心指导，给分也很不错。
67349,1746,王大庆,2018-01-21 01:50:28,2,2,0,钢筋腿  压腿分分钟出汗  老师特别帅！！！
67369,1746,王大庆,2018-01-21 03:20:03,0,0,0,非常棒
67511,1746,王大庆,2018-01-21 11:08:53,0,0,0,给分超级好啊
67891,1746,王大庆,2018-01-22 09:03:52,0,0,0,人超好
68435,1746,王大庆,2018-01-23 08:01:13,0,0,0,哇老师太酷了！就是拉筋疼得不行。。
74274,1746,王大庆,2018-02-08 16:56:07,0,0,0,棒！给我满绩给你十分！jiang！
76558,1746,王大庆,2018-04-14 08:45:30,3,3,0,坐下时闭眼想仇人 站起时默默数钟表
79608,1746,王大庆,2018-06-11 10:37:26,4,5,1,这么帅的老师！哇呀呀呀～超赞超赞！人又美又帅！刷新边际！\n\n怎么办我这学期想上老师的中级班，，可惜和专业课冲突。。。我想退了专业课。。。专业课总会有的，老师的课只剩下两次选的机会了(๑•́ωก̀๑)
79640,1746,王大庆,2018-06-12 07:07:39,0,1,1,把所有夸老师的赞了一遍~~很nice的老师~分还没出来但这学期的体育课留多少汗都值了!!最后的三好杯 零基础入门的我还进了前三~
81622,1746,王大庆,2018-07-05 14:50:23,1,1,0,老师的价值观真的很正能量?
81819,1746,王大庆,2018-07-06 09:01:17,0,0,0,老师人超好 给分也高 唯一的就是跆拳道是我上过的最累的体育课... 先跑个十圈再坐下来把全身都折磨一遍再疯狂踢腿 最后去参加了三好杯比赛还是第一次 上场打有点刺激 然而第一场就被淘汰了但还是很开心啊
83856,1746,王大庆,2018-07-11 10:26:30,1,1,0,老师上课很认真，教的很好，然而我老是偷懒，绩点低都是自己的锅……
91885,1746,王大庆,2018-12-24 08:38:55,0,0,0,超棒的体验，老师超级帅?
91930,1746,王大庆,2018-12-25 04:04:04,1,1,0,老师超级好超级温柔超级暖！今天最后一堂课了嘤。学到了很多！反正超级棒！我是初级班的嘻嘻
92033,1746,王大庆,2018-12-25 13:26:57,0,0,0,玩了两学期的干货十足的体育课
92245,1746,王大庆,2018-12-27 08:22:29,0,0,0,老师超善良啊，而且真的帅到我了(//∇//)
93161,1746,王大庆,2019-01-08 01:41:27,0,0,0,成绩还没出 但是先满上 老师人很好 温柔又帅气
94535,1746,王大庆,2019-01-17 06:16:47,0,0,0,特别好
96643,1746,王大庆,2019-01-21 08:25:25,0,0,0,啦啦啦。柔韧度不行的我依旧存活着下来。谢谢老师给的分！！！
96647,1746,王大庆,2019-01-21 08:31:10,1,1,0,老师真的女神！！\n\n人超好的！！\n\n给分无敌棒 跑步柔韧都靠它！\n\n辛苦是真的辛苦平时跑步压腿都很痛但是老师很棒很棒给分很好很好！\n\n不要偷懒呀
96677,1746,王大庆,2019-01-21 08:58:10,0,0,0,老师真的太好了！！！给分也超级超级好！！超爱！！！
96688,1746,王大庆,2019-01-21 09:08:11,0,0,0,哭辽老师给了满绩！
96692,1746,王大庆,2019-01-21 09:16:40,0,0,0,鸭腿\n\n唉\n\n酸爽大法好\n\n给分还是蛮不错的\n\n如果你每节课都来\n\n干嘛不来\n\n老师那么帅
96736,1746,王大庆,2019-01-21 09:51:19,0,0,0,老师超帅！腿巨长之前是国家队的，超强！\n\n上课很认真很负责一点都不水！就是疯狂压腿有点痛233\n\n老师很可爱很幽默超级关心学生，有次我重感冒老师就让我回去休息了。而且给分很棒！
96758,1746,王大庆,2019-01-21 09:56:49,1,1,0,帅气的外表下有着温柔的内心！要求比较严格，柔韧不好的同学可能上起来比较辛苦…但可以学到很多东西！老师也会很耐心的指导～
96818,1746,王大庆,2019-01-21 10:11:42,2,2,0,爱上了，我的妈呀，老师真的太好了叭
96887,1746,王大庆,2019-01-21 11:50:35,0,0,0,上课不水，每节课都有点累，但是真的可以学到跆拳道的很多知识，老师超专业。给分也很棒，可惜下学期课冲突不能选中级班555
96907,1746,王大庆,2019-01-21 12:15:09,2,2,0,王老师超好的！！！真的超级好！！给分超好！！！！跆拳道超帅的！！双飞帅呆了！！！人超好！！！啊啊啊啊啊啊啊！！我简直是迷妹没错了！！！我课外锻炼和专项辅导课考勤都没满！！自己太懒惰了！！但老师超好的！！大一下没有时间排课打算大二再选跆拳道中级班！！
96913,1746,王大庆,2019-01-21 12:20:04,1,1,0,老师人超好，给分超级高  这个课女生多男生少?
97001,1746,王大庆,2019-01-21 14:12:13,0,0,0,天哪!来到浙大后的第一个满绩，感动哭辽!虽然每节课都有一定的强度，会比较累(也可能是我自己体质比较弱)但是真的能学到很多东西，尤其是各种花式压腿，让我大开眼界!一学期下来明显感觉自己的柔韧性变好了。我也学会了各种腿法，兴许在以后能派上用场吧，嘻嘻。老师上课真得超级认真负责的，也非常温柔，真的超级棒!!!!大爱大庆老师!!!要不是下学期课冲突，我还选老师的中级班!
97010,1746,王大庆,2019-01-21 14:24:44,1,1,0,疯狂打call！！！（以及想不通为什么男生这么少
97187,1746,王大庆,2019-01-21 23:59:11,1,1,0,老师的课很好，给分也很好
98739,1746,王大庆,2019-01-24 00:57:11,1,2,1,作为班上唯五的男生，老师可以说是很照顾了！压腿时候还要专门过来帮我压一下Ծ‸Ծ 老师很好！给分很好！都来选！
100351,1746,王大庆,2019-01-26 03:25:32,1,1,0,霸气的外表，温和的性格，赞啊
103041,1746,王大庆,2019-02-25 14:40:00,0,0,0,老师最帅！！！！！
104260,1746,王大庆,2019-03-15 03:55:05,9,9,0,老师是我所知道的最变态的女老师……但是我爱她（流下压韧带的幸福之泪
108452,1746,王大庆,2019-05-24 13:42:54,0,0,0,老师很好，但是我自己跑的很差……T﹏T
108724,1746,王大庆,2019-06-01 01:22:33,1,1,0,又高又帅！
109476,1746,王大庆,2019-06-15 14:57:18,2,2,0,老师超级帅！！！中级班平时训练比较严，但是跑步考核的时候，我严重怀疑老师悄咪咪给我们防水? ?
110022,1746,王大庆,2019-06-21 09:39:49,2,2,0,二刷同学前来报道。在评价课程之前先吹一波：王大庆老师超棒!人帅心善水平高，上课认真负责给分超好!\n\n对于一个并不柔软的肥宅来说，跆拳道这门课其实并不是很友好，所以想选水课的同学先劝退一波。但是在坚持下来之后，可以收获很多，礼仪、谦逊、一起拉筋对练的小伙伴、逐渐柔韧协调的身体、似乎长了瘦了一点点的腿……从一开始拉筋拉到怀疑人生到最后自己对自己下狠手，从一开始生疏的微笑鞠躬到最后毫不犹豫地把对方往死里压，从一开始的手忙脚乱到最后的自信从容，就我个人而言，跆拳道这门课真的改变了我很多，也教会了我很多，所以强烈安利这门课!!!
112231,1746,王大庆,2019-07-03 23:43:57,8,8,0,别问 问就是我太爱她了哈哈哈
112510,1746,王大庆,2019-07-04 15:57:17,6,6,0,老师我爱你呜呜呜呜呜呜！虽然一学期都在吐槽为什么跆拳道课这么硬核这么硬核这么硬核！但是真的有提高自己的身体素质真的有！收！获！学习好累，体育课难得调节一下身体状况，真的很珍惜这一学期的上课时光呜呜呜呜。
112770,1746,王大庆,2019-07-05 02:47:36,3,4,1,太惊喜了这个分数！我专项分数就一般，12分钟还没满，仔细算了一下老师给我平时分满了?平时认真努力老师应该都看在眼里吧，专项的分也是大家普遍很高。不过我就是冲着运动量大来的，但对我来说跆拳道的运动量还是太少了?
112964,1746,王大庆,2019-07-05 15:54:39,3,3,0,谢谢老师，老师真的关注到了每一个学生，即使是不怎么活跃的我老师也会记得，谢谢老师呀。
113391,1746,王大庆,2019-07-06 15:23:32,3,5,2,上过的最棒的体育课，运动量并不算低，但一定是适度的，一个学期也学到了很多，老师对每个同学都超级nice，真的无可挑剔。最后得分比预想还要高甚至，简直没有理由不选啊。
116468,1746,王大庆,2019-09-11 00:57:31,1,1,0,别问！看其他评论！
121073,1746,王大庆,2020-01-19 12:27:05,0,1,1,老师我等你回来！
121398,1746,王大庆,2019-12-16 10:54:05,0,0,0,就是好
121793,1746,王大庆,2020-01-22 02:19:54,0,0,0,收获满满
121933,1746,王大庆,2020-01-24 08:44:16,0,1,1,体辅比较硬核，但是老师很好！祝平安！
128910,1746,王大庆,2020-12-26 16:18:26,0,0,0,老师人超好，很关心学生，上课挺累的，水不得，但是值得
130308,1746,王大庆,2021-01-20 14:43:20,0,0,0,老师nb！！！跆拳道平时的训练确实有点硬核，但是痛并快乐着！！认认真真上最后4.8的绩点！！
130346,1746,王大庆,2021-01-21 06:53:48,1,1,0,好老师，绩点4.5，89分哈哈哈哈哈哈
130377,1746,王大庆,2021-01-21 13:11:08,1,1,0,想要5的话，请拼命练习十二分钟和仰卧起坐/引体向上\n\n老师是很好的老师
130762,1746,王大庆,2021-01-24 13:31:19,0,0,0,要求严格
131814,1746,王大庆,2021-01-29 04:12:03,1,1,0,人好，但是事情有点多，不过水一水老师也不会管的
131855,1746,王大庆,2021-01-29 06:47:11,2,2,0,老师每节课都很认真负责，所以平常也不水，跆拳道初级班很简单，没有基础的也不用害怕～总之，老师很好
134769,1746,王大庆,2021-04-14 11:09:55,-19,7,26,快逃，千万不要选她的身体素质课，疯狂点名事情多，一点小事就发火
136099,1746,王大庆,2021-06-11 02:41:38,12,14,2,老师的跆拳道课比较重跑步和压腿。负责任地讲，你找不到比我更厌恶跑步的人了，不但体力极弱，而且跑步会跳起来，从初中到大学就是改不回来，跑步对我就是折磨，而且究极钢筋腿。但我还是乐意去老师的课，可惜下学期没法选了，唉。\n\n人情味很足，会备好糖免得早饭没吃的同学累趴下，一个劲地提醒你“早饭一定要吃”，看着挺严格的，但只要你是认真做的，就算不尽善尽美也没事。\n\n课上内容的话，初级班跆拳道真没啥好说的，横踢下劈都是腿压开就能做好的腿法+太极一章，可以说是基础中的基础了。
136233,1746,王大庆,2021-06-13 08:54:25,5,5,0,非常好的老师！本来以为老师不知道我叫什么，结果一次课外碰到老师居然认出我还叫我的名字
136537,1746,王大庆,2021-06-20 12:36:47,2,2,0,大庆真的太他妈好了!!!!!害 可惜下学期中级班和预置的专业课冲突了 这学期学的初级班 被大庆亲手指导了几次 之前一直横踢踢不好 大庆给我掰了几下就会了！老师人真的特别好！还会记住你的名字！特别帅！特别暖！
140815,1746,王大庆,2021-09-16 10:08:04,0,0,0,校队教练\n\n出去比赛超级负责\n\n对每一个队员都超关心
144128,1746,王大庆,2022-01-10 05:54:02,2,2,0,女神(ღ♡‿♡ღ)\n\n跆拳道满了！谢谢老师！
144394,1746,王大庆,2021-12-21 10:38:30,1,1,0,强推！！12分钟跑会送你几秒。而且教学的时候还会很认真的纠正你的错误。很nice一老师
147115,1746,王大庆,2022-01-08 18:00:22,0,0,0,老师人真的非常好 课上能学到东西 给分也非常好
147464,1746,王大庆,2022-01-10 05:03:00,1,2,1,王大庆老师很负责，耐心，下学期还想上老师的课！
147614,1746,王大庆,2022-01-10 09:49:47,1,2,1,老师的课有一点累，对于柔韧性不好的同学来说真真是一场考验。但是，扛不住老师帅啊，女神中的男神，大庆老师超级赞！
150903,1746,王大庆,2022-02-21 02:39:44,1,1,0,超好，帅又温柔，规则都讲的清清楚楚，教的也好，让人感觉很舒服，而且给分超级无敌好，体育是我绩点最高！4.8感觉只是班里中等水平
152856,1746,王大庆,2022-04-21 00:43:07,1,1,0,挺帅的
154206,1746,王大庆,2022-05-26 07:47:36,1,5,4,太求是了，十二分钟跑一点没有别的老师那样的小政策，上课特别特别硬，给分也一般吧。认真负责但事情特别多，对于只是因为要上体育课而上课的人和想拿高分的人，完全不推荐
154220,1746,王大庆,2022-05-26 07:07:14,0,4,4,最后一周还要去跆拳道馆上课\n\n我真的会暴躁诶
154972,1746,王大庆,2022-06-07 07:21:54,2,2,0,大庆特别好，上体育课虽然比较累，但是确实我们的体育成绩提高了，跑50m那天，我们做了很多热身，有人不愿意做，怕太累了考试的时候跑不快，但是做了很多热身之后我们成绩确实好了很多，我是女生，但是跑出了初三体育最好的水平，跑了七秒多，而且这个学期也是我第一次跑满12分钟（老师还送了我好多时间），而且体育锻炼这个事情确实就像老师第七周结课时候讲的那样，让我们锻炼是提升自己的素质，有些同学也没有必要因为锻炼强度不符合预期中的事少分高而给出不合理的评价，可以看一看大庆对我们的训练成果！最后，吹爆大庆，真的很帅，对学生也很好，下学期因为预置全部冲突，没有办法再选跆拳道了，好伤心。
155018,1746,王大庆,2022-06-07 13:33:56,-49,5,54,非常好的老师，关心学生，体谅学生，会记住学生的名字，会给12分钟跑放水。可是因为跆拳道这门课本身考核制度的问题，专项考试注定没法拿高分，整的我大学以来第一次没有体育课拿100分，不过满绩也勉强够了。
157446,1746,王大庆,2022-06-23 09:04:41,0,6,6,老师很严格，有的时候不考虑学生感受吧，会当场骂人
159349,1746,王大庆,2022-07-14 08:57:29,4,4,0,大庆老师人真好！一开始会觉得她有点凶，训练量也大，但后来发现她其实不严厉很为我们着想，实在做不到也不会批评学生，夸夸老师！
160600,1746,王大庆,2022-09-27 15:11:59,15,15,0,1.老师人非常好，古道热肠，充满体育人的担当与自信\n\n2.老师当年差一点入选跆拳道国家队，这份实力无需质疑\n\n3.性格爽朗，语言简洁明快，切中肯綮\n\n4.很耐心，善于引导学生\n\n5.如果这个评分系统有20分，我一定会打20分
161014,1746,王大庆,2022-10-23 16:31:50,1,1,0,人很好！但是跆拳道课还是有点硬核滴
161437,1746,王大庆,2022-11-07 03:16:24,1,1,0,很喜欢这个老师(压腿好疼)
163582,1746,王大庆,2022-12-15 11:54:33,3,3,0,我爱老师！！！！
165196,1746,王大庆,2022-12-30 03:44:00,1,1,0,老师很严格，不过人也很好，虽然有时候会比较严苛地说教，但是一定会很认真很耐心地指导纠正你。压腿是真的疼，不过跆拳道要想把腿踢高踢到位，压腿还是很必要的。新学期课表和中级班冲突，所以还是选了别的，虽说我感觉我水平也不怎么样就是了（笑）
168871,1746,王大庆,2023-02-23 06:13:27,0,0,0,爱老师
170531,1746,王大庆,2023-03-06 07:00:27,0,1,1,好老师，认真负责，就是训练量大（跆拳道课程的原因）
174169,1746,王大庆,2023-06-07 03:16:27,0,1,1,身体素质，好老师。下课前两分钟才来请病假，虽然已读未回，但最后还是成功在浙大体艺上看到自己病假成功了
174201,1746,王大庆,2023-06-07 08:47:21,2,4,2,老师是好老师，但是体素快逃。有点没用的硬核感。
174292,1746,王大庆,2023-06-09 04:40:09,0,0,0,是我对不起她，她太爱我们了
184615,1746,王大庆,2023-12-22 03:09:50,1,1,0,很幸运。非常好老师，最不水的体素课。跆拳道冠军的课程含金量不言而喻。\n\n你身体真的跟不上老师也不会怪你的，当面请假什么的都是很轻松的。\n\n总结：想水的不建议选；想充实大学生活的速来感受灵与肉的碰撞！
184751,1746,王大庆,2023-12-22 12:22:44,1,1,0,又美又飒的女老师，好爱呜呜
184888,1746,王大庆,2023-12-24 03:34:50,2,2,0,老师超好，上课会让我们认认真真锻炼身体（确实十分有必要），很温柔，吹爆！！！！
184915,1746,王大庆,2023-12-24 09:57:31,1,1,0,跆拳道课训练量大，不过老师人很好
184953,1746,王大庆,2023-12-24 15:21:53,6,6,0,帅就一个字。
185549,1746,王大庆,2024-01-02 06:01:15,0,0,0,很好的老师
185575,1746,王大庆,2024-01-02 10:36:15,4,4,0,大庆真的超级好！最后一节课还拍了合照！真的超爱大庆！
185696,1746,王大庆,2024-01-03 23:19:30,10,11,1,真的很幸运、很荣幸这学期选上了王老师的体素课，当我再回想思考王老师分数为何如此之高，一是王老师的专业知识，上课教的动作真的很有效，很多元，（强度可能会大一些，但这也是体素课的魅力）但最吸引我，最让我感触的是王老师的人格魅力，王老师那种真性情，热情，体贴甚至让我有种家人的感觉，虽然下学期没能选上王老师的跆拳道课，我依然“追随”王老师，有机会一定继续选，最后，在这里向王老师深鞠一躬，何其幸运
186969,1746,王大庆,2024-01-14 03:37:39,4,5,1,太牛逼了！ 学习了跆拳道，我觉得在我学习了所有的体育课里（大三了，上了四种课），这次是学的最多的，练习也很扎实，跆拳道的基础也学会了。压腿有点恼火。老师特别平易近人，对我们很好和我们打成一片，最后还和我们拍了照，咬到了合影。老师太帅啦！要是我也有老师这么长的腿就好了
187372,1746,王大庆,2024-01-15 15:42:29,4,4,0,跆拳道，老师很好，很帅，真的很关心同学。虽然课上压腿踢腿跑步有点累，但是一学期下来真的学到很多。
188163,1746,王大庆,2024-01-18 09:58:29,3,3,0,认真负责又幽默的老师，人很好
193224,1746,王大庆,2024-06-04 15:40:19,0,0,0,非常好的老师～选选选 不过确实有点累就是了
193678,1746,王大庆,2024-06-15 07:20:55,1,2,1,以前上过跆拳道，上学期选了跆拳道初级班，内容真的很简单，满绩拿下！下学期打算继续选中级班了。大庆真的人超好啊啊啊满分满分
194365,1746,王大庆,2024-06-23 11:20:06,0,0,0,好！！！
202646,1746,王大庆,2024-11-13 15:05:04,0,0,0,每周被大庆哥掰掰掰掰掰腿，痛并快乐着
206055,1746,王大庆,2024-12-13 04:23:08,1,1,0,太喜欢大庆老师啦啊啊人超级好，上课不算特别累，给分也超好！！
206124,1746,王大庆,2024-12-13 05:50:21,0,0,0,非常好的老师，上过跆拳道初级课，很推荐的老师
206871,1746,王大庆,2024-12-18 05:45:25,1,1,0,老师总给我一种铁汉柔情的感觉，上课很负责，看起来凶巴巴的其实很可爱
207210,1746,王大庆,2024-12-20 00:47:59,3,3,0,可以的，看上去很严其实很随和很和蔼。但是柔韧性废物实在是压不了腿……建议柔韧性好的人选，柔韧性差的每次压腿跟tm五马分尸一样难受
207330,1746,王大庆,2024-12-20 13:15:36,2,2,0,王老师是我进大学以来第一个记住我名字的老师，第一个在我生病的时候，会私戳我关心我的老师，而且过了好几天又私戳我问我怎么样了。我要哭了呀😭，这么多学生，这么多人，普通的我却被注意到。王老师我爱你😘
207837,1746,王大庆,2024-12-24 12:19:56,0,0,0,老师看着有点凶，实际上很活泼
208400,1746,王大庆,2024-12-27 10:48:03,0,2,2,体素课不水
208673,1746,王大庆,2024-12-30 16:04:20,1,1,0,大庆太好了，帅真的是一种感觉，虽然跆拳道拉腿很痛苦，但是大庆太好了
209468,1746,王大庆,2025-01-06 04:48:17,0,0,0,压腿有点痛苦，但是老师很好很温柔，而且期末考核也不难
209906,1746,王大庆,2025-01-07 11:20:09,2,2,0,跆拳道初级5.0飘过～超级超级超级无敌好的大庆老师！超级幽默有魅力，对同学也很好，上课就是压腿比较痛苦，期末考核也比较简单，虽然不知道为什么选的人这么少，但是选上就是赚到啊！这么好选又有趣的课哪里找啊！！
210040,1746,王大庆,2025-01-08 03:48:27,2,2,0,修的是王老师的跆拳道初级。\n\n老师人很好，很关心学生，也很近人情。教课很认真，每节课是雷达签到，也很希望我们能好好学。\n\n不难学。课上先压腿，柔韧好的同学会学得更轻松，但是最后的考核并不困难，所以柔韧一般的同学也可以大胆尝试。\n\n上课要穿跆拳道服，朵朵上有不少卖二手跆拳道服的，有需要的话可以事前查看一下，穿大码会更好。
211665,1746,王大庆,2025-01-12 06:26:18,3,4,1,老师人很好，教的东西挺充实的，不过怎么说，体素课还是避雷吧，一节课跑五圈，要么就在做了一堆运动累死之后测12分钟跑，其他的技巧啥也没教吧，就跑步了，一学期体素课都是噩梦，可能是我讨厌跑步哈，体素课想轻松点的避雷，喜欢运动的可以选，老师人很好
211891,1746,王大庆,2025-01-13 01:15:52,1,1,0,大庆很幽默上课不水但是挺好玩的
216076,1746,王大庆,2025-03-10 07:32:14,0,1,1,帅就一个字，我只说一次
218990,1746,王大庆,2025-05-16 14:42:45,0,0,0,感谢王老师，次次课压腿，让我体测体前屈拿了95分
219122,1746,王大庆,2025-05-22 02:35:02,0,0,0,大庆姐真的很关心学生，也真的很帅很严厉，respect
219221,1746,王大庆,2025-05-23 07:05:28,0,0,0,上了王老师的体素和跆拳道初级，老师是希望学生真的锻练到的好老师（所以体素想水的建议别选，不管是体素还是专项，签了到她会核对人数，要是少了会签退或者专项课报名字看是谁逃了。）跆拳道课，老师真的太帅了，感觉一脚能把人踢死😅。但是这不能阻止我打10分，真的是很负责认真的老师。ps.五一放假前的那节体素课，老师专门说了怕人签完就跑，所以晚一点签到。我例假坐在旁边，老师问我要不要敢车，直接帮我手动签到，说让我可以先走了，我真的！哭死啊！老师😭
219297,1746,王大庆,2025-05-24 09:41:57,0,0,0,我爱大庆！！！
219424,1746,王大庆,2025-05-27 04:53:18,0,0,0,老师人超好
219436,1746,王大庆,2025-05-27 08:16:14,0,0,0,老师人非常非常好，会给没吃早饭的人准备糖果。要求很严格，运动量很大，但是希望我们能学到真本事。我是体育非常差四肢极度不协调的人，老师不会嘲笑我，而是非常耐心地一遍遍教我怎么做。老师不会苛责认真的人，不管最后给分如何，老师在我心中都是满分
220667,1746,王大庆,2025-06-19 06:28:41,0,0,0,老师人很好，上课演示踢腿动作超帅😍
2557,1755,陈南生,2015-05-04 14:03:52,33,39,6,超赞的老师！教会我的东西不仅限于篮球！
3922,1755,陈南生,2015-06-17 08:41:42,7,13,6,超赞+1非常关心学生
4271,1755,陈南生,2015-06-18 13:04:17,3,8,5,非常认真负责的老师，课上能学到非常多东西
4302,1755,陈南生,2015-06-18 22:45:29,17,21,4,老师人很好
5661,1755,陈南生,2015-07-09 04:31:18,2,7,5,真心好老师，让我爱上了运动
6327,1755,陈南生,2015-07-13 04:25:03,-1,5,6,大神
7057,1755,陈南生,2015-09-01 05:20:02,-1,4,5,爽
7495,1755,陈南生,2015-09-15 00:16:33,1,7,6,果断10分\n\n
7642,1755,陈南生,2015-09-15 07:09:16,3,8,5,富有幽默感，有良心，魅力大，真的是绝赞的老师啊！
7710,1755,陈南生,2015-09-15 10:24:37,4,9,5,很好的一个老师，还是Cuba创始人之一，现任秘书长，百度有图片(๑• . •๑)
7855,1755,陈南生,2015-09-15 17:25:22,-1,3,4,这老师见过世面有很为学生着想\n\n
7997,1755,陈南生,2015-09-16 12:02:41,-1,4,5,好老师嗯
8223,1755,陈南生,2015-09-17 15:03:33,-1,3,4,蛮好的
9270,1755,陈南生,2015-10-19 10:23:53,-2,4,6,三个字
10115,1755,陈南生,2015-11-16 09:30:08,-1,4,5,谢谢教头交给我的东西
12215,1755,陈南生,2015-12-22 11:01:54,-1,3,4,老师教会我们的不仅仅是篮球，业界良心
12425,1755,陈南生,2015-12-31 05:49:57,2,6,4,很负责任的一个老师，但最后的给分还是要看你自己啦！
12449,1755,陈南生,2015-12-23 09:54:31,-1,3,4,篮球教的很好 对人也很好啊
13083,1755,陈南生,2015-12-24 22:47:48,-1,3,4,教的东西很实用，适合各种等级的学生
13287,1755,陈南生,2015-12-26 08:03:21,1,5,4,强推！
13336,1755,陈南生,2015-12-27 02:31:23,-13,6,19,评分极烂
13575,1755,陈南生,2015-12-29 11:33:43,2,6,4,特别和蔼，人很好，经常督促我们锻炼。要不是因为篮球考试，下个学期还选他的课。
13673,1755,陈南生,2015-12-30 09:52:21,3,7,4,老师是cuba创始人，但对学生很和蔼，没有架子。\n\n老师不仅篮球教的好，而且会教很多人生道理。\n\n老师虽然已经大概六十岁了，但是还是很帅很帅。
13934,1755,陈南生,2016-01-02 13:31:03,1,5,4,男神！非常非常好的老师，关心我们，教育我们
16658,1755,陈南生,2016-01-18 16:04:34,1,5,4,能学到除了篮球本身的很多东西
17073,1755,陈南生,2016-01-19 14:26:26,-1,4,5,冲老师给的分，坚决点赞
17106,1755,陈南生,2016-12-21 13:56:59,-17,6,23,陈南生老傻逼，给分极差不讲情面，为了节省时间直接把我的第二次机会作废了，陈南身表面很关心你，打分和考试特别冷血一个选了四个学期篮球两个学期陈南生的苦逼
17175,1755,陈南生,2016-01-21 13:54:50,-12,5,17,给分真的很差
17242,1755,陈南生,2016-01-20 02:26:03,2,5,3,非常好的老师。对学生很和蔼，见过世面有经验。教会的不止是打篮球。上课会讲在紧急情况下该如何面对，怎么搞好自己的身体。给分不好不坏，还算客观公正。
17400,1755,陈南生,2016-01-20 07:29:34,0,3,3,非常好
17565,1755,陈南生,2016-01-20 12:06:14,0,3,3,陈老师上课会教很多不只是篮球的知识，人很好，给分棒！
18871,1755,陈南生,2016-01-22 16:03:02,2,5,3,陈老师没话说，专业、和蔼，而且特别帅!!!讲授的不限于篮球，终身受益!
19921,1755,陈南生,2016-01-25 14:26:33,3,7,4,喷陈老师的同学，成绩低自己负主要责任，老师是很好的，骂老师自己的道德去哪了，为了分数骂老师值得吗？
20984,1755,陈南生,2016-02-07 01:12:19,0,3,3,很好很好\n\n
22234,1755,陈南生,2016-12-21 13:56:50,-12,4,16,别被那些夸他的骗了！！多是些不会打篮球的混子拿了及格就乐呵，陈南生表里不一，给分极差，这学期选潘德运老师才明白什么是好老师，非常负责，篮球课只认潘德运，不愧浙大男篮教练，方法就是科学
24221,1755,陈南生,2016-12-19 15:53:28,-10,3,13,陈南生呵呵，给分乱给，咨询态度极差，忘记登记就胡编乱造但愿你们这些傻乎乎选他的人别成为那个倒霉仔
25162,1755,陈南生,2016-05-06 13:45:14,0,1,1,陈老师鼓励年轻人健身，真好
25896,1755,陈南生,2017-01-11 09:15:27,-9,1,10,为老不尊
26115,1755,陈南生,2016-06-16 02:08:48,0,1,1,真的是超赞的，老师好负责，又是男神级别的，反正个人特别特别喜欢(⊙o⊙)哦
26127,1755,陈南生,2016-06-16 05:16:02,0,1,1,老师人很好，上课很有意思，很开心
26639,1755,陈南生,2016-06-20 12:55:15,0,1,1,老师人超级好~~彻底爱上篮球啦~~
28257,1755,陈南生,2016-06-28 08:22:29,0,0,0,很好，很专业，老师人也很负责
28337,1755,陈南生,2016-06-28 08:35:43,-1,0,1,超有魅力的老头子。
28516,1755,陈南生,2016-06-28 09:43:54,-1,0,1,老师会教很多篮球以外的东西，比如心理……
28521,1755,陈南生,2016-06-28 09:47:32,0,2,2,qwq老师人挺好的 但是运动量挺大的 给分也有点低…………伤心qwq
28539,1755,陈南生,2016-06-28 09:58:58,0,0,0,陈老师人超级棒，而且你会学到很多篮球以外的东西
28799,1755,陈南生,2016-06-28 15:36:24,-1,1,2,老师人挺好的 教的也挺循序渐进 可是 给分是什么鬼？？？
29244,1755,陈南生,2016-06-29 13:20:45,0,1,1,很好的老师。不过你期待老师给你多给几分就算了，陈南生老师是严格按照评分标准来的。
38807,1755,陈南生,2016-12-19 06:48:39,0,1,1,真的舍不得老师。好老师，赞一个
38811,1755,陈南生,2016-12-19 07:13:22,0,1,1,陈老师是一个非常好的老师，虽然他的训练量很大，但是很有效果，也会督促着我们锻炼。他是一个非常有魅力的老师，细致认真，非常关爱学生，真的是个好老师。
38866,1755,陈南生,2016-12-19 15:29:07,-1,1,2,ghhhhh
38884,1755,陈南生,2016-12-19 15:51:21,0,1,1,舍不得老师，只上了一学期
39189,1755,陈南生,2016-12-21 13:56:00,0,1,1,CUBA创始人之一，教我们的不只是篮球。\n\n以后再也不教课了\n\n作为老师的关门弟子，尽管考试自己没发挥好，还是果断给老师10分。\n\n能被陈老师教，此生一幸
39805,1755,陈南生,2016-12-27 23:02:56,0,1,1,舍不得..这么好的老师要离开教学了，对每一个个体都很细心，十分注重基本功，舍不得老师T.T
42225,1755,陈南生,2017-01-14 02:39:56,0,0,0,真的是好老师。我很喜欢。对我们很好。能学到很多东西。
47492,1755,陈南生,2017-01-28 03:03:45,0,0,0,满分不解释
47878,1755,陈南生,2017-02-27 01:41:15,0,0,0,教头没的说，好老师！
1155,1764,陈小珍,2015-03-21 16:20:42,17,25,8,非常好！
2317,1764,陈小珍,2015-04-20 15:27:59,1,3,2,特别有耐心
3336,1764,陈小珍,2015-06-02 11:24:45,2,2,0,人很好，很有耐心。
3369,1764,陈小珍,2015-06-07 14:18:56,6,10,4,还不错的老师，只是要求太过严厉，引体向上和12分钟跑等都不会照顾分数。
6694,1764,陈小珍,2015-07-19 04:43:28,2,5,3,体育课看能力！
9677,1764,陈小珍,2015-11-04 07:30:41,3,3,0,很好！
14960,1764,陈小珍,2016-01-18 05:29:48,1,6,5,给分不怎么样 是真的
16430,1764,陈小珍,2016-01-18 05:32:38,4,5,1,很有耐心很负责！给的建议一针见血很有帮助！！喜欢！
16439,1764,陈小珍,2016-01-18 05:49:26,3,4,1,还不错，我没到均绩可能是体测不好吧。不过她对迎体向上和12分钟跑真的不留情面。
20651,1764,陈小珍,2016-01-29 11:23:20,-6,5,11,给分…差！
25579,1764,陈小珍,2017-09-19 07:40:18,-12,5,17,给分差的要死，反正和自己无关呢\n\n
25694,1764,陈小珍,2016-06-03 07:24:13,8,10,2,老师挺严格的，但是说实话不算苛刻。看到评论里说12分钟不留情面啥的可能是因为和其它老师对比显得紧了吧，我们当时就是还剩多少时间会让你再跑多少，最后超时也没有关系。总之，老师人挺好的，有耐心也讲道理。
26504,1764,陈小珍,2016-06-19 09:50:43,0,2,2,真的能学到技术
26828,1764,陈小珍,2016-06-21 08:28:04,1,2,1,严格负责的好老师，能学到很多东西。
27255,1764,陈小珍,2016-06-24 05:14:43,0,1,1,老师人很好
29649,1764,陈小珍,2016-06-30 06:24:12,4,4,0,开学的时候还是个排球废结果期末都有90分！仰卧起坐和十二分钟的确不怎么水…但我觉得最后分数还不错呀
30223,1764,陈小珍,2016-07-01 05:46:42,3,6,3,我觉得不错啊 学生们和她关系都不错 十二分钟跑的话也还好啊 每次都是跑到五圈她问我还有五十秒你跑不跑 只要我跑了(虽然并没有到五圈半)她也会算五圈半 我觉得这就不错了啊 还要怎么水啊 不要得寸进尺 老师还是很好的(｡･ω･｡)ﾉ♡
34082,1764,陈小珍,2016-09-26 13:21:54,0,2,2,好老师o(^o^)o
38640,1764,陈小珍,2016-12-13 06:08:39,-8,3,11,垃圾老师！！！
39519,1764,陈小珍,2016-12-23 12:46:25,1,1,0,很好，努力练习会很有收获\n\n
39565,1764,陈小珍,2016-12-25 07:41:11,0,0,0,老师给分挺好
39679,1764,陈小珍,2016-12-27 03:04:52,0,1,1,给分不错（专项基本都给到了80以上呀）
39706,1764,陈小珍,2016-12-27 05:05:21,0,0,0,很耐心
41344,1764,陈小珍,2017-01-11 02:12:44,6,9,3,我们班男生最高的没到90，女生最高的91…给分是真的求是……
41604,1764,陈小珍,2017-01-12 08:50:00,-6,3,9,给分太差！
41671,1764,陈小珍,2017-01-12 10:26:04,1,2,1,很喜欢陈老师 下学期又选了她的中级班 上课很好很负责任 但十二分钟跑真的挺严格的…和其他老师比起来…但这不妨碍我给她打满分呀～
42340,1764,陈小珍,2017-01-14 04:53:37,-5,2,7,讲的很好  给分一般
42848,1764,陈小珍,2017-01-15 09:40:48,-8,3,11,给分太差，要求太严格(>﹏<)
44138,1764,陈小珍,2017-01-17 10:19:54,15,18,3,能学到很多东西。初级班说实话技术都不怎么样，给90分很好了。\n\n十二分钟跑引体向上都不放水。就想问这个放水难道正常了咯？
44702,1764,陈小珍,2017-01-18 06:32:47,0,0,0,老师很认真的教东西，能学到一点真东西。不过训练的时候有点严
51346,1764,陈小珍,2017-07-02 03:05:44,13,13,0,老师很认真很负责，事事都为我们考虑，关心学生。不论运动知识还是排球专业知识还是排球技巧，老师都会传授。是一个真的在乎学生体质健康和排球运动发展的好老师！虽然是初级班又是新手，技术比较烂，但是老师看到了努力和进步，不只看结果的。
51582,1764,陈小珍,2017-06-07 10:02:35,1,1,0,好老师！学到了很多东西！
53168,1764,陈小珍,2017-12-28 04:06:20,5,6,1,特别特别好的老师 很关心我们 很温柔 排球技术很高 很会教人 给分也好 连上三学期 最棒！
53206,1764,陈小珍,2017-06-26 07:39:24,9,9,0,陈老师真的很好，啥事都为我们考虑，课程安排很合理，体育锻炼强度适合，身体素质有长进。给分很好！
53217,1764,陈小珍,2017-06-26 07:59:15,5,6,1,非常非常好的老师，怎么说，如果你想体育课学到干货，老师态度温和，绩点还很不错，那么就是陈老师了，没错，陈小珍老师！
53259,1764,陈小珍,2017-09-19 07:38:39,3,4,1,教的很仔细  能学到很多东西  给分也很认真  人也很不错
53367,1764,陈小珍,2018-11-19 00:28:39,5,5,0,老师很认真，教学有理论。平时要求高，体测能过好。最后给分感觉老师能给的全给了…扣的全是体测，这就是自己的锅了，老师真的很好呀！
65112,1764,陈小珍,2017-12-29 02:22:24,0,2,2,老师很好啊，虽然的确引体向上和十二分钟跑不放水，但不本来就该这样吗？上课还是能学到好多东西的
65223,1764,陈小珍,2018-01-01 11:25:25,0,0,0,难受难受
65249,1764,陈小珍,2018-01-02 04:41:42,3,3,0,很喜欢这个老师 一个学期的课学下来 觉得打排球就应该用硬排 老师的很多话都非常有道理 我们学习一样东西 应该为将来而准备着 要有长远的目光 不要只拘泥于现在的成绩 无奈下学期因为时间冲突选不了老师的课 不过大二我要来挑战中级班啦hhhh 最后一节课的气排也很有意思呀?
65353,1764,陈小珍,2018-01-03 08:13:20,0,1,1,。。。。。。。。
66504,1764,陈小珍,2018-01-17 05:03:59,0,1,1,老师是很好的老师啊！！！真的好，选她的课完全不后悔呢！也学到了不少的知识！总之很不错！
67254,1764,陈小珍,2018-01-20 14:09:15,0,0,0,很好老师讲的很细
67613,1764,陈小珍,2018-01-22 01:26:18,1,1,0,陈老师！！！人超好！！！必选陈老师！！！好好练一定会有进步！
67740,1764,陈小珍,2018-01-22 06:20:56,0,0,0,很喜欢陈老师下学期也是了她的中级班。上课很好很负责任，超级体贴。虽然十二分钟跑有点严，但是本来就是基本是看素质。最后考试，老师主要看动作和进步，也不很要求数量，给分也很好。妥妥10分。
67910,1764,陈小珍,2018-01-22 09:47:37,0,1,1,老师很好啊，很关心我们，妥妥的10分。就是开课太少了，下学期她的课都和我预置的课冲突了。嗯，大二还要选她的课！
73157,1764,陈小珍,2019-05-02 05:32:16,-9,4,13,烂死 累死累活给了3.6 给的专项分极差，全班没人上90 看着选吧
92073,1764,陈小珍,2018-12-26 02:15:25,0,0,0,老师非常耐心，课堂严谨。我屁事贼多，都帮我解决了！！！下次还要选
92154,1764,陈小珍,2018-12-26 17:11:57,0,0,0,老师很关心学生的！虽然给分很严格啦qwq但真的是个好老师！
92899,1764,陈小珍,2019-01-05 11:50:18,0,0,0,umm说实话我觉得老师还是蛮严格的 上了老师的初级班中级班 专项给分一般吧 我有基础的上初级班专项分和中级班拿的差不多 不是很高 整个班专项最高也就93这样 8过老师人是很好的
97735,1764,陈小珍,2019-01-22 14:26:56,0,0,0,老师人很好，排球初级考对垫，只要动作标准就行了，不用怕对垫的次数少。
99360,1764,陈小珍,2019-01-24 15:29:46,0,2,2,见过的最好的体育老师\n\n
105405,1764,陈小珍,2019-04-12 01:05:03,-2,2,4,上课挺没意思的，不像男老师一样很有活力或者很有趣，老师还很严厉。
107178,1764,陈小珍,2019-05-02 05:38:46,0,1,1,老师很负责\n\n也很nice\n\n如果你真想学好排球\n\n陈老师当仁不让\n\n如果你只是为了混个体育课\n\n又在这嫌弃陈老师严格\n\n那劝你不要选\n\n排球并不是多少简单的运动
113069,1764,陈小珍,2019-07-05 22:27:20,-1,2,3,满了满了，说老师不好的想想自己平时打卡专项辅导课和12分钟跑⑧，据说老师的专项从没打过95以下
113164,1764,陈小珍,2019-07-06 00:55:21,0,0,0,老师还是很好的，很耐心又很和蔼。扣了好多分都怪自己理论考找不到答案，颠球又不标准哈哈。说到理论考，作为一个从没接触过排球和排球比赛的人来讲，题库确实不太能找到题目，书上来找题目有时也找不太到，所以有时间可以提前翻翻熟悉熟悉比较好。
113253,1764,陈小珍,2019-07-06 02:48:47,0,0,0,老师很棒啊！排球中级班上得很开心，每周最期待排球课了，老师人也很好很温柔也挺幽默的哈哈哈哈，理论考其实不太好，这次算分还碰到了我最不擅长的50m，但最后居然有4.8真的很感谢老师了，大家把自己的体育相关考试考好肯定没问题，老师会尽可能把分给我们的
116971,1764,陈小珍,2019-09-18 01:31:55,0,0,0,做完必要的准备活动后会让我们打比赛。不会浪费时间。
129308,1764,陈小珍,2021-01-04 04:34:05,3,3,0,老师马上要退休啦，我们是她最后一届学生，还开玩笑说我们是她的关门弟子，我这水平做她的关门弟子也忒羞愧了，砸门弟子差不多（误）。\n\n老师真的太好了，我觉得真的刷新了我对体育老师的认知。她真的是希望我们终生运动，培养出喜欢运动的习惯，而不是局限于排球的技术。\n\n上课仔细认真，从不会因为我们技术的丑陋而表露出任何不满，我们迟到也不会被她批评，顶多说一句话嘲讽一下，然后拿出手机补签一下。\n\n虽然有一万个不舍，真的好想上小珍老师的中级班，但是也衷心祝愿小珍老师退休生活快乐！感谢您的辛勤付出！
144288,1764,陈小珍,2021-12-21 04:18:32,1,1,0,这学期上的中级班，学期初上课觉得老师很严格，教动作要求高。后面觉得老师对我们很好，教动作很仔细规范，让我发现了自己技术上的很多问题。老师嘴上说着很严，实际操作还是很手下留情的。（看到上面评论说老师退休了，应该是又改变主意出来教了，选课时选的是王先驰老师，后面是陈老师来上的，下个学期陈老师也开了课）
155634,1764,陈小珍,2022-06-15 02:27:44,2,2,0,老师很好很好，可惜这次是真的退休了啊，像我这种体育废物老师也不嫌弃，给分很好，教的也很有耐心
155697,1764,陈小珍,2022-06-15 08:28:20,2,2,0,非常关心学生的一个老师，确实在为学生的身体健康着想，给分中规中矩吧。虽然说12分钟跑几乎不会放水，但是平常迟到个几分钟上个厕所什么的，她现在也要退休了，非常舍不得。本来还想选她的中级班的。最后一节课她教我们打气排球，说以后工作团建要用……
200,1776,金雷,2015-03-14 16:47:27,39,42,3,脾气好得没话说
1130,1776,金雷,2015-03-21 16:15:04,9,9,0,最喜欢道老师之一！
2050,1776,金雷,2015-03-30 09:35:48,14,15,1,讲课讲的还，给分也很好
3199,1776,金雷,2015-05-20 13:37:45,3,3,0,太赞了
4468,1776,金雷,2015-06-23 10:01:44,13,14,1,脾气好
4589,1776,金雷,2015-06-24 18:05:56,25,25,0,讲得很好。脾气温和
5509,1776,金雷,2015-07-08 04:09:21,4,5,1,非常棒\n\n
5758,1776,金雷,2015-07-09 08:47:17,3,3,0,老师人特别好，给分很厚道
6981,1776,金雷,2015-08-23 13:10:14,3,3,0,太好了
7624,1776,金雷,2015-09-15 06:44:28,4,4,0,超级棒
8868,1776,金雷,2015-09-29 06:08:32,0,1,1,棒棒哒的老师 还超级萌
9398,1776,金雷,2015-10-26 05:55:41,22,24,2,不给十分都觉得对不起老师。。。
9622,1776,金雷,2015-11-03 05:22:51,3,3,0,人好。
9777,1776,金雷,2015-11-09 01:40:00,1,2,1,三个字\n\n
9907,1776,金雷,2015-11-12 14:56:41,4,5,1,真正的老师，没的说
9994,1776,金雷,2015-11-14 03:27:11,-1,0,1,好好好
12655,1776,金雷,2015-12-24 00:19:15,12,13,1,就是那种看上去就很好的老师。
12931,1776,金雷,2015-12-24 10:49:41,8,8,0,这老师，不给十分都不科学
13976,1776,金雷,2018-08-25 03:03:59,77,100,23,靠自己吧，像我这种引体向上一个都做不了十二分钟炮不到五圈一运球就手滑一投篮就三不沾体育挂了还能怪谁呢
14133,1776,金雷,2016-01-04 17:00:11,6,6,0,很棒的
14258,1776,金雷,2016-01-06 01:43:48,2,2,0,哈哈哈哈哈
15178,1776,金雷,2016-01-12 12:58:17,1,1,0,脾气超级好，老好人，给分也超级好
17081,1776,金雷,2016-01-19 14:33:34,3,4,1,不解释，不给十分天理不容
17083,1776,金雷,2016-01-19 14:34:27,5,5,0,人生中第一门满绩就是他给的
17089,1776,金雷,2016-01-19 14:44:50,0,0,0,好的没话说，不给满分不行
17156,1776,金雷,2016-01-19 17:07:07,0,0,0,脾气好，有内容，给分棒，满分！
17362,1776,金雷,2016-01-20 05:55:01,3,3,0,人生第一个满绩
17365,1776,金雷,2016-01-20 06:10:45,14,22,8,老师很好，虽然我是女生，也不会打篮球，但经过努力还是拿到满绩了呢!下次还要选
17583,1776,金雷,2016-01-20 12:37:18,0,1,1,人很好。给分一般。还是看考试考得如何
18588,1776,金雷,2016-01-22 05:35:32,0,0,0,给分很好\n\n
20207,1776,金雷,2017-03-01 07:02:08,-44,11,55,高级班，在老师的指导下我的三分球已经有库里的味道了！
21400,1776,金雷,2016-02-28 14:00:49,1,1,0,非常棒
21561,1776,金雷,2016-02-29 08:00:49,1,1,0,很不错\n\n
22266,1776,金雷,2016-03-03 06:35:33,2,2,0,好好好！！！
26404,1776,金雷,2016-06-18 02:57:53,3,3,0,老师很好，关心学生，脾气也好，很有耐心！果断10分！
28422,1776,金雷,2016-06-28 08:55:54,0,0,0,人很棒
28650,1776,金雷,2016-06-28 11:34:56,0,0,0,有耐心和蔼可亲好老师，给分好啊
28679,1776,金雷,2016-06-28 12:15:56,1,1,0,水平又好，人又好，给分也赞
28701,1776,金雷,2016-06-28 12:32:47,1,1,0,百分之百好老师！和蔼可亲，关心学生，和陈南生老师一样棒棒哒！
29041,1776,金雷,2016-06-29 07:17:28,0,0,0,好老师没话讲
29241,1776,金雷,2016-06-29 13:15:00,2,2,0,老师炒鸡萌 而且老是看我们专项成绩不好痛心疾首的给机会
38440,1776,金雷,2016-12-20 15:26:10,0,0,0,老师男神啊啊啊啊啊！
41845,1776,金雷,2017-01-13 04:24:07,0,0,0,老师好，只怪我自己太菜
44387,1776,金雷,2017-01-17 16:56:14,2,3,1,高级班学的东西还挺不错的
45552,1776,金雷,2017-01-19 18:37:58,2,2,0,非常好
48140,1776,金雷,2017-03-01 01:14:30,1,1,0,怎么可以不给10分！
54797,1776,金雷,2017-06-30 08:39:45,1,1,0,大学第一次满绩，好好好
55602,1776,金雷,2017-07-02 04:30:00,3,5,2,高级班满绩
55808,1776,金雷,2018-10-24 07:21:43,-13,2,15,回楼上那个体育挂的。。。你真强。。。十二分钟五圈。。。
64997,1776,金雷,2017-12-28 06:57:02,1,1,0,脾气超好，自己辣鸡求他多给一次机会就会很温柔的给机会。还是很谢谢他，成绩还没出但是真的是很好的一个老师。
65076,1776,金雷,2017-12-28 13:31:35,1,1,0,教练真的态度温和，问他问题都会很耐心回答，在本科生队时也很好人，必须十分，反正队内的说法就是，选不到金雷老师的课，就去选健身吧！
65178,1776,金雷,2017-12-30 05:49:26,1,1,0,无敌棒\n\n
69599,1776,金雷,2018-01-25 04:57:03,1,2,1,很随和 有事请个假都给过 教得也好 给分更没的说
79008,1776,金雷,2018-05-20 06:34:16,2,2,0,超级关心学生的老师，最好的老师之一
80443,1776,金雷,2018-06-26 13:16:05,0,0,0,超级慈祥
83206,1776,金雷,2018-07-10 02:28:55,0,1,1,人生第一门满绩，雷哥牛逼！
83267,1776,金雷,2018-07-10 03:49:38,3,3,0,老师人好还给调分真的很好！！！
83284,1776,金雷,2018-07-10 04:10:43,1,2,1,人超好超温柔，我超级菜班级垫底但是老师给调分所以绩点也还好。叩谢师恩！
83547,1776,金雷,2018-07-10 14:45:17,-2,0,2,棒棒的，调分调满了嘿嘿嘿
87266,1776,金雷,2018-09-26 08:03:00,1,1,0,金老师超棒的
91514,1776,金雷,2018-12-12 07:12:02,4,5,1,老师很好 很温柔\n\n只是我想说上这门课的同学\n\n金老师总是说诚信考试\n\n过分的信任你们这群学生\n\n在小小的自投自抢考试中都可以作弊\n\n及格和满分不过四分差距\n\n何必这样糟蹋自己的诚信\n\n
91797,1776,金雷,2018-12-20 08:03:19,0,0,0,人好，非常好，选上就是运气
92582,1776,金雷,2019-01-03 04:10:49,0,0,0,教的很好，态度很温和，没有什么缺点
96190,1776,金雷,2019-01-20 14:11:25,0,0,0,选高级班吧，给分极好。
97651,1776,金雷,2019-01-22 12:43:49,1,1,0,老师很好
98866,1776,金雷,2019-01-24 04:22:00,1,1,0,谢老师不挂
98950,1776,金雷,2019-01-24 05:39:02,-2,4,6,无语了
99982,1776,金雷,2019-01-25 11:37:30,0,1,1,人超级好
101021,1776,金雷,2019-01-27 09:21:14,1,1,0,老师很棒，给分也很好。初中、高中的体育课老师也会教篮球，但是金老师讲的方法显然更科学，人也很耐心。吹爆
102872,1776,金雷,2019-02-24 13:21:31,1,1,0,老师真的认真教课\n\n完全没有水\n\n和旁边的排球一比真的好负责任\n\n学会了很多东西\n\n而且给分棒棒哒
115882,1776,金雷,2019-08-23 03:20:54,2,2,0,想进校队（本科生队）的，选金老师的课，如果你有能力，他会选你去试训的。\n\n
118989,1776,金雷,2019-11-09 03:43:20,0,0,0,老师性格超级好，也很有耐心，绩点给的又高！
125456,1776,金雷,2020-09-09 11:17:24,0,0,0,老师人太好了
125953,1776,金雷,2020-09-16 03:36:38,0,0,0,超级棒！超喜欢！超厉害！！！！！
127855,1776,金雷,2020-11-29 01:54:23,1,1,0,超棒的
130627,1776,金雷,2021-01-24 04:34:42,9,12,3,老师捞我了呜呜呜篮球技术不太行老师人真的太好了！\n\n篮高难就在周围的同学很多准校队水平的...所以篮球水平一般的真的慎选！！（比如连胯下都不会的...\n\n但是老师人真的太好了！和学生关系很融洽，给分很照顾技术不太好的同学
133376,1776,金雷,2021-02-26 11:26:28,0,0,0,金雷老师好帅好温柔！而且超可爱的！
139787,1776,金雷,2021-07-26 10:31:38,0,0,0,非常友好的老师
143841,1776,金雷,2021-12-08 08:30:04,0,0,0,无脑十分 真的好老师
144851,1776,金雷,2021-12-25 06:50:04,1,1,0,无脑10分！
171200,1776,金雷,2023-03-18 09:14:52,0,0,0,太棒了
171440,1776,金雷,2023-03-24 09:00:52,-5,3,8,期末乱给分，没意思
172425,1776,金雷,2023-04-26 15:44:36,0,0,0,yyds
178120,1776,金雷,2023-07-07 05:01:25,0,0,0,好好好
184434,1776,金雷,2023-12-19 13:53:15,0,0,0,老师太好了，太温柔了，不给十分都对不住
184904,1776,金雷,2023-12-24 09:32:47,0,0,0,好好好！
192820,1776,金雷,2024-05-31 02:04:00,2,2,0,游泳初级班bd！上课完全没有压力，初级班学的是蛙泳，我们想尝试自由泳和仰泳时，老师甚至也会特别耐心和善地指导！是一个特别和蔼的老师啊啊啊啊！我吹爆！下学期还想选金老师的课！
192980,1776,金雷,2024-06-01 14:59:50,2,2,0,老师教的比较随和（一点也不严厉），也可能因为大多数人都是会游泳的，我跟着金老师学了一年了，从一个从没下过水的学会了蛙泳，仰泳，自由泳还在琢磨中，中级班除了打腿比较累之外，也还可以。学习过程基本都是一节课学一种动作，后面教会换气之后就有点随缘了，老师会指导你的错误动作（初级班不会游的人少，所以指导很多），后面大概第十二周才琢磨会了换气，然后一点点的学会了长一点的举例，感觉就是突然醒悟的一样。关于课程打分，如果会游泳，能游25米不停止，动作差的不大，基本都是九十分以上。老师人很好，不清楚的问老师回答也很好，不过身体是自己的，是游泳还是要靠自学多点
193656,1776,金雷,2024-06-14 13:05:15,2,3,1,金雷老师的游泳中级，上课很认真，教会了每个人自由泳和仰泳，并且很注重体育精神，丝毫不马虎，会认真指导学生，可以学到很多并且进步很快，我一个女生半个学期练出了肱二头肌，真的真的非常帅！！ ps老师给分也很好！
198683,1776,金雷,2024-09-11 00:33:01,1,1,0,包十分的
201041,1776,金雷,2024-10-28 01:38:12,1,1,0,很好的老师
205800,1776,金雷,2024-12-12 04:56:48,0,0,0,10分包好的，请假不扣分，翘课少一点也能补上来，教的好，考的松，给分好，推荐所有人选他的游泳
205855,1776,金雷,2024-12-12 09:48:36,0,0,0,给分很好滴，老师也很和蔼
205888,1776,金雷,2024-12-12 12:38:32,1,1,0,老师真的无敌无敌好，教的好，人更好，慈祥的老爷爷，太喜欢了。给分更是无敌，游泳中级班游两次给我满分了（虽然之前有一定的基础）。还有，十二分钟跑是自己数圈数
205987,1776,金雷,2024-12-13 02:40:38,0,0,0,老师嘎嘎好，真的。有段时间大家陆陆续续感冒，请假的人很多，老师想着这学期测12分钟得分本来就难，就说给大家都点名点上，至少不让考勤分拖大家后退。真的很好的老师，有问题老师都会耐心回答
206054,1776,金雷,2024-12-13 04:20:44,0,0,0,老师真的很好，推荐游泳初级
206233,1776,金雷,2024-12-13 10:03:04,0,0,0,真的超级好！选就对了！之前迟到了老师说已经帮我点完名了，游泳中级真的能学到东西！只要游得不是太差专项都可以拿到特别好的分数，金雷你是我的神
206359,1776,金雷,2024-12-14 13:53:42,0,0,0,游泳初级 十分好老师
206577,1776,金雷,2024-12-16 07:19:16,2,2,0,12分钟跑是自己记圈，游泳评分特别好。\n\n游泳中级班的教学内容远超大纲，会教仰泳，爬泳和体验跳发，很有意思！\n\n上课强度还是有一点的，起水比别的班会晚一点，但是老师脾气是真的很好，教的很认真！
206690,1776,金雷,2024-12-17 05:50:53,2,2,0,金雷老师真的超好，我上的是游泳中级班，12分钟跑的时候让我们自己计数，他都没有计分员的。期末考的时候给大家打的都是96分以上，大部分人都是98，99，100。别的老师还在教动作的时候，我们从秋学期第4周就开始期末复习了。再不会的动作练了这么多周大家也都会了，期末考简直是杠杠的。
207116,1776,金雷,2024-12-19 09:58:23,1,1,0,真正的好老师，上课和蔼，给分也很好，我上的是游泳中级班，虽然因为没上过初级班，游得一直不是很好，但是老师经常关照我，指导我们动作怎么做这类的，最后考试也不难，仰泳/自由泳选一个游下就可以了，反正我这个前五节课自由泳1m都游不出去的人都拿了95！
207439,1776,金雷,2024-12-21 15:27:23,0,0,0,超级好！！！
207649,1776,金雷,2024-12-23 12:12:43,0,0,0,特别特别温柔的老师，讲课很好，给分也好，很喜欢老师的游泳！爱上多上下次还上，特别特别可爱的老师☺️
209421,1776,金雷,2025-01-06 02:34:36,0,0,0,我爱金雷，十分是查老师的极限而不是我的极限
209715,1776,金雷,2025-01-15 04:27:58,3,3,0,最好的体育老师
210346,1776,金雷,2025-01-09 03:20:21,0,0,0,金雷老师真的是一个很负责的人，本人是个运动白痴，从小学到现在一直如此，而且还是旱鸭子。在老师的游泳初级班上我也是最后一个学会蛙泳的，每次老师都会单独指点几个游得不是很好的同学，一直都很有耐心。而且老师期末打分的时候几乎都是96往上，人真的超好。不过金老师下个学期好像就要退休了呜呜呜呜呜，我还想上老师的游泳课！
212501,1776,金雷,2025-01-14 05:55:57,3,3,0,游得流畅就给100，有时候会全签，选金雷无需多言！！！！
214333,1776,金雷,2025-02-01 07:54:06,1,1,0,选他！！！
214731,1776,金雷,2025-02-17 06:29:54,0,0,0,太好了
214919,1776,金雷,2025-02-19 05:55:08,0,0,0,棒！！满昏啊
216863,1776,金雷,2025-03-27 08:45:34,3,3,0,脾气真的特别好，每天都笑眯眯的，教的也很好，一学就会
219434,1776,金雷,2025-05-27 07:48:24,0,0,0,教的好，人也好，无敌
220462,1776,金雷,2025-06-18 04:49:15,0,0,0,温柔好脾气的可爱老师，身材保持得特别好（哈哈哈）有一次我迟到了赶过去找老师补签，后面发现老师直接全签了！！给满分！！！
220612,1776,金雷,2025-06-23 11:57:00,1,1,0,老师超级好，建议趋向十分，初级班的考核是25m游距考核和技评，身边同学都获得很高很高分数。
220697,1776,金雷,2025-06-19 08:49:06,0,0,0,特别好的老师，专项考勤直接拉满（有游泳基础 老师是真的会下水教
220822,1776,金雷,2025-06-20 03:32:35,0,0,0,伟大，无需多言
179,1780,李智巧,2015-03-14 16:25:54,19,26,7,外国音乐欣赏讲得挺有意思的，收获还是挺多。老师很有激情。每节课都点名
1250,1780,李智巧,2015-03-21 17:04:12,65,72,7,非常活泼年轻有亲和力没架子的好老师，歌唱艺术和外国音乐欣赏都很推荐。
2311,1780,李智巧,2015-04-20 00:32:26,29,39,10,有内容很好！
5218,1780,李智巧,2017-12-28 07:58:45,41,51,10,有活力有热情，人也特别好啦，而且事情不是很多，课程论文基本也只是点到为止就好~另外，点名是一大亮点(噗)
5408,1780,李智巧,2015-07-07 08:06:25,10,12,2,好！
6081,1780,李智巧,2015-07-10 18:22:02,16,19,3,对唱歌收获很大，发声教得很详细，并且给我们很多唱歌机会
6579,1780,李智巧,2015-07-15 17:40:05,19,41,22,这课不好拿分  因为拼不过文琴之类的高手  想学唱歌的选了这课就别想拿高绩点 挺难的 但是学还是能学到一些歌唱技巧的\n\n
7514,1780,李智巧,2015-09-15 01:28:21,9,9,0,老师很认真 给分不错 经常点名
7764,1780,李智巧,2015-09-15 12:44:23,8,9,1,温柔
8860,1780,李智巧,2015-09-29 05:16:58,2,5,3,发声应该跟歌曲结合比较好吧。前两节课总是练吐气挺枯燥。
8883,1780,李智巧,2015-09-29 10:39:01,2,4,2,有时候点名，不过能学到不少音乐知识
8936,1780,李智巧,2015-10-02 14:56:45,9,13,4,真女神无误。每次都抢第一排的我是不是该匿了（逃
9150,1780,李智巧,2015-10-14 11:38:55,5,5,0,好老师，上课有内容
9403,1780,李智巧,2015-10-26 07:19:52,12,13,1,赞赞，每次都做第一排！
12681,1780,李智巧,2015-12-24 01:28:54,22,26,4,美女老师棒棒哒~教了好多唱歌的技巧知识，歌唱艺术的课真的好好呀~还想选她的课~哈哈哈不过李老师的脑回路比较奇怪~噗。。点名真是亮点！！
12726,1780,李智巧,2015-12-24 02:37:10,11,12,1,点名最搞笑了
12978,1780,李智巧,2015-12-24 12:22:46,10,10,0,棒棒哒，只是我上了一天的课，听着音乐就睡了，不过真的很棒，我想再选
13315,1780,李智巧,2015-12-26 14:07:45,0,3,3,水水水
14116,1780,李智巧,2016-01-04 12:16:26,11,11,0,能学到很多有用的东西 老师也很幽默 点名确实因缺思听
14937,1780,李智巧,2016-01-11 06:17:22,5,5,0,好 真心好 能学到东西
15009,1780,李智巧,2016-01-11 13:14:15,2,2,0,上过李老师的歌唱艺术和外国音乐欣赏 都很推荐
15373,1780,李智巧,2016-01-14 06:04:56,10,10,0,外国音乐欣赏是个水水的课，不过给分很好！
16503,1780,李智巧,2017-06-27 17:20:49,-16,10,26,呃，不吐槽了，可以自己去感受那画风。又要小组展示唱歌加ppt，又要个人独唱，还经常点名。绩点呢，我笑了
16948,1780,李智巧,2016-01-19 09:53:10,2,2,0,老师超级好，好漂亮，哈哈哈  喜欢
16993,1780,李智巧,2016-01-19 11:41:02,4,4,0,上课好，老师好，给分好，还说什么呢？！强烈推荐
17011,1780,李智巧,2016-01-19 12:35:01,2,3,1,老师备课备得很好，每次听她的课都觉得是一种享受，真正能欣赏音乐的一种享受。强烈推荐外国音乐这门课！虽然点名真的很有趣。。。
17013,1780,李智巧,2016-01-19 12:37:29,1,2,1,老师很温柔很好，只要认真对待分不会低的
17017,1780,李智巧,2016-01-19 12:42:30,1,3,2,老师太棒了，太好了，给我了90，谢谢老师，有水平，有知识，有气质，太好了！\n\n
17036,1780,李智巧,2016-06-21 12:13:45,1,2,1,有很多古典音乐常识，后悔没认真听讲…
17072,1780,李智巧,2016-01-19 14:26:05,0,2,2,。。。
17105,1780,李智巧,2016-01-19 14:59:20,5,5,0,上课内容很好，认真写论文给分不会差
17157,1780,李智巧,2016-01-19 17:08:46,4,5,1,女神哦，没架子有内容给分棒时不时还有点小逗逼！
17209,1780,李智巧,2016-01-20 01:18:03,7,9,2,几乎堂堂点，有时课前点有时课后点，会抽人上去唱歌打平时分，有时早走了没点到就记了旷课。老师人好，课也蛮好的，不过大班练的机会少，只能听一听老师讲。给分不错。
17367,1780,李智巧,2016-01-20 06:13:21,1,1,0,超级好 事情少
20078,1780,李智巧,2016-01-26 04:58:15,7,8,1,老师很漂亮，课很有内容。出分的时候感觉自己的均绩得到了拯救
21215,1780,李智巧,2016-02-26 09:27:57,0,2,2,认真负责。重点是给分高
23663,1780,李智巧,2016-04-12 01:19:20,4,5,1,偶尔点名 还是不错的老师 虽然歌唱艺术上课时讲的大部分是美声的知识
28592,1780,李智巧,2016-06-28 10:44:02,6,6,0,歌唱艺术，很可爱的女老师，课堂内容也很多干货，想要认真学的话能学到很多东西的，虽然唱歌应该是比不过各类大神，但是能上台敢张嘴对自己也是锻炼～
29104,1780,李智巧,2017-05-29 07:38:32,4,4,0,有干货！老师美！给分好！(๑≧∀≦๑)
29306,1780,李智巧,2016-06-29 14:49:47,1,5,4,她觉得你怎么都是发声错的????
32085,1780,李智巧,2018-04-03 16:59:10,3,4,1,老师教授很细心，给了我们很多练习唱歌的机会
33589,1780,李智巧,2017-06-14 12:02:27,1,2,1,阴吹思婷
34460,1780,李智巧,2016-10-11 05:27:52,5,5,0,hhhh体验过才知道点名的有趣~老师人很好上课干货很多喜欢唱歌的都好选~
35582,1780,李智巧,2016-11-10 07:29:14,4,4,0,课上能学到很多，老师很可爱\n\n
36073,1780,李智巧,2016-11-10 11:34:09,4,4,0,有意思，干货\n\n
40178,1780,李智巧,2017-01-13 10:56:30,5,6,1,强推外国音乐欣赏！老师人好事少，课上还有不少干货，最重要的是给分也不错！
40588,1780,李智巧,2017-01-04 07:56:45,3,3,0,温柔漂亮有水平的老师。课上干货挺多。同学中卧虎藏龙。老师给我们上课很用心很辛苦啦，大家都尽量好好配合别找麻烦啦。
40645,1780,李智巧,2017-01-04 12:54:53,4,4,0,就是要十分，老师又漂亮，讲得友好
41791,1780,李智巧,2017-01-12 15:16:24,9,9,0,刚刚出绩点就来评论啦，第一门绩点，开心！我选的歌唱艺术，老师人很和善，上课也很有趣，随机叫人大于等于两个人没到就要点名了。每节课干活都很多，要学的透需要自己课后多琢磨。会有小组集体展示和最后的个人展示。老师给分真的很棒（还以为自己要被正态了呢，虽然不算很高但是满足啦。
43045,1780,李智巧,2017-01-15 15:21:28,4,4,0,很好的老师。。歌唱艺术和外国音乐欣赏都很好
44275,1780,李智巧,2017-01-17 13:55:54,9,9,0,老师好，但是因为课程设置，人数太多，导致点名，不能一对一辅导等弊端。
47273,1780,李智巧,2017-01-25 04:44:35,4,4,0,非常赞，不管哪门课都很有意思，工科生也能学到不少，点名有彩蛋（不过貌似文琴大神也没满……）
48196,1780,李智巧,2017-03-01 07:04:32,4,4,0,老师人美，有亲和力，而且教学有趣
48618,1780,李智巧,2017-06-28 02:36:17,5,6,1,点名灰常多，喜欢唱歌的很容易高分的
49233,1780,李智巧,2017-03-30 07:25:32,4,4,0,咪嘛咪。。。。咪嘛咪。。。。
51326,1780,李智巧,2017-06-28 02:49:01,3,4,1,点名多了点，不知道算到最后成绩怎么样的，但是给分真的很好呀，李老师人超好
51783,1780,李智巧,2017-07-06 04:48:54,6,6,0,女神！！！
52960,1780,李智巧,2017-06-24 07:27:52,4,4,0,十分十分，女神老师！
53828,1780,李智巧,2017-06-27 17:49:53,4,4,0,第一次见面就觉得女神，之后的课很爱放歌手（我自己也超爱！）然后上课认真听能学到乐理知识，也能提升自己的唱歌水平。点名也不是节节课啦，不过建议别翘。然后中期左右会帮每个小组分析问题，感觉自己唱的贼无敌烂了老师还鼓励。整体事少，必做的是一个小组展示+期末唱歌考核。我没有做期中展示，打平时分也没传照片，期末展示紧张得不行，最后分还是很好！哇想继续选老师的课了！
53834,1780,李智巧,2017-06-27 23:04:17,-1,1,2,外国音乐欣赏，论文好好写就好了
53835,1780,李智巧,2017-06-27 23:24:46,4,4,0,挺好的老师，就是有时候逻辑有点奇妙~会唱歌的强推
53838,1780,李智巧,2017-06-28 00:07:49,11,12,1,均绩得到了拯救^O^我从没学过唱歌，也没想过拿很好的绩点，全凭兴趣，最后绩点4.5.表白老师，收下我火热的小心脏吧！！
53842,1780,李智巧,2017-06-28 00:52:28,2,3,1,唱歌跑调，本来以为没救了，但是老师真的良心，给分好好。怎么说还是不怎么建议渣渣选这门课，唱歌大神不要太多，但是认真到课，认真做展示还是可以补救的
53856,1780,李智巧,2017-06-28 01:58:42,24,31,7,我是这学期课代表，最后给大家算分的时候，老师一给大家提了几次分数，然后基础分也给的很高，真的特别良心。而且这节课课堂内容也很有趣，事情也不多，强推!但是下个学期的歌唱艺术不是李老师带了，李老师要出国交流，貌似是蔡琪老师？李老师的迷弟迷妹们如果是冲着老师来选的话可以等一个学期，如果是学内容的话大家继续报名啊！
53870,1780,李智巧,2017-06-28 02:30:55,4,4,0,特！别！好！
53873,1780,李智巧,2017-06-28 02:38:48,3,3,0,每次课都要去，最后一次也是，给分真的很好
53894,1780,李智巧,2017-06-28 03:23:35,5,5,0,老师很美很温柔，每次展示的时候本来很紧张，一看到老师温柔地对你笑就丝毫不紧张了。\n\n认真听课也学到很多东西，系统知道了声乐知识，以后即使是自己练歌也知道方法啦。
53903,1780,李智巧,2017-06-28 03:47:08,3,3,0,很可爱的老师，可以学到很多东西
53906,1780,李智巧,2017-06-28 03:54:10,4,5,1,哈哈哈哈哈，当初第一节课的时候老师问为什么选这门课，我说是为了来看女神的~
53920,1780,李智巧,2017-06-28 04:26:57,2,2,0,老师人很漂亮而且特别亲切啦，就是要在很多人面前唱歌还蛮羞涩的。不过真的是人美心善的好老师，真的可以学到很多唱歌的方法，而且认识一起唱歌的小伙伴们。
53928,1780,李智巧,2017-06-28 04:41:10,4,4,0,喜欢唱歌所以选的课，老师超可爱超女神（点名和脸盲是亮点hhh）只要小组展示和期末展示，期中展示有加分哒！喜欢唱歌的小伙伴千万不要错过啦～老师和助教还会提分卡档，绩点超棒！
53964,1780,李智巧,2017-06-28 06:27:52,4,4,0,老师很棒呀，给分也很好，只要每节课都到和展示的时候认真一点给分就不会差。学到了好多唱歌技巧哈哈哈
54007,1780,李智巧,2017-06-28 08:06:13,2,2,0,总之就是很喜欢的老师w～
55630,1780,李智巧,2017-07-02 05:22:23,1,1,0,上课就是听古典音乐，还是很有趣哒，有时候上课结束前会会出几个简单的题目让我们写，当作点名。考核就一篇1000字以上的论文和7-9人的小组展示，倒数第二节课有一个听著名音乐片段的小考试，期中有一次才艺展示的加分机会。老师给分好，最后一节课留到最后的同学还有加分。
56318,1780,李智巧,2017-07-03 13:11:05,2,2,0,看得出来老师是很努力的再调分了，这学期不进学到了东西，而且绩点也比想象中的好很多，感谢老师。
56419,1780,李智巧,2017-07-03 17:00:11,3,5,2,考试周忙于复习担心没法好好评价现在才来补。\n\n#老师评价\n\n李老师授课风格轻松明快，就像C大调赋格一样，中规中矩时有变化，老师很在意同学对音乐的欣赏能力，有时宁可放弃理论讲解也要让同学们多听一会儿音乐。整体评价：老师人很好点名有特色，也格外照顾每位同学的成绩（老师努力做到公平公正的打分，同学只要投入精力就有回报，奇特的点名方式其实也是为了然真正来上课的人能一份时间换一份分数）。\n\n#课程评价for外国音乐欣赏\n\n课程方面：课程整体轻松，但课程要求确实对得起这门2分通识。课程涉及自古至今的音乐欣赏，可能是个人的音乐素养原因，涉及到的音乐基本有所耳闻，但确实本来也是些很有名的曲目。授课内容基本上包括音乐家的介绍，曲目分析和一部分音乐基础入门知识（如音调节拍等），课程要求一篇个人论文，一次小组展示，平时不定期点名（方式奇特），时而quiz，期末听辨曲目（有范围）。建议选了课就好好去上不要缺课，一定会让你有满意的收获和分数。\n\nby15级某工科狗
57210,1780,李智巧,2017-07-06 04:48:34,5,5,0,非常想听咪嘛咪老师再点一次名。老师的给分很不错，只要你能用心听课，参与活动。
58073,1780,李智巧,2017-07-28 07:37:20,4,4,0,你觉得唱歌不好是天生的？你觉得嗓子好就是大佬？你觉得巧姐讲的东西都是玄学？stereotype！
58695,1780,李智巧,2017-09-15 04:02:17,7,7,0,喜欢老师的一句话：没关系的，不要让自己太紧张。
61989,1780,李智巧,2017-11-22 05:04:52,6,6,0,唱歌?
75063,1780,李智巧,2018-03-07 07:30:06,1,1,0,如果你喜欢唱歌，那么就选吧，老师一级棒！
90721,1780,李智巧,2018-11-25 11:36:29,4,4,0,特别有收获，老师特别好
91787,1780,李智巧,2018-12-20 05:29:49,38,41,3,当钢伴好累啊啊啊啊！（黑眼圈）
92534,1780,李智巧,2019-01-02 07:20:44,11,11,0,炒鸡有意思，适合对歌唱有兴趣的小伙伴们，考试唱砸了555求老师手下留情，顺便表白楼下钢伴
94399,1780,李智巧,2019-01-16 10:02:24,6,7,1,老师超级棒的！超有气质唱歌又好听，女神！！歌唱艺术学到了好多唱歌的知识！虽然我可能天赋不够最后没唱好，但是还是很感谢老师的！
94400,1780,李智巧,2019-01-16 10:14:13,7,9,2,今天看到成绩回来感谢老师，老师爱您!还有那些说歌唱艺术是文琴dl虐菜局的出来挨打。只要你对唱歌感兴趣，不要担心，努力一定有回报!跟着李老师真的能学到很多东西呢，来自一直喜欢唱歌又害怕上台的菜鸡。
94415,1780,李智巧,2019-01-16 10:56:11,-26,3,29,强推 没事 就期末唱个歌 轻松4.8
94434,1780,李智巧,2019-01-16 12:35:52,1,2,1,给分很好！！！爱她！！！
94466,1780,李智巧,2019-01-16 15:18:02,5,7,2,虽然付出了很多但最后没有满，心里有点小失落，但是这门课已经给我留下了初入浙大时美好而又明朗的回忆。老师真的很nice，很敬业很负责。是我遇到过的最好的音乐老师。能选上智巧老师的课，是我大一上最大的幸运了吧。
94548,1780,李智巧,2019-01-17 07:34:16,4,4,0,很轻松，会做活动教发声技巧，上课气氛很好，还会教我们欣赏音乐，老师很美，对学生态度也好！爱了
94569,1780,李智巧,2019-01-17 08:29:43,0,5,5,老师很可爱，每节课都到，认真唱歌，最后的表演好一点就很好了！4.8！
95321,1780,李智巧,2019-01-19 08:09:53,1,2,1,超级棒 干货满满 给分很赞
95460,1780,李智巧,2019-01-19 12:25:24,3,4,1,虽然我还是个唱歌死亡选手\n\n但还是要吹爆这门课\n\n每节课都像邪教现场\n\n就算像我一样死亡选适合自己的歌多练练个人考试没问题的\n\n小组成员靠谱的话\n\n老师给分绝好
95569,1780,李智巧,2019-01-19 15:37:00,-1,4,5,挺好的，水水也没关系的，给分高，主要是美女老师身材好
95741,1780,李智巧,2019-01-20 03:14:19,4,7,3,挺水的，最后给分看你运气和天赋，大家都在水课，但是就是会有人分高，正态严重
95749,1780,李智巧,2019-01-20 03:37:12,0,2,2,老师很专业，也很幽默，可以学到很多东西，挺开心的，给分超好
97326,1780,李智巧,2019-01-22 08:10:02,1,2,1,表白钢伴
97427,1780,李智巧,2019-01-22 08:51:58,5,5,0,课棒棒的没话说，但是完全没有歌唱基础的我和大神们同台竞技，真是尬爆了，最关键是通识课必需正态，已经无力再说什么，\n\n但的确是唱歌不至于破音跑调五音不全了，强推有一定基础的人来
104029,1780,李智巧,2019-03-10 22:45:55,-39,3,42,合唱只上了一节课，水平是还可以，但感觉有点不尊重人。我在三个不同合唱团待了九年，九年都是高声部，最佳表现高音区，只不过是大学没有报文琴而已，结果第一节课分声部的时候，老师就听了我三个低音，因为低声部人少就直接把我分了过去，而且表现出一副专业又笃定的样子。我在旁边听了一会儿，后来很多音准非常堪忧的都被分进了低声部，这还怎么搞，回去就退课了。
105022,1780,李智巧,2019-04-02 12:29:44,21,23,2,回应一下19年3月11号的评论，一个教学班120个同学都不止，到哪里来的时间能像合唱团分声部一样呢？同学你唱了那么多年合唱团应该会知道低声部有多缺人，这就是为什么老师会把能唱低音的同学放在低声部，如果我没有记错的话，在所有人分完声部后以及分声部之前，都有问过是否有对自己声区比较熟悉的同学直接到自己声部去，你连认真听课都做不到倒是很会用形容词讲什么显得专业而笃定，真的佩服。而且既然你自己唱了那么多年合唱，难道没有经历过合唱团里为了不同的歌调换声部吗？还有什么叫做很多音准不好的同学也被分到声部里，这节课本来就是供大家来学习的，你的意思是你待的声部必须要给你配音准很好的同学吗，那其他声部呢？你是否有点戾气太重了呢？来自当时跟你分在同一声部的质疑。
105591,1780,李智巧,2019-04-17 03:25:45,3,5,2,我超喜欢合唱艺术的！给我凄惨的周二带来了很大的乐趣和慰藉 老师和组长都超棒！
109698,1780,李智巧,2019-06-18 12:42:05,1,3,2,不管出分，表白第4组，大家真的好棒!是我所有的课程小组结课后最舍不得的555qwq
110272,1780,李智巧,2019-06-25 09:06:23,1,4,3,给分太好了！真的仁慈！我唱的什么辣鸡玩意还给很好的分数！！满足了！！！而且课程超有趣
110275,1780,李智巧,2019-06-25 09:21:21,0,2,2,nice
110278,1780,李智巧,2019-06-25 09:31:36,-5,5,10,本来觉得蛮好的。可以说可以加分的项目都参加了哦，结果卡绩呢~不明白为什么呢~这课韩国人特别多，文琴的也多，总之长学期2学分的三节晚课，付出很多，跟回报不成正比。谨慎选择噢(=^▽^=)
110279,1780,李智巧,2019-06-25 09:31:36,-9,4,13,本来觉得蛮好的。可以说可以加分的项目都参加了哦，结果卡绩呢~不明白为什么呢~这课韩国人特别多，文琴的也多，总之长学期2学分的三节晚课，付出很多，跟回报不成正比。谨慎选择噢(=^▽^=)
110280,1780,李智巧,2019-06-25 09:40:32,1,5,4,给分太好了吧，我这唱的啥都有这样的成绩（哭泣
110282,1780,李智巧,2019-06-25 09:44:56,2,4,2,果然大家都是出分再来评论的。。我跟楼上意见相左吧hhh 真的很佛了我 实在是忙 所以没写论文 就只是最后一天水了个合唱比赛感想交上去 唱的和指挥的感觉也不是太好 最后4.2(刚刚发现原来我也被卡绩了hh) 不过不妨碍我喜欢这门课啊啊啊！合唱艺术是我这学期每周的快乐源泉！我是小白 最开始完全不认五线谱的那种 第一节课的时候感到有点硬核(那节课之后确实也好多人退课了) 但是还是自己补了一下五线谱之类的乐理 退课是不可能退课的！每节课练声唱歌真的很快乐啊！李老师很好！组长也很好！
110283,1780,李智巧,2019-06-25 09:57:42,1,3,2,给分超棒啊
110291,1780,李智巧,2019-06-25 11:06:27,1,8,7,老师讲课还可以，给分这个纯靠运气。我在的小组每次合唱考核成绩都非常差，导致最后的绩点真的非常低。难受，事情超多，辛辛苦苦一学期就得了那么一点分。不推荐，非常不推荐
110311,1780,李智巧,2019-06-25 13:16:40,1,3,2,强推课，强推李老师！真的学到了一些歌唱的技巧，开始试着保护嗓子，用更好的方法歌唱！四次上台歌唱，老师点评耐心认真，真实觉得自己在进步，收获满满！！
110916,1780,李智巧,2019-06-28 14:05:32,1,3,2,李老师真的太棒了!以我唱歌的水平有种配不上这个成绩的感觉……真的就是很轻松，尤其是对于喜欢歌唱的同学来说上课简直就是享受，而且也会学到很多知识，歌唱方面确实比以前有所加强。强推\n\n
110975,1780,李智巧,2019-06-29 02:37:43,-4,1,5,总结一下 就是按小组评分标准组内根据论文写了几篇再分档 组长都是文琴的 所以都是满绩 我们组那个组长又特别不负责任 佛系 还不排练 我写了两篇论文 估计已经是组里最高的了还没上4 所以组长很重要
113717,1780,李智巧,2019-07-07 05:48:25,0,1,1,歌唱艺术特特特特特特别赞！平时上课会教很多小技巧，也会看很多比较有意思的视频。期末考试是合作唱一首歌，虽然最后唱炸了qwq，但是老师给分还是超棒！强烈推荐！！（甚至想选第二次
116953,1780,李智巧,2019-09-17 14:14:18,3,3,0,老师很可爱！
118580,1780,李智巧,2019-10-29 00:54:21,1,2,1,合唱艺术是门很感性的课程，虽然每周都会花一个小时排练，但比较快乐。课程参与度很高但经常感觉时间过得很快。比写论文，不知所云的通识课好太多。
124415,1780,李智巧,2020-06-30 13:17:50,1,1,0,合唱艺术，真的棒，老师人又好，上课也有意思，给分超级棒，强烈推荐
131068,1780,李智巧,2021-01-25 23:35:24,2,2,0,10分
131223,1780,李智巧,2021-01-26 15:29:11,3,3,0,亲测歌唱艺术！零基础小白并不吃亏！但是李老师真的有点教不明白哈！教的很耐心是真的
135371,1780,李智巧,2021-05-08 15:51:10,0,1,1,李老师非常棒，人美心善歌声赞，认真负责
138932,1780,李智巧,2021-07-12 00:45:47,0,0,0,很可爱的老师！给分很好！上课很有趣！
146449,1780,李智巧,2022-01-06 14:58:56,1,1,0,老师歌唱的很好，教的也很好
146880,1780,李智巧,2022-01-08 01:36:18,2,2,0,老师真的很温柔，如果你也能认真参与课程和小组作业的话，我觉得是会有很好的体验的，最后给分真的还行
146886,1780,李智巧,2022-01-08 02:21:01,0,1,1,给所有喜欢唱歌的小伙伴推荐歌唱艺术！事少有趣有收获！一学期除了出勤外只有唱三首歌的活儿~
150202,1780,李智巧,2022-01-20 08:26:45,2,2,0,高音唱呲了拿了95，大爱李姐姐
152179,1780,李智巧,2022-03-29 12:46:22,-2,1,3,合唱艺术太硬核了，不会唱歌的慎选。像我这种就很痛苦。不过老师很好
155974,1780,李智巧,2022-06-17 02:42:34,2,2,0,女神！！大爱
156208,1780,李智巧,2022-06-18 08:16:33,3,3,0,老师温柔又富有学识，合唱艺术课收获满满！老师给分也超级好！
156267,1780,李智巧,2022-06-18 15:13:33,3,3,0,合唱艺术事情还挺多的，这学期一共考了4首歌，并且还考了指挥，考试之前还需要每个小组自行找时间练习，所以还是挺花时间的。\n\n不过老师给分很不错，我不太会唱歌，最后指挥也没打好，还是勉强上4了~爱唱歌的推荐选这门课
158932,1780,李智巧,2022-07-03 12:33:04,2,2,0,合唱艺术！都给我冲！老师超棒！巨温柔！
160842,1780,李智巧,2022-10-17 03:10:59,4,4,0,给100都不为过
163521,1780,李智巧,2022-12-15 01:00:55,17,17,0,表白课代表才颜都在线！！！
165501,1780,李智巧,2023-01-07 10:21:31,8,8,0,感谢李老师给我大学第一个满绩
165889,1780,李智巧,2023-01-10 08:40:12,3,4,1,上课干货很多，老师很温柔。但毕竟是大课照顾不到所有人，合唱成绩也很容易被组内一些水平实在有限的同学拉低。
167600,1780,李智巧,2023-01-17 14:06:07,0,0,0,特别好的老师
169266,1780,李智巧,2023-02-25 06:09:50,0,0,0,老师人巨好，强烈推荐
184980,1780,李智巧,2023-12-25 04:06:44,0,0,0,阿巧！
184982,1780,李智巧,2023-12-25 04:09:03,0,0,0,真神，无需多言
185058,1780,李智巧,2023-12-26 04:43:21,0,0,0,巧！！！
186102,1780,李智巧,2024-01-08 11:25:02,0,0,0,合唱艺术：四次合唱考试，一次指挥考试。是每周都期盼去上的课呢。很幸运，碰到的队友都很认真，是本人所有课里小组氛围最好最好的！
186165,1780,李智巧,2024-01-09 06:45:24,0,0,0,老师人很好，上课也很有趣，就是我没什么声乐基础，歌唱艺术对我来说还是有点难度的。
186698,1780,李智巧,2024-01-12 14:10:54,0,0,0,老师我爱你！真的很好，选到了就偷着乐吧。期末考核还是考试那天临时选的歌，也不是很会唱，给分也不错，对于我这种没有声乐基础的学生真的很友好，真的能学到东西！
186845,1780,李智巧,2024-01-13 08:46:23,0,0,0,谢谢李老师！！还担心我唱歌要跑调分不高，但是出分了很开心！四次合唱考核一次指挥考核，合唱是分小组，分到了大家都特别配合特别认真的小组！开心！
186873,1780,李智巧,2024-01-13 10:05:23,0,0,0,老师真的很可爱！
186950,1780,李智巧,2024-01-14 01:22:30,0,0,0,老师真的很好给分很不错！合唱艺术一学期一共要考4首歌+1次指挥考核，没有基础的uu还是要略听一下哦
187280,1780,李智巧,2024-01-15 11:39:08,2,2,0,老师人很好，虽然每节课上课前点名，但是没去也可以改过来。给分很不错，不嫌弃我唱的这么难听。但是事很多，课后要抽大量时间练，时间紧张的同学慎重。
190048,1780,李智巧,2024-02-17 01:47:27,5,5,0,看见评论里说事多，感觉事情多少是因人而异的，唱得本身就不错那这门课就是大水课半点事情没有，唱得有待提高的这门课就需要花些时间练习
190529,1780,李智巧,2024-03-07 07:03:08,-1,2,3,纯小白还是别来上了
193808,1780,李智巧,2024-06-19 09:10:24,3,3,0,老师真的很好很好 纯小白感觉也很好\n\n合唱艺术挺好玩 老师给分真的好好太爱了
193812,1780,李智巧,2024-06-19 10:35:05,5,5,0,智巧姐姐你是我的神
193873,1780,李智巧,2024-06-20 11:17:54,9,9,0,合唱艺术非常好，给分很棒，基本上只要三次合唱考核都到场了给分不会低。最后还有一次乐理知识考核，因为我上课没怎么听，加上自身就没什么乐理基础导致理论考核的卷子做的不太好，但是最后还是有89分，只能说老师真的真的特别特别好！！！
194731,1780,李智巧,2024-06-25 06:32:36,1,2,1,老师很好～
198922,1780,李智巧,2024-09-13 02:37:28,7,7,0,只要不被抓到翘课唱再烂也上能上四
200559,1780,李智巧,2024-10-19 04:03:10,4,10,6,文琴er已经被她折磨惨了
204155,1780,李智巧,2024-11-24 23:10:33,1,1,0,研究生上完歌唱艺术之后开始后悔怎么本科的时候没选
207882,1780,李智巧,2024-12-25 00:17:16,2,2,0,好课！没出分也打10分！
208330,1780,李智巧,2024-12-27 02:04:24,1,1,0,强推李老师！！！研究生通识课歌唱艺术，教学生动体验感很强，会对每个学生亲自指导，为人善良热情亲和力强，选就完了！！！
208915,1780,李智巧,2025-01-03 10:51:46,1,1,0,虽然没出分 但是老师很专业 每节课上去唱都会帮你挑毛病 我先给老师满分！
209087,1780,李智巧,2025-01-04 11:43:12,1,1,0,歌唱艺术，有一次小组展示，平常上课可以自由上台展示让老师指导（需要克服社恐），上了课唱歌确实有提升！
209114,1780,李智巧,2025-01-04 13:53:19,1,1,0,喜欢唱歌的话 歌唱艺术值得一上
209192,1780,李智巧,2025-01-05 03:50:15,1,1,0,阿巧上课非常专业！声乐训练也很有效果！给分也非常不错！大学的第一个满绩是巧给的。合唱艺术课非常有意思，结束的时候老师还发了一段很可爱的结课语。
214221,1780,李智巧,2025-01-29 05:59:55,2,2,0,老师特别专业 满绩啦 抠问题很到位呢
219988,1780,李智巧,2025-06-13 07:46:57,2,2,0,老师讲课真的特别好！一个学期下来我的歌唱水平说是有质的飞跃都不为过！而且给分超好！我一个从小到大没上过声乐课的小白都满绩了！
220037,1780,李智巧,2025-06-14 02:31:07,1,1,0,超级超级好的老师，两次小组展示顺便会让个人唱，这部分分数五五开；倒数第二次课有小测但是很水很简单。po没有学过声乐，平时喜欢去ktv，上课没有压力。
220074,1780,李智巧,2025-06-14 14:51:43,1,1,0,这个学期上了老师的合唱艺术，课上比较轻松，考核主要是期中和期末两次小组合唱以及一句词的独唱，还有一次小测，以及若干次点名。本人完全不会唱歌，但是给分真的很不错。
220221,1780,李智巧,2025-06-16 12:40:25,1,1,0,智巧老师平时上课很认真，跟着她的节奏走考试就没问题，给分也超好！强推合唱艺术！！！
220909,1780,李智巧,2025-06-20 09:55:23,0,0,0,老师超级好，平时上课很有趣，给分超好的
1413,1782,朱莉,2015-03-22 02:05:53,59,65,6,很和蔼，对学生很好，拳很帅
1515,1782,朱莉,2015-03-22 09:49:26,11,12,1,我爱武术
2530,1782,朱莉,2015-05-04 13:34:06,11,14,3,很轻松，很开心
3215,1782,朱莉,2015-05-21 07:51:17,17,19,2,老师超棒，教课很认真。
3685,1782,朱莉,2015-06-17 02:14:54,30,34,4,和蔼到不行，人特别好，很好说话。也很漂亮。剑术太帅啦
5173,1782,朱莉,2015-07-05 14:33:25,3,6,3,气质好
6016,1782,朱莉,2015-07-10 08:25:57,6,9,3,和和善，态度很好，教得很细致
9068,1782,朱莉,2015-10-12 05:53:34,6,7,1,超赞\n\n
9345,1782,朱莉,2015-10-22 11:23:04,2,3,1,老师很和善
9893,1782,朱莉,2015-11-12 10:36:42,7,8,1,老师和蔼可亲
10373,1782,朱莉,2015-11-18 09:50:44,4,6,2,棒棒哒！
10386,1782,朱莉,2015-11-18 10:51:20,2,2,0,漂亮的气质女神
11139,1782,朱莉,2015-11-24 12:46:11,2,2,0,超级棒
11148,1782,朱莉,2015-11-24 16:07:39,1,1,0,对学生很和蔼耐心的老师
12471,1782,朱莉,2015-12-23 13:47:11,3,3,0,一个字，赞！！！！！
12595,1782,朱莉,2015-12-23 14:42:01,1,2,1,很喜欢，老师说话很温柔，但是打拳很帅！
12873,1782,朱莉,2015-12-24 07:12:19,1,1,0,老师人太棒了！特别推荐！
14867,1782,朱莉,2016-01-10 11:39:31,2,3,1,\n\n
14950,1782,朱莉,2016-01-11 07:43:07,27,30,3,上过她的拳术和剑术，脾气很好，人很和蔼很耐心，教得也超好！有水平的好老师！最重要的是，十二分钟跑给分好！
16551,1782,朱莉,2016-01-18 10:53:23,5,5,0,真心好老师，给分好
16560,1782,朱莉,2016-01-18 11:15:15,8,9,1,老师人超好
16771,1782,朱莉,2016-01-19 02:48:24,6,8,2,人超级棒超级温柔耐心～打起太极来极有神韵
16901,1782,朱莉,2016-01-19 08:23:48,2,4,2,拳打的不是一般的帅！老师温柔美腻关心学生～特别有耐心～给分也很好，12分钟跑的时候会给你加油～
21385,1782,朱莉,2016-02-28 11:29:10,13,14,1,脾气好，给分也很不错
22239,1782,朱莉,2016-03-03 05:11:32,3,4,1,美丽温柔很好很体贴的老师，拳特别好看，选了两次她的课了
25713,1782,朱莉,2016-06-28 11:12:35,1,1,0,满分！
26474,1782,朱莉,2016-06-19 00:10:21,0,0,0,超级nice
26716,1782,朱莉,2016-06-21 03:18:21,1,2,1,拳术巨帅 走路带风 但是人很和蔼！！
27003,1782,朱莉,2016-06-22 06:33:22,5,6,1,老师很温柔！跑十二分钟之前还会给糖吃(〃∇〃)
27903,1782,朱莉,2016-06-28 04:11:28,2,2,0,我爱武术更爱老师
27996,1782,朱莉,2016-07-03 13:28:36,3,3,0,老师教得很好 打拳的时候很帅气 有时候也很可爱 十二分钟跑给我们发糖吃还给我们加油 每次体育课上演都特别累?锻炼效果好 超喜欢老师
28043,1782,朱莉,2016-06-28 08:01:32,1,1,0,很耐心，态度也很好
28142,1782,朱莉,2016-06-28 08:09:35,1,1,0,赞 很认真
28281,1782,朱莉,2016-06-28 08:25:38,4,4,0,‍女神‍！‍！‍‍！‍！‍！‍！‍！‍！‍！‍！‍！‍！
28394,1782,朱莉,2016-06-28 08:49:33,0,0,0,强烈推荐！！
28689,1782,朱莉,2016-06-28 12:22:59,2,2,0,老师平时很温婉，打起拳超有女侠风范！看老师打拳都觉得自己学的和老师打的不是一个东西了~
28760,1782,朱莉,2016-06-28 14:06:14,0,0,0,老师很和蔼，人很nice
28962,1782,朱莉,2016-06-29 04:30:56,1,1,0,超级棒，体育不是很好但很努力地学了一个学期，得到了满意的分数⊙﹏⊙谢谢老师
28974,1782,朱莉,2016-06-29 04:46:46,2,2,0,老师太温柔了!教学也超级认真啊！强烈推荐!
29192,1782,朱莉,2016-06-29 11:12:01,1,1,0,非常棒的老师！虽然我们组太腐
29323,1782,朱莉,2016-06-29 15:11:26,1,1,0,老师帅！
29837,1782,朱莉,2016-06-30 11:28:08,2,2,0,老师棒棒哒~
30072,1782,朱莉,2016-07-01 01:48:54,2,2,0,很好，老师很温柔很和气，打拳打的很好，给分也好
30670,1782,朱莉,2016-07-02 07:31:25,1,1,0,老师好教的好给分好
33254,1782,朱莉,2016-09-16 16:42:16,10,10,0,大一修了朱老师的武术课，又来又修了她上的太极拳。很nice的老师 讲解到位 性格温和。上课运动量还是有点大的。
37646,1782,朱莉,2016-11-20 02:38:04,2,3,1,老师特别可爱！打起来也很帅！强推
39772,1782,朱莉,2016-12-27 12:05:16,0,1,1,绝对好老师，必须满分
41578,1782,朱莉,2017-01-12 08:15:45,1,1,0,很认真。
41629,1782,朱莉,2017-01-12 09:18:59,-42,6,48,辣鸡老师
41639,1782,朱莉,2017-01-13 16:24:54,14,23,9,讲道理说老师垃圾的什么心态专项考试只要能打一遍拳基本就88以上老师教的很清楚了也复习了如果你一遍都打不了到底谁垃圾呢更何况还有调分除了专项其他就看你自己垃圾不垃圾了十二分钟跑引体向上也适当放宽了你还想怎样手动再见
41709,1782,朱莉,2017-01-12 11:51:55,1,1,0,老师超和蔼超棒的，打起拳来超帅，喜欢?
41736,1782,朱莉,2017-01-12 12:57:27,-15,0,15,一般般
41792,1782,朱莉,2017-01-12 15:18:37,1,1,0,\(≧▽≦)/！！！！
42118,1782,朱莉,2017-01-13 15:19:55,4,5,1,第一眼见到，觉得：呀好漂亮，呀…好像可能有点凶的样子？然后上完第一节课就知道是一个很有水平很nice的老师啦。给分也很不错。很推荐，当然前提是能选上朱老师的课啦
42246,1782,朱莉,2017-01-14 03:00:40,0,0,0,和蔼可亲
42535,1782,朱莉,2017-01-14 11:45:28,3,4,1,很认真的老师，非常平易近人，不过想要绩点高，12分钟和课外锻炼要做好
43134,1782,朱莉,2017-01-16 00:21:38,0,0,0,老师人很好，给人也不错，事情少，就是太极拳有点无聊了哈～
44897,1782,朱莉,2017-01-18 12:53:24,1,1,0,打拳太帅了。。。给分也很好
51520,1782,朱莉,2017-06-07 02:54:28,2,2,0,轻松开心，选的早课，上课之前困的要死，上课之后神采奕奕呀
52354,1782,朱莉,2017-06-19 03:45:49,1,1,0,老师人很好！对学生也很关心！拳不难，只要能记住动作基本都可以拿90分左右~给分也高！强推！真的超喜欢老师！
56515,1782,朱莉,2017-07-04 02:27:23,2,3,1,老师超级温柔，考核比较正规，但是给分很好
56557,1782,朱莉,2017-07-04 03:31:34,3,3,0,老师真的是又美打起拳来又帅，考试不难的，平时也不是很累，但是认真打拳真的修身养性，锻炼身体啊。体测和十二分钟跑要是好的话，满绩很容易的；即使不好也可以得个高分，老师给分很好的。平时一般上课练下打拳，然后跑两圈就下课了。快十二分钟跑的时候还会安排时间让我们跑一下。
56895,1782,朱莉,2017-07-05 02:48:18,1,1,0,老师很负责很热心 给分真的好 只要身体素质不差4.5不难
57326,1782,朱莉,2017-07-06 16:14:17,1,1,0,真的很温柔很美
57404,1782,朱莉,2017-07-07 10:23:03,1,1,0,老师超厉害，打拳的时候特别好看，上课轻松，给分也挺好的
57571,1782,朱莉,2017-07-10 01:29:24,1,1,0,棒棒棒
59683,1782,朱莉,2017-09-26 01:37:01,5,5,0,老师敲温柔。人也很漂亮，很细致
65234,1782,朱莉,2018-01-02 02:09:42,1,1,0,超级好的老师！强推！！！
68392,1782,朱莉,2018-01-23 06:15:37,-5,2,7,很好的老师，很温和，打拳很酷，轻松满绩✌️
68407,1782,朱莉,2018-01-23 06:55:49,6,6,0,出分了！一个体渣居然得了4.8！老师说我们这个教学班武术考试分被打低了，于是就给我们调分?朱老师打拳真的好帅，武术在体育课里面也算轻松了，上课就是练拳，不是很累。朱老师有时看着严肃，其实很温柔的?
68444,1782,朱莉,2018-01-23 08:17:03,2,2,0,超级温柔的老师⊙∀⊙！嘻嘻！\n\n
68505,1782,朱莉,2018-01-23 09:33:04,1,2,1,挺好的 秋冬推荐报 三好杯可以水二课
68738,1782,朱莉,2018-01-23 16:29:27,1,1,0,很好的老师
69314,1782,朱莉,2018-01-24 12:39:06,-7,4,11,老师非常好，可惜我迟到了一次，而且理论考还考砸了只有72分，最后只得了91分，就差零点几分，可惜呀。
81624,1782,朱莉,2018-07-05 14:55:50,1,2,1,啊啊啊啊啊啊啊啊啊，朱莉老师太棒了，吹爆朱莉老师，人温柔，剑术也不累，我专项考试忘了动作居然都能有这么高的绩点，强推
81649,1782,朱莉,2018-07-05 16:12:43,1,1,0,老师上课认真负责，可以学的很多东西
81717,1782,朱莉,2018-07-06 03:10:45,1,1,0,超级和蔼的老师～强烈打call～
81809,1782,朱莉,2018-07-06 08:32:19,1,2,1,老师人很好，讲课也很认真
83204,1782,朱莉,2018-07-10 02:26:29,-4,2,6,人超级好的老师，真没想到给了我97！
87460,1782,朱莉,2018-09-29 05:40:19,1,1,0,好美～好温柔～
90312,1782,朱莉,2018-11-23 06:04:29,1,1,0,老师太好了
91768,1782,朱莉,2018-12-19 15:34:27,1,1,0,老师人真的太好了，超级温柔，疯狂赞美。
91818,1782,朱莉,2018-12-21 05:31:14,6,6,0,老师真的太太太太棒了！上她的课真的一点不后悔，人特别温柔，十二分钟真的放宽很多，呜呜呜一学期要结束了舍不得老师(18级新生的评论绝对字不虚言
91875,1782,朱莉,2018-12-24 02:48:04,0,0,0,很放松，很有趣
91876,1782,朱莉,2018-12-24 03:06:16,0,0,0,太好了，善待了我这个体育残疾生
94477,1782,朱莉,2019-01-16 17:40:45,1,1,0,超级超级超级喜欢朱莉老师！人超温柔给分也超好！最最最喜欢的老师了！！！
96616,1782,朱莉,2019-01-21 07:52:06,0,0,0,感动哭了，体育渣上4了
96636,1782,朱莉,2019-01-21 08:19:23,1,1,0,老师真的会注意到认真训练的学生，感到自己的努力得到了肯定，喜欢老师
96673,1782,朱莉,2019-01-21 08:55:37,0,0,0,老师真的好，课程轻松绩点也高，老师还很温柔，打太极贼好看贼有感觉
97014,1782,朱莉,2019-01-21 14:38:01,0,0,0,老师太酷了，我爱老师，激动很好，很温柔
97388,1782,朱莉,2019-01-22 08:31:29,0,0,0,太极拳真是一门好课啊（*/∇＼*）
97453,1782,朱莉,2019-01-22 09:07:21,0,0,0,
97935,1782,朱莉,2019-01-23 02:14:46,0,0,0,人很好，很温柔，很有个人魅力……负责任，给分也很好
100817,1782,朱莉,2019-01-27 01:13:58,0,0,0,下学期还想报朱老师的课来着( •̥́ ˍ •̀ू )没选上嘤嘤嘤
100862,1782,朱莉,2019-01-27 03:16:40,0,0,0,老师脾气真的很好，是一个不会让人抗拒体育课的老师，太极拳教的很棒，讲解很到位，最后给分也很棒！喜欢老师！
102723,1782,朱莉,2019-02-22 03:52:34,0,0,0,特别特别好的一个老师，对学生很和蔼！上了一节拳术课之后以后都想跟着她学武术了！
104683,1782,朱莉,2019-03-26 03:14:49,0,2,2,看起来是因为我太菜了，感觉还挺凶的
111818,1782,朱莉,2019-07-03 00:07:23,0,0,0,卡绩了呜呜呜呜呜
111827,1782,朱莉,2019-07-03 00:28:50,0,0,0,太棒了！！！
111870,1782,朱莉,2019-07-03 01:39:40,3,3,0,人很好很好，而且武术课平时很水考核还能顺便把竞赛分拿了还有二课分，给分好还会帮学生补签，强推！！！
111943,1782,朱莉,2019-07-03 03:54:57,1,1,0,一句话 我下学期选的还是她的课。
112058,1782,朱莉,2019-07-03 10:42:02,2,2,0,朱莉我女神！！！考试周考到崩溃突然看到剑术满绩 太开心了！！！
113157,1782,朱莉,2019-07-06 00:40:30,6,6,0,连上了朱老师四个学期的课，来做一下总结。朱老师人美拳帅又温柔，上课正经干货多；课程分数靠自己，认真勤奋不会错。体育课的分数都是硬分数，所以主要靠自己，但如果你专项分数较低的话也可以申请补考，朱老师会帮你提不少分。\n\n小贴士：当组长有酌情加分哦。\n\n最后表白朱老师~\(≧▽≦)/~
124115,1782,朱莉,2020-06-24 10:02:30,1,1,0,老师真的太好了，这学期线上授课没有上剑术课很遗憾。老师会帮看太极拳视频并给建议，还群里各种提醒签到或者其他事项的ddl555给分也好，大家都来选她的课
124283,1782,朱莉,2020-06-28 13:07:10,3,3,0,5555老师太好了，人很温柔很好说话，11点多还愿意帮我看仰卧起坐视频，托线上体育课的福，我这个体育小垃圾居然满绩还满分了5555人生第一次
128903,1782,朱莉,2020-12-26 14:58:34,1,1,0,我只能说，太帅了太帅了太帅了！\n\n武术一套拳下来感觉自己也涨了精气神！
129191,1782,朱莉,2020-12-31 04:12:26,0,1,1,人超好！超温柔！拳术课教的也很宽松，细心帮同学指正动作，并且不算累。
129212,1782,朱莉,2020-12-31 11:55:18,2,2,0,老师人很好，打拳很帅，b站上搜浙江大学 少林连环拳能找到老师的打拳视频哦
133337,1782,朱莉,2021-02-26 02:51:13,1,1,0,老师真的很温柔啊
136119,1782,朱莉,2021-06-11 05:17:11,0,1,1,老师真的超级好，第一次没考好，还能有补考，很棒！
137131,1782,朱莉,2021-07-01 10:48:26,1,1,0,我宣布朱老师是我新一任女神(●✿∀✿●)
137146,1782,朱莉,2021-07-01 12:57:04,0,0,0,满绩来报到啦！！上课认真学就行啦！每节课的活动也都恰到好处。老师超好！很好说话的，如果去问她也会耐心单独教，也很关心学生！好耶！
138109,1782,朱莉,2021-07-07 10:57:33,0,0,0,女神打拳好帅鸭！！
138402,1782,朱莉,2021-07-09 02:49:23,0,0,0,好老师，温柔给分好
141052,1782,朱莉,2021-09-22 09:13:16,0,0,0,很好的老师
141116,1782,朱莉,2021-09-24 01:53:56,5,5,0,朱莉yyds！大太阳都不舍得让我们站在太阳下...体育老师里最白的就是她
141117,1782,朱莉,2021-09-24 01:54:09,1,1,0,棒棒哒🎊🎉
148430,1782,朱莉,2022-01-12 12:29:13,4,4,0,人很好，体育比较低是我自己体质问题，平时从不锻炼，但成绩仍然不低，真的很感谢老师。拳术考试给分超好，带课很和蔼，会认真教拳。十分，推荐！
151595,1782,朱莉,2022-03-08 16:03:54,1,1,0,好好好好好
154104,1782,朱莉,2022-05-23 08:18:12,0,1,1,老师超级好超级好超级好\n\n剑术的动作特别帅！
155734,1782,朱莉,2022-06-15 11:56:32,0,0,0,朱老师yyds!
157488,1782,朱莉,2022-06-23 11:57:01,6,6,0,老师太好了\n\n无敌捞\n\n人美心善
170535,1782,朱莉,2023-03-06 07:37:53,1,1,0,老师很温柔，给分也很好！
174256,1782,朱莉,2023-06-08 08:58:09,3,3,0,朱老师特别好，她的身体素质课一点都不水，但是也不会特别累，基本上45min都会上满，即便是下雨也会在主席台上面给我们拉伸。倒数第二节课还带我们去走校友林。总的来说老师很关心学生，也不会突然签退来恶心人，非常推荐
175845,1782,朱莉,2023-06-27 03:03:33,0,0,0,朱莉老师真的超级好。每堂课都很充实也不会很累。本来担心拳术打错了会尴尬，但老师指正的时候很温柔耐心。三好杯比赛考核我拿的分数感觉挺低的，专项还给我捞到94。下次还会选朱老师的课！
175921,1782,朱莉,2023-06-27 06:55:28,2,2,0,上了朱莉老师四个学期的课，太极拳和武术，都很不错，老师很专业也很温柔，确实有身体不舒服的话和老师说一声在旁边坐着就行。老师真的太好了，总之就是非常推荐！
175982,1782,朱莉,2023-06-27 10:15:44,0,0,0,朱老师yyds，给分好拳也帅，上课跟着老师一起分数肯定不会低的
175993,1782,朱莉,2023-06-27 11:11:01,0,0,0,朱老师真的非常好！要不是因为喜欢乒乓球，我每学期都报她的班！
180885,1782,朱莉,2023-09-27 15:16:21,-4,5,9,上一次课影响到整天状态，运动过量
181110,1782,朱莉,2023-10-09 02:16:42,-7,2,9,有点怪
185416,1782,朱莉,2023-12-29 04:11:47,3,3,0,上了朱莉老师的课就不想上其他老师的体育课啦！
186815,1782,朱莉,2024-01-13 06:56:23,1,1,0,老师人很好，非常体谅学生，善解人意
190397,1782,朱莉,2024-03-01 01:28:35,8,9,1,体素课，强度挺大的，不是很水，别只看评分选老师。
190846,1782,朱莉,2024-03-21 10:18:08,2,3,1,体素课点名频率高，又签到又签退，运动强度大，慎选，别看评分选老师
191019,1782,朱莉,2024-03-28 11:59:36,2,2,0,体素，签到签退，强度大的一批，发钉钉已读不回
192910,1782,朱莉,2024-05-31 13:12:36,1,1,0,朱莉老师特备好特别温柔，体素课虽然强度大但是并不强制，可以偷懒，而且签退只在人特别少的时候才会进行。上了老师的体素和剑术，老师会悉心指导，也很好相处！
193292,1782,朱莉,2024-06-06 01:43:10,3,3,0,人非常和蔼，错过了考试还让我补考了，教得也很用心。
194651,1782,朱莉,2024-06-25 01:24:04,4,4,0,超级无敌温柔的老师，给分很好，会主动暗示多次捞同学，上她的武术课，强度确实会比较大，但是只要说不舒服老师都会允许到旁边见习，不会为难，指导很细心温柔
195024,1782,朱莉,2024-06-26 11:40:58,2,2,0,朱莉老师超级温柔！！！
195773,1782,朱莉,2024-06-30 02:12:15,1,3,2,先说体素课，我今年体素第一节课感觉强度有点大，然后课后跟老师反映了，第二节课强度就降下来了，而且还问了一下同学这回强度怎么样；之前因为有事请假体素课，老师也是允许补课的；另外也选了zl老师的武术课，也不错，如果身体不舒服是可以到旁边见习的，不会为难学生；今年民族传统武术运动会的比赛分整体给分不太好，老师给捞了。
195956,1782,朱莉,2024-07-01 02:49:58,1,2,1,老师人很好，认真负责而且很耐心
198904,1782,朱莉,2024-09-12 23:58:33,2,2,0,太好啦太好啦
199298,1782,朱莉,2024-09-20 13:23:26,-5,0,5,有签到签退，上课强度真不小，摸鱼能相对轻松，上次体素课还有点拖课。真有人能早八她的体育课后调整好状态去上其他课吗？微积分三节课结束了我的衣服还没怎么干。体素课强度还好，但是如果下雨了就可能要练一节课体能（俯卧撑波比跳啥的）。我看评分选了她的课，希望以后的课能轻松点。。。
199617,1782,朱莉,2024-09-26 09:12:03,-10,1,11,真的是，钉钉群里面根本不回消息，好像这课和她没关系一样。
202332,1782,朱莉,2024-11-11 15:55:55,3,3,0,朱老师人特别好呀，那些说强度大的，建议去徐曼老师的武术课体验一下，那才是真的汗流浃背呀啊啊啊，朱老师课强度已经算很小的了。老师人特别和蔼！！
205700,1782,朱莉,2024-12-11 10:53:18,1,1,0,【武术】朱莉老师很好
206112,1782,朱莉,2024-12-13 05:38:27,3,3,0,上了一学期体素课，老师人很温柔很好，好像只有两三次签退吧。不是很水，偶尔强度比较大，总体感觉还行（摸摸鱼不会太管），体测过后强度直线下降，还是能选的！！
206839,1782,朱莉,2024-12-18 01:57:41,1,1,0,朱莉老师真的爆炸无敌好！！！武术课上讲的很详细！包你能学到知识的！非常认真负责还会捞，给分又好又温柔~
207035,1782,朱莉,2024-12-19 04:37:16,1,1,0,老师太好了！最后一节课我请病假给我改成到了！！特别美丽和蔼的老师！
209418,1782,朱莉,2025-01-06 02:31:40,1,1,0,满昏！！！！！我要永远追随你啊啊啊啊啊我的女神！
209422,1782,朱莉,2025-01-06 02:35:17,1,1,0,朱莉妈咪呜呜呜，老师真的好好!对我们很温和，武术打的也超级帅!都去选她都课好吗好的
209434,1782,朱莉,2025-01-06 02:55:40,2,2,0,海底捞之神！！专项和身体素质捞中捞！！伟大无需多言！！
209618,1782,朱莉,2025-01-06 11:11:47,1,1,0,老师好像捞我了\n\n爱老师\n\n打拳超帅的
209719,1782,朱莉,2025-01-07 00:59:58,1,1,0,超级无敌好的老师，选不上自己特别喜欢的体育课就来选朱老师吧，绝对不会让你失望的。
209772,1782,朱莉,2025-01-07 04:47:24,3,3,0,真神！！\n\n老师认真负责，教学水平高，上课动作讲解易懂。\n\n最重要的是老师会捞捞！！大学第一个满绩！！
212004,1782,朱莉,2025-01-13 04:22:23,1,1,0,老师特别好！很耐心，少林连环拳特别帅，给分也很好，lz身体素质不好，专项居然有95，可惜下学期没选上朱老师的武术课。还想再上！再补充一下：上课强度不算大，十二分钟跑之前每个星期天气好的话可能会跑跑步，推荐~老师还会提醒打卡进度，很关心学生~
215723,1782,朱莉,2025-03-04 16:04:59,0,0,0,老师课上运动量还是有点的，但是专项给分还是很好的
217191,1782,朱莉,2025-04-03 13:54:54,0,1,1,强烈谴责，严正抗议，坚决打击
219512,1782,朱莉,2025-05-29 05:42:41,0,0,0,老师很棒，拳法打的虎虎生风，上课也很有趣，分数也不低
220175,1782,朱莉,2025-06-16 04:15:40,1,1,0,天使老师
220208,1782,朱莉,2025-06-16 09:12:02,0,0,0,老师超级好，很和善很负责很上心。专项技能分很高，不过总成绩要高还是靠的是自己的身体素质
221784,1782,朱莉,2025-06-26 08:08:54,0,0,0,老师给分非常非常好……自认为专项课没有表现很出色，但还是拿到了满意的分数，非常推荐选老师的课。
509,1812,陈向集,2015-03-15 03:41:57,-1,2,3,讲课很认真，知识很广泛，会放很多视频。课堂氛围非常轻松
1225,1812,陈向集,2015-03-21 16:48:06,0,3,3,知识很渊博的一个老师，上课也很人，最重要的是可以边听音乐边写作业，期末只需交一篇论文，很轻松
2697,1812,陈向集,2015-05-05 13:04:26,2,3,1,上课在那样的环境下难以好好做作业，个人感觉这课也学不到什么东西，基本上都要点到。这么多论文要批改你觉得他会认真改么均绩3.5的通识不算好水课
4506,1812,陈向集,2015-06-24 04:26:01,-1,1,2,上课是挺轻松，但是比较水，老师在上面讲，听得有一两个已经很不错了，主要因为讲的比较无趣，个人风格吧，期末没考试，就一篇论文，我是3.8
5325,1812,陈向集,2015-07-09 12:41:59,2,3,1,上课是挺轻松的，绩点神坑，真的太坑了
5472,1812,陈向集,2015-07-07 17:32:20,2,4,2,反正……我这学期的摄影技术和音乐欣赏都满了……
5879,1812,陈向集,2015-07-09 17:43:25,-1,1,2,我觉得他上课讲的挺好的，只用交篇论文，关键论文要有自己的想法吧，不能都复制或者讲些音乐史什么的…
6500,1812,陈向集,2015-07-14 13:11:29,2,2,0,讲课就是放着视频+话筒讲话，两边都声音不清晰。没有办法很好地检验学习成果，主要看签到。而且这么多人挤一个东区的小教室是我上过的环境最烂的一门课！
2634,1833,诸葛慧贞,2015-05-05 01:57:51,-6,3,9,很不错，阅历也很丰富，不过要退休了呢
6232,1833,诸葛慧贞,2015-07-12 07:51:26,-1,7,8,老师很好的，讲纪律，讲感恩，讲爱心，不过退休了
14010,1833,诸葛慧贞,2016-01-03 15:37:53,-5,5,10,很好的老师，很怀念
152489,1833,诸葛慧贞,2022-04-13 04:36:28,25,30,5,建议有基础的同学选
152893,1833,诸葛慧贞,2022-04-21 09:07:02,6,7,1,建议有基础的同学选
154039,1833,诸葛慧贞,2022-05-20 04:16:10,3,8,5,十二分钟补考能被她气死
154046,1833,诸葛慧贞,2022-05-20 08:24:57,5,18,13,奇闻共赏，怎么会有这么奇葩不负责任的老师。上课从来不会提前下课，让我们洗澡就算了，我跑12分钟的时候，我来姨妈就没跑。之后本来想下周五下午补测，他就根本不在，让我跟别的班的老师补测，但是12分钟跑比较危险，根本没有老师愿意接收。然后他说这周五下午一点半在操场补测，然后当天中午又说改成下午三点委托别的老师，我那天下午都排好了，两点去打三号杯。然后我打完三好杯到操场3点08分，人家班上都开始跑了。然后又是一番到处求人，没有人愿意帮我。然后他又说下周五下午一点半跑，但是下周五三十一度，跟她求情改时间又不行。还要怪我没有三点来跑，别人都跑完了。怎么会有这么不负责任的老师？只会想着自己一点都不替学生着想。怎么会有人愿意选他的课？
154533,1833,诸葛慧贞,2022-06-02 05:00:53,14,18,4,没有基础的人还是别选这位老师了，只能说学习过程让人无法接受，老师比较迷之自信，觉得教了，学生就能立马学会，对待没基础的学生态度不好，自以为是地觉得会游泳的是她教出来的，根本没有意识到那些人是本来就会，总之，多少有点离谱。
154926,1833,诸葛慧贞,2022-06-07 02:24:37,-13,2,15,好老师，省级运动员
155640,1833,诸葛慧贞,2022-06-15 02:49:44,-9,4,13,给分太好！！！！总成绩98.7！做梦都没想到能这么高
160690,1833,诸葛慧贞,2022-10-01 13:45:00,2,2,0,一楼说得对，俺选吕小布
161329,1833,诸葛慧贞,2022-11-04 07:04:39,11,12,1,赶紧跑，没基础千万不要选她的课，真的能被无语死，动作教了和没教一样，自己只现在旁边指手画脚，动不动就阴阳人，觉得大家本来都应该会一样，真的无语。下课还很迟，每次早八下课洗澡都赶不上早十的课，没有游泳基础真的不要选，绝对会后悔
164169,1833,诸葛慧贞,2022-12-18 15:46:06,9,9,0,没基础的千万别选，我们这个班开学的时候本来就只有6个不会游的，结果最后2个退课了，4个仍然不会游。特别没耐心，脾气很差，还不好好教。
164571,1833,诸葛慧贞,2022-12-22 03:03:44,-8,5,13,我一个根本不会游泳的旱鸭子选了中级班，不过学期结束的时候游泳基本动作都会了😎 ，老师教的很耐心，如果像我这样的根本不会游泳的老师会让我单独在某个地方练习打腿和换气等基础动作，而且最后给分也超级棒，大学第一个满绩🤫
165031,1833,诸葛慧贞,2022-12-28 12:53:01,2,3,1,教的特别快 下水之后的前两节课就把蛙泳全交完了？？\n\n完全零基础小白 练憋气都不会 每节课都跟不上 于是每节课都被劈头盖脸地一顿骂 真的很凶\n\n班上的大多是以前学过游泳有基础的\n\n绩点3.0 才知道原来体育课也能这么低…\n\n室友选隔壁班游泳老师 几次请假老师都算到了 这个老师是你没到就是没到 请假了也是 一点都不体谅学生 十二分钟跑也是如此…\n\n总之小白别选
171463,1833,诸葛慧贞,2023-03-25 04:17:55,-2,1,3,秋冬学期的游泳课体验很差，有老师的原因也有课程的原因。首先来说说课程，早八游泳的水温是真的离谱，每次下水都是酷刑，还好后面疫情封校了。期末考试周六早八考还不给同学准备柜子，真的是感谢老哥们自发整齐放衣服和包，总得来说就是本身体验很差。其次说说老师，真的建议除非特别想上游泳，而且实在选不上游泳的学生再考虑这位老师，整天说自己带过孙杨，要同学努力，对没有基础的同学非常严苛且刻薄，你不会觉得其他人都是你几句话教会的吧，有基础的同学也被她整的够呛。平时存在感也很强，包括不限于让同学们她说的每句话都要回复收到，还给她们家一个什么评选点赞，个人觉得从没见过这样的老师。
172876,1833,诸葛慧贞,2023-05-09 02:53:16,1,4,3,老师教的很认真，得到了上大学以来第一个夸夸。给分很好，第一个满绩！
175848,1833,诸葛慧贞,2023-06-27 03:14:08,-1,1,2,其实还好的，下课比其他老师稍微晚点，其他都挺好的
178516,1833,诸葛慧贞,2023-07-13 05:33:14,-1,0,1,最后一次课，玩游戏，第一个胜出的人可以凭借此次机会消掉一次请假记录。我没拿到，痛失满绩
181743,1833,诸葛慧贞,2023-10-30 13:51:39,3,3,0,我是上皮划艇课的，因为许老师有事，诸葛老师代授了3节，她真的可以说超级耐心，超级暖了，我们刚学的时候上艇容易翻下去，有困难的同学她都会帮忙拉着船，怕我们掉下去冷，我们划的时候她就在岸边把多的船先抬回去，看我们的眼神也超级温柔的，诸葛老师真的人非常好～～～
187311,1833,诸葛慧贞,2024-01-15 12:39:17,2,2,0,99满绩选手报道！\n\n感觉不太会游！这样很满意啦
189523,1833,诸葛慧贞,2024-01-25 07:48:24,1,1,0,老师退休快乐
8168,1843,陈忠焕,2015-09-17 08:06:31,0,3,3,难受
11482,1843,陈忠焕,2015-12-02 11:22:59,0,1,1,还可以
13180,1843,陈忠焕,2015-12-25 05:29:02,7,16,9,不会羽毛球的千万别选初级班。分分钟专项挂科。还不调分…
13268,1843,陈忠焕,2015-12-26 03:19:27,1,4,3,平时可以考满分，期末考试60分，还只能考一次，不是说老师不好，只是课太渣
13282,1843,陈忠焕,2015-12-26 07:19:50,1,3,2,羽毛球考试制度太糟糕，老师倒是挺好，可是这考试就一次机会，平时打得再好一考试手抖一下也是个及格，而且基本不看动作，只看运气
13669,1843,陈忠焕,2015-12-30 09:30:41,0,1,1,老师还行，就是课坑
15793,1843,陈忠焕,2016-01-18 03:07:11,1,2,1,本来分就低 ，登分还跟你少登几分，体育绩点2.1我也是醉了
16309,1843,陈忠焕,2016-01-18 02:47:14,1,4,3,师生情在哪里
16739,1843,陈忠焕,2016-01-19 01:28:08,0,3,3,觉得他少给我分，坑
17335,1843,陈忠焕,2016-01-20 04:55:58,-2,2,4,应该是少给我分了 大一兄弟们千万别选他的课 到时候绩点爆炸
20254,1843,陈忠焕,2016-01-26 16:14:49,0,2,2,老师自己说自己很严厉不通人情，其实还好。有时候上课突然冒出来一句话能把大家都逗笑。\n\n最后考试前一定要用跟考试用球一样的球保持好手感。:-)
22223,1843,陈忠焕,2016-03-03 03:59:08,-1,1,2,毁我青春，傻逼老师
25642,1843,陈忠焕,2016-05-30 13:55:11,1,3,2,初级班考试是有一点坑，但老师还是挺好的，考试主要看自己了，发球不好就多去练练，好好练一练是可以提高很多的，自己考不好不要怪老师
28885,1843,陈忠焕,2016-06-29 02:38:05,2,2,0,个人感觉其实也就这样吧，羽毛球初级班坑的是考试用球，不怪老师，虽然老师有点很随意的感觉。
30414,1843,陈忠焕,2016-07-01 13:44:07,3,5,2,浓浓师生情!学习帝上老师评分这么低，分分钟误导啊，老师真的不错啊
30703,1843,陈忠焕,2016-07-02 09:14:49,-3,0,3,这老师完全不会打球
41502,1843,陈忠焕,2017-01-12 05:22:01,0,0,0,技术96 总评83 真的一项一项加起来算出来是83.8  然后抹掉零头变83 一分都不提\n\n如果身体素质一般的又不会打球\n\n分分钟六七十分\n\n千万别选\n\n气死我了
42240,1843,陈忠焕,2017-01-14 02:57:06,1,1,0,给分不厚道
47780,1843,陈忠焕,2017-02-24 12:10:20,3,3,0,我放在这里的课呢？
51307,1843,陈忠焕,2017-05-30 09:25:09,0,0,0,垃圾，不让打球，只能一学期练发球
51888,1843,陈忠焕,2017-06-13 07:29:59,1,1,0,老师上课很好，然而已经退休了  怀念他
5327,1871,潘德运,2015-07-06 15:26:18,7,22,15,脾气暴躁，爱捉弄人→_→\n\n学生们对他的抱怨也多。\n\n但是教得不错
5626,1871,潘德运,2015-07-08 17:04:20,3,14,11,脾气暴躁，乱给分。不喜欢。
12953,1871,潘德运,2015-12-24 11:10:58,15,32,17,我觉得蛮好的
13184,1871,潘德运,2015-12-25 05:41:06,7,12,5,我觉得课上得还不错啦 不过他有活动都不太会提醒常常找不到人
14518,1871,潘德运,2016-01-07 10:57:12,1,4,3,111
16387,1871,潘德运,2016-01-18 04:29:59,2,9,7,平时都表现得好的很啊，最后分数那么低，呵呵了！！
16448,1871,潘德运,2016-01-18 06:14:18,2,8,6,给分很坑，完全不知道为什么。
16592,1871,潘德运,2016-01-18 12:44:33,8,11,3,教的不错
16718,1871,潘德运,2016-01-19 00:29:24,-4,2,6,给分很奇怪
19645,1871,潘德运,2016-01-25 04:02:03,-4,3,7,很不靠谱，很无聊
22791,1871,潘德运,2016-03-11 09:27:56,8,18,10,改分后平均分特别高
23449,1871,潘德运,2016-03-30 05:24:21,4,7,3,好老师，有半节课打比赛
28032,1871,潘德运,2017-01-12 10:08:42,5,13,8,看看给的平均分就知道了，同样的水平因为陈南生嫌麻烦不给第二次机会只拿了2.4，在潘老师这里拿了4.8，潘老师真的人很好，陈南生比潘老师呵呵了
28893,1871,潘德运,2016-06-29 02:53:25,1,4,3,老师炒鸡好
29040,1871,潘德运,2016-06-29 07:13:45,1,3,2,好老师！
39702,1871,潘德运,2016-12-27 04:49:45,0,1,1,挺好的，教的不错
40064,1871,潘德运,2016-12-29 04:47:41,0,2,2,挺不错的老师，初级班还会给打比赛的时间，不过这学期比较忙？基本都是代课。。。
43749,1871,潘德运,2017-01-17 02:23:31,-4,2,6,乱给分
43761,1871,潘德运,2017-01-17 02:33:25,3,7,4,好老师……特别好玩，对学生很好～给分不错！！！
44835,1871,潘德运,2017-01-18 10:56:09,-3,1,4,棒棒哒 还想再选
50889,1871,潘德运,2017-09-02 13:53:31,9,28,19,贪了多少钱你自己说
51995,1871,潘德运,2017-06-14 05:10:44,-2,0,2,感觉老师很可爱 人也很好 总是笑着的也不会很严厉 上课也很棒
59487,1871,潘德运,2017-09-22 01:52:09,-5,1,6,为什么是代课老师 很凶的啊
65576,1871,潘德运,2018-01-06 12:44:16,3,4,1,老师胖胖的 上课幽默风格 上课负责 课中有比赛时间 棒棒哒打call！
65577,1871,潘德运,2018-01-06 12:47:29,4,5,1,幽默风趣，给分给力，打call
69319,1871,潘德运,2018-01-24 12:53:58,2,8,6,代课老师有点凶，课前准备活动量比较大，主要靠自己学，建议有基础的来上。
69402,1871,潘德运,2018-01-25 09:45:23,3,8,5,老师是浙大男篮校队的教练，水平够高……\n\n老师经常让我们观看浙大校队比赛，老师带队时真的淡定，校队战绩不错……\n\n个人初级班，给分还不错……\n\n老师人品不错，允许测试补考，取最好成绩，技术动作完成得不太好时，老师鼓励居多，很负责任了……\n\n这学期代课不少，据说是老师身体出了一些问题，但后半学期老师还是坚持给我们上完课了。\n\n老师其实比较好交往，人品还不错...
69417,1871,潘德运,2018-01-24 15:31:48,2,3,1,老师人挺好的，会给机会补考，然后上课也不错的，可惜就是他比较忙，经常找老师代课。初级班真的适合养老
79720,1871,潘德运,2018-06-13 04:24:05,1,4,3,挺随和的
82934,1871,潘德运,2018-07-09 10:24:14,2,4,2,快点出分呀～～～～～
84924,1871,潘德运,2018-07-14 11:34:43,-4,2,6,蓝天宇老师代课 考完试了还得要求去上课 不上课扣平时分 去了又让人直接回去 觉得很无语
86037,1871,潘德运,2018-08-28 11:39:14,1,3,2,老师挺好的，鼓励同学，给多次尝试机会，最后给分也不错（虽然本菜鸡连初级班都没有满。。。）
86806,1871,潘德运,2018-09-19 01:48:28,2,5,3,不要骂人了好不好?
100185,1871,潘德运,2019-01-25 16:54:16,0,3,3,不了解潘德运老师，因为是代课老师蓝天宇上的。理论95+，打卡全满，一项体育测试满分。剩下的一项体育测试和12分钟能把我拉下4？
100501,1871,潘德运,2019-01-26 08:12:26,8,12,4,我当初选的是他的篮球课，可是最后变成了蓝老师来代课，体育辅导课也选的是他的，结果他也没来过几次，旷课率有点高啊
100640,1871,潘德运,2019-01-26 13:04:13,2,4,2,代课老师蓝天宇 强力绩杀 学期均绩被他拉低0.1还要多。exm？？？
108453,1871,潘德运,2019-05-24 13:45:29,2,8,6,战术混乱，临场迷之调整，何昊天打那么好就打个20分钟，第二节基本全是板凳，伊茂凯这么准根本没有任何战术地位，非要上刘松宁孙庚各种强投，迷之五上五下，每次要起势了就把打的好的换下去，俞杰刘松宁这种又没篮子又没防守突破的球员还能得到大量上场时间，真不知道怎么想的
112633,1871,潘德运,2019-07-04 23:11:24,0,0,0,没法做出什么评价，周四12节的，只出现了第一次课，之后全部是蓝天宇老师上。蓝老师人还行，经常让我们自己玩，对于中级班挺不错的，给分也挺好的。
114212,1871,潘德运,2019-07-09 04:40:26,0,1,1,潘德运老师不知道，课都是蓝天宇老师上的，蓝老师虽然和其他老师相比对男生严了点，但人还是很好的，像我这样体测刚好及格的人都能得4.5，给个好评。
121305,1871,潘德运,2019-12-23 06:25:33,0,1,1,好老師 大推
121739,1871,潘德运,2020-01-21 10:11:41,3,4,1,垃圾
124737,1871,潘德运,2020-07-07 10:33:53,1,1,0,反正疫情期间，分就是那个分，我也不好说 好还是不好。
124900,1871,潘德运,2020-07-16 08:16:49,10,13,3,大学选了他的两次篮球初级，疫情里的这次就是水水过，一堆满绩。现场上课的话还行，有时候会让另一个老师来代课
198019,1871,潘德运,2024-08-24 11:48:52,3,4,1,体素累
201233,1871,潘德运,2024-10-30 13:32:24,0,0,0,有点累
202631,1871,潘德运,2024-11-13 13:13:20,23,23,0,早八课程的12分钟跑，早上六点半在钉钉群内发通知，之前出来没有提过。但凡提前一天和同学们说呢？昏昏沉沉醒来看到这个消息真的很崩溃。然后人来都没来还是别的老师帮忙代课的。\n\n在这节课的上一节课，也是别的老师帮忙代的。那个老师看到我们班的篮球水平都惊呆了，学期上了一半多，居然还有一部分人不会跑篮（三步上篮）和跳投。我是零基础进的这个班，当时潘老师确实没怎么教三步上篮和跳投，就默认我们是有基础的了，然后也不会仔细纠同学的动作，平时就让投投篮、练练抛球。那个老师来了之后从头教了一部分同学的跑篮和跳投，非常感谢她！然后我也意识到了我们老师是有多水。。。。。。\n\n总之就是觉得这个老师教学态度不是很端正，该通知的信息不通知，该教授的知识不教授，让人感到无语。
205669,1871,潘德运,2024-12-11 04:00:57,4,4,0,已读不回，体验很差，新人误选
213269,1871,潘德运,2025-01-16 14:24:37,0,0,0,只能说很多东西不会说清楚，教的也不会很卖力。如果是来学篮球的，那谨慎，这学期发生了啥下面一位同学已经说的听清楚了；但是有基础要来水那确实挺好水的，篮球班级的专项考核是很简单的，总体来看比较容易取得满级。
214758,1871,潘德运,2025-02-17 12:23:01,0,0,0,缓考班选了潘老师的，说了很多遍之前的平时分，还问好几次什么时候考，一次没回过，去线下问还说你急什么考的时候再来。考完了满分但最后成绩没给我算之前的平时分！！！拖了几个月
215687,1871,潘德运,2025-03-04 04:46:43,0,0,0,体素课超级累别选
216187,1871,潘德运,2025-03-12 02:32:15,1,1,0,不靠谱
217567,1871,潘德运,2025-04-13 11:19:40,1,1,0,从来不通知，群里消息钉钉一个不管，看都不看一眼，逆天老师
219281,1871,潘德运,2025-05-24 06:19:04,2,2,0,运动素质课，办事能力差的一批，学生遇到技术问题只会感慨一句“应该是可以的吧？”“怎么会呢？”，要是真可以我还问你这个老师干吗？？？根本不想着怎么去解决问题。顺便提一句，要是浙大遇到问题直接给体育部打电话，别去找这b老师，只会浪费时间。
3803,1897,姚鸿芬,2015-06-17 04:50:40,0,0,0,老师真的很赞，和蔼可亲有耐心，今年就退休咯哎
553,1932,蔡琪,2015-03-15 04:51:22,19,32,13,这道布得我也醉了
660,1932,蔡琪,2015-03-15 10:57:14,-4,17,21,很有思想的一个信基督教的老师咩\n\n
677,1932,蔡琪,2018-07-17 01:35:08,28,60,32,合唱课根本学不到东西，胡言乱语，讲所谓宗教普适知识，实则干瘪无趣，浪费时间
941,1932,蔡琪,2015-03-19 10:46:28,7,19,12,反正上课不理她
1051,1932,蔡琪,2015-03-21 15:03:35,18,26,8,奇葩，上过这个老师的音乐素质培养的都知道！
2580,1932,蔡琪,2015-05-04 14:57:57,6,17,11,布道这个东西见仁见智。但是课堂气氛是很融洽的。大家唱得很随心很自由。可以是开心的课。看性格吧。
3520,1932,蔡琪,2015-06-17 01:26:53,0,8,8,还可以，课上有些没有重点
5502,1932,蔡琪,2015-07-08 03:32:11,7,18,11,信教无能为力，但老师人是真好，信仰让她变得蛮善良
9149,1932,蔡琪,2015-10-14 11:38:18,13,19,6,虽然很善良，但是上课不讲课，没重点，浪费时间
10890,1932,蔡琪,2015-11-23 08:17:00,-4,3,7,抛开信仰，课上能有音乐的熏陶就够了\n\n
10931,1932,蔡琪,2015-11-23 10:53:36,2,11,9,老师是一个很善良的人
11060,1932,蔡琪,2015-11-24 04:31:40,8,13,5,布道，也是醉了
11125,1932,蔡琪,2015-11-24 11:02:05,20,33,13,这位老师让我深深看到了浙大的教师队伍里也有如此无知和偏激的人。
14240,1932,蔡琪,2016-01-05 14:45:02,8,12,4,信仰不同  人还不错
15004,1932,蔡琪,2016-01-11 13:11:51,11,18,7,“你们这些小偷！”
15005,1932,蔡琪,2016-01-11 13:11:53,-1,5,6,上课胡言乱语
15119,1932,蔡琪,2016-01-12 06:47:49,-1,4,5,虽然老师人很好，但是课程考核方式很令人担心，而且平时签到没来的人就叫人都有代签。
17187,1932,蔡琪,2016-01-20 00:37:28,1,4,3,上课是真无聊，前车之鉴，点到真的很重要
17750,1932,蔡琪,2016-01-21 00:01:04,4,9,5,讲道理的话，学不到东西
18594,1932,蔡琪,2016-01-22 05:57:09,0,5,5,一个长学期就学了几首歌，分声部，上课就一直唱，点到很重要，期中期末都有音乐会，要是想加分就上去唱歌，这个倒是蛮有趣的。总是感觉老师说的话很不接地气。
21872,1932,蔡琪,2016-03-01 10:49:00,2,5,3,有点玄幻 音乐学的不多
21901,1932,蔡琪,2016-03-01 13:20:43,0,2,2,没有辜负这个分数
23038,1932,蔡琪,2016-03-16 10:50:35,24,26,2,你们都是我的小宝贝
23877,1932,蔡琪,2016-04-19 12:09:48,5,9,4,呵呵呵呵呵呵
25408,1932,蔡琪,2016-05-17 11:45:37,-1,3,4,不好\n\n
25939,1932,蔡琪,2016-06-14 12:57:58,9,19,10,什么都学不到，禁止她开课！顶上去！
26920,1932,蔡琪,2016-06-21 15:12:24,-4,13,17,我很理解那些不喜欢蔡老师的同学，毕竟老师有偏激的地方，也在试图给我们灌输基督教。不过老师这么做无可厚非，我们可以“择善而从之”，不好的不听。她唠叨也是因为她爱我们，把我们当成她的“宝贝”。她的目的并不是让我们通过这个课能够掌握多好的合唱技巧，而是想让我们认识合唱本身，认识到我们为什么要合唱，让我们懂得真、善、美是从何而来，让我们认识到我们灵魂的缺陷。当我们真正投入其中，像对待主修科目一样对待这门通识课时，我们会发现，原来这门课是如此有意义！
26931,1932,蔡琪,2016-06-21 16:23:25,8,25,17,蔡老师人很善良单纯博爱，只要你愿意合唱，谦虚学习，相信一定会有应得的好成绩。合唱技术在课上涉及较少，但是老师让声部长发在群里的一份教案word里面有详尽的声乐、合唱及指挥教学，想学技术的同学能学到很多干货;不论技术也罢，合唱本不是技术，是艺术。  很喜欢蔡老师，赞美的话不多说。   很多批评很客观，蔡老师也在改进，而更多的黑的人只是因为没有符合他个人好恶和利益，或是跟风，这就让人扼腕。
28324,1932,蔡琪,2016-06-28 08:33:22,-3,0,3,额(⊙o⊙)…自己体会
28989,1932,蔡琪,2016-06-29 05:23:21,0,4,4,传教的，不应该来给别人上课
31158,1932,蔡琪,2018-06-22 13:45:24,2,6,4,这老师……只能说上课是一种煎熬  根本学不到什么 本来想着坚持过去就好了 但每次课都到，论文也好好写了  居然给我1.5？看运气？祝选课同学好运
34472,1932,蔡琪,2016-11-08 11:19:23,4,7,3,择善而从之
34475,1932,蔡琪,2016-10-11 12:08:05,-2,5,7,老师很善良的，好好学的话课程绝对不水
34693,1932,蔡琪,2016-10-18 10:57:33,1,5,4,老师喜欢传教，有点偏激，自我中心主义很强。
35323,1932,蔡琪,2016-11-08 09:39:21,-1,3,4,有毒 慎选
37968,1932,蔡琪,2016-11-22 11:20:55,-1,6,7,非常专业，非常热情（我亲爱的宝贝们），整个人透露出一股优雅的气息，传授给学生的是真东西。
38476,1932,蔡琪,2016-12-06 11:20:56,-8,2,10,辣雞老師，不下課，阻擋我女友翹課
39003,1932,蔡琪,2016-12-20 11:49:04,1,2,1,如果你能站着上两个小时的课
40028,1932,蔡琪,2017-01-06 09:15:43,1,4,3,很棒呀
43667,1932,蔡琪,2017-01-16 17:05:59,2,3,1,服气。我除了有一节课请假被记下之外，基本没缺过课，结果绩点反倒比节节课找人代签从没上过课的人低。老师思想偏激是真的。喜欢唱歌可以选，以为可以混个高分的就算了吧。
43686,1932,蔡琪,2017-01-16 23:22:12,0,1,1,还行吧，课有点水，但是真的认认真真唱下来还是挺累的，老师挺复责的，但是学不到指挥的知识。
43778,1932,蔡琪,2017-01-17 02:58:26,1,1,0,还可以
48161,1932,蔡琪,2017-03-01 04:37:39,2,2,0,玄学。。有一半的时间在说她自己领悟出来的神奇理论-_-||
50935,1932,蔡琪,2017-05-09 11:38:28,1,2,1,垃圾课 以为自己说的都是真理
51189,1932,蔡琪,2017-05-23 11:08:17,6,6,0,拜托老师!!!请不要说朴槿惠的事情!韩国的新总统已经被选出了。我是想学合唱，不想听那个事情。我们已经知道她错在那里。不要提醒我们吧。
51487,1932,蔡琪,2017-06-06 10:58:09,0,1,1,敢讲真话！说了ply不是第一夫人竟然被t出群！我很angry！
51616,1932,蔡琪,2017-06-07 14:25:20,0,2,2,听听还是挺有趣的 课后也没什么事情 挺轻松的 老师人也不错
57516,1932,蔡琪,2017-07-09 07:04:56,12,13,1,我TM可是信佛的
57524,1932,蔡琪,2017-07-09 10:27:45,2,5,3,这老师根本智障，整天都在讲耶稣基督，又学不到什么知识，给分又少，傻逼一个，浪费时间。
57585,1932,蔡琪,2017-07-10 06:55:11,3,4,1,反感老师 她很歧视同性恋 上课就骂同性恋的
58789,1932,蔡琪,2017-09-17 14:34:50,2,2,0,她让一个男生介绍自己的省份，男生侃侃而谈，接着老师打断他问他的家庭情况，男生说自己的父亲是下岗工人，老师又问你觉得你父亲为什么会下岗，男生答因为当时厂里效益不好自己的父亲只是一个普通员工没有突出的本领，然后！老师就各种批评这个男生不尊重他父亲！这是音乐素质课，整个学期的课没有讲一点我们认为的与“音乐“有关的内容，每节课都在讲上帝
59881,1932,蔡琪,2017-09-28 03:56:14,0,0,0,.???
60283,1932,蔡琪,2017-10-16 13:02:20,0,1,1,一个没有素质的老师在一个名叫音乐素质教育的课上大谈素质，名曰上课，实则传教
60284,1932,蔡琪,2017-10-16 13:32:48,1,1,0,蓝瘦香菇
60860,1932,蔡琪,2017-10-31 12:21:47,0,1,1,无聊，真无聊，自以为是，音乐会是什么鬼，每组韩国同学表演节目，每个声部表演节目，什么玩意儿？
63854,1932,蔡琪,2017-12-17 17:45:03,1,1,0,老师加油，天气这么冷，要穿多多多多多多衣服啊！加油?*\(^_^)/*
74915,1932,蔡琪,2018-03-06 11:21:34,0,1,1,很有哲学深度的课。假如不抵触的话还是很值得一听的！
74935,1932,蔡琪,2018-03-06 14:33:54,2,2,0,对不起，听了三节课决定退课。尽管现在只有21学分了。这是我上大学两年以来上的最痛苦一门课，比微积分大雾听不懂还要痛苦。不是说我宗教信仰歧视，而是老师作为一个信仰宗教的人，自身就有对佛教和伊斯兰教的歧视。基督教教义里应该也有讲到众生平等吧，三节课上她大部分时间都在传教布道，神神叨叨的根本没学到什么和课程相关的内容。回去路上感觉自己整个人都被圣光笼罩着……
74936,1932,蔡琪,2018-03-06 14:48:16,2,2,0,对不起，我真的尽力了，大概是我们八字不合吧。没有必要将自己的观念强加于人，站在讲台上说的也不一定是真理。如果仅是单纯地进行课程教学还是可以学到许多，老师也挺不错，但老师对宗教的执着确实令我窒息。
85296,1932,蔡琪,2018-07-17 00:19:15,1,3,2,这是一个整人的平台，这是一个可以把想整老师的不想好好学习混学分的学生的恶毒话语集合在一起整老师的平台。
85306,1932,蔡琪,2018-07-17 02:29:12,-1,0,1,今天才看到你们这个平台。也才知道学生说的。我很惊讶！接下说了这么多望你们理解！
92753,1932,蔡琪,2019-01-04 07:14:08,0,0,0,emmmmm
577,1937,董育平,2015-03-15 05:54:07,42,48,6,老师人很好
1832,1937,董育平,2015-03-26 01:24:00,15,16,1,超好的老师给分很高
2508,1937,董育平,2015-05-04 13:19:28,22,24,2,老师经常带我们做游戏啊什么的 人很好给分很高而且上课气氛也很轻松
2815,1937,董育平,2015-05-08 03:22:46,7,9,2,超级有意思\n\n
4246,1937,董育平,2015-06-18 09:18:26,7,7,0,老师人特别好
4805,1937,董育平,2015-06-29 04:33:05,4,6,2,给分高的，人好，有趣
5612,1937,董育平,2015-07-08 16:03:41,4,4,0,超赞
6406,1937,董育平,2015-07-13 16:09:30,4,4,0,赞！
6695,1937,董育平,2015-07-19 04:44:18,1,2,1,老师人好。
6982,1937,董育平,2015-08-23 13:41:48,4,4,0,不错 很棒哈\n\n
9560,1937,董育平,2015-10-31 10:36:53,3,3,0,老师人好，笑呵呵的。
15008,1937,董育平,2016-01-11 13:13:24,4,4,0,好老师哦
16480,1937,董育平,2016-01-18 07:46:39,3,3,0,平时上课会玩游戏挺有意思的
16943,1937,董育平,2016-01-19 09:41:05,1,1,0,老师人很和蔼，专项的给分也很好
17971,1937,董育平,2016-01-21 05:00:17,2,6,4,十二分钟跑差的慎选 引体向上不行的慎选 毫不通融
18321,1937,董育平,2016-01-21 12:43:07,1,1,0,上课各种会玩
19361,1937,董育平,2016-01-24 02:58:04,1,4,3,上课会很有意思，专项考试差距不大\n\n关键十二分钟跑这些体质考试不太好的人慎选，别人可以加一堆分，你多加一个都不行。
27138,1937,董育平,2016-06-23 06:53:05,5,9,4,上课经常跑圈
28448,1937,董育平,2016-06-28 09:01:51,4,4,0,人特别和善，很有耐心。
29095,1937,董育平,2016-06-29 08:33:54,4,4,0,很轻松，体育测试也没那么严，个人觉得比陈小珍老师给分好一点。
29099,1937,董育平,2016-06-29 08:38:14,2,2,0,老师人超好，给分也特别棒！
29152,1937,董育平,2016-06-29 09:58:04,8,9,1,给分儿贼拉高啊
29157,1937,董育平,2016-06-29 10:05:39,9,9,0,老师人很好哦，一点不严厉，特别可爱，给分也超好，喜欢他(๑•̀ㅂ•́)و✧
29350,1937,董育平,2016-06-29 15:31:16,4,4,0,给分好到超乎想象，必须好评！
29402,1937,董育平,2016-06-29 16:34:31,2,2,0,好老师！！
29562,1937,董育平,2016-06-30 03:33:01,2,2,0,无线电测向要多跑跑，上课有趣，给分也很好。老师很有亲和力，有耐心。
29722,1937,董育平,2016-06-30 08:42:53,21,24,3,一直在笑的老师，特有亲和力，给分也挺好的。很多人说素质考核上比较严格，但我上了4次体育课没遇到过12分钟放水的老师啊，都一样的嘛。挺好的老师。
29788,1937,董育平,2016-06-30 10:12:12,1,1,0,老师人很好，给分也超级好！
30334,1937,董育平,2016-07-01 09:50:39,3,3,0,气氛活跃很轻松，很有趣，老师很好！
30377,1937,董育平,2016-07-01 12:33:45,2,2,0,无线电真的很好玩，希望老师早开中级班和高级班。
30416,1937,董育平,2016-07-01 13:48:36,3,3,0,很轻松的一门体育课，专项成绩都很高，主要看打卡和素质考试咯，同等情况下应该是比其他老师给分高的
30510,1937,董育平,2016-07-01 23:18:10,2,2,0,棒棒哒
30742,1937,董育平,2016-07-02 10:52:36,4,4,0,给分真的好
32219,1937,董育平,2016-07-06 03:32:35,5,5,0,绝对的好老师啊，和蔼可亲没架子给分也好
32524,1937,董育平,2016-07-07 11:08:28,1,2,1,老师很和蔼可亲，棒
34081,1937,董育平,2016-09-26 13:20:51,3,3,0,好老师o(^o^)o
39578,1937,董育平,2016-12-25 13:05:09,1,1,0,。。。
40563,1937,董育平,2017-01-04 05:38:21,1,1,0,就算不谈成绩，老师人也真的是很好，很亲切。
40883,1937,董育平,2017-01-06 05:09:19,1,3,2,想测一辈子无线电hhhh……男生引体向上一个都做不了的话慎选
41930,1937,董育平,2017-01-13 08:43:35,-4,3,7,给分贼高，这学期第一门满绩，5.0，好轻松就搞定了。
41968,1937,董育平,2017-01-13 10:33:00,3,4,1,必须十分啊，都让我绩点4.8了
41970,1937,董育平,2017-01-13 10:35:32,-1,0,1,。。。
42046,1937,董育平,2017-01-13 13:00:47,1,1,0,很好说话的老师~
42122,1937,董育平,2017-01-13 15:25:46,2,3,1,虽然我绩点只有3分，但是是因为我自己太垃圾了，老师人超好，推荐推荐推荐！
42554,1937,董育平,2017-01-14 12:32:21,0,1,1,很亲切很好说话～给分也好。
42657,1937,董育平,2017-01-14 17:41:12,2,3,1,老师人超级好，12分钟跑会给你放点水，无线电测向也很有意思，一点都不凶，偶尔点名，给分也超好，绩点4.2我已经满足了，快选董育平老师的课！
43228,1937,董育平,2017-01-16 04:17:55,1,1,0,老师很和蔼\n\n好说话\n\n还会带着做游戏\n\n给分也好 课也有意思\n\n学期结束还会有分析\n\n贴心
43291,1937,董育平,2017-01-16 05:32:56,1,2,1,老师很和蔼可亲，一直笑眯眯的，并且给分可以的
45605,1937,董育平,2017-01-20 00:30:29,4,6,2,老师人很好 课的话其实只要你认真学非常有意思 但学不会就比较迷茫了\n\n我一个打卡30次 理论考没有带资料 实践考次次超时的人 最后3.6的绩点 感觉也是师生情呐 我差不多是全班最低均绩了
48109,1937,董育平,2017-02-28 13:43:34,1,1,0,老师人超好～给分很好哒～ 无线电测向很锻炼体质哟
52591,1937,董育平,2017-06-21 09:14:01,3,4,1,老师人很好，不过12分钟不会放水。无线电测向学期期末星期六星期天会有四次跑台，事多的话慎选。
53983,1937,董育平,2017-06-28 06:59:59,3,3,0,老师人真的超级好！给分好到棒！强推！！可惜下学期没选上。上课就是找台比较轻松的 实在找不到也可以问问同学。太棒啦！
53990,1937,董育平,2017-06-28 07:11:39,3,3,0,老师人超好！很和蔼！笑呵呵的 给分也很好
53991,1937,董育平,2017-06-28 07:11:45,2,2,0,课又有趣人又好，强推！！！
53998,1937,董育平,2017-06-28 07:32:37,3,3,0,好老师，说话很和顺，一个人撑起浙大无线电运动，很有意思的运动，大家快来选啊。
54001,1937,董育平,2017-06-28 07:43:43,1,1,0,老师超好 讲课超认真 干货满满
54003,1937,董育平,2017-06-28 07:51:44,2,2,0,董老师人和善，每节课都带我们做游戏，给分好，10分不解释！
54017,1937,董育平,2017-06-28 08:26:22,1,1,0,上课轻松又有趣，老师很和善，很负责～
54119,1937,董育平,2017-06-28 13:36:04,2,2,0,老师一直微笑啊 人超好 给分也好 素质类的测试不放水看自己水平了 专项四次中选两次高的基本成绩也都不错的 另外找台真的是全靠问 玩小游戏也蛮开心的
54210,1937,董育平,2017-06-28 16:39:21,0,1,1,老师让我避免了体育拿第四个85的魔咒，谢谢老师！！！只不过排球中级班主要是我们自己打，老师很少教，所以想学习排球技术的童鞋还是建议选其他老师吧
55315,1937,董育平,2017-07-01 08:53:41,9,9,0,老师人真的很和善很亲切，12min会稍微放点水让人把差的一点距离跑完。考核制度比较人性化，很为学生着想。但如果你是很追求公平的学生，不建议选择，实践考试的时候你会懂的。
57786,1937,董育平,2017-07-15 14:46:41,0,0,0,老师好，别的不说，人好，足以
59050,1937,董育平,2017-09-19 08:08:27,0,0,0,老师简直是小天使~~
65986,1937,董育平,2018-01-10 16:41:07,8,8,0,老师超级和蔼，人超级超级好，并且很专业。排球课理论知识比较多专项最后只考垫球分还是比较好拿的。关键是，老师真的超级超级和蔼啊！想一直上他的体育课！
67534,1937,董育平,2018-01-21 12:58:09,1,1,0,给分相当好，人也贼棒，和蔼可亲。
67569,1937,董育平,2018-01-21 14:20:43,2,2,0,老师上课很有意思的，明明表现不好竟然还这个分。。。真诚推荐！
67629,1937,董育平,2018-01-22 02:47:38,-3,2,5,老师很和善，就是对小白不太友好，课程关系
67785,1937,董育平,2018-01-22 07:13:27,2,2,0,老师太好了qwqqqq无线电测向也很有趣\n\n体育渣能上4真的开心
68032,1937,董育平,2018-01-22 13:37:21,2,2,0,老师特别好特别好！人好给分也暖！我这种体育渣都能上4……对我们特别好，上课也有意思
68267,1937,董育平,2018-01-23 02:06:53,3,3,0,微笑小天使
69233,1937,董育平,2018-01-24 10:36:56,2,2,0,我体育这么垃圾的人…都能有4.2，老师真的对我很棒了…无线电测向挺好玩的欢迎大家来报名
71210,1937,董育平,2018-01-28 06:49:03,1,1,0,老师上课一直笑嘻嘻的超级和善\n\n最后给我满了爱老师
75166,1937,董育平,2018-03-08 00:03:36,2,2,0,轻松，有趣
75997,1937,董育平,2018-03-23 10:59:01,4,5,1,你能想到的一个老师的所有好都在这里
79925,1937,董育平,2018-06-15 09:24:15,2,2,0,老师人很好。
81496,1937,董育平,2018-07-05 08:17:05,1,1,0,喜欢老师呜呜呜
81508,1937,董育平,2018-07-05 08:51:30,1,2,1,老师教学很好，测向好玩，专项分高，然而不给调分。所以主要还得看理论考和12分钟、50米之类的。这些拉分多。我91，4.5，专项满，然而体测烂...
81528,1937,董育平,2018-07-05 09:33:51,3,3,0,这老师也太好了，十二分钟跑五圈半，听台也就是跟着人瞎跑。最后老师给了3.9，强烈推荐
81548,1937,董育平,2018-07-05 10:49:51,2,2,0,老师很可爱啊，我上的排球课初级班，考试很容易的，而且他每节课还会带着大家一起做游戏嘻嘻嘻嘻
81759,1937,董育平,2018-07-06 06:00:39,6,6,0,无线电测向太有趣了呜呜呜
81760,1937,董育平,2018-07-06 06:00:39,9,9,0,老师人很好，给分也很好。实践课要看运气，看你抽到哪几个点，反正我们实践课四次考试三次八号台没电了，大家注意一下！！！如果连听都听不到的话很可能是台坏了，直接跑回去说台坏了不要找了，这个台会算你找过了的。
82705,1937,董育平,2018-07-09 03:48:45,-14,4,18,一节课没到 4.5稳的一匹
87775,1937,董育平,2018-10-12 08:03:11,2,2,0,老师很温柔，很和蔼。我超爱的
91962,1937,董育平,2018-12-25 06:23:29,0,2,2,舒服，无线电课挺有趣的啦
93378,1937,董育平,2019-01-09 08:11:21,0,0,0,好老师，温柔善良
98738,1937,董育平,2019-01-24 00:52:20,3,4,1,老师很有趣啦，会带我们玩游戏，然后又一点中年人共有的絮絮叨叨，但是习惯了也蛮可爱的，迟到了不会做记录，到了之后说一下，会给你签到的，脾气很好老是笑眯眯的，菜鸡也只能在体育上满一满了，笔芯～
98778,1937,董育平,2019-01-24 02:25:33,4,4,0,老师很和蔼，无线电测向很好玩，给分也很好，还不快选！
99887,1937,董育平,2019-01-25 09:07:40,1,1,0,老师人超好，无线电测向超好玩的
100741,1937,董育平,2019-01-26 16:21:39,3,3,0,强烈推荐无线电测向，很好玩，不累。老师很可爱，而且，从不点名只在手机上签到，你懂的。给分很好。
102802,1937,董育平,2019-02-23 08:09:48,1,1,0,老师很nice
104173,1937,董育平,2019-03-13 11:02:08,1,1,0,笑嘻嘻的老师，很可爱哒(๑• . •๑)
109518,1937,董育平,2019-07-12 15:17:11,16,21,5,第一，无线电测向是真的好，去哪找这种有好玩，又不难，又分高的体育课。\n\n第二，董老师真的是太可爱了，纯GPS签到，关心学生，连谢谢老师都会回复的? ，就一个词：喜庆。
111744,1937,董育平,2019-07-02 17:33:38,2,3,1,半夜补天发现出分了，喜提满绩哈哈哈，老师超级温和，虽然我不喜欢无线电这项运动但是还是给老师10分。感觉周末还要出去考实践太耽误时间了，而且这门课考核方式其实挺不公平的555但是收获了满绩和可爱的姐妹也是美好的回忆。
111828,1937,董育平,2019-07-03 00:31:03,3,3,0,早上醒来看到满绩我是吃惊的，无线电测向还是有趣味性的，不过老师的训练方式真的有点累人，而且四次实践会占用一些时间，不过谢谢老师，老师超级可爱!
112097,1937,董育平,2019-07-03 13:32:41,1,1,0,老师人好，给分也超好。需要注意老师请假要求比较规范，记得要开假条，只在群里说是没用的。
113403,1937,董育平,2019-07-06 17:01:54,1,2,1,董老师人超级可爱，无线电测向也非常有趣，今年有幸选了高级班，还能焊接测向机，体验真的非常棒！
114471,1937,董育平,2019-07-10 04:53:09,4,6,2,老师超级可爱，傻乎乎的，像个大孩子，给分也不能再好了。无线电玩着很有趣，虽然运动量不及定向越野，但找电台的趣味性绝对赛高。墙裂推荐！
116336,1937,董育平,2019-09-08 14:07:23,3,3,0,人超级好，很可爱，给分高，他的体育课我盲选
120769,1937,董育平,2020-01-16 21:53:43,0,0,0,感觉还行吧…比较和蔼可亲，给分也比较公正合理，上课也不累，无线电本身也挺有趣的
121799,1937,董育平,2020-01-22 02:52:57,2,3,1,真的没想到我最后一次就找到了两个台还有这么高的分😭
121890,1937,董育平,2020-01-23 05:56:48,13,19,6,给分99，这叫“卡满”？
129064,1937,董育平,2020-12-29 09:52:30,3,11,8,身体素质课，下雨天，8～10级风，就他一个上外堂，还让我们打卡。操场上课没有别人，只有苦逼的我们冒着鞋里进雨手脚冰凉的痛处在苦逼地打卡，第二天要是不感冒简直是老天保佑。我相信没人想体验一下这份酸爽，快逃！
129099,1937,董育平,2020-12-30 06:34:19,0,0,0,巨赞！
131616,1937,董育平,2021-01-28 07:19:54,5,5,0,身体素质课，老师很可爱！\n\n但是上课不水，可能会比较累。每节课签到，间隔一次课有签退
131728,1937,董育平,2021-01-28 15:12:35,1,1,0,无线电测向，考试是四次实地找台考试，两次要去别的校区，比找台数目和时间，取两次最好的成绩，另外进行一次听台考试。\n\n人好，很可爱，给分高
138621,1937,董育平,2021-07-10 04:13:36,4,4,0,给分很好！虽然对于没有体育细胞的我来说考试到处找台并不简单，但是还是很有意思的！无线电测向，行！
139499,1937,董育平,2021-07-16 14:44:20,1,5,4,很好的体育老师，平时上课总是笑眯眯的。要求比较严格，能够督促我们锻炼，体测也会告诉我们尽早去测完。四次实践课，第一次几乎是最后一个回来的，第三次摔了手，就没参加第四次，就这样总评成绩还有4.8，满足了。
140638,1937,董育平,2021-09-14 14:39:23,2,2,0,老师很好很有趣 上课很nice
141798,1937,董育平,2021-10-26 09:32:27,9,9,0,三节线代课加一节微积分习题课之后的课，老师总是在笑，一看到这样我也乐了，虽然做的动作有点古怪但是非常开心啊
144580,1937,董育平,2021-12-22 11:15:26,0,3,3,超可爱、超和蔼的老师！永远面带笑容！找台巨拉，十二分钟和仰卧起坐成绩很烂，竟然还有4.5！
145468,1937,董育平,2021-12-30 01:25:23,-11,6,17,为什么我其他体育课没有低于4.5的，这个老师给了我3.3？？？
147743,1937,董育平,2022-01-10 15:32:50,1,3,2,呵呵，我真的谢。。。
154271,1937,董育平,2022-05-27 15:09:11,-21,3,24,恕我直言，我觉得他只是用笑来掩饰本质上的摆烂和不负责任
155176,1937,董育平,2022-06-09 05:31:48,1,6,5,低定上的无线电测向初级班，本来是文科生一直很害怕会不会背理科or体育大佬吊打，没想到真的挺简单的基本就是听着哪边声音大往哪走就行了，听台考试也不难。本人是个体育废柴，体测只能拿70的那种，最后期末考的时候特别认真跑了然后30分钟跑完所以专项40分拉满，还是觉得老师挺好的，拿了人生中第一个满绩，而且12分钟也没那么严基本最后差100米也是会帮你算的。
157112,1937,董育平,2022-06-22 02:58:31,2,2,0,老师好好呀，脾气也好，也会给出建设性意见，专项给分也很好
158265,1937,董育平,2022-06-28 02:22:46,4,4,0,身体素质课运动量挺大的，想摆就别选了
160123,1937,董育平,2022-09-13 12:37:14,4,4,0,身体素质课不太适合身体素质不好的同学。老师人很和蔼，是我太菜了。
161536,1937,董育平,2022-11-08 09:57:56,10,10,0,很有亲和力的老师，但是上课签到签退诡计多端，完全没办法拿捏。想水课的同学千万不要选！我已经泪目了。
164454,1937,董育平,2022-12-21 05:05:29,2,3,1,董老师很和蔼！连着上了他的无线电初级班和中级班，很有意思。就是初级班前半节课的体质锻炼超级折磨人，体质差的慎选。最后给分很棒！跑遍紫金港每一个草丛找电台，真的蛮有意思的。还有就是，课上测50米，老师会放水。上中级班的时候，老师还记得我，说我又来选他的课了哈哈哈哈。
165322,1937,董育平,2022-12-31 16:17:46,3,3,0,虽然老师总是在自由训练的时候来“视察指导”我们，感觉有点不自在。但是，十分感谢老师的分组，dddd，董老师nb！
186757,1937,董育平,2024-01-13 03:00:32,1,1,0,性格特别好！
186768,1937,董育平,2024-01-13 03:59:11,1,1,0,排球初级班，4.5，专项给了92\n\n性格和人品打10分，会认真纠正动作，一直笑眯眯的和你讲话，人挺和蔼的\n\n教学水平大概8分吧，没特别亮眼的地方但是也不差，中高级班没上过，应该那个能看出来水平\n\n总体打个9
186927,1937,董育平,2024-01-13 15:07:51,1,1,0,老师这也太好了啊啊啊，上课也超级好玩的，老师超级和蔼（就是课前热身太久了导致自由打球的时间有点少……\n\n顺便夸夸队友，一直带着我鼓励我这个一传接飞二传不到的“糙大汉”打球，大家都好厉害真的好喜欢咱们组的氛围！！（但是专项考试对面组了个野球队跟我们打又是怎么回事啊XD）\n\n再次感恩+安利，冲冲冲！
187283,1937,董育平,2024-01-15 11:41:10,3,3,0,老师人很好，点名没到也能改过来，我身体素质课加专项课迟到了六七次都给我改过来了。给分很不错，专项成绩拉满。
188617,1937,董育平,2024-01-19 12:11:19,3,3,0,感谢董老师，让我收获了大学第一门满绩（体育废柴做梦也想不到体育课能满绩
189354,1937,董育平,2024-01-23 11:09:03,0,0,0,老师人很好，体素课训练强度也有一点，想真正有点训练量的推荐
195823,1937,董育平,2024-06-30 05:39:54,0,2,2,排球初级班，老师人确实不错。但是我考试前需要请假一次，在钉钉上问了老师那节课有什么安排，说明自己要请假，临近请假那一周又和老师说了一次，结果还是被记了缺勤（后来现场找老师改了）。\n\n大三前五门体育课三门满绩，两门4.5，这门课自己觉得挺认真的，经常把手臂打紫，考试前练习还把手臂打肿了，结果3.9……只能说可能有的人不适合排球这项运动吧……
200125,1937,董育平,2024-10-13 11:58:36,0,0,0,体素课强度比较大，不太适合身体素质较差的大一新生，不好评价
202274,1937,董育平,2024-11-11 06:46:56,1,1,0,满分，无需多言
209410,1937,董育平,2025-01-06 02:26:19,2,2,0,无线电测向无脑冲，很有意思的一门课，运动量不算太大，老师很好很和蔼，真的很捞，引体向上没及格总评也捞到满绩了（其他项目都很认真地完成了，引体向上实在是不行）
213785,1937,董育平,2025-01-20 01:24:15,0,1,1,满分，无需多言\n\n就是害怕以后选不到董老师的课了
215275,1937,董育平,2025-02-25 03:14:44,0,0,0,我学的是排球吗 第二节课就搞得和体素课一样累吐了啊
217125,1937,董育平,2025-04-02 06:08:25,1,1,0,无线电测向绝对是神课！
219176,1937,董育平,2025-05-22 17:26:53,0,0,0,很亲切
1961,1939,江晓宇,2015-03-27 02:34:05,15,18,3,人很好的一个老师，默默给赞
3973,1939,江晓宇,2015-06-17 11:32:51,2,3,1,好
4193,1939,江晓宇,2015-06-18 04:12:39,0,1,1,挺有意思的老师，给分也不错
6203,1939,江晓宇,2015-07-12 03:29:36,-3,2,5,老师颜值好高！
12785,1939,江晓宇,2015-12-24 04:21:38,6,7,1,老师人很好 我打的很烂 他还是很有耐心
12836,1939,江晓宇,2015-12-24 06:13:51,0,1,1,不错啦
13747,1939,江晓宇,2015-12-30 14:08:55,0,0,0,很好的老师
16918,1939,江晓宇,2016-01-19 09:05:56,0,1,1,人很好
16935,1939,江晓宇,2016-01-19 09:32:05,4,4,0,江老师人很好，对不会的人也很照顾，比如我。给分很好，最后绩点过了4，自己挺满意的。
17010,1939,江晓宇,2016-01-19 12:32:06,0,1,1,老师人很好，我也很努力练了，期末考的挺好，但是给分却好难过，应该还是我自己的问题吧～呜呜
17392,1939,江晓宇,2016-01-20 07:21:55,2,3,1,老师人超好，有耐心，而且我打得这么烂，最后给分也上了4，真的很感激！
17445,1939,江晓宇,2016-01-20 08:24:38,0,1,1,人很好，有一次我腿拉伤了直接叫我回去休息，让我签了名再走
17536,1939,江晓宇,2016-01-20 11:01:23,0,2,2,老师人超好！
17729,1939,江晓宇,2016-01-20 20:05:44,0,1,1,老师很和蔼！给分也不错
26068,1939,江晓宇,2016-06-15 10:28:15,-6,2,8,自以为是的很。女生不怎么管。\n\n
27340,1939,江晓宇,2016-06-25 02:57:23,0,0,0,喜欢！
28105,1939,江晓宇,2016-06-28 08:06:55,0,1,1,老师好好。今年跑步也没跑7圈最后还有4.5。谢谢老师。很注重动作
28253,1939,江晓宇,2016-06-28 08:21:44,0,0,0,啊啊啊啊啊啊啊刚出了成绩！！出乎意料！！我以为我上不了4了但是老师给分好好啊啊啊啊啊啊！！上课也蛮有耐心的！！强势表白一波啊啊啊啊啊啊\n\n好开心！\n\n炸裂
28618,1939,江晓宇,2016-06-28 11:05:04,0,0,0,老师上课会示范还会给个人指导，很棒！
28755,1939,江晓宇,2016-06-28 13:59:58,0,0,0,很耐心的老师 我没打卡所以分不高 好好打卡应该能上90的
28915,1939,江晓宇,2016-06-29 03:23:33,2,2,0,人很好，上课的时候讲解很清楚，指导打的稍差的同学的时候非常有耐心。给分也好。好老师！
29079,1939,江晓宇,2016-06-29 08:12:01,0,0,0,老师上课耐心细致。
35942,1939,江晓宇,2016-11-10 09:00:01,1,1,0,教的很好\n\n
36217,1939,江晓宇,2016-11-11 06:13:03,2,2,0,老师很和蔼有耐心
41635,1939,江晓宇,2017-01-12 09:28:23,4,4,0,老师很不错，和蔼包容。希望老师身体好起来，最后几节课没见到您不太开心呢。
41848,1939,江晓宇,2017-01-13 04:30:49,1,1,0,师上课很认真，还会陪着练球
49166,1939,江晓宇,2017-03-28 07:28:33,13,13,0,老师人很好，后来生病了不带我们了。听说是淋巴瘤，挺严重的，祝老师身体早日康复！
51619,1939,江晓宇,2017-06-07 14:39:36,9,9,0,听说老师在几周前因为淋巴瘤过世了，我虽然与不曾上过您的乒乓球课，但是我猜想您一定是一位好老师吧。选课系统里面已然没有了您的名字，但是我想上过您的课的同学会永远记得您的。老师一路走好。
54079,1939,江晓宇,2017-06-28 11:52:30,4,4,0,老师一路走好。。。。
60216,1939,江晓宇,2017-10-13 12:42:50,3,3,0,记得当时您突然请假说感冒了，我说老师好好休息，祝早日康复，您回复说谢谢。。今天才听到这个消息 真的好难受 老师一路走好
4878,1953,许慧,2015-06-30 06:37:37,26,56,30,老师超级好，很少生气，体测也不严厉，有时会教跑位，收获很大的。
7472,1953,许慧,2015-09-14 14:31:27,3,11,8,好
8481,1953,许慧,2015-09-21 23:54:36,1,8,7,很亲切\n\n
9358,1953,许慧,2015-10-23 10:26:39,1,9,8,很可爱的老师
9648,1953,许慧,2015-11-03 15:51:26,-2,4,6,会教很多实用的技巧，而且态度也好
9949,1953,许慧,2015-11-13 06:49:32,0,8,8,非常好的老师，上完中级班宁可去上初级班也不愿意换老师
13649,1953,许慧,2015-12-30 08:31:05,-2,4,6,听许老师的课会感受到母爱！大赞！
16155,1953,许慧,2016-01-17 10:39:56,2,8,6,老师上课很认真，给分还是蛮严的\n\n
16206,1953,许慧,2016-01-17 13:20:33,-5,3,8,挺好的，给分不错
16361,1953,许慧,2016-01-18 03:50:01,-3,4,7,真的很不错
17202,1953,许慧,2016-01-20 01:02:27,2,3,1,。。。
18637,1953,许慧,2016-01-22 07:30:25,-2,4,6,很好，老师很亲切。一切看自己。
18953,1953,许慧,2016-01-23 00:27:22,-2,2,4,不错
22446,1953,许慧,2016-03-06 05:49:39,-3,2,5,老师很好，教的很耐心，给分也可以
28137,1953,许慧,2016-06-28 08:09:15,-5,1,6,希望有更多的自由活动时间 不过老师人很好
28528,1953,许慧,2016-06-28 09:54:33,-3,1,4,很nice
28841,1953,许慧,2016-06-28 20:48:00,-2,1,3,很耐心仔细，可以看出我进步了
29868,1953,许慧,2016-06-30 12:16:31,0,3,3,许慧老师真的很不错，很耐心，可以学到很多东西
30779,1953,许慧,2016-07-02 12:56:40,-2,2,4,一个字，棒～
31986,1953,许慧,2016-07-05 10:26:00,0,8,8,对于我这个体育渣渣都能上4，老师很好，对于动作要求也挺细的。
32560,1953,许慧,2016-07-07 23:54:46,-4,1,5,一个字，好
33343,1953,许慧,2016-09-18 13:49:22,-4,4,8,想当年，上了许慧老师的初级班，又上她的中级班，可惜篮球高级班变成男老师教了～
34695,1953,许慧,2016-10-18 11:37:20,2,3,1,
38630,1953,许慧,2016-12-13 01:33:51,11,21,10,表面上很亲切，但你单独找她时很不耐烦的感觉
38932,1953,许慧,2017-01-13 08:21:37,11,31,20,上的初级班，感觉没有学到东西。老师考试巨严厉。请假很麻烦，不通情达理，期末因为身体原因错过了考试机会，最后只能补考及格，很想不通。我也不知道其他人为什么那么多正面评价，但是我真的认真地告诉那些还没选她的课的同学：选课需谨慎。
38958,1953,许慧,2016-12-20 03:53:49,15,25,10,考试巨严，一板一眼很挑剔
39243,1953,许慧,2016-12-21 23:33:20,4,8,4,太墨迹\n\n
40840,1953,许慧,2017-01-06 02:17:04,-4,0,4,人挺好的，教学也很不错
41977,1953,许慧,2017-01-13 10:43:50,-2,1,3,很好啊\n\n
42147,1953,许慧,2017-01-13 16:00:16,3,7,4,超严，就差一分及格了都不给
43562,1953,许慧,2017-01-16 14:17:59,-3,0,3,老师很好，很和蔼
47542,1953,许慧,2017-01-30 08:39:57,2,3,1,考试严
49406,1953,许慧,2017-04-10 13:08:06,11,21,10,不关心女生。上课看着亲切，私下里很冷漠，感觉很不耐烦。
51931,1953,许慧,2017-06-13 15:34:57,-2,2,4,老师很耐心，很棒
53018,1953,许慧,2017-06-24 16:45:26,5,7,2,一板一眼
54160,1953,许慧,2017-06-28 14:50:32,-5,4,9,老师人特别好，教学生很耐心，尤其是女生们不用担心零基础，一样可以好成绩
54227,1953,许慧,2017-06-28 22:20:02,-3,4,7,很温柔，可能很少有人注意到但是挺关心每个学生的
63342,1953,许慧,2018-01-29 14:43:00,-18,13,31,傻逼娘们似的，自诩为很牛逼，其实是个傻逼，丝毫没有教师的道德，建议取消教师资格。
66418,1953,许慧,2018-06-12 12:10:00,3,12,9,真的不知道这个分怎么会这么高的，全班没有一个上85的，你这样没有人情的打分你心里不会痛吗，想要绩点的别来，想学东西的也别来
69136,1953,许慧,2018-01-24 08:52:26,4,10,6,平常时候表面上还是很慈祥的 但是非常不耐烦 一有点小错误就会急 给分也很差 其他好体育老师至少班里都有几个满分的 我们班一个满绩的都没有 4.8的人也很少 考试太严给分差 初级班学不到什么东西 自己参考吧
69168,1953,许慧,2018-01-24 09:25:42,3,6,3,除非篮球打的很好不然不建议选，考试很严，完全不调分
71579,1953,许慧,2018-01-28 15:40:22,4,6,2,给分很严格，很严格，完全不调分，这个其实也可以接受啦，不过老师有些冷漠，表面上很亲切，但是有事情会很不耐烦。
75160,1953,许慧,2018-03-07 15:24:46,10,13,3,表面亲切………
76240,1953,许慧,2018-03-30 02:07:43,11,15,4,表面亲切 内心冷漠 辣鸡
77574,1953,许慧,2018-05-06 14:45:31,3,5,2,表面师生…
79914,1953,许慧,2018-06-15 06:13:57,70,83,13,老实说，许老师是真心在教学生的，也希望她的学生能取得好成绩。只不过学生有时总记不住她的话她可能会有点急，让你觉得她挺严厉，但是最后考试打分都是其他班的老师来打的，她上课时对你要求高是希望到时候其他班老师来给你打分时能给你一个好成绩。所以真的不是楼上那些评论所说的那样……而且可以学到真东西的，教学认真负责。我是女生选了许老师的中级班，真的挺受照顾的……可能只要说许老师好的评论都会被踩下去吧，但是我也只是想说点真心话罢了。
82540,1953,许慧,2018-07-08 12:24:22,-2,2,4,好老师不后悔\n\n
83268,1953,许慧,2018-07-10 03:50:34,3,7,4,严是真的…中级班，像我这样0基础的混的很不好，上课各种被鄙视，幸好最后分数还行。客观的说，她讲动作还是比较详细的，不过要求可能偏高了。
86680,1953,许慧,2018-09-18 02:40:20,2,2,0,太啰嗦了
87570,1953,许慧,2018-10-07 06:11:25,1,1,0,呃呃呃
91118,1953,许慧,2018-11-30 12:10:09,3,6,3,老师会在旁边看着，努力的学生她都会记住，并不冷漠啊… 教得很好，很仔细，还没考试先来评一波（可能给完分我就不会这么客观公正了haha
91539,1953,许慧,2018-12-13 01:50:20,6,12,6,表面笑嘻嘻 背后骂你mmp 没错我就是听见了 非常心寒 上课也学不到东西 求求各位不要选
91912,1953,许慧,2018-12-25 01:27:31,6,9,3,找她时表现出不耐烦，冷漠
91982,1953,许慧,2018-12-25 07:17:15,4,5,1,老师挺好的只不过对我们要求有点严而已，其实也是为我们好
92079,1953,许慧,2018-12-26 06:42:53,4,5,1,很耐心 ，很负责，很关心我们
92763,1953,许慧,2019-01-04 08:28:29,-2,0,2,
92984,1953,许慧,2019-01-06 14:28:08,-5,5,10,您自个儿想一想为啥这么多女篮球老师您分儿最低吧
93923,1953,许慧,2019-01-14 09:55:11,9,13,4,老师很好啊  为什么有人说她外表热情内心冷漠  强推女生选篮球  男生一般会主动让半场给女生  老师表面上对女生不关照  但是最后考试的时候  还是会给女生还有不及格的同学补测
93990,1953,许慧,2019-01-14 15:20:46,-2,5,7,满绩了 开心
99777,1953,许慧,2019-01-25 07:08:29,7,12,5,就说几点，大家自行评判。1.老师在上课时对动作纠正会很严格。2.在她的教学安排之外找她，她会非常冷淡不耐烦（特别是外班的人）。3.期末考有女同学考得不好，她会额外给补考机会。\n\n篮球考试一个1min投篮一个15s跑篮不难。初级班还是可以水水绩点的。
102639,1953,许慧,2019-02-16 12:46:46,2,4,2,老师挺好的
104831,1953,许慧,2019-03-28 12:05:01,-5,4,9,就是垃圾\n\n
105403,1953,许慧,2019-04-11 17:36:04,-3,3,6,很糟糕很自负的老师感觉
108366,1953,许慧,2019-05-22 04:33:10,8,12,4,老师确实挺严厉，但体育课成绩难道不是只跟自己的体育水平有关吗？如果绩点低还是多从自己身上找找原因吧。老师确实挺啰嗦，自己手机差签到出问题时还容易急躁，但这些都影响不到体育成绩吧。有这时间骂老师还不如自己多锻炼锻炼，省的打球时被骂打得像蔡徐坤
111047,1953,许慧,2019-06-29 10:22:49,1,4,3,老师很可爱很认真负责！老师有的时候只是讲话稍微直了一点，大家不要在评论区伤老师的心? 每个老师有每个老师的性格，老师真心为学生学到一点技术，锻炼好身体，每次老师点到的地方很快就学会，这样的老师还不好嘛？
111878,1953,许慧,2019-07-03 01:50:23,3,3,0,老师会好认真的鼓励人
116381,1953,许慧,2019-09-10 00:38:08,1,1,0,很开心
116382,1953,许慧,2019-09-10 00:38:08,1,2,1,很开心
119596,1953,许慧,2019-11-14 04:10:49,3,4,1,不太好
120507,1953,许慧,2020-01-11 23:56:50,0,2,2,好老师  分高 事少
124113,1953,许慧,2020-06-24 09:24:58,-1,2,3,给分还行的啊，老师有时候有点着急，但是换我我也急啊，班级同学怎么催都不交作业这谁能不急。
126830,1953,许慧,2020-10-22 09:22:54,-4,1,5,非得让你5分钟飞过来
128933,1953,许慧,2020-12-27 05:29:52,1,3,2,我是补选上的篮球课，初高中从来都没有打过篮球，开始上课还是很吃力的。但是老师人很好，认真负责（非常非常负责），在微信群里问问题都会耐心回复，在篮球课上收获很多，非常好的一位老师。
140825,1953,许慧,2021-09-16 12:53:45,0,0,0,许慧老师真的很耐心，自由活动的时候也会主动指导学生，对于基础比较差的女生也很负责，人很好，感觉没有像评价的一样外热内冷。强推选篮球！！
141286,1953,许慧,2021-09-28 11:57:17,2,2,0,。。。
145238,1953,许慧,2021-12-28 11:36:06,1,1,0,补选的身体素质课。老师人挺好的，除了不相信我唯一一次请假的原因真的是崴到了脚。啥叫百口难辩呐————不怪老师，怪台阶。
148888,1953,许慧,2022-01-14 01:36:12,2,2,0,我觉得篮球课的绩点还是得看自己，有基础，体能好的可以选这个，容易满绩
148975,1953,许慧,2022-01-14 05:34:24,1,1,0,老师不错。有篮球基础，体测不太行。91分。
151082,1953,许慧,2022-02-23 01:34:13,2,2,0,态度不行
151719,1953,许慧,2022-03-13 12:39:25,6,6,0,外热内冷
152626,1953,许慧,2022-04-16 10:36:04,4,4,0,有一说一，其实老师人很不错的。因为是老教师，所以练习动作的时候会有点严格，但是只要跟着老师认真学篮球，就算基础不好的也不用担心。平常有篮球上的疑惑都可以直接问老师，老师也是很愿意回答的
153619,1953,许慧,2022-05-06 06:41:59,2,4,2,老师很好
154601,1953,许慧,2022-06-02 11:19:44,2,3,1,老师蛮好的
159014,1953,许慧,2022-07-04 12:51:08,4,4,0,老师真的很好很慈祥，认真听话做一定会很棒的。\n\n但是一定要去点名，到课率还是比较求是的。
161123,1953,许慧,2022-10-27 15:48:26,1,1,0,楼上说的对。。。。。。
162379,1953,许慧,2022-11-21 08:26:24,0,1,1,很负责的老师
163213,1953,许慧,2022-12-10 03:08:24,1,1,0,人很好的，会点名。
163627,1953,许慧,2022-12-16 01:13:00,1,1,0,老师人蛮好的，认真学习就好啦。
163666,1953,许慧,2022-12-16 02:26:45,2,4,2,快跑！很不耐烦，动不动发火
169216,1953,许慧,2023-02-24 16:28:30,5,6,1,态度确实不太行，十二分钟跑被少数了一圈，和老师说，老师非常自信说不可能数错，但是就是数错了，然后一直跟我扯，让我不服下次补测，最后拉扯了半天终于答应给我加上去，虽然加了，但还是很不爽
170639,1953,许慧,2023-03-07 11:17:37,3,3,0,态度不好 不负责任 问她问题总不耐烦 隔一周才回消息
171447,1953,许慧,2023-03-24 11:55:53,-1,0,1,态度不好
172104,1953,许慧,2023-04-19 13:33:45,0,0,0,还行吧
172851,1953,许慧,2023-05-08 11:12:59,0,1,1,很不耐烦
173225,1953,许慧,2023-05-16 06:25:29,0,3,3,回消息是不可能的，发通知是不及时的，登记出错是不存在的，教学摆烂是肯定的，有耐心的不如换个老师吧
173760,1953,许慧,2023-06-02 10:27:33,4,4,0,许老师还是挺好的，但是有时候比较严厉，老教师的特色吧哈哈哈（没上过别的老师的篮球课，选不上别的篮球课的可以选许老师的课~
174187,1953,许慧,2023-06-07 07:06:28,1,1,0,我觉得老师就是有点严啊，其实说几句她也没真生气，我觉得还行。
174506,1953,许慧,2023-06-13 13:52:17,1,1,0,许老师年纪比较大，她的体素课不可以水，要求比较多，做的好会鼓励，整体感觉还算不错
177409,1953,许慧,2023-07-03 07:36:11,-2,0,2,体育比较菜的人是受不了这样的老师的，她确实不是很宽容，但自己分低不要怪老师。
178824,1953,许慧,2023-07-24 16:09:52,0,2,2,春夏周五早八篮球初级。老师可能年纪偏大，会比较严厉，但是人其实是不错的，我觉得对上课没有影响。当然老师在课上教不了什么东西，还是以自己练习和打比赛为主。有点奇怪的是，最后期末考核比较早，然后最后一节课是没有的。
184578,1953,许慧,2023-12-22 01:14:10,1,1,0,脾气一般，但是确实希望我们能拿高分的
187523,1953,许慧,2024-01-16 12:27:54,0,0,0,女生觉得老师其实挺温柔的，手把手教真的有学到东西
196606,1953,许慧,2024-07-04 08:22:10,1,1,0,唉...还是尽量优先选别的老师吧，体育老师里确实是算脾气不算好的
197448,1953,许慧,2024-07-15 09:13:07,1,1,0,体素课偶尔会突击签退所以不建议经常翘，老师人很和蔼运动强度也不会太大很照顾大家www
209733,1953,许慧,2025-01-07 01:53:42,1,1,0,老师平时很少生气，期末考试每个项目给了4次机会，最主要是我请了2次假加一次没签到最后只扣了我2分，成功捞到了满绩😍
210550,1953,许慧,2025-01-09 10:35:46,0,0,0,比较不耐烦，沟通有点困难。但是我都选篮球了那绩点肯定还是看自己的…
211306,1953,许慧,2025-01-11 07:21:05,0,0,0,老师很好，专项测试给很多次机会，尽可能让大家分数高了
218582,1953,许慧,2025-04-25 05:53:11,0,0,0,为什么一个篮球课能这么多事
219208,1953,许慧,2025-05-23 03:34:18,0,0,0,这个老师特别好 很负责 学的到东西
3935,1966,田忠,2015-06-17 10:25:50,16,31,15,自己打篮球打的很开心
4210,1966,田忠,2015-06-18 06:22:45,3,8,5,老师很好，内容比较丰富
7116,1966,田忠,2015-09-03 05:17:48,-5,2,7,给分很好啊 上课也很轻松 对于我这种体育渣来说差点满了也是很开心哒~推荐
9100,1966,田忠,2015-10-13 03:17:09,0,2,2,挺不错的
12632,1966,田忠,2015-12-23 16:18:18,4,8,4,人超好！每节课必点名！给分很不错～
16559,1966,田忠,2016-01-18 11:14:05,-1,9,10,体育理论考都快挂了最终绩点还是有4.5以上~开森
16580,1966,田忠,2016-01-18 12:23:24,-3,1,4,棒棒哒
25536,1966,田忠,2016-05-25 01:17:37,3,6,3,老师，真的好的不要不要的。
30387,1966,田忠,2016-07-01 13:00:04,-4,4,8,给分实在是太好了，不得不评一个十分。
32587,1966,田忠,2016-07-08 02:27:44,4,10,6,自嗨 人好 脾气也好 但是12分钟我一点也没被通融 4圈 0分 也不太管你那种 收获了人生最低绩点3
33758,1966,田忠,2016-09-21 11:13:30,0,3,3,很好的老师
33811,1966,田忠,2016-09-22 01:49:08,-1,3,4,很好很好很好很好很好\n\n
39178,1966,田忠,2016-12-21 13:11:25,2,5,3,老师很萌的，每次教准备活动都先示范一遍，动作超级可爱，而且还有自己发明的小游戏。
39191,1966,田忠,2016-12-21 14:02:16,-2,1,3,老师人超级好的
41835,1966,田忠,2017-01-13 03:54:29,11,13,2,真的不明白  除了专项其他各项都很好  专项应该也不会差到哪里去  最后86分  心累
41849,1966,田忠,2018-06-14 14:28:59,22,42,20,12分钟跑6圈半，理论考90，打卡打满了，专项考号称最低85，不明白最后为什么只有3.9，收获最低绩点，气哭
41980,1966,田忠,2017-01-13 10:56:24,3,7,4,老师很好呐，对女生可能相对照顾点
42133,1966,田忠,2017-01-13 15:49:22,7,9,2,上课好玩。给分烂。
42211,1966,田忠,2017-01-14 02:08:21,9,11,2,给分并不好啊……不知道为什么说均绩4.1
42234,1966,田忠,2018-01-23 02:38:24,-18,4,22,我只跑了五圈半，但是别的都应该不错，自己算了下4.8然而4.5…
42312,1966,田忠,2017-01-14 04:08:37,14,15,1,给分极差
42607,1966,田忠,2017-01-15 12:30:09,-8,1,9,老师很可爱   给分很好
42668,1966,田忠,2017-01-15 00:26:32,12,14,2,上课还行吧 就是给分极差 收获最低绩点3.0
42677,1966,田忠,2017-01-15 01:52:52,12,14,2,从没想过体育拿这么低绩点_打卡60理论考98十二分钟跑满分、专项也不错给我3.9？？？活久见
43654,1966,田忠,2017-01-16 16:46:16,-11,2,13,不明白为什么有那么多人说给分差，老师给得还是很实在的，我只有12分钟跑和打卡这两项是满的，最后给了4.5我觉得很正常啊。。。
44392,1966,田忠,2017-01-17 17:16:53,-4,1,5,老师脾气很好，总是笑容满面，总觉得是个宽厚的人啊。
45283,1966,田忠,2017-01-19 09:12:20,1,5,4,老师人很和善，上课效果还可以，一个学期下来练基本功的活动基本没重样。不过上课和考试的时候感觉对学生的关注不够，有点心不在焉吧。教新东西的时候认真听，后面不会再重复，悟性不够的话还是多和别人交流或者找老师指导。给分的话感觉大家还是自我感觉太好。我打卡九十次，基本功＋引体向上＋十二分钟跑都是很不错的，但是体育理论考砸了，所以觉得给89也算合理。有可能老师这次确实不够宽容，但是自己估计出来的东西和实际有差距是肯定的呀。
45886,1966,田忠,2017-01-20 08:23:13,0,1,1,感觉自己还行，期末分低……上课好玩，但也没什么时间练习，全玩游戏去了
51244,1966,田忠,2017-05-25 08:32:14,4,4,0,很随便的老师
51759,1966,田忠,2017-06-09 06:29:23,0,1,1,好老师，前面的几位的问题可能是专项不太好？建议有排球基础再选
53595,1966,田忠,2017-06-27 06:13:18,0,2,2,很好。事少。分高
53849,1966,田忠,2017-06-28 01:39:27,0,2,2,给分算中上水平 我12分钟和打卡满分 理论考8分 50m6分的样子 最后4.5 上的东西挺轻松 适合水水
53862,1966,田忠,2017-06-28 02:22:15,0,2,2,给分挺好啊 打卡满了 十二分钟6圈半 理论80 最后4.5
53871,1966,田忠,2017-06-28 02:32:05,1,1,0,上课很轻松，老师人不错，给分和预想的有出入，不过也算正常范围。
53977,1966,田忠,2017-06-28 06:44:55,1,2,1,感觉老师给分真的挺好了，毕竟自己体育真渣
54038,1966,田忠,2017-06-28 09:40:01,1,2,1,老师挺好的，一开始以为自己有点基础不知死活地选了大佬云集的中级班，在班里可以说是渣渣水平了，但绩点还是上4了。平时上课都是几个组对练打比赛，喜欢排球的还是很有意思的。一般上课的时候缺人必点名，其他的不太管的。
58065,1966,田忠,2017-07-28 03:03:59,3,4,1,忠哥的大光头是休闲食堂一道靓丽的风景线~
64289,1966,田忠,2017-12-22 08:43:53,1,2,1,老师是真的好啊！！！！！
68254,1966,田忠,2018-01-23 01:37:13,1,2,1,对于高中体育一直很渣的人来说，排球真的不错了呀
68273,1966,田忠,2018-01-23 02:13:37,4,6,2,给分很迷 十二分钟近满  打卡满  专项80+最后3.9  85分的3.9！
68284,1966,田忠,2018-01-23 02:29:17,0,3,3,上课很佛性 给分很好 很开心
68286,1966,田忠,2018-01-23 02:37:41,-2,2,4,无法理解自己的低绩点，感受就和最高赞评价一样\n\n
68288,1966,田忠,2018-01-23 02:49:38,-2,5,7,我只跑了四圈半，但是别的都应该不错，自己算了下4.5然而5.0...
68289,1966,田忠,2018-01-23 11:13:20,0,4,4,男生慎选！
68358,1966,田忠,2018-01-23 04:54:04,0,3,3,课上基本不教东西，但架不住给分好啊?
71521,1966,田忠,2018-01-28 14:38:25,1,1,0,下课晚，上课一直在水手机，感觉给分低了点但还过得去
73591,1966,田忠,2018-02-02 04:31:37,1,1,0,很棒的老师炒鸡亲切！
79782,1966,田忠,2018-06-13 13:24:37,-7,0,7,老师人超好的～不知道为什么有同学说是绩杀，我觉得老师给分也很好啊，上课游戏特有趣哦～
81029,1966,田忠,2018-07-03 11:16:14,-6,0,6,老师挺好的 上课也比较水 理论考就70出头 老师还给了4.8！！真的非常意外了！
81075,1966,田忠,2018-07-03 14:15:26,2,3,1,不明白绩点是怎么评的...
87409,1966,田忠,2018-09-28 09:11:42,1,1,0,还好吧
91521,1966,田忠,2018-12-12 09:47:12,3,5,2,妈的，只给班长好成绩，我们秋冬学期的班长就像傻逼一样，不多看看其他人……
111772,1966,田忠,2019-07-02 22:15:54,0,1,1,可水可学，自己分组打排球也是很有趣了。老师人也很好很可爱，十分！
142642,1966,田忠,2021-11-15 02:10:42,0,2,2,12分钟跑硬核，慎选，三百多米不算整圈不放水的好老师
168576,1966,田忠,2023-02-20 02:00:19,4,4,0,专项给分好差
168774,1966,田忠,2023-02-22 06:15:17,0,1,1,老师挺好的 因为自己有排球基础 拿分不错
171497,1966,田忠,2023-03-26 15:36:38,4,4,0,体育专项给分一般。老师上课教动作基本就是示范一两次，其他时候是学生自己练，不太会继续给学生指导，感觉不是很认真用心……
171704,1966,田忠,2023-04-02 13:02:08,4,4,0,老师人很好，互动很友善，慈祥和蔼的高个子老头。不过专项给分好差（和其他班比差不少），不过12分钟跑好像还是放了一点水的？
175834,1966,田忠,2023-06-27 02:04:45,3,3,0,专项分呵呵
183983,1966,田忠,2023-12-05 09:37:15,4,4,0,这学期玉泉排球课，客观评价：\n\n抽象中的抽象\n\n包括但不限于：\n\n1.多次不及时通知上课地点变更，让全班同学找不到上课地点\n\n2.每节课让同学去整队，其实就是自己懒得去弄\n\n3.从来不指导排球动作，只会让同学们自己练习，分组打比赛，自己负责水手机\n\n4.多次上课迟到，让全班同学陪他等。\n\n5.我只能说，教评只能给1分，是系统设置的下限，而不是我对他评价的下限
184467,1966,田忠,2023-12-20 08:13:40,2,2,0,排球期末考会给4次机会，\n\n“对于大三的同学，我们给分宽松一点，排球专项分数在 83 分 到 93 分 之间，所有同学都在良好以上”。\n\n给分情况老师原话↑\n\n细品
185160,1966,田忠,2023-12-27 01:33:04,1,1,0,本学期的课应该算结束了，难评。\n\n唯一的优点是学期初补签还比较积极。\n\n我是补选的，没有被教过姿势和手型，不过也没问。\n\n课比较水，中期以后垫垫球就自己打比赛了。但水体现在了每个地方，比如群里基本不会回消息，通知也很少发，错过了只能自认倒霉。\n\n老师可能也不想上吧，可以退休了。
186776,1966,田忠,2024-01-13 04:39:30,0,0,0,给分比想象中高\n\n其他方面别的评论说得很具体了
187398,1966,田忠,2024-01-16 02:48:58,1,1,0,很牛逼。下次别牛逼了
115,1972,恽冰,2015-03-14 15:58:25,-8,28,36,爱bb啰嗦声音小
358,1972,恽冰,2015-03-15 01:23:47,-14,33,47,老师经常不在，老师脾气很差，对会打的态度很好，对不会打的态度很差
1194,1972,恽冰,2015-03-21 16:29:58,53,80,27,老师挺好的，爱说但是很多时候听进去觉得说的确有道理，感觉知道的很多。人也很好，水水的
1673,1972,恽冰,2015-03-23 07:24:08,4,21,17,还不错
3452,1972,恽冰,2018-12-29 04:01:41,-38,26,64,当校队教练就好了这种鬼当什么老师
3737,1972,恽冰,2015-06-17 02:52:39,6,18,12,吹比的时候可以水 对所有人态度都很好 不会拉大家出去跑步 会叫校队的过来送球
6026,1972,恽冰,2015-07-10 10:17:47,-8,5,13,呵呵
8070,1972,恽冰,2015-09-17 01:34:00,2,14,12,老师人很好
11160,1972,恽冰,2015-11-25 01:07:09,5,22,17,超棒的老师，谁选谁知道！
11162,1972,恽冰,2019-09-19 04:52:02,24,40,16,超好！测试水水的！
12620,1972,恽冰,2019-09-19 04:52:28,13,26,13,考试仁慈
12917,1972,恽冰,2015-12-24 10:12:28,-15,2,17,没什么好说
13234,1972,恽冰,2015-12-25 10:56:25,2,9,7,好好好
13405,1972,恽冰,2015-12-28 01:13:38,12,23,11,上课乐趣多，考试超级好
13565,1972,恽冰,2015-12-29 08:41:41,3,12,9,考试简直了，绝对好老师
13729,1972,恽冰,2015-12-30 12:15:10,9,18,9,有时候一说就是一节课，不主动去学基本上就是自己打，考试挺仁慈
14207,1972,恽冰,2016-01-05 10:35:55,38,47,9,老师技术超级好，主动点找他学会学到很多的。考试有陪考，轻松过
15357,1972,恽冰,2016-01-14 03:58:28,2,7,5,还好啦\n\n
15799,1972,恽冰,2016-01-16 09:45:45,6,17,11,超级棒的老师 很满意
15810,1972,恽冰,2016-01-16 10:12:31,11,21,10,老师超棒上课教的不多但会陪你练球考试水水的老师人也很好很关心学生
15817,1972,恽冰,2016-01-16 10:32:57,2,6,4,老师还是不错的
15919,1972,恽冰,2016-01-16 15:15:20,4,9,5,唯一一个会打球的老师
17351,1972,恽冰,2016-01-20 05:29:01,3,6,3,很棒啊，人很好。\n\n
18990,1972,恽冰,2016-01-23 02:11:12,2,5,3,老师人很好的
20082,1972,恽冰,2016-01-26 05:02:22,2,4,2,给分好
22226,1972,恽冰,2016-03-03 04:07:16,1,4,3,很好，就是话有点多。。。看得出技术很高。考试很重要啊
22843,1972,恽冰,2016-03-13 10:46:46,2,3,1,超级好呀
23193,1972,恽冰,2016-03-21 10:42:54,2,3,1,好老師
23551,1972,恽冰,2016-04-06 01:12:05,1,7,6,撩妹高手
23566,1972,恽冰,2016-04-06 12:12:08,1,5,4,老师人超好，平易近人，很照顾同学，测试时也不会为难大家，给分也好。
28346,1972,恽冰,2016-06-28 08:37:17,2,5,3,超爱讲可以说个一节课，都是老梗估计每个班都讲一遍。喜欢普及乒乓知识和..国足。人真是超好的，考试稳稳地。唯一一个乒乓出身的体育老师，上课多找老师陪练别不好意思就行，不主动找老师老师也很少管你。
28430,1972,恽冰,2016-06-28 08:58:12,2,4,2,给分好
28890,1972,恽冰,2016-06-29 02:45:16,7,15,8,男神！！！乒乓球菜鸟给了4.8
28973,1972,恽冰,2016-06-29 04:42:46,1,9,8,老师挺和善的，乒乓球水平也比较高，另外专项考试有很多次机会，引体和12分钟也不是特别苛刻～
29398,1972,恽冰,2016-06-29 16:20:59,2,8,6,老师人超好！可惜我选不上课了 总是冲突
38789,1972,恽冰,2016-12-19 03:31:03,3,10,7,亲自陪考，不能更棒了
39416,1972,恽冰,2016-12-22 14:04:44,5,17,12,不说了 期末发红包 自己看着办吧
39418,1972,恽冰,2016-12-22 14:15:20,6,12,6,老师人很好期末发红包
39422,1972,恽冰,2016-12-22 14:24:44,2,5,3,老师技术很好，很有耐心啊
39428,1972,恽冰,2017-01-13 13:16:07,2,6,4,老师人超好的，给分也不错，关心学生，建议选。
39603,1972,恽冰,2017-01-11 16:26:21,5,11,6,期末成绩出来之后决定四个学期全选老师的课！
39659,1972,恽冰,2016-12-27 01:30:47,3,6,3,老师很有技术，有自己的见解…不为难学生
40453,1972,恽冰,2018-11-26 12:06:35,111,132,21,听了恽老师的课，经过恽老师的指导，水平直逼张继科、马龙、樊振东！
40454,1972,恽冰,2017-01-03 12:14:18,2,3,1,强无敌
40578,1972,恽冰,2017-01-04 06:49:27,2,3,1,好 很好
41130,1972,恽冰,2017-01-09 11:00:23,3,6,3,老师人很好，特别有趣还偶尔会和你分享一些你家乡的新闻让人不知所措，考试也不很严格，还会借自己的拍子给你用~
41452,1972,恽冰,2017-01-11 15:40:05,2,3,1,老师很有耐心很棒！
41453,1972,恽冰,2017-01-11 15:43:12,0,2,2,还不错 没有很奇怪的感觉 也没有特别好的感觉 反正可以选哒\n\n
41504,1972,恽冰,2017-01-12 05:26:09,0,2,2,打得超好，会陪着模拟考和补考，和老师对打进步真的会很大，绩点棒棒哒，平时水水哒
41568,1972,恽冰,2017-01-12 07:59:57,-1,9,10,老师从头到没讲怎么打乒乓球 整天说一些什么张继科 马龙的东西 还整天吹逼自己的教练经历 作为初学者来讲基本没学到什么东西 不过上课水水的 测验也水水的 给分也水水的 不过班上有很多打乒乓很6的来刷分的 初学者慎选啊 但回打的话老师的态度还是很好的 你懂得 与其说是老师不如说是教练
41602,1972,恽冰,2017-01-12 08:43:39,2,7,5,打球水平在学生看来很高了，除了爱打表演赛虐菜之外，绝对的好老师。高级班期末让6或8分考试，输了扣5分，赢了不知道是不是一定满绩。还可以认识很多有一定水平的球友，如果是真的喜欢乒乓球并想进步的话，强烈推荐，如果只是水水学分，建议选初级或中级班。
41613,1972,恽冰,2017-01-12 09:05:02,2,6,4,老师真的很好啊，对于我这种体育渣来说分数真让我很开心啦，老师教的很仔细，考试会陪考有很多次机会，就算开始的时候完全不会也不用害怕
41822,1972,恽冰,2017-01-13 02:04:43,3,7,4,老师技术超好，而且评分也不错哦。
44427,1972,恽冰,2017-01-17 23:33:27,3,6,3,简直男神。才知道别的班考试没有乒协陪考待遇的。
49354,1972,恽冰,2017-04-07 05:40:03,-11,5,16,不太负责
51509,1972,恽冰,2017-06-07 01:32:19,2,3,1,恽老师人超好的课超水 ，考试前发红包 绝对高分过。
52355,1972,恽冰,2017-06-19 03:46:02,0,1,1,超级好
53676,1972,恽冰,2017-06-27 09:51:18,-1,2,3,恽爸爸给分贼高，上课气氛贼跳...初级班水平也可以来，老师会调整考核要求，课堂氛围超好(☆_☆)
53682,1972,恽冰,2017-06-27 09:55:06,1,3,2,超棒的老师，给分好到超乎你的想象，选高级班应该能选上，考评很水的，技术一般老师都给满分了。
53688,1972,恽冰,2017-06-27 10:05:36,-1,2,3,老师超好的，完全新手也可以得到一个不错的成绩，并且考试出成绩还在群里发两波红包
53700,1972,恽冰,2017-06-27 10:28:36,0,2,2,老师人很好 考试陪打 技术考可以打很多次 基本上都能打到接近满分 给分也很好
53711,1972,恽冰,2017-06-27 10:41:43,0,3,3,老师真的很爱乒乓球 很享受教学过程 所以可能才说的有点多 而且恽老师还向我们展示了自己微信红包的收发金额 可怕可怕hhh 言归正传 真的能学东西
53952,1972,恽冰,2017-06-28 06:08:49,3,6,3,很棒很棒，要不是有个隔壁班老太太给的考评分太低就满绩了
59996,1972,恽冰,2019-09-19 04:52:22,36,59,23,经常劝同学喝酒，把同学灌醉
63615,1972,恽冰,2017-12-09 12:44:59,2,4,2,超爱!好!别家考试两次，不过就不过了，他是无限次陪考，而且喜欢和同学搭话开玩笑，也是很可爱了
65208,1972,恽冰,2017-12-31 09:51:18,3,6,3,上您的课是我的荣幸
65237,1972,恽冰,2018-01-02 03:24:59,2,5,3,很好的老师，发红包就不说了，一个学期教了我挺多奇技淫巧，哈哈，人也挺有意思，这个学期最遗憾的就是没能跟老师对打上一局
65303,1972,恽冰,2018-01-03 00:58:36,4,8,4,老师真的是超级好，上课和我们聊天，节假日各种红包，考试不满意可以重新考，比隔壁的女老师好太多！
66614,1972,恽冰,2018-01-17 13:59:17,2,5,3,老师人超好！！！
79434,1972,恽冰,2018-12-26 07:17:10,-15,6,21,真的不知道是我哪里惹到老师了 从来对我就和其他同学不一样  十二分钟跑我痛经进医院 还非要我去场上帮忙计数 最后给我算旷课 周二问他什么时候可以补测十二分钟跑告诉我不知道 下个周二再问他告诉我上周五考过了 最后问他还一直把我当空气人 呵呵
80893,1972,恽冰,2018-07-02 11:42:08,2,5,3,不说老师打球有多好了，就凭大学第一次满绩也要给老师10分！
80941,1972,恽冰,2018-07-03 02:54:16,0,1,1,老师讲很多乒乓球知识，自己球打的也很不错，喂球很专业。给分好
80973,1972,恽冰,2018-07-03 06:18:48,-1,0,1,老师人太好啦
84527,1972,恽冰,2018-07-13 05:26:39,0,1,1,话说，体育真的不要正太吗……（这么说吧这学期班里三分之一的同学满绩了，除了两三个次次翘课或者十二分钟只跑一半的同学其他人好像都90+…，大概真的不用正太吧）
88112,1972,恽冰,2018-10-22 10:36:13,3,5,2,老师人很好，课讲的也很有道理，好老师+++++++。\n\n
92078,1972,恽冰,2018-12-27 06:36:36,32,39,7,恽冰老师技术特别好，人比较率真。\n\n1.课上主动找他他会全程陪练，所以身边围着一群女同学和他打球hhh。不过有时比较粗，可能答你一句就走了，但是其实很为学生着想的。\n\n2.期末陪着我们练球，循循善诱加上他超强的技术（隔壁班体育老师也夸他技术特别好）让我们的专项成绩大多拿了满分！\n\n3.他说考试就是为了鼓励学生成绩提高的，而不是要和学生作对！所以他考试模式非常赞！完全为学生着想。\n\n4.期末发红包！\n\n这学期末一个小插曲：隔壁班老师看他带领学生刷考试成绩，觉得不合理，告诉他考试只能考一次，之前成绩作废。但是他说考试又不是为了让学生被打倒，不断地练习反而实质上提高学生成绩。后来他给隔壁班学生考试，他技术好啊，导致隔壁班成绩大多满分，隔壁班学生傻眼了，老师笑了。恽冰说你看我们班没刷成绩吧，我们就值这个好成绩！最后我们就没有按重考成绩来。大气，以德服人，以实力服人！
92734,1972,恽冰,2019-01-04 04:38:12,3,6,3,恽冰老师真的很好，很和气，我找他买球拍，他会帮我挑选，会帮我贴胶皮，引体向上会降低标准，十二分钟跑也很宽松，反正就是很棒了，在不违背原则的情况下尽可能帮学生提高成绩。陪练十分认真，真的很稳，基础不太好的同学，他也会一遍遍的陪练，有时候一节课就只和一个人练直到最后取得了满意的成绩，他那边接球稳当，最后我们班的成绩都很不错。哈哈哈下学期又选上了他的课
92789,1972,恽冰,2019-01-04 12:11:28,2,5,3,哈哈哈又选上了恽老师的初级班！
96655,1972,恽冰,2019-01-21 08:41:09,2,3,1,老师技术超级超级好，经常做一些神仙球示范，考试亲自陪考，直到你自己觉得可以了，其他班的都是乒协的陪考，12分钟跑和引体向上也比较宽松，老师上课话有点多，但很有趣，能大大丰富我们的眼界呢，圣诞节还发了红包，强烈推荐
96659,1972,恽冰,2019-06-02 12:10:48,1,3,2,美女老师是啥情况
96668,1972,恽冰,2019-01-21 08:53:49,3,5,2,老师人很好，上课很认真，亲自陪我们练习，考试，我从一开始连握拍都不会，到后来考试满分，全部是老师的功劳，而且这是我的大学第一次满绩，太开心了，必须点赞!!!
96671,1972,恽冰,2019-01-21 08:55:03,4,6,2,太棒了???四年乒乓球课预定！\n\n
96680,1972,恽冰,2019-01-21 09:07:00,1,3,2,挤破脑袋都要选恽冰男神的课！爱了！
96683,1972,恽冰,2019-01-21 09:05:18,0,1,1,老师超好的！！！陪考陪练，给分还超好！在课上，老师会教你如何识别一块乒乓板的好坏，会问你来自哪个省份，喜欢和人聊天。嘻嘻嘻
96690,1972,恽冰,2019-01-21 09:10:23,0,1,1,大学的第一个满绩！谢谢老师！
96694,1972,恽冰,2019-01-21 09:19:09,0,2,2,太感人了555第一次评分，竟然给一个12分钟跑五圈的菜鸡94，这个绩点真是想都没想过…神仙老师555但是自己也要注意多刷刷脸，可以帮帮老师计时间这样的小忙quq
96756,1972,恽冰,2019-01-21 09:55:55,0,1,1,人真的很好，给分也超好
96889,1972,恽冰,2019-01-21 11:53:40,0,3,3,老师人很好，选了绝对不后悔
97011,1972,恽冰,2019-01-21 14:26:06,0,0,0,超级好
98665,1972,恽冰,2019-01-23 17:25:33,0,1,1,好好好
108066,1972,恽冰,2019-05-14 03:17:30,0,1,1,真的很棒 就怕选不上
108492,1972,恽冰,2019-05-27 02:32:12,-2,3,5,美女老师！推荐！
108493,1972,恽冰,2019-05-27 02:35:27,3,6,3,老师又美又帅！心灵美！长的帅！恽冰冰！我爱你??！浙大乒乓第一人！必须给我选老师课！不然你后悔一辈子！
108817,1972,恽冰,2019-06-03 02:16:43,103,114,11,想从不一样的角度评价一下老师吧，全文客观，角度小众，不喜勿喷。\n\n首先虽然没上过他的课，知道老师是一个很好的老师，关爱学生的绩点，满绩easy。人还好。\n\n其次，我是乒协技术部陪考的一个女生，我们有一个助你满级的活动可能上过乒乓球课的人都知道，就是乒协技术部的同学会无偿给别人陪考这种，当然在很多老师那里就是走个形式，毕竟技术部的同学也不是神仙，也不能适应所有人的打法，技术也有可能不如一些上课同学。我陪考了将近一年，算是基本上摸清了所有老师的套路：恽冰会给你满的；陈烽会很耐心的一遍一遍陪你打，记最高成绩；女老师可能稍微严格一些，但是会有很多次补考机会，而且都是记录最高成绩。如果你强烈要求老师陪考，女老师也会同意（当然男老师是非常同意），在这样的情况下相信技术部跟同学的绩点并没有很大关系，只是为球友技术不匹配的同学提供一个陪球而已。但是这一年多下来我真的受够了每次自我介绍的时候，全班同学看到我是女生那种失望的眼神。我很努力的想要做好陪考工作，但还是因为性别原因无法让大家满意，今天33度，九点五十的上课时间，我赶去给恽冰老师的班级陪考，跟老师介绍的时候客客气气的，老师给我的回复是很随意的说我的班级不需要陪考，你不知道吗？你们什么时候能按我的意思来？我很尴尬的说是组织上给我分配的班级，算是我们的一项任务，后面老师其实也没有多凶但是语气真的很令我不好受。其实技术部就我一个女生，就算匿名相信很多人也认得出，我不是说老师不好或者怎样（疯狂求生欲），只是想说，你们有没有过做一件事很努力却完全无法让别人满意的经历。我知道恽冰老师的班级不计算技术部陪考人员陪出来的分数，但是我还是按照排班表去执行任务的时候老师真的令我很委屈，技术部同学们真的在牺牲自己的时间帮助别人，希望大家不要过分苛求，重申老师对学生很好，谢谢。
108926,1972,恽冰,2019-06-04 09:10:38,0,1,1,老师课挺难选上的，自己很幸运选了老师两学期的乒乓球课了，上课很舒服，老师对乒乓球是真的热爱，而且真的打的很厉害，初学者和有基础的都能学到东西，老师人也很好，很关心学生，上课也会聊很多有趣的事情 强推!
111246,1972,恽冰,2019-06-30 17:56:59,15,16,1,选了一年了他的课，跑步越跑越慢，引体向上越做越少，期末打的越来越少，分却高了……真的感人……
111253,1972,恽冰,2019-06-30 19:25:27,0,1,1,老师人真的超好！连上了两个学期老师的课！只是有时候说话不那么讲究。。前面那位陪练小姐姐真的不要多想啦 老师性格就这样的 我和老师挺熟的有时候也会被刺到一下 但知道老师没有恶意就没关系啦～
111262,1972,恽冰,2019-07-01 06:17:17,0,0,0,啥都不说了，大学第二个满绩！
111266,1972,恽冰,2019-06-30 23:03:01,2,3,1,超级好超级好超级好超级好的老师，幽默爆表！初高中体育只有及格以上良好及以下的我竟然在大学拿到的第一个满绩是体育课！啊啊啊啊啊怎么没有100昏可以打！吹爆恽冰爸爸！！！赞?
111541,1972,恽冰,2019-07-02 01:50:02,0,0,0,好老师！
117747,1972,恽冰,2019-09-30 06:56:15,0,1,1,老师很好
120515,1972,恽冰,2020-01-12 01:18:59,4,6,2,很强的老师，根本打不过的乒乓球梦魇。
120972,1972,恽冰,2020-01-19 06:02:38,0,1,1,老师技术很牛，说话很幽默，给分也超好
123701,1972,恽冰,2020-06-11 23:39:26,0,1,1,老师真的很好，很认真，也会和你聊天，会讲很多故事。i了i了。能在大学第一学期就选上他的课是我的幸运。
124259,1972,恽冰,2020-06-28 05:54:18,1,2,1,老师人也太好了吧，因为疫情，只能在家传视频，老师都会看的，还会给出建议，而且我因为睡过头，有两次没签到，老师居然都给我补满了，太感谢了
130713,1972,恽冰,2021-01-24 10:33:36,6,8,2,跟着恽冰走，幸福永恒久！\n\n超级可爱的老师！会问一百遍你是哪儿人～然后开始跟你扯哈哈哈哈哈哈\n\n乒乓球初级班会有一次模拟考试，如果那次能满分基本期末考也会给你满的！\n\n超级超级超级（一百个）好（好可惜下学期选不上他的课了呜呜）
130768,1972,恽冰,2021-01-24 13:38:50,0,1,1,老师真的超级好啊！乒乓球还是相对比较养老的，模拟考满分了期末也会给满的，特别喜欢拉着你唠嗑。可惜下学期选不上他的课了。
132519,1972,恽冰,2021-02-02 05:40:44,1,4,3,老师非常好
133314,1972,恽冰,2021-02-24 18:01:45,0,3,3,男神！必须满分
133666,1972,恽冰,2021-03-03 11:30:37,-35,7,42,双标g
136402,1972,恽冰,2021-06-17 14:05:19,3,4,1,代表两位阿扁给老师一百万个赞！乒乓球不选他的，能行吗？去玉泉再选一次啊！选啦都给我选爆，都快去选
137202,1972,恽冰,2021-07-02 08:48:33,2,3,1,恽老师真的很好....零基础好好练也能满绩！！爱了爱了！！
139681,1972,恽冰,2021-07-20 01:59:05,0,1,1,乒乓球\n\n恽冰老师yyds，老师人超级热情，可以找他买球拍，上课他可能也会找你聊天。\n\n老师打球是真的厉害👍给分超级超级好\n\n可惜下学期没选上老师的课www
141003,1972,恽冰,2021-09-20 17:05:31,0,9,9,不知道具体原因就自己做决定，不拿事实说话。自己的不合理事情就搪塞过去。你第一次做了一件事没做那么好就永远觉得你不行。\n\n老师确实有很随和的一面，但是因为老师的偏见毁了我的大学四年。
141162,1972,恽冰,2021-09-25 07:41:24,-26,7,33,美女老师
148131,1972,恽冰,2022-01-11 14:43:15,0,1,1,身体素质课，点名之后就可以开始打卡了，很水
149846,1972,恽冰,2022-01-17 08:49:29,0,1,1,超级好的老师！分数等级错误和老师反映后老师会很及时的帮你改回来，给分超级好，基本不扣分。
151229,1972,恽冰,2022-02-25 04:25:44,3,4,1,研究生公告选修课\n\n上课会讲大概半个小时的课，然后自己找队友对打，本来说最后期末考试全班打，结果因为疫情改成颠球，以为参照初级班水平给分，颠到满分就止住了，结果最后成绩可能是按照所有人颠球水平正太分布的，考试前也没说怎么给分，总之痛失绩点。
154665,1972,恽冰,2022-06-03 04:25:32,-34,7,41,上的身体素质课，上课事情不多。但是极其不负责任，钉钉从来都是已读不回，是不知道还是怎么的？\n\n不建议大一新生选，很多工体部要求都没通知，导致我体育课挂了，可惜了我网球分还挺高。\n\n先把工体部一堆杀软要求都看了，再考虑跟他水，不然容易意想不到的挂科。
155753,1972,恽冰,2022-06-15 14:54:27,3,4,1,晚上体育总成绩出了，喜提大学第一个满绩！我爱冰冰～
155782,1972,恽冰,2022-06-16 02:46:21,3,4,1,真的是超级好的老师！
155783,1972,恽冰,2022-06-16 02:45:53,3,4,1,满分必须给老师
162805,1972,恽冰,2022-12-06 11:32:19,5,6,1,老师巨巨巨好，体素课只有签到无签退，线上上课这几周都是群里扣一签到，其他啥也不用做，👍👍👍
163827,1972,恽冰,2022-12-16 07:45:17,1,2,1,超好的老师
172072,1972,恽冰,2023-04-19 01:46:31,3,4,1,oh，还有个助教李老师，李老师好棒
175594,1972,恽冰,2023-06-25 16:50:11,0,1,1,我的神
179456,1972,恽冰,2023-09-16 06:39:24,0,0,0,走直线！
180192,1972,恽冰,2023-09-20 13:32:13,2,3,1,乒乓球水平是可以看见的高\n\n我是在实习老师那里考的，那个老师推球推得乱七八糟，调我左右大角（中级班），然后有时塞中路（最难受的点），喂的球又慢又短根本借不到力，我是真凭自己实力弄满的\n\n虽然我不是在恽老师那里考的，但是我做过几次与他对打的示范（由此也可以证明我的水平），他推来的球是真舒服，不短不长，不高不矮，既借得上力又不会被顶住。而且他会在起跳点就把球推过来，考试的时候为你省时间。在他那里考的，那些在我看来动作挤成一团惨不忍睹的，都能几次拿满
180267,1972,恽冰,2023-09-21 02:11:43,1,2,1,上完一年刷到老师还是想来给个满分！！给分好喂球好不多说！会在最大范围内给予学生宽容，爱和学生唠嗑，说自己认识多少多少大牛哈哈哈哈（确实不是吹牛）有次时间匆忙来不及吃饭去上课还给了小面包！！超级无敌好！！！
180684,1972,恽冰,2023-09-25 01:25:26,2,3,1,迟到十分钟，说一声直接补签，梦中情师
181230,1972,恽冰,2023-10-17 08:52:52,2,7,5,体素课好累，累到爆炸，老师特别严格，想水的别选
184163,1972,恽冰,2023-12-11 14:05:35,2,3,1,喜欢恽老师！！！看上去很严格实际很温柔！！！特别是对女孩子，给分也超级好！！
184175,1972,恽冰,2023-12-12 01:29:54,2,3,1,好老师！连续两个学期的乒乓球高级班，两个满绩
184631,1972,恽冰,2023-12-22 04:11:30,3,5,2,老师人很好！ 期末考会给很多次机会，考的过程会一直提醒你，哪怕小白也会安排班里的大佬帮你辅导。而且水平超高，期末考不管怎么打都能稳定的把球传回相对固定的位置给你
184791,1972,恽冰,2023-12-23 00:25:40,4,5,1,老师人很好，但是如果是小白的话需要自己买拍子哦，不过可以找老师帮忙买，但是老师的普通话不太好，哈哈哈
184792,1972,恽冰,2023-12-23 00:38:41,8,9,1,很好！乒乓球初级，老师会给你很多次机会!他真的会比你自己还要在意有没有达到满分要求，会让你一直再试一次再试一次直到差不多满分为止呜呜呜呜。平时不怎么管你，打累了可以尽情休息。迟到了可以补签。都来选！
186167,1972,恽冰,2024-01-09 06:46:37,2,3,1,体素课比较轻松，老师也很有趣
187570,1972,恽冰,2024-01-16 15:09:50,4,5,1,nb啊，看啥呢，还不快选
190102,1972,恽冰,2024-02-21 16:42:48,-1,2,3,体素课无脑冲！！只签到不签退，签完到就可以走人了，当然如果你想运动，老师也很乐意指导的，还会分享趣事
192682,1972,恽冰,2024-05-28 01:37:42,3,4,1,人好水平高，模拟考次数不限而且满分一次就算数，还说要在最后一节课请大家吃雪糕，我提前单方面宣布老师是男神
192727,1972,恽冰,2024-05-29 14:24:15,2,4,2,体素课可以冲
193016,1972,恽冰,2024-06-02 13:25:59,4,6,2,体素课无脑冲，只签到不签退，除非人特别少的时候。上课也特别水，点名签到走两圈半节课就过去了，运动量相对很少
193276,1972,恽冰,2024-06-05 13:28:55,1,2,1,可以冲
196328,1972,恽冰,2024-07-03 02:05:02,4,6,2,在乒乓球老师里水平断层的高，其他老师大抵是打不过水平高一点的同学的。\n\n我室友上初级班，在其他老师那里期末考正手攻球只能40个出头，教考分离恽冰过去喂球，结果直接满了。
198557,1972,恽冰,2024-09-10 02:42:49,8,10,2,不知道为什么第一节课扯一大堆，就要我们别去淘宝拼多多京东教超买乒乓球拍，找他
202231,1972,恽冰,2024-11-11 02:57:05,0,0,0,有次课前不想去了编了个很差的理由请假虽然被老师说了一顿还是帮忙点上名了
202907,1972,恽冰,2024-11-15 05:59:29,0,0,0,应试方面十二分钟会在十分钟多一点后抛你一点，告诉你再跑多少可以了，然后差不多只要跑十分钟多就给你算那个成绩，但实际我觉得自己跑不到，就是这种捞法。
204759,1972,恽冰,2024-11-27 16:22:38,0,1,1,老师球技确实好，课也是水的。但未免太水了吧，原来当一个老师这么容易吗，上课带同学们热身之后简单说几句就没影了。只有说他的人脉的时候感觉兴奋起来了。平时总是在忙着搞他的乱七八糟的事情，完全不指导的。原来只要考试放放给同学都高分就能获得一致好评呀。0基础不建议选。专业课自学已经够屎了，上个体育课还要自学。。。
205469,1972,恽冰,2024-12-07 05:16:36,3,3,0,指导很少，水平很高，考试很友善，模拟考亲自送球送次数。
206302,1972,恽冰,2024-12-13 15:46:40,1,2,1,确实技术好，但很会坑普通同学钱，上来就说谁谁谁拍假，我去年东京旅游在蝴蝶总部购的超张底板被说一眼假😅
207576,1972,恽冰,2024-12-23 07:15:45,0,0,0,老师真的特别厉害 说话的时候稍微有点口齿不清hhh但是人很好 技术更是好的没话说 亲眼见证老师考试的时候给球的每个落点都几乎一样 给球的节奏也非常棒 12分钟跑管得不严格 身体不好迟到的话及时和老师说他会帮忙签到 总而言之真的很可爱
207978,1972,恽冰,2024-12-25 06:20:02,0,0,0,老师对不起，是我之前说话太大声\n\n喂得真的很好，给分也很好，只要稍微有一点基础就能过上神仙般的日子。虽然我0基础，老师觉得我没救了，但提出要考试的请求他还是会帮忙喂，心满意足了
209850,1972,恽冰,2025-01-07 08:56:21,0,0,0,人生第一个满绩！！\n\n我乒乓球是绝对的零基础，一开始觉得恽老师教的少，入门比较困难。但是好在找到了好伙伴练习，过了几周也上手了。\n\n恽老师最nice的一点是，期末考可以考很多次，而且最高成绩可以覆盖掉之前其他班老师来测的技评考。他喂球水平真的很高，在他这边测比其他班的老师来测那回舒服很多。
210132,1972,恽冰,2025-01-08 08:11:47,5,5,0,乒乓球初级满绩\n\n乒乓球是零基础的，仰卧起坐是及不了格的，12分钟跑是只有几圈的，正手攻球是菜的不行的，成绩是满绩的。\n\n老师可能有点凶，但是是一个有趣的小老头呀哈哈哈，拉着我跟我说我专业不好，催我转专业，什么都敢说，好有意思😀
210726,1972,恽冰,2025-01-10 01:21:27,1,1,0,呜呜呜好老师（好可爱）
211207,1972,恽冰,2025-01-11 04:23:34,3,3,0,老师人挺不错的，但是啥都不教，让我去带零基础的同学打，到底是我是老师还是您是老师（樂）
214853,1972,恽冰,2025-02-18 09:40:22,0,0,0,（体素）想水课就来
216165,1972,恽冰,2025-03-11 11:21:22,1,1,0,喂球水平极高，给分极好，但基本不教东西。初级班就只教了正手攻球？据我所知别的老师可能都会讲一些别基本功，但恽老师似乎只在刚开始的几节课讲了怎么正手攻球？但喂球水平确实时相当高，给球给的很舒服，但还是不建议纯小白选吧。
218893,1972,恽冰,2025-05-12 01:38:04,-6,0,6,一点也不通融差评差评
219415,1972,恽冰,2025-05-27 01:09:50,1,1,0,对比ct，yb是神。水平很高，上课不过讲的少。\n\n乒乓球找个好搭档很重要。
219737,1972,恽冰,2025-06-05 04:46:26,1,1,0,考试不用来，签到就行
221636,1972,恽冰,2025-06-25 04:43:34,0,0,0,很好的老师，考试时间够的话会一直陪你打，不限次数，实力和喂球水平都是泥浙顶尖的了，感觉会比有些班乒协同学考核期末要好一点
81580,1990,张重辉,2018-07-05 12:43:38,2,3,1,歌唱艺术课确实盟主学到不少东西，老师虽然年龄大了，但是热爱音乐的人永远不会老，另外，给分是真的很好，赞一个
7859,2012,陈涛,2015-09-16 00:03:53,8,23,15,非常和蔼
9263,2012,陈涛,2015-10-19 07:19:48,23,39,16,废话太多，感觉有点烦，但人是好人很耐心
11679,2012,陈涛,2015-12-11 04:40:43,5,92,87,人渣 月经了还强制跑十二分钟
14316,2012,陈涛,2016-01-06 07:55:26,2,10,8,老师挺和蔼可亲的，赞一个
16331,2012,陈涛,2016-01-18 03:09:42,5,18,13,一般情况…有的老师会一个个跟学生打球，她一般不会的…除非有学生叫她…不知为何很少管女生
18152,2012,陈涛,2016-01-21 08:25:58,0,6,6,很好的老师教的很耐心！
21581,2012,陈涛,2016-02-29 08:47:49,0,5,5,超级有耐心，赞\(≧▽≦)/
22672,2012,陈涛,2016-03-09 23:56:58,-1,5,6,反正我喜欢
23600,2012,陈涛,2016-04-08 12:35:52,17,26,9,老师太认真过头了，乒乓球也上过其他老师的课，气氛完全不一样
23893,2012,陈涛,2016-04-20 10:05:50,-2,8,10,认真过头了，差评
25468,2012,陈涛,2016-07-02 02:38:32,-6,10,16,看到基本体育老师里面最低分我也就放心了
25744,2012,陈涛,2016-12-28 03:42:16,1,7,6,其实还不错\n\n
28903,2012,陈涛,2016-06-29 03:07:00,16,20,4,老师挺好，给分太低
36834,2012,陈涛,2016-11-16 07:32:07,1,12,11,人超好，体谅人，起晚了过去说一声也没事，有事不能来补课就可以，有事情给帮忙，引体向上放水，经常鼓励同学，打球跟不上给你陪练，为什么这么低分？
38576,2012,陈涛,2016-12-09 11:38:53,1,8,7,我不是老师班上的学生，老师还陪着练了将近一个小时的球，又很耐心又很细致，她给分如何我不知道，不过人真的很好啊
39470,2012,陈涛,2016-12-23 03:21:09,2,9,7,大垃圾，真心差评，脾气差，还自私，给分最差！
39474,2012,陈涛,2016-12-23 03:53:57,12,14,2,这个老师人超好，很仔细，会提醒学生，要求也讲的很清楚。
39543,2012,陈涛,2016-12-24 00:55:27,0,6,6,呵呵呵呵 更年期吧 脾气差到炸 还废话多的不行 恶心！！！
39882,2012,陈涛,2016-12-28 05:58:06,2,12,10,首先，我是女生，我搭档也是女生，老师并没有说不管女生或者怎样。对我们两个都很好，指导过很多次。挺喜欢她的吧，大家不要黑老师。
42387,2012,陈涛,2017-01-14 06:04:11,5,8,3,老师有点严厉，但人挺好的
42395,2012,陈涛,2017-01-14 06:21:12,3,9,6,老师挺好的，上课时间可以调\n\n
42427,2012,陈涛,2017-01-14 07:53:07,2,6,4,人还行，教得不错，就是给分太差
42510,2012,陈涛,2017-01-14 10:05:58,3,8,5,给分差
44225,2012,陈涛,2017-01-17 12:11:58,-6,9,15,满绩。说给分差的。只能说是自己不努力啊。成绩都是和自己努力有关的。我只想说老师是想让我们好好锻炼，拥有一个健康的体魄多运动而已。我认为老师很好，只要自己好好坚持锻炼，体格好，成绩也好。
49352,2012,陈涛,2017-04-07 03:30:56,3,7,4,老师很好啊，打球不会会很耐心地指导
51788,2012,陈涛,2017-06-10 07:59:12,-3,4,7,老师人很好啊
52364,2012,陈涛,2017-06-19 06:12:35,5,11,6,老师确实比较负责 但体育课一个班的最高分是83 我觉得有点不可思议
53497,2012,陈涛,2017-06-27 00:58:11,6,18,12,我以前是上过两次乒乓球的人，我和我的搭档的水平在别的老师那都是90分以上的，到这就变成了70，有对比才能有公正的判断
54047,2012,陈涛,2017-06-28 10:03:49,-4,3,7,老师人蛮好的啊 不会打会手把手教的那种 考试抱好大腿就好了啊 给分有明细的 还不错吧
55100,2012,陈涛,2017-07-01 00:15:38,4,6,2,有点害怕这个老师
60433,2012,陈涛,2017-10-20 00:13:57,3,8,5,辣鸡，就管自己的利益
63327,2012,陈涛,2017-12-01 00:01:05,0,6,6,这老师是不是傻逼啊，莫名其妙
64200,2012,陈涛,2017-12-21 11:12:32,0,4,4,期末考试让同学只有两次机会……平时迟到一两分钟就记迟到……
64504,2012,陈涛,2017-12-24 16:09:12,0,1,1,老师还不错的吧，评分标准都会讲清楚，如果你有事情，可以换在其他时间补课，老师也没有那么严啊，并不觉得是多差的老师
65104,2012,陈涛,2017-12-29 01:34:54,0,1,1,没上过她的课，不过就简单的接触就感觉不怎么样
66225,2012,陈涛,2018-01-14 03:42:52,5,8,3,虽然分数不高，但是算下来还是自己的原因，老师人好好ヾ ^_^♪也很负责，考专项的时候挺吃基础的，其他还是要靠自己努力，为老师的敬业态度点赞
66226,2012,陈涛,2018-01-13 14:02:16,0,7,7,给分太低，教乒乓球的给分最差的老师
67885,2012,陈涛,2018-01-22 08:47:59,3,5,2,人还不错 成绩 很耿直
68315,2012,陈涛,2018-01-23 03:14:19,3,6,3,给分太差了，完全不知道自己绩点怎么会这么低！！！
68353,2012,陈涛,2018-01-23 04:42:40,1,4,3,老师让我充分验证了我体育方面强劲的实力。
68408,2012,陈涛,2018-01-23 06:56:25,0,2,2,给分差
73047,2012,陈涛,2018-01-31 17:33:33,1,3,2,给分透明公平，老师认真负责，微微有点比较重视男生的感觉，可能女生打得比较不那么出色\n\n
74753,2012,陈涛,2018-03-05 12:46:51,1,4,3,呵呵。
79164,2012,陈涛,2018-05-25 03:19:31,1,9,8,真心很差的一个老师，千万别选她的课。怎么说呢，举个例子，12分钟跑，最后一圈已经跑了350米了，她吹哨了，最后给你按半圈200米。。啥都不说了，难受。
79883,2012,陈涛,2018-06-15 01:31:39,4,4,0,尽职尽责吧，别指望她给给学生通融什么
79959,2012,陈涛,2018-06-16 14:44:01,29,54,25,反对给分差。体育渣渣最后4.8。体育课每一项评价标准都是写得清清楚楚明明白白的，老师上传成绩之前会把大家的成绩发到群里给大家核查。对于要求会讲得很细，我没觉得有什么不好。没人觉得老师其实很漂亮而且很有气质吗？十二分钟跑老师也没有强制过大家一定要跑啊，骂一位教导了自己一个学期的老师rz真的好意思吗？
80039,2012,陈涛,2018-06-19 06:51:00,0,0,0,nice，虽然还没出来多少分
81110,2012,陈涛,2018-07-04 03:01:28,1,4,3,中肯的说老师的教学是比较按部就班的，请假、补课、考试都是按规矩来，期末给分也是每一项都很清楚。基本看自己的考勤和测试给分，所以不存在绩杀。
81549,2012,陈涛,2018-07-05 10:50:09,3,9,6,老师每项分数都列在表格里了 都是按规定来的 也让大家核实了 不知道你们哪里来的绩杀 楼下说的那个 没有跑到400米老师不给你算400你还说老师不好？是不是考虑一下自己的要求合不合理
84915,2012,陈涛,2018-07-14 10:45:29,5,12,7,我觉得老师很公平公正，认真负责，这点特别好，很有体育精神。这学期部分体测项目改为随堂测验，一些其他老师（比如篮球班老师）有严重的帮助学生作弊行为，比如50米7秒5，他能记成6秒7。在此种情况下，陈老师实事求是的精神便尤为可贵。关于绩点，公开透明，不加水。
87093,2012,陈涛,2018-09-20 08:27:38,0,4,4,这个老师emmmmm很差劲，真的不要选，真的，会后悔的。
88795,2012,陈涛,2018-11-08 06:59:58,1,2,1,认真负责，很好！！！
92097,2012,陈涛,2018-12-26 10:28:13,-1,3,4,老师人是很好的，但是太认真过头了。考试，引体向上，12分钟跑，全都是规规矩矩按照规矩来。讲道理这样是没错，可是体育课何必呢?
92249,2012,陈涛,2018-12-27 08:37:54,0,1,1,真的很严格！！
94240,2012,陈涛,2019-01-16 03:57:22,2,6,4,老师很负责，但是给分不掺水。辛苦一学期才2.7，但是还是给10分
94241,2012,陈涛,2019-01-16 04:03:03,-8,3,11,给分真滴差，第一次见到体育课还能给人挂的，还卡了我绩点
94244,2012,陈涛,2019-01-16 04:16:24,17,23,6,老师是好老师，就是给分爆炸\n\n并不是说压着分不给，而是毫不通融，有多少实力拿多少真实的分数。虽然我很欣赏这份实诚，但我的心在滴血。
94366,2012,陈涛,2019-01-16 08:18:21,14,27,13,老师挺好的啊，引体向上可以测无数次，体育专项可以测两次。最后拿了98分，第一个满绩。老师都是按照评分标准给分的，那些骂老师给分差的，原因是是什么，自己心里没点B数吗。
99873,2012,陈涛,2019-01-25 08:55:50,5,12,7,说给分差的，你对一个体育老师还能要求什么呢？自己乒乓球水平怎么样心里没点13数吗
106653,2012,陈涛,2019-04-28 16:13:43,1,5,4,老师很负责很认真 我真的是一个完全不会的菜鸡 老师经常指导。老师只是给分严格而已，完全按照标准给，出分前会把各项得分发出来给我们核对。真的很认真负责！这学期换了一个9+体育老师，但我觉得没有陈老师负责（也不怎么指导我们，还和边上老师聊天）
109437,2012,陈涛,2019-06-14 12:29:17,1,3,2,老师真的很好，我完完全全一个菜鸡，老师上课的时候就很有耐心的教我 给我纠正动作，对初学者超级友好，也很负责！有事情都反复通知。虽然到最后我打的也不是很好，成绩不高，但我超喜欢上老师的课！
110405,2012,陈涛,2019-06-26 11:03:36,12,14,2,反对热一评论 十二分钟跑例假可以缓考直接说就行了老师也没有任何不耐烦 给分严格按照标准是真的 但也无可非议 只是如果十二分钟跑相差一点整圈就比较惨吧
112353,2012,陈涛,2019-07-04 02:31:24,0,2,2,很认真的老师！有点唠叨，满了开心！
115334,2012,陈涛,2019-07-19 00:21:09,-1,1,2,上课挺好
116308,2012,陈涛,2019-09-08 02:27:56,-1,1,2,老师非常好，给分好，比较人性化，还会给新手知道。满分！
116652,2012,陈涛,2019-09-12 08:43:15,3,3,0,话真多......
120652,2012,陈涛,2020-01-14 16:43:09,1,4,3,老师给满绩啦！
128437,2012,陈涛,2020-12-23 04:56:12,-1,0,1,超级认真，负责
128754,2012,陈涛,2020-12-25 07:08:10,3,7,4,很认真负责的，为啥评分有点低？我来顶一把哈哈
128839,2012,陈涛,2020-12-26 01:56:13,2,3,1,老师很认真，会一直提醒你不要忘了体测什么的，同时考试的话是不存在放水行为的。
128939,2012,陈涛,2020-12-27 07:39:22,2,2,0,除了十二分钟跑有点严格（这无可厚非），真的是个很好的老师！
131656,2012,陈涛,2021-01-28 10:26:31,0,1,1,老师很认真，又不懂就问一定会解答，大学第一门满绩就是陈涛老师的！
133336,2012,陈涛,2021-02-26 02:45:47,-3,0,3,陈老师上课感觉很放松，随随便便一节课就过了，一点都不累，事少
134881,2012,陈涛,2021-04-20 07:51:07,-16,7,23,我觉得老师很公平公正，认真负责，这点特别好，很有体育精神。这学期部分体测项目改为随堂测验，一些其他老师（比如篮球班老师）有严重的帮助学生作弊行为，比如50米7秒5，他能记成6秒7。在此种情况下，陈老师实事求是的精神便尤为可贵。关于绩点，公开透明，不加水。
135510,2012,陈涛,2021-05-12 09:02:49,-1,1,2,其他的我不说，身体素质课很轻松，每次都能提前下课
135998,2012,陈涛,2021-06-09 02:33:17,3,5,2,别的不想说，隔壁班的同学考乒乓球专项，明显就是送球的同学可能以前不怎么送球吧，导致每个同学都有十来个球的下滑，你在那里一直叫什么这是中级班啥的还说数量也影响之类的话吧啦吧啦的是不是有点过分，一场考下来送球同学的失误比考试同学还多你说动作不够流畅hh。
140770,2012,陈涛,2021-09-16 02:39:41,1,1,0,废话太多
141890,2012,陈涛,2021-10-30 06:28:58,1,1,0,废话真是多 给分差
143400,2012,陈涛,2021-11-25 05:10:43,5,6,1,废话比较多，说话较啰嗦。陈老师要跑12分钟跑的时候因为有个同学在钉群里问了一句是不是在东操就很生气，叨叨了快十分钟，批评我们不会看通知啊啥啥的（但是我并不认为需要这么大张旗鼓的解决这个事，别人确认一下也是对同班同学有帮助的）。一开始跟她学乒乓球还挺快乐的，但是后来会慢慢感受到她讲话啰嗦有些时候还是蛮令人难受的。
147079,2012,陈涛,2022-01-08 15:10:33,-1,1,2,别的不说，老师在自己的范围内真的很负责很好说话，虽然话很多但也是负责的
148767,2012,陈涛,2022-01-13 12:37:07,3,5,2,老师很好，就是有点严格
154738,2012,陈涛,2022-06-04 12:20:11,0,2,2,。。。
162370,2012,陈涛,2022-11-21 05:16:05,0,4,4,会捞人吗？
163317,2012,陈涛,2022-12-21 04:43:39,-10,7,17,好的，这个老师，给分求是就求是呗，不应该求是才是正常的吗？别的老师给分放水是那个老师心好，但是不代表这个老师就是不好啊。反正就是有实力就选这个老师呗，我反正这学期打完卡就满绩了。我十二分钟跑照样能拿满分。我更喜欢这个老师，因为课真的水。我上课也不听，就玩，很开心。反正能拿满绩
163782,2012,陈涛,2022-12-16 05:54:05,4,5,1,实在啰嗦
163895,2012,陈涛,2023-01-15 01:57:47,-1,2,3,老师人很好的
168681,2012,陈涛,2023-02-21 03:39:35,-2,1,3,认真负责。我小菜比打的太烂了，老师真·手把手教我给我喂球。就是以后可能不是很敢选乒乓球了，大佬太多被虐地太难受了。。。
169305,2012,陈涛,2023-02-25 10:05:15,1,2,1,老师非常有耐心😘
169797,2012,陈涛,2023-02-28 02:28:51,5,7,2,成绩公示大家都看得到，给分是真的不错，很少卡绩
172157,2012,陈涛,2023-04-21 01:31:17,6,6,0,实在是啰嗦
172863,2012,陈涛,2023-05-09 00:48:46,3,4,1,很苛刻的女人
173482,2012,陈涛,2023-05-30 03:38:57,4,4,0,模拟考试前一周，关于有没有乒协的同学来陪考，她只说不确定，有可能有也有可能没有😅但凡给个准信，同学们都会按照确切消息去准备吧。。\n\n我之前选过三次乒乓球，从没有说“不确定”有没有乒协陪考的。有的老师自己陪考，有的积极和乒协沟通保证有陪考。\n\n陪考的乒协同学没来，等到上课很长时间老师才询问乒协，但凡提前一天问问情况呢，这样才有安排的余地啊。看样子在上课前完全没关注陪考的情况啊，周五上午到底有没有陪考也不清楚。。到最后来怪罪同学们水平不行、准备不好😅
173647,2012,陈涛,2023-05-31 04:20:34,13,13,0,这么大年纪了怎么还火气这么大啊
173653,2012,陈涛,2023-05-31 06:52:04,6,8,2,真的坏到骨子里
174161,2012,陈涛,2023-06-07 01:39:36,1,3,2,除非你本来就水平很高，不然还是别选了....完全不在意绩点与不在意是否能学到东西的除外...
176048,2012,陈涛,2023-06-27 13:37:09,-2,1,3,老师给分很好很耐心
177768,2012,陈涛,2023-07-04 17:19:28,1,2,1,周四上午班 这学期感觉还行 有些东西反复讲 还不如发群里 省的有人每节课都问 自从体育改成体测成绩之后确实扣更多了 专项也是其他老师打的也没法放水吧
180895,2012,陈涛,2023-09-28 02:43:12,0,1,1,先观察一下
182149,2012,陈涛,2023-11-10 16:21:33,-5,5,10,老坏女人
184862,2012,陈涛,2023-12-23 14:26:11,4,6,2,其实这位老师也没有说的那么不好，她打分都挺实在的，而且感觉这种课没有什么捞不捞人的问题，这期末考试也没法放水吧。可能就是有些严格，有时候火气大了点，也很正常，不要太放在心上也就不怎么在意了。重点是你只要技术还过关，至少在考核上是能拿到实在的分数的。
185442,2012,陈涛,2023-12-29 10:46:10,3,6,3,这学期的话老师还是没前面说的那么不堪 虽然确实求是而且因为年纪大了非常非常能bb 但是耐心还是不错的 你不会打老师真的会教你，除非你废物到球都接不到 如果有基础的话完全不用担心考试
186787,2012,陈涛,2024-01-13 05:11:51,1,6,5,一个字，史
193029,2012,陈涛,2024-06-02 17:34:20,1,2,1,脾气太差，火气太大
194669,2012,陈涛,2024-06-25 02:08:00,0,2,2,出分了来评价一下，给分还行吧（个人观点，自己有点乒乓球基础），这课主要期末考正式考试还是别的老师考核的（老师相互考核他们的班级），emm至于说火气大，确实有点，而且比较按规矩来，不喜欢重复说，要多关注老师的信息吧，即使老师生气发火其实也就单纯发发火吧，也不会特别就针对个人怎么样怎么样，老师毕竟年纪大了
198561,2012,陈涛,2024-09-10 03:00:17,0,1,1,话太多了，站一个小时了
199311,2012,陈涛,2024-09-21 00:25:26,2,3,1,每节课讲的很久，给同学上桌练习的时间很少，只讲直拍，缺乏耐心
200765,2012,陈涛,2024-10-22 04:54:16,4,5,1,一般，话有点多
201606,2012,陈涛,2024-11-05 00:18:52,5,7,2,你能忍受每周早八听一个超雄更年期扯着嗓子对你吼就没问题
203508,2012,陈涛,2024-11-20 01:55:37,0,1,1,别选，会不幸
207703,2012,陈涛,2024-12-24 02:49:51,2,2,0,以自己的体验来说，及时收通知，每堂课正常上就没什么问题，老师人还是好的，课上落东西了课后也会很快给你发消息，12分钟的时候也捞了挺多人50多米的
210789,2012,陈涛,2025-01-10 03:06:48,2,2,0,其实还好，就话可能多了点，给分也还可以的，不过老师马上要退休了
210929,2012,陈涛,2025-01-10 07:45:17,2,3,1,我不管，反正目前为止这门课的绩点是我最高的^－_－^
216194,2012,陈涛,2025-03-12 06:33:34,4,4,0,打球教不明白，废话贼多，给的练习时间很少
216576,2012,陈涛,2025-03-19 00:35:26,3,3,0,台阶把啰嗦了
216577,2012,陈涛,2025-03-19 00:41:09,3,3,0,废话多，不怎么教怎样打球。本来就不怎么会打，还要打一会儿就换一个人打。真不知道怎么想的。不关注动作有什么问题，反倒关注有没有换人对着打。最后一次上体育课了，遇上了这么个逆天老师，无语😓
216640,2012,陈涛,2025-03-20 01:46:26,1,1,0,。。。
216841,2012,陈涛,2025-03-26 13:09:02,-1,0,1,老师很认真，不会打的也会教你怎么打，虽然有点点凶
218405,2012,陈涛,2025-04-23 07:44:50,7,7,0,死板，固执，脾气大，上课氛围极差，废话多，上课内容最多演示一次，不讲细节，全靠自己摸索，但是给的练习时间又少，每次换搭档练习，换位规则说不清，你不换就骂你，换错了也要骂。这是我大学最后一次体育课，也是最讨厌的体育课，但不是说讨厌乒乓球。老了就赶紧退休，别在这祸害人。总之就是史，谁选谁倒霉。
218953,2012,陈涛,2025-05-15 02:44:09,2,2,0,小肚鸡肠
218955,2012,陈涛,2025-05-15 03:50:56,3,3,0,纯sb，天天内涵学生，不知道是自己上课讲事情讲不清楚吗？总是摆着一副站在道德制高点的样子。
219040,2012,陈涛,2025-05-20 01:39:19,4,5,1,每天就跟吃了火药一样，随便一点鸡毛蒜皮的小事不如她的心意就要叭叭叭地说个不停。不把学生当人，非常不负责任。想不出除了sb外还有什么词能用来形容她
219044,2012,陈涛,2025-05-20 01:53:17,2,3,1,纯nt
219414,2012,陈涛,2025-05-27 01:07:21,2,3,1,乒乓球初级。隔壁恽冰老师来的，期末考试是ct给我们考的，跟脑瘫一样让初级班的人给初级班喂球，恽冰都是自己喂的。\n\n\n\n然后得知我们班原来有乒协的人（乒协的好像可以喂球？），她一脸优越感的说是你们自己不要分数不知道让他来考。\n\n\n\nct自己班是恽冰考试的，技评分很多A+，A的。我们这里寥寥无几。\n\n\n\n所以换而言之，可以选她的班级，然后期末考享受恽冰老师稳如老狗的喂球和高技评分。但恽冰老师这边正手攻球数个数可以一直考，满意为止。不过考虑到恽冰老师高超的喂球技术--你但凡会把拍子拿在手上，50个就有了；如果你会顺着球路把拍子立起来，不用发力，60就有了--我还是建议你选ct和恽冰老师一起开课的时间段的ct的乒乓球。除非下次期末考ct自己来了：那自求多福
1647,2030,何一兵,2018-06-20 02:16:29,-75,16,91,一心一意在教网球了，对女生很好\n\n
4124,2030,何一兵,2020-01-25 01:01:20,162,192,30,老色鬼，对女生很关注。给分略坑
6422,2030,何一兵,2015-07-14 01:53:49,46,53,7,给分略坑
6902,2030,何一兵,2017-10-11 15:46:46,-130,11,141,老师水平没话说，人也很好，上他的课会有很多收获
7199,2030,何一兵,2015-09-10 14:33:34,-66,15,81,网球课上没什么机会练球，老师挺厉害的，给分…
10337,2030,何一兵,2020-01-25 01:01:15,86,96,10,老色鬼
13274,2030,何一兵,2015-12-26 05:19:36,94,101,7,老色鬼+1
13285,2030,何一兵,2015-12-26 07:25:41,47,53,6,给分坑 考试对男生超级严格
16627,2030,何一兵,2016-01-18 14:33:11,-88,9,97,老师其实人还可以，就是真的不留情啊。该说严格还是公正，只给你两次机会，然而绩点就是低……网球还是看运动细胞……但是学习的过程很有意思。
16937,2030,何一兵,2018-03-08 10:46:31,98,110,12,渣比，上课给人不舒服的感觉，老色鬼
18849,2030,何一兵,2016-01-22 15:35:34,83,90,7,为什么不能打0分？
22319,2030,何一兵,2018-03-08 10:48:34,69,81,12,开宝马，抽中华+楼上评论所讲
22842,2030,何一兵,2016-04-17 14:34:45,76,83,7,渣比渣比渣比渣比
25869,2030,何一兵,2016-06-13 03:08:06,49,56,7,见过最不负责任的老师之一
26016,2030,何一兵,2017-01-05 09:46:29,51,57,6,我就呵呵了
28201,2030,何一兵,2016-06-28 08:15:29,-68,1,69,。。。
28943,2030,何一兵,2016-06-29 04:05:46,-81,5,86,很有原则的老师
29012,2030,何一兵,2016-06-29 06:22:57,-99,11,110,很有原则的老师  两次机会就是两次  这样大家才公平   给分低只能说这门课本身就比较考验运动细胞  自己要量力而报  别因为给分低就怪老师  自己身上找找问题
34214,2030,何一兵,2017-01-02 07:10:45,37,42,5,给分好差的说...哭
35709,2030,何一兵,2017-10-06 10:17:24,18,26,8,给3.6，脑子有病
36096,2030,何一兵,2016-11-10 12:20:31,-70,6,76,给分差，但是教的不错\n\n
36131,2030,何一兵,2016-11-10 14:02:33,-87,6,93,手把手教的好老师，有时候略严厉，但是教的非常用心，好好学可以获得非常多的网球技巧。
39547,2030,何一兵,2016-12-24 07:30:53,37,46,9,同志们，死都别选这老师的课，老师巨坑，标准特别高，我差点挂科了，千万别选他的课，最低1分我只给了1分，有0分我一定给0分
40372,2030,何一兵,2018-03-08 10:47:55,79,85,6,老色鬼
41185,2030,何一兵,2017-01-10 02:24:21,56,61,5,总之不要上，真的是渣
43587,2030,何一兵,2017-01-16 14:52:44,27,33,6,打卡打满理论考90+对墙击球30，成绩出来只有2.4WTF…
43592,2030,何一兵,2017-01-16 14:57:27,-71,5,76,很好呀呀
43637,2030,何一兵,2017-01-16 16:15:44,-77,4,81,一言难尽
43861,2030,何一兵,2017-01-17 05:13:45,38,42,4,超级超级严格，简直没有办法，一点也不留情面。
46170,2030,何一兵,2017-01-21 00:23:06,39,42,3,非常严格，给分不好
51998,2030,何一兵,2017-06-14 05:25:00,-108,6,114,男神，好爽啊，嗷嗷
55305,2030,何一兵,2017-07-01 08:39:47,82,90,8,老色鬼
57789,2030,何一兵,2018-03-08 10:47:33,91,100,9,色迷迷看着我女票！
63106,2030,何一兵,2017-11-28 10:01:53,57,60,3,拉闸老师
69857,2030,何一兵,2018-01-25 14:12:04,38,40,2,绩杀绩杀，大家千万别选！！！！
69925,2030,何一兵,2018-01-25 16:17:51,32,38,6,操蛋到家，不得已才选，真没办法\n\n
70001,2030,何一兵,2018-01-26 02:29:45,36,40,4,怎么没有零分这个选项
76566,2030,何一兵,2018-04-15 08:37:02,-73,0,73,...
79795,2030,何一兵,2018-06-13 15:46:46,-72,7,79,我觉得老师教的很可以啊，对我们要求比严格，而且平时会和我们聊天，并且经常鼓励我们周末练习。
81692,2030,何一兵,2018-07-06 02:18:15,-74,9,83,谁说老师是个色鬼了，是某某心态在作怪吧。。\n\n老师上课对男生女生都一样，做不好的动作就纠正，没什么偏心不偏心的。。\n\n至于绩点，那自己的成分比较大毕竟老师权限内的给分也不占多数（我绩点3.9但主要是体测差）。。\n\n上课气氛很好，老师很幽默，最后一节考试的时候还有同学回球直接打到老师头上/偷笑。。
86574,2030,何一兵,2018-09-17 08:57:06,5,7,2,网球拍不要买
92603,2030,何一兵,2020-01-25 01:01:54,106,117,11,在网球场总是色眯眯的看着女生，很猥琐
92676,2030,何一兵,2019-01-03 13:45:03,-75,5,80,其实我觉得老师挺好的 不知道评论为何如此...\n\n老师教得挺好的 也不凶 emmm也不怎么和善 不过有时候还是会开开玩笑的 给八分！
96718,2030,何一兵,2019-01-21 09:44:05,46,47,1,彻底让我对球类运动恐惧了
100065,2030,何一兵,2019-01-25 13:33:45,17,18,1,现在还没出分老师是不是忘记有这门课喽
103126,2030,何一兵,2019-02-26 05:40:19,-72,5,77,其实挺好啦
105469,2030,何一兵,2019-04-15 02:15:38,-70,4,74,一门网球课活生生上成网球健美课，天天练姿势，无聊的很
106788,2030,何一兵,2019-04-29 12:50:13,-74,7,81,我觉得何老师挺好的，专业素养不错，上课认真。
108463,2030,何一兵,2019-05-25 17:21:13,65,67,2,一言难尽啊
108726,2030,何一兵,2019-06-01 03:03:42,-71,6,77,目前不错啊，并没有做什么过分的是，虽然现在还没有考试，不过教的很认真仔细，注重基础，不想练，不想学的才会骂人。
109169,2030,何一兵,2019-06-11 02:39:31,-73,8,81,老师脾气很好啊，对学生也蛮上心的，这学期也没遇到过他们说的那些问题，推荐选，上课还是很舒服的
109390,2030,何一兵,2019-06-13 16:56:00,-73,10,83,看看这条评论吧！！！为老师正名！！！老师人很好！！不想热评说的那样！老师很敬业，会帮助学生指出问题，非常适合初学者！网球初级班动作指导很基础专业！！
109854,2030,何一兵,2019-06-19 18:18:20,13,15,2,98观光团
115580,2030,何一兵,2019-08-05 18:26:35,3,3,0,...
115602,2030,何一兵,2019-08-07 15:11:09,0,1,1,.，。
116086,2030,何一兵,2019-09-03 07:55:01,133,138,5,老狐狸
117337,2030,何一兵,2019-09-23 04:54:29,-74,6,80,看评论给我吓得啊，上了课觉得真不错
117740,2030,何一兵,2019-09-30 05:25:16,-74,2,76,老师很认真的啊 注重基础 专业素养也强
117792,2030,何一兵,2019-10-01 16:18:32,22,22,0,希望不要绩杀啊
118250,2030,何一兵,2019-10-24 00:10:12,34,34,0,不负责，上课累
118384,2030,何一兵,2019-10-26 06:52:32,25,25,0,绩杀老师
120128,2030,何一兵,2019-11-17 15:45:37,82,82,0,龟仙人
121206,2030,何一兵,2019-12-30 02:06:45,-74,1,75,老师很负责，专业很强，反复强调动作要点，给分也不错。我体测没测全还帮我单独传了成绩。
121943,2030,何一兵,2020-01-25 01:00:02,-79,0,79,何老师是很棒的人啊
122857,2030,何一兵,2020-04-15 05:34:06,101,102,1,喜欢挑漂亮的女队员打比赛 盲目自信 自以为是 奇葩到家 服了喽
122964,2030,何一兵,2020-04-26 10:39:29,40,40,0,下学期准备选网球课， 看了评价细思极恐 一言难尽…慌的一批 还是算了
123040,2030,何一兵,2020-05-04 07:36:56,61,61,0,哎 很难受 一点都不舒服
123064,2030,何一兵,2020-05-07 11:45:23,99,100,1,割完眼皮 心思全在身上 打得不好 比赛总去白嫖 好嗨好爽嗷嗷
123963,2030,何一兵,2020-06-18 06:39:02,99,101,2,老何高水平招生闷声捞钱好爽...我也想发财啊！
124040,2030,何一兵,2020-06-22 06:54:26,25,25,0,网球高水平招生 捞了多少钱你自己说 爽不爽？我看着都觉得爽
124595,2030,何一兵,2020-07-03 11:25:27,16,17,1,今年的疫情暂缓了高水平招生 阻碍了你捞钱的脚步...
125552,2030,何一兵,2020-09-11 10:22:46,3,4,1,老色批
125689,2030,何一兵,2020-09-13 05:54:52,3,3,0,猥琐男
125922,2030,何一兵,2020-09-15 23:26:09,4,4,0,上个身体素质课直接把我腿上废了，你真行啊，净挑我们男同学搞
126299,2030,何一兵,2020-09-22 04:03:48,-8,5,13,上了两节课 没感觉老师有多不正经 上课也很正常很有内容 为啥这么多差评………
126408,2030,何一兵,2020-09-25 05:45:26,0,0,0,...
126446,2030,何一兵,2020-09-27 04:41:40,5,5,0,老师上课看起来很正经，该不会是看到自己的评价后重新做人了？
126457,2030,何一兵,2020-09-27 10:55:08,4,4,0,lsp了，老绅士了
126547,2030,何一兵,2020-09-30 05:49:44,2,2,0,老污龟
126645,2030,何一兵,2020-10-11 09:02:49,10,11,1,pxy sao
126817,2030,何一兵,2020-10-21 08:19:17,30,31,1,彭馨yi 老名媛了
127120,2030,何一兵,2020-11-09 06:54:28,0,0,0,2.9...
127500,2030,何一兵,2020-11-23 15:54:39,0,0,0,...
128171,2030,何一兵,2020-12-09 09:01:16,0,0,0,...
128421,2030,何一兵,2020-12-23 00:56:19,-11,3,14,给个10分希望绩点高一点-
128881,2030,何一兵,2020-12-26 10:44:17,0,0,0,三个字
129009,2030,何一兵,2020-12-28 09:05:14,2,3,1,阴间体辅课\n\n不要选！！！
129063,2030,何一兵,2020-12-29 09:32:27,2,2,0,累坏了
129244,2030,何一兵,2021-01-02 08:40:16,1,1,0,lsp
129302,2030,何一兵,2021-01-04 03:50:20,-15,1,16,网球课上得不错
129425,2030,何一兵,2021-01-05 08:05:07,1,1,0,网球课不行
130373,2030,何一兵,2021-01-21 12:55:06,0,0,0,其实我觉得还好 就是网球课的确上成了形体课
130476,2030,何一兵,2021-01-22 17:41:43,0,0,0,总体还行，但会卡绩。
130666,2030,何一兵,2021-01-24 06:48:59,0,0,0,给分严格
132924,2030,何一兵,2021-02-05 03:52:15,0,0,0,形体课绝了
134063,2030,何一兵,2021-03-15 02:00:13,6,6,0,纯nt，习题课下课本来时间就急，稍微迟了一分钟就算我迟到，至于吗？其他老师都不这样啊。
134503,2030,何一兵,2021-03-30 08:22:30,3,3,0,虽说负责，但不太讲情理的。慎重考虑！！！
134595,2030,何一兵,2021-04-03 16:04:22,3,3,0,不讲情理 情商很低
134713,2030,何一兵,2021-04-11 17:31:37,1,1,0,小男人家家 通情达理点好伐
134837,2030,何一兵,2021-04-17 21:07:26,1,1,0,选楼恒阳老师的课  别选他
134849,2030,何一兵,2021-04-18 19:34:24,2,2,0,保佑你们都能选上楼恒阳老师的课！
134855,2030,何一兵,2021-04-19 05:56:44,1,3,2,建议都选何一兵的课 这样我就更有希望选到楼恒阳的课
134904,2030,何一兵,2021-04-22 03:21:35,2,2,0,老何高水平招生闷声捞钱好爽...我也想发财啊！
140076,2030,何一兵,2021-08-25 01:16:48,3,3,0,老色龟
151128,2030,何一兵,2022-02-23 09:53:40,12,12,0,感谢您让我对上学期的身体素质有无限的追忆，感谢您用一节课让我成为了你口中憎恨体育的人，我不想多说，整个操场最显眼的的就是中间草地上趴着的一群人，当你插着口袋一脸慈悲地说，还剩五分钟，放过你们，我代表人民群众谢谢您。年龄大了，色一点很正常，但您的情商堪忧，腰伤直接被劝退，工体部老师都不敢相信，我只能说纯纯牛m，您的评分不是白来的，真诚地希望您能把评论看完，所谓黑白两道，是非分明大概如此。感恩有您，让我快乐的一天充满了阴暗，纵心中千万句mmp，感恩有你，感恩，感恩……
152204,2030,何一兵,2022-03-30 08:32:43,0,0,0,身体素质课折磨人，跑步打完卡还让我们等半天不见人，签到都要等好久
154941,2030,何一兵,2022-06-07 03:40:21,1,3,2,亲测有改过，老色批的话是有点，他喜欢拉女生做示范，别的没有。本身网球水平应该是很高的，教的也还行，还是照顾学生的。
154967,2030,何一兵,2022-06-07 07:14:21,0,0,0,呵呵呵
163241,2030,何一兵,2022-12-10 15:29:29,0,0,0,为人难以接受
164540,2030,何一兵,2022-12-21 14:13:54,0,0,0,搞笑吗？网球教练？
166136,2030,何一兵,2023-01-11 07:27:53,0,0,0,没累死我算我命大
170335,2030,何一兵,2023-03-03 02:44:36,1,2,1,如果希特勒 墨索里尼跟何一兵同时掉水里，我有一根棍子。你问我救谁？谁救何一兵我打谁
192970,2030,何一兵,2024-06-01 10:39:15,0,0,0,何老师很好的哇，很认真负责，上课也挺幽默的，没有像上面说的那样！srds现在何老师也退休啦哈哈哈哈哈。想选网球课的同学们推荐楼哥，姓虞的两位老师和李志远老师，人都好好！！！
218527,2030,何一兵,2025-04-24 07:51:55,0,0,0,全班就我一个没买他的球拍，用的室友的，考试成绩也是均值，差点把我挂了，😀
13103,2047,刘斌,2017-12-30 14:47:42,30,44,14,好好好
37501,2047,刘斌,2016-11-19 06:59:09,9,15,6,高级自修课
42738,2047,刘斌,2017-12-28 04:35:24,5,8,3,很棒的老师
43070,2047,刘斌,2017-01-15 15:44:57,1,2,1,超级喜欢老师\n\n
49001,2047,刘斌,2017-03-21 06:57:32,1,2,1,很好的老师
62327,2047,刘斌,2017-11-24 08:10:56,0,2,2,挺好的，上课轻松
65722,2047,刘斌,2018-01-08 13:12:27,11,12,1,老师对各类音乐的讲解都挺好的，上课也没有很多要求，可惜几乎没什么人听讲。
67390,2047,刘斌,2018-01-21 05:30:58,2,6,4,上课时候学生较为自由，作为一个工科生，在课上可以空出一点时间放松一下，听听中外名曲，听听老师的讲解，稍微放松一下心情，挺好的.
76894,2047,刘斌,2018-04-25 12:26:00,2,4,2,好！ 真的挺好的。\n\n音乐也很好听！
78158,2047,刘斌,2018-05-09 15:35:11,4,8,4,老师很和蔼很博学，选出的音乐也很经典。课程要求不多，平时到场坐着听听音乐，结课写篇论文就好了。想水可以水过去，认真听也可以很有收获！
80002,2047,刘斌,2018-06-19 03:18:38,1,1,0,可以自己干自己的事情，然后老师放歌，还能听到很多歌剧交响曲，不错
82900,2047,刘斌,2018-07-09 09:32:42,1,1,0,非常棒
82918,2047,刘斌,2018-07-09 10:01:08,1,3,2,上课就听听歌。只想说给分真的好，3000字小论文水水就过去了。
83261,2047,刘斌,2018-07-10 03:42:16,0,1,1,很不错，无论你的音乐基础如何，都能感受到音乐的美丽
86861,2047,刘斌,2018-09-19 06:09:09,0,1,1,很搞笑 我觉得我很空
86878,2047,刘斌,2018-09-19 06:53:02,-4,2,6,歌唱艺术代课不知道在讲什么东西……我是在上解剖课吗？
86905,2047,刘斌,2018-09-19 10:34:37,0,1,1,很舒心
87269,2047,刘斌,2018-09-26 10:03:11,0,1,1,老师特和蔼
88314,2047,刘斌,2018-10-28 08:51:34,1,1,0,老师代课真的很认真，但太无聊了原谅我听着听着直接睡着了，还是缺少实践吧
88509,2047,刘斌,2018-10-31 12:59:36,2,2,0,很轻松，但很有收获
89874,2047,刘斌,2018-11-21 06:15:45,2,3,1,挺好的，给分有点尴尬别的没什么了
89915,2047,刘斌,2018-11-21 08:23:37,8,10,2,课很水，但是这绩点有点。。。
89942,2047,刘斌,2018-11-21 10:44:27,1,4,3,每次都点名，老师很和蔼，知识面也很广，偶尔来几句也非常好听，来上这个课，觉得最大的收获还是能放松吧，最后几节课的图兰朵让我回忆起了高中的一些事情，事情挺少的，就一份论文，如果认真听的话会有很多收获，当成高级自修的话小心绩点，这次给分一般
89950,2047,刘斌,2019-02-25 03:33:53,7,12,5,我是真的悲伤，每节课都认真听，坐在第二排和老师眼神交流，期末论文也真的认认真真好好写了，3.3的绩点让我真的很无语。感觉每周从紫金港到玉泉的辛苦都白费了
89999,2047,刘斌,2018-11-21 13:41:33,1,3,2,老师上课还是挺好的，上课也确实很自由，就是每次课点名都到，论文写的很认真了，结果分数低得有点失望，和之前的评论不太符合。
90161,2047,刘斌,2018-11-22 09:28:31,3,4,1,绩点让人伤心
90200,2047,刘斌,2018-11-22 12:25:48,6,7,1,绩杀绝望，每周三从紫金港跑去玉泉，从没迟到，论文也写得很认真，3.3真的很难受了。
90324,2047,刘斌,2018-11-23 06:56:19,3,5,2,老师挺好的 每节课都点名 人好 事少 除了最后的论文外什么作业都没有 就是跨校区上课有点累 成绩3.9 还是有点失望吧 但老师真的好 真的好
90717,2047,刘斌,2018-11-25 11:19:37,-3,0,3,。。。。
90947,2047,刘斌,2018-11-28 02:40:22,6,10,4,前两节课讲音乐术语，讲得特别慢，感觉没讲多少。\n\n后面的课都是听音乐，不需要用到前面两节课的知识。\n\n上课点名，但是老师不会管你是否在干别的事。\n\n我认为老师可以用来评分的就只有点名和期末论文。期末论文评分标准不清楚。反正我请假一次，论文写了三到四小时，绩点3.3，79分。\n\n我猜测是我题目选得不好。写论文是老师给题目，然后我选一个来写，但是我估计由于有些主题写的人很多，并且难以写出新意，老师看腻了，所以给分低。\n\n我建议可以选随笔的主题写，这样可以有点新意。反正我一个写随笔的同学分比我高多了。
92046,2047,刘斌,2018-12-25 15:30:29,7,7,0,我秋学期的被正太了...奉劝各位论文一定要好好写，平时上课水水作业也就算了。老师是真的和蔼，很博学的感觉
92371,2047,刘斌,2018-12-28 05:41:10,-17,1,18,为人和蔼又知识面广讲课幽默，认真听也能学到很多。要不是在玉泉开课估计也要爆满了。从紫金港跑到玉泉上课，但是老师好绩点高，这波不亏。
92545,2047,刘斌,2019-01-02 10:19:32,1,5,4,音乐很好，老师讲得也不错，就是没人听?
92742,2047,刘斌,2019-01-04 05:55:42,10,17,7,平时上课就做做微积分线代作业，最后论文一定要注意选题啊！我一个选随笔的同学4.5，我认真写了一整天的论文3.3，不得不说有种每次从紫金港望玉泉奔波的努力有点白费了。。。
96294,2047,刘斌,2019-01-20 16:46:58,2,6,4,绩杀，真.绩杀，不知道给分标准是什么，完全看老师心情＋论文\n\n平时有人课后带签到就好\n\n论文选题一定要好。
96296,2047,刘斌,2019-01-20 17:00:52,4,6,2,3.9 给分不好 签到让别人牵一下 课不用去 论文真的应该写小众化的选题 随笔什么的分会高一点
96310,2047,刘斌,2019-01-20 23:07:01,0,7,7,老师讲的很棒，如果认真听了论文很好写的。总共只有一篇小论文，事少分高
96315,2047,刘斌,2019-01-20 23:26:51,10,11,1,卡绩?
96321,2047,刘斌,2019-01-20 23:56:09,3,12,9,看了前面的评论，我想说您课都没去上，最后说给分不好，合适吗？？？
96336,2047,刘斌,2019-06-01 12:14:33,12,26,14,给了十分，因为觉得老师真的很有音乐修养而且为人温和，很喜欢老师，但是emmm……这是我目前为止第一门下4的课，想要绩点的还是慎选吧
96342,2047,刘斌,2019-01-21 00:46:43,23,28,5,给分不好，卡绩点
96375,2047,刘斌,2019-01-21 01:30:13,19,22,3,给分不好
96380,2047,刘斌,2019-01-21 01:41:06,-1,1,2,可能因为我听不大懂 感觉老师讲课有点无聊 事情是真的少 就期末一篇2000-3000的小论文 认真写绩点还是过得去
96425,2047,刘斌,2019-01-21 03:13:44,4,6,2,建议同学真的有事要请假的话还是找人代签吧，从老师的语气和签到表来判断，请假好像跟旷课没差，然后写论文的我也凉凉被正态了..
96456,2047,刘斌,2019-01-21 04:13:39,3,5,2,老师真的很不错，艺术素养极高，如果认真听课的话可以收获很多，作业不多，就是玉泉到紫金港来回跑是真的有点累，感觉老师的给分也很不错，三小时左右一篇论文，绩点有4.2，很开心了
96904,2047,刘斌,2019-01-21 12:11:28,4,8,4,老师不错。就是感觉太形式了有。点僵硬，期末一个歪果小哥哥，因为不懂a3和a4的区别论文没打印好，这老师和小哥哥掰扯半小时，就是不肯通融，也不肯接受补交。。。还有一个小姐姐因为教务网的失误，缺课，这老师也不肯通融说她到课率不行，一定要给她打刚好六十分，还说什么我要是通融了就不符合规定了。。。点点无语。
97060,2047,刘斌,2019-05-03 14:44:15,-1,3,4,中外名曲欣赏看均绩就知道给分怎样了= =\n\n不过课是真的不错，想水的可以水，想听的话也蛮有趣的。来回玉泉虽然辛苦但是玉泉的食堂真的很好吃。\n\n而且没什么事情，一共就需要期末写一篇小论文。我觉得还是挺不错的。
97603,2047,刘斌,2019-01-22 11:55:59,2,4,2,老师特别和蔼，很像我以前的钢琴老师。欣赏的音乐也敲棒！尤其是黄河钢琴协奏曲真的让人泪目！给分也不错，我写的是随笔。\n\n（可能因为我总是坐固定的位置吧有一次下课了我在教室写作业老师走的时候还问我叫什么名字哈哈哈）
100487,2047,刘斌,2019-01-26 07:52:03,1,1,0,特别水。
100826,2047,刘斌,2019-01-27 01:29:45,3,3,0,给分不是很好
106600,2047,刘斌,2019-04-28 09:42:30,-5,2,7,如果怕绩点不好看，可以试试写散文，我感觉自己的文笔也就那样，结果绩点还有4.5……不管怎么样，感谢老师?老师真的很有涵养，认真听他上课还是会有很多收获的。
106642,2047,刘斌,2019-04-28 14:14:36,-4,3,7,每节课点名。无考试。写论文。上课带耳朵做别的事。很随性。    论文2000-3000字。我写的随笔，没文笔，有真情实感。给我89分。还是挺开心的。老师声音很舒服。课上我也的确听了许多名曲。推荐一上
106659,2047,刘斌,2019-04-28 23:36:38,0,1,1,平时很轻松，一般上课都是老师先介绍内容，再欣赏音乐。第七周布置论文，第八周交纸质版，写了2000出头就有87，对我这种写论文十分艰难的人说还不错。上课听点音乐，写写作业还挺好的，虽然我一般效率不高就是了。
106766,2047,刘斌,2019-04-29 10:59:34,8,8,0,绩杀！真的！3.0可还行？！猛男落泪
109823,2047,刘斌,2019-06-19 13:07:17,0,1,1,老师人很好呀 上课没什么事情 最后交一篇论文就好了 查老师上说写随笔给分高就写了随笔 给分是还可以耶
111288,2047,刘斌,2019-07-01 00:37:09,7,7,0,绩杀不解释。\n\n仿佛写随笔就高分，其他很难高分。另外千万不要请假，旷课，一节也不行，不然绩点惨淡，别问我怎么知道的。\n\n是水课，但也没什么分? ，慎选。
113718,2047,刘斌,2019-07-07 05:55:16,1,1,0,超级喜欢刘斌老师，作为男中音歌唱家，第一节课听老师的声音感觉耳朵都要怀孕了，老师真的超级温柔，我之前没有乐理知识，老师真的是从最基础的开始讲的，很照顾那些之前没有音乐背景的人感觉听老师的课学到了很多。老师很尊重音乐，听老师的课真的是我压力极大的那个学期盼望的慰藉，古典音乐真的超好听有木有？每堂课认真听讲做笔记，期末好好写，每节课都签到个人觉得给分不会太差吧 正态这事毕竟也不是老师想的
124487,2047,刘斌,2020-07-02 01:22:10,4,4,0,绩杀不解释！
124496,2047,刘斌,2020-07-02 03:54:28,1,1,0,老师会根据正太调分的，还是比较严格的\n\n
135338,2047,刘斌,2021-05-08 07:29:19,7,8,1,绩杀了，貌似写随笔也好不到哪去
135351,2047,刘斌,2021-05-08 10:00:03,4,5,1,绩杀慎选
135355,2047,刘斌,2021-05-08 10:28:48,8,8,0,事情很少，给分巨烂
135372,2047,刘斌,2021-05-08 16:11:20,1,2,1,当人人都开始写随笔…\n\n大家都懂…\n\n不过毕竟大学学习，不是为了绩点\n\n这门课更不是\n\n千万别因为所谓绩点放弃一些高尚的东西
135459,2047,刘斌,2021-05-11 03:16:42,1,1,0,这课事超少，每节课点名，给分一般(我3.3)。但是如果自己专业通识不算主修，强力推荐这课。
135478,2047,刘斌,2021-05-11 07:16:48,-1,2,3,大概都开始写随笔了吧。。。。
135525,2047,刘斌,2021-05-12 11:26:50,2,3,1,老师一看就是音乐家的气质，蛮喜欢的，可惜没怎么听。最后草草写了一篇论文，给分还算满意。
135528,2047,刘斌,2021-05-12 11:55:49,1,2,1,课挺水的，老师人也很好，平时上课就写写作业啊啥的，最后两个小时写了篇随笔，最后4.2，挺满意的了。（可能随笔跟文采也有关？）
138495,2047,刘斌,2021-07-09 14:04:33,3,6,3,课程形式固化且无聊，就只有出勤率和最后一篇论文，说事少的最后被绩杀就知道错了，给你几个题目写哪个都没用，只有写随笔写出朵花来才会好一点，就凭一篇论文来正态真不敢苟同
139372,2047,刘斌,2021-07-15 01:06:28,2,2,0,老师讲话慢条斯理的，对音乐很有理解，认真听能有收获。事少，每节课前点名。期末一篇论文，布置了六道题目来写。我写的是谈古典音乐为何高雅，没有很严格的议论，就是自己的真情抒发，最后4.2。可能确实需要同学文笔比较好？
142845,2047,刘斌,2021-11-17 01:06:38,-1,1,2,棒！水 最后一篇论文，时间比较紧，但是要认真思考认真写会有好结果的
142862,2047,刘斌,2021-11-17 03:11:41,-1,0,1,上的中外名曲欣赏，事很少，就期末一篇小论文。老师确实有种音乐家的气质，人很好。选这门课，期末论文的格式一定要抓好，因为这门课的关系，也很难从别的地方区分出成绩了，这一点也比较无奈吧。。。我是按格式写好论文，然后把自己的想法有啥都写进去了，文笔一般但给的分还行。想要欣赏音乐或者不关心通识选修课绩点以及想要选事少的课的强推。
142878,2047,刘斌,2021-11-17 04:59:45,2,2,0,喜提通识最低分......我写的也是随笔，然而给分还是挺低的
144283,2047,刘斌,2021-12-21 04:03:52,7,7,0,喜提通识最低分hhhh\n\n中外名曲欣赏：事少，点名+最后一篇论文
144411,2047,刘斌,2021-12-21 11:21:01,0,0,0,...
144888,2047,刘斌,2021-12-25 12:22:32,-1,0,1,老师很热爱音乐，也一直想让同学们每周抽一点时间学会欣赏音乐，上课讲的很投入，认真听能学到东西。课前点名，期末一篇随笔，其它无事。总体体验不错~
147754,2047,刘斌,2022-01-10 16:44:09,5,5,0,实事求是说\n\n讲课还行\n\n事情比较少\n\n但是给分太差了
147837,2047,刘斌,2022-01-11 03:25:42,8,8,0,给分好惨啊啊啊  写了好几天的论文没想到只拿这么点分
147842,2047,刘斌,2022-01-11 03:36:53,-1,2,3,老师人真的很好，上课只要不发出声音，想做啥都行（他的原话），然后老师讲课真的讲的挺好的，上课很轻松，陶冶情操，放松身心，期末一篇论文，（我写的是随笔），最后4.5！！！老师人也太好啦嘻嘻
147881,2047,刘斌,2022-01-11 05:24:53,6,6,0,他的课上你可以写作业，不用记笔记，不用认真听课，因为即使你不那么做，他也看不到你在下面的努力听讲，最后的给分完全取决于一篇论文。。。拉低均绩的通识课。
153082,2047,刘斌,2022-04-25 05:13:09,2,2,0,写的古典音乐之高雅，感觉写的还行，但最后3.9
155937,2047,刘斌,2022-06-16 15:27:50,0,5,5,事情少，论文最后布置，2000-3000字，本人选的随笔，写了两千字出头，最后4.5分，可能确实看文笔，最好有一些真情实感，这样分数会高一点。
155940,2047,刘斌,2022-06-16 15:35:19,13,13,0,喜提通识最低分…哈哈。\n\n每节课都到课，随笔按道理写的不算差的（po文科生），老师说没正态分布还卡这个分数我真的…
159027,2047,刘斌,2022-07-04 17:14:55,4,6,2,正如课程名字“中外名曲欣赏”，这门课只需要你去欣赏，其他啥也不用干，非常水的美育课。\n\n老师上课不管你做什么，只要不发出声音干扰别人就行；\n\n每次课前都点名，作为给分的重要依据，迟到没事一定不要缺勤，请假也不划算；\n\n期末写一篇2000-3000字的小论文，作为最终评分依据，题目5年没变，参考朵朵即可；\n\n最后的给分，4.5/90算挺高了，而且大部分都是选随笔的同学。
160250,2047,刘斌,2022-09-16 01:15:40,2,3,1,我上的是考古中国，本来以为挺无聊的，没想到这是我听过的最渊博的老师，上课幽默风趣，非常深刻，思想颇受震撼，我上的选修课中同学抬头率最高的一门，真是超值
161562,2047,刘斌,2022-11-09 05:55:56,2,3,1,虽然会点名，但是老师会给充分的时间让你签到，偶尔迟到早退没关系（小声）课老师会认认真真上，学生的话😂不好说了。想听能学到很多，不想听就把论文写好，强烈推荐写有真情实感的随笔，真的会得分高！！另外教室网络极差，记得留够流量
161633,2047,刘斌,2022-11-09 23:49:48,-8,7,15,会绩杀，除非真心爱古典音乐，别选。\n\n我花了六个小时两顿饭都没吃写的论文只有3.9。😅
161658,2047,刘斌,2022-11-10 06:47:25,-12,3,15,老师讲课其实挺好的，事少，就期末一篇小论文。今天刚刚出分，选的随笔4.5。挺满意的了，给老师比心♥️
162143,2047,刘斌,2022-11-17 04:44:20,7,8,1,青蒜青蒜 给分巨低
163603,2047,刘斌,2022-12-15 13:42:36,8,8,0,《中外名曲欣赏》上课可以干别的事，只要不发出声音影响到别人就行，这是老师原话。属于是上课不用听，只需要最后一篇2000-3000字论文或随笔就行了（据说随笔分会高一点）。这门课属于是想要认真学点知识的和想换个地方自习的都能推荐。每次上课都会点名，且是传统报名字喊到的方式，课后还会给机会去签到，因此不用担心迟到，只要去了就可以了，老师说迟到和不迟到没有任何区别。就是期末的论文题目是在第七周公布的，而且对字体格式什么的要求挺高的，需要A3打印，碰上期中期末的可能会有点忙。
164508,2047,刘斌,2022-12-21 10:51:19,15,16,1,3.3不解释
164662,2047,刘斌,2022-12-22 16:26:54,-9,2,11,上课很水，什么事情都没有，就一篇期末论文，轻松4.5
166190,2047,刘斌,2023-01-11 11:27:03,-8,3,11,4.5不解释
166482,2047,刘斌,2023-01-12 10:56:10,-5,1,6,选好题目，老师不卡点名
172592,2047,刘斌,2023-05-01 08:00:47,5,7,2,给分真的好烂啊🙃论文好好写了，也写了平时听后感，但喜提大学除了军训外的最低分🙂很不理解。srds，上课很轻松。
172748,2047,刘斌,2023-05-06 04:24:34,0,2,2,课后互动及时，上课也是十分认真细致，给分也不错
173813,2047,刘斌,2023-06-03 07:44:32,4,6,2,老师的上课很水，内容还是不错的，但是我非必需的作业都做了，论文（随笔）也认真写了，格式也是正确的，只有3.9拉低本人均绩🥺慎选
175147,2047,刘斌,2023-06-22 02:06:03,0,2,2,给分还可以哦，老师讲课也很认真～
175192,2047,刘斌,2023-06-22 08:45:16,4,5,1,100%点名率，上课即自习，期末一篇论文，给分3.9，慎选。
175248,2047,刘斌,2023-06-23 03:31:16,0,0,0,感谢ppteacher不挂之恩，我就知道每次作业都交，每次课都到，小论文按规矩写肯定不会挂科
175249,2047,刘斌,2023-06-23 03:04:44,2,3,1,作文好，文笔优美的同学可以选。作文不好的同学，慎选。\n\n想要水学分，不在意绩点的话可以冲，事情很少，但是每次都点名。
175269,2047,刘斌,2023-06-23 05:14:57,-3,0,3,先说明本条评论为绩点而来，本门课程比较水，甚至考核不考平时内容（可以有相关论文，但是大家都说随笔分高），上课一般点完名就可以溜了，平时有可选择的课后作业，我做了两次，都是GPT量产，随笔写的比较认真，但我文学水平有限，最后4.2，如果4.5，我就觉得完美，4.2只能说中规中矩，所以我给9分，因为课确实水
182582,2047,刘斌,2023-11-17 17:23:53,-1,1,2,4.2中规中矩，不过课水是真的
182599,2047,刘斌,2023-11-18 04:09:50,-3,3,6,感觉老师身上有一种艺术家的气质。。。\n\n上课就是听着音乐玩手机或者写作业看书啦 但是老师讲的内容 一些小故事也挺有意思的\n\n然后老师说现在取消了正态分布所以给分会好一些？ \n\n平时作业GPT量产然后个人感觉自己文笔还行，期末随笔写的比较认真最后4.5 \n\n作为比较喜欢音乐的人来说还是挺喜欢这门课的≡
182649,2047,刘斌,2023-11-19 01:35:19,0,2,2,每节课必点名，，然后课确实比较水吧，，可以随意自习那种。然后给分确实一般般，而且偶然性比较大，，因为唯一的评价标准只有期末论文。好好写了一下午最后只有4.2有点点伤心💔，可能确实没什么艺术细胞叭，，总之对于不太在意绩点的人这是最水的美誉分，，要冲绩点的慎选
182650,2047,刘斌,2023-11-19 02:14:46,0,0,0,感觉挺不错的啊，上课就让你去听听音乐也不让你干嘛，就当放松了呗，绩点确实有点看文学功底就是
182665,2047,刘斌,2023-11-19 06:34:30,1,4,3,6\n\n谁叫你这么给分的😅
182708,2047,刘斌,2023-11-19 16:51:09,1,3,2,绩杀，哭了T﹏T，每次课后作业我都积极提交，还认认真真写了论文，结果只有3.9，慎选
182774,2047,刘斌,2023-11-20 07:33:27,1,1,0,还行吧，4.2，挺水的
183035,2047,刘斌,2023-11-21 16:07:09,5,5,0,老师蛮温和的，很有君子风范，上课讲得内容也让我很有收获。事情不多，基本就只有最后一篇小论文。我每节课都到，听后感、论文也都认真写了，最后4.5，感觉还不错吧，对得起自己对这门课的重视（毕竟好多同学上课完全不听）。
183076,2047,刘斌,2023-11-22 04:53:28,5,5,0,每次上课必点名，最后论文啥的随便写写拿了3.9，课好就行，分高分低的无所谓了
183107,2047,刘斌,2023-11-22 08:19:54,1,1,0,老师还行，结课论文好好写，作业认真完成，绩点4.2，
186541,2047,刘斌,2024-01-11 14:50:04,3,3,0,课挺好的，就是我基本没听过（）。。\n\n请假了一次，写的随笔，最后3.9，只能说根据前人经验来说，在预期之内。\n\n专业对绩点要求不高，就这样吧，水学分了
186542,2047,刘斌,2024-01-11 14:51:04,3,3,0,每节课都会点名，上课可以干自己的事情，不过那个小桌子写东西真的很难受……课后有选做作业，我都gpt交上去了不过不知道这部分影不影响成绩。最后写了随笔，大概自己写了七八百字然后gpt扩到2000+，4.2，挺满意的因为事情是真的少，老师人也挺好的
186571,2047,刘斌,2024-01-12 01:12:16,1,1,0,每节课现场点名，可以自修，只要不发出声音就行。老师每节课都会带我们看不同的音乐种类，纪录片啥的，我觉得挺有意思的。有几节课会拖堂。其他都挺好的。很喜欢老师，感觉很佛系。
186731,2047,刘斌,2024-01-13 00:07:34,-1,1,2,太爱了！谁家老师上课放歌剧魅影和芝加哥啊！谁家老师请同学讲肖邦夜曲啊！感觉灵魂得到了升华！而且课程任务只有期末一篇文章！写的随笔4.5 非常满足！唯一的遗憾就是没有听到老师现场唱歌（doge）老师一看就真的很有功底！
186767,2047,刘斌,2024-01-13 03:43:48,-5,2,7,课挺轻松的，没什么大事，平时课后的感受我基本没怎么写期末随笔好好写了一下，最后是4.2。想轻松一点水课的可以选，冲绩点的慎选，通识4.2确实是我选的通识课里绩点最低的。
186986,2047,刘斌,2024-01-14 04:29:35,-15,1,16,轻轻松松4.8～
187060,2047,刘斌,2024-01-14 09:37:08,0,1,1,老师点名允许课后补签，态度好，上课真的有很多好看的视频，美育分真的很不错
187102,2047,刘斌,2024-01-14 13:01:07,3,3,0,课水，听课的人很少，但是每节课必点名，且请假很麻烦\n\n事不算多，每节课后有选做的音乐听后感，期末有一篇论文\n\n选做作业都没写，绩点3.9，感觉还行\n\n（私以为美育类不如选陈列陈曦老师）
187589,2047,刘斌,2024-01-16 16:45:05,0,2,2,卡绩85
188164,2047,刘斌,2024-01-18 09:59:53,2,2,0,事情少，喜欢水课的来选
191351,2047,刘斌,2024-04-18 08:10:03,0,0,0,课很无聊，给分也很死板
191682,2047,刘斌,2024-04-27 23:44:37,8,9,1,避雷，每节课都有出勤，最后的论文也花了将近8h（个人觉得还是写的很棒的）每次课后的作业都有完成，最后只有3.9…
191684,2047,刘斌,2024-04-28 01:41:40,-7,2,9,挺好的吧，应该是我来浙大一年里上过的最水的课了，每次上课前都会进行传统点名。有平时作业但是不要求做，最后期末一篇论文或者随笔。给分方面感觉还行吧，本人没缺过勤，最后论文ChatGPT辅助写的，拿了中规中矩的4.2，应该也是付出与回报成正比吧
191700,2047,刘斌,2024-04-28 10:50:31,2,3,1,上课很无聊，以前还能说事少，但自夏学期开始事也多起来了，论文格式要求讲的是真迷惑，乱七八糟的口头要求一大堆，好歹给个范例吧，人也挺死板。
191758,2047,刘斌,2024-04-30 00:29:46,1,1,0,论文纸质不查重，点名传统，每次都点，但是可以点完就跑，教室是真几把难受全是人很挤椅子也很难受
194778,2047,刘斌,2024-06-25 11:29:00,1,1,0,怎么说，平时的课后作业都是GPT，小测啥也不会，但是最后写散文4.2.（据别人说写散文分高，亲测有效毕竟其他题目真的不太好写）
195071,2047,刘斌,2024-06-26 16:16:04,0,0,0,每节课纸质点名/小测形式代替点名\n\n课程内容也就是欣赏经典音乐+两节理论课\n\n课后作业也是选做 随便水水就行\n\n课程论文非常水 一下午随便糊了篇学术垃圾 不过需要打印纸质版 而且格式要求比较怪（打印店老板还问我怎么会有这种要求\n\n最后4.5 也还行吧 算是比较水的美育课（只是为了毕业
209213,2047,刘斌,2025-01-05 05:16:19,1,1,0,真的绩杀 赶紧跑
212104,2047,刘斌,2025-01-13 07:39:11,1,1,0,课程事情不多，很水，到了教室等签到然后干自己的事情就行了。他对论文格式要求很严，所以期末交论文一定要仔细对照要求检查下格式，格式错了他扣分超狠。。
216098,2047,刘斌,2025-03-10 09:33:45,1,1,0,水，点名，那个教室座位不舒服，有点坐牢，绩点不是很好
217993,2047,刘斌,2025-04-19 03:30:47,0,0,0,写一下自己的看法吧，我是霸王选课选上的，结果去的第一节课就要小测，不过是开卷的，翻一下之前的ppt就可以了。\n\n  然后比较令我难绷的一个点是，有同样霸王选课选上的同学问老师绩点之类的问题，老师说，你毕竟比其他同学少来了两节课，还是会影响绩点的。这我感觉不太友好。\n\n  给分的话勉勉强强了，基本3.9 4.2，高分低分也都有一些，lz不知道写随笔会好一些，写了篇论文给他，4.2，也还行吧。上课不用听，课后选做的作业可以拿gpt写，最好要交，可能有加分？一定不要请假或旷课，扣分太多。\n\n  补充一点，论文格式很重要，什么字体要求，版面要求，如果违规会扣很过分，我猜有些uu绩点低可能是不知道自己版面要求不符合，因为lz听到老师说这些人要求都不看的，又弄错了这下。
219738,2047,刘斌,2025-06-05 09:09:57,1,1,0,很喜欢为难学生，有一点权力就要作威作福
7102,2054,金慧娟,2015-09-09 02:53:31,41,50,9,棒  温柔和蔼
9297,2054,金慧娟,2015-10-20 11:30:10,9,14,5,亲切温柔\n\n
11329,2054,金慧娟,2015-11-27 03:37:50,2,7,5,老师人很好
12684,2054,金慧娟,2015-12-24 01:41:44,2,5,3,超级好的老师，超级好
12892,2054,金慧娟,2016-01-06 10:01:22,2,6,4,好老师，责任心很强
12942,2054,金慧娟,2015-12-24 11:05:19,2,4,2,老师超级好
12983,2054,金慧娟,2015-12-24 12:30:24,0,3,3,老师很棒哦～很和蔼
13827,2054,金慧娟,2016-07-06 01:40:48,0,4,4,老师很认真，也很和蔼，给分也挺棒的。
13829,2054,金慧娟,2016-01-01 03:40:15,7,11,4,老师人很好，考试不算严格，而且教的很好，会纠正你的动作，有什么问题都会解答
15013,2054,金慧娟,2016-01-11 13:21:19,0,2,2,平和，
15084,2054,金慧娟,2016-01-12 03:06:21,0,3,3,老师教篮球动作很帅 人超级好好好
15859,2054,金慧娟,2016-01-16 12:34:29,4,8,4,老师人超好。   给分也很棒。我人生中的第一个满绩
16281,2054,金慧娟,2016-01-17 15:59:42,0,4,4,好老师，严格仔细，和蔼可亲
17922,2054,金慧娟,2016-01-21 04:04:46,0,3,3,教的很好！篮球动作帅气w
18740,2054,金慧娟,2016-01-22 12:32:29,0,3,3,很好的老师
27099,2054,金慧娟,2016-06-23 02:07:08,0,2,2,超级喜欢她～
27541,2054,金慧娟,2016-06-27 03:07:03,4,29,25,给分实事求是，温柔可亲～绩点不错，想学篮球的孩子别指望课堂，课下自己玩去儿（篮球初级
28374,2054,金慧娟,2016-06-28 08:42:13,0,2,2,老师人很好，很为学生考虑。
29039,2054,金慧娟,2016-06-29 07:02:26,0,2,2,哎呀老师真的太好了给分也很好超喜欢她
29423,2054,金慧娟,2016-06-29 18:15:41,2,4,2,老师人很和蔼认真.课上真正学到了知识.老师讲解示范很详细.好老师.
29471,2054,金慧娟,2016-06-30 00:33:40,2,6,4,老师打球真是帅呆了，人也可爱
32590,2054,金慧娟,2016-07-08 03:00:43,-2,2,4,这个老师超级好，讲课好，人也好，什么都好，给满分！
32999,2054,金慧娟,2016-09-10 04:40:58,8,11,3,好ᕕ(ᐛ)ᕗ
34148,2054,金慧娟,2016-09-27 15:00:32,-2,1,3,很棒的老师
36451,2054,金慧娟,2017-01-24 20:40:32,-2,1,3,可以的
37864,2054,金慧娟,2016-11-21 12:18:50,0,3,3,666666
38638,2054,金慧娟,2016-12-20 03:51:27,-3,1,4,女生也可以选中级课哒，只要一开始有一定投篮基础学期中课余多去练习几次绩点就会挺高的。老师非常认真也非常体贴学生，大爱
42199,2054,金慧娟,2017-01-14 01:16:52,2,5,3,老师是真好。。不过不是很懂我为啥成了拉老师均绩的那个?
42943,2054,金慧娟,2017-01-15 12:59:26,0,2,2,真正的好老师
43486,2054,金慧娟,2017-01-16 10:40:52,-1,4,5,老师人很好，给分很赞，说给分差的是自身的问题
47677,2054,金慧娟,2017-02-15 12:58:50,-7,3,10,老师人很不错，但是如果你想学习篮球技巧，我可以说干货不多。生生把篮球课上成了瑜伽课…给分实事求是的，完全看你的实力和技术。作为一个混在初级班的人，给分高就足够了。
51163,2054,金慧娟,2017-05-21 12:33:32,-2,0,2,还好的
52991,2054,金慧娟,2017-06-24 13:41:05,-4,0,4,老师人很好，教的内容也很丰富，给分也不错，说给分差的应该是自己的问题吧，我这个跑步从小到大全班倒数引体向上没有的体育渣渣都拿到了均绩……
53012,2054,金慧娟,2017-06-24 15:35:20,-2,0,2,真的好
54153,2054,金慧娟,2017-06-28 14:38:34,-3,1,4,给分好 会帮你往上凑学分 人也好
54164,2054,金慧娟,2017-06-28 14:54:42,0,2,2,老师会调分不卡绩真的超赞！
54535,2054,金慧娟,2017-06-29 14:07:49,-2,0,2,拿到了第一次体育满绩
65374,2054,金慧娟,2018-01-03 12:22:05,5,6,1,老师真的太好了，因为请假没有参加考试，她单独抽时间跑到紫金港来给我考试，很负责任，但是我实在没有运动细胞，估计绩点不太高，但是这个老师真的很值得选！！！
66017,2054,金慧娟,2018-01-11 03:21:00,-2,0,2,连续两学期老师的课，真的很棒~
66717,2054,金慧娟,2018-01-18 13:49:07,2,3,1,老师很好。  sui h 但是以前没有学篮球的我得到了目前最低绩点 所以体育课尝试新事物有风险
68939,2054,金慧娟,2018-01-24 06:45:39,-2,1,3,极好，很细心。引体向上会放水
69673,2054,金慧娟,2018-01-25 07:46:09,-3,2,5,超级棒的老湿！！上了两次！！第一次5.0因为有基础考试什么的都满了；第二次冬学期投篮只有6分因为天太冷，本来以为gg了结果老师愣是让我从91到了92，有4.8知足啦！和蔼有很耐心，平时有事没去都没什么太大关系，炒鸡炒鸡赞的老师！！
69731,2054,金慧娟,2018-01-25 09:33:09,-2,0,2,很不错
69901,2054,金慧娟,2018-01-25 15:41:32,0,2,2,老师好棒啊，加了一分到4.8了，哈哈。
73188,2054,金慧娟,2018-02-01 06:29:35,-2,0,2,很nice的老师，值得推荐。
76600,2054,金慧娟,2018-04-16 06:23:59,0,2,2,老师很亲切，动作教的很细，真的很好！
79945,2054,金慧娟,2018-06-16 01:32:52,-2,0,2,强烈推荐！\n\n基础不好的同学老师会重点照顾的，把专项成绩提上来！
80011,2054,金慧娟,2018-06-19 03:53:09,0,1,1,老师人很好，对基础差的学生也没有批评。
81162,2054,金慧娟,2019-01-11 09:27:03,-2,2,4,女生篮球中级 自己篮球基础也不好 老师对女生还是比较关注和认真和蔼的 最后分数也帮我调了1分 感谢老师！
81310,2054,金慧娟,2018-07-04 15:33:55,-2,0,2,老师人很好，教得很负责，出分非常快，会调分
82953,2054,金慧娟,2018-07-09 10:56:50,0,2,2,老师很好，连续两学期上老师的课都满了，表面上很严格，其实会偷偷给你加分！
91485,2054,金慧娟,2018-12-11 10:48:35,0,3,3,一百分！！！老师超美丽耐心的！运球动作太好看了！！（偷偷说老师身材保持得也很好(//∇//)
97239,2054,金慧娟,2019-01-22 01:04:19,-2,1,3,不会卡绩点
97334,2054,金慧娟,2019-01-22 08:15:32,-2,1,3,老师非常负责任，有耐心，教的也很好
100169,2054,金慧娟,2019-01-25 16:32:38,-3,0,3,唔喜欢
108377,2054,金慧娟,2019-05-22 08:55:55,2,12,10,12分钟跑就差一点点了，也不加上去 这么热的天
110605,2054,金慧娟,2019-06-27 15:08:08,9,20,11,给分太实在了，（意思是太差了。）
111367,2054,金慧娟,2019-07-01 05:08:39,-2,3,5,不错的老师
111738,2054,金慧娟,2019-07-02 17:13:11,-5,4,9,给分也太差了，一个班随便一看一半85以下。。。
112423,2054,金慧娟,2019-07-04 06:08:40,0,2,2,谢谢老师的满绩
120687,2054,金慧娟,2020-01-15 08:52:27,0,1,1,强推金老师篮球课
125750,2054,金慧娟,2020-09-14 02:54:28,-19,2,21,超级啰嗦！！！第一节课讲了60+min，关键好多无关内容，比如她的体育教科书出版渊源，谁谁高水平运动员保送研究生。我现在正蹲在篮球场听不下去了。
128079,2054,金慧娟,2020-12-07 01:25:20,0,2,2,老师上课挺好的，讲的东西很多。 可是好严格qaq 十二分钟跑 一圈跑了350m也只算半圈.......
128531,2054,金慧娟,2020-12-23 15:26:56,0,1,1,就很好呀
128760,2054,金慧娟,2020-12-25 07:26:42,-2,1,3,老师的素质课真的非常用心！感觉有锻炼到，而且在十二分钟周的时候还会让我们自己练习，满分
129133,2054,金慧娟,2020-12-30 09:30:51,0,1,1,吹爆！！
129175,2054,金慧娟,2020-12-31 02:29:07,0,2,2,老师很温柔贴心，对于基础差的同学也会一对一教学，爱了爱了
131268,2054,金慧娟,2021-01-27 02:08:56,0,2,2,上课真的很认真，要求很严格，但是很耐心，而且我浙大体艺最后出来的成绩被卡绩了她还会在录成绩的时候帮我调高一分，必须满分！
132463,2054,金慧娟,2021-02-01 17:06:48,0,2,2,从没打过篮球，选的中级班，给分还不错，卡绩会调整的
133373,2054,金慧娟,2021-02-26 11:19:21,0,1,1,选了老师的初级又选了老师的中级。真快乐啊，可惜没体育课上了。
135680,2054,金慧娟,2021-05-19 04:08:22,2,2,0,给分比较严
136450,2054,金慧娟,2021-06-18 04:45:50,0,1,1,人非常认真
144096,2054,金慧娟,2021-12-17 12:55:49,6,7,1,真的好，强烈推荐！
144286,2054,金慧娟,2021-12-21 04:15:59,0,2,2,老师十分温柔，教授内容特别认真，平时课上要求不高，基础差的同学建议平时多练练，金老师特别特别好，选她就对啦！！！
144458,2054,金慧娟,2021-12-21 14:41:47,0,1,1,非常负责、非常有耐心
145015,2054,金慧娟,2021-12-26 13:30:31,3,4,1,老师好可爱，又很和蔼，认真负责。选她的课绝对没错。金老师yyds！
146386,2054,金慧娟,2022-01-06 11:59:19,0,1,1,老师人超好的，下学期还是她的课 ！
148855,2054,金慧娟,2022-01-13 17:54:53,3,4,1,老师很负责，温柔细致，帮我调分了，巨感谢呜呜呜
148869,2054,金慧娟,2022-01-14 00:21:19,1,3,2,最后卡了一分老师帮我调了，谢谢老师！
151247,2054,金慧娟,2022-02-25 13:36:40,1,2,1,老师真的很好 选上真的很不错 已经上了一学期了 这学期补选还是她 太感谢啦
152485,2054,金慧娟,2022-04-13 02:07:39,1,3,2,。。。
154571,2054,金慧娟,2022-06-02 07:11:04,1,2,1,超好的
155778,2054,金慧娟,2022-06-16 02:15:47,5,7,2,海底捞，考不过就一直考（还会放低标准）直到及格为止，一个连运球都能运丢的人，让一个头脑简单四肢退化的人，也喜提4.2
157222,2054,金慧娟,2022-06-22 11:32:51,1,3,2,被卡绩真的会帮你调分的！
171685,2054,金慧娟,2023-04-01 15:16:09,0,0,0,上课金老师的身体素质课 一直都觉得身体素质课非常无聊且无用 但金老师上课真的会带着同学们做一些有趣也很锻炼身体的动作 强推 而且老师人真的很好 另外悄悄说一句 老师身材好好啊！
172081,2054,金慧娟,2023-04-19 03:38:40,0,1,1,身体素质课，老师耐心友好活泼，运动量不算小但也没大到哪里去，能学到不少运动知识。\n\n但是周一晚上第一节那个班前面热身跑步太快了。证明自己跑得快的方式有很多种，私以为前面的男生选择了最愚蠢的那种。
174126,2054,金慧娟,2023-06-06 11:30:23,2,3,1,篮球请认准金慧娟老师
174177,2054,金慧娟,2023-06-07 04:24:03,1,1,0,满分。
177562,2054,金慧娟,2023-07-03 17:18:16,5,5,0,老师教的很好，对初学者也很友好，被卡绩了会调分！
181781,2054,金慧娟,2023-10-31 11:55:56,2,3,1,翘课被逮住了，但还是想给个高分
185906,2054,金慧娟,2024-01-05 15:43:54,2,2,0,91分给我捞到92了，爱了爱了🥰
187356,2054,金慧娟,2024-01-15 14:56:21,2,2,0,金老师非常好，上课也很亲切，最感谢的是最后给我捞了一分体育满绩了
187481,2054,金慧娟,2024-01-16 10:12:08,1,2,1,我爱老师
188640,2054,金慧娟,2024-01-19 12:41:43,-16,2,18,史
191439,2054,金慧娟,2024-04-22 11:08:21,4,4,0,上了老师的体素课，老师对到现场身体不舒服请假的同学很好，平时授课也很温柔很有耐心，体素课还是有一定的运动量的，不是特别水
195016,2054,金慧娟,2024-06-26 09:56:26,1,1,0,卡绩了，痛
196100,2054,金慧娟,2024-07-01 15:34:11,0,0,0,nb\n\n无需多言
209406,2054,金慧娟,2025-01-06 02:15:22,0,0,0,上的体素，真的好老师。最后一节课会给所有人查考勤，防止有人某次忘记打卡。只要你情商高一点都给你补上。我同学别的老师考勤每次都去了但是被扣两分，最后卡绩了。力荐！
210302,2054,金慧娟,2025-01-09 01:25:04,0,0,0,如果考勤正常，最后卡绩了大概率会捞一分。很不错。
215448,2054,金慧娟,2025-02-26 07:28:29,0,0,0,上课认真，会有自由活动时间但比较少。会做游戏。最重要的是如果上课考勤没问题，卡绩了多半会捞，真神。
216246,2054,金慧娟,2025-03-12 16:12:31,0,0,0,目前还在上老师的课，本人男，同时选了体素和篮球初级。\n\n体素一大特点是强度高（起码比我上学期那个要高），但确实能锻炼到身体，不会水，所以平时没运动的慎选。\n\n篮球初级教得挺细致，对新手比较友好（但本人已经会一点，所以略感无聊）\n\n总体来说是个挺好的老师
218136,2054,金慧娟,2025-04-21 11:29:05,1,1,0,老师人蛮好的，就是体素课强度有点大
218138,2054,金慧娟,2025-04-21 12:24:02,1,1,0,其他课不知道，体素课是真的毁心态。\n\n事情多且没有实际作用。\n\n每次上课都是身体和心态的双劳累……\n\nφ(-ω-*)
1607,2066,刘卫中,2015-03-23 01:51:34,6,9,3,卧槽。。。简直累得要死啊。。。
2516,2066,刘卫中,2019-06-27 17:09:08,84,92,8,老师很懂得养生哈哈哈
3550,2066,刘卫中,2015-06-17 01:33:26,2,3,1,赞
3742,2066,刘卫中,2015-06-17 03:05:48,2,4,2,老师人很好啊
4168,2066,刘卫中,2015-06-18 02:51:44,9,11,2,老师人很好 每节课都会教你养生。。。 训练的方式也很有趣 就是定向这门课实在是太特么累了
4802,2066,刘卫中,2015-06-29 03:55:54,8,9,1,虽然一开始很累，但老师人很好。。而且定向越野确实能锻炼人
9141,2066,刘卫中,2015-10-14 10:05:40,1,2,1,懂养生
11890,2066,刘卫中,2015-12-20 15:38:28,-6,11,17,纯傻逼。。。
12932,2066,刘卫中,2015-12-24 10:50:40,2,11,9,所谓养生之道都是朋友圈级别的，倒是挺会吹的，对女生比较好，男生就呵呵了
13890,2066,刘卫中,2016-01-02 00:48:12,17,19,2,老师人真的很好，训练方法有点累但是很好玩，而且老师绝对是史上最强段子手，没有之一
15299,2066,刘卫中,2016-01-13 12:31:45,29,34,5,害怕，因为姓来被老师记住了，不过刘老师确实是好老师啊，大学里不练练真的会猝死在寝室的，会侃会玩，不怕累的放心选。
16339,2066,刘卫中,2016-01-18 03:21:36,0,0,0,好好好
17514,2066,刘卫中,2016-01-20 10:19:19,24,28,4,蜜汁奇葩老师，神能扯，给分其实还是不错的，还是要刷脸！如果你和他一样能扯，那么恭喜你成功的让他记住了，绩点可以放心了！
18174,2066,刘卫中,2016-01-21 08:35:17,0,3,3,给分莫名其妙
18638,2066,刘卫中,2016-01-22 07:31:03,17,20,3,他的课几乎是最累的，但是我们班90分以上的人也明显比其他班多，由于平时训练强度大体测也很容易拿高分(老师也会稍微放点水)，懒人慎选，求高绩点的人很适合
18649,2066,刘卫中,2016-01-22 08:31:08,0,1,1,超级棒的老师！给分也很好！
18945,2066,刘卫中,2016-01-23 00:02:12,-4,3,7,下雨天疯狂点名
19871,2066,刘卫中,2016-01-25 12:38:56,1,1,0,。。。。。。。。无奈
20229,2066,刘卫中,2016-01-26 15:19:40,14,15,1,人生第一个满绩
20338,2066,刘卫中,2016-01-27 05:07:55,0,1,1,上他的课让我喜欢上了跑步。定向虽然累，但非常锻炼人，对大学生体质很有好处。老师也很关心同学，挺负责
20348,2066,刘卫中,2016-01-27 05:48:15,2,2,0,真的能让你锻炼到身体
26155,2066,刘卫中,2016-06-16 06:17:45,0,1,1,超爱的老师~课上学到了许多，也不是特别累吧，同样人生中第一个满绩^O^
28407,2066,刘卫中,2016-06-28 08:51:53,0,0,0,蛮有道道的老师！
28770,2066,刘卫中,2016-06-28 14:14:11,0,1,1,给分不错，人挺好的，老师的确懂养生，对学生还是很照顾的
33314,2066,刘卫中,2016-09-18 04:51:48,0,1,1,哈哈啊
39054,2066,刘卫中,2017-01-14 03:17:21,5,5,0,很好很好
39125,2066,刘卫中,2016-12-21 09:15:31,9,9,0,这么好的老师评分竟然这么低。虽然上课比较累，但老师很好说话，吃不消了可以休息可以偷懒，超级关心学生。
39507,2066,刘卫中,2016-12-23 09:50:02,4,5,1,老师人很好，就是课比较累，有意锻炼自己，不想猝死在寝室的要报
39708,2066,刘卫中,2016-12-27 05:34:18,0,1,1,人蛮好的 挺能侃的哈哈，训练强度很大 但蛮有意义的
40614,2066,刘卫中,2017-01-04 09:58:23,0,0,0,普及养生知识，虽然训练强度大，但还是很有意义的，总之，不错
41088,2066,刘卫中,2017-01-09 06:43:57,14,14,0,老师上课经常给大家鸡腿鸭翅蹄膀……\n\n还会讲述某年某月某日某毕业生因毕业兴奋跳西湖或启真湖玩耍，不谙水性，卒的故事……\n\n还会希望男孩子女孩子的臀部胸部变得丰满，告诉大家不要穿牛仔裤……\n\n据我了解从我大一第一次上他的定向越野以来这些是每年的课他都会讲的……\n\n给分的确不错，但是真心太tm累了……
42189,2066,刘卫中,2017-01-14 00:45:44,0,1,1,老师人超级好啊，！定向越野嘛，累一点总是正常的啦！感觉没上四就是因为自己打卡太懒啦哈哈，下个学期勤快点！老师很懂养生，人特别棒！人特别棒！人特别棒！
42191,2066,刘卫中,2017-01-14 01:00:45,0,1,1,老师人很好，也不会特别累吧，跑一跑对身体也好。
42192,2066,刘卫中,2017-01-14 01:04:25,5,5,0,老师人超级好的\n\n感觉上课侃的时间很多所以感觉也不大累\n\n给分超好 下学期继续定向?
42194,2066,刘卫中,2017-01-14 01:04:59,2,2,0,上课方式很独特 从来不会让你累死累活地跑圈 而且超级幽默风趣，养生知识一套一套的，好老师，给分也超级好
42198,2066,刘卫中,2017-01-14 01:11:52,2,2,0,老师上课讲很多理论的。差不多一节课聊天一节课训练。锻炼的话有点累，还是有点辛苦的。
42336,2066,刘卫中,2017-01-14 04:48:09,12,13,1,老师真的很好！！！虽然每节课都要讲讲养生之类莫名觉得像玄学 也是为了让我们消化早饭啦 然后还请我们吃盒饭☺️☺️  超开心的 绩点也满意啦
43375,2066,刘卫中,2017-01-16 07:55:17,4,4,0,偶尔点一下名吧。挺好的一个老师，给分是真的好，见识不少，对女孩子们很好，老是让我们多吃点，长胖一点（笑）定向越野本来就是累一点的啊
46592,2066,刘卫中,2017-01-22 03:27:47,0,0,0,老师人很好！
48319,2066,刘卫中,2017-03-02 06:12:37,0,1,1,老师人很好啊\n\n给分好\n\n还能扯\n\n上课不累
48336,2066,刘卫中,2017-03-02 07:28:43,0,0,0,老师超级赞啊 不知道为什么分这么低。\n\n前半节课教你一些迷一样的养生知识，后半节课进行强度较大的运动。虽然累了点，但给分真的不错，为学生考虑。\n\n12分跑只要过了5圈都给你算五圈半的。
52078,2066,刘卫中,2017-06-14 12:32:45,0,0,0,很好很好
52508,2066,刘卫中,2017-06-20 14:52:43,0,0,0,挺好的，虽然累点，但这不是定向的特色么。。。不懂为什么这么低。。。。
53304,2066,刘卫中,2017-06-26 10:20:56,0,0,0,上训练课一点都 不用心，平时不尊重自己队里的运动员。真的很难受
54301,2066,刘卫中,2017-06-29 04:19:40,1,3,2,出分慢，上课一般吧闲话比较多。\n\n
54432,2066,刘卫中,2017-06-29 10:03:11,1,1,0,有些累但是体能提升很大啊！十二分钟跑第一次跑满分ｸﾞｯ!(๑•̀ㅂ•́)و✧
54459,2066,刘卫中,2017-06-29 10:43:21,21,22,1,老师训练和给分都不错，唯一一点就是容易因为和妹子说话忘了在太阳下暴晒的一众男生?
54609,2066,刘卫中,2017-06-30 02:02:14,4,6,2,很棒的老师啊 特可爱\n\n印象最深的是 有天他说我 你个子那么小 背那么大的包干嘛\n\n我受宠若惊 说 我个子小吗\n\n他居然说！个子挺小！就是脸挺大的！！！大的！！！！！的！！！！！！！！\n\n老师我记住你了
54796,2066,刘卫中,2017-06-30 08:39:06,0,0,0,喜欢会扯淡的老师，嘿嘿。
64869,2066,刘卫中,2017-12-27 13:51:38,1,2,1,想锻炼体能就来报刘老师的定向越野吧，老师懂很多养生、个人发展的道理，给分好像不会差
70027,2066,刘卫中,2018-01-26 04:04:58,0,0,0,老师真的非常非常好
70233,2066,刘卫中,2018-01-26 09:14:51,0,1,1,给分好，学到的东西多
70982,2066,刘卫中,2018-01-28 01:27:13,1,2,1,真的很好，养生大课，说会很累，结果只有不多的训练，给分敲感动！
72783,2066,刘卫中,2018-01-31 05:32:04,1,2,1,偶尔点名 定向本来就累 不能怪老师 给分很好4.8（plus 体育真心不行 中学是特殊体质那一类学生。。）
74657,2066,刘卫中,2018-03-05 04:01:18,4,4,0,上了刘老师的课，我的存活率得到了大大的提高
79368,2066,刘卫中,2018-06-01 03:38:44,1,1,0,老师人很好，经常要求我们注意身体，很会养生。身体素质好的建议去。老师课有点累，不过感觉很值。（我12分钟跑七圈又提升了半分钟）
79667,2066,刘卫中,2018-06-12 13:44:04,1,1,0,老师人真的很亲切呢，非常亲切，人超好的呢
81123,2066,刘卫中,2018-07-04 05:15:42,2,2,0,虽然很累 但是还不错
81139,2066,刘卫中,2018-07-04 06:28:58,1,1,0,刘老师上课很严格，但很亲切，给分也很好哇，这个学期得到了很好的体能锻炼
87383,2066,刘卫中,2018-09-28 01:42:49,-13,14,27,上课占女生便宜 是那种无形之中的 可怕\n\n一分都不想给
88700,2066,刘卫中,2018-11-06 03:58:59,-3,0,3,。。。
91575,2066,刘卫中,2018-12-14 01:57:01,-11,2,13,定向越野期末考试期间照常上课
99282,2066,刘卫中,2019-01-24 14:15:40,2,3,1,老师真的超级好啊!定向越野就是累一点但是真的很有意思，最后因为没有体育竞赛扣了两分没有满绩，不过怪我自己哈哈哈。老师很会养生很能扯哈哈哈哈，以及很快就记住了我的名字并且很关心学生，身体吃不消可以休息?超级棒棒哒!
100921,2066,刘卫中,2019-01-27 06:18:47,18,21,3,老师太棒了！我买了四盒枸杞吃了一个学期，然后满绩了
100942,2066,刘卫中,2019-01-27 07:20:28,6,8,2,这学期老师真的只是嘴上说说运动量大啦！！！而且能记住班上大部分人的名字也很不容易呢！！
101036,2066,刘卫中,2019-01-27 09:50:40,-19,9,28,课还行就是有点累\n\n人纯傻逼\n\n我被人品恶心到了
103540,2066,刘卫中,2019-03-01 02:54:06,1,2,1,老师真的很好！会告诉我们运动量有点大（有时候会多跑跑，但平时会做些小运动），但是其实适应了就真的还好，主要是认真参加以后绩点就很高！老师人也特别好，对学生很照顾的！
104594,2066,刘卫中,2019-03-25 01:11:35,1,4,3,废话多，养生者可选。难学到东西。
106596,2066,刘卫中,2019-04-28 09:18:33,5,6,1,很棒的老师，上课摸鱼也没关系，给分超好
110625,2066,刘卫中,2019-06-27 17:08:02,-15,5,20,很累很累很累，老师不怎么负责，而且老师人品有问题……
112572,2066,刘卫中,2019-07-04 18:01:58,1,1,0,就一个字，好！
112797,2066,刘卫中,2019-07-05 03:29:59,1,1,0,唠叨是真的唠叨，我是真的听得心累。但老师人不错的，热心肠。差一分满绩，不过也是因为我菜啦，十二分钟跑成绩不好，老师给分真的棒棒哒。
117715,2066,刘卫中,2019-09-30 01:19:14,0,11,11,这老师要干啥，不是体育课吗，胡说什么呢
121056,2066,刘卫中,2020-01-19 11:00:04,1,1,0,老师给分很好！
122296,2066,刘卫中,2020-02-23 05:18:20,1,2,1,很好很好很好，大一的时候我三次校外定向只去了一次而且还没有体育竞赛，最后还是4.8୧( ⁼̴̶̤̀ω⁼̴̶̤́ )૭所以，大二我又选回来啦ｸﾞｯ!(๑•̀ㅂ•́)و✧
125686,2066,刘卫中,2020-09-13 04:40:47,1,1,0,挺不错
126347,2066,刘卫中,2020-09-23 08:25:35,-9,1,10,废话太多
127400,2066,刘卫中,2020-11-22 12:34:46,1,3,2,真会讲话呀
128423,2066,刘卫中,2020-12-23 00:58:22,4,6,2,老师人真的很好，费尽心思帮助同学们提高成绩，到第六周还能补测
128861,2066,刘卫中,2020-12-26 06:37:58,1,2,1,怕累者慎选
128922,2066,刘卫中,2020-12-27 03:26:55,1,2,1,老师真的很好很好，累也是真累。。。
129010,2066,刘卫中,2020-12-28 09:09:02,2,4,2,希望下学期还能选到老师的身体素质课哈哈！
129200,2066,刘卫中,2020-12-31 06:06:35,1,3,2,很好的老师
130323,2066,刘卫中,2021-01-20 15:45:39,1,1,0,老师不错的，挺喜欢的，给分也还好
131228,2066,刘卫中,2021-01-26 17:09:40,1,1,0,给分很好！
131267,2066,刘卫中,2021-01-27 02:00:08,1,2,1,老师人很好啊
131317,2066,刘卫中,2021-01-27 05:24:43,8,12,4,他夺走了我的第一次满绩
131608,2066,刘卫中,2021-01-28 07:08:09,1,7,6,定向越野，同下，老师人很好啊（而且很会养生，2333）\n\n每节课会先讲养生小常识www，定向越野性质决定了可能会比较累，但是最后成绩不错
140667,2066,刘卫中,2021-09-15 03:27:09,6,6,0,很懂养生和运动，知识渊博，喜欢艺术，懂生活，自带单口相声\n\n不喜欢的：说话跑火车，暴论频出放大炮，吹嘘，中医吹\n\n当然这与体育无关
144332,2066,刘卫中,2021-12-21 06:02:48,2,2,0,老师人很好！！关心人！
147467,2066,刘卫中,2022-01-10 05:04:42,5,5,0,很有意思的老师，给我们讲枸杞、苹果和睡前热水。\n\n“尤其四蓝孩子要注意”\n\n一开始差点被他练死，后面开始跑图就有意思了\n\n利益相关，5.0
147728,2066,刘卫中,2022-01-10 14:38:42,1,1,0,老师很好，太和蔼了，给分也好
147804,2066,刘卫中,2022-01-11 01:30:30,1,1,0,真的好老师，不多说
149723,2066,刘卫中,2022-01-16 14:25:20,3,4,1,打分：10/10\n\n怎么说呢，体育一周两节，老师一般输出养生语录，然后让我们锻炼一会儿，这样就过了第一节课；第二节课就是跑定向，4-5公里路程不等，跑完之后所有人都跟死狗一样（定向越野，狗都不选.jpg）\n\n12分钟跑老师不算严，女生仰卧起坐也不算严，总之还称得上好课叭（？）
151123,2066,刘卫中,2022-02-23 08:29:11,5,7,2,给分很好，然后定向越野嘛，确实上课比较累，但个人觉得挺好玩的，其实也锻炼辨别方向的能力，老师很有趣，会讲很多养生知识，人挺好的，非说有缺点的话就是锻炼动作太牛马，但一群人一起做挺开心的ヽ(○^㉨^)ﾉ♪
152500,2066,刘卫中,2022-04-13 08:56:13,-25,12,37,就离谱，平时废话多的不行，群里问个事半天不回
154684,2066,刘卫中,2022-06-03 11:57:58,1,3,2,！！！人超好
155646,2066,刘卫中,2022-06-15 03:09:15,3,4,1,老师人很有意思，上硬课结束了听他吹吹牛也不错的，就是今年这个考试我是真服了，不过这学期还是很开心的，给老师十分吧
160261,2066,刘卫中,2022-09-16 02:58:52,7,8,1,身体素质课，听他扯一扯，老快乐了，老刘真的又认真又搞笑，强推！！
160352,2066,刘卫中,2022-09-20 04:38:24,21,23,2,阴阳五行，心肝脾肺肾，中华上下五千年，天文地理……我算都学到了
162310,2066,刘卫中,2022-11-20 02:27:37,13,14,1,他在很努力的传授他的养生知识😂
167601,2066,刘卫中,2023-01-17 14:06:40,1,5,4,老师真的好可爱
170611,2066,刘卫中,2023-03-07 06:46:10,-42,8,50,出生一个
171480,2066,刘卫中,2023-03-25 15:05:46,-8,3,11,一言难尽
173838,2066,刘卫中,2023-06-03 12:45:50,-12,3,15,每次问东西都是已读不回，您什么身份啊
182063,2066,刘卫中,2023-11-09 09:16:11,15,15,0,秀才学医，笼中捉鸡
184576,2066,刘卫中,2023-12-22 01:11:24,11,11,0,只要能受得了老师一节课半节课在讲中医养生风水诸如此类，绝对值得诸位选他的课
184648,2066,刘卫中,2023-12-22 05:14:43,1,1,0,超好的老师！！！！
185100,2066,刘卫中,2023-12-26 09:21:53,3,3,0,身体素质课 狂推哈哈！每次签到完我就跑
185350,2066,刘卫中,2023-12-28 06:50:28,3,4,1,体素狠狠选刘老师awa养生の水课谁不爱
194986,2066,刘卫中,2024-06-26 07:34:27,5,6,1,特别特别好的老师，给分也很好，ps：老师真的很养生
200064,2066,刘卫中,2024-10-12 05:39:50,0,0,0,冲就完事了！
204836,2066,刘卫中,2024-11-28 05:42:56,0,1,1,老师很好！！
205931,2066,刘卫中,2024-12-13 00:53:21,4,4,0,刘老师很可爱的….像我这种大一老油条和老师相处的也很愉快哈哈…体测的时候特别友好！！仰卧起坐做的不是很标准还是算我成绩最后在我的软磨硬泡下给了70个！！！就是太累了..妈妈人生是旷野..期末不用上体育课但是周末要去跑定向..风景还是很好的😋
206147,2066,刘卫中,2024-12-13 06:21:50,0,0,0,平易近人，而且有趣，还很养生哈哈哈，很好的老师。
213079,2066,刘卫中,2025-01-16 03:01:38,0,0,0,非常好的老师
214900,2066,刘卫中,2025-02-19 03:37:03,1,1,0,感觉老师上课讲话有一种范大将军的味道😂
215088,2066,刘卫中,2025-02-21 00:21:14,2,4,2,巨捞无比，像我这种越野考试走走路的都能满绩，平常课运动量不大，强烈推荐
215487,2066,刘卫中,2025-02-27 00:22:35,21,21,0,上课非常好，教我们养生和引体向上，幸好上了刘老师的课，我今年已经两百多岁了，引体向上还能做一千多个
215765,2066,刘卫中,2025-03-05 09:33:47,3,3,0,山高路远坑深，\n\n大军纵横驰骋。\n\n谁是养生第一人，\n\n唯我刘大将军。
219198,2066,刘卫中,2025-05-23 03:05:39,3,3,0,肚子里全是养生小常识，science柳叶刀张口就来，很爱talk讲着讲着自己就笑了，想听脱口秀的可以来
220630,2066,刘卫中,2025-06-19 03:51:56,2,2,0,满绩，来炒冷饭啦！
221234,2066,刘卫中,2025-06-22 06:19:08,0,0,0,本来体测很差，对体育课绩点没什么期望了\n\n但居然被刘老师捞到了4.8😭😭😭
6288,2085,金熙佳,2017-12-22 01:30:40,15,29,14,很萌的老师，上课会带着做各种莫名其妙的体能游戏 不喜欢跑步的慎选
12875,2085,金熙佳,2015-12-24 07:14:53,4,14,10,老师很牛啊，经常要带队参加比赛，上课很好，有很多健身小动作，老师很体贴，他的定向越野很有意思，不过不喜欢跑步的慎选，路痴也慎选。
13618,2085,金熙佳,2015-12-30 05:26:31,1,2,1,很棒的老师
13889,2085,金熙佳,2016-01-01 16:51:49,1,7,6,金老师是我见过最好的老师
16354,2085,金熙佳,2016-01-18 03:43:56,0,3,3,绩点真感人！老师真有趣！給赞
20493,2085,金熙佳,2016-01-28 01:15:47,-3,2,5,好老师不解释
22179,2085,金熙佳,2016-03-03 01:40:56,1,3,2,各种活动，真赞
24902,2085,金熙佳,2016-05-04 09:17:20,1,6,5,老师上课真的很有意思
33862,2085,金熙佳,2016-09-22 06:50:32,-3,3,6,怎么说呢，这个老师是很棒，但给分，你碰到其他老师就知道什么叫真好了！
42335,2085,金熙佳,2017-01-14 04:46:18,-2,3,5,有趣，老师也很耐心
42353,2085,金熙佳,2017-01-14 05:14:08,-1,2,3,老师很好，分也很高
43701,2085,金熙佳,2017-01-17 00:01:49,2,4,2,老师人真的太可爱拉，给分很高
49865,2085,金熙佳,2017-04-26 15:07:25,1,3,2,最好的老师不解释
52034,2085,金熙佳,2017-06-14 09:00:04,0,3,3,超级棒，从小到大第一次觉得爱上体育课，老师人超级有趣呢(๑>؂<๑）
54262,2085,金熙佳,2017-06-29 02:13:11,0,4,4,满绩！好！
64927,2085,金熙佳,2017-12-28 03:32:07,-4,1,5,每次都是“女生稍微轻松一点好了”、经常提前半个小时就下课，很好的老师！
70010,2085,金熙佳,2018-01-26 02:59:01,-3,0,3,好!绩点给得很棒哦！
70484,2085,金熙佳,2018-01-26 16:43:47,46,67,21,麻烦各位小伙伴看下是不是挂金老师名的zy老师，是的话别忘了退课。\n\n
73623,2085,金熙佳,2018-02-02 06:49:41,9,21,12,ZY挂名，次次点名，感觉绩杀……3.6的我看见周伟体育一个个4.8眼泪掉下来
74722,2085,金熙佳,2018-03-05 09:10:58,-1,10,11,没见过金老师本人，一直都是张宇老师在上课。查老师查不到张宇。课中规中矩吧，因为还没有上过别的体育课，只是课的重点在定向不在越野。给分还可以，弱鸡一只也能有3.6还算满意。
75908,2085,金熙佳,2018-03-21 11:21:39,-3,1,4,很开心，老师会带我们玩各种各样的小游戏，上课非常轻松愉悦，特别有意思，而且老师还很关心我们?
79677,2085,金熙佳,2018-06-12 14:55:35,0,25,25,上的是张宇老师的课，老师真的帅中带着一点萌啊~~上课挺有趣的，老师人特别好，很好说话，很像我们的大哥哥的感觉。其实想锻炼锻炼跑步的也可以选哈，虽然确实有点累，但会习惯的~希望老师早日转正。
81707,2085,金熙佳,2018-07-06 02:53:14,-3,0,3,啊啊啊\n\n老师超可爱的说
81708,2085,金熙佳,2018-07-06 02:53:40,-1,4,5,选定向越野就要有很累的觉悟，老师上课游戏也挺好玩的，也挺好说话的。可是给分真的不含师生情，全看时间的成绩，感觉自己跑得很认真，可是分很低。
81710,2085,金熙佳,2018-07-06 02:55:04,-1,2,3,老师给分真的太好了\n\n上的课也很有趣\n\n就算是太阳下跑步 也很快乐\n\n跑得慢老师也不舍得给你打低分
82307,2085,金熙佳,2018-07-07 23:51:36,2,13,11,超级喜欢张宇老师。很可爱
82319,2085,金熙佳,2018-07-08 01:19:37,2,17,15,张宇老师挂名，本以为会很坑，结果成绩把我惊喜到了(*^▽^)/★*☆
82340,2085,金熙佳,2018-07-08 02:46:03,1,8,7,张老师给分太赞了٩( 'ω' )و
82505,2085,金熙佳,2018-07-08 11:17:31,-16,10,26,本来以为是金老师教课，结果是ZY挂名教学。简直是绩杀，师生情什么的不存在的，体育能给出这么低的分也是不容易。
83962,2085,金熙佳,2018-07-11 15:23:49,-2,1,3,第二次定向了 :-( 但是老师真的好啊  \n\n超级可爱啊  上课说我们跑完做一下仰卧起坐  结果跑完说你们走吧 哈哈哈  \n\n给分应该还算可客观吧  体育嘛 都在了 全是自己造的孽
88107,2085,金熙佳,2018-10-22 08:30:02,-2,1,3,超赞的，会讲各种锻炼技巧
88265,2085,金熙佳,2018-10-25 07:17:05,-5,0,5,老师人很好，真的很好。
92054,2085,金熙佳,2018-12-25 16:44:17,-4,1,5,老师特别棒，以前带过运动员，和大家关系很好
92412,2085,金熙佳,2018-12-28 10:37:45,0,2,2,金老师人真的很好，我12分钟跑了三次，金老师还是很有耐心，真的很赞
93354,2085,金熙佳,2019-01-09 06:42:25,2,4,2,好好好
94509,2085,金熙佳,2019-01-23 13:24:30,-1,3,4,满了啊哈哈哈哈
95532,2085,金熙佳,2019-01-19 14:15:39,-1,1,2,吹爆啊啊啊啊啊  老师超级暖
97682,2085,金熙佳,2019-01-22 13:25:10,2,6,4,老师人很好的。我上金老师的专项，张宇老师的普体，都很好的。今天老师给我们看了成绩，哇塞⊙ω⊙。我惊了！很好，感谢老师o(^o^)o。
98463,2085,金熙佳,2019-01-23 13:09:32,-1,2,3,老师很棒，给分很好
100726,2085,金熙佳,2019-01-26 15:37:09,-2,8,10,吹爆张宇老师，老师加油(ง •̀_•́)ง，给分真的好，还会帮你调分
100865,2085,金熙佳,2019-01-27 03:26:45,-1,4,5,张宇老师。课上的不错的，但给分实在感人。普通体育课其实考核我个人觉得不太合理。折返跑一次就决定了成绩，也很容易拉分的。
102030,2085,金熙佳,2019-01-30 05:40:09,1,3,2,时常迷路却想着定向满绩
107691,2085,金熙佳,2019-07-04 18:00:20,22,34,12,张宇代课，真的建议退课。没退的自求多福吧。
108109,2085,金熙佳,2019-05-15 05:44:57,50,77,27,章鱼代课，建议退课。年轻老师的脑回路真的有点睿智。群里消息不回，永远自己最牛逼。\n\n假如后面有人点灭我，你们就看看，我也只是做一个参考。
108474,2085,金熙佳,2019-05-26 08:08:28,-1,2,3,以下针对这门课不针对老师:感觉什么东西都学不到，不如去选一下其他的冷门一点的如篮球之类的，实践课什么的计划太死，连普通学生组织策划活动都有紧急预案，而他们老早的计划好实践课时间，明明看到周末有雨，还是一样的跑，只是少跑几个点而已，而且去外面实践连学生联系方式都没有提前准备，太过于水，而且最后一次实践考试完全可以找人代跑，自我感觉不是很好的课
114836,2085,金熙佳,2019-07-12 02:10:21,0,2,2,这学期周四早上是金老师本人上课，老师很好，虽然我最后考试找点迷路到了人家小区里好几分钟，但最后也有91
116304,2085,金熙佳,2019-09-07 15:39:56,-1,1,2,老师很可爱！给分也不错?
118545,2085,金熙佳,2019-10-28 10:30:11,6,8,2,在全是人的操场上抽烟，一群人在下风口全部中招。呵呵
124214,2085,金熙佳,2020-06-27 07:27:07,103,124,21,看了最近被顶替者苟晶的事情。我想到了金老师跳组队员 王潮，高水平测试找人代考进入浙大，当天替他测试的是另一个人，震惊所有公管学生，厉害哦
134460,2085,金熙佳,2021-03-29 08:48:04,34,37,3,是来评价健美史倩玉老师的（hhh）因为是新老师找不到地方评价了，今年是挂金老师的名字～\n\n美女老师！超飒的！\n\n教学也很有方法，虽然上课很硬核，准备运动超累的，但是不知道为什么老师有种魅力可以给这种本来挺煎熬的东西带来一点乐趣。\n\n按质按量完成之后真的感觉整个身体都要泰勒展开了，很爽很舒服。\n\n比我想象中的健美课要有趣、有意义得多。\n\n真的很感谢老师，让我真正开始在意自己的身体素质，而不是仅仅把体育课看成一个上课只为下课的划水课程。\n\n啾咪～
142904,2085,金熙佳,2021-11-17 08:41:15,59,64,5,高泽老师给代的课\n\n超棒的老师！\n\n其他班下雨了都去测12min\n\n只有我们提前下课了\n\n必须10分 太感动了
147489,2085,金熙佳,2022-01-10 05:28:15,4,7,3,普通体育课 划水一时爽，出分火葬场😅
154292,2085,金熙佳,2022-05-29 09:29:53,3,6,3,定向越野慎选，日常变成定向游泳\n\n沆洲的天气可不是闹着玩的\n\n\n\n金老师人很好，平常体育训练的项目会一个不落全都教一遍，奈何本人核心力量真的拉稀
154678,2085,金熙佳,2022-06-03 07:39:47,25,26,1,我爱高泽！！
155236,2085,金熙佳,2022-06-09 15:04:57,4,5,1,金老师很好的人\n\n也很负责，下雨天会让你走着去打点...（虽然我想直接润）\n\n各种趣味活动也都有
155886,2085,金熙佳,2022-06-16 12:38:50,7,9,2,定向越野赶上下大雨，专项成绩直接爆炸了
156294,2085,金熙佳,2022-06-18 18:59:19,33,33,0,我爱高泽！又帅又可爱，温柔又厉害，上课运动量不大～超级好！
160920,2085,金熙佳,2022-10-19 16:11:42,7,7,0,幽默的老头
164130,2085,金熙佳,2022-12-18 09:14:05,20,20,0,给高泽老师打得分，不多说，就一句，人真的很好
171137,2085,金熙佳,2023-03-17 01:14:07,4,4,0,金老师真的太好了！早八起晚了还找不到地点，下课后看到人群走出来才知道在室内上课，结果和老师说明情况以后他一句话没说就给我点了到！真的太好了
171686,2085,金熙佳,2023-04-01 16:24:07,17,17,0,给高泽老师打的分！！人帅且温柔！！还是北大的！！\n\n很体贴学生，会专门带到阴凉的地方训练！！而且训练量适中不会很累！！\n\n本人是定向废物一枚，刚开始被补选分配到定向越野的时候真的非常想死！！上课跑图基本都是跟着同学跑的，离开手机导航和热心同学基本不能独立生存，但是一学期下来之后发现自己看图认路的能力真的有提升！！没有刚开始那么路痴了！！虽然上课和考试对于我这种弱鸡来说有点点折磨人，但是最后只要相信自己认真跑就能收获满意的分数！！本人最后成绩在班里中等偏下专项分也非常好！！真的超出预期很多！！感谢高泽老师！！都给我来选！！
172084,2085,金熙佳,2023-04-19 03:44:44,2,4,2,定向越野两学期，一学期高泽老师一学期金老师，老师人都很好。\n\n高泽老师上课特别有意思，小游戏什么的很好玩，也不是很累。老师人很好，上课很舒服。\n\n金老师上课运动量相对大一点点，但是摸鱼也摸得过（）。随和而有趣的一个人。\n\n至于定向越野本身，可以探索学校某些自己都不知道的角落，跑下来蛮累的，但是也很有趣。技巧性适中，所以认真对待成绩都会不错的，体能能拉开的差距不大。方向感好或者喜欢钻树林子的可以试试
184974,2085,金熙佳,2023-12-25 03:07:37,1,1,0,金老师真的太好了，爱了
185687,2085,金熙佳,2024-01-03 14:01:31,0,2,2,高泽老师的身体素质课，很轻松！每节课做十几分钟热身就自由活动，后半学期一上课点完名就可以溜，爱了
186781,2085,金熙佳,2024-01-13 04:53:01,-1,0,1,平易近人，定向越野给分好
186909,2085,金熙佳,2024-01-13 13:29:25,0,1,1,金老师很负责任~给分超好！！
187053,2085,金熙佳,2024-01-14 09:26:47,2,2,0,高泽上的很不错，事少分数高。
187522,2085,金熙佳,2024-01-16 12:27:48,1,2,1,专项分给的不好
187913,2085,金熙佳,2024-01-17 19:29:22,5,7,2,10分送给高泽老师！专项给分真的好呜呜呜\n\n让我这个体育fw也能上4\n\n定向越野就是前期锻炼身体素质的时候有些累 后面开始跑图就好多啦~
195146,2085,金熙佳,2024-06-27 02:57:09,3,3,0,纯好奇，为啥是高泽老师？（给了10分了）
208460,2085,金熙佳,2024-12-28 06:13:07,2,2,0,很好的高泽定向越野，都来选🤓
209481,2085,金熙佳,2025-01-06 05:11:53,3,3,0,选到jxj本人的有福了 专项给分好低。。\n\n明明没有一次缺/请假 三次校外实践也完整跑完交了票 专项比周围别的课的都低好多。。\n\n补选选进来的趁早退吧我说
211165,2085,金熙佳,2025-01-11 03:01:46,0,1,1,金老师超级好的啊！！！
212707,2085,金熙佳,2025-01-14 13:55:41,2,2,0,高泽老师定向越野，满昏!!
212810,2085,金熙佳,2025-01-15 03:18:59,3,3,0,专项给分好低。。。。挂他名的高老师反而给分很好
218828,2085,金熙佳,2025-05-07 09:04:55,2,2,0,不太好的
219427,2085,金熙佳,2025-05-27 05:09:45,2,2,0,专项给分一般化，去年最后跑20min左右，总评80，据说是按照排名赋分，但是没必要，体育课而已
220919,2085,金熙佳,2025-06-20 10:42:46,0,0,0,很萌的老师，给分不错🥹（给jxj老师本人\n\n会照顾女生，运动量还好（可以接受）\n\n以及还是建议大家竞赛项目都做点hh
1063,2109,楼恒阳,2015-03-21 16:03:44,91,100,9,好老师！男神！
1851,2109,楼恒阳,2015-03-26 02:07:31,155,161,6,特别棒！老师很有亲和力，人超好~特别负责任~大赞
4149,2109,楼恒阳,2018-08-25 00:40:24,311,336,25,一学期下来他能记住所有人的名字，期末都会合影留念。12分钟跑之类的，很有人情味，你懂的。
5036,2109,楼恒阳,2015-07-02 11:28:27,49,51,2,跟了三学期 好老师 男神么么
5868,2109,楼恒阳,2015-07-09 15:56:14,67,69,2,绝对男神啊！
7932,2109,楼恒阳,2015-09-16 07:09:16,44,45,1,老师人超好，打球棒教的棒，给分也很好，很公平很人性化。
9647,2109,楼恒阳,2015-11-03 15:49:36,26,27,1,负责敬业
9690,2109,楼恒阳,2015-11-04 12:37:05,19,21,2,男神
10095,2109,楼恒阳,2015-11-15 16:06:25,19,21,2,人很好
11058,2109,楼恒阳,2015-11-24 04:27:02,61,61,0,楼老师人很好，网球也教的好，总之是很棒的老师，明年想继续选他的体育课
11221,2109,楼恒阳,2015-11-25 09:43:17,32,33,1,超级赞
12100,2109,楼恒阳,2015-12-22 00:13:00,23,24,1,超级帅，特别有魅力
12115,2109,楼恒阳,2015-12-22 01:49:01,6,7,1,非常不错的！
12463,2109,楼恒阳,2015-12-23 10:41:26,36,41,5,我是蹭的课，嘻嘻，选不上就是想上，10分不多说
12493,2109,楼恒阳,2015-12-23 11:39:19,18,19,1,老师超级棒!上课很轻松!
12662,2109,楼恒阳,2015-12-24 00:31:17,13,13,0,标准男神不解释
12729,2109,楼恒阳,2015-12-24 02:45:11,25,27,2,老师人特别好 能记住所有学生名字 特别和蔼有趣 特别喜欢
12823,2109,楼恒阳,2016-01-05 07:50:02,11,11,0,巨好！！！！
12921,2109,楼恒阳,2015-12-24 10:27:57,26,27,1,很负责的老师^ω^，即使手受伤也会坚持上课，赞一个
12952,2109,楼恒阳,2015-12-24 11:10:29,6,7,1,人超级好，很关心学生！
13018,2109,楼恒阳,2015-12-24 14:00:36,10,11,1,就是选了还想选，欲罢不能。
13080,2109,楼恒阳,2015-12-24 19:17:28,11,11,0,真的很好强势安利
13259,2109,楼恒阳,2017-12-05 06:04:40,41,42,1,离别时分还有大合影 超级温情
13260,2109,楼恒阳,2015-12-26 00:58:06,10,10,0,棒棒棒\n\n
13334,2109,楼恒阳,2015-12-27 01:40:02,7,8,1,强推！！\n\n
13777,2109,楼恒阳,2015-12-31 01:47:32,6,6,0,超级棒超级棒超级棒超级棒超级棒超级棒
13809,2109,楼恒阳,2015-12-31 07:30:29,17,19,2,超级好的老师，一个个名字都记住\n\n
15610,2109,楼恒阳,2016-01-15 15:38:17,5,5,0,超级棒的老师，
16220,2109,楼恒阳,2016-01-17 13:49:09,-46,5,51,给分低
17199,2109,楼恒阳,2016-01-20 00:55:59,0,0,0,给分还好吧，个人技术是很棒的，对学生也不错
17224,2109,楼恒阳,2016-01-20 01:48:40,7,7,0,楼哥太好了
17758,2109,楼恒阳,2016-01-21 00:13:49,5,6,1,老师真的超级可爱！人很nice课很棒！评分也很不错哒～
18202,2109,楼恒阳,2016-01-21 09:19:22,19,21,2,简直是我男神老师，超级会鼓励同学。不管你做得好不好他都能找到你的优点，脾气也是real好。教学认真，良师益友！
19924,2109,楼恒阳,2016-01-25 14:31:28,2,3,1,这么好的老师 爱
22887,2109,楼恒阳,2016-03-14 05:59:16,-12,3,15,超级好，期末说只能考两次，
25654,2109,楼恒阳,2016-05-31 06:36:45,6,6,0,老师超棒人超好
25656,2109,楼恒阳,2016-12-27 10:58:15,4,4,0,超级安利，棒棒的！
26000,2109,楼恒阳,2016-06-15 03:59:43,4,5,1,老师人很好
26038,2109,楼恒阳,2016-06-15 07:27:45,4,4,0,超级好的老师 网球教得很好
26228,2109,楼恒阳,2016-06-16 10:04:58,4,4,0,好老师 有趣真诚
26296,2109,楼恒阳,2016-06-16 15:45:06,4,4,0,坠爱他
26594,2109,楼恒阳,2016-06-20 09:08:40,4,5,1,人超级好！考试拿满分也很简单！\n\n
26600,2109,楼恒阳,2016-06-20 09:52:55,5,5,0,大学里最有亲和力的老师 没有之一
26692,2109,楼恒阳,2016-06-21 02:20:58,4,4,0,老师超好！！继续选了他的课！
27168,2109,楼恒阳,2016-06-23 09:44:23,4,4,0,很强势 很棒
27424,2109,楼恒阳,2016-06-26 06:34:50,5,5,0,嘻嘻 老师真的很鼓励人！
27489,2109,楼恒阳,2016-06-26 13:46:43,4,4,0,棒极了
27517,2109,楼恒阳,2016-06-26 16:37:11,1,1,0,和蔼可亲，会记住所有人的名字，给分还高。
27692,2109,楼恒阳,2016-06-27 08:32:54,0,0,0,男神！
28144,2109,楼恒阳,2016-06-28 08:09:37,0,0,0,高尔夫球班超级棒！老师超级男神！教的特别认真！而且很幽默！
28494,2109,楼恒阳,2016-06-28 09:29:12,0,0,0,下学期不是他的课了，好伤心
28721,2109,楼恒阳,2016-06-28 13:00:28,2,2,0,我想不出来不给满分的理由。一个会打高尔夫.排球.网球......能记住每个班每个人的名字的好体育老师
28954,2109,楼恒阳,2016-06-29 04:20:08,0,0,0,给分好
29030,2109,楼恒阳,2016-06-29 06:56:11,1,1,0,人超级好，很关心同学，而且时间一久就认识了每个同学非常亲切
30039,2109,楼恒阳,2016-07-01 00:27:38,1,1,0,男神老师\n\n不能喜欢更多
31384,2109,楼恒阳,2016-07-03 23:50:12,1,1,0,超棒的老师！！上课很鼓励人，各项考试都比较容易！上课很有收获～
34553,2109,楼恒阳,2016-12-21 13:56:40,1,1,0,“你们工科生对这个网球拍的角度把握很到位”\n\n其实我只是我一周打四次网球而已。自己不练好真的对不起这么好的老师
34670,2109,楼恒阳,2016-10-18 01:12:14,1,1,0,超级男神
35579,2109,楼恒阳,2016-11-10 07:28:55,1,1,0,超级喜欢他，会经常表扬我，让我充满信心，教课也教得很好，学到很多
38054,2109,楼恒阳,2017-06-12 07:54:17,9,9,0,保佑我选上网球中级班吧 ?????
38359,2109,楼恒阳,2016-12-01 01:24:50,5,6,1,这么好的老师你们都不选，是想和绩点过不去吗？！
38573,2109,楼恒阳,2016-12-09 08:46:50,1,1,0,好!大赞!\n\n
38578,2109,楼恒阳,2016-12-09 12:40:51,1,1,0,男神哦
38779,2109,楼恒阳,2016-12-19 02:00:18,4,4,0,绝对男神老师 很能鼓励人 给分也很棒
38953,2109,楼恒阳,2016-12-20 03:40:20,1,1,0,超好 被记住名字是真的不容易
39078,2109,楼恒阳,2016-12-21 04:01:42,1,1,0,超喜欢楼老师!
39219,2109,楼恒阳,2016-12-21 15:46:03,0,0,0,٩(❛ัᴗ❛ั⁎)超级喜欢老师！
39396,2109,楼恒阳,2016-12-22 11:51:42,0,0,0,好好好
39435,2109,楼恒阳,2016-12-22 15:59:33,1,1,0,给分我自算了算大概3.9 老师还是很好的 大学里为数不多会记住学生名字的老师 很有亲和力
39483,2109,楼恒阳,2016-12-23 05:32:31,4,4,0,绝对绝对绝对绝对绝对值得选他的课。棒到不行!
39531,2109,楼恒阳,2017-01-16 04:30:39,1,1,0,真 男神！
40118,2109,楼恒阳,2016-12-29 08:51:15,1,1,0,老师超级棒棒啊，多才多艺！！超喜欢老师
40775,2109,楼恒阳,2017-01-15 03:10:09,4,4,0,超级好的老师，对学生宽容友好，球技也好，很快乐的一学期羽毛球课，最后一节课还合了影，给分也不错，拿了4.5哈，好想再上楼老师的课！
40895,2109,楼恒阳,2017-01-14 11:18:52,0,4,4,低于4的那个还会有下一科低于4的
42372,2109,楼恒阳,2017-01-21 06:48:13,4,5,1,老师好，不多说啦，还有网球课男女生两人一组的制度很棒哦
42376,2109,楼恒阳,2017-01-14 05:55:52,-30,3,33,唉……大学第一个低于4的绩点
42377,2109,楼恒阳,2017-01-14 05:47:33,0,0,0,男神老师啊啊啊啊啊啊
42393,2109,楼恒阳,2017-01-14 13:08:38,0,0,0,超级好，让我们有家的感觉……而且给分不错
42398,2109,楼恒阳,2017-01-14 06:25:24,0,0,0,表白男神楼老师
42419,2109,楼恒阳,2017-01-14 07:24:34,1,1,0,楼老师特别温柔特别帅，专项考试几乎全班满分，总之选他的课肯定没错。
42453,2109,楼恒阳,2017-01-14 08:49:11,0,0,0,和老师打球很有意思
42466,2109,楼恒阳,2017-01-14 09:10:28,1,1,0,好老师 会记住每个同学的名字\n\n可惜就是羽毛球绩点不高QAQ
42750,2109,楼恒阳,2017-01-15 04:39:37,5,5,0,好喜欢老师，教学过程超级棒的，希望还能上他的课。
42756,2109,楼恒阳,2017-01-15 04:45:22,10,11,1,进浙大以来最好的老师！期末会拍大合照..上课也很棒！第一个满绩啊啊！开心！选了绝对不后悔
42866,2109,楼恒阳,2017-01-15 10:09:56,0,0,0,很温暖
43260,2109,楼恒阳,2017-01-20 12:13:54,0,0,0,挺好的老师
43864,2109,楼恒阳,2017-01-17 05:15:48,0,0,0,老师人很好，水平也很高。
43913,2109,楼恒阳,2017-01-17 06:19:35,1,1,0,男神！虽然是个毒奶(。)脾气很好还会记得大家的名字。满绩了→_→
44406,2109,楼恒阳,2017-01-17 22:26:56,1,1,0,上了整3学期的楼老师的课，热身还会教我们街舞舞步，哈哈哈哈，总之，很可爱的老师。不过真的很耿直，练得不好会被说的。
44721,2109,楼恒阳,2017-01-18 07:01:40,23,25,2,楼老师是我大学里最喜欢的老师了吧！我选了四次他的体育课（对全是他哈哈哈非他不上！）就是这么爱他。怎么说呢，请假不超过五次（一共一学期才是十几次课啊！）都会宽容你一下，考试也是，考的太差就再来一次。老师面相就特别特别和善那种，还能记得几乎所有学生名字。跟学生经常唠嗑唠嗑，太暖了！真的太喜欢他了给100000分！而且分数也是，尽量把你往上提。有学期身体实在吃不消很多都没能考，卡也没打及格，老师还是给到了3.5以上。真的太感动了。教课也特别认真，打起球来真的男神啊！而且人真的太好了啊！
44792,2109,楼恒阳,2017-01-18 09:03:18,11,12,1,对楼老师的印象，就是之前在查老师上看到的：男神！绅士！真的！老师人特别好，不仅能记住每一位同学的名字，而且没事还能跟同学聊天，为人特别幽默，而且，老师打球真的真的真的帅到爆炸(秒变楼老师的小迷妹♥)！！！！！！！选了楼老师的课，就不用担心体育课绩点了，绝对出乎你意料的高！！！哈哈，强大的人格魅力，过硬的球技，这样的男神老师，你愿意错过么？？？？
45551,2109,楼恒阳,2017-01-19 18:12:25,0,0,0,很后悔大二才选上老师的课，我下学期还是老师的课！开心到爆炸！
46075,2109,楼恒阳,2017-01-20 14:40:53,1,1,0,老师很好啊，让我喜欢上了高尔夫
47758,2109,楼恒阳,2017-02-23 15:43:13,0,0,0,很棒很耐心的老师，
49742,2109,楼恒阳,2017-04-25 07:43:53,0,0,0,老师好棒！没话说！
51026,2109,楼恒阳,2017-05-14 11:15:16,0,0,0,真的男神
51070,2109,楼恒阳,2017-05-16 02:58:27,0,0,0,水平高！
51301,2109,楼恒阳,2017-06-28 13:23:17,4,4,0,好老师！超级有耐心，给分也好！期末有合照，啊啊啊男神~
51523,2109,楼恒阳,2017-06-07 03:02:01,9,12,3,老师炒鸡可爱！！强推高尔夫课！除了理论考比较难以外简直找不到不选的理由！！！
51547,2109,楼恒阳,2017-06-07 04:26:21,0,0,0,为学生着想
51629,2109,楼恒阳,2017-06-07 16:13:41,1,1,0,老师真的特别好！能记住每个学生的名字！而且是刻意去记的，记不大清的话还会主动去认认你的脸～在大学里还能遇到这样的老师真的很惊喜很感动！平时很喜欢和学生聊天很平易近人的～认真负责，而且是真的有为学生发展着想～给分也特别好～
51665,2109,楼恒阳,2017-06-28 12:40:49,1,1,0,老师超级好！
51832,2109,楼恒阳,2017-06-12 03:10:35,0,0,0,超级棒
52007,2109,楼恒阳,2017-06-14 06:31:23,0,0,0,给分很关照的，好老师。
52045,2109,楼恒阳,2017-06-14 10:02:10,0,1,1,强烈推荐高尔夫啊 下学期想继续选(˶‾᷄ ⁻̫ ‾᷅˵)
52122,2109,楼恒阳,2017-06-15 02:54:12,1,1,0,很不错
52432,2109,楼恒阳,2017-06-20 03:47:29,1,1,0,超级棒的老师，印象最深就是他的“我靠”！
54101,2109,楼恒阳,2017-06-28 12:51:28,1,1,0,实现了一个体育咸鱼从3.0到4.5的飞跃！男神啊啊啊啊啊\n\n
54110,2109,楼恒阳,2017-06-28 13:20:57,0,1,1,老师超棒 对我们也很温柔很关心 大学两年遇到最好的老师之一
54112,2109,楼恒阳,2017-06-28 13:23:25,1,1,0,男神男神！
54115,2109,楼恒阳,2017-06-28 13:30:29,1,1,0,太棒太棒 男神老师 网球动作超级超级帅 给分也不能再赞 下学期还选了他的课??
54125,2109,楼恒阳,2017-06-28 13:42:36,1,1,0,老师人很好，对每个同学都很好。很诚恳，上课认真，下课友好，玩笑也开的。给分也良心。
54128,2109,楼恒阳,2017-06-28 13:45:29,1,1,0,男神好吧
54130,2109,楼恒阳,2017-06-28 13:48:38,1,1,0,老师真的超级有魅力！一学期能记住所有同学的名字！教的很棒人很亲切给分特别棒！男神啊！！
54161,2109,楼恒阳,2017-06-28 14:52:29,1,1,0,好棒的老师！
54228,2109,楼恒阳,2017-06-28 22:23:49,1,1,0,十分，不再评论。
54254,2109,楼恒阳,2017-06-29 02:01:06,1,1,0,老师真的很好～上一学期课能记住所有人名字，平时也很亲切有趣，给分也超棒，很开心下学期还能上他的课
54269,2109,楼恒阳,2017-06-29 02:27:21,4,4,0,同学们的眼睛都是雪亮的，一个好老师，大家有目共睹！很耐心，人很好，虽然看上去有点凶凶的哈哈哈，但还是个可爱的大暖男的~老师还会说“一口毒奶哈哈哈”
54292,2109,楼恒阳,2017-06-29 03:39:29,2,2,0,真的特别棒的老师，很亲切，也很专业，给分也很好，总之完美
54328,2109,楼恒阳,2017-06-29 05:57:54,2,2,0,太棒惹
54453,2109,楼恒阳,2017-06-29 10:28:48,2,2,0,最爱的浙大老师。没有之一。
54660,2109,楼恒阳,2017-06-30 03:30:22,4,5,1,老师人超级超级好，打球的时候超级帅，很用心地教我们了，很体贴同学。期末考专项虽然嘴上说不能水水过，要让我们有学过高尔夫球的样子，但其实大部分人都是高分过啦。还会带我们去外面打球。老师带的班级很多，但是最后几节课的时候，叫不出有些同学的名字他还会自责一下。平时上课老师都是跟我们一起玩的啦~至于12分钟什么的，也没有特别水，不过我除了专项好像其他都一般般最后给分超好啊~遇到的最好的体育老师啦~
55366,2109,楼恒阳,2017-07-01 11:21:09,7,8,1,老师超级棒的！能记住大家的名字，十二分钟会给加油，平时超级幽默可爱，还能听懂“一口毒奶”沟通毫无代沟…还给我这个小菜鸡史上最好体育绩点…而且高尔夫是门好课啊大爱，哪怕平常懒惰缺乏运动只要好好学也可能专项满分…不像那啥啥皮艇球………
56394,2109,楼恒阳,2017-07-03 15:31:24,1,1,0,很亲切很可爱的老师~点赞
57575,2109,楼恒阳,2017-07-10 03:16:00,1,1,0,老师超可爱 上课也很棒 给分也好呀 ！
58150,2109,楼恒阳,2017-08-08 03:56:31,1,1,0,非常棒
61290,2109,楼恒阳,2017-11-14 01:12:26,1,1,0,满分?
61790,2109,楼恒阳,2017-11-21 02:33:15,1,1,0,好老师 超级好 无敌棒 一定要选
63931,2109,楼恒阳,2017-12-20 00:03:03,0,0,0,人特别好
63932,2109,楼恒阳,2017-12-20 00:03:25,1,1,0,敲级棒！不管打的好不好，都会鼓励我们！还会卖萌哈哈
63935,2109,楼恒阳,2017-12-20 01:20:57,1,1,0,老师真的超级好，每个同学的名字都能记住，指导得特别好，觉得网球课虽然不长，但是技术提升不少，觉得老师的授课方式很好，果然经验老道！超级温柔的，虽然打不好了会批评一下哈哈哈超级可爱的！男神！我男神！！好像再选上你的课！！
64266,2109,楼恒阳,2017-12-22 06:06:44,1,1,0,非常好
64388,2109,楼恒阳,2017-12-23 06:41:00,1,1,0,在发际线学院的我唯一一门轻松愉快的课。和同院同学，蹭课学弟，大三学长一起上课很有趣。跟了两学期了，觉得老师给我一种父辈的感觉，很nice。
64435,2109,楼恒阳,2017-12-23 14:43:15,3,3,0,老师是真滴好！十二分钟跑会尊重学生的努力和努力！每个学生叫名字，很有心！跳的街舞很cool哈哈哈哈记忆犹新！幽默风趣！还那么全能，从此体育只想上他的课！还有老师滴姿势是真滴标准，球技贼棒！
64783,2109,楼恒阳,2017-12-27 06:21:11,1,1,0,还没出成绩。最后合影的时候真的感觉超级暖，超级舍不得老师的。\n\n果断10分啊
64786,2109,楼恒阳,2017-12-27 06:36:45,1,1,0,（高尔夫）楼老师绝对是一级棒！就像他自己说的，是个很率真的老师，什么想法都会跟大家聊，只要你主动一点点，他会关注到每一个学生。抓住每一次机会记住大家的名字，还拍了合照留念，最后一次考核课跟大家聊了蛮多，真的有不舍！虽然没选上下学期的羽毛球，但！不妨碍我给十分啊！！大爱
64900,2109,楼恒阳,2017-12-28 01:49:18,1,1,0,超级超级超级好的老师！人很温柔！给分也很好！
65141,2109,楼恒阳,2017-12-29 09:17:47,1,1,0,特别好呀，每次都叫出我的名字说我打的不对。。。反正很棒很棒的！
65143,2109,楼恒阳,2017-12-29 10:50:47,7,7,0,今天刚考完羽毛球，专项成绩只比及格多一点点，是我自己的问题，虽然很难过，但能遇到楼老师真的是很幸运。老师是真的会替学生着想，我们考核低了老师跟着揪心。很率真很酷的男神，哪怕我再差老师也会找出一点点好的来鼓励我。\n\n这学期就这么结束了。很舍不得。
65158,2109,楼恒阳,2017-12-29 14:34:10,17,18,1,很有亲和力，尊重学生，认真负责，上课气氛轻松活泼。期末考试会尽量照顾你。\n\n想方设法为我们考虑，今天刚考完羽毛球，他特意在群里发消息告诉我们考试随机性很大，2017大家都尽力了，2018要开心呀。然后有同学跟他说对不起没有考好，因为今天考发球的时候也确实有其它老师说过你们老师就这样教的你们吗之类的话，但是他还是非常温柔地说是他上课太冒进了，没有给大家充分的时间练习。\n\n会认真记住学生的名字，结束时还有合影留恋。\n\n总之就是很温柔大气谦逊技术超好的老师！
65309,2109,楼恒阳,2018-01-03 02:05:38,1,1,0,嘻嘻嘻只求欧气爆棚再次选上老楼体育课
66812,2109,楼恒阳,2018-01-19 06:54:47,1,1,0,老师真的太棒了，虽然羽毛球发球时一直打偏。给了补考的机会，当时老师陪着我们补考的两个人几乎一下午，老师特别好。
68406,2109,楼恒阳,2018-01-23 06:55:11,1,1,0,超好，超赞?
68416,2109,楼恒阳,2018-01-23 07:22:49,1,1,0,老师人超好，很和气，也很关照学生。
68417,2109,楼恒阳,2018-01-23 07:25:52,3,4,1,老师人无敌好啊！高尔夫课运动量不大，然后会出去玩出去考一次，推荐！老师男神啊～爱他！
68436,2109,楼恒阳,2018-01-23 08:02:12,1,2,1,超级无敌爆炸好(✪▽✪)的老师啊啊啊啊\n\n可以叫出每个人的名字！！在教学楼碰到还会跟你打招呼！！给分也是超级无敌爆炸好！！下个学期欧气不足没选上他的课很伤心了orz
68471,2109,楼恒阳,2018-01-23 08:46:53,3,4,1,人真的很好 作为一个四肢不发达的女生表示也没有被嫌弃??成绩也挺理想的 给老师十分ʅ(｡Ő౪Ő｡)ʃ
68473,2109,楼恒阳,2018-01-23 08:53:47,0,1,1,楼老师真的好男神，能记住每个人的名字，而且待人很和善，相处起来就像朋友一样
68499,2109,楼恒阳,2018-01-23 09:25:32,3,3,0,超级和蔼，给分很好，人也超nice！不选他的课是一种损失。
68526,2109,楼恒阳,2018-01-23 10:09:24,1,1,0,老师很好，考试很人性化，就是课太难选上了
68567,2109,楼恒阳,2018-01-23 11:14:52,1,1,0,网球班的学生，楼老师太好了，上课很耐心，说话也很有意思，还有节奏感超好的热身运动，专业知识和实力也很强就是选上比较难\n\n给分没话说，好
68633,2109,楼恒阳,2018-01-23 13:42:16,1,1,0,老师人真的很好?
68685,2109,楼恒阳,2018-01-23 15:23:58,1,1,0,老师人超级好的～羽毛球打得很棒，教的很耐心，对我们态度也很温和!希望以后多在风雨碰见老师hhhh
68686,2109,楼恒阳,2018-01-23 15:24:14,1,2,1,自己体育不好，本来觉得及格就行。但老师给分真的太赞了。
68727,2109,楼恒阳,2018-01-23 16:15:24,3,3,0,表白，人真的很好，打球的样子很帅
68763,2109,楼恒阳,2018-01-24 00:39:11,0,1,1,很亲和的老师哟!
68769,2109,楼恒阳,2018-01-24 00:52:06,1,2,1,太棒了，给分棒，老师棒，长的帅，亲和力高
68786,2109,楼恒阳,2018-01-24 01:40:19,2,3,1,想嫁给老师，超级帅
69173,2109,楼恒阳,2018-01-24 09:30:05,1,2,1,帅帅帅型男!女生很容易满绩哦，男生难一点，因为有引体向上卡着。然后专项考试有一点难
69203,2109,楼恒阳,2018-01-24 10:06:18,1,1,0,满绩啦~好老师怒赞！
69337,2109,楼恒阳,2018-01-24 13:32:03,1,2,1,老师上的课其实很好，如果好好练，不旷课，最后考试好好考，你会发现这老师给的分很给力。（其实考试我考了n次的说，这里很感谢老师给的机会）
70599,2109,楼恒阳,2018-01-27 09:19:39,5,5,0,超级超级棒 体育渣真的都能到3.5+ 教的超级耐心 最后合影超有人情味
70744,2109,楼恒阳,2018-01-27 12:58:23,3,4,1,老师挺好，给分也好，但说话比较直，不好的就是不好的，相对而言会更关注表现好的同学。
71492,2109,楼恒阳,2018-01-28 13:57:05,2,4,2,你们别选男神，别跟我抢
71986,2109,楼恒阳,2018-01-29 07:25:32,2,2,0,高尔夫球课很有趣，老师也特别亲切，能认得所有人。我体育真的不好，但给分也挺不错。下学期又选上了老师的课，幸运啊！
72204,2109,楼恒阳,2018-01-29 14:30:13,1,2,1,老师真的好！
73653,2109,楼恒阳,2018-02-02 09:27:24,1,2,1,老师实在是太好了，无法用语言形容
74277,2109,楼恒阳,2018-02-09 01:25:47,1,2,1,高尔夫棒棒棒！！
75559,2109,楼恒阳,2018-03-13 08:35:12,1,2,1,超好超好的老师！
76321,2109,楼恒阳,2018-04-03 03:21:31,6,6,0,老师超级棒 特别关注同学 耐心教导！十二分钟跑还是公正无私的，并没有太放水！
78968,2109,楼恒阳,2018-05-18 05:55:03,1,1,0,必须十分，少有的好老师
79673,2109,楼恒阳,2018-06-12 14:40:36,1,2,1,老师超级好，能记住学生的名字，人很亲和，绝对男神啊，就是太难选上课了
79864,2109,楼恒阳,2018-06-14 13:32:17,1,1,0,老师人超级好，记住每个人的名字，上课都能叫出来。球没打好感觉老师比我们都着急。上个学期选了网球初级班，然后这个学期上中级班，一直在楼老师班级里，就很nice，感觉运气全花在选体育课上了
80057,2109,楼恒阳,2018-06-19 09:54:51,1,1,0,真的超级可爱啊啊啊羽毛球初级菜鸡在他的课上做起了体育梦！
80088,2109,楼恒阳,2018-06-20 01:43:02,1,1,0,现在回忆起来，能选上老楼的课真的幸运!
80172,2109,楼恒阳,2018-06-21 03:38:45,1,1,0,不错的，考试给的机会多。教的也好。
80175,2109,楼恒阳,2018-06-21 05:08:14,1,1,0,可惜没有十一分
81274,2109,楼恒阳,2018-07-04 13:59:43,1,1,0,非常棒，感觉老师很有耐心
81942,2109,楼恒阳,2018-07-06 14:33:46,1,1,0,哈哈哈，学的是高尔夫，楼哥真的超好，很照顾学生的，考试也挺轻松的。后悔自己为什么十二分钟不再坚持一下呢?
81975,2109,楼恒阳,2018-07-06 16:33:46,1,1,0,为人亲切，考试的时候特别好
82003,2109,楼恒阳,2018-07-06 23:24:43,1,1,0,就是真的超级超级棒，男神一般的存在了，如果你会一点网球，上课会很轻松，老师也会很照顾你。
82006,2109,楼恒阳,2018-07-06 23:43:18,3,3,0,那个时候选上高尔夫的时候，学姐就和我说撞大运了，果真很开心！楼哥对我们真的贼好，因为是何穗的姐夫，这学期班上就有很多人收到了何穗的签名照呢！而且我们后面的好像室内模拟的系统会正式投入吧，加油加油！
82052,2109,楼恒阳,2018-07-07 02:54:16,1,1,0,看这个分数就知道老师有多好了
82481,2109,楼恒阳,2018-07-08 10:11:12,1,1,0,业内良心！！！
85444,2109,楼恒阳,2018-07-18 02:17:55,1,1,0,楼老师人帅而且超级nice，和学生很聊得来，教网球很认真，纠正了我的技术动作，就像朋友之间的学习，给分很好，最后一堂课还有集体合影，激动～很喜欢的一个体育老师，实力赞?
85584,2109,楼恒阳,2018-07-20 02:29:00,3,3,0,高尔夫课有趣也容易得高分，老师人真的很nice，而且从聊天中知道，他始终把老师的水准和对同学的关心摆在名利和头衔之前
85824,2109,楼恒阳,2018-08-19 07:59:14,0,1,1,还以为自己的网球是学不会了 慢慢地在老师的课上有了提高 最后期末考接住了十个球 自己都难以相信 感谢老师
87284,2109,楼恒阳,2018-09-26 14:12:32,2,2,0,和哥们闹着玩的赶脚
87603,2109,楼恒阳,2018-10-08 06:02:45,1,1,0,真心对待学生\n\n
88649,2109,楼恒阳,2018-11-05 03:35:43,5,6,1,啊啊啊 吹爆我楼哥
88759,2109,楼恒阳,2018-11-07 11:28:03,3,4,1,上的高爾夫 老師超級可愛(´▽｀)
91144,2109,楼恒阳,2018-12-02 01:28:28,3,3,0,楼哥威武！
91265,2109,楼恒阳,2018-12-04 12:40:24,3,3,0,完美，不谈。
91390,2109,楼恒阳,2018-12-07 16:03:35,5,5,0,大爱楼哥，天下第一，兄弟们送我上去，让楼哥看到我啊啊啊
92308,2109,楼恒阳,2018-12-27 15:06:03,4,4,0,吹爆楼哥！！！！
92824,2109,楼恒阳,2019-01-05 01:07:39,4,4,0,很棒，老师很平易近人
93388,2109,楼恒阳,2019-01-09 10:29:48,1,1,0,上课会认真的指导，能学到技能，也很有亲和力，一学期下来基本和所有人成了朋友
93437,2109,楼恒阳,2019-01-09 14:36:38,1,1,0,老师人超棒！！！
93883,2109,楼恒阳,2019-01-14 06:56:21,1,1,0,没有可以更好的体育老师！大爱
93904,2109,楼恒阳,2019-01-14 08:00:37,6,6,0,贼棒一老师！会带着大家玩！是大家很亲近的楼哥了！！
94848,2109,楼恒阳,2019-01-18 10:13:52,5,5,0,老师人超好啊，超级风趣，是我男神!!!可惜下个学期体育课掉了，，不然我还能再来一学期网球，哈哈哈
96720,2109,楼恒阳,2019-01-21 09:44:45,4,4,0,楼哥超有趣的，可爱
97030,2109,楼恒阳,2019-01-21 15:02:59,4,4,0,楼哥打球的时候好帅啊，给分又好，真的有幸选到楼哥的课！
97040,2109,楼恒阳,2019-01-21 15:12:01,4,4,0,老是人很赞!
97048,2109,楼恒阳,2019-01-21 15:17:17,1,2,1,男神中的男神！！大爱   高尔夫学生留
97051,2109,楼恒阳,2019-01-21 15:22:09,4,4,0,到最后都学不会 但还是给了4.5。哭了男神
97056,2109,楼恒阳,2019-01-21 15:24:51,5,5,0,男神！会好多球！明明是田径出身，这身体也太协调了！学的网球，楼哥挥拍真的很帅！给分很和善，脾气虽急，却是个很好的老师！只可惜没选上下学期的课。我真是身在欧中不知欧啊(´;︵;`)
97058,2109,楼恒阳,2019-01-21 15:25:31,15,15,0,绩点出来真的哭了\n\n怎么会有那么和蔼可亲善良勇敢的老师\n\n每次他喊我名字的时候觉得超级暖的\n\n楼老师要是年轻个三十岁，我一定倒追他\n\n简直男神级别?
97062,2109,楼恒阳,2019-01-21 15:32:58,4,4,0,超级赞呀！
97065,2109,楼恒阳,2019-01-21 15:34:04,5,5,0,吹爆我楼哥啊！！上课超耐心，给分也超好。一个学期下来基本记住所有人名字了，超能跟学生打成一片。怎么会有这么好的老师啊呜呜呜呜呜 如果有机会，一定要选楼哥的课！
97069,2109,楼恒阳,2019-01-21 15:41:49,1,1,0,很好的老师
97073,2109,楼恒阳,2019-01-21 15:44:42,4,5,1,"楼哥必须满分安利啊！！！！！！！！\n\n超级超级超级超级棒超级好的老师 第一个学期就选上了老师的高尔夫球真是感动的痛哭流涕 老师人真的是超级超级超级超级好 体测很体贴 专项辅导课很认真示范 带我们练 然后变成""练你们还是练我自己啊"" 各种有趣好玩的锻炼方式 ""放学回家""跳 高尔夫水平当然是没话讲 每节课都会带你复习 教那么多的班 一学期下来还是能记住每个同学的名字 会提醒你及时体测 及时考核 高尔夫安利无数次都不会多 有幸选上楼哥课的同学要珍惜呀 楼哥真的超级超级棒的! 疯狂打call"
97120,2109,楼恒阳,2019-01-21 16:30:26,0,0,0,很好啊很棒的老师
97188,2109,楼恒阳,2019-01-21 23:59:12,1,1,0,嗷嗷老师超棒！
97189,2109,楼恒阳,2019-01-21 23:59:19,1,1,0,楼老师很认真负责，最后大家有分数统计错了，老师会一个个手动改回来，但羽毛球考试真的有、难，大家快去选楼老师的网球和高尔夫鸭！
97204,2109,楼恒阳,2019-01-22 00:19:48,5,5,0,老师真的超级好！！和学生像朋友一样相处，会记住你的名字呜呜，考试什么的也不会很严格！！真的是我惨淡绩点的一抹光呜呜呜呜呜我爱楼哥一辈子
97227,2109,楼恒阳,2019-01-22 00:49:33,30,34,4,非常不好，为什么不好呢？因为非常不好选上老师的课，我只好扣了90分。给老师打10分。
97769,2109,楼恒阳,2019-01-22 15:40:46,4,5,1,老师太好了！！！！！！超体贴我们！！！！！！男神啊啊啊啊啊名副其实！！！！而且很可爱和我们一起练习 有时候表演失败了还不服气要再试几次哈哈哈哈哈 给的绩点可以说非常高了 而且高尔夫也真的挺有意思的！！
97915,2109,楼恒阳,2019-01-23 01:40:58,2,2,0,特别好，特别好，特别好。很友好的老师，走在路上会被认出来，他会记得所有上课的孩子
99272,2109,楼恒阳,2019-01-24 14:09:59,1,1,0,楼老师人很和蔼，亲切，期末还会和大家合影留念，真希望下次还能再选上他的课
99934,2109,楼恒阳,2019-01-25 10:08:31,4,4,0,老师很好啊，给分也超棒，虽然自己打的很一般，但是老师真的很和蔼，棒！
100009,2109,楼恒阳,2019-01-25 12:30:48,1,1,0,最棒的体育老师，没有之一
103811,2109,楼恒阳,2019-03-06 03:20:08,1,1,0,老师人真nice，必须满分，教的很耐心，给分很好，轻松4.5
104050,2109,楼恒阳,2019-03-11 04:15:41,0,0,0,老师很棒但是羽毛球考试太难了呀
107351,2109,楼恒阳,2019-05-04 06:51:07,2,2,0,大一上上的老师的高尔夫，大一下体测时老师认出了我，好开心?
107571,2109,楼恒阳,2019-05-07 02:03:49,0,1,1,-这本书学术价值也不是很高\n\n-书里模特都是我\n\n-要签名我也可以签一下的\n\n太可爱了:-)
108630,2109,楼恒阳,2019-05-30 04:23:51,0,0,0,楼哥无敌男生，幽默风趣，会和学生快乐聊天，真的平易近人，上课专业能力plus。上课也不会很累，很轻松，真的好！！大家快去选
108762,2109,楼恒阳,2019-06-01 14:17:00,0,0,0,老师超棒！
108846,2109,楼恒阳,2019-06-03 07:04:34,0,0,0,来吹一次老师，楼哥让我羞于抱怨生活很烂。上门体育课上得真感动。
108906,2109,楼恒阳,2019-06-04 03:58:41,0,0,0,最后一节课上完了来给老师打个call，老师和大家是哥儿们呐！\n\n老师记得所有人的名字，结课大合影，出去考试大合影，班里氛围好得不得了，一学期下来每周最期待的就是高尔夫课。\n\n上课也不是很累，老师给分也超好，还会想办法不卡大家绩点！\n\n疯狂打call
108918,2109,楼恒阳,2019-06-04 08:12:25,-5,0,5,emmm....
109220,2109,楼恒阳,2019-06-12 04:14:51,0,0,0,最好的体育老师！
109240,2109,楼恒阳,2019-06-12 07:22:36,0,0,0,很爽啊！
109389,2109,楼恒阳,2019-06-13 15:46:13,0,0,0,啊啊啊一直上一直选
109491,2109,楼恒阳,2019-06-16 02:10:02,0,0,0,实至名归，就我目前来看是浙大的体育老师中最好的，选上他的课你不要太走运嘻嘻～
110561,2109,楼恒阳,2019-06-27 13:09:24,0,0,0,我永远爱老师！！！！绝赞！！！上课还教鬼步舞！！！永远充满青春活力的老师！！！选上真的是三生有幸
111001,2109,楼恒阳,2019-06-29 05:32:03,0,1,1,两年体育课终于尾声了，我想再来给老师评价一下。我四个体育课，跟着楼哥三次，真的好幸运！\n\n楼哥不仅仅是一个优秀的体育教育者，他给我们留下的东西不仅仅是体育技能。他真的是大哥哥，只要看见他你就会觉得好开心，阳光好灿烂啊~生活好快乐！为什么会有这么棒的老师，点亮了整个大学！\n\n如果大一就能上他的课，你就会对大学充满好感！\n\n老师的教学技能满点没什么好质疑的，但教学技能绝不是唯一，也不是他的最大优点。留给我们的绝不仅是技能。\n\n能选上的超级幸运！推荐所有人去争取呀！
111153,2109,楼恒阳,2019-06-30 05:53:10,0,1,1,挺好的\n\n
111186,2109,楼恒阳,2019-06-30 11:46:55,-9,0,9,给分真没这么好...虽然我知道自己很菜 不过专项再低也没这样
111197,2109,楼恒阳,2019-06-30 13:32:33,0,0,0,必给10分啊
111280,2109,楼恒阳,2019-07-01 00:05:05,1,1,0,楼哥人超棒不解释！！！但羽毛球这门比较难考的科目，菜是原罪。不过平时抽时间好好练习，肯定不会有问题。
113203,2109,楼恒阳,2019-07-06 01:33:42,-8,0,8,老师很好，但对自己运动天赋没信心的人比如我还是不要选球类了吧..建议选更保险的形体课..一辈子体育就没低过4.5? 如今3.9
115046,2109,楼恒阳,2019-07-15 00:38:38,1,1,0,老师人是真的很好，上课的时候虽然会偶尔凶我，但是是我真的姿势不对哈哈哈，而且最后结束的时候还被表扬了啦啦啦。感觉老师对于教育是真的有自己的看法，希望教给我们更多实践而不是纯应付考试。最后，想小小吐槽一下羽毛球考试，真的有点难欸（需要多练练&一丢丢运气？..
116589,2109,楼恒阳,2019-09-12 02:37:44,0,0,0,一学期真的能记住所有同学的名字 真的是很好的老师！
116939,2109,楼恒阳,2019-09-17 11:57:36,1,1,0,楼老师的舞蹈专项辅导课质量相当高！！！
118968,2109,楼恒阳,2019-11-08 15:47:24,0,0,0,高尔夫好难，但老师怪可爱的，嘻嘻
121009,2109,楼恒阳,2020-01-19 08:39:16,2,2,0,满满满 楼哥必须10分 幽默风趣给分好\n\n可惜本非酋这次没选上体育课🤯
121254,2109,楼恒阳,2019-12-25 10:02:04,0,0,0,楼哥楼哥！
121316,2109,楼恒阳,2019-12-20 15:46:05,0,0,0,非常好的老师！
121359,2109,楼恒阳,2019-12-18 05:36:45,0,0,0,很有意思的老师
122139,2109,楼恒阳,2020-02-16 13:08:24,0,0,0,给我选他
122161,2109,楼恒阳,2020-02-17 14:38:02,2,2,0,老师是一个很有魄力的人 不仅是技术还是生活 都给人一种很棒的感觉。老师偶尔的“哎呀”很可爱哈哈 而且他的pyq会有他参加的很多活动真的超级崇拜 真的是超级超级棒啊啊啊啊啊啊啊 他满足了我所有对于男神的想象！
122283,2109,楼恒阳,2020-02-22 08:06:51,0,0,0,体育专项舞蹈课。。。挺好的
122563,2109,楼恒阳,2020-03-04 05:56:52,2,2,0,因为第二次没选中只能灰溜溜的到这给楼哥10分好评了
123575,2109,楼恒阳,2020-06-10 08:07:26,2,2,0,很会照顾学生感受的老师！疫情原因没能上他的课好可惜。
124362,2109,楼恒阳,2020-06-29 16:03:22,0,0,0,很好的老师
124515,2109,楼恒阳,2020-07-02 08:19:46,1,1,0,再来评一下，满分
129310,2109,楼恒阳,2021-01-04 05:08:44,1,1,0,老师好好！真的太好了！会根据天气安排课程，天太冷就带我们去室内。教的很仔细也很用心，挥杆动作会会帮你调整，而且特别喜欢鼓励学生，说话也好有意思！
129343,2109,楼恒阳,2021-01-10 10:01:32,0,0,0,老师超级好！！选就完了！！
129792,2109,楼恒阳,2021-01-12 11:38:14,1,1,0,身体素质课带着我们蹦蹦跳跳*⸜( •ᴗ• )⸝*炒鸡轻松
129876,2109,楼恒阳,2021-01-13 06:40:07,1,1,0,爱死老师了！！超可爱而且啥都会
130178,2109,楼恒阳,2021-01-18 12:23:39,0,0,0,男神，为人很好
130287,2109,楼恒阳,2021-01-20 12:46:17,0,0,0,超级好
130303,2109,楼恒阳,2021-01-20 14:29:37,0,0,0,吹爆楼哥，把我一个体测堪堪及格的废柴拉到4.2，人好分高
130706,2109,楼恒阳,2021-01-24 10:19:40,0,0,0,楼老师没话说。很关心学生，亲切和蔼技术好。我以为高尔夫挥杆会拉我成绩，结果绩点还是很高。选选选！
130773,2109,楼恒阳,2021-01-24 13:51:29,0,0,0,楼老师真是一个炒鸡棒的老师！！我网球每次都很烂，但他还是在一直鼓励我！最后给我打的分也很好呜呜呜
136366,2109,楼恒阳,2021-06-17 03:34:48,0,0,0,不多说，楼哥YYDS就是了！！！！
136372,2109,楼恒阳,2021-06-17 04:40:50,0,0,0,究极好的老师，上课氛围很好
136424,2109,楼恒阳,2021-06-18 01:20:26,2,2,0,哭了，为什么楼哥的课永远这么难选
137712,2109,楼恒阳,2021-07-05 17:21:13,0,0,0,选不上课嘤嘤嘤
138040,2109,楼恒阳,2021-07-07 07:00:11,0,0,0,老师人超好
138603,2109,楼恒阳,2021-07-10 02:56:47,0,0,0,666666
139132,2109,楼恒阳,2021-07-13 03:50:48,1,1,0,楼哥永远的神！！！！！！
141926,2109,楼恒阳,2021-11-01 05:11:32,21,24,3,公共厕所签到创始人
142255,2109,楼恒阳,2021-11-09 10:50:43,5,5,0,楼哥🤤🤤咱妹妹和陈伟霆成了的话，记得要陈伟霆签名照🤤🤤🤤🤤🤤
144379,2109,楼恒阳,2021-12-21 08:56:49,0,0,0,下次还想学
144526,2109,楼恒阳,2021-12-22 05:33:37,0,0,0,老师教的超好，上课也很有耐心，幽默太棒啦
144527,2109,楼恒阳,2021-12-22 05:37:49,0,0,0,真的好喜欢———好可爱———
144568,2109,楼恒阳,2021-12-22 10:32:20,1,1,0,很有好很亲切的一个老师，感觉就像家里的长辈
144894,2109,楼恒阳,2021-12-25 14:19:42,0,0,0,墙裂推荐，第二次选上楼哥的课，太感动了，来加个分
145422,2109,楼恒阳,2021-12-29 13:01:30,1,1,0,上课氛围很轻松！每节课基本都会被夸（ 一学期也学到了很多希望可以再人气爆棚选上楼哥的课就是说
147458,2109,楼恒阳,2022-01-10 04:51:42,0,0,0,太喜欢楼哥了呜呜呜，非常亲切非常有趣，喜欢开玩笑但是又非常关心学生，以后有机会一定还选他的课
147630,2109,楼恒阳,2022-01-10 10:35:09,1,1,0,不常在这里留言但是这次必须给满分。楼老师真的太好了呜呜，真的非常非常感谢，给了我极大的帮助
148835,2109,楼恒阳,2022-01-13 16:03:51,1,1,0,男神！帅！负责！给分好！
150762,2109,楼恒阳,2022-02-18 03:19:56,1,1,0,上的楼哥的高尔夫，课程很有意思！最后很多人满绩ovo 也是我这学期唯一一个满绩！ 主要楼哥人真的超级好 喜欢和我们开玩笑 手感不好的时候就使劲鼓励我们 都给我选！！！！！！
152791,2109,楼恒阳,2022-04-20 01:59:16,1,1,0,上的研究生网球课，老师人超好，和蔼可亲而且教学很认真
154543,2109,楼恒阳,2022-06-02 05:41:31,0,0,0,楼老师真的超级超级好，连续三学期上老师的网球课了，老师指导很认真，人也很亲和，球技更是高超，可惜我下学期课表冲突了只能遗憾退场
154685,2109,楼恒阳,2022-06-03 12:02:59,2,2,0,高尔夫球永远的神
155112,2109,楼恒阳,2022-06-08 11:03:56,1,1,0,上了老师的网球课，教学氛围真的很好。老师人也很幽默
155751,2109,楼恒阳,2022-06-15 14:35:44,0,1,1,楼老师yyds
155900,2109,楼恒阳,2022-06-16 13:21:20,9,10,1,真的没人觉得楼哥长得很像《开端》里的司机吗～～
159380,2109,楼恒阳,2022-07-15 08:25:14,0,0,0,三个学期网球初级班，楼老师的感觉是最好的！
159391,2109,楼恒阳,2022-07-15 16:54:53,0,0,0,楼哥人超棒～
160159,2109,楼恒阳,2022-09-14 03:09:48,0,1,1,超级和善 很会鼓励人的老师
161310,2109,楼恒阳,2022-11-04 04:05:10,0,0,0,高尔夫球yyds
161344,2109,楼恒阳,2022-11-04 09:24:05,0,0,0,好的很
163634,2109,楼恒阳,2022-12-16 01:45:13,0,0,0,老师人超级好！快冲！
163637,2109,楼恒阳,2022-12-16 01:47:12,1,1,0,楼老师我的神啊啊啊啊啊啊啊啊啊啊啊啊啊啊啊啊啊啊啊啊啊啊啊啊啊啊啊啊啊啊啊啊啊啊啊啊啊啊可惜因为疫情基本上是只上了秋学期的高尔夫课呜呜还没打够好难过拜托让我再选上吧
164480,2109,楼恒阳,2022-12-21 07:42:56,0,0,0,男神！楼哥是真的好！！！
164698,2109,楼恒阳,2022-12-23 12:38:33,4,4,0,楼老师真的特别好，体育不好的我都能拿4.8（我网球才4.2），没有基础的同学不用怕，打完一学期基本上班里80%的体育专项都能拿满，技术分不一定，但基本都80以上。第一次上课的同学可以多问问老师，让他指导一下。每次体艺部有什么通知楼老师都会转发在钉钉群，仰卧起坐非常友善，人也非常亲和，就是因为疫情原因上了两次高尔夫都没能真正在高尔夫球场打过球有点遗憾，希望之后还能选上楼老师的课，10分好评！！！
165014,2109,楼恒阳,2022-12-28 10:22:12,0,0,0,网球初级班，体验绝佳。
168935,2109,楼恒阳,2023-02-23 14:23:16,0,0,0,真的很好，课也很有趣！
169639,2109,楼恒阳,2023-02-27 08:33:57,0,0,0,我楼哥简直是天使，体育渣渣也能拿满绩！网球初级班体验感超级好，老师很耐心很幽默，反正就是吹爆楼哥！
171853,2109,楼恒阳,2023-04-08 02:30:26,0,0,0,真的不是我说 楼老师简直不要太完美啊啊啊啊啊！真的是球技和人格魅力齐飞，人超好我不是说，对学生真的很亲切很耐心还很幽默，真的好迷人一男神（）上完了课真的很舍不得呜呜呜呜呜，苍天保佑我还能选上楼哥的课，我爱楼哥，打一辈子的call！！！！！
171867,2109,楼恒阳,2023-04-09 12:33:52,0,1,1,老师给分很有人情味，教得也很棒！\n\n超爱！
173006,2109,楼恒阳,2023-05-11 06:42:59,0,0,0,好\n\n帅\n\n高\n\n富
173939,2109,楼恒阳,2023-06-05 04:00:32,0,0,0,原先是别的老师班上的，那个老师有事所以楼老师代了半个学期的课，特别有意思的老师，打球超级厉害！
174064,2109,楼恒阳,2023-06-06 04:28:56,-21,1,22,区别对待
174134,2109,楼恒阳,2023-06-06 12:58:02,0,0,0,楼老师，yyds！
174221,2109,楼恒阳,2023-06-08 01:36:32,0,0,0,虽然羽毛球考核很硬核，但是楼老师真的很好。不仅球技高超，而且人也非常和蔼可亲。主要的缺点就是选不上。
174645,2109,楼恒阳,2023-06-15 04:08:31,0,0,0,上大学以来遇到过最完美的老师
174884,2109,楼恒阳,2023-06-19 09:56:16,-39,7,46,都学期最后一天补课了 明天就考试了还要上体素课\n\n不好评价😅
176039,2109,楼恒阳,2023-06-27 13:09:48,1,1,0,男神！！
178463,2109,楼恒阳,2023-07-12 05:03:26,0,1,1,大一上了一年楼老师的高尔夫球课，对这项完全没有接触过的运动有了体验。老师人帅有气质，谈吐不错，很和善，还真的会记住每个人的名字和脸，其实平时上课对着靶打还是觉得有点无聊，用室内电子器材和去西湖高尔夫的机会不多~
180871,2109,楼恒阳,2023-09-27 10:14:09,0,0,0,老师人很好，非常值得选!!!!!
181001,2109,楼恒阳,2023-10-01 15:23:06,2,2,0,楼哥，浙大学子心中的白月光
181943,2109,楼恒阳,2023-11-06 05:52:02,0,0,0,好 非常好
183442,2109,楼恒阳,2023-11-26 09:06:23,3,3,0,第三个学期上老师的课了，楼老师真的很好很耐心啊啊啊啊啊啊
183855,2109,楼恒阳,2023-12-01 08:52:43,5,5,0,楼老师人好 平易近人 和学生打成一片 打分还很宽松 大爱！！！🥳
185106,2109,楼恒阳,2023-12-26 09:50:48,1,1,0,男神必须满分！考试推球差两个直接给我算满了！！
185928,2109,楼恒阳,2024-01-06 05:30:25,1,1,0,10分当之无愧！！特别特别好的老师，人品也超级好。都来给我选楼老师的课！！
186192,2109,楼恒阳,2024-01-09 09:54:13,3,3,0,太完美了\n\n很有意思，和他打球会对喷垃圾话那种哈哈哈\n\n真的是和学生打成一片\n\n而且考核很容易满分
186805,2109,楼恒阳,2024-01-13 06:11:57,2,2,0,特别好楼老师！第一回满绩，爱死他了
186895,2109,楼恒阳,2024-01-13 12:43:43,0,0,0,非常好老师
187797,2109,楼恒阳,2024-01-17 13:17:05,3,3,0,楼哥长得帅人还很好 让我这个小白好好体验了一把高尔夫的快乐 举手投足之间都带有一番优雅 实在是zju的宝藏老师 看了一下我们班的成绩 95% 都在80以上 而且高尔夫考核也算比较简单 上课的内容也很丰富 另外老师的2800 米并没有像上面那位同学说的那样你懂的 老师在这方面还是会秉持比较求是的风格的 当然 如果你有幸选上了高尔夫又不太擅长 楼哥也会很耐心地手把手教你 基本上不会有很大问题 高分还是要自己争取 高尔夫考查挥杆、推杆技术动作 7号铁挥杆远度（男生 80yard 女生 50yard 10次有9次达到就满分）推杆（2yard 10次中9次就满分）基本上绝大多数人都能拿到1-2个满分（我们班的推杆全部满分 挥杆只有9个没满分）总而言之 楼哥的课是很值得选的 对体育菜鸟也比较好 而且总会在你没打好的时候鼓励你 shoot是楼哥在你击球的时候伴随的声音 打得好会大大滴表扬（不知道为啥第一次没发出来）
187890,2109,楼恒阳,2024-01-17 17:02:02,0,0,0,好好好
188113,2109,楼恒阳,2024-01-18 08:27:52,1,1,0,楼哥！！我的超人！！！
188941,2109,楼恒阳,2024-01-20 17:19:16,1,1,0,相当平易近人的老师\n\n网球初级班考试十中九就满分了，确实不难，对小白很友好
190502,2109,楼恒阳,2024-03-06 07:55:19,0,0,0,老师很好
192709,2109,楼恒阳,2024-05-29 05:08:49,1,1,0,好好好
195241,2109,楼恒阳,2024-06-27 11:39:14,1,2,1,天哪，上过一次他的课，就次次想上了
195261,2109,楼恒阳,2024-06-27 13:37:20,4,4,0,吹爆我楼哥！！！
196398,2109,楼恒阳,2024-07-03 08:22:16,0,0,0,超好的老师 下学期还选就对了
204737,2109,楼恒阳,2024-11-27 14:28:44,0,0,0,老师人超好
205328,2109,楼恒阳,2024-12-04 11:14:44,7,7,0,“唰——~~~”（网球）\n\n“咔嚓！！！”（高尔夫球）\n\n“唉呀！”（臭球）
205355,2109,楼恒阳,2024-12-05 02:50:34,0,0,0,好喜欢楼哥，上课氛围轻松，考试也简单
205612,2109,楼恒阳,2024-12-10 06:37:07,1,2,1,体素课非常轻松
206013,2109,楼恒阳,2024-12-13 03:07:13,0,0,0,好老师！课也好玩
206064,2109,楼恒阳,2024-12-13 04:31:55,1,1,0,真的炒鸡好！！！
206128,2109,楼恒阳,2024-12-13 05:56:38,0,0,0,真心相当负责，网球技术超绝，选到就是赚到口牙
206154,2109,楼恒阳,2024-12-13 06:33:38,0,0,0,男神！
206246,2109,楼恒阳,2024-12-13 11:00:31,0,0,0,神中神
206254,2109,楼恒阳,2024-12-13 11:47:26,0,0,0,非常好 非常幸运选上了高尔夫 选上了的uu你就偷着乐吧
206379,2109,楼恒阳,2024-12-14 16:34:46,0,0,0,老师太好了
206495,2109,楼恒阳,2024-12-15 14:17:18,7,7,0,稳稳哒~
206600,2109,楼恒阳,2024-12-16 11:03:55,6,6,0,课程结束了，必须要给楼老师十分！\n\n我个人其实手脚协调能力很差的，又是左撇子必须改成右利手的握杆姿势，前两三节课连球都打不到，感谢班里球队的几位同学和老师还有我partner的悉心指导，我终于能打到球了，但是挥杆时候还是动作不太协调，外出考试一直考不出来（要求是五杆有三杆在80码外，我只有两杆）最后一次课老师又让我单独练一会再考考看，显然室内更难打，我还是达不到要求，老师还是鼓励安慰了我，说我进步已经很大了。大家其实一点都不用担心的，但凡手脚比我协调一点点专项都能满分的，大家放心大胆选！
207094,2109,楼恒阳,2024-12-19 08:26:20,0,0,0,大爱楼哥！
207556,2109,楼恒阳,2025-01-08 07:08:39,1,1,0,非常好楼哥，永爱，永远追随楼哥
208068,2109,楼恒阳,2024-12-25 12:19:30,1,1,0,楼哥男神啊啊啊啊我一定会再选高尔夫的
209478,2109,楼恒阳,2025-01-06 05:06:19,0,0,0,楼哥我男神！！！
209522,2109,楼恒阳,2025-01-06 07:29:39,2,2,0,差一分满绩，跟我楼哥讲，说捞就捞了，我真的爱死
209986,2109,楼恒阳,2025-01-07 22:26:48,1,1,0,稳稳哒稳稳哒
211186,2109,楼恒阳,2025-01-11 03:47:47,3,3,0,本来差了一分才满绩的，出成绩之后发现自己被老师捞了一把满绩了，感谢老师\n\n::ೖ(⑅σ̑ᴗσ̑)ೖ::
213005,2109,楼恒阳,2025-01-15 14:18:39,3,3,0,楼老师是我见过唯一和学生一起玩的老师\n\n和老师打过网球，排球，羽毛球\n\n（虽然技术一直被喷，压力山大）\n\n果断打10分了
215484,2109,楼恒阳,2025-02-27 00:05:26,-54,1,55,为什么评论这么多楼哥楼哥男神男神啊。。。选了他的身体素质课怎么是个老头呢，颜狗失望
215705,2109,楼恒阳,2025-03-04 11:26:24,5,5,0,节奏跳，这是我的特色~\n\n哒哒哒哒哒~哒哒哒
216016,2109,楼恒阳,2025-03-09 12:16:33,0,0,0,超爱男神！
216786,2109,楼恒阳,2025-03-25 13:31:44,9,10,1,刚刚老师现场实现了一次心肺复苏救人！
216787,2109,楼恒阳,2025-03-25 14:46:24,5,6,1,救人，伟大！
216811,2109,楼恒阳,2025-03-26 04:11:39,6,6,0,楼哥伟大无需多言
216814,2109,楼恒阳,2025-03-26 04:36:05,1,1,0,救人，伟大！
216834,2109,楼恒阳,2025-03-26 09:52:01,3,3,0,你可以没上过体育课，但你不能没听过楼恒阳。伟大，无需多言！
217019,2109,楼恒阳,2025-03-31 11:03:33,1,1,0,救人伟大，无需多言
219349,2109,楼恒阳,2025-05-25 14:38:58,0,0,0,人很好
219669,2109,楼恒阳,2025-06-03 16:15:26,0,0,0,体素课超级棒，会教很多新颖的小动作，可能曹操打卡的人看到会以为在跳舞
220853,2109,楼恒阳,2025-06-20 06:27:29,0,0,0,咔嚓 咔嚓！\n\n神 无需多言
4032,2125,骆文棽,2015-06-17 14:47:30,3,15,12,呵呵呵呵呵，还好。12分钟的小帮手。
27275,2125,骆文棽,2016-06-24 10:08:33,0,3,3,胖纸的春天
39747,2125,骆文棽,2016-12-27 08:42:12,9,11,2,嗯，不知道给分怎么样，蛮严格的，迟到要扣分
40468,2125,骆文棽,2017-01-03 13:47:16,7,8,1,12分钟跑好严啊……
43235,2125,骆文棽,2017-01-16 04:25:59,6,13,7,不能理解一个体育居然能给这么低的分（保持微笑）
43269,2125,骆文棽,2017-01-16 05:08:38,-3,3,6,老师还行吧，给分是规规矩矩给的，唉要是能多给我一分就好了。。体育每次都85的3.9好尴尬的
43410,2125,骆文棽,2017-01-16 08:25:24,7,8,1,代课老师严格 十二分钟不跑完六圈不会通融 上课迟到会扣平时分 （保持不了微笑了 我还是哭一会吧
43597,2125,骆文棽,2017-01-16 15:02:51,0,3,3,老师给分挺好的 但是我不好 是我自己渣 老师还给我给高了呢
43634,2125,骆文棽,2017-06-14 04:09:51,-1,1,2,其实我感觉12分钟跑还可以吧，不算水但也没有多严、强制性跑满6圈等等。老师下课挺早的，经常外出做裁判什么的，会有代课老师。最后考试只考对垫球，还可以换搭档反复刷分，给分也还不错。
43764,2125,骆文棽,2017-01-17 02:39:11,-3,0,3,老师比较忙，经常有别的老师来代课。课堂上以自我练习为主，要有一定基础，否则。。。至于平时分，你不旷课就ok啦。十二分钟跑还可以。就是出分好慢，有点等得心力交瘁。(>_<)
43906,2125,骆文棽,2017-01-17 06:01:52,-5,1,6,老师很棒呀
51168,2125,骆文棽,2017-05-22 06:37:23,2,4,2,代课老师很好，轻松负责
53316,2125,骆文棽,2017-06-26 10:46:47,0,1,1,老师很负责任 很好
54881,2125,骆文棽,2017-06-30 11:15:13,0,5,5,我上的这个班其实是王老师的课，老师年轻，可以和学生打成一片，很轻松负责。我自己体质不好，体测和十二分钟跑成绩都很不好，只能靠打卡和专项，结束后3.9。
55093,2125,骆文棽,2017-12-28 05:02:47,6,15,9,其实我们班是王老师的课。最开始知道是个假老师我好难过，而且每天上课之前都要跑步做拉伸练习，对于我这种体育渣渣简直是折磨。不过上课讲的很好，垫球课也很水，有时候还打打比赛。理论课专门给我们上一下，真的感觉老师很好很负责。上学期50米跑9.4秒，这学期莫名就8.5了，还不是老师放水？50米跑，12分钟跑分两节课测，直接测完就下课，真的感觉老师对我们很好。（首先声明我12分钟跑5.5圈体育理论考84打卡满排球技术很渣还有4.5）这10分是给王老师的！
57960,2125,骆文棽,2017-07-18 16:18:45,5,7,2,授课的是王先驰老师，非常有耐心，每节体育课开始都会做一些热身运动
58777,2125,骆文棽,2017-09-17 10:15:36,1,2,1,上次授课的是王先驰老师，均绩4.0。
59036,2125,骆文棽,2017-09-19 07:15:57,0,2,2,老师很喜欢玩手机不管我们……很水，看着其他班在那里闹腾我们休息也是不错的。十二分钟明明通融了很多啊！专项也让我们考很多次，总之很爽。
59517,2125,骆文棽,2017-09-22 03:44:20,4,6,2,王先驰老师特别棒，10分别骄傲哈，社会我驰哥，人帅给分多！超级棒，第二个学期王老师的课，真的感谢他！学了很多！
65574,2125,骆文棽,2018-01-06 12:28:08,0,1,1,给代课老师王老师打的
68431,2125,骆文棽,2018-01-23 07:56:34,1,3,2,给王先驰老师打的。老师人比较好，给我4.2。真的蛮不错的（虽然我十二分钟跑5圈半打卡满体育理论考88。但是最后测试的时候被队友坑了，全场捡球）老师最后还能给我4.2真的超开心了。给老师点赞\n\n
68497,2125,骆文棽,2018-01-23 09:24:32,0,1,1,10分！给王老师打的分，我，我要是连着三学期学您的课会不会被打死……
68511,2125,骆文棽,2018-01-23 09:40:30,-2,0,2,老师给分好，我这种运动智障拿到4.5的绩点，只能说老师真得太好了
68514,2125,骆文棽,2018-01-23 09:49:50,3,4,1,上课的是王老师，自觉专项和体测都OK的，平时训练认真，也没缺课，最后给个这么个分也是呵呵了。
74510,2125,骆文棽,2018-03-02 14:40:57,1,1,0,王老师教的好，但感觉排球还是有点难。。
129452,2125,骆文棽,2021-01-05 13:22:13,4,5,1,骆老师人超好  真的 选了肯定不后悔 给分好 而且很体贴学生 有时候没到甚至还会帮你补上  十二分钟也尽量把分给高   总之就是非常可爱  （滑稽
129829,2125,骆文棽,2021-01-12 16:06:20,4,5,1,身体素质课就是打卡，很水但我喜欢!
130085,2125,骆文棽,2021-01-16 13:54:11,5,5,0,身体素质课就让打卡！！✌
133578,2125,骆文棽,2021-03-02 09:39:16,4,5,1,你永远不知道下一堂课的老师是谁⊙ω⊙
134753,2125,骆文棽,2021-04-13 11:05:35,1,1,0,身体素质课最棒老师！
144565,2125,骆文棽,2021-12-22 10:08:21,2,3,1,老师给分超级好的，垫球完全不会老师还给了84，十二分跑也很会捞人，基本上是从半圈开始放的（一个被放了一圈的人）
145354,2125,骆文棽,2021-12-29 07:11:07,1,1,0,本人很好
151579,2125,骆文棽,2022-03-08 07:56:15,1,2,1,身体素质课真的很水！
151973,2125,骆文棽,2022-03-22 07:07:27,1,1,0,身体素质课我tm吹爆，事少方便，太轻松了
153539,2125,骆文棽,2022-05-04 06:55:27,3,5,2,最喜欢的老师，没有之一。知道我们喜欢打球，就放开了让我们打，很少做一些浪费时间的活动。但毕竟老师是国际级裁判，会比较忙，有时候会其他老师代课。给十分是因为满分是十分。
154968,2125,骆文棽,2022-06-07 07:14:54,1,1,0,身体素质课好爆！
154969,2125,骆文棽,2022-06-07 07:14:54,0,0,0,身体素质课好爆！
159016,2125,骆文棽,2022-07-04 12:55:02,8,8,0,身体素质课无敌。\n\n永远记得群里那句：“今天下雨，大家不用来，签到由我解决。”
170300,2125,骆文棽,2023-03-02 14:39:07,4,5,1,老师太好了
175934,2125,骆文棽,2023-06-27 07:43:56,1,1,0,老师人超级无敌好，真的，大家快来选
192909,2125,骆文棽,2024-05-31 12:56:29,3,3,0,蛮水的，对于真的想学的同学不是很推荐。一个学期只教了垫球，后面的课全部是自主练习（他自己有时候在旁边玩手机，反正没指导过同学），发球扣球都是黄老师代课的时候补上的。虽然老师是国际裁判但是教课是真的不太上心
196362,2125,骆文棽,2024-07-03 05:39:59,-4,1,5,排球专项给分基本都是80多分，感觉其实不是很友好，之前其他体育课的专项都是很容易95+的
211337,2125,骆文棽,2025-01-11 08:17:38,0,0,0,体育中考排球基础（）选的排球初级。老师超级好！关于动作的练习解答很认真。就是比较忙，作为国际级裁判经常要出差什么的，其他老师来代课。平时上课自己练习偏多，专项课给分挺好，也让重考。12分钟中规中矩吧，如果跑不满100是给你算上的。想小水推荐选！
219310,2125,骆文棽,2025-05-24 17:17:03,0,2,2,老师的课很好，但是确实，对于想学东西的人来讲不是很好，但是我很喜欢，这样放开了打球多好玩，而且在场上打球是提升球技最快的方法，十二分钟跑老师捞的，我当时跑了2300多一点，老师给算的2400，还有仰卧起坐，老师计时的时候直接出去了，随便报的数，很好的老师呀！！！
220342,2125,骆文棽,2025-06-17 10:39:46,0,0,0,排球初级班，要是想水一水非常推荐选课
3468,2129,卢芬,2015-06-16 07:02:49,5,8,3,人很好!很温柔!
8777,2129,卢芬,2018-09-17 04:59:54,10,11,1,跳舞超级美 气质女神 也会教很多有趣有用的内容 喜欢～
13704,2129,卢芬,2015-12-30 11:13:36,1,2,1,很体贴(^_^)
17025,2129,卢芬,2016-01-19 13:07:59,0,2,2,很好哟
18488,2129,卢芬,2016-01-21 23:18:37,2,2,0,跳舞跳得很好～人超级nice
20373,2129,卢芬,2016-01-27 07:50:07,2,2,0,老师很棒也很体贴
29082,2129,卢芬,2016-06-29 08:17:50,0,6,6,课是不错，但是给分真的不好，12分钟、仰卧起坐测得都好严，一点不会帮你稍微提一点
29280,2129,卢芬,2016-06-29 14:10:44,-1,3,4,给分不好，想念普体
29804,2129,卢芬,2016-06-30 10:34:30,7,8,1,性格温和但是挺严的
38948,2129,卢芬,2016-12-20 03:12:45,3,4,1,超棒的老师，很喜欢她的课，整个人举手投足间都是气质。
42325,2129,卢芬,2017-01-14 04:29:42,3,6,3,老师人很好 上课很棒很棒 但是毕竟是主任 真的好严好严…分低_:(´□`」 ∠):_
43156,2129,卢芬,2017-01-16 01:20:08,0,2,2,觉得认真分数不会低
43161,2129,卢芬,2017-01-16 01:34:52,18,28,10,推荐排舞课呀 每次上课都很享受 教的动作都不难 没有舞蹈基础也可以轻松跟上的嘻嘻 当然也还有我这样的肢体不协调的 但是认真上课给分真的很好 最重要的是上课很开心呀~
44050,2129,卢芬,2017-01-17 08:44:57,0,1,1,给分还好…上课也很享受!
44805,2129,卢芬,2017-01-18 09:23:58,6,8,2,作为一个男生，表示给分真的好
52668,2129,卢芬,2017-06-22 05:05:40,-2,4,6,优雅有气质。教学有方。艺术体操部分还真的蛮好玩的，其他什么华尔兹感觉略无聊....
53904,2129,卢芬,2017-06-28 03:48:34,-2,2,4,800和12分钟都退步的我，居然绩点比去年好，哈哈哈哈哈哈爱死老师?
54248,2129,卢芬,2017-06-29 01:44:01,-1,1,2,老师挺好的 大概去年是满绩 今年感觉…有落差?
64316,2129,卢芬,2017-12-22 10:54:29,0,0,0,一直不知道为什么截至这条评论发出前，都是100%的小伙伴觉得卢老师会点名23333~
67291,2129,卢芬,2018-01-20 15:11:47,-3,0,3,老师超温柔 而且给分好 我一个小透明都4.8 震惊
75686,2129,卢芬,2018-03-15 06:24:28,1,1,0,排舞课风格略雷，但是很好玩，还可以跳交谊舞，哈哈
82359,2129,卢芬,2018-07-08 03:37:35,1,1,0,老师很温柔很有气质，让我喜欢上了排舞。
92751,2129,卢芬,2019-01-04 06:54:20,0,0,0,老师超级贴心超级温柔，气质满分！！！
93104,2129,卢芬,2019-01-07 10:47:39,1,1,0,老师很会鼓励人...！另外，今天因为是专项考试结束，最后一节课了，老师让大家“在欢乐的集体舞中结束”，教了非常好笑的舞蹈，大家一边跳一边笑，半个小时后就下课了。
96637,2129,卢芬,2019-01-21 08:19:37,2,3,1,没有舞蹈基础的也可以选。（虽然老师专项给分比较严格）但是上课认真听，认真学，绩点不会差的。最后一节课大家围圈跳真的很快乐吖！老师超和蔼的！
96704,2129,卢芬,2019-01-21 09:28:26,0,1,1,超棒的老师吖，很温柔，排舞教得也很细致。我是属于四肢不协调的那种，但也可以学会。虽然专项给分比较严格，但总体给分好，收获了大学第一个满绩，开心^_^
96709,2129,卢芬,2019-01-21 09:30:40,0,0,0,非常好！
96865,2129,卢芬,2019-01-21 11:07:21,0,1,1,【艺术体操（带）下学期是环，就跟呼啦圈很像的环】\n\n老师有点严格的说，但是对同学们很体贴，有事上不了专项辅导课，也尽量给机会下次补上。教的可以，对不同层次的同学也都有照顾。像我没有任何舞蹈基础的，节奏都踩不上，然后努力的练习进步还是很大的，最后4.5，貌似全班绩点都不太差（88-93不清楚是最终成绩还是课程期末考）我觉得不反感舞蹈的同学是绝对可以选的。像我这种节奏感不强的人是真的不想再上任何跟舞蹈有关的课了，跟不上大家动作哇！！
100993,2129,卢芬,2019-01-27 08:49:46,0,0,0,老师很和蔼很耐心
102374,2129,卢芬,2019-02-01 09:30:11,1,1,0,一个舞蹈小白4.8，老师太好了！很负责很有耐心！
109334,2129,卢芬,2019-06-13 06:46:41,4,4,0,老师真的很严格啊
112274,2129,卢芬,2019-07-04 00:35:51,1,1,0,老师真的太有气质了，越看越美
112387,2129,卢芬,2019-07-04 03:40:45,1,1,0,上老师的课，确实是身心的一大享受。老师教学非常专业，会很好地安排课程内容，把控进度。跟着老师学排舞，非常幸福。最喜欢的是看老师展示，老师优雅地昂头，肢体的每一次柔和的舒展或力量的迸发都有着青春的活力和自信的美好。真的好喜欢老师，好喜欢浙里的形体类课。
112574,2129,卢芬,2019-07-04 18:08:06,1,4,3,体育出分的时候真是的感到了灰暗里一束光芒
120488,2129,卢芬,2019-12-09 08:26:57,-28,2,30,体辅课跳集体舞，憨批老师吧？整个操场停下来围观拍照。
120693,2129,卢芬,2020-01-15 09:52:38,3,3,0,【排舞】没什么舞蹈基础，意外的过得去，十二分钟跑什么的也是比较和蔼的，最后时间到的差不多到的也算一圈了，老师的气质真的很好
121412,2129,卢芬,2019-12-16 09:24:15,2,2,0,老师很美很有气质!脾气也很好，对大家特别慈爱，每个同学都很爱护。艺术体操课内容也不是很难，强度不大，老师很认真，很有耐心。
122089,2129,卢芬,2020-02-12 14:14:37,5,5,0,老师很和蔼很温柔，每次都很体贴地让身体不能做大量运动的同学不要硬撑。她跳起舞来优雅极了！
124208,2129,卢芬,2020-06-27 04:39:14,-83,4,87,诶嘿，我满了\n\n连仰卧起坐都不是我自己做的，我竟然也满了嘿嘿😁
131934,2129,卢芬,2021-01-29 10:28:20,1,2,1,身体素质课\n\n老师人很温柔，也关心同学。体辅课一般都会上一整节。想水的同学不推荐选。但如果真的想锻炼的话那就是强推啦，会教各种技术😂😂
145028,2129,卢芬,2021-12-26 15:59:56,0,0,0,卢老师超级好，跳舞特别有气质
145106,2129,卢芬,2021-12-27 11:59:28,1,1,0,今天结课了，集体舞拿了最高分，来表白我女神。艺术体操对没有舞蹈基础的也很友好，虽然学起来没那么快，但是只要认真学还是很好拿分的，赞赞赞！
149015,2129,卢芬,2022-01-14 06:50:15,0,1,1,艺术体操课来给老师10分啦！超级有气质的老师，很温柔，给分也超好，很关心我们，特别好！没有舞蹈基础的小白也能完整把舞顺下来。这个学期一个徒手操一个纱巾操集体舞，不算很累，还是很不错滴！
156630,2129,卢芬,2022-06-20 12:33:20,1,1,0,满啦！我爱老师！
166074,2129,卢芬,2023-01-11 04:38:00,0,0,0,人超好不多说了
167712,2129,卢芬,2023-01-18 13:26:19,0,0,0,艺术体操\n\n老师超温柔！专项给了我99！第一次拿这么高的专项分好高兴！但比较遗憾的是由于疫情三好杯取消了，本来小组队形什么的都编排好了，可惜没能展示一次。还有这学期学的带也没能多用几次，唉。
170488,2129,卢芬,2023-03-06 01:06:41,2,2,0,超赞，老师人特别好，作为一个零基础的uu，身体素质也不咋样，最后拿到4、8的绩点，老师专项给分超好
173709,2129,卢芬,2023-06-01 16:12:22,-1,0,1,上学期的课来给老师评分，老师很好，虽然偶尔有点严厉
174231,2129,卢芬,2023-06-08 03:46:14,-1,0,1,，..
174234,2129,卢芬,2023-06-08 03:57:46,1,1,0,作为老师退休前教的最后一届，真的很幸运！本来是没课选了，来排舞，没想到是这么宝藏的课！和组员一起跳舞真的很快乐！老师给分也超好！0基础小白也能学！祝老师退休快乐！
174903,2129,卢芬,2023-06-19 13:10:26,0,0,0,卢老师上课很细致温柔，感觉是鼓励式教育，很关注学生的感受，还经常提醒学生打卡，并且也在努力给大家一个满意的分数！卢老师马上就要退休了，祝老师身体健康、天天开心！
184679,2129,卢芬,2023-12-22 07:10:27,1,1,0,卢老师人太好了！\n\n上的是排舞，不怎么有舞蹈基础开始还很担心学不会。最终四首曲子都能顺下来也是出乎意料啦！\n\n不用担心学不会或者有男生担心不适合上排舞，最后的个人考核一般都挑最早教的也是最简单的曲子。会参加三好杯分小组自己编排，顺便把参加比赛这2分也一次拿了一举两得。\n\n12分钟跑是能多算就多算的。\n\n卢老师人比较爽快说话比较直，一般看到啥问题就会直说，并非是太严厉，上她的课你根本不会用严厉去形容她，她给人的感觉是真诚。她给人带来的是一种活力与满满的力量，看到楼上有人说她都要退休了我还很吃惊。\n\n没啥可担心的放心冲！
185073,2129,卢芬,2023-12-26 05:50:08,0,0,0,很有意思，给分也很好，认真学都能拿很好的绩点，我选过卢老师的艺术体操和排舞，都很好（个人感觉排舞会更简单），没基础的uu都可以学
187852,2129,卢芬,2024-01-17 15:02:31,1,1,0,温柔耐心的老教师\n\n排舞课零基础可冲
187862,2129,卢芬,2024-01-17 15:19:41,0,0,0,手脚不协调的fw跳了一学期排舞虽然天天说自己不想上这课了但老师是真的好啊啊啊啊啊啊很贴心很周到的 12分钟跑给我们每个人发巧克力！排舞初级的话萌新多练练也就不会觉得难啦 给分也很不错！
188936,2129,卢芬,2024-01-20 17:07:10,0,0,0,认真负责的好老师一枚！\n\n给分超好\n\n5.0飞过
192857,2129,卢芬,2024-05-31 05:00:47,3,3,0,真的超喜欢卢芬老师，我们班好多人都是第二次选她的排舞，人温柔又有气质，回消息速度快而且很友好，上课也很温柔，速度刚刚好。虽然这是她最后一次在紫金港代课，她和我们讲她是被返聘回来的，之后退休想去做些有意义的事情。做公益或专注学校排舞，甚至是一些特殊学校，我真的很感动也很钦佩她的选择，希望老师可以在未来更好的发光和帮助别人。。。
192994,2129,卢芬,2024-06-02 06:15:27,0,0,0,特别好的老师！！！很幸运大一两个学期可以上老师的课！！
193153,2129,卢芬,2024-06-04 05:17:20,0,0,0,很幸运大一选上了lf老师的排舞课！0基础也拿到5.0了！第一个满绩！老师很温柔人很好～可惜要退休了呜呜呜呜呜没办法继续上排舞了。
195216,2129,卢芬,2024-06-27 08:51:48,2,2,0,有幸选上了卢老师最后一学期的课，之后她就退休啦。老师特别温柔！教的很耐心也很厉害，班上两个组都拿到了比赛名次！给分也很好~
196744,2129,卢芬,2024-07-05 02:56:57,0,0,0,真的很可爱！很有活力！
2049,2140,晋卫平,2015-03-30 09:35:10,-20,2,22,讲课讲的挺好，只是给分一般般
5967,2140,晋卫平,2015-07-10 05:09:14,16,16,0,人好
5998,2140,晋卫平,2015-07-10 07:14:04,9,11,2,非常好\n\n
9045,2140,晋卫平,2017-09-28 07:50:16,11,11,0,篮球课很开心，老师很和蔼可亲！
13146,2140,晋卫平,2015-12-25 03:18:41,2,4,2,可以的
13399,2140,晋卫平,2015-12-27 15:28:04,9,9,0,老师很和蔼！
20209,2140,晋卫平,2016-01-26 13:59:45,9,9,0,老师超好，中级班的女生也可以轻松满绩！
21349,2140,晋卫平,2016-02-28 07:09:00,4,4,0,老师很和蔼，爱笑，给分也可以
21835,2140,晋卫平,2016-03-01 07:47:39,3,3,0,可以的
22405,2140,晋卫平,2016-03-04 11:09:26,3,3,0,好老师啊。
23228,2140,晋卫平,2016-03-22 07:10:10,5,5,0,老师是库里球迷
26388,2140,晋卫平,2016-06-17 12:23:45,9,9,0,老晋讲课乐呵呵的 挺有意思\n\n\n\n\n\n还说男生和女生单挑，只能用单手，而且手只能放在球，是篮球的球不是别的球\n\n
26477,2140,晋卫平,2016-06-19 01:15:44,4,4,0,老师是库里球迷，让我们都模仿库里的投篮姿势，不过常穿汤普森的安踏球鞋
33335,2140,晋卫平,2016-09-18 11:23:32,2,3,1,老师可以
60373,2140,晋卫平,2017-10-18 10:19:54,0,0,0,不错的
65114,2140,晋卫平,2017-12-29 02:24:18,5,5,0,晋老师超级好啊！！！对学生很好！！可是这学期上完好像就退休了，超级舍不得老师的！！！希望老师一直幸福快乐！！
65881,2140,晋卫平,2018-01-10 01:43:54,3,3,0,棒棒的晋老师，现在这么帅年轻的时候肯定更帅了
66026,2140,晋卫平,2018-01-11 04:02:16,4,4,0,老师返聘结束了，回家去享受退休生活了，上了三个学期老师的课，很有意思，祝老师退休生活幸福！\n\n
67946,2140,晋卫平,2018-01-22 11:04:53,0,0,0,老师很好很和蔼，虽然被卡了绩点，但自己体育本来就不好。
67952,2140,晋卫平,2018-01-22 11:26:40,0,0,0,不多说，好老师。听说他今年要退休了，祝福。
68164,2140,晋卫平,2018-01-22 16:03:23,2,2,0,可能以后再也没有人查晋老师了吧   虽然被卡了绩点，但老师各方面真都没的说。衷心祝愿老师退休后生活一切顺利～
99001,2140,晋卫平,2019-01-24 06:42:09,0,0,0,很差，索贿
5326,2252,张伟民,2015-07-06 15:22:20,0,0,0,好老师 超逗的老头
19070,3631,鲁茜,2018-03-07 23:29:30,60,65,5,Lucy老师人很好给分好很漂亮～
20239,3631,鲁茜,2016-01-26 15:52:17,17,20,3,老师超赞
21933,3631,鲁茜,2016-03-02 00:31:44,7,8,1,感觉不错。
22371,3631,鲁茜,2016-03-04 03:14:39,14,15,1,软妹子
25059,3631,鲁茜,2016-05-05 05:14:33,12,12,0,很不错
27349,3631,鲁茜,2016-06-25 04:25:36,28,29,1,绝对好老师！\n\n漂亮，温柔，负责任，很关心同学，游泳课老师第一人选~
28882,3631,鲁茜,2016-06-29 02:26:31,7,7,0,很轻松
33258,3631,鲁茜,2019-06-12 03:37:32,7,7,0,老师很棒，超级细心
34829,3631,鲁茜,2016-10-24 10:24:30,4,4,0,超级棒！
38105,3631,鲁茜,2016-11-24 08:15:22,4,5,1,好老师不解释
38758,3631,鲁茜,2016-12-18 03:26:52,43,49,6,本学期上了她的游泳课，当然我不是因为她长得好看才给了十分。超级有耐心啊！老师也不像有的老师那样有架子，很平易近人。给分怎么样我不知道，因为我游泳学的挺慢的，有的时候就是领悟不到位，但老师一直鼓励我。在最后考试的时候，她在我游的过程中，一直喊加油。这是我最感动的一件事了。
39075,3631,鲁茜,2016-12-21 03:42:16,2,3,1,温柔，随和，说话有很爽朗
39141,3631,鲁茜,2016-12-21 10:11:54,15,16,1,鲁茜老师超好，不仅是气质美女，而且认真负责，十分耐心教每一个人。作为旱鸭子，从完全不会到考试不愁多亏了鲁老师被我缠着耐心教我。
39526,3631,鲁茜,2016-12-23 13:39:33,3,3,0,耐心，温柔，平易近人，特别好的老师，不给十分都不好意思在这里评论~
40684,3631,鲁茜,2017-01-05 03:42:58,2,2,0,很好，很好，很好
40942,3631,鲁茜,2017-01-06 15:13:33,2,2,0,旱鸭子也能学会的课，很好
41029,3631,鲁茜,2017-01-08 12:25:59,2,2,0,非常好！
42539,3631,鲁茜,2017-01-14 11:49:48,2,2,0,好老师，脾气也很好，课上的也很好
43432,3631,鲁茜,2017-01-16 09:07:39,2,2,0,好老师！
51370,3631,鲁茜,2017-06-02 06:16:45,7,7,0,我是去蹭课的，正巧碰到老师，简直不能太好了，比我自己的老师要好，温柔漂亮还非常耐心地教会我蛙泳，非常非常非常非常棒的老师，比心
51557,3631,鲁茜,2017-06-07 05:49:57,1,2,1,大爱老师，女神
51639,3631,鲁茜,2017-06-08 00:41:42,-9,0,9,三次签到我一次都没来
51723,3631,鲁茜,2017-06-08 15:03:13,2,3,1,真的很好很好，测试也很宽松
53496,3631,鲁茜,2017-06-27 00:55:35,22,25,3,表白鲁茜小仙女！！作为一个反射弧很长很长的人来说，零基础学游泳还是蛮难的啊啊啊啊，但是老师给的建议一针见血！！就像突然开窍了一样！！然后老师实在是太可爱辣！菜鸡人生中的第一门满绩～✌️竟然是零基础学的游泳诶！
53510,3631,鲁茜,2017-06-27 01:25:15,2,2,0,给分很好，人很好
53529,3631,鲁茜,2017-06-27 01:49:11,1,3,2,人巨好！上课很温柔，周末有事去不了也很通融。体测考好点，游泳会游，理论用老师给的资料就满绩了，缺课两三次打卡49真的没觉得自己能满
53602,3631,鲁茜,2017-06-27 06:58:18,2,2,0,老师人很棒，游泳首选！！
53634,3631,鲁茜,2017-06-27 08:09:29,2,2,0,给分超级好又很温柔的老师～
53644,3631,鲁茜,2017-06-27 08:33:52,5,5,0,由于外出时间冲突，中间去上了另外几个老师的课，还是感觉鲁老师讲的最系统化、最到位，手把手教，真的适合不太会游的同学选！
53718,3631,鲁茜,2017-06-27 10:59:52,2,2,0,游泳满了
54446,3631,鲁茜,2017-06-29 10:14:49,2,2,0,最好的老师！
54479,3631,鲁茜,2017-06-29 11:09:31,1,2,1,工作比较认真的 漂亮好老师\n\n
54832,3631,鲁茜,2017-06-30 09:22:47,2,2,0,人超好给分超赞！！
57910,3631,鲁茜,2017-07-17 12:23:37,2,2,0,很专业
62398,3631,鲁茜,2017-11-25 01:02:59,2,2,0,温柔有耐心，又漂亮，比心比心
63585,3631,鲁茜,2017-12-08 01:24:17,-5,1,6,别选游泳课，不是老师的错，是游泳馆还没建成的错
64288,3631,鲁茜,2017-12-22 08:34:43,6,7,1,我真的不知道怎么夸鲁茜老师了！！！人年轻漂亮这里先不展开，超和蔼有耐心，对基础差的同学认认真真辅导，敲专业、敲可爱！！！因为是秋冬选的课，所以经常到校外上课，也就见了很多其他老师，但没有一个比得上鲁老师，不是私心！！给分也很好，没想到我一个旱鸭子专项考试能拿到38/40，豹笑。为鲁茜老师疯狂打电话！！！
66175,3631,鲁茜,2018-01-12 11:48:01,-7,2,9,会调分！引体向上0分的后来上九十了，自己感受~
66200,3631,鲁茜,2018-01-13 03:13:12,-16,7,23,反正这是我上过的体育课里给分最严的了，不解释
66893,3631,鲁茜,2018-01-19 08:28:17,2,2,0,爱她～～～给分很好！！！！特别好的游泳老师～～～～
66988,3631,鲁茜,2018-01-19 14:48:10,2,2,0,鲁茜老师真的超级好！给分出乎意料的好！也能学到很多，老师人也美美哒
68147,3631,鲁茜,2018-01-22 15:44:12,1,1,0,漂亮温柔 工作认真 给分也很好
74279,3631,鲁茜,2018-02-09 04:13:51,1,1,0,喜欢鲁茜老师～教的很温柔也很仔细，打分也挺公正，注意最好不要缺课哦 因为有签到的，但是也可以请假三次。重要的是给分也非常良心，想学游泳的话推荐鲁茜老师。
74486,3631,鲁茜,2018-02-28 13:59:45,2,2,0,老师超好！特别亲切体贴 会考虑到我们的各种因素 游泳教的也超好 细心有耐心
76757,3631,鲁茜,2018-04-21 07:07:19,2,2,0,老师人超耐心，教的很好
79718,3631,鲁茜,2018-06-13 03:55:35,5,5,0,人美腿长有气质，温柔善良有耐心
80284,3631,鲁茜,2018-06-24 08:46:16,1,1,0,老师真的超漂亮超温柔！给分也很好！这是我第一门满绩的课！真心谢谢老师！
80908,3631,鲁茜,2018-07-02 14:57:32,2,2,0,好老师没商量
80914,3631,鲁茜,2018-07-02 16:13:44,19,21,2,体育理论考崩了，还能5.0？！ 游泳场地条件我给1分，老师我给19分，平均下来10分。
80923,3631,鲁茜,2018-07-02 17:42:27,4,5,1,老师太棒了，不能更赞，而且评分结果公开透明，特别好!而且特别有耐心!(原谅我的语无伦次，因为我都不知道怎么夸老师了)
81074,3631,鲁茜,2018-07-03 14:14:46,9,9,0,哇老师简直女神 大长腿人又温柔\n\n给分又好 下学期下下学期我还想上老师的游泳课!!!\n\n
81551,3631,鲁茜,2018-07-05 10:54:54,3,3,0,老师真的太好了，作为肢体协调能力极差的我，我在专项考试的第二个星期才学会游泳，老师最后几次给我提了很多意见和帮助，终于才学会，真的很感人了。最后想说专项早考，不然老师不在黄力老师考很受伤啊呜呜呜呜
82521,3631,鲁茜,2018-07-08 11:47:44,5,6,1,满分无疑，老师教得很棒，有游泳基础可以轻松满绩（前提是体测别太差每节课都到）其实游泳确实是能让人受益非常多的一项运动，大学有这么好的机会免费学还是要珍惜呀，大学期间没有把游泳学会真的会有些遗憾的。自己积极主动请教老师会非常耐心解答哒～\n\n最后希望我们的游泳馆快点建好
84689,3631,鲁茜,2018-07-13 14:20:13,1,1,0,很好的老师！
92039,3631,鲁茜,2018-12-25 14:50:18,2,3,1,为什么不给她十分呢
109200,3631,鲁茜,2019-06-11 16:08:51,3,3,0,老师平时关注女生多一点，男生要主动问，不然很有可能学不会…不过老师给分是真的好！！！吹爆老师！
109652,3631,鲁茜,2019-06-18 07:08:43,3,3,0,鲁老师好温柔啊
110018,3631,鲁茜,2019-06-21 08:32:05,7,7,0,人美心善超温柔的老师。\n\n让我一个超级怕水的旱鸭子拿到了满绩！\n\n老师超有耐心脾气超级棒！\n\n
110519,3631,鲁茜,2019-06-27 09:02:48,5,5,0,Lucy老师人美教得也认真很好! \n\n希望最后一次体育课也可以上老师的游泳啊啊啊啊啊! 比心比心!
110530,3631,鲁茜,2019-06-27 09:55:48,4,4,0,Lucy挺认真的
110549,3631,鲁茜,2019-06-27 11:32:52,4,4,0,超级好，超级温柔的老师，一定要选她的课
110650,3631,鲁茜,2019-06-28 02:12:55,7,7,0,游泳（中）出分啦！！不会自由泳的小白在Lucy老师的带领下最后学会了自由泳（虽然滚翻还是没能成功QAQ）！Lucy老师人美心善！给分超级好！！谢谢老师♡﻿！！
110657,3631,鲁茜,2019-06-28 03:04:30,4,4,0,虽然没学会自由泳但是居然也给我上四了QAQ老师太好了吧！真的是很可爱很通情达理的老师！表白Lucy！
111175,3631,鲁茜,2019-06-30 09:28:49,6,6,0,上学期隔壁老师的游泳3.3，这学期直接满了...无话可说，太棒了！
117390,3631,鲁茜,2019-09-24 01:15:36,7,7,0,游泳中级班+体育专项辅导课\n\n先说游泳课。中级班要求学爬泳，我已经会爬泳了，但是老师依然在姿势矫正等方面教了我很多，平时教还没掌握爬泳的同学也很用心，技术讲解和亲身示范都有的。\n\n辅导课会教我们提高各项体测项目的练习方法，有时也会有时间跑课外锻炼的3.5km。\n\n点名很宽容，如果因为上节有课而可能迟到，只要说一声都能正常打卡考勤。（但是不来不会给打，老师有原则的）\n\n态度好，很耐心，以前游泳省队的（好像？），软妹子，反正好好好好好，十分。
120786,3631,鲁茜,2020-01-17 02:10:03,3,3,0,温柔有耐心\n\n
122190,3631,鲁茜,2020-02-20 01:24:13,1,1,0,老师超好的，温柔耐心，我作为一个会爬泳的人上课一直在水，老师也同意我在一边自己游
124565,3631,鲁茜,2020-07-03 03:54:54,1,1,0,这必须一手10分，不解释，大家都懂。
131302,3631,鲁茜,2021-01-27 04:23:49,1,3,2,妙啊第一次拿100
132957,3631,鲁茜,2021-02-05 11:50:22,8,8,0,老师好温柔！每天上学都微微笑的，上课很棒！
136096,3631,鲁茜,2021-06-11 02:33:39,1,1,0,老师超级好
136184,3631,鲁茜,2021-06-12 05:30:36,1,1,0,老师真的·非常好呀！
137127,3631,鲁茜,2021-07-01 10:37:00,1,1,0,非常nice的一位老师，人也很耐心。
140688,3631,鲁茜,2021-09-15 06:11:08,1,1,0,非常好
141663,3631,鲁茜,2021-10-19 09:19:34,2,2,0,老师对我们太好了，冬天学校还不给热水，老师为我们成天催学校
141664,3631,鲁茜,2021-10-19 09:19:36,1,1,0,老师很关心学生，天冷了会帮着催热水！
141990,3631,鲁茜,2021-11-03 05:44:23,2,2,0,老师超级好\n\n善解人意\n\n教学耐心还很温柔\n\n10分强推没商量
144256,3631,鲁茜,2021-12-21 02:59:39,5,7,2,鲁老师真的人超级好超级温柔，游泳初级班教学非常非常耐心，不会的同学都是手把手教，也很关注大家下水的安全。真的非常非常温柔。很喜欢她
144280,3631,鲁茜,2021-12-21 03:57:59,3,4,1,人美心善，教得好，还会帮我们催热水
144510,3631,鲁茜,2021-12-22 03:19:03,8,8,0,首先十分没商量\n\n很温柔的一个老师 会很耐心的教你\n\n有问题可以直接找她 lucy会帮你找问题\n\n想不出别的赞美之词了 各方面都很好的一个老师\n\n旱鸭子们不用担心 给我冲 亲测lucy老师的初级班可以让你学会蛙泳
144597,3631,鲁茜,2021-12-23 03:51:23,-8,16,24,超级好，冲就完事了！
144610,3631,鲁茜,2021-12-22 15:43:29,-44,2,46,人美心善的老师，引体向上拉很不标准的人也可以十来个，游泳课很轻松还很容易满分
144635,3631,鲁茜,2021-12-23 03:07:07,22,23,1,老师教的很好 人美心善 而且很客观的评分
144638,3631,鲁茜,2021-12-23 03:09:25,11,11,0,老师很好，会认真教你游泳，一遍一遍纠动作，给分也很公正
144641,3631,鲁茜,2021-12-23 03:14:52,3,3,0,棒👍🏻
144643,3631,鲁茜,2021-12-23 03:20:02,2,2,0,老师炒鸡棒呀！！！
144649,3631,鲁茜,2021-12-23 03:46:10,4,4,0,老师太好了
144656,3631,鲁茜,2021-12-23 03:49:14,6,6,0,十分，评分很客观
144659,3631,鲁茜,2021-12-23 03:55:05,5,5,0,老师教得很好也很温柔，我反正学会游泳了，我学得比较慢，但是老师引导很耐心，考核很客观!
144676,3631,鲁茜,2021-12-23 05:33:36,5,5,0,阿伟？又在找差评啊？休息一下啊，直接选好不好！又好康（指老师）又好学的课（指初级班）还不赶紧选？
144847,3631,鲁茜,2021-12-25 06:30:23,2,3,1,超级好，我爱她！！！\n\n教的好，但我游泳游的还是蛮难看的哈哈\n\n特别温柔，特别好看，超级有耐心！！
144859,3631,鲁茜,2021-12-25 08:33:42,1,2,1,人很好
145501,3631,鲁茜,2021-12-30 04:14:08,1,2,1,美女老师，冲冲冲
145502,3631,鲁茜,2021-12-30 04:13:53,1,2,1,美女老师，冲冲冲
145503,3631,鲁茜,2021-12-30 04:13:53,2,3,1,美女老师，冲冲冲
147058,3631,鲁茜,2022-01-08 14:06:25,1,2,1,强烈安利，超级和蔼可亲又漂亮！不过比较难选上
147535,3631,鲁茜,2022-01-10 07:30:22,1,2,1,老师很有耐心
149727,3631,鲁茜,2022-01-16 14:37:04,5,7,2,课程：身体素质课\n\n打分：10/10\n\n果断10分！老师是北体大的，真得会教各种有用的锻炼和拉伸技巧，体测前那段时间也会特别给我们练相应项目，平时就是锻炼一会儿然后放我们去跑步打卡，有时候也会玩一些跳绳游戏之类的。
151885,3631,鲁茜,2022-03-19 07:04:22,0,2,2,很棒的老师，很有难度的翻滚也轻松学会～
153871,3631,鲁茜,2022-05-14 14:07:05,1,2,1,鲁姐姐我的女神，真的人好好，我和我室友两个游泳小白，每次都我俩游得最慢，也很耐心的教我们，现在会游泳了，鲁姐姐yyds，人美心善，游泳选她准没错
154435,3631,鲁茜,2022-06-01 09:53:57,1,2,1,老师人太好了！
154498,3631,鲁茜,2022-06-02 02:19:39,1,3,2,好想和美女老师贴贴ლ(°◕‵ƹ′◕ლ)
154638,3631,鲁茜,2022-06-02 15:39:21,0,1,1,好老师，选！
154660,3631,鲁茜,2022-06-03 02:55:52,0,1,1,超级超级喜欢美女老师
156567,3631,鲁茜,2022-06-20 09:27:58,1,2,1,太感谢老师啦！本旱鸭子小小地学会游泳啦！！！老师超级温柔耐心美丽！
157185,3631,鲁茜,2022-06-23 03:43:22,3,11,8,大概是水上项目最好的老师了。每次上课点名都是在热身后，会略迟5~10分钟方便上节课拖堂的同学，最后的考试给分也很好，练会蹬壁掉头就能满分啦（直到考试那天才第一次成功用出蹬壁的我用一节课速成熟练度过了），不会的只要游到也有38、39（一共40），没基础的经过4、5节课也能学会，动作分解就很好学。最后感谢鲁茜老师给了我大一的第一门满绩啊啊啊！明年继续选老师的高级班！
157326,3631,鲁茜,2022-06-23 03:36:51,1,2,1,永远的神，可惜下学期出国没法继续上鲁老师的游泳课了
157335,3631,鲁茜,2022-06-23 03:53:00,1,3,2,老师真的很好！教的很耐心，中级班还会教一些出了爬泳以外的一些动作，比如蹬壁转体之类的，很有收获！
157340,3631,鲁茜,2022-06-23 04:03:12,0,2,2,老师真的特别好
157349,3631,鲁茜,2022-06-23 04:28:17,2,3,1,老师真的很耐心\n\n我属于学得很慢的那种，多亏老师很仔细地指导\n\n对于学有余力的同学老师也会教一些其他技能，还会带我们去深水区教跳水什么的，真的收获很大
157390,3631,鲁茜,2022-06-23 06:09:43,2,3,1,鲁老师真的非常好，不仅教游泳，还在前几节课教我们引体向上、长跑锻炼的方法，真的非常好
157395,3631,鲁茜,2022-06-23 06:18:30,1,2,1,老师真的很好！
157583,3631,鲁茜,2022-06-24 00:58:18,4,5,1,老师的人，给分都超级好，总评直接给我送上100了，下学期幸运地又选上了她的课，我愿称鲁茜老师世界第一!
164073,3631,鲁茜,2022-12-17 17:54:25,4,5,1,太喜欢茜茜老师了，女神！技术指导很专业，会指出每一个同学动作上的不足！还会补充一些其他知识！十二分钟跑很有人情味，给分超棒~我之前不会换气，被老师单独教了好多遍，最后也拿到满绩啦！人美心善给分好的宝藏老师，谁不喜欢呢？能选上茜茜老师的游泳课太幸运了！大家快冲！！
171647,3631,鲁茜,2023-03-31 00:49:59,1,2,1,我去，不多说，强无敌
172196,3631,鲁茜,2023-04-21 14:15:20,1,3,2,鲁老师太好了！！！！很耐心，教学很科学，每节课循序渐进，好好跟着练一定可以学会自由泳的！考试也不难。最后总评94，赋分以后95，喜提人生中第一个满绩，感谢鲁老师！
172208,3631,鲁茜,2023-04-22 05:31:16,4,5,1,鲁茜老师人很温柔，给分很好
173971,3631,鲁茜,2023-06-05 09:51:40,4,4,0,女神🥰从来没下过水的旱鸭子，学的时候老吊车尾，老师很耐心而且一针见血指出问题，居然学会了。测陆上项目的时候也好温柔。
184562,3631,鲁茜,2023-12-21 16:11:20,3,3,0,我不值得她这么温柔地对我。\n\n真的很不好意思给姐姐带来这么多麻烦呜呜呜\n\n我真的好喜欢她！！！
188621,3631,鲁茜,2024-01-19 12:13:15,2,2,0,有谁能不爱温柔美女老师
189720,3631,鲁茜,2024-01-27 12:50:59,2,2,0,特别特别好！很会教而且会关注每个学生特别有耐心！除了游泳还会教长跑之类的技巧，点名也会迟几分钟方便上节课拖课来不及赶课的同学
21267,3644,高念华,2018-12-25 07:19:39,228,277,49,高老师学识渊博，不仅仅讲授绘画的知识，还能延伸到整个美学范畴，和蔼可亲，就像个大姐姐一样
21285,3644,高念华,2018-05-07 12:12:53,118,132,14,高老师我爱你！
21286,3644,高念华,2016-02-28 03:08:34,113,123,10,高老师我也爱你！
21535,3644,高念华,2016-02-29 06:38:48,28,34,6,好好好
22009,3644,高念华,2016-05-04 01:00:10,199,222,23,老师人超好，上课干货多，主要是颜值高上课赏心悦目。论文认真点写给分不会差。前几天集体婚礼看到老师了，这么漂亮的老师居然结婚了，老师新婚快乐～
22242,3644,高念华,2018-05-07 12:12:31,13,18,5,啊啊啊啊啊
22257,3644,高念华,2017-08-29 15:25:52,56,66,10,人美！能学到很多国画知识！从不点名！强推！
22260,3644,高念华,2016-03-03 06:26:15,7,15,8,句句都讲得真心太好了
22288,3644,高念华,2016-03-03 08:47:10,50,62,12,浙大最美丽最温柔的老师之一
22308,3644,高念华,2016-03-03 11:40:24,58,66,8,美院毕业的老师，知识很渊博，人很可爱会自己笑场（≧∇≦）
22441,3644,高念华,2016-03-05 16:25:10,17,23,6,高老师年轻漂亮学识渊博，中国美院国画人物画科毕业，和蔼幽默特别有讲课的艺术，怒赞
22729,3644,高念华,2018-05-07 12:13:02,125,139,14,如果选项有10+，我一定选最高的那个分数。高老师中国美院毕业，专业知识很强，也会讲讲一些野史，很值得一听。中国美术史不像是美术课的延伸，有更多的人文内涵。
23080,3644,高念华,2016-03-17 03:35:31,5,11,6,讲得真心好 赞一个~
23587,3644,高念华,2018-05-07 12:13:12,68,79,11,这是我大学这两年听的最认真的一堂课，每节课都坐在前两排。高老师的课不像是课，更像是看一部纪录片，听一堂讲座，看一集百家讲坛，和学识渊博的朋友聊一下午天。老师不点名正是因为她上课的内容足以吸引学生在这里坐三节课。
23714,3644,高念华,2016-04-13 09:02:19,12,17,5,太喜欢这个大姐姐了。漂亮可爱讲的风趣幽默。她从来不点名，但是我每课必到。她把课讲的十分风趣。让我在笑声中学到了很多。实在觉得不去上她的课是一种损失呢。\n\n\n\n
23739,3644,高念华,2016-04-14 07:05:08,0,5,5,高老师很尽心尽力，对我的问题很耐心回答，而且没架子，上课也很生动，幽默。建议大家来听听！
23873,3644,高念华,2016-04-19 10:27:21,5,9,4,高壕女神啊！
23923,3644,高念华,2016-04-21 07:56:35,3,8,5,简直不要太好！老师很年轻，真的是大姐姐那种~但是有学识渊博，课上的各种故事跟一般的美术史绝对不一样的。其实故事里面还渗透着一些人生的哲理，咀嚼起来滋味十足。最后还有一次小小的实践，老师真的如数家珍啊，超赞！
23928,3644,高念华,2016-04-21 09:44:50,2,6,4,认真负责，零距离。
23980,3644,高念华,2016-04-23 12:00:22,5,10,5,第一次感觉通识课三节课远远不够。。。每次坐第一排，没水过手机，因为老师讲的实在太棒了！了解了好多绘画的知识和历代大家！高老师（姐姐）我爱你！（评分为什么没有10+不开心）
23983,3644,高念华,2016-04-24 00:23:44,11,16,5,没说的，这才是通识课应该有的样子！
24017,3644,高念华,2016-04-25 12:26:13,1,4,3,nice
24035,3644,高念华,2016-04-25 16:20:22,1,4,3,好好好
24079,3644,高念华,2016-04-26 14:28:20,2,5,3,讲的很认真，听的很有收获
24139,3644,高念华,2016-04-28 00:39:53,-1,3,4,好好好
24667,3644,高念华,2016-05-03 03:47:05,0,3,3,超级好~
24760,3644,高念华,2016-05-03 11:47:26,7,24,17,(′～`；）可能因为没有平时成绩只按照论文给分所以最后给分不是很好，但是课水……
24804,3644,高念华,2016-05-04 00:26:45,1,2,1,111
24808,3644,高念华,2016-05-04 00:42:12,35,53,18,老师好好w但是绩点君好像阵亡了呢
24861,3644,高念华,2016-05-04 05:30:43,3,5,2,我这怎么看不到评分\n\n
24863,3644,高念华,2016-05-04 05:39:41,41,44,3,高老师像大姐姐一样，美术造诣很高，就是最后被正态了，有点缺憾
24894,3644,高念华,2016-05-04 08:39:48,1,4,3,老师真的超级棒
25052,3644,高念华,2016-05-05 04:30:01,0,1,1,好好好
25053,3644,高念华,2018-05-07 12:12:47,22,29,7,老师是讲课比较幽默，听的东西也多，但是最后给分真的是我通识里面最低的…还想第二轮选专业呢……唉╯▂╰…
26014,3644,高念华,2016-06-15 04:39:00,1,2,1,真的不错
26149,3644,高念华,2016-06-16 06:13:15,4,5,1,人美心善学识渊博
26412,3644,高念华,2016-06-18 05:33:33,2,2,0,女神老师～
26417,3644,高念华,2016-06-18 07:33:47,1,2,1,我爱你
26987,3644,高念华,2016-06-22 04:52:02,4,5,1,老师讲的真心好，儿童节还发了糖
30753,3644,高念华,2016-07-02 11:21:58,0,3,3,高老师我爱你
30754,3644,高念华,2017-06-14 08:50:40,23,32,9,老师人确实很nice，课也很水，但是给分被正太了，不开心，刷新通识最低绩点
30762,3644,高念华,2016-07-02 12:06:05,19,29,10,唉课不错但给分好低好低啊\n\n
31892,3644,高念华,2016-07-05 05:47:03,-1,2,3,高老师我爱你！
32508,3644,高念华,2016-07-07 08:53:28,-2,1,3,人美心善，上课内容多，从不点名，给分一般\n\n
33934,3644,高念华,2016-11-22 11:59:43,2,3,1,很有趣
34471,3644,高念华,2016-10-11 10:59:25,0,1,1,高老师超可爱
34629,3644,高念华,2016-11-20 02:00:21,-1,1,2,之前评得有些早，现在已经结课了，就再评一下。老师上课准备的非常充分，内容也足够吸引人。漂亮姐姐每次还会讲一些有意思的段子，而且有时还会抛出很有哲理的思考题。非常推荐选，没有点过名吧，至于给的成绩，只要认真写，分数不会低的。
34813,3644,高念华,2016-12-23 02:50:47,0,2,2,炒鸡棒！炒鸡喜欢高老师！听完了课感觉去博物馆可以吹一波了！
35326,3644,高念华,2016-11-25 08:32:12,3,4,1,老师的课还是很幽默风趣的，认真听一定会有收获，当然，如果想水也是不错的选择，认真写论文的话，给绩点也还可以。
35339,3644,高念华,2016-11-20 04:18:37,3,3,0,美女老师\n\n啊啊啊啊啊啊啊啊啊啊啊啊啊啊啊
35468,3644,高念华,2016-11-21 01:34:51,1,3,2,老师颜值高，课有趣，不点名，没作业，给分好，反正就是好好好
35522,3644,高念华,2017-01-20 15:34:05,8,9,1,哇哇哇哇超级棒啊啊啊啊啊啊强烈安利！！！除了体育就是这门课最高了哇！！笔芯！
35641,3644,高念华,2016-11-20 01:39:25,2,3,1,吼吼吼
35677,3644,高念华,2016-11-10 07:43:49,1,2,1,老师很好很温柔啊。讲的课也很有趣。
35802,3644,高念华,2016-11-22 03:10:17,6,7,1,老师超可爱，讲得超用心，像百家讲坛一样
35810,3644,高念华,2016-11-10 08:16:11,1,2,1,老师知识很渊博，不要只是抱着水水的心态去上课，认真听真的可以学到很多东西～而且讲课讲的超级棒。
35822,3644,高念华,2016-11-10 09:01:59,-1,1,2,老师讲的挺有意思的，挺好的，人也女神，期末要求三千字论文。
35871,3644,高念华,2016-11-10 08:36:20,2,3,1,女神啊～好漂亮！讲课特别有趣，学识渊博懂好多！还会讲好多历史段子哈哈哈
35887,3644,高念华,2016-11-10 08:43:38,1,2,1,萌萌哒的老师
35951,3644,高念华,2016-11-10 09:05:33,0,1,1,老师的课风趣幽默，授课方式饱含热情，可以看出是一个真正热爱艺术的人。
36382,3644,高念华,2016-11-12 15:46:14,1,2,1,老师很可爱，讲得生动，上她的课是一种享受
36501,3644,高念华,2016-11-14 09:54:57,4,5,1,萌萌的美女老师 讲的很有趣 干货满满 听得很享受 平时没作业 但如果平时就光听的话了解的还是比较浅 写论文的时候就比较捉襟见肘了(￣∇￣)
37596,3644,高念华,2016-12-22 02:16:59,7,7,0,老师好讲课收获很多涨姿势
37597,3644,高念华,2016-11-19 14:59:32,3,3,0,高老师的课相当棒啊，虽然自己没怎么听过...不过可以了解很多东西，而且上课相当有意思，很喜欢听她讲课～
37606,3644,高念华,2016-11-19 16:03:26,0,2,2,蛮水的课 但是最后绩点有点难刷 可以选\n\n老师真的很好很甜 上课很认真
37619,3644,高念华,2016-11-20 00:29:12,2,2,0,太好了，有趣，有料，不难为学生，还想选她的课，可惜她只开一门课，谢谢高老师
37621,3644,高念华,2016-11-20 00:47:47,0,1,1,太好了、可惜给我分数有点低、但我还是乐意打10分！
37627,3644,高念华,2016-11-20 01:20:04,1,3,2,高老师超级幽默可爱，上课从来不点名，知识渊博，阅历丰富，就算你在上课的时候做作业，也会不知不觉被她讲的东西吸引过去。最后期末要认真写一篇论文，最主要的是要有自己的体会和看法，只要认真写分数一定不低哒。
37628,3644,高念华,2016-11-20 01:22:55,4,4,0,老师超级棒！表白我女神！上课超级有趣的，总是坐前几排。关键是内容我真的好喜欢，认识了好多人，也思考了很多事。论文看完了八本书五六篇论文查了许多资料一个字一个字码上去弄了一礼拜，最后成绩也很好。谢谢老师。
37630,3644,高念华,2016-11-20 01:28:41,-1,2,3,老师人超级萌 而且上课内容真心精彩 棒棒 给分也不错 表白高老师！
37633,3644,高念华,2018-05-10 10:50:28,2,7,5,老师很好，给分也不错，我这样的理科生，对古代绘画一点都不懂，只是单纯爱好，听了课收获很大，偶尔不想听写写作业也没事
37635,3644,高念华,2016-11-20 01:49:08,1,2,1,超级棒的老师！上课有趣给分也好?
37641,3644,高念华,2016-11-20 02:09:50,0,1,1,老师秀外慧中，幽默风趣。
37644,3644,高念华,2016-11-20 02:19:46,-1,0,1,讲得很好!给分很好!
37662,3644,高念华,2016-11-20 04:11:35,1,1,0,好，真心好。
37663,3644,高念华,2016-11-20 04:14:21,3,3,0,老师我超级喜欢你啊！！！！
37665,3644,高念华,2016-11-20 04:26:40,2,2,0,艺术享受，每周都期待着
37670,3644,高念华,2016-11-20 04:47:21,1,1,0,老师很温柔 很有元气 不只讲绘画史更有一些趣味的人物趣味的小故事 比心
37674,3644,高念华,2017-05-04 00:45:29,-7,5,12,绩点难受的一匹，一看就是被正态了，不过确实只能怪自己论文是网上抄的
37680,3644,高念华,2016-12-28 13:59:10,3,9,6,可水可听，不点名，只有一篇3k的论文，刚刚写到3k字，绩点4＋，推荐
37691,3644,高念华,2016-11-20 08:13:02,0,2,2,老师很好，上课很亲切，没有距离感，但是绩点太低了，也没办法。
37698,3644,高念华,2016-11-20 10:36:49,2,3,1,老师超级学识渊博，每节课都生动有趣，每一个历史时期绘画艺术都分析得精妙透彻。而且对于中国画是什么这个超级深奥的命题也提出了自己内涵颇深的见解。老师如此年轻漂亮又学识渊博实在了不起。而且给分很棒很棒哦！
37701,3644,高念华,2016-11-20 09:42:46,3,3,0,老师超级美超级有气质！！！不点名，但是上课超级认真，而且只需要写一篇3000字的论文。表白老师！！！
37703,3644,高念华,2017-05-03 03:37:13,9,11,2,老师挺好的，虽然被正态了，也还是自己论文写得不好吧
37704,3644,高念华,2016-11-20 10:19:44,-1,1,2,人挺好的 上课很有趣 给分又好 这才是真正的通识课啊
37705,3644,高念华,2017-06-16 11:15:15,1,2,1,真心棒！
37715,3644,高念华,2016-11-20 11:17:32,-2,0,2,认真负责的美女老师！！学到很多
37764,3644,高念华,2016-11-21 01:42:05,0,1,1,上课很有趣
37955,3644,高念华,2016-11-22 09:05:48,7,12,5,不点名，只有一次论文定成绩。论文写的时间是很久，主要我对绘画这块包括历史都不太了解，我觉得我写的也不算好……但是也有4.8。老师人漂亮，说话有趣，如果不忙，拓宽一下知识面很好的。
37980,3644,高念华,2016-11-22 14:52:37,0,1,1,听中国绘画史的各种故事，欣赏历代名画是一种享受，老师很好。
38114,3644,高念华,2016-11-24 12:34:57,1,3,2,老师超好，给分超棒，我的第一个通识4.5～
38273,3644,高念华,2016-11-29 01:57:36,3,4,1,老师美丽风趣，课堂轻松活跃，如果感兴趣的话干货很多，关于乾隆宝宝的梗真的有趣。至于论文只要认真写就没问题的，有过绘画基础的更加容易～
38377,3644,高念华,2016-12-01 06:30:55,2,3,1,老师特别有意思
38604,3644,高念华,2016-12-12 00:41:54,5,6,1,上课很幽默！非常生动有趣，激发了我们对古代绘画的兴趣。全程不点名，期末交一篇论文就可以了，也不用考期末，给分也很给力！
38611,3644,高念华,2016-12-12 07:16:09,-34,11,45,讲真，前排的几个是不是被绩点支配了真理，高老师人的确不错，但是课真的很水，几乎没有干货，她说的知识跟百度差不多，还没到期末，我只是说一些实话，跟绩点无关，日期很明白^ω^
39924,3644,高念华,2017-04-22 06:02:13,3,5,2,超级超级霹雳无敌享受，学到超多中国绘画的知识，每次都坐在第一排，是目前上过浙大通识课中数一数二好的，超级推荐
45480,3644,高念华,2017-01-19 15:10:04,1,4,3,不会很枯燥，因为老师经常蹦几句段子(ง •̀_•́)ง
45485,3644,高念华,2017-01-19 15:19:00,2,7,5,高老师我爱你，我要给你生猴子！
45506,3644,高念华,2017-01-19 15:50:47,4,5,1,老师讲的挺风趣 一篇论文 我也写了挺久的 最后3.3 可能是我不会写吧
45618,3644,高念华,2017-01-20 01:03:04,-1,2,3,虽然课好人美，但是认真写论文后还是被正态了正态
45620,3644,高念华,2017-01-20 01:06:06,1,1,0,老师讲的很好，很有趣，不仅是美术史还有很多历史的知识，只是我每次都比较累睡着了两次，唯一的缺点就是出分好慢
45624,3644,高念华,2017-01-20 01:10:08,1,2,1,事少，就一篇论文，感兴趣的话能学到好多东西
46116,3644,高念华,2017-01-20 15:32:08,3,4,1,老师每次上课都准备得很充分啊，而且老师人也很口耐！真的是我听得最认真的一门通识！最后的作业得分也不错，强推！！笔芯?
47414,3644,高念华,2017-01-26 05:43:01,10,11,1,人好，讲课有趣，论文要认真写。被正态但觉得自己论文也不是特别好。所以给九分吧，扣一分在给我的分上。但推荐大家去上她的课。
47658,3644,高念华,2017-02-13 07:48:54,1,2,1,有趣，给分好
48675,3644,高念华,2017-03-09 06:51:27,9,12,3,女神老师哪里需要点名，光看脸就能看三节课，何况有才华又幽默٩( 'ω' )و
48686,3644,高念华,2017-03-09 10:30:57,2,3,1,超萌，超可愛，超享受。
49358,3644,高念华,2017-04-07 11:58:58,2,4,2,人美心善好老师，到目前为止是我听过的唯一一门能学到很多东西的通识课
49645,3644,高念华,2017-04-21 10:19:08,3,4,1,我挺后悔水过去的，但是论文是真真用心写的。老师的课不错，而且最后一节课可以去书画社的教室体验画画，总之是不错的老师！
50419,3644,高念华,2017-05-03 00:17:52,0,2,2,后悔水过去了。老师萌萌哒～
50420,3644,高念华,2017-05-03 00:17:55,2,2,0,我爱老师啊啊啊啊啊 论文自己写！！！
50454,3644,高念华,2017-05-03 03:29:35,4,9,5,感觉就论文一个评分项有点坑，那些上课也不去实践课也翘掉的绩点也高…
50471,3644,高念华,2017-05-03 05:41:39,6,8,2,绩点爆炸真尴尬
50495,3644,高念华,2017-05-03 07:20:48,0,4,4,没好好听课，很对不起老师。\n\n讲得很好。\n\n论文半写半抄得了87 4.2
50521,3644,高念华,2017-05-03 09:11:34,11,12,1,哇老师真的是可爱的小姐姐啊 很温柔 事情贼少就期末一个论文  绩点挺满意的 表白老师ʕ •ᴥ•ʔ
50566,3644,高念华,2017-05-03 13:31:27,5,5,0,给的分数超乎想象，建议好好自己写论文，老师会认真看每一个人的论文和内容。说实话，以门外汉的水平，整篇论文抄没抄哪里抄的哪里自己写的还是显而易见的…高老师的课内容非常丰富，一个学期认真听下来对于整个绘画史都有了新的认识，收获真的很大！
50590,3644,高念华,2018-03-08 07:52:37,20,24,4,虽然我只有3.3，但是高老师永远是我最爱的女神?啊老师是我喜欢的类型哈哈哈。
50709,3644,高念华,2017-05-04 12:09:59,15,17,2,老师是个美腻！温柔！可爱！的小姐姐的！课程体系化，材料丰富有趣！虽然论文写得很认真，最后绩点也一般，但是不能否认课本身真的是很不错的！唔，虽然老师的评价体系（一篇论文）使得有人不去绩点也很高，但是大学嘛，学到了东西才是最重要的，每个星期享受一下高老师的课还是很愉快的！
50876,3644,高念华,2017-05-07 23:29:18,1,1,0,很美哦
51080,3644,高念华,2017-05-16 07:09:46,0,1,1,超漂亮的
51158,3644,高念华,2017-05-20 10:02:43,9,14,5,老師是女神～超級可愛！感受得到她對中國繪畫的熱愛，內容豐富有條理，上起課來很幸福。但論文建議早點準備，才不會花很多時間在選題，我大概花了六天寫，想題目就花了三天，畢竟有自己觀點又有理有據才是論文重點，最後寫八大山人跟極簡設計主義的關聯（我很喜歡廣告藝術），最後得95/5 : ) 給大家參考
51250,3644,高念华,2017-05-25 12:03:30,12,12,0,每次上课能感受到老师上的很爽，语速超快，内容很多，“你能想象吗……”“你知道吗……”老师的这些前缀真的是一个小时各十几次那种/笑cry。能够深深感受到老师对美学的热爱，以及难以遏制的热情（可以一讲三节课都不需要停）。但是啊，我觉得上课东西有点太多（课时少也有关系）。可是，说回来，能学到东西就是好的，就算只记得一点点/hhh。本来就抱着了解的心态来的，所以很满足啦。
52892,3644,高念华,2017-06-23 11:24:11,2,2,0,超棒，美美哒，讲课也很有趣。
55577,3644,高念华,2017-07-02 03:06:52,3,3,0,不点名！最后一节实践课也可以不用去。真心喜欢画画和美术的同学选这门课可以学到很多有用的东西，来水水的同学要是论文认真应对也不会的太低的分数。总之挺好哒。我春学期前几节课认真听了，后面因为一些事情基本没听课，刷夜肝的论文老师给了我4.2，老师超级漂亮也很温柔。
56287,3644,高念华,2017-07-03 11:46:33,0,1,1,老师讲的很可爱 好玩
57746,3644,高念华,2017-07-13 17:06:22,2,3,1,想娶不能娶
58744,3644,高念华,2017-09-16 11:12:59,0,1,1,求问怎样才能选上高老师的课？竞争太激烈了......
59373,3644,高念华,2017-09-21 05:24:29,-1,1,2,老师谢谢您
59455,3644,高念华,2017-09-21 12:48:56,1,1,0,美滋滋
59472,3644,高念华,2017-09-21 17:15:19,6,7,1,虽然肯定应该给10分，但是我想打0分因为听说老师结婚了～多么令人悲伤呀～?
59924,3644,高念华,2017-09-28 08:08:56,-1,0,1,就超美超美的呀～讲的炒鸡棒～笑场真的太可爱啦～各种戳萌点～日常不听通识课的我竟然节节课都做前三排认认真真地听完了每一节课σ`∀´)σ
60485,3644,高念华,2017-10-22 10:51:47,2,3,1,讲得很好，只是感觉可能受众的文化水平太低，所以老师讲的也比较浅显
60643,3644,高念华,2017-10-26 02:48:54,0,1,1,还可以
61321,3644,高念华,2017-11-14 11:46:49,-2,0,2,漂亮的大姐姐，特别好，不点名。\n\n
61348,3644,高念华,2017-11-15 04:27:49,0,1,1,特别棒的老师，上课了解了很多知识，风趣幽默，可爱亲和，快选吧
62150,3644,高念华,2017-11-22 16:15:28,1,1,0,女神，明明可以靠脸吃饭，偏要靠实力的那种。干货与段子齐飞，学到很多，超开心的通识！！
62575,3644,高念华,2017-11-26 03:45:01,1,2,1,人美声甜讲的有趣\n\n成绩全看一篇论文\n\n然而我论文写得贼认真才4.2QAQ\n\n可能是本身还是不太懂吧没什么自己的想法\n\n不过还是强推！十分！
62581,3644,高念华,2017-11-26 04:08:00,9,11,2,目前为止最低的一门通识。。。简直不敢相信自己的眼睛。。。以为会低的通识是最高的，以为会高的通识却是最低的，难道是我没有弄清论文要求吗？总之很想哭。。。第一次被通识拉低了绩点??
62583,3644,高念华,2017-11-26 04:10:42,-1,1,2,给小姐姐打电话呀\n\n傻笑起来真的很可爱
62609,3644,高念华,2017-11-26 07:10:01,1,3,2,给小姐姐打电话！！！小姐姐超呆萌的，学识渊博，从不点名。虽然我太水…一共去了没几次，不过每一次都觉得老师讲得超好(当然还是床比较舒服：) 成绩全看论文，花点心思好好写就行，不少人反应成绩一般…可就冲这性价比也值了。anyway…我自己花了蛮久写的论文…最后成绩也对得起花的功夫了
62648,3644,高念华,2017-11-26 09:15:25,0,2,2,没的说啦就是赞，可以学到东西
62660,3644,高念华,2017-11-26 09:42:13,-1,0,1,强烈推荐，可以一口气听三节课不中断！！！
62736,3644,高念华,2017-11-26 16:37:32,7,9,2,老师讲课真的好\n\n唯一一个没有写作业的通识\n\n然而还是79分被正态了。。。\n\n不会写论文的而且在乎绩点的还是慎选
62761,3644,高念华,2017-11-27 01:52:44,1,3,2,老师课上得很好 可能对中国画不了解的人能开阔知识面 但只有一篇论文作为绩点考核的标准 所以也不知道论文怎么写 全靠自我摸索 给分还算令人满意 希望能够考虑一下平时的上课情况吧…\n\n
62765,3644,高念华,2017-11-27 02:15:48,-2,0,2,老师很可爱?
62822,3644,高念华,2017-11-27 05:46:27,0,0,0,女神老师，上课超级有趣，会讲一些画作背后的故事，生动分析，赞赞赞
62842,3644,高念华,2017-11-27 06:32:15,0,1,1,真的值得去听，丰富人文素养啊\n\n每节课都做第一排，讲的真的超级棒
62953,3644,高念华,2017-11-27 12:35:42,2,2,0,老师很可爱，讲课也很有意思，给分超级棒！
63147,3644,高念华,2017-11-28 15:59:05,2,2,0,我觉得说上课是“艺术享受”很贴切。
63307,3644,高念华,2017-11-30 09:26:36,2,3,1,听完感觉后悔没去学艺术
63580,3644,高念华,2017-12-07 10:13:27,-2,0,2,绩点好
63584,3644,高念华,2017-12-07 14:00:48,1,1,0,美滋滋～～
63594,3644,高念华,2017-12-08 07:23:44,1,2,1,特别可爱的老师
63636,3644,高念华,2017-12-11 04:16:57,0,1,1,开心啊\n\n
64163,3644,高念华,2017-12-21 06:46:53,2,2,0,超级可爱的小姐姐，真的讲的很好
64277,3644,高念华,2017-12-22 07:45:14,5,5,0,一个星期最开心最享受的时光，是坐在西区大教室听老师的中国绘画史，沉浸在历史和美的世界里真的不想回到现实?
64297,3644,高念华,2017-12-22 09:19:09,1,1,0,老师人美课好，论文好好写4.5+是有的啦
64685,3644,高念华,2017-12-26 09:55:02,0,1,1,课上总是笑声不断，脑洞大开，富春山弹幕图什么的? 只有一篇论文，4.2很满足了，大概是大学以来拿分最高的论文
64754,3644,高念华,2017-12-27 05:03:10,-1,1,2,高老师实在是太可爱了 就会自己讲着讲着被自己逗笑笑起来 nice
65061,3644,高念华,2017-12-28 12:07:32,3,3,0,感谢高老师，让我知道中国画这么好看！！我一节课都不想停！真的要坐前面才能听到老师讲课魅力！！
65283,3644,高念华,2018-01-02 09:53:33,1,3,2,老师上课不点名 最后写一篇论文 主题任选 根据论文给分 最后一节课是绘画实践 老师带大家去小剧场的一个地方体验一下国画怎么画 老师很可爱 最开始的几节课真的是3节课聚精会神 比听任何课都认真！后来因为困和有事情没怎么好好听课? 强推
65716,3644,高念华,2018-01-08 11:51:55,0,1,1,。。。
66098,3644,高念华,2018-01-11 15:11:11,3,4,1,高老师邮箱是啥?
66705,3644,高念华,2018-01-18 11:31:55,-1,0,1,女神的课强推。实在是太可爱的老师了！！！！！
66783,3644,高念华,2018-01-19 04:45:01,4,4,0,老师人美课好给分赞！！！本学期最棒通识课没有之一！！！
67400,3644,高念华,2018-01-21 06:02:59,2,3,1,高老师爱你！！考试周送温暖哭死了要，表白！！！
67409,3644,高念华,2018-01-21 06:43:47,3,3,0,从不点名不点名喔 讲的很浅显 很适合提升素养w 给分很好 论文要认真写啊
67411,3644,高念华,2018-01-21 06:53:35,-15,7,22,讲的很好 给分不错 可能是之前通识快满了 所以看到4.5没有太惊喜
67416,3644,高念华,2018-01-21 07:12:26,2,3,1,老师非常棒，论文认真写，绩点不会差的
67429,3644,高念华,2018-01-21 07:41:16,-1,1,2,123
67442,3644,高念华,2018-01-21 08:05:17,0,1,1,啊啊啊啊刚出的分来表白老师，超可爱的讲的也超好，感觉自己论文没写好但也有还行的绩点嘻嘻嘻笔芯啦
67445,3644,高念华,2018-01-21 08:11:58,1,2,1,真的很棒，打开了我对中国绘画的认知大门，老师人不仅美，而且很幽默，用了一整天从早到晚写的论文，给分也很好。
67448,3644,高念华,2018-01-21 08:16:01,2,2,0,十分十分～老师人好讲课好给分好。好好听课，认真写论文。
67451,3644,高念华,2018-01-21 08:23:30,1,3,2,最后绩点不好
67460,3644,高念华,2018-01-21 08:49:11,1,2,1,老师很厉害很风趣讲的也很好真的是很棒的课！！！然而论文写得很认真不仅绩点低而且还被卡了…
67465,3644,高念华,2018-01-21 09:01:42,-17,3,20,虽然一直坐前排但没怎么听过课 论文三个晚上赶出来的自认为一坨屎 给分还行 不是很明白为什么评分那么高
67527,3644,高念华,2018-01-21 12:21:37,0,1,1,从来不点名。\n\n讲课非常好。非常非常好。\n\n期末作业一篇3000字论文，和中国绘画史有关的题材都可以，就是不太会写。但是认真写应该就没什么问题。\n\n最后一节课中国画体验，挺有趣。
67564,3644,高念华,2018-01-21 13:56:21,2,2,0,老师真的人又美又温柔上课真的很吸引人可以获得很多知识，通过她讲的课真的逐渐能够欣赏中国画的美了。
67935,3644,高念华,2018-01-22 10:38:53,-1,1,2,特别有趣 字字珠玑 句句经典！
67949,3644,高念华,2018-01-22 11:10:47,1,2,1,棒！！！
68570,3644,高念华,2018-01-23 11:16:47,1,2,1,美美美
74570,3644,高念华,2018-03-04 01:11:05,3,3,0,表白高老师！！
75258,3644,高念华,2018-03-08 07:51:49,0,1,1,很棒棒
75725,3644,高念华,2018-03-15 12:37:38,1,2,1,我不知道大家知不知道。。。
76225,3644,高念华,2018-03-29 09:49:01,1,1,0,表白高老师
77042,3644,高念华,2018-04-29 06:07:31,0,1,1,一个词\n\n女神
77088,3644,高念华,2018-05-02 00:15:11,3,3,0,老师人超好( ﹡ˆoˆ﹡ )，人美心善良，课程内容详实有趣，虽然成绩还没出，但不影响我对大姐姐的仰慕(｡>∀<｡)
77666,3644,高念华,2018-05-07 07:51:32,-1,1,2,人美课好给分不错
77672,3644,高念华,2018-05-07 08:26:22,2,2,0,小而美的课
77676,3644,高念华,2018-05-07 08:46:18,0,1,1,老师讲的很有意思，人很好，也漂亮。\n\n就是最后给分别卡呀……\n\nbtw，是个好老师，能培养兴趣，拓宽知识面
77690,3644,高念华,2018-05-07 09:25:16,4,4,0,春学期虽然不是很认真听但也没翘过课 认真写了两天论文拿了4.5 人美心善又学识渊博 最后实践课看老师示范画国画觉得老师真的好温婉啊/// 然后高老师好像对签条补选什么的比较宽松 希望大家都来选她的课陶冶下情操呢！
77692,3644,高念华,2018-05-07 09:47:55,-2,4,6,憋了一天的论文拿了4.5 感谢人美心善高念华老师容忍我的学术垃圾? 上她的课真的很有收获
77698,3644,高念华,2018-05-07 10:16:03,1,2,1,呜哇好可爱好有气质好温婉的小姐姐呀！给分也很好！上小姐姐的课真的是一种美的享受哇！不过推荐选课的同学可以考虑一下提前阅读一下《美的沉思》或者《美的历程》，这样听起来会更有感觉的，而且论文选题也会不那么纠结了QAQ
77715,3644,高念华,2018-05-07 11:29:01,3,3,0,我超爱她的！！！！！！！！！！！！
77722,3644,高念华,2018-05-07 11:54:19,33,38,5,表白高女神，论文拿了满绩。每节课都特别有意思，搞得我都想转专业啦。\n\n这学期为了刷绩点就琢磨了下怎么刷，分享下经验吧，老师推荐的书都可以看一下，里面有些角度非常有趣，而且可以结合自己兴趣点写，论文我改了3次，断断续续花了三周，因为自己对明朝小品文很感兴趣，就写了从徐渭小品文看其绘画作品的审美特质。\n\n最后，上这门课真的超值啊，每节课听女神讲各种看画经历，就特别仰慕啊。
77724,3644,高念华,2018-05-07 11:55:06,0,1,1,表白高念华老师，很佩服高老师，很喜欢她
77739,3644,高念华,2018-05-07 12:34:48,-1,2,3,这节课真的又不枯燥又能学到东西，高老师确实学识很渊博但是作为通识课还是讲得比较浅显，不过她超级萌讲着讲着会自己笑起来！最后实践课看我零基础画不好也会手把手指导！真是爱上！
77764,3644,高念华,2018-05-07 15:15:46,1,4,3,女神老师，人美课赞，让我这个不懂艺术不喜绘画的人也感受到了它的魅力。春学期有幸选上中国绘画史，后悔有几次没好好听，预备夏学期再去蹭课，嘿嘿。
77833,3644,高念华,2018-05-08 04:36:34,2,10,8,老师给11分，不过竞争比较激烈，一篇3000+的论文有必要写成一本书吗？一片课程论文有必要彩印吗?可能或许吧，我……
79565,3644,高念华,2018-06-09 14:24:48,0,2,2,我不管 先表白了再说
80619,3644,高念华,2018-06-28 10:29:40,4,6,2,10分，舍不得老师的声音和双下巴，呜～～
80855,3644,高念华,2018-07-02 04:58:42,-8,1,9,上课没咋听过。。还是顺便给老师刷个分吧
83655,3644,高念华,2019-11-15 02:59:14,-293,20,313,想干！
83658,3644,高念华,2018-07-11 02:59:23,-1,1,2,很有艺术气质和艺术理想的小姐姐，人美画也美。中国绘画史是好课，虽然不甘很多同学翘一学期的课也不影响绩点，但决不影响我对老师和课程的评价。认真、有思考的论文，给分也不错哒。
83679,3644,高念华,2018-07-11 03:46:00,1,2,1,内外兼修 学识渊博 课堂幽默风趣 感谢老师给我的学术垃圾打了那么高的分罒ω罒
83935,3644,高念华,2018-07-11 14:25:55,8,10,2,上课都认真去听了，论文也有很认真很认真地写，但是最后给分真的真的很低，唉，有点难受，不太清楚老师的评分标准，不过老师讲课是非常有意思的。
83949,3644,高念华,2018-07-11 15:13:03,1,3,2,老师太好了叭\n\n人美心善专业强还给分好\n\n爱她没话说
84055,3644,高念华,2018-07-12 02:55:48,-2,1,3,期末好好准备给分高
84871,3644,高念华,2018-07-14 06:46:05,0,2,2,课程论文的评分标准啊，真是不知道是啥
85302,3644,高念华,2018-07-17 01:26:13,2,5,3,妆容精致有气质，娓娓道来讲故事～不仅有绘画欣赏，还有文史知识。是心动的感觉(*/ω＼*)仅一一篇论文评分的考核机制确实不是非常公正，所以有同学得分不是很理想……不过看学习帝上的统计，给的高分的比例真的是多的
86464,3644,高念华,2018-09-16 13:37:57,-2,1,3,棒哎哎
86560,3644,高念华,2018-09-17 07:50:38,5,7,2,目前上过最好的通识课
86756,3644,高念华,2018-09-18 10:58:29,0,2,2,忍不住想听
86892,3644,高念华,2018-09-19 08:01:57,1,3,2,老师超可爱
87073,3644,高念华,2018-09-20 06:58:25,5,6,1,完了完了，沦陷了
87091,3644,高念华,2018-09-20 08:05:41,3,5,2,老师很漂亮也很可爱??
87320,3644,高念华,2018-09-27 03:57:39,2,5,3,虽然迫于学校政策，绩点要正太分布。不过，获得进步要比成绩什么的来的更重要。
87785,3644,高念华,2018-10-13 06:39:46,2,2,0,听课真的好开心
88471,3644,高念华,2018-11-23 10:43:48,9,10,1,感谢老师打开了美学的大门，更让我对中国画有了一个全新的认识，老师推荐的《美学散步》真的很好，而且这门课既可以水也可以好好欣赏，我老老实实写了三天的论文后绩点4+，大赞。
88548,3644,高念华,2018-11-01 07:55:55,-1,0,1,感觉对中国绘画有了更加深入的了解
89131,3644,高念华,2018-11-16 03:04:55,0,1,1,老师好看！！！可爱！！！
89157,3644,高念华,2018-11-16 06:08:15,0,1,1,能感受到老师对中国画独有的见解和热情！作业不多，考试不难，最后还能自己画画！
89383,3644,高念华,2018-11-19 01:47:52,2,2,0,认真负责
90184,3644,高念华,2018-11-22 11:00:04,4,5,1,颜值爆、超有趣、还揭示绘画里别有深意的内涵段子（以微笑结尾）
90209,3644,高念华,2018-11-22 12:55:58,3,3,0,脱口秀既视感，很吸引人，干货满满
90269,3644,高念华,2018-11-23 02:07:03,1,1,0,好玩啊推荐
90273,3644,高念华,2018-11-23 02:26:54,-1,1,2,最后一节实践课玩的很开心⊙▽⊙，论文花了不少时间，最后成绩还行吧
90275,3644,高念华,2018-11-23 12:14:06,2,2,0,炒鸡棒棒哒，老师人超好，讲课炒鸡有意思
90277,3644,高念华,2018-11-23 02:54:31,-1,1,2,上课很有意思也很轻松，老师讲得很好。\n\n认真写论文分数应该也会不错的。
90281,3644,高念华,2018-11-23 03:03:10,1,2,1,小姐姐超棒棒 上课干货很多 给分也超好
90282,3644,高念华,2018-11-23 03:07:37,-2,0,2,老师上课很有意思，只不过不会写论文被正太有些难受
90300,3644,高念华,2018-11-23 05:02:41,-1,2,3,4.2本来以为通识课很高
90319,3644,高念华,2018-11-23 06:21:52,0,2,2,憋了两天的论文，4.2，还行吧
90326,3644,高念华,2018-11-23 07:03:41,1,2,1,哈哈哈挺好 给分还行
90335,3644,高念华,2018-11-23 07:42:14,7,8,1,1.每次都要签到，不过不是很严格的程序所以我看到还是有签完到溜的（可能有代签也说不定）\n\n2.老师人很漂亮，上课很有趣，专业知识挺多的，绘画大师的逸闻趣事也挺多的，上课体验挺好的，而且上课水一水也不怎么管你……\n\n3.作业平时没有，期末有一篇三千字论文，最后第二周有十五分钟的小测，最后一周的课是去书画社实践画画。\n\n4.给分我觉得挺友好的，论文我三千字出头吧，小测认真参加了之后绩点4.2挺满意的。
90337,3644,高念华,2018-11-23 08:00:56,0,2,2,几近完美啊
90352,3644,高念华,2018-11-23 08:48:56,0,5,5,人美声甜，讲课超有趣。给分也很不错。水到了4.5
90359,3644,高念华,2018-11-23 09:08:47,6,7,1,中肯的说一开始听的时候我觉得还好，直到听了其它老师的课我才发现，高老师讲的真的好。人美课也美。论文想不被正态就认真的去写，一定要有自己的想法。其实通识课一定会有正态的，不要太信查老师的话。再狠的老师也有高分，重点在自己(当然课也可以水的鸭，论文OK就好，虽然水掉是一个损失)
90364,3644,高念华,2018-11-23 09:14:13,-2,0,2,老师我爱你！人超美又可爱上课有趣生动还干货满满！希望以后能去上中国画
90371,3644,高念华,2018-11-23 09:45:04,1,2,1,现场版的百家讲坛 很多有趣的故事 给分好 干货多 简直不能再幸运 遇到这样一门课这样一位老师
90382,3644,高念华,2018-11-23 10:13:31,2,3,1,特别有意思的老师，人很好，会讲许多相关的东西，实践课也非常棒，给分也好。认真写论文叭！
90386,3644,高念华,2018-11-23 10:28:35,0,1,1,老师很好，上课也很好，我论文也认真写了，给分很不尽人意啊
90407,3644,高念华,2018-11-23 11:57:24,0,2,2,老师的课听着很舒服，不仅讲了很多专业的知识，而且一点也不觉得无聊！最后一节课还让大家动手实践，虽然我自己绘画水平不行，但这个老师我超级喜欢的！特别感谢和老师一起度过的秋学期！
90413,3644,高念华,2018-11-23 12:14:14,0,0,0,小仙女！人美声音甜，讲的东西也很棒！绘画，人文，哲学……很有内涵很棒的课程，是一种享受！
90428,3644,高念华,2018-11-23 12:47:56,2,4,2,论文写得很认真，然而被正态了…将我的均绩一下子拉低了好多…
90519,3644,高念华,2018-11-23 23:34:04,1,2,1,被正态了TAT 但还是给老师打了高分 上课干货很多 真的能学到东西
90589,3644,高念华,2018-11-24 08:41:00,1,2,1,超级喜欢她的，讲课好幽默，人也很温柔，最后给分也真的很不错了，表白白～
90603,3644,高念华,2018-11-24 12:10:23,2,2,0,可爱温柔好看啊啊啊啊！！！上老师的课感觉很有收获
90667,3644,高念华,2018-11-25 05:09:14,1,3,2,一楼那位这么6吗
90705,3644,高念华,2018-11-25 10:49:00,-1,0,1,超级棒的大姐姐
90734,3644,高念华,2018-11-25 13:21:03,3,4,1,老师人超漂亮超有气质！性格也超级可爱！内容丰富且有内涵！我爱高老师！！吹爆她！她的课每次上完都有掌声！
90743,3644,高念华,2018-11-25 14:16:42,1,3,2,很棒 收获多
90892,3644,高念华,2018-11-27 06:09:00,-1,2,3,挺好的٩( 'ω' )و
91161,3644,高念华,2018-12-02 11:47:00,0,1,1,喜欢！
91807,3644,高念华,2018-12-20 23:33:21,12,15,3,上课内容很有趣吧。因为某种原因最后论文上交的是纸质版。我认识的一个人论文查重率49.5满绩。另一个人东拼西凑了一下午40.3查重4.5。我准备了一个月最后只有3.3。应该是被正态了吧。
91856,3644,高念华,2018-12-23 08:22:16,-3,1,4,水课，很好
91948,3644,高念华,2018-12-25 05:36:41,-2,4,6,给分太迷，认真准备的人为什么分不高，复制粘贴却4.5，郁闷
92062,3644,高念华,2018-12-25 23:50:11,2,5,3,真的学到好多东西，一个每次都没能找到前排位子的小透明4.5真的很感动了
92202,3644,高念华,2018-12-27 04:22:54,-5,2,7,人美心善给分好，中国绘画史认真听讲可以学到东西，真的想水的话认真写篇论文期末交掉就可以了
92265,3644,高念华,2018-12-27 10:33:17,-3,2,5,老师特别好，课很有意思，而且老师杜绝恶竞的，超级棒。
92357,3644,高念华,2018-12-28 03:41:20,3,5,2,很喜欢老师 很有意思 很可爱 认真写论文不会太差的
92524,3644,高念华,2019-01-02 02:34:38,0,1,1,老师讲课很赞
92764,3644,高念华,2019-01-04 08:36:51,1,3,2,给十分不解释~
92923,3644,高念华,2019-01-05 17:21:57,9,10,1,第一次选就选上了！！！我太欧了吧！！！非常期待
93204,3644,高念华,2019-01-08 06:20:59,1,3,2,来给和老师刷好评 真的好老师！！
93257,3644,高念华,2019-01-08 12:24:36,11,11,0,可以水但不想水的通识课，老师超可爱的！
93482,3644,高念华,2019-01-10 03:58:12,-1,2,3,女神太可爱了！！
94163,3644,高念华,2019-01-15 11:09:15,2,4,2,太好了，我成为了她的行走的广告
94836,3644,高念华,2019-01-18 09:52:29,0,3,3,高老师讲的知识范围很广，上这门课之前以为会是枯燥的水课，但是高老师讲的真的很生动，不好好当皇帝，利用职权之便专注于振兴画坛的宋徽宗，贼精贼精拼命要在作品上题名的范宽和收藏跟帖狂魔乾隆，高老师讲的超棒！！！
95455,3644,高念华,2019-01-19 12:07:46,1,3,2,老师真的太可爱了叭，满满亲和力，生动有趣讲笑话～
98236,3644,高念华,2019-01-23 08:30:01,-1,2,3,念华小姐姐超美超美超美
98397,3644,高念华,2019-01-23 11:57:26,7,9,2,大学第一门满绩，爱老师！
99377,3644,高念华,2019-01-24 15:45:05,3,4,1,大爱念华小姐姐，超可爱\n\n
100297,3644,高念华,2019-01-26 02:22:36,8,11,3,我一个大三狗 认真写了论文最后3.3
100298,3644,高念华,2019-01-26 02:24:12,4,4,0,老师挺好的，上课可水可听评分主要看最后的课程总结...有点玄乎吧，但还是给10分！
100318,3644,高念华,2019-01-26 02:54:31,1,2,1,上课很有意思 超喜欢\n\n
100332,3644,高念华,2019-01-26 03:13:46,0,1,1,4.8，来纪念一下。
100371,3644,高念华,2019-01-26 03:56:10,2,3,1,老师上课没的说，吹爆她！认真听能收获很多，而且可以培养出对中国绘画的兴趣！最后给分也不错，但是离我的预期稍微差了一点点，毕竟论文真的写的很认真，但是写的认真也不代表我写的很好呀。不管怎么说，高老师真的很好，人好，课也好！大家可以尝试啊尝试！！
100384,3644,高念华,2019-01-26 04:22:58,0,1,1,神仙老师  神仙绘画史  神仙给分  强烈安利
100415,3644,高念华,2019-01-26 05:49:38,0,6,6,虽然只有4.5但是性价比真的超高！！基本上期末论文自己写写好点就行了，没啥其他事
100426,3644,高念华,2019-01-26 06:09:34,-2,1,3,老师很温柔，讲的很好（尽管我几乎没听过课），每次上完课全班都会鼓掌。最后论文好好写，分挺高的。
100435,3644,高念华,2019-01-26 06:29:08,3,6,3,感觉努力和得分不成正比，有些难受。水水分高，努力分低。
100507,3644,高念华,2019-01-26 08:16:28,1,6,5,纪念一下第一门4.8的课，顺便吐槽一下上面说的努力分低，我论文写了4个星期，全部自己写，翻阅资料也会带上自己理解，怕是什么说别人水水分高的，自己的论文也许是复制了百分之80哦。老师人很可爱，课很好，不多说了，选上了自己体会。
100555,3644,高念华,2019-01-26 09:42:05,2,2,0,老师的课非常有趣，干货满满，每次都是坐在前排挺直腰杆，舍不得漏过一句话，强推！
100620,3644,高念华,2019-01-26 12:26:33,5,5,0,老师人美心善，太好了，我通识拿了第一个4+的绩点啊啊啊啊我好爱她
100740,3644,高念华,2019-01-26 16:21:14,5,6,1,我是说努力分低的那位同学，虽然我没有花一个月的时间但是二十天是有的，也是自己查了很多资料，一个字一个字写出来的，不必说我复制百分之八十吧，这也很让人伤心啊。也许我没您写的那么好，但是身为人文社科的同学，我觉得自己的水平也不至于特别拿不出手。我的室友是一个晚上拼凑完成的，但是4.5。
101404,3644,高念华,2019-01-28 06:55:40,10,11,1,上课事情少，但给分低啊
102262,3644,高念华,2019-01-31 15:36:45,-1,0,1,老师的课想水可以水，想听又很有趣，给分也不错
102444,3644,高念华,2019-02-02 08:12:41,4,5,1,给分一般 要高分很难 不过讲得确实不错
102788,3644,高念华,2019-02-23 05:49:58,4,5,1,本来看了查老师害怕自己被正态，但是最后给分很好，说实话这也是我最用心的一篇论文。老师上课绝对是一种享受，旁征博引，又不枯燥，最后一节课还安排了实践，不能再棒了！
102839,3644,高念华,2019-02-24 03:32:37,-9,9,18,给分也太差了
104237,3644,高念华,2019-03-14 10:30:47,-12,3,15,看了查老师的评论特意来蹭课 不知道是不是因为这门课不点名也不考试 上座率很低
104272,3644,高念华,2019-03-15 12:12:29,3,5,2,上了老师的艺术之门之中国画，个人认为评分标准不够明确，本人完成的小组任务最多，花在这门课上准备展示和PPT的时间也多，但是给分并没有体现出来，老师也从来没有了解过。如果队友不给力，还是有些吃力，而且有被正态的风险，得到了通识最低绩点。。。心累
105891,3644,高念华,2019-04-22 18:33:43,5,5,0,老師很正，又有乾貨，上課氣氛很輕松
107183,3644,高念华,2019-05-02 06:42:59,2,3,1,我哭了我可爱的美女老师耶耶耶耶耶耶耶给分超级好知识超级渊博我爱她爱她爱她
107190,3644,高念华,2019-05-02 07:05:41,12,17,5,想要高绩点的，选中国绘画史；想看美女老师的，选中国绘画史；想有极佳的上课体验的，选中国绘画史；这门课最大的缺点就是很难选上，几百个人选进十几个人，工科纯绘画小白＋写得很一般，喜提4.2，其他人稍微用点心写就能4.5或4.8
107196,3644,高念华,2019-05-02 07:54:42,-1,0,1,超级赞，论文好好写会有回报哒
107204,3644,高念华,2019-05-02 08:15:10,0,0,0,我爱她！
107224,3644,高念华,2019-05-02 11:31:41,-1,0,1,我爱她
107266,3644,高念华,2019-05-03 01:07:58,9,11,2,老师在课程里加入了很多主观感受，听得很享受。建议读一下美的历程，基本写任何内容都可以从中获得灵感，真的好书。最后一节实践课和老师合作了一幅兰竹，想裱起来！！有时候一想到还有高老师这样美好的人，就觉得自己应该再努力一点。
107760,3644,高念华,2019-05-09 10:42:55,1,2,1,老师真的长得好好看！而且上课也不枯燥！
107923,3644,高念华,2019-06-02 11:15:36,1,2,1,如沐春风
108769,3644,高念华,2019-06-01 16:03:00,30,31,1,高老板人美歌甜 行走的cd 仿佛开了陈粒原唱 疯狂刷火箭！！！打电话！！！
109369,3644,高念华,2019-06-13 11:29:35,12,14,2,感谢老师让我女朋友知道八大山人是一个人！
110057,3644,高念华,2019-07-04 20:13:50,3,7,4,随便写写4.5 性价比高
112558,3644,高念华,2019-07-04 17:40:41,2,3,1,博雅技艺给了满绩，上课享受，氛围自由，老师我爱你！
112559,3644,高念华,2019-07-04 17:42:13,2,2,0,女神，超喜欢
112605,3644,高念华,2019-07-04 22:20:19,2,4,2,随便写写3.3
114383,3644,高念华,2019-07-10 00:29:16,-2,0,2,老师超级温柔，不仅会讲授绘画技巧，而且也注重讲授绘画史。给分超级好，绘画小白也不用担心绩点。
115043,3644,高念华,2019-07-15 00:26:31,4,4,0,人美心善又温柔，上课享受给分好！可能因为学过画画的缘故，上课听到老师一些观点的时候重合到疯狂点头！！女神！打call
116284,3644,高念华,2019-09-07 10:42:46,6,6,0,完美啊
121425,3644,高念华,2019-12-16 07:34:34,5,11,6,表达对老师的喜爱就一句“想干”？
122933,3644,高念华,2020-04-22 11:07:53,1,2,1,好美好美好美！
123016,3644,高念华,2020-04-30 15:01:41,-1,1,2,怎么会有人不打满分！！高老师真的太棒了！知识超渊博 讲课超生动完全不无聊！我暂时把它认定为我大学听过最好的课 让我一点点也不想水 只想在课上把老师讲的每一句话都认真听5555 选上这课我是什么幸运小孩啊！\n\n是园林的同学 结合自己的专业认真写了课程论文 给分还是很好看的！高老师有新的通识课我也一定要选！！
123020,3644,高念华,2020-05-01 01:26:52,1,5,4,性感表弟，在线被撸
123120,3644,高念华,2020-05-11 03:23:29,4,4,0,网课时代前来报到~高老师的课对于中国古代绘画涉猎广，评论客观公正不偏不倚，同时也能感受到满满的专业素养，学到了挺多的，同时也对中国绘画有了很大的改观~期末作业比较看中观点的新颖和思辩的过程，俺作为美术素人也能拿到不错的成绩，谢谢高老师了~\n\n溜之前再云撸一把表弟，嘿嘿
123204,3644,高念华,2020-05-19 08:18:54,5,5,0,高老师就是画中走出的仕女，腹有诗书气自华。
123567,3644,高念华,2020-06-10 04:46:08,1,2,1,高老师我也爱你
123612,3644,高念华,2020-06-10 13:31:18,0,1,1,很喜欢老师讲课，让我这个“门外汉”能在轻松愉快中收获不少。作业压力也不大，很舒服。
123973,3644,高念华,2020-06-18 10:47:16,3,3,0,女神！讲课会以一种大家都接受的方式进行，特别有趣，在众多课中上高老师的课就是一种享受。我是一个工科生，也感觉受到了美的熏陶，最后的论文认真写，绩点比预期的要高。强推！
124278,3644,高念华,2020-06-28 11:37:34,1,3,2,女神！
124285,3644,高念华,2020-06-28 14:36:34,0,2,2,给分好好啊!!!!
127127,3644,高念华,2020-11-09 10:53:47,0,1,1,很好啊
127258,3644,高念华,2020-11-18 01:57:55,3,4,1,高老师是真的女神！！！
127374,3644,高念华,2020-11-21 12:55:04,0,0,0,高老师真的非常好，中国绘画史也能学到很多东西。每次上课都是一种享受!
127404,3644,高念华,2020-11-23 07:13:44,2,3,1,爱您就行了
127406,3644,高念华,2020-11-22 14:29:42,3,5,2,老师讲得非常好，也很喜欢。但是绩点真的迷，认真听认真写笔记，很认真写文章，也就是3.3，这
127407,3644,高念华,2020-11-22 14:36:34,1,2,1,老师超级好，超级温柔，给分高，事少，听课感觉很舒服
127410,3644,高念华,2020-11-22 15:20:23,0,3,3,中国绘画史，第一个满绩课程，人好事少给分高，讲课有趣，高老师女神！
127411,3644,高念华,2020-11-22 15:22:22,2,4,2,（上的是中国绘画史）\n\n可可可可可可可可！怒赞！老师好好，好漂亮，好温柔，笑起来好可爱，嘤嘤嘤\n\n上课很有趣，认真听可以学到好多，感觉老师知识渊博，很有想法，啊啊啊啊啊\n\n给分也不错哇，爱了爱了
127412,3644,高念华,2020-11-22 15:29:54,4,4,0,高念华老师太棒啦！几乎满足我对大学美术老师的所有美好愿望～人美心善 课程也很有营养 还在犹豫什么？选到就是赚到！
127420,3644,高念华,2020-11-23 00:37:53,2,3,1,冲冲冲！
127437,3644,高念华,2020-11-23 04:34:36,3,4,1,高老师很有学识，很有艺术情怀，不是个唯分数论的老师。上课十分有趣，挺幽默的，每节课还会有小彩蛋。一个学期上下来真的是收获满满！就是有点后悔有几节课没有全都认真听下来。最后有一片心得体会要交，用心去写分数就会不错！还有最后一节课有个随堂小测，开卷的嘿嘿\n\n整体上下来真的超快乐！来选！！
127453,3644,高念华,2020-11-23 07:08:16,-2,0,2,爱了爱了
127625,3644,高念华,2020-11-25 05:48:10,-4,4,8,换大教室以后上课睡觉和玩手机的同学蛮多的 对上课氛围有一丢丢影响 老师本人讲得非常好非常有意思 可能我还不太会写论文 最后的绩点是4.2 有一点没达到个人预期
127660,3644,高念华,2020-11-25 12:35:39,1,1,0,第一门通识，上了两节课后开始划水，论文乱写，拿了3.3，也算是对我的一次敲打吧。\n\n
127690,3644,高念华,2020-11-26 00:41:53,-1,0,1,太好啦太好啦太好啦太好啦绩点还是要看自己滴哈哈哈
127818,3644,高念华,2020-11-28 01:02:18,1,3,2,太喜欢高老师了，大一的第一门满绩。每个礼拜四都超期待去上课，高老师是又有气质又幽默的仙女，真的是很快乐的在学习。
128162,3644,高念华,2020-12-09 02:55:39,0,1,1,听高老师的课是一种享受，可以真正领略中国美术史
128612,3644,高念华,2020-12-24 15:26:11,2,2,0,好好好
128851,3644,高念华,2020-12-26 04:06:52,3,3,0,绩点有点低，不过是自己的问题
129022,3644,高念华,2020-12-29 00:47:12,0,5,5,大一的第一门满绩，老师很漂亮可爱，上课也很有意思，只要大致听一听成绩就会不错的，选她选她
129176,3644,高念华,2020-12-31 02:28:15,-1,3,4,真的是很喜欢绘画，有遗憾自己的专业和艺术完全不相关。虽然是网课但是从不走神，录下来的表弟视频总是非常兴奋地给小伙伴展示，仙女老师的生活真的是让我无比艳羡的存在，可能是下辈子更勇敢一些可以追求的样子吧。有点可惜没有线下的实践课，有花心思好好构思自己的论文，交上去的成品做到不愧己心，是很有价值的通识课。最后96分，好想跟老师见面聊一聊啊~ 总之中国绘画史是用心学就一定有收获的绝对好课！
130957,3644,高念华,2021-01-25 11:31:16,-1,0,1,永远的神
131146,3644,高念华,2021-01-26 07:35:22,-87,19,106,劝理科生不要选不要选不要选，老师很漂亮，但给分超级低 每节课都到了论文很认真地写了修改了很多遍，最后只有3.3！！！！w我通时其他连4.5都没下过
131169,3644,高念华,2021-01-26 10:38:57,4,6,2,绘画史最好的那一类通识课了吧。虽然是对绘画不是很感了解的学生，但是在这门课中还是挺有收获的，写论文查资料的过程中感觉也学到了不少东西，事情少有意思。虽然最后成绩不高，八十多分，但是自己也满意了～
131173,3644,高念华,2021-01-26 11:00:34,6,7,1,三千字的小感悟，最开始觉得很夸张，后面才发现如果真的有想说的东西真的如滔滔江水止不住呀～上这个课，成绩真的不是全部，看美女老师上课还能学到好多干货，学到就是赚到！～
132040,3644,高念华,2021-01-30 03:58:16,1,2,1,不多解释，强烈推荐
133281,3644,高念华,2021-02-23 11:51:15,0,4,4,我来了\n\n20秋冬学期\n\n表白高老师\n\n表白三位助教xgg\n\njmm顶我上前排\n\n选到一定要珍惜！！！
139031,3644,高念华,2021-07-12 08:26:47,2,3,1,要命，怎么会有这么温柔可爱给分好的老师呀，谢谢老师不嫌弃我的画丑陋，中国画真的是我每周最快乐最期待的课堂了，给分是看一直以来的进步！选她选她选她！（虽然可能选不中hhh）
142724,3644,高念华,2021-11-15 12:59:22,1,2,1,高老师讲的中国绘画史对于我来说是一种享受，每周在各种理科科目的轮番轰炸中，在周四晚上抽出三节课的时间来上这么一节干货满满，赏心悦目的课真是太幸福了，绝对的好老师啦。
142735,3644,高念华,2021-11-15 14:41:54,0,4,4,大学的第一门满绩，真心地感谢老师，给了我很多信心
144735,3644,高念华,2021-12-23 11:10:10,5,6,1,哪怕我被正太了，我也要用腐朽的声音喊出：高老师yyds！！！
148652,3644,高念华,2022-01-13 06:15:10,0,1,1,很善良有趣的老师！
150496,3644,高念华,2022-01-27 05:00:27,-5,4,9,论文写了两稿，最后顺利满绩啦！
151240,3644,高念华,2022-02-25 07:31:40,2,4,2,老师人美温柔，讲课有干货，循循善诱，上完课不管怎么样对中国画都有了一点兴趣。\n\n而且上课过程中是完全沉浸在绘画史里面的，完全不会考虑绩点、卷之类的，是我想象中通识课应该有的样子。可惜后面到期末时间太紧张没好好听。\n\n但是上课要好好听啊，我大概是有两三节课上课没听，小测不会然后被正态了。\n\n高老师真的好好，是很让人羡慕的状态。
154669,3644,高念华,2022-06-03 06:01:27,3,3,0,老师超级美丽超级可爱！！！！！超级好！！！高老师老师我爱你！！！
157270,3644,高念华,2022-06-22 17:18:20,1,3,2,老师超棒，超美，超温柔，中国画课收获很大！
157558,3644,高念华,2022-06-23 17:00:14,-1,3,4,我的年华😍😍😍
161321,3644,高念华,2022-11-04 05:47:55,1,1,0,超级棒
161376,3644,高念华,2022-11-05 10:53:05,2,2,0,念华姐姐（> ∩ <)
161787,3644,高念华,2022-11-13 10:13:37,7,8,1,翩若惊鸿，婉若游龙\n\n荣曜秋菊，华茂春松\n\n美哉我念华\n\n美哉此间年华
161800,3644,高念华,2022-11-13 14:33:40,2,3,1,10分！我真正的中国画启蒙😭😍 虽然上完了我还是个右脑缺失的中国画小白，最后简答题把郭熙的卷云皴写成牛毛皴了，但真的全部课程上完收获还是超级多的😍，最后也被老师捞了😍 满分满分满分！ \n\n​
162372,3644,高念华,2022-11-21 06:37:22,-2,0,2,棒棒棒
162393,3644,高念华,2022-11-21 11:51:31,-1,1,2,4.5还行
162740,3644,高念华,2022-12-05 11:43:39,0,1,1,念华姐姐
163474,3644,高念华,2022-12-14 11:52:16,1,2,1,平时的课堂很有趣。老师也很温柔。平时都没什么事，给分也还可以。满分！
163725,3644,高念华,2022-12-16 04:21:38,3,3,0,真的是上课太好了！每次ppt都有几百页，真的很用心的准备了。上课就像讲故事一样，非常有趣！只是好像这个学期已经没有高老师的课了🥺🥺🥺本来强推室友选的
163859,3644,高念华,2022-12-16 09:02:44,0,1,1,強烈安利高念華老師的中國繪畫史，如果想美育+博雅的話，就去選高念華老師的國畫課🥺👊👊人美心善，上課溫柔又有趣，老師人真的超好
164102,3644,高念华,2022-12-18 04:55:02,1,2,1,真的好老师，喜欢她上的课，因为一位老师而爱上中国画
164488,3644,高念华,2022-12-21 08:31:20,-18,1,19,没必要，一般般
164678,3644,高念华,2022-12-23 08:13:03,2,3,1,老师真的很好，我虽然没有绘画基础，画的也基本是班里最差的，但老师还是很耐心地指导。
164748,3644,高念华,2022-12-25 04:35:45,4,4,0,秋学期中国绘画史\n\n老师真的很温柔 上的内容干货满满\n\n让我对中国画有了完全不一样的认识\n\n结课论文和最后的小测还是要好好准备～
165214,3644,高念华,2022-12-30 06:42:49,-1,0,1,没怎么听课，但是感觉老师挺好的
166147,3644,高念华,2023-01-11 07:39:06,1,1,0,美女老师
166473,3644,高念华,2023-01-12 10:37:49,1,2,1,老师指导很细致，不仅有绘画历史和画法讲解，还会下来亲手指导（我画的不好所以基本老师每次看到都要来帮我提点建议ac01），包括网课也是非常体谅大家，没有工具可以看纪录片，就是每节课都有签到码签到。本人绘画和大佬相比被薄纱，但最后成绩也还行，个人很满意。总的来说，选上了就是福气。
167124,3644,高念华,2023-01-15 04:06:36,2,3,1,墙推打开艺术之门——中国画，念华姐姐真的太棒了，我好爱她，她真的好温柔好可爱好漂亮好有气质，我是纯小白，老师上课的时候也超级负责，线下课会一个人一个人指导，就算画的不好老师也会鼓励，上课体验超级好，氛围很轻松。\n\n考核方式是：一学期一次pre，每章节结束有小作业（只有第一次是100来字的感想，后面都是交上课画的画，所以课下基本不用额外花时间），然后学期结束是1000字感想（不是论文！！！），真的超级好，给分也很好[可怜][可怜]
167777,3644,高念华,2023-01-19 04:20:36,3,3,0,喜欢！！！！
168996,3644,高念华,2023-02-24 03:01:23,2,2,0,老师人真的很好，而且很有学术素养
170696,3644,高念华,2023-03-08 07:36:32,3,4,1,想再上一次高老师的中国画qwq
173007,3644,高念华,2023-05-11 06:58:42,5,6,1,高老师我吹爆啊啊啊啊啊美女老师太好了呜呜呜呜\n\n选的是 打开艺术之门——中国画\n\n高老师给分太好了哇哇哇哇哇我的女神！！！\n\n人美说话温柔\n\n感觉自己画的不咋样（没有中国画基础也有4.8）\n\n美女老师我的神！！
174244,3644,高念华,2023-06-08 06:36:43,3,4,1,美育能选上老师的课感觉太幸运了
181921,3644,高念华,2023-11-05 11:41:55,1,2,1,每节课上课根本听不够，鬼知道高老师到底准备了多少字讲稿，明天就要测试了到现在还没把前六讲的内容复习完，痛并快乐着
182296,3644,高念华,2023-11-14 08:06:51,2,3,1,女神啊啊啊啊啊，上高老师的课太高兴了啊啊
183056,3644,高念华,2023-11-22 02:42:13,-1,1,2,老师真的是最最最最最美丽的女神了，很有意思！
183080,3644,高念华,2023-11-22 05:18:18,1,2,1,老师温柔漂亮，讲课有趣，给分很不错，而且事不多！\n\n中国绘画史：从第二节课开始每节课的点名+3000字以下上课后自己的心得看法+最后一节课随堂测试（很简单的，一道基本上是常识的填空加一题课上有讲过的简答）
183293,3644,高念华,2023-11-23 13:03:29,-1,0,1,高老师人美心善，讲课娓娓道来，深入浅出，中国绘画史整个都对理工科学生非常系统性，收获非常多！\n\n每次都要点名，但我听得非常认真。
183432,3644,高念华,2023-11-26 05:56:36,0,1,1,老师好漂亮，上她的课感觉如沐春风
183484,3644,高念华,2023-11-26 15:20:39,1,2,1,老师讲的特别特别好，能上老师的课超幸运！！！给分也很好
183869,3644,高念华,2023-12-01 15:38:47,5,5,0,老师真的很温柔，给分很好，上课也很有意思，课堂氛围超棒！选！选！选！
185102,3644,高念华,2023-12-26 09:31:11,0,0,0,人美心善 表白高老师
185206,3644,高念华,2023-12-27 05:13:20,1,1,0,课水，事少，老师美
186672,3644,高念华,2024-01-12 12:01:38,4,8,4,出分后来给老师打满！\n\n特别感谢《中国绘画史》这门通识课，也特别感谢高老师。在小学、初中到高中的美术课上，老师们都有对中国画的诸般讲解，但是可惜乏善可陈。曾经我认为中国画无味、平淡，压根无法和西方绘画的精美相提并论，直到2023年的冬学期我上了这门高念华老师的课。\n\n虽然愧疚的是，我常常在课上赶其他学科的ddl，但是无论是我认真听的那几节课，还是我在小测前重新再刷一遍网课的时候，我都能感受到发自内心的快乐和满足。高老师的讲解从来不是枯燥的，我可以真真切切地感受到老师对于教育，对于中国绘画史这门课以及对学生的热情，她永远带着她的情绪讲课，这是我特别感动的点。老师对于每一幅画的评讲都不是死板的知识复诵，我都可以从语句里感受到老师发自内心的喜爱；还有那幅张萱的《捣练图》，我记得我初中老师讲过，也记得高中老师讲过，但是只有高老师是带着感情来带着我们认认真真看画，欣赏画，带我们发现美好。老师的授课在我看来是教育最好的模样。\n\n谢谢老师超高质量的课程，辛勤的备课和课件制作；更谢谢老师带给我课程之外的许多许多感动，让我窥见教育最好的样子，让我意识到热爱和信念支撑下，或许真的可以灿若星辰的我们。\n\n向高老师致以最最最最诚挚的谢意！
186727,3644,高念华,2024-01-12 20:58:15,1,1,0,美女老师，我真的爱惨了\n\n给分好好！上课讲得好好！每次都会不自觉的听完
186903,3644,高念华,2024-01-13 13:20:10,0,1,1,可爱幽默的美女姐姐～～中国绘画史虽然点名，不过事是真的少，就一个期末论文。喜提4.5～～
187095,3644,高念华,2024-01-14 12:44:40,2,2,0,都来给我学中国绘画史呜呜呜，高老师上课超有趣，给分超好！！！！
187116,3644,高念华,2024-01-14 14:16:47,-1,1,2,讲的超级好，专业素养很强的通识上课很生动，而且人也巨好
187117,3644,高念华,2024-01-14 15:04:36,0,0,0,中国画满绩啦！老师布置的任务很少，课外只有期中500字的简答题、期末1000字的学习心得、一次pre，平时课上完成绘画练习并上交就好了，用心画用心写成绩就不会差！我绘画与书法都是零基础，没摸过毛笔，的的确确是在老师的带领和耐心教导下打开了这扇艺术之门。念华姐姐100%的好老师&女神！
188166,3644,高念华,2024-01-18 10:06:44,2,3,1,满绩了！！爱老师！！\n\n只要用心学肯定有收获（各方面都会有哦）\n\n舍不得在课上写其他作业
189120,3644,高念华,2024-01-22 04:16:09,-2,3,5,高老师超级赞！！\n\n这真的是我唯一一门在出分前就下决心一定要推荐给学弟学妹的课。\n\n最后的期末作品我自认为画得不算好，但是高老师稍微皴擦了几下感觉画面整体提升了一个台阶，让整个课程有个好的收尾。太感谢老师了\n\n而且最后的出分也好好
206607,3644,高念华,2024-12-16 12:11:51,4,4,0,在浙大见过人最好最负责的指导老师
220308,3644,高念华,2025-06-17 08:05:05,0,0,0,高老板！！特别好的老师啊啊啊
220460,3644,高念华,2025-06-18 04:42:11,0,0,0,gnh永远的神
20623,3698,赵军,2016-12-21 09:09:09,4,9,5,上课挺好玩但是给分.........呵呵了
28063,3698,赵军,2016-06-28 08:03:25,0,2,2,人很好，但是……班里 2/3以上都是80分以下
28708,3698,赵军,2016-06-28 12:41:47,5,8,3,老师人真的很好很好 不过给分很严格 完全按照平时测试的成绩来 一项项加起来算得分 所以最好要想有高分的话 真的得好好搞啊
30459,3698,赵军,2016-07-01 15:53:17,17,23,6,老师人蛮好的，课也很有趣～老师不年轻，但是肌肉很有力，动作很有气势。倒数第二节课有人说要不现在就考试下周给我们复习文化课吧老师很爽快就同意了。每节课上妹子们捉对互打哈哈～\n\n但是……给分真的很严……跑12分钟按百米计分，仰卧起坐每个人轮流考，最后实打实按各项成绩加起来的……于是班里没有一个上90的(°ー°〃)……难道是公安局出身的原因？有种细致认真追求真相的感觉2333\n\n虽然是史上第一个不到4的体育……但老师把成绩结算表格都发出来了，各个条目就这么摆在明面上毕竟无理反驳@o@ 而且一学期下来日常还是很满意的，学弟学妹们自己看要不要选吧。
33795,3698,赵军,2016-09-22 00:13:44,3,3,0,老师很有君子风范，有一点口音但是体育课口音无所谓了
41839,3698,赵军,2017-01-13 04:04:10,5,10,5,老人人很好，上课也很轻松，那些说老师评分低的明明自己动作就做的很一般，让老师怎么给你打高分
41860,3698,赵军,2017-01-13 05:30:24,3,3,0,课很有趣，
41880,3698,赵军,2017-01-13 06:55:34,-3,3,6,他是一个好人，但不是你想象中的高绩点老师。\n\n平常上课挺轻松的，就是忍不了老师的打分。\n\n为了正态分布，前半段学生都是高分，到了后半段，突然严厉的不行，你做的再好也没有前面的最低分高。
46627,3698,赵军,2017-01-22 04:22:21,0,2,2,不错哒，反正我是那种胖得跑不动的菜鸡……4.2很开心哒( •̀∀•́ )
51081,3698,赵军,2017-05-16 07:24:59,0,1,1,很不错的老师
52647,3698,赵军,2017-06-22 01:30:41,0,0,0,老师一直很认真负责哒
54793,3698,赵军,2017-06-30 08:35:44,4,6,2,上课很有趣，给分很坑爹。历史最低体育。
54966,3698,赵军,2017-06-30 13:41:30,1,1,0,没什么好说的
55536,3698,赵军,2017-07-02 00:34:01,13,24,11,男生来上这门课打分还是不错的\n\n
68412,3698,赵军,2018-01-23 07:07:47,2,3,1,分数出来了 怎么说呢 其实在出分之前就做好心理准备了 老师的课真的很好也能学到很多东西平时不累有点水\n\n就是分数的确有点太……反正我体育课是没拿过3.9那么低的分数的……\n\n不过鉴于上课体验很好 还是要给老师拜个早年/微笑\n\n
69754,3698,赵军,2018-01-25 10:23:35,1,2,1,男生还是不要选   每节课都去与男生互练  考试动作标准还是给分极低
77663,3698,赵军,2018-05-07 07:19:23,2,2,0,上课不水，给分不好
82836,3698,赵军,2018-07-09 08:01:07,3,3,0,上课还好吧，但是给分不怎么样，反正我是卡绩了-_-||
82856,3698,赵军,2018-07-09 08:30:22,4,4,0,给分算是体育课里面比较低的，均?3.7。老师很严格，50m、仰卧起坐和12分钟都测的比较严格。但课是比较容易的。没事别轻易请假，老师都会同意，但会扣平时分
82914,3698,赵军,2019-06-03 05:48:54,1,2,1,挺好的上课挺有意思的…虽说会提前下课一会儿但下午六七节连着上中间没有下课太困了…听说这个老师给分严所以十二分钟跑和仰卧起坐都尽力了才刚刚上4…但已经算不错的了…但是上课可以和很多很可爱的小姐姐一起玩我觉得开心！
97288,3698,赵军,2019-01-22 07:52:19,3,4,1,还是给老师满分的。我是男生，绩点3.6。是比较严格?
97856,3698,赵军,2019-01-23 00:18:10,4,6,2,4.8，打分就是你有多少给多少，很公平。上课很好的，但是身体不舒服不练也很理解。个人感觉挺好的，能学很多，老师也很用心
98309,3698,赵军,2019-01-23 09:55:11,3,3,0,上课不是很累，可以学到很多的。
98380,3698,赵军,2019-01-23 11:36:29,1,1,0,自己要努力呀。可能一个班里面只有一两个能满。不能跑不能做仰卧起坐的慎选。老师会有点严格。但是还是要给老师十分啦。
100402,3698,赵军,2019-01-26 05:19:33,6,7,1,【女子防身术】不好意思请让我吹爆赵老师！虽然全班最高分才91，但你没话反驳啊，老师是认认真真严格按标准给分的，你努力了肯定会有好成绩的。赵老师真的是太！帅！了！！！在示范的时候眼神凌厉动作也超有气势！啊笑起来也真的是 迷死人呐(//∇//)（可能我是一个大叔控？233）女子防身术 老师也说了当双方力量悬殊太大时其实技巧是不太有用的，但是 也算增强了自己的自卫意识吧。上课嘛 绩点当然很重要，但自己喜欢才是最令人开心的事情鸭。
101677,3698,赵军,2019-01-29 00:56:44,0,0,0,老师上课很认真，能学到很多有用的技能。但是有时候一堂课的内容会比较少，就是打打拳踢踢腿，有时会觉得有点无聊。
103468,3698,赵军,2019-02-28 09:19:49,-1,0,1,给分创新低
108594,3698,赵军,2019-05-29 07:30:42,0,0,0,...
108702,3698,赵军,2019-05-31 11:04:31,1,2,1,很棒的老师
112213,3698,赵军,2019-07-03 23:10:25,2,2,0,老师上课很有趣很好！比较严格，但是这种防身术的课程严格也是感觉理所当然的啦，总体而言上课体验很不错！
112918,3698,赵军,2019-07-05 10:50:33,1,1,0,很棒，加油！！！
120504,3698,赵军,2020-01-11 17:19:07,0,0,0,老师人还是很好的。成绩就是自己的实力嘛。
123858,3698,赵军,2020-06-15 06:02:51,3,3,0,老师人很好，只要认真练，成绩都是可以的。期末考也很简单，就抽一套动作，总共是考察两套动作，而且老师还会给足够的时间练习、准备。动作只要能尽量有力，标准，老师的打分都是不错的！真的可以学到东西！
128912,3698,赵军,2020-12-26 17:02:13,-2,0,2,好～～
136746,3698,赵军,2021-06-24 02:44:27,3,3,0,虽然还没出成绩，但是我吹爆赵老师！人真的很好，而且课上真的能学到东西（虽然我觉得我好像不太用的出来），生理期不舒服的时候他也会很温柔地让休息，反正人真的很好很好，测仰卧起坐的时候有点严格啦，三个人一起做然后他看着，但是老师很棒！
137012,3698,赵军,2021-06-29 10:32:09,0,0,0,很认真很认真很负责很负责的老师
137159,3698,赵军,2021-07-01 14:42:51,0,0,0,人挺好，测试真的和别的老师比起来严格多了
139566,3698,赵军,2021-07-17 09:21:59,3,3,0,本沙袋认为赵老师教的内容很有用，真正能学习到防身知识。
144450,3698,赵军,2021-12-21 14:07:48,1,2,1,赵老师真的很好 感觉我们今年给分也不是特别严鸭 至少12分钟跑没有按一百米一百米算 期末考一套动作加两个单独的招式 上课的运动量还行 也有收获 希望老师还能开中级班！
150147,3698,赵军,2022-01-19 11:01:49,0,1,1,给分超好，人超和蔼，就是被抓做示范的时候差点没把我肩膀捏碎，不愧是警察学院的高手～
151243,3698,赵军,2022-02-25 08:30:06,-1,0,1,老师人很好，考试也很轻松，美美收获人生第一个满绩~一人血书求老师开中级班！
157397,3698,赵军,2022-06-23 06:36:30,1,1,0,。。。
69123,3745,王先驰,2018-01-24 08:45:14,3,7,4,老师真的很好，最后考试以为自己考砸了，结果发现绩点还不错，可能主要还是看12分钟吧
69178,3745,王先驰,2018-01-24 09:32:23,1,4,3,老师温柔，人超棒。
69943,3745,王先驰,2018-01-25 20:32:50,2,4,2,可爱的年轻老师！和全班打成一片。很关心我们的身体状况，求求我们十二分钟跑前一定要休息好。
75132,3745,王先驰,2018-03-07 12:35:05,7,9,2,上过初级班，老师年轻阳光负责任，给分也挺不错的，蛮有亲和力的，感觉就是北方大男孩初步迈向中年的形象～
75936,3745,王先驰,2018-03-22 07:20:28,4,5,1,还是蛮好的
76130,3745,王先驰,2018-03-27 11:32:47,1,2,1,很棒的还是
79816,3745,王先驰,2018-06-14 03:16:48,2,4,2,老师人特别好，给分也不错
79876,3745,王先驰,2018-06-14 15:27:45,6,11,5,成绩还没出先给老师打个分（其实想给老师把分打下去否则以后就再也选不上老师的排球了hhhhh）但是想了想还是客观公正的给老师打个10分！真的是超级好的老师，很愿意和学生交流，刚开始老是垫不好球去问老师也很耐心的讲、示范，上课氛围也很轻松～
79904,3745,王先驰,2018-06-15 04:14:20,23,30,7,发红包点名了解一下？\n\n你以为你是到了领吗，错了，他让大家不要领，谁领了就是没来哈哈哈！\n\n老师很可爱嘤嘤嘤，给分也好。
79940,3745,王先驰,2018-06-15 15:40:30,9,13,4,超棒的大驰哥，大爱，下学期还是你喽。
79941,3745,王先驰,2018-06-15 15:41:39,3,4,1,超棒哦
79942,3745,王先驰,2018-06-15 15:45:34,3,5,2,大驰哥超级棒！！！！就是稍微有点小肚子_(:з」∠)_
79943,3745,王先驰,2018-06-15 15:46:06,9,10,1,老师很直爽的那种，也不会屁事儿多，偷偷给女生放水，女生打排球可以偷会懒嘻嘻。人很好！
79944,3745,王先驰,2018-06-15 16:35:31,2,3,1,选的排球初级班，但听说王老师是排球队教练，心里忐忑不安的去上课，然而并非我所想，以为很难的项目基本上很轻松的就能掌握了，老师也很耐心的指点我们，真的很不错！10分好评给我大驰哥～～～
79969,3745,王先驰,2018-06-17 10:52:57,6,6,0,选了三个学期……强推
79972,3745,王先驰,2018-06-18 02:18:56,1,2,1,嘻嘻嘻
80213,3745,王先驰,2018-06-21 15:13:49,2,3,1,老师人超级好！很关心学生，和大家都能打成一片~
83043,3745,王先驰,2018-07-09 14:14:01,0,3,3,大大大驰哥威武！！
83270,3745,王先驰,2018-07-10 03:52:57,1,4,3,最后考试自我感觉极差，理论考因为换了题库只考了70几，没想到最后绩点还上了4，感恩叭，老师辛苦啦
86369,3745,王先驰,2018-09-14 05:13:26,0,2,2,很好的老师！
92632,3745,王先驰,2019-01-03 07:29:49,0,2,2,第二次体育选课凉了，有机会再来选一次大驰哥✌
93115,3745,王先驰,2019-01-07 11:22:45,11,12,1,开篇吹爆大大大大大大（忘了多少个大字了）驰哥！！！！！\n\n排球课超级棒！！！诶嘿第二学期怂巴巴地选了驰哥的排球中级班qwq\n\n老师真的超级棒没得说qwq\n\n虽然大一上学期最最最最开始选课的时候选驰哥是因为跟我男朋友长得像（?）\n\n如果你跟我一样皮，老师会日常凶巴巴寒掺你两句qwq但是驰哥的课还是很ok的qwq\n\n寒掺完了他会悄咪咪说“也还行”
99081,3745,王先驰,2019-01-24 08:54:40,0,1,1,敲棒dei٩(๑^o^๑)۶
99763,3745,王先驰,2019-01-25 06:39:57,1,10,9,有一哥们体育挂科了……挂科了…… 给分真的很差了 那哥们每节课都去 只是打的确实不好 身体素质也比较差……就挂了
100105,3745,王先驰,2019-01-25 15:09:03,0,2,2,老师人特别好！认真细心负责，有什么事情都会提醒很多遍，教的也很好，很有耐心，还会帮你改正动作。今天出了成绩，老师还在群里发红包祝大家新年快乐，以后也让我选大驰哥的课吧！
108736,3745,王先驰,2019-06-01 06:09:56,0,1,1,大驰哥超超超超级棒！！确实教的好，强推～
109216,3745,王先驰,2019-06-12 03:34:50,0,2,2,老师超级棒！
111318,3745,王先驰,2019-07-01 02:27:04,0,1,1,给分超好呜呜呜
111377,3745,王先驰,2019-07-01 05:28:28,0,2,2,请假两节课，绩点4.5了解下，驰哥真的棒！吹爆！
112588,3745,王先驰,2019-07-04 20:04:40,-3,1,4,超级棒！皮了几次好像被记住了，然后后来考试前自己练球的时候，我问他他还跟我讲了好多要怎么垫球，然后后来考试的确垫了挺多，分数也挺好的了，而且如果你不满意的话还可以再来一次超级棒，没满应该是十二分钟跑体育理论五十米的错了
113816,3745,王先驰,2019-07-07 17:05:45,0,1,1,大爱老师
114743,3745,王先驰,2019-07-11 08:14:20,0,2,2,大驰哥真的很帅很可爱！其实上课超级温柔的！每次上课和小伙伴垫球超快乐！
130315,3745,王先驰,2021-01-20 15:09:32,1,8,7,如果你是女生请选他 如果是男生请跑 对男生给分不友好
131265,3745,王先驰,2021-01-27 01:45:33,-11,4,15,嘤嘤嘤没有满绩扣一分
131614,3745,王先驰,2021-01-28 07:16:42,0,1,1,吹爆！！！
132958,3745,王先驰,2021-02-05 11:52:21,0,1,1,唯一一门满绩哈哈哈老师真的很不错
137197,3745,王先驰,2021-07-02 07:28:38,2,5,3,男生完全可选，专项给分超宽容，12分跑加了200米，其他靠自己努力，满了，大驰哥yyds
147227,3745,王先驰,2022-01-09 07:43:24,3,4,1,评分的标准很奇怪，专项给分和其他体育课比起来简直要哭了T﹏T
153138,3745,王先驰,2022-04-26 04:46:53,1,1,0,上课不错啊，就是给分。。
154357,3745,王先驰,2022-05-31 03:32:05,3,6,3,给别的班打低分
154484,3745,王先驰,2022-06-02 01:47:51,25,26,1,给老师打了十分，但是零基础且没有球感的同学别选，因为考试内容是双人对垫球，我自己专项得分低，也拉低同伴的分数，这种感觉很难受。
154595,3745,王先驰,2022-06-02 10:43:52,0,0,0,哈哈哈
173070,3745,王先驰,2023-05-12 09:52:40,0,1,1,驰哥我爱你💞💞💞😭😭😭
183507,3745,王先驰,2023-11-27 02:55:11,-17,1,18,12分钟跑不到五圈就给我算四圈，虽然我跑得慢但是真的很努力在跑了，很无语，真的是脑子抽风才选你的课
183595,3745,王先驰,2023-11-27 14:42:22,1,1,0,吹爆！！！
186760,3745,王先驰,2024-01-13 03:04:06,-2,0,2,排初，老师上课挺水人也挺好的，就是十二分钟跑和专项不怎么捞。。考完不知道成绩怎么样，专项分比起别的体育课不是很好（自认为打得挺好的 因为身体素质和打卡拿满总评是满的）
189789,3745,王先驰,2024-01-29 07:29:11,3,3,0,每节课都要看脸点名，专项给分不是很好。老师人挺好的。
190051,3745,王先驰,2024-02-17 09:48:37,2,2,0,看脸点名，十二分钟跑会捞一点，专项给分37，最后满绩
198249,3745,王先驰,2024-09-06 01:55:30,2,2,0,个人感觉专项给分还可以吧，就是每节课必须得准时到
206347,3745,王先驰,2024-12-14 12:24:36,0,0,0,豪课快选
219668,3745,王先驰,2025-06-03 16:13:58,0,0,0,这学期上了王老师的排球中级班，老师不在浙大体艺上点名而是口头点名，请假也比较宽松，大家都会在群里说一声，中级班会预留一部分时间打比赛。会偶尔出差让别的老师来代课。老师人很好（顺带说一句老师是利物浦球迷）
96510,3954,徐曼,2019-01-21 05:24:18,-4,7,11,挺好的，我佛辣！? ?
97249,3954,徐曼,2019-01-22 07:24:40,9,18,9,功守道班，别的不说，给分简直不能再好了！更何况老师非常负责可亲！三好杯太极拳比赛也超有意思啊！
97351,3954,徐曼,2019-01-22 08:19:40,8,14,6,功守道很养生！很健康！三好杯太极拳比赛特别有意思！老师很负责，给分超棒！
97792,3954,徐曼,2019-01-22 16:17:29,10,15,5,在徐老师的功守道班，作为第一届功守道开课的学生，这节第一次满绩的课给我留下了很深的印象。\n\n本来抱着学习功守道是门“养生水课”的幻想来水学分，在上课后这门课是真心严格，每节课都要进行压腿，跑步这些高强度训练，前几节课的蹲马步真的让我整个人都觉得心累，并且觉得徐老师不苟言笑不近人情（不过功守道大部分时间都是一个很和蔼的老头陈老师）\n\n在一个短学期的课程学习后，我发现这门课真的收获很多，学会了一整套八法五步／二十四式，老师严格但认真负责，冬学期还能集体参加“三好杯”，认真学很容易拿奖，最后几节课老师笑得很多，还带大家玩游戏，突然觉得很舍不得，也让我彻底改变了之前对徐老师严苛的看法。\n\n最后给分也相当好，其他的分当然要靠自己，学习过程的分大家都接近满分，考勤也是迟到都没有扣分，还会微调分数～总之，严师出高徒，谢谢徐曼老师！
137856,3954,徐曼,2021-07-06 11:17:06,9,18,9,每节课都点名\n\n老师很棒，强烈推荐
140768,3954,徐曼,2021-09-16 02:31:15,-10,14,24,垃圾垃圾
142769,3954,徐曼,2021-11-16 03:34:52,-11,7,18,无了个大语
142966,3954,徐曼,2021-11-18 01:23:27,-10,6,16,不放水 跑！武术课特别累
143711,3954,徐曼,2021-12-02 08:03:30,-11,7,18,很严格，没什么好说的。体辅别选，腿已经痛了好几天了。不会听你多bb的
143769,3954,徐曼,2021-12-05 14:26:15,-8,12,20,武术课累得要死，考核严格，咄咄逼人
143859,3954,徐曼,2021-12-09 06:11:40,-10,12,22,告诉我不好，但是不告诉我哪里不好。告诉我有错，不告诉我怎么改。\n\n我要你有何用？慎选。\n\n除非你要对着手机上体育课。
146327,3954,徐曼,2022-01-06 08:27:55,-11,10,21,累死累死 远离徐曼 会变得不幸
147018,3954,徐曼,2022-01-10 15:33:33,-11,7,18,呵呵，我真的谢。。。
147486,3954,徐曼,2022-01-10 05:23:49,-10,7,17,卡了卡了，MD
148879,3954,徐曼,2022-01-14 00:56:24,7,19,12,武术课很有意思，而且也不严格\n\n会捞人，非常负责
152225,3954,徐曼,2022-03-31 00:41:10,-5,10,15,老师很负责，但每节课都逼你到极限也太过分了吧，甚至无视身体情况。体能不好的千万不要选他，除非你想一天身体素质课，一周腰酸背痛
152740,3954,徐曼,2022-04-19 05:54:33,13,33,20,武术课\n\n徐曼老师真的挺好了（经历过代课老师的摧残，我觉得徐老师的运动量真的还可以\n\n室内跑圈不用很快，也没有很多；打拳虽然一开始有点累，到后面习惯了也还能适应；然后生理期请假老师也同意在旁边休息，当然教的动作要回去自己自学一下\n\n虽然学期还没结束，也不知道自己最后得分怎么样，但我还是很喜欢徐老师的！
153658,3954,徐曼,2022-05-07 06:09:58,1,12,11,1.每节课必点名，旷课扣2分 请假扣1分\n\n2.老师专业水平很高，喜欢武术的同学会觉得老师很厉害。\n\n3.老师人品还凑合，但是请假非常难。必须要纸质假条和多方签名。因个人住院和辅导员怀孕不在学校，向老师提供病假证明和病历，不给算请假。以前上过五个其他老师的体育课，没有见过如此。\n\n3.课程标准高，课程项目多，但是学生课上身体难受会关心，还不错\n\n4.还有12分钟跑非常严苛(如跑了2150米还照5圈算)，其他项目自不必说\n\n5.如果是个人体质不算很好的同学或者平衡性不佳的同学一定慎选武术课，非常累且难\n\n6.这位老师的武术课个人感觉基本相当于广播操的超级加强版，比较枯燥，不太有意思。如果想体验有意思的课程慎选武术
153666,3954,徐曼,2022-05-17 08:31:31,-7,14,21,我觉得这是全浙大少有的我想骂人的老师。倒也不是因为她严格她签到，严格是好事，签到也是本分，但是你做的东西到底有没有用?体素课本来就是给大家锻炼身体的，非要整一些看似有趣实则没用的东西。好好让我们跑个步签个到不行吗？每次都要做一些她自己搞出来的动作，非常无聊也达不到锻炼效果。请假完全不近人情，腿上有伤口走路一瘸一拐还不许请假。\n\n关系好的同学可以请假，得罪过他的就穿小鞋，真的无语
155005,3954,徐曼,2022-06-07 10:26:19,-16,9,25,傻逼老师 群里疯狂输出的老哥神中神\n\n可惜傻逼徐曼会给我挂科 不然必声援那个老哥
155006,3954,徐曼,2022-06-07 10:37:12,-10,11,21,被骂纯属活该。\n\n五分钟的下课时间我从东教赶到西操迟到几分钟直接判迟到还口口声声的说是规矩。\n\n什么狗屁规矩提出来前考虑过学生的情况吗？\n\n学生都跟你分析过出于上节课的原因有时做不到准时，你直接来一句体素课前别放其他课啊。要不我把其他课都退了专门服务您高贵的体素课😅\n\n总的来说就是这老师没把同学当学生而是当成下属来按自己心情瞎下命令。
155021,3954,徐曼,2022-06-07 14:03:14,-9,8,17,体素课点名十分钟以上，有时候签到和人数对不上，为了找那一两个人搞半天，最后发现是自己数错了，真是无语。\n\n内容水的一逼，先散步两圈，然后搞个几分钟，就开始点名准备下课了。
156937,3954,徐曼,2022-06-21 11:13:59,7,9,2,武术课真的很累，体力不够慎选。但摸到小时候就想耍的剑也是很开心的。
160116,3954,徐曼,2022-09-13 11:04:06,-7,4,11,可以严格，但不能没有人情味。这是一个完全不为学生着想的老师。建议还是找年轻一点的老师比较好，建议这位老师尽早退休，千万不要返聘
160364,3954,徐曼,2022-09-20 09:18:47,-7,4,11,体素课效率低下，上课接电话，点个名半天，训练内容寡
160787,3954,徐曼,2022-10-11 12:43:01,-7,3,10,666😅
160845,3954,徐曼,2022-10-17 05:54:07,0,9,9,体育课是给你们水的吗？真差不多得了😅
160846,3954,徐曼,2022-10-17 05:56:18,2,4,2,很不错的老师！！！
160847,3954,徐曼,2022-10-17 05:56:23,1,2,1,上课很认真，想水又嫌累的就不要选武术。
160848,3954,徐曼,2022-10-17 05:59:17,4,5,1,若是想真正学武术，能学到真东西
160849,3954,徐曼,2022-10-17 08:20:42,0,3,3,上过徐老师的拳术课，老师人很好，很亲和，因为课程面向的是全校同学，所以教的内容也不会太复杂太难，不过因为老师比较认真负责，所以课也会比较累，想要水水的同学慎选。如果对武术感兴趣的同学也可以选择来徐老师的普通生武术队，可以学到更多更帅的武术动作和套路!
160850,3954,徐曼,2022-10-17 06:05:17,2,3,1,老师很负责认真
160851,3954,徐曼,2022-10-17 06:05:17,5,8,3,给分很好教学认真，会认认真真带你运动不是让你水一水就走，上课会认真看，课后也会安排时间让动作差的同学自愿来活动，也很会关心人12分钟跑会带糖给同学吃，圈数算的也很水。\n\n刷差评的一群人天天寝室躺尸奖励自己，动两下人就散架怪老师训练量大🤣，就成天想着体育课混混吃的拿个绩点是吧
160853,3954,徐曼,2022-10-17 06:17:36,1,3,2,老师人可好了
160854,3954,徐曼,2022-10-17 06:18:24,1,2,1,徐曼老师！真的太好了，虽然上课有点严格，但对于期末考核真的太重要了，讲得比较细，期末就如鱼得水
160855,3954,徐曼,2022-10-17 06:22:05,2,2,0,上过徐老师的拳术课，老师人很好，很亲和，因为课程面向的是全校同学，所以教的内容也不会太复杂太难，不过因为老师比较认真负责，所以课也会比较累，想要水水的同学慎选。如果对武术感兴趣的同学也可以选择来徐老师的普通生武术队，可以学到更多更帅的武术动作和套路!
160856,3954,徐曼,2022-10-17 07:19:36,3,3,0,动作教的很细致，有一定的运动量，给分nice
160857,3954,徐曼,2022-10-17 07:54:30,3,3,0,认真负责的好老师
160858,3954,徐曼,2022-10-17 09:28:35,5,5,0,世界冠军教练欸，专业水平杠杠滴～\n\n教学方式属于是“知其然且知其所以然”，不仅看出动作到不到位，还能很一针见血指出改进方式（有过没听懂太“玄学”的动作指导的时候，徐老师很快看出来了又给了我一个更简明易懂的改进指导）
160859,3954,徐曼,2022-10-17 09:42:45,3,3,0,很负责的老师
160863,3954,徐曼,2022-10-19 09:46:43,1,4,3,老师很好，很负责，也很关心学生，不理解为什么会有这么多中伤老师的恶意评价
160869,3954,徐曼,2022-10-17 14:20:08,2,2,0,上过老师的武术课，感觉老师挺负责任的。如果对武术感兴趣的话，课堂上可以学到不少东西。如果按要求到课，偶尔有事情请假也可以申请到老师的其他课上补考勤。\n\n体育课分数老师能操作的空间很少，大部分都是由跑步打卡、统一的三好杯武术比赛、十二分钟跑构成的。老师认认真真上课，对学生也很和蔼，我觉得课程体验挺好的。\n\n看之前评论里，有人说十二分钟跑卡得很死的事情。我的体验是并没有啊，那个时候班里有些快到五圈半的人也是按照五圈半算的，除非是相差实在太远了。
160889,3954,徐曼,2022-10-18 09:51:37,5,9,4,事多分低
160892,3954,徐曼,2022-10-18 12:50:12,0,2,2,徐老师教学很细心认真，关于体育的相关资讯都会很及时地发到班群里。虽然确实很累，但也学到了很多东西。
160896,3954,徐曼,2022-10-19 00:07:34,0,2,2,老师很好很负责很细心！
160949,3954,徐曼,2022-10-20 15:03:23,0,2,2,还是很不错的
160960,3954,徐曼,2022-10-21 01:06:14,1,2,1,老师其实人挺好的，上课很负责，在课上也学到了一套拳。每节课都点名，但是作为学生难道不该去上课吗？？还有说下课迟到的，我也迟到过，耐心跟老师解释过老师也不扣分，老师还挺通情达理的。
161312,3954,徐曼,2022-11-04 04:48:00,0,5,5,喜欢徐老师
161500,3954,徐曼,2022-11-08 00:32:07,4,5,1,武术课学到很多，虽然会快就会忘记要领😂
165428,3954,徐曼,2023-01-05 02:44:47,-8,4,12,点名特别严格！大家一定不要缺勤！我上的是徐老师的体素课，不算很累，也不水，还是值得一选的
167880,3954,徐曼,2023-01-19 19:03:13,4,7,3,想要轻松的体育课就别选 听我的
168425,3954,徐曼,2023-02-16 03:15:41,1,5,4,老师超级认真负责
169999,3954,徐曼,2023-03-01 02:55:24,8,20,12,前面有些评论别太离谱。课表的协调不是你自己该考虑的问题吗，既然每次都要迟到就说明你自己安排课表有问题，还非要老师宽容你？凭什么？\n\n老师只要有凭证就允许请假，有人偶尔迟到也不会追着要扣分。想问问你还要怎么样才叫有人情味，让你啥都不会啥都不学就能水及格？\n\n有些人真的，给你放洪海就是好老师，只要照规矩做事就是针对你，想选严格的还是放养的老师随你，别因为老师按规矩做事就骂街😄
171702,3954,徐曼,2023-04-02 12:50:50,2,12,10,烂人！！！！真恶心
171986,3954,徐曼,2023-04-15 16:44:26,5,10,5,已读不回，真是好样的
173417,3954,徐曼,2023-05-24 00:11:43,3,5,2,很累，而且有很多乱七八糟的事，体育课都有小组作业
174184,3954,徐曼,2023-06-07 06:56:26,-3,3,6,上的老师的武术课，虽然还没出分，但老师真的很用心也很负责，上课其实没有那么累，喜欢！！
181231,3954,徐曼,2023-10-12 03:23:28,2,4,2,武术课好累，不好水，老师特别严格，想摸鱼的同学赶紧避雷吧
181248,3954,徐曼,2023-10-12 06:18:33,4,4,0,请假是真的很难请，一次假来回请了4次，至于吗。。。TAT
181431,3954,徐曼,2023-10-17 13:13:08,2,3,1,好喜欢老师，上课内容很好，能够学到东西的，老师真的很专业很认真。
182768,3954,徐曼,2023-11-20 07:16:53,8,10,2,要求很严格，说话很冲
184424,3954,徐曼,2023-12-19 12:16:19,4,4,0,略刻板严格
184547,3954,徐曼,2023-12-21 14:25:55,3,5,2,老师真的很认真，上课其实并不累
185812,3954,徐曼,2024-01-04 14:01:33,4,4,0,很迷的一个人
187198,3954,徐曼,2024-01-15 04:24:58,0,4,4,挺好的老师，那些骂人的评论太过分了吧
190101,3954,徐曼,2024-02-21 16:41:11,2,5,3,感觉老师现在好多了，上个学期上的武术，平时上课就是讲一组动作，各小组练习然后展示一下（这个展示很水，动作不熟也没事），12分钟跑会放水，要拍一个期末视频（老师捞人用的，直接最后加在期末专项课分数里，一般➕4分）
191798,3954,徐曼,2024-04-30 09:02:17,4,10,6,傻逼。
191817,3954,徐曼,2024-04-30 15:27:09,6,14,8,感觉生活不顺心所以把气都撒在学生身上。。。
192603,3954,徐曼,2024-05-24 14:03:49,5,6,1,武术体验较差
193516,3954,徐曼,2024-06-12 07:22:58,6,10,4,很恶心一老师，对班上洋带人很好，，，懂的都懂
194717,3954,徐曼,2024-06-25 05:10:21,5,13,8,非常刻薄的一女的，混得差是有原因的😅
198645,3954,徐曼,2024-09-10 10:18:35,7,9,2,傻逼老师，，下雨还让淋着雨绕体育馆走好多圈，，请问这是起了一个什么热身作用，
204345,3954,徐曼,2024-11-25 10:59:46,0,2,2,💩💩💩
206032,3954,徐曼,2024-12-13 03:34:52,1,1,0,代课点名把我抓了
206116,3954,徐曼,2024-12-13 05:45:11,1,1,0,很好的老师
207807,3954,徐曼,2024-12-24 10:55:50,-3,0,3,武术课带队不认真，特别是新生，没有系统的教学计划，全是让老人带新人，动作指导和纠错也没有的，消磨别人的热情，记住，能来你这个武术队每周三次本来就很积极，不要让人寒心，至于说给其他武术队的，你们能适应不代表没有问题
208393,3954,徐曼,2024-12-27 10:32:29,3,3,0,老师是会比较严格，像平时都是手动点名，12分钟跑也是完全不捞的（每一百米站两个同学，一个念号码一个打勾）。但是人还是蛮好的，至少在我上太极课期间并没有出现前面评论说的不耐烦什么的，我觉得教得还是很细致很耐心的，每次重要事项也都会多次提醒，很负责任的老师。
209163,3954,徐曼,2025-01-05 01:27:16,2,3,1,老师平时授课认真，要求比较严格…人看起来比较严肃，但是其实对学生很好的！有什么通知也会一直提醒反复提醒，给分很好！只要中规中矩地把一套拳连贯打下来就可以了，各项指标尽量比班级平均水平好一点点，然后就可以收获4.8➕的成绩啦hhhhhh武术课确实需要认真对待哦～
209246,3954,徐曼,2025-01-05 07:41:17,0,0,0,老师人挺好的，感觉给分也还不错
209331,3954,徐曼,2025-01-05 12:20:27,1,1,0,不需多言，必须十分。人生第一个满绩
209367,3954,徐曼,2025-01-05 15:47:48,1,1,0,老师上课要求比较严格，一般是手动点名（但稍微迟到一会儿也没关系，可以补）专项给分都差不多，而且视频作业可以加专项分的，所以差距主要在12分钟跑和引体向上/仰卧起坐，总体来说只要按时上课给分都还可以的
211008,3954,徐曼,2025-01-10 10:16:46,1,1,0,大学第一个满绩，老师很负责的！
213126,3954,徐曼,2025-01-16 05:06:15,0,0,0,武术\n\n老师挺好的，就是上课挺累的，给分也都很求是，12分钟不放水
214613,3954,徐曼,2025-02-14 14:25:22,0,1,1,小小的老子脾气爆
214875,3954,徐曼,2025-02-18 14:47:39,0,0,0,水平很高，严慈并济，认真负责，给分求是。
215145,3954,徐曼,2025-02-22 15:41:18,0,0,0,（亲身经历）如果不是抱着摸鱼的心态去学武术，那么非常推荐来徐老师班学，老师很专业能教很多东西，但如果想摸鱼还是算了，因为老师每堂课都点名，手动点名，而且运动强度不低。如果你不能保证自己身体情况能坚持住也快逃，请假特别麻烦，本人就是上学期期中过后不久摔骨折了请了四周假，和老师交流挺困难的，回复慢甚至已读不回都有，一件事被问好多遍又要要翻来覆去讲好几遍感觉挺心累的……请假过程反正是极其曲折……但总之老师人还是不错的，十二分钟跑前还悄悄告诉我们别忘了打开浙大体艺能多刷一次次数哈哈哈哈
74517,4076,吴戈,2018-03-02 19:20:35,-1,2,3,查老师里终于有了…… 皮艇球 老师人很好 个人水平是不用说的高超 就是挺多次是别的老师代课连最后考试也没回来 选了这学期他的浆板结果停开了……开了……了…… Anyway 希望大二老学姐自己这学期能够选上体育课
108374,4076,吴戈,2019-05-22 07:13:35,14,16,2,超赞！
109346,4076,吴戈,2019-06-13 07:10:35,2,7,5,吴教练帅的吗，就不谈了
109636,4076,吴戈,2019-06-18 05:51:33,1,3,2,专业！
109933,4076,吴戈,2019-06-20 10:02:16,2,6,4,超赞！\n\n划船好爽！\n\n上皮艇球课偷偷从港湾家园划到农医馆前的大草坪…\n\n\n\n还有，月牙楼北侧的桥洞很精彩，进去看看！\n\n\n\n嘿嘿嘿
112191,4076,吴戈,2019-07-03 21:25:38,1,3,2,我一个学期桨板感觉真的在划水，老是怕掉下去，最后考试也很紧张的没考好，谢谢老师捞我绩点真的很好，但建议选桨板之前慎重考虑桨板适不适合你自己。
112234,4076,吴戈,2019-07-03 23:45:40,2,6,4,老师水平很高，教的也挺不错的。要求很严，不管是平时体育课还是专项辅导，不允许一丢丢的迟到。不过其实只要有正当理由还是可以的，老师会以半开玩笑的方式带过。很幽默很可爱了！！而且！！！给分好啊！！我以为我这学期皮艇球要凉凉，不过出来超级好啊！emm不过还是要慎选啊，皮艇球还是有一定难度的。而且每节课我都担心掉到湖里……
112401,4076,吴戈,2019-07-04 04:10:45,3,5,2,一个每一节课都担心掉水里的以为必挂的渣上80了，不说废话10分，而且老师记得我的名字哈哈哈。
116418,4076,吴戈,2019-09-10 04:41:43,0,4,4,请问第一次上课要准备什么吗
119984,4076,吴戈,2019-11-17 03:07:05,0,3,3,桨板课\n\n一口地道的英语上课\n\n老师很酷，课很好
120509,4076,吴戈,2020-01-12 00:15:37,0,1,1,老师人超帅，虽然下雨天考试，但感谢吴老师捞我
122757,4076,吴戈,2020-03-31 08:35:02,0,3,3,老师太敬业了，在线体辅
127361,4076,吴戈,2020-11-21 06:58:20,-27,5,32,太能装逼啦！就国外待过一段时间 真把他给能逼坏了 动不动就炫耀他的英语 太无语
127457,4076,吴戈,2020-11-23 07:27:14,0,5,5,吴老师真的又耐心又可爱，不会嫌弃学的慢的同学，还会热心教你划船
127458,4076,吴戈,2020-11-23 07:27:14,0,5,5,吴老师真的又耐心又可爱，不会嫌弃学的慢的同学，还会热心教你划船
128886,4076,吴戈,2020-12-26 11:38:54,0,4,4,教练对我太好了 穿衣显瘦脱衣有肉！身材超赞 训练的时候对男孩子很凶 但对女孩子很温柔的！
128919,4076,吴戈,2020-12-27 01:49:22,0,4,4,体辅课选了吴老师，主要带着大家练下肢或者核心力量比较多。讲实话，上课有点点累，但是老师绝对超级超级好，认真负责，上完课流汗还是很爽的
129790,4076,吴戈,2021-01-12 11:20:40,-10,5,15,体素课，马上临近考试了，全操场就nm还在垫子上练体素，天天要求贼严，迟到一小会都不行，也不准上课打卡，最后能打卡的机会只有一次课？？？hh评分怎么这么高
135885,4076,吴戈,2021-06-01 01:11:10,4,6,2,老师皮划艇课真的其乐融融很有趣！还会记住大家的名字，带着大家兴致勃勃往大湖划，看黑天鹅，老师还带着自拍设备在湖中央合照，真的体验感超好，技能考试也非常良心，给很多次机会，哎可惜十二分钟跑太拉胯了
136152,4076,吴戈,2021-06-11 11:23:32,2,4,2,超棒的老师
137152,4076,吴戈,2021-07-01 14:06:00,0,0,0,超好的老师，要求严格但是也很为学生着想。学到了很多！
137897,4076,吴戈,2021-07-06 13:35:03,0,0,0,超好的老师，吹爆皮艇球
138678,4076,吴戈,2021-07-10 09:44:05,1,4,3,吹爆吴戈老师的皮艇球！！人很有耐心，待人也很友善幽默，会给足够的时间练习考试内容，所以只要认真划就问题不大。12分钟跑时老师还明确了会放水。\n\n皮艇球真的感觉很自由快乐，但应该难度稍大，一定要认真学，同时也要做好容易落水的准备。\n\nps：桥洞底下很凉快
140734,4076,吴戈,2021-09-15 13:22:40,1,1,0,听不懂英语
140744,4076,吴戈,2021-09-15 14:26:28,1,2,1,桨板，第一节课，一口地道的英语很是六的。
143667,4076,吴戈,2021-12-01 05:27:43,0,0,0,皮划艇会用英文上课，英文不好的同学可能会有点吃力。貌似是果粉，上课前一天晚上让我们不要熬夜看苹果发布会。教学还是很有水平的，另外很帅，也很有肌肉。最重要的是皮划艇很有意思
143956,4076,吴戈,2021-12-14 07:48:43,3,3,0,选到吴老师的体素的话，快逃！！！
145313,4076,吴戈,2021-12-29 03:47:51,0,0,0,老师很好
145740,4076,吴戈,2022-01-01 07:13:32,1,1,0,超级好的老师，训练专业（也很严格），每周的皮艇球就是快乐源泉。
148198,4076,吴戈,2022-01-12 00:54:17,0,0,0,老师很耐心，很和蔼，给分也很不错
193816,4076,吴戈,2024-06-19 12:48:16,2,2,0,大sb
115584,4266,吕萍,2019-08-05 18:38:32,0,0,0,...\n\n
117585,4266,吕萍,2019-09-26 09:22:10,0,1,1,很好的老师，上课就跑跑步，做做操，签个到就可以遛
136457,4266,吕萍,2021-06-18 06:38:37,1,1,0,上了一年的普通体育课，绩点两次都是2.7，可能就像老师说的，这个课更加考验人的天赋，我先天不足，所以专项很差。
185877,4266,吕萍,2024-01-05 08:03:04,1,1,0,老师人挺好的，但是各环节考核非常严格，只能说最后的成绩确实很不理想
187741,4266,吕萍,2024-01-17 09:30:57,0,0,0,。。。
188727,4266,吕萍,2024-01-19 17:21:49,0,0,0,gou shi
192823,4266,吕萍,2024-05-31 02:17:43,2,3,1,老师的有机化学上的很好。
209854,4266,吕萍,2025-01-07 09:00:01,0,0,0,给普体老师打9.5分 但是普体这课并不是很好拿分，期末考就是折返跑，纯看天赋没办法，体育理论题库重合太少了，回回都是80多。。。但吕老师人很好带高水平运动队的，平时上课就是跑圈和拉伸，不过很好摸。吕萍老师是肯捞人的，不管你是要挂了还是卡绩了，但前提是你考勤分和体育打卡分要拿满，吕老师讲究一个态度问题~
73277,4691,刘明,2018-02-01 09:11:24,3,7,4,哇这个课是真的有趣，老师也真的有趣的，选了不吃亏，选了不后悔，课程内容非常好玩，上高空还能体验攀岩，题外话：攀岩队的大哥们好厉害。久违地体验了一学期团队合作，最后绩点3.6，因为卡才打了一半2333打满应该能上3.9叭，总之很有趣的！无需多言的好课好老师
75180,4691,刘明,2018-03-08 01:41:27,6,7,1,一楼了好吧，终于改正了老师的系属问题，还有啊听说攀岩助教小哥哥不错，可以说是十分想看了。
87213,4691,刘明,2018-09-25 13:12:10,2,8,6,感觉毫无水分，极其严格
89433,4691,刘明,2018-11-19 06:23:10,1,1,0,老师上课很有趣 喜欢攀岩！
99544,4691,刘明,2019-01-25 02:30:58,32,39,7,建议有恐高的同学不要选攀岩
105126,4691,刘明,2019-04-04 05:22:00,10,14,4,刘明老师真的是我最最最喜欢的老师了！对每位同学都特别好！虽然严格但是真的很希望我们能学到点东西！像朋友一样 课外见面还会主动跟你打招呼真的特别可爱特别有趣特别帅一老师！！
109285,4691,刘明,2019-06-13 01:18:20,23,23,0,老师超棒！
112479,4691,刘明,2019-07-04 11:04:21,-61,15,76,emmm感觉有点功利这个老师
113022,4691,刘明,2019-07-05 17:53:35,6,10,4,明哥超帅，上课超级负责，也会耐心鼓励同学，户外拓展课真的是可以放飞自我，最后的考核稍微用点心就可以了，团队氛围很足，老师也很可爱
113880,4691,刘明,2019-07-07 23:00:52,16,16,0,男神，幽默又负责人的老师。 不要要求太多
115364,4691,刘明,2019-07-20 02:43:45,7,8,1,上明哥的专项辅导，老师人特别好，很花心思组织各种活动，虽然有点累但挺好玩的
116919,4691,刘明,2019-09-17 08:21:25,8,8,0,超级喜欢了
117074,4691,刘明,2019-09-19 03:26:06,4,5,1,刘明老师我可以
120589,4691,刘明,2020-01-13 13:17:55,4,4,0,最爱明哥！老师太好啦！\n\n
121824,4691,刘明,2020-01-22 06:30:33,6,6,0,幽默又阳光的好老师，下学期还选定向！
122912,4691,刘明,2020-04-20 06:08:31,5,5,0,老师很可爱
128436,4691,刘明,2020-12-23 04:20:45,8,8,0,超温柔的北方大汉
129764,4691,刘明,2021-01-12 06:07:49,2,4,2,老师人超级好，通情达理，并且在我考试的时候捞了捞攀岩废的我😂😂强推强推
132037,4691,刘明,2021-01-30 03:49:29,4,4,0,炒鸡炒鸡棒的体育老师，上课太幽默了。
133988,4691,刘明,2021-03-11 08:37:55,3,3,0,体辅课超累
134596,4691,刘明,2021-04-03 16:15:00,3,3,0,炒鸡棒！
135965,4691,刘明,2021-06-06 05:06:11,4,5,1,最带劲的体育课！
141356,4691,刘明,2021-09-30 11:29:51,3,4,1,阳光幽默温柔体贴的北方汉子。\n\n课程不算水，但也不算很累（身体素质课）\n\n选就完了
141711,4691,刘明,2021-10-21 09:30:39,5,5,0,超级有趣
144313,4691,刘明,2021-12-21 05:36:49,2,3,1,人特别好，让我这种不爱体育的都很有干劲
144384,4691,刘明,2021-12-21 09:29:08,2,2,0,老师是个好老师，但是不喜欢运动的人真心不建议选他的身体素质课。运动量很大，而且前面几次课都不能顺便打卡。整个星期二的坏心情都是身素给的。
144486,4691,刘明,2021-12-22 00:55:02,0,2,2,超好的老师 风趣幽默 强推！
144642,4691,刘明,2021-12-23 03:19:21,13,18,5,这是我少数几个觉得值得十分的老师，我愿意称他的户外拓展课为人类工程，称他为人类工程师。目前为止我觉得最值得去上的课之一，学到的不是知识，而是受益终生的感悟
145325,4691,刘明,2021-12-29 04:53:24,11,12,1,一夜之间掌握十多种求生技能的， 不一定是消防员，也有可能是准备绳结技术考试的户外拓展课友：）\n\nsrds，明哥真的超级好！一个学期的户外拓展课下来后你真的会感觉自己的人生升华了！在户外拓展中你学到的不仅仅是各种各样的野外求生技能，更能学到很多很多人生哲理！\n\n户外拓展真的超级好玩！强烈推荐！！！要不是没抢到我每年都去选（
147770,4691,刘明,2022-01-10 18:42:17,3,3,0,老师巨好\n\n幽默\n\n我愿称他为男神\n\n高空爬爬还挺刺激\n\n期末考爬墙和绳结hhh确实学到不少
149463,4691,刘明,2022-01-15 11:58:51,7,7,0,户外拓展课超值
151789,4691,刘明,2022-03-15 17:33:07,1,1,0,老师人很好，上课幽默风趣，也能学到很多攀岩知识和团队合作精神。
154469,4691,刘明,2022-06-02 01:08:18,1,1,0,墙裂推荐
155350,4691,刘明,2022-06-11 09:56:23,2,2,0,爱死你了
158775,4691,刘明,2022-07-02 03:46:00,2,2,0,老师人真的很幽默有意思呀 我一个社恐人都敢和老师搭话聊天呜呜呜 老师人也特别好很关爱学生 即使不是上班时间 给老师发消息求助也会很快回应 会安慰学生说没事也会帮忙解决问题 选了很多次攀岩下学期终于选上了 期待ing~！
164106,4691,刘明,2022-12-18 05:39:24,5,5,0,身体素质课超棒，基本只上二十多分钟剩下的时间给我们打卡，老师开朗热情，对每个同学都很好，强推。
165218,4691,刘明,2022-12-30 06:58:56,1,1,0,真的超级棒！还很幽默，平时上课也会跟我们打趣！
171939,4691,刘明,2023-04-13 03:35:48,1,1,0,上的定向越野 \n\n很喜欢这个老师的风格
172773,4691,刘明,2023-05-06 14:14:36,0,1,1,定向满绩了！我真的超级超级，超级开心！超超超开心！谢谢老师！也谢谢自己：D！
179928,4691,刘明,2023-09-20 04:09:05,1,1,0,上了他第一节课，人超级幽默，而且老师讲明了，攀岩是门非常公平的课，爬多高就给多高的分，期待！
184637,4691,刘明,2023-12-22 04:31:00,3,3,0,帅，幽默，专业，爱死他！！！！但是攀岩本身难度较高，上肢力量太弱或者恐高慎选
184882,4691,刘明,2023-12-24 03:05:39,7,7,0,攀岩选他，心软的神
184940,4691,刘明,2023-12-24 13:31:50,0,0,0,我男神
184979,4691,刘明,2023-12-25 04:05:27,4,5,1,身体素质课不用签退，还提前下课，什么含金量不必多言
188343,4691,刘明,2024-01-18 16:44:25,0,0,0,超好～
188894,4691,刘明,2024-01-20 12:18:40,2,2,0,老师人非常好！上课很亲切并确实能学到东西（但可能会需要抽时间去老师其他时间段的课上当助教（占总评分）否则最后绩点可能不会很好看~
189429,4691,刘明,2024-01-24 06:04:49,4,4,0,针对体育课，提醒一下身体素质不够好的同学，虽然老师人很好，但是如果自己专项真的不行的话，一定要慎重考虑专项分数权重对绩点的影响
190137,4691,刘明,2024-02-23 13:52:00,3,3,0,老师非常幽默风趣，他的体育课是我每周最期待的课，强烈推荐
191164,4691,刘明,2024-04-10 06:05:32,6,6,0,幽默大男孩，单口相声
191963,4691,刘明,2024-05-06 10:35:07,2,2,0,老师好可爱，喜欢
192228,4691,刘明,2024-05-12 13:58:48,2,2,0,跟他学是真能学到东西，测一千米前热身超充分，成绩比之前快了十几秒，他的课是训练多，累，但是真想锻炼学点东西的，一定要上一次他的课，关键人家说话还好听，专业知识知道的也多，神了
192846,4691,刘明,2024-05-31 03:34:40,1,1,0,特别特别好的老师，有趣的东北人。强推户外拓展课，老师对课程设计非常用心，每次上课都有很有意思的活动
193124,4691,刘明,2024-06-04 00:54:13,0,0,0,很好，特别有意思，攀岩很棒（不建议恐高的同学来
193542,4691,刘明,2024-06-12 16:11:05,3,3,0,攀岩真的很有意思，每周最期待的课，感觉这门课会成为我以后难忘的回忆哈哈哈
194714,4691,刘明,2024-06-25 04:54:19,2,2,0,特别好老师，特别好素拓二，建议想锻炼的来。我太瘦了老师甚至会教我去健身房该练啥动作。
195944,4691,刘明,2024-07-01 02:11:14,2,2,0,户外拓展很有趣的课啊，还想上
198512,4691,刘明,2024-09-09 11:01:55,1,1,0,老师好幽默，太棒了
198774,4691,刘明,2024-09-11 13:59:35,1,1,0,老师是一个很好的人，因为身体原因很焦虑，被温柔地开导了很久，特别感谢
201675,4691,刘明,2024-11-05 09:33:00,0,0,0,很幽默，善良
205150,4691,刘明,2024-12-02 07:05:58,0,0,0,强度不大幽默风趣
205690,4691,刘明,2024-12-11 07:35:10,0,0,0,又幽默又有趣
206656,4691,刘明,2024-12-17 03:18:39,0,0,0,刘明老师特别幽默风趣，每次都会带我们做很好玩的游戏！！训练量也可以接受，速速去选！
209287,4691,刘明,2025-01-05 10:35:11,0,0,0,老师人很好。
210276,4691,刘明,2025-01-08 15:55:21,0,0,0,老师很幽默风趣啦而且力量训练也很专业到位 但是会粗心不小心没记分什么的或者把80记成8（哭）\n\n但是私戳之后他会和你说不用担心分不会少的 然后就美美满绩啦😖
210376,4691,刘明,2025-01-09 04:17:21,2,2,0,老师上课超级有意思，会跟你唠嗑，攀岩考试难度还是有的，但是他会仔细讲解一下怎么拿分数，这么好的老师包冲的啊
213006,4691,刘明,2025-01-15 14:31:42,6,6,0,研究生攀岩课上课不点名，有事可以自行在微信群里请假（当然我怀疑老师从不记录），平时上墙训练很有意思，最后一次课爬大型器械也是笑料百出。不过期末考核爬多少总评就是多少（不是五级制的成绩），最多就是全勤的同学奖励2分。
216547,4691,刘明,2025-03-18 08:27:30,1,1,0,好喜欢刘明老师！！！
219564,4691,刘明,2025-05-30 01:01:42,1,1,0,攀岩课\n\n考试分横攀和竖攀，前者可考多次无时间限制，后者限时四分钟限爬，都是爬到哪就算多少分。难度其实还好，课后多练。没有理论考试，知到刷课就行。\n\n刘明老师真的是超级无敌好的老师，选课即送单口相声！教的好，还和学生们朋友一样，会记得很多人的名字，每节攀岩课都感觉过的飞快。\n\n不过这不是一门水水的体育课，运动能力太差的还是慎重。
219760,4691,刘明,2025-06-05 07:51:50,0,0,0,攀岩虽然有难度但是非常有趣，这是我本科期间最喜欢的一个老师
221371,4691,刘明,2025-06-23 06:00:28,0,0,0,憨憨的，很可爱
74597,4835,刘博,2018-03-04 12:17:09,22,26,4,哈哈哈\n\n
89119,4835,刘博,2018-11-16 02:12:25,0,1,1,超好的老师好嘛
91217,4835,刘博,2018-12-03 13:38:49,0,3,3,非常认真的老师。。。就是不怎么准时hhhhh
91820,4835,刘博,2019-02-21 06:31:49,-83,12,95,laj自己总是不来上课，让学生找不到人不能签到就记缺课，真的差
92261,4835,刘博,2018-12-27 10:21:54,1,4,3,???老师哪有不来上课 老师很好的 考试也很宽松! 真的想再选
94396,4835,刘博,2019-01-16 09:52:58,6,9,3,超级超级好，而且负责的老师！能选上老师的课，是我大一的荣幸！
97299,4835,刘博,2019-01-22 07:56:16,7,14,7,超级好的一个老师了\n\n本来觉得篮球课能过就好 但最后给分真的超级棒 对每个人都非常友好 对女孩子就更友好了\n\n说不来上课的只是女篮比赛比较忙 都有请老师代课  不会无缘无故记未到的。\n\n真的很棒啊
97310,4835,刘博,2019-01-22 08:01:50,1,2,1,老师是女篮教练，平时看起来挺严肃的，其实接触了就会发现老师很可爱很好相处。打球好的可以在练完之后打比赛，想学的老师也会耐心教你。给分也很好。总之，对于喜欢篮球的朋友们，刘老师绝对是个不错的选择。
97485,4835,刘博,2019-01-22 09:18:37,2,4,2,老师总是给我们开小灶（嘘），每次有不合格的同学，她总是抽出时间给他们再测一次，所以老师机会给了，能不能把握还是看自己的。反正老师教的很好，这学期学到了很多关于篮球的知识。
97732,4835,刘博,2019-01-22 14:24:42,0,1,1,刘博老师是一个幽默风趣的体育老师
101932,4835,刘博,2019-01-29 20:15:23,4,6,2,不太听课 全凭身体 老师没给我100怕我骄傲 谢谢老师！
108159,4835,刘博,2019-05-15 23:22:48,4,4,0,真的贼好啊，考试也比较松，尤其是大一下学期被分到健美之后这种想法更加肯定
110602,4835,刘博,2019-06-27 15:05:59,4,5,1,之前选的老师的课，考试所有人都会再给一次补考的，而且补考成绩不限制在及格。看起来好像挺严肃的，不过人还是蛮好的
110658,4835,刘博,2019-06-28 03:06:08,0,1,1,我爱刘博
110796,4835,刘博,2019-06-28 08:38:04,1,2,1,老师真的太好了！！！！！
110848,4835,刘博,2019-06-28 11:03:56,3,3,0,挺好的老师
110953,4835,刘博,2019-06-28 19:42:19,1,3,2,给分超级好，看着严肃实际上对待同学很温柔，怎么会有这么好的老师，吹爆!
116550,4835,刘博,2019-09-11 12:09:13,1,2,1,老师真的超级好，超级好，人生第一满绩
121539,4835,刘博,2019-12-12 17:08:06,34,41,7,12分钟你跑2600就是满分
123445,4835,刘博,2020-06-09 03:31:24,4,6,2,刘博老师人超级nice，期末给分也很高
128420,4835,刘博,2020-12-22 17:48:46,0,2,2,刘博老师给分真的超好！
128603,4835,刘博,2020-12-24 13:28:27,1,2,1,超级超级超级好
128631,4835,刘博,2020-12-25 01:25:55,5,5,0,顶顶顶，我愿意上六个学期老师的课
128757,4835,刘博,2020-12-25 07:20:08,-3,5,8,技术很棒，教的很好，就是考试有点水不严格，引体向上不标准也算。总体很棒，唯一收货知道了什么叫交叉步，虽然我早就会用了。十分，推荐
128860,4835,刘博,2020-12-26 06:37:45,0,1,1,好好好！！
128925,4835,刘博,2020-12-27 03:32:55,4,4,0,太棒了
128931,4835,刘博,2020-12-27 05:28:08,1,2,1,老师人特别好，考试也很照顾我们
129601,4835,刘博,2021-01-08 09:24:36,8,11,3,连续两个学期都选到了刘博老师的篮球，老师上课看起来比较严肃但并不严厉，有时候会跟我们说笑两句，两个学期下来从来没看见她骂过人。中级班的运球和投篮考试也会提前给我们模拟，有动作不会的也会很认真地教你。2800会放水，引体向上我拉了9个半算我11个，一分钟自投自抢会多给你10秒，而且投篮和运球都会在最后一节课有补考。不给10分过不去啊(^0^)/
129815,4835,刘博,2021-01-12 13:40:35,3,3,0,真的特别好
129840,4835,刘博,2021-01-13 01:48:30,5,5,0,刘一其随
130295,4835,刘博,2021-01-20 14:03:49,12,14,2,终于还是忍不住给老师十分，怎么会有这么好的老师呢？！刘老师真的帅！而且人好分儿高就算了，还会承包姻缘哈哈哈哈
130419,4835,刘博,2021-01-22 08:17:25,3,3,0,老师真的nice
130582,4835,刘博,2021-01-24 00:54:39,6,6,0,我吹爆！！！要一直选她的篮球课啦！
131343,4835,刘博,2021-01-27 07:00:09,4,5,1,不给刘老师满分说不过去。
131526,4835,刘博,2021-01-28 01:58:44,1,2,1,真的好
132404,4835,刘博,2021-02-01 10:21:40,4,4,0,很好的老师，教学耐心，给分合理
132480,4835,刘博,2021-02-02 01:46:50,5,6,1,老师很好哦，体测啥的，专项考试也没满分，但还是给满绩啦！
133675,4835,刘博,2021-03-03 13:55:53,7,8,1,刘博老师我吹爆！！！
134374,4835,刘博,2021-03-25 06:17:01,0,2,2,？。。
134400,4835,刘博,2021-03-26 11:54:42,1,2,1,我爱刘波
134875,4835,刘博,2021-04-20 02:32:48,5,5,0,我打算选六个学期！
135652,4835,刘博,2021-05-18 06:14:07,5,5,0,超级好的老师，在她的课上基本上能拿到A
136158,4835,刘博,2021-06-11 12:35:57,3,4,1,超级好的一个老师！！很负责而且很为学生着想！！
136375,4835,刘博,2021-06-17 05:25:23,3,4,1,10分，上过就知道
137269,4835,刘博,2021-07-02 16:56:44,1,2,1,和蔼可亲的老师，就挺照顾人的，负责
140894,4835,刘博,2021-09-17 10:31:11,0,1,1,啊啊啊
144923,4835,刘博,2021-12-26 03:08:09,-9,1,10,凶巴巴的
145710,4835,刘博,2021-12-31 11:39:38,0,1,1,是个好老师
147506,4835,刘博,2022-01-10 06:02:39,6,7,1,老师真的超级好！！！本人是女生报了初级班！最后还拿了满绩呜呜！！老师在最后一节课会有补考 真的超级棒！！！平时也对大家很照顾 看起来很严厉 但实际很温油的老师～
147726,4835,刘博,2022-01-10 14:37:08,-3,1,4,🥵🥵🥵
150355,4835,刘博,2022-01-23 04:30:13,1,2,1,旷了两节课，最后4.5，感谢刘老师不杀之恩！不旷真的能满
154354,4835,刘博,2022-05-31 02:00:08,-9,0,9,假种真服了
154686,4835,刘博,2022-06-03 12:24:46,0,1,1,真的非常好！
155699,4835,刘博,2022-06-15 08:31:25,1,2,1,老师真的太好了www，表面上严厉，其实很关照学生的！！！给分也巨好。冲就对了
157277,4835,刘博,2022-06-22 23:50:51,1,2,1,直接给100分不解释
160656,4835,刘博,2022-09-29 11:31:59,1,2,1,真的体谅学生
163767,4835,刘博,2022-12-16 05:35:34,4,5,1,没啥好说的，很好很温柔的老师，晚上的课刚吃过晚饭顶多跑一圈加拉伸，课上可以随便打卡，很水。想签到完润的可以不选，每节课都点名，经常核对人数，当场点名没到直接标红挂科，有幸见证过两次，不得不说正道的光。
186244,4835,刘博,2024-01-10 05:02:29,1,1,0,老师点名这方面会抓，雷达点完之后会数人数。但是老师人是很好的，有点刀子嘴豆腐心的感觉，偶尔吓唬大家但实际上就是开玩笑，然后考专项和测12分钟跑什么的都会比较松。唯一的缺点可能是老师太忙了，这个学期15次课老师有5次没有来（好像是要带队打比赛），是别的老师代课，然后老师似乎也不会看钉钉消息，所以如果因为请假错过了12分钟跑什么的会有点难找到老师补测。
187306,4835,刘博,2024-01-15 12:34:06,1,1,0,出分赶紧来评！！！\n\n爱死她了！！请假帮我总评的时候补上了（我都没跟她说）仰卧起坐怎么水的懂得都懂😘😘正好95啊嘻嘻！\n\n可能平时有点爱搭不理还挺忙的，但是给分真的很为学生考虑啊啊啊啊！
187788,4835,刘博,2024-01-17 12:43:39,-5,1,6,虽然很多同学给分不错，但是我觉得现在给分有些求是，最后只有4.8，完全是按照那个标准给的
188221,4835,刘博,2024-01-18 12:27:50,0,0,0,老师真的非常好！！人也非常有意思
190644,4835,刘博,2024-03-13 03:19:07,2,2,0,老师人很nice的，体育课的考试什么的都会很宽容的，考试还可以多次刷分的。就是老师的体素课比较硬，慎选。
193061,4835,刘博,2024-06-03 07:36:16,6,7,1,老师人真的超级好！！！！！女生学篮球无脑冲！真的很迁就女生，平时也会跟我们聊聊天开开玩笑，就是有时候可能要带队或者生病来不了会让其他老师代课，我这学期大概代了3、4次，测八百和仰卧起坐都会防水，快水成太平洋了救命，真的很好！也不是很严厉
201524,4835,刘博,2024-11-04 05:27:31,1,1,0,水！！！
205545,4835,刘博,2024-12-09 04:35:46,3,3,0,老师很好，人真的很好，体育有点困难的选她准没错
205582,4835,刘博,2024-12-09 14:43:47,2,2,0,都多余了，刘博最好
205748,4835,刘博,2024-12-12 02:06:59,2,2,0,这个老师真的好到爆炸，本来刚开始上课的时候以为会是比较严的老师，结果超级可爱超级有趣，而且分给的很宽松
205901,4835,刘博,2024-12-12 14:18:43,1,1,0,超级好
205963,4835,刘博,2024-12-13 02:12:34,0,0,0,好老师无需多言
207075,4835,刘博,2024-12-19 06:46:41,0,0,0,老师各方面都特别好！12分钟跑会防水，专项也可以刷分，教的也好。绩点差是我太菜了😭
207151,4835,刘博,2024-12-19 12:25:39,1,1,0,10分，无须多言！！！
207397,4835,刘博,2024-12-21 08:07:34,1,1,0,无需多言，无脑选！
208131,4835,刘博,2024-12-26 01:28:08,0,0,0,伟大，无须多言
208826,4835,刘博,2025-01-02 09:26:02,0,0,0,伟大无需多言！
209698,4835,刘博,2025-01-09 03:51:04,2,3,1,老师好捞！
210590,4835,刘博,2025-01-09 11:41:58,2,3,1,伟大无需多言\n\n把我从93捞到95满绩了\n\n篮球你夺走了我大学的第一次😭
210803,4835,刘博,2025-01-10 03:45:08,2,4,2,我12分钟其实就跑了2650这亚子，刘老师先是偷偷延时让我和另一个同学跑到2700，然后再照之前说的百位向上取整，给我调成2800。真是大好人。
210841,4835,刘博,2025-01-10 05:24:02,0,1,1,好好好
214701,4835,刘博,2025-02-17 02:11:39,-5,3,8,老师老是爱穿白色衣服，是不是为了挡住自己黑色的心
214702,4835,刘博,2025-02-17 02:12:04,-2,0,2,好好好
217546,4835,刘博,2025-04-13 00:19:40,0,2,2,虽说篮球班的课程设置问题让新手学不到太多实际提高的东西，但是老师真的很专业也很耐心地指导，十二分钟跑也是放水都满了，最后九十一二也给我捞起来满绩了😍
218759,4835,刘博,2025-05-02 02:26:35,-3,3,6,cs一个
218857,4835,刘博,2025-05-09 05:47:50,-1,1,2,伟大无须多言
218970,4835,刘博,2025-05-15 09:24:57,2,2,0,下雨测1km的神
219201,4835,刘博,2025-05-23 03:17:18,-1,0,1,100
219314,4835,刘博,2025-05-25 02:19:30,-2,0,2,好👍👍
219563,4835,刘博,2025-05-30 01:37:15,2,3,1,刘博 出尔反尔 两面三刀 咄咄逼人
219799,4835,刘博,2025-06-06 12:19:45,1,2,1,体素，上下来感觉老师挺不重视这门课的……
219807,4835,刘博,2025-06-07 00:57:02,1,1,0,逆大天
220839,4835,刘博,2025-06-20 05:37:53,0,0,0,坐标篮球初级 老师上课真的很用心很细致 是很有趣的老师 而且给分挺好的很捞很照顾学生
89919,4943,吴剑,2018-11-21 08:54:52,0,3,3,瞎鸡巴讲话
94504,4943,吴剑,2019-01-17 03:44:01,1,4,3,真的辣鸡
129139,4943,吴剑,2020-12-30 10:46:30,0,10,10,我觉得是很好的老师，虽然事确实有点多，但总体还不错，我身体素质课选上的迟，她还给我把之前的到都签了，有次没有去，最后让她手动签到也二话不说就签了，感觉挺好的
153725,4943,吴剑,2022-05-09 11:07:27,1,4,3,死板不知变通，垃圾。身体素质课签个到屁事贼多，下雨上课地点不提前通知
154334,4943,吴剑,2022-05-30 11:09:03,0,6,6,选她的体素课你就偷着乐吧😅😅😅
160343,4943,吴剑,2022-09-19 12:27:57,4,9,5,体素课逆天，别选
164888,4943,吴剑,2022-12-27 10:09:38,1,4,3,身体素质课挺好的呀
183725,4943,吴剑,2023-11-29 08:47:17,0,1,1,早八跑了十二分钟跑，晚上上她的课就给我们来了个800米，跟她说跑了十二分钟跑也不行...平时上课时真的累
192926,4943,吴剑,2024-05-31 14:48:20,3,4,1,老师很好，很认真
197291,4943,吴剑,2024-07-10 11:44:38,0,1,1,别选。。
200373,4943,吴剑,2024-10-16 10:37:05,0,4,4,我感觉吴剑老师的体素课挺好的呀，基本上前几节课都没有什么运动量，感觉隔壁班比我们累多了
200723,4943,吴剑,2024-10-21 10:42:41,2,2,0,事特别多，每次都点名，站位有固定队列，想划水建议不选这个课，还有就是钉钉消息好几次已读不回
201523,4943,吴剑,2024-11-04 05:21:48,2,2,0,一口气上完两节课，提前五分钟下课，不给学生休息，一个动作动辄要求做十遍八遍
201799,4943,吴剑,2024-11-06 11:16:12,1,1,0,事多巨累，别选
205941,4943,吴剑,2024-12-13 01:46:20,1,1,0,顺手的事
206017,4943,吴剑,2024-12-13 03:12:42,1,1,0,挺好的呀
210549,4943,吴剑,2025-01-09 10:32:42,0,0,0,体素闲的没边…
213226,4943,吴剑,2025-01-16 11:45:32,1,1,0,太极拳 主要是真的不想运动 太极拳挺轻松的 就是老师还挺严格的 12分钟跑差100米没及格呃呃呃呃 最后考试是三好杯小组一起打太极拳 但是三好杯给分都是9分起评的 所以最后给分还不错
217064,4943,吴剑,2025-04-01 05:41:59,0,0,0,体素课很有效，真的能提高体测成绩
221549,4943,吴剑,2025-06-24 11:50:51,0,0,0,太极拳专项给分很差，最后喜提94卡绩……
74312,5101,虞松坤,2018-02-10 10:58:36,-37,33,70,挺好的吧
74448,5101,虞松坤,2018-02-25 04:36:27,-38,26,64,太帅了 教的又好 幽默 很照顾女同学 满绩轻松 ✌️✌️✌️
74840,5101,虞松坤,2018-03-06 05:36:44,-37,11,48,幽默大师
74879,5101,虞松坤,2018-03-06 08:05:14,-40,9,49,大学第一门满绩的课
75278,5101,虞松坤,2018-03-08 11:40:43,-36,14,50,老师人很阳光\n\n
75872,5101,虞松坤,2018-03-20 11:00:41,-34,15,49,老师很照顾大家，平时多练练，考试成绩都不会差的，阳光帅气，幽默风趣！
75904,5101,虞松坤,2018-03-21 10:52:35,-39,11,50,老师超棒的，感觉很阳光很有趣，人超好的，第一次学发球，我打不过网，老师问谁有问题，然后亲自教，给我说动作的问题，然后试了几球之后我居然会了！教的很好啊！超好的老师！才上了三节课就来评论了hhh
76158,5101,虞松坤,2018-03-28 05:12:36,-38,10,48,贼棒的老师，都年轻过哈哈哈
76716,5101,虞松坤,2018-04-19 03:17:37,-39,11,50,老師很好！
79130,5101,虞松坤,2018-05-23 23:20:20,-38,9,47,老师太帅啦！！
79261,5101,虞松坤,2018-05-29 07:33:15,-40,10,50,挺好的，就是十二分钟太水送我半圈害我平时不想认真练，上课太不严厉害从来不骂我们害我都认真不起来
79628,5101,虞松坤,2018-06-12 00:12:46,-40,11,51,炒鸡好的体育老师
79647,5101,虞松坤,2018-06-12 09:21:39,-41,7,48,超级好的老师 ，阳光幽默耐心教得好，还有各种福利！
79665,5101,虞松坤,2018-06-12 13:16:44,-36,18,54,老师真的超级好人好说话好长得帅！真的是男神了！
79884,5101,虞松坤,2018-06-15 01:48:56,-38,20,58,理想型
79985,5101,虞松坤,2018-06-18 09:41:04,-39,14,53,帅气的老师，很幽默，讲课很有耐心。网球零起，一个学期的初级班收获很多。棒棒棒！
80003,5101,虞松坤,2018-06-19 03:19:32,-40,8,48,很不错
80010,5101,虞松坤,2018-06-19 03:51:23,-38,10,48,非常好！
80128,5101,虞松坤,2018-06-20 09:16:51,-38,16,54,老师好好，最后考试将我从不及格拉上去，而且全班成绩都很好
80129,5101,虞松坤,2018-06-20 09:25:27,-38,10,48,老师帅而且人超级好！！！！哇可惜下学期就不用修体育课了，不然我一定还要选他！！
81245,5101,虞松坤,2018-07-04 12:11:33,-37,11,48,坤哥人很好哒 很亲近同学的老师
81563,5101,虞松坤,2018-07-05 11:52:09,-38,9,47,老师超棒！帅！给分超好！对女生很好
81621,5101,虞松坤,2018-07-05 14:47:33,-39,9,48,老师很棒，很照顾新手。均分很高，但是想拿满绩有点难。
81755,5101,虞松坤,2018-07-06 05:50:42,-37,13,50,不给满分说不过去
81892,5101,虞松坤,2018-07-06 12:22:45,-34,13,47,10分安排上
81912,5101,虞松坤,2018-07-06 13:06:37,-38,9,47,男神啊
82066,5101,虞松坤,2018-07-07 04:21:59,-38,6,44,老师很好啊，网球课上的很开心
82310,5101,虞松坤,2018-07-08 00:14:52,-40,8,48,老师是理想型?
86530,5101,虞松坤,2018-09-17 05:06:44,-38,6,44,灰常nice
86732,5101,虞松坤,2018-09-18 07:08:04,-39,7,46,真的好
86815,5101,虞松坤,2018-09-19 02:15:48,-40,6,46,超好超可爱！！！
86965,5101,虞松坤,2018-09-19 15:59:57,-40,6,46,最好的体育老师，男神
87474,5101,虞松坤,2018-09-29 08:30:07,-39,7,46,感觉不错，年轻的老师总归是好一些
92120,5101,虞松坤,2018-12-26 13:00:58,-39,6,45,年轻老师总是对人很照顾，真的好一点
92121,5101,虞松坤,2018-12-26 13:04:03,-43,4,47,专业课满分了！很耐心，很好
92353,5101,虞松坤,2018-12-28 03:24:24,-40,5,45,老师人真的超好啊啊啊啊啊
92816,5101,虞松坤,2019-01-04 14:54:21,-40,6,46,上课体验极佳
97832,5101,虞松坤,2019-01-22 23:30:00,-39,6,45,坤哥人真的很好，非常nice，上课体验极佳，给分也是没得说！\n\n
97988,5101,虞松坤,2019-01-23 03:24:07,-41,4,45,坤坤很好啦~\(≧▽≦)/~选他的网球课准没错。真的对女生好，要求也不苛刻。班里成绩都很好der
98197,5101,虞松坤,2019-01-23 07:28:32,-41,3,44,上课 给分 棒到飞起
98960,5101,虞松坤,2019-01-24 05:57:31,-41,4,45,老师10分，网球9分，自己的水平...不提了(如果网球课的老师不是虞老师，自己说不定都有可能挂..)
102824,5101,虞松坤,2019-02-23 15:39:08,-40,6,46,上课体验极佳，10分走一波
103073,5101,虞松坤,2019-02-26 01:32:59,-40,6,46,要不是专业课冲突，就能选三次网球了? 超爱坤哥
103368,5101,虞松坤,2019-02-27 14:10:29,-41,5,46,虞老师超好的
103767,5101,虞松坤,2019-03-05 06:44:36,-39,6,45,暖男型老师！
107684,5101,虞松坤,2019-05-08 08:37:54,-39,6,45,满绩啦！
109330,5101,虞松坤,2019-06-13 06:42:29,-42,4,46,初级班。考试的时候虞老师也会尽力的！此外男生注意考试是在底线，单打边线，训练的时候往后靠一些哟。
109348,5101,虞松坤,2019-06-13 07:15:10,-37,9,46,老师是真的好啊！长得帅不说，上课特别认真也很有意思，对同学都特别好，给分也很好！吹爆！
109359,5101,虞松坤,2019-06-13 09:01:02,-39,6,45,快乐鸭
109626,5101,虞松坤,2019-06-18 04:03:31,83,142,59,你想学东西，那就不要去他的班，他的课就是市场化的产物，只管让你们高兴，但技术缺项或是教的落后技术是经常有的
113462,5101,虞松坤,2019-07-06 17:35:53,-38,11,49,老师人真的好，绩点4.8都是怪我12分钟跑太差劲了，下学期又选了网球，可惜因为时间冲突，选了楼老师的。但男神我还是爱你哒！
115668,5101,虞松坤,2019-08-17 06:21:38,-38,7,45,超级好啊啊啊的帅哥老师！
118389,5101,虞松坤,2019-10-26 07:01:05,-41,5,46,网球课不错
122594,5101,虞松坤,2020-03-05 16:11:09,-40,7,47,怎么有这么nice的体育老师！
122858,5101,虞松坤,2020-04-15 05:41:38,16,54,38,理论控 不会打球
123043,5101,虞松坤,2020-05-04 17:48:39,26,53,27,y1s1 最后一条评论最真实，老师确实不懂球
123899,5101,虞松坤,2020-06-16 03:45:25,-40,12,52,某些人又想高绩点过课又想学到很多技术，这tm不老双标了吗，给你们满绩竟然还怪老师教的你不满意～
124956,5101,虞松坤,2020-07-26 03:10:11,52,64,12,网球道具王子
125009,5101,虞松坤,2020-08-09 13:01:45,33,39,6,老师的网球偶像是越前龙马
125035,5101,虞松坤,2020-08-17 05:05:24,24,31,7,为老师正名！虽然的确不怎么懂网球，但作为场馆管理人员，给分还是不错的！想划水刷绩点就选他！
126481,5101,虞松坤,2020-09-28 04:04:28,0,5,5,10分安排
126505,5101,虞松坤,2020-09-28 16:31:40,2,5,3,点名的
126514,5101,虞松坤,2020-09-29 03:52:27,0,9,9,三脚猫
126569,5101,虞松坤,2020-10-02 01:43:59,2,21,19,网球队水平最差的教练了
126706,5101,虞松坤,2020-10-14 14:34:27,-2,5,7,肥肠一般
126742,5101,虞松坤,2020-10-17 17:13:36,-4,4,8,土味网球
127210,5101,虞松坤,2020-11-13 14:54:10,0,3,3,不点名
128640,5101,虞松坤,2020-12-25 02:05:22,4,10,6,老师人很好，很照顾学生。
129062,5101,虞松坤,2020-12-29 09:30:30,-5,5,10,凑活吧 散装网球课
129283,5101,虞松坤,2021-01-03 12:10:49,-7,6,13,一个不懂网球的网球老师 为什么要找学生刷评论 刷分
129491,5101,虞松坤,2021-01-06 07:45:58,-9,9,18,教网球么什么都不懂，只会精心打理自己的查老师评论
134169,5101,虞松坤,2021-03-17 19:55:07,-5,2,7,网球阿坤cxk
134916,5101,虞松坤,2021-04-22 08:34:55,3,7,4,就为50m 不解释，10分
135671,5101,虞松坤,2021-05-18 18:59:01,-20,2,22,极度装b
135695,5101,虞松坤,2021-05-19 09:50:37,13,16,3,还没出分数但必须要来评一下！真的特别好特别好特别好！！上的好感动！没几节课就记住班上同学们名字了，去体测晚上意外碰到就认出我了还给我竖大拇指！选的是初级班，我从来没碰过网球，老师教的特别仔细，而且是鼓励式教育法（有时候自己都看不下去自己打的但老师也会细心教！之前球总是打得很高，老师很快就帮我调整好了！今天早上打了疫苗，两只胳膊酸痛得抬不起来，老师直接允许我休息一节课，真的特别感动！！不管最后给分怎么样，超爱坤哥！！手动比心
135910,5101,虞松坤,2021-06-03 00:46:46,1,5,4,很好哦～下次还要选小虞老师
136097,5101,虞松坤,2021-06-11 02:34:46,2,4,2,很可爱脾气很好很耐心的老师
136136,5101,虞松坤,2021-06-11 07:26:09,4,7,3,老师超级好超级可爱，对学生很温柔！而且很会捞人！不知道为什么说老师刷评论，老师从来没有提过。老师的专业技术也并不差呀
136386,5101,虞松坤,2021-06-17 09:02:28,0,4,4,谁说老师不好的？我技术水平很差，老师还能多加辅导，最后给分也相当不错
136477,5101,虞松坤,2021-06-18 12:32:24,-1,5,6,满绩5.0还不明白吗
136716,5101,虞松坤,2021-06-23 10:51:05,12,17,5,要轻松绩点高，又要学到东西，有点矛盾吧。PS 不知某些评论大佬们都什么网球水平，好像很懂网球的样子
139330,5101,虞松坤,2021-07-14 10:58:41,0,5,5,很不错，给分好
144535,5101,虞松坤,2021-12-22 06:57:34,0,2,2,亲切给分高
144690,5101,虞松坤,2021-12-23 07:18:06,0,2,2,好老师很善良很负责
144723,5101,虞松坤,2021-12-23 10:39:22,0,3,3,没出分之前来客观评价一下～老师人蛮好的，最后考试的时候第一遍打的时候太紧张了一直打过界，后面老师过来指导我 第2遍都过了！感谢老师😘😘😘
144981,5101,虞松坤,2021-12-26 07:31:48,0,3,3,老师人很温柔
149223,5101,虞松坤,2022-01-14 23:55:27,0,2,2,我觉得行
149320,5101,虞松坤,2022-01-15 05:40:31,0,2,2,非常好的老师！很关心学生，选上就是赚到！
149772,5101,虞松坤,2022-01-17 00:46:29,-1,1,2,目前遇到的最好的体育老师，只要不早退，不在课上玩手机，那么上网球课就是享受。
150769,5101,虞松坤,2022-02-18 05:02:29,-1,1,2,老师给分好，非常负责，极为关心学生！
150969,5101,虞松坤,2022-02-21 11:47:23,-1,1,2,上课很耐心～
151434,5101,虞松坤,2022-03-03 06:59:16,0,4,4,满绩5.0前来bd
151976,5101,虞松坤,2022-03-22 07:59:28,12,20,8,说小鱼没水平不会打球的我好奇自己是什么水平？有自信的话可以来校队玩一玩
152078,5101,虞松坤,2022-03-25 03:15:48,0,2,2,我上的时候老师真的教的很好，也很耐心，给分也很好，对学生也很温柔啊！
160449,5101,虞松坤,2022-09-23 01:22:19,0,2,2,阳光幽默，给分也很好～
163682,5101,虞松坤,2022-12-16 02:52:24,0,3,3,老师很好和蔼可亲，会亲自指导
164543,5101,虞松坤,2022-12-21 14:22:45,0,2,2,鱼老师是越前龙马的铁粉，确实挺懂网球王子的，推荐我们看日本漫画来提高球技，也是没谁了…
165231,5101,虞松坤,2022-12-30 10:53:11,0,4,4,正名😇说网球技术不好的只能说可能没有真的打过吧..
174260,5101,虞松坤,2023-06-08 11:22:09,0,2,2,特别喜欢虞老师！很体谅学生，上课轻松幽默，想多学点也会教！真的是很厉害很阳光很有活力的老师！！
174462,5101,虞松坤,2023-06-12 15:02:51,0,1,1,老师真的好，体谅学生，体素很轻松，表白！！！
174483,5101,虞松坤,2023-06-13 03:12:57,3,6,3,别的不说，老师人品真的好
180400,5101,虞松坤,2023-09-21 11:26:38,0,1,1,老师人nice，水平又高！点赞！
184729,5101,虞松坤,2023-12-22 10:42:30,2,4,2,体素课\n\n老师人超好，一整个就是没有架子放得开可以当朋友的轻松氛围\n\n第九节习题课第十节体素5分钟赶来东操肯定会迟到，但有次弄迟了晚了十分钟老师也超宽容没说啥\n\n运动量比较少很轻松，并且上课形式很多样很有趣，玩了很多有意思的小游戏\n\n上课自己在浙大体艺上签到就行不点名（当然你要是想签完到就溜貌似也可以，但也许你就或错过有意思的内容捏）\n\n请假也很方便，钉钉上课前几分钟才说但是也成功了\n\n想体素课轻松点的无脑冲就完啦，为sansan疯狂打call！！！
192860,5101,虞松坤,2024-05-31 05:08:12,1,5,4,人品差的叻\n\n2019年评论纯纯分水岭\n\n懂得都懂
193351,5101,虞松坤,2024-06-07 01:03:56,-1,0,1,随和，分高
194639,5101,虞松坤,2024-06-24 19:41:41,0,1,1,连着上了两个学期虞老师的网球中级班，老师人很好，很体谅学生，很好说话。
198354,5101,虞松坤,2024-09-07 19:35:23,1,2,1,yue
200947,5101,虞松坤,2024-10-25 07:44:35,-1,0,1,最好的体育老师，人好，对人很亲和
203918,5101,虞松坤,2024-11-22 03:51:21,0,0,0,就为了50m 不解释 满分
203945,5101,虞松坤,2024-11-22 07:05:00,0,0,0,10分无需解释，超棒的老师，喜欢喜欢喜欢🥰
206189,5101,虞松坤,2024-12-13 07:47:55,1,1,0,人非常好
206992,5101,虞松坤,2024-12-19 02:38:36,3,3,0,上的是匹克球，这好像是老师第一年开匹克球课，还是很不错的，如果看到你不太会的话会主动来教，如果不舒服的话和他说一声就能见习休息，十二分钟跑也狠狠捞的，如果身体不舒服迟到的话，和老师说一声就能把点名补上了，老师还会让你提前回去休息。匹克球期末考看大家比较菜还主动降低了考试的难度和要求。超赞！
206997,5101,虞松坤,2024-12-19 02:52:10,2,3,1,老师的体素课很轻松，每节课玩不一样的体育项目特别特别有趣，一点都不累还能学到锻炼方法，从不签退，强推
207115,5101,虞松坤,2024-12-19 09:57:12,2,2,0,我跟你说这样的老师他要不是十分那就没有天理了\n\n我吹爆\n\n你们千万别抢他的课留着给我选啊！！！
207149,5101,虞松坤,2024-12-19 12:23:39,1,1,0,体素课很不错，一学期下来都没有签退，课上会玩一些飞盘等等的小游戏，挺轻松的，推荐！
209081,5101,虞松坤,2025-01-04 11:37:59,2,2,0,匹克球喜提满绩，期末考试很简单
213979,5101,虞松坤,2025-01-22 10:23:54,0,0,0,突然想起来好像忘了给虞老师评分，妥妥10分啊！选的匹克球，是新开的课，老师教的很认真，给分很好（我这种体育菜鸟都能4.8），强推！
214595,5101,虞松坤,2025-02-14 05:49:35,0,0,0,虞老师人超好!!!上课也很有趣也有耐心!
215545,5101,虞松坤,2025-02-28 03:58:14,0,0,0,老师的身体素质课真的非常好玩，会穿插各种小游戏，不是枯燥的跑步
218152,5101,虞松坤,2025-04-21 13:54:50,0,0,0,之前上过网球中级忘了评分，虞老师人超级无敌好，教打球也比较认真负责，而且课上甚至会亲自跟大家训练对打，对技术提升很大。而且人真的超级和蔼很为学生考虑，总是笑眯眯的也很幽默。
123734,6151,姜凯,2020-06-13 04:19:56,28,36,8,舞龙舞狮的网红老师，给分超好的可爱男孩子。\n\n小哥哥真的好可爱啊(///▽///)
123761,6151,姜凯,2020-06-14 01:52:07,16,20,4,十条龙一组，一节课有三组人，先教基本的舞龙，期末每条龙自选动作，老师指点一下自己练习。我们那条龙期末是三条里的最高分，再加上我十二分钟跑仰卧起坐智慧树打卡基本上满分，最后96分满绩。龙珠最轻松，龙头最累。其他的都差不多。期末最重要的是不失误，其次是选的动作难度。老师人挺不错的，打分公道。
125801,6151,姜凯,2020-09-14 10:52:49,5,7,2,老师很可爱
128145,6151,姜凯,2020-12-08 08:53:29,-47,16,63,垃圾老师12分钟跑还剩2分钟让同学再跑半圈，跑完了一整圈竟然说他那个时候说了跑半圈所以多的不算？有意思，那干脆说完就别跑了呗，大家都只跑10分钟等老师您来定成绩不就行了？
128641,6151,姜凯,2020-12-25 02:05:56,19,20,1,凯哥yyds！！！
128814,6151,姜凯,2020-12-25 14:02:04,4,5,1,老师很好，上课很开心
128958,6151,姜凯,2020-12-28 08:28:58,7,9,2,累并快乐着
128966,6151,姜凯,2020-12-27 13:20:36,3,5,2,老师超级好！！！上课很有意思，舞龙舞狮期末考之要认真上课就可以拿高分，有付出有收获。不知道为什么分这么低
128968,6151,姜凯,2020-12-27 14:00:51,8,9,1,为什么最高分只有十分？\n\n人好有耐心，虽然俺舞龙蛮笨但老师还是认真一步步教，真的爱了。给分也不错！！
128969,6151,姜凯,2020-12-27 14:13:12,4,4,0,老师好棒！
128987,6151,姜凯,2020-12-28 03:24:20,6,6,0,结课了，跟凯哥告个别，凯哥人好、给分好、态度好，总之特别开心的一个学期
129003,6151,姜凯,2020-12-28 08:29:00,7,8,1,不错，千万别选不然我选不了了。哈哈哈哈哈
129088,6151,姜凯,2020-12-30 06:03:03,0,5,5,老师贼可爱
129159,6151,姜凯,2020-12-30 16:47:33,3,3,0,很喜欢他真的，上课教学很认真，人也很好玩，可爱的大男孩，每次上课都会很快乐哈哈哈哈 告别的时候真有点不舍  有机会还选他
129325,6151,姜凯,2021-01-04 07:16:29,1,1,0,海宁校区的孩纸非常喜欢这个老师！！！上课很有趣，也善解人意通情达理，给分还贼高！
130309,6151,姜凯,2021-01-20 14:47:42,4,4,0,强烈安利姜凯老师的舞龙舞狮课，超级有趣！给分也很好！
130324,6151,姜凯,2021-01-20 15:48:30,2,4,2,很可爱很负责的老师 就是十二分钟跑给分一般数圈机制也有问题 目测你跑不动了会让你停下来 不过总分还是挺高的 10分吧！
130328,6151,姜凯,2021-01-20 16:23:08,4,4,0,老师超棒！12分钟跑很严格，最后半圈差一点也没给算，但最后还是满绩了！开心！！舞龙舞狮很有趣，老师最后给说的一番话也真的很感动了！满分10分！！！
136027,6151,姜凯,2021-06-09 14:24:49,2,3,1,姜凯真的 超 级 好 都来选！
136028,6151,姜凯,2021-06-09 14:24:53,1,1,0,姜凯老师！！好！！舞龙舞狮！！好！！
136188,6151,姜凯,2021-06-12 07:58:19,4,4,0,真的很好大一上选过的来打卡\n\n超级有趣给分也很不错人可可爱爱的说话很感动最后排了合照哈哈
136403,6151,姜凯,2021-06-17 14:05:47,2,2,0,老师好棒~给分也超级好，舞龙舞狮很有意思
136747,6151,姜凯,2021-06-24 02:49:25,10,12,2,身素课我达咩，太累了（但这是我的问题不是老师的问题哈）基本都会练满45分钟，二维码签到，课前签到或者课后签到不定，我身体素质不太好，在太热的时候做太激烈的动作会心脏不舒服，以及生理期会极度难受，所以被老师吐槽“就你事多”了，总之，身素好累，也不会给时间打卡，但老师蛮可爱的
140554,6151,姜凯,2021-09-13 15:28:28,-5,7,12,看到很多人都在讨论，现在发表一下我上学期下来的体验。首先是绩点，这点很重要，因为舞龙舞狮需要团队配合如果不幸遇到水怪那就只能自求多福；姜凯是一个比较认真的老师，12min跑不会放水甚至6.75圈都只能记6.5圈的成绩，仰卧起坐也是严格控制时间不会有一点宽限。然后关于运动量，舞龙需要来回跑动，运动量自然会有一点大，但是如果只是龙身（龙头一般都是队伍核心，//抱拳啦）也不会太累，当然对于体质不好的人还是很不友好的。最后谈谈老师的脾气，说实话感觉老师有点严格，经常会因为一个动作责备人半天，甚至会凶人（女生还好啦）。总的来说，可以但不建议
140555,6151,姜凯,2021-09-13 15:31:02,-5,4,9,体育垃圾快跑
142603,6151,姜凯,2021-11-14 08:46:17,1,7,6,身体素质不好的同学死也别选，不然有你后悔 :)
143808,6151,姜凯,2021-12-07 08:35:22,-3,5,8,身体素质别选，坑
143903,6151,姜凯,2021-12-11 14:47:44,2,3,1,很喜欢凯哥！！
144295,6151,姜凯,2021-12-21 04:46:18,1,2,1,老师真的不错，推荐选择
144340,6151,姜凯,2021-12-21 06:28:39,1,2,1,呜呜呜呜呜凯哥超级超级超级超级好！！宝藏老师！！
144341,6151,姜凯,2021-12-21 06:29:34,3,4,1,凯哥人超级好！！！快选！！！！人很有趣，课也很有意思！！！从任何角度来说都是个好老师！！！！
144350,6151,姜凯,2021-12-21 06:46:10,1,2,1,体验感贼棒，老师人巨好，可以兄弟相称
144352,6151,姜凯,2021-12-21 06:54:05,0,2,2,老师人很好，很有趣，上课非常有意思，也很耐心！
144364,6151,姜凯,2021-12-21 07:25:44,1,2,1,凯哥真的好，给分特别好，努力就行，分不会差的！
144382,6151,姜凯,2021-12-21 09:22:34,6,7,1,凯哥就是最好的体育老师不接受反驳！\n\n给分超级好，个人经历也很励志。\n\n悄咪咪说一句，感觉老师有黄渤的气质（褒义
144385,6151,姜凯,2021-12-21 09:29:17,2,3,1,凯哥也太好了吧，表演的时候一直喊好，真的很有动力，人也超级有趣，最后走之前还给我们讲了好多人生哲理。真的yyds
144393,6151,姜凯,2021-12-21 10:34:47,4,5,1,凯哥人真的超级好，帅气又幽默，舞龙的技巧教的也非常容易理解。平时还会在群里和同学们开开玩笑聊聊天，超级平易近人。舞龙舞狮凯哥yyds！
144402,6151,姜凯,2021-12-21 10:59:27,0,1,1,喜欢老师的舞龙舞狮课！推荐！
144460,6151,姜凯,2021-12-21 15:05:18,0,1,1,非常可爱的小哥哥
144566,6151,姜凯,2021-12-22 10:08:34,22,22,0,姜老师真的牛逼，他太极柔力球和舞龙舞狮拿过国家级甚至亚洲级的奖项，而且老师人很好，无论是平时上课还是期末考核，都非常有意思，因为疫情我们舞龙舞狮动作的训练不足，老师期末考核的时候只给了三档分数：100，99，98.而且龙头都给了满分，最后还给我们讲了很多他一路走过来的经验，分享了他的大学生活，很佩服这个老师，很有能力，很有魅力。
144618,6151,姜凯,2021-12-23 00:05:42,2,2,0,我爱jk！！！！
144688,6151,姜凯,2021-12-23 07:14:07,1,1,0,都来选舞龙舞狮！！！凯哥yyds！！
144880,6151,姜凯,2021-12-25 11:38:09,4,4,0,太极拳课：每次必点名，因为疫情三好杯取消了，期末专项考试，凯哥最低给88最高给99，自己揣摩。PS：凯哥人超级搞笑
146207,6151,姜凯,2022-01-06 00:52:12,1,1,0,舞龙舞狮太好玩啦
148948,6151,姜凯,2022-01-14 04:11:18,0,0,0,选他！选他！选他！第一个满绩！
148949,6151,姜凯,2022-01-14 04:11:18,0,0,0,选他！选他！选他！第一个满绩！
151051,6151,姜凯,2022-02-22 09:31:32,0,0,0,凯哥凯哥！！！
151056,6151,姜凯,2022-02-22 10:58:32,2,2,0,刚才去跑步打卡碰见凯哥，我上学期的太极拳课最不起眼的摸鱼小贼，他居然还认得出我，还跟我打招呼！！！！！
152886,6151,姜凯,2022-04-21 07:58:21,5,5,0,能并重技能和价值观教学的体育老师真的少见，而凯哥就是那个能让你在体育课上也能体会到“形上形下知其不二”此般哲理的老师！此生得其教诲，实乃幸事！
153916,6151,姜凯,2022-05-16 14:51:13,1,1,0,大一的时候就选了凯凯的课，那个时候还有点拘谨，是位认真的老师，现在已经能和我们熟练地开玩笑了。上课喜欢用体能游戏代替体能训练（虽然直接做高强度的俺也是愿意的），反正很好玩，还能讨价还价（真是够了）。好像老师教的几门都学过，能学到有趣有用的东西。学弟学妹们选了的话，好好对待老师，好好对待课程捏。祝福（各种意义上）
154117,6151,姜凯,2022-05-23 15:40:59,14,14,0,第二次选凯哥的课了，这学期选的是太极柔力球，凯哥可以说是我这么多年最佩服的老师了，他真的能为每一个学生考虑，这课的最后考核是三好杯的裁判来打分的，当时我是第一组第一个，站在第一排，我听到凯哥和裁判长商量，掉球能不能不扣分，最高分能不能设置成98分，那个裁判长很严格说不行，凯哥还是在尽力争取，说“我上去都要掉球，那他们这掉一两个...”。凯哥平时领着我们学动作的时候很认真，但是考试的时候他会尽力的让考核成绩更近人情。最后还怕我们因为动作难度高造成失误还特意为我们改了动作。凯哥绝对是个好老师，还有机会的话我还选他的课。
158675,6151,姜凯,2022-07-01 08:28:38,3,3,0,凯哥太帅了，教的也好
160493,6151,姜凯,2022-09-24 11:39:05,3,3,0,凯哥yyds
162160,6151,姜凯,2022-11-17 07:12:25,0,0,0,好人！！！！！虽然只是体素课，老师和蔼又可爱，
163663,6151,姜凯,2022-12-16 02:19:35,1,1,0,老师真的很负责，是真心希望同学们能锻炼身体。
163813,6151,姜凯,2022-12-16 07:21:04,1,1,0,虽然还没出分，但我给十分，老师很可爱，和蔼可亲，唯一可惜的是老师想让我参加他的舞龙舞狮队我没能去，撞课了，好后悔周二晚上有课，呜呜呜
163849,6151,姜凯,2022-12-16 08:45:37,4,4,0,姜凯老师好幽默，好平易近人！和大家就跟朋友一样！非常贴心！体素课不水，但是上他的课能真正锻炼身体又很有趣！
163928,6151,姜凯,2022-12-16 14:51:10,0,0,0,凯哥我的神！
164433,6151,姜凯,2022-12-21 03:06:59,4,6,2,大学上的第一节课就是舞龙舞狮，凯哥真的巨好啊！！！！！超级有耐心，为人很正直，12分钟跑一直鼓励我们，最后选择线上考试考虑到了不同同学的需求，总之很幸运能选到他的课，快冲！！！！！！
165655,6151,姜凯,2023-01-09 06:38:52,1,3,2,特别有礼貌的老师 德艺双馨
165686,6151,姜凯,2023-01-09 09:13:04,2,3,1,体素课\n\n呜呜呜老师人很可爱！！一点也不凶！！个人是体育废柴，但是运动量完全可以接受，同时真的能锻炼到身体！！！
170364,6151,姜凯,2023-03-03 07:09:26,0,0,0,求求太极柔力球不要跑步，求
170629,6151,姜凯,2023-03-07 09:51:44,7,13,6,避雷 体素课是军训
171151,6151,姜凯,2023-06-12 06:32:26,4,7,3,舞龙舞狮课，选到就是赚到
171472,6151,姜凯,2023-03-25 10:18:58,9,10,1,体素真的好累啊啊啊啊啊\n\n介意的不要选
172216,6151,姜凯,2023-04-22 13:09:25,1,2,1,000
173918,6151,姜凯,2023-06-04 14:01:34,4,4,0,大爱凯老师，虽然更喜欢叫他Tom（因为模仿的时候太像Tom猫了），课程很有意思老师教的也很有意思，只能说选到就是赚到
174089,6151,姜凯,2023-06-06 07:14:17,7,8,1,舞龙舞狮结束了，给10分是因为最高只有10分，为什么没有100分？\n\n舞龙舞狮挺累的，但是很有趣。期末三好杯作为专项已经很高了，还给每个组+1.5分。最后仔细地核实签到有没有漏的，真诚听取建议，给大家祝愿。来浙大遇到的最好的老师。
174114,6151,姜凯,2023-06-06 10:06:57,-27,7,34,真有病
175931,6151,姜凯,2023-06-27 07:30:45,2,2,0,专项给分很好 人品非常不错 会真正考虑学生的想法
176874,6151,姜凯,2023-06-30 13:37:18,3,3,0,老师真的大好人!太极柔力球专项三好杯还给每个同学加3分
181670,6151,姜凯,2023-10-27 12:36:34,4,4,0,就凭老师及时回复学生并积极帮我反馈处理浙大体艺打卡未成功这一件事，就值得一个满分
181804,6151,姜凯,2023-11-01 07:17:58,0,2,2,老师人不错，上课挺风趣。\n\n但是临下课跑步累死，很较真，比其他课下课都晚还累，严格的一b
182869,6151,姜凯,2023-11-21 01:18:11,-3,3,6,身体素质不好的别选、、、特别严格、、、仰卧起坐5个5个盯，不能自愿分组，手离开头、下去的时候背没有碰到垫子、起来的时候手肘没有碰到膝盖都不算、、、人还是挺有趣的但是请假消息已读不回、、、如果身体素质不错只考虑课堂体验感的可以选，身体素质没那么好的就避雷吧不然真的拉分
183985,6151,姜凯,2023-12-05 10:42:45,1,1,0,姜老师人真的很好，值得一个满分！
184081,6151,姜凯,2023-12-08 07:30:16,1,1,0,姜老师人好，上课有意思且认真负责，but记性不太好
184384,6151,姜凯,2023-12-18 12:38:39,0,0,0,非常好的老师，既专业又可爱！舞龙舞狮也很有意思！
184538,6151,姜凯,2023-12-21 13:32:43,3,3,0,老师真的好风趣，很厉害的一个老师\n\n算是比较严格的，但对待同学们尊嘟很不错\n\n本体育废柴选他的专项体育课感觉压力没想象中的大
184665,6151,姜凯,2023-12-22 06:18:00,2,2,0,太喜欢舞龙舞狮了，不需要剧烈运动，还能学到不一样的东西。老师很幽默；每次上课都会点名。
184685,6151,姜凯,2023-12-22 07:22:33,1,3,2,身素课太累了基本都会练满45分钟，二维码签到，课前签到或者课后签到不定，个人身体素质不太好，不能做太多剧烈运动，所以被老师吐槽，并扬言要扣分。总之，好累。
185011,6151,姜凯,2023-12-25 14:49:41,1,1,0,老师人很认真负责，每次体育都上满坚决不早下课，上课不划水不摸鱼
185026,6151,姜凯,2023-12-26 02:17:40,1,1,0,很专业很温柔，给分高，人超级好！！！！！
185030,6151,姜凯,2023-12-26 03:13:51,1,1,0,舞龙舞狮神中神
185070,6151,姜凯,2023-12-26 05:22:46,7,8,1,姜凯老师真的特别特别好，很幸运第一个学期就选到了他的舞龙舞狮。上课能学到很多，有点累但收获大，老师有时候要求挺严格的，但是老师还是特别会鼓励我们，老师性格特别好也很有意思。考试时候也一直鼓励大家，给分也很不错。最后一节课老师还给我们分享人生感悟，真的是好老师！！！都去选
185139,6151,姜凯,2023-12-26 14:00:29,1,1,0,姜凯老师我的神！太爱了
185201,6151,姜凯,2023-12-27 05:01:09,2,2,0,舞龙舞狮课，选到就是赚到！简单评价一下吧，首先作为一项中国传统运动吧，主要讲究团体配合，舞龙舞狮中比较难的难度动作有穿藤跳、螺旋跳龙，因为需要找到跳的时机，还需要队友把龙放在合适的位置。然后龙头的话是比较重也是最累的，龙珠的话不用拿龙体，上课十分轻松，但是考试的时候可能会因此变成主角，当然事情也是很少的，不用担心。其中有一个龙五好像在龙舟中是要背人的，所以身体比较弱小的同学在第一节课排队的时候不要站在第一个位置，或者你可以直接去五人龙，不要害怕，冲就对了，五人龙人少配合量少，动作难度也小。然后期末考核是要编排一个剧本表演，这块比较吃队友了，还需要占用周末时间排练。但所幸遇到了一个很好的队友，独立地完成了剧本和一些配音相关的工作，当然她也因此在最后分配分数后理所当然地获得了满分。然后，姜凯是一个很好的人，但是也是一个比较求是的老师，你动作做得不好是会批评的，但是他也说过你要是不舒服了觉得他话说重了可以跟他讲他会跟你道歉。然后钉钉姜凯是会及时回复的，任何问题都可以问，我有一次浙大体艺打卡出问题了他直接帮我反馈调整了，是一个非常nice的人。总之是好课，选中就偷着乐吧！
185226,6151,姜凯,2023-12-27 07:15:15,1,1,0,特别特别好的老师，很耐心～舞龙舞狮真的很有趣！
185317,6151,姜凯,2023-12-28 01:14:49,2,2,0,姜凯老师真的很可爱！舞龙舞狮难度不算大，给分好，唯一的缺点可能是期末要单独花时间来排练（但是真的很快乐欸）\n\n上过健美排舞皮划艇赛艇，这是我最喜欢的体育课
185328,6151,姜凯,2023-12-28 02:24:34,1,1,0,呜呜呜姜凯老师好人。中间有一次课忘记签到，最后一节课核对在解释以后老师直接给我补上了。呜呜呜姜凯好人。
185330,6151,姜凯,2023-12-28 02:29:57,0,0,0,超级好的老师，舞龙舞狮很赞！！！
185331,6151,姜凯,2023-12-28 02:35:39,3,3,0,真的很有意思，身体条件好还会被选进龙狮队(没有女狮子差评)
185332,6151,姜凯,2024-01-03 08:53:48,3,4,1,老师特别好！各方面都好！舞龙舞狮很有意思
185333,6151,姜凯,2023-12-28 03:09:50,1,1,0,超级超级超级超级无敌好，之前有一次迟到了半个小时啥都没说帮我补签了，最后一节课还会核对签到次数。舞龙舞狮专项给分也很好，我们小组失误了也得到了93分，能看到每个小组的付出，还会提醒大家参加体育嘉年华加分，大赞！姜老师也超有趣哇，舞龙舞狮也特别好玩，反正就是究极无敌好，我吹爆！！！！！！！！这个课既然还好选，大家冲！
185334,6151,姜凯,2023-12-28 03:11:37,0,0,0,来自舞龙舞狮班。凯哥我男神！上课有趣，人超好，很体谅同学，给分巨好！！！无需多言，上完课自知。但是强烈不推荐大家选舞龙舞狮，为什么呢，因为这样我就不能选了！谁都别跟我抢舞龙舞狮！
185344,6151,姜凯,2023-12-28 05:35:11,0,0,0,很可爱有趣的老师，对授课和体测什么的要求很严格，但也很亲和；舞龙舞狮这个课本身也挺有意思的，没有想象中的轻松，但是也很有趣，因为是团体项目还可以在过程中认识很多朋友；期末考试是要自己组队编剧本并演出，也是一次很新奇的体验~
185411,6151,姜凯,2023-12-29 02:57:09,2,3,1,都给我选凯哥的课！！！！舞龙舞狮很有趣，凯哥人也特别好一直在旁边指导我们还让我们慢慢来，期末给分也好！！舞龙舞狮考核是合作编排节目，不错的！
185530,6151,姜凯,2024-01-02 02:21:31,1,2,1,话不多说，选就行了！
185534,6151,姜凯,2024-01-02 04:09:29,0,1,1,啊啊啊真的很喜欢姜凯老师的舞龙舞狮课，谁都不要跟我抢！！！老师人真的超好！！！
185546,6151,姜凯,2024-01-02 05:16:36,0,1,1,jk永远的神 专项给了100 人超级超级好，课也非常棒，可以学到舞龙舞狮的很多知识也不是很累
185554,6151,姜凯,2024-01-02 06:25:59,1,1,0,老师很负责，十分
185694,6151,姜凯,2024-01-03 15:10:40,1,2,1,身体素质课很锻炼，强度适中，有益健康。
185708,6151,姜凯,2024-01-03 16:25:01,0,1,1,选到就是学到
187134,6151,姜凯,2024-01-14 16:10:10,1,2,1,凯哥我的男神😭😭😭😭你们都不许选😭😭😭😭😭😭😭😭😭😭😭
191649,6151,姜凯,2024-04-26 16:22:30,0,0,0,很幽默很有活力的老师！太可爱了！
191686,6151,姜凯,2024-04-28 03:36:05,0,0,0,凯哥我男神🌹
193043,6151,姜凯,2024-06-03 03:01:51,1,2,1,上过的体验感最好的体育课了，不是很累（身体素质差者福音），期末考试是参加比赛，还能顺便收获2分竞赛赋分和美育二课（得奖的话），期末专项给分也不错的
193161,6151,姜凯,2024-06-04 05:49:00,1,1,0,姜老师真的太棒了，人很好，给分也不错，很体谅学生，可惜下学期没选上。
193693,6151,姜凯,2024-06-15 12:25:20,1,1,0,身体素质课\n\n很尽职的老师，他的身体素质课比其他老师的强度要大一些\n\n会教一些体测项目的技巧\n\n如果真心想要提高自己体测的成绩，想在身体素质课有所收获的话强烈推荐\n\n如果只是想水的话建议选其他老师
193890,6151,姜凯,2024-06-20 12:22:35,3,3,0,舞龙舞狮就是神课
194957,6151,姜凯,2024-06-26 05:11:36,0,1,1,老师自称体素课强度最大，其实还好，感觉就是正常水平😋
196645,6151,姜凯,2024-07-04 13:07:52,1,4,3,看往届评价选了这个老师的太极柔力球，结果感觉这个学期他某些时候异常暴躁？明明看他的评价是很好的啊!有一个同学跑步岔气被他教育了十分钟，虽然老师是好心吧，但是平心而论没必要当全班面骂人家这么长时间；期末考试之前说体育课难道就不需要自己课后花很多时间练习了吗，如果有同学动作不好专项会直接给0分，因为这是选这门体育课应当承受的代价。虽然最后没有这样做，但是一个体育课用挂科来威胁同学真的挺莫名其妙的......总之可能这学期老师心理状态不是特别稳定，给人的上课体验感觉就不是很好，不是故意抹黑老师，但是希望老师情绪能更稳定一些。还有，太极柔力球本身难度较大，不建议体育能力一般的人选。
199057,6151,姜凯,2024-09-14 12:02:12,0,0,0,听心灵鸡汤讲的最好的体育老师，真的看出是为我们好，而且说话也好有趣啊啊啊，喜欢，十分！
203767,6151,姜凯,2024-11-21 03:11:12,6,6,0,上老师的体素课，老师太会给情绪价值了，一直夸我们很棒，给我哄成胚胎了。老师还很幽默，上课氛围轻松，教的动作也很有用，大大好评
206044,6151,姜凯,2024-12-13 03:50:09,-1,3,4,千万别选姜老师的体素，特别累！周二上完周四腰疼得下不了床，周五胯疼得走不动路，总之体素课非常累，而且还要签到，还不能偷偷签完到就溜，因为他会再点一次名
206513,6151,姜凯,2024-12-15 15:36:32,0,0,0,姜老师神中神，体素课情绪价值拉太满了每次都很开心 强度还行以一个不太爱运动的女生来说，感觉就是正常锻炼身体，学期初上课完会肌肉酸痛哈哈哈
206567,6151,姜凯,2024-12-19 05:47:18,2,2,0,认可了真的好
206629,6151,姜凯,2024-12-17 00:40:08,2,2,0,总体挺好的
206636,6151,姜凯,2024-12-17 01:13:52,0,1,1,老师人很好，舞龙课也能学到很多很有用的知识，并且最后一节课还会和学生分享自己的励志经历，真的很鼓舞人心！
206638,6151,姜凯,2024-12-17 01:20:22,2,3,1,今天结课了，我的评价是凯哥的舞龙舞狮课就是神！\n\n在平时训练时凯哥会比较严格，但今天最后一节课他就这件事向我们道歉，说他希望大家都能学好这门课(语气诚恳)，然后凯哥还把平时缺勤的同学的到课情况全部调整了(比如我是补选上的，第一次课没去);最后给我们灌了一点鸡汤，说希望我们都要有明确的目标并为之实现做出不懈的努力;\n\n给分方面，每一条龙的得分是一样的。但凯哥会让每条龙推举出在剧本创编与演出公认贡献最大的人，直接为他们记专项课满分。\n\n然后和凯哥的沟通也比较容易，凯哥感觉仍然是少年(心理)？哈哈\n\n最后鼓励大家都来报凯哥的舞龙舞狮课。\n\n在这里祝凯哥事事顺心，心想事成！(社恐不敢当面说，害怕ing~)
206640,6151,姜凯,2025-01-06 01:50:34,0,0,0,舞龙舞狮课特别特别好\n\n\n\n老师我要永远追随你TT
206682,6151,姜凯,2024-12-17 05:23:10,-1,0,1,12min跑自己记圈数 专项成绩几乎给满 但仰卧起坐和引体向上挺严格的
206693,6151,姜凯,2024-12-17 06:18:13,0,0,0,凯哥超神！舞龙舞狮课程超有意思，凯哥上的也很好（表情特别丰富啊），期末要出一个节目
206700,6151,姜凯,2024-12-17 06:55:12,2,2,0,我真的很喜欢舞龙舞狮但我不推荐你们选 \n\n 因为我选不上了。
206768,6151,姜凯,2024-12-17 12:38:24,0,0,0,此生无悔入龙门！！！
206984,6151,姜凯,2024-12-19 02:25:20,1,1,0,超级好的老师！！！非常幽默，我在大学的一年半全是和老师一起度过的（
206998,6151,姜凯,2024-12-19 02:52:59,6,6,0,"今天是最后一节课了，老师提出要合个照留念一下的时候，我莫名得有些不舍，回忆一下觉得是段很快乐的经历。\n\n当初学姐推荐舞龙舞狮，说很多同学大一没有选，之后想选又选不上了(现在看来还真是这样[龇牙])，于是我上学期就选了这门课。\n\n首先舞龙本身作为一项传统艺术，本身就很有魅力，每节课都会学很多有意思的新动作，学完还特别有成就感，凯哥还特别会提供情绪价值。\n\n更重要的是凯哥本人真的很好很有魅力，每个动作讲解得特别详细，还会带我们做小游戏，人特别有趣，从第一次上课让我们行抱拳礼说""告辞""我就觉得这是个很有意思的老师。而且，他给人的感觉就是会从我们出发考虑问题，大一刚入学的时候还会提醒我们一些其他的方面，也给我很多启发。\n\n最后呢，期末考核的时候我们这条龙的节目还拿了最高分，龙头和龙五超给力，大家都很用心，超级努力，考试前一天晚上还找时间加练，虽然第二天有那么一点点点点的瑕疵，但是努力真的没有白费。\n\n如果说强度的话可能就是有一点费手臂吧，不过可以练一会休息一会，一些难度大的动作凯哥还会在旁边指导着，一直提醒我们注意安全。"
207098,6151,姜凯,2024-12-19 08:33:45,1,1,0,舞龙舞狮神课
207101,6151,姜凯,2024-12-19 08:40:08,1,1,0,真的好老师
207109,6151,姜凯,2024-12-19 09:20:37,1,1,0,凯哥我爱你啊，这是我第一次给老师打分，我觉得凯哥值这个分
207213,6151,姜凯,2024-12-20 01:02:57,2,3,1,老师真的超级好www，柔力球比赛评委给的分普遍低，他说不想让我们的分数被压下去太难看专门给我们每个人加分/哭，虽然平时有点严格较真，但是最后一节课也很诚恳地和我们说了抱歉，因为只是想让我们有一个更清晰合理的人生规划之类的，真的很真诚，还告诉我们大学里要怎么做，怎么生活，虽然当时是滑倒第三志愿的但是凯哥真的很好wwww最后一节课很舍不得
207214,6151,姜凯,2024-12-20 01:11:02,3,3,0,10分是查老师的上限，不是我的上限\n\n这学期选的太极柔力球，期末是参加三好杯比赛，可以加竞赛分，专项给分也非常不错，值得选；\n\n老师人特别好，非常温柔，教的耐心细致，只要好好学一定会有高分的，期末还根据我们的反馈调整动作难度，真的非常赞。
207440,6151,姜凯,2024-12-21 15:27:27,-2,1,3,舞龙舞狮神仙课，秋冬选了春夏又来了
207794,6151,姜凯,2024-12-24 09:41:04,3,4,1,⭕️在一个学期同时上了凯哥的舞龙舞狮和体素，满分老师😍\n👉总结：人超好，给分好，课超有趣，每节课必点名，想水的别来\n⭕️舞龙舞狮：\n每节课gps点名。每节课的前半段是以龙为单位玩游戏（训练团队配合和协调性？还有体能）后半段会练动作，最后的考核是自己创编节目并表演。舞龙舞狮没法水，更没法逃。（一条龙缺一个人或者有一个人在摸鱼的话根本没法练）不过为什么会想逃呢舞龙舞狮这么好玩！！另外舞龙如果当龙头的话会很累因为龙头很重（虽然我不是龙头）最后每条龙的专项得分都在95以上。\n⭕️体素：\n想水的别来。雷打不动的gps签到，下课还会不定期点人头。但是是真能学到东西。而且凯哥真的情绪价值拉满，本人体育很烂，但是凯哥给足情绪价值、同学们都在认真练，每节课到最后最后还是能练下来。
209661,6151,姜凯,2025-01-06 12:30:03,0,0,0,非常好的老师，上课既严谨又风趣，为我凯哥打call😃
209722,6151,姜凯,2025-01-07 01:18:04,1,1,0,老师很好，专项课给分好，体育分想高一点，得练好身体素质
209839,6151,姜凯,2025-01-07 08:25:11,2,2,0,太极柔力球，个人认为只要身体不是特别不协调都可以选，专项分最高和最低也就差三分。老师很好的，耐心教学，还会给我们讲一些人生道理。体育分要想高的话，12min跑要比较好。
210597,6151,姜凯,2025-01-09 11:50:30,1,1,0,舞龙舞狮，超级好\n\n上课玩小游戏很有意思，最后节目打分也很宽容（甚至给我们的草台班子加了谦让分hhh）
214915,6151,姜凯,2025-02-19 05:35:26,1,1,0,老师我喜欢泥
215229,6151,姜凯,2025-02-24 17:19:10,1,1,0,满分不解释
215582,6151,姜凯,2025-03-01 15:42:27,1,1,0,老师非常好诶
216050,6151,姜凯,2025-03-10 02:58:58,0,0,0,大一上舞龙舞狮 专项96是下限\n\n大一下接着舞龙舞狮 结果被捞到舞狮队干活\n\n非常推荐 这里先cy 回头接着update
216057,6151,姜凯,2025-03-10 05:15:31,0,5,5,我上的是太极柔力球1.上课情绪不稳定，有个同学动作没做到位被当众训了很久，心情好的时候临下课给我们放歌，心情不好的时候就特会训人。2.上课测试项目很严格，过于求是3.请假消息已读不回，我发好几次才回我几个字，惜字如金4.每节课后面是素质训练，每次练完都挺累的，第二天全身酸痛5.不明白为什么他这么多人推荐，翻开下面评论也不乏和我有相同感受的同学，但点踩数好多，我不理解。。感觉大多数都是舞龙舞狮的同学在推荐，我们太极柔力球的同学的命就不是命吗。如果后面同学们是奔着体验一下他的课来的，这边建议选舞龙舞狮。。。
122202,6412,徐浩,2020-02-20 02:55:16,25,35,10,萨克斯课成本有些高（从来没学过的要买萨克斯和各种配置qwq），不是水课。但是老师很好很负责，有时还挺搞笑的23333，对初学者也非常照顾，经常给初学者练习的机会，在给分上也对初学者有一点提高，总之只要认真练习，有问题及时向徐大反映就能取得一个好的成绩！一门努力和成绩成正比的课qwq\n\n
124299,6412,徐浩,2020-06-29 02:13:57,9,12,3,老师讲课很认真，很耐心，这个课很好，就是这学期因为疫情影响线上有点可惜。
134006,6412,徐浩,2021-03-11 15:57:21,9,12,3,老师长的又帅人又可爱萨克斯吹的又好为什么没有十分
134935,6412,徐浩,2021-04-23 12:40:52,5,9,4,上的老师的西方音乐艺术，学到了很多，老师上课也很有趣
135830,6412,徐浩,2021-05-28 04:40:19,4,8,4,徐大男神
136784,6412,徐浩,2021-06-24 12:11:09,1,7,6,超级好
139919,6412,徐浩,2021-08-19 03:29:13,0,7,7,呵呵哒
148182,6412,徐浩,2022-01-11 23:35:22,7,8,1,老师很好
158317,6412,徐浩,2022-06-28 09:05:29,-28,15,43,给分极烂
168662,6412,徐浩,2023-02-20 15:59:07,6,7,1,选这门课的同学首先得喜欢萨克斯音乐，乐器一定是要反复练习的。真的不喜欢萨克斯的风格练起来真的很痛苦。。。老师对小白和有基础的是分开打分的，所以成绩和练习程度成正比，所以，热爱真的很重要
172020,6412,徐浩,2023-04-17 15:31:04,11,15,4,老师上课给我们讲了很多音乐届的事情是很好的 但是我也就开门见山指出缺点 太随意了 本来是希望来好好扎实学音乐史的知识的 但是老师ppt上很多有趣的文字其实都没有讲 古典主义上浪费了太多时间听 比如莫扎特的《费加罗的婚礼》很多时候是没有字幕翻译的 那我们看了很久也不知道看了个啥 比如课程一开头放的西方音乐史上各个时期发展的脉络 是个外文漫画短片 老师没有清晰解释 那我们也是看了个寂寞 老师希望我们回归到听上是没错的 但不意味着上课就是大段时间放 很多同学直接课上干别的事情就是铁证 本科上过陈列老师的音乐史 是考试让大家听音乐写出作品名称和作曲家 把听留到课后作业不是更扎实吗？而且很多时候我们听音乐其实听不懂 老师有简单讲解 但是古典主义那种很无聊的旋律有时候老师很长时间就没有任何点播。老师最后说古典主义我们比较好理解所以给我们重点多听 浪漫主义就只草草讲了几个作曲家 连柴可夫斯基 马勒都没讲。老师说马勒40岁了再去听 但是很多年轻人其实也很喜欢马勒 包括我这种不太懂乐理 也能被浪漫主义很强的旋律性吸引。总的感觉就是老师的课程编排没有那么严谨 也是比较草率的风格。到了展示环节 老师也没有控制好每个人讲的时间 乖乖讲10分钟的同学和随便乱讲扯了很久的都有 结果还剩下几位同学根本就没机会讲了。老师曾说自己一开始上这门课写了很厚的讲义 但是发现同学都睡着了。可是我感觉现在的模式也没有说特别吸引人。扎实讲知识 介绍介绍乐理 穿插音乐片段 考试是考听 这不好吗？而且每节课也没有点名的情况下 就会出现那种每次都不来 结果展示报名 讲得天花乱坠也不考虑受众感觉 还拿高分的人。也会有那种基本每节课都不来的人。亲眼见每次都来的同学虽然没有报名展示但是分数也一般般 这种真诚没办法在分数上体现出来是不是有点不公平？
179715,6412,徐浩,2023-09-19 12:46:47,2,2,0,好好好
185785,6412,徐浩,2024-01-04 11:23:12,5,5,0,老师上课主要是播放演奏的视频，台下同学大多在做自己的事。老师有时候喜欢输出一些自己的观点（与音乐无关）有时候一些观点有点偏激and大男子主义，有点夹带私货的感觉.....但是主要是期末考核有点怪，所有同学需要写论文加ppt，然后可以自主报名上台展示会有展示分，主要是这个展示很多同学准备了却最后因为时间不够没法上去展示，没法拿到展示分。两次课（每次三节课时）才展示了20个人，报名的就40来个人了，有的同学超过规定的十分钟了。然后最后一节课他宁愿提前二十分钟下课也不多让一两个同学上去......总之有点难评吧
187410,6412,徐浩,2024-01-16 03:23:13,1,1,0,呃呃呃
187440,6412,徐浩,2024-01-16 07:00:07,5,5,0,萨克斯，有些同学有基础的，不过对小白也挺友好。给分还行吧，但是没他上课所说的那么高。。。
187555,6412,徐浩,2024-01-16 14:25:28,-3,5,8,自大，傲慢
190480,6412,徐浩,2024-03-05 13:43:53,0,0,0,非常好老师使我萨克斯技巧进步
190481,6412,徐浩,2024-03-05 13:44:35,4,4,0,老师的西方音乐鉴赏实在太好了，每次上课都让人很放松
196203,6412,徐浩,2024-07-02 07:11:12,4,4,0,外国语言鉴赏\n\n非常好的课程，只有四次数字签到和一个课程论文，一个选做的课堂展示，分数也还不错，大爱徐浩老师
203879,6412,徐浩,2024-11-21 16:02:06,4,4,0,外国音乐欣赏\n\n事情是真真真真真的少\n\n上课氛围很轻松\n\n沉浸在音乐的海洋 触摸历史纵横的艺术纹理 虽然老师第一节课讲过他不是专门搞艺术史的 但是能看出老师对西方音乐发展脉络和影响力深度的把控 也有着自己的见解和思考\n\n作为一门美育课本人还是很推荐的
208290,6412,徐浩,2024-12-26 13:22:55,2,2,0,期末考试结束啦分还没出，来谈谈感受吧，感觉萨克斯学好了是挺有成就感的挺快乐的，而且萨克斯的音色真的太骚里骚气啦，喜欢🥰无需多言。\n\n但是呢每周花的时间至少也是4-8小时and琴房难约阿巴阿巴（冬学期吧，秋学期可能2小时就够了）乐器这东西还是得花时间中间一度崩溃，毕竟冬学期42个学时学萨克斯简直是雪上加霜所以选课的大家请一定考虑好自己的时间哦，这课学的我真是又哭又闹。。。\n\n至于刚刚过去的期末考嘛我唉从来没吹错的地方失误了，并且是开头错，不过好在后面救回来了应该还行不过我也只能这样安慰自己了考试的魅力就是这样不确定性的加持。\n\n给分嘛xh老师好像自说起评分挺好的，期待一下希望有4.5-4.8。哈哈等成绩出来了要好我再分享下经验不然就要误人子弟了。\n\n该说不说如果时间充裕并且喜欢萨克斯的话选上了就去吧，可以从0学会一门乐器诶！！！\n\n感觉戒断反应还挺重的，尤其是期末没完全发挥出来，哈哈遗憾才是生活常态啦，最后感谢老师，老师教的知识很好入门呢！
209092,6412,徐浩,2025-01-04 12:06:20,0,1,1,强推外国音乐赏析
211488,6412,徐浩,2025-01-11 15:35:25,-3,1,4,给分没想象中那么好，明明一个班只有20%的人展示，展示了才4.5
211678,6412,徐浩,2025-01-12 07:01:47,0,0,0,老师很好！强推他的美育课，谢谢老师！
212007,6412,徐浩,2025-01-13 04:21:32,0,0,0,基本都会雷达点名，不过乐器课不去就不会了，点名也很正常。上课讲的很好，也不会很为难人，上台展示演出了但是分数不是很高，可能我期末吹的太一般了吧
213504,6412,徐浩,2025-01-18 02:44:32,0,0,0,评徐浩老师的艺术之门萨克斯|老师人很好，上课也比较轻松，这个学期吹萨克斯从一点点都不会到吹出一首曲子还是成就感满满的！（虽然最后还是吹得有点难听ww），老师最后给了89分太善良了呜呜！
219115,6412,徐浩,2025-05-21 17:00:47,4,4,0,兄弟们，有你们真好
219147,6412,徐浩,2025-05-22 09:49:35,3,3,0,#西洋管乐合奏\n\n加入管乐团才能加入的课\n\nwhat can i say\n\n兄弟们，有你们真好
219963,6412,徐浩,2025-06-12 12:02:44,1,1,0,萨克森课上讲的很通透，确实让我学到了很多。有些吹的还是不好，最后拿到4.5，感觉很好了
126292,6419,孙冠荣,2020-09-22 03:20:06,28,30,2,前国奥队员欸！
126512,6419,孙冠荣,2020-09-29 03:44:51,4,4,0,超好。
126668,6419,孙冠荣,2020-10-13 00:18:23,11,12,1,身体素质课从来都是打卡，超棒
126684,6419,孙冠荣,2020-10-13 13:38:08,4,4,0,人超好超帅
127089,6419,孙冠荣,2020-11-06 09:13:57,3,4,1,真的是个三观很正的老师，人也很好
127269,6419,孙冠荣,2020-11-19 00:31:24,5,7,2,人太好了！
127808,6419,孙冠荣,2020-11-27 10:21:06,2,3,1,素质课就是打卡，好评
128210,6419,孙冠荣,2020-12-13 11:50:44,22,25,3,前职业足球运动员，真的很专业，人真的很好，很关心学生，可惜只能给十分
128240,6419,孙冠荣,2020-12-15 02:22:18,4,4,0,就是因为他，我要上三年足球，超赞的老师.
128257,6419,孙冠荣,2020-12-15 07:54:27,1,2,1,老师很好呀
128400,6419,孙冠荣,2020-12-30 06:01:32,7,7,0,孙冠荣守门法你值得拥有，如果我只是抱着踢足球的心态，我想连选两年孙老师！
128469,6419,孙冠荣,2020-12-23 10:25:01,4,4,0,老师上课真的很亲切，传授的技巧也都很实用，每次上足球课真的是蛮享受的。
128581,6419,孙冠荣,2020-12-24 06:17:41,5,5,0,足球全能门将
128670,6419,孙冠荣,2020-12-25 03:28:37,9,9,0,选选选，选上就赚
128679,6419,孙冠荣,2020-12-25 03:53:13,13,13,0,大家都别选！让我选！！
128798,6419,孙冠荣,2020-12-25 11:35:28,11,11,0,孙导的老学生，孙导其实已经带班好几年了，但是因为体制的原因前几年都是帮柳导带。今年是第一年以自己的名字带班。我去年上过，今年挺遗憾的我本来选上又退了，希望以后还能接着上，来日方长。
128813,6419,孙冠荣,2020-12-25 13:44:11,2,2,0,真的超级nice
128897,6419,孙冠荣,2020-12-26 13:48:14,3,3,0,老师好到起飞
128964,6419,孙冠荣,2020-12-27 12:44:03,2,2,0,好好好，对学生好好，专心指导技术，专业！！！爱了爱了，还是个门神。
128977,6419,孙冠荣,2020-12-27 14:50:09,2,2,0,超级好
129376,6419,孙冠荣,2021-01-05 00:47:35,4,4,0,老师超帅超强！！！
129546,6419,孙冠荣,2021-01-07 04:49:35,189,201,12,如果一间房里有C罗，梅西，孙导。我有一把手枪和两发必须射出的子弹，我会自杀两次。
130088,6419,孙冠荣,2021-01-16 14:39:25,3,3,0,必须满分！！！
130319,6419,孙冠荣,2021-01-20 15:24:01,2,2,0,很棒的老师！
130325,6419,孙冠荣,2021-01-20 15:52:13,1,1,0,老师真的好好呀，还想选可惜没选上
133187,6419,孙冠荣,2021-02-15 06:37:40,1,2,1,好老师，强推
134488,6419,孙冠荣,2021-03-30 05:15:49,2,2,0,超级好的老师 ！ 和气且专业！强推
137211,6419,孙冠荣,2021-07-02 09:32:14,0,1,1,老师人超级好 选就完事了！
143829,6419,孙冠荣,2021-12-08 02:02:05,-6,5,11,想通过足球课提升自己技术水平的，不要选孙冠荣的课，想练球的去选王伟跃，院队主力留
144666,6419,孙冠荣,2021-12-23 04:45:47,4,4,0,很耐心，经常鼓励别人
144733,6419,孙冠荣,2021-12-23 11:01:52,5,5,0,只能说足球不太适合我，但给分必须满分
144876,6419,孙冠荣,2021-12-25 11:24:06,4,4,0,老师人超好！温柔、细心、耐心、贴心，很会照顾人！
146968,6419,孙冠荣,2022-01-08 08:19:57,2,2,0,棒棒棒
148571,6419,孙冠荣,2022-01-13 01:45:18,-6,3,9,班里大佬多，给分有点差（正态所致），但老师是真的好！
148916,6419,孙冠荣,2022-01-14 02:57:00,-11,4,15,请假不理人还算缺勤。。
151132,6419,孙冠荣,2022-02-23 09:45:46,0,1,1,温和又幽默，还有一点帅帅的，身素蛮好的
152833,6419,孙冠荣,2022-04-20 09:06:16,-34,4,38,有别的足球课可以选，为什么选他？
163478,6419,孙冠荣,2022-12-14 12:00:24,4,4,0,身体素质就是打卡和一些很快乐的小训练，不会太累，上完也很精神。
163885,6419,孙冠荣,2022-12-16 11:12:20,0,1,1,真的好老师
164036,6419,孙冠荣,2022-12-17 11:21:35,0,0,0,老师很棒，每节课就练一会儿，然后打卡，会签退
164419,6419,孙冠荣,2022-12-21 02:25:19,7,7,0,下学期选不上足球课了呜呜 来给孙老师捧个场 很可爱的老师，三观很正，必须10分！！
167868,6419,孙冠荣,2023-01-19 15:18:25,1,1,0,真的好
170652,6419,孙冠荣,2023-03-07 14:55:04,22,26,4,孙老师的五人制足球的助教好帅，听说还是大一新生，戴眼镜和不戴眼镜都很帅，态度也很好，听说还是工信高材生，真的i了i了，有没有uu有助教的联系方式啊（眼巴巴.jpg）
170653,6419,孙冠荣,2023-03-07 15:03:30,3,3,0,我也想要助教联系方式
172418,6419,孙冠荣,2023-04-26 12:21:27,1,1,0,好好好
174668,6419,孙冠荣,2023-06-15 09:54:14,1,1,0,非常好老师，爱来自瓷器。\n\n孙老师非常认真、负责，课也上得很好，本身也有实力
174998,6419,孙冠荣,2023-06-21 01:23:36,3,3,0,出分前先评价一下。\n\n挺负责认真的老师，足球专项考试比较难，但是老师会尽量掐头去尾减少一点时间（共25分，男生10s满分，16s及格，但是分数并不是均匀分布的，时间越少分布越稀疏，我11.5s只有85分），技术分（15分）每个人都不会低于75，把我捞到了90以上了（我的动作应该不是很好，技术分也基本上和时间挂钩的）。\n\n理论考试要去机房考，开卷，但是略有点难，像什么没有在中超拿过冠军的是哪一支队伍，只有84分（悲）。\n\n上课的时候是30min签到热身，30min练习，30min比赛，感觉热身时间比较长。
175924,6419,孙冠荣,2023-06-27 06:58:44,0,1,1,老师太棒了
175925,6419,孙冠荣,2023-06-27 06:58:46,0,0,0,老师太棒了
176076,6419,孙冠荣,2023-06-27 14:45:22,1,1,0,老师人不错，给分其实也比较松，快选！
180078,6419,孙冠荣,2023-09-20 08:59:26,1,1,0,老师太棒了！
183724,6419,孙冠荣,2023-11-29 08:28:45,11,11,0,有能！名将！
185109,6419,孙冠荣,2023-12-26 10:07:48,2,2,0,特别好
193194,6419,孙冠荣,2024-06-04 09:59:49,-20,5,25,真的是难蚌，点名小子\n\n虽然说体素课本身就是史，虽然说所有老师都会点名，但是我之前的体素老师都是课前固定时间雷达点名，基本签个到就能走\n\n孙癫公可好，这个学期不知道换了几次点名方式了，从课前到课中到课后点名的都有，今天上课更是离谱的一个个点名手动签到，然后看到签到的时候多来了几个同学就发电，“这样你们去上其他老师的体素课好了”，怎么同学们想上体素课了是怎么着？？？啥比
193455,6419,孙冠荣,2024-06-11 06:23:06,1,3,2,考核能放的还是在放的，教的也很好，很体谅同学 无脑选
193473,6419,孙冠荣,2024-06-11 08:53:55,-9,6,15,体素课每一节课都点名，每一节课都是硬课，要么跑步（6圈起步）要么核心训练，还时不时阴阳怪气，没有特别固定的点名时间，会突然一个个口头点或者挑阴间的时间点；大太阳天或者下雨天也是照常该怎么上怎么上不会通融；请假难请，必须现场请或者假条送过去，钉钉不读不回。不多说，上过今年体素的都懂。
194743,6419,孙冠荣,2024-06-25 07:56:53,0,1,1,非常好老师！！
194760,6419,孙冠荣,2024-06-25 09:27:26,2,2,0,五人制足球如果不是纯足球小白是很好的课
197284,6419,孙冠荣,2024-07-10 08:48:28,0,1,1,足球中级班体验不错
199886,6419,孙冠荣,2024-10-07 03:25:23,2,2,0,对女生很友好，老师很帅长得像孙兴慜！
206150,6419,孙冠荣,2024-12-13 06:29:41,4,4,0,超级超级超级超级好的老师，非常非常体谅学生，签到一般在课程中途，意味着迟到也能打上卡，有一次去的实在太少了，开课签到，但是最后还是放了所有人一马，老师真的很好很好很好，但是建议热爱足球，或者有基础的选，不然最后那个绕柱是硬伤（本人只有11s）
206245,6419,孙冠荣,2024-12-13 10:57:08,0,0,0,狠狠点了孙老师 人真的很好
206443,6419,孙冠荣,2024-12-15 06:36:46,3,3,0,完全站在学生这边的老师，面对女生班没有爹味特别真诚负责，五人制最后考试是绕杆后射门
206840,6419,孙冠荣,2025-01-14 07:30:40,3,4,1,五人制足球    1.0学分    87/4.2\n\n课程老师：孙冠荣\n\n课程分数构成：体育课的分数构成\n\n老师上课体验：老师人很好，考勤很松，考勤是放在课中，迟到一会儿没什么关系。请假的话也可以下一次消掉，然后12分钟跑和引体向上计分都比较宽松的。上课内容大致是先练习后自由组队比赛，练习有时以游戏代替，游戏一般是用手玩足球。老师对女生挺友好的，虽然鼓励和男生一起踢但也不强求。\n\n课程学习体验：我是一个热爱足球但不太会踢球的人。五人制足球专项考试的内容是带球绕杆射门，男生12秒满分，女生17秒满分，射门不进加2秒，杆倒加1秒。有一个足球基础的人不会太差，我最后成绩是12.9秒，换算成百分制是91分，整体还算挺不错，班上满分的大佬也很多。如果不踢球的女生没得选其他的体育课这门课还是挺不错，尤其是孙老师开的课，对女生的考核很宽松，17秒的容错空间很高很高，如果平时认真练习的话基本最后都是满分，我们班的女生就都是满分。男生零基础选的话还是要慎重，足球课的专项考核还是有一定难度的。
207293,6419,孙冠荣,2024-12-20 07:48:50,3,3,0,老师真的很好，足球初级女生很少，可能会有点孤单，但是参与感也很强，经常踢比赛，很鼓励大家，期末考试对于无基础人群一点点难度，认真练很好过。
209601,6419,孙冠荣,2025-01-06 10:38:53,1,1,0,外瑞古德
210377,6419,孙冠荣,2025-01-09 04:18:34,0,0,0,满分！！！
210847,6419,孙冠荣,2025-01-10 05:31:20,2,2,0,前申花球员，人超超超好，对学生超超超有耐心，还从来不凶\n\n给分也非常好，十二分钟跑会放一点水，引体向上会放大海~\n\n五人制足球期末的绕杆难度也不大，喜欢足球的友友们放心冲孙导的课就好！！
212818,6419,孙冠荣,2025-01-15 03:38:13,0,0,0,孙老师太好了！必须满分！
214061,6419,孙冠荣,2025-01-23 10:28:18,0,0,0,孙导无敌
214118,6419,孙冠荣,2025-01-24 13:06:31,0,2,2,不如李政秋
214938,6419,孙冠荣,2025-02-19 07:37:40,2,2,0,老师很有意思，很好玩儿，很体谅学生，我上的是体素课，老师课不是很水，会有点累，但也还好，跑跑就好了，老师一点都不严
214950,6419,孙冠荣,2025-02-19 09:05:55,2,2,0,他简直是天使
217698,6419,孙冠荣,2025-04-15 09:02:03,3,3,0,追评下上学期\n\n神，女生推荐选
125411,6434,蓝天宇,2020-09-08 07:52:34,5,16,11,完美哦
125878,6434,蓝天宇,2020-09-15 08:38:51,21,41,20,胖子中的男神
128604,6434,蓝天宇,2020-12-24 14:20:13,7,16,9,身体素质课超好，唯一的任务就是打卡
130329,6434,蓝天宇,2021-01-20 16:24:07,3,11,8,浙大篮球第三代教练，强推蓝老师，讲课非常耐心，人也很好。
131080,6434,蓝天宇,2021-01-26 01:15:26,3,9,6,身体素质课选他！
131690,6434,蓝天宇,2021-01-28 12:31:27,4,8,4,老师人挺不错的
136515,6434,蓝天宇,2021-06-20 03:06:54,3,9,6,蓝老师挺好的，会让你补考到过
140460,6434,蓝天宇,2021-09-12 11:33:58,-142,51,193,听说蓝老师因为贪污腐败，开除出教师队伍了。这么好的老师可惜了
144583,6434,蓝天宇,2021-12-22 11:57:30,3,6,3,虽然上课老是被老师揪出来说哪里动作不对 但老师真的挺好的
144846,6434,蓝天宇,2021-12-25 06:19:22,2,4,2,老师很好
162672,6434,蓝天宇,2022-12-03 11:41:14,7,8,1,老师不太好说话捏…
163698,6434,蓝天宇,2022-12-16 03:21:47,1,4,3,身体素质课就选他！上课只需要签到+打卡，太爽了
163789,6434,蓝天宇,2022-12-16 06:05:03,-2,2,4,体素课选他超爽的好吧，不接受反驳。打卡结束就能走，想划水的uu们快来
164132,6434,蓝天宇,2022-12-18 09:18:35,-2,3,5,为蓝老师的体素课打的分，基本没其他要求，上课签完到就直接放我们去锻炼，没别的事
164411,6434,蓝天宇,2022-12-21 01:55:12,-4,4,8,好老师 认真上课绝对有进步
171150,6434,蓝天宇,2023-03-17 03:37:50,7,15,8,老师有点不负责任，什么通知都要同学在群里问😰
171547,6434,蓝天宇,2023-04-28 16:15:22,10,11,1,不看消息
171811,6434,蓝天宇,2023-04-06 08:57:43,32,43,11,通知考试前一天再发，考试内容当场再说，学生消息不回，合理诉求不理睬，对学生态度傲慢，非常好的老师👍再也不会选了
174045,6434,蓝天宇,2023-06-06 02:31:53,5,8,3,态度很差
174167,6434,蓝天宇,2023-06-07 02:53:51,-1,1,2,态度很不好
181814,6434,蓝天宇,2023-11-01 11:44:14,-1,1,2,身体素质课非常轻松
182012,6434,蓝天宇,2023-11-08 04:37:50,7,9,2,狗屎老师，上课像我欠他钱一样
182219,6434,蓝天宇,2023-11-13 02:34:08,1,2,1,被针对了
183651,6434,蓝天宇,2023-11-28 07:13:35,26,27,1,牢大的粉丝
184484,6434,蓝天宇,2023-12-20 13:06:32,3,3,0,很糟糕很严格
184544,6434,蓝天宇,2023-12-21 14:05:52,-1,3,4,体素课划水的来 很轻松 十几二十分钟就下课了
188102,6434,蓝天宇,2024-01-18 07:56:31,-3,6,9,不理解为啥老师分这么低，感觉人挺好的
190436,6434,蓝天宇,2024-03-04 03:46:05,5,5,0,从来不在群里通知，傲慢得一匹
192146,6434,蓝天宇,2024-05-10 03:33:06,0,1,1,喜欢不起来
192274,6434,蓝天宇,2024-05-13 09:03:15,3,3,0,秋冬学期上的篮球课，手冷且菜，中投投不进一点，个别指导补考到及格
195003,6434,蓝天宇,2024-06-26 08:07:34,5,6,1,曼巴门徒👍
197969,6434,蓝天宇,2024-08-22 03:02:31,0,0,0,水字数
199348,6434,蓝天宇,2024-09-21 12:00:04,0,2,2,莎比一个。从不会信息
200824,6434,蓝天宇,2024-10-23 03:52:26,1,1,0,小心啊会随机喊到点名，不要gps点名就万事大吉了
206210,6434,蓝天宇,2024-12-13 08:42:36,1,3,2,一个煞毕，脑子进史了，家里没私两三个人都不会是这种狗样，评论区里骂的还是太保守了
207832,6434,蓝天宇,2024-12-24 12:10:41,1,1,0,我觉着挺有意思
209470,6434,蓝天宇,2025-01-07 03:11:13,0,0,0,体素课很水
211663,6434,蓝天宇,2025-01-12 06:17:02,0,1,1,身体素质课就是每节课走两圈，跑3圈，挺水的。其他运动量基本没有可以水过去。经常提前下课。可以选，事情少。
213644,6434,蓝天宇,2025-01-18 16:44:57,0,1,1,是谁说他的体育课水的？给我站出来\n\n前面领跑的超雄哥你没事儿吧？跑那么快赶着去投胎哪？\n\n上课先走两圈跑三圈，是很好的水课机会，前提是领跑的不是超雄😇
214748,6434,蓝天宇,2025-02-17 09:04:50,1,3,2,体素就选他，懂得都懂。\n\n反向拖堂，最多反向17分钟。\n\n跑步是三圈，但是你想偷两圈也是比较简单的。\n\n签到是下课签，雨天就足球场集中然后签到解散。
215654,6434,蓝天宇,2025-03-03 11:17:19,0,1,1,愈发怀念你的体素课
216977,6434,蓝天宇,2025-03-31 00:10:20,1,1,0,老师特别好 只要认真看通知就不会有什么问题 请假的同学到最后都会给补上
218625,6434,蓝天宇,2025-04-27 10:03:30,1,1,0,体素强度不小
122195,6786,赵峰,2020-02-20 01:44:48,5,7,2,选了他的游泳初级~抱着水学分的心态去的，因为我之前就会了。但是老师人好，一视同仁，亲切幽默，给分就不说了吧，当然好啊~选他选他选他
122331,6786,赵峰,2020-02-24 08:20:40,2,2,0,赵峰老师绝对10分！
122389,6786,赵峰,2020-02-26 05:04:53,5,6,1,赵峰老师超级可爱的！！！体辅课超级贴心，刮风下雨都不上，人超好！！！
122566,6786,赵峰,2020-03-04 06:02:21,1,1,0,赵老师很年轻，跟大家有共同语言。上课很负责，给分也很好！
123428,6786,赵峰,2020-06-09 01:32:19,4,4,0,遇到过最好的体育老师，体辅相比其他老师很舒服，游泳课就更不用说啦
123467,6786,赵峰,2020-06-09 05:10:43,1,1,0,不错不错
123689,6786,赵峰,2020-06-11 13:38:37,0,1,1,老师人很好的，非常为学生着想，绝对的好老师！！！
123729,6786,赵峰,2020-06-13 03:40:48,1,1,0,吹爆赵老师！！！！
123744,6786,赵峰,2020-06-13 08:34:35,4,4,0,老师超好！能上赵老师的体辅课也太幸福了⁄(⁄ ⁄ ⁄ω⁄ ⁄ ⁄)⁄
124509,6786,赵峰,2020-07-02 07:15:11,0,0,0,赵峰老师的游泳课超好，人也很和善，给分也高！
125187,6786,赵峰,2020-09-03 08:15:37,5,6,1,老年人怒答一波！紫金港2年体育课，我选了4回游泳，3次是赵峰，1次是黄力（这次体育辅导选的还是赵峰）。选4次不是因为不会，而是想摸鱼（笑）。第一次我报的是中级班，算是勉强学会了自由泳（不是赵老师不行啊，是我蛙泳游惯了。老师给了我4.8我爱死他了）后面我一直报的初级班，因为和老师已经互相认识了（毕竟上了这么长时间了嘛哈哈哈），所以课上也不怎么管我。但老师人真的很好很负责。像个大哥哥一样可可爱爱的，也很认真耐心地教导我们。因为是新老师的缘故所以以前都没有赵老师，这回突然想回来看看，马上决定这波必须给10分！\n\n【当然黄力老师也很棒的，没选到赵老师大家也不要担心】
125773,6786,赵峰,2020-09-14 07:04:26,0,0,0,给赵老师打call，人超好。
126417,6786,赵峰,2020-09-25 09:07:12,0,0,0,太好了 实在是好
126589,6786,赵峰,2020-10-05 02:51:02,1,1,0,！！！赵老师人好好的
126631,6786,赵峰,2020-10-09 13:39:52,0,0,0,老师超好啊
128653,6786,赵峰,2020-12-25 02:33:57,0,0,0,非常好👍
130320,6786,赵峰,2021-01-21 06:56:43,3,3,0,大爱赵峰老师\n\n赵峰老师帅帅帅
130956,6786,赵峰,2021-01-25 11:30:37,33,44,11,yyds，老师人太好了。记忆最深的就是自己没看清时间提前去了杭师大，老师特意开车去救我(ಡωಡ)
131994,6786,赵峰,2021-01-30 02:01:55,0,0,0,老师很好
135859,6786,赵峰,2021-05-30 06:05:38,1,1,0,超级好的老师!选他!
136149,6786,赵峰,2021-06-11 10:38:03,1,1,0,男神 憨憨可爱
136187,6786,赵峰,2021-06-12 06:36:08,10,13,3,老师真的很可爱！！！给分贼好，中级班考核只要游二十五米标准的自由泳就可以啦。选了两次了，上学期去杭师大，这学期紫金港游泳馆。在紫金港因为不用赶路所以练的时间多了，会有点累但也很爽。我太喜欢游泳课了呜呜，也喜欢老师
137134,6786,赵峰,2021-07-01 11:29:44,2,3,1,不多说，赵峰yyds！！！
137371,6786,赵峰,2021-07-03 13:54:32,3,3,0,赵峰老师的课，选就对了！\n\n选上了真的是欧皇中的欧皇(俺是补选上的😭)
139204,6786,赵峰,2021-07-13 08:29:04,0,1,1,谢谢老师！大学第一个满绩！\n\n游泳初级班97～
140791,6786,赵峰,2021-09-16 05:29:16,2,2,0,可可爱爱
144009,6786,赵峰,2021-12-16 01:06:51,10,10,0,超级可爱，给分很好。\n\n游泳的时候，像一只水獭。
144331,6786,赵峰,2021-12-21 06:02:09,2,2,0,超好的老师
144543,6786,赵峰,2021-12-22 07:44:51,1,1,0,【游泳（初级班）】很不错的老师，教的也好
149568,6786,赵峰,2022-01-16 03:55:56,0,1,1,灵活可爱给分好的胖胖～～跑了四圈半，最后满绩呜呜呜
151746,6786,赵峰,2022-03-14 12:22:53,-10,3,13,我呵呵
153344,6786,赵峰,2022-04-28 09:01:51,5,5,0,峰峰我的超人！！！可可爱爱白白胖胖，特别能唠！！给分的神！！！要是年年都能选上就好啦
153817,6786,赵峰,2022-05-12 03:03:45,-9,3,12,。。。
154348,6786,赵峰,2022-05-30 16:16:18,0,1,1,体素课√\n\n好可爱
155735,6786,赵峰,2022-06-15 12:04:07,0,0,0,赵峰，我的超人！
159883,6786,赵峰,2022-09-08 00:31:23,18,18,0,峰哥我男神好吧！！大四下的时候选了游泳课，因为年纪比较大被老师重点关注了，每次课都会跟老师聊上两句。\n\n有次跟老师抱怨说研究生没有游泳课，想学只能选本科生课。结果，峰哥这学期就开了研究生游泳课，就峰哥独一份，我真的哭泣🥺
160874,6786,赵峰,2022-10-17 16:27:29,0,0,0,超级好
163855,6786,赵峰,2022-12-16 08:55:38,1,1,0,体素基本上每节课都会留时间打卡，下雨会绕着体育馆跑两圈就解散!很想再选，可惜时间冲突了。
163961,6786,赵峰,2022-12-17 02:45:08,12,12,0,人很好，哪里好我也说不出，总之都很好，12分跑下小雨，给我们每人加200米，爱死，(虽然不加我也满分
164033,6786,赵峰,2022-12-17 10:57:36,2,2,0,吹爆赵峰老师，平时游泳课教得耐心，十二分钟和引体向上会稍微放点水。
164112,6786,赵峰,2022-12-18 07:07:23,6,6,0,虚空加两百！本人耐力依托答辩，当天十二分钟有一点小雨，最后刚刚过2000m，多了几步直接写了2200
164408,6786,赵峰,2022-12-21 01:48:26,9,10,1,感谢赵峰老师，在课上遇到了crush[滑稽]
164421,6786,赵峰,2022-12-21 02:28:09,2,2,0,体素课，水水的，每节课热身打卡 老师很可爱！
171136,6786,赵峰,2023-03-16 15:45:41,1,2,1,峰哥游泳课在岸上摸鱼讲他的故事我们在下面吃瓜吃的津津有味，半截体育课过去了。真的很轻松很放的开
171154,6786,赵峰,2023-03-17 05:20:24,1,2,1,呜呜呜呜我爱峰哥！从初级班到中级班再到高级班，技术好性格好人品好！
171417,6786,赵峰,2023-03-23 23:33:19,2,2,0,超级好!上课会和人聊天，很关心学生，平时可可爱爱，上课比较自由，给分也好
172151,6786,赵峰,2023-04-20 14:48:46,1,1,0,赵峰老师yyds！！选他选他！
174460,6786,赵峰,2023-06-12 13:49:37,0,0,0,男神！！！吹爆！！
177972,6786,赵峰,2023-07-06 01:57:58,0,0,0,峰哥课上的好，给分绝对厚道，真的相当能捞
184595,6786,赵峰,2023-12-22 02:24:47,0,0,0,上了体素课，老师人很可爱！运动量也少
184684,6786,赵峰,2023-12-22 07:23:53,0,0,0,人很好，有技术，给分也很宽容，快下课时有时会分享他抽《崩坏：星穹铁道》最近池子的进展，还会炫耀他的号
184819,6786,赵峰,2023-12-23 06:12:06,37,42,5,你说的对但这就是赵峰，年龄三十加，体重一百八，玩阴阳师，玩原神，玩星铁，玩魔兽，甚至发攻略，一次夜宵要吃六袋泡面，不想下水游泳不用请假直接坐泳池旁边，十二分钟跑直接加两百米，上课就蹲泳池旁和摸鱼人聊天，下课永远比别的老师提早十分钟，小保底歪了就啊啊啊啊啊啊啊啊
186591,6786,赵峰,2024-01-12 03:26:55,2,2,0,赵峰老师的体素课：上课后几分钟才签到，签完走半圈慢跑一圈半，然后准备活动。一套下来半节课就过去了。之后也是一些简单的动作练习。适合想水的同学，想要认真上体素课的还是不要选了。\n\n老师e人，非常擅长搭话聊天，很快乐阳光的大男孩，超关心同学，身体不舒服都可以在旁边休息。\n\n钉钉状态：（鸡腿）干饭中。可以是非常形象了XD。
187961,6786,赵峰,2024-01-18 02:01:12,3,3,0,超级好老师！全心全意为学生着想，人帅技术好！风趣幽默！
187973,6786,赵峰,2024-01-18 02:33:35,5,5,0,游泳无脑选就完了。\n\n以下为引用：\n\n这就是赵峰，年龄三十加，体重一百八，玩阴阳师，玩原神，玩星铁，玩魔兽，甚至发攻略，一次夜宵要吃六袋泡面，不想下水游泳不用请假直接坐泳池旁边，十二分钟跑直接加两百米，上课就蹲泳池旁和摸鱼人聊天，下课永远比别的老师提早十分钟，小保底歪了就啊啊啊啊啊啊啊啊\n\n氪佬，会向你炫耀崩铁的号
188585,6786,赵峰,2024-01-19 10:14:43,3,3,0,选上赵老师的课你就偷着乐吧
189193,6786,赵峰,2024-01-22 09:45:03,3,3,0,赵峰老师的体素课特别轻松。上课6:50基本七点才会签到，签完到不会再点人数所以如果想可以乘跑步的时间偷溜。每节课也没有特别大的运动量，然后再提前个五分钟左右下课。中间有一次下大雨我们去东操集合以后他说这节课的运动项目就是回去哈哈哈。感觉像是大男孩的那种，大家都来冲
191596,6786,赵峰,2024-04-25 15:11:05,2,3,1,不多说，体素的神
193872,6786,赵峰,2024-06-20 11:13:36,1,1,0,老师人太好了
196282,6786,赵峰,2024-07-02 21:56:12,1,2,1,满分的赵老师，无需多言！
197292,6786,赵峰,2024-07-10 11:47:49,1,1,0,峰哥我永远的神呜呜呜
198179,6786,赵峰,2024-09-04 02:28:20,4,4,0,好，实在是好，不许忤逆
198891,6786,赵峰,2024-09-12 12:33:24,5,5,0,这不满分给谁满分
205533,6786,赵峰,2024-12-09 00:33:22,2,2,0,赵老师我男神！
205585,6786,赵峰,2024-12-09 15:00:25,1,1,0,真的好老师
205647,6786,赵峰,2024-12-10 13:56:35,2,2,0,好老师无需多言
205847,6786,赵峰,2024-12-12 09:21:19,6,6,0,特别可爱的老师，喜欢在课上和学生聊天，爱玩星铁，上课可以认真游也可以水。选了两年半他的课，半年体素两年自由泳，特别幸福！\n\n有时候越过浮标的时候会从上面滑过去，太可爱了。实际上表演游泳的时候速度飞快！
205879,6786,赵峰,2024-12-12 12:05:57,1,1,0,神中神，无痛选，盲选，随便选
206048,6786,赵峰,2024-12-13 04:05:43,1,1,0,无需多言，满分哥
206294,6786,赵峰,2024-12-13 15:05:39,0,0,0,赵老师真的很好
206470,6786,赵峰,2024-12-15 11:06:51,0,0,0,很可爱的老师，游泳课很轻松
206958,6786,赵峰,2024-12-19 01:21:43,0,0,0,怎么今年不聊原神了？
207945,6786,赵峰,2024-12-25 04:34:20,1,1,0,还请过我吃饭😎😎
208246,6786,赵峰,2024-12-26 11:01:03,1,1,0,最轻松的一集，赵峰老师yyds
209466,6786,赵峰,2025-01-06 04:44:45,1,1,0,很好的老师，而且游泳初级给分真的很好。
210043,6786,赵峰,2025-01-08 03:55:32,2,2,0,超级好的老师，游泳初级班给分超高！！！闭眼选
218971,6786,赵峰,2025-05-15 10:30:17,0,0,0,好老师，无需多言。
221093,6786,赵峰,2025-06-21 08:21:04,0,0,0,峰哥我的神
122273,7094,翟旺旺,2020-02-22 03:23:58,7,8,1,旺总超级棒
122275,7094,翟旺旺,2020-02-22 07:05:23,12,16,4,旺哥超和蔼！最后期末考还捞了我一把，94加到95，满绩哈哈哈 大家可以放心选他的课！ps：我上的是旺哥教的皮划艇，在选课系统里挂的是徐亚萍老师的名字
122522,7094,翟旺旺,2020-03-03 07:50:27,5,5,0,旺旺真的超级nice  给分也超级好
122593,7094,翟旺旺,2020-03-05 15:52:44,11,14,3,核心力量练习的bgm是havana\n\n但是听吐警告
126842,7094,翟旺旺,2020-10-23 03:00:03,36,39,3,我上了一个学期旺旺老师的身体素质课，每节课必点名，而且都有训练计划，上肢腰腹下肢轮着来，不会像有些老师一样象征性集合完就放人。人很nice，认真负责讲课有意思，虽然运动量环比其它老师比较大，但是真的完不成老师也不会批评。很喜欢他哇，想要身体素质课拿来打卡水水就过的还是避开吧，想要认真锻炼培养身材学运动知识的选他没错。
127076,7094,翟旺旺,2020-11-05 08:58:22,2,3,1,老师人还不错，就是体辅太累了
128948,7094,翟旺旺,2020-12-27 10:24:03,7,7,0,旺旺男神！人很好很负责的，有一天迟到了，没划上龙舟。本来以为这节课必定记缺勤，但是补练后就算我到了，很体谅人。讲课也很细致，一个学期从龙舟小白到能跟上组员节奏，旺旺功不可没
129286,7094,翟旺旺,2021-01-03 13:20:34,7,7,0,很讲武德翟旺旺\n\n快选
129305,7094,翟旺旺,2021-01-04 04:05:43,20,20,0,旺旺老师真的很温柔善良，每节课都不用划五千米～\n\n说实话，水上运动真的好幸福呀，是必须要体验一下的！
129692,7094,翟旺旺,2021-01-11 03:08:44,3,6,3,累，他的身体素质课真的累，还特别较真，你翘课的话他一定会记缺勤的
130307,7094,翟旺旺,2021-01-20 14:38:31,5,5,0,龙舟课很好玩，体辅确实累了点，不过人超好
130342,7094,翟旺旺,2021-01-21 05:38:30,11,11,0,上的体辅课，确实累，而且旺旺的点名是真的严格，不能水，偷偷早退也不行。\n\n但是人真的很好，我有一次漏签了跟他说他也会帮忙补！
130381,7094,翟旺旺,2021-01-21 13:35:41,3,3,0,给分超好
130975,7094,翟旺旺,2021-01-25 12:35:52,10,10,0,人好敬业给分高，俺看俺大一的运气大部分都花在找到宝藏体育老师上了！下学期继续旺旺！
132090,7094,翟旺旺,2021-01-30 07:50:10,8,12,4,很好！就是冬天的龙舟课太冷了，其他都很棒！
134140,7094,翟旺旺,2021-03-17 03:15:43,7,8,1,龙舟专项课给分出来以后，室友都羡慕哭了
134230,7094,翟旺旺,2021-03-20 04:14:03,23,23,0,旺旺超好，然而体辅课上的他就是keep代言人
135703,7094,翟旺旺,2021-05-19 13:40:43,7,7,0,老师人很好，没有架子，没有代沟
136488,7094,翟旺旺,2021-06-18 16:13:10,6,6,0,好可爱！装作很严肃的样子，但完全严肃不起来，龙舟课好有意思！
136941,7094,翟旺旺,2021-06-28 11:41:03,2,3,1,龙舟放心选，旺总人真的超级nice！
137150,7094,翟旺旺,2021-07-01 13:46:45,5,5,0,旺旺yyds\n\n选他就完事儿了
139156,7094,翟旺旺,2021-07-13 04:01:53,3,3,0,好耶！
141809,7094,翟旺旺,2021-10-27 03:04:48,8,8,0,旺总龙舟队成员。旺总人挺不错，刚柔并济，有点闷骚，训练量巨赞。
143953,7094,翟旺旺,2021-12-14 06:14:19,11,11,0,超爱旺总！！
144424,7094,翟旺旺,2021-12-21 12:27:00,3,3,0,谢谢老师！
145443,7094,翟旺旺,2021-12-29 15:12:51,5,5,0,吹爆旺旺老师！老师人非常nice，教得很耐心很好！！划龙舟虽然特别累，但感觉非常有意思！老师的专项其实挺有收获的，真的是在锻炼我们的身体素质和力量。
145955,7094,翟旺旺,2022-01-04 15:48:46,14,15,1,不给十分我都不好意思！旺总给了大学第一个满绩！
146669,7094,翟旺旺,2022-01-07 07:28:57,3,3,0,身体素质课很认真，但是我很多动作都做不出来。。
149358,7094,翟旺旺,2022-01-15 07:11:53,3,3,0,旺总yyds！
149390,7094,翟旺旺,2022-01-15 08:19:53,4,4,0,旺旺，我们的超人，yyds，帅爆了！！！
149404,7094,翟旺旺,2022-01-15 08:49:28,2,2,0,旺总yyds
149991,7094,翟旺旺,2022-01-18 07:44:05,3,3,0,身体素质课吹爆，很硬核也很累\n\n对于想好好上的人很友好，想划水还是换一家吧
150588,7094,翟旺旺,2022-01-31 12:46:28,4,4,0,超级棒！！！满分满绩！！！\n\n旺总的龙舟一定要上！
152076,7094,翟旺旺,2022-03-25 03:12:07,3,3,0,我永远爱旺旺！旺旺真的太好了！上的龙舟课，专项满了！而且真的和大家打成一片！
152399,7094,翟旺旺,2022-06-27 05:46:54,10,10,0,旺旺老师人好好的，我皮划艇掉了水里两次，救我上来的时候，旺旺的手还被船舵划开了去打了破伤风，旺旺好好
154576,7094,翟旺旺,2022-06-02 07:53:04,10,12,2,大学以来第一个满绩，本人还是不擅长体育那种，十分不解释
156113,7094,翟旺旺,2022-06-17 14:52:37,1,1,0,旺总必须十分
156190,7094,翟旺旺,2022-06-18 06:00:29,4,4,0,其他项84.5分，已经不抱希望了，可是旺总体育理论10分爆捞，直接冲到满绩呜呜...\n\n\n\n老师上课很认真的，这学期同时选了皮划艇和身体素质课，学到了很多东西。身体素质课干货很多，堪称Keep代言人hhhh。皮划艇课除了划水以外，还去过风雨操场进行陆上训练，教了我们50m怎么跑，去东西操那边的力量房做很多有意思的训练(比如“有意思”的卧推hh)，也在西操集体溜圈！划水的时候也经常组织集体活动，上课热身还会精心准备小游戏！\n\n\n\n好爱...
156529,7094,翟旺旺,2022-06-20 07:46:22,2,2,0,第一次体育课满绩在旺旺老师这里！
156616,7094,翟旺旺,2022-06-20 11:56:59,3,3,0,给旺总打10分是最高只有10分\n\n龙舟初级 中级都满了\n\n只要认真学动作要领 龙舟满很轻松的\n\n旺总人超级棒 是很认真负责的体育老师 讲解的时候身体力行  \n\n热身的时候总是有新奇的小游戏  \n\n12min跑也会送一点  \n\n总得来说满分满分 放心冲
157073,7094,翟旺旺,2022-06-21 23:18:05,11,12,1,很喜欢的体育老师，而且我很喜欢他的身体素质课，我连续选了两个学期。在夜晚的操场上运动四十分钟其实很惬意，练核心的时候休息时间躺着看星星真的很棒。。旺总会把锻炼变得很有趣（很多奇奇怪怪特别滑稽的动作），而且我个人觉得难度、强度不大。\n\n\n\n如果只想水一水身体素质课的建议选别的老师，毕竟认真上课但是被骂的旺旺也会伤心的。想每周都有四十分钟抛开一切畅快地运动一下的同学，旺总的课一定不会让你失望。
158500,7094,翟旺旺,2022-06-30 00:22:44,2,3,1,水上运动yyds\n\n选的旺总的龙舟课，我们那一个班的三个小组划得都很快，都在1分8秒左右。于是专项满了。\n\n平常上课比较轻松快乐，有各种各样的小游戏。\n\n总之选就对了！
163982,7094,翟旺旺,2022-12-17 04:55:53,0,0,0,十分 必须十分。旺旺没有10.0我不认可
164072,7094,翟旺旺,2022-12-17 17:45:51,2,2,0,旺旺人超好，性格很有亲和力会和学生打成一片。讲课很耐心很认真，能实打实学到一些东西！必须给10分！
164471,7094,翟旺旺,2022-12-21 07:07:22,6,6,0,旺旺人真的超好，我第一节课身体不适晕倒了，然后旺旺就一直记住我，每节课都会问我吃没吃早饭，身体状况怎么样555
172317,7094,翟旺旺,2023-04-25 03:49:57,0,0,0,旺旺真的超级超级好！\n\n自我感觉自己并没有很优秀，但是最后还是满绩了！感谢旺旺！
172462,7094,翟旺旺,2023-04-27 08:09:50,3,3,0,史上第一个满绩！必须10分
177704,7094,翟旺旺,2023-07-04 11:11:33,1,1,0,最好的旺旺！
181169,7094,翟旺旺,2023-10-10 14:32:37,1,1,0,老师好人
184370,7094,翟旺旺,2023-12-18 10:13:21,1,1,0,业界良心好老师，大学最后一次体育课选的他的课，圆满
185113,7094,翟旺旺,2023-12-26 10:42:59,0,0,0,超爱旺总
187052,7094,翟旺旺,2024-01-14 09:24:31,-12,0,12,上都是皮划艇，上课都点名，但是老师出差了下半学期，有点不是特别好。老师也基本不提醒我们冬天要带手套，多冷的冬天啊
187254,7094,翟旺旺,2024-01-15 10:15:00,2,2,0,负责、事儿少、人好
188840,7094,翟旺旺,2024-01-20 07:27:32,1,1,0,上的皮划艇\n\n中间落过一次水，然后PTSD特别怕落水，期末考基本上不太敢放开划，但是专项成绩还可以\n\n我这边给翟总磕一个
188951,7094,翟旺旺,2024-01-20 21:59:10,7,7,0,一个班级满分你自己品
190135,7094,翟旺旺,2024-02-23 13:03:22,1,2,1,老师真的很棒
190143,7094,翟旺旺,2024-02-23 16:48:04,3,3,0,翟老师认真正直，谨慎负责，幽默风趣，平易近人；他善于指导学生增益水上运动之理解，培养其对于体育运动之热情。他的《龙舟与赛艇》之龙舟课程形式多样，内容新颖，体验较佳；给分公正，但仅凭成绩而言比较理想。
195427,7094,翟旺旺,2024-06-28 04:20:12,1,1,0,简直男神啊，龙舟课旺总事少人好给分高
196110,7094,翟旺旺,2024-07-01 16:11:17,2,2,0,感谢旺总最后让我们了却了双人成行皮划艇的愿望
196550,7094,翟旺旺,2024-07-04 04:42:30,3,3,0,上过最有意思的体育课～每节课都有小游戏可以玩，老师能和同学打成一片，能够体验启真湖上体育课太有趣啦
198684,7094,翟旺旺,2024-09-11 00:36:12,1,1,0,旺旺老师真的挺好说话的事也少，冲冲冲！
198864,7094,翟旺旺,2024-09-12 08:36:38,2,2,0,老师很好但想水课的还是算了吧😇😇😇
199722,7094,翟旺旺,2024-09-28 06:57:36,0,0,0,最有趣的一集
203993,7094,翟旺旺,2024-11-22 14:07:13,1,1,0,旺总真的很好。\n\n感谢跟我一组的助教gg海底捞我12分钟跑～～
206009,7094,翟旺旺,2024-12-13 03:03:48,-11,1,12,翟老师体素课强度太低了，建议加大力度，嘻嘻
207182,7094,翟旺旺,2025-01-06 12:29:28,10,10,0,人生第一个满绩😍\n\n上课超有意思，选上就是赚到🤩\n\n但春夏学期没选上😭)
207270,7094,翟旺旺,2024-12-20 04:51:53,3,3,0,最不后悔选的课就是龙舟了\n\n“老师，求捞(╥_╥)”\n\n“可以啊，你们掉进水里我就捞✧((づ￣ ³￣)づ”
208288,7094,翟旺旺,2024-12-26 13:20:14,7,7,0,结束的时候仪式感十足！\n\n已爱上龙舟
209700,7094,翟旺旺,2025-01-06 15:43:26,2,2,0,想和翟老师学一辈子划船🥰
209743,7094,翟旺旺,2025-01-07 02:45:41,4,4,0,老师人很好\n\n皮划艇也很有趣\n\n给分也很好
210303,7094,翟旺旺,2025-01-09 01:27:12,4,4,0,超级无敌好老师！和他说自己的问题都会努力帮你解决，上课会做小游戏，划皮划艇也很有意思，期末成绩还会帮忙捞，真的是大好人>ᴗoಣ
211235,7094,翟旺旺,2025-01-11 04:57:13,7,7,0,总评原来91，我去求老师捞一下，老师立马给我捞到了93。🥹🥹🥹🥹🥹🥹🥹🥹🥹🥹有这样的老师，你还不选？
212564,7094,翟旺旺,2025-01-14 07:57:31,2,2,0,旺总超级好啊啊啊啊啊啊啊啊啊啊啊啊啊啊啊啊啊啊啊啊啊啊啊啊啊啊啊啊啊啊啊啊啊啊啊啊啊啊啊啊啊啊啊啊啊啊啊
213747,7094,翟旺旺,2025-01-19 11:44:01,3,3,0,第一个总评100的课，旺总就是我的神
139594,7782,金鸥贤,2021-07-18 02:32:36,0,2,2,sb老师
144963,7782,金鸥贤,2021-12-26 05:24:07,0,1,1,架子大的一批，sb玩意
160444,7782,金鸥贤,2022-09-22 15:17:18,0,0,0,很好的金老师～性格很nice～虽然有时候急一点，初心是好的～
130330,8251,陈国安,2021-01-20 16:48:21,3,3,0,上的是陈老师20年秋冬的功守道，墙裂推荐！\n\n内容：八式太极拳，八法五步太极拳，运动量相当友好，在教室里上一天课后打打太极真的轻松解压。\n\n给分：专项考试是八法五步太极拳三好杯比赛，班级得分基本90以上，因为是三好杯，还可以顺便拿到竞赛赋分。当然十二分钟之类的主要靠自己练，这一块所有体育课都一样。\n\n体验：老师一开始看着严肃，但其实是个特别和蔼幽默风趣的小老头（划掉hhh），特别照顾学生，总是一遍又一遍示范，讲解，考前的几节课还会为不够熟练的同学开开小灶，老师的耐心很让人感动。结课那天，第一次为一门体育课感到舍不得。
136146,8251,陈国安,2021-06-11 09:59:07,0,0,0,刚上完，还没有出分，十二分钟拉跨了，希望能过
127424,8253,蒋天骄,2020-11-23 02:25:53,10,13,3,老师炒鸡漂亮，带我们认真耐心，和蔼可亲，爱死这个老师啦
128003,8253,蒋天骄,2020-12-03 02:57:10,4,10,6,老师很漂亮也很温柔，支持支持
128025,8253,蒋天骄,2020-12-03 11:25:49,12,15,3,女神老师，人美心善
128330,8253,蒋天骄,2020-12-19 02:32:25,52,58,6,好喜欢好喜欢老师呜呜，超级漂亮人又超级超级好，简直是仙女下凡55555555，下一次也想选到老师的课呜呜
128553,8253,蒋天骄,2021-01-11 10:54:52,45,54,9,不多说了，朵朵我发的，一切见蒋老师微博主页
128719,8253,蒋天骄,2020-12-25 05:30:53,30,35,5,漂亮死我了，钥匙我再大几岁就好了wwww
128759,8253,蒋天骄,2020-12-25 07:26:13,23,27,4,颜值即正义，十分。浙大目前我遇见最好看老师。
128817,8253,蒋天骄,2020-12-25 14:27:37,5,9,4,美女老师呜呜呜呜呜人超级好
128868,8253,蒋天骄,2020-12-26 07:35:19,54,65,11,蒋天骄老师简直是选课系统送我的惊喜，本来选的是季老师的课，但很神奇就是好大叔变成了小仙女？？温柔耐心很飒又漂亮，上课也水点时间给我们玩游戏。这种宝藏老师为什么这么快就被那么多人挖出来了！搞得我选上课的几率都变小了（泪目）
129090,8253,蒋天骄,2020-12-30 06:11:47,282,311,29,楼上一群lsp
129095,8253,蒋天骄,2020-12-30 06:18:23,6,8,2,蒋老师很漂亮，也很耐心，我吹爆(｡･ω･｡)ﾉ♡\n\n尤其因为我们周六班十二分钟跑比较难安排，老师分了几次给我们测完，真的辛苦老师了
129169,8253,蒋天骄,2020-12-31 01:51:07,7,10,3,刚来zju就遇到这么棒的老师！！超级温柔又漂亮！！强力推荐！
129225,8253,蒋天骄,2021-01-01 11:46:05,9,11,2,只能说太漂亮了，人也很温柔耐心，骄骄老师值得10分
129300,8253,蒋天骄,2021-01-04 03:23:30,5,8,3,大爱蒋老师！！！
129326,8253,蒋天骄,2021-01-04 07:20:41,5,8,3,人美心美，找不到不给蒋老师十分的理由，能选上太幸运了啊！！！
129329,8253,蒋天骄,2021-01-04 07:34:08,4,7,3,太赞了！
129352,8253,蒋天骄,2021-01-04 12:15:15,3,4,1,老师人超好！！！
129354,8253,蒋天骄,2021-01-04 12:25:33,3,4,1,好好好
129551,8253,蒋天骄,2021-01-07 05:59:28,4,5,1,老师真的好看！而且人也超好！谁不爱美女呢
129591,8253,蒋天骄,2021-01-08 05:15:35,-1,4,5,考试很水！
129618,8253,蒋天骄,2021-01-09 02:59:12,5,9,4,我要是个男的，我就跟老师表白了。人美心善的仙女，考试会捞，不用担心啦
129629,8253,蒋天骄,2021-01-09 07:58:22,20,24,4,老师真的人超好 给分很好，最后好多同学球出界了都会多给几次机会，真的不是在为难学生的那种。体育课选不上老师还很热心的帮我联系其他老师，不是她义务范围内的事情都这么热心，你们选她还犹豫什么呢？\n\n冲啊，就算降低我选上她的概率我也要打十分
129641,8253,蒋天骄,2021-01-09 15:20:57,2,3,1,美女老师
129649,8253,蒋天骄,2021-01-10 03:30:28,3,5,2,美女老师快选
129659,8253,蒋天骄,2021-01-10 08:18:10,3,5,2,好老师，美女老师+人好
129887,8253,蒋天骄,2021-01-21 03:38:00,6,9,3,感谢老师捞我😂
130314,8253,蒋天骄,2021-01-20 15:06:32,2,3,1,特别棒
130351,8253,蒋天骄,2021-01-21 08:36:42,2,3,1,非常好非常好
131795,8253,蒋天骄,2021-01-29 03:48:40,1,3,2,超级棒，温柔善良，强推
133508,8253,蒋天骄,2021-03-01 11:05:46,4,6,2,漂亮就完事了😍
133739,8253,蒋天骄,2021-03-04 10:31:02,10,15,5,选到蒋老师的身体素质课简直是惊喜
133868,8253,蒋天骄,2021-03-08 12:13:14,2,4,2,祝蒋老师生日快乐🎂！
133968,8253,蒋天骄,2021-03-11 02:17:38,10,12,2,人美心善，大一第一学期就选上了她的体辅课，大冷天的就会让我们签完到就回去，真的好善良  早生几年就好了😁
134097,8253,蒋天骄,2021-03-16 01:50:22,3,5,2,人美心善，非常为学生着想
134489,8253,蒋天骄,2021-03-30 05:16:51,2,3,1,女神女神
136333,8253,蒋天骄,2021-06-16 11:26:44,0,2,2,人美心善！
136406,8253,蒋天骄,2021-06-17 14:54:11,0,2,2,人美心善给分好！！！！
136594,8253,蒋天骄,2021-06-21 13:45:00,2,3,1,超漂亮
136596,8253,蒋天骄,2021-06-21 14:28:00,0,2,2,给分超级好，人也超级美！
136769,8253,蒋天骄,2021-06-24 07:22:38,10,13,3,为什么只有9.7而不是10.0
137509,8253,蒋天骄,2021-07-04 15:19:01,0,3,3,女神！！！
138390,8253,蒋天骄,2021-07-09 01:23:08,5,8,3,蒋老师竟然还不是9.99分，这么好的老师不给10分没天理啊！！！
139574,8253,蒋天骄,2021-07-17 13:02:00,11,15,4,专项技能考试补考高远球多次出界，老师都让我重打，太感激了。
140844,8253,蒋天骄,2021-09-17 00:47:51,4,5,1,美女老师，超级温柔而且专项考试给我机会重新打，感动●﹏●
140870,8253,蒋天骄,2021-09-17 03:51:40,4,5,1,没选上羽毛球课~~
140872,8253,蒋天骄,2021-09-17 04:21:47,0,2,2,❤️💛💚
141558,8253,蒋天骄,2021-10-14 11:11:38,0,2,2,快选！
144098,8253,蒋天骄,2021-12-17 13:31:26,0,2,2,选她！
144255,8253,蒋天骄,2021-12-21 02:54:01,8,10,2,老师真的巨巨巨漂亮，上课很认真耐心，最后考试也比较宽松。希望明年还能选上老师的课(๑ºั╰╯ºั๑)
144381,8253,蒋天骄,2021-12-21 09:12:10,3,4,1,天骄姐姐！！！
144625,8253,蒋天骄,2021-12-23 01:40:29,0,2,2,海里捞人
144678,8253,蒋天骄,2021-12-23 05:42:44,3,4,1,拔刀吧各位
144856,8253,蒋天骄,2021-12-25 07:51:03,0,2,2,选上啦
144901,8253,蒋天骄,2021-12-25 19:47:11,0,2,2,老师真好
145445,8253,蒋天骄,2021-12-29 15:19:49,4,8,4,身体素质课：蒋天骄老师人美心善，能选上真的是福气！！！！
145495,8253,蒋天骄,2021-12-30 03:47:14,1,2,1,123
146391,8253,蒋天骄,2022-01-06 12:23:58,5,7,2,羽毛球场见过，美女老师，没上过她的课，希望能选上！
149526,8253,蒋天骄,2022-01-16 00:13:18,1,3,2,收获了人生中第一个满绩！大爱！
150274,8253,蒋天骄,2022-01-21 08:22:33,1,4,3,羽毛球满了，我爱蒋天骄😘😘😘
151001,8253,蒋天骄,2022-02-22 00:48:42,5,8,3,老婆我爱你
152346,8253,蒋天骄,2022-04-05 13:24:54,33,37,4,又高又白，眼睛像玻璃珠子一样美，漂亮的我都不敢跟她对视
154260,8253,蒋天骄,2022-05-27 10:06:07,0,2,2,大爱！
155029,8253,蒋天骄,2022-06-07 15:18:00,-33,9,42,我老婆为什么不是10分？🤤💋
155037,8253,蒋天骄,2022-06-07 16:46:02,0,4,4,老师真好
155379,8253,蒋天骄,2022-06-12 03:01:12,0,2,2,太捞了，感动
155709,8253,蒋天骄,2022-06-15 09:15:46,2,3,1,把第一次评论献给此生最爱的体育老师！超级超级超级爱我的美女体育老师！给分特别好也别温柔～让本从小到大体育都一直很烂的人也有想开始锻炼了
155752,8253,蒋天骄,2022-06-15 14:38:01,0,7,7,老师真的人美心善，给分也好，羽毛球专项比较难，但是刚好95满了
155797,8253,蒋天骄,2022-06-16 04:41:38,-1,5,6,老师人美心善给分好，谢谢老师捞我，96满了～
155828,8253,蒋天骄,2022-06-16 07:05:59,-22,21,43,为了jisha您是不是能把理论给到零分........真无语 被捞的人固然高兴，那没被捞的呢？.
156187,8253,蒋天骄,2022-06-18 05:58:35,0,2,2,谁会拒绝美女！！还是一个给分超好的美女！！羽毛球满分谢谢老师！！
156300,8253,蒋天骄,2022-06-19 00:44:13,5,5,0,嫁给我吧
159606,8253,蒋天骄,2022-08-22 03:04:11,1,3,2,姐姐你能不能给我一次机会\n\n我炒鸡炒鸡想上你的课\n\n来自大一的新生
159615,8253,蒋天骄,2022-08-22 05:33:41,3,4,1,你们都是高级黑啊
159662,8253,蒋天骄,2022-08-23 00:50:30,-1,1,2,漂亮姐姐赛高！
159721,8253,蒋天骄,2022-08-25 02:41:16,0,1,1,希望能选上
159956,8253,蒋天骄,2022-09-10 03:05:48,0,2,2,给分真的超级好\n\n超级温柔的小姐姐
160087,8253,蒋天骄,2022-09-13 06:01:52,1,2,1,关注老师微博懂得都懂 考试超多机会 拿A有手就行
161004,8253,蒋天骄,2022-10-23 16:20:51,0,1,1,老师人真的超级nice。上课很轻松，事不多，身体素质课一定要冲她的！
163667,8253,蒋天骄,2022-12-16 02:26:54,6,8,2,选上天骄姐的课，你就偷着乐吧！
163781,8253,蒋天骄,2022-12-16 05:51:16,-1,1,2,又漂亮又温柔，爱啦啦
164042,8253,蒋天骄,2022-12-18 12:36:58,8,8,0,体素课十分轻松，只要打卡
164101,8253,蒋天骄,2022-12-18 04:28:41,1,3,2,又好看又耐心讲课还好的老师（第一条很关键doge承认了我是lsp）上天骄jj的课简直是一种享受！
165282,8253,蒋天骄,2022-12-31 02:28:31,4,5,1,老师结婚了，祝99
166897,8253,蒋天骄,2023-01-14 07:12:09,29,34,5,前两次上课老师还单身，怎么第三次课要上了老师就结婚了😭
169783,8253,蒋天骄,2023-02-28 01:29:41,0,2,2,天骄姐这不必须得给个10分？
170043,8253,蒋天骄,2023-03-01 06:07:23,0,3,3,好米好米好米（女生痴汉笑）
170218,8253,蒋天骄,2023-03-02 04:42:23,-2,1,3,羡慕能选上jtj课的同学们
170261,8253,蒋天骄,2023-03-02 09:52:21,-18,7,25,对老师本身没有意见，但觉得羽毛球组定的网课回家的考试方式十分离谱。本来一学期练的都是正手发高远球，期末考试内容也是这个，然后因为疫情改为网课，就改成了上传正手向上击球的视频记个数，完全没有考虑到没有基础且没有好的场地的学生感受。当时总共只有一周时间，楼下打球天天大风，本人自己确实也没有技术，最后直接拿到大学生涯最低绩点。虽然本人承认自己是体育垃圾，但还是感觉羽毛球组定的考试及给分标准轻易辜负了一个人一学期的努力。
170908,8253,蒋天骄,2023-03-12 07:34:01,0,5,5,我不管，我其他科全是一点几二点几的绩点，羽毛球课蒋老师直接给我满绩呜呜呜，属实是大一上期一道光了呜呜呜，能选上的你们都撞大运了。
172916,8253,蒋天骄,2023-05-10 02:18:14,0,2,2,太美太美老师人也超级超级好而且上课讲得也很清晰！太美太美太美太美太美太美我流口水
173202,8253,蒋天骄,2023-05-16 02:01:06,16,20,4,被神话了
174063,8253,蒋天骄,2023-06-06 03:44:40,1,3,2,老师说话为什么不笑😭😭😭让我有点害怕
175843,8253,蒋天骄,2023-06-27 02:45:59,-25,13,38,浙大最大骗局，上课没精神，一学期有四五次课让别人代课，给分也拉
175864,8253,蒋天骄,2023-06-27 03:55:34,0,2,2,老师上课上得好给分也巨巨巨好啊啊啊啊 会捞呜呜呜 而且老师超美 每次上课都被美死呜呜呜
176104,8253,蒋天骄,2023-06-27 17:56:57,0,2,2,虽然老师上课会带头摸鱼(bushi，但是老师人是真的不错，有什么想法或者需要什么帮助提出来后都能得到回应。既然已经有多人推荐了，也祝大家能如愿选上~
177870,8253,蒋天骄,2023-07-05 06:57:40,0,3,3,老师捞了我呜呜呜呜呜太爱老师了，上课也很好很好很好！超美啊啊啊
177908,8253,蒋天骄,2023-07-05 11:06:16,-2,2,4,老师人美心善
184596,8253,蒋天骄,2023-12-22 02:25:25,0,3,3,老师很漂亮
184774,8253,蒋天骄,2023-12-22 14:59:40,1,1,0,三个字
184909,8253,蒋天骄,2023-12-24 09:49:14,-2,2,4,特别特别好
185028,8253,蒋天骄,2023-12-26 02:38:21,0,3,3,特别好的老师！！超级大美女 我发球发的很烂很烂 还让我重发了 选上她的课你们就偷着乐吧
185043,8253,蒋天骄,2023-12-26 04:15:23,-2,2,4,神中神
186819,8253,蒋天骄,2024-01-13 07:16:42,0,3,3,美女老师超级好！虽然羽毛球的考核确实比较难，但是美女老师会捞人！！！给分也好！谢谢老师！
187213,8253,蒋天骄,2024-01-15 05:50:10,0,3,3,超级温柔
188717,8253,蒋天骄,2024-01-19 16:33:32,1,5,4,老师好美，给的分也超好。老师打球超厉害！！
190213,8253,蒋天骄,2024-02-26 00:59:25,-5,1,6,宝藏，还闪闪发光的那种
190794,8253,蒋天骄,2024-03-19 10:24:47,0,2,2,身体素质课考勤有点严格，选的时候稍微注意一下
192471,8253,蒋天骄,2024-05-21 10:33:22,3,6,3,评分虚高，身体素质课代课多，有时候上课好几分钟还没通知地点，同学们满操场找代课老师😁
192957,8253,蒋天骄,2024-06-01 07:31:45,0,2,2,没上羽毛球课 骄姐是校羽毛球队教练 无须多言 骄姐的课应该属于美育课….
193087,8253,蒋天骄,2024-06-03 10:39:14,0,6,6,我室友明明去上了课，因为系统问题没有点上到，解释了还不给补。。不好评价
193088,8253,蒋天骄,2024-06-03 10:39:36,3,6,3,不好评价，我只能说没有传的那么好
194665,8253,蒋天骄,2024-06-25 02:00:19,4,6,2,羽毛球初级班\n\n老师人美心善不卡绩，微调了一下专项分刚刚压到上一个分数段的最低分太感动了呜呜呜\n\n不过羽毛球考试本身就难，所以最后分数依然是选过的所有体育课里面最低的www
195023,8253,蒋天骄,2024-06-26 11:37:06,3,4,1,神。神中神。古希腊掌管羽毛球的神。\n\n这么说吧，我专项考试发出界一个，专项这块目测是不可能到90，实际上本人水平是60左右……（专项考试真的很难啊啊啊）仰卧起坐和理论考试都是刚及格那种，本来以为寄了，结果出分的时候发现被大捞一把，专项给到了95，这不是活菩萨这是什么！\n\n上课也很有耐心，水平很高，自由练习的时候找老师纠正动作得到了很温柔的指点，虽然本人紧张得不行。自从有同学在课上低血糖晕倒后连续好几次课问我们有没有吃早饭（）老师还是很关心学生的。
196099,8253,蒋天骄,2024-07-01 15:28:08,2,2,0,蒋老师人挺好的~给分确实也会调哇，专项感觉稍微高了三四分
206289,8253,蒋天骄,2024-12-13 14:49:46,-5,7,12,非蒋天骄班学生，本人是同时间段另一个班学生。\n\n颜值也就那样，考发球时候带着口罩才算稍微漂亮。\n\n大概是课上没教好，班上部分学生素质很差，随意横穿正在打球的场地（不是走边角哦，是直接从网前/后场内线穿过去）（她班是11-20，我们班在1-10号）。\n\n所以对她印象不是很好，如果不是网上一堆喜欢造神的，我觉得也就是一普普通通的老师，而且还需要改进的那种。\n\n虽然大佬上羽毛球课为了找搭子，菜鸡也别指望在羽毛球课上学到多少有用的东西（所有老师都是这样）。\n\n但是同对比我们班的老师还会认真讲动作、示范，以及一些跑场地（摸两点）的动作，jtj那边的教学略显惨淡。\n\n我不说我在哪个老师班上，我就事论事谈jtj。防止有人说我踩一捧一。
207740,8253,蒋天骄,2024-12-24 06:02:33,3,3,0,评分虚高
209835,8253,蒋天骄,2025-01-07 08:12:51,1,1,0,人美心善给分好，喜提目前体育课最高分，唯一缺点就是太难选了
209836,8253,蒋天骄,2025-01-07 08:17:05,1,1,0,神！专项会调分
213419,8253,蒋天骄,2025-01-17 09:03:36,1,1,0,专项会调分，貌似比原先高了四五分，但是羽毛球这门课的专项考试难度确实不低（对我这种运动天赋不怎么好的同学来说）。理论技巧方面讲得确实不多，主要是让大家自己对练玩玩（其实还蛮喜欢这样的）。老师确实蛮漂亮啊，唯一头疼的是快下课之前会让大家绕风雨跑几圈给12分钟做准备
127819,8254,刘含之,2020-11-28 01:46:21,2,3,1,赞，老师漂亮人又好
127821,8254,刘含之,2020-11-28 01:55:51,17,23,6,老师人很好，事情少。拿到了人生第一个绩点，感觉很高很高。
127833,8254,刘含之,2020-11-28 05:03:32,5,6,1,给分高，课有内容，老师又美又温柔！！！！
127835,8254,刘含之,2020-11-28 05:11:35,7,7,0,非常好的老师，给分很不错。
128320,8254,刘含之,2020-12-18 13:12:49,2,2,0,女神老师！
128923,8254,刘含之,2020-12-27 03:29:10,2,4,2,老师人超级温柔！篆刻临摹课会认真帮每个同学分析问题，课程可能需要一些动手能力，但是老师是真的好！
129058,8254,刘含之,2020-12-29 08:24:23,2,2,0,老师人美还温柔，有耐心，经常手把手给我们改印稿，课堂氛围轻松，作业一般也能随堂完成，在老师的课上真正学会了篆刻
129217,8254,刘含之,2021-01-01 03:23:46,0,2,2,这么好的老师评分怎么这么低！老师真的又温柔又宽容啊!!!!选她！
129228,8254,刘含之,2021-01-01 13:27:45,1,2,1,啊啊啊啊啊啊，仙女老师，来到浙大最喜欢的一个老师，人超漂亮超温柔超美丽超有耐心，冲冲冲啊，能选上她的课是一种荣幸，爱了爱了
129237,8254,刘含之,2021-01-02 05:12:37,2,3,1,无脑吹爆
129268,8254,刘含之,2021-01-03 03:48:51,3,3,0,老师超温柔，而且是能真正学到一门技艺的，快冲
130804,8254,刘含之,2021-01-24 15:46:07,20,24,4,女神老师不是10分？谁干的！
131555,8254,刘含之,2021-01-28 03:54:28,12,14,2,美女老师，为什么不是十分！
132325,8254,刘含之,2021-01-31 17:37:27,5,5,0,老师的耐心真的没得说，给分也很好
132448,8254,刘含之,2021-02-01 15:45:21,2,2,0,人美心善！给分超级好！
132679,8254,刘含之,2021-02-03 09:43:34,1,2,1,给分真的不错！\n\n内容也很高质！\n\n人生第一个满绩！！！
132766,8254,刘含之,2021-02-03 13:25:56,0,2,2,老师超棒，课堂干货满满，无关绩点都想给她10分的老师！
133346,8254,刘含之,2021-02-26 04:45:15,1,2,1,老师人美心善，分数尽量都给的很高了。冲！
133472,8254,刘含之,2021-03-01 05:00:27,0,2,2,目前遇到的最好老师，温柔大方，美丽善良，给分高，事情少，没啥说的，感觉报上是我的福分y∩__∩y
134021,8254,刘含之,2021-03-12 02:55:42,8,14,6,这个老师是在太好了，人美心善，选了她的篆刻临摹与创作和中国印史都是满绩，篆刻0基础也可以拿满绩（本来很担心的） 呜呜呜，感动，大家快冲，我爱刘含之老师
138557,8254,刘含之,2021-07-09 22:59:39,0,2,2,刘老师真的人美心善！\n\n书法课满了！
138570,8254,刘含之,2021-07-10 01:41:49,13,13,0,太好了太好了！选的是篆刻课，老师非常非常耐心温柔，真的是不厌其烦地帮你改印稿做调整。不要有顾虑，快冲！！！
138657,8254,刘含之,2021-07-10 06:36:19,3,4,1,篆刻冲冲冲！人生第一个满绩呜呜呜呜谢谢老师，含之姐姐真的特别好，必十分！！！
138925,8254,刘含之,2021-07-12 00:02:38,10,13,3,上的印史课，老师人很好，上课水平也不错，但是如果你是非相关专业学生又抱着水一水的态度来，那你的绩点可能就不怎么好看了，至于评论的话参考价值有限，毕竟很多得了高绩点的同学来评高分和给评论
138933,8254,刘含之,2021-07-12 00:56:57,11,14,3,79  3.3 我自己的问题  含之姐姐已经把我捞到正态的最高了\n\n杀我我也爱！含之姐姐温柔又渊博，讲课好好！
138939,8254,刘含之,2021-07-12 01:29:05,5,6,1,绩点出乎意料的高，中国印史你值得拥有
138949,8254,刘含之,2021-07-12 02:34:47,3,3,0,这个学期还安排了实践课，老师手把手教你篆刻
139818,8254,刘含之,2021-07-28 12:36:40,0,0,0,太美了还温柔，简直了～
140728,8254,刘含之,2021-09-15 12:04:50,0,0,0,不多说，10分，yyds
141126,8254,刘含之,2021-09-24 06:31:27,0,0,0,女神老师课巨好
142971,8254,刘含之,2021-11-18 01:50:12,4,9,5,79 3.3
143047,8254,刘含之,2021-11-18 11:15:53,1,1,0,刘含之yyds
143115,8254,刘含之,2021-11-19 06:07:24,0,5,5,老师很温柔哈哈哈，中国印史的小组uu们都很给力，最后虽然没满但是4.8也挺好了哈哈哈～
143121,8254,刘含之,2021-11-19 08:27:21,0,2,2,随机分配小组和组长，结果组长能力不行搞得展示一团糟。。还好论文好好选题认真写了，最后还是满了。刘老师上课非常认真，最后还有实践课，很有意思！
143124,8254,刘含之,2021-11-19 09:30:05,1,2,1,好老师，我的女神
143187,8254,刘含之,2021-11-21 03:36:23,6,7,1,这么好的老师不能十分是谁的错？
144097,8254,刘含之,2021-12-17 13:20:55,22,25,3,老师真的很温柔！不管你刻成什么鬼样她都能和和气气的帮你指正，狠狠爱了qwq
144537,8254,刘含之,2021-12-22 07:13:51,0,3,3,老师真的真的非常好，人美心善，而且上课可以看出老师真的懂的非常多，选就完了(不过好像不是很好选就是了)
144816,8254,刘含之,2021-12-24 10:29:49,10,20,10,没翘过一节课，给了79分，老师特别温柔，但就是绩点有点难过！
146075,8254,刘含之,2022-01-05 11:10:28,0,7,7,拿到两个满绩，老师人美心善，非常温柔：
148402,8254,刘含之,2022-01-12 10:55:22,-29,20,49,实话说老师真的人超好，但我实在给不了高分，因为正态的缘故，一旦有哪个地方做的不好立刻会在分数上被无限放大，而且经过了我跟她长达两小时的交流她不会有丝毫让步。从旁观者的角度看我欣赏她的有原则，但从过来学长的角度说，请各位慎重，虽然含之给的均绩很好，但我们都可能成为那个高分下的牺牲品。不喜勿喷，个人血书
148541,8254,刘含之,2022-01-13 00:27:29,41,71,30,下面那个高成绩的牺牲品\n\n你上课难道就是为了高绩点？\n\n还好意思和老师交涉了很久不松口，怎么松口？是给你高分把别人改低？还是和学校打一架把正态分布取消？\n\n可不可笑
149198,8254,刘含之,2022-01-14 17:18:41,15,27,12,精致利己主义嗷\n\n有本事你让学校不要正态啊\n\n你是为了什么选这门课的？\n\n只是为了你那可怜的绩点吗？
149323,8254,刘含之,2022-01-15 05:44:27,-4,7,11,我也喜欢老师，哈哈，没想到，人生第二个满绩，老师的绩点真的都给的很高
149388,8254,刘含之,2022-01-15 08:15:28,3,4,1,老师人美心善，讲课也很有意思\n\n中国印史这门课会有一节实操课，篆刻真的好好玩啊，好想选上老师的另一门课呜呜呜
150033,8254,刘含之,2022-01-18 12:12:26,1,3,2,老师真的超级超级好！！！人美心善，知识渊博，对任何问题都会耐心解答。虽然是个实操课，但真的学到了很多！！！谢谢老师！！希望还有机会上老师的课。
151962,8254,刘含之,2022-03-22 01:12:33,6,29,23,不懂劝你们别瞎bb，又不是只有楼下一个人被绩杀，一堆人在这控评当舔狗有意思吗？zju舔狗真的可笑，就你也配喷人？
152815,8254,刘含之,2022-04-20 06:13:53,-66,12,78,楼下说她好的在狗叫什么？？
153308,8254,刘含之,2022-04-28 01:49:38,0,7,7,人好，事少，分高，但考虑到幸存者偏差，希望与我学期的同学也能留下言，给后来的学弟学妹做个参考。\n\n我是基本上印史课做其他课程的作业，最后小组展示，做展示紧张托了小组后腿，最后在论文和读书报告之间选择读书报告，查资料和和写可能花了一共四五个小时。最后89堪堪4.5的绩点。个人很推荐刘含之老师，希望同学期的同学可以补充我没注意到的地方
154706,8254,刘含之,2022-06-04 02:09:58,3,3,0,人美心善
157302,8254,刘含之,2022-06-23 01:35:30,4,4,0,事少分高
158459,8254,刘含之,2022-06-29 12:31:56,3,5,2,一个班就30个人不到正态也很无奈吧...\n\n含之姐姐特别温柔，而且指导也很专业认真。这学期上书法课我是零基础的，到最后结课的时候含之姐姐夸我隶书写得很不错，并且鼓励我以后继续练习，真的做到了打开艺术之门。在这种美育实践课上，绩点是最最最不重要的东西了吧，能选上这门课已经是最大的幸福了。
160803,8254,刘含之,2022-10-24 08:13:13,1,1,0,美女姐姐呜呜呜呜呜呜呜请嫁给我！！！
161180,8254,刘含之,2022-11-05 13:53:08,1,1,0,漂亮姐姐怎么能不十分呢，事情也少，每节课签个名字相当于是点名了，很温柔
161320,8254,刘含之,2022-11-04 05:45:15,1,1,0,漂亮姐姐怎么能不十分呢，事情也少，每节课签个名字相当于是点名了，很温柔
162097,8254,刘含之,2022-11-17 00:43:36,1,1,0,老师很好很温柔！给分很高……虽然我的分不太高hhhhhh
162098,8254,刘含之,2022-11-17 00:46:40,1,1,0,气质文雅的女神老师，大学第一门课程绩点，感谢。
162119,8254,刘含之,2022-11-17 02:02:56,0,1,1,成功拿到满绩啦！！老师温柔漂亮人又好！！！没有考试没有平时作业！！还有一节可以自选的篆刻实操课！最后一节课还给我们唱了新贵妃醉酒！点名每节课签个名就好啦 美女老师怎么能不十分呢呜呜呜 事少给分高
162230,8254,刘含之,2022-11-18 04:11:47,2,3,1,老师人超级好，超级认真，超级负责，哪怕你上课什么都不听，然后什么都不会，实践课也会很认真地手把手教你。任务比起绘画史（因为差不多是平替，认定基本一样）要多，但是认真做的话会更好拿绩点。
162437,8254,刘含之,2022-11-22 11:04:51,0,0,0,很好的老师
162644,8254,刘含之,2022-12-01 10:35:32,0,0,0,含之姐姐真的超好~
163747,8254,刘含之,2022-12-16 04:58:35,3,3,0,（中国印史）女神！老师超好，上课点名但是可以水。期末一个随机分配的小组展示和2500-3000论文，很友好！出分当天像过年。
163817,8254,刘含之,2022-12-16 07:25:54,0,0,0,为什么不给十分，美女老师，yyds
163919,8254,刘含之,2022-12-16 14:20:51,0,0,0,美女老师，人美心善，事少，给分不清楚（还没到期末），纯纯靠阳寿选课【doge】
164053,8254,刘含之,2022-12-17 12:45:16,2,2,0,10分少了
164092,8254,刘含之,2022-12-18 03:05:33,1,2,1,含之姐姐又漂亮又温柔，最后一节课还唱歌我真的夸爆
164466,8254,刘含之,2022-12-21 06:29:13,0,0,0,满绩bd\n\n含之jj我的超人！！！！
164590,8254,刘含之,2022-12-22 05:30:38,1,2,1,老师又耐心又温柔，面对我刻的鬼东西还能一直鼓励，爱她呜呜呜
164647,8254,刘含之,2022-12-22 13:29:44,0,0,0,刘含之老师真的很好，yyds！
166520,8254,刘含之,2023-01-12 15:06:11,1,1,0,吹爆含之姐姐！！
166562,8254,刘含之,2023-01-12 23:59:57,0,0,0,老师讲得很好，人也很温柔，很有耐心\n\n选的书法，可惜自己比较懒，没有学好\n\n总之非常推荐！
166605,8254,刘含之,2023-01-13 03:34:44,2,3,1,“刻不好要么是石头不好，要么是我教的不好”\n\n美女老师超温柔！大学第一个满绩www\n\n每个章认真刻学得很快！
166864,8254,刘含之,2023-01-14 03:30:04,0,1,1,温柔的美女姐姐！偶然选上了姐姐的书法课真的是运气到了！
167180,8254,刘含之,2023-01-15 04:55:19,1,2,1,超级好的课，在书法方面提升很明显，而且是第一个满绩嘿嘿嘿，含之姐姐yyds
169260,8254,刘含之,2023-02-25 05:32:50,0,1,1,神老师
170175,8254,刘含之,2023-03-02 00:51:06,5,19,14,时隔两年打开他的评论，对前面几位评价高绩点牺牲品的生物回应一下：\n\n1.“不喜勿喷”这句人话应该看得懂吧？你是不是人自己清楚吧？\n\n2.护主成这样子，你是什么东西不遑多论吧？\n\n3.你用你的猪脑去看看那段话，哪个字提到让她把别人分数调低了？你以为正态是什么意思？懂都不懂在这bb赖赖，你什么水平能上大学啊？跟无母喷有什么区别？\n\n4.我对老师没有恶意，对那几条评论的生物表示友好的问候，没有误伤他人的意思，其他朋友请不要对号入座。
170409,8254,刘含之,2023-03-04 03:51:20,4,4,0,唯一缺点就是选不上，吹爆刘含之老师呜呜呜
173164,8254,刘含之,2023-05-15 00:27:54,-15,1,16,这个【中国印史】课满绩跟喝水一样简单。当然，大家还是理性看待，因为正态（优秀率<30%）还是存在的，评论区可能幸存者偏差，成绩好的喜欢去评论。
173180,8254,刘含之,2023-05-15 03:57:43,0,2,2,爱死了爱死了爱死了，大学目前唯一满绩课！！！！
173384,8254,刘含之,2023-05-22 14:24:39,11,12,1,中国印史93/4.8\n\n组长+展示主讲\n\n1.上课与分数有关的只有纸质签名，每节课开头进行纸质签名，不少同学签完就溜了\n\n2.上课蛮有意思的，给我补充了不少知识，我经常坐第一排认真听\n\n3.老师很漂亮，人很好，给分也很好。\n\n4.给分构成如下：\n\n（1）出勤率20%，每次纸质签到即可\n\n（2）展示30%，老师给定题目，从中选择一个，小组一块搞进行展示，最后老师会让组长发PPT和组内分工情况给老师\n\n（3）课程感想10%，500字到1000字。写了就给满分\n\n（4）课程论文或读书报告40%。两个选一个。字数2500-3000\n\n总体感觉这门课不用卷，给分很好，不管想不想听，想听的话老师很温柔，上课很舒服。不想听签完就溜，大家都开心。\n\nby your wangwang xuezhang
174065,8254,刘含之,2023-06-06 04:30:04,3,5,2,分其实没有那么高😭
174076,8254,刘含之,2023-06-06 05:46:16,2,2,0,很棒，不给10说不过去
176980,8254,刘含之,2023-07-01 02:50:35,2,3,1,给分真的好好
179174,8254,刘含之,2023-08-29 07:48:27,1,2,1,刘老师的三门课都上过，女神老师没得说，给分也很好，不过有基础的会更容易拿分
180813,8254,刘含之,2023-09-26 14:28:36,0,0,0,非常有趣的课!
182151,8254,刘含之,2023-11-10 16:48:40,1,1,0,啊啊啊啊给我高分！球球啦
182553,8254,刘含之,2023-11-17 11:29:28,2,2,0,除了比较难选之外，其他都很好
182554,8254,刘含之,2023-11-17 11:29:39,1,1,0,女神老师！课比较难选，但是给分好，事情少！
182565,8254,刘含之,2023-11-17 14:03:27,1,2,1,事少分高，一次小组展示，9个人14-16分钟的展示很轻松，一个500-1000字的课程感想，2500-3000的论文或读书报告，我们组展示时长不够，我个人的读书报告两千六百来个字，给的分很高，篆刻体验课也挺好玩
182595,8254,刘含之,2023-11-18 03:20:11,0,2,2,刘老师给了我大学生涯的第一个满绩，前来感谢
184480,8254,刘含之,2023-12-20 12:00:01,0,0,0,印史超好！希望还能选上含之姐姐的课！！
185510,8254,刘含之,2024-01-01 06:20:44,0,1,1,大一上的篆刻，现在大四了，依旧觉得含之老师一直是我的女神。手把手教篆刻是什么体验？啊？！结课一年后有问题麻烦她，她依旧耐心地为我解答。含之女神！
185588,8254,刘含之,2024-01-02 12:31:14,0,0,0,女神！(ToT)
186773,8254,刘含之,2024-01-13 04:20:59,1,1,0,含之姐姐我爱你😘😘😘
186796,8254,刘含之,2024-01-13 05:58:52,-3,3,6,篆刻\n\n1.点到：每节课都点到，要在纸上签到\n\n2.作业：一开始是书法（篆），后来是刻，基本上每节课都有作业所以每节课都要来\n\n3.老师人很好，助教人也很好，亚撒西，虽然最后给分不理想，但还是谢谢老师qwq
186808,8254,刘含之,2024-01-13 06:26:43,2,5,3,中肯评价  上的书法，老师温柔，事算少，作业都是当天课后再待半小时完成的\n\n在乎绩点的话最好有基础。课上80%-90%都是学过的。本人纯小白去上，没翘过课，也蛮认真的，最后绩点也很一般
193409,8254,刘含之,2024-06-10 01:31:12,0,0,0,含之姐姐人美心善
193597,8254,刘含之,2024-06-13 11:44:56,3,3,0,超级好的老师！出分前先来评个10分~
195159,8254,刘含之,2024-06-27 03:33:37,2,4,2,事情少，但是给分感觉也没有那么好，通识课里面她的两门是给分最低的
195161,8254,刘含之,2024-06-27 03:50:25,1,2,1,中国书画鉴赏课，分多事少，就只有一次小组展示，一篇论文，期末还有一次篆刻体验，成就感参与感拉满，给分好讲课好，妥妥的10分老师，选到就是赚到
195180,8254,刘含之,2024-06-27 05:19:42,3,4,1,中国书画鉴赏是今年新开的课，分数构成是20签到、40展示和40论文，事情很少。在一众美育课程中，对于没什么艺术天赋的人来说算是相当友好的了。课程内容很有趣，也比较专业。想要绩点高的话记得别缺勤，好好卷论文即可。由于现在没有强制正态，只有优秀率限制，所以也不用担心分会太差。总之，无论你是喜欢古书画，想要美育分还是想要比较好的绩点，选就对了。
195217,8254,刘含之,2024-06-27 09:17:07,2,2,0,上的篆刻，学得好的话，需要花一定时间实践。任务正常完成，给分不用担心。无脑选就行
195490,8254,刘含之,2024-06-28 10:03:00,-7,0,7,老师上课很认真，讲课也很好，但是给分真的很一般
195672,8254,刘含之,2024-06-29 12:00:35,3,4,1,女神
202213,8254,刘含之,2024-11-11 01:13:42,5,5,0,大学第一个满绩🥹老师你永远是我的女神！\n\n事少分好上课有意思，只要每节课签到认真做课程论文就能拿好成绩！
205823,8254,刘含之,2024-12-12 06:46:06,2,4,2,在浙大上了三年课了，选上了这个老师以后才知道选择＞努力\n\n通识课用最少的时间拿最高的分
209501,8254,刘含之,2025-01-06 06:21:10,0,0,0,超级棒
209693,8254,刘含之,2025-01-06 14:55:13,0,0,0,打开艺术之门——书法\n\n有作业，我一般留在教室里写完，负担不是很重，还可以\n\n刘老师是一个专业技能高、讲课水平高、温柔美丽的老师！\n\n给分好，很赞！\n\n刘老师我爱你呀！
209846,8254,刘含之,2025-01-07 08:46:21,1,1,0,中国书画鉴赏出分了来给含之老师打个分，强烈推荐这门课！\n\n选之前其实有点担心自己没什么相关知识储备会不会有问题，后来发现完全没关系。事情很少，1次小组pre（小组是随机分的）+1篇论文或读书报告。出勤是纸质签到的，但是老师讲课非常好，没有基础也能听得很有收获，很推荐去听课。这学期还有1节实践体验课（这次体验的是没骨画）+1节艺博馆参观课（会有人带大家参观一个展厅并介绍，有兴趣的也可以去别的展厅逛逛，后半节课是体验钤印），都很有意思！\n\n最后出分很快也很好，分数简直是意外之喜，这学期最喜欢的课得到了最喜欢的老师的好的成绩反馈是非常幸运的事。
209863,8254,刘含之,2025-01-07 09:11:10,0,0,0,超级温柔的含之姐姐！
210547,8254,刘含之,2025-01-09 10:32:34,1,1,0,完美的含之姐姐，真的特别平易近人，和老师交流就想和好朋友或者家里的姐姐一样轻松！上的是中国书画鉴赏，讲得很有趣，虽然只认真听了三节课就摸鱼啦，但是最后给分特别特别好！几乎每节课都会纸质版点名，所以建议大家还是都来上课，如果有事情可以找认识的同学帮忙签到。作业不多，就是小组pre展示（老师真的会认真听并且给出建议，非常感动），每组7-10个人，组员和组长都是随机选好的；还有期末的一份课程论文或者读书报告二选一，以及一个1000字内的课程反馈。事情真的少少的，而且老师上课完全不水，非常高质量的课堂，还有一节实践课（建议多来点呜呜），最后给分也很好。再次表白含之姐姐和助教姐姐和哥哥们，都特别温柔可爱
210816,8254,刘含之,2025-01-10 04:14:53,0,0,0,美女老师，超级喜欢！！！\n\n小登第一个学期，光荣踹开艺术之门书法，也拿到了人生第一个满绩（没有基础，但练习很认真），喜欢的同学们可以放心冲
214454,8254,刘含之,2025-02-05 05:27:33,1,1,0,神中神！中国书画鉴赏，会有一个读书报告+一个小组展示，然后还有两堂课的体验课，老师非常优雅讲课内容也很充实有趣，最后给分也非常好
219482,8254,刘含之,2025-05-28 08:52:10,1,1,0,选到就是赚到
220960,8254,刘含之,2025-06-20 13:09:23,0,0,0,hzjj我的女神！老师非常温柔，篆刻对没有任何基础的小白也很友好，还学会了一门新技能，篆刻选到就是赚到!
221030,8254,刘含之,2025-06-21 02:46:11,1,1,0,神中神中神 一节课没听 也没当组长 直接满绩（甚至96） 含之姐姐我的神！！！ 什么都不说了 大家选就完事了！！！
221296,8254,刘含之,2025-06-22 15:03:02,0,0,0,刘老师上课很好，给分也很好
127489,8255,寿旻超,2020-11-23 12:18:40,45,47,2,这是个好老师！以前是国家队的教练！上课很幽默，也教的好！
127884,8255,寿旻超,2020-11-29 23:26:40,23,23,0,老师很幽默，上课很有趣，小组考核也不会太严格，人超好！
128109,8255,寿旻超,2020-12-07 15:07:48,16,16,0,不错不错
128480,8255,寿旻超,2020-12-23 10:55:07,9,9,0,上课幽默风趣，会帮助同学找音乐做音乐，编排舞蹈，还会结合自己训练经历，给我们加深教育，超级nice的老师，下学期还选寿老师就对了
128579,8255,寿旻超,2020-12-24 05:52:59,6,6,0,老师人很好，非常幽默
128665,8255,寿旻超,2020-12-25 03:11:42,6,6,0,超级喜欢！！老师幽默风趣 课堂运动量适中 小组考核也挺有意思。选他！！！！
128683,8255,寿旻超,2020-12-25 04:11:41,4,5,1,长相特别呆萌超可爱 真的是很好的老师 说话很幽默 真的能够融入同学 并且对操舞很有自己的理解！
128829,8255,寿旻超,2020-12-25 15:53:39,6,7,1,上了老师的体辅课，很好的老师，就是点到狂魔
128849,8255,寿旻超,2021-01-21 01:44:11,4,4,0,老师真的非常好啊，专业又幽默，给人很大的帮助。选他的课！超棒！
128884,8255,寿旻超,2020-12-26 11:03:51,2,3,1,1.遇到的最好的老师之一！！给分好 上课有趣 教学认真 老师和蔼可爱 也很照顾同学的情绪
129041,8255,寿旻超,2020-12-29 05:08:30,8,8,0,老师人真的非常好  很关心学生\n\n很耐心 很幽默  和同学相处得很好\n\n上课进度适合 没有基础也完全不用担心
129060,8255,寿旻超,2020-12-29 09:23:59,7,8,1,棒！可以体会各种姿势！速来体验
129061,8255,寿旻超,2020-12-29 09:28:04,2,2,0,超级好
129260,8255,寿旻超,2021-01-02 15:40:56,6,6,0,老师人超好！可以学到很多！考核也并不难！
129373,8255,寿旻超,2021-01-04 23:21:18,48,51,3,首先先感谢寿老师。感谢老师的温柔和耐心，更加感谢老师让我知道：就算是个普通人（废物），也不必给自己设限。\n\n我选这门课的时候寿老师是没有评分的，现在我来给老师打满分，大家听我的，都听我的，选他！\n\n我一直以来是彻底的体育废物，体育课就只想糊弄过去，及格我幸不及格我命，真的是这么想的。害……\n\n所以是真的学到了好多。听老师一本正经地讲着以前国际赛事、运动队的段子（老师是梗王，笑点好梗层出不穷），偶尔说说以前为工作学习运动解剖学、心理学等的经历，讲最近看到的训练方法和生活tips，都非常愉快。\n\n最最令人羞愧的事，大概就是寿老师和同组那些人美心善的小仙女们一直都鼓励我、帮助我吧（突然丢人）。\n\n比起竟然学会了小半套健美操的雏形（……），12分钟跑竟然及格了，最最大的收获是寿老师的温柔和耐心让我感觉到，即使最终可能还是很差劲，但是明知如此而仍旧去认真对待，结果会变得有一点点不同，重要的是内心会感到心安一点。\n\n想到老师一次次向我确认体测与12分钟跑是否妥当，想到老师每每鼓励我，即使我的动作不能说一模一样只能说毫不相干。\n\n虽然评分过高大概不利于我选老师的课，甚至我体育成绩都没有出来，但是我还是要给老师满分，向大家郑重地安利寿老师。\n\n最后祝寿老师新婚快乐₍₍ ◝(●˙꒳˙●)◜⚘₎₎！！！
129489,8255,寿旻超,2021-01-06 07:36:04,4,4,0,老师真的超级好！！上课十分有意思，也会拓展一些体育知识，对同学非常好
129645,8255,寿旻超,2021-01-09 16:02:42,4,4,0,老师很幽默，上课一点都不水，身体素质课有点硬核，但是不会太累。签到狂魔。十分给老师的认真负责
129650,8255,寿旻超,2021-01-10 04:33:08,12,18,6,梗王，一节课能让人笑好几回，我选的是他的身体素质课，和别的老师不同，因为老师以前是健美操职业运动员（世界冠军），给我们主要渗透了很多有关柔韧方面的知识，非常有用
129995,8255,寿旻超,2021-01-14 16:17:01,1,1,0,老师人真的很好，幽默风趣，体辅课很有意思，就是会有点累哈哈
130297,8255,寿旻超,2021-01-20 14:08:38,12,12,0,超老师太好了！！！！！！！！
130301,8255,寿旻超,2021-01-20 14:24:26,19,19,0,我超超老师人巨巨巨好无比，给我选他！对于我这种肢体不协调的很友好，而且老师既有耐心又幽默，教得也很好呜呜！悄咪咪心疼一下，老师一个人要教很多个班，非常辛苦。最后祝老师新婚快乐，早生贵子嘻嘻～
130302,8255,寿旻超,2021-01-20 14:28:14,10,10,0,天使天使浙大第一天使！选的啦啦操，神仙给分，考勤，12分钟，小组考核全面送分，下次还要选！
130322,8255,寿旻超,2021-01-20 15:44:56,2,2,0,老师超好！能学到东西！而且给分也好！很体谅同学！
130326,8255,寿旻超,2021-01-20 16:00:01,3,3,0,老师超好呀，稍微用心些成绩都很好的！
130334,8255,寿旻超,2021-01-21 01:47:17,4,4,0,老师真的超级好！！！12分钟跑嘴上说着不捞但是最后都给捞了！上课非常认真，和蔼可亲，解决大家都各种问题，也时不时加个段子和梗，非常有趣！
130344,8255,寿旻超,2021-01-21 06:28:41,3,3,0,老师给分神了！
130357,8255,寿旻超,2021-01-21 09:48:36,6,7,1,寿老师人超好超好超好！满绩了！上课也不累，小组考核之类的也很轻松的，老师上课氛围很好还捞人！快选快选！
130378,8255,寿旻超,2021-01-21 13:15:48,2,2,0,老师人超好，给分也好，上课很有意思，真的是很难得很难得的体育课体验，而且三好杯的徽章也很好看，选寿老师就对啦！
130589,8255,寿旻超,2021-01-24 01:27:24,2,2,0,太棒啦！
130755,8255,寿旻超,2021-01-24 13:06:08,2,2,0,上课很幽默
130771,8255,寿旻超,2021-01-24 13:45:09,2,2,0,会捞人的老师！
131000,8255,寿旻超,2021-01-25 13:52:10,3,3,0,老师超有趣的！！还是国家队的，超厉害！！给分也很好，我体育超级烂的人居然满绩！强推！
131094,8255,寿旻超,2021-01-26 02:36:22,5,5,0,我选的是健美操。寿老师人真的很好，很幽默，自身专业水平就摆在那里超级厉害！日常教学每节课会小组展示既是压力也是动力，所以每次上课教的动作在反复练习下都会记得更加牢固。最后考核也是以小组形式，不像另一个老师是单独评价，所以感觉在小组里交到了不少朋友，真的是不错的体验。就算是平常表现得不太好的同学，老师看到只要你态度端正并且尽力了，也会有很多鼓励和认可。十二分钟跑的时候也不严，很多女同学就差几秒钟跑完六圈都算了满分。平常还会教给大家很多体育理论的知识，或者日常拉伸训练的小技巧，真的是很认真的老师了！收获也很多！强力推荐！！！
131097,8255,寿旻超,2021-01-26 02:45:35,4,4,0,老师真的超好呜呜呜 海底捞老师傅认证
131154,8255,寿旻超,2021-01-26 08:25:04,3,3,0,老师很耐心，教的一些运动的方法都很实用，满绩ヾ ^_^♪
132590,8255,寿旻超,2021-02-02 13:34:34,2,2,0,真的很棒\n\n寿老师yyds！
133654,8255,寿旻超,2021-03-03 08:54:18,6,6,0,好老师，经典项目为“爬”。
135816,8255,寿旻超,2021-05-27 11:13:23,11,11,0,这么好的老师怎么还没冲上9.9?
136192,8255,寿旻超,2021-06-12 09:16:48,1,1,0,超好！！！！
136425,8255,寿旻超,2021-06-18 01:30:15,3,3,0,寿老师真的好好，情商真的超级高!!!我四肢超级不协调每次上课练习都感觉很挫败，但是老师上完课的总结总是能莫名让人觉得开心起来!
136472,8255,寿旻超,2021-06-18 10:43:11,1,1,0,健美操，老师很负责任，教的很仔细，问问题也很耐心就是留的小组编排时间不会太多，可能需要课下用点时间，或者像我们组一样考前补天hhh，快冲，选他
137178,8255,寿旻超,2021-07-02 03:01:00,2,2,0,老师超好，我这学期十二分跑才跑了5圈都满了。当然舞要好好跳啦！
138856,8255,寿旻超,2021-07-11 09:41:02,0,0,0,寿老师人超级好，上课很有趣很耐心，四肢不协调星人努力也可以满！好感谢老师！
140441,8255,寿旻超,2021-09-11 12:45:47,0,0,0,老师好
142195,8255,寿旻超,2021-11-08 11:37:25,1,1,0,健美操课超级好！！！寿老师幽默亲切！…！
144776,8255,寿旻超,2021-12-23 14:26:02,1,1,0,寿老师yyds！
144893,8255,寿旻超,2021-12-25 14:08:53,5,5,0,寿老师太棒啦，刚刚看到体育理论满分，上周小组展示给分也很好，虽然我们组也没练多久，但老师也给了很高的分数嘿嘿，太棒啦
147569,8255,寿旻超,2022-01-10 08:38:33,2,2,0,寿老师真的超级超级好！！！选上他的健美操课就是人生一大幸事，人好给分也好！
147613,8255,寿旻超,2022-01-10 09:47:29,1,2,1,老师的身体素质课很有意思！老师人很有趣
147752,8255,寿旻超,2022-01-10 16:30:20,1,1,0,都给我选！人好干货多！
149219,8255,寿旻超,2022-01-14 23:45:41,1,1,0,老师超级好！是真的带大家掌握体育技能的人 身体素质课和健美操课都选的他
149483,8255,寿旻超,2022-01-15 14:12:58,7,8,1,助力老师的评分！从四肢不协调星人变成了愿意在台上表现自己，感谢老师！
151669,8255,寿旻超,2022-03-11 02:46:38,1,1,0,老师真的很好！上了三节课我已经爱上他了！
151797,8255,寿旻超,2022-03-16 04:41:58,1,1,0,大一第一次上体育课就选的寿老师的啦啦操，人超好上课也很有意思。
153224,8255,寿旻超,2022-04-27 01:07:51,1,1,0,好老师！
154910,8255,寿旻超,2022-06-07 00:39:51,8,9,1,期末三好杯自己掏钱给我们买徽章wwwwww我爱smc
154913,8255,寿旻超,2022-06-07 01:47:52,3,4,1,寿老师真的是很好很好的老师，非常理解我的手脚不协调，一直在鼓励我们，期末个人考试只要动作不做错就给满分，而且平时真的好幽默(✪▽✪)下学期还选他的课
157728,8255,寿旻超,2022-06-24 13:02:51,10,11,1,幽默有趣，上课很有意思\n\n给分好，四肢不协调专项还有36，应该都是36以上\n\n12分钟会有优惠\n\n人品好，自己花钱买了三好杯徽章，留个纪念
161230,8255,寿旻超,2022-11-01 09:17:49,1,1,0,真滴很好！！！！！！
161986,8255,寿旻超,2022-11-15 16:17:29,2,2,0,我爱教练呜呜呜呜呜
163480,8255,寿旻超,2022-12-14 12:01:01,2,2,0,身体素质课！老师很幽默，也很会为我们考虑，很好的老师！
164343,8255,寿旻超,2022-12-20 10:58:26,2,2,0,老师真的很负责，而且会教很多有用的东西。如果想水课还是不要选了，但如果想学东西我直接推荐一手。
164395,8255,寿旻超,2022-12-20 14:54:54,1,1,0,好有趣的老师
168266,8255,寿旻超,2023-02-08 02:47:08,8,8,0,超超老师我的神！！苯人没有小脑肢体不协调上课努力学也常常跟不上。后来自己认真练了，动作考核喜提99分真的很高兴！！（没有操舞基础的uu别怕！）
168274,8255,寿旻超,2023-02-08 12:42:52,3,3,0,老师很幽默，教的也很好，最后期末考因为我时间比较仓促，跳的很烂也有97，真的很满意了呜呜，老师均绩那么高不是吹的
170373,8255,寿旻超,2023-03-03 08:01:24,3,3,0,感谢寿老师🙏。没有他的健美操，我的排舞课完全跳不下来。感谢他的仁慈让我的均绩又上升了。❤❤❤
173764,8255,寿旻超,2023-06-02 11:43:46,0,0,0,超爱寿老师！
174077,8255,寿旻超,2023-06-06 05:46:25,0,0,0,爱死了
174178,8255,寿旻超,2023-06-07 04:25:07,1,1,0,体素课满分老师
174447,8255,寿旻超,2023-06-12 08:48:13,0,0,0,送分的神❤️
174551,8255,寿旻超,2023-06-14 03:57:49,3,3,0,没有出分，但不影响我给寿老师10分，大学上过那么多体育课，寿老师的课是最好的，没有之一.\n\n.
175507,8255,寿旻超,2023-06-25 08:50:19,3,3,0,好好好好好！谁不选寿老师的课我都会伤心🥹 老师的健美操课不能说是很轻松 也需要花时间排练啥的 但上课氛围超好老师人也很好啊啊啊啊啊啊啊啊
175859,8255,寿旻超,2023-06-27 03:38:14,6,6,0,爱上健美操只需要一个寿旻超，怎么会有这么善良的老师啊！！！除了要小组合作编一套操之外，健美操真的没有雷点呜呜呜呜。但是操舞三好杯可以算美育二课欸嘿嘿嘿，小组合作也不算什么了！（谢谢老师捞我）
175893,8255,寿旻超,2023-06-27 05:32:32,4,4,0,上课氛围好\n\n老师给分好\n\n课程结束时老师给我们每个人发了徽章\n\n可以感受到老师对健美操这个项目的热爱\n\n也让我这个补选进来的跳舞小白对健美操有了一些了解\n\n最后，感谢这学期以来寿老师传递给我的正能量，也祝愿他能过上想要的生活
177718,8255,寿旻超,2023-07-04 11:47:09,4,4,0,寿老师超级温柔超级幽默超级体谅学生\n\n有一次晚上失眠直接睡过老师的课 跟老师解释了老师也很温柔的回复了\n\n三好杯比赛的时候老师也给了很多的指导 超级负责 最后4.8 我觉得跟我那次睡过了有很大的关系。。。是我自己的问题啊啊啊老师真的很好的！！！大家都去选老师的课\n\n哦对了 三好杯结束之后老师还自费给我们准备了小礼物 超感动
184569,8255,寿旻超,2023-12-22 00:22:30,1,1,0,寿老师yyds!人帅幽默会关心，这都不冲？
185324,8255,寿旻超,2023-12-28 02:10:09,13,13,0,“我认为老师的职责是传道受业解惑，而不是为难学生。”刚刚结课，个人考试最后一个动作做反了，老师冲着我笑。给分好已经远远不是老师的唯一的优点了，老师是真正想要把自己热爱的健美操传递给学生们，上课幽默，课后会发视频复习，耐心热情温柔回复消息很快。结课老师的一番话让我眼睛袅袅了，老师是一个真的热爱生活事业与职业的人，让我不禁开始反思我一潭死水的生活。虽然操舞类编排确实很累，但是遇到寿老师真的是我特别特别特别幸运的一件事。
185352,8255,寿旻超,2023-12-28 06:55:57,0,0,0,特别特别好的老师
185392,8255,寿旻超,2023-12-28 17:55:13,0,0,0,寿老师超级好！！！！！
185412,8255,寿旻超,2023-12-29 02:59:01,0,0,0,老师很好
188822,8255,寿旻超,2024-01-20 05:33:03,0,0,0,高昏！上过就知道！
190631,8255,寿旻超,2024-03-12 09:26:26,4,4,0,老师是好老师，就是说体素课啊，体素课多半是紫金港强度最大的一个老师了吧。五公里是常规项目，体能也够酸上几天的…\n\n想要轻松的抓紧换吧\n\n但是学期中体测前老师会分享一些经验，确实有用\n\n天冷了体素课会去体操房，老师确实是好老师\n\n就是体素强度太大了
193312,8255,寿旻超,2024-06-06 07:03:16,0,0,0,体素课强度中等。会做一些奇奇怪怪的行进间动作。\n\n健美操给分很宽松，一套操能跳下来基本上就是满分。
193361,8255,寿旻超,2024-06-07 07:42:41,2,2,0,一开始担心肢体不协调、没基础上这门课会很难，但是学起来才知道老师很会教而且很有耐心，平时上课带我们一遍遍学，到期末发现自己已经从不敢跳的状态逐渐打开了。寿老师真的幽默又平易近人，很能理解学生，给分也很好，总之就是特别特别好的老师！
193765,8255,寿旻超,2024-06-17 15:09:07,4,4,0,只有上过他的课的人才知道他有多好\n\n你想要的好老师的品质都有，幽默，上课认真，平易近人，体贴学生，给分好（）\n\n对我们三好杯也很认真，收到了很多的指导，个人考试也会带着大家复习\n\n10分奉上
194761,8255,寿旻超,2024-06-25 09:35:16,0,0,0,这学期体素课跑了一次五公里，其他都是老师带我们做一些动作，虽然不轻松但也能水过去。不过老师的请假制度挺友好的，一学期有三次打卡代替上课的机会。
197326,8255,寿旻超,2024-07-11 02:26:04,0,0,0,老师人很好 给分也超好 就是健美操的小组展示有点头疼（可能是因为我抽签被迫当了组长）
197381,8255,寿旻超,2024-07-12 01:45:32,1,1,0,老师特别好，讲话幽默风趣很有梗。健美操都是在室内夏天也不会晒。有一次是某个演出和体育课装了，老师说年轻的时候就应该去追梦，并不介意我们请假看表演。但是由于健美操本身需要集体排练，所以期末周前特别忙的uu还是要考虑一下是不是能做到一周每天晚上都去排练。总之给寿老师满分！！
198637,8255,寿旻超,2024-09-10 09:48:38,1,1,0,老师超帅人超好！！
199749,8255,寿旻超,2024-09-29 01:38:32,3,3,0,情商超级高，会顾及学生面子！！
201323,8255,寿旻超,2024-10-31 15:26:47,1,1,0,啊啊啊超级棒的老师，真的人很好，很幽默，课也很好，很专业的老师。因为我们觉得下课前测仰卧起坐已经没有剩余的力气了，答应这节课不测，下节课热身完先测。
202861,8255,寿旻超,2024-11-15 02:26:04,1,1,0,无比好的老师
204722,8255,寿旻超,2024-11-27 13:26:34,1,1,0,伟大，无需多言。在体测和专业课的考核都很捞。12分钟跑会自费准备大白兔和巧克力。上课幽默，为人特特特别好。上健美操课好开心。
205624,8255,寿旻超,2024-12-10 07:44:51,1,1,0,结课了来点个赞，寿老师人真的超级好，特别关心同学，给分也特别好，本人纯肢体不协调星人但上健美操课真的超开心！！！小组排练虽然很辛苦但是上场前看到寿老师一下就笑开了，只可惜这个学期学的东西不多，对操舞感兴趣的放心冲！！！
205935,8255,寿旻超,2024-12-13 01:20:59,2,2,0,超级好的健美操老师，能选上他真的很幸运，期末评分以及平时开幕式排练也很为大家考虑。
205936,8255,寿旻超,2024-12-13 01:23:30,1,1,0,特别好的老师啊！！！给分也超级好！！负责地告诉大家只要每节课都去，然后期末认真复习完全可以得很高的分数的！！！！寿老师真的是我遇到的最最有人情味的体育老师了
205958,8255,寿旻超,2024-12-13 02:10:24,0,0,0,伟大无需多言
205990,8255,寿旻超,2024-12-13 02:42:00,0,0,0,老师水平高，也会体谅学生，还没出分，但是起码上课老师耐心仔细，也幽默，会鼓励学生，无论绩点如何，十分。
206058,8255,寿旻超,2024-12-13 04:24:53,0,0,0,好！！！
206097,8255,寿旻超,2024-12-13 05:19:07,4,4,0,昨天结的课但是没有好好和老师说声感谢，只能在这里说一声谢谢寿老师!!!老师你很负责!!!千万不用愧疚呀!!!\n\n因为这学期有校运会排练等事情，健美操课在健美操上接触的不多（）有点小遗憾，以后争取再选一次体验一下纯粹健美操哈哈哈！
206672,8255,寿旻超,2024-12-17 04:25:10,2,2,0,寿老师超级帅！！！！虽然他老是说自己体素课强度大 其实并不！老师很民主很幽默很温柔超好脾气！爱死了 10分没得说
207620,8255,寿旻超,2024-12-23 09:49:34,0,0,0,很难得的好老师，真的太好了
213833,8255,寿旻超,2025-01-20 07:58:23,1,1,0,伟大无需多言\n\n老师人真好
214073,8255,寿旻超,2025-01-23 11:59:16,1,1,0,寿老师真的是站在同学们这边的好老师！！！处处替同学们着想！！！
217840,8255,寿旻超,2025-04-17 06:23:22,1,1,0,没十分太不合理
219104,8255,寿旻超,2025-05-24 04:57:12,1,2,1,健美操。可以说25春夏的健美操寿老师是这课唯一的优点了。三好杯提前到夏五周，再加上周四周五班五一放假耽误课时导致讲编排要求的时候离三好杯只有一个周（其实本质上是因为健美操算是操舞类内容多而且难的，编排要求也高，本来课程相比其他就更紧张。除了自己选音乐，还要求12个以上队形以及可以自创编舞和调整顺序，和排舞这种固定顺序动作5个队形完全不是一个level），刮风下雨勤恳训练花的时间，为了表演整齐买一套衣服花的钱，承担可能的队友不好好训练或者睡过头skip掉比赛影响所有人成绩的风险，换来的结果是更低的团体分数。操舞类相比球类考核本身就无法给满，这情理之中，然而参加三好杯补正的竞赛加分只能将将填上集体考试的坑，更别说相比其他体育课付出的更多时间精力和金钱了。当然体育课就1学分这点当然影响不了均绩，但你想着你付出的上述代价就为了吃依托答辩，起码心情肯定不会好，这归根结底是考核方式的问题，扫射的是三好杯集体考试下的所有人。\n\n寿老师人很好，长跑会给大家准备糖，也很清楚这构式三好杯集体考核有多煞笔，所以他在个人考试的给分上也尽己所能了（个人考试从100往下扣，动作没问题就是满），但如果以后的三好杯还是这么提前，裁判依旧如此严厉，还是别来了吧，最起码润到排舞或者体育舞蹈这种内容比较简单，集体考试要求也少的课吧，最好逃离全部操舞类，说难听点操舞类考核就是为三好杯包的饺子，人其他球类不照样有三好杯也没见这么多年把三好杯强制纳入考核的，吃过这依托的不言自明。
219592,8255,寿旻超,2025-05-30 11:48:47,1,1,0,不多说了 上过的都说好 老师人品很好 对学生也很宽容 体素课前一节有习题课 他允许我们晚到 还有销假制度 非常人性了 总之是不可多得的好老师好男人
220550,8255,寿旻超,2025-06-18 12:33:33,0,0,0,挺有人格魅力的一位好老师
221347,8255,寿旻超,2025-06-23 04:12:37,0,0,0,好男人好老师  很宽容也很有魅力\n\n体素课强度中等\n\n可以通过跑步(男生5km女生4km)来抵消请假
221572,8255,寿旻超,2025-06-24 14:20:29,0,0,0,寿老师人特别可爱，每节课前会先和同学们唠嗑二十多分钟，每周最开心的时候就是这两节课，跳完微微出汗，感觉一身轻松。\n\n我不算肢体太协调的那类，但是每节课也能马马虎虎跟下来。健美操期末团体考试是三好杯，需要大家挤出时间来排练，虽然有点累但是很难忘的回忆！而且有美育二课分可拿！（我们组是第三名有3分，直接实现大学二课分自由~yeah~）
128331,8256,王地,2020-12-19 02:37:26,33,36,3,嘿嘿，选他!
128424,8256,王地,2020-12-23 00:58:32,16,17,1,老师人属于比较温柔 而且也比较幽默的\n\n考试的时候会捞hhhh\n\n打拳的时候超级帅！
128596,8256,王地,2020-12-24 10:05:03,10,12,2,选他，好老师
128753,8256,王地,2020-12-25 07:05:38,22,25,3,哇哇哇哇哇哇哇，老师也太好了，人又帅脾气又好，特别是打拳教我们的时候，很尊重学生，而且又幽默，因为是考教分离的，所以给分是别的老师给的。但是上王地老师的课绝对是一种享受！！！
128827,8256,王地,2020-12-25 15:35:28,10,10,0,很温柔的老师，打拳很专业！！（看他钉钉头像
128857,8256,王地,2020-12-26 05:51:21,4,5,1,上课宽松，唯一一次想严肃得时候还破功了哈哈哈哈哈哈哈\n\n人特别好！
128873,8256,王地,2020-12-26 08:14:39,18,19,1,这么好的老师怎么不是10.0?
128902,8256,王地,2020-12-26 14:48:00,5,6,1,老师又可爱又温柔！打拳也必然是专业的！上课也很有趣，建议选
128928,8256,王地,2020-12-27 04:35:31,7,7,0,老师人特别好，又帅又幽默
129073,8256,王地,2020-12-29 14:08:20,13,13,0,苹果手机，老师手动打了一学期卡。不多说了，请让他上十分。
129092,8256,王地,2020-12-30 06:16:34,14,14,0,手动给每个人加了一分
129105,8256,王地,2020-12-30 06:57:26,10,11,1,老师人特别好，给分也不错，甚至我们以兄弟相称。
129179,8256,王地,2020-12-31 02:34:51,5,5,0,打拳很帅，给分很nice，选他！送他上十分！
129526,8256,王地,2021-01-06 16:08:27,5,5,0,选王老师，没错
129581,8256,王地,2021-01-08 01:21:42,5,5,0,期末考完发红包还有谁吗
129954,8256,王地,2021-01-14 06:04:18,3,3,0,上课氛围很轻松
131604,8256,王地,2021-01-28 06:45:05,2,2,0,上课氛围很好，很亲切的老师，选这个老师的课没错！
132582,8256,王地,2021-02-02 12:19:46,3,3,0,选他选他选他！人超好，给分也好！
133089,8256,王地,2021-02-08 01:57:00,2,2,0,选他！
133380,8256,王地,2021-02-26 11:30:38,4,4,0,疫情期间上的，老师打拳牛，人也可爱
136092,8256,王地,2021-06-11 02:22:44,2,2,0,选他选他！老师超级超级好，打拳很帅，人很幽默，上完课心情都会很好(*'▽'*)♪
136229,8256,王地,2021-06-13 07:29:07,2,2,0,王地吹爆吹爆
136230,8256,王地,2021-06-13 07:39:14,3,3,0,选就完事儿！！！！！
136363,8256,王地,2021-06-17 03:20:34,3,4,1,吹爆啊啊啊啊男神啊啊啊啊
136732,8256,王地,2021-06-23 15:12:06,2,2,0,太太太太太太好好好啦啦啦啦啦啦
137166,8256,王地,2021-07-01 15:41:09,3,3,0,给分超好！！
137501,8256,王地,2021-07-04 14:29:24,3,4,1,王地老师真的好，像哥们，谁能想到是拳击冠军
140592,8256,王地,2021-09-14 05:41:00,3,3,0,老师特别好啊锕锕锕锕锕锕锕锕锕锕锕
140708,8256,王地,2021-09-15 08:08:47,3,3,0,虽然才上了几节课，但感觉老师教得贼用心，人也很好！
141034,8256,王地,2021-09-22 05:03:11,4,4,0,为什么这么好的老师不上10
142243,8256,王地,2021-11-09 07:44:57,3,3,0,超级棒的老师，上课很有意思，要求也比较宽松
142775,8256,王地,2021-11-16 04:29:41,3,3,0,认认真真做动作，老师人非常好，然后很幽默主要是给分特别好很宽松
143771,8256,王地,2021-12-05 20:56:10,3,3,0,地哥yyds！！！
144368,8256,王地,2021-12-21 08:25:28,3,3,0,专门去补选他的课～
144572,8256,王地,2021-12-22 10:42:46,3,3,0,老师很可爱，很耐心
144832,8256,王地,2021-12-25 04:46:10,2,2,0,老师人超级棒！！人帅心美，是我碰到最好的体育老师之一。教课既认真又负责。大家快去选他的课！！！
146991,8256,王地,2022-01-08 10:22:28,2,2,0,王地老师yyds
148581,8256,王地,2022-01-13 02:14:01,3,3,0,王老师我爱你，人贼好，很耐心，给分极好，满绩飘过
149574,8256,王地,2022-01-16 04:18:18,2,2,0,老师超级好
150713,8256,王地,2022-02-15 10:35:00,2,2,0,很好，拿了三学期满绩了(๑╹ヮ╹๑)ﾉ
150881,8256,王地,2022-02-20 13:45:05,4,4,0,老师太有魅力了 教课也超级耐心 可惜下学期没开原来的课了😭
152877,8256,王地,2022-04-21 07:15:34,1,1,0,老师人真的好，耐心又体谅学生，上课也很好玩！！拳击真的太牛了
154140,8256,王地,2022-05-24 12:13:33,1,1,0,帅帅帅～
159924,8256,王地,2022-09-09 04:20:20,5,5,0,亚运冠军 上课轻松快乐 给分超高
162207,8256,王地,2022-11-17 17:27:51,0,0,0,王地老师的师弟，也是学生前来评一波\n\n赫赫有名的南拳王!!\n\n十八般武艺样样精通\n\n拳击课教的贼细\n\n打拳贼帅！
128213,8257,王伟跃,2020-12-13 13:50:15,14,18,4,老师是省足协的，专业水平没的说，人也很亲切
128649,8257,王伟跃,2020-12-25 02:26:56,8,9,1,每次课都有比赛踢，大爱！
128657,8257,王伟跃,2020-12-25 02:40:52,7,8,1,老师很亲切，每次上课训练都会亲自示范，后面还有比赛踢。引体向上给分很宽，大爱ヽ(*´з｀*)ﾉ
130209,8257,王伟跃,2021-01-19 04:29:05,-2,3,5,上的是老师的身体素质课，老师人很好，希望学生能认真对待身体素质课。老师的身体素质课很轻松，很体谅学生，但不允许中途逃课或甚至不来……但请假和合理范围内的迟到（半节课内）也是宽容的。总体上推荐老师的身素课
130306,8257,王伟跃,2021-01-22 08:26:26,-22,11,33,身体素质分全满了，最后给分88. 4，专项那边本来可以上88. 5，进位到89，故意把我的技评分给比速度分给低一分，导致卡在88. 4，不多说，真的烂，一辈子都不会再选足球课了
130420,8257,王伟跃,2021-01-22 08:28:23,-26,4,30,身体素质分全满了，最后给分88. 4，专项那边本来可以上88. 5，进位到89，故意把我的技评分给比速度分给低一分，导致卡在88. 4，不多说，真的烂，一辈子都不会再选足球课了
133525,8257,王伟跃,2021-03-01 16:57:49,2,4,2,确实是很好的老师o(^o^)o
133981,8257,王伟跃,2021-03-11 07:11:38,5,6,1,每节课有球踢，爱
141451,8257,王伟跃,2021-10-12 10:19:13,7,8,1,我是傻逼
144375,8257,王伟跃,2021-12-21 08:37:31,0,1,1,老师人很和蔼
145257,8257,王伟跃,2021-12-28 13:22:02,3,4,1,推荐上王老师的身体素质课，人和蔼，事少，就打卡签到
146973,8257,王伟跃,2022-01-08 08:50:26,2,2,0,人很好但给分给分不好
154622,8257,王伟跃,2022-06-02 12:55:25,1,1,0,老师人很和蔼耐心，技术也很好，就是给分不太好
155389,8257,王伟跃,2022-06-12 05:30:11,6,6,0,给分是真的差！对足球小白十分不友好！即使是足球大佬最后失手了也凉了，这个老人家不会调分也不懂放水，很死板。但性格挺和气。
158679,8257,王伟跃,2022-07-01 08:54:55,1,1,0,技术很不错，给分过于求是
170095,8257,王伟跃,2023-03-01 10:41:41,0,1,1,课上能够看到王老师对足球和体育的热情，也能感受到他对同学们的关心和鼓励。老师有当裁判的经验，疫情网课期间还会结合当时的世界杯比赛给我们讲战术配合，教学技术动作的时候也会告诉我们这些技巧在实际比赛里面会有怎么样的作用，如果是真的喜欢足球，推荐来选王老师的课
171057,8257,王伟跃,2023-03-15 07:04:49,1,1,0,老师人很好，很耐心也很温柔。但是别选足球课，给分烂中烂，大学以来成绩最差的一门课。
129198,9035,李志远,2020-12-31 05:58:54,8,11,3,老师上课很认真人也很好
129315,9035,李志远,2021-01-04 06:08:03,28,34,6,李老师赛高！！！！
129320,9035,李志远,2021-01-04 06:34:42,16,17,1,不仅为人和蔼，而且球技高超，长相也很萌。快来上他的课吧
129394,9035,李志远,2021-01-05 03:56:26,12,13,1,志远男神！！真的很好很好很好啊！！！
129413,9035,李志远,2021-01-05 06:40:29,13,15,2,刚刚考完网球，来评个分，李老师真是太棒啦！最开始几次课会累一点，比较枯燥，因为都是重复练习挥拍。但习惯了之后，感觉网球还是很容易的。李老师还能记住每一个人的名字，经常在你打球的时候给些指点。开学初对网球一窍不通、力气还小的小白也能把十个球都打到界内。总之很棒！
129421,9035,李志远,2021-01-05 07:17:36,12,13,1,李老师yyds，我体育课体辅课都是他。上课的时候教学阶段很专注，后续的练习阶段想要划水也是很轻松的。最重要的是网球期末考试非常非常简单，几乎大家都是满分，就算满不了李老师也会尽可能给高分！唯一值得吐槽的就是身体素质课的时候让你做的动作实在有点憨，当然也不成为我不给他打10分的原因！
129555,9035,李志远,2021-01-07 06:52:35,1,2,1,李老师真的很好啊啊啊可爱
129702,9035,李志远,2021-01-11 05:19:03,0,0,0,很好哦
129766,9035,李志远,2021-01-12 06:22:34,4,4,0,老师好好！网球课太快乐了
129838,9035,李志远,2021-01-12 23:57:10,1,2,1,啊啊啊啊啊男神！网球课真的好快乐好快乐！
130341,9035,李志远,2021-01-21 05:02:34,1,1,0,老师非常亲切和善（甚至十分幽默可爱），耐心讲解，上课没有负担，真的学到了规范的运动技巧。给分也很好，很喜欢的老师。
131780,9035,李志远,2021-01-29 02:01:34,1,1,0,【网球课】老师真的很亲切，对基础不好的同学也很耐心。考试的时候会让你多试几次，基本都可以满分！真的太棒了！
134279,9035,李志远,2021-03-22 23:54:11,0,0,0,李志远yyds
135023,9035,李志远,2021-04-27 09:08:25,0,0,0,小安同学
136609,9035,李志远,2021-06-22 02:16:38,4,4,0,上的网球初级班，运动量不大，练习时会耐心给指导，鼓励式教学，不错的老师。最后一节课给大家集体拍了照，鼓捣自拍杆的时候很可爱～
136622,9035,李志远,2021-06-22 04:07:31,1,1,0,李老师人很好，很亲切和蔼，上完一学期课能记住所有同学名字，平时上课也会非常耐心地指导同学，强烈推荐李老师的网球课！！！
140854,9035,李志远,2021-09-17 01:58:37,0,1,1,李老师上课认真负责，对待学生也超级好
140899,9035,李志远,2021-09-17 11:36:50,4,4,0,老师喂球喂得真好，太有耐心了
143027,9035,李志远,2021-11-18 08:58:17,0,0,0,李老师yyds
143844,9035,李志远,2021-12-08 10:30:31,1,1,0,好棒，李老师yyds
144680,9035,李志远,2021-12-29 04:31:28,9,10,1,李志远老师非常和蔼，12分钟跑也很友善，教的很耐心。下学期体育课和身体素质课都是志远哥哥的课！！爱了爱了！！
144943,9035,李志远,2021-12-26 04:09:34,2,2,0,真的是超级好的老师，明年继续选他的网球课
145189,9035,李志远,2021-12-28 06:11:09,2,3,1,上了一学期的身体素质课李老师都认识我了（可能因为前一节课是线代每次狂奔到操场都晚五分钟）
145254,9035,李志远,2021-12-28 13:16:13,8,9,1,李老师真的很可爱，平常说话都是笑呵呵的，今天最后一节课还特意给我们拍了合照，能冲的uu们赶快冲啊
145470,9035,李志远,2021-12-30 01:41:08,7,8,1,李志远老师真的超级超级无敌巨好！！\n\n初级班的话最初会反复从基础正反手挥拍练习开始，有一点点枯燥但是能让我们把基础打得很牢！！反正挥拍练好了之后就特别流畅，在发球机打的动作明显比其他网球班的同学要标准优美多了。\n\n而且上课过程也不累，老师也特别和蔼特别好说话，长得也萌萌的，非常耐心的一点一点指导你～也不会因为你的技术什么的对你有什么偏见，对每个人都是认真指导认真纠正错处的。\n\n期末考也很简单，平时上课好好练练，最后考试基本上都满分了！！\n\n我真的吹爆这个宝藏老师！！
145471,9035,李志远,2021-12-30 01:43:01,2,3,1,李志远老师yyds！！\n\n超爱他，真的是个宝藏老师！！
145552,9035,李志远,2021-12-30 08:21:07,1,2,1,吹爆李老师！真的yyds！当初抱着试一试的心态选了网球课 但现在真觉得能上老师的课是我的blessing！可惜选课非酋下学期没选上网球 下次一定要续杯！
148609,9035,李志远,2022-01-13 03:31:12,0,1,1,李老师yyds！！！！老师的网球课真的很好，运动量不算大很适合我哈哈哈，期末考试拿高分很简单！老师会在练习的时候给辅导，总之是好老师！
149559,9035,李志远,2022-01-16 02:49:33,0,2,2,好好好
151486,9035,李志远,2022-03-04 14:28:28,0,1,1,选他选他！
154468,9035,李志远,2022-06-02 01:07:34,2,3,1,网球中级班课程冲突了😭😭不然我肯定接上zygg的课
157239,9035,李志远,2022-06-22 13:26:10,3,5,2,都给我选李老师！老师人很温柔，上课的时候很轻松，而且给分超级好！期末硬生生把我捞满了
158314,9035,李志远,2022-06-28 08:39:54,3,5,2,没想到没想到真的被捞满了www\n\n这个学期打卡只打到了10.5分
160366,9035,李志远,2022-09-20 09:55:34,0,1,1,好好好
160667,9035,李志远,2022-09-30 00:35:46,2,3,1,上课很舒服
163457,9035,李志远,2022-12-14 11:14:16,2,3,1,zygg是真的好😍
163910,9035,李志远,2022-12-16 14:00:08,3,6,3,李老师人太好啦！\n\n第1节排球课就明确说出会给我们提绩点，绝对不会卡绩！李老师的排球课真的很有意思，只要认真听课就可以！虽然我排球技术不好，但是老师一直鼓励我，绝对是好老师！
164124,9035,李志远,2022-12-18 08:41:47,2,6,4,【体素课】从摆烂角度，挺轻松的。一个学期50%的课只需要跑步打卡把打卡图片发到群里即可。剩下50%的课前半节会进行一些简单的练习，后半节课跑步打卡。他的体素课没什么强度，下雨天往往人过去签个到就可以走了。节节课都要签到（备注:可能会有一节课突然袭击，签到后会清点人数，抓那些签个到就跑了的人）.
164185,9035,李志远,2022-12-19 03:07:05,2,3,1,和蔼的，还送吸汗带
165178,9035,李志远,2022-12-30 01:57:41,1,2,1,超级帅！超级好！就是没有运气再选上中级班了
170452,9035,李志远,2023-03-05 06:05:29,3,4,1,上过很多老师的网球课，李老师可能不是最热门的，但一定是最体贴学生的老师之一，10分无悬念！
170465,9035,李志远,2023-03-05 08:46:19,2,3,1,zygg超极好，最后成绩也很尽力的捞我，爱死了
170469,9035,李志远,2023-03-05 10:25:49,1,2,1,吹爆全世界最好的网球老师
170840,9035,李志远,2023-03-10 08:35:16,3,5,2,上的是李志远老师的身体素质课，他真的好有意思！！！说话很有意思，上课也挺好的！！超爱！！
170877,9035,李志远,2023-03-11 05:24:34,1,3,2,都别跟我抢网球课
172363,9035,李志远,2023-04-25 11:31:07,5,7,2,初级班排球课，老师特别特别耐心温柔，性格超nice，训练量适中，强度不是很大。专项给分超好，小白从来没打过排球，搭档也没打过，感觉我们是班里面打的最菜的，但是被捞到了90，从来没有想过这节课能打到这么高的分数www
173955,9035,李志远,2023-06-05 07:47:42,4,7,3,上了志远哥两个学期体素两个学期体育课，志远哥实在是太温柔辣！
173959,9035,李志远,2023-06-05 08:32:52,4,5,1,神仙老师
173996,9035,李志远,2023-06-05 13:28:40,2,3,1,网球，很好的老师，引体向上测试还会放水，努力让学生能有至少1个的引体向上成绩
174502,9035,李志远,2023-06-13 08:39:28,5,6,1,快来选课，老师人很好，技术也不错，就是课选不上。下次还选老师的课。
175414,9035,李志远,2023-06-24 17:09:59,2,3,1,人很好很好很好有机会选上两次老师的网球课我真的太幸运了
175808,9035,李志远,2023-06-26 23:21:57,1,1,0,温柔和蔼，亲切友好！\n\n最后一节课还拍了合影，超好！
175857,9035,李志远,2023-06-27 03:35:30,-22,4,26,别瞎选体育课，不然专项会爆炸……
176086,9035,李志远,2023-06-27 15:28:29,2,2,0,李老师超好的
176497,9035,李志远,2023-06-29 06:18:46,2,2,0,很温柔
177487,9035,李志远,2023-07-03 12:08:17,1,2,1,很好的老师
183199,9035,李志远,2023-11-22 15:55:50,1,1,0,大一两学期选lzy的课 秋冬5.0 春夏阳+脚伤4.2 老师人脾气真的巨好 给分也很棒 强推
184083,9035,李志远,2023-12-08 08:04:44,11,11,0,人萌心善
185661,9035,李志远,2024-01-03 10:56:23,2,2,0,我直接一整个爱上，不必多言
186813,9035,李志远,2024-01-13 06:35:48,0,1,1,上的排初，事少给分高 专项考试是垫球，主观给分，老师都会给高分
186829,9035,李志远,2024-01-16 17:28:12,0,0,0,老师人真的很好！！可惜老师不教排球中级班，给分好而且还捞了我一把 感动
191585,9035,李志远,2024-04-25 11:15:59,-12,4,16,体素课很难评。。。
192236,9035,李志远,2024-05-12 23:52:05,0,0,0,谁不选lzy老师的体素我会哭死的
195226,9035,李志远,2024-06-27 09:36:42,0,0,0,网球课真的好
195609,9035,李志远,2024-06-29 04:01:43,2,2,0,神中神
195698,9035,李志远,2024-06-29 16:17:33,2,2,0,lzy真神吧，引体向上会给你放点水，起码让你有一个，网球\n\n期末也特别简单
195836,9035,李志远,2024-06-30 07:05:28,1,2,1,啊啊啊啊啊啊啊，爱死了。男生引体向上会适度防水，此外网球考核也很简单，给分很不错，体育小废物也压线上4.8
199656,9035,李志远,2024-09-27 05:03:15,1,1,0,太好啦！！！
206226,9035,李志远,2024-12-13 09:30:55,1,1,0,运气爆棚补选调剂到了李老师的网球课，人真的很好，“啊”字当逗号用的老师，引体向上个数也能捞一捞，无敌！
206729,9035,李志远,2024-12-17 09:18:19,0,0,0,很好的老师，专项很轻松，引体向上给分好，我爱你我爱你
209751,9035,李志远,2025-01-07 03:18:49,0,0,0,4.8耶耶耶
210230,9035,李志远,2025-01-08 13:03:59,1,1,0,李老师我的神！\n\n这学期真的非常幸运能选上老师的网球课\n\n课程轻松期末考也很简单，掌握了一门新运动还是很开心的！\n\n老师人也特别好特别可爱，最后总评看我卡绩还特意多给了一分让我上一档啊啊啊啊啊啊啊啊选上老师的网球就偷着乐吧
211057,9035,李志远,2025-01-10 12:20:54,0,0,0,老师很好，专项考试给满了，引体也还算捞，老师很和蔼，校运会志愿者出了问题很耐心地帮我解决，快说谢谢老师！
211568,9035,李志远,2025-01-12 02:35:54,2,2,0,本学期最明智的选择就是退了专业选修课选了老师的网球（初级），蛮轻松的，也能学会网球基本的一些动作，最后还会捞捞，太爱啦！
212646,9035,李志远,2025-01-14 10:31:25,7,12,5,神人，本来是91分今天出分变成92了，一看专项给我多捞了0.几分，李老师我要用你倒膜的杯子，爱死你了
218536,9035,李志远,2025-04-24 09:32:47,1,1,0,胧月喝好的
219578,9035,李志远,2025-05-30 03:38:03,0,0,0,老师简直是伤自己一千也要捞我800。。。。从没见过这么仁至义尽的老师，不给10分说不过去
179697,9425,BIN LIU,2023-09-19 11:07:10,15,18,3,挺和蔼的老师
181959,9425,BIN LIU,2023-11-06 12:28:48,9,11,2,还行吧，学识渊博的老师
194052,9425,BIN LIU,2024-06-21 15:40:51,3,5,2,很好的老师
207972,9425,BIN LIU,2024-12-25 06:10:35,-5,0,5,sbb
209181,9425,BIN LIU,2025-01-05 02:34:43,2,2,0,很好的老师，没去还可以补请假条，基本上每节课都要签到，平时作业也很简单，我请假了一次，论文也写的一般，字数也是刚好满，给分也还可以
209252,9425,BIN LIU,2025-01-05 07:57:30,-10,3,13,每节课点名，给分一般般，课后思考题和论文认真写，最后4.5
209279,9425,BIN LIU,2025-01-05 09:51:41,2,2,0,被绩杀，写的论文
219252,9425,BIN LIU,2025-05-23 11:24:54,0,2,2,课程事情不多，小测很水，期末是论文也不难写，每节课会点名。\n\n但是老师上课一般，ppt疑似用AI生成的（不知道有没有判断错误），给分对于美育而言似乎也没有很好，我的作业和论文都是较为认真完成的，最后4.5。
220038,9425,BIN LIU,2025-06-14 03:10:01,0,0,0,结课散文写了中外名曲lemon拿了4.5😂
167961,9426,白俊伟,2023-01-20 17:32:13,6,9,3,新来的网球老师，很温柔很耐心，会记住同学的名字，每次上课最后几分钟都会进行“比赛”（雾），上课体验良好，并且给分也不错。
169286,9426,白俊伟,2023-02-25 08:42:26,5,5,0,温柔善良的大哥哥
169861,9426,白俊伟,2023-02-28 06:44:21,4,4,0,神仙老师
169882,9426,白俊伟,2023-02-28 08:25:14,5,5,0,很nice的老师，网球课上的很舒服
170215,9426,白俊伟,2023-03-02 04:29:21,11,11,0,白老师人超级超级好，一直乐呵呵的从来不生气，网球打得好不好他都会夸你鼓励你的，有时还会手把手教你，大家都快去选他课啊啊啊（不对，不能和我抢
170822,9426,白俊伟,2023-03-10 05:34:33,19,19,0,上的白老师的普通体育课，感觉不错哈
172056,9426,白俊伟,2023-04-18 08:22:25,5,5,0,超级可爱的老师，尽力满足我们想学的东西
172121,9426,白俊伟,2023-04-20 03:06:38,10,10,0,白老师人超级好啊！课上还会组织一些小游戏hhh
173201,9426,白俊伟,2023-05-16 01:54:33,1,2,1,白老师真的人超级好，脾气温和而且耐心，是真正的神仙老师了
173695,9426,白俊伟,2023-06-01 13:57:29,2,3,1,白老师简直是一个心理老师哈哈哈哈！\n\n另外他会经常看同学的照片噗哈哈哈然后就记住你的名字啦
173798,9426,白俊伟,2023-06-03 05:18:40,2,3,1,非常温柔和蔼的老师，下课之后可以在场地继续打网球，白老师有兴趣了还会主动来指导一番。白老师的讲解十分细致，给分也非常友好，已经上了两个学期的课啦，主要是课堂氛围非常轻松愉快，还会记住每个人的名字。
174529,9426,白俊伟,2023-06-13 16:11:49,3,3,0,特别特别好的老师，这个学期上了白老师的网球和体素课，被记住名字感觉非常惊喜，会和同学想朋友一样聊天打趣，课程相关考核什么的也比较宽松。上课氛围很好，解答问题也非常耐心，还会玩一些小游戏，真的是非常好的老师。给分什么的很好，初级班运动量也不大
174542,9426,白俊伟,2023-06-14 02:16:17,2,2,0,认真负责的好老师
175840,9426,白俊伟,2023-06-27 02:32:03,2,2,0,白老师 我的神
180098,9426,白俊伟,2023-09-20 09:48:39,-12,9,21,i人地狱
181160,9426,白俊伟,2023-10-10 10:20:11,8,8,0,上的体素课，大一新生，特别庆幸能上白老师的课，这么幽默风趣的老师评分既然不能上10?
181774,9426,白俊伟,2023-10-31 08:29:38,9,9,0,老师真的很好，会带我们玩很多游戏，（有助于团建bushi）不过确实适合e人。白老师的普通体育课可以接触到很多运动。老师会记住同学的名字。
183857,9426,白俊伟,2023-12-01 09:02:57,4,4,0,老师人很好，都来选
184338,9426,白俊伟,2023-12-18 05:14:31,7,7,0,不过多评价，❤️❤️❤️❤️足以。
184640,9426,白俊伟,2023-12-22 04:36:28,5,5,0,白老师的课是我一直到现在上的最快乐的一节课，真正把上体育课当成了一种放松，每周都很期待体育课。考核的话除了硬的比如仰卧起坐长跑这些，技术考试应该还蛮简单的（至少比羽毛球简单感觉）
184817,9426,白俊伟,2023-12-23 05:24:02,4,4,0,白老师的体素课会组织很多形式的活动，有些我并不是很感兴趣，但做着做着，注意力转移到了活动里头，身体也在运动，确实有放松的效果\n\n老师人真的挺好，我必须打十分啊
184935,9426,白俊伟,2023-12-24 13:18:30,5,5,0,超级超级喜欢白老师！！！不需要理由！！\n\n希望永远上白老师的网球课！！！\n\n嘿嘿 给所有夸夸白老师的评论都点赞啦！老师真的很认真很负责对学生超级好，和我们聊天还会记住学生的名字！我不允许白老师不上十分！
185142,9426,白俊伟,2023-12-26 15:21:36,4,5,1,伟大，无需多言
185171,9426,白俊伟,2023-12-27 02:22:43,2,2,0,体素课轻松好玩
186759,9426,白俊伟,2024-01-13 03:04:01,0,0,0,神！！网球专项考核被狠狠捞了！！白老师yyds！！
187188,9426,白俊伟,2024-01-15 03:50:17,11,13,2,上大学以来在分数上最好的老师，群里公示91.05，我本来还想去找老师帮帮忙多给一分，后来想想没必要，成绩查询92，爽！！！！！
187191,9426,白俊伟,2024-01-15 03:56:20,0,0,0,白老师人太好了 很随和很亲切 教得很好 最后期末还浅捞了一下我 谢谢白老师！！
187795,9426,白俊伟,2024-01-17 12:57:04,3,3,0,伟大，无需多言，93.6被捞到满绩
188356,9426,白俊伟,2024-01-18 17:46:20,1,1,0,网球初级，简单易学，老师人很好，会在气膜馆和安中球场来回上课，看天气。给分很好，团建很开心，认识新同学
188934,9426,白俊伟,2024-01-20 17:05:47,3,3,0,10分不解释
192863,9426,白俊伟,2024-05-31 05:30:39,5,5,0,为什么不能打100分！\n\n老师每次都乐呵呵的也不会凶，手把手教动作，还会记住我们的名字，组织小游戏，网球考试也简单，快选！！！！希望白老师受伤快点好起来呀！！
193183,9426,白俊伟,2024-06-04 08:22:15,1,1,0,10分是打分系统的上限不是白老师的上限！！！
193267,9426,白俊伟,2024-06-05 12:34:07,1,1,0,真不错
193332,9426,白俊伟,2024-06-06 12:32:33,2,2,0,10分不解释！！！要不是他下学期去玉泉了我一定继续选！
193497,9426,白俊伟,2024-06-12 00:11:58,3,3,0,记得每个人的名字，很好的老师
193948,9426,白俊伟,2024-06-21 04:00:40,3,3,0,任何一个不上白老师课的人都会后悔，耐心有趣，上课也很水，他还会记住每个同学的名字，给分也好，实在想不出比白老师更好的老师了
194043,9426,白俊伟,2024-06-21 14:19:28,4,4,0,为什么只有9.7.这么好的老师分数应该更高
194752,9426,白俊伟,2024-06-25 08:53:41,2,2,0,亲切和蔼，耐心认真，给分也很好！
195802,9426,白俊伟,2024-06-30 03:33:28,1,1,0,满分！
195865,9426,白俊伟,2024-06-30 11:56:44,2,2,0,必须10分
195901,9426,白俊伟,2024-06-30 15:36:42,3,3,0,满分满分！
196248,9426,白俊伟,2024-07-02 13:53:56,12,12,0,上学期91.05-92，这学期88.4-89。伟大，无需多言。
196404,9426,白俊伟,2024-07-03 08:33:56,2,2,0,满分！！！
196442,9426,白俊伟,2024-07-03 12:12:15,2,2,0,授课好，给分好
197287,9426,白俊伟,2024-07-10 10:09:16,2,2,0,补选上他的普体以为自己死定了，结果收获了很舒适的上课体验和满意的绩点！！！
205605,9426,白俊伟,2024-12-10 05:26:25,2,2,0,人好网球课轻松，老师的小活动很好玩
206660,9426,白俊伟,2024-12-17 03:28:26,5,5,0,白老师会在规则氛围内尽量给你高分，多说无益，来让我们玩个social小游戏～
206855,9426,白俊伟,2024-12-18 03:31:12,7,7,0,老师人特别好，有一次睡过了晚到了半个小时老师也没记迟到，期末考试甚至能认识很多同学叫出名字，非常温暖的老师！
206923,9426,白俊伟,2024-12-18 12:27:09,2,2,0,白老师超级好，非常热爱网球，会讲很多网球比赛的东西，要点也讲的很清楚，为人亲和，能叫出学生的名字，而且他特别喜欢 萝 卜 蹲
207073,9426,白俊伟,2024-12-19 06:43:24,2,2,0,网球初级班\n\n喜欢组织同学们搞搞萝卜蹲之类的社交小游戏，以及在班内组织打打比赛（纯娱乐的，能发球得分已经超过一半的同学了），课堂氛围挺有意思的。老师人也很好，选到就是赚
208579,9426,白俊伟,2024-12-29 14:55:09,3,3,0,选了老师的网球（初级班），老师人真的特别好，很为我们着想，专项考试容错率也很高（11个球，9个满分，6个7分，以此类推），还有第二次考试机会。
213358,9426,白俊伟,2025-01-17 04:49:38,2,2,0,给分很好很能捞，非常温柔非常照顾学生的一个老师。前期上课会做一些团辅类型的小游戏，后期练熟之后会打比赛，很有意思的网球课！！！
219649,9426,白俊伟,2025-06-03 07:19:33,1,1,0,白老师值100分
167237,9427,杜银玲,2023-01-15 07:24:05,6,9,3,作为老师第一波学生，希望老师手下留情~
170171,9427,杜银玲,2023-03-02 00:18:00,0,5,5,杜老师人超级好！上课也很有意思，感谢！
170558,9427,杜银玲,2023-03-06 12:07:41,3,6,3,卡绩，无聊，要求高
171312,9427,杜银玲,2023-03-21 10:37:33,3,5,2,卡绩，给分一般
171345,9427,杜银玲,2023-03-22 06:17:27,4,8,4,还行吧，课水水的，不咋累，游戏挺尬的，老师也不算特别关心学生，但是人也不差
173615,9427,杜银玲,2023-05-30 08:05:31,-3,6,9,上课教的不好，最后一节课骂我们不认真，然后让我们自己下去练。上课经常玩手机，总之挺无语的。微信群里的消息也不看。
174054,9427,杜银玲,2023-06-06 03:14:46,1,2,1,还可以的，新老师，比较严一点
174109,9427,杜银玲,2023-06-06 09:21:18,-1,1,2,武术不用去机房考试，老师又美又飒，虽然划水但是很快乐
174131,9427,杜银玲,2023-06-06 12:01:03,-2,0,2,挺好的，可以选
174146,9427,杜银玲,2023-06-06 15:42:58,1,2,1,杜老师作为年轻教师，很注重和学生的互动，给分也好，点赞！
183977,9427,杜银玲,2023-12-05 08:37:43,0,3,3,老师人不错，上课也挺有意思的，虽然游戏有点尬但是整体还行。最后希望可以不要卡绩，最后差一分4.8，呜呜
185316,9427,杜银玲,2023-12-28 01:00:11,1,2,1,老师真的超级好，选了不会后悔的那种
185348,9427,杜银玲,2023-12-28 06:49:37,-4,1,5,总体上老师人很好！顺利完成了考试，只要认真上课就不会挂～课后需要复习；她还是那么喜欢“以小组的形式”hhh
191345,9427,杜银玲,2024-04-18 05:00:26,4,5,1,喜欢做各种令人尴尬的游戏 上课水平有点令人怀疑 感觉不够专业 总之不会再选
209427,9427,杜银玲,2025-01-06 02:42:14,-1,1,2,太极拳老师教的特别的详细，所以教学速度好像偏慢一些。学得时候好像需要注意的细节比较多。但老师教得真的很好。成绩就是体育专项(要参加三好杯太极拳赛，占40分吧，参赛可以赋2分)+课外锻炼(15分)+考勤(10分)+身体素质(25分，12分钟跑+仰卧/引体)+理论(10分，课程《运动安全与健康》不难需要注意时间刷完，一定要记得提问和评论)。我觉得老师很认真负责，每一个环节都是自己挣的，没啥捞不捞吧(个人感觉)。最后，建议选了这门课，刷抖音/B站没事看看24式太极视频，给自己减轻一些压力。
216118,9427,杜银玲,2025-03-10 13:34:32,2,2,0,没意思，没水平，没捞，没学到东西
216647,9427,杜银玲,2025-03-20 04:23:34,3,4,1,第一次遇到迟到5分钟就在zdty上记迟到的老师，这么求是？？？以后不会来了，以后选wj老师的课
217419,9427,杜银玲,2025-04-10 05:01:14,0,0,0,...
218765,9427,杜银玲,2025-05-03 07:56:25,0,1,1,迟到4分钟记了迟到
167052,9428,方建森,2023-01-15 04:44:28,36,37,1,老师必须十分！
167166,9428,方建森,2023-01-15 04:32:22,3,3,0,方老师超好(๑•ᴗ•๑)♡讲得很细致易懂，唱歌也超好听。
167242,9428,方建森,2023-01-15 07:33:00,13,13,0,超级有趣可爱的老师！！好爱他呜呜呜
167634,9428,方建森,2023-01-18 01:46:26,2,2,0,方老师yyds
167675,9428,方建森,2023-01-18 08:12:23,1,2,1,老师很好
167780,9428,方建森,2023-01-19 04:42:10,6,7,1,选了歌唱艺术，老师人超级好，给分也不错，专业水平高，开口便被惊艳；平易近人，会和学生打成一片的那种。上他的课没有什么负担，一整个过程都很享受、很放松，感觉就是在应对繁忙学业之余静下来享受艺术，感受音乐的魅力，灵魂都得到了升华。平时的作业就是一些简单的歌唱练习，没有强制性要求（他也懂我们基本不会做哈哈），期末作业也只是演唱一首歌，老师不要求唱得多好，重要的是认真对待，多加练习，不要忘词，情真意切胜过技巧。上课会做一些看起来奇奇怪怪的训练，可能会尴尬？但总得来说挺好玩的。老师一直强调不会给我们太多压力，开心就好。强烈推荐！
168073,9428,方建森,2023-01-25 15:36:26,2,2,0,老师上课超多干货，唱歌也超好听，给分也好，希望还能继续上他的课
168357,9428,方建森,2023-02-13 13:13:33,3,3,0,好好好！
168470,9428,方建森,2023-02-17 12:40:02,19,21,2,方老师讲课很有意思，而且专业水平也很高，美声、民族唱法直接拿捏，唱流行就是林俊杰本人！上课会点名但并不多，其实上课也没什么压力。如果有急事你上课干别的老师也不会管你，不过老师的课真的是很有意思，上完了也很有收获，所以除非是有作业很着急要交，我上课不会干别的事情
168945,9428,方建森,2023-02-23 15:30:17,13,13,0,老师真的真的很好，上课气氛很轻松，也没有什么任务负担，老师还会分享很多他留学时期的小故事，相当棒的老师啊
169760,9428,方建森,2023-02-27 23:30:56,2,2,0,太喜欢他了
169825,9428,方建森,2023-02-28 05:16:27,8,9,1,上课教的很好，成功激发了我对唱歌的兴趣，讲课穿插小故事，是比较放松的一门课。期末是登台演唱，老师说只要你认真准备了，就算唱的不好分数也不会太低的，不用担心。
170272,9428,方建森,2023-03-02 11:05:34,15,15,0,方老师牛逼!快选他
170519,9428,方建森,2023-03-06 05:32:54,17,17,0,我想不到怎么给这个老师不打十分找理由。
171301,9428,方建森,2023-03-21 07:19:33,21,22,1,老师专业水平很高，是真的很强，讲课也很有意思，经常会分享自己留学的小故事，总之选上就是赚到
171802,9428,方建森,2023-04-06 04:02:13,1,1,0,太喜欢了😘
171999,9428,方建森,2023-04-16 16:55:38,5,5,0,圣彼得堡博士生，水平超级高，能一下子听出来你发声的问题是什么并且细心的帮你改正，唯一的缺点就是课实在太抢手啦！！！
172099,9428,方建森,2023-04-19 10:51:15,1,1,0,好好好！
172298,9428,方建森,2023-04-24 12:26:24,1,2,1,老师超棒
172365,9428,方建森,2023-04-25 11:55:08,4,5,1,想不到不打十分的理由，要有也是要点名会提前说🤭
172825,9428,方建森,2023-05-08 03:22:30,2,2,0,老师真的很好
173859,9428,方建森,2023-06-03 17:27:31,3,3,0,我爱他
173872,9428,方建森,2023-06-04 03:13:36,3,3,0,老师超好！！！超温柔！想不出不打十分的理由！
173984,9428,方建森,2023-06-05 11:49:30,5,5,0,老师人特别好！歌唱艺术很有意思，点名的话会提前说，期末就是唱一首歌，教了很多歌唱的练习技巧，平常讲课还会说一些自己的留学经历，很有趣很快乐。超级推荐！
174541,9428,方建森,2023-06-14 02:10:44,5,5,0,上课氛围超级好，老师人超级好，期末唱任意一首歌，给分超级好，冲冲冲兄弟们
174543,9428,方建森,2023-06-14 02:32:01,5,5,0,超级好
174923,9428,方建森,2023-06-20 02:25:08,2,3,1,老师很好，我这个不会唱歌的人也能拿到不错的成绩，太感谢了
174931,9428,方建森,2023-06-20 03:37:51,2,2,0,吹爆啊啊啊！
174999,9428,方建森,2023-06-21 02:01:42,2,2,0,非常非常好的老师！
176634,9428,方建森,2023-06-29 13:21:44,12,14,2,fjs就是完全从学生视角出发的老师，特别懂得为学生考虑啊啊啊！为了让同学们不要卷不要焦虑而费尽心思，所以平时作业、没有展示，点名也会提前一节课说，而且会在钉钉群里说。待人特别温柔。重点是给分特别好，一个（自认为）唱歌还行但是期末发挥有点失常的人还是被给了满绩！
179731,9428,方建森,2023-09-19 15:12:24,5,5,0,今天第一次上方老师的课，感觉到了幸福，轻松，上课也很有趣，老师也很好，会分享很多他的留学故事，爱国情结也让我更爱他了
179732,9428,方建森,2023-09-19 15:12:21,5,5,0,今天第一次上方老师的课，感觉到了幸福，轻松，上课也很有趣，老师也很好，会分享很多他的留学故事，爱国情结也让我更爱他了
179733,9428,方建森,2023-09-19 15:12:22,8,8,0,今天第一次上方老师的课，感觉到了幸福，轻松，上课也很有趣，老师也很好，会分享很多他的留学故事，爱国情结也让我更爱他了
180715,9428,方建森,2023-09-25 08:40:00,11,11,0,能选上这么好的老师的课，真的三生有幸！
181203,9428,方建森,2023-10-11 11:40:47,5,5,0,老师的课真的很有意思，人超级nice。
181584,9428,方建森,2023-10-23 10:48:56,8,8,0,老师超级帅超级幽默
181699,9428,方建森,2023-10-29 05:17:18,6,6,0,我男神
182282,9428,方建森,2023-11-14 03:50:07,5,5,0,好老师！很有趣也三观很正！
182583,9428,方建森,2023-11-17 17:47:42,6,6,0,干货满满，爱唱但菜星人的福音！
183281,9428,方建森,2023-11-23 11:37:18,5,5,0,种草！选上这门课的我，翘专业课就为了去玉泉上美声。方老师开的课，对于菜但爱的我来说实在是友善且能学到东西
184150,9428,方建森,2023-12-11 06:46:37,6,6,0,非常好的一个老师！我喜欢哈哈哈哈
186062,9428,方建森,2024-01-08 05:45:55,3,4,1,刚考完试，方老师很能鼓励学生。这学期唯一的遗憾是没有在考试前上去唱让老师面评，上台对一个社恐来说还是(#ﾟДﾟ)\n\n\n\n虽然笨人期末考忘词＋跑调（迷失在bgm里），但是不影响老师10分！
186066,9428,方建森,2024-01-08 06:13:03,2,2,0,刚刚考完方老师的期末考试。有趣且能学到东西的课，也是锻炼歌唱的好机会！
186134,9428,方建森,2024-01-09 02:04:29,4,5,1,老师真的超好！！专业能力很强，而且非常好相处！冲冲冲！
186163,9428,方建森,2024-01-09 06:41:50,3,3,0,永远的男神！!!!
186172,9428,方建森,2024-01-09 07:05:15,2,2,0,可惜没选上老师下学期新开的课😭😭😭下下学期再努力
186240,9428,方建森,2024-01-10 03:55:54,3,3,0,方老师人超级好！！！！！！！
186616,9428,方建森,2024-01-12 06:50:49,5,5,0,小方人真的太好了！上课讲了许多乐理知识包括唱歌技法，嗓子保养之类的，我的收获真的很大～而且还可以把自己唱的片段私发给他，收获指导意见。另外，小方上课也很幽默，讲了许多他在俄罗斯上学时的趣事以及他的偶像林俊杰老师(｡･ω･｡)如果要点名的话还会提前一节课通知www他真的，我哭死\n\n总之就是大爱小方！！！
186739,9428,方建森,2024-01-13 01:26:12,2,3,1,能学到怎么唱歌还能学到怎么做人
186972,9428,方建森,2024-01-14 03:51:17,5,5,0,方老师我滴神 我是不会唱歌，第一次选歌唱课学习。方老师对我这个菜鸡非常好，考试的时候帮我打拍子，考完也鼓励了我，是真正热爱艺术推广艺术的人
190479,9428,方建森,2024-03-05 13:15:15,5,5,0,开演唱会吧方老师！
190636,9428,方建森,2024-03-12 13:33:44,6,6,0,守护世界上最好的方老公
191207,9428,方建森,2024-04-12 01:37:56,1,2,1,很好的老师
191711,9428,方建森,2024-04-28 16:15:47,5,5,0,每周最期待的就是方老师的流行演唱啦！
192995,9428,方建森,2024-06-02 06:29:45,0,1,1,方老师yyds
193053,9428,方建森,2024-06-03 05:32:07,4,4,0,真正的老师，真正的𦚱
193147,9428,方建森,2024-06-04 04:44:00,6,6,0,小方超级棒！都来选啊，不会唱歌也会爱上唱歌！”爱唱歌爱自己“是讲义封面！
193347,9428,方建森,2024-06-06 18:18:32,10,13,3,【流行演唱】这门课不仅会讲民谣、古风、戏腔、抒情类歌曲和rap等的唱法\n\n也会讲到乐队 演唱设备 发声方法以及活动的策划\n\n方老师的演唱水平和人格魅力都已经好到让我不知道如何用语言来描述\n\n除了选不上这门课之外 剩下的应该全是优点了吧~
194952,9428,方建森,2024-06-26 04:47:00,23,23,0,方老师9.8分说明还有人没有打十分，这是不合理的
195504,9428,方建森,2024-06-28 11:52:12,1,1,0,非常好
198034,9428,方建森,2024-08-26 05:36:18,0,2,2,唯一扣一点分是因为老师讲声乐（民族和美声）时稍有些令人难以理解
198042,9428,方建森,2024-08-26 13:06:56,2,2,0,非常喜欢方老师的课，老师很有耐心，而且能学到很多真东西
198270,9428,方建森,2024-09-06 03:50:07,1,2,1,超级好的老师！上的是流行演唱，真的能学到很多东西，而且给分超超赞，唱歌好和一般的同学都会考虑到
198469,9428,方建森,2024-09-09 06:21:59,0,0,0,上课太有趣了
198470,9428,方建森,2024-09-09 06:22:03,1,1,0,方老师！！！！！！！！！神！！！！！！！！！！！
199992,9428,方建森,2024-10-10 10:56:51,2,2,0,神，在老师的课上学到的不止声乐理论，学到的做人的道理更是让人受益匪浅
200356,9428,方建森,2024-10-16 07:47:43,0,0,0,神中神
200839,9428,方建森,2024-10-23 07:32:42,0,0,0,神，不接受反驳
200913,9428,方建森,2024-10-24 12:36:32,0,0,0,爱了爱了
201114,9428,方建森,2024-10-29 02:30:14,0,0,0,方老师特别特别好
203393,9428,方建森,2024-11-19 12:00:44,18,18,0,老师很好，但我非常非常不喜欢课上装逼的旁听课友
205058,9428,方建森,2024-11-30 13:25:09,12,12,0,浙大林俊杰
205453,9428,方建森,2024-12-06 13:04:16,0,0,0,超级无敌好的一个老师，会开玩笑，课堂氛围感拉满！！！而且老师本人三观特别正，上他的课非常放松！
206004,9428,方建森,2024-12-13 02:57:19,0,0,0,伟大，无需多言！
206468,9428,方建森,2024-12-15 10:43:27,9,9,0,2024年12月15日18时38分\n\n方建森老师一门容量60的打开艺术之门————流行演唱课程有1186人选课\n\n特此记录
206685,9428,方建森,2024-12-17 05:32:40,2,2,0,男神 注意上课认真记笔记 打开艺术之门期末考要看笔记 教学兼顾理论实践和爱国主义教育 讲俄语歌的时候会讲一些在俄罗斯上学期间的故事 课在午一也会让同学们注意吃饭来不及就在课上吃点 总之专业技能和教学艺术以及人品都绝了
207069,9428,方建森,2024-12-19 06:29:55,4,5,1,选不上美育？\n\n找到合适的时间段->学期初直接跑到教室抢前排的位置->下课立即冲上前找老师补选->美美获得保底4.5的美育\n\n课程指南：\n\n1.第一节课老师第一次邀请人唱歌的时候，很多人不敢举手，如果你比较自信，马上举手，2分到手（后面去唱歌可能就没有了）\n\n2.红色加分、演唱会加分拿满！\n\n3.笔记部分：不要学期末照抄他人（因为老师不喜欢一看上去就和别人一模一样的），可以做好电子排版，稍微漂亮一点，内容丰富一些（适当使用AI力量X），总共有30%的概率获得90分以上的成绩，笔记好看一点的话这个概率大大上升。
208060,9428,方建森,2024-12-25 11:31:57,1,1,0,超级体贴学生的老师，必须十分
209020,9428,方建森,2025-01-04 08:30:44,2,2,0,啊啊啊啊啊吹爆方老师！！！！！\n\n超级温柔超级厉害给分也超级好！！！\n\n伟大无需多言！
209040,9428,方建森,2025-01-04 09:16:58,1,1,0,方老师的课真的超级超级有趣\n\n学到了各种唱法的专业知识\n\n听老师唱歌简直是种享受啊～\n\n老师人特别好，记得第一节课下大雨，老师还说让我们不用急着过去，小心摔倒\n\n期待下次能再上方老师的课！
209104,9428,方建森,2025-01-04 13:18:40,3,3,0,方老师的课应该改成我每学期必修的\n\n老师真的好好
210081,9428,方建森,2025-01-08 06:06:05,0,0,0,伟大无需多言
210555,9428,方建森,2025-01-09 10:41:01,3,3,0,老师的课唯一的缺点是难选上。
214777,9428,方建森,2025-02-18 01:33:58,1,1,0,大大滴好
216539,9428,方建森,2025-03-18 05:45:20,4,4,0,小方唯一的缺点是世界上只有一个小方
220012,9428,方建森,2025-06-13 12:47:59,2,2,0,神
220858,9428,方建森,2025-06-20 07:03:37,-3,1,4,伪君子，颇有岳不群之风
221351,9428,方建森,2025-06-23 04:14:08,0,0,0,这学期上的歌唱艺术  总共只有一个期末考试  没别的事情了\n\n老师真的挺好 很关心学生 也会给出很专业的指导\n\n唯一的缺点是比较难选
173839,9429,高月娥,2023-06-03 13:05:56,7,7,0,老师人好很耐心，上课内容也挺丰富的，有时候还挺搞笑。就是理论考完全没有说是需要什么教材还是题库还是什么资料，第一次理论考搞得有点迷茫。虽然朵朵上是能问到的啦，但觉得老师还是应该提一嘴。隔壁游泳课给了教材的好羡慕😭但老师人还是很好的！可选！
174085,9429,高月娥,2023-06-06 06:49:51,4,4,0,老师人很好，上课很耐心帮你纠正动作；引体数的也不是很严hhh
175910,9429,高月娥,2023-06-27 05:58:31,2,2,0,老师专业技能真的拉满，每次看到她做动作的时候都震惊怎么能这么稳，平时上课也会帮同学纠正动作，有些严厉但是氛围很轻松~
176311,9429,高月娥,2023-06-28 10:42:44,13,14,1,老师人挺好的，她的动作真的超帅。上课的运动量适中，考核不难，最后得分也不错，就是跆拳道房有点味儿
178970,9429,高月娥,2023-08-09 09:43:01,0,0,0,超级求实。阳了提前请假会被扣分。不过人还是很好的。
179471,9429,高月娥,2023-09-16 13:01:18,0,0,0,好帅，给分感觉还可以
179572,9429,高月娥,2023-09-18 10:21:41,0,0,0,刚上一节，老师也挺幽默的\n\n黑带七段的大神，还去亚运会当裁判！膜拜！
184998,9429,高月娥,2023-12-25 09:22:32,1,1,0,女神！
185069,9429,高月娥,2023-12-26 05:22:05,0,0,0,老师我爱你 虽然你总是盯我动作还用脚靶打我 哈哈哈哈哈哈哈哈
188259,9429,高月娥,2024-01-18 13:44:35,0,0,0,老师给分真的超级好，随随便便踢一下就4.5，上课还很幽默很亲切，超赞
192973,9429,高月娥,2024-06-01 12:13:32,3,3,0,老师人很好，课也很好，但柔韧不够的同学慎选，作为全班韧带最硬每次拉伸都痛不欲生..
195089,9429,高月娥,2024-06-26 17:46:59,1,1,0,老师很好，因为自己没填表缺的竞赛分也会给你手动补回来
206236,9429,高月娥,2024-12-13 10:11:29,0,0,0,老师人很好，会认真指导动作啊，说话有时也很幽默，一点不严，不过跆拳道馆要脱鞋啥的，每次上课对我来说很煎熬
206689,9429,高月娥,2024-12-17 05:47:36,1,1,0,老师特别好！特别帅！下次没有冲突我还选高老师的跆拳道
206946,9429,高月娥,2024-12-18 16:20:44,0,0,0,女神！！！
206966,9429,高月娥,2024-12-19 01:46:37,0,0,0,老师很好，10分/:lvu
209423,9429,高月娥,2025-01-06 02:35:48,0,0,0,超帅的老师，认真负责，上课氛围很好，给分也很好！！！
211029,9429,高月娥,2025-01-10 11:04:50,0,0,0,老师很好，教的也很有耐心，会很多次地教怎么系道带，甚至会亲自帮你系，动作很帅，柔韧度自愧不如，但是体测的时候比较严格，挺好的，喜欢
167091,9431,黄文婷,2023-01-15 02:39:42,11,17,6,婷姐yyds
168888,9431,黄文婷,2023-02-23 08:45:15,4,7,3,好高的姐姐。\n\n每次上课先签到，一般不签退，但每节课后要发跑步打卡截图。
171407,9431,黄文婷,2023-04-14 16:20:03,-21,9,30,体素下雨天还要走路，另外的班没来。呵呵。慎选。
171739,9431,黄文婷,2023-04-03 14:38:36,14,16,2,大学第一个满绩😭\n\n婷姐人超好，给分超好\n\n尽管觉得自己期末考打的很烂，但浙大体艺一查竟然满了😭\n\n老师很温柔，从来不发脾气，课也教的好，强推！
172152,9431,黄文婷,2023-04-20 17:05:38,16,21,5,强烈推荐！\n\n婷姐真的超级可爱！！！（划重点hh）\n\n非常有趣的灵魂哈哈哈\n\n上婷姐的课非常放松，也非常开心，她总会时不时地蹦出一些超好笑的段子～\n\n老师以前是在辽宁队打比赛哒，很高hh，但从不会给人很高冷的感觉，是非常好相处的xjj\n\n在平常上课的时候教得很认真很细致，会很贴心地给予指导，非常赞～\n\n上个学期选了老师的课，这个学期再续前缘嘿嘿
172186,9431,黄文婷,2023-04-21 10:13:34,4,5,1,很好的老师
172187,9431,黄文婷,2023-04-21 10:14:00,5,6,1,黄老师上课很耐心，也很幽默，强力推荐哦！！！
172419,9431,黄文婷,2023-04-26 12:29:11,13,14,1,其实说句公道话，婷姐人真的不错，请假啊签到啊之类的事情都很好说，最后的排球考核也是我稀里糊涂考的垫球也得了88分，确实捞了一把了。但是老师也很认真负责，平时会细心指导，讲课也有意思，挺平和挺帅的一老师
172536,9431,黄文婷,2023-04-29 02:50:28,4,6,2,如果大学期间没有上过婷姐的课将是人生的一大遗憾hhh
172707,9431,黄文婷,2023-05-05 02:14:28,-11,9,20,给分很烂，我不理解，自己打的不算差吧，怎么最后给那么低
174495,9431,黄文婷,2023-06-13 07:01:19,5,7,2,排初。婷姐真的是很温柔的老师，上课不会太push，教得也很细心～上课想水可以水，想好好练当然更欢迎了。婷姐比较喜欢和自己很熟的学生聊天哈哈哈哈尤其是之前上过她排中或者排高的学生。给分也挺好的感觉
178697,9431,黄文婷,2023-07-18 12:26:13,4,5,1,搜了一下，老师是辽宁青年队的，北京体育大学2016级？才25？？！！！
184620,9431,黄文婷,2023-12-22 03:39:59,1,2,1,我永远的姐hhh
184740,9431,黄文婷,2023-12-22 11:39:00,1,2,1,姐说话太有意思了哈哈哈哈
185077,9431,黄文婷,2023-12-26 06:11:41,3,4,1,老师特别特别好！上课很温柔很有干货，会指点每一个同学（至少排初是这样），专项也会尽她所能地捞人，特别幸运能选上她的课！因为没办法选上婷姐的排球中级班，所以下学期体素课再见！
185078,9431,黄文婷,2023-12-26 06:21:46,1,2,1,很好的老师！对学生很关心，会跟学生唠嗑而且说话超级有意思！而且我感觉老师好美！
185150,9431,黄文婷,2023-12-27 00:15:57,2,2,0,老师真的很可爱ww
185272,9431,黄文婷,2023-12-27 12:35:24,-13,2,15,看评论大多是23年的，我是22年九月学的这门课，打分很低，专业成绩几乎没有给上九十的，我作为一个初中和高中体育课均选修排球并且拿满分的的专业成绩只有83，基本是当时的中位数。比选其他体育课的成绩低很多。老师当时上课阴阳怪气，各种嘲讽。有同学实在因为分数太低希望重考被骂回去。也许现在打分标准变了吧。当时垫球是每个人固定搭档，并且没有重叠。搭档对分数影响很大。挺不公平的。不管现在怎样，当时考试的时候是真的生气
185273,9431,黄文婷,2023-12-27 12:46:06,-11,2,13,评论大多是23年选的课，我是22年选的，当时打分很低，得分83分基本是专业平均分，就没几个上九十的。更何况我初中高中体育课都有上排球并且这个专项得的都是满分。当时搭档很重要，基本是学期初就定了，固定搭档一学期基本不会变，最后也是和搭档对垫，搭档初始水平对成绩影响很大。同学请求补考被她很不耐烦的骂回去，对好几个同学这样。为什么请求补考，因为给他们的分真的很低。平时也会有阴阳怪气。
189524,9431,黄文婷,2024-01-25 07:49:14,2,2,0,体素课很快乐
190403,9431,黄文婷,2024-03-01 03:36:04,7,7,0,作为大学四年体育课共六个学期全选的婷姐的排球课，初级中级都上过的亲学生，我真不理解怎么还会有人说她上课阴阳怪气？嘲讽？（她也就骂骂我罢了。。。）其实她在20年就已经在带班了，当时挂名在一个老教师下，所以查老师没有记录。\n\n作为一个青年教师，她上课氛围很轻松，不严苛，无论有什么事情只要沟通基本都不会为难你，多好一老师啊！自己分组练习的时候，看到有些技能稍弱的同学还会很细心的教。关于分组，因为我比较混，都是其他人自愿组队完我去找剩下的那个落单的，yysy，我真不觉得会影响我什么。。。因为初级班对垫更多考察走位和动作吧，即使对面很差劲对你的影响不会很大。我上了三年她的课，她是个什么样的老师我还不知道嘛？
190700,9431,黄文婷,2024-03-15 03:30:52,4,6,2,楼下有说黄老师给你打分低的，我只说我23-24秋冬学期选黄老师排初看到的现象\n\n①排球技能考试是所有排球老师互相给别的班级打分，你考试的时候并不是黄老师亲自给你打\n\n②如果黄老师觉得你技能考试分低了/不符合她对你的预期，她会在长学期最后一节课上单独把你们组拎出来补测，直到黄老师和你们都对你们的分数满意了为止
192689,9431,黄文婷,2024-05-28 09:32:52,0,1,1,选婷姐的课就对了
192992,9431,黄文婷,2024-06-02 05:23:00,4,4,0,已经选了三个学期黄老师的课了，老师真的超级可爱，特别温柔，真的是把我们当小朋友一样对待
195228,9431,黄文婷,2024-06-27 09:39:40,1,1,0,神神神！  专项打得不好也上90，平常事不多
197949,9431,黄文婷,2024-08-21 12:27:30,2,2,0,超可爱的姐姐，上课讲解真的很细致，感觉自己上完基础扎实了不少哈哈
205952,9431,黄文婷,2024-12-13 01:58:29,0,0,0,黄老师人真的超级好，虽然体素上课点名很严格，但是课上的内容总体还是蛮轻松的（体测之前可能会有一两节强度比较大的课），基本上说说笑笑一节体素课就结束了
207562,9431,黄文婷,2024-12-23 05:36:09,0,0,0,特别好我的婷，这么好
208603,9431,黄文婷,2024-12-30 02:33:56,0,0,0,婷姐真的超级温柔，人特别好，会耐心的指导学生的动作，最后发球考试时还会多给两次机会。
209463,9431,黄文婷,2025-01-06 04:34:51,0,0,0,很温柔的大姐姐，不错
210090,9431,黄文婷,2025-01-08 06:31:33,1,1,0,老师特别特别特别好。\n\n主要评价一下排初：个人觉得排初上手还是比较难的，不太能够标准掌握要考的垫球，更别谈其他的技能，当然给分一般都不错。而今年的发球，女生下手，临期练习的时候比较焦虑和痛苦，但只要练习足够，确实能够发过去。临考前一周每天练了一个小时，从一个球发不过去到10/11，发球还是挺解压的23333。
210924,9431,黄文婷,2025-01-10 07:24:50,1,1,0,文婷姐姐我爱你！！
213180,9431,黄文婷,2025-01-16 08:49:55,0,0,0,24秋冬开始排球新加了发球!!相比以前只有垫球难度加了一些 不过认真练习的话也是可以拿满的！婷姐特别特别好 有点小幽默哈哈哈 很可爱！期末卡绩也给捞了
213389,9431,黄文婷,2025-01-17 07:22:17,0,0,0,婷姐真的很棒！！！很感谢老师捞到了满绩🫶
213602,9431,黄文婷,2025-01-18 13:03:40,0,0,0,唉呀妈呀太好了我的婷，永远爱你哈哈哈
215439,9431,黄文婷,2025-02-26 06:16:38,2,2,0,老师人很好，教得很细致！但是期末要考发球会死的很惨，胳膊没劲儿的真的不要选排球T-T
216224,9431,黄文婷,2025-03-12 14:25:21,-2,0,2,给分低
220939,9431,黄文婷,2025-06-20 11:46:11,0,0,0,发球只过了5个，捞上4，好
171128,9433,贾浩程,2023-03-16 10:42:39,6,8,2,皮划艇超级好玩！虽然每节课都会担心掉到水里，但其实掉到水里的概率不大，如果按照老师的要求去做的话。\n\n第一节课就是正常上课，没有什么水里游泳练习（选课之前因为这个非常担心来着）。\n\n每节课的形式大概是老师讲解，然后下水划船练习，有的时候会玩小游戏（比如说大家划船围成一个圈啥的，然后老师还会给我们拍照）\n\n以及，老师给分还蛮不错，上个学期仰卧起坐才三十几个，12分钟跑也没满分，但是最后给分不错！\n\n想玩皮划艇的大胆冲！
173951,9433,贾浩程,2023-06-05 07:24:01,6,6,0,老师人很好
184906,9433,贾浩程,2023-12-24 09:42:19,3,3,0,帅气贾哥勇敢飞
187029,9433,贾浩程,2024-01-14 07:49:50,5,5,0,啥也不说了，老师值得10分wwwww太感动了
187098,9433,贾浩程,2024-01-14 12:47:33,4,5,1,给我狠狠打高分！！\n\n贾浩程老师太能捞了\n\n划船划倒数但是专项课给打了37分\n\n喜提4.8绩点（虽然卡绩了但是这是我自己的问题和老师无关呜呜）\n\n他真的我哭死 能捞的都捞了\n\n而且水上课也都是好玩的课 狠狠选～\n\n（有落水风险 我落了两次）
187138,9433,贾浩程,2024-01-14 16:46:51,5,5,0,宝藏老师贾浩程，无脑选就对了。\n\n作为一门体育课，启真湖上划浆板，很休闲轻松。\n\n贾老师随和幽默，专业知识到位，会耐心讲解，也会给我们在水上的较高自由度。课堂氛围非常好。\n\n大家都关心的，给分好。\n\n最后，虽然老师没记全所有同学名字，但作为大学第一个能被老师记住名字的课，我对此很感动。
187155,9433,贾浩程,2024-01-15 00:25:27,3,3,0,无脑选，老师人真的好，认真负责，课程也难度不大富有趣味性。
190220,9433,贾浩程,2024-02-26 04:51:03,2,2,0,贾哥没上9分我是不理解的
192991,9433,贾浩程,2024-06-02 04:59:52,3,3,0,老师真的能和学生打成一片，爱住
193138,9433,贾浩程,2024-06-04 03:31:43,2,2,0,给分极好且相当幽默的贾哥，连选连满前来打call
193295,9433,贾浩程,2024-06-06 03:33:21,1,1,0,老师人挺幽默的，也蛮关心学生的\n\n动作没学会的话，都可以问老师，老师会再指导\n\n课肯定都很好玩的
196170,9433,贾浩程,2024-07-02 03:26:42,0,1,1,老师人好，课也好玩
197346,9433,贾浩程,2024-07-11 05:59:59,6,6,0,皮划艇课很赞！最后专项是计时排名赋分，因此比较友好。最后一节课还体验了龙舟，上过水上运动，本科生涯才不会留遗憾哈哈~
205408,9433,贾浩程,2024-12-06 02:28:49,3,3,0,老师太帅了
211095,9433,贾浩程,2025-01-10 15:23:15,0,0,0,贾老师的桨板课将是大学生活的一段珍贵记忆
212190,9433,贾浩程,2025-01-13 10:39:32,1,1,0,大一懵懵懂懂选体育选上了桨板课\n现在想来实在是太幸运了\n老师技术和教学水平都杠杠的\n第一学期就感受到了zju的水上运动魅力\n和贾老师上课的日子感觉会是大学里难忘的回忆\n（虽然本人喜提意外落水两次
213277,9433,贾浩程,2025-01-16 15:10:58,0,0,0,老师挺好的呀，皮划艇上课比较轻松，人也很风趣幽默，给分也超级好，计时排名中下也给了38分多，早八的课也比较体谅我们，值得一个10分呀
218301,9433,贾浩程,2025-04-22 11:30:17,0,0,0,求求大家都来选贾老师的课，老师特别有趣特别好玩也很会教，每次上课都很好笑啊啊啊啊啊啊梗上长了个人的老师
220381,9433,贾浩程,2025-06-17 14:16:26,0,0,0,10分
189841,9434,刘伯煜,2024-01-30 17:12:40,1,2,1,老师看看钉钉吧T^T
173288,9436,楼兰萍,2023-05-17 23:57:36,-4,6,10,老师很好呀，会很用心的手把手教，而且也会给同学们体测放放水
173933,9436,楼兰萍,2023-06-05 02:49:42,1,2,1,楼老师人超好，会手把手教动作\n\n如果打得好，还会让你去练更高级的发球机
174549,9436,楼兰萍,2023-06-14 03:49:37,2,5,3,楼老师人特别特别好（在这里想拉踩一下另外一位教网球初级班的男老师，呵呵。。）\n\n会很耐心、准确地指出你动作上的问题，不会像一些老师一样大吼大叫且说不出所以然。谢谢老师的鼓励和指导，纯小白的我对网球的心态真的从惧怕转变到慢慢开始享受其中的乐趣❤️
176226,9436,楼兰萍,2023-06-28 06:17:03,7,9,2,老师比较求是，但是刀子嘴豆腐心
180733,9436,楼兰萍,2023-09-25 11:52:28,7,8,1,老师很温柔很耐心，美中不足是上课声音有点小
186826,9436,楼兰萍,2024-01-13 08:01:22,3,4,1,楼老师真的特别温柔特别优雅，每个同学都仔细指教过来，还记得我的名字经常夸夸。大学第一个满绩谢谢老师555，就是没有中级班的课可以继续上TVT
189085,9436,楼兰萍,2024-01-21 15:31:01,2,3,1,挺好的老师，上课声音略小，站在后排听不太到，不过也无妨，自己练就行。给分很好，喜提满绩
190648,9436,楼兰萍,2024-03-13 04:45:19,3,5,2,网球初级班大部分人都没有基础，但楼老师很耐心很温和。专项考试底线击球，如果有人没打到满分的话楼老师会单独指导，而且会额外给重考一次的机会，尽量让大家都把底线击球的30分拿满，只有10分技术评定有所不同。最后我们一个班专项考试没有低于37分的，真的哭死了，挽救了我的体育课成绩，很为学生考虑的一位老师。
193546,9436,楼兰萍,2024-06-13 00:17:59,0,3,3,无话可说。懂得都懂。
193549,9436,楼兰萍,2024-06-13 01:41:58,1,3,2,话不多说\n\n真的打球超帅而且非常温柔的老师\n\n如果你是一个客气有礼貌的小孩，她会对你真的……超级无敌好！\n\n夸爆她 10分不解释！
193701,9436,楼兰萍,2024-06-15 15:19:06,3,5,2,体测和考勤非常求是，上课迟到一分钟也会扣分，对于打得没那么好的同学说话刻薄。
195981,9436,楼兰萍,2024-07-01 03:47:20,2,2,0,楼老师超级无敌好，指导很耐心，考试没满的话也会额外给机会，超级超级超级好
201735,9436,楼兰萍,2024-11-06 01:13:15,2,2,0,过于求是
206571,9436,楼兰萍,2024-12-16 07:09:13,2,2,0,人真的超好，会捞人，别的班老师给我们班同学打低分，她还会想办法把我们分捞回来。
207592,9436,楼兰萍,2024-12-23 07:44:46,0,0,0,很棒的老师，认真负责，但是要好好学，很严格的，如果只想水的就算了，如果真的想学好网球的无脑冲
208154,9436,楼兰萍,2024-12-26 03:48:55,1,1,0,楼老师人真的非常非常好！期末会（求是的）捞人，专项40分我们班平均39点几。楼上说楼老师凶的，可能刚开始几节课会很较真（当时逮着人就骂），后面大家都形成自己风格习惯了，就会很温柔，每个人也都会指点到。可惜楼老师不带中级班
208545,9436,楼兰萍,2024-12-29 07:23:05,0,0,0,楼老师太好了必须10分
210250,9436,楼兰萍,2025-01-08 14:22:54,0,0,0,啊啊啊啊太崇拜老师了
211763,9436,楼兰萍,2025-01-12 10:58:14,0,0,0,楼老师讲课非常认真，事无巨细地教授网球动作要领，对于真心想学网球的同学来说非常推荐！如果是想水体育学分的不推荐，虽然老师会努力提高大家专项的分数，但在身体素质方面较为严格，不会放水哦（虽然本来就不应该放水hh）。不过本人虽然仰卧起坐都只做了30个最后也还是拿到了4.8，而且也喜欢上了网球这门运动，总体的上课体验都非常好，赞
211839,9436,楼兰萍,2025-01-12 16:10:24,0,0,0,完全就是刀子嘴豆腐心 如果不太协调的话可能经常会被老师当面指出来 会觉得有点不留情面 本人小菜鸡前几次课经常被批评觉得不好意思 但是只要按照楼老师说的改正 提升就很快 其实楼老师人很好 最后技评也尽可能地往高了打(｡ì _ í｡)
219735,9436,楼兰萍,2025-06-05 03:37:35,0,0,0,楼老师像一个好和蔼的外婆。。。。
170408,9437,骆红斌,2023-03-04 02:36:45,7,8,1,dinner
172724,9437,骆红斌,2023-05-06 02:53:46,4,4,0,我直接震惊，您靠点谱行吗
172758,9437,骆红斌,2023-05-08 08:10:34,4,5,1,只会说3句话：“这个事情我上课的时候早就讲过了（流汗黄豆.jpg）”和“不好意思同学们没有及时关注通知，慕课上的所有视频和作业明天截止，今天要全部做完（害羞.jpg）”和“鉴于同学们自己只关注小论文没有按要求完成慕课，现已向上级反映重新更换作业，等通知”😅😅😅😅
172759,9437,骆红斌,2023-05-06 08:04:15,3,3,0,慕课截止前一天告诉我们需要看慕课，之前明明是说在学在浙大上测试。有同学在群里问，他还发流汗黄豆，说已经说过三次了，实际上一次都没说过。有点小肚鸡肠www
172842,9437,骆红斌,2023-05-08 08:18:25,2,2,0,怎么不能打0分
172844,9437,骆红斌,2023-05-08 08:19:43,3,4,1,我是流汗黄豆，我支持给lhb打零分
172902,9437,骆红斌,2023-05-09 15:19:02,4,4,0,上课很push，在钉钉群里从来不回答同学们的正常提问，会阴阳怪气。临到头了才通知慕课要求，不仅说得不清不楚，对于同学们的问题回答很慢并且全是废话。问十个问题回答一个并且答得牛头不对马嘴，经典对话有“五月八日上交论文”“老师论文是什么”“是作业”。总结成两个字：快逃！
182214,9437,骆红斌,2023-11-13 01:06:41,1,1,0,受不了了，来上课是拿了钱的，又不是义务劳动，能不能负责点
212609,9437,骆红斌,2025-01-14 09:16:59,-2,0,2,其实这学期的太极拳真的还不错……给分也蛮好的………
217046,9437,骆红斌,2025-04-01 01:45:13,4,4,0,简直无语。。
217069,9437,骆红斌,2025-04-01 06:12:21,2,2,0,。。。
217159,9437,骆红斌,2025-04-03 00:39:10,3,3,0,要抓仰卧起坐动作又不全抓，一组六个人几乎全程只盯着其中一个人抓，估计是看谁不顺眼就抓谁吧，神金
219816,9437,骆红斌,2025-06-07 09:21:01,2,2,0,抓仰卧起坐就算了，问题是这死老头和前面同学说的一样，很多组都只盯着一个幸运儿抓全程，无语死了。。。是平时招你还是惹你了，我是全程躺着吗给扣了那么多个走？？？\n\n而且你这傻逼是不会说话吗？扣了这么多个之后都不带和学生说的，半学期就结课了结果让人到了春夏整个学期结束才发现扣成这样，连找你这个死老头或者别的老师补测的机会都已经没有了，之前不理解学长学姐说你抽象是为什么，原来是在这里藏着呢，但凡和学生说一句我看你做的不顺眼要扣你几十个仰卧起坐是会怎样啊傻逼玩意？？？
169887,9438,沈雷,2023-02-28 08:30:51,10,13,3,上的沈雷老师的身体素质课，老师十分通情达理，很喜欢他，感谢老师。
172426,9438,沈雷,2023-04-26 18:43:13,8,12,4,好帅啊啊啊啊啊啊啊啊啊啊啊啊啊\n\n老师身材真的很好啊啊啊啊啊啊啊啊啊啊啊啊
174499,9438,沈雷,2023-06-13 08:00:09,5,7,2,怎么不能给帅气、温柔、有耐心、会鼓励人，并且有腹肌的沈雷老师满分，超级超级好的游泳课体验，旱鸭子也能学会，给分也超好，怎么学也不会的时候都能鼓励你，而且还有机会得到一对一辅导，必须满分的老师！！！
175917,9438,沈雷,2023-06-27 06:33:05,1,1,0,老师教的很好很好，也很好沟通！！！只学过蛙泳报了中级班，基本动作什么的都掌握了。专项给分也很好呜呜呜呜呜
177561,9438,沈雷,2023-07-03 17:11:36,18,18,0,满分满分满分！！！身材好，帅，而且还耐心温柔，甚至在全班都学会了之后还会教其他好玩的！！最后浙大体艺94分，最终给了95分，满绩了！！爱死，以后绝对还要再选一次！！
184789,9438,沈雷,2023-12-22 20:06:54,5,7,2,对会游泳的人来说很自由，但不适合初学者（老师基本不下水教学）
185105,9438,沈雷,2023-12-26 09:46:28,6,7,1,鼓励式教学，旱鸭子学会游泳啦
187367,9438,沈雷,2024-01-15 15:25:45,8,8,0,给分超好！专项39.1！点名也都会给补上！错过12分钟跑还耐心安排补考，非常推荐！
189650,9438,沈雷,2024-01-26 09:14:28,6,7,1,我的男神！真的很帅，而且给分yyds！老师水平非常高而且人也非常好，给不会游泳的同学指导非常耐心，会游泳的同学就可以自由活动，还会提早一会下课给大家洗澡的时间，请假制度也很nice，总之十分必须的！
191270,9438,沈雷,2024-04-16 07:34:30,7,7,0,真的是鼓励式教学！零基础学会完全没问题！就算你游的不太好，他也会先鼓励你，然后说“我给你一个小建议嗷”，然后再说你的问题，就一整个让你嘎嘎自信完全不怕水！而且老师真的很帅！身材巨好！
191524,9438,沈雷,2024-04-24 07:47:27,1,1,0,非常好的一个老师，零基础小白上课也没有什么压力
198591,9438,沈雷,2024-09-10 06:09:11,2,4,2,长得有点帅，我喜欢hhhhhhh
207709,9438,沈雷,2024-12-24 03:12:10,3,3,0,无敌了，太棒辣！！都给我冲！！
207858,9438,沈雷,2024-12-24 13:59:50,3,3,0,帅哥+鼓励式教学，给满分都不嫌多！！！
208099,9438,沈雷,2024-12-25 14:46:56,1,2,1,帅帅帅好好好满分满分
219246,9438,沈雷,2025-05-23 10:22:11,1,2,1,老师特别耐心，而且很会教！！！零基础无痛学会蛙泳超开心！！每次动作指导都很精准到位，人也特别好
219257,9438,沈雷,2025-05-23 13:48:08,2,2,0,喜欢你
219522,9438,沈雷,2025-05-29 07:33:41,0,1,1,老师超级幽默，阳光开朗大男孩一枚，身材超级好嘿嘿嘿，每次上课都可以欣赏肌肉
220369,9438,沈雷,2025-06-17 13:41:13,0,0,0,老师人好，马上选！！！！
167962,9439,孙若海,2023-01-20 17:33:09,0,4,4,老师很温柔，但是给分一般般…
169703,9439,孙若海,2023-02-27 12:50:50,2,15,13,老师很好，也不是很严格，但是给分还是比较求是的，然后那天点开老师的钉钉，发现单位是教/育/局？！
170622,9439,孙若海,2023-03-07 08:22:56,-3,7,10,很温柔的女老师 给分也不错 想学拳击的宝子可以选一下孙老师的课（体能锻炼可能会有一点点累）
182433,9439,孙若海,2023-11-16 03:48:12,5,7,2,不仅签到还会签退，给分差，十二分钟跑不动基本寄了
183230,9439,孙若海,2023-11-23 03:26:40,3,7,4,老师很温柔\n\n十二分钟跑计分很求是😇
184786,9439,孙若海,2023-12-22 16:59:50,0,4,4,很负责的老师
187161,9439,孙若海,2024-01-15 01:20:06,-10,3,13,给十分。孙老师很认真负责，拳打的也很帅（）每节课都会签到是真的，一般会早几分钟下课，上课自由练习的时候划水老师也不会说什么。期末30秒自由空击，本人拳打的真的很一般，舍友锐评花拳绣腿，但武术专项给分真的很不错（给分是其他老师给）。孙老师打分的主要其实就十二分钟跑和仰卧起坐，十二分钟过五十米也会计入的。总体推荐这门课。
191336,9439,孙若海,2024-04-18 02:27:50,10,13,3,上课是只教一两遍的\n\n学生是要自己学会的
192905,9439,孙若海,2024-05-31 12:04:25,0,3,3,给分还好啊，至少专项是的，当时瞟了一眼所有同学专项都在91-94之间，反正我也没认真打拳但是绩点满了。老师人其实还好的，上课有点无聊是确实，练习的时候可以划水。
202236,9439,孙若海,2024-11-11 04:40:29,10,13,3,十二分钟你就跑吧，一跑一个不吱声，真无语了，大三还这么搞有意思吗，自己用手机软件计距离都不想认，逆天
204161,9439,孙若海,2024-11-25 00:42:28,3,3,0,非常严，体育课要死要活的。不建议选。
218661,9439,孙若海,2025-04-28 11:11:08,-1,1,2,更年期妇女，事多毛病多
218973,9439,孙若海,2025-05-15 12:56:46,-1,0,1,老师人挺好的，引体啥的有些瑕疵也帮忙计数，12分钟跑之前也是给她看手机测距给我记的分。前面的评价和我印象里的老师不太一样？可能是老师改了吧
219545,9439,孙若海,2025-05-29 12:39:25,0,0,0,老师人是好的，可以换上课时间，迟到了也会给签到。上课也是认真教。老师就是非常板正，没有说不捞是错，但老师真的一点都不捞，非常非常严格。仰卧起坐总共六个女生，要分成两次，还要大声报出数字，老师还会盯着一个幸运儿，她认为你做的不规范就不算数，一个也不能多。一切都按流程。而且今年三好杯太极拳给分真的太差了。。
221015,9439,孙若海,2025-06-20 22:50:14,0,0,0,上课确实有点无聊 但老师人是好的，今年三好杯评委太逆天了，给的分差的离谱，老师之前还说觉得都是学生评委应该给分好都在90以上，出结果了没办法给大家每个人在基础上补了点分，还不如不参加三好杯找老师课上补 课上补打的分都比三好杯高（尽管老师说自己评的可能严）
168367,9440,汪凌,2023-02-14 05:59:10,1,6,5,老师人超级好！！对于基础不太好的同学也很友好，一直耐心指导，偶尔还会给同学买点饮料啥的！！期末考也会捞一波！！强烈推荐！！！
172282,9440,汪凌,2023-04-24 07:38:08,-1,2,3,体测单项满分请吃饭。\n\n好耶！
177850,9440,汪凌,2023-07-05 04:35:36,0,1,1,挺好的老师，放心选
179165,9440,汪凌,2023-08-29 05:06:37,-1,0,1,感觉挺好的。
184695,9440,汪凌,2023-12-22 08:03:24,-1,0,1,很不错的老师
184893,9440,汪凌,2023-12-24 05:47:21,-1,1,2,怎么说呢，老师是挺好的，但是会隔三差五地请别的老师代课，课前也没有通知
187919,9440,汪凌,2024-01-17 21:51:01,-1,1,2,老师挺好的！
209498,9440,汪凌,2025-01-06 06:14:18,0,1,1,好老师，无需多言，同学们直接选就是了
217100,9440,汪凌,2025-04-02 01:20:50,-1,1,2,乒乓球初级，老师人很和蔼。上课会讲基础动作和规则，但是讲解完之后就让我们自由练习坐一旁看手机了。和我对打的同学明显乱打一气但老师也教都不教。如果要有一个好的上课体验要选好对手。最后20分钟有体锻。
220622,9440,汪凌,2025-06-19 03:02:26,1,1,0,问点事情就摆着张臭脸 感觉你无药可救的样子 会根据刻板印象阴阳学生
169022,9441,吴奇,2023-02-24 04:24:08,5,10,5,（第一条评论哈哈哈）老师人挺好的，会和同学开玩笑一起打球。考核比较求是，不管时专项还是12min分钟跑。上课讲完内容就自己练习，练习内容还行了就可以自己打，下课前会有一点拉伸这类的。
170464,9441,吴奇,2023-03-05 07:40:12,13,18,5,( っ'-')╮ =͟͟͞͞🏀
170917,9441,吴奇,2023-03-12 11:06:52,3,5,2,蛮可爱的老师，各种通知也很到位。
171449,9441,吴奇,2023-03-24 13:35:23,0,2,2,很好的一个老师啊，还会跟同学们一起打球。给分我觉得挺好得嘞，比我预计的要好！
171478,9441,吴奇,2023-03-25 14:34:19,0,2,2,好老师，选就完了
173825,9441,吴奇,2023-06-03 09:21:34,2,4,2,挺好的老师，平时课上会聊一些羽毛球赛事，也会跟同学们一起打，你觉得自己打得不好也可以单独向老师请教，他很愿意帮助的。选就完了！
173865,9441,吴奇,2023-06-04 02:36:23,0,2,2,很好的老师！
173896,9441,吴奇,2023-06-04 07:44:08,0,1,1,刚开始可能有些严厉，但确实很有趣的老师喔！给分暂时还不知道嘞
173980,9441,吴奇,2023-06-05 11:24:31,0,2,2,为什么不是10分，很体贴很善良的一个老人
173981,9441,吴奇,2023-06-05 11:25:00,0,2,2,为什么不是10分，很善良和体贴的一位老人
174418,9441,吴奇,2023-06-12 05:16:17,0,3,3,作为一个打了多年野球的人，老师课上确实能学到很多东西，纠正了过去许多不标准的姿势，也改进了步伐
179720,9441,吴奇,2023-09-19 13:21:31,0,1,1,同学们不要觉得老师开始时严肃就觉得老师不好相处，吴老师真的强推
185063,9441,吴奇,2023-12-26 05:09:16,0,2,2,很好的羽毛球老师，有意思，会跟我们打球聊天，很和蔼很亲切
185130,9441,吴奇,2023-12-26 12:30:35,1,3,2,人还怪好的嘞，比起郑某实在太好啦！推
187386,9441,吴奇,2024-01-16 01:06:07,0,1,1,给分很求是，但是人不错
187408,9441,吴奇,2024-01-16 03:02:14,0,1,1,老师人很好，讲解也比较细致，还会组织简易团体赛。可是我被卡绩了www
193081,9441,吴奇,2024-06-03 09:50:50,1,5,4,为什么不是十分。吴老师人真的超级好，上了他两次课，他自己说教了三十多年羽毛球，他尊重学生，会换位思考，我看他一步步帮助只能拿7分的同学到及格。然后我自己期末统考的时候去漫展了，错过了一次机会，吴老师直接让我在课上考两次，非常感激吴老师。羽毛球选不上娇娇姐的话，无脑冲吴老师就对了
193096,9441,吴奇,2024-06-03 11:35:02,1,2,1,推荐就完了
203297,9441,吴奇,2024-11-19 03:12:39,0,1,1,呃，。
205202,9441,吴奇,2024-12-02 15:23:38,1,1,0,好老师，选他！
205857,9441,吴奇,2024-12-12 10:05:06,1,2,1,很可爱的小老头，给分很求是。\n\n喜欢开玩笑，挺有意思的，也挺和蔼的，只是看着很凶，人很好。
206019,9441,吴奇,2024-12-13 03:14:31,0,0,0,老师还是很有趣的，楼里说小老头的好好笑。教学很认真，就是各项考核很严格。
206687,9441,吴奇,2024-12-17 05:44:01,0,0,0,给分求是，上课要按时到，迟到扣分，俯卧撑一个一个看着做，讲课一般吧。
207531,9441,吴奇,2024-12-23 01:20:16,5,5,0,为什么不是10分，很善良和体贴的一位老人
207914,9441,吴奇,2024-12-25 03:08:26,0,0,0,老师人很好 教的也很好（来自羽毛球小白的肯定）吴老师年轻的时候一定很强
210901,9441,吴奇,2025-01-10 06:19:08,0,1,1,这学期虽然报的是吴奇老师的课但是代课的是ylgg，而且这门课本身捞的比例也不大，专项考试全凭自己的水平各显神通哈，考前对着落点就是一顿练。最终专项考试还有身体素质12分钟跑是郑其适老师考的，他说我动作不标准但是看出我练落点练的挺用心，最后还是拿了97分，就是引体向上太差了只有六个，不过也总评还是卡着满绩的分过了，还挺满意的
211894,9441,吴奇,2025-01-13 01:20:36,1,1,0,非常好老师
212097,9441,吴奇,2025-01-13 07:27:37,-8,1,9,迟到一分钟也会记迟到\n\n平时分往死里扣\n\n最后得到了2.7绩点\n\n笑死了，我室友在其他老师那里翘课4次拿4.2，我每堂课必到拿2.7
212237,9441,吴奇,2025-01-13 13:46:52,3,3,0,超级幽默有趣的老头子\n\n有次忘签到了，跑过去说，表面上凶凶的，但是最后还是给我签上啦
218602,9441,吴奇,2025-04-26 03:17:47,1,1,0,底下差评第一的哥们来错地方了吧，就硬黑。我从玉泉过来，迟到了半节课吴老师都给我补上，一分钟是真的搞笑
220548,9441,吴奇,2025-06-18 12:32:35,0,0,0,很幽默的一个老头子，和学生课上相处的很融洽
221498,9441,吴奇,2025-06-24 05:02:04,0,0,0,老师表面上说话凶凶的，实际上是挺关心学生的一个小老头
167393,9442,徐添烨,2023-01-16 02:46:25,5,5,0,老师人超级好，教得很用心，给分非常好。不过琵琶还是有难度的。
167438,9442,徐添烨,2023-01-16 09:32:23,2,2,0,老师人超好，很可爱，给分也很好
167595,9442,徐添烨,2023-01-17 13:58:56,7,10,3,老师超级超级好，会手把手教你弹琵琶，人也很温柔，长得很漂亮，给分巨好，徐姐姐弹琴弹的也超好听！我已经爱上琵琶了！\n\nps.不过琵琶确实很难……
167792,9442,徐添烨,2023-01-19 05:43:40,5,5,0,真的是美女姐姐好吧老师真的特别特别好我从小学钢琴初中学长号琵琶是我第一个民族乐器学的真的很有意思~老师给分也超级好 按照老师在钉钉群里说的以及学在浙大上看的班级分数 老师说只能给30％90分以上问我们4.5应该可以吧 所以我感觉其他的都是89分4.5 反正学在浙大上显示29个人是90分以上剩下40个人都是80-89 真的爱死老师了 我92-4.8真的很满意！零基础学的 平时我有一次头痛请假老师也直接答应了真的人美心善！
167963,9442,徐添烨,2023-02-10 16:37:54,17,20,3,老师好美好飒，弹琵琶真真好听啊555\n\n我本来完完全全的音痴，这门课真的像打开了“艺术之门”一样，收货满满～～～～就是平时要去校友林等偏僻的地方练琴挺麻烦的，在宿舍易引发纠纷（囧）如果有个音乐教室平时开放给大家随意练琴就好了。平时偶尔有点名，这学期考核是期中凤阳花鼓，期末凉州大遍，另外教了紫竹调和大鱼，因为期末是提交视频所以可以反复弹直到满意为止，时间超宽裕，最后还把ddl延到考试周快结束，感动！！！这学期开的大班后期又上网课，老师还是会每个人手型看过来，最后出分也很快给分也很好，总之我觉得老师能做的都做了，选到就是赚到!
168285,9442,徐添烨,2023-02-09 08:40:56,4,5,1,美女老师人美心善，期末全班给分都超级好，认真学可以学到很多，当然也可以水一水～
168645,9442,徐添烨,2023-02-20 13:59:43,2,2,0,人美声甜琴艺高，快选她
168824,9442,徐添烨,2023-02-22 13:54:18,4,4,0,后期网课视频交作业，优点是可以弹到满意为止，缺点是弹完发现录出来的和弹得时候听到的声音不太一样（doge）。还好最后老师给分很好。\n\n  零基础不敢选的同学别担心，课前心里面记住do，re，mi，fa，sol，la，si，do的关系是全全半全全全半，全音隔品格，半音则相邻，理论就完了。剩下的就是一遍一遍的练习了。学习乐器是个熟练活，没基础真不怕，怕的是没时间没恒心练习\n\n  anyway，要不是医学狗课多下学期还选
168883,9442,徐添烨,2023-02-23 08:36:14,2,2,0,人美心善，给分巨好。属实打开艺术之门。
169604,9442,徐添烨,2023-02-27 05:50:10,2,2,0,老师真的人美心善，有一次上课我的琵琶弦断了，老师直接从包里拿出一根新的亲自给我换上，刹那间爱惨了🥰
169957,9442,徐添烨,2023-02-28 15:39:54,0,0,0,人美才高
171611,9442,徐添烨,2023-03-30 02:36:16,0,1,1,弦断了老师直接给换了个新的，老师教地也超好，她弹琵琶的时候真的超帅超帅超帅超帅超帅，很严格也很温柔，直接给十分好吧
172199,9442,徐添烨,2023-04-21 15:14:33,0,0,0,老师人美心善，才华高又负责，给分巨好!\n\n零基础也不用担心，会把有基础和没基础的同学分开练，要不是下学期预置课调不动就接着选了。
181003,9442,徐添烨,2023-10-02 01:01:45,1,1,0,不必多言，看看前面你都懂，我只是来评高分的
184609,9442,徐添烨,2023-12-22 02:51:34,0,0,0,徐老师水平很高！琵琶很有趣，有兴趣的同学真的可以在一个学期好好练习，会有成绩滴。
185566,9442,徐添烨,2024-01-02 07:43:58,2,2,0,人美心善
185797,9442,徐添烨,2024-01-04 12:31:53,6,6,0,真的喜欢上了琵琶。不管出分之后我拿几分，我先给老师10分。老师对小白很耐心，会一个一个看手型，有不明白的地方也可以直接问老师。如果不是时间冲突我还要选啊啊啊啊啊啊！！！
186590,9442,徐添烨,2024-01-12 08:29:46,2,2,0,老师很少点名，人美心善，教的超好！零基础放心学。大爱老师，给分超级好啊啊啊啊啊！
187463,9442,徐添烨,2024-01-16 08:33:21,4,4,0,老师只有在刚上课的时候会点一次名，后面基本不点名，老师人很好很美，功力十分深厚，只要肯花时间练习，琵琶真的没有想象中的那么难，可以说这门课是真的帮我打开了琵琶这一扇艺术之门，我非常想把琵琶继续学下去，学到能和老师切磋切磋的水平hhh。 这门课唯一值得注意的是琵琶需要花点钱，当然也可以租的啦
192925,9442,徐添烨,2024-05-31 14:44:52,1,1,0,没出分先给老师十分，老师很棒以至于想一直学下去hhhhh
193104,9442,徐添烨,2024-06-03 14:18:52,1,3,2,巨好的老师，我是有基础的，她会把零基础同学教完后再单独教，连选两学期，弹了四首，要不是没空我还选wwwww给分也很好
193155,9442,徐添烨,2024-06-04 05:19:34,2,2,0,超级棒
195452,9442,徐添烨,2024-06-28 06:13:27,6,7,1,上课体验还是不错的，老师相当于是从零开始手把手地教了，这在市面上一套系列课是不是得几千起步（？\n\n也不怎么点名，不过我相信应该不会有同学不会出席，毕竟落下一节课，后面再来补也比较困难了。\n\n绩点对于我来说比较遗憾，是本学期最低的绩点。其实期末考试没有失误、作业也都上传了，可能看到前面的评论，我的期待值比这个结果会高上一两档。
196162,9442,徐添烨,2024-07-02 02:23:35,5,7,2,老师很好，很温柔，人美心善，上课很耐心，也会手把手教。\n\n全班分为有基础和没有基础，分开教分开打分，所以不用担心零基础影响分数。\n\n全音和半音关系是找音的基础，请熟知。\n\n看了学在浙大每个人都上80了，大概20%-30%的90+，我是89，听说还有很多89.然后听说是3.9保底，不过3.9和低于3.9的很少。\n\n评分规则是平时60+期末40，其中点名10分，表现50分（含期中小组演奏），期末40分。我的表现和期末都是88分，加上点名刚好89分。想必老师是凑好的hh。\n\n本学期点了三次名，都是手工点名。
208102,9442,徐添烨,2024-12-25 14:53:39,0,0,0,《聆听中国民族弹拨乐》很可爱的老师，很有趣，但是可能因为这个课是通识课，老师上的很水，是水课无敌好的选择，不过课还是有点无趣，老师讲的也是完成任务的感觉。
209790,9442,徐添烨,2025-01-07 06:13:56,1,1,0,乐器小白学的第一门乐器，虽然觉得琵琶不是纯小白好上手的，但老师教的巨详细，基本是手把手教，就算没什么天赋最后也学到了非常多，感谢老师！！
209992,9442,徐添烨,2025-01-08 00:21:44,0,0,0,yyds
210812,9442,徐添烨,2025-01-10 04:10:59,0,0,0,之前有其他弦乐的基础（考过十级），感觉上手琵琶很快，老师教得也很好！能感觉出来是很有水平的，最后也满绩了，如果有乐器基础的放心大胆冲
213629,9442,徐添烨,2025-01-18 15:37:52,0,0,0,美女姐姐我吹爆，琵琶水平超高，对学生也超好像姐姐一样，爱了！有时候会有点名~
220441,9442,徐添烨,2025-06-18 02:49:41,1,1,0,琵琶课出分还愿！\n\n我0基础每周课外只练了两三个小时也有4.5！\n\n人美心善的大姐姐，可能课堂上表现得有点冷冷的，但是不会的地方都会手把手地教，超级有耐心的一个老师！
221529,9442,徐添烨,2025-06-24 08:26:30,2,2,0,挺好的给10分，但是每周练5个小时只有4.5，可能是我天赋问题了（期末紧张是没发挥好）
167119,9443,姚平,2023-01-15 04:05:21,8,15,7,老师很好很负责呜呜呜女生生理期请假都不算缺勤的
170016,9443,姚平,2023-03-01 03:51:56,68,100,32,慎选，选课系统上是姚平，实际上课是哪个老师就不一定了
170973,9443,姚平,2023-03-13 13:08:50,2,6,4,老师太好了！通知看错了没有申请免测晚上九点特地来提醒我，真的，感动死了！！！老师人很好，也很负责，看到有游泳吃力的同学会一对一地教，选他不后悔！
171469,9443,姚平,2023-03-25 07:00:52,1,2,1,我的爹
173899,9443,姚平,2023-06-04 08:07:12,2,4,2,不怎么教男生，但是给分很好
173916,9443,姚平,2023-06-04 12:32:07,1,2,1,姚老师真的挺好的，快选
175648,9443,姚平,2023-06-26 04:30:17,3,5,2,老师人很好，讲课的时候很耐心。最后评分的时候让我刚好九十五，感谢被捞！游泳很有趣但是秋冬课要考虑水温，还有对体力消耗其实蛮大的。推荐春夏去选
177367,9443,姚平,2023-07-03 04:54:13,3,6,3,10分不解释
177528,9443,姚平,2023-07-03 15:11:15,4,5,1,非常非常非常好的一位老师，很用心教学生，对学生也很好！
182776,9443,姚平,2023-11-20 07:58:59,0,0,0,太棒了
184025,9443,姚平,2023-12-06 12:34:15,0,0,0,问他问题真的秒回，细心解答；而且游泳吃力也会单独指导，肋木了
184599,9443,姚平,2023-12-22 02:28:03,2,2,0,非常好的老师，期末有两次机会，还可以重考
184879,9443,姚平,2023-12-24 02:34:48,7,7,0,10分吧，老师没有心眼子，通知很到位，消息回的很及时也非常通人性，请假都表示理解。从头开始学的自由泳，老师教学经验应该比较丰富，教的内容不多，更多的是指导和建议，所以上课多练多悟相信自己能行的！
184936,9443,姚平,2023-12-24 13:16:43,3,5,2,选课系统是，实际上课的不一定是姚平
185053,9443,姚平,2023-12-26 04:37:35,22,22,0,有一部分课是挂名给邱子阳老师的，但是邱子阳老师人也非常好，满分~
185101,9443,姚平,2023-12-26 09:22:42,33,33,0,点名带课的邱子阳老师，我很喜欢他的课，人平和理解学生
185193,9443,姚平,2023-12-27 04:07:55,2,2,0,超可爱的老头子
185222,9443,姚平,2023-12-27 07:01:30,0,0,0,姚老师最棒了！
185268,9443,姚平,2023-12-27 12:21:52,0,0,0,25+15给分，25分是游25米，多远给多少，15分是泳姿\n\n我是从零开始学的蛙泳，虽然动作还是不太标准，脚翻不过来，但是也能游满了，就那样吧89分的泳姿差不多了，满足\n\n老师很好，像有意思的老朋友
185288,9443,姚平,2023-12-27 14:58:02,0,0,0,啊啊啊啊啊啊啊啊老师人真的超级超级好，很和蔼，我一个超级无敌旱鸭子都在老师很耐心的指导下学会了，而且我的姿势虽然很丑，但是老师也不会给很低的分数
186408,9443,姚平,2024-01-11 03:39:20,16,16,0,姚平老师真的是个非常非常非常好的老师！！！是个很和蔼的老爷爷！很可爱！会陪你聊天！女生生理期可以随便请假去旁边见习还可以很早就走！游泳中级班教的也好，自由游很多动作感觉做的感觉不顺手可是一经老师指点就一下感觉舒服了很多😋\n\n也很负责😊成绩会很早公布让大家确保没问题😊体育赛事的分没有加上也会很用心的帮忙追回来🫶\n\n给分巨好！！！！🤤🤤❤️❤️满分满绩就不多说了！！！！❤️❤️❤️❤️\n\n爱姚平老师！上！！⬆️！
186748,9443,姚平,2024-01-13 02:20:51,2,2,0,老师超级好，请假也从来都是非常理解的，超幽默，给分也很好！纪念第一个满绩！~~~都去选他的游泳！
186792,9443,姚平,2024-01-13 05:49:15,6,6,0,10分无理由
187215,9443,姚平,2024-01-15 05:54:33,1,2,1,姚平老师你是我的神！亲眼看老师从八点多的评分到九点六！94.45也给我算95分了！平时测十二分钟和仰卧起坐都有几次机会！然后专项分给得很好！游到25m基本就给得差不多了！
188024,9443,姚平,2024-01-18 04:38:00,0,1,1,不选巨亏！！！！！
190359,9443,姚平,2024-02-28 11:23:59,1,1,0,给分就不说啦，游泳课热门不是没有原因的。姚老师教学经验应该是非常足的一眼就能看出你的问题所在。我是蛙泳基础从头学的自由泳，老师教学针对的是全班，一定要自己多多练习多多感受，多多让老师指导指导，主动一些是能学会的！
190798,9443,姚平,2024-03-19 13:32:46,2,3,1,忘记去上课了老师给我当事假处理了！！！老师太好了！！！
192620,9443,姚平,2024-05-25 08:19:59,20,20,0,如果实际上课的是邱子阳老师 那你可劲儿偷着乐吧 老师超级帅还特别善良！！教的特别耐心特别好
193679,9443,姚平,2024-06-15 07:40:07,1,1,0,姚平是小天使！早八睡过头了老师还帮忙签到 见习的人可以提前走 人超级超级好 是我遇到过最好的体育老师
193700,9443,姚平,2024-06-15 13:55:56,7,7,0,游泳/体素上课的是邱子阳老师，上学期的体素和这学期的游泳都是他的课，人巨好课巨棒。我是超级旱鸭子（从小没下过水，脸进水就会窒息感那种），邱老师很耐心地教，竟然把我教会了！个人认为，邱老师是最nice的游泳课老师。实际上我一开始是没选上游泳课的，但是学院又要求大一必须会游泳，所以第一周我是随便找了个老师跟着上了节课，那位老师（名字我就不说了）教零基础学生的时候，不愿意下水，只在岸边看，由于我比较害怕结果一整节课都没学会漂浮；第二周上到了邱老师的课，他就会下水在你旁边（实际上也没扶，但是给人心里的安全感很足啊！），我半节课就学会了。顺便，邱老师身材超级棒，据说以前是国家队的哈哈哈
194689,9443,姚平,2024-06-25 02:40:23,1,1,0,游泳选姚平老师就对了！平时上课照常签到，1000m/800m和引体向上测试老师会统一签到。期末考试是游泳距离和技术两项测评，给分超好！！
197026,9443,姚平,2024-07-06 18:34:59,3,4,1,邱子阳老师又高又帅又温柔，给分还这么好，我真的哭死
197531,9443,姚平,2024-07-18 05:40:00,2,2,0,游泳课的好老师，经常下水教动作，给分也超级好！
197942,9443,姚平,2024-08-21 08:35:57,5,5,0,超级喜欢带课的邱子阳老师，对于零基础的同学会细心教导，认真学的话给分也很好，特别特别好的一个老师！！！！！
198477,9443,姚平,2024-09-09 06:55:24,1,1,0,姚平老爷子巨tm无敌可爱，经验老道，随手指点就是症结所在，上自由泳课还是颇有收获的。\n\n而且他会关注几乎每一个学生，还会教你玩水哈哈哈哈哈哈\n\n入股不亏
200118,9443,姚平,2024-10-13 11:11:52,3,3,0,带课的邱子阳老师真的超级无敌好，高帅温柔体育生，还会给我们玩小游戏，上课强度很小的哦
205691,9443,姚平,2024-12-11 07:47:38,0,0,0,10分，姚老师给分巨好，消息秒回，认真负责，但也允许学生水课（最后几次课男生聚众聊天啊哈哈），游姿也会很耐心的教，刚开始不太会自由泳，老师一遍遍教，我经常去问泳姿，主打一个脸熟，最后技术评定也往高的打。拉引体那次泳裤忘带了，老师说早点回去吃午饭吧，有被感动到。
205720,9443,姚平,2024-12-11 12:19:53,0,0,0,给分超级好！！！！！！！！！真的从旱鸭子到会游泳了😘😘😘
206011,9443,姚平,2024-12-13 03:05:39,0,1,1,姚老师我要当你的水军。游泳课女生来例假，一般都坐在泳池旁边见习。有一次姚老师抱了一堆浮板过来，扔在地上，说让女生把脚放在浮板上，不要直接踩着瓷砖因为在例假的时候容易受凉……老师你太好了我要当你的水军疯狂10分！！上课方面老师教得很细心，每个人都会指导和纠正动作（楼主上的是初级班），楼主一个旱鸭子一个学期都学会蛙泳了。大家都来选姚老师！！
206090,9443,姚平,2024-12-13 05:11:24,0,0,0,满分！速选！
206182,9443,姚平,2024-12-13 07:17:52,0,0,0,老师您真是一个大好人啊啊啊啊啊
206207,9443,姚平,2024-12-13 08:38:54,0,0,0,姚老师很温柔
206250,9443,姚平,2024-12-13 11:16:40,1,1,0,姚平我将一辈子追随你，生理期请假算正常到课，甚至有一次事假也算正常到课，教的很慢对0基础特别友好，老师人特别和蔼，见习的坐几分钟就可以走了，老师老师我们喜欢你
206420,9443,姚平,2024-12-15 05:14:19,0,0,0,姚平老师特别好！！！指导很认真，人也很好，爱得不行！
206766,9443,姚平,2024-12-17 12:27:43,2,2,0,10分打给邱子阳老师qwq！老师真的太好了！！一学期进步13s嗷嗷！！！为了让游泳不枯燥搞接力赛，考试作为形式重在教学，真的很有情怀很好的老师！！🥰
206976,9443,姚平,2024-12-19 02:19:51,2,2,0,楼下那位！我就是当时来例假的女生之一，真的超感动，太细心了！平常请假或者有什么问题私聊老师，回复都特别快特别耐心，也很幽默哈哈哈。特别特别好的老师，指导很细心，给分也很好，虽然我体能实在废物十二分钟跑分数可低…但游泳专项40分能拿38.5还是很高兴哈哈哈。可惜下学期没选上姚老师的课ww。满分！永远滴神～
207196,9443,姚平,2024-12-19 16:33:23,1,1,0,姚老师很温柔 快专项考试还会给每个同学单独指导动作 非常好的老师
207588,9443,姚平,2024-12-23 07:37:57,3,3,0,巨温柔，给见习的同学一人一块浮板踩着怕我们冻到脚！！！期末专项给我打了99.5，不给10分我良心难安
207680,9443,姚平,2024-12-23 16:48:40,2,2,0,姚老就是神！！！\n\n必须十分，老师很幽默可爱，上课偶尔请假也很好请，游泳课教得也很认真，很亲切，有什么不会的都可以问他，他都会一一解答。虽然由于我本来就会游，每次都泡在池子里聊天划水。。。总之姚老很棒，有些不方便直说的话他还会让你“自行领会”哈哈，不管有没有游泳基础的同学都可以来报他的课！不过注意有时候是挂名的，不一定就是他教喔。有幸遇见姚老，后会有期！
208191,9443,姚平,2024-12-26 06:21:52,0,0,0,超好的老师！
208215,9443,姚平,2025-01-08 09:38:12,1,1,0,很温柔！见习可以提早走，最后一节课可以线上签到！姚老师我男神！！！
208338,9443,姚平,2024-12-27 02:44:31,3,3,0,分高，事少，老师人格魅力，教学质量高，这四个里占一个就能被拿出来说，然鹅姚老师全中了，选上的你就偷着乐吧！10分送上，我要当姚老师的水军！！
209922,9443,姚平,2025-01-07 12:09:00,0,0,0,24秋冬 游泳中级\n\n点到比较宽松，上课时间过后10分钟才在泳池签到，提前20分钟就可以起池（偷偷溜走老师基本也不管）\n\n中级班的专项考核就是25m自由泳（25分距离分+15分技术评分），技术评分老师给分很好，姿势到位的基本都接近满分\n\n老师教的很有耐心，非常认真，也很关心同学，生病的同学在泳池边上见习不扣考勤分，老师基本都会放他们早点走，能选上真的非常幸运
212301,9443,姚平,2025-01-14 01:04:14,2,2,0,超级无敌好老师！！！幽默得很，也会点拨一下技术，一学期下来能学到不少东西，老师在群里还会发“害羞”的表情真的很好笑
212629,9443,姚平,2025-01-14 09:59:23,1,1,0,神，教会了我游泳，拿到了体育课有史以来的最高绩点
213714,9443,姚平,2025-01-19 08:41:42,0,0,0,神中神
214607,9443,姚平,2025-02-14 11:54:48,0,0,0,超级无敌好
216077,9443,姚平,2025-03-10 08:01:19,0,0,0,体素课是真的锻炼身体素质的 内容充实不水 进行项目的时候会点人数 想水过的一定要慎重哦~~~
216645,9443,姚平,2025-03-20 03:56:42,2,2,0,选的傅建东的体素，实际是姚平上的，很好的老师
219196,9443,姚平,2025-05-23 02:45:30,1,1,0,之前上过课，这次再选来给老师一个10分\n\n作为旱鸭子真的学会了游泳，虽然也有自学成分，但是老师的引导确实不错
219589,9443,姚平,2025-05-30 10:35:57,2,2,0,姚老师是很好的老师，感觉真的把学生放心上!以我个人为例，小学学的蛙泳都忘光了，于是成为老师重点关注对象，老师教的很有耐心和细致，最后技评99（真的很意外，预测评的时候我连25m都游不到...）然后对其他考评要求都很宽松，仰卧体坐竟然是自己去填的hhhhh，体育打卡会常常提醒大家，还剩几次巴拉巴拉，体侧也是，总之就是很想同学拿到一个好分数。当然点名是每节课都要点的，就是自己到他的电脑签到。有评论说只教不会游的，啊这...不然呢，毕竟还有人游不来呢，动作细节也可以问老师意见啊。老师在课下也很可爱，会发害羞的表情包，消息秒回。有一次我在池里多待了一会，出来的时候刚好碰到老师下班，他还帮我规划“下节课先测一下，不好的话还有一次...你下节课可以游嘛”哈哈哈哈哈真的挺安心的。总之，满分！（就是选课太激烈了www）
222085,9443,姚平,2025-06-29 12:44:53,0,0,0,除了smoking都挺好
168795,9444,于永生,2023-02-22 09:14:38,12,15,3,还行，给分不错，人也很幽默
169313,9444,于永生,2023-02-25 11:06:19,4,6,2,幽默风趣 干货很多
169876,9444,于永生,2023-02-28 07:48:37,1,2,1,幽默风趣，人很好
170725,9444,于永生,2023-03-08 15:07:04,0,1,1,幽默风趣
170837,9444,于永生,2023-03-10 08:17:34,0,1,1,讲课风趣幽默，内容也很好，羽毛球会讲一些入门以后的技法，考试的时候不考（考正手发后场高远球），可以练也可以去练考试内容，老师都不会说什么的；自己练习的时候会巡视并给学生指导，主动去问的话也会耐心教；\n\n绩点我忘了(*/ω＼*)
171706,9444,于永生,2023-04-02 13:09:38,2,3,1,身体素质课，老师不错，上课认真负责，基本不会给时间让我们打卡（不过现在也不让上课打卡了），也学到了许多新的拉伸方法，挺有意思的。
171722,9444,于永生,2023-04-03 07:44:03,1,2,1,很好的老师！
171807,9444,于永生,2023-04-06 08:17:03,1,2,1,老师真的非常好！！通情达理，很好说话，脾气也很好，教学也没有问题
171822,9444,于永生,2023-04-06 12:40:55,0,3,3,为什么不是10分！？于老师超级棒的OK？！
172322,9444,于永生,2023-04-25 05:21:26,1,2,1,羽毛球课教授的知识比较多，老师也比较负责
181293,9444,于永生,2023-10-13 07:22:40,0,1,1,上过，很好
188433,9444,于永生,2024-01-19 03:46:53,10,13,3,选于永生老师的羽毛球课，后来是韩呈恺老师教（查老师没搜到这位？）苏迪曼杯世界冠军退役yyds，人帅，羽毛球基础知识教的细，上课会留比较多的自由打球时间。12分钟跑会给你捞100米左右，初级班考核正手发高远球到特定场区对小白来说难度稍微有一点，但老师给分也比较宽，专项从60几分（第一次考试是另外一个老师打分）捞到85，最后总评遗憾94。总之推荐！（刚网上搜到韩呈恺老师结婚消息哈哈哈，祝99！）
191493,9444,于永生,2024-04-23 14:38:24,6,8,2,为什么不是10分！！！\n\n韩呈恺老师yyds
193328,9444,于永生,2024-06-06 11:25:54,3,3,0,韩呈恺我的神
193477,9444,于永生,2024-06-11 10:52:58,2,2,0,韩老师我爱你呜呜呜呜 帅气幽默给分还好
205883,9444,于永生,2024-12-12 12:34:58,6,6,0,沈悦宁老师是体育素质课上的一颗璀璨明星。在教学中，他专业且细致，每一个动作示范都精准到位，无论是复杂的运动技巧还是基础的体能训练动作，都能讲解得清晰明了，让同学们轻松理解并快速掌握。而且他极具耐心，面对同学们参差不齐的体育水平，从不厌烦，总是不厌其烦地给予指导和鼓励。他的课堂充满活力与激情，精心设计的教学环节让每一位同学都能充分参与其中，在强身健体的同时也感受到了体育的无限魅力。沈悦宁老师以其独特的教学魅力和对体育教育事业的热爱，深深赢得了同学们的尊敬与喜爱，是一位不可多得的优秀体育教师。
205885,9444,于永生,2024-12-12 12:34:14,5,5,0,沈老师人美心善
205887,9444,于永生,2024-12-12 12:35:35,4,4,0,沈老师超好的好嘛，都来选，闭眼选，人美心善大美女，知心大姐姐
206242,9444,于永生,2024-12-13 10:39:34,4,4,0,给沈悦宁老师打的（但是查老师没有这位？）\n\n女神我爱你啊啊啊啊啊啊啊啊啊老师真的超级好！！！！人美心善！！！！！！
206292,9444,于永生,2024-12-13 15:01:04,2,2,0,沈悦宁姐姐很有活力，感觉比我们都有朝气orz\n\n每节课都很有意思也不会太累，跑圈最多3圈，人美心善
171568,9445,张敏青,2023-03-29 03:34:44,-1,5,6,外聘老师，很不负责，别选
172533,9445,张敏青,2023-04-28 23:30:04,22,24,2,超级好的老师！推荐大家选他的普通体育课，能学到很多有用的体育素质知识，而且强度不会很大，真的是一门非常好的课。老师也是非常和蔼可亲的！
174112,9445,张敏青,2023-06-06 09:45:14,-2,3,5,不是一节好的体育课，别选
176145,9445,张敏青,2023-06-28 02:57:36,-1,4,5,上课毫无内容，课余不知道沟通
178224,9445,张敏青,2023-07-08 08:31:39,1,4,3,普通体育课，老师人很好很幽默和蔼，一学期可以体验很多不同的运动，但是给分就纯看往返跑啦，所以不太擅长跑步的同学谨慎选课
179155,9445,张敏青,2023-08-29 02:19:24,4,9,5,老师很好，会一直让你在阴凉处待着，不晒，而且不会让你跑圈，还会让你玩排球飞盘什么的，但是最后考核确实是看跑步，但是跑步不错的同学很容易拿满分。我感觉二轮拿来保底真的很好
182087,9445,张敏青,2023-11-10 00:10:33,2,6,4,你他妈的先来上课好不好\n\n成天群里一句话不说😅
182524,9445,张敏青,2023-11-17 04:29:42,-3,6,9,SB老师，挺会叫的（骂人），课程内容就是玩飞盘和气排球。
182539,9445,张敏青,2023-11-17 08:47:38,2,5,3,课还行，老师人也还行。\n\n但是……老师的说话水平真的太低了，不知道该提高话术还是情商。\n\n哦对，还有某些清奇的逻辑也很难评。
183589,9445,张敏青,2023-11-27 13:21:56,2,4,2,上学期上的普通体育课 老师人感觉还行
185440,9445,张敏青,2023-12-29 10:43:17,-8,7,15,普体就是纯纯两节身体素质课 垃圾课垃圾老师 脾气大强度大给分烂的一批
186761,9445,张敏青,2024-01-13 03:04:55,4,7,3,老师人挺好的呀，也挺幽默的，上课强度也不大，也挺关心学生的，天冷的时候领我们到有太阳的地方，天热的时候领我们到阴凉的地方还会讲一些有用的知识，成绩啥样跟老师没关系呀，都是公开的，看你自己考成啥样了，总体说还是很推荐老师的普通体育课的!
187051,9445,张敏青,2024-01-14 09:14:04,2,4,2,老师人还可以，给分是客观的折返跑，低分也不能怨老师，老师没啥坏毛病，而且不会让我们去跑步你就偷着笑吧
192443,9445,张敏青,2024-05-20 06:28:49,2,4,2,非常好的老师，人非常有意思，上课也不会让跑圈，还会带着我们一起玩小游戏
197213,9445,张敏青,2024-07-09 08:30:59,1,2,1,给分一般般
198318,9445,张敏青,2024-09-07 02:08:21,8,10,2,我觉得张老师的普体课比别的老师轻松很多啊上课玩玩飞盘 上次来个代课的一直折返加俯卧撑 我不知道下面好几个骂的什么情况
199604,9445,张敏青,2024-09-26 07:46:06,2,3,1,快逃ε=ε=ε=┏(゜ロ゜;)┛
206243,9445,张敏青,2024-12-13 10:48:35,5,6,1,骂你几句怎么了，我今天迟到了10分钟，我跟老师说我上厕所所以迟到了。老师说看到我背了个书包过来迟到的并非上厕所迟到的并”骂“了我几句（我确实有说谎哈哈），然后就走了，我问他这算缺勤还是迟到啊然后他没鸟我，后来我在手机上查发现他给我算签上了。 还有一次骂我是因为我在上课在吃三明治（因为是早八而且我有点赖床）。所以啊，老师不会无缘无故骂你的，老师心底还是好的。老师是会让你在天冷的时候去空调房运动的，老师会提醒你十二分钟跑之前做什么热身运动的；\n\n\n\n\n\n而且老师不会骂女同学，上次有个漂亮女生跑十二分钟的一节课迟到了45分钟，他就表面露出生气的颜色，然后让她去跑了
206994,9445,张敏青,2024-12-19 02:42:27,2,3,1,老师很好啊 不知道为什么说强度大 从来不跑步 做一点有意思的准备活动 就算是练腰腹也可以水 老师脾气也不大啊 很好说话 考试也比较简单就是折返跑 虽然我刚及格但是跟别的比挺轻松的 还会玩飞盘和气排球 很好的老师
207501,9445,张敏青,2024-12-22 12:16:18,2,3,1,非常和蔼有趣的老师，普体课堂很轻松愉快
208037,9445,张敏青,2024-12-25 09:27:37,1,2,1,好老师，不是好课，普体考核对短跑水平要求高，慎选。张老师上课强度低，主要是飞盘排球腰腹，累了可以水。
208213,9445,张敏青,2024-12-26 07:42:05,2,2,0,老师挺好的，真的。给分不好是普体的原因，老师基本没有捞的空间。但是老师会抓住一切机会捞人，仰卧起坐、引体向上、折返跑是能反复考取最高的，迟到很久也会手动点到的，十二分钟二十米是能记两百米的，缺课是能在老师其他时段的课上补回来的\n\n强度确实大，因为总会有人想认真提高腰腹力量的，但是如果想水也不会为难你的
219296,9445,张敏青,2025-05-24 09:16:46,2,2,0,普通体育并不是保健课，运动强度中等，主要是腰腹累。说白了就是普通人上的体育课，壮哥不要选，因为太无聊，而且你选过来所有项目都轻松拿满分，卷的我们不好受，你们去健美课进行真男人的对决去。细狗不要选，因为折返跑轻松拿低分，不如去太极或者高尔夫混个不错的分，而且腰腹训练很受罪，张老师比较严格，全程摆烂肯定是不行的。尽量选周四班，杭州周五下雨概率很高。
221061,9445,张敏青,2025-06-21 05:22:33,0,0,0,很好的老师，普体课只有前面几节强度比较大，后面基本都是在做些比较轻松愉快的小游戏。张老师会让请假的同学坐在一旁休息（我上次感冒了他还拿了张垫子给我躺）\n\n就是期末考折返跑可能对短跑要求比较高，短跑不好的慎选
221585,9445,张敏青,2025-06-24 16:13:48,1,1,0,补选普体，不错的老师！注意每节课都会手动点名签到。但是可以在别的时间来补，一般问了老师都会跟你说。比较注重腰腹力量的训练，后面几节课会玩玩飞盘，一些简单的练习，很有意思。\n\n可以小水！老师还是挺幽默的，听点东西很轻松。专项是折返跑，短跑不好的同学慎，但满分也不是特别严格特别难！体测50快满的朋友们选这个应该没啥压力\n\n印象深刻的是我因为生理期+发烧请假了最后一节，遂下午去补，老师过来问过情况之后就给我补签，并让我直接回去了…大致意思是，来补课这个态度已经很好了，要好好休息这样。\n\n泪目…
169425,9446,朱国华,2023-02-26 06:15:32,1,3,2,老师人很好\n\n送上第一个点评
169662,9446,朱国华,2023-02-27 09:39:32,7,8,1,老师人特别特别好，很有魅力的那种。找他沟通的时候很耐心，10分不解释。
170015,9446,朱国华,2023-03-01 03:51:55,3,9,6,非常非常好，很耐心、很温柔、为学生成绩着想。
177195,9446,朱国华,2023-07-02 05:27:14,3,4,1,满分老师
177413,9446,朱国华,2023-07-03 08:16:18,1,2,1,老师人很好，但是初级班没什么机会踢比赛（也可能是这学期老师下雨）
179153,9446,朱国华,2023-08-29 01:28:56,1,2,1,太好的老师
180759,9446,朱国华,2023-09-26 01:39:10,1,1,0,老师人很好但是初级班没踢几次比赛（足球课熟客心态大崩）
185067,9446,朱国华,2023-12-26 05:16:56,4,4,0,这学期选的乒乓球课，老师很慈祥友善的，给我们的自由学习时间很长，有好几次都会一个一个同学的对打，指出需要改善的地方。专项考试如果差一点能上一个档次会给更多的机会的。总体来说上课很放松，很棒。
188131,9446,朱国华,2024-01-18 08:58:07,3,3,0,放心放心选！老师超级好！尽量都给学生打高分，替学生着想！每节课都会到乒乓球台前和和同学对打训练正手攻球，而且老师的球送的很好！非常负责，也非常慈祥好说话的老师～爱来自玉泉
190555,9446,朱国华,2024-03-08 09:32:46,2,2,0,乒乓初级班。好老师，讲解技术动作很清楚，会和每个同学对练，指出动作上的不足。
197597,9446,朱国华,2024-07-21 01:41:23,3,3,0,老实人特别好，关心同学，宽容大量（但很多同学无故翘课，老师有次还是生气了，大家不能太过分），9分送上
203208,9446,朱国华,2024-11-18 04:07:49,2,2,0,乒乓球：好老师不多说，上课认真负责，对同学很好，不过分苛责
205614,9446,朱国华,2024-12-10 06:55:39,2,2,0,老师超好！给分几乎都努力拉上去！真的很好！
205644,9446,朱国华,2024-12-10 12:02:00,2,2,0,老师非常好，乒乓球考试亲自与同学对打，考试巨能捞！
205903,9446,朱国华,2024-12-12 14:42:08,3,3,0,上的之江乒乓球课，老师人非常老实善良，每节课会一个一个指导动作，期末考试每个人给三次机会，考完了还不忘继续给出指导建议，非常好的老师，10分送上
210908,9446,朱国华,2025-01-10 06:27:23,1,1,0,足球好难呜呜呜
220870,9446,朱国华,2025-06-20 08:32:26,0,0,0,非常非常NICE的乒乓球课程体验，专项考试老师会耐心配合对打，不用担心和搭子考试会出现失误的情况，而且老师对于任何问题有求必应，也特别包容学生，非常非常推荐大家来选
167105,9447,朱玲,2023-01-15 03:29:48,3,5,2,无线电测向很有趣，老师人很好，很负责，是这学期从杭电来的。
167149,9447,朱玲,2023-01-15 04:23:10,0,3,3,老师很温柔，很专业，会教很多锻炼的小知识，无线电测向也很好玩，推荐！！！
169398,9447,朱玲,2023-02-26 03:10:26,6,8,2,老师真的很好，无线电也很有趣
169400,9447,朱玲,2023-02-26 03:15:34,0,1,1,老师人性格很好，和学生相处很不错。无线电测向上课也很有趣，比较推荐。
170048,9447,朱玲,2023-03-01 06:15:55,-1,0,1,老师教的很好，教学经验很丰富，上课非常认真负责，也很关心学生。老师很好，但是测向课最后怎么样还得随缘，电台还真不是说找到就能找到的（害）
171436,9447,朱玲,2023-03-24 06:27:03,-1,1,2,老师真的很好很温柔，又特别专业，训练量也不会很大，无线电测向好玩的
171532,9447,朱玲,2023-03-27 15:38:56,1,2,1,好老师，好老师，好老师，重要的话说三遍
173271,9447,朱玲,2023-05-17 09:36:29,4,5,1,课程：无线电测向（初级）；身体素质\n\n绩点：5.0\n\n评价：首先说课，无线电测向本身挺有意思的，技术也不是很难，但是无线电本身很吵，每次上完课都觉得耳朵难受，尤其是找台的时候会需要分辨非常细微的差别，声音还不能开太小。\n\n然后朱老师挺和蔼的，如果当布台员有一点加分，会每节课检查坐位体前屈的练习情况（大部分时间没达标也没什么惩罚，主要是督促大家练习）\n\n建议：需要自己带3.5mm耳机，如果可以，尽量挑测向机的时候多试几台，找一台比较清晰的。而且有的测向机单向开关是坏的。
173605,9447,朱玲,2023-05-30 02:21:44,-1,0,1,真的特别特别好 老师特别特别温柔
174003,9447,朱玲,2023-06-05 14:01:41,0,1,1,朱玲老师的无线电测向很有趣，老师人很和善，很关心同学们，作为一名正常的体育课，老师不会让学生太摆也不会太累，，无线电测向本身的性质，除了最后期末考需要努力的跑，其余时间都相对比较轻松，平常联系听台、找台主要是技巧，，偶尔有些小游戏，老师会督促你运动打卡。总之，如果你想质量优异的体育课，选朱玲老师一定没错！
174660,9447,朱玲,2023-06-15 07:12:52,1,2,1,大一上唯一一门满绩
179606,9447,朱玲,2023-09-18 15:31:40,1,2,1,很喜欢她，给了我体育上的信心\n\n夺走了我大一的第一个满绩，呜呜呜
184693,9447,朱玲,2023-12-22 07:59:25,4,5,1,朱老师温柔和善给分好，老师好；\n\n测向机好与不好看运气，学校坏。。\n\n总之是大一的第一个满绩~
186086,9447,朱玲,2024-01-08 08:32:14,0,1,1,很好的老师
186162,9447,朱玲,2024-01-09 06:41:36,5,6,1,老师人很好，课的强度也不是很大，会关心我们玩手机的姿势哈哈哈，教了一些锻炼方式，钉钉群里的消息也会及时回复，就是测向机找的有点痛苦。
201671,9447,朱玲,2024-11-05 08:50:31,0,0,0,课程本身可能不太友好也有点单一，但是老师超级无敌温柔，善解人意，而且上课强度也比较低。
208174,9447,朱玲,2024-12-26 05:03:17,0,0,0,老师人非常不错，非常善良，然后各项事情会多次强调。无线电技术很考验耳力，然后专项给分差距不大（期末考占用4个周末的时间考，一次玉泉一次华家池两次紫金港）
209908,9447,朱玲,2025-01-07 11:22:39,2,2,0,非常温柔的老师，上课还会反复给我们强调体育课程的各种注意事项，上课强度也不高，强烈推荐！！
212643,9447,朱玲,2025-01-14 10:29:51,0,0,0,超级爱朱老师，无线电测向远远超出我的想象，非常有趣，忙忙碌碌寻宝藏的感觉，而且除了考试那几周运动量都不大，如果找到好组员考试也没问题～
167050,9448,朱月,2023-01-14 17:24:21,3,4,1,老师是仙女呀
167181,9448,朱月,2023-01-15 04:56:37,-1,7,8,古典舞课上下来感觉就是……很累，但是老师很nice，主要是因为自己没有舞蹈基础。给分也很棒，老师也说不会在考试方面为难我们，唯一缺点我觉得就是，换排的问题（？）po最后一排的，经常看不清动作（太多人挡着了）站位比较随意
168454,9448,朱月,2023-02-17 04:18:56,4,8,4,老师很温柔！我觉得课程内容不是很累，和其他艺术之门相比不需要什么特别的设备，而且课外也没什么事情。值得提出的是老师给分不是按照统一标准，而是根据每个人的基础由认真程度给分，所以8基础也不用担心！
169840,9448,朱月,2023-02-28 05:56:32,3,5,2,老师很美很温柔😭虽然本人是舞蹈废物但是能够欣赏老师跳舞就够了😭老师一直强调不需要大家跳多好，而是希望能够带大家领略古典舞的魅力，所以整体氛围还是非常轻松的。都给我选！！！
169884,9448,朱月,2023-02-28 08:38:12,19,23,4,打开艺术之门——中国古典舞 绝对十分。作为首届该课程一名普通学生来一个详细介绍（日后的变化俺不知道哈）。本人大学以前毫未训练过中国本土产生的舞蹈。\n\n课程介绍：你不需要自备什么设备，很省钱；课后负担很轻，没有作业，期中期末实践考试前告知考察的内容，为了考试稍微复习一下组合总要的吧。期末理论考试也有几道题目，只是理论课在前几次，教室目前没有智云，还是要自己记一下，不多且不难。每节课内容是不一样的，前几节是理论及基本的练习，后面开始组合学习时是从中国古典舞的朝代舞风、人物形象、道具三个方面选取典型的内容来让你体验。老师希望同学多多反馈。教的难或者不清楚可以沟通并且马上就会调整，所以每一届对老师的教学特点的评价不一样，如果评论区出现不同的评价很正常。\n\n\n\n内容价值：欢迎任何程度上舞蹈基础（包括0基础）的同学。为什么老师的课程如此设计？对舞蹈的审视分析除了技术角度还有文化和历史等等的角度，对于我们，在有限的时间内与其更技艺不如更博雅。中国古典舞作为当代中国对中国古典韵味的凝练、遐想和创造，有共同文化心理的同胞不论舞蹈技术上的基础如何一定可以在某种程度上理解（留学生朋友也是欢迎选课的，并且你们去审视可能会碰撞出别样的“陌生化”效果（Brecht））。对以前在业余教培中接触过古典舞的学生，如果你以前对古典舞学科本身了解不深，这门课不是对身体开发的重复而是别样的视角，所以并不会浪费你宝贵的学习时间；对以前学习过其余舞蹈的学生，这门课除了文化上的丰富以外对你的技术层面也将有所启发。用一句话概括，任何人都可以在轻松沉静的氛围下尊重接纳更多的美的形态，培养对古典舞的看待和体会，收获友谊，切身体验表演，认真快乐就好。\n\n\n\nps不要问我是谁 我知道我写的风格跟一个纯纯分享体验的学生不一样 但我想让更多人知道一片净心的领域 仅此
170359,9448,朱月,2023-03-03 06:15:06,4,4,0,讲的很好，会很贴心地帮助我们完成动作。老师的舞蹈水平高，长得漂亮，性格温柔开朗，好说话，给分也挺高的，像我一样没有任何舞蹈基础的人也能拿到4.5的绩点，绝对值得一上的。同学里也有很多美女。不过可能会有点累。
170707,9448,朱月,2023-03-08 08:08:59,2,2,0,老师很好
172783,9448,朱月,2023-05-07 01:06:41,3,3,0,零基础可上，真的是美的享受，而且老师很有耐心
173334,9448,朱月,2023-06-23 10:51:56,-27,12,39,只能说能选其他艺术之门就选其他艺术之门吧。。。（别来，真要被笑死
174457,9448,朱月,2023-06-12 12:55:39,1,2,1,“舞者最重要的是信念。”
175340,9448,朱月,2023-06-24 05:18:47,2,2,0,老师超级美，很温柔，能够体会到古典舞的魅力，快来选哇
175449,9448,朱月,2023-06-25 03:40:06,0,6,6,给分一般般
175729,9448,朱月,2023-06-26 10:29:01,1,4,3,老师超级好超级温柔，而且给分超级好！！重在体验
182239,9448,朱月,2023-11-13 05:48:06,2,2,0,朱月老师超级好，有次理论考试没好好做只得了70分，最后还是被捞到了4.5绩点
187460,9448,朱月,2024-01-16 08:15:37,1,2,1,老师好美 大一就艺术之门好幸运😍😍😍我个人四肢僵硬 主要是还没有情感 老师比较注重情感表达 对动作难度基本没什么要求 其中敦煌和英姿飒爽类可能运动量比较大动作有些难 但是老师会很耐心地教而且做不到也没有什么关系 一学期每节课都体验一种朝代/风格/道具的舞蹈 以体验为主 所以缺课的影响也不大 考试是期中期末两段舞蹈 期中的我感觉还可以 期末的对情感表达要求比较高我感觉掌握不太好 而且因为我节奏感也不太好 中间有的地方慢了有的地方快了还出戏了（感觉这是老师觉得的舞蹈的大忌🥹） 理论考试是开卷 但是有一些找不到的分数也不高 就这样还有4.5的绩点 感谢老师捞捞\n\n哦对，除了准备了舞鞋（也可以光脚）其他的什么都不需要 而且课后完全没有作业 唯一的是期末的组合过好几周才考 需要自己记一下动作 完全可以当做每周一次的放松时间 老师也很希望我们进教室就全身心投入舞蹈 总之真的是很好很好的课😋
189407,9448,朱月,2024-01-24 03:22:45,2,3,1,很好的老师，男生也可以冲
191390,9448,朱月,2024-04-19 04:51:05,2,3,1,老师真的很好，古典舞0基础男生也可以冲！必须狠狠10分！\n\n但是有一个问题，就是这门课的运动强度有时会让你疑惑我这学期是不是多上了一门体育课[ac01]介意慎选
193911,9448,朱月,2024-06-20 14:53:59,-1,1,2,朱月姐姐必须10分！
193997,9448,朱月,2024-06-21 08:52:37,2,2,0,朱月老师简直神仙必须满分！！特别有趣可爱的老师！！上课累累的但体验感很好～看老师跳舞简直享受～但是给分可能在通识里不算特别特别好的那种比较一般😢不是特别特别在意绩点的冲！
194222,9448,朱月,2024-06-22 15:19:49,1,2,1,特别好的老师，我是零基础最后也拿到了4.5，虽然我感觉我跳的乱七八糟hhhh
195207,9448,朱月,2024-06-27 08:06:14,2,3,1,只要有认真跳给分都不会差的！速速选爆！\n\n老师是根据进步程度打分的，所以零基础的同学们也不要担心！
206001,9448,朱月,2024-12-13 02:53:05,2,3,1,超棒我超爱！！！专业能力过硬而且温柔教的也特别好！！
207595,9448,朱月,2024-12-23 07:51:30,3,4,1,朱月老师我真的超爱！！！！又美性格又好，每个动作都讲的非常好，请无脑冲！对于我这样一个零基础肢体不协调，上课总是躲在后排角落的小透明，老师也会时时刻刻关注，作为一个非常不自信非常惶恐的小登，每次上完她的课都会感觉非常开心，感觉至少学到了什么。还在这门课上还交到了朋友，请大家无脑冲！
216795,9448,朱月,2025-03-25 21:28:12,0,0,0,最积极上的课了 主要原因来自老师的美貌哈哈哈哈
220806,9448,朱月,2025-06-20 01:39:19,1,1,0,真的很喜欢朱老师的课！25年春夏选的课，课堂内容超级生动有趣，小月老师总是活力满满地带动大家一边舞蹈一边想象意境，虽然有段时间手受伤了不太方便跳舞，但是还是跟着一起上课，大家也在舞蹈互动中慢慢熟悉起来了！！小月姐能不能多点名额啊啊啊啊我还想上你的课（大哭）
171371,10046,史倩玉,2023-03-22 14:24:07,14,17,3,美女老师爱了
171499,10046,史倩玉,2023-03-27 01:54:41,3,5,2,非常认真的美女老师！
173791,10046,史倩玉,2023-06-03 03:12:58,1,2,1,美女老师！
174055,10046,史倩玉,2023-06-06 03:15:05,0,3,3,人美心善的姐姐，上课自行练习的时间会来指导你动作，给分也挺好的~~
174157,10046,史倩玉,2023-06-07 01:21:22,0,1,1,美女老师爱了爱了
176512,10046,史倩玉,2023-06-29 07:11:45,0,1,1,上课非常认真，非常专业，有问题也细心回答
178766,10046,史倩玉,2023-07-22 04:48:52,0,1,1,美女老师，健美课教得很用心，课的话比较硬核，最后给分也是看你卧推和深蹲成绩的。不过老师人真的好好。
179150,10046,史倩玉,2023-08-28 17:17:40,1,2,1,美女老师！上课超级细心，有任何问题都可以去问她~
179236,10046,史倩玉,2023-08-31 16:25:17,3,4,1,美女老师
179586,10046,史倩玉,2023-09-18 11:58:30,1,2,1,健美有点累，但真的很有收获
184802,10046,史倩玉,2023-12-23 02:22:59,0,1,1,人美心善
185495,10046,史倩玉,2023-12-31 05:27:04,0,1,1,美女老师呜呜 好爱  和她合照感觉史老师才是大学生呜呜
186762,10046,史倩玉,2024-01-13 03:10:03,6,8,2,无知时诋毁课堂任务繁重\n\n懵懂时诋毁史老师上课严格\n\n醒悟时感恩史老师有点放水\n\n出分时我是史老师的狗\n\n另外，健美不要选早八，上课根本没力气，早八卧推五十公斤都费劲\n\n但是周五下午补测卧推能推60
187294,10046,史倩玉,2024-01-15 12:09:02,14,16,2,我是史老师的狗
187373,10046,史倩玉,2024-01-15 16:06:28,-1,1,2,健美课课程考核设置（男生满分要70kg卧推+110kg深蹲）确实很难，不像有些别的课，专项可以轻松满分。\n\n老师人美心善！
187696,10046,史倩玉,2024-01-17 07:13:56,0,1,1,特别好
192821,10046,史倩玉,2024-05-31 02:12:26,1,2,1,超级好，选上就是赚到
195381,10046,史倩玉,2024-06-28 02:17:26,-9,3,12,老师挺好\n\n就是体素课你请病假也会被记旷课。。。
196655,10046,史倩玉,2024-07-04 14:14:25,-68,3,71,煞笔老师屎嵌玉，体素课签到恶心的一逼，有必要吗，这种没学分的课签了到也给你改成缺勤，666666
196856,10046,史倩玉,2024-07-05 13:23:36,1,3,2,有幸上了史老师的排舞课，老师很年轻很美，跳得也好，人也nice
201752,10046,史倩玉,2024-11-06 02:55:56,-1,1,2,老师的课真的很好！老师也很好！
207124,10046,史倩玉,2024-12-19 10:34:39,0,1,1,为美女老师点赞！
207215,10046,史倩玉,2024-12-20 01:14:09,1,2,1,老师真的人特别特别好，就算做不到卧推和蹲起，但是会尽可能给高分，而且大声告诉所有女孩子要爱自己，真的学会了好多。幸遇良师
208020,10046,史倩玉,2024-12-25 08:22:00,2,3,1,老师很好，我跳不好的时候老师单独小声叫我练一下，而且12分钟体测老师也很宽容，很温柔善解人意
209499,10046,史倩玉,2025-01-10 01:38:48,2,2,0,老师，我是你的狗！
209513,10046,史倩玉,2025-01-06 07:03:01,1,2,1,健美\n\n上课时：挺好的老师\n\n出分后：我是史老师的狗
209703,10046,史倩玉,2025-01-06 16:23:18,1,1,0,给分很好，第一门专项满分的课
210451,10046,史倩玉,2025-01-09 07:46:33,2,2,0,健美课偶遇专项考核，卧推70kg＋深蹲110kg难如登天，拼尽全力无法达到
210745,10046,史倩玉,2025-01-10 01:45:16,2,2,0,出分了来评价一下～\n\n96/5.0\n\n老师很美教的也很耐心\n\n12分钟跑会有点严\n\n有个人展示和小组展示\n\n请老师帮忙看排练效果还会指出建议\n\n真的体验感很好！\n\n本人舞蹈小白，最后老师给的个人分和小组分也很棒！
210761,10046,史倩玉,2025-01-10 02:16:37,1,1,0,老师我爱你啊啊啊啊啊老师给我捞了一档本来卡绩难受了好几天\n\n老师又美又有趣下辈子还要选老师的课
211113,10046,史倩玉,2025-01-10 23:01:59,0,1,1,老师超级好超级美也很温柔！！！选到就是赚到！！！呜呜呜直接给我捞到了满绩，史老师我要一直追随你！！！
212735,10046,史倩玉,2025-01-14 15:45:54,0,0,0,感觉很温柔很漂亮的老师，上的健美课，感觉能学到很多干货，包括热身活动、健身动作等等，非常值得冲的老师🥰🥰🥰
213387,10046,史倩玉,2025-01-17 07:16:03,0,0,0,如果你有的是力气，那么健美选了包爽的！史老师又温柔又耐心又美丽，我是史老师迷妹aaa
213651,10046,史倩玉,2025-01-19 00:46:34,-4,0,4,ljls
219391,10046,史倩玉,2025-05-26 09:29:52,0,0,0,史老师yyds!下个学期还选！
219440,10046,史倩玉,2025-05-27 09:14:13,0,0,0,老师简直我的神
220212,10046,史倩玉,2025-06-16 10:00:59,0,0,0,神，专项本来差两分，给我捞满了
222000,10046,史倩玉,2025-06-28 12:35:33,0,0,0,老师挺能捞的，上一学期课还养成了健身的习惯，现在一天不练浑身难受
198008,10336,查苏生,2024-08-23 12:56:24,33,45,12,老师竟然是黑猴的动捕演员，感恩的心！
198033,10336,查苏生,2024-08-26 05:13:38,20,26,6,你永远不知道他到底会多少东西……
198494,10336,查苏生,2024-09-09 08:46:36,12,13,1,两学期课代表报到！查老师真的是一位很好的老师呀~大一第一个学期见到查老师就感觉气质非凡，去查了一下居然是全国冠军！老师教动作也很耐心，总之是男神啊哈哈哈哈
198656,10336,查苏生,2024-09-10 11:58:06,8,8,0,老师特别帅啊啊啊，又帅又有实力，讲的还很细，闭眼报～
198916,10336,查苏生,2024-09-13 01:54:40,6,6,0,老师很nice，打拳很帅气，对学生很好很温柔，神仙老师呜呜呜呜呜
199019,10336,查苏生,2024-09-14 06:01:20,5,5,0,非常好太极拳课！
199328,10336,查苏生,2024-09-21 05:19:23,6,6,0,老师长得很美😍😍
199436,10336,查苏生,2024-09-23 13:06:55,0,0,0,好好好会补签
199721,10336,查苏生,2024-09-28 06:40:21,2,3,1,糜道人竟在我身边！！！
200385,10336,查苏生,2024-10-16 12:13:34,0,1,1,很帅的老师
200920,10336,查苏生,2024-10-24 19:07:15,6,6,0,老师真的太帅了啊啊啊啊啊
201173,10336,查苏生,2024-10-29 15:01:18,6,6,0,查老师真的很好！演示动作很帅！教学也很耐心！有时候还很搞笑，上课能学到好多东西！不容错过
203566,10336,查苏生,2024-11-20 05:12:35,4,4,0,帅哥老师入股不亏
203919,10336,查苏生,2024-11-22 03:53:52,3,3,0,选了老师三学期的课了 人很帅打拳也很帅 表面可能比较严格但实际上非常非常体谅同学！（特别是我这种体育废物0v0）
205959,10336,查苏生,2024-12-13 02:10:54,2,2,0,好到爆炸，课可以认真也可以偷点小懒
206448,10336,查苏生,2024-12-15 06:57:11,0,2,2,选了他的女子防身术，老师很帅是真的，但是课堂感受不是很好。首先课上教了一些拳法腿法和挣脱术，但是实用性并不高，如果是为了防身建议直接加强锻炼，加上看一些相关的挣脱术视频即可。其次上课有点点划水吧，我是这样觉得的，一学期下来，可以看到班上的同学做出的动作依然千奇百怪，我甚至没有勇气看看自己做的动作是什么样的，基本上只教学只练习不纠正。老师动作是很标准，但是有多少教会了学生呢。最后是专项给分好像不怎么样，由上一点我其实很能理解，毕竟大家都做得不怎么样，但是我觉得这不能完全算学生的问题，既然不能去针对性地指导纠正，为什么最后要要求那么高呢？反正目前他自己说专项最高分不超过95。
206722,10336,查苏生,2024-12-17 08:32:39,5,5,0,剑术课。老师又年轻又帅气！！人也很好，不会让你挂科的。一定要选！！（剑术考试不是授课老师当考官）
206724,10336,查苏生,2024-12-17 08:44:46,3,3,0,老师很好的\n\n剑术教得很好
206725,10336,查苏生,2024-12-17 08:45:23,4,4,0,老师人非常好，人长得也好帅，剑术能把我这个四肢不协调的人教上专项90分以上，真的NB。还会好几种武术，真的好好
206775,10336,查苏生,2024-12-17 13:10:51,1,1,0,超棒的老师
207432,10336,查苏生,2024-12-21 14:32:31,2,2,0,特别好的老师，真的很帅！上的他的体素，体测前会实打实的好好练，体测后就玩了好几节课的小游戏，非常有意思！
207603,10336,查苏生,2024-12-23 08:23:42,1,1,0,b站搜他，女神连夜请我吃夜宵
207974,10336,查苏生,2024-12-25 06:12:33,2,2,0,10分没话说，老师人很好，上课很不错，就是会社死，但是不太好水
213148,10336,查苏生,2025-01-16 06:26:23,2,2,0,帅的一批！！！而且人超好！！！
219051,10336,查苏生,2025-05-20 03:53:38,2,2,0,太帅了查老师，配上剑术课对我来说就像带刺的玫瑰。这个老师怎么这么帅呢啊啊啊
220625,10336,查苏生,2025-06-19 03:15:56,1,1,0,刚上完拳击散打，好老师，选就对了
197178,10449,周广财,2024-07-08 23:08:02,4,9,5,给分非常不错，老师人也很有趣，作为一门普通体育课而言运动量还算中等，请假方面有点严格，比较理解新老师比较遵守请假规范，上完他一学期的课基本上能看出来周老师未来一定是一个9.5以上的老师
197289,10449,周广财,2024-07-10 10:13:47,-5,1,6,体素课让我见识到了点名多样性，签退不签退随机，要么毫无运动量要么一节课跑六圈以上
198449,10449,周广财,2024-09-09 03:58:42,5,6,1,周老师上课风趣幽默哈哈哈哈哈哈哈哈哈哈哈
199542,10449,周广财,2024-09-25 05:55:00,1,2,1,有实力而有意思的老师
199810,10449,周广财,2024-09-30 05:34:56,1,2,1,上过他的定向越野和普通体育课，很不错！上课挺有趣的人也很好
199820,10449,周广财,2024-09-30 08:33:14,-12,1,13,正在上体素，是一门毫无意义的课 作为一个不记学分只占时间的沙币课程，老师对于签到十分严格，甚至在选退课期间期间都要记，而同时期的另一位老师就很幽默而且近人情。不建议选。
200081,10449,周广财,2024-10-12 11:54:51,-12,1,13,一言难尽，选到他真的倒了血霉😓。。。
200924,10449,周广财,2024-10-25 01:31:27,3,4,1,上过老师的普通体育课，折返跑虽然难拿高分，但老师贴心的给全班总成绩减了时间，伟大无需多言。
200973,10449,周广财,2024-10-26 01:18:57,3,3,0,周老师的普通体育真的很好。虽然有的时候强度有点大，但是会贴心地征求我们的意见，适当减小上课强度。但是考试的折返跑要求比较高，应该会捞一捞
205540,10449,周广财,2024-12-09 03:35:32,0,1,1,体素：快跑\n\n普体：强烈安利\n\n定向：捞捞
205960,10449,周广财,2024-12-13 02:11:43,4,5,1,本学期在上周老师的体素课，老师人很好，幽默风趣，整个学期下来只有前几节课有点运动量，后面基本都是玩些趣味小游戏，唯一算得上是缺点的就是周老师目前对签到签退还是蛮严格的，如果体素课想开溜的不建议选
206062,10449,周广财,2024-12-13 04:30:20,0,0,0,人很好/因为我老迟到所以已经记住我名字而且几乎每节课都能唠嗑。很水，一节课运动量特别少。甚至有一次我感冒睡过头\n\n后来居然我求求他补了一节课就补了。你只需要按时签到签退就行，因为没有规律】有可能签退也有可能不签退。反正就是，很水。最后几节课都在玩小游戏
206131,10449,周广财,2024-12-13 06:04:18,0,0,0,很不错啊，有几节课会运动量大些，但是后面基本上就是小游戏啦
206136,10449,周广财,2024-12-13 06:06:35,1,1,0,很有趣的老师，最后希望定向越野能捞捞
206482,10449,周广财,2024-12-15 12:42:06,3,3,0,身体素质课运动量不大，除了准备要跑一下，会玩一些弱智的游戏，但是挺好的，十分狠狠给了
206712,10449,周广财,2024-12-17 07:58:58,1,1,0,老师人不戳，上课任务轻，niceee
207641,10449,周广财,2024-12-23 12:00:51,1,1,0,体素课唯一真神 运动量为0
207643,10449,周广财,2024-12-23 12:02:51,1,1,0,老师特别好 女生身体不舒服在旁边休息也会照顾 玩的游戏也很好玩 风趣幽默 大大点赞 自由活动多多么么么么么么么么么
207644,10449,周广财,2025-01-06 08:14:55,0,0,0,选的普体，折返跑捞到满分了，平时会有小游戏蛮有意思的，一学期有固定的请假次数不扣分，老师挺好的
208064,10449,周广财,2024-12-25 12:00:50,0,0,0,挺有意思一老师
209462,10449,周广财,2025-01-06 04:29:48,0,0,0,周老师的普体运动量会有点大，但是人很好，还有很多有意思的小游戏，折返跑比较难但还是捞了，必须10分
209866,10449,周广财,2025-01-07 09:13:08,0,0,0,体素课运动量不大，值得选择！
210126,10449,周广财,2025-01-08 07:55:00,1,1,0,非常好的老师
210159,10449,周广财,2025-01-08 09:04:34,0,0,0,折返跑捞了，小登的第一门满绩课程！爱广财，不多说。下学期选了他的体素🫰🏻
210421,10449,周广财,2025-01-09 06:38:02,1,1,0,老师人非常好！强烈推荐！已经很捞了但没把我捞上去卡绩了呜呜呜
211392,10449,周广财,2025-01-11 10:05:54,1,1,0,上课轻松，考试还捞，总评100，伟大
215018,10449,周广财,2025-02-20 05:42:12,3,3,0,真的会泪目，上学期上的周老师的课，这学期补选上的找不着老师找不着人电话打不通，顶着大雨一阵阵的想哭想死，当其他老师都简直是漠视我的时候，周老师解救了我，请老师的评分无限向10靠拢！
217941,10449,周广财,2025-04-18 07:26:38,2,2,0,打卡王，签到加签退，定向越野回来早了会让你跑圈
218484,10449,周广财,2025-04-24 03:56:23,0,0,0,好👍
220141,10449,周广财,2025-06-15 11:53:29,2,2,0,普体很好，也很捞，很理解学生，只可惜下学期不开了
220329,10449,周广财,2025-06-17 09:20:49,1,1,0,如果不得不上定向越野，就选周老师吧，真的是很善良的好老师！老师给分真的很好很心软，也很好讲话···虽然期末考没跑好，但是体育课第一次满绩
221286,10449,周广财,2025-06-22 12:56:41,1,1,0,有分你是真给啊！老师人也很好！
221323,10449,周广财,2025-06-23 03:08:36,2,2,0,致敬传奇专项分数批发商
221739,10449,周广财,2025-06-25 17:25:03,1,1,0,致敬传奇游戏王周老师
198025,10487,陈禹欢,2024-08-25 13:00:47,15,15,0,陈老师人超级好的！！！讲解详细而且特别关心学生
198498,10487,陈禹欢,2024-09-09 09:20:22,8,9,1,非常好的老师，挂名潘德运上紫金港的课。上课轻松有趣，老师很厉害和专业，为人随和，给分也会尽量给高的
199549,10487,陈禹欢,2024-09-25 08:19:55,3,3,0,运动量略大
199555,10487,陈禹欢,2024-09-25 09:17:24,0,1,1,很有幽默细胞
199961,10487,陈禹欢,2024-10-09 13:52:39,0,0,0,做事很干净利落，不会耽误大家时间。说话有点说不明白，不过对于体育老师来说也不算硬伤
200077,10487,陈禹欢,2024-10-12 10:56:03,2,2,0,陈老师的体素课是在体育馆上的，风雨无阻😀
201198,10487,陈禹欢,2024-10-30 03:38:34,1,1,0,运动量有点大，想水水不建议选TT但是老师很好说话
201215,10487,陈禹欢,2024-10-30 09:05:35,0,1,1,运动量太大了
201611,10487,陈禹欢,2024-11-06 05:08:25,2,2,0,老师超好
202163,10487,陈禹欢,2024-11-10 07:57:35,0,0,0,很有耐心，很有意思
205615,10487,陈禹欢,2024-12-10 07:01:45,0,0,0,很好的老师
205677,10487,陈禹欢,2024-12-11 05:33:48,1,1,0,陈老师人非常好，也挺和善的，也会捞的，我哭死😭
205719,10487,陈禹欢,2024-12-11 12:17:17,2,2,0,风雨操场，体育馆，风雨无阻😗😗😗😗
205957,10487,陈禹欢,2024-12-13 02:09:29,7,7,0,体素课还是不错的本人体育很差但是觉得训练强度虽然不是很小但是可以接受
206160,10487,陈禹欢,2024-12-13 06:43:28,2,2,0,人无敌好只能说
206194,10487,陈禹欢,2024-12-13 08:00:31,0,0,0,您您您
206217,10487,陈禹欢,2024-12-13 08:55:52,1,2,1,陈老师人真的很好，虽然课没有其他老师那种“水”，但是强度也不高，基本不流汗，但是人好给分也好
206225,10487,陈禹欢,2024-12-13 09:26:28,1,1,0,欢哥人超好，喜欢打篮球报他的课就对了。他上课讲解很细致，回带我们练技术。引体和12分钟跑都放水了👍👍👍
206327,10487,陈禹欢,2024-12-14 08:55:21,5,5,0,挂名潘德运老师给我们上体素课。老师人很好，很好说话。\n\n特别注意:体素课几乎只签到不签退😋，所以你懂的，陈老师已经领先其他老师太多了😋
206497,10487,陈禹欢,2024-12-15 14:30:57,2,2,0,好老师，只签到不签退，你懂的
206610,10487,陈禹欢,2024-12-16 12:22:47,-4,1,5,教的不清楚 老是倾向篮球基础好的人
206803,10487,陈禹欢,2024-12-17 15:13:13,3,3,0,欢哥人超好，喜欢打篮球报他的课就对了。他上课讲解很细致，回我们练技术。引体和12分钟，期末考核跑都放水了👍👍👍
206870,10487,陈禹欢,2024-12-18 05:35:00,11,11,0,会说你们这样打球跟蔡徐坤有什么区别
206922,10487,陈禹欢,2024-12-18 12:11:57,-1,0,1,人很好，体素强度不大
207068,10487,陈禹欢,2024-12-19 06:29:12,0,0,0,老师人很好，早八每次都迟到下课都会手动帮我签到，上课上的比较难但考核不会刁难人，不错的老师
207111,10487,陈禹欢,2024-12-19 09:27:15,0,0,0,老师一般就跑跑步，放松放松就让我们走了，还是比较轻松愉快的
208021,10487,陈禹欢,2024-12-25 08:23:39,2,2,0,好好好
208022,10487,陈禹欢,2024-12-25 08:24:32,11,11,0,最好一节课拍个照就下课了，必须十分
208024,10487,陈禹欢,2024-12-25 08:25:53,1,2,1,体素课在体育馆走廊，冬暖夏凉，强度一般
208043,10487,陈禹欢,2024-12-25 09:49:39,1,1,0,好好好
208061,10487,陈禹欢,2024-12-25 11:45:40,0,0,0,非常好
208077,10487,陈禹欢,2024-12-25 13:04:43,2,2,0,24级新生的第一个评分送给陈老师 这学期体育和体素都是陈老师的 作为一个基本没有篮球基础的女生 老师对女生很宽容人很好 最后期末考自投自抢满分了 运球差1s满 仰卧起坐差两个满分也捞我了 12min跑差100m满分也捞了 最后一届体素拍了一张照片就走了 还祝大家考出好成绩 真的很好的老师🥹🥹
209820,10487,陈禹欢,2025-01-07 07:34:59,0,0,0,只签到不签退，课程在12min跑考核结束后就变得十分轻松，很好一老师
209871,10487,陈禹欢,2025-01-07 09:39:05,0,0,0,陈老师太好了！！！
211445,10487,陈禹欢,2025-01-11 12:07:50,0,0,0,大学第一个满绩！力推陈老师篮球课
214192,10487,陈禹欢,2025-01-27 12:58:44,2,2,0,篮球课：首先，每节课必点名（但这很合理）。其次老师很专业，水平很高，好像还带校篮球队。老师也很敬业，腰伤重到不能弯腰也不会作为借口，并且也很幽默风趣，会跟我们开玩笑“胯下运球不要像蔡徐坤一样啊”。给分也很好，必须满分！
214559,10487,陈禹欢,2025-02-13 03:57:02,1,1,0,好好好
214783,10487,陈禹欢,2025-02-18 02:09:55,0,0,0,非常好的老师
219644,10487,陈禹欢,2025-06-03 02:45:20,0,0,0,无脑选
199533,10541,高泽,2024-09-25 04:08:47,9,9,0,good
199566,10541,高泽,2024-09-25 12:11:09,8,9,1,我男神
201057,10541,高泽,2024-10-28 05:30:29,6,6,0,年轻老师，人很温柔。上课感觉他一直在憋笑，看着都有点喜感。而且定向越野课强度也没有很大。
201234,10541,高泽,2024-10-30 14:26:18,5,7,2,他的课很水的，光点名就能点五分钟
201290,10541,高泽,2024-10-31 06:44:01,4,4,0,很赞的老师~上课很有意思
201434,10541,高泽,2024-11-02 16:59:20,4,4,0,老师人很好，定向越野给分好
201712,10541,高泽,2024-11-05 14:53:26,6,7,1,体素课可以退课前讲了一节课要求让人误认为是天使……结果下一节课就开始不定时十分钟内俩计时八百差点趋势……但总的来说老师人很好，尤其是下雨天会贴心在遮雨地方甚至提前下课 较推荐
202763,10541,高泽,2024-11-14 08:09:06,-1,1,2,年轻老师，挺温和的，引体向上给分松
205977,10541,高泽,2024-12-13 02:33:12,4,4,0,签到签退就能用10分钟，你说好不好
205984,10541,高泽,2024-12-13 02:38:10,3,3,0,松弛感++
206748,10541,高泽,2024-12-17 11:00:07,0,0,0,体素松松的
206867,10541,高泽,2024-12-18 05:18:42,2,2,0,大好人，爱了
207400,10541,高泽,2024-12-21 09:00:57,1,1,0,很难不给满分，主要是很温柔，虽然可能会上一点点强度\n\n相关好评可以去看金熙佳老师的评论，高泽老师是挂名在金老师下面上课的
208849,10541,高泽,2025-01-02 13:00:35,1,1,0,老师超级温柔，很体谅人，选到他就偷着乐吧。为高泽哥哥打Call。
209459,10541,高泽,2025-01-06 04:16:34,1,1,0,老师太棒了，满分满分
211210,10541,高泽,2025-01-11 04:30:25,0,0,0,体育体素水出天际，yyds
212106,10541,高泽,2025-01-13 07:40:55,0,0,0,人帅脾气好～
213035,10541,高泽,2025-01-15 23:18:53,7,7,0,山东黑皮185憨帅肉壮体育生，我很可以
213700,10541,高泽,2025-01-19 08:15:20,2,2,0,这学期上的是高老师的定向（虽然不知道为什么是挂在jxj老师名下的），平时上课挺轻松！最后三周的周日考试也还好，他对打点要求没有那么严苛，整体还是挺不错的！
216538,10541,高泽,2025-03-19 04:39:52,1,4,3,代个课事真多
216632,10541,高泽,2025-03-19 13:35:57,0,2,2,代个课点三次名啊……上课前雷达签到一次又口头点一次。最后下课又点一次，天呐。
217565,10541,高泽,2025-04-13 10:41:17,0,1,1,好老师啊，人帅又温柔，超级体谅人！！！上课强度中等，不会特别为难人，但也会带着大家有效锻炼身体！！！！我为高泽哥哥打call啊啊啊啊啊啊
219267,10541,高泽,2025-05-23 14:37:46,0,0,0,hao
221043,10541,高泽,2025-06-21 04:01:13,0,0,0,男神gz不用多说🤓
197447,10552,韩呈恺,2024-07-15 09:11:45,3,5,2,上的老师的羽毛球，我自己水平太烂没少让老师犯愁hhhh最后专项被捞了！老师人很幽默的上课运动量也不大，就是我实在不适合球类运动hhh但还是感谢老师一学期的教导！
197457,10552,韩呈恺,2024-07-15 14:59:23,5,6,1,哥们，不是，你是世界冠军啊……\n\n稀里糊涂上了一学期，今天闲来无事上中羽在线瞎逛发现的。
197483,10552,韩呈恺,2024-07-16 13:51:47,3,3,0,世界冠军的含金量，伟大无需多言
198303,10552,韩呈恺,2024-09-06 09:59:54,1,1,0,好老师无需多言
198553,10552,韩呈恺,2024-09-10 02:17:23,1,1,0,世界冠军，长的又好看说话又好听，每节课的羽毛球技巧教的很细致，也有时间自己打球，平常体测什么的也会捞，满昏！
198661,10552,韩呈恺,2024-09-10 12:39:31,1,1,0,上课很好，而且期末测试会捞
198855,10552,韩呈恺,2024-09-12 07:33:34,2,2,0,超级好的老师 很会站在学生的角度替学生着想 为人亲和 不愧是世界冠军 颜值技术都在线
203776,10552,韩呈恺,2024-11-21 03:44:21,2,2,0,伟大无需多言
197707,10567,孙晶晶,2024-08-03 02:45:58,-16,8,24,老师本人唱得超好！！全国音乐剧大赛的第二名。但是课程内容，赏析远大于实践，一直看视频会无聊，班上大部分同学除了pre的时候基本都...（好在老师不点名！）。给分也很好！不会增加额外学业负担。
206272,10567,孙晶晶,2024-12-13 12:49:22,1,1,0,我要跟晶晶老师一起欣赏音乐剧！
208650,10567,孙晶晶,2024-12-30 11:57:32,0,1,1,心理系年会上听到老师唱歌的，太豪庭了！！
215959,10567,孙晶晶,2025-03-08 06:39:09,11,11,0,写第一条评论的真是体现了人性的恶，现在这个课要点名，要pre，要互动，每节课都有小组讨论和展示，还要考试，一条评论硬生生把好课变成史课了，就是不想后人好好上课
216981,10567,孙晶晶,2025-03-31 01:38:49,2,2,0,老师很好，但是这个课事情太多了，如果能退的话我可能会退课。
217260,10567,孙晶晶,2025-04-07 15:00:02,2,2,0,老师人真的很好，选上有时间的话可以不用退。但是没时间的话【真不建议】上这个课，老老实实四史MOOC得了。我就去了三次课，七个课堂讨论参加了俩，中间几次群里签到接龙了但是人不在，感觉血亏，不过老师也没说什么。研究生课对直博生就是凑数的，也不怎么在意成绩，单纯觉得这个课去上了看着导师和师姐的微信消息跟百爪挠心似的难受，不去上又觉得没尽到学生的职责。不如直接不选，减少矛盾。课友最后一节考试唱得都很好很好，我坐在角落疯狂鼓掌哈哈哈\n\n\n\n另外并非不会增加额外学业负担，期中展示和期末考试都是要准备的，还有一篇三千字左右的观后感（美学论文）要写，事情不算少，但对i人来说两次展示的准备几乎要占当周周末的半个c位。建议自行考虑
198017,10575,张靖宗,2024-08-24 10:03:19,6,6,0,很有活力的老师，很好说话
198539,10575,张靖宗,2024-09-10 00:27:35,8,8,0,很好的一位老师，开体适能和飞盘课，给分很好!
199282,10575,张靖宗,2024-09-20 10:48:46,4,4,0,好好好
202354,10575,张靖宗,2024-11-12 03:28:52,2,3,1,人帅又有活力，课程强度老幼咸宜，给分又好，九九新速速入手，等到热门几十进一就选不到了（doge
203282,10575,张靖宗,2024-11-19 01:57:09,3,3,0,长得帅脾气好好说话强度小
204528,10575,张靖宗,2024-11-26 12:08:31,3,3,0,没得说，帅！
205500,10575,张靖宗,2024-12-08 05:36:00,2,2,0,超级好的老师，又帅又温柔，体素课也运动量适中
205904,10575,张靖宗,2024-12-12 14:44:50,1,1,0,之前上过老师的普体（当时挂名傅建东），老师人很好，期末专项还会调分
206016,10575,张靖宗,2024-12-13 03:11:51,3,3,0,体素课：强度适中，正常签到\n\n非常关心同学，如果前一节有习题课来晚一点也没关系。
206177,10575,张靖宗,2024-12-13 07:11:40,0,0,0,大爱 给分好 虽然有些强度但可以接受
206704,10575,张靖宗,2024-12-17 07:04:31,1,1,0,很好的老师，提醒我们第九节习题课下课可以慢一点过来，注意安全。
208111,10575,张靖宗,2024-12-25 15:42:39,2,2,0,强度不大，老师很负责，会为学生考虑。
209080,10575,张靖宗,2025-01-04 11:36:41,1,1,0,老师很友好
209392,10575,张靖宗,2025-01-06 01:31:57,1,1,0,人非常nice，给分巨好，只不过下个学期似乎去其他地方教课了，也许选不上了，假如有张老师的课无脑选就完事了qwq
209586,10575,张靖宗,2025-01-06 10:00:20,2,2,0,类目了 这辈子最好的体育老师
209628,10575,张靖宗,2025-01-06 11:32:22,0,0,0,超好，94送我满绩，就是飞盘蛮靠天赋……时间不够学不会
210481,10575,张靖宗,2025-01-09 08:30:27,0,0,0,老师人极好，也有人情味。但飞盘确实不是所有人都能掌握的，传接盘还能捞，开远盘有三分之一的人（包括我）是真学不会。理论考试也缺乏有效资料，因此收获了体育课最低绩点。但是张老师值得十分。
212430,10575,张靖宗,2025-01-14 03:58:59,0,0,0,脾气很好，能捞就捞
213527,10575,张靖宗,2025-01-18 05:16:14,0,0,0,又高又帅的老师，脾气也超级好，超级有耐心，教的也很好，只不过我太菜了，飞盘开盘还是拼尽全力无法战胜，而且理论考试也稍微有点难度，好多没翻到，但是幸好12分钟跑成绩还不错，再加上老师狠狠捞，最后还是拿到了4.8。（真的好帅 感觉长在我审美点上了
214818,10575,张靖宗,2025-02-18 05:26:38,0,0,0,很温柔的老师🥰
215039,10575,张靖宗,2025-02-20 08:17:40,0,0,0,老师我想你了😭😭😭全运会加油啊😭😭😭
198831,10717,骆荣兴,2024-09-12 03:51:55,1,1,0,从中国计量大学外聘的老师，人挺不错，教学水平中规中矩吧
199011,10717,骆荣兴,2024-09-14 03:00:29,1,1,0,我足球成绩差是我的原因，不是您的原因
219428,10717,骆荣兴,2025-05-27 05:11:28,1,1,0,现在还没有出成绩，所以可以客观评论。老师很有意思，足球初级班很简单也没什么要学的内容，掌握好了一般有很多时间在自由球赛，喜欢足球的冲。另外，中国计量大学的表很快。
219745,10717,骆荣兴,2025-06-05 05:38:47,1,1,0,老师来了不久，但非常听劝，给老师看了其他班级的均绩他很愿意作出调整。love
219746,10717,骆荣兴,2025-06-12 14:46:24,1,1,0,计量的神！
197952,10718,韦逸,2024-08-21 12:47:20,5,10,5,很好呢
198056,10718,韦逸,2024-08-27 07:02:31,4,7,3,老师很细心，打分也很透明，上课难度不大
202709,10718,韦逸,2024-11-14 02:57:28,2,3,1,帅哥，有腹肌，爱了
206129,10718,韦逸,2024-12-17 18:26:17,1,2,1,非常好的老师，迟到也帮忙补签
206163,10718,韦逸,2024-12-13 06:50:01,1,2,1,很有耐心
206583,10718,韦逸,2024-12-16 07:48:55,1,2,1,非常好的老师
206651,10718,韦逸,2024-12-17 03:10:51,1,2,1,超好的老师！！！可以无脑冲的那种！！！！
209592,10718,韦逸,2025-01-06 10:15:18,0,0,0,老师人很好，给分也很好
209676,10718,韦逸,2025-01-06 13:36:21,0,0,0,非常好
209735,10718,韦逸,2025-01-07 01:58:13,0,0,0,很好的老师
210633,10718,韦逸,2025-01-09 13:30:00,1,1,0,给分超好，签到方式是课前自己去老师的手机上手动签到
210652,10718,韦逸,2025-01-09 14:40:53,0,0,0,超级好的老师
212504,10718,韦逸,2025-01-14 05:58:44,0,1,1,帅 迟到了一个学期没给我记缺勤 完美的帅哥老师
212664,10718,韦逸,2025-01-14 11:21:25,0,1,1,人好事少给分捞下课（相对）早，12min简直是放海（跪下）
214835,10718,韦逸,2025-02-18 06:41:32,1,1,0,很自由，给分也好，人也好说话
216092,10718,韦逸,2025-03-10 09:28:43,1,1,0,帅，细心，初级班可能有点水，给分还行
216473,10718,韦逸,2025-03-17 05:44:01,1,1,0,伟大无须多言
218164,10718,韦逸,2025-04-21 17:44:53,0,0,0,很温柔的老师
219028,10718,韦逸,2025-05-19 09:01:03,9,9,0,老师人超级好！我本不是他班上的学生，但是看到我考试了没学会游泳，哭的很伤心，我自己老师还没怎么教我，就想放弃了不耐烦了已经走了😭😭😭他就很耐心的安慰我，课后留下来陪我练，说话超温柔超耐心，会手把手教我，虽然只相处了短短一段时间，但是学得比我老师一学期教的都多都细致，他特别特别帅，大腹肌，呜呜呜感动死了！
219502,10718,韦逸,2025-05-29 02:42:33,1,1,0,伟大！
220524,10718,韦逸,2025-06-18 11:18:46,1,1,0,特别特别好的老师！特别有耐心！特别适合初学者，会一对一的跟你讲你的动作问题，然后告诉你要怎么改怎么提升，对于没有基础的同学也会特别耐心的教基础动作，给分也很好
220898,10718,韦逸,2025-06-20 09:40:06,1,1,0,超级好的男妈妈，上了俩学期，还是感觉选少了，都给我选他！！！！！！\n\n我体育属于特别差那种，但他上课完全不管你下不下水，测八百一千的时候给了班级n次补考机会，关怀也是满满的，老师前两年还是开班不久没人气，今年再来选的时候已经是要和三百个人抢了哈哈，祝大家都能让他脱衣服下水
221164,10718,韦逸,2025-06-21 15:34:45,0,0,0,上学期选的初级课，那会查老师没有评分，还很好选中，老师帅，教学耐心，看你动作不对会拉上岸一对一教你，甚至能记住很多同学（其实还是凭泳帽和眼镜hh，或者学得慢也会被记住然后特别关照你学没学会动作），初级班就挺水的，但是我水性为0，最后两周了才勉强能游完25米，考试的时候磕磕绊绊还差点就呛水了，就这样也给我4.8，应该是看到了我一路的进步，给分也是很神
200036,10719,翁磊,2024-10-11 13:03:58,6,7,1,教的挺好的，就是有时候会着急
200853,10719,翁磊,2024-10-23 11:23:02,6,8,2,真的教的很好，提出的建议很具有针对性。我是已经选了两次游泳初级班了，之前一次勉强游了25米（靠憋气），感觉很累，游得也很慢，但是老师提不出我要如何改。但是上了翁磊老师的课，我第一次体会到如鱼得水的感觉。就是脾气有点急，不过可以看出老师在努力抑制了。
203224,10719,翁磊,2024-11-18 06:59:17,8,8,0,老师人超好，游泳学得很快，有的时候会鼓励你，而且感谢翁老师测得十二分钟跑
203252,10719,翁磊,2024-11-18 12:11:10,7,7,0,赞美翁磊老师。12分钟跑用的是浙大体艺记录，不需要考虑跑一二道的问题，还会向上取整算距离。平时教课也很好，说得很清楚。
204646,10719,翁磊,2024-11-27 07:27:23,6,6,0,12分钟跑大捞特捞！人也很好！学游泳不选wl我真的会伤心
205194,10719,翁磊,2024-12-04 01:59:38,5,5,0,翁老师指导的很认真，虽然有时同学做的不好时态度有些急。十二分钟跑用浙大体艺记录，计分也很捞。
205569,10719,翁磊,2024-12-09 09:22:21,8,8,0,太喜欢翁磊老师啦🥰从怕水的游泳小白到学会蛙泳，期末老师给了98分！每次下课去问老师问题都会耐心解答，有进步还会给予鼓励。测仰卧起坐和12分钟也很宽松嘻嘻🥹
205782,10719,翁磊,2024-12-12 03:43:28,3,3,0,太爱wl老师了。会很关照那些不会游泳的小白，讲解很到位，然后基本上不会签退（签到了就可以找机会开溜）。引体向上很是轻松，12分钟跑向上取一百米，期末给分也很轻松，学游泳一定要选他啊
205902,10719,翁磊,2024-12-12 14:26:35,3,3,0,超好的老师，讲解很细致很负责，主要是12分特别捞
205981,10719,翁磊,2024-12-13 02:35:00,6,6,0,给分超级棒！！！wl简直我男神啊啊啊啊❤❤因为很久没游了所以去了初学者那一拨，老师超级超级耐心哇而且很会鼓励人！情绪价值给满！之前因为脚扭了+例假见习了两三周，老师单独给我开小灶赶进度嘿嘿😊基本只要认真学了给分都不会差！
206006,10719,翁磊,2024-12-13 02:58:34,10,11,1,没打十分的同学是怕翁老师分太高都来抢吧笑死，本来打算选别的老师的课结果点错了硬着头皮上的翁老师课，没想到人这么好！！！特别特别体谅同学，又专业又有耐心，而且给分 特 别 好 ！！！！！谁懂啊12分钟跑向上计，谁懂啊游得慢不是问题游标准就可以，谁懂啊给你巨高无比的技术分还会告诉你那么一两分扣在哪里！老师！不必解释你为什么扣分！我自己水平自己没数吗哈哈哈哈哈哈哈！大捞特捞啊老师！！！！！唯一的缺点是为什么我的数学不能是体育老师教啊！！！！！
206018,10719,翁磊,2024-12-13 03:14:13,2,2,0,真的是好老师
206269,10719,翁磊,2024-12-13 12:38:59,5,5,0,学院要求最后一轮才补选上的老师，本来就没抱什么期望+cls没查到分数最开始惴惴不安，结果完全是意外之喜！！翁老师人超级好，讲解很细，如果学不会他会明确告诉你问题在哪里需要怎么做，只有课前签到，生病生理期在池边见习即可，女生完全不需要担心因为生理期落下进度因为他会开小灶！每节课都会带上节课落下/没学会的同学继续练习（本人生理期+生病+12分钟跑三周没下水，直接去和老师说然后他特意给我在池边划了一小片单独教我，一节课从完全不会换气恐惧呛水到完美学会）仰卧起坐大放水，12分钟跑用的是zdty无脑向上取数（2.01km取到两千一这种）\n\n唯一可能会让老师生气的是怎么讲都听不懂做不对动作他就会着急kkk 不过几乎大家都能理解动作因为他示范的实在是太仔细了\n\n初级考试25m蛙泳不看时间只看动作，本人还没考试不过同学们已经考了的都不错，偷偷也许愿一个好成绩><
207029,10719,翁磊,2024-12-19 04:23:46,4,4,0,已经选了两学期翁老师的课了，不论初级中级都非常体谅学生，技术好人好，下学期接着选！！！
207031,10719,翁磊,2024-12-19 04:25:45,4,4,0,给分超好！只要能游完25米分绝对不低！
207083,10719,翁磊,2024-12-19 07:13:58,1,1,0,真的好好好好好 很温柔啊啊啊 我男神！！初级小白也学会了 继续选中级！！！助力翁老师提分！！
207245,10719,翁磊,2024-12-20 03:19:58,6,6,0,就冲你12分钟跑给这么夸张的向上取整我就知道你10分有了
207622,10719,翁磊,2024-12-23 10:06:55,2,2,0,翁磊老师真的很好很好，教的很仔细，我从不会游泳到最后泳姿基本能符合要求，就可以拿到很高的技术分了。平时问问题老师也都很耐心的解答。感谢翁磊老师！
208419,10719,翁磊,2024-12-27 12:12:44,4,4,0,特别喜欢翁磊老师！十二分钟跑是浙大体艺记还会向上取整，对我们这种旱鸭子也特别有耐心！期末考试游完会单独给每个同学指出问题还会告诉你分数，想重考也没有问题。其实认真学了拿90分完全没问题！非常好的老师！
209864,10719,翁磊,2025-01-07 09:11:42,2,2,0,男神！给分超级好，对不好的动作细心纠正，12分钟跑向上取整，真的很爱护学生
211012,10719,翁磊,2025-01-10 10:27:44,1,1,0,非常好的老师！帅哥一枚👍👍👍
211079,10719,翁磊,2025-01-10 14:07:21,3,3,0,非常好非常好的老师，上课教的认真，迟到也不太会记，12分用浙大体艺跑并且向上取整，引体向上也非常人性化，超级好的老师
211346,10719,翁磊,2025-01-11 08:24:11,3,3,0,满绩10分不解释。没有教学组检查的时候可以不下水，期末考也可以连考好多次，12分钟跑也会向上取整，还可以多跑10s 大爱 大家狠狠选
214116,10719,翁磊,2025-01-24 12:35:07,1,1,0,大爱翁老师！选的时候查老师上没有，还怪担心的，一学期结束发现选到宝藏了哈哈哈哈。老师人很好，教得很认真，十二分钟跑特别放水，给分巨好无比（再说下去感觉以后要选不上他了哈哈哈哈
214176,10719,翁磊,2025-01-27 01:57:36,1,1,0,别来选啊别来选别和俺们抢本来就抢不到啊啊啊啊啊啊
214214,10719,翁磊,2025-01-28 15:03:40,1,1,0,大捞特捞🤣
214261,10719,翁磊,2025-01-31 04:31:06,2,2,0,超棒的老师，学不会真的是我的问题
217255,10719,翁磊,2025-04-07 02:00:06,0,0,0,伟大无需多言
218978,10719,翁磊,2025-05-16 02:57:04,1,1,0,非常非常耐心负责，虽然还没有期末考试，但是我这个零基础的旱鸭子真的收获了很多。
219193,10719,翁磊,2025-05-23 02:29:47,2,2,0,老师很温柔，体测不严
220300,10719,翁磊,2025-06-17 07:55:16,0,0,0,很用心的老师，每节课都大喘哈哈哈，如果是初学自由泳可能需要大家课后也花些时间
216904,10747,傅园慧,2025-03-28 14:10:55,3,3,0,傅园慧老师居然没人评分吗
217273,10747,傅园慧,2025-04-07 09:52:13,2,2,0,无须多言 满分
217447,10747,傅园慧,2025-04-10 12:35:53,2,2,0,老师的体素超级好，教的体测技巧很有用嘿嘿
217581,10747,傅园慧,2025-04-14 01:21:34,1,2,1,真的好喜欢她
217669,10747,傅园慧,2025-04-15 02:57:07,2,2,0,无敌傅女神
217696,10747,傅园慧,2025-04-15 08:53:34,0,0,0,前排前排
217876,10747,傅园慧,2025-04-17 10:27:20,3,3,0,傅老师我爱你
217886,10747,傅园慧,2025-04-17 12:39:10,1,1,0,傅老师实在太好啦！
218101,10747,傅园慧,2025-04-21 05:11:40,5,5,0,嘻嘻，运气真好是她代课。
218500,10747,傅园慧,2025-04-24 04:59:15,24,25,1,十分无需多言\n\n首先傅老师会尽可能给同学以指导和帮助，为了同学考虑会让大家提前上水洗澡。测引体向上无论多不标准老师都算了，甚至还鼓励不能做的同学做。老师对小白也是非常鼓励，一直在夸进步，很不好意思。\n\n另外上周测引体，测完打开手机听闻亲大姨在ICU抢救，想要先走，恐难见最后一面，和老师说了，话没说完老师就让我赶紧快走，给我记的也是到。\n\n傅老师可以说是尽心尽力，毫无架子，对路上遇到的同学签名合照也算是来者不拒，也会尽力记住我们小白的情况甚至是名字。选到傅老师的课何其有幸，浙大有傅老师入职又何其有幸。
218733,10747,傅园慧,2025-04-29 18:06:56,2,2,0,老师特别好对学生很友善，教学负责
218942,10747,傅园慧,2025-05-14 05:30:18,1,1,0,人很好
218979,10747,傅园慧,2025-05-16 04:07:55,11,12,1,傅老师当我老公好吗…往水里加了什么…怎么热热的
219030,10747,傅园慧,2025-05-19 09:43:42,2,2,0,无敌好傅女神
219036,10747,傅园慧,2025-05-19 13:19:57,2,2,0,老婆老婆老婆老婆老婆老婆老婆 \n\n十分伟大无需多言 傅老师我喜欢你😙
219053,10747,傅园慧,2025-05-20 05:16:18,2,2,0,好老师，满分
219187,10747,傅园慧,2025-05-23 02:08:52,8,9,1,钉钉回粉丝消息超认真的傅老大！！to签也是要多少给多少🥰🥰🥰🥰
219204,10747,傅园慧,2025-05-23 03:23:34,2,2,0,超爱傅女神😚😚😚
219209,10747,傅园慧,2025-05-23 03:34:59,7,7,0,那我问你，为什么不是满分
219216,10747,傅园慧,2025-05-23 05:16:23,3,3,0,傅老大真的哭死我！！！！幽默风趣人美心善，真的太美啊啦啦啦，教学水平很高，期末专项也在鼓励我们，很关心学生！！！！还和我们合影了呜呜呜
219236,10747,傅园慧,2025-05-29 02:28:53,2,2,0,伟大无需多言。\n\n傅老师人真好！\n\n路上遇到都可以合照 搭话！
219268,10747,傅园慧,2025-05-23 14:42:04,2,2,0,特别用心的老师，第一次上课还专门鼓励我们没学过游泳的同学不要害怕，授课时也最关心我们的情况hhh
219358,10747,傅园慧,2025-05-25 15:46:44,3,3,0,伟大无需多言
219408,10747,傅园慧,2025-05-26 13:53:55,3,3,0,超级好超级好超会夸夸的傅老师
219437,10747,傅园慧,2025-05-27 08:29:46,7,7,0,选上就偷着乐吧，真是好老师，全方面的好
219534,10747,傅园慧,2025-05-29 09:47:01,2,2,0,女神😭😭😭
219596,10747,傅园慧,2025-05-31 01:14:14,2,2,0,为什么不是满分啊！！傅女神满足了我对大学老师的所有幻想
219659,10747,傅园慧,2025-06-03 12:03:39,3,3,0,傅老师是对的😇👍
220055,10747,傅园慧,2025-06-14 10:14:01,2,2,0,满昏无需多页
220229,10747,傅园慧,2025-06-16 13:36:38,5,5,0,好老师无需多言，必须满昏好吧。上课可以迟到一会补签也行，不过记得不要经常迟到（笨人就被老师记住了呜呜）教学水平相当好啊，直接教我们游泳游得快的姿势，而且会非常耐心地指导我们。为了傅老师我还特地每周挑了一段时间练习游泳，相信傅老师看到了我的长进嘻嘻。除此之外，傅老师不会让我们在水里呆太久（懂的都懂）虽然游泳课在早八，但是每次游泳出来的时候都非常兴奋，毫无倦意。傅老师真的满足了我对好老师的所有幻想啊啊啊！！！
220405,10747,傅园慧,2025-06-17 18:38:16,0,0,0,伟大！
221203,10747,傅园慧,2025-06-22 02:57:25,2,2,0,女神是我能在这个网站上看到的名字吗😭
220336,10751,金彩芳,2025-06-17 10:10:08,0,0,0,老师水平很高，真的很厉害，也很好说话，给分也挺好的，推荐！
220351,10751,金彩芳,2025-06-17 11:56:03,0,0,0,好老师。我知道我的表演水平怎么样，所以这个分还算满意啦。\n\n很温柔，超美丽，第一次在人类脸上能看到这么生动传神的表情表演，特别有魅力啊啊啊啊
