评论id,老师id,老师姓名,发表时间,点赞减去点踩数量,点赞量,点踩量,内容
137804,5343,石战结,2021-07-06 08:08:57,0,2,2,一般，期末占比高。
139263,5343,石战结,2021-07-14 01:57:26,1,1,0,挺和蔼的
144266,5343,石战结,2021-12-21 03:38:52,1,1,0,👍👍👍
154565,5343,石战结,2022-06-02 06:52:23,3,3,0,和蔼可亲，会和学生交流
193898,5343,石战结,2024-06-25 08:06:14,1,1,0,很善良！可爱的老师！\n\n人生第一次看见整个班绩点都这么高的课！地科院唯一真神！\n\n不选必后悔
194072,5343,石战结,2024-06-22 01:13:22,2,2,0,无须多言，神中神
194142,5343,石战结,2024-06-22 07:20:38,1,1,0,伟大，无需多言。\n\n没有正态分布，老慈善家了。
194215,5343,石战结,2024-06-22 14:04:10,1,1,0,好！非常儒雅的老师，而且给分也很棒，这个均绩真的高
194234,5343,石战结,2024-06-22 20:29:10,1,1,0,本身数字信号处理应该很难，但是老师考核真的放大水，感恩感恩！
220096,5343,石战结,2025-06-15 02:17:31,0,0,0,事少分高，考的不难，地课之光
220097,5343,石战结,2025-06-15 02:23:53,0,0,0,伟大的石老师，讲实话这门课难度是很大的，但是老师非常仁慈。地科院难得事少分高的好课
185511,5918,刁常宇,2024-01-01 07:08:33,10,11,1,人是好老师，今年的作业着实离谱。完全没有计算机基础的文科生去做编程，ai技术发展真的没有老师想象的那么发达，基本都在答非所问，并不能支撑完成零基础的人完成编程作业。。。（如果chatGPT+白痴的我能顺利做出成品来，那我今年寒假不如去投个小厂的程序员不做文博好了，，）
187884,5918,刁常宇,2024-01-17 16:33:58,4,5,1,老师能力确实一般，助教姐姐还是很不错的，可以学到真东西。
179233,6073,周辰,2023-08-31 12:41:27,0,0,0,很体贴学生
133544,6200,赵晶,2021-03-02 03:33:42,7,8,1,老师人很好。
145168,6200,赵晶,2021-12-28 03:25:10,6,8,2,老师人超好！古代史只有读书报告+闭卷考，会划重点题目也很简单，爱了爱了
183020,6200,赵晶,2023-11-21 14:07:52,3,3,0,老师人很好，师风师德满分
187882,6200,赵晶,2024-01-17 16:32:23,4,4,0,老师特别特别好！古代史课程会按照学校要求点名几次，频率不高。最重要的是考前划重点非常详细，考题只要认真复习就没有太大问题，甚至画的重点都能知道是论述题还是选择题，听老师说某某知识点一般重要，某某重点关注觉得老师好可爱啊哈哈哈哈！
188714,6200,赵晶,2024-01-19 16:08:12,14,14,0,选了老师的中国古代史作为跨专业，最后满绩了，会有点名，人来的多少老师还是能看出来的，一次期中作文（读书笔记）+最后的闭卷考试，考试内容会画重点，认真背就可以了
189988,6200,赵晶,2024-02-06 02:39:59,2,2,0,课讲得有意思，给分可以
208598,6200,赵晶,2024-12-30 01:02:46,2,2,0,非常可爱、谦逊、儒雅、负责的，人如其名的亮晶晶的老师。
213499,6200,赵晶,2025-01-18 02:21:43,5,5,0,事情贼少，给分贼高，讲课比较幽默风趣，会讲很多有趣的及时小故事。这学期，因为老师觉得 gpt 等等原因写读书报告没有什么意思，于是取消了，只有签到和期末考试。而且最后期末考试题目很简单且老师会花保姆级考试范围，背过了拿高分没有任何问题。本人是在专业学生，跨专业修读满了，老师真的不错！
213515,6200,赵晶,2025-01-18 03:35:06,3,3,0,简直是神
177770,6342,蒋璐,2023-07-04 17:48:21,5,6,1,老师挺好的，讲的还可以
185182,6342,蒋璐,2023-12-27 02:56:43,1,1,0,老师讲课非常的温柔和稳重，听的还是很享受的。（选的是考古中国）
185380,6342,蒋璐,2023-12-28 14:06:15,3,3,0,（考古中国）真的很喜欢蒋老师，体贴温柔，备课也是很用心。讲课时会把她实际考古中遇到的有趣的事讲给我们听，讲理论知识也是深入浅出，不会让人感觉很枯燥乏味，总之10分！
186800,6342,蒋璐,2024-01-13 06:03:54,3,4,1,（考古中国）老师说话很温和很舒服，娓娓道来，虽然几乎没有人听课，但老师也很理解。考古中国是真的水，就是不知给分如何（）
192866,6342,蒋璐,2024-05-31 05:57:51,1,1,0,（考古中国）老师很温柔，课程事情不多，准时签到即可，还可以参观博物馆和遗址，期末考核是开卷的
193208,6342,蒋璐,2024-06-04 12:19:07,1,1,0,（考古中国）因为自己很喜欢这方面知识，所以听蒋老师上课真的很享受。蒋老师和一起上课的刘斌老师还会邀请其他高校的考古学相关的专家学者来为我们做专题讲座，非常有趣！蒋老师人很温柔，讲课的声音很好听，真的是“春风化雨”。我上课的那个学期作业不多，没记错的话只有一次小组展示，期末是开卷考，基本是PPT内容，PPT也是老师整理好会发给学生的。没记错的话是每节课都有签到，但是因为我实在太喜欢这门课了，所以签到并不是我的负担。考古中国这门课是以科普介绍为主，负担不重，现在我有空还会回放智云温习一下哈哈哈。总之超爱蒋璐老师！
200894,6342,蒋璐,2024-10-24 06:29:33,1,1,0,蒋老师我永远的妈妈
204369,6342,蒋璐,2024-11-25 13:14:12,1,1,0,老师真的很温柔很认真啊，三节课一直站着讲，虽然底下没人听课
219713,6342,蒋璐,2025-06-04 14:20:49,1,1,0,不许任何人忤逆我的天使，这就是妈妈一样的老师啊……被她指导过就会知道有多幸福……
184346,6490,欧阳碧晴,2023-12-18 05:50:22,-1,4,5,美女老师，上课很有人文底蕴，老师温柔，强推
192116,6490,欧阳碧晴,2024-05-09 10:58:57,2,6,4,声音很温柔，本来是打算水课的，但是老师一讲真的会忍不住去听
194907,6490,欧阳碧晴,2024-06-26 02:00:30,-1,1,2,温柔，讲课循序渐进，好评！
199208,6490,欧阳碧晴,2024-09-19 06:18:28,3,4,1,讲课自己会莫名其妙地笑一下，话筒产生很大的呼声，听起来一顿一顿的
206252,6490,欧阳碧晴,2024-12-13 11:31:55,-12,1,13,翘了8次课，拿了5.0
207154,6490,欧阳碧晴,2024-12-19 12:33:50,0,0,0,美女老师，说话很温柔。\n\n课程本身算是水水的美育，一次艺博馆参观+300字感想，期末2000字左右论文\n\n不过今年助教姐姐点名花样有点多hh，数字、扫码、最后一节课直接随机一部分人当场点到\n\n体验还算不错！
208220,6490,欧阳碧晴,2024-12-26 08:04:25,1,2,1,历代绘画与女性。课是偏水的，期中一篇绘画作品简介，期末一篇女性作品相关的小论文。老师人很可爱，讲课内容也挺丰富。就是感觉台风没那么强，容易睡着。
213323,6490,欧阳碧晴,2025-01-17 03:18:22,2,3,1,历代绘画与女性 给分不好
213359,6490,欧阳碧晴,2025-01-17 04:52:53,4,5,1,历代绘画与女性，给分不太好。课水水的，期中期末两篇小论文，发言加分，但发言的机会并不是很多。
213430,6490,欧阳碧晴,2025-01-17 18:13:22,1,3,2,历代绘画与女性，给分好低，虽然我没觉得美育分都挺高的，但也没想过这么低？上课也比较无聊。。。本来对这个课题很感兴趣的。。。
213867,6490,欧阳碧晴,2025-01-20 14:47:59,-3,0,3,、、、
214177,6490,欧阳碧晴,2025-01-27 02:01:52,2,2,0,温柔姐姐一枚，作为文科课给分已经相当高了，只不过作为通识课还是会有同学觉得付出回报不成正比吧，私下探讨问题也会非常有耐心地回答，希望老师的课能越讲越好！
215228,6490,欧阳碧晴,2025-02-24 17:17:58,1,2,1,历代绘画与女性 老师很温柔很漂亮，给分也挺好的，平时事少，是数字签到
128249,6588,岳晓峰,2020-12-15 05:08:19,-2,1,3,莫名其妙的给分，好像有点不屑(理工科)
128767,6588,岳晓峰,2020-12-25 08:11:18,2,3,1,老师人还不错，由于是艺术考古学院的老师所以上课会科普一些古文字学 \n\n但是想选论文写作的人要注意：\n\n1）虽然这门课不正太，但是是五级制给分，优秀4.5良好3.5到及格1.5，因此你的绩点最高是4.5\n\n2）这门课多数来上的是大三以上同学，作业只有一次开题报告，因此大一如果还没上专业课写不过他们可能就只能吃3.5（像我……）\n\n因此请三思后行
128823,6588,岳晓峰,2020-12-25 15:05:33,1,1,0,老师人不错，理工科慎重。
138940,6588,岳晓峰,2021-07-12 01:46:00,1,1,0,纯粹的热爱，完全的尊重。\n\n（ps.之前五级制给分是因为老师不太了解给分机制，这次已经听取同学的意见改为百分制了）
141312,6588,岳晓峰,2021-09-29 09:37:53,0,1,1,能看到老师对于这门课的热爱，但是对于没什么基础的同学还是有一定难度
141689,6588,岳晓峰,2021-10-20 07:28:25,6,6,0,可以看到老师对学科的热爱
172769,6588,岳晓峰,2023-05-06 13:40:59,3,3,0,中国古文字学，岳老师是真的很热爱自己的专业！他的课认真听很有收获~干货很多，语调虽然平淡但是时不时就有一些冷笑话hhhhh而且老师也很耐心，钉钉私信基本秒回，不能再爱了！课程确实有些难度，毕竟古文字这个部分本身就比较有挑战。老师也很欢迎理工科的同学来选这门课的~
205781,6588,岳晓峰,2024-12-12 03:41:11,1,1,0,嘿嘿，给大家加个餐
209654,6588,岳晓峰,2025-01-06 12:15:53,2,2,0,非常喜欢老师的加餐
217295,6588,岳晓峰,2025-04-08 00:45:05,0,0,0,老师很好，但是小测算不算分呢，占比高嘛
122544,6709,薛龙春,2020-03-03 12:31:22,11,34,23,老师上课太有意思了，像在听讲座
135167,6709,薛龙春,2021-05-06 03:48:43,6,11,5,水课，想努力也没地放矢，直接被绩杀。本身还是挺有趣的。。。。。。
135169,6709,薛龙春,2021-05-05 11:13:21,11,16,5,给分太迷了，慎选
135170,6709,薛龙春,2021-05-05 10:36:56,12,18,6,对书法有兴趣的同学一定要选，老师很有水平，课也很有意思，考试助教会划重点，98上有资料，加上自己编就差不多了
135171,6709,薛龙春,2021-05-05 10:48:11,3,14,11,太离谱了，两次500字小作业，我每一个都花一整天时间反复修改，最后的复习课我看着回放把助教说的答案一个字一个字敲出来，连同网上的资料也全部背完，考试题目全部都背过而且答出来了，结果77？就这？？真是有够求是的呢🤗🤗
135172,6709,薛龙春,2021-05-05 10:48:31,15,27,12,呃老师上课有水平，但这个课不调分，考多少是多少和大英一样有点惨烈…
135173,6709,薛龙春,2021-05-05 10:52:33,5,11,6,老师讲课很有趣，是心目中的文科大学老师了。这门课不只是讲书法，讲到了里面深层次的文化。认真听结果不会差的。就是中间只下课一次，很容易听困
135174,6709,薛龙春,2021-05-05 10:53:03,10,13,3,看得出来这门课很求是
135175,6709,薛龙春,2021-05-05 10:53:12,5,19,14,老师上课真的很有意思\n\n说不调分的真的没必要\n\n调分本来就只是一个附加选项\n\n学习不能总是盯着分数吧
135176,6709,薛龙春,2021-05-05 10:53:42,5,10,5,有兴趣可选，最好不要水课。两篇500字小论文，期末考试会给十几道题目，根据这个复习，最好有自己的观点，有独立的思考。老师上课很有水平。
135177,6709,薛龙春,2021-05-05 10:56:13,2,9,7,。。。不调分绩杀这个，毕竟通识课也不必纠结了，但是上课有意思这个……不敢恭维
135178,6709,薛龙春,2021-05-05 11:09:02,25,30,5,薛老师很儒雅很博学，上课开拓视野。\n\n疑似助教给分差。🤡 🤡 🤡
135180,6709,薛龙春,2021-05-05 11:12:59,3,6,3,其实还好，不过喜欢书法的同学可以选哦，兴趣最重要
135182,6709,薛龙春,2021-05-05 11:15:53,4,9,5,老师儒雅随和，上课很有深度，也能学到很多新知识，但是选课的时候要看清是直播课还是现场。个人觉得直播课和现场上课的同学给分标准不能一样，不然不太公平。
135187,6709,薛龙春,2021-05-05 13:27:20,12,13,1,想要认真听课的话，不建议选直播课，不仅声音听不清，而且一节课断好多次网，很多知识点会漏掉，直播班的听课效果完全比不上现场班，直播听课让人对原本很好的课程印象大打折扣。\n\nps：老师是个好老师，但想拿高分的话不能水。
135190,6709,薛龙春,2021-05-05 14:05:00,-34,4,38,怎么说呢。。。\n\n课很水，我可以说是根本没听过，上课写作业或者睡觉。平时两次作业还是认真去看碑文，认真做掉的，并且查阅相关资料好好赏析。\n\n点名全到\n\n最后考试之前整理了PPT上的所有内容并且花了半天背下来，考试两个小时，能多写就多写，写到考试结束（论述题）\n\n最后4.2\n\n怎么说呢，考试确实都写出来了。我也有临摹作品交上去，作业没办法。我只能说，你给分的一般，那我给你分也一般，我也不骂你，但我也不会夸你
135193,6709,薛龙春,2021-05-05 14:15:39,-2,6,8,老师特别好！上课像听讲座，非常有水平。考试都给了范围，百分百出在范围里，好好复习就可以拿高。一次都没看过课程材料也拿到了很好的分数。老师人很绅士，而且很风趣。助教也非常好，很细心，很好沟通！
135194,6709,薛龙春,2021-05-05 15:07:46,3,7,4,给分很...
135195,6709,薛龙春,2021-05-05 16:42:15,4,6,2,非常棒
135201,6709,薛龙春,2021-05-06 01:50:54,3,9,6,快跑。
135203,6709,薛龙春,2021-05-06 02:15:04,3,9,6,我感觉这门课还可以吧，给分好像没有说的那么差，至少老师讲的很棒。唯一有点坑的是直播课是在教室里听直播，跨校区选手落泪
135220,6709,薛龙春,2021-05-06 06:45:48,0,2,2,老师上的很好，奈何我菜\n\n上课记得认真听，考试难\n\n突然想到可能有书法底子的同学，交一篇临摹作品有加分？
135360,6709,薛龙春,2021-05-08 11:29:00,15,23,8,首先考评方式，不知道该怎么样竞争，我是两次小作文用心写，期末考试也认真背了很久，最后3.0，有点心寒\n\n我其他通识最低4.2，我没有划水没有划水没有划水！！！我也不知道为什么最后卷面分只有60多，可能大题审题偏了?但是助教你不至于这么整我吧\n\n老师水平很高，但给分是真的很差，真的很后悔选了这门课，它配不上我的努力
135522,6709,薛龙春,2021-05-12 10:57:58,7,12,5,老师上课非常精彩，很有个人魅力，内容也很充实。有兴趣真的来听听，不过不要水课，最后考试的题目答疑课上都有列出，好好复习可以拿到不错的分数的~
136387,6709,薛龙春,2021-06-17 09:10:58,18,26,8,心目中的艺术史研究者风范。\n\n课程内容不仅是古今书法概论，更能略悉书法与中国古代社会间的文化联结与共生的发展脉络。\n\n作为一门通识，书法史的课程难度与涉面真的兼顾了有书法基础与无基础的同学。薛老师酣畅洋洒，有时连讲两三节课而不倦，真正传达着流行的、以及其个人的艺术见地！课后捧着他的咖啡，不论是课程内容疑问，篆刻、书法作品都耐心解答或帮助鉴赏。书作也仅仅是鼓励上交，薛老师希望看到大家的热情与才华，并助力提升。\n\n老师在第一节课时就明确让我们放松心态，不用担心考试。而考核也确实不难（助教学姐帮忙划了重点），却小小检验了一下大家的学习成效与艺术观。\n\n明确反对“水课”的评价，也不希望大家因绩点草率放言。（好好学吧 什么时候调分成为了必要项？）\n\n诚心推荐书法史。通识课程有时可能会被一些必要的考核、评价所梏，但课程不会框住老师的讲授和书法艺术(*´꒳`*)\n\n希望能给予大家一些参考价值。敬重薛老师，也永远热爱书法！
136437,6709,薛龙春,2021-06-18 02:35:14,-1,4,5,很有收获～内容很实。
139958,6709,薛龙春,2021-08-22 14:11:06,-1,4,5,很认真，有干货
144409,6709,薛龙春,2021-12-21 11:13:11,0,1,1,...
150836,6709,薛龙春,2022-02-19 09:12:14,1,3,2,授课供欣赏
151397,6709,薛龙春,2022-03-02 06:56:01,-4,6,10,这个课肯定调分的好吧，哪有课不调分，不调分怎么提交教务系统…教务系统明确规定不同分数有不同比例，助教最后一节复习课全部内容都在了，然后混了四分之一样子别的知识点，全背了怎么会分数不高… \n\n突然查到这个，看见有效人说不调分，分数低感觉很无语…
158253,6709,薛龙春,2022-06-28 00:32:55,3,8,5,课程内容没问题，整个考核烂透。助教甚至还会在学期初虚报点名次数，作为通识慎选
158254,6709,薛龙春,2022-06-28 00:37:48,5,7,2,给分真的差，如果你在意绩点，快逃
158255,6709,薛龙春,2022-06-28 00:47:51,0,4,4,薛老师非常专业 课讲的很好 而且我感觉是有调分的 期末考试背了但有几个没背到 最后还是满了 然后期中考试是小论文 我写了大概七八百字 也都是凭自己理解写的 所以感觉给分真的不错 薛老师也是特别谦逊随和的人 希望他身体健康 越来越好！
158341,6709,薛龙春,2022-06-28 12:59:19,1,2,1,给分真的很迷
158845,6709,薛龙春,2022-07-02 16:58:50,5,10,5,上课真的不错，而且认真听非常有收获，薛老师是非常儒雅的老师，助教也很负责。至于给分，我觉得绩点还不错，认真背多写考试不会差的（至于前面有人提到的虚报点名次数，我只能说大快人心，难道助教告诉你点名次数是指导你翘课的吗？自己选择翘课就要承担翘课的后果）
159073,6709,薛龙春,2022-07-05 14:35:18,0,7,7,怀疑评论区有水军。。。反正上课很无聊，就算不在乎绩点也别选这课折磨自己
159288,6709,薛龙春,2022-07-11 02:01:47,5,5,0,如果按评分标准，我期末只考了六十几？\n\n好歹也认真背了很久，我觉得不至于……\n\n不过大三了，也不会拉太多的绩点吧，唉
159289,6709,薛龙春,2022-07-11 02:00:49,0,1,1,如果按评分标准，我期末只考了六十几？\n\n好歹也认真背了很久，我觉得不至于……\n\n不过大三了，也不会拉太多的绩点吧，唉
163905,6709,薛龙春,2022-12-16 13:24:44,1,4,3,选了夏学期的课，每节课都认真听并且做了很厚的笔记。老师在课程中途会布置一篇形式分析，我本人是非常认真的完成的。最后一节课助教会划考试范围，说实话是有点多的，并且我们考试时字数较多的题目也考到了。最后考试的时候我大概用了一天半左右背诵，考试的时候大部分是能够答上来的。老师应该是有调分，最后满绩，能够分享给大家的大概就是不要缺课，认真做作业，并且把考试范围熟记于心。
174675,6709,薛龙春,2023-06-15 11:40:31,4,7,3,我到底是来上专业课的还是来上通识课的😅\n\n期末你闭卷考60%什么意思啊\n\n还名词解释加大题😅我就是个医学生专业课都没背完来背你这个？😅\n\n89年的时候在街上走的人怎么能理解89年还在学校背解剖的人😅
175021,6709,薛龙春,2023-06-21 06:12:35,0,2,2,傻逼期末考
176981,6709,薛龙春,2023-07-01 02:53:14,0,0,0,为了美育分选的。给分真的离谱，没见过么低的
191670,6709,薛龙春,2024-04-27 10:34:32,-1,0,1,这课太痛苦了，期末背背背，上课也挺无聊，反正就是非常痛苦的一门课，想要事情少的千万不要选中国书法史，不然会痛苦到想赤石
191886,6709,薛龙春,2024-05-03 13:41:20,0,1,1,老师讲得挺好，但是课程确实挺无聊，不感兴趣可以做自己的事情不听课但是还是得去因为会随机点名，然后期末的闭卷考背起来比较痛苦但基本上拿出一天背一下老师发的ppt就能顺利通关，我本学期缺了一次勤交的作业也比较水但是考前一天突击认真背了拿到了4.2
218755,6709,薛龙春,2025-05-01 13:10:38,1,1,0,感觉最后考试会有风险，60%占比太大了，而且可能出一些你没见过的东西，只能乱编。考前背了两天最后总分60多，看到成绩吓出一身冷汗，幸好没挂
218767,6709,薛龙春,2025-05-03 14:19:37,1,1,0,狗屎的助教和狗屎的给分。作为一个学过书法和书法史的人给狠狠恶心了
136131,6803,白谦慎,2021-06-11 06:27:32,14,24,10,院长yyds！和蔼可亲，是一个可爱的小老头头！
154103,6803,白谦慎,2022-05-23 08:17:19,3,6,3,院长人很好！学识渊博、幽默风趣
187946,6803,白谦慎,2024-01-18 01:13:23,-1,4,5,刚考完试，特地给你来差评😀
188252,6803,白谦慎,2024-01-18 13:31:37,0,5,5,事实上，中国艺术史还能说什么呢？有一个这么模糊的考试范围和一个这么机密的ppt，吗的，中国艺术史还能说什么呢？范围这么大，我的头也跟着大。护照这么蓝，他们会说是谁干的，但一切都是自然的真实的事实的。上课时很矜持，但考起来像个野兽
188898,6803,白谦慎,2024-01-20 13:25:23,3,4,1,外专业选的中国艺术史，虽然复习起来量有点大，但真的学到了很多东西，并且努力复习后也能拿到自己满意的成绩。老师上课也很和蔼，如果真的喜欢这方面的东西，这门课值得一上
209957,6803,白谦慎,2025-01-07 14:37:22,1,2,1,666
209958,6803,白谦慎,2025-01-07 14:38:12,0,2,2,期末考划重点，但是画的是非重点
212832,6803,白谦慎,2025-01-15 04:23:11,0,3,3,出分特来点踩
213519,6803,白谦慎,2025-01-18 04:22:56,4,5,1,学术顶流，上课境界很高，至于你考试不复习那是你自己的事，最后一节课划的重点基本都考到了，没划到的亲测也没大影响。纠结于一分两分而罔顾这门课本身的收获，根本就是对不起院长的课
219967,6803,白谦慎,2025-06-12 13:52:12,1,1,0,嗯大概就是一字一字敲出来大学写作论文被说是ai吧！大概是我水平不行吧！
155135,6933,王瑞雷,2022-06-08 15:14:54,5,6,1,老师很好哦
155838,6933,王瑞雷,2022-06-16 07:32:40,8,8,0,课好硬
155846,6933,王瑞雷,2022-06-16 09:30:05,6,6,0,丝绸之路与艺术，上课很硬核，讲的基本上都是佛教有关的东东，然后有讨论课，讨论课必须要发言才有分，我们讨论课是以小组展示为主，一个小组一个长学期大概要讲5次，有3000字课程论文，最后期末考闭卷考试，虽然期末考有提前给一部分题目，但是我们小组找的答案都有六七千字，根本背不完，还有的答案基本查不到。如果你对丝绸之路上的佛教的起源，发展等非常感兴趣，并且有一定基础，建议你选这门课，如果不符合以上的同学，我不做推荐
155849,6933,王瑞雷,2022-06-16 09:43:28,1,1,0,课程比较硬，考试比较难
155935,6933,王瑞雷,2022-06-16 15:25:46,1,1,0,满满的干货\n\n闭卷考试有点麻，其他都还好
156173,6933,王瑞雷,2022-06-18 04:40:57,3,5,2,老师还不错\n\n丝路的事情真的多\n\n考试非常认真地准备了结果只有75\n\n都是主观题 也没法说什么\n\n就是感觉阅卷人不一样很有可能最后成绩会差很多 这也没法避免\n\n最后4.2 这还是在平时分非常高的基础上 而且平时分应该是求是给的 不会调 \n\n作为一门通核真的有点拉绩点了\n\n非常不推荐尝试丝绸之路艺术，感觉着实有点事多给分不好\n\n也是大学以来第一次让我体会到有种付出与回报不成正比的感觉\n\n对课不对人 老师和助教还是很可爱的 可能就不是很捞吧
156367,6933,王瑞雷,2022-06-19 08:43:34,0,2,2,老师和助教都很好，事多，人文苦手慎选，论文展示考勤考试包圆了，展示有5次，组员靠谱的话比想象的轻松一点。考试闭卷但是题库全告诉我们（感恩），范围看着大其实课上全都有讲，自己网上搜反而不一定搜得到（以及讨论课的题目，但亲测完全没听没影响）。老师语速慢ppt文字少，个人应试就靠智云1.5倍速抓重点整理复习，人文类的东西故事性强比较好背，切记不用全死记一定要梳理条理抓重点！！我其实期末前完全没听课，讨论课发言三天打鱼两天晒网，一次突击点名缺勤，论文cv语言写的，但是最后居然有4.8，谢谢老师以及分享下应试方法。
156430,6933,王瑞雷,2022-06-19 15:12:12,2,2,0,给了8分 主要是老师的ppt太大了 下载不下来 扣一分 讨论课在周五 经常和一些活动讲座什么冲突 扣一分 其他的还好 考前背一背重点 不会太差的
156440,6933,王瑞雷,2022-06-19 16:12:06,4,4,0,助教姐姐好棒好棒！\n\n当然老师上课也很不错，课本身很戳我！
159229,6933,王瑞雷,2022-07-08 11:21:06,3,3,0,丝绸之路艺术\n\n一句话评论：想水绩点别来（对于文科素养不够的同学期末闭卷考就是纯纯坐牢，希望选课的时候能判断好考试时间，不要来不及准备考试导致最后被杀（2.7就是说，其实也好好背题了好好写论文了）比较难过吧。。）
193921,6933,王瑞雷,2024-06-21 00:09:48,-2,0,2,卡绩卡绩卡绩。。。
195769,6933,王瑞雷,2024-06-30 02:06:15,0,2,2,丝绸之路艺术，期末好好准备+讨论课多多发言，4.5/4.8很轻松的；u1s1助教姐姐真的好漂亮(≧∇≦)ﾉ
220047,6933,王瑞雷,2025-06-14 05:37:34,1,1,0,丝绸之路艺术的优点是美育加通核，缺点是三学分。老师讲的很用心但是上课基本没人听，讨论+论文+闭卷考试导致事多的同时扣分点也多，相比其他课付出回报比有点畸形。
177889,7933,缪哲,2023-07-05 09:24:17,0,12,12,神水平 干货满满 神讲课 清晰 神给分 好人
201575,7933,缪哲,2024-11-08 14:18:04,-3,0,3,高！实在是高！学术水平高，上课也风趣幽默
214503,7933,缪哲,2025-02-10 05:42:11,0,0,0,莫名其妙。请实事求是打分，打了高分又把学生贬低一通。没人稀罕你的高分好吧？
214525,7933,缪哲,2025-02-11 06:32:52,1,1,0,后悔选了这个老师的课，缺乏同理心。男老师终归是不如女老师的。
127200,7949,陈筱,2020-11-12 14:27:37,1,12,11,。。。
140936,7949,陈筱,2021-09-18 03:04:30,0,2,2,老师讲课很有意思 思想很深刻 \n\n短短几句话就能让人受益颇多
140937,7949,陈筱,2021-09-18 03:04:30,1,1,0,老师讲课很有意思 思想很深刻 \n\n短短几句话就能让人受益颇多
145036,7949,陈筱,2021-12-27 02:23:00,1,1,0,呵呵呵
149599,7949,陈筱,2022-01-16 06:56:33,0,0,0,平时思考题认真写，最后的课程论文认真写给分就会不错！
161003,7949,陈筱,2022-10-23 16:19:38,0,1,1,还行吧，事也不是很多，给分不错
172491,7949,陈筱,2023-04-28 00:43:28,6,8,2,PPT朗诵大师
179703,7949,陈筱,2023-09-19 11:33:35,1,1,0,很温柔很严谨的老师
200720,7949,陈筱,2024-10-21 09:37:34,0,3,3,五行缺德
205779,7949,陈筱,2024-12-12 03:38:48,7,7,0,城市考古对考核任务有点分配不清，但仍不失认真体贴，从期末论文的延交就可以看出。另外QGIS至少比某些专业课学的不知所谓的软件实用的多。下面五行缺德那位，也可以说是毫无口德，窥镜自视了。
214506,7949,陈筱,2025-02-10 07:23:24,0,0,0,很温柔的老师
137624,7973,安婷,2021-07-14 12:14:05,8,11,3,老师很可爱，很好。课堂上也会提一些很具有思考性的问题。
139585,7973,安婷,2021-07-17 15:14:16,9,13,4,好好写了论文，也好好完成小组作业，给分我真的，感觉很失落
184858,7973,安婷,2023-12-23 13:54:34,1,4,3,很赞同楼上那条，给分确实让我有点怀疑人生……是真的怀疑人生……
185463,7973,安婷,2023-12-29 16:01:48,-14,1,15,安婷老师非常好！！！课堂上讲的关于文化遗产批判的内容引人深思，老师人也很温柔，温柔中也很有自己的观点，对小组展示的评价真的很犀利（小组展示不算平时分）。我觉得期末的课程大作业认真完成，不敷衍不粗制滥造就能拿很高的分数了，论文也是考核的一环但是我觉得逻辑清晰就行，有自己的观点（合理的）当然更好
186220,7973,安婷,2024-01-09 14:42:30,5,5,0,嗯嗯楼上的，你是不是忘了这课还有文物学的部分了，完全是pre式讲课，讲着讲着还会尬笑……
192962,7973,安婷,2024-06-01 08:19:25,4,4,0,不怎么样、、每次都到课，认真完成作业也按时交了，但给分很烂
193469,7973,安婷,2024-06-11 07:27:02,13,14,1,说实话课程要求完全说不清，但是期末挑刺很会
208432,7973,安婷,2025-01-12 09:20:07,3,5,2,挺会挑刺~
219111,7973,安婷,2025-05-21 15:45:58,5,5,0,文物学概论尽讲些没用的，一天到晚念英语，拼写还有问题，避重就轻，一件文物都没讲过，好不容易讲陶瓷，水了四个星期的视频。
219113,7973,安婷,2025-05-21 15:55:08,3,4,1,文物学概论上的可以说是有点烂了，经常感觉阴阳怪气的，文物完全没有讲什么知识，陶瓷的内容还是放的视频还放了好多个学期，这几乎是唯一一个讲的文物类别了😅
219197,7973,安婷,2025-05-23 02:47:48,0,0,0,给分真差
222059,7973,安婷,2025-06-29 09:36:21,1,1,0,唉，唉，唉
129396,8086,陈晶鑫,2021-01-05 04:25:19,5,8,3,我太爱这个老师了，他真的好可爱
145045,8086,陈晶鑫,2021-12-27 03:48:12,6,7,1,【佛教考古】好老师，不解释
150931,8086,陈晶鑫,2022-02-21 06:47:13,0,2,2,老师讲的超级好，知识渊博，外专业收获很大。事少，就几次小作业，画画图找找资料，不用自己瞎编论文。给分高，本人外专业满了，真的很感动
153534,8086,陈晶鑫,2022-05-04 05:36:46,-23,4,27,所有默认并且鼓励恶竞的老师，都不是什么好老师。一路北大毕业至此，学术上也未见能传授给学生什么新知识。布置一些浪费时间的手工作业，仿佛来到小学素质教育课。班上同学更是无聊，以抗疫为主题创作陶罐，多么sb啊～
158899,8086,陈晶鑫,2022-07-03 05:07:49,0,0,0,【中国古代玉器】老师可爱，给分可以接受
170682,8086,陈晶鑫,2023-03-08 04:38:20,6,6,0,教学的话，个人认为老师讲的有条理、有重点，是“能听懂”不会云里雾里；然后老师的作业也不是写起来麻烦又没什么收获的论文，一般是知识性的问题（有点类似大学前的作业）和一些蛮有意思的手工，然后也会有课外的实践参观（但是这个时间可能会占用周末哈）\n\n个人魅力的话，感觉老师是个蛮有意思的人，不时会有一两句玩笑话，妇女节这天课上会带同学玩电子版刮刮乐，（奖品是加一分或者花或者巧克力或者玉）哈哈哈哈就很好玩呀
190300,8086,陈晶鑫,2024-02-27 12:35:25,0,0,0,【佛教考古】可爱又亲切的佛祖哇~
219718,8086,陈晶鑫,2025-06-04 14:42:14,0,0,0,泥院为数不多能讲真知识的老师，都快成劳模了，就是花活小多
127653,8181,张震,2020-11-25 11:39:18,8,10,2,没有0分的选项可惜了
127654,8181,张震,2020-11-25 11:39:24,3,7,4,就 离谱
127666,8181,张震,2020-11-25 14:19:56,18,24,6,给分真的恐怖
127667,8181,张震,2020-11-25 14:32:06,9,12,3,绩杀！太恐怖了。
127668,8181,张震,2020-11-25 14:37:15,11,15,4,来骗 来偷袭 我这个二十岁的年轻同志\n\n这好吗 这不好\n\n我劝 这位老师 耗子尾汁 好好反思
127683,8181,张震,2020-11-25 23:08:43,4,7,3,太离谱了，快跑，选了的快退
127702,8181,张震,2020-11-26 01:50:45,0,3,3,快跑！不要回头
127705,8181,张震,2020-11-26 02:08:05,3,7,4,吐了 一个只是为了凑学分随便选的通识课tm绩点最低1.8  这能忍？？？！rlgl 拉低均绩的必选烂课 赶紧打车跑吧 闭卷考试 复习重点（基本光大纲和问题 word文档5号字5大页 ppt5个 平时不上传 每个200多张 我tm复习吐了 画作鉴赏是你从未体验过的主观 老师觉得你对你就对觉得你错你就错
127715,8181,张震,2020-11-26 03:44:21,4,5,1,快跑，千万别选
127724,8181,张震,2020-11-26 06:05:49,-2,4,6,备课很认真，但给分实在是太低了，全班超过70%的人被绩杀。我还算考得好的工科生，每节课都听，每节课都拍ppt，之前复习了很久，自己写复习提纲自己找图自己背，然而绩点只有3.6，坑啊
127740,8181,张震,2020-11-26 09:01:44,3,5,2,这老师就离谱。一门通识课，平时作业展示贼多就不说了。作业展示考试一次没漏，最后成绩2.1。私聊老师，他居然还说我的成绩在工科学生里面（班级有一半多工科生）算是好的。这位老同志不讲武德。\n\n附:这门课讲课真的很无聊\n\n
127752,8181,张震,2020-11-26 10:27:50,-9,6,15,课程的给分着实很低，但不能否认老师是一个好老师，认真负责和蔼可亲，可能第一次开课没有经验。老师很好但不建议选这门课。
127777,8181,张震,2020-11-27 01:00:34,8,14,6,老师人还是很好的，就是第一次开课不太懂，只能希望以后的学弟学妹能有更好的待遇吧（不用喷我 我绩点1.5）
127799,8181,张震,2020-11-27 09:06:44,6,6,0,绩点个位数多少我就打几分，他值得1分
127800,8181,张震,2020-11-27 07:54:57,4,8,4,真是奇奇怪怪，一门通识课搞这么低干什么？通识课不就是用来拓展知识拿高绩点的吗？硬生生拉低均绩。。。
127802,8181,张震,2020-11-27 08:00:10,1,3,2,绩杀，真的离谱
127805,8181,张震,2020-11-27 08:13:42,-4,4,8,老师挺可爱
127862,8181,张震,2020-11-29 05:42:26,-24,6,30,老师真的好，绩点真的高，水的很开心，绩点很满意，大家都来，明年一起
136137,8181,张震,2021-06-11 07:39:52,-1,4,5,老师人真的很好，钉钉上有什么问题都会很快解答，应该是因为初来浙大所以真的不太明白绩点这个东西，经过第一次之后以后应该会好一点的
136535,8181,张震,2021-06-20 12:18:57,-4,2,6,脑残吧
137661,8181,张震,2021-07-05 13:42:37,-5,1,6,垃圾哦
143020,8181,张震,2021-11-18 08:41:25,4,6,2,话不多说，洗白了👍
143055,8181,张震,2021-11-18 12:56:28,-4,0,4,上课无聊，给分垃圾。要不是为了上门美育，🐶 都不上
143793,8181,张震,2021-12-06 14:24:57,3,4,1,老师人挺客气的，但上课就是读PPT。可以水，但论文和报告好好写，这门课助教决定了你的幸福程度~
162296,8181,张震,2022-11-19 12:03:25,5,6,1,今年上完感觉老师不像之前评论说的那么恐怖吧，没有考试，有一次小组呈现 作业是两篇读画报告，大概300字，然后一篇不超过3000字的读书笔记，任务不算特别重。讲课确实快，而且因为内容多，基本上都是浮光掠影。不过老师人确实还是不错的。
162297,8181,张震,2022-11-19 12:08:41,1,2,1,给分不错，布置的作业好好做，最后绩点4.2
162512,8181,张震,2022-11-24 02:02:30,5,5,0,老师上课的时候好像说过，2020年的时候刚从故宫博物院过来。他应该只是当时不太清楚绩点的原理，直到现在钉钉还用不太明白...老师上课有一点理想，有时会从鉴赏的眼光发表自己的看法（靠不靠谱咱就不知道了）。没有期末考试，一个小组展示，两个读画报告，一个读书报告，后者可以考试周之后交。作为通识当然可以水。如果坚持把自己选的用于写读书报告的那本书看下来可能会有一些收获。现在的给分不一定会让你觉得非常满意，但也不错了。
163472,8181,张震,2022-12-14 11:49:50,0,0,0,给分真的低\n\n上课很没意思\n\n千万别选🥶
163526,8181,张震,2022-12-15 01:45:10,0,3,3,一句话：绩杀，快跑\n\n老师很想把课讲好，人也很幽默风趣，但是讲的内容太多，不是有绘画功底的人可能上课云里雾里的。\n\n作业是2篇读画报告（建议是越冷门越好）和一篇读书报告（选书很重要，不过可能老师会更喜欢真正带有自己对于书和历史观的一种看法的文章，工科er有些难写），期末无考试（不过据说上一年是有的？）和一次小组展示（抢上台展示分才会高，纯念稿，基本只有老师在听hhhh）\n\n总结，水可以尽情得水，只要不在乎绩点，但是奢望上4基本不可能（）如果真的对绘画技法感兴趣并且觉得自己能跟得上的话，可以尝试，应该真的能够学到不少东西
164452,8181,张震,2022-12-21 04:54:15,3,8,5,不知道为什么评论区一片骂声？个人感觉这门课真的挺好的，我是完全水过去这个学期的，就是一个字也没有听过。最后绩点4.5。事情也贼少，一个小组报告（最好选做ppt或者最后汇报），两篇几百字的读画报告，一个读书报告，没有考试（好像之前都是有的，效果不理想然后删了）。再声明一下本人之前完全没有学过绘画，读画报告上面的名词是现查的。老师属于那种看上去就知道比较轴的老实人，从故宫过来有种不谙世事的天真感，蛮可爱的。\n\n。
164620,8181,张震,2022-12-22 08:56:30,0,1,1,还可以吧，没有考试，好好完成任务就好了
164672,8181,张震,2022-12-23 02:44:33,1,1,0,22年上的课，老师人真的蛮好的。事情不算很多，没有考试，各项任务好好完成最后成绩还不错。
166197,8181,张震,2023-01-11 11:39:28,1,1,0,给6分吧，老师人很好，但是有点急刹
171130,8181,张震,2023-03-16 10:54:31,6,7,1,给分其实没有那么差，我觉得这门课是上课可以水，但是作业不能水的课。\n\n老师上课其实介绍了蛮多东西的（如果真的想学东西的话一定坐前排，坐在后面看画体验感极差），但课程确实不算特别有趣。\n\n作业一定要认真做，两篇画作赏析，一篇读书报告（建议选书前查一下书本的厚度，不然真的吐血）\n\n画作赏析的话，我觉得重要的是用心去感受，也不一定要多么专业（我自己是上课听了一些基础的，然后查了一些资料，感觉早点开始写会比较好，因为每天看画都有不一样的感受）\n\n打分的话我问过老师 是助教评分，然后老师会再看一遍，所以如果不清楚评分标准的话可以问助教\n\n上一次课的助教是大美女来着，嘿嘿
182692,8181,张震,2023-11-19 14:26:14,1,1,0,有点急刹，伤心一下，但扪心自问，事的确少
182700,8181,张震,2023-11-19 15:23:57,1,1,0,给绩点很低嘞
182712,8181,张震,2023-11-20 00:26:28,0,1,1,事确实少，但给分也没有很好，emmmmm，不太好评
182719,8181,张震,2023-11-20 01:56:59,0,1,1,还行啊\n\n事少分高\n\n上4了捏
182731,8181,张震,2023-11-20 02:51:36,0,1,1,老师一学期就点了两次名吧好像，事少分高，作业好好写一下就行 最后91
182753,8181,张震,2023-11-20 05:06:44,0,1,1,对于我个人而言老师还挺好的，点名三次，两篇读画报告，一次小组作业，一篇读书报告。课没怎么认真听，但作业查了很多资料，最后绩点还看的过去
182803,8181,张震,2023-11-20 09:44:24,0,0,0,给分很不错
182804,8181,张震,2023-11-20 09:44:24,0,0,0,给分很不错
182805,8181,张震,2023-11-20 09:48:22,-5,1,6,事少分多，就是最后91分差一点92有点伤心
182889,8181,张震,2023-11-21 03:33:43,1,1,0,感觉还行（？）我上课都是水过去的，课后作业包括读画报告和读书报告都有认真写，最后总评还行
182955,8181,张震,2023-11-21 08:11:17,1,1,0,老师会点名，但是直接当自习课就好了。作业认真做，绩点4.5。
183306,8181,张震,2023-11-23 15:02:42,1,1,0,最后点了两次名，我有一次缺勤，但是两篇读画报告和一篇读书报告认真写，也4.5了。上课可以完全不听，大部分是历史，有一些绘画赏析
183732,8181,张震,2023-11-29 10:35:44,-13,4,17,谢谢老师 满绩了
202531,8181,张震,2024-11-13 03:42:47,3,4,1,事是真的少，上课当自习课就好了，期中一篇读画报告，期末一篇读书报告一篇读画报告，期间有一个小组展示，总体来说还是比较轻松的，最后拿了4.5
202596,8181,张震,2024-11-13 09:18:14,0,1,1,事情很少，点名是数字点名。两篇读画报告一次展示，一个读书报告。作业好好做给分还是不错的，没有之前描述的那么恐怖。
202661,8181,张震,2024-11-13 16:07:08,-1,0,1,上课挺有趣，但也可以完全不听，会数字点名，期间有一次小组展示，有两个读画报告（一个期中字少，一个期末字多一点），一个读书报告（期末），总体来说事少给分好，认真写了读书报告和读画报告，最后拿了4.5，挺满意的
204385,8181,张震,2024-11-25 14:33:14,0,0,0,事特少，读书报告和读画报告都是水的，给了4.2，满足了
205209,8181,张震,2024-12-03 02:13:12,0,0,0,分多事少点名少
211103,8181,张震,2025-01-10 15:51:10,0,0,0,数字点名，可以靠组员帮忙，事少分高
211614,8181,张震,2025-01-12 04:19:07,0,0,0,事少分高，上课可以当自习，老师一般会提前十几分钟下课，很舒服的课
142458,8230,陈晓皎,2021-11-11 22:22:39,7,11,4,好，实在是好，好极了👏👏👏
143292,8230,陈晓皎,2021-11-23 04:06:56,41,44,3,完全想一出是一出 超级令人无语的老师
143310,8230,陈晓皎,2021-11-23 07:35:32,23,26,3,上的狠好。不许再上了。
143557,8230,陈晓皎,2021-11-26 15:32:24,10,11,1,上课的快跑
143850,8230,陈晓皎,2021-12-09 01:43:16,12,14,2,陈老师上的这么好为啥不来计算机学院呢～
144079,8230,陈晓皎,2022-01-07 16:30:07,16,19,3,上课体验差（作业量大 事多 可能因为是新老师的缘故感觉略容易激动\n\n是不是教学重点错了 总感觉她的课和视传关系不大\n\n希望给分能不辜负我们的工作量
144671,8230,陈晓皎,2022-01-29 02:50:39,15,17,2,翻脸速度大于翻书速度，说老师温柔的姐妹真的是实力黑了哈哈哈哈哈哈哈哈哈哈
149176,8230,陈晓皎,2022-01-14 15:42:08,-4,6,10,老师温柔
150338,8230,陈晓皎,2022-01-22 22:25:52,-9,5,14,老师其实很负责的，数据可视化课程学到了很多东西
150379,8230,陈晓皎,2022-01-23 17:12:52,-13,4,17,老师是有一些出尔反尔，但可能是因为第一次开这门课，需要根据实际教学情况调整作业吧，但不管怎么样，还是学到很多东西，我个人觉得老师给分蛮不错，期末作业感觉自己做的蛮普通的也拿了4.8
150386,8230,陈晓皎,2022-01-24 01:59:20,-2,9,11,抛开给分说话，老师第一次开课确实存在一些缺陷的地方，作业布置不够清楚以及上课内容不够实在，但能感觉到老师还是比较负责的，一直在摸索什么样的难度适合我们去做，对自己的课程非常用心，希望这门课能越开越好～
150526,8230,陈晓皎,2022-01-29 02:41:48,19,23,4,陈老师，前提学术能力挺强，但是用学术蔑视别人就是你的不对了。第一，不会上课就先学习学习怎么给学生上课再开课，别把我们学生当敌人，本来这门课作业做的就不怎么样，我以为75就不错了，分数给的那么高90+，您是心虚怕我们举报你吗？实事求是一点给我们打分，我们也实事求是给你打分挺好的，都是实在人就做点实在事，课上那么敢讲现在分数给的这么虚高，不磊落。第二，论学没学到东西，学到一些吧，教学方式很成问题，特别是和学生交流的方式上，总觉着我们学生什么都应该知道都该懂，可我们不知道不懂，然后就摆出一种特别无语的眼神和表情（摊手）。第三，作为一名老师，您道不传、业不授、惑不解，全靠我们学生自己悟，不知道第一年来的老师，哪里这么大脾气。第四，我不知道大家有没有跟我一样的感觉，每次要上她的课，前一天都很莫名不舒服。。。
150821,8230,陈晓皎,2022-02-20 19:14:53,38,42,4,浙大怎么有这种老师？就这还自我感觉良好？天天压榨PUA 轮番炮轰，半夜十二点问活干完了吗要干死的节奏简直无语🙄人如其名陈小脚，先把你那谁都瞧不起的臭姿态放下再教学生吧，强烈要求浙大招老师的时候先审审再放进来
154311,8230,陈晓皎,2022-05-29 20:45:09,23,24,1,跟个仙人掌兽一样，浑身刺，不刺刺你她难受。又像个柿子精，谁硬谁软她门清～ps上课的手刀逃跑，骗你狗
162600,8230,陈晓皎,2022-11-27 19:12:50,8,9,1,哈哈哈哈哈哈仙人掌兽柿子精笑死我了哈哈哈哈哈哈哈哈，但是很精辟！
172988,8230,陈晓皎,2023-05-11 01:53:41,20,20,0,教了个啥呢？这是我一直费解的问题.....
182010,8230,陈晓皎,2023-11-08 03:41:05,21,22,1,哥们服了，根本不是这节课上课的老师，结果在最后一节课过来布置她自己期望的作业，然后说了一坨只是在吹自己硬加的一个课题，喜欢画大饼，6
182121,8230,陈晓皎,2023-11-10 08:59:26,25,25,0,？干嘛呢您
185217,8230,陈晓皎,2023-12-27 06:12:01,9,9,0,。。。
185342,8230,陈晓皎,2023-12-28 05:24:06,10,10,0,瞎指挥
185567,8230,陈晓皎,2024-01-02 07:50:07,6,8,2,年末顺利
185610,8230,陈晓皎,2024-01-03 01:08:46,19,19,0,自己迟到脾气还那么大
185611,8230,陈晓皎,2024-01-03 01:12:36,20,20,0,评分有待降低，，想一出是一出，
186980,8230,陈晓皎,2024-01-14 04:05:49,18,18,0,在陈老师眼里有不是工具人和麻烦的学生吗？在学会尊重别人之前别霍霍课堂了，劝老师别私下里评论学生隐私
189867,8230,陈晓皎,2024-01-31 13:10:26,26,26,0,神经病一个🫶
191205,8230,陈晓皎,2024-04-11 21:50:42,22,24,2,有严重的被害妄想症，觉着全世界都欠她的，只要她认为你是啥样你就是啥样，你没跑了，因为她的逻辑已经把你定性了，此为其一。严重的势利眼，唯聪明论，对聪明的学生褒奖有加，对不按她路子走的不如她意的，会在其他老师面前使劲诋毁你，是个名副其实的大喇叭，此为其二。陈老师请继续挺着你高贵的头颅压榨学生吧，相信在不久的将来你终将会被群起而攻之，自食其果。
193030,8230,陈晓皎,2024-06-02 17:46:53,16,16,0,陈小脚人如起名，心眼比马眼还小，拭目以待这样的好老师还能混几年，看你几时完
193244,8230,陈晓皎,2024-06-05 04:46:02,13,13,0,狗屎一坨。。。。自己请假损课了要在我们考试周补课，好像有被害妄想症
193248,8230,陈晓皎,2024-06-05 05:37:21,9,9,0,sb。。。。
193506,8230,陈晓皎,2024-06-12 03:26:40,6,6,0,dsb
196172,8230,陈晓皎,2024-07-02 03:32:52,2,2,0,很讨厌
197461,8230,陈晓皎,2024-07-16 02:58:08,9,10,1,很离谱。。。突然搞了个莫名其妙的短学期出来，战线拉满整个暑假，打乱原先计划。。。这种老师还要留在zju？
199761,8230,陈晓皎,2024-09-29 06:24:27,5,5,0,你以为你以为就是你以为吗？
201924,8230,陈晓皎,2024-11-07 11:59:01,5,5,0,老师阴阳怪气，做事情不客观，容易带有色眼镜看人，喜欢在学生中间创造鹅颈，避雷，避雷。 抛开课程不谈。
203342,8230,陈晓皎,2024-11-19 08:39:47,7,7,0,出尔反尔，毫无诚信可言，只会为了自己的利益折腾学生，美其名曰为学生着想，标准的npd
203822,8230,陈晓皎,2024-11-21 08:52:30,8,8,0,造孽，我不懂这种人为什么会是老师。
204093,8230,陈晓皎,2024-11-24 05:31:17,15,15,0,作为艺古学院的老师又看不起文科，贬低学院其他老师散漫，学术修养不如自己。作为设计专业的老师看不起传统设计，审美能力不行，也没啥艺术修养，不懂为什么是艺古的老师。不对，应该说我不懂她为什么是老师，不传不授不解惑，只会阴阳学生，只把自己的时间当时间，自己的安排是安排，自己说的话是圣旨，不把学生当人看，野心太重格局太小，毫无师德可言。
208527,8230,陈晓皎,2024-12-29 02:28:15,7,7,0,把我们都弄不开心她就开心了
210640,8230,陈晓皎,2025-01-09 14:09:42,-8,2,10,老师人挺好的，很关心学生。就是平时太忙了
215580,8230,陈晓皎,2025-03-01 13:58:23,8,8,0,绩点低找自己问题好吗？找自己问题你学养差也找自己问题好不好，查老师1.3也找自己问题好不好，不去计院也找自己问题好不好，为什么就给你打低分呢，为什么就你风评被害呢，全部找自己问题好不好。被半夜发消息烦到死，上课什么也不教，被运营到死，被控到死，然后祂轻飘飘来一句，全都找自己问题好不好，哎呦，痛，太痛了。你这么认这个查老师评分系统干什么啊，它会把人的付出给异化掉的，懂吗？知不知道什么叫异化，跟具体化？你能这么说你能这么讲吗，我给你打个比方啊。学期末一结算，哎呀，我陈晓娇得了mvp！我兢兢业业一个学期学生都在下面当混子，学生都是躺赢狗，你们这帮人全是躺赢狗，你们本学期的GPA是3.0，我帮你们进步进的很多，对吧？13.0 carry局。你告诉我能这样算吗？对吧，你告诉我学生是不是躺赢狗啊。真的是，你那么在意这个评分干嘛呢，啊？那不是具体看你做了什么吗？天天在这里积累积累积累，你发光发热就好了啊，给人打标签绩杀，唉给评分不就是给人羞辱你的机会。
218904,8230,陈晓皎,2025-05-12 12:47:39,1,1,0,cs一个
219561,8230,陈晓皎,2025-05-29 18:56:31,5,5,0,对组里研究生的指导完全副作用，千万别去
143960,9033,何华帆,2021-12-14 10:31:28,8,11,3,英文授课存在一定理解偏差。。
150285,9033,何华帆,2022-01-21 11:44:09,9,10,1,老师真的很认真很用心，课堂氛围也很开放
150319,9033,何华帆,2022-01-22 10:13:52,9,9,0,虽然是英文授课，但吐字清晰，语速适宜，还是很友好的。课堂氛围很自由，鼓励交流沟通，老师的专业水平也很强
150331,9033,何华帆,2022-01-22 15:10:03,8,8,0,老师专业水平扎实极了，很认真细致，最后的作品集作业他希望我们能够将来申研的时候能够用上所以非常重视。空间构成课很肝，但能收获许多东西！
150570,9033,何华帆,2022-01-30 10:20:59,8,8,0,耶鲁大学毕业的老师，水平很高
150685,9033,何华帆,2022-02-12 09:46:43,7,7,0,华帆哥哥非常非常nice的老师作业有亿点点多但真的很好！！！
150800,9033,何华帆,2022-02-18 20:00:55,8,8,0,空间构成很肝，但是课本身非常棒，不知道为它熬了多少个夜\n\n老师人很好很负责，最后还会为每个人提交的作品集写评价\n\n作为英语废物上课稍微有点听不懂\n\n给分还行吧，可能是我菜呜呜呜
151270,9033,何华帆,2022-02-27 07:25:03,3,3,0,老师很nice，课堂氛围很开放。
151585,9033,何华帆,2022-03-08 11:15:35,7,7,0,英文授课，肝但有趣，（肝指我结课作业那晚没睡），但是老师很会夸，发现你作品的闪光点，cube 欢迎您！
152274,9033,何华帆,2022-04-01 07:02:34,17,17,0,Actually，Gary is the first initiate teacher when i come to the scope of architecture and its relates，in love with what i m interested.Many many thanks.
163852,9033,何华帆,2022-12-16 08:48:34,9,9,0,hfgg人真的很好呜呜呜很会夸虽然我经常听不懂（）空间构成真的很需要动手动脑能力，但是是浙大为数不多有点专业课的内味的课
170256,9033,何华帆,2023-03-02 09:15:48,2,3,1,Gary人真的超好🥰每次作业也会给出有效的建议，善于发现作品的闪光点😘最后拿了5.0，不辜负我熬的几个大夜😚
173154,9033,何华帆,2023-05-14 13:24:26,2,2,0,英文授课，但老师真的很nice，其实也没有那么难听懂的！给分超级棒
174094,9033,何华帆,2023-06-06 07:34:52,3,3,0,西方建筑审美课，很好的美育课，就一篇论文，事情少最后给分也不错，上课的内容也很精彩。何老师很准的美式英语很适合备考托福同学练习听力（笑，听懂了基本上2829没问题。
191765,9033,何华帆,2024-04-30 02:11:45,4,4,0,现当代西方建筑审美，老师事少人帅！英语授课但是不会很难懂，而且老师不会提问哈哈，只有一篇结课论文！
191996,9033,何华帆,2024-05-07 04:22:26,3,4,1,一个很年轻的老师，课堂内容有趣，而且事少分多
193283,9033,何华帆,2024-06-05 15:13:03,4,5,1,西方建筑审美，事少分高，老师讲的也好6v6
199063,9033,何华帆,2024-09-14 15:54:44,8,8,0,空间构成课有点肝，但老师和助教真的好，课余时间经常辅导同学并提供一些改进思路，认真负责，给分也不错，满昏！
184645,9304,Huafan He,2023-12-22 05:03:56,4,4,0,特别特别好一老师
184963,9304,Huafan He,2023-12-24 16:41:47,1,2,1,现当代西方建筑审美 给分不错 老师也很有水平
186090,9304,Huafan He,2024-01-08 08:59:24,0,2,2,现当代西方建筑审美，有uu说下点名吗事情多吗
191995,9304,Huafan He,2024-05-07 04:21:13,2,2,0,特别特别好的老师，课堂内容有趣，而且事少分多，有特殊情况直接和老师讲就好了，不会故意卡你555感动
192050,9304,Huafan He,2024-05-08 07:40:11,2,2,0,老师人很好，每节课也是数字点名，我前几节课每次都来每次都TM忘记签到。给老师反映后两个小时内就帮我补签好了；最后给的绩点也很不错（就是第一次写英语论文有点不适应）。直接满分送上。
220766,9304,Huafan He,2025-06-19 14:50:44,1,1,0,作业多的要s，赔我寿命
220767,9304,Huafan He,2025-06-19 14:53:47,1,1,0,空间构成作业多成这样对吗。绩点也没有特别高啊。
168253,9306,贾维维,2023-02-06 15:02:52,1,2,1,二二年夏学期选了王瑞雷老师的“汉藏与多民族艺术交流”，每周两次，特意从紫金港跑到西溪去上课，结果发现是由贾老师代上，但是内容也非常充实，老师是谢继胜老师的弟子，经常在藏区和甘肃从事考古（老师的先生还是藏族人哦），上课的课件非常充实，对报告和论文的相关要求也不会非常严格。而且给分超级好\n\n当时我刚好确诊抑郁症，那个短学期过得非常黑暗，每周两次来西溪上课大约是当时不多的让我感到喜欢某个学科话题的时候了…
167160,9307,沈丹,2023-01-16 10:58:30,15,17,2,出分了，沈丹老师我的神，给分太好了，上课也很认真温柔
167458,9307,沈丹,2023-01-16 11:47:59,11,15,4,沈老师美丽温柔，感觉得出来备课很认真，最后给分也很好~强烈推荐！
179379,9307,沈丹,2023-09-14 01:51:37,23,23,0,丹姐人美心善，温柔体贴，给分友善，工作认真，强推强推！！！
179380,9307,沈丹,2023-09-14 01:52:56,12,12,0,沈丹老师真的人超好 超温柔！！就像知心大姐姐一样，对人特别真诚！是一个超可爱的人！
179415,9307,沈丹,2023-09-15 02:07:54,9,9,0,为丹姐扛大旗！！！人美心善给分好，温柔可爱还幽默，这样的老师我超爱😭
179419,9307,沈丹,2023-09-15 04:04:43,9,9,0,沈丹老师人真的超级好，对学生温柔有爱，总之呢，只有跟她相处过才懂得老师的魅力！
179496,9307,沈丹,2023-09-17 14:09:29,10,11,1,真心关心同学！！！给分很好！！！
179499,9307,沈丹,2023-09-17 15:29:12,8,8,0,沈丹老师超级善良超级爱学生！！宁可自己受累也不让我们受委屈我真的哭死！！同志们10分顶上！
179529,9307,沈丹,2023-09-18 03:11:29,9,9,0,军训时候的指导员，人真的超好超温柔，给我们休息，给我们吃西瓜，还从不骂人！
179531,9307,沈丹,2023-09-18 03:50:10,7,7,0,沈老师真的人美心善，关心同学，处处为我们考虑！选她!给分也超好！！！
179616,9307,沈丹,2023-09-19 01:14:41,6,7,1,沈老師真的超級好！軍訓的時候很關心我們！即使我們沒有得獎也會給我們買西瓜吃😭！真的很感動😭
179669,9307,沈丹,2023-09-19 06:55:14,6,6,0,不多说，巨好无比
180351,9307,沈丹,2023-09-21 07:46:45,4,4,0,老师人很好
180360,9307,沈丹,2023-09-21 08:17:03,4,4,0,沈老师很关心学生！！！我的女神！！！
180561,9307,沈丹,2023-09-23 01:39:27,4,4,0,我军训的指导员 人特别特别好
180841,9307,沈丹,2023-09-27 06:13:15,4,4,0,人美心善
180842,9307,沈丹,2023-09-27 06:14:48,4,4,0,沈丹老师真的特别特别特别特别好，属于那种会真心关心学生的老师，她真的我哭死
181227,9307,沈丹,2023-10-12 03:18:13,3,3,0,人超好
181366,9307,沈丹,2023-10-16 04:02:01,3,3,0,上课很有意思
189321,9307,沈丹,2024-01-23 08:08:27,4,4,0,人美心善，附议！
204159,9307,沈丹,2024-11-25 00:16:50,-1,2,3,史，就读读ppt，该睡睡
204313,9307,沈丹,2024-11-25 07:54:14,0,0,0,挺好的，可以选
207879,9307,沈丹,2024-12-25 00:05:06,1,1,0,老师人很好，每次上课准备很充分，读ppt部分比较无聊但是每节课都有一些有意思的课堂小问题和讨论，还会讲一些自己的小故事。\n\n参加的志愿活动时间还没算上但是ddl到了，老师也同意让我先交感想，回信息也挺及时的，不错。\n\n不过道法这课确实提不起兴趣就对了哈哈，绝对不是老师的问题
212310,9307,沈丹,2025-01-14 01:17:56,1,1,0,事多给分差……
212408,9307,沈丹,2025-01-14 03:15:31,2,2,0,老师人是非常好的，对待学生很耐心，思修课本身问题就不说了，就是感觉给分挺迷的
214895,9307,沈丹,2025-02-19 03:08:43,0,0,0,给分有点迷\n\n上课发言基本拉满绩点还在平均分下，别的任务也按时按质完成，不知道怎么给分的
219544,10207,唐谈,2025-05-29 12:36:01,2,2,0,666
219613,10207,唐谈,2025-06-01 07:13:04,8,8,0,人工智能C就是一门屎课
219827,10207,唐谈,2025-06-08 05:55:28,1,2,1,智能设计与软件纯纯一坨，p都没教，推荐的AI也是一坨，最后的大作业更是奇思妙想，纯粹一坨。
219874,10207,唐谈,2025-06-09 12:27:51,0,2,2,老师非常鼓励我们进行自主的创新和学习，最后的大作业虽然辛苦，但是满满的成就感，而且还有老师提供的奖金，老师太好了吧！
219895,10207,唐谈,2025-06-10 10:22:17,1,1,0,智能设计与软件，教的很宏观，感觉没学到啥，最后都是纯纯被艰巨的大作业逼着自学成材了。anyway，唐总还是挺好的，自掏腰包给我们奖金，我哭死。
206137,10241,林留根,2024-12-13 06:06:37,3,4,1,对学生从来只有赞美、表扬和鼓励
204833,10277,毛若寒,2024-11-28 05:37:02,15,20,5,毛老师，嫡嫡道道的浙大人
215173,10277,毛若寒,2025-02-23 13:47:47,2,2,0,666
217268,10277,毛若寒,2025-04-07 08:25:47,5,5,0,我们是学生，不是你免费的数据女工。。。。
217316,10277,毛若寒,2025-04-08 10:37:38,3,3,0,今天下午1点上了阿毛的课，真的食之无味弃之可惜，又怕他不给我学分，又要忍着瞌睡
217415,10277,毛若寒,2025-04-10 03:28:08,4,4,0,非文博专业请避雷，文博专业绕不开他就认命吧……2学分短学期的《博物馆收藏》硬是能让他上成四五个学分的感觉。两次随堂闭卷考试，第一次不划考试范围，第二次硬是考脱离考试范围的题目。小组作业从来不明确要求，感觉是他用AI写的，说的全部都是大空话，大家一头雾水，询问之后自己都搞不明白要干什么。老师本人非常随性，随意打断同学的汇报，想一套干一套，表面上说不会给太大压力，实际上考核方式和课程的基本要求完全脱离，不管学生的死活……
217436,10277,毛若寒,2025-04-10 10:49:34,2,2,0,自己点评第一组的汇报用了15分钟，导致其他小组不够时间，就随意打断学生要求跳过汇报内容用来追赶时间，但明明就没超时。。。真的是好样的
217764,10277,毛若寒,2025-04-16 06:46:47,0,0,0,年纪轻轻就当上鸡汤成功学讲师了
219185,10277,毛若寒,2025-06-08 06:55:57,0,0,0,不多说了，上过课的懂得都懂
219539,10277,毛若寒,2025-05-29 10:58:31,0,0,0,慎选，快跑！
219562,10277,毛若寒,2025-05-30 00:16:46,1,1,0,人工智能课也是极其抽象啊。。
219819,10277,毛若寒,2025-06-07 12:11:51,0,0,0,展策这个ai日志太恶心了，忍不住再打个差评，求反思，求实效
217520,10299,赵丰,2025-04-12 07:11:29,2,2,0,助教小哥哥人很好~ 老师很帅气，很有气质。课程事少，较为轻松~ 推荐选择赵老师的《博物馆里的丝绸之路》
218462,10299,赵丰,2025-04-24 00:38:08,0,0,0,赵老师很和蔼很有学者气质🤗给分不错，就是小组作业占比挺大的，找到一个好组会比较有优势
