评论id,老师id,老师姓名,发表时间,点赞减去点踩数量,点赞量,点踩量,内容
192188,57,倪旭翔,2024-05-11 06:14:20,1,1,0,5分。话太多，有效信息少，一句话里全都是口头禅，真就是一直讲，无任何重点可言。在无用且无意义的信息里夹杂着上课的知识，听得昏昏欲睡，极易走思。
196729,57,倪旭翔,2024-07-05 02:24:02,3,3,0,助教是个垃圾
379,245,王晓萍,2015-03-15 01:41:47,20,26,6,ppt小天后～好吧。。一直感觉其实她是不会c语言的。。
5924,245,王晓萍,2015-07-10 02:43:31,15,16,1,说话超快，单片机无编程基础的话是坑别选
6737,245,王晓萍,2015-07-20 07:45:16,33,38,5,典型的把3学分上成30学分，把光电系变成微机系的老师
11745,245,王晓萍,2015-12-14 01:26:15,18,19,1,挺坑的，事超多，讲课太快。可怜微机是必修。
22213,245,王晓萍,2016-03-03 03:05:43,-11,21,32,我认为跟着王老师是可以学到很多东西的，尤其是真正想学习单片机的同学可以试着听一听，但是关键是你自己要努力，自己不努力却埋怨老师讲得快讲的多，只能证明你是个废物!
22797,245,王晓萍,2016-03-11 15:35:00,-8,10,18,单片机上课 全干货，想学的来
68587,245,王晓萍,2018-01-23 11:50:58,-17,9,26,王老师上课很认真，她自己的PPT和她自己出的书结合起来上课效果很好，虽然课程事情比较多，但是基本上都是有用的
139763,245,王晓萍,2022-03-14 02:58:02,43,51,8,那个说19级评论区疯了的，差不多得了😅
142386,245,王晓萍,2021-11-11 02:45:56,24,24,0,上课纯念ppt
143650,245,王晓萍,2021-11-30 03:26:03,21,21,0,“C语言大家掌握地都很牢固，所以C51我就不讲了”。\n\n然而事实上课程大作业几乎都需要用到C51来完成，后期时间太紧张又要花大量时间自学C51，真的太难顶了。
145091,245,王晓萍,2022-03-11 16:35:18,-16,24,40,19级的评论区疯了吗？偶然看到老师们的评分，慢慢一个老师一个老师看过来，我觉得这是场有预谋的控评，自己垃圾就别在那喷老师，学弟学妹们看看评论的时间，我觉得是某个寝室或者某几个人，在所有海院老师评论下破口大骂，王老师讲的干货很多，不要被评论里的戾气骗了，好好学，能有很大收获
145141,245,王晓萍,2022-01-09 02:51:52,23,25,2,上课和sb实验 mooc我就不说了，期末考整tm这么多题就算了，你tm期末两小时一直在我面前转来转去干嘛，还一直tm好心提醒我呢，赶紧做后面的，抓紧时间，我tm是不知道吗？？结果做到最后面的设计题，你跟我说延迟十分钟我笑了？我考了tm这么多年试头一次能延时的可真行。\n\n还有最后什么给课程提点建议，我原本想开骂的，妈的你站我旁边看我写什么意思哦，我真无语了，qnmd。\n\n给后来人的建议吧:别听她说C51不怎么用，考试有36分用C51写的你说呢，用汇编写更不够时间 笑死。当然汇编这门社会都淘汰的语言还是要学，毕竟有20多分读程序题目。七八章必看，零零散散加起来也有20多分。\n\n最后关于大作业实验设计真的要去去b站搜51单片机自学，讲了一学期汇编，结果tm每个组的大作业都用c51写，你看不看，无语操。qtm sb玩儿意。\n\nps:这里的妈是虚构的妈，对她家人没有任何意见。
148531,245,王晓萍,2022-01-12 23:54:20,25,28,3,1分的原因是没有0分的选项；\n\n王晓萍基本上可以说是个报复社会的（S）B，一天天除了吹牛不不讲啥实在内容，12年被评上“国家精品课”之后就成精了，三句话不离这破事。\n\n海院的学生真的可怜，学着所谓的21世纪学科，就业平均薪资比不上开挖掘机也就算了，还要在这种毫无意义的课（微机原理与接口技术）上面浪费时间，接受这种蠢币老师的压迫。\n\n上来就直接说我们对C语言已经很熟悉了所以不讲C51了，你他妈不识字是不是，老子压根学都没学过这玩意儿，你他妈动动嘴皮子我就牛逼了是吧?那你他妈还当啥老师，直接去开辅导班啊，布置个完全不会的作业给学生，学生就牛逼了，你他妈肯定可以一本万利。\n\n日常：“这个C51我觉得太简单了，大家自学就行，这个代码我觉得很简单，大家课下自己搞搞清楚。”最可笑的是，自己编的教材错七错八，代码一塌糊涂，老子辛辛苦苦敲上去，结果尼玛根本跑不了。问她，她他妈说什么是很久以前写的，真她妈大言不惭。\n\n然而最垃圾的当属期末，她他妈上课只讲汇编，结果期末大作业全部都要用C51，考试还出了36分的题需要C51来写你敢信？最后一周用不到两节课时间呼呼上完第七章，结果期末还考了一道10分的大题，还他妈让我们写整段代码，这是人能干出来的事你敢信？说是教学大事故都不为过吧？？😅 \n\n看到这个评论的兄弟，如果你还是大一大二，赶紧转专业吧。动科、农学，哪个专业水转哪个。4年紫金港不香吗？要来这么个鸟不拉屎的小岛？腾出时间考研跑路不好吗？要在这么个毫无前途又令人秃头的学院上面耗？如果你大三了，考研准备起来，别在意这种傻逼课的绩点了，纯是坑人的。（以上建议对想要多赚点钱韭菜有效，后浪们就随意吧）
150228,245,王晓萍,2022-01-20 15:58:14,19,20,1,傻逼老师，别留在海院祸害学生了😅
150241,245,王晓萍,2022-01-21 00:59:31,16,17,1,自己不知道自己设计的培养方案是什么B样吗？活该被扇巴掌。就冲这烂成一坨狗屎的培养方案，早晚啊，还会有人大闹教管部
150308,245,王晓萍,2022-01-22 07:30:58,17,18,1,破事多的一批，讲课贼快，上课讲汇编，大作业和期末考C语言，事先却不告知，真有你的。
150368,245,王晓萍,2022-01-23 14:28:47,26,26,0,看到这么多人吐槽，那我也说两句吧：\n\nwxp这sb老师就喜欢整一堆花里胡哨的东西。为了自己少讲几节课，搞了个什么翻转课堂，说什么上去讲可以加分，我可去你🐴的啊。上去讲的人也真是一副恶竞的丑恶嘴脸，让人看着就不爽。\n\n最后大作业直接逮着别人的“小瑕疵”上纲上线，批来批去，弄的别人都想当场怼她。\n\n什么货色，大家心里都一清二楚，剩下的我就不多说了。
150383,245,王晓萍,2022-01-24 00:54:55,26,27,1,王晓萍：你所热爱的，就是你的8051单片机。\n\n海院上单：你，妈什么时候 * 啊！
150435,245,王晓萍,2022-01-25 07:51:26,29,31,2,建议带着您心爱的51单片机滚蛋喔～
150563,245,王晓萍,2022-01-30 09:22:05,30,31,1,19级来评一下吧：\n\n感觉这个人根本不配当老师，整天一副爱理不理居高临下的感觉，讲课纯念ppt就算了，期末考试直接整了个大幺蛾子，上课讲的汇编一点没考，反倒考了一堆C语言。通信那一块都没怎么讲，结果考了一整道大题。\n\n开考后发现没有答题纸，在讲台上唧唧歪歪搞心态，最后还统一延长10分钟收卷，长这么大了还真是活久见😅
151720,245,王晓萍,2022-03-13 17:05:20,32,33,1,别说是控评了，我只能说还没转专业的抓紧时间跑，反正我们又不用对你们今后在海院遭受的折磨负责，一路培养方案上过来，机械设计、信号与系统、海洋资源学概论、物理海洋学基础、水声学原理、海洋信息学、海洋调查方法、都是逆天老师逆天课，新一届提交转专业有70几个，成功跑了30几个，直接问直系学长学姐，海院傻逼老师多不多就完事了
154343,245,王晓萍,2022-05-31 04:32:31,22,26,4,那个无脑乱洗的人，我强烈建议取消他的学籍
157597,245,王晓萍,2022-07-04 11:09:36,-32,5,37,那个大段复制骂人的，话术都不会自己编，剽窃17级学长对李培良的评价，到处无脑黑，真是跳梁小丑。
158972,245,王晓萍,2022-07-04 06:12:17,-28,8,36,今年上课的小朋友差不多得了，王老师都能这么骂，自己菜不从自己身上找找原因。骂李培良之流我们赞成，这无脑喷所有老师，就是你们的不对了。
159050,245,王晓萍,2022-07-05 07:04:32,31,33,2,楼上那几位“大爷”差不多得了，我只能说还没转专业的抓紧时间跑，反正我们又不用对你们今后在海院遭受的折磨负责，一路培养方案上过来，机械设计、信号与系统、海洋资源学概论、物理海洋学基础、水声学原理、海洋信息学、海洋调查方法、都是逆天老师逆天课，新一届提交转专业有70几个，成功跑了30几个，直接问直系学长学姐，海院傻逼老师多不多就完事了
168247,245,王晓萍,2023-02-06 02:45:41,9,9,0,事情太多且毫无意义，讲课纯念ppt
168341,245,王晓萍,2023-07-26 09:19:30,13,17,4,垃圾海洋学院，你枉为人师
171060,245,王晓萍,2023-03-15 08:32:07,10,10,0,讲课纯念ppt，上课整一堆无意义的表面工作让学生鹅颈，最后给分也不好
175430,245,王晓萍,2023-06-25 01:32:05,3,5,2,中规中矩
178856,245,王晓萍,2023-07-26 05:27:59,10,11,1,垃圾海洋学院，你枉为人师，PUA学生，压榨学生
179293,245,王晓萍,2023-09-16 05:04:54,1,4,3,垃圾老师
180595,245,王晓萍,2023-09-23 07:42:01,11,14,3,你这样对学生，小心等天收
180991,245,王晓萍,2023-09-30 19:00:32,3,7,4,垃圾老师
181611,245,王晓萍,2023-10-24 07:57:27,-5,5,10,好老师，好，好
182332,245,王晓萍,2023-11-15 07:53:55,1,8,7,好，好，好，好
182858,245,王晓萍,2023-11-20 21:22:57,8,10,2,你早点去死啦，枉为人师
183358,245,王晓萍,2023-11-26 04:46:34,2,8,6,好老师，垃圾老师
184030,245,王晓萍,2023-12-06 15:40:28,3,5,2,垃圾老师
184201,245,王晓萍,2023-12-13 10:34:54,2,7,5,垃圾老师
184241,245,王晓萍,2023-12-14 00:52:26,1,9,8,小心等天收，你早点去死啦
184287,245,王晓萍,2023-12-15 12:01:49,15,19,4,国家精品课，第一个硬件实验，第一段代码，就是错的。还需要我再说什么吗？
186234,245,王晓萍,2024-01-10 01:53:36,2,8,6,你自己做过什么自己知道，等天收啦
186530,245,王晓萍,2024-01-11 13:38:31,2,13,11,上的王老师微机原理，感觉是很认真很负责的老师，上课很有激情，并不是纯纯念PPT，而且比隔壁班老师教的好多了，冬学期很多同学都跑来王老师班上课。平时有问题王老师都是有问必答，而且钉钉半天内必回，很有耐心。唯一可以小小吐槽的就是开学的时候说每次上两节半，很多次都接近3节课，偶尔会2节课上完就结束。
186624,245,王晓萍,2024-01-12 08:26:07,5,15,10,单说微机这门课这个学期的感受，老师上课很有精神也很有条理，晚上九十点问老师钉钉也是秒回还萌萌的。单看微机给老师打八分一分扣在两节“半”课（）一分扣在c51编程需要自己课后多练（）完全不懂老师评论区为什么会是这样的，是来自硕博的故事吗（？
189475,245,王晓萍,2024-01-24 14:55:47,9,10,1,还行，给分一般
189909,245,王晓萍,2024-02-03 14:04:42,6,10,4,人在做，天在看，这样子对学生，早点去死吧
190059,245,王晓萍,2024-02-21 12:35:27,3,9,6,你配得上心平奖学金吗，你什么时候去死啊
190120,245,王晓萍,2024-02-24 07:37:34,11,15,4,对待学生的方式很恶心，事情贼多，这样的老师早点去死吧
191469,245,王晓萍,2024-04-23 08:42:53,5,8,3,小心有报应，早点下地狱吧
191753,245,王晓萍,2024-04-29 20:00:25,-2,4,6,好老师，好，好，好
192466,245,王晓萍,2024-05-21 09:00:10,18,18,0,你是怎么教出zsy这样的（）（）的
192562,245,王晓萍,2024-05-23 13:50:27,23,23,0,真搞不明白为什么要对詹sy这种（）（）这么护着，，，你在学生眼里的名声都因为他被败坏了，醒醒吧老师
194023,245,王晓萍,2024-06-21 12:51:09,8,9,1,zsy是有你的什么把柄吗？他救你全家了？
199858,245,王晓萍,2024-10-05 04:35:37,6,6,0,请不要用文字游戏般的法律条文欺压学生，懂法律的人有很多，做老师该有一定的师德
200649,245,王晓萍,2024-10-20 13:37:55,9,9,0,你好，是时候迷途知返了
200755,245,王晓萍,2024-10-22 02:18:21,0,2,2,不会觉得自己讲的很清楚吧？
208995,245,王晓萍,2025-01-04 06:23:23,6,6,0,快退休快退休，please
136195,375,童利民,2021-06-12 09:45:34,1,2,1,高，实在是高
80700,379,刘崇,2018-06-29 13:14:49,5,7,2,非常棒
98037,379,刘崇,2019-01-23 04:12:39,18,20,2,刘崇老师的光电子是讲的很棒了。说实话光电子课程的内容很多都是些经验性的东西，上来就是公式和计算的流程之类的。但是刘老师会从源头的理论开始讲，也打一些形象的比方，可以看出来对教学投入很多，也愿意放下架子和学生讨论。另外课堂上回答一些较难的问题有加分，加到期末以外的满为止，这导致课堂气氛也很活跃。打个call
136193,379,刘崇,2021-06-12 09:43:27,4,6,2,刘老师又高又硬
148901,379,刘崇,2022-01-14 02:21:46,3,5,2,刘崇老师太帅了！
161071,379,刘崇,2022-10-25 15:03:24,-12,2,14,不太行
185309,379,刘崇,2023-12-27 17:40:16,-1,0,1,无敌的
185780,379,刘崇,2024-01-04 09:47:58,-2,1,3,逻辑很清楚，上课不容易打瞌睡
189717,379,刘崇,2024-01-27 10:38:07,0,0,0,加班严重
5468,444,刘玉玲,2015-07-07 16:49:28,0,7,7,一般般\n\n
26462,444,刘玉玲,2016-06-18 14:59:09,4,10,6,助教不错
27873,444,刘玉玲,2016-06-28 02:04:56,3,9,6,助教真不错
28377,444,刘玉玲,2016-06-28 08:43:53,0,5,5,猪脚又帅给分又好
28697,444,刘玉玲,2016-06-28 12:29:34,0,4,4,呵呵呵呵
28717,444,刘玉玲,2016-06-28 12:47:47,1,3,2,助教不错，幽默…给分一般般…不过也是我没大用心背…
37997,444,刘玉玲,2016-11-23 02:50:49,-16,5,21,水得不行，上课完全不用听课，就做点小测试。课后作业随便做一两个小时就好了。给分也特别赞！
49102,444,刘玉玲,2017-03-26 12:18:33,1,2,1,助教好评 讲课很不错！
53354,444,刘玉玲,2017-06-26 12:27:20,4,7,3,虽然助教幽默，但……绩杀……
53355,444,刘玉玲,2017-06-26 12:28:07,4,7,3,助教不错，老师就第一节课来了。绩点感人
53359,444,刘玉玲,2017-06-26 12:33:38,4,7,3,给分真的有毒，考试前两周说闭卷就闭卷，形策这门课，拉绩点我们是认真的
53365,444,刘玉玲,2017-06-26 12:46:15,4,7,3,助教不错。被拉完绩点的我欲哭无泪。一门形策能害死我。
53378,444,刘玉玲,2017-06-26 13:00:44,6,12,6,遇到一名这样的形策老师还是退了吧，除了助教上课好之外毫无优点，给分会让你来浙大体验一次什么叫1分也是分?
53400,444,刘玉玲,2017-06-26 13:49:29,4,5,1,助教真心好评。。然而绩点。。。。。
55612,444,刘玉玲,2017-07-02 04:50:28,1,2,1,助教人很好，只要听了会觉得他讲的很有意思。绩点给分什么的行策课好像都是这样的没必要太计较啦，上课的感受体验最重要嘛\n\n(´ε｀　)
68376,444,刘玉玲,2018-01-23 05:31:15,0,1,1,看到都说绩杀稍微有点宽慰了，上浙大第一门下三的课…
76276,444,刘玉玲,2018-04-01 11:57:17,3,4,1,说助教好的莫不是在逗我……
83711,444,刘玉玲,2018-07-11 05:03:12,0,1,1,一人一座实力恶心 绩杀到极点 作为一个全班为数不多做过两次pre 次次都到 期末答题还可以的文科生 3.3 让你知道什么叫一分也是分 祝大家退课保平安?
88322,444,刘玉玲,2018-10-28 11:34:23,0,0,0,我觉得形策课应该多一些深层次的国际政治的思考，不应该仅仅浮于表面的列举一些简单的数据证明一些浅显易懂的高中生水准的知识。国际竞争力和全球影响力的高素质创新人才和领导者需要的是培养全球视野全球思维全球正义感！！！…！！！！
111983,444,刘玉玲,2019-07-03 05:50:55,5,6,1,王家利助教给分好！爱了！
112026,444,刘玉玲,2019-07-03 08:21:59,6,6,0,老师存在感非常低\n\n助教相比来讲很负责\n\n签到是以传表格签名，分小组坐等形式\n\n个人情况是无回答问题记录无复习\n\n绩点3.9 \n\n
388,461,林斌,2015-03-15 01:46:40,0,8,8,可好的老师呢
2159,461,林斌,2015-04-03 08:56:28,-7,2,9,很好的老师呢
28359,461,林斌,2016-06-28 08:40:04,-6,2,8,事少给分好
128260,461,林斌,2020-12-15 10:55:55,-6,1,7,好，推荐上
128314,461,林斌,2020-12-18 03:45:05,7,9,2,讲课一般，给分很严格。
128344,461,林斌,2020-12-20 04:06:59,4,4,0,。。。
128356,461,林斌,2020-12-21 09:01:31,3,3,0,考试就瞎考，给通信原理的题库，错误百出。选择题有很多没讲过
128374,461,林斌,2020-12-21 15:39:42,2,2,0,最后给分没达到预期……
136196,461,林斌,2021-06-12 09:46:27,0,0,0,考试有点鬼扯
144131,461,林斌,2021-12-19 08:05:57,3,3,0,怎么说呢？出成绩是在期末考试前两周，并且给分极差，给人心态搞的很差。
161741,461,林斌,2022-11-12 01:15:02,2,2,0,期末试卷闭卷乱出，平时作业做了也没啥用，现代通信纯纯搞笑
119137,544,章岳光,2019-11-11 00:37:03,1,3,2,人少是有原因的
13383,656,仇旻,2015-12-27 12:37:19,15,18,3,光电系最牛的教授之一。
33111,656,仇旻,2016-09-13 04:07:19,0,0,0,不错不错
33113,656,仇旻,2018-01-30 07:28:11,0,1,1,呵呵呵
59320,656,仇旻,2017-09-21 01:10:00,1,1,0,nice
59622,656,仇旻,2017-09-25 03:14:20,2,2,0,大佬老师
60030,656,仇旻,2017-10-05 11:29:24,2,4,2,好老师，跳伞的故事
61338,656,仇旻,2017-11-15 00:39:27,2,2,0,大佬大佬
76641,656,仇旻,2018-04-17 04:12:53,2,3,1,祝愿老师在西湖大学副校长任上一切顺利！
9089,771,吕玮阁,2015-10-12 17:14:05,3,6,3,光机结构设计的其中一个老师，很耐心的
85619,771,吕玮阁,2018-07-21 13:46:05,2,9,7,提问很不清楚，卡绩令人绝望
85653,771,吕玮阁,2018-07-24 06:14:37,1,5,4,温柔，耐心，乐于帮同学解决各种问题。
100564,771,吕玮阁,2019-01-26 10:02:27,-14,9,23,光电遇到过的最差的老师，没有之一，真的差，差到不行，差到去世。
109718,771,吕玮阁,2019-06-19 00:34:43,1,13,12,不喜欢
163939,771,吕玮阁,2022-12-16 15:40:06,14,28,14,【数码摄影】上的不错，认真听肯定有收获。我一个摄影+ps萌新去学也能有4+绩点。作业务必按要求去做，作业批改给分说的非常清楚，两次实验的作业有学生互评。作业大概500+500+2次实验报告+可以加分的自己摄影作品或作业展示（大概是加2分左右，去做准没错，三次有30个左右名额）
164055,771,吕玮阁,2022-12-17 13:07:18,4,8,4,事少分还行，可以选的！\n\n举例：本人唯一的一次讨论课由于忘了没去，也没有课堂展示，摄影实验作业也就是水水，最后竟然还拿了4.2（88分，可惜卡绩了）。
164665,771,吕玮阁,2022-12-22 16:36:15,2,5,3,很好/我忘了交作业补交了两次…第一次老师没回我，然后在群里让没交的同学都三天后再交，第二次回了收到，应该也没因为这个故意给低分…给分很好，老师我也蛮喜欢的，去上课的话还是可以了解一些东西的
173574,771,吕玮阁,2023-05-29 08:01:11,1,2,1,不错的老师，亲切和蔼
173629,771,吕玮阁,2023-05-31 12:05:24,1,3,2,老师亲切和蔼，有耐心，很可爱的老师！
184224,771,吕玮阁,2023-12-13 10:12:10,1,4,3,作业都写了，课都去了，考试考了，绩杀杀杀
185169,771,吕玮阁,2023-12-27 02:17:23,-4,3,7,摄影课是有点多 但都是比较简单的\n\n没有论文没有考试 好课好课
195149,771,吕玮阁,2024-06-27 02:59:58,3,5,2,摄影课挺好的，不过教的东西对于摄影老东西来说比较基础，而且展示的时候很多大佬乱杀。非常喜欢老师说的“技术决定摄影下限，审美决定摄影上限，技术是可以教的，审美是没法教的。”所以建议想学技术的同学去认真听课，想提升审美的同学不如多看看摄影展。高分小技巧：展示一定要去！！！
204735,771,吕玮阁,2024-11-27 14:25:15,2,2,0,这样人好心善的老师提着灯笼也找不着啊【大哭】，不过如果要冲绩点的哥们，除非对自己的摄影技巧有自信，还是别来淌这趟水了，容易被炸鱼【捂脸】。\n\n但老师绝对没问题，很好说话，教的东西对新人也友好。
204845,771,吕玮阁,2024-11-28 06:14:51,1,1,0,上的数码摄影技术老师人挺不错的，讲的知识也到位，但是大佬还是太多了，摄影小白全程做完拿了4.2，还行吧
205495,771,吕玮阁,2024-12-08 03:19:08,0,1,1,2024秋学期上的数码摄影技术，如果你有一定的摄影基础，非常推荐选这一门课，因为除了能了解基础的摄影知识外，还可以给你一个展示自己摄影作品的平台（自己的照片被做成明信片真的超有成就感）。作业和实验报告基本上日常随手拍都可以覆盖，事算比较少的，比较轻松。点名点了一次名。\n\n\n\n老师人非常好，讲摄影基础知识很清楚，同学上台展示的时候也会坐在下面认真的看，属于是情绪价值拉满了，10分无需多言\n\n\n\n给分也巨好，我作业交的都是平时自己拍摄的作品，也没有很刻意的为了完成作业而交。谢谢老师给了满绩
207711,771,吕玮阁,2024-12-24 03:21:07,0,0,0,好老师，和蔼耐心
208289,771,吕玮阁,2024-12-26 13:21:39,0,0,0,摄影小白全程摸拿了4.2，还行吧
210683,771,吕玮阁,2025-01-09 16:45:46,1,1,0,数码摄影技术，一个通识课这么多作业真的好吗。作为小白来说不会摄影基础知识也不会后期，为了完成作业占用了很多课外时间。不知道最后绩点怎么样
212593,771,吕玮阁,2025-01-14 08:58:08,1,2,1,数码摄影技术，事多分少，逃。
212846,771,吕玮阁,2025-01-15 05:03:16,0,1,1,数码摄影技术-在通识课里事情确实算多的，但真的能学到很多东西，实验课带着相机在学校里遛弯晒太阳超级解压🥰事情虽然多但吕老师把每一项要求都写得很清晰具体。赶ddl的时候有点b溃但最后满绩了！！
213127,771,吕玮阁,2025-01-16 05:09:28,1,1,0,数码摄影技术\n\n就点了一次名\n\n事挺多的其实，挺占用课外时间的，摄影真的是一个很费时间的事（对于一个摄影小白来说）\n\n最后给分还可以，属于正常通识课水平
220249,771,吕玮阁,2025-06-16 15:21:34,0,0,0,（光电专业课）\n\n老师挺好的
11036,787,杨青,2015-11-24 03:08:15,-8,6,14,好老师，非常负责！
15048,787,杨青,2016-01-11 16:26:50,-6,4,10,很有趣的老师也很谦虚善于听学生意见
54816,787,杨青,2017-06-30 09:07:20,-8,2,10,非常好的老师
78761,787,杨青,2018-05-15 05:12:46,-8,1,9,很负责的老师，上课和学生互动挺多，讲课很生动易理解
107309,787,杨青,2019-05-03 11:20:41,-7,2,9,喜欢课堂互动
107664,787,杨青,2019-05-08 05:36:21,-9,2,11,很有亲和力，光谱课很有用
107665,787,杨青,2019-05-08 05:37:00,-7,4,11,老师讲课很有意思，很为学生着想！
112867,787,杨青,2019-07-05 07:03:19,17,20,3,通识核心课的作业也太多了吧
112887,787,杨青,2019-07-05 08:56:34,-10,3,13,给分很好，课很充实
112899,787,杨青,2019-07-05 09:22:06,24,27,3,感觉光基根本没有什么听懂
114426,787,杨青,2019-07-10 02:12:00,15,16,1,给分非常垃圾
114554,787,杨青,2019-07-10 15:41:03,-17,2,19,10分，总体给分贼好，但是满不了，慎选
114723,787,杨青,2019-07-11 06:23:52,-15,1,16,海星吧，但是最后的给分还是离我对这门课的预期有一定差距，还是自己菜喽，老师应该也努力给我们高分了
114906,787,杨青,2019-07-12 16:35:51,19,21,2,最后输入分数的时候以正态为由给所有人都扣了一分，本来很多人都是压线的，但是最后被卡绩了。但是正态只要处理80以下与90以上就可以了，结果他无缘无故的无脑全部降低，有点和我们过不去的感觉。btw，这个课作业多的要死，浪费了我很多时间，但是最后大部分只是在生产学术垃圾。总结：事情多，给分差！！！
114909,787,杨青,2019-07-12 16:41:04,2,3,1,最后输入分数的时候以正态为由给所有人都扣了一分，本来很多人都是压线的，但是最后被卡绩了。但是正态只要处理80以下与90以上就可以了，结果他无缘无故的无脑全部降低，有点和我们过不去的感觉。btw，这个课作业多的要死，浪费了我很多时间，但是最后大部分只是在生产学术垃圾。总结：事情多，给分差！！！
115686,787,杨青,2019-08-18 13:19:41,11,11,0,为什么不能给O分？感觉上课毫无意义
115878,787,杨青,2019-08-23 02:28:53,12,12,0,一个通识核心那么多作业，比其它5学分的大专业课都多，而且全是无用功，最后分也不咋地，血坑，说多了都是泪
119816,787,杨青,2019-11-16 02:46:26,6,6,0,我只能用呵呵来表达了
119818,787,杨青,2019-11-16 02:47:52,3,3,0,老师的学术我不知道，但真的不适合上课
125329,787,杨青,2020-09-07 01:56:43,1,2,1,呵呵呵 谁选谁苦谁知道
150003,787,杨青,2022-01-18 09:10:59,1,2,1,呵呵，不敢恭维
159602,787,杨青,2022-08-21 16:45:45,3,4,1,光基通核，给分不好评价，不过感觉和付出基本成正比，每周一次讨论课，课上分小组讨论之后派代表展示，同学提问也会记（不敢恭维），每周课后一篇讨论报告。上的时候报告和展示都卷了下，感觉让老师记住自己给分好很多。考试挺难的，一张A4开卷，最后一题是畅想未来，估计卷面分数都不太高。上课内容相当难，极其不建议文科生选，基本除了玩手机没别的事干。如果不是真的热爱很难坚持听一个学期。总之选了的话重在平时，多参与讨论课吧。
174263,787,杨青,2023-06-08 11:43:53,3,3,0,杨青老师和斯科老师，这么好的老师，通核课点击即送，这么好的通核课，这么好的老师！！！\n\n不用恶卷发言，每节课给大家一节课时间准备展示，呜呜，这么好的老师，学期末还给我们发点心！！！！
174265,787,杨青,2023-06-08 11:45:18,-1,0,1,老师非常亲切，光基科技与人类文明通核课上准备了很多有趣的小故事，很努力的调动气氛，最后期末的时候还给每个人都准备了小蛋糕，不知道为啥那么多人说事情多的，可能我们这一届改革了吧，所有的作业都只要在两节讨论课上就可以解决了，根本不用课后花时间。
196425,787,杨青,2024-07-03 09:42:30,6,6,0,光基科技绝对是配得上事少分高！（跟其他通核比较）\n\n谢谢yq和sk老师
196463,787,杨青,2024-07-03 14:06:20,4,4,0,通核课水水的。ai比我都要累🥹。给分作为通核来说还可以。\n\n\n\n话说有一组期末表演拍的视频也太好了，被狠狠卷到了🥲🥲🥲
196644,787,杨青,2024-07-04 12:55:56,-3,0,3,通核，经常喜欢上课让同学拿小纸写题交上去，可能是在抽查点名。给分比较一般，极其不建议文科生选。
216838,787,杨青,2025-03-26 11:11:33,1,1,0,大爱杨青老师，光电学生心目中绝对的神
220389,787,杨青,2025-06-17 14:44:21,0,0,0,好老师，人超好
59554,817,高士明,2017-09-22 15:48:56,1,2,1,爽爽爽\n\n
109033,817,高士明,2019-06-06 04:12:38,17,19,2,非常好的老师。每次上课时间精准到掐表，而且全是干货，不是那种滔滔不绝全是狗屁人生哲理的装逼老师。
109034,817,高士明,2019-06-06 04:13:18,0,1,1,没人评分？这老师非常好哎
14742,914,项震,2016-01-08 14:58:36,12,12,0,萌萌哒
14743,914,项震,2017-02-27 14:52:08,8,8,0,非常亲切的新生之友
14744,914,项震,2016-01-08 14:58:52,8,8,0,非常亲切的新生之友
14745,914,项震,2017-02-27 14:51:54,7,7,0,非常亲切的新生之友
16158,914,项震,2016-01-17 10:48:10,3,3,0,非常亲切的新生之友
29190,914,项震,2016-06-29 11:09:38,1,1,0,非常亲切的新生之友
78982,914,项震,2018-05-18 14:11:45,2,3,1,信噪比为负
81017,914,项震,2018-07-29 17:34:06,0,1,1,信噪比为0！！！！太恶心了！！！！
117682,914,项震,2019-09-29 01:48:34,1,1,0,新生之友 三观好正好真实 很亲切 很认真
118284,914,项震,2019-10-24 08:20:16,0,0,0,非常亲切的新生之友
962,965,岑兆丰,2015-03-19 14:38:51,18,27,9,很赞的老师。数码摄影课就是前一半教拍照片和欣赏照片，后一半教ps，平时作业都是交摄影作品，会提供单反哦~
2582,965,岑兆丰,2015-05-04 14:59:13,11,12,1,数码摄影技术很轻松。课讲得不错而且会扯扯自己的摄影历史真的很有趣。作业做量合适。给分厚道。
3112,965,岑兆丰,2015-05-14 16:52:28,7,14,7,乱给分
3497,965,岑兆丰,2015-06-17 00:40:51,5,5,0,给分好！！！作业少！！
7095,965,岑兆丰,2015-09-02 03:28:44,4,6,2,超级认真结果给分。。。。
7507,965,岑兆丰,2015-09-15 01:08:35,2,3,1,作业不多，给分可以。。
9087,965,岑兆丰,2015-10-12 15:42:08,4,4,0,给分好！作业少！上课能学到东西！
24295,965,岑兆丰,2016-04-29 08:15:34,3,4,1,老师高富帅啊…
24304,965,岑兆丰,2016-04-29 09:30:02,-1,0,1,还可以
24324,965,岑兆丰,2016-04-29 11:30:29,4,4,0,老师很棒哦，喜欢摄影的话上课会觉得超级有趣，后期的课还会教授ps。作业好好做，最后的给分很不错！
24329,965,岑兆丰,2016-04-29 12:42:15,3,3,0,老师讲得挺好，但是给分…说多了都是泪…明明很认真地做了T^T
24338,965,岑兆丰,2016-04-29 14:22:08,1,5,4,瞎给分吧 作业认真做了 有基础其他这种通识都4.5+ 按时交了所有作业 竟然只给3.几 是不是有问题 很生气很不满
24371,965,岑兆丰,2016-04-30 03:03:58,3,3,0,认真听可以学到很多东西尤其是PS 老师人很好而且这门课上的蛮轻松的 给分也很好
25281,965,岑兆丰,2016-05-09 07:35:12,3,3,0,表示能学到干货，老师讲的也不错
25555,965,岑兆丰,2016-05-25 10:55:26,4,6,2,这张照片是我几几年到哪个地方去拍的照片……
29615,965,岑兆丰,2016-06-30 05:01:19,0,0,0,很棒啊 帅
30266,965,岑兆丰,2016-07-01 07:08:22,1,1,0,老师经历丰富，是个资深的摄影人。看得出来他很享受摄影。课很好，压力小，给分厚道
31303,965,岑兆丰,2016-07-03 15:19:20,1,2,1,没有人说应用光学 老师人还不错，但相较于其他老师给分很一般，平时分会低一些，上课思路不清晰，基本自学为主 小组这种东西太坑
33189,965,岑兆丰,2016-09-15 04:50:30,0,0,0,很好啊
35370,965,岑兆丰,2016-11-09 10:15:49,0,0,0,不错哟
37107,965,岑兆丰,2017-01-16 05:07:54,1,1,0,很轻松，认真分不低。建议PS大神选。渣渣选了也能3.9，不过能get到新技能啊啊啊。好老师
37192,965,岑兆丰,2016-11-18 01:08:49,1,1,0,这是一门可认真可水的课，不点名，作业都在网站上，给分也不错，但是老师真的很有料，认真听会学到很多
39473,965,岑兆丰,2016-12-23 03:45:21,1,1,0,超棒，相当和蔼的老师也很有耐心，应光课喜欢拿自己拍的照片举例子很棒棒呀！
8932,1014,沈永行,2015-10-02 03:01:46,0,0,0,有意思
15187,1014,沈永行,2016-01-12 13:28:17,-4,0,4,哈哈哈
148214,1014,沈永行,2022-01-12 01:40:19,0,2,2,讲课主要讲原理，不讲计算和推导。公式就PPT过一下，很难一次学会，但是毕竟光电子学都是靠自学的嘛，又有哪位大佬上课就能全部听懂呢？另外，老师在考前会补充很大篇幅的激光器内容（=考试不考=），和透露题目的某隔壁班形成了鲜明的对比。不过老师态度很和蔼，也很愿意和学生交流，所以感觉上吧，还是很不错的。
181956,1014,沈永行,2023-11-06 11:38:32,0,0,0,剧毒术士
107663,1078,吴波,2019-05-08 05:35:44,0,1,1,nice
140769,1078,吴波,2021-09-16 04:07:41,0,0,0,先生之风，山高水长！
148209,1078,吴波,2022-01-12 01:35:11,0,1,1,吴波老师很秀，我原称之为吴秀波
149840,1078,吴波,2022-01-17 08:36:10,0,1,1,感谢老师捞捞
139678,1164,边美娟,2021-07-20 01:05:32,1,2,1,别选她的班，事情巨多，教的也不好，还不如去隔壁班轻松一点。
174785,1164,边美娟,2023-06-18 02:56:45,0,0,0,事情巨多，建议去吕老师的班
39116,1170,王立强,2016-12-21 08:15:00,2,6,4,就俩字，呵呵
40504,1170,王立强,2017-01-13 07:17:09,6,11,5,哟西楼上全是我大光电的人才。老师很奇葩。。。。。。比较奇怪。。。。。。抓不住他的点。。。。。
40657,1170,王立强,2017-01-04 16:16:07,2,5,3,不咋地
41145,1170,王立强,2018-01-06 16:14:20,3,8,5,免考千万不要自己做。。。。\n\n去网上搜51单片机毕业设计或是根据光立方的例程改一下能有90左右，比自己设计东西分来的高很多
41340,1170,王立强,2017-12-22 07:58:37,11,17,6,给分符合随机分布，逻辑思路符合布朗运动。随心所欲，随性妄为
42599,1170,王立强,2017-01-14 13:49:14,0,3,3,老师脑回路很奇怪，难以正常交流
43128,1170,王立强,2019-02-26 01:41:56,0,3,3,老师的原则是，我说啥就是啥，你怎么有理都不行。
44768,1170,王立强,2017-01-18 08:19:54,5,5,0,不知道老师自己会不会上来看啊，看到这些评价也不知道他会作何感想啊
59418,1170,王立强,2017-09-21 08:32:21,0,3,3,怕是活在梦里，建议大家自学。#为什么他还能在光电教书
59682,1170,王立强,2017-09-26 01:25:16,0,3,3,大型催眠机
63888,1170,王立强,2017-12-18 14:48:48,6,8,2,高赞的那个说免考不要自己做的人 估计也是个免考做的很烂的loser吧 老师挺烂的没错 但是我觉得你更值得打1分 因为你对知识和劳动的不尊重
109035,1170,王立强,2019-06-06 04:14:41,5,6,1,其实私下沟通觉得他人很好哎，还会安慰我一个小渣渣?
118444,1170,王立强,2019-11-09 09:17:10,3,3,0,讲课还行
119146,1170,王立强,2019-11-11 01:13:50,2,2,0,微机这门课给分还行
121286,1170,王立强,2019-12-23 16:30:38,0,0,0,还行吧
123637,1170,王立强,2020-06-11 03:19:41,0,0,0,不考虑学生实际情况，🦐🐔儿留作业
138723,1170,王立强,2021-07-10 13:47:13,2,2,0,给1分是因为没有0分
150604,1170,王立强,2022-02-03 13:32:18,-3,0,3,教改后给分极好，事情少
155447,1170,王立强,2022-06-13 04:01:32,1,1,0,这个老师听不进去话 他觉得咋就得是咋
155553,1170,王立强,2022-06-14 09:07:43,0,1,1,还可以
172050,1170,王立强,2023-04-18 06:13:51,13,13,0,有没有人觉得他长得像那个“你这背景太假了”的黑皮小哥
175470,1170,王立强,2023-06-30 08:41:56,3,3,0,讲课很无聊，纯念PPT。
178239,1170,王立强,2023-07-08 15:54:12,0,0,0,垃圾老师
178240,1170,王立强,2023-07-08 15:50:29,2,2,0,明明实验都验收了跟我说实验成绩很低而且因为“验收不代表有好成绩”，张口就来
190433,1170,王立强,2024-03-04 00:40:24,3,3,0,傻逼，临时没找到组员不应该随机分配吗，这老师的反应是当缺课处理
36304,1231,袁波,2016-11-11 14:59:25,4,6,2,非常耐心的老师，很有学者范
78760,1231,袁波,2018-05-15 05:11:47,2,4,2,感觉还可以，讲话很温和的老师。
85236,1231,袁波,2018-07-28 10:13:27,3,5,2,老师人很好，给分也好！
85462,1231,袁波,2018-07-18 06:32:14,6,9,3,很有耐心，为学生着想
85594,1231,袁波,2018-07-20 08:59:51,3,5,2,老师会非常认真的解答每个同学的问题，即使是很小的问题也会一步一步认真指导。给分也很厚道了嘿嘿嘿
85719,1231,袁波,2018-07-28 10:14:34,0,5,5,emmm虽然感觉老师也不是很懂（别打我，反正我有这种感觉\n\n但是上完课是一定有收获的，作业很多，不水，但给分好\n\n老师超级认真负责
88178,1231,袁波,2018-10-23 10:48:42,5,10,5,老师人巨好，巨耐心，机房上课现场帮我们debug！有问必答的，虽然菜鸡每次作业都求生不得求死不能，但老师人很好了！
88363,1231,袁波,2018-10-29 12:20:12,-1,4,5,谢谢老师给debug
107662,1231,袁波,2019-05-08 05:35:26,-1,5,6,爱波波，给分好
108213,1231,袁波,2019-05-16 13:29:49,9,11,2,老师很好，但是感觉课程设置。。。很傻逼，这应该不是老师的锅
111421,1231,袁波,2019-07-01 11:54:05,9,11,2,老师人很好，很有耐心，除了上课内容有点催眠意外，其他都很棒。\n\n\n\n以下对课不对人，软开技术与应用课程设置太赶，感觉有种什么都想学但是什么都浅尝辄止的感觉。大作业太多压力真的很大，还有期末布置下来的大作业我真的是要跪了。。。。。课程PPT上讲得很少，课后要自学的东西很多。。。。。。。。唉╯﹏╰
113394,1231,袁波,2019-07-06 16:05:53,-1,9,10,全世界最好的老师呜呜呜\n\n最后的大作业占8分，但是好像老师基本上都给了大家十分。\n\n老师验收真的超棒，你的一点点小优点也会指出来表扬！\n\n呜呜呜虽然作业有点点难，但是收获满满！还想再上一次！！
138154,1231,袁波,2021-07-07 14:35:31,-8,5,13,好老师。。。
138895,1231,袁波,2021-07-11 15:08:45,-8,4,12,好老师！!太为学生着想了！！
145872,1231,袁波,2022-01-03 13:44:51,-3,7,10,全世界都找不到更好的老师了  海院永远不配拥有这么好的老师\n\n（上了海院专业课以后回来追评
146869,1231,袁波,2022-01-08 00:31:39,15,17,2,老师人很好，但架不住课程很傻逼。
149022,1231,袁波,2022-01-14 07:18:55,17,19,2,波波可比海院一众牛马老师好太多了！
149888,1231,袁波,2022-01-17 14:19:35,29,35,6,人挺好，但是课一定不要选
152281,1231,袁波,2022-04-01 07:50:49,18,18,0,海院软件课，小测开卷可以讨论，期末还不懂，老师人很好很文雅，反正就是课sb但老师还是挺不错的。
153923,1231,袁波,2022-05-17 03:36:04,24,26,2,怎么会有软开这么sb的课我真的服。老师再好也顶不住这nt课程设计
157863,1231,袁波,2022-06-25 08:09:01,9,14,5,捞人功夫一流
158018,1231,袁波,2022-06-26 08:44:41,-8,6,14,补充一下给分：老师顶多给你捞及格那种，其他分段基本不调的，lz这一届84个人选课，10人90+，仅占12%；23人80+；给分可以说是很求是了。平时分正常的话大家基本稳定在91~92之间，换成总评，也能扣5~6分的。不是大佬，很难90+
158077,1231,袁波,2022-06-26 23:22:04,10,13,3,呜呜呜老师给分超好！楼上那个说给分求是的应该是自己菜。
159506,1231,袁波,2022-07-29 08:07:30,9,10,1,我愿称之为袁爹！内容确实好多，但老师人真的很好，给分也超好！
172684,1231,袁波,2023-05-04 09:50:29,2,2,0,老师真的很好，很有耐心也很温柔，问老师题目回复得也很快，甚至还会打电话过来给我解答。他真的我哭死，奈何软开这门课太难了
181463,1231,袁波,2023-10-18 07:46:34,-1,1,2,老师很喜欢点名，上的C程，讲太快对小白来说听天书。
184364,1231,袁波,2023-12-18 10:21:34,2,5,3,上的C程，作业难讲的快挂科了，对小白非常不友好，快逃！！！
187343,1231,袁波,2024-01-15 13:56:50,1,1,0,上的老师第一年教的C尖\n\n老师点名还是比较多的\n\n就是作业小测什么的真的要好好考，作业还是占分比较大的\n\n老师很耐心很和善\n\n是我太菜😇
187389,1231,袁波,2024-01-16 01:18:42,0,1,1,老师人很好，给分也很不错，讲课时会将易错点和圈重点。
188136,1231,袁波,2024-01-18 09:07:55,3,4,1,C程满了～\n\n老师看一眼我的程序，就知道我的BUG在哪里。\n\n除了平时（包括上机课）经常点名，上C程应该没有什么其他要注意的地方。
188313,1231,袁波,2024-01-18 15:18:23,5,5,0,老师讲的速度还好吧？感觉有几个评论说的太重了。被卡绩了好难受，有一次小测太差了，老师真的一点都没捞啊
188328,1231,袁波,2024-01-18 15:45:21,1,1,0,人很好，非常有耐心，就是卡绩了有些难受
197267,1231,袁波,2024-07-10 04:15:01,2,2,0,老师是好老师，只能说软件开发技术与应用这门课设置得不合理，要学的东西太多，但是期末试卷还比较简单，最后平时分也整体往上捞了一档。
199546,1231,袁波,2024-09-25 07:18:32,1,1,0,上的C程。虽然我上课听得不多，主要自学，但袁老对我的帮助真的很大。钉钉上经常问他问题，回复及时，讲解详细，有次不小心没注意时间大晚上问了个问题🤣，他十一点给我讲清楚了😍
205783,1231,袁波,2024-12-12 03:43:56,1,1,0,人超级超级好，钉钉有问必答，很耐心解答，相比有些课的sb助教每次回答都半死不活，波波真的很好
207985,1231,袁波,2024-12-25 06:41:35,0,0,0,超级好且认真负责的老师
208292,1231,袁波,2024-12-26 13:28:06,0,0,0,人很好，但是事情很多很多，比白剑老师的课麻烦多了，慎选
208953,1231,袁波,2025-01-03 14:35:49,-7,1,8,我期末97，我将给老师10分
209553,1231,袁波,2025-01-06 08:44:35,-9,1,10,c尖96来感谢啦 其实主要还是靠自己 不会很捞不调分 作业尽量全对小测复习好好做 平时分尽量拿满满绩问题不会大！
209575,1231,袁波,2025-01-06 13:29:45,7,7,0,基本每周都有点名，老师人算是好的，同学问问题都会耐心的回答。但是c程其实不需要听老师的课，完全可以在网上找资源。跟其他老师相比下给分不好，并且不会捞，推荐还是选个给分好的老师 ，毕竟大概率也不会听老师上的课。我和室友都被卡绩了，班里卡绩91有5人，92及以上不到10%，作业和小测扣的分跟期末理论考扣的分差不多一样了。总之，慎选。（再提一句，楼下97的那位照样没有满绩，班里就两个满绩）
209597,1231,袁波,2025-01-06 10:29:23,9,9,0,卡绩。。。
209664,1231,袁波,2025-01-08 06:28:45,4,5,1,老师教的不错，回答问题也很耐心，但是小测和作业都是原分折算算入总评，一点不捞，而且一学期点名16次+。别的C尖班助教平时分大佬特捞的情况下显得有点难评……建议选别的常年教C尖的计院老师，至少他们可能会根据你的期末成绩给你调分，助教也很难评，大可不必在平时分上这么扣扣搜搜……当然如果你是纯纯高手能保证在每一方面都做的非常完美的话你可以选（叠甲，期末95+，最后总评4.8）
210152,1231,袁波,2025-01-08 08:52:31,1,1,0,老师不捞，作业小测都是按原始分，虽然点名了但是期末考勤全是满的，讲课还是很不错的
210307,1231,袁波,2025-01-09 01:34:12,2,2,0,老师很好，问问题特别耐心，线下也很耐心，关心学生，有问必答。不过确实是不捞，平时分有的班是完成作业就有，我这边作业都完成了平时分也扣了快两分。
210483,1231,袁波,2025-01-09 08:35:41,1,1,0,上的C尖。老师人还是很不错的，但是想拿高分慎选吧。点名很多，平时分也给的不好。
215022,1231,袁波,2025-02-20 05:48:20,0,0,0,，，，
215952,1231,袁波,2025-03-08 04:08:32,2,2,0,老师人很好，认真负责热心，不过平时分小测扣得挺多的，这方面似乎一点不捞而且给分也不太好，这应该是助教的缘故，所以得靠运气吧，看你的助教咋样。上课的话我觉得教风偏向于中规中矩，就正常一章一章按课本上讲，看你喜不喜欢了。
128141,1362,何建军,2020-12-08 07:07:11,0,10,10,讲的不好
216594,1362,何建军,2025-03-19 03:31:07,0,0,0,讲课方面，只对着黑板讲课，从来不跟学生互动，我相信他自己知识面很广，但是确实不太会讲课。\n\n导师方面，几乎不会主动过问学生的论文和毕业问题，校内的请别选，校外要选他的，也请劝退。延毕大组。
222009,1362,何建军,2025-06-28 16:37:36,0,0,0,虽然这里是作为教师的评价系统，但我认为教师也是导师的一个职责之一。这里我匿名不推荐选hjj作为读博导师，应该说是光电院延毕现象最严重的组之一，至于为啥，你知我知，只有他自己不知，因为他不会管你发了几篇文章能不能够毕业，多的不说了，怕掉码。
2471,1443,胡骏,2015-05-04 08:13:34,9,13,4,老师萌萌的！上课如果认真听的话还是有不少收获的。一口气讲四个小时的课感觉老师好拼…最后考试很简单的，都是老师讲过的题目，计算题都是作业题里有的。
2872,1443,胡骏,2015-05-09 16:01:58,6,6,0,很佩服他连上5节
25154,1443,胡骏,2016-05-06 09:46:34,4,5,1,乱给分
25180,1443,胡骏,2018-05-04 13:24:28,4,5,1,课不错，作业少，考试基本都是做过的和书上的，就是这个分数，是乱给的，平时分都挺高了考试又都会，只能随意扣点了，典型的大水课
49726,1443,胡骏,2017-04-25 01:58:47,0,2,2,好老师不解释！
49994,1443,胡骏,2017-04-28 08:12:49,1,3,2,简直不能再棒 事情少给分好 老师讲的也很好
50069,1443,胡骏,2017-04-29 06:24:37,-8,2,10,每次上课都去，最后主动做个展示，考前看个一夜，老师透露的题目再做一遍，轻松满绩
50070,1443,胡骏,2017-04-29 06:39:44,-2,3,5,分好低。。。
62624,1443,胡骏,2017-11-26 08:13:16,-3,2,5,老师给分真的好 半小时交卷4.8稳\n\n
76814,1443,胡骏,2018-04-24 03:29:27,1,1,0,连着上，头皮有点麻，但是老师讲的很清楚，而且老师声音很洪亮，不瞌睡！！还有，给分很好！
78131,1443,胡骏,2018-05-09 12:33:13,3,3,0,出分后来评价。\n\n老师上课还是很好的，虽然自己几乎没听过。展示几乎都是满分，老师随便给的，考试简答题80%原题，判断题都是原题，计算题是课后原题，填空题随缘吧。。。给分很好
78239,1443,胡骏,2018-05-10 06:38:01,2,3,1,有点水啊，不过给分真的太好了!
107574,1443,胡骏,2019-05-07 02:28:38,0,0,0,填空题一脸懵逼还不展示，4.5我已经要感谢老师一万遍了。
123944,1443,胡骏,2020-06-17 10:50:55,0,0,0,还可以
123945,1443,胡骏,2020-06-17 11:21:18,1,1,0,老师很好，事情少，布置的作业都挺有意思，给分也不错
125646,1443,胡骏,2020-09-12 14:09:27,1,2,1,上的是通信与计网。老师讲课还挺有热情的，平时认真做笔记、几个大作业记得找个靠谱队友。给分相当好（5.0）
135126,1443,胡骏,2021-05-01 15:30:29,0,0,0,给分好，人也挺好的
135152,1443,胡骏,2021-05-04 14:14:20,0,0,0,水且易得高分
138319,1443,胡骏,2021-07-08 13:41:08,1,1,0,数据通信与计网事少分高，老实人也很好！
152636,1443,胡骏,2022-04-17 01:17:36,0,2,2,我的超人！都给我选！
153043,1443,胡骏,2022-04-24 07:38:35,0,0,0,还可以
153059,1443,胡骏,2022-04-24 13:40:04,2,3,1,呜呜呜很认真背了很低
153403,1443,胡骏,2022-04-29 05:50:22,0,1,1,今年给分不好了
156691,1443,胡骏,2022-06-20 15:26:50,1,1,0,同意楼上的看法\n\n1：讲的清楚；\n\n2：作业合理，课程不难\n\n3：21年前给分据说超好，22年感觉没有这么好，出分了的时候没有人谢谢老师，但是也还行，只是给分不是像以前随便就满分了
173107,1443,胡骏,2023-05-14 05:46:46,2,2,0,没听过课，考前看了一下午重点和作业题，大作业摆烂组员带飞，最后4.5哈哈哈哈哈哈哈哈哈
173340,1443,胡骏,2023-05-20 01:54:32,0,0,0,23春，从谢谢老师的情况看给分还是不错的，老师还取消了最后一次作业部分内容给大家考试减轻压力\n\n不过据说明年实验要改革和华为合作了，到时候平时难度会不会上升就不好说了
191751,1443,胡骏,2024-04-29 17:20:51,1,2,1,课程内容挺有趣，给分也好
192958,1443,胡骏,2024-06-01 07:53:40,1,1,0,24春给分也不像之前那么好，，上课是念PPT的，但是PPT很详尽，有雷达点名，中规中矩 不再是那种轻轻松松拿个高绩的课了
216656,1443,胡骏,2025-03-20 07:16:27,1,1,0,中规中矩
218884,1443,胡骏,2025-05-11 04:21:36,0,0,0,计网 \n\n点了三次还是四次名，课上内容讲的很详细，但是考试并非全部都考，可能复习的时候容易抓不住重点，考试比以前难，而且是逐年变难（22年以前是完全历年卷，23年多了设计题，今年多了选择题，考的内容也多了），给分个人感觉还行
219384,1443,胡骏,2025-05-26 07:43:33,0,0,0,经常点名，但是课还是究极大水课，一个4人合作的大lab（可能一人一个小lab）\n\n无缺勤(但是上课也在干别的)，考前突击91/4.5，供参考
5186,1503,沈建其,2015-07-05 14:51:39,39,41,2,不懂光纤无铜偷了无用的佛学大师不是一个好的场波老师。
14746,1503,沈建其,2016-01-08 15:00:34,3,3,0,非常负责的班主任
26374,1503,沈建其,2016-06-17 08:03:41,5,5,0,他真的备课吗……
48994,1503,沈建其,2017-03-21 05:43:15,7,7,0,老师不会讲课，节奏奇怪学不到东西，而且喜欢没意义地东拉西扯。?
50855,1503,沈建其,2017-05-07 15:29:33,19,20,1,请问您如何评价电荷不存在这一理论。
50861,1503,沈建其,2017-05-07 15:29:38,4,6,2,电荷存不存在？
50869,1503,沈建其,2017-05-07 15:29:13,11,11,0,认真指出民科错误=第二作者……沈老师躺枪
56887,1503,沈建其,2017-07-05 02:24:47,1,1,0,还不错
57521,1503,沈建其,2017-07-09 08:06:19,3,3,0,老师人真的很好，感觉就是那种老实人的感觉
75277,1503,沈建其,2018-03-08 11:29:15,2,2,0,老师很可爱 超可爱的 懂很多 很厉害
84975,1503,沈建其,2018-07-14 22:17:01,5,5,0,给分好，但是讲课，，我反正没听懂场波。。平时上课有87.5%的概率点名，不然那么好的给分哪来的:D
136194,1503,沈建其,2021-06-12 09:44:33,4,4,0,点名时很好笑
141808,1503,沈建其,2021-10-27 02:07:22,1,1,0,老师上知天文下知地理hhh
149844,1503,沈建其,2022-01-17 08:47:06,1,1,0,量光体验感不错，考试开卷都能找得到，沈老师很可爱，虽然我还没到均绩，大概是我太菜了。
160613,1503,沈建其,2022-09-28 03:50:28,0,0,0,量光讲得有点发散，自学的很多 比较难受的一点是老师板书永远会弯成半圆
173043,1503,沈建其,2023-05-12 01:10:52,6,6,0,对着花名册一个个点名。每节课都是
178172,1503,沈建其,2023-07-07 12:03:02,1,1,0,挂了，谢谢你
7650,1549,刘东,2015-09-15 07:33:30,-1,5,6,爽爽爽
79171,1549,刘东,2018-05-25 08:09:16,6,16,10,坏老师，我恨你，笑面虎
107661,1549,刘东,2019-05-08 05:34:39,-2,8,10,课事情不多，老师很可爱，给分一般
120237,1549,刘东,2019-11-25 02:06:58,31,61,30,这个老师很垃圾，骗你直博保研，然后给他干苦力。一个师兄给用了一年时间给他做了一台设备他卖了20多万，一分奖金没发。10月四号找我们开组会，质问我们10.1-10.3三天晚上为什么没有在实验室做实验，这是人话？
150317,1549,刘东,2022-01-22 09:05:29,14,22,8,目前组里有改观了，寒假能在家1个月，估计老师开始注意影响了，还算不错
153294,1549,刘东,2022-04-27 17:09:11,-3,4,7,鬼绩点，搞人难看吧
210286,1549,刘东,2025-01-08 17:27:22,1,2,1,老师人非常风趣幽默 也会体谅我们考试周的压力和时间 遥感星球平时没有作业 就期末小报告一篇 不限字数和形式 上课也能学到很多各个方面的知识 老师课上的也很不错
212041,1549,刘东,2025-01-13 05:37:28,0,1,1,赞同楼下。刘老师上课的内容很丰富，偶尔有几动手设计也能帮助理接课程内容，课堂氛围特别好！课程不会给我们太大压力，轻松地学到了有意思的知识！
212049,1549,刘东,2025-01-13 05:59:57,0,0,0,特别好的老师，给分好，不点名，会常常唠家常，能记住每个同学的名字！快来报遥感星球！
14343,1638,尹文言,2016-01-06 12:22:18,30,43,13,神一般的口语
14348,1638,尹文言,2016-01-06 12:35:57,10,18,8,烂的一笔
14496,1638,尹文言,2019-07-06 10:48:26,-31,12,43,非常棒，强烈建议
14499,1638,尹文言,2016-01-07 09:07:50,-3,6,9,试试看
15201,1638,尹文言,2016-01-12 15:11:25,-12,7,19,老师人还不错，就是事多
15268,1638,尹文言,2016-01-13 05:53:54,23,28,5,口语烂的一比，学不到啥还事多，给分差
15289,1638,尹文言,2016-01-17 00:07:31,11,14,3,不选就对了\n\n
16010,1638,尹文言,2016-01-19 01:41:51,16,20,4,神经病
16201,1638,尹文言,2016-01-17 13:18:33,-8,9,17,每节课都要由小组形式完成一次pre，上课的内容都是比较高端的东西所以可能会感觉学不到什么。但对于做pre尤其是英文的有一定的帮助
23328,1638,尹文言,2016-03-24 12:20:36,12,19,7,简直一脑残
25679,1638,尹文言,2016-06-02 02:55:51,15,18,3,垃圾\n\n
27004,1638,尹文言,2016-06-28 02:13:10,16,20,4,我想给负分?
28405,1638,尹文言,2016-06-28 08:51:30,18,23,5,每节课都要布置小组展示作业 期末还是个人展示… 事情多，给分差。老师上课基本没讲什么东西，而且对于学生缺乏必要的尊重，学生展示时总是让人快进快进。
28473,1638,尹文言,2016-11-11 06:34:20,21,35,14,我女票表现这么好怎么分这么低？肯定是这个老师打分有问题
29172,1638,尹文言,2016-06-29 10:25:12,2,5,3,
33249,1638,尹文言,2016-09-16 14:58:47,-19,5,24,老师很棒！给分很高！很满意！
38487,1638,尹文言,2016-12-07 01:25:57,9,12,3,后悔选了这个脑残课
41913,1638,尹文言,2017-01-14 09:11:17,-8,6,14,新生研讨课，老师口语不多说了，上课主要是ppt展示，很耗精力，但确实能学到很多信息类的前沿知识。英语有一定要求，我的口语有进步了，给分不知道其他人怎么样，我是5分了，感觉半学期的努力没白费
42628,1638,尹文言,2017-01-14 15:37:35,-3,10,13,老师口语一般，但付出和收获还是成正比的
62946,1638,尹文言,2017-11-27 12:07:09,8,11,3,印度口语
62959,1638,尹文言,2017-11-27 12:55:16,7,9,2,作业挺多了
63465,1638,尹文言,2017-12-04 15:15:35,5,8,3,感觉中文也变成了外语
64974,1638,尹文言,2017-12-28 05:48:07,11,14,3,我只能说他的课一堆展示的原因是因为他不想讲课，也从来不备课，讲课的东西都是项目答辩的PPT来糊弄，给分也都是很随便的。至于尊重你的展示，呵呵呵呵，他只要自己觉得你做的没什么意思（他不感兴趣）就让你快进，遇到他可以装的地方就问你个问题然后自己回答一下
66580,1638,尹文言,2018-01-17 11:09:40,7,12,5,辣鸡课，辣鸡老师，竟然没有零分。英语口语差还要用英文上课。课程最后问学生专业，要拉学生。分数低就低呗，不在乎这一门课。
68544,1638,尹文言,2018-01-23 10:37:38,6,8,2,选过最后悔的课
91210,1638,尹文言,2018-12-03 11:01:23,0,1,1,无言…
94624,1638,尹文言,2019-01-17 12:23:37,1,4,3,折磨。
103181,1638,尹文言,2019-02-26 11:57:11,1,3,2,国人尽量不要去了
120784,1638,尹文言,2020-01-17 02:07:03,-2,1,3,被莫名其妙绩杀
121200,1638,尹文言,2019-12-30 11:32:11,-2,2,4,嗯，话不多说，分低不是事，但好歹不要把区别对待弄得这么明显吧！
124105,1638,尹文言,2020-06-24 07:07:40,0,7,7,老师上课是比较粗糙的，课要做的PPT也很多，但不清楚为什么我这门课绩点拿到了4.5，难道这就是献祭组员绩点的力量（同组的成员被老师批评搞得心态爆炸结果都不来上课，然后我被迫一个人做了大部分PPT和展示）？后来老师也和那位同学说补交PPT保及格。总之觉得表现的越多，老师可能给的也越多吧；另外，6点半的课一般6.15就要签到，这个的确很难。
127479,1638,尹文言,2020-11-23 11:27:43,-3,4,7,醉了呀
127483,1638,尹文言,2020-11-23 12:12:34,-1,8,9,果断退课
129720,1638,尹文言,2021-01-11 11:28:59,-3,11,14,中英口语不好还非要秀，事多还水，上课拿十几年前的视频敷衍，根本就看不懂，（信息与科学技术中的新挑战）学不到什么东西，展示的时候还特别喜欢看VIDEO，自己讲具体的内容时就催，一点也不尊重学生。平时展示很用心，但他连名字都不问，有的小组都不准备，我就想平时分怎么算，如果所有人一样这公平吗？靠期末一个ppt一锤定音，真的符合教学机制吗？\n\n我真的后悔选这门通识了，这门课本身不差，就是老师不行。（以上仅为我个人观点)
133280,1638,尹文言,2021-02-23 11:45:20,-6,5,11,楼下的，他放的视频不是十几年前的，是几十年前的。
135552,1638,尹文言,2021-05-13 09:40:44,-7,16,23,非常棒，强烈推荐！认真跟着老师的思路走，真的可以学到好多！太爱这个老师了，么么哒
145678,1638,尹文言,2021-12-31 06:14:17,1,6,5,考试周补课，大天才。
159686,1638,尹文言,2022-08-23 08:40:16,0,7,7,求求了，做个人吧。。。这么垃圾的老师怎么来的浙大，口语烂，普通话更烂。课程没什么营养，课件都是项目报告拿来应付，上课自己不讲，超级喜欢让人做presentation，非常痛苦，点评也是云里雾里的。给分怀疑是闭着眼睛给的。真的一分也不想给这个垃圾！！！
159814,1638,尹文言,2022-09-02 06:48:33,-11,5,16,非常好
161287,1638,尹文言,2022-11-03 14:47:54,0,9,9,垃圾，喜欢套经费为生，我们学生就是帮他报销，每天套好几千出租车票。。申请横向经费只为捞钱，他也不好好做科研
162067,1638,尹文言,2022-11-16 11:49:41,0,9,9,丧心病狂的资本家，从不关心学生，眼里只有项目，因为项目备受折磨，轻度抑郁，对待学生蛮横无理，只会提要求，从来不考虑学生的发展和诉求。
162287,1638,尹文言,2022-11-19 07:03:32,3,5,2,烂~快逃~退课~
171540,1638,尹文言,2023-03-28 04:08:30,0,4,4,认真学的话，还是能学到挺多东西
171619,1638,尹文言,2023-03-30 07:56:42,-4,2,6,非常好
171687,1638,尹文言,2023-04-01 23:35:13,-2,2,4,作业挺多，不过还行
174630,1638,尹文言,2023-06-15 00:56:52,9,9,0,比文言还难懂，sb
175406,1638,尹文言,2023-06-24 15:30:20,4,4,0,属于是人菜尹大
4259,1646,李强,2015-06-18 11:13:00,2,5,3,好~
8359,1646,李强,2015-09-19 09:29:46,2,4,2,超级帅~
20299,1646,李强,2016-01-27 03:14:06,2,3,1,讲课严谨清晰
48332,1646,李强,2017-03-02 07:21:44,1,2,1,老师很帅，男神！
74507,1646,李强,2018-03-02 08:12:02,0,1,1,老师讲的真好！
85105,1646,李强,2018-07-15 11:06:47,1,2,1,场波上课虽然不是特别特别清楚，但重点把握的很好，会讲一些比较有趣的科研的东西，给分好
114236,1646,李强,2019-07-09 08:03:23,0,1,1,很棒了
126609,1646,李强,2020-10-07 17:43:46,1,4,3,秃头👨‍🦲男神
133266,1646,李强,2021-02-22 04:53:34,2,3,1,强强爱你😍
138858,1646,李强,2021-07-11 10:01:50,1,2,1,讲课很清楚，给分贼高，必须十分！
156071,1646,李强,2022-06-17 10:31:15,7,10,3,老师很核蔼，考场很倏逝，明年再来
170036,1646,李强,2023-03-01 05:37:36,1,1,0,强哥实在是太温柔了
176817,1646,李强,2023-06-30 08:45:07,6,7,1,老师很和蔼，场波讲的也很好，简明扼要就能抓住物理本质！\n\n不过感觉老师喜欢看98？上课经常举98上不败光电版块里吐槽场波的例子哈哈哈哈哈。
178152,1646,李强,2023-07-07 07:48:45,0,1,1,给分很好
180433,1646,李强,2023-09-21 15:16:40,1,1,0,老师很好，场波和物光教改班都不错，对学生很关心
32528,1669,严惠民,2016-07-07 11:42:54,2,2,0,好老师！上课还算蛮清晰，考试不难 给分挺不错的！
56182,1669,严惠民,2017-07-03 07:53:36,1,1,0,认真负责，课前会以提问的形式点到，总之严老师的课很好！
85048,1669,严惠民,2018-07-15 06:15:30,0,0,0,大水课
85276,1669,严惠民,2018-07-16 16:26:34,0,0,0,ppt清晰，好老师，但是不调分
124478,1669,严惠民,2020-07-01 23:29:19,0,1,1,我来骂街来了\n\n最后出的成绩和我想象的完全不一样，少了很多分😢\n\n平时成绩不公布，我们也不知道到底自己拿了多少分
137797,1669,严惠民,2021-07-06 07:26:41,2,2,0,挂科率倒是挺高的
85355,1696,梁宜勇,2018-07-17 07:59:33,0,0,0,还可以，人很好
122587,1696,梁宜勇,2020-03-05 06:30:03,1,2,1,念PPT...听得头大
136913,1696,梁宜勇,2021-06-28 07:21:19,1,3,2,。。。
177345,1696,梁宜勇,2023-07-03 03:23:21,0,0,0,讲课比较无聊 就是念书 可以自学。但是私下人很好 问问题都会秒回。
26537,1829,马云贵,2016-06-20 03:24:43,1,3,2,
32659,1829,马云贵,2016-07-09 00:42:10,0,2,2,讲课很好，经常会扯扯课外的知识
170331,1829,马云贵,2023-03-03 02:09:05,1,3,2,说话老是连字，听不清楚
32705,1876,郑晓东,2016-07-10 13:39:44,13,14,1,只是一个领导式的时不时点评几句的旁观者，先生啊我们还在起步阶段啊臣妾做不到啊你不引导一下真的不会啊我实在是愚笨得自己摸索处处碰壁心灰意冷，我的学习生涯真的值得这么痛苦吗？建议老师麻烦亲自不要来上课，让助教来就好了
32786,1876,郑晓东,2016-07-13 09:45:44,4,4,0,实验全靠自己摸索，刚进光电什么还没学的我感到很无助。
139755,1876,郑晓东,2021-07-23 15:03:31,3,3,0,酷爱英文，想卷的同学可以用英文写作业
753,2006,章海军,2015-03-16 09:05:58,118,133,15,炒鸡好玩的课！能学到不少，老师人很nice给分不能更厚道！！
2314,2006,章海军,2015-04-20 12:13:15,3,8,5,很有意思
2810,2006,章海军,2015-05-08 02:38:36,88,98,10,上课挺有趣，实践作业不复杂而且好玩，给分高得简直不敢相信。重点是！老师长得超像我拔拔，于是从没翘过课quq
2978,2006,章海军,2015-05-12 05:40:17,29,34,5,章老师很负责，每次都会在第五节下课就到教室了，很耐心的好老师，赞赞赞
3128,2006,章海军,2015-05-15 13:43:11,22,27,5,超级棒，章老师，赞赞赞
3330,2006,章海军,2018-03-05 10:31:03,28,33,5,老师超级认真负责，课内容很有趣，有好玩的作业，给分也很好。
4074,2006,章海军,2015-06-17 16:05:38,10,11,1,很负责很亲切的老师，上课很有趣
4196,2006,章海军,2015-06-18 04:15:56,14,18,4,上课超级好玩，完全没有心思水手机了~~
4373,2006,章海军,2015-06-19 15:53:24,41,50,9,对学生很好，最后舍不得结束这门课了~
5246,2006,章海军,2015-07-06 03:41:02,5,7,2,超级好的老师，值得一听
5541,2006,章海军,2015-07-08 06:01:33,11,17,6,很可爱的老师 上课还会放女儿小时候照片炫耀 有一次因为有事早退 后来说明了 老师态度也很好！
5608,2006,章海军,2015-07-08 16:00:50,4,6,2,老师超好超好！学到很多！
5720,2006,章海军,2015-07-09 07:53:01,7,10,3,老师超萌！课也很有意思
5888,2006,章海军,2015-07-09 23:38:58,13,15,2,上课超级好玩～老师人很好！另外给分超级好！我要安利一发～
6021,2006,章海军,2015-07-10 09:04:55,19,22,3,他很爱他的光电！非常好！
7027,2006,章海军,2015-08-31 00:15:11,14,16,2,超棒超好玩的课，超幽默超耐心的老师，上过最棒的通识了，没有之一，不解释~
7631,2006,章海军,2015-09-15 06:56:30,1,4,3,好玩好玩太赞了
7987,2006,章海军,2015-09-16 11:31:18,3,5,2,棒棒的\n\n
8518,2006,章海军,2015-09-22 04:45:10,5,6,1,唯一一门没有睡着的课...
9028,2006,章海军,2015-10-10 11:41:49,1,5,4,真水真好。讲的也挺不错的。
9457,2006,章海军,2015-10-28 02:53:59,2,4,2,有趣，幽默
10631,2006,章海军,2016-06-21 07:49:59,-47,10,57,课程内容太水，给分也水，真心想学东西的同学不建议选他的课
11347,2006,章海军,2015-11-28 06:20:38,-2,3,5,棒棒的
12179,2006,章海军,2015-12-22 07:29:43,2,4,2,超级好！！真水真好！！幽默风趣！！
13845,2006,章海军,2016-01-01 08:21:52,8,9,1,章老师很幽默，总是会有各种新奇的东西，上完课很感觉很不舍，都觉得水掉的那几节课可惜了
14158,2006,章海军,2016-01-05 05:51:09,1,5,4,非常有趣，给分很好
15608,2006,章海军,2016-01-15 15:28:49,-2,2,4,好老师，上课尽职尽责，
19379,2006,章海军,2016-01-24 04:02:00,0,3,3,老师很好，很幽默
19384,2006,章海军,2016-01-24 04:23:19,6,8,2,幽默风趣，重要的是有学识。年轻照片帅帅的。
21655,2006,章海军,2016-02-29 12:19:48,4,6,2,人很好
21829,2006,章海军,2016-03-01 07:33:53,8,9,1,老师很可爱，课也好玩，作业不多考试开卷
22695,2006,章海军,2016-03-10 02:52:00,1,4,3,特别棒！
23065,2006,章海军,2016-03-17 01:22:10,2,5,3,超棒的老师，上课超有趣，能学到不少东西。
25325,2006,章海军,2016-05-14 13:29:42,12,17,5,超级棒的一位老师，富有人情味，真应该给评永平奖！
26751,2006,章海军,2016-06-21 04:45:50,5,7,2,上课很有趣，讲的东西一点都不枯燥，还有实物体验！经常带一些小东西来送给大家！
26788,2006,章海军,2016-06-21 06:16:09,1,2,1,挺认真负责的
26820,2006,章海军,2016-06-21 07:39:13,4,6,2,超级好
26871,2006,章海军,2016-06-21 11:33:41,7,10,3,真的是好老师，鼓励学生创新，开拓了一种视野
26975,2006,章海军,2016-06-22 03:21:05,0,3,3,真水真好。老师超棒
27112,2006,章海军,2016-06-23 03:27:34,0,3,3,超级认真超级好的老师 对学生也很棒很负责态度很温和 最后一节课说很舍不得大家 听得我都想哭
28065,2006,章海军,2016-06-28 08:03:36,3,5,2,老师人很好呀
28639,2006,章海军,2016-06-28 11:22:19,2,4,2,老师挺博学的，脾气好，感觉很爱这门通识课。考试的时候还带了三十几个计算器让同学们借用
29142,2006,章海军,2016-06-29 09:39:46,61,65,4,感觉上完 视觉奥秘，不想上通识课了，其他通识课老师水平太low。这位章老师上课讲的好，还有课堂小实验，答对问题还有小礼物?送，对学生真的太好了?；还给学生相机，拍高速摄影，3d摄影，做动画⋯⋯太赞了
29495,2006,章海军,2016-06-30 01:39:37,-1,2,3,老师讲的真好，真有趣
29514,2006,章海军,2016-06-30 02:07:25,8,12,4,男神章！课堂超级有趣，而且能学到很多课堂以外的知识。老师渊博幽默又可爱！通识课正确的姿态！表白章老师！（感觉章老师像我粑粑，真的很亲切啊……）
29526,2006,章海军,2017-01-19 07:23:50,3,7,4,章老师给分真的超级超级好！！！上课也很有趣，人也很可爱，超有趣！选上可真的很幸运呀！
29527,2006,章海军,2016-06-30 02:38:00,1,4,3,章老师超级好
29528,2006,章海军,2016-06-30 02:38:39,8,15,7,老师是挺好的……但给分不知道是按什么给的，绩点创了最低╮(╯_╰)╭
29575,2006,章海军,2016-06-30 04:01:49,3,3,0,超棒啊！！
29593,2006,章海军,2016-06-30 04:28:34,-1,1,2,超棒的老师，学到的东西多给分还很好，科技类通识首选
29744,2006,章海军,2016-06-30 09:19:09,1,3,2,老师超有意思，课也很有意思，上课不会无聊，实践作业也很有意思，能学到蛮多，超推荐！！考试不用方，给分也很厚道～
30103,2006,章海军,2016-07-01 02:40:52,0,1,1,超级棒的老师！
30963,2006,章海军,2016-07-03 04:39:35,6,8,2,老师在视觉奥秘及应用这门通识课上特别用心，又有知识性同时又有趣味性。还会准备小礼物，非常棒的老师。实践作业加开卷考，也比较轻松
32228,2006,章海军,2016-07-06 03:50:13,2,3,1,老师非常温柔，讲课很有趣，考试开卷，给分好！
34110,2006,章海军,2016-09-27 05:41:03,3,3,0,太有趣了，老师很搞笑
39200,2006,章海军,2017-01-19 07:46:46,4,8,4,满分！章老师男神！创造了我大学第一个满绩！上课有趣作业轻松！老师超级幽默超级温和而且学识渊博，最后结束课程的时候很难过T^T~总之选就对啦~
39728,2006,章海军,2016-12-27 07:36:46,0,4,4,老师的课真的超级好玩！\n\n虽然还是会水……但是老师叫的东西总会让你抬头看看～\n\n每次上完课都会有掌声棒！
39842,2006,章海军,2016-12-28 03:23:27,1,3,2,一门从来没翘过的通识课，老师太可爱了
39939,2006,章海军,2016-12-28 08:40:07,-2,1,3,几乎每堂课都会带有趣的仪器或道具让学生体验，给分也特别棒
40373,2006,章海军,2017-01-03 06:10:46,7,8,1,怎么会有这么好的老师
40399,2006,章海军,2017-01-03 07:09:04,2,2,0,贼好玩的老师。炒鸡情切的段子手。超感性
40402,2006,章海军,2017-01-03 07:13:19,0,3,3,炒鸡炒鸡好的老师！ 老师超可爱！上课超有趣！最后一节课可以把人感动到！泪点低的我最后一节课感动到热泪盈眶 ！真的超级好！强烈推荐！
40418,2006,章海军,2017-02-12 03:25:11,9,13,4,真的是第一个满绩...付出努力肯定有收获的...老师很有人格魅力！
40529,2006,章海军,2017-01-04 03:51:37,1,2,1,超级棒的老师，选他没错的！
43626,2006,章海军,2017-01-16 15:54:14,4,4,0,老师人超好！真正的课堂内容丰富
45177,2006,章海军,2017-01-19 05:44:40,15,16,1,均绩4的视觉奥秘…我只有3.3……难过。但老师真的很好，很有趣，跟他学到了很多有意思的知识
45180,2006,章海军,2017-01-19 05:53:28,3,4,1,章海军老帅！！！超帅的！我上过最有趣的课 给分也超级好
45186,2006,章海军,2017-01-19 06:10:03,2,4,2,人很好，课很有趣，但是为什么我考试作业很认真，还有另外的课堂展示，给分那么低！
45201,2006,章海军,2017-01-19 06:49:03,2,4,2,超赞的老师，课堂气氛很活跃，实践任务也很有趣，最后的考试还开卷考，关键是，给分也超级棒！
45229,2006,章海军,2017-01-19 07:47:25,-1,3,4,老师超级好啊，很耐心，很和蔼，简直就是溺爱我们，课也很有意思，老师也很有水平。给分真的很好啊。
45249,2006,章海军,2017-01-19 08:08:06,-2,1,3,课有趣，绩点高，老师很幽默
45268,2006,章海军,2017-01-19 08:41:28,11,16,5,老师人很好，上课也很有趣，大家都说给分好可是不知道为啥我的分贼低....作业 回答问题 考试感觉都做得还好吧...不知道为什么分这么低...2.5学分的课这样的绩点真心受不住...但是老师人真的很好！只是如果是为了刷绩点来的人还是慎重吧
45278,2006,章海军,2017-01-19 08:58:46,4,5,1,老师必须打十分，超级可爱！！简直男神！！绩点怎么说呢，本来以为自己会上4.5的，因为作业也很认真做了，考试基本上都翻到了，可能是最后没有做展示的原因吧，但是给分总体还是通识课里算高的，上四了也算满意吧。
45476,2006,章海军,2017-01-19 15:06:07,6,7,1,老师超棒的，分数也很给力。还拿到了老师自费买的小礼物，强推！
45507,2006,章海军,2017-01-22 03:51:05,-14,9,23,老师人好，就是只看考试成绩，平时做一堆事也不加分，考试认真必那高分。平时就别太认真，浪费时间。一门通识拖了0.1个绩点，我很难受
45647,2006,章海军,2017-01-20 02:02:11,21,25,4,老师是好老师，准备了很多有趣的东西，备课也很认真。然而我觉得我作业也很认真考试也还不错为什么只有3.3……
45726,2006,章海军,2017-01-20 03:47:36,5,7,2,老师非常非常好啊，你会爱上这个老师的，你能在课上学习到很多有趣的小知识
47778,2006,章海军,2017-02-24 11:16:19,-1,1,2,章老师学识渊博，对学生超棒。这门课真的能学到有趣的知识~
48052,2006,章海军,2017-02-28 06:53:30,7,7,0,给十分不怕你骄傲！
48549,2006,章海军,2017-03-07 06:18:44,0,2,2,666有意思哈哈哈哈哈
52833,2006,章海军,2017-06-23 06:19:49,13,15,2,在上最后一节课的时候给老师一个10分，虽然在课上没有认真听，但是还是学到了很多很有趣的东西！章老师真的是一个非常非常棒的老师，不仅科研好，在给我们上通识的时候非常谦虚和和善，说话很温柔，作业很合理，考试开卷还给我们整理精简的ppt。真的觉得这种老师才是教师道德界的楷模！太喜欢章老师了，不管最后拿了几分，都喜欢他！
52836,2006,章海军,2017-06-23 06:47:46,5,9,4,给满分不怕骄傲
53291,2006,章海军,2017-07-05 05:43:49,-1,2,3,被正态了……2.5分的课均绩掉起来太惨了 很心痛很心塞很玻璃心了
56955,2006,章海军,2017-07-05 04:44:11,3,7,4,大学以来第二个很钦佩的老师，20分好评
56963,2006,章海军,2017-07-05 04:57:46,0,3,3,满绩了！不能更开心～突然后悔上课听的不认真，真的很好的老师，笔芯
56966,2006,章海军,2017-07-05 05:01:03,3,5,2,因为给分选课的慎重
57015,2006,章海军,2017-07-05 07:25:12,21,21,0,我只想说 有些老师打9分是只能打9分 章老师打10分是因为评分系统给的最高就只有10分
57091,2006,章海军,2017-07-05 13:44:47,1,4,3,章老师真的超棒的，经常会带小礼物，作业少又有趣，考前专门还整理出简洁版的ppt，开卷，给分不能再棒了，挽救了绩点，感谢章老师，笔芯
59032,2006,章海军,2017-09-19 07:11:46,2,2,0,第一节课打卡：再也不相信眼睛了，太神奇了，老师好棒
60564,2006,章海军,2017-10-24 06:38:40,-2,1,3,章老师是有用心去准备上课的人，每一张PPT里都是满满的惊喜。
62062,2006,章海军,2017-11-22 10:18:17,1,2,1,超开心，根本不想错过任何一节课
62333,2006,章海军,2017-11-24 08:40:24,0,4,4,给分不太理想。。。。。。
63039,2006,章海军,2017-11-28 03:51:06,1,3,2,给分好上课有趣 还能说什么
63419,2006,章海军,2017-12-03 13:07:55,3,4,1,上他的课我就没睡过觉!!!!超有趣!!!!!
65251,2006,章海军,2018-01-09 06:00:30,1,3,2,男神 不多说！
65782,2006,章海军,2018-01-09 06:05:07,6,9,3,老师人超好，而且超级可爱吖，各种意义上的！今天刚刚吃了老师发的巧克力，选上老师课的同学们一定要保管好红青眼镜哦～虽然还没有考试，还是先给老师一个好评，希望不会被正态叭～
65784,2006,章海军,2018-01-09 06:09:32,10,10,0,最后一节课 老师给我们整理好了ppt 还带了雀巢巧克力棒给我们吃 章男神无疑了！
65785,2006,章海军,2018-01-24 13:00:07,5,5,0,点名只是为了回答问题23333，不要担心，表示每节课第二排，害怕没位置，后天考试，给老师10分评价也希望老师给我95+QAQ
65787,2006,章海军,2018-01-09 06:12:32,2,3,1,章老师的课真的好，一切为学生着想！！连考试资料都帮我们整理好，课上也能学到和玩到很多东西！！大赞
65865,2006,章海军,2018-01-09 15:52:35,38,38,0,真的真的太喜欢章海军老师了 虽然只是一门通识课但真的是我上大学以来最喜欢的老师！！每次课都会认真地准备很多小道具给我们演示，有时候甚至要提两三个口袋，而且特别幽默可爱！！！ 最后结课的时候老师真的好动情，看到他偷偷拿纸巾擦眼泪了……觉得真的是对学生很好很好，把我们真正放到心里了的一个老师。希望章老师能看到这段话……不为别的，真的是想让您知道您对我们的好我们都记在心里了的！！
70998,2006,章海军,2018-01-28 01:38:09,5,6,1,老师太可爱了！最后一节课还发脆脆鲨！考试也各种为同学着想！自己花钱买计算器尺子还怕我们看坏眼睛！满分！
72738,2006,章海军,2018-01-31 04:06:51,-1,1,2,强推啊，这个必须10分。很感动大学能遇到这么棒的老师！希望大家不要错过了！
72742,2006,章海军,2018-01-31 04:19:47,4,4,0,给分极好 谢谢老师！
72745,2006,章海军,2018-01-31 04:23:32,2,3,1,老师人超好的！真的很关心来上课的每个学生，最后一节课还给我们每人都准备了威化吃٩( ᐛ )و平常上课也会讲很多有意思的知识，作业不多，就两次小组拍摄，考试开卷，只要熟悉下课本和PPT，计算的一些公式和题目考前理解清楚了基本难度也不大的～最后给分也很棒 很喜欢这节课和章老师啦！
72773,2006,章海军,2018-01-31 05:19:16,-5,0,5,老师上课挺有趣的\n\n最后有一次随机抽查展示，可能抽到展示的小组最后分数会高一点吧……
73017,2006,章海军,2018-01-31 15:03:23,0,2,2,非常好的老师，很为学生考虑，谢谢您一学期以来的付出!
75922,2006,章海军,2018-03-22 03:08:01,0,3,3,
80041,2006,章海军,2018-06-19 06:59:42,1,2,1,很棒很棒
80408,2006,章海军,2018-06-26 07:21:31,2,2,0,很有人情味和人格魅力的老师，强推
80895,2006,章海军,2018-07-02 12:36:04,0,1,1,爸爸的感觉
83221,2006,章海军,2018-07-10 02:53:36,1,2,1,老师超级nice，不点名，但是会随机叫名字回答问题，不知道这个算不算点到。\n\n
83225,2006,章海军,2018-07-10 02:59:06,-2,4,6,满绩啦！
83226,2006,章海军,2018-07-10 03:00:14,3,7,4,满绩啦!
83234,2006,章海军,2018-07-10 03:14:22,1,2,1,上课内容超有趣，老师人也超好的
83259,2006,章海军,2018-07-10 03:40:13,-2,1,3,老师真的是好的没话说，最后绩点一般也是自己期末考试没复习好，考试的时候翻书太慢了。反正强烈安利这门课，而且期末一定要认真考！
83277,2006,章海军,2018-07-10 04:01:57,0,2,2,感谢老师，老师很棒，强推
83301,2006,章海军,2018-07-10 04:59:39,-1,1,2,浙大网粉红\n\n非常有趣非常懂梗的一位老师
83333,2006,章海军,2018-07-10 06:43:54,2,2,0,老师人超棒！（每次说到自己女儿都一脸宠溺哈哈哈哈哈
83416,2006,章海军,2018-07-10 08:45:54,1,2,1,真的是很棒很棒的老师啊，上课超级轻松有趣，能学到很多知识，可惜自己一直没学会看随机点立体图……
83433,2006,章海军,2018-07-10 09:29:33,2,3,1,上课体验极好。老师超级好。超多的科普。还有小礼物。
83692,2006,章海军,2018-07-11 04:10:09,4,4,0,好老师。
84826,2006,章海军,2018-07-14 02:57:22,10,10,0,考试那天章老师怕我们忘带尺子和计算器，背了好几盒尺子和60个计算器过去…感天动地好老师 给分也巨无敌吐血好啊
88162,2006,章海军,2018-10-23 07:30:29,-1,1,2,非常好
88403,2006,章海军,2018-10-30 07:33:13,0,1,1,老师太可爱了叭！！！！！( ´▽` )
88405,2006,章海军,2018-10-30 07:36:14,2,2,0,转发这个章老师，期中考试可以满分哦
88706,2006,章海军,2018-11-06 06:32:07,0,1,1,非常好
89626,2006,章海军,2018-11-20 04:42:23,0,2,2,超有意思的课一门课，能学到不少有趣的知识，老师也很可爱
90332,2006,章海军,2018-11-23 07:29:37,1,2,1,很不错
90517,2006,章海军,2018-11-23 23:29:42,-2,1,3,章老师真的太棒了！太可爱了！每一节课都会准备很多视频，很多道具给我们演示。视觉不是老师的研究方向（章老师是做原子力显微镜的！），但老师这么用心！感动！感激！
92123,2006,章海军,2018-12-26 13:09:48,3,4,1,世界上哪里还能找到这样的好老师啊  这学期的视觉奥秘就快结束了  与老师分别的时候真的会哭吧
92315,2006,章海军,2018-12-27 15:35:39,0,3,3,绝对有趣的课，去了绝对不后悔，强烈推荐！！像我这种懒得评分的人也忍不住一定要给老师打10分。
92601,2006,章海军,2019-06-14 06:18:24,1,2,1,老师超可爱又有趣 强推
94063,2006,章海军,2019-01-15 05:21:02,-1,2,3,大爱 很爱很爱这个老师
94075,2006,章海军,2019-01-15 06:17:14,3,5,2,最后一节课来评论章男神，老师真的好到不能再好，处处为我们着想。平时作业也不多（就两次实践拍照），有问题老师还会很细心的解答。大后天就要考试了，希望章男神能给个好看点的绩点。
94096,2006,章海军,2019-01-15 07:36:00,1,2,1,能够选上章老师的课，绝对是我大一最幸运的事情之一。视觉奥秘结课的时候，好多人找老师要签名_(:з」∠)_
94109,2006,章海军,2019-01-15 07:56:03,-1,1,2,良心，有趣，爱了
94774,2006,章海军,2019-01-18 05:53:06,-1,2,3,超级棒
94903,2006,章海军,2019-01-18 12:37:39,2,3,1,老师人很好，很温柔，但这卷子答的我好崩溃，难道是我太水了
95445,2006,章海军,2019-01-19 11:54:18,5,5,0,章老师真的太棒了，太喜欢章老师了，果断男神啊，啊啊啊啊啊啊
97887,2006,章海军,2019-01-23 01:02:48,1,3,2,老师的课讲的真的真的是非常的棒，期末考试还非常非常关心同学，最后的给分也超级超级的棒，太谢谢老师了，感觉老师一直都想多教会我们一些知识......啊啊啊啊啊，感天动地，老师太好了，我哭了
97892,2006,章海军,2019-01-23 01:11:51,14,16,2,每节课章老师的精心准备和各种小视频小玩意毫无疑问都会令课堂十万万分有趣，最后的开卷考老师平时也会在课堂上对我们有提醒的，所以只要你认真学，也会有很不错的成绩，噢，还有两个实践，也是很有趣。但最令我感动的还是章老师最后一节课的三鞠躬。对我来说，一个对学生十分相信与爱惜并且不断启迪的老师，是值得我尊敬与爱戴的。还有他的稍有遗憾的科研之路，也令我遗憾。不过没关系，即使错过了那可能是生仅有的机会，但我相信：他的精神：创新；严谨。一定会有更多的浙大人去坚守去继承。真的，感谢章教授，我会永远记得您！
97895,2006,章海军,2019-01-23 01:18:55,4,5,1,给十分是因为只有十分！！老师真的太棒了！！每节课精美的PPT，永远掏不完的小道具，炫酷的图片视频实验，人文历史电影音乐，章老师兼具理工的逻辑简练与文科的优美烂漫。想认真听不愁没有第一排坐，想水课老师绝不点名，实践好好做不占用多少时间，期末老师精简的PPT认真翻考试不难。绩点真的真的太惊喜了，第一门让我觉得付出被看到，努力很值得，甚至良心还很痛的好课（毕竟有时我也睡觉）。真的非常建议去听一听，知识、做人、处事，非常棒的课堂，感谢老师！！
97902,2006,章海军,2019-01-23 01:27:28,3,3,0,老师上课超级有意思！可惜我这个文科生听不太懂唉！不过真的超级棒！考前看看PPT真的可以稳！一个原理都听不懂的文科生最后绩点也很好！！
97924,2006,章海军,2019-01-23 01:50:38,2,3,1,章男神，强推。啊啊啊！我都想转专业到光电了，怎么会有这么好的老师，上课也很有趣，有小视频看，小实验做，也太棒了吧，关键绩点也给的很公正，主要还是看你考试吧。大爱章老师。
97933,2006,章海军,2019-01-23 02:09:12,1,3,2,96满绩了，第二个满绩的通识课，开心?
97948,2006,章海军,2019-01-23 02:33:21,7,8,1,章老师真的炒鸡炒鸡好！我大一上最有趣的课，平时听课不会很无聊，会带很多有趣的仪器道具什么的，考试的时候带很多计算器，最后一节课也差点泪奔啊！看到PPT上的“我亲爱的孩子”真的想哭！感觉期末考试崩了居然还有4.5哈哈哈哈哈哈哈不过就算给分不好也值得打十分！
97979,2006,章海军,2019-01-23 03:19:18,0,2,2,吹爆章老师
98006,2006,章海军,2019-01-23 03:40:06,2,2,0,上课很有意思，给分超好，事也不多，想上课的要注意老师ppt上的思考题和实践，积极做了至少也有小礼品拿。最后，章老师我男神！！
98118,2006,章海军,2019-01-23 05:42:57,6,7,1,老师我爱你！！！！！\n\n老师人很幽默 上课的方式和内容也很有趣\n\n本来想着这学期凉了 没想到老师救我一命 \n\n感jio这会是人生中唯一一个满绩了 ??
98122,2006,章海军,2019-01-23 05:45:36,3,4,1,给老师十分，但是感觉我作业认真做了也课堂展示了，考试也认真复习感觉不错，最后绩点没有想象的那么高，有点难受，希望老师能建个群公示一下平时成绩什么的|-|
98145,2006,章海军,2019-01-23 06:18:11,13,15,2,超好的老师，上课很有趣，认真听的话能学到很多东西，平时经常带一些有趣的小玩意给我们看，还有特别特别的实践作业。很为学生着想，尽量减少课程压力和正态比例。虽然是理工科老师，但温尔文雅，夏天永远的西装，多天永远的小围巾，很可爱。懂得超级多，也很有发散性思维，有情怀，第一节课讲了半节课的航空母舰来让我们记住他的名字，还把几乎每个人的家乡介绍了一遍，传说他的课还凑了好几对，红娘哇～(￣▽￣～)~最后一节课给我们真诚的临别寄语，朝所有同学鞠了三次躬，掌声持续了很久。真的特别感动。而且他让我了解了光电，甚至对我第二轮专业确认产生了较大的影响。希望能与章老师再见！
98146,2006,章海军,2019-01-23 06:18:23,4,5,1,虽然绩点自己觉得不如人意（差一分4.5 哭唧唧）但是这不妨碍章老师是个好老师 10分给满不解释
98156,2006,章海军,2019-01-23 06:32:00,0,3,3,我给一百分！！！
98482,2006,章海军,2019-01-23 13:23:47,6,8,2,老师很棒，课很有趣，而且真的对学生很用心，最后一节课真的被感动到了，虽然自己被卡绩了但还是要给十分。唯一的遗憾大概就是怎么都看不出随机点立体图对了吧
98492,2006,章海军,2019-01-23 13:37:31,8,9,1,男神，没说的，上课超级有意思，各种好玩的道具，还有高速摄影各种设备，心疼老师每次上课要背一大包东西，结课的时候老师对着不同方向各鞠一躬真的让我鼻子一酸，期末开卷，不用担心，给分也很棒
98515,2006,章海军,2019-01-23 14:05:59,1,2,1,特！别！好！\n\n好到睡觉的我良心有点痛。
98605,2006,章海军,2019-01-23 15:39:48,1,3,2,满绩超感动qwq，就，各种意义上都很妙，可以学得很开心一门课
98657,2006,章海军,2019-01-23 16:51:04,13,15,2,不说了，直接10分，章老师上课真的叫一个好。秋学期的课我继承了以往听通识课的水样，听得很水，要么睡觉要么农药。但是我真的被老师的敬业精神感动了，从冬学期开始重新做人，真的是认真听老师的每节课，收获相当大。最后期末开卷，我把PPT过了三遍，教材过了一遍，差一点满绩，这对于我这个曾经的浪子来说，已经是很好了。真的炒鸡感谢老师，能在浙大上到这样一门通识课，真的是三生有幸。章海军老师，男神不解释。
99694,2006,章海军,2019-01-25 05:10:23,-1,2,3,章老师太好了叭！！又幽默又认真又温柔！课也特别有趣，实践展示什么的都可以发挥创造力，事不多，最后开卷好好看一遍ppt就好。表白章老师！一学期的课上下来真的挺有感情的最后结课好舍不得啊
100127,2006,章海军,2019-01-25 15:24:00,2,5,3,老师真的太棒了，课上真的能学到很多有用的常识，老师也经常会带一些神奇的东西让我们欣赏。实践作业也很有趣，既能学到真本领，也能激发创新能力。最后被抽到了展示，没有好好准备，老师拍了照片，还送了小礼物，感觉很惭愧，在这里想给老师道个歉。最后一节课真的很舍不得，老师的结语更是催泪。期末也不难的，给分更是不能再好了。真希望以后还有机会上老师的课。
100562,2006,章海军,2019-01-26 09:58:07,-2,4,6,很棒很有趣 不过很多都是常识性的东西都是见过的...
102647,2006,章海军,2019-02-17 10:06:27,-2,0,2,老师真的很棒！[哭]很认真，带很多试验器具给我们演示，结合视频动画帮我们理解。平时两次实践做动画，很有意思。老师超有爱！
104118,2006,章海军,2019-03-12 10:36:24,3,5,2,本大叔控表示每节课眼睛都没办法从章老师身上移开～
104847,2006,章海军,2019-03-28 16:13:49,2,3,1,超级棒！
105011,2006,章海军,2019-04-02 07:35:37,0,1,1,太帅了吧
105012,2006,章海军,2019-04-02 07:38:34,1,2,1,老师我爱你!只有上这门课才从来不水手机
109637,2006,章海军,2019-06-18 05:52:30,3,4,1,章海军男神，不多BB了，选就完事了，安排！
109648,2006,章海军,2019-06-18 06:49:58,2,4,2,男神不解释
109649,2006,章海军,2019-06-18 06:50:36,-1,1,2,超级棒的老师
109650,2006,章海军,2019-06-18 06:51:03,4,4,0,今天刚结课。妥妥的好老师，致敬！
109684,2006,章海军,2019-06-18 11:24:50,4,7,3,老师真的超级好!最后一节课感动得想哭特别舍不得。。。
109722,2006,章海军,2019-06-19 00:59:21,-2,2,4,有趣的课，有趣的老师
112094,2006,章海军,2019-07-03 13:23:39,7,8,1,章老师不给10分浙大就没几个老师值得10分了\n\n上课幽默风趣超级照顾学生\n\n告诉我们该怎么打印复习讲义\n\n甚至还为考试的同学准备尺子和计算器
112381,2006,章海军,2019-07-04 03:21:19,1,3,2,非常棒，老师见多识广，幽默风趣，男神老师！
114273,2006,章海军,2019-07-09 17:07:07,2,3,1,老师超可爱，讲课也超好，课程内容很有趣，是我唯一不水手机的课。强烈推荐
114282,2006,章海军,2019-07-09 17:16:10,0,4,4,首先，老师人很好！其次，上课讲的学的东西很有趣！再者，实践作业非常有意思，可以大开脑洞！最后，考试记得带书本和ppt复印稿，最好考前看下ppt(挺快的)！
114324,2006,章海军,2019-07-09 19:33:04,5,6,1,绝对文科生的⭐⭐⭐⭐⭐级科学技术类课程，内容丰富但是深入浅出，章老师人不说了真诚友善。我一个从高二到大二四年没学过生物的人居然能在没看过书PPT看了三分之一的情况下把试卷全部做完，可见考试对于即使我们文科生来多么友好?最后绩点也超级感人。真的感谢章老师
114339,2006,章海军,2019-07-09 23:03:14,3,3,0,男神，不解释
114360,2006,章海军,2019-07-09 23:44:03,0,2,2,超级棒
114366,2006,章海军,2019-07-09 23:56:09,-2,1,3,谢谢老师
114375,2006,章海军,2019-07-10 00:10:44,3,10,7,很专心听了一学期，期末也认真复习了，考试感觉只有一两个题目不会，最后才4.2……这种努力得不到回报的感觉还是很难受，可能还没有睡了一学期的人分数高。但是这门课真的很值得选，学到非常多有趣有用的知识，我还是给老师打10分。不过记住，老师随机叫人回答问题，如果你没来老师是会记录的。
114410,2006,章海军,2019-07-10 01:11:02,6,7,1,章男神真的从小可爱到大呀，谢谢您半年来的付出，学到了很多东西，也拿到了预计的成绩，非常感谢！（无偿获得小风扇一只～）
114411,2006,章海军,2019-07-10 01:12:00,4,5,1,强推！老师的课很有趣，也能学到不少，回来就跟我爸妈普及视觉方面的知识，现学现卖? 。基本上每节课都有听一点，听课对于考试还是有一定帮助的。纯粹的文科生，考试不难，仔细就行，别掉坑里，最后90+，感谢老师。(虽然最后那个立体图还是不会看...)
114553,2006,章海军,2019-07-10 15:18:20,9,10,1,超级喜欢老师，每周二下午是最期待的上课时光，每次都能学到很多东西，强推！！！
114703,2006,章海军,2019-07-11 04:23:37,6,6,0,老师真的是爱课堂爱学生 每一节课都非常认真准备 给分也非常好 强推
118961,2006,章海军,2019-11-08 12:14:12,5,6,1,老师真的超级有趣！但我想知道那个三维图考不考，我真的看不出来，唉，但真的爱老师
119441,2006,章海军,2019-11-13 01:05:03,1,3,2,特别特别负责任！！！
120969,2006,章海军,2020-01-19 05:35:59,4,4,0,老师有趣给分好
123503,2006,章海军,2020-06-09 07:46:31,0,1,1,老师太好了！！！课程丰富有趣 老师人真的很好很好啊啊啊啊作业几乎是没有的
125828,2006,章海军,2020-09-14 13:46:25,2,3,1,太棒了！！！爱老师！！！！
125968,2006,章海军,2020-09-16 05:44:38,2,3,1,真的是好老师，非常为学生着想
128956,2006,章海军,2020-12-27 11:51:18,7,8,1,不解释，直接10分，希望我绩点没事
129410,2006,章海军,2021-01-05 06:23:14,205,208,3,我真的 没有见过更好的老师了\n\n球球那些幸运选到这门课的同学\n\n至少每次按时到课不要翘课好吗\n\n老师点名没有人应答的时候真的有掩盖不住的失望\n\n这么有趣的课程\n\n这么有趣的老师\n\n最后被吓到不敢点名害怕又没有回应\n\n老师还在从自己身上找原因\n\n我真的\n\n唉\n\n真就欺负好人呗\n\n老师真的是很善良很温柔的人\n\n请那些选上了的人们\n\n好好善待他
129453,2006,章海军,2021-01-05 13:22:42,6,7,1,非常好，特别温柔、善良
129456,2006,章海军,2021-01-05 14:02:59,2,5,3,呜呜呜我爱老师，章老师超级温柔课堂也很有趣，祝老师身体健康万事胜意！
129533,2006,章海军,2021-01-07 02:14:26,4,6,2,章老师超棒
129759,2006,章海军,2021-01-12 07:48:13,15,16,1,只要时光没有穷尽，一定会想起章海军老师
131337,2006,章海军,2021-01-27 06:26:37,7,8,1,分数没出先来评价。\n\n老师真的非常非常好，在他身上感受到人文情怀，真的很为学生着想，很多事情做的很细致，备课也很认真。\n\n上课内容也挺有趣的。\n\n我希望以后来选他课的同学能积极一点（这个学期因为我们太不积极了，老师还伤心了）。
133434,2006,章海军,2021-02-28 13:48:52,6,8,2,学高为师 身正为范
134854,2006,章海军,2021-04-19 05:37:34,9,10,1,我上过的所有课里最好的老师，幽默风趣，很和蔼，上课还会给学生发小道具或者传着看一些东西。点名按名单顺序来，估摸着快到自己了就去上课就行。考核也不难。老师真滴好真滴好真滴好
136268,2006,章海军,2021-06-15 01:43:38,5,7,2,老师人真的超级nice，非常温柔，生病请假还会叫你多休息，上课也超级有趣
136721,2006,章海军,2021-06-23 11:13:01,12,14,2,我愿称之为真正的通识课。
138439,2006,章海军,2021-07-09 07:55:42,6,6,0,章海军老师yyds！大家都给我选！
138455,2006,章海军,2021-07-09 09:27:15,3,4,1,老师超棒！
139828,2006,章海军,2021-07-29 07:18:01,8,8,0,章老师yyds\n\n章老师是一个有童心，关爱学生，温柔的老师，我在他身上看到了心目中大学教授的样子。视觉奥秘这门课让我学到了很多有用的知识，课上的所有仪器都是老师自己出钱买的，课程中老师可能还会有彩蛋发放。课程内容并不难，考试也简单，不过那个立体视图比较难看。\n\n对了，密集恐惧者可能要慎选视觉奥秘及应用哦
140166,2006,章海军,2021-09-01 13:50:44,10,11,1,真的是非常棒的老师，人很暖，敬业，课很有意思，给分也很好。（犹记得第一节课的时候给我们看一张“杭州舰”的照片讲他名字的由来，正好点到我回答，正好我也知道，周围同学都以为我是章老师的托哈哈）
140729,2006,章海军,2021-09-15 12:05:56,0,3,3,好课，好老师，给我选！
144308,2006,章海军,2021-12-21 05:20:10,3,4,1,太爱了
144345,2006,章海军,2021-12-21 06:38:56,4,6,2,没有见过更好的老师了，真的是温柔绅士 ，博学多识，很贴心幽默
145120,2006,章海军,2021-12-27 13:28:14,5,6,1,还没出分就来狂吹章老师 认真负责又非常为学生着想 非常随和儒雅 是想象中的学者的感觉！ 简直不能再爱了 对待通识课也能这么认真的老师太少见啦！
145205,2006,章海军,2021-12-28 07:59:45,11,14,3,老师人真的很好，温文尔雅的，最后一节课开始就和我们告别，说怕下课的时候来不及，太吵闹（认真告别的样子真的太touch我了吧呜呜\n\n有一次老师上课交了四五个人都没来，好失落，但也没有责怪同学，还说大家是不是上线上的课或者和他请了假\n\n虽然我有时候没有好好听课，现在也还没考试，没出成绩\n\n但是老师真的很好呜呜
145217,2006,章海军,2021-12-28 09:35:15,3,6,3,不管分数怎么样，我觉得这辈子能选上章老师的课就是值得的！\n\n从专业学识、师德师风、教学能力各个方面都是满分的存在！\n\n在选课选得十分糟糕的大一上第一个学期\n\n我觉得选上章老师的课花光了我所有的好运哈哈哈~
145260,2006,章海军,2021-12-28 14:15:23,16,17,1,结课了，觉得有一句古语评章老师真的很恰当。\n\n“云山苍苍，江水泱泱。先生之风，山高水长”\n\n时光不管有没有穷尽，我永远记得章老师。
149579,2006,章海军,2022-01-16 04:38:48,5,6,1,我好爱他
149594,2006,章海军,2022-01-16 06:25:41,0,3,3,真的是我心目中教授的形象，绅士优雅博学，给分还好。通识课也很为文科生考虑，我一个文科生就开卷考前复习了半天，居然最后是满绩，好感动
151338,2006,章海军,2022-03-01 00:52:47,5,6,1,满分拉满
156410,2006,章海军,2022-06-19 12:41:50,7,9,2,好老师，无需评价，只需先生二字足矣
157278,2006,章海军,2022-06-22 23:58:44,1,2,1,真心好老师
158090,2006,章海军,2022-06-27 02:55:09,13,14,1,真的好老师，上课生动有趣，很吸引人（强烈建议大家好好享受这门课），每节上课还会带一些实物给我们看，真的非常非常用心，章老师还很富有童趣，上课经常和我们开开玩笑，平时事情也很少，强烈建议选。好老师！好课！\n\n但是真心希望，选上这节课的同学们，能都去教室按时听课，老师上课不会什么雷达点名、数字点名，但是会随便叫人回答一些简单的问题，就是很轻松的互动，回答不出来完全没有问题。老师每次点名，却没人回答的时候，老师心理肯定很失落，这真的让老师太尴尬和失望了，我感觉也挺痛心的。老师这么精心准备的课程，精美的PPT，辛辛苦苦带来的很多新奇的实物展示，却被老师发现无故不来上课，真心希望章老师如此用心准备的课，能够被大家欣赏与喜欢！
158113,2006,章海军,2022-06-27 05:04:59,4,6,2,章老师人很好的！很负责任，也超级可爱\n\n给分也还挺好，作为文科生考试当天下午大致复习了一下，考试的时候还是有些不确定的地方，但是最后分数是不错的
158371,2006,章海军,2022-06-28 23:48:31,10,12,2,点一次名就能记住你的老师，在大学课堂真的很难得很值得感动。记得开学第一堂课老师一个一个点名和班上的同学打招呼，课堂内容总是引人入胜。是学者，是师者，先生之风，山高水长。
159510,2006,章海军,2022-07-29 19:45:08,6,8,2,坚持穿西装的老师，谈吐举止散发出儒雅的气息，上课时专业严谨亦不失风趣\n\n\n\n会因为“章老师总是怀疑一切”而去一个一个数扫描隧道显微镜下的原子个数，太可爱了哈哈哈\n\n\n\n考核是两次小组合作拍视频加开卷考，建议提前浏览PPT以免翻不到，有些题目还是很考验思维滴！
160104,2006,章海军,2022-09-13 07:52:03,1,3,2,开学到现在最有意思的课
160784,2006,章海军,2022-10-11 09:01:33,0,2,2,这个老师实在是太好太好太好了 上课幽默 人也特别好
162414,2006,章海军,2022-11-22 02:35:16,2,3,1,好老师，给分好，事少分高
162540,2006,章海军,2022-11-24 17:23:37,3,5,2,视觉信息应用技术挺适合作为外专业的跨专业课程，课程难度不大。老师教学很用心很负责，也体谅学生。
163511,2006,章海军,2022-12-14 17:12:35,-3,3,6,大爱老章
164038,2006,章海军,2022-12-17 11:29:08,1,5,4,章海军老师我爱你！\n\n不管成绩多少分，老师一定是满分！\n\n希望选到章老师课的同学珍惜！他太好啦！
164303,2006,章海军,2022-12-20 08:01:05,1,3,2,章老师我太爱你了！！！
164673,2006,章海军,2022-12-23 02:46:44,3,4,1,光电专业选修课里为数不多能让人感受到真正用心开展了的课程，给分也很好。
164881,2006,章海军,2022-12-27 08:04:13,4,6,2,10分 不多说
164900,2006,章海军,2022-12-27 11:48:26,6,6,0,虽然还没过完期末还没出分，但今天最后一堂课被老师感动得落泪了TAT真的不夸张，球球大家体验一次章老的课，体验一下这位和蔼可亲善良可爱的老师的课吧！
165379,2006,章海军,2023-01-03 19:26:54,2,5,3,不管你是学文学理，他的课都将是一段美好的回忆
166398,2006,章海军,2023-01-12 07:12:17,7,9,2,先生之风，山高水长
166402,2006,章海军,2023-01-12 07:19:00,-1,3,4,满了 zhjnb
166480,2006,章海军,2023-01-12 10:50:00,4,5,1,太喜欢章老师了，生动的知识和非常可贵的人文关怀。
166483,2006,章海军,2023-01-12 10:56:23,-12,4,16,留学生慎选 绩杀🥲🥲
167042,2006,章海军,2023-01-14 17:11:56,0,2,2,选就对了！
167775,2006,章海军,2023-01-19 04:17:48,3,4,1,选了视觉奥秘，老师人很棒，给分也超级好（一不小心就满绩啦），最后一节课还不舍分别，哭哭了，哈哈，很可爱很真诚。备课很认真，教具准备充足，上课会有很多好玩的小道具，认真听能学到很多，包括但不限于课本上的知识。老师超级尊重人，幽默风趣，把“色盲”叫作“视觉特异功能”；上课叫人回答问题，即使回答不上也会帮你化解尴尬。有时候不认真听课真的会感觉很内疚很对不起他。真的超级超级感谢老师！
167897,2006,章海军,2023-01-20 02:59:10,5,5,0,能学到东西，而且分高事少，讲课幽默，10分不多说
168458,2006,章海军,2023-02-17 05:46:31,2,4,2,给分很好，课堂很轻松，也能学到知识，老师也很爱和学生交流，会尊重学生的许多想法，绝赞的通识课
168944,2006,章海军,2023-02-23 15:10:00,2,2,0,超温柔一老师，上课还是很轻松愉快的。不直接点名但是每节课都会抽几个同学回答些问题，课程本身也挺有意思。
170008,2006,章海军,2023-03-01 03:28:27,0,3,3,大爱zhj
173947,2006,章海军,2023-06-05 06:03:15,2,3,1,这不10.0!
174122,2006,章海军,2023-06-06 11:06:48,3,4,1,老师好温柔，在群里每次发都会发辛苦大家，真的，我哭死，上课备课都很认真，很体谅大家
174419,2006,章海军,2023-06-12 05:31:00,5,7,2,绝对的好老师，处处为学生考虑，甚至会把期末作业截止日期放在七月，完全不需要有ddl焦虑，强烈推荐
174422,2006,章海军,2023-06-12 05:56:01,8,9,1,章老师是个特别特别好的老师，视觉奥秘与应用这门课就像走近科学一样，老师准备的课程和各种实验都非常有趣，有硬核的一小部分但绝大多数都是轻松好玩的，能增长知识的一门通识课，对人文社科的同学也很友好。老师非常具有人文关怀！
174671,2006,章海军,2023-06-15 11:18:57,1,3,2,冲冲冲
174969,2006,章海军,2023-06-20 13:13:50,3,4,1,爱死章老师了，每节课都很有趣很生动，考核压力等于没有，真正的通识！
177277,2006,章海军,2023-07-02 13:57:29,1,2,1,上课压力不大，但是期末考查还是有难度
178486,2006,章海军,2023-07-12 11:24:47,2,3,1,特别特别好的章老师呜呜呜呜呜
179503,2006,章海军,2023-09-17 18:02:59,0,2,2,特别特别好的章老师！10分给老师平时平易近人的态度
180278,2006,章海军,2023-09-21 02:41:38,4,5,1,我真的强推视觉奥秘与运用\n\n事情少，课程有趣，原来是开卷考试，因为疫情原因直接改成考察，完成作业就好。\n\n章海军老师真的对这门课倾注了很多感情，最后一堂课和我们告别老师自己都哽咽抹眼泪了，他绝对是我上大学以来遇到的最好的老师。\n\n即使有时候老师点名提问没有回答老师也不会生气，但是真的能看出他眼里的失落。\n\n任何人不选这门课我都会哭的TAT
181194,2006,章海军,2023-10-11 07:51:18,2,3,1,老师很有趣，上课带很多玩具。
181978,2006,章海军,2023-11-07 05:32:17,2,4,2,在章老师上课的时候写下这段话，哈哈台上的他会猜到我毫无疑问地打了10分的吧
181982,2006,章海军,2023-11-07 08:17:23,1,4,3,真的是特别特别好的老师，每节课都会给我们带很多小道具，互动也都特别有意思，知识点方面也能学习到很多。\n\n虽然只是一节通识课，但是老师让我感受到了真正的师德师风。老师可以记住很多同学的脸和名字（第二节课上课前被老师直接叫出名字的时候简直惊呆了hh）会像朋友一样和我们开玩笑，答不上来问题也会很耐心地引导。\n\n上大学这么久以来第一次这么想跟着一个老师继续学下去。\n\n都来选视觉奥秘与应用！！
185367,2006,章海军,2023-12-28 11:36:26,0,2,2,章老师特别特别好，上课很有趣，还会带很多道具和同学们互动。感觉章老师能记住每个同学的名字和信息，居然第二节课就可以对着人脸报名字猜经历了！期末考察改成做大作业，但是专门调整时间说要和我们期末周错开，不影响我们复习。上课会点同学回答问题，但是答不上来也没事（甚至人不在都没事）。章老师真的特别特别特别好！！
186072,2006,章海军,2024-01-08 07:05:35,2,3,1,第一次没给成绩前来评分。章老师人很好呜呜！\n\n讲课很好，十分细节，有种回到小学课堂的踏实感（没有说内容简单的意思，内容是深刻的），认真听会成为行外专家哈哈\n\n老师上课在很努力地记住所有人名字，积极和我们互动，这在大学也太难得了。\n\n给章老师满分！希望章老师生活快乐！Best wishes!
186087,2006,章海军,2024-01-08 08:33:48,0,2,2,真的很好
189399,2006,章海军,2024-01-24 02:27:48,4,4,0,章老师，我的神！\n\n这门课是我上过的所有课里最喜欢的一门！
190758,2006,章海军,2024-03-18 03:32:42,0,3,3,最爱的老师
193214,2006,章海军,2024-06-04 12:50:41,1,2,1,真正的好老师，打九分都算低了
197039,2006,章海军,2024-07-07 01:37:06,0,3,3,很开心能上章老师的视觉奥秘！\n\n从师生关系（老师会记住每个人的名字，课上跟我们互动；会体谅我们上智云或者请假）、课堂质量、课程负担（拍两个简单的视频、一个期末考核作业）、给分（期末考核作业有些难度，认真学了不少知识然后完成的，96）等来看都是非常非常棒的体验\n\n章老师风趣幽默和蔼可亲 十分！
198579,2006,章海军,2024-09-10 05:08:29,6,7,1,章老师一整个好老师啊啊啊啊，上课非常照顾我们的感受，听不懂回答不上问题都非常耐心，被老师瞬间叫出名字互动的感觉谁懂
198611,2006,章海军,2024-09-10 08:16:21,3,4,1,真的从来没有遇到过这么好的老师，上课又有趣，课程内容 上达天文 下通地理 中涉军事，无奇不有，老师还能通过神秘的方法预测你来自哪里，还没有期末考试，我要给一百分！！！
207572,2006,章海军,2024-12-23 07:03:32,4,4,0,伟大无需多言。
207581,2006,章海军,2024-12-23 07:32:06,2,3,1,章老师真的太好了 最后一节课过来留个十分😭 真的特别特别用心 best wishes and good good good bye
207593,2006,章海军,2024-12-23 07:47:22,1,3,2,海军真的是很好很好的老师，希望选这门课的你不要辜负他，要好好听讲哦🥹
207624,2006,章海军,2024-12-23 10:20:17,3,4,1,就问所有看到这条评论的同学，你还认识哪个老师能叫出全班的名字？\n\n海军神中神，伟大无需多言，一结课我就来给他打十分因为他值得\n\n最可惜的是明年退休了，但是查老师上会留下他的传说，，，
207629,2006,章海军,2024-12-23 11:03:31,3,3,0,gooooooood!!!!!
207752,2006,章海军,2025-01-18 05:33:00,5,5,0,期末大作业有难度，但是都藏在平时的PPT与章老师提到的要点当中，翻智云课堂回放和看PPT基本都可以找到。老师认真备课，记住同学们的名字，每节课的内容都很丰富，实践作业有趣且能让人学到很多东西。最后喜提92/4.8，感谢章老师！强推这门课，可惜章老师明年就要退休了，希望以后有幸能在紫金港，玉泉，乃至各地（他上课时自己提到的）见到章老师！！！
207755,2006,章海军,2024-12-24 07:07:10,2,3,1,老师真的非常好，视觉奥秘是我大学以来上过最有趣的课
207756,2006,章海军,2024-12-24 07:12:20,0,1,1,真的很好
207783,2006,章海军,2024-12-24 09:00:51,0,2,2,章老师真的特别特别好🤩 会记住每个人的名字和家乡，每次课都会带很多仪器过来，两个实践作业也很好玩！章老师似乎明年就要退休了，但是真的神中神！特别特别舍不得他😭
207857,2006,章海军,2024-12-24 13:40:58,2,2,0,章老师真的 这才是为人师表的真正样子吧 老师每次都会认真准备，每次上课也都会有一些小小的仪式感。对学生更是没得说，大学里从没见过一个老师会花心思记住每一位同学的名字。老师说自己准备退休了，真是有些舍不得，或许以后也再也上不到这种顶级的通识课了吧
213524,2006,章海军,2025-01-18 05:04:25,1,2,1,非常好章老师，使我绩点旋转\n\n课上真的很轻松，章老师认真准备课件，有各种道具，认真听受益匪浅（虽然但是本人没有）\n\n小组作业轻松，期末考试也简单，最终4.2，还OK叭\n\n主要是事少分不低，强推\n\n但是章老师在过一年就退休了，且上且珍惜。
214044,2006,章海军,2025-01-23 08:59:33,4,6,2,章老师是我在大学中见过的最尊重教书和育人这项事业的老师，每一节课都有可爱的仪式感，课堂准备无敌旋转爆炸充分，作为通识课真正带我领略了视觉奥秘无限风光。\n\n视觉奥秘考察主要就是很简单的小组作业和一个期末大作业（会专门等大家期末考试差不多考完的时候下发），期末大作业由很多细节小问题组成，是有一定完成难度的，拿高分需要重回PPT、智云课堂、课后资料等，我自己在完成作业的时候还是遇到比较多坎坷，但是找到答案的一瞬间还是成就感满满(*^▽^*)，认认真真做完来表达对章老师的感谢和认可了～\n\n听老师说可能马上要退休了呜呜呜，虽然与诺奖失之交臂的遗憾无法弥补，但是章老师在科研与教学事业中的贡献已然价值无上的荣光和表彰！\n\n祝好，祝章老师和看到此条的宝宝们开心顺遂～
214367,2006,章海军,2025-02-02 05:43:18,1,2,1,章老师真的是一个负责任且很有育人情怀的老师！
214658,2006,章海军,2025-02-16 03:19:37,2,2,0,伟大无需多言
217656,2006,章海军,2025-04-15 01:28:05,0,0,0,很认真负责的老师
219494,2006,章海军,2025-05-28 15:20:37,1,1,0,章老师真的是很好的老师，结课很久了突然想起他，留下了我大学的第一个评分。
219641,2006,章海军,2025-06-03 02:23:36,0,0,0,海军人真的特别好，但就是一节课叫我100次￣□￣
220121,2006,章海军,2025-06-15 06:50:26,3,3,0,这才是一个好的大学好的通识课程该有的样子。老师上课讲解会很细致，而且会展开一些很有趣的例子和实验，也会希望和同学有互动（我那个班比较拘谨，老师有时候没有得到答复会很失望的样子）。平时的任务也十分轻松，只有两次小组作业，制作似动动画和高速摄影，甚至最后一节课老师会提前下课说是用来弥补我们课外做这些作业的时间。最终考评是在三天内完成的一份作业，可以翻书和ppt，基本都能找到，我认真翻书和ppt最终刚好95拿下我第二个满绩。\n\n老师会记住每个同学的样子和名字，能够一一对应，在第一节课甚至展示了他视觉分析的能力，根据样貌和名字分析每个人的家乡。上课不会点名，因为直接看人就知道来没来，即便没来他也会默认你在看智云。老师喜欢在课前放歌，都是一些有年代感的歌，不过随着课程即将结束，放的歌也越来越悲伤，真的非常有感触。\n\n章老师的10分是查老师的上限只有10分，听说老师明年这个时候就要退休了，想上这么课的同学一定要抓住计划啊！！！
220126,2006,章海军,2025-06-15 07:38:50,1,1,0,章老师真的是我上大学以来碰到过最好的通识课老师！上第一节课就能把所有同学的名字全叫出来，平时对待课堂也非常认真负责，每节课还会自己准备很多小道具给我们。平时作业基本上没有，最后是一次期末大作业，题目都可以从ppt和智云课堂上找到，只要认真做你就会收获满意的成绩。10分！
23868,2082,郑臻荣,2016-07-05 23:33:08,16,21,5,必须十分！谁上谁知道
25740,2082,郑臻荣,2016-06-06 05:30:19,5,5,0,只是想来打个分
25741,2082,郑臻荣,2016-06-06 06:16:04,5,5,0,墙裂推荐
26039,2082,郑臻荣,2016-06-15 07:28:40,4,4,0,推荐一发
26400,2082,郑臻荣,2016-06-18 01:09:47,3,3,0,很好的
32113,2082,郑臻荣,2016-07-05 15:55:45,1,2,1,强烈推荐
57565,2082,郑臻荣,2017-07-17 03:17:51,4,4,0,出分了，谢谢老师
90616,2082,郑臻荣,2018-11-24 14:50:04,1,2,1,很好很好
109038,2082,郑臻荣,2019-06-06 04:18:12,3,3,0,非常好 简直太好了 哭
114234,2082,郑臻荣,2019-07-09 08:04:10,1,2,1,老师分数给我上去
123992,2082,郑臻荣,2020-06-19 02:39:10,2,2,0,老师讲的很好很细致，美中不足是语速太慢，很催眠，二倍速回放毫无违和感。另外听说隔壁教改班是同学自己讲，想想就可怕。
139948,2082,郑臻荣,2021-08-22 11:24:33,2,2,0,强烈推荐
143889,2082,郑臻荣,2021-12-10 10:06:09,2,2,0,郑老师贼帅，亲切，讲课水平高，经常上课带一些实物给我们看，讨论课还给我们带东西吃
148754,2082,郑臻荣,2022-01-13 12:13:43,2,3,1,长得帅，给分好，人也很nice！
156743,2082,郑臻荣,2022-06-21 01:13:43,6,7,1,给老师磕一个，应用光学给分巨好。期中六十多，期末认真复习所以感觉考得还不错，最后总评92。\n\n期末看智云的时候发现老师讲的很清楚，后悔没听课了（平时没听课只看书，学的很痛苦）\n\n最后，一定一定要听课，有很多定性的东西书上没有/很隐蔽（考试要考），李晓彤老师的那本教材感觉更偏向于大量的定量计算
156781,2082,郑臻荣,2022-06-21 02:59:18,3,4,1,神！讲得好给分好，还会像哆啦A梦一样上课的时候掏出好多东西（AR眼镜，宇航员头罩（？），镜头，被肢解的手机，无人机……）给同学们传下来玩。顺便老师长得真的很帅哈哈
176811,2082,郑臻荣,2023-06-30 08:41:06,2,2,0,绝对赞！
178140,2082,郑臻荣,2023-07-07 06:35:54,1,1,0,赞，选他就对了
196532,2082,郑臻荣,2024-07-04 02:56:28,4,4,0,上课思路清晰，课堂有趣（会带很多好玩的东西给我们玩），对待学生和蔼可亲，给分巨捞！！！！！\n\n选他！！！
220592,2082,郑臻荣,2025-06-18 17:45:16,0,0,0,儒雅风范，给分很棒，讲课清晰，有深度有广度！
84631,2094,李海峰,2018-07-13 11:46:55,0,0,0,?
85037,2094,李海峰,2018-07-15 05:05:14,0,0,0,弱智。
98057,2094,李海峰,2019-01-23 04:36:38,0,0,0,垃圾老师
13979,2110,徐之海,2017-12-28 09:57:52,-17,4,21,很高尚的说，上过课的每个学生都留下邮箱联系，结果是为了以后发广告让我们给他投票：）哦
17429,2110,徐之海,2016-01-20 07:54:12,-4,8,12,总之就是绩点会很诡异啦 低得诡异
17623,2110,徐之海,2016-01-20 13:46:15,5,13,8,很好的，前面两位还是自己找找原因吧
33193,2110,徐之海,2016-09-15 12:07:45,0,4,4,还不错
41141,2110,徐之海,2018-01-19 13:06:04,-3,10,13,绩点低
41761,2110,徐之海,2017-01-13 10:46:01,2,8,6,老师很有人格魅力，也非常尊重每一个学生~最后展示无论做得怎么样，都会得到老师的鼓励与肯定。老师在光电领域是绝对的权威，但他仍会和同学认真讨论每一个问题，总之上完课感觉有些不舍，老师令人尊敬
41818,2110,徐之海,2017-01-13 01:46:05,3,7,4,给分蛮好的哦 至少付出时间就一定会有回报
41820,2110,徐之海,2019-09-02 08:42:40,12,17,5,老师给分比较良心，前面几节老师讲的课可以翘，后面一次计算的题目一次presentation做好，最后三节课每个同学的presentation多提问分就会比较高
41922,2110,徐之海,2017-01-13 08:40:29,2,4,2,敬佩老师的人格魅力
49958,2110,徐之海,2017-04-27 13:57:29,2,3,1,老师非常好 和蔼
66611,2110,徐之海,2018-01-17 13:28:05,1,3,2,最后一节课老师分享自己的经历很走心，前几节课略水，后三节展示课参与进去的话可以学到很多东西，另不推荐文科生选。
66914,2110,徐之海,2018-01-19 09:23:00,2,6,4,作为教授和博导给本科生开课很难得!老师真的很棒!很敬佩老师!
66917,2110,徐之海,2018-01-19 09:32:55,-1,2,3,老师人很亲切，研讨课挺有趣的
66961,2110,徐之海,2018-01-19 12:42:33,5,8,3,付出很大心血 莫名低绩点 心碎?
66969,2110,徐之海,2018-01-19 13:10:15,11,19,8,三个很小很小的作业加最后10页的PPT，可以说很轻松了，最后PPT我觉得不需要很高深，尽量创新有趣就行，绩点4点几没啥问题的。然后老师人很大气的～
67434,2110,徐之海,2018-01-21 07:55:16,0,2,2,很棒棒
67546,2110,徐之海,2018-01-21 13:21:18,0,4,4,老师非常有风度，很和蔼。课程可能专业性不够强，更贴近科普，但是也是考虑到有文科的同学加入。不过有平时了解不到的探月工程发展的内部消息作为弥补，应该说知识容量还是够的。课程任务不重，一份纸质报告和ppt加presentation，报告就是搜集信息加排版，没难度，ppt是重点，但是不需要很强的专业知识，设计实验细致一些就挺不错的。讨论时多提问发言，还是会有不错的收获的。(4.5)
67778,2110,徐之海,2018-01-22 07:06:44,1,4,3,老师人很好，任务量不大，展示课多发言就好了。ps：老师最后一节课自己的分享很棒
70822,2110,徐之海,2018-01-27 14:37:47,0,2,2,收获很多，老师很用心
78047,2110,徐之海,2018-05-09 06:43:13,1,9,8,这门课…平时每周都那么多作业 还用心做了PPT 结果还不如别的水的通识课给分好 很亏。而且其实学不到什么有用的东西，主要是准备自己的实验的时候，自己查自己学的\n\n10分给的是老师本人 老师人还蛮好的 也会传递一些探月工程最新动态 老师的科研水平也很高
78836,2110,徐之海,2018-05-15 13:48:49,-1,2,3,人好，事少，给分emmm反正我挺高的。\n\n老师专业，有激情，热爱航天。\n\n最后作业要求设计小实验，一定要注意可行性，注重原创和新意。
79670,2110,徐之海,2018-06-12 14:23:09,1,3,2,超级棒的老师，科研水平很好，上课作业认真做能学到很多，给分也很好
81160,2110,徐之海,2018-07-04 07:43:25,0,3,3,新生研讨课--事情很多，不会很水。老师在光电方面确实有权威，上课还可以。展示作业自认为做的认真，讨论也很积极，绩点比较低。这个课老师的主观想法非常重要，他觉得你的展示不好也就不好了。仁者见仁智者见智吧
103561,2110,徐之海,2019-03-01 05:51:42,-2,0,2,真的很棒的老师
107698,2110,徐之海,2019-05-08 10:49:09,-1,0,1,老师上课很认真，给分也好
109604,2110,徐之海,2019-06-17 13:12:27,5,7,2,老师个人魅力很强? ，爱了。科研能力强，也很开明，也很幽默，爱航天。\n\n唉~，好像以后能和老师一样为航天工程出一份力啊。
109607,2110,徐之海,2019-06-17 13:07:26,12,15,3,刚上完最后一节课，真的太感动了！老师有学者严谨的风范，也有老师的仁心和气量，上徐老师的课真的是一种享受！最后一节课和我们讲了很多人生的道理，老师真的超级博学，格局也很高。这么快就结课真的好舍不得啊5555 表白徐老师！
110302,2110,徐之海,2019-06-25 12:16:07,1,2,1,老师人很好，事情不多，给分好。很赞！
110358,2110,徐之海,2019-06-26 04:05:11,0,3,3,老师真的超级nice，老师博学多识，上课内容很饱满很有趣，而且老师总是不拖堂，只要学生与他交流，他都会倾心聆听，而且会记在心上，一切以学生为重。真的有了解很多航天知识，虽然没能一起去看星空，有点点遗憾，但是课堂真的超级精彩的呀！以及，老师超有人格魅力，最后一节课真的收获颇丰，老师传授了很多人生哲理，并且老师书法也写得很棒的。总之，老师一级优秀！力荐本课程！
110824,2110,徐之海,2019-06-28 09:39:05,-1,2,3,老师会讲很多有意思的干活，也很注重学生的建议，说话的语气特别喜欢，是那种很沉稳的，事情少，最后展示我看别人做的以为要被正太了，结果给分还是挺好的！
111863,2110,徐之海,2019-07-03 01:31:47,0,2,2,这样的老师才是真正的大师
120522,2110,徐之海,2020-01-12 02:31:15,8,12,4,徐老师的深空探测课超级棒！上课还会每人发一个小桌牌，巨可爱！一共有三次作业，第一次只是向老师发个邮件提有关课程的建议，第二次是一个对一个国际深空探测工程的综述，比较简单，最后一次是设计一个月球小实验做PPT，老师会选10个人最后一节课堂展示，展示时候同学提问还会加分。最后有幸被选中进行课堂展示ヽ(○^㉨^)ﾉ♪，其实本想最后能拿到4.8或满绩，最后被卡到了4.5，但也是非常满意啦！！可能是第二次作业做的不太好叭！对深空探测超级感兴趣，如果徐老师开深刻探测2的话一定还会选！
122917,2110,徐之海,2020-04-21 01:38:07,-2,2,4,来自徐老师的深空探测，最后还是没等到返校就结课了，有点舍不得~\n\n老师很用心，处处能体现出严谨的学者风范，课程内容也非常详实，学到很多\n\n希望将来也能像老师一样为航天工程出一份力吧！
122939,2110,徐之海,2020-04-23 07:38:33,-2,1,3,老师挺好的
122941,2110,徐之海,2020-04-23 07:55:19,0,3,3,给分差
123361,2110,徐之海,2020-06-05 15:47:56,2,5,3,上课水平不错，还会和同学互动\n\n但是给分不太行\n\nppt完全是按照漂不漂亮给分，最后上来展示的人都讲完了老师还在问你要讲的东西在哪里，这种明显偏题的作品我不知道怎么被助教选出来的\n\n最后因为正态每个人扣10分，我佛了\n\n总而言之，老师水平好，助教不太行
123619,2110,徐之海,2020-06-10 13:52:43,1,3,2,通识课事少给分好。虽然实验设计我觉得我搞的就是坨*，但最终还可以接受。
139009,2110,徐之海,2021-07-12 07:37:50,0,3,3,老师真的太好了，认真学一定会有好成绩的。呜呜最后忘记要老师的签名了有点可惜，人文学子怒推
139012,2110,徐之海,2021-07-12 07:47:20,2,4,2,必须10分，给分超好，作业就是一个课程建议，一个查阅文献报告，一个大作业ppt，我们今年因为还有个小的思政作业。最后好的ppt会被挑出来展示，老师上课很有趣，内容有些很震撼，总之很适合选。关于下面ppt只按漂不漂亮选这点不敢苟同，我们展示的9个ppt，有4-5个也是很普通的排版，装置还是手绘的草图，但是很新颖想法也很好，所以我觉得最主要还是你所要做的实验是不是有独特之处。
144601,2110,徐之海,2021-12-22 14:26:01,-1,1,2,大师，好老师，非常有幸能成为老师的学生
150915,2110,徐之海,2022-02-21 05:02:58,2,2,0,哈哈哈
154418,2110,徐之海,2022-06-01 06:15:21,6,7,1,老师还是很好的，水平很高很厉害。但是莫名感觉上课没有学到什么东西，都是报菜名式的知识点和一些纪录片的展示之类的。整体还是不错的，但是和我对这节课的期待差距很多。
155644,2110,徐之海,2022-06-15 03:05:39,-6,3,9,给分超级好，老师水平也超级高，通识课程就是应该这样，与其毫无意义硬卷，不如真正在自己感兴趣的地方花些时间，这个课回报和付出还是很成正比的。
155726,2110,徐之海,2022-06-15 11:12:55,0,2,2,徐老师本身是参加探月工程的学者，不过他讲的东西不是他的专业，在我看来有很多不严谨的地方，也不深入，浅浅带过。绩点主要由最后的创意实验决定。想要设计好这个实验很难。依我看，最后上台讲的那些实验和我做的一样烂，要么毫无意义要么漏洞百出。如果严谨的考虑一些科学问题的话，根本想不出好的点子，反而那些没有数理基础的脑洞大开容易拿分。另外，课程几乎没有平时考核，就算一节都不上也能做好作业，拿高分，欢迎水课。综上，老师还不错，给分随缘，这个课适合文科生。
174894,2110,徐之海,2023-06-19 12:43:51,-4,1,5,满绩。最后是被选中展示的几个人之一。在做ppt前，先向老师征求了相关的意见，对最后的设计实验有一定的帮助，但其实还是主要靠自己。想被选上，只能说一定要有新意，因为重复的会只选一个。被选上之后，老师会指导你改哪些不合理的地方，重点应该往哪偏（虽然究竟效果如何还得看自己）。这玩意我前前后后也算花了七八个小时。然后因为我的实验比较未来，所以很多漏洞都可以混。毕竟台下许多人都抢着挑你的问题，实验还是应该完善一点。
191561,2110,徐之海,2024-04-25 07:47:10,14,15,1,首先，这门课已经不是去年前年的课了，我觉得，第一点，有一个不称职的助教。平时作业都很认真完成，最后大作业每一页ppt精心设计，被助教xjh称作“字号不统一”、“排版混乱”，经过我的反驳，助教一句话说不出来。\n\n其次，这门课到现在能如此走下坡路，我想还有有个必不可少的因素，就是徐老师的“创新”有一些难以理解，我不明白为什么被选上去的那些实验能叫创新实验，在我看来，有些甚至不能称为“实验”。当然，我没有任何攻击同学的意思，他们能上去，就代表在助教看来比我强。\n\n再重复一点，就是有这样敷衍了事的助教，整个人看起来就是非常不靠谱的，最后的大作业任务布置不清晰，直到出成绩了，我去寻求解释的时候，才把评判的准则发出来，最后选上去的同学在做报告的时候都能被徐老师当面问实验的目的等应该在ppt内清楚呈现的内容。这样的助教不知道为什么要出来祸害人。反正深空探测这门课，在我看来，谁选谁倒霉，这门课早已不是两年前那个深空探测了。与其选这样一门争议这么大的课，为什么不去别的通识课看看？\n\n\n\n\n\n\n\n最后，有一说一，徐老师可能有些主观，但是这个老师是个好老师，办事很稳健，没有架子，这门课事情确实少，如果你想拿学分就冲。\n\n给徐老师满分。同学是好同学，老师是好老师，助教真是。。。\n\nTips：以上观点经过无数次修改，语言已经足够文明了。
191562,2110,徐之海,2024-04-25 03:22:19,5,5,0,那位长文给差评的同学很中肯
192439,2110,徐之海,2024-05-20 04:29:41,-2,5,7,看了同学的长评，我有很多话想说。\n\n我是在春学期修读这门课程的。我觉得老师很好。平易近人且有自己的原则和底线，是一个很有力量的人，我很喜欢徐老师。徐老师上课讲的都是有关深空探测的内容啊，很切合课程的主题。\n\n我想理一理思路：你说有些同学的实验不够创新，甚至不能称之为实验，实验目的意义不明。不清楚你说的是哪几个实验，但就我看来，展示的同学展示的实验都具有一定的创新性，如果你怀疑这些实验的意义，可以在讨论环节与同学进行探讨。\n\n大作业的题目是创新实验，对比起和其他同学的创新实验，包括目的意义可行性分析实验设计等几部分，如果你觉得你比展示的同学设计得新颖且完备，那你的评价无可厚非。如果学长真的只是因为你排版问题pass你，我感到遗憾。我相信学长筛选时不止看排版，也看了内容，不然他怎么筛选？\n\n总之，我的观点和前面的同学说的一样。老师人很好，最后的展示课只要你想就可以发言，畅所欲言。\n\n这门课，努力与回报成正比。
193059,2110,徐之海,2024-06-03 07:27:38,1,3,2,24年夏学期，今天最后一节课。我要diss一下楼下5.20那一条，我合理怀疑哥们是文科生（无恶意）\n\n选课的时候看到这个题目，尤其是带着科技创新的标签，我会认为这是一个讲授技术或者某些原理的课程，但实际内容是科学史（小作业也都是科学史），大大不符合心理预期。但是，大作业是创新实验，明显与科学史是拉开差距的。\n\n实话实说，老师选取的上去pre的“优秀”同学有一些是比较离谱的，比如说在月球种作物（课题很好，只针对这位同学体现出来的内容）但是根本不考虑氮肥的，被下面同学提出了质疑。比如说在已经建好的月球基地内（有气压）扔纸飞机然后发现可以扔的远，老师亲口承认“为了好玩”，那这个实验目的是什么呢？\n\n总之，虽然老师评分高，但是这课建议不选，最后大作业让人捉急。
199433,2110,徐之海,2024-09-23 12:32:39,0,0,0,很好！老师很厉害！！
201803,2110,徐之海,2024-11-06 12:06:05,4,4,0,老师给分是真的松啊，上课都没发过言，一直刷小说都拿到了4.2（我拿过的最高绩点），必须打十分。课程内容与考试联系不大，基本上第一节课与最后一节课上就可以了，上课不点名放心翘。上课发一次言裸分就加一分，想冲高绩点的只要多发言就行了。
201809,2110,徐之海,2024-11-06 12:18:56,3,3,0,课水，不点名可翘，作业少，无考试，给分主要看课堂积极度与实验设计大作业
201849,2110,徐之海,2024-11-07 02:28:58,6,6,0,24-25秋深空探测，今年换助教后给分明显变好。课很水，不点名，事情稍微有点多（个人体验）。\n\n课程主要介绍太阳系各天体概况和历次深空探测情况，类似科学史，科普性质很强，不涉及技术细节。对人文社科类的同学来说应该比较友好，但是恐怕不能满足想了解前沿技术和信息的同学的要求。\n\n课程作业包括：①给老师写一封信②网上文献资料查阅报告③查阅感人航天故事④设计深空探测小实验，总体来说比较好水。设计实验占分比较大，想拿高分关键是选题要新颖，具体细节和可行性倒没那么重要。\n\n总的来说很适合需要科技创新学分的同学ψ(｀∇´)ψ！
201868,2110,徐之海,2024-11-07 05:14:47,1,1,0,神中神，24-25深空探测\n\n老师很好，讲解课堂相关内容清楚，语气态度温和，逻辑性强，也会讲一些有趣故事\n\n课堂内容很多，如果想要了解航空航天知识可以选修，是很好的选择。\n\n如果想水课的话，也可以，课堂内任务少。\n\n作业内容稍微有点多，看前面老哥已经提到了，但是只要能稍微认真，带有一点思考地完成，就可以获得高分\n\n秋学期 4.8 respect
202429,2110,徐之海,2024-11-12 15:31:51,1,2,1,老师的深空探测真的很好啊，课程上能听到我国深空探测的一些前沿信息，同时也比较科普，容易听懂。平时作业稍多，但是给分真的很好，凭着最后课堂PPT展示和发言捞到了满绩。大爱徐老师，太有魅力了。
208812,2110,徐之海,2025-01-02 07:26:21,1,1,0,超级推荐！\n\n\n\n课程内容：为数不多我一个文科生能基本听懂的理工类通选，老师讲得特别生动有趣、深入浅出，水平绝对在线。课程组自己编的教材今年已经出版了！\n\n签到情况：整个学期除了第一节课只点了一次名，而且还提前通知了\n\n作业：平时作业量不大，都蛮好写的。期末作业是围绕话题做份PPT，优秀的同学要上台pre。\n\n给分情况：给分超好，积极发言（问题基本不难，我一个高中物理学考B的文科生都大部分能答出来）➕认真做大作业分数不会低的\n\n我们班在不超过95分的情况下发一次言总成绩就能加一分，超值\n\n像我虽然大作业方案做的稀烂（创造力匮乏，真的想不出来月球上有什么好做的可行性高的实验），但还是靠平时哐哐发言拿到了94分绩点4.8（差的那1分我觉得是大作业实在太烂了老师不想捞）
21533,2141,李奇,2016-02-29 06:27:50,3,5,2,如果真感兴趣推荐来听
25357,2141,李奇,2016-05-16 02:50:30,0,2,2,给分很好的，也很轻松，老师很好很和善，洗照片体验不错，留学生好多
33102,2141,李奇,2016-09-13 00:51:49,-14,1,15,帅，歌甜，气质佳，不留作业，给分特别高，和我室友同名，所以我是来恶搞
36554,2141,李奇,2016-11-15 00:53:28,1,2,1,一次点名，一次小测，三次实验，认真听的的话可以学到很多。三次实验都很有趣，特别是洗照片。老师最后的给分也超好。
36597,2141,李奇,2016-11-15 04:25:22,1,1,0,给分很好 ...上课很水，签到点名
36629,2141,李奇,2016-11-15 06:28:59,0,0,0,好老师，给分好，很温柔
36641,2141,李奇,2016-11-15 07:27:47,-1,1,2,课有点无聊，但是洗照片很有趣
38945,2141,李奇,2016-12-20 03:05:32,1,4,3,点名会提前告诉，一共点两次，有一次是小测代点名。小测可以动用各种设备，你懂的。三次实验选两次去即可，最后的作业是交一张黑白照片一张彩色照片。事儿真心少，课可水可听。给分真心好。
48156,2141,李奇,2017-03-01 03:10:23,0,1,1,想听能学到东西，想水可花式水，给分好，实验有趣，强力推荐。
49796,2141,李奇,2017-04-26 06:24:01,6,6,0,给分很好 洗胶片很好玩 强推
49946,2141,李奇,2017-04-27 11:34:24,-4,0,4,水水水
50228,2141,李奇,2017-05-01 14:01:31,1,1,0,老师很温和，给分好，上课不错就是有点无聊
58865,2141,李奇,2018-06-13 12:52:39,24,37,13,老师极好，优点和几点说明前面的评论都有了。\n\n留学生是真的多，且素质极差，尤其南棒。
58872,2141,李奇,2017-09-18 07:30:16,6,9,3,老师讲得很好给十分。如果你能看得见能不能管管后面的留学生，一直讲话，都听不清你讲课啦‪( ⸝⸝⸝•_•⸝⸝⸝ )‬♡
61320,2141,李奇,2017-11-14 11:31:53,0,0,0,干货超多，没有作业，周末三次实验课，玩学校的单反，有趣很棒，推荐对摄影感兴趣的小伙伴来上哦。(◦˙▽˙◦)
61327,2141,李奇,2017-11-14 13:33:01,6,6,0,老师人超级温柔，而且真的有在教东西。期末就是交两张照片。给分又很高！太棒了！
61387,2141,李奇,2017-11-16 03:53:16,2,2,0,老师上课很认真，感觉得到的专业。照相机与摄影技巧就三次实验一次用来点名的小测给分超级好诶强推
61495,2141,李奇,2017-11-17 16:09:46,0,1,1,挺好玩的一门课
61587,2141,李奇,2017-11-19 03:31:22,2,3,1,刚刚出分，贼开心，跑来打个好评。老师脾气不要太好，超级和蔼温柔，上课也会用一些摄影作品做例子讲课，很实用。就上一节晚课，然后实践课相机胶卷都是提供的，会洗照片啦超开心！表白老师！（就是课上韩国学生太吵了很气，老师太温柔了，也不凶他们。。）
62604,2141,李奇,2017-11-26 06:51:58,3,3,0,李奇老师人很好！洗胶片很好玩！给分超棒！
64920,2141,李奇,2017-12-28 03:12:37,0,0,0,就很好 可以玩相机  绩点奇高
76783,2141,李奇,2018-04-23 07:55:04,7,9,2,老师讲话真的超级温柔，上完最后一节课来给个满分，老师很专业哒如果想学是真的可以学到很多东西。韩国留学生的素质真是让我呵呵，南棒一生黑了。
78780,2141,李奇,2018-05-15 06:58:50,0,0,0,好 必须听啦
89044,2141,李奇,2018-11-14 14:21:49,2,2,0,老师人真的太好了啊啊啊。这门课也强推啊啊啊，特别是对摄影感兴趣的同学。没有论文没有展示没有考试的课，而且能学到摄影方面的很多知识，有摄影实践，有洗胶片的体验。总之，真的很棒，给分也好。
89102,2141,李奇,2018-11-15 14:42:27,0,3,3,满? √收获√有趣√轻松√
90190,2141,李奇,2018-11-22 11:39:14,0,0,0,谢谢老师帮我把条子交到玉泉，太感谢辽
105846,2141,李奇,2019-04-22 02:05:14,1,2,1,老师太棒了，很优雅，给分也超级好，事情也超级少。力荐！
105853,2141,李奇,2019-04-22 03:23:40,4,4,0,强推啊，实践课炒鸡有意思，老师书生气质浓郁，给分也很好
105854,2141,李奇,2019-04-22 03:24:22,1,2,1,超好的老师！实践也有意思！给分超好！
105872,2141,李奇,2019-04-22 12:08:21,1,2,1,老师也太好了 事情少给分好 赞赞赞
106538,2141,李奇,2019-04-28 04:56:20,2,2,0,北棒子一生黑，真的就是sb，事情真的很少，洗胶片也好玩！
118865,2141,李奇,2019-11-07 06:30:39,4,5,1,老师真的爱了！！事少分高 而且老师说话特别温柔 满满的书生气 看到绩点之后第一件事就是来给老师打满分！
122946,2141,李奇,2020-04-24 03:51:55,5,7,2,网上上课比较轻松，总共三次小测，期末交两张摄影作品，对他人摄影做赏析，300字左右。一周只上2节课，小测基本前几节课听懂了就会做，其他基本没事情，课外总共就花了个几个小时，也能学到不少知识，强推！
122947,2141,李奇,2020-04-24 04:09:33,0,1,1,我来给老师打10分啦！老师人真的超好，很温柔，会替学生考虑，给分也相当不错。老师自称工科男开的摄影课偏重技术，课上关于照相机的理论会比较多。老师的讲解也非常清楚。遗憾的一点就是线上上课，没有体验到摄影实践很难过555555，总之李奇老师的课选到就是赚到啊！
127271,2141,李奇,2020-11-19 05:00:18,0,0,0,事少是真的
127280,2141,李奇,2020-11-19 12:59:01,5,7,2,事情确实不多。点到和小测都在的，照片也好好洗好好拍了，分数有点失望吧。
135159,2141,李奇,2021-05-05 05:50:20,1,1,0,老师很可爱，讲课中能够感觉到对照相机和摄影真心的热爱~\n\n不知为何听老师讲课有时候会联想到喜欢拆解玩具的男孩子hhh\n\n事少分高是真的，认真听也能够学到摄影的入门技巧，不要太赞！
140465,2141,李奇,2021-09-12 14:57:07,0,0,0,超喜欢李奇老师的照相机课！老师人好好呀，听说光电的通识都好好，可惜通识修满之后才知道，吹爆这个课，事儿少分高老师好，关键我觉得我自己拍照水平一般最后也有4.8，呜呜呜，谢谢老师
142552,2141,李奇,2021-11-13 06:35:36,-1,0,1,老师讲课很好，让人很舒服！\n\n实践课也学到很多
151548,2141,李奇,2022-03-07 07:53:37,-1,0,1,老师很好不错，但是我小测很拉，会怎样啊😭
152703,2141,李奇,2022-04-18 14:08:43,1,1,0,老师好温柔，知识佷渊博。课程很友好
152709,2141,李奇,2022-04-18 14:56:44,0,1,1,老师真的特别好特别温柔，这门课也有很多实习非常有趣，这门课没展示没论文，只有玩玩拍照，而且给分还特别好
152728,2141,李奇,2022-04-19 03:08:16,9,10,1,老师他变了 三次小测都是会算分数的 不像之前同学说的只是算点名了😢实验参加就有分数 后面大作业也还行🤤大家一定要注意小测 这个分数是能把握在自己手里的 不过老师在一开始也没有说具体分数比例 有点坑🥺🥺虽然老师们都很好
152843,2141,李奇,2022-04-20 11:32:02,2,5,3,出分啦\n\n过来吹爆李老师\n\n人很和蔼上课声音很温柔\n\n课上内容大都是照相机普及知识 对摄影业余爱好者非常友好\n\n会有小测 但是是选择题 非常水像是点名\n\n课外实践就是拍照片和洗黑色照片 边美娟老师也很温柔 \n\n认真拍照后给分超级好 喜欢摄影同学无脑冲吧！
161561,2141,李奇,2022-11-09 05:39:31,5,8,3,刚给分，都做了给分好差
161628,2141,李奇,2022-11-09 14:27:49,0,1,1,真的给分很好吗？
161735,2141,李奇,2022-11-11 14:16:53,2,4,2,可以水课，绩点随机分配
162262,2141,李奇,2022-11-18 13:54:13,-3,4,7,谢谢李老师！更谢谢实验课课友！\n\n上课并无听得特别认真，但还是有能够应付小测的程度的。\n\n然后实验课一次跑去体测，一次跑去学生组织活动，\n\n照片全靠课友帮拍，帮洗，\n\n最后4.8!喜提入学以来最高绩点！\n\n给了我好好学习的动力！\n\n然后李老师上课超级温柔，大家全神贯注地听，\n\n真的有不少收获！\n\n曾经选这门课的时候以为必寄，\n\n毕竟有不少大佬（比如求是潮的），\n\n但真的会有惊喜！大家快冲李老师！
172343,2141,李奇,2023-04-25 07:43:31,2,2,0,李奇老师和负责实验的边老师人都很温柔！\n\n每周一节理论课，一共三节实验课，有三次小测形式的点名，小测就是五道选择题（不知道算没算到成绩里）。\n\n理论课认真听听可以学到很多关于照相机和摄影的知识，实验课两次拍照一次洗照片，很好玩！本人摄影小白，一直想学习摄影所以选了这门课，第一次摸到相机，学会了相机的基础操作。\n\n最后考核是交两张照片，一张彩色的还有一张实验课洗的黑白照。我是第一次摄影，彩色照就交了自己喜欢的一张。最后给分很惊喜！超级高！\n\n对摄影感兴趣的同学速冲！
172356,2141,李奇,2023-04-25 10:42:55,1,1,0,事少分高
175101,2141,李奇,2023-06-21 13:25:49,2,2,0,给分不算高
178834,2141,李奇,2023-07-24 16:34:37,0,1,1,照相机与摄影技法技巧。老师允许智云，课后的测验也会同步开放在雪灾浙大。实验挺有意思的。但是没有基础容易被正太，正太大概3.9.
179535,2141,李奇,2023-09-18 04:41:19,0,1,1,钉钉已读不回
182254,2141,李奇,2023-11-13 10:35:04,0,1,1,老师不点名，但是偶尔会有小测，相当于点名了吧，小测不多，晚上的课会合并成很水的实习，很轻松特别好。刚上大一，拿了大学的第一门满绩耶
182263,2141,李奇,2023-11-13 14:01:48,2,4,2,不明白为什么绩点这么低 老师给分很悬 慎选
182267,2141,李奇,2023-11-13 15:13:35,0,0,0,李奇老师真的给分很好，只要认真完成三次实验就可以拿到较高的分数。平时上课偶尔会有小测，但大多数问题都可以去网上搜索，问题不大，主要就是实验课按时去，实验课也不太需要提前准备，书都不用看，确实比较简单，期末的照片按时交就好了，对摄影技巧要求真不高。
182372,2141,李奇,2023-11-15 09:17:09,0,2,2,事少分多老师好，照相机是我心目中的神课
182379,2141,李奇,2023-11-15 11:12:38,0,0,0,上课比较轻松，小测应该算分，没怎么听
182480,2141,李奇,2023-11-16 11:03:28,0,1,1,李奇老师超级好，虽然同学们可能在课上做自己的事，但李奇老师会按自己的节奏认真上课，干货满满，对摄影感兴趣的小伙伴快冲！同时也超级喜欢边老师，会耐心指导同学们做实验，还会帮我挑选构图好的照片。得4.5还行吧，主要是我觉得理论有些枯燥，对实验和实拍更感兴趣，可能上课没认真，给老师说句抱歉。
182894,2141,李奇,2023-11-21 03:50:44,1,1,0,偶尔会有小测，但是网上可以搜到🤧！上课没听过，只要三次摄影实验好好做分就挺高的。最后4.5，很知足啦🤧
201279,2141,李奇,2024-11-10 08:58:13,6,6,0,通识课，出分前给个评价吧。课程分数由两次小测、三次实验以及最终提交的两张照片组成（第二次小测自知做的不是很好......）\n\n\n\n小测部分：\n\n一次五道题，一些基础知识，尽量能搜就搜，一共两次小测。\n\n\n\n实验部分：\n\n实验设备由实验室提供，貌似是佳能750D左右的型号，镜头当时没注意，也许是天涯镜？可以放心使用（反正这配置我这种普通人是要攒挺久才玩得到的）\n\n第一次是基础实验，P，TV，AV，M以及长短焦和大小光圈的体验，按照要求拍摄若干张\n\n第二次是追踪摄影和爆炸式摄影，由于只有两张要求几下就拍完了，后面闲着就和学妹一起在校园里散步拍着玩\n\n第三次是暗室冲胶片，这个也挺有意思，最后得到几张黑白纸质照片\n\n\n\n提交部分：\n\n最后一节课老师会让大家选择第三次实验的成色最好的黑白照片 和 第一二次实验中自己觉得最好的照片（线下打印纸质）上交\n\n\n\n二编：\n\n喜提满绩，感谢老师让我得到体验摄影的机会，也感谢老师打的5.0（这是我大学时光中的第一次满绩）
202086,2141,李奇,2024-11-09 06:44:41,0,0,0,很好的老师 上课可以干自己的事情 但是做实验一定要用心喔 4.5的绩点个人比较满意了
202095,2141,李奇,2024-11-09 08:41:08,4,4,0,很好的老师。上课从来不点名，但是有两次小测（有一定占比，但可以百度）。然后只要实验课按时去并且把最后大作业交好就可以拿很好的分数。本人照片也没有拍的特别好，但喜提4.8，很满意了。总而言之李老师是一个很好的老师，助教边老师也会在实验课耐心指导，好课！
202290,2141,李奇,2024-11-11 09:03:36,0,4,4,课好玩是好玩，给分挺迷的，没翘过一次课，所有作业按时完成，实验按时参加，小测认真做，最后被绩杀了，，，，，，，，，，，，，
202430,2141,李奇,2024-11-12 15:35:43,0,0,0,老师的深空探测真的很认真在讲，PPT答辩也很负责，帮我指出了PPT中的问题，但也没影响最终的绩点。
217730,2141,李奇,2025-04-15 14:29:22,-1,0,1,老师讲的听清楚的，自己平常也有摄影，小测感觉都很简单，也不点名，实验课也都认真去了，但是得分挺差的，可能这种课给分比较玄学吧，很在意给分的话慎选
174878,2154,陈侃,2023-06-19 09:06:55,7,7,0,李林军和他比都要给自己连夜搬个莲花座
174909,2154,陈侃,2023-06-19 14:17:35,7,7,0,徐海松青春版，鉴定为奇葩一枚。\n\n每次点名生怕被学生听到
1887,2164,李晓彤,2015-03-26 04:05:33,11,11,0,老师真的很好很和蔼，而且上课很清楚，课下在QQ群里十分活跃地解答问题。
2440,2164,李晓彤,2015-05-02 09:25:30,9,11,2,给我的感受是老师实在太敬业了，晚上十一点多还在QQ群里解答问题，私聊她也会十分耐心地解答，甚至到12点多。
4521,2164,李晓彤,2015-06-24 06:25:01,9,14,5,虽然没上过李老师的课，但她是我们的新生之友，好的没话说，又是请吃饭又是去爱享吧，很赞
6904,2164,李晓彤,2015-08-01 23:51:58,4,5,1,老师人很好，很耐心。真的超好。
7715,2164,李晓彤,2015-09-15 10:37:11,3,4,1,尽职敬业典范，非常令人佩服
7884,2164,李晓彤,2015-09-16 02:40:26,1,1,0,非常热心的老师!
19485,2164,李晓彤,2018-11-18 01:55:46,3,5,2,好。9分
26090,2164,李晓彤,2016-06-15 15:27:11,30,33,3,你们还记得那几幅最重要的图吗？
27510,2164,李晓彤,2016-06-26 15:35:51,2,2,0,棒棒棒棒棒棒
52111,2164,李晓彤,2017-06-15 01:50:40,1,1,0,李老师超级好，非常非常敬业，强烈推荐
57424,2164,李晓彤,2017-07-07 13:47:04,1,1,0,十分负责，私聊也很快回复，非常热心
61566,2164,李晓彤,2017-11-18 14:56:07,5,6,1,数码摄影老师会分享很多自己摄影的经验～感觉很用心～不过为什么还不出成绩
85275,2164,李晓彤,2018-07-16 16:21:55,0,2,2,好老师，真心好老师，虽然是奶奶但很萌
88629,2164,李晓彤,2018-11-04 13:00:28,4,5,1,作为通识课 有点事多
88673,2164,李晓彤,2018-11-05 11:47:11,0,1,1,虽然说作为一门通识，事情是偏多，但是真的能学到很多啊，老师讲得超清晰
90220,2164,李晓彤,2018-11-22 13:47:14,4,5,1,话说老师为什么还不出成绩
90619,2164,李晓彤,2018-11-24 15:14:02,1,1,0,话说老师为什么还不出成绩
90652,2164,李晓彤,2018-11-25 00:18:26,2,3,1,终于出分了！棒诶～
95060,2164,李晓彤,2019-01-18 15:48:52,1,7,6,上的是老师的通识课光基科技与人类文明！这课变通核了，真的非常棒！老师经常在qq群上回答我们的问题，也很可爱，上课干货多！这门课也很棒，另外三个老师都非常优秀，安利安利！（不过事情有1、、多hhhh）
99993,2164,李晓彤,2019-01-25 11:59:37,0,0,0,希望老师给个好分数！
119912,2164,李晓彤,2019-11-17 00:28:37,-40,4,44,数码摄影技术花了好多时间才4.5....可能是我不怎么会摄影吧。。。推荐会的人上。。
128852,2164,李晓彤,2020-12-26 04:08:18,1,1,0,数码摄影技术作业有点多，但只要认真完成了，成绩不会低的
143319,2164,李晓彤,2021-11-23 09:06:12,2,2,0,怎么说呢？一个完完全全的摄影小白，只是对这门课有兴趣，ps技术也一窍不通，至少在这门课中我第一次学会了使用相机，也会使用简单的ps了。老师一直很温柔，第一次小测很多学生忘记时间，老师会细心解释很长时间然后想办法为我们重开，课后也是很温柔的解答。给分也超级好，还得益于课友互评的手下留情，没想到课友给的评价和分数也很高。。。最后就是可能作业事情是真的多，需要花费较长时间，除此以外，强烈建议选老师的课，你只要认认真真写作业，即使技术差，也会有很高的分
144355,2164,李晓彤,2021-12-21 06:55:21,0,1,1,非常好非常好非常好，事情略多，但是李奶奶太可爱了！小测爆炸（我的问题！）最后还是4.8了，推荐大家选，老师好，能学到东西，给分也好，这还不选？
10363,2197,汪凯巍,2015-11-18 08:21:28,-27,15,42,事儿真多
15049,2197,汪凯巍,2016-01-11 16:27:33,25,34,9,人很好
37846,2197,汪凯巍,2017-11-21 11:47:48,-137,15,152,这是个SB老师
47437,2197,汪凯巍,2017-01-26 10:42:56,18,18,0,老师很和气，循循善诱
89719,2197,汪凯巍,2018-11-20 11:53:40,15,16,1,老师的光基科技很棒呀。很温柔的感觉！而且还给我们发糖吃（虽然我没拿到orz）
109062,2197,汪凯巍,2019-06-06 12:11:27,9,9,0,很好的老师
109063,2197,汪凯巍,2019-06-06 12:12:00,5,5,0,很好的老师
139962,2197,汪凯巍,2021-08-25 14:58:45,3,3,0,对学生很好的老师！赞
142174,2197,汪凯巍,2021-11-08 07:06:27,1,1,0,老师好帅
143963,2197,汪凯巍,2021-12-18 14:23:18,3,3,0,老师好像尊龙啊。
144026,2197,汪凯巍,2021-12-16 06:45:06,1,1,0,教学水平一流
144726,2197,汪凯巍,2021-12-23 10:46:32,4,5,1,大一选了光基科技与人类文明这门通核，冬学期是汪老师上的。老师真的超级好，普通话标准，很专业，也很照顾每一个学生的上课体验！我是社科大类的，其实对光电了解的很少，但是又对这方面知识很感兴趣，所以选了这门课。老师很关心非工科专业的同学，讲课结合生活中的例子，是真的能从中学到很多有用的知识。讨论课其实还挺卷发言次数的，但是老师会照顾发言少的同学，尽量让每个同学都有发言的机会，特别友好！！！给老师打call！！！
150084,2197,汪凯巍,2022-01-19 02:10:48,0,1,1,不戳子 对文科生来说就是比较难懂吧 有时候经常听的云里雾里的 每次作业都有认真准备 上课讨论也积极 然后可能最后考试比较拉吧 是B+ 3.8
150097,2197,汪凯巍,2022-01-19 04:32:36,1,1,0,汪老师是我特别尊重的老师！光基课老师讲的很好，讨论课上尊重每位同学的想法。虽然最后只有b+ 3.8，但学有所得才是最重要的！
151504,2197,汪凯巍,2022-03-05 14:44:39,0,3,3,卷飞天啊啊啊
163996,2197,汪凯巍,2022-12-17 06:50:14,0,0,0,很好啊
167750,2197,汪凯巍,2023-01-19 01:02:11,1,1,0,机器视觉给分也太好了吧，感动
171854,2197,汪凯巍,2023-04-08 03:46:43,1,1,0,机器视觉，老师很好，上课也很有意思，但是助教确实是个恶心人的，草菅人命
189790,2197,汪凯巍,2024-01-29 07:41:04,0,2,2,哈哈哈
1809,2219,徐海松,2015-03-25 06:39:33,13,28,15,光电第一段子手，不愧是海松哥\n\n
9936,2219,徐海松,2015-11-13 02:13:23,6,16,10,浙大第一段子手，不愧是海松哥
11345,2219,徐海松,2015-11-28 04:07:15,1,6,5,谈笑风生
12765,2219,徐海松,2015-12-24 03:25:20,0,5,5,谈笑风生
40098,2219,徐海松,2016-12-29 07:02:54,5,8,3,坐第一排的话他会突然走到你面前问你问题\n\n
65636,2219,徐海松,2018-01-08 02:12:41,5,6,1,道理我都懂，但是每次都点名回答问题搞得大家都很紧张是怎么回事
72060,2219,徐海松,2018-01-29 09:20:04,-11,9,20,满了好开心，给段子手松哥打call\n\n上课还不错的，确实会问问题（变相点名），但是考试调分良心啊
91815,2219,徐海松,2018-12-21 04:49:03,11,14,3,说退学的学生退得好。。\n\n真是很好的老师呢
114233,2219,徐海松,2019-07-09 07:53:26,7,11,4,low爆了
115505,2219,徐海松,2019-07-30 08:04:20,5,6,1,呵呵的体验
131919,2219,徐海松,2021-01-29 09:59:05,-7,8,15,😓老师家里户口本剩一页吧
132104,2219,徐海松,2021-01-30 09:30:06,-1,2,3,讲的也还行，话有点多
134012,2219,徐海松,2021-03-12 01:19:56,-3,3,6,讲的有趣，挺好的
153449,2219,徐海松,2022-04-30 05:29:37,-6,0,6,松井太郎哥真段子手
164487,2219,徐海松,2022-12-21 08:24:20,4,6,2,真的无语，一个选修课，作业堪比两门课，也就物光实验能一较高下了
164501,2219,徐海松,2022-12-21 09:34:01,7,8,1,自打我记事以来，就没碰到过这样的老师，大开眼界。
166515,2219,徐海松,2023-01-12 13:45:20,10,11,1,大松老师给分有点抠门啊
166536,2219,徐海松,2023-01-12 16:23:20,5,7,2,因为疫情改考察，于是开放性探究+考察+实验报告。\n\n一份实验报告十五年了没有换过，开放性探究一个小题目分五六个人做……\n\n最后给分大开眼界，无力吐槽
166742,2219,徐海松,2023-01-13 11:34:53,11,14,3,如果觉得自己是m的话可以选择徐海松先生开设的《物理光学》和《颜色信息工程》。\n\n学物光不学徐海松的物光，就像四大名著不看红楼梦，说明这个人文学造诣和自我修养不足，他理解不了这种内在的阳春白雪的高雅艺术，他只能看到外表的辞藻堆砌，参不透其中深奥的精神内核，他整个人的层次就卡在这里了，只能度过一个相对失败的人生。
166746,2219,徐海松,2023-01-13 11:45:56,9,9,0,谢谢老师！ 祝老师新年快乐！\n\n嘿嘿 哈哈 嘿嘿嘿 哈哈哈 哈哈哈哈哈 给分真的很好呢 嘿嘿 嘿嘿 嘿嘿 嘿嘿 努力都有得到回报呢 嘿嘿哈哈
169285,2219,徐海松,2023-02-25 08:39:20,5,7,2,鉴定为奇葩一枚
185509,2219,徐海松,2024-01-01 05:52:32,0,3,3,千万别选颜色信息工程！期末火葬场！期末火葬场！期末火葬场！
187411,2219,徐海松,2024-01-16 03:41:17,0,1,1,感谢老师救我
212395,2219,徐海松,2025-01-14 02:58:45,0,1,1,退了教改班去的xhs班，首先必须表扬冬学期不上早八，超级爽歪歪，再次老师都被大家wb害怕了似的，上课的时候说因为大家不喜欢所以我就不提问了，感觉好可怜，班里七八个人但是超级大教室，但是老师也很认真的在讲课，说实话我觉得他讲的挺好的，反正比较适合我，可能因为教改班太需要思维活跃了，最后老师其实挺好的，我们都叫他小红薯，大家还是理性选择～
212519,2219,徐海松,2025-01-14 06:25:18,0,1,1,物光好老师，老师讲课讲的非常好，讲课内容也有一些延申，有助于帮我们拓展知识。然后从来不点名，事情也很少了现在，只有每次章节的小测（我是5次小测），作业也是每教完一章才交一次作业。期末占比也只有55%，相比于其他有些班级来说这个占比是相对较好的了。最后期末给分也很不错。而且，看之前的评论，之前的评分较低可能是因为前几年事情相对较多，但现在老师真的事情很少很少，只有作业和小测，课也讲的通俗易懂，而且上完课我去问问题，老师也会耐心解答。总之，老师超级好，冲冲冲！！！
109036,2254,余飞鸿,2019-06-06 04:16:01,0,6,6,额额额
109037,2254,余飞鸿,2019-06-06 04:16:43,0,0,0,为啥都没人
60056,2451,侯民贤,2017-10-09 03:19:23,1,1,0,。。。\n\n
68390,2451,侯民贤,2018-01-23 06:04:49,0,0,0,知识点讲的很细，上课内容部分与c大程重复，后面软件部分偏概念，不太涉及到算法
87395,2451,侯民贤,2018-09-28 03:39:40,0,0,0,好……无聊
93478,2451,侯民贤,2019-01-10 03:34:20,0,0,0,事情确实很少 但是均绩也比隔壁班低0.5 还是希望多一点事情高一点分
100230,2451,侯民贤,2019-01-25 23:58:19,0,0,0,老师很和蔼可亲，但是这种课确实有点boring
100390,2451,侯民贤,2019-01-26 04:53:15,0,0,0,水老师 难考试 傻逼助教\n\n
146874,2451,侯民贤,2022-01-08 00:49:03,0,0,0,真不错
15701,2561,叶子,2016-01-16 07:08:09,4,5,1,讲解听清楚的，给分好的老师！
71483,2561,叶子,2018-01-28 14:56:26,0,1,1,叶子老师拯救了我的物光
72360,2561,叶子,2018-01-30 03:10:55,0,0,0,，，，
94009,2561,叶子,2019-01-15 01:14:24,2,2,0,上大学以来最好的老师，没有之一
130962,2561,叶子,2021-01-25 11:58:09,0,0,0,加油！
211676,2561,叶子,2025-01-12 06:54:19,0,0,0,xdm，能选教改就选教改班吧。普通的给分太差了
213554,2561,叶子,2025-01-18 07:45:21,-6,0,6,一不小心就满绩了也是一种烦恼。
109060,2692,林远芳,2019-06-06 12:08:42,3,3,0,挺好一老师
113366,2692,林远芳,2019-07-06 10:08:35,1,1,0,短学期光纤实验超级好！会有手把手教，亲切温柔，很有条理！
173665,2692,林远芳,2023-05-31 10:39:46,3,3,0,就凭老师光纤实验报告给我们把前面的目的步骤等部分全部写好了就值得给10分！！而且实验过程中老师非常耐心，有问必答
191480,2692,林远芳,2024-04-23 11:57:19,1,1,0,老师真的超温柔，会手把手教我们做实验，有问必答，老师你真的我哭死
192303,2692,林远芳,2024-05-14 11:06:44,0,0,0,超好的老师，肥肠热情，手把手教学光纤实验\n\n实验报告还把前面的部分写好了，我哭死
205398,2692,林远芳,2024-12-05 13:40:29,0,0,0,林老师是我见过的大学课堂中最负责任的老师，asap课即使下课了，她也会留下来给不懂的同学讲解代码。有一次她课后花了2小时解决了每一个人的疑问，其中我是最后一个让她给我解释代码中的疑问的，让她加班2小时，我觉得非常不好意思，在这里感谢一下她
40348,2778,冯华君,2017-02-27 15:05:40,4,4,0,好好好
51565,2778,冯华君,2017-06-07 07:08:17,1,2,1,超棒的
107666,2778,冯华君,2019-05-08 05:37:45,1,1,0,老师讲课很仔细，也讲的很清楚，给分相对严格
148208,2778,冯华君,2022-01-12 01:33:59,1,1,0,不点名，有小测。给分还行，平时任务量不大。上课感觉无重点，知识点讲得有些不太清楚，但讲的很全面，会补充科研和思政的内容。总体来说是一位很和蔼善良的老师罢
149843,2778,冯华君,2022-01-17 08:43:49,1,1,0,不点名，有小测和展示，平时分给分感觉比较高，在小测很拉的情况下，最后结果超出预期很多。
154906,2778,冯华君,2022-06-06 15:42:52,0,0,0,很棒的老师
181359,2778,冯华君,2023-10-16 02:40:08,1,1,0,退休了还在教学一线的老师，很棒
108539,2820,陈彪,2019-05-28 03:13:55,0,0,0,还行，同名帮顶
3979,2881,白剑,2015-06-17 11:47:15,26,27,1,人比较好也和蔼
9899,2881,白剑,2015-11-12 11:58:07,10,10,0,老师和蔼人很好
25821,2881,白剑,2017-12-21 08:09:47,9,9,0,好老师\n\n
26220,2881,白剑,2016-06-16 09:47:08,5,5,0,特别好的老师
36854,2881,白剑,2016-11-16 08:58:08,5,5,0,棒棒哒
37181,2881,白剑,2016-11-18 00:24:14,4,4,0,老师非常可爱，课也讲的很好！
70305,2881,白剑,2018-01-26 11:56:11,7,8,1,老师真的特别好，从计算机转光学也是真爱了
70313,2881,白剑,2018-01-26 12:10:32,4,4,0,好好好，真心好老师！cs转光学，难得啊！
70631,2881,白剑,2018-01-27 10:13:25,2,2,0,老师人很好(✪▽✪)，讲的不错，就是给分不是特别高，有点小失望
79546,2881,白剑,2018-06-09 01:37:59,1,1,0,老师怎么不开软基了呢？?
118526,2881,白剑,2019-10-28 06:10:08,0,0,0,老师超帅！PPT贼好
133871,2881,白剑,2021-03-08 12:32:14,3,3,0,老师很和蔼，讲课很透彻，对学生也特别好！
141638,2881,白剑,2021-10-18 13:39:41,1,1,0,老师很好！很亲切，上课充满激情
153462,2881,白剑,2022-04-30 13:14:59,1,1,0,老师上课很有激情！他的离散是我大学听的最投入的课之一
164544,2881,白剑,2022-12-21 14:52:38,1,1,0,人超级好！讲课也很清楚
194528,2881,白剑,2024-06-24 08:46:00,1,1,0,离散和软件都上了，老师人很好讲课也很清楚，上课从来不点名，课程内容基本就是二倍速智云加期末周复习的，给分比较求是，总体来说是光电非常好的老师了
109064,2934,吴兰,2019-06-06 12:12:37,0,0,0,给分不错
220609,2934,吴兰,2025-06-19 01:47:37,0,0,0,这是我分最低的通识，这老师上课非常喜欢点人回答问题，和吹嘘她自己儿子和家族的光荣事迹，好吧，这些都可以忍，分咋这低嘞
1166,2956,叶辉,2015-03-21 16:23:10,2,6,4,风趣幽默，有问必答，不过这门课有点难
6736,2956,叶辉,2015-07-20 07:42:17,1,4,3,光集成，讲的挺好，但课程设计有问题，过程确实可以提高学生能力，但明显把2学分的课上成了3学分，累啊!
11380,2956,叶辉,2015-11-29 11:42:05,3,3,0,课程太难了
17237,2956,叶辉,2016-01-20 02:22:14,0,1,1,老师人很好 有追求 但难难难难难 慎选
20141,2956,叶辉,2016-01-26 08:16:20,4,6,2,课很难，给分厚道。要做好大作业！！！期末考试太坑了。
20910,2956,叶辉,2016-02-03 13:47:43,3,5,2,课很好，一点不水，建议听，但不建议选课，得高分太难，叶老师说考试要为难你们的话，他是认真的。。。
47709,2956,叶辉,2017-09-17 23:56:50,2,4,2,相对要完成的内容，学分少了。课程是挺难的，但收获是大大的！老师把难的内容尽量努力地讲得简单了～给份什么的我感觉主要付出了就不会很糟糕～实在担心也可以选择旁听，无论怎样，得到的知识是和付出成比例的。
77547,2956,叶辉,2018-05-06 11:25:51,3,5,2,叶老师很和蔼的！
108767,2956,叶辉,2019-06-01 15:40:16,0,0,0,
114482,2956,叶辉,2019-07-10 05:17:30,1,2,1,光电导，挺不错的，有点大学的感觉
136095,2956,叶辉,2021-06-11 02:33:04,-1,1,2,光电导讲的挺好的，准备选光电材料及应用了，先给个满分赞一下
150781,2956,叶辉,2022-02-18 10:26:16,2,3,1,推荐叶辉老师光电材料课，能了解玻璃，同时对光电子有帮助。叶老师讲课好，而且对课程很用心，关心同学们的学习情况，作业有挑战性也很有收获。前几届同学们反映给分问题之后，叶老师现在给分已经好很多了。
161553,2956,叶辉,2022-11-09 00:35:46,0,2,2,老师课讲的好，内容丰富，但是作业难度大，你做对多少就给你几分，老师和他的课题组也比较傲娇（毕竟实力有）。学习辅导资料相比其他课程很少，还有大作业和期末考。如果你平时作业都只能对70，80分了。那你期末考试也非常难比平时分高了。所以我的建议是最好别选，别对自己特别自信，因为确实很难，绩点很容易爆炸，甚至不摆烂都快挂科了，除非你自己的能力很强就另说。毕竟其他替代课还是有的。旁听也可以。毕竟这门课从以前80，90人同堂到只剩10个人是有原因的。对于想搞绩点的人来说确实有大可能是个雷区，对于想毕业的人来说就更不能选了。总之就是建议能不选就不选，替代品还有的，我学长学姐们的建议就是慎重选择，为什么我要选呢？我高看了自己。我很佩服那十来个选这门课的人，冒着绩点爆炸的风险选了这课，只能说他们确实想学东西，而且自身实力也很强。
162447,2956,叶辉,2022-11-22 14:20:54,0,0,0,干或很足
162733,2956,叶辉,2022-12-05 10:26:25,0,0,0,平时作业给分挺低的
162737,2956,叶辉,2022-12-05 11:31:02,0,0,0,叶老师和蔼，但是。。。
179168,2956,叶辉,2023-08-29 05:28:59,0,1,1,光电导，老师上的挺好的，要求也挺高的。\n\nps 官网上老师的照片显得好凶啊，实际挺可爱的。
198529,2956,叶辉,2024-09-09 13:36:16,0,1,1,课很好，老师人很和蔼，就是光基讨论课有点折磨人
208472,2956,叶辉,2024-12-28 07:03:10,0,1,1,上他的光基课，是一门通核。前一半他讲，后一半刘智毅老师讲。课讲得一般。所谓半开卷的期末考试，资料既限制纸张数又要求手写，实在是有些过分；上课的东西整理之后差不多得有3.3万字的资料，要写在2张A4纸上，还得手写……你干脆闭卷得了，这样从一开始我就可以避开这门通核课了。
221383,2956,叶辉,2025-06-23 07:04:21,0,0,0,三位一体面试和转专业面试，叶老师都是主面试官（三位一体失败但是转专业成功了），光电导也是主要由叶老师负责，叶老师人很温柔，有问题一定会解答，而且他很鼓励光电的学生去主动与老师交流，支持我们去跟老师做科研，给了我们很好的正向反馈。
18674,3137,张冬仙,2016-01-22 09:14:51,1,4,3,垃圾课程，上课奇葩，平时拒绝给ppt，不给考点，两本教材一本书十多年前的一本买来就不使用，这种课配3.5个学分而且是必修课？呵呵求是之光
88880,3151,李鹏,2018-11-11 12:00:50,11,11,0,给分贼低…
104503,3151,李鹏,2019-03-22 01:32:27,13,17,4,无语不解释
104911,3151,李鹏,2019-03-30 13:15:33,13,13,0,有点杠，作业难
105680,3151,李鹏,2019-04-18 09:28:28,14,14,0,无语了
107055,3151,李鹏,2019-05-01 07:22:58,14,14,0,费多大力气，每次作业都好好做，总评呵呵，真**，别选这种**课
109013,3151,李鹏,2019-06-05 12:03:10,11,11,0,OCT这门课，上课一堆数学推导，收获甚少，作业与上课内容几乎无关，基本都是用matlab处理一些乱七八糟的数据，对基础一般的人很不友好，折磨人，慎选！
109029,3151,李鹏,2019-06-06 12:07:50,14,14,0,这种人品的人不配当教授，本科生对他没什么用就随便教教
109030,3151,李鹏,2019-06-06 03:51:54,12,12,0,布置作业难得一批，关键是根本不给指导
109076,3151,李鹏,2019-06-13 00:03:42,8,8,0,。。。
109282,3151,李鹏,2019-06-13 00:04:22,7,7,0,。。。
111889,3151,李鹏,2019-07-03 02:13:33,-5,2,7,oct这门课平时事情有点多，两周一次中作业，每节课有小测。给分还行，建议大三下时间充裕的同学选
111891,3151,李鹏,2019-07-03 02:15:41,-8,1,9,其实oct这门课也没那么差，感觉还是有收获，最后一次大作业好好做的话给分还行
114232,3151,李鹏,2019-07-09 07:52:22,8,8,0,low爆了
115588,3151,李鹏,2019-08-07 03:32:57,7,7,0,真的很绝
115597,3151,李鹏,2019-08-07 03:33:37,5,5,0,hhhhh
116015,3151,李鹏,2019-08-30 06:29:50,3,3,0,。。。
116016,3151,李鹏,2019-08-30 06:30:23,2,2,0,。。。
118442,3151,李鹏,2019-11-09 09:16:30,5,5,0,有脾气 把一趴着的同学拎起来了
119144,3151,李鹏,2019-11-11 01:11:53,6,6,0,态度比较懒 不想啰嗦的感觉
119145,3151,李鹏,2019-11-11 01:13:02,3,3,0,哎。。。
121287,3151,李鹏,2019-12-23 16:29:43,3,3,0,别选就对了
121288,3151,李鹏,2019-12-23 16:29:18,0,0,0,呃。。。
128142,3151,李鹏,2020-12-08 08:06:37,-5,2,7,李鹏老师指导很用心，态度不错
133426,3151,李鹏,2021-02-28 08:43:00,0,3,3,机器视觉这门课，老师总体还可以，作业有点难度，小测有时候难有时候简单，给分还不错，最后会公示成绩，普遍分数都很不错
133855,3151,李鹏,2021-03-08 08:31:15,8,8,0,机器视觉大作业瞎评，要求写报告不会自己说一声？建议学弟学妹们大作业好好卷报告，代码无所谓
143601,3151,李鹏,2021-11-28 12:15:09,5,5,0,作业贼难上课还不给指导，讲了个1+1让你去做微积分。把外国学者发的专利技术留成作业，还就是个占总评几分的作业。血压上来了嗷
143602,3151,李鹏,2021-11-28 12:16:32,3,4,1,很无语，小测的截止时间很迷，作业的截止时间很吝啬，上课讨论时间短，而且对学生的回答有一种审问的感觉，小组作业难的时候在课本上找不到参考例子能够解答，上课学不到很多，作业完成全靠自学。学生互评也很迷。咱就是说，别选。
150037,3151,李鹏,2022-01-18 13:19:01,7,7,0,和刘智毅老师高下立判
151931,3151,李鹏,2022-03-21 05:11:03,0,0,0,垃圾老师，，，
155334,3151,李鹏,2022-06-11 05:22:21,2,2,0,lp真的快跑吧，机器视觉文献综述简直上的可怕，同样班级隔壁班好多了。机器视觉搭班的刘智毅鲜明差别。
180434,3151,李鹏,2023-09-21 15:18:26,0,0,0,感觉教学态度有点摆，课下问问题不太愿意回答，“那就是我课上讲错了呗”
189791,3151,李鹏,2024-01-29 07:43:26,1,1,0,不想体验
219445,3166,阎春生,2025-05-27 11:44:29,2,2,0,<文物保护概论>\n\n老师好像没有其他的课？是古籍所的，上学期来讲过几节关于纸质文物保护的课，虽然好像都不怎么听得懂，但感觉还是一个蛮和蔼的小老头
9628,3170,赵文义,2015-11-03 09:40:39,-2,1,3,为人好，讲课还可以，比较详细，但是有的地方讲的听不懂。在单片机导论讲c51的时候有地方讲错了
9919,3170,赵文义,2015-11-12 16:33:25,5,6,1,人不错，单片机课有一点难，不建议大一的修。课讲的一般，但人真挺不错。
10138,3170,赵文义,2015-11-16 17:34:10,3,4,1,人很有趣，讲的很卖力，但是记住大一千万不要一时冲动，不然有点拉绩点
10140,3170,赵文义,2015-11-16 23:51:02,2,4,2,给分不好大家千万别选
15329,3170,赵文义,2016-01-14 01:19:13,1,4,3,表面上说给分高一点平均分在90分，最后给的分80都不到
36777,3170,赵文义,2016-11-16 03:39:59,18,20,2,赵老师人很好的，相比大二的其他老师，算是非常能理解体谅学生的老师。个人感觉，这门课虽然是通识，但绝不是一门可以水的课，认真学可以学到很多汇编、系统和51单片机的知识;另一方面，个人认为这门课也不是只适合高年级同学，班里有大一法语系的同学考得很好，也有大四学长发挥失常的。主要还是看你下的功夫吧。不过，如果你非常的忙，精力不够，选这门课前多考虑一下吧。秋学期考试周七门考试不是闹着玩的……
37197,3170,赵文义,2016-11-18 01:48:50,1,3,2,老师人挺好的，课有一点难
40738,3170,赵文义,2017-01-05 07:44:57,1,1,0,不点名，成绩由一次大作业和考试组成，给分过分差
60893,3170,赵文义,2017-11-01 15:07:47,0,1,1,老师讲的很一般，如果期待在课上有什么收获的话就算了。不过人还是挺好的=、=
61032,3170,赵文义,2017-11-07 07:36:50,4,5,1,课比较多的话千万别选……老师好像以为大家都学过数电，然而并不知道……主要靠自学。。要花时间。课很多考试很多的可能会被这门通识搞爆炸(´◔◡◔`)
61384,3170,赵文义,2017-11-16 02:17:05,7,8,1,趁着没考试先评价一波(*ﾉωﾉ)感觉老师在这方面学问很深，讲课也很有意思深入浅出干货满满，人也很好非常负责～之前大计基学的云里雾里的，但是这个课一上就明白了。课程安排也很好～之前作为外院菜鸡连c程都没学过，这次课上接触编程超级开心呢！
61385,3170,赵文义,2017-11-16 02:33:12,3,4,1,老师默认大家都是有数电和编程基础的，上课内容比较快，一次一章吧，零基础的同学课后需要很多时间自习，但是干货很多，确实能够学到知识，因此看个人课程总时间选课吧。我学习的时候也去网上找了很多资料，看慕课，基本了解了。但是如果花了比专业课更多的时间和精力，给的平均绩点还不如水水过的通识课，心里还是有点失落的。
61859,3170,赵文义,2017-11-21 09:32:19,3,3,0,人很好的一个老师，讲的干货很多，最后给分也很好
61860,3170,赵文义,2017-11-21 09:33:21,1,1,0,老师很好，这门课很有挑战，建议预修数电模电微机原理接口技术再来选这门课。
61877,3170,赵文义,2017-11-21 10:46:43,2,2,0,赵老师人很不错，十分照顾学生。课程有点难度，但能会到很多有用的知识，尤其是有兴趣的同学，强烈推荐。只要努力，成绩也不会差。
61879,3170,赵文义,2017-11-21 10:51:11,1,2,1,。。。
62092,3170,赵文义,2017-11-22 11:16:41,2,2,0,是单片机的入门课，虽然有点难，但真正感兴趣的同学请不要惧怕！！！这是一门付出和收获绝对成正比的课，课下需要下功夫看教材。不过考试之前老师会出模拟卷的（今年才开始这样），对期末考试帮助大大哦
66539,3170,赵文义,2018-01-17 08:00:17,-2,2,4,突然想起来考完试还没有补充关于考试的评价，好像改不了了重新评论一遍hhh\n\n我是楼上17.11.16的那个外院菜鸡，虽然之前没有接触过这方面的知识，但是考试真的很简单给分是真的好。最后97 5.0感觉可以嘚瑟很久了hhh \n\n老师真的是认真评分的！不像其他有的老师的通识课仿佛随机hhh 已经向好多理工科小哥哥安利这门课了
68371,3170,赵文义,2018-01-23 05:28:35,-1,0,1,给分不好
76211,3170,赵文义,2018-03-29 05:35:51,-1,0,1,aaa
93899,3170,赵文义,2019-01-14 07:48:46,1,1,0,这门课对于没有学过单片机的人来说真的还是蛮有用的，只要好好学是能学到真东西的，只要有C的基础就没有什么问题了.老师第一节课会劝退，但是不要慌，只要好好学都是可以的
153556,3170,赵文义,2022-05-04 15:34:05,0,1,1,老师人真的很好，回答问题很耐心，同学有困难都会很热心地帮忙解决，很关心同学的进展，就是课间不休息让人有点头大，总结还是10分啦
171969,3170,赵文义,2023-06-26 16:55:23,0,0,0,老师人巨好，超级温和
172458,3170,赵文义,2023-04-27 07:02:46,0,0,0,老师人是真的好
194824,3170,赵文义,2024-06-25 14:06:26,0,0,0,度过艰难的微机课后打十分。实验部分还是很负责和简单的
197701,3170,赵文义,2024-08-01 02:06:57,0,0,0,10分！！！
179388,3212,时尧成,2023-09-14 06:38:50,0,3,3,老师讲的很不错！
81019,3214,戴道锌,2018-07-03 10:23:34,9,27,18,…………上课念PPT就算了……考试的要求也不说非得学生发邮件去问了才说 最重要的是 选修课 闭卷 英文 作为副院长你的良心不会痛吗？？？
159345,3214,戴道锌,2022-07-14 05:44:08,3,7,4,集成光学给分很差，特别差，很不推荐
160751,3214,戴道锌,2022-10-09 12:44:17,0,1,1,上课讲的还行
90847,3389,钱骏,2018-11-26 13:54:56,1,3,2,给分低，明明开卷考，绩点还那么低
18481,3410,方伟,2016-01-21 19:03:55,16,18,2,方老师真的是超nice的老师，讲课有趣易懂同时又深刻洞察，对学生很宽容，迟到也从来不责怪。还很热情邀请我们参观实验室。总之很幸运遇到了方老师。
20300,3410,方伟,2016-01-27 03:15:05,10,12,2,思想很open，讲课生动，良师益友
43031,3410,方伟,2017-01-15 15:02:17,3,5,2,绝对的好老师！
59309,3410,方伟,2017-09-20 22:58:47,9,11,2,呆萌大叔，特别可爱
60985,3410,方伟,2017-11-06 12:07:02,24,32,8,通识课，虽然没怎么听过，但是老师一本正经的分享摄影的时候真的超萌，最后一节课把灯关了给我们用老投影仪放胶片照片，超级棒。ヾ(❀╹◡╹)ﾉ~
61162,3410,方伟,2017-11-09 10:02:08,13,16,3,上了方老师的数码摄影通识课，平易近人善良满满又爱笑的老师，一点架子没有，群里问问题总是耐心地回复，有时很晚了还秒回，超级感动～ 希望多一些这样的好老师。笔芯❤️
61364,3410,方伟,2017-11-15 08:34:15,6,10,4,数码摄影技术！没考试！几乎没作业！
61494,3410,方伟,2017-11-26 06:42:37,4,5,1,干货满满，给分高，人超nice，很认真很亲民，超爱方老师！！！
62376,3410,方伟,2017-11-24 13:28:06,8,10,2,摄影课，方老师的第一班学生。这门课本身确实比较水。但是方老师往里面加了很多大家恰好可以理解的干货，再深入的话就是“如果你是光电的学生应该可以理解”2333    老师很热爱摄影，经验丰富好作品不少，非常耐心非常负责，最后一节课关灯放真·幻灯片记忆犹新   \n\n另外课后一对一摄影器材选购咨询你值得拥有
62384,3410,方伟,2017-11-24 14:34:52,2,3,1,超级棒的老师，讲课生动有趣。
62601,3410,方伟,2017-11-26 06:46:09,6,7,1,方伟老师讲课很幽默，平时回答同学问题也特别和蔼，最难忘的是最后一节课还把自己拍的胶片投影给我们看（拍的超好！），是个非常有责任心又为学生着想的好老师！强推他的数码摄影通识课！
62602,3410,方伟,2017-11-26 06:46:26,3,5,2,老师人超好 幽默 课堂上真的能感受到老师是真的喜欢摄影 希望把干货分享给大家 希望大家也能喜欢上摄影 实验课很有趣 作业不多 没有考试 只要按时完成作业 给分一定不差
62606,3410,方伟,2017-11-26 06:52:28,12,16,4,超好的老师，我有幸选上了他的数码摄影。老师讲的超好，幽默风趣，特别有内容，能学到很多，前几节课讲摄影技巧，后面讲PS，最后展示了他拍的照片，真的感动到我了。\n\n1.提供单反，没单反也可选。\n\n2.只点名过一次，还是用建微信群方式。\n\n3.没有考试，作业是交摄影作品和PS作品，认真做一定能有高记点的。\n\n4.每周其实只上两节，占用课下时间少。
62625,3410,方伟,2017-11-26 08:30:19,0,1,1,方老师教的通识课超级棒棒的！\n\n拍照拍的也很不错！\n\n老师人也很好(✪▽✪)
62644,3410,方伟,2017-11-26 08:58:49,-1,0,1,非常棒的一个老师，带有中年男人独特的幽默。虽然是带班同时也第一次上这门课，但是可以感受到老师的用心和对摄影的热爱，老师以前拍的照片真的不错。如果老师还有开通识课，大家不要错过哦
62654,3410,方伟,2017-11-26 09:35:47,3,4,1,方老师人炒鸡棒，上课讲了很多干货，给分也很好，最后一节课还拿老式投影仪给我们放照片。方老师拍的照片也很棒，是个很好的老师！真的很好！点赞！点赞！点赞！
62657,3410,方伟,2017-11-26 09:38:03,-2,0,2,通识课 4.2\n\n老师超级好\n\n事情少\n\n上课热情\n\n而且很萌\n\n总之\n\n超级好超级好超级好超级好超级好\n\n想为了他转系哈哈哈
62658,3410,方伟,2017-11-26 09:39:41,-3,1,4,老师真的超好，很喜欢这门课
62711,3410,方伟,2017-11-26 13:30:57,0,1,1,啥都不说了  反正6的一批
62753,3410,方伟,2017-11-27 00:54:43,2,3,1,超级棒的老师，最后一节课给我们放他的摄影作品，超级赞！\n\n给分也不错，给老师打call
62919,3410,方伟,2017-11-27 10:51:08,1,2,1,上了数码摄影技术的通识课感觉炒鸡棒老师最后一节课还放了自己以前拍的胶片认真做作业给分也不错～
62963,3410,方伟,2017-11-27 13:02:48,0,1,1,老师认真的太好太好了 ，还会给讲解选购相机，特别耐心，真的很幸运选上了这门课，爱老师！都有人说想转专业了！
62973,3410,方伟,2017-11-27 14:30:56,1,2,1,人超好，耐心解决相机选购问题，还发参考文献给我。上课也很轻松，但能学到很多干货。
63463,3410,方伟,2017-12-04 15:03:09,-4,2,6,摄影技术课上挺轻松的，作业几乎没有，老师也挺有趣的，不过讲的东西更适合零基础的人去听
64053,3410,方伟,2017-12-20 17:25:49,-1,3,4,说来惭愧，总共5个小作业，我大概一个作业10分钟做完，乱做。还错过了交作业时间，后来补交一个。唯一一节课点名的没去。就当我内心崩溃，不报希望的时候，绩点3.6，老师拼命把大家分数往上打，我都想转专业了啊啊啊！
73109,3410,方伟,2018-02-01 02:34:54,-4,2,6,只有一次课点了个名作为平时分一部分，上课还是要去，但不听完全没问题。没有期末考试，不过平时作业稍微有点多。这课对于有摄影基础的人来说非常好水，不花时间且分高
75778,3410,方伟,2018-03-17 11:18:37,-1,1,2,讲课深入浅出  是投入在问题里的老师
78934,3410,方伟,2018-05-17 05:15:53,2,7,5,我次次课都到，4次作业按时完成，两次实验也花了好大心思。结果才3.6的成绩，不值得。
104973,3410,方伟,2019-04-01 11:33:40,-1,1,2,超级棒的感觉，有趣干货也多
107427,3410,方伟,2019-05-05 06:36:22,1,3,2,方伟老师超级棒！٩( ᐖ )۶ 上课会给我们看他自己拍的照片，还有同学们分享，一学期会两次采风活动（不强制）确实能学到东西，很有趣！
107429,3410,方伟,2019-05-05 06:41:14,5,7,2,这是我上大学一来最喜欢的老师，永远可爱真挚并且富有热情。我非常想要活成他这个样子！
107430,3410,方伟,2019-05-05 06:44:11,5,11,6,不想说啥了，认真做了每次作业，从不缺席，实验报告用心完成，一看绩点3.3，很棒，很棒?
107435,3410,方伟,2019-05-05 07:12:23,2,3,1,楼下别说了，我也哭了
107469,3410,方伟,2019-05-05 11:57:27,3,4,1,自认拍照水平不差 作业也都认真做了 奈何只有三点几 老师人很好 但是这个分数还是挺失望的…
107529,3410,方伟,2019-05-06 09:07:56,9,10,1,老师真的是好老师，在摄影方面超级有经验，超级喜欢老师的作品！但是...分是真的低.....不算摄影大神但是爱好摄影 水平也算中等偏上吧...依然3.3...欲哭无泪...楼下下下+1 慎选（老师人还是很好的！很关注同学们的意见）
123177,3410,方伟,2020-05-16 12:15:02,4,4,0,作业还是挺多的，如果没有摄影技术的基础，可能最后给分并不是很理想，我还卡了（老师可能也不调分。
123181,3410,方伟,2020-05-17 07:53:42,3,3,0,课很好，但分很低。。
123182,3410,方伟,2020-05-17 10:17:49,3,3,0,个人感觉给分还可以。虽然我也遭到正态分布，但并没有之前那些评论所说的那么夸张，可以看出老师在正态分布的基础上还是尽量往高分打的。我没有什么摄影基础，主要还是靠平时几次作业认真完成（其实真不用花多少时间，用不着鹅颈）
123183,3410,方伟,2020-05-17 10:58:54,3,4,1,好老师！满绩了 几分努力就有几分回报 不需要鹅颈
124207,3410,方伟,2020-06-27 03:58:57,-2,0,2,是个好老师！有摄影基础的选这个分肯定不会低
136466,3410,方伟,2021-06-18 07:54:08,3,3,0,喜欢摄影的话会觉得写平时作业也很有意思，另外老师很可爱...再调调分就更好了TAT
152629,3410,方伟,2022-04-16 14:49:06,5,5,0,好老师啊我上了这么多课这是第一个让我舍不得的老师
154256,3410,方伟,2022-05-27 08:59:09,2,4,2,麻了，喜提3.3，，真的是认真做了，可能摄影这个课确实也比较看天赋吧
154267,3410,方伟,2022-05-27 12:53:58,5,5,0,最后4.5 自己很满意啦！方老师真的很热爱摄影 也很用心 虽然最后出分出得有些晚 但给分真的不错呢 而且还给同学们写了很长一段走心的话呜呜呜 真的是好老师 之前看朵朵上的评论还担心被绩杀什么的 结果没有哇 本人的摄影技术也不太专业 纯属业余爱好 完全跟班里的大神没法比 最后这个结果也算是满意 喜欢热爱摄影的宝子们快冲！
174052,3410,方伟,2023-06-06 03:08:14,1,1,0,还不错，推荐。不过就是班里很多有摄影基础的，如果是小白建议平时多学多练，也可以找身边认识的懂摄影的同学多请教。课程设置是一周两次理论课，有一次是每周都有，另外一次是偶尔会有，两次摄影实践的实验，可以借实验室的相机，无考试无小测。
180437,3410,方伟,2023-09-21 15:21:14,3,3,0,好老师，物光课很棒，老师很和蔼有趣
196092,3410,方伟,2024-07-04 18:57:46,3,3,0,数码摄影技术 是一门好课，老师上课会讲摄影的基础内容，有两次实验用来操练技术，一次小测作为点名，还有一次ps大作业。最后一节课是fw老师放幻灯片，还有学长来分享怎么拍人像。此外，周五晚上可能有一节摄影的分享讨论课（挺有趣的！），还有自愿的采风活动（这次是去小河直街）。课程结束后同学们还做了摄影课的总结推文（自愿的，与考核无关）。总之，fw老师对摄影的热情打动了我，这是一门真正学有所得的课。\n\n平时作业认真做，实验认真做，讨论课的照片放上去分享了，ps作业也认真做了。最后4.8，谢谢老师。
196857,3410,方伟,2024-07-05 13:26:23,0,1,1,方老师很和蔼，钉钉请教老师什么摄影问题回复都很及时；平时作业和实验都好好做了的话应该不会被绩杀
214755,3410,方伟,2025-02-17 10:55:31,0,0,0,真不赖😋
219605,3410,方伟,2025-05-31 10:28:27,0,0,0,数码摄影技术，是好课，方老师也是非常非常好的老师，但是真心不建议零基础的小白去学，摄影这玩意不是几节课就能速成的。最后给分真的有点打击人，不过我确实就这个实力
219901,3410,方伟,2025-06-10 15:04:21,0,0,0,10分奉上，讲解体系清楚程度超过我的很多专业课。\n\n\n\n而且老师真的很好，会带我们去采风实践（白天一次，白塔公园；夜景一次，in77）；也会将自己的经验耐心地给到我们。\n\n\n\n我是摄影小白，相机寒假买的，PS是学期中临时学的，最后得分很给力。如果说有什么经验建议的话就是，需要一定的爱好性质的投入。\n\n\n\n（最后跪求取消peer review）
20691,3477,斯科,2016-01-30 01:11:50,8,24,16,光基科技的通识课逼格果然不一样
26092,3477,斯科,2016-06-15 15:45:49,1,12,11,老师学术水平很高，人也很好，不是很懂一个汉子居然会给我一种萌萌哒的感觉，反反正上了他的光基通识就膝盖献上了
30678,3477,斯科,2016-07-02 07:48:34,2,23,21,老师学术成就很高，既是光电学院的教授有是医学院的教授，他导师的导师一直推上去就推到牛顿了！！人也很好，很负责，上课也很有趣
38959,3477,斯科,2017-04-26 13:33:26,0,11,11,诶呦，不错哦
39014,3477,斯科,2016-12-24 02:24:30,-1,14,15,anyway，这个老师真的很好，浙大最年轻的正教授，诺贝尔奖的邻座同事，学术方面不用说了。上课交流的时候也超级风趣，气氛很轻松的，人也超级好!男神候选之一!
39810,3477,斯科,2016-12-28 01:08:35,-4,7,11,水平很高 人很好
45780,3477,斯科,2017-01-20 05:21:26,-12,6,18,老师很帅
47436,3477,斯科,2017-01-26 10:41:46,-4,7,11,超赞呐\n\n
47793,3477,斯科,2017-02-25 04:02:08,-2,9,11,功力不浅，上课不沉
47925,3477,斯科,2017-02-27 10:17:52,-4,6,10,老师很有内涵，学术水平很高，讲课非常好听，反正我是一下都没水手机。
49842,3477,斯科,2017-04-26 12:43:39,-4,6,10,老师以鼓励为主，真的很有耐心见识也广，真正给我们开拓国际意识，谢谢斯科老师在我第一门专业课上的鼓励。
50006,3477,斯科,2017-04-28 11:30:59,-1,12,13,真的很特别的老师，第一节课会让大家自我介绍，会给我们科普很多知识，总是用鼓励欣赏的眼神肯定你，anyway，如此优秀的萌萌的老师，绝对男神！
76826,3477,斯科,2018-04-24 08:01:10,0,13,13,值得尊敬的好老师！！！优秀的科研工作者！！！中国需要的脊梁！！
77040,3477,斯科,2018-04-29 04:13:28,3,16,13,很喜欢很喜欢斯科老师 虽然作业很难 又有些麻烦 但真的从老师那学到了不少东西 最后还要到了和老师的合照 耶
77180,3477,斯科,2018-05-03 11:06:36,-1,10,11,超级棒的老师，学了这门课收获很多，必将受益终身，老师也是一位十分敬业的人。
78931,3477,斯科,2018-05-17 04:42:25,0,12,12,隔壁班的羡慕你们，金毅的课太水了，很无聊
79044,3477,斯科,2018-05-21 10:29:37,-2,10,12,风趣幽默，功底很深。Anyway，是个非常优秀的老师。课程的负担可能会有点重，不过属于够一够就能够到的难度。一定会有收获的。
80458,3477,斯科,2018-06-27 00:12:08,-8,7,15,颓废消极拯救者，坚决与自我放弃斗争到底，感谢老师振奋了我的春学期。
89160,3477,斯科,2018-11-16 06:17:38,-14,10,24,anyway，这是一位自己是大神并且鼓励和鞭策学生成为大神的老师。“比你牛逼的人比你更努力”斯老师的话仍然绕在耳边。作为斯老师的学生，实在是件有意思的事。
95063,3477,斯科,2019-01-18 15:51:03,-9,2,11,anyway老师真的很厉害！上课有趣讲了很多例子（逼格超高233）
103017,3477,斯科,2019-02-25 11:43:16,-4,30,34,对不起，我给一分，您在第一节课上让我们报高考成绩，您毁了我一天的心情，有些事情是所有人一辈子都不想回忆的，但是永远都不会忘记。
103211,3477,斯科,2019-03-27 23:32:45,2,14,12,————
103968,3477,斯科,2019-04-25 06:23:01,20,25,5,仁者见仁
103979,3477,斯科,2019-03-08 07:39:57,22,33,11,道不同
104350,3477,斯科,2019-03-18 11:34:56,-7,4,11,很硬核
104841,3477,斯科,2019-03-28 15:09:46,-7,5,12,爽，听斯科装一波究极B
104934,3477,斯科,2019-03-31 12:03:36,-9,1,10,课上的很好，很负责
104947,3477,斯科,2019-03-31 23:57:23,13,15,2,emmm，各需所长吧
105675,3477,斯科,2019-04-18 08:16:47,-7,4,11,啊斯科男神tql。讲得不错，课挺硬核，作业挺多，人真很好！自己去调研一个东西确实挺有趣的。看看自己的Endnote满满的文献，就感觉这个春学期过得很充实。。。
106135,3477,斯科,2019-04-25 06:29:13,-10,2,12,超好的老师
106207,3477,斯科,2019-04-25 14:02:37,-7,3,10,比较硬核，作业也挺多，不过光基文明是通核。anyway，老师很好。
107189,3477,斯科,2019-07-07 07:36:51,5,16,11,垃圾  没话讲  只会装逼
112858,3477,斯科,2019-07-05 06:43:57,-8,2,10,课程有点难 但是认真完成任务最后给分不错呀 还是有所收获的 讨论课的组员们都很可爱(*˘︶˘*).。.:*♡
112860,3477,斯科,2019-07-05 06:48:58,-6,4,10,one step more
112865,3477,斯科,2019-07-05 07:00:41,13,15,2,个人不太喜欢讲课风格
112866,3477,斯科,2019-07-05 07:02:06,17,20,3,感觉通核的作业实在太多了，每二周都要交讨论报告
112870,3477,斯科,2019-07-11 02:57:15,14,17,3,本来在课程网站上分数给的好好的 输入教务网说修改就修改了 刚好降了一分分被卡绩了 非常难受 这0.3的差距让我感觉这个学期的讨论报告都白写了 建议大家千万别选这门通识核心
112889,3477,斯科,2019-07-05 08:57:07,-10,3,13,给分很好，课很充实
112919,3477,斯科,2019-07-05 10:52:43,2,8,6,skrskr
114393,3477,斯科,2019-07-10 00:40:48,-12,4,16,呢个说最后分数降了0.3了的，我劝你善良，这和斯科老师没关系好吗？是助教改的。斯科老师人呢么好你来这里说真的好吗？
114518,3477,斯科,2019-07-10 09:35:41,8,11,3,人很好，最后被正太。给分不咋的，光基课慎选
114555,3477,斯科,2019-07-10 15:42:01,13,16,3,这课满不了，慎选
114722,3477,斯科,2019-07-11 06:21:36,13,15,2,怎么说呢，老师还是很强的，虽然不是很喜欢这种风格的...最后的给分嘛...只能说我还是比较不满意吧，这是我上的最认真的一门通识课，花在上面的时间都快赶上微积分，结果最后确是上过所有通识课中绩点最低的...可能还是期末考没考好吧...感觉光基课给我带来的最大收获应该就是会自己去检索很多新知识，试着去理解一些前沿的东西，然后写成报告和讲稿，看了看一学期下来这么多的报告，多少还有点成就感吧?
114905,3477,斯科,2019-07-12 16:35:35,12,13,1,最后输入分数的时候以正态为由给所有人都扣了一分，本来很多人都是压线的，但是最后被卡绩了。但是正态只要处理80以下与90以上就可以了，结果他无缘无故的无脑全部降低，有点和我们过不去的感觉。btw，这个课作业多的要死，浪费了我很多时间，但是最后大部分只是在生产学术垃圾。总结：事情多，给分差！！！
115688,3477,斯科,2019-08-18 13:31:27,7,8,1,不好，上课感觉沒有实质内容，太空泛
115877,3477,斯科,2019-08-23 02:26:58,5,6,1,一个通识核心那么多作业，比其它5学分的大专业课都多，而且全是无用功，最后分也不咋地，血坑
115957,3477,斯科,2019-08-27 03:10:45,10,12,2,确实，给分差，事情多，上课很多一部分是在吹牛
118862,3477,斯科,2019-11-07 06:07:35,2,4,2,就算最后导致我们几乎所有人被1分卡绩的是助教，责任也是在任课老师，这样的事情为什么可以随便交给助教，给分的波动为什么可以这么随意？！！
119817,3477,斯科,2019-11-16 02:47:34,6,8,2,老师的学术我不知道，但真的不适合上课
119821,3477,斯科,2019-11-16 02:53:41,0,3,3,垃圾通核，毁我人生
125591,3477,斯科,2020-09-12 03:07:18,4,6,2,光基科技这课说实话不知所云，知识体系混乱，考试写小故事更是离谱，最离谱的是，斯老师还说如果最后成绩好可以找他写推荐信。很好奇这一通识课可以推荐出什么：写小故事的本领？鹅颈展示的本领？吹逼牛顿是祖师爷的本领？
126358,3477,斯科,2020-09-23 15:02:58,0,1,1,都给我上课发言.jpg。（）
134464,3477,斯科,2021-04-22 07:51:31,0,3,3,二逼一个
134921,3477,斯科,2021-04-22 12:05:35,1,1,0,总干没用的
135458,3477,斯科,2021-05-11 03:14:13,1,1,0,出分好慢……先给个10分求高分
143919,3477,斯科,2021-12-12 18:25:09,6,8,2,凌晨一点十五发邮件，凌晨一点四十二回复\n\n感恩老师！
144209,3477,斯科,2021-12-20 12:44:04,1,1,0,很好，就是喜欢问问题
150002,3477,斯科,2022-01-18 09:10:16,18,29,11,研究生一年放10天，日薪10元，真有你的
151328,3477,斯科,2022-02-28 13:46:52,1,2,1,光基通核事贼多，快跑！不要信别人说的什么这个课很好之类的话。事实就是这门课就是一门事很多，上课很卷的课！
151347,3477,斯科,2022-03-01 03:24:42,0,1,1,不下课 还拖堂 学生叫苦不迭。讲课条理性和逻辑性问题很大 听不大懂。
151755,3477,斯科,2022-03-14 15:57:01,8,10,2,珍妮玛丽普，不针对这个老师，针对文献综述这门🐶课，1分走起
154246,3477,斯科,2022-05-27 03:18:39,4,5,1,爱装b，anyway，给分还行
171260,3477,斯科,2023-03-20 06:57:21,0,2,2,＊＊通核，事多分少，毫无东西
183899,3477,斯科,2023-12-03 07:13:16,1,2,1,上的老师的双脑心理与健康\n\n绩杀3.3\n\n别报这门课，纯纯绩杀
192455,3477,斯科,2024-05-20 12:01:12,0,2,2,针对文献综述这个傻逼课
198894,3477,斯科,2024-09-12 13:46:37,1,1,0,刚上完课火速前来为老师应援！其实我选双脑的课是因为教务系统把我想上的课掉得光光的…选课时查老师感觉评价不高还非常心塞来着，但是今天上课真的有听爽到！需要承认对于通识课来说，本课的课程知识容量大 专业性较强（大概是我比较菜啊啊每张PPT上的字都长成我看不懂的样子）但老师会举例并细致讲解，语言也生动幽默，跟上讲课步伐完全不成问题！感谢sk 让我打破晚课永远想睡的魔咒🫡 当然对于给分问题目前还不清楚，反正老师讲得很好（算是一些还没被绩杀的开朗吧👍🏼
218091,3477,斯科,2025-04-21 01:25:26,1,1,0,虽然文献综述是逆天💩课，但是老师还是很好的，给分也不错，我们小组做pre也没有大费周章，最后4.5
56172,3535,Forsbergerik,2017-07-03 07:31:51,2,2,0,人是不错啦，课也有些收获，不过给分是真的抠，而且之前完全没有展示和报告的评分标准的，什么都as you wish，最后出分一脸懵逼……
57492,3535,Forsbergerik,2017-07-09 01:01:47,1,1,0,全英文授课，课上很多留学生。老师因为一些原因稍微有点unpreared 会请一些正在创业的大牛来做讲座。
75941,3535,Forsbergerik,2018-03-22 09:21:28,0,1,1,科技创业全英文授课，留学生很多，主要是讲怎么做business model，也请正在创业的或是投资人来讲几堂课，内容尚可。认真做project分不会太差。
112169,3535,Forsbergerik,2019-07-03 18:37:53,4,4,0,傻逼玩意儿千万别选，劳资次次到课，作业全班最认真，77我服了他。
112170,3535,Forsbergerik,2019-07-03 18:38:57,2,2,0,沃日，班里最高77
159332,3535,Forsbergerik,2022-07-13 07:51:16,0,0,0,事情不算少，但是如果确实听课了并且按他要求来，给分很可以，总之得按要求来别只看PPT\n\n    最后展示课前老师说他很担心我们的展示因为平时大家对他的课堂没什么反应（哈哈哈中国学生比较害羞）还担心我们做的展示不好，结果最后大家展示完了以后老师夸大家做的很好，老师人挺好的
221812,3535,Forsbergerik,2025-06-26 11:12:16,0,0,0,给分太烂了
134057,3543,吕俊,2021-03-14 13:46:47,5,5,0,作业真的多qaq
215511,3543,吕俊,2025-02-27 09:12:59,0,0,0,很可爱的老师（第一节课就来评价了
67032,3582,闻春敖,2018-01-20 05:20:22,1,2,1,这人就是个zz，讲不清道理
174739,3582,闻春敖,2023-06-16 12:32:28,1,1,0,闻老师的荒谬即使是在充满荒谬的光电实验组也是一枝独秀。 光电竞赛的整个竞赛就是一坨大便，闻老师我行我素不管你死活的风格始终如一，大家因为这位老师每天傍晚和晚上的准时心血来潮地发癫熬了不知道几个通宵就换来要去尽量接近一个精度甚至不如自制酒精计的劣质器材。那我就预祝这个每年都办不好的比赛能够命不久矣早日办不下去，圆满从第一届失败到最后一届吧。
28500,3591,匡翠方,2016-06-28 09:35:08,2,3,1,挺好的嘛
107343,3591,匡翠方,2019-05-04 05:43:32,1,4,3,呵呵呵
135642,3591,匡翠方,2021-05-18 02:15:00,8,13,5,和汪老师没法比
135774,3591,匡翠方,2021-05-25 05:08:51,2,3,1,呵呵呵
179138,3591,匡翠方,2023-08-28 11:54:08,2,2,0,挺好的呀
194143,3591,匡翠方,2024-06-22 07:56:30,0,0,0,呵呵呵
75123,3841,罗明,2018-03-07 11:50:16,43,46,3,OK?
76019,3841,罗明,2018-03-24 10:56:58,-7,4,11,不想说什么了，做实验被试加分，要去玉泉，可以，但是先到先得我都抢到名额了，因为你性别比没做好就要求我帮忙找人？我找不到就直接退出没有加分？那为什么不一开始定好性别比？或者考虑热门时间段同学换人，而不是我这个大家都有课的时间段呢？一个通识太让人心累了，不想做了，分数随缘吧，谢谢。
77526,3841,罗明,2018-05-06 09:07:16,5,7,2,如果有兴趣的话很不错 不过看开课学院应该要知道这里主要涉及偏理的色彩分析而不是单纯的主观感受 一个很简单的小作业一个十人一组的大作业 平常课不点名 最后一节课点名了而且助教姐姐在群里提醒了 还是很轻松的 以及老师和助教人超级好！给分也是正态下尽量往高给
79221,3841,罗明,2018-05-28 02:13:20,4,6,2,給分很好
103856,3841,罗明,2019-03-06 10:52:10,12,12,0,有没有人数一下老师一节课说了多少个ok
104180,3841,罗明,2019-03-13 13:25:05,13,15,2,穿得鲜艳，课堂就是你的服装秀
105452,3841,罗明,2019-04-14 08:48:36,11,12,1,就是这样的，OK？《“@：％”》OK？。。。。。。。OK？\n\n课很好看，视频好好玩，那个能把黑白照片看成彩色的视频真是俘获了我的心。
106093,3841,罗明,2019-04-25 02:33:13,1,1,0,老师挺认真的\n\n说话一半中文一半英文\n\nppt纯英\n\n事情挺多\n\n但是讲的不错\n\n社会实践有点点小难
106833,3841,罗明,2019-04-30 03:49:39,2,3,1,虽然小组展示有点鹅颈的感觉 但是老师和助教都很好 给分也好
106864,3841,罗明,2019-04-30 05:36:03,0,3,3,给分不错
115615,3841,罗明,2019-08-09 08:52:59,4,4,0,他好有趣
122822,3841,罗明,2020-04-11 03:46:44,6,8,2,老师很nb，但没有架子。这么硬核的课，讲的却特别清楚，最近到晚上11点还在听我们答辩，一老人家真是不容易。感谢老师让我了解了色彩学，很高兴选了这门课。
123862,3841,罗明,2020-06-15 07:32:43,4,4,0,老师上课认真有趣，人也很好！
128967,3841,罗明,2020-12-27 13:45:08,7,7,0,虽然能看出老师有在尽力简化内容，但讲课其实立即听懂还是蛮困难的。\n\n但是最后的十人大作业和平时听不听课关系不大，大部分靠自己琢磨。\n\n上网课的时候自己在摸鱼，最后自己负责的部分是看着课本回顾了一下色彩空间，花了几个晚上琢磨matlab才做出来的，事实上上课几个小时的时间不会手把手教你做这个。\n\n同组负责人文方面的同学也表示上课的内容对最后的大作业帮助不大。。，狂查资料总是对的。\n\n我唯一记得很清楚的是“明度”与“亮度”的区别哈哈哈哈哈，做最后报告的时候记得注意措辞
134776,3841,罗明,2021-04-14 14:20:14,8,9,1,谢谢罗明老师，老师宽厚绅士，人真的很好，色彩学这门课确实上课内容不是简单地停留表面和感觉，有点难，小组做完报告自己心里也很没底，毕竟作为语言专业学生了解的相关知识并不多，但是还是得到了罗老师的鼓励“你们的presentation overall很好，感谢你们，我五年来第一次从linguistics的角度上全面认识颜色”真的很感谢罗明老师，谦逊没有架子还绅士的大牛让我真正认识到了教授风度，分还没出，但必须先夸一波，希望大家都能去报罗明老师的色彩学课。
134845,3841,罗明,2021-04-18 14:31:54,0,2,2,老师人很好，很体谅学生。这门课后我在思考和颜色有关的问题时，有了新的想法～
135291,3841,罗明,2021-05-07 15:46:56,7,8,1,每次课都有去但不点到\n\n认真写论文了甚至通了个宵\n\n连被正态的3.3都不配\n\nsad
135296,3841,罗明,2021-05-07 16:44:13,9,9,0,给分有点emmm自我感觉偏低\n\n期末展示组长比较辛苦，要统筹十人大组的展示，组长表示很淦。\n\n课还行，听听能拓宽知识面
135395,3841,罗明,2021-05-09 16:50:41,8,8,0,给分没有那么好，远低于预期的分数，\n\n明明真的有在尽心尽力地完成小组作业，自觉为小组做了很多，很失望。
138225,3841,罗明,2021-07-08 04:09:20,-5,3,8,展示时还带侮辱学生的？虽然最后绩点挺高但我受不了调侃，1分不谢。
153150,3841,罗明,2022-04-26 06:54:37,-4,1,5,OK？\n\n每次都在课堂但是却不点名，也认真完成了要求。\n\n然后把我正太了？\n\n1分我都嫌多。
173960,3841,罗明,2023-06-05 08:34:30,0,0,0,作业什么的认真完成，最后3.3
218883,3841,罗明,2025-05-11 03:12:51,1,1,0,老师很可爱，虽然喜欢掺着洋文说话但人很和气！小组作业体验稀烂，但老师好像比起小组pre参考个人作业给分更多一点。个人选的title比较冷门，做完展示之后老师特意拦住我说他不太了解这个领域之后会好好看我的论文（当时吓坏了）最后出分4.8，爱上了
219027,3841,罗明,2025-05-19 08:50:01,1,1,0,老师人很好，是没有架子的大牛。想卷绩点的可以当组长，虽然在小组作业真的要付出很多，最后满绩，谢谢老师。
93438,3907,刘旭,2019-01-09 14:42:06,1,1,0,老师很耐心，很有启发性，喜欢其对学生的态度。
98061,3907,刘旭,2019-01-23 04:37:44,-3,2,5,垃圾老师
118595,3907,刘旭,2019-10-29 06:27:01,1,2,1,很有趣，能体会到自己创作的感觉，刚开始可能有点难，以后会越来做好的
119136,3907,刘旭,2019-11-11 00:30:45,1,3,2,老师人很好，对学生也很好。可以用英文讲的课。
120442,3907,刘旭,2019-12-07 14:32:02,2,3,1,老师事情贼多，熟练使用ps或者是各种软件以及爱好摄影的大佬可以一战
120641,3907,刘旭,2020-01-14 08:19:25,6,8,2,我开始选课的时候老师的评分还不是很高，但是我个憨憨以为这是三维建模相关内容就报进来了，成为了全班唯一一个人文的学生（叹气）\n\n  老师上课真的很有趣，会提出一些很有趣的问题引导我们去讨论（就算是文科生也可以参与哦！虽然比不上理科大神）。虽然标注了是双语上课，但其实英语的部分并不多，有时候讲英语了也会给我们再翻译一遍。\n\n  作业确实比较多，基本每节课后都会有。都是动手作业，难度不是很大，其实对你的ps和摄影技术水平没有什么要求。花的时间就因人而异啦（像我就做得挺快的，但每次都会因为选的素材好被夸（疑惑）。最后的结课作业我记得是做一个之前作品的大总结，和一个和之前课程内容相关的装置或者作品（后面这个好像不是必做项）。\n\n  结尾再吹一波老师！人幽默风趣，上课的时候很吸引人！！！（顺带一提，会有一节课去参观实验室，上课的时候老师也会带一些器材来，还挺好玩的。）我个人觉得给分还ok，大胆选，血赚不亏！\n\n
125253,3907,刘旭,2020-09-04 15:45:45,5,5,0,去年学的光电子，学得稀里糊涂，给分也很玄学，有机会还是去选刘崇老师的吧，助教收作业也很奇葩，收几分钟就走人了，迟交作业还扣平时分。最后低分飘过。
128597,3907,刘旭,2020-12-24 10:50:01,7,9,2,很有趣，但也很看能力，不是水课，老师对能力差的学生也很宽容，认真对待也能获得个不错的成绩
131920,3907,刘旭,2021-01-29 10:00:46,2,4,2,垃圾老师
142937,3907,刘旭,2021-11-17 13:53:48,2,2,0,给你3分是有原因的
147124,3907,刘旭,2022-01-08 23:54:38,-4,0,4,老师真的很好呀 是今年来上大学给我观感最好的老师，很会鼓励人，水水的结课展示，网课也不太听，最后4.5
162301,3907,刘旭,2022-11-19 13:38:14,3,3,0,上的三维显示技术。\n\n老师很不错，在知识之外会教一些思维方法和认识世界的哲理。\n\n只可惜最后比希望的绩点还是要低一些，应该是因为报的人很少。所以如果你看重绩点，个人建议慎重选择。
164222,3907,刘旭,2022-12-19 11:26:39,0,0,0,三维显示技术课，老师给人一种很温和的感觉，说话有时很有哲理，爱笑，会很认真的评价学生的作品，找出优缺点并给出建议。我在上这个课之前对ps等软件完全不懂，完成作业对我来说难度很大，但只要多听多问多学，别放弃，是可以慢慢进步的，到最后能得到老师的夸奖与肯定真的很开心！建议：不要当水课上，认真对待会有很大收获的。
180436,3907,刘旭,2023-09-21 15:20:03,0,0,0,学术水平是高的，属于是学院大牛。上课方面确实一般，编的教材也没法看
199446,3907,刘旭,2024-09-24 01:26:47,0,0,0,为什么光电子这种课要全英文PPT啊。。。场波有一门就好了呗
71525,4242,欧阳润清,2018-01-28 14:41:15,2,4,2,睡了一学期
79592,4242,欧阳润清,2018-06-11 03:28:02,0,3,3,上课很水~但是最后给分很好~不知道别人咋样，看来作业认真完成+期末考稍微认真一点，就行啦
93291,4242,欧阳润清,2019-01-09 01:10:17,0,2,2,老师只给我们上了一次思修课 但是很有礼貌！
100429,4242,欧阳润清,2019-01-26 06:16:21,0,2,2,给分巨好么么哒
109253,4242,欧阳润清,2019-06-12 10:12:19,-1,3,4,作为辅导员，许多问题都不清楚，无法解决学生的问题就直接无视。
109255,4242,欧阳润清,2019-06-12 10:10:01,4,8,4,会做人
140606,4242,欧阳润清,2021-09-14 08:45:53,-2,1,3,老师人非常好，给分满满给，大家不要怕有雷，可以放心选。中国好老师！
142554,4242,欧阳润清,2021-11-13 06:45:40,1,1,0,职规给分不得行啊
142909,4242,欧阳润清,2021-11-17 09:20:08,0,2,2,老师人很好，课堂设计还是用心的，课上也有很多讨论时间，偶尔点名，而且因为是在玉泉开课，上课的都是大三大四养老人，展示没有很卷，总的来说这门课上的很舒适，给分也不错(相对于任务量来说)
145147,4242,欧阳润清,2021-12-28 00:07:34,-1,0,1,有一说一，理工男教思修真不咋样\n\n或者说，思修这门课就是恶心🤢
145843,4242,欧阳润清,2022-01-03 08:24:18,0,0,0,我的心中只有感恩
146038,4242,欧阳润清,2022-01-05 07:45:16,0,0,0,人好不好不清楚，事挺少适合养老，期末任务不重，最后给分也4.5也还行
146317,4242,欧阳润清,2022-01-06 08:01:55,0,0,0,相对于课程作业量，认真做了，分数也不错了
146318,4242,欧阳润清,2022-01-06 08:01:40,0,0,0,相对于课程作业量，认真做了，分数也不错了
146325,4242,欧阳润清,2022-01-06 08:21:43,0,0,0,事不多 给分行
146848,4242,欧阳润清,2022-01-07 15:22:41,0,0,0,还可以
146941,4242,欧阳润清,2022-01-08 06:28:57,0,0,0,职规事少分高，老师究极摸鱼
75738,4253,金毅,2018-03-16 02:19:18,4,6,2,因为课程本来就比较乏味，老师讲的也很乏，建议自学PPT。
76227,4253,金毅,2018-03-29 10:55:57,-2,3,5,nice
76642,4253,金毅,2018-04-17 04:19:51,-5,2,7,老师说实在人很好，有问必答，但关键这门课真的入门难，同学的展示...被老师经常指出错误很尴尬也难免。
78879,4253,金毅,2018-05-16 05:17:09,11,13,2,严肃脸，枯燥不走心\n\n文献出成绩慢加绩杀
78892,4253,金毅,2018-05-16 08:32:03,0,6,6,上课无聊，但其实人挺好
78939,4253,金毅,2018-05-17 06:41:18,3,6,3,呵呵呵
78942,4253,金毅,2018-05-17 07:45:21,11,12,1,一夜打回解放前。绩杀
91274,4253,金毅,2018-12-04 17:55:37,-1,5,6,上课枯燥乏味\n\n留作业不动脑子\n\n有问必答也挽回不了他脑子有坑这个事实\n\n一个文献导入的作业留了一周\n\n然后任务量更大的文献翻译给了2天，还不是周末\n\n我就想知道这是一般老师能做出来的操作?\n\n弱智老师讲的智障课程，慎选
103656,4253,金毅,2019-03-04 00:59:31,1,4,3,垃圾老师，我们组我学的最累，啥都是我干的，3.3
135728,4253,金毅,2021-05-21 10:03:43,1,6,5,冲着满了来感谢一下金老师，有一说一确实作业多任务重，本学期最累的课了......
144605,4253,金毅,2021-12-22 15:01:11,0,1,1,还行吧
152941,4253,金毅,2022-04-22 04:19:36,4,6,2,老师非常认真负责，讲得也很透，离散数学讲得非常好！
157204,4253,金毅,2022-06-22 09:08:10,-8,3,11,不会教别教 出来祸害人
157226,4253,金毅,2022-06-22 12:23:24,5,7,2,认真负责的好老师，离散讲得很透。
171419,4253,金毅,2023-03-24 00:12:51,0,0,0,老师人还行
175606,4253,金毅,2023-06-26 00:56:04,3,3,0,离散考前一小时来评，个人觉得老师讲的很透彻以至于有的时候觉得废话太多了（真的很不好意思），从老师上课的态度和在钉钉群提醒大家注意的问题以及我个人问老师问题老师的回复来看，老师可以说是真的很用心，就是上课有点口音，但是觉得完全可以接受，最后老师离散给我个高分吧呜呜呜
175665,4253,金毅,2023-06-26 06:26:12,2,2,0,老师是好老师，很负责任又很有分寸
177978,4253,金毅,2023-07-06 02:30:32,2,2,0,离散讲课清晰，给分好
178370,4253,金毅,2023-07-11 04:32:28,4,5,1,不管其他课上得怎么样，离散这门课我必须要打10分。讲课清晰是一方面，更重要的是给分极好！整个大学四年都没有这样一个课，让我觉得要挂科了结果4.5的！是这样的，我前面认真学了三章然后后面就不想听了，再加上期末考试和别的科目重合，当时心态快炸了，后面零基础全靠一个晚上通宵复习，最后第九第十章都没学。结果发现考的很简单，但是估分是只有3.3左右，结果出来简直把我惊掉下巴了，4.5啊！4.5啊！
179049,4253,金毅,2023-08-25 15:40:26,1,1,0,上的是老师和王攀老师一起开的文献综述与科技写作。老师人很好，上课很细致，遇到困难可以大胆找老师，金老师很有耐心，会亲自帮忙debug，手把手教会你怎么搞。但对待作业，老师十分严谨，要求较高，可以感受到十分严谨的作风，这也可以算是一种独特的光电入门方式吧。老师们对最后大作业的答辩要求很高，我认为很多原理或许并不是大一学生能掌握的。给分较为求是，但也非常透明，会公示每一次作业得分以及扣分原因和修改建议。\n\n打9分。
181506,4253,金毅,2023-10-19 11:43:24,8,8,0,如果金老师都不算好老师的话，我不知道浙大什么样的老师称之为好。\n\n离散数学，老师总是用最细致的讲法跟大家讲解，虽然可能有一点口音，但是明眼人都能看出来老师的用心和努力，每次作业都是自己一道题一道题批改的，有一点小的错误都会回复批注，会自己每周总结课程的重难点，提醒同学们及时交作业，要复习，最后考试也都是很基础的题目，难的题目几乎没有；\n\n同时作为一个外专业的学生，我冒昧地向老师提出了写推荐信的请求，老师甚至都不知道我长啥样，就答应了给我帮忙，我自己的班主任拿着我拟好的推荐信给我直接签了字，金老师认真给我修改，我不知道10分的老师是什么样的，但是我觉得像这样的老师，这样对待学生的态度在我这里永远满分
194009,4253,金毅,2024-06-21 10:48:35,0,0,0,前面的骗人，我学了好几天才3.9
194195,4253,金毅,2024-06-22 12:11:46,0,1,1,不多说，能选bj就选bj老师
194741,4253,金毅,2024-07-07 01:54:08,0,0,0,当跨专业刷分的，学习内容比较基础，考的也简单，就是背的东西太多了感觉和马原差不多。老师也挺认真负责的，总评作业30，考试70，作业抄下答案期末好好考就好了。最后看成绩也差不多一半的人上90了，说明考的还是简单的
220247,4253,金毅,2025-06-16 15:18:22,1,1,0,离散\n\n点名，（会点名提问，然后看学在浙大有手动点名记录）\n\n上课讲的蛮清晰的，作业有几次会比较多（十几道）（不知道其他班咋样）\n\n整体不错
220707,4253,金毅,2025-06-19 08:58:50,0,0,0,文献综述与科技写作，很求是，但是感觉严格得有点。。。交完作业过去好几周了才给出批改结果，打完一个及格分评语说是因为图片打不开，但这不是学在浙大的问题吗？反正最后自己承担了，感觉作业也都认真对待认真完成了，pre也准备得挺充分，但最后每个组都被挑出来一堆问题，就这样吧，喜提入学以来最低绩点
112241,4331,陈炯,2019-07-04 00:01:01,1,2,1,堪称绩好
112306,4331,陈炯,2019-07-04 01:08:54,1,1,0,事情其实不多，就是上课的时候严肃
156069,4331,陈炯,2022-06-17 10:17:16,3,3,0,给分烂死，给爷爪巴
76643,4606,杨旸,2018-04-17 04:20:41,13,14,1,一个很nice的可爱男，会很认真听完报告
78893,4606,杨旸,2018-05-16 08:32:54,-1,0,1,文献课任务多
79548,4606,杨旸,2018-06-09 02:04:55,4,4,0,nice是真大牛，nature随便发
107275,4606,杨旸,2019-05-03 02:16:18,7,7,0,老师听展示的时候真的好认真哦，展示结束之后会提一些问题，个人感觉蛮不错的
108847,4606,杨旸,2019-06-03 07:04:41,4,4,0,认真听报告，很洋气，对ppt的讲解还挺有收获的
121608,4606,杨旸,2019-12-12 08:35:01,1,1,0,太难了，简直天书
124125,4606,杨旸,2020-06-24 23:20:57,1,2,1,卡绩了😣
134757,4606,杨旸,2021-04-13 15:07:14,1,2,1,作业很多，还经常地不回答问题，还是已读不回。更气的是这节课前边老师布置了最后小组大作业要求后，他又改了。我都搞了一半了他改了！！！！！搞不懂他在想啥。
86006,4749,刘向东,2018-08-27 01:15:25,0,1,1,真的，，，
86011,4749,刘向东,2018-08-27 01:55:52,3,3,0,新生见面会
98049,4749,刘向东,2019-01-23 04:24:39,5,7,2,老师的水平没的说，小组展示时会适当的提示学生。重要的是，老师真的对学生很好。
100328,4749,刘向东,2019-01-26 03:05:32,3,6,3,老师人超级好！很实在备课的一个老师，十分看重学生的个人成长，上课很用心，期末也不考试，做一个自己的小小课题就可以了，并没有十分专业的要求，给分也蛮不错的。(σ′▽‵)′▽‵)σ
100441,4749,刘向东,2019-01-26 06:36:14,7,13,6,老师很好，但要慎选，评分是五级制的，均绩算通识选修里比较低的
108063,4749,刘向东,2019-05-14 02:53:40,-1,9,10,慎选，通识新低，认真写的论文真心感觉不值得
117447,4749,刘向东,2019-09-24 12:06:12,13,17,4,老师人很好，水平也很高。有学生提建议说五分制绩点太低后，立刻改成了百分制。
118913,4749,刘向东,2019-11-07 15:22:32,3,5,2,虽然刘老师只讲前几节课，后面全是小组展示，但是正如老师所说，他最看重的就是上台展示并且回答听众问题的过程，而小组展示往往能给人不少启发。另外，老师每节课上课前都会有一个小主题，比如“关注交流的有效性”“精炼地展示你自己”等等，干货十足。
119527,4749,刘向东,2019-11-13 09:55:18,1,2,1,很享受 很和蔼超级好的老师
119836,4749,刘向东,2019-11-16 03:40:23,2,3,1,老师人超好，每节课都会有一个实用的主题，最后几次课在展示后还会给小组的每个同学提建议，作业也不多，不需要专业性很强
119857,4749,刘向东,2019-11-16 08:31:20,7,9,2,老师很好，选修课针对大一新生，考察方式也在考校学生学术答辩所需要的一些基本素养和功底，收获很大。只要你有想法，能够和组员一起完成任务，好好配合，一般给分不会不好。选题尽量不要选他略有研究的，不然报告的时候会被怼。
119903,4749,刘向东,2019-11-16 23:54:53,1,2,1,老师讲课没得说，很好。对学生很耐心，给分也还行。
122155,4749,刘向东,2020-02-17 11:20:34,6,7,1,除了给分低了点其它完美
122314,4749,刘向东,2020-02-24 04:02:05,3,4,1,展示课有点神仙打架的意思，还包含答辩环节，很锻炼能力。给分也不错啊，认真做应该就可以了。
122536,4749,刘向东,2020-03-03 11:41:42,1,3,2,之前忘了来评价，补一个 刘老师的课真的很好，对同学们也很亲切，事情也不多，而且每节课前都有实用的小tips分享，至少从我上学期选课前的7.5到现在的8.8就能说明一切
122982,4749,刘向东,2020-04-27 11:12:43,7,9,2,一位很有思想的老师，上他的课学到的不只是课程内容，还能给你的学习道路有很大的启发
127019,4749,刘向东,2020-11-03 00:44:16,1,7,6,非常功利
132380,4749,刘向东,2021-02-01 09:44:05,0,6,6,我tm谢谢你啊
134434,4749,刘向东,2021-03-28 13:27:28,-3,7,10,以一己之力拉低均绩，我谢谢你
135366,4749,刘向东,2021-05-08 13:04:47,3,4,1,老师教得很用心，也很尊重学生。但是物品编码确实是硬核的课。缺乏想法的同学慎选这门通识。
140464,4749,刘向东,2021-09-12 14:49:00,2,3,1,刘老师yyds
145524,4749,刘向东,2021-12-30 07:06:26,3,4,1,老师非常好，对同学很友好也不会因为同学们讲解时犯低级错误而指出打断，非常尊重学生，课程主要是为了让低年级同学熟悉大学的学习节奏，但是想摸鱼水的同学求求别选了，老师鼓励小组凝聚，打分都是同样的，其他同学为了展示准备了很久，您一个人上去对着最大字体的一页ppt讲15秒就结束，连ppt都没放完隔着恶心谁呢
149043,4749,刘向东,2022-01-14 07:57:19,3,4,1,虽然被卡了 但估计老师也是捞到这档的最高了。\n\n提问环节之间被干碎了，但绩点还不错。\n\n这个课前几节课老师讲，介绍一些关于编码的知识，后面便是小组展示，有的小组做的确实挺好的。讨论提问环节蛮有意思的，老师也会鼓励大家发表自己的观点。\n\n每节课前还会分享一个小建议，挺有帮助。\n\n作业是一个小组作业和一个个人的作业。\n\n总之，推荐大家选（不过没这么容易摆，多少有点事情）
149046,4749,刘向东,2022-01-14 08:07:21,2,2,0,给分高，教得好，平易近人，虽然课比较硬，但能学到很多。
149112,4749,刘向东,2022-01-14 12:08:04,2,3,1,我只能说我自己不太喜欢。而且给分略微有点低。
163496,4749,刘向东,2022-12-14 13:16:37,5,7,2,和蔼可亲，非常尊重、关心学生，但本人希望学东西而不是甩锅自行研究
164324,4749,刘向东,2022-12-20 09:02:41,4,4,0,事少不点名，零基础，注重展示探究能力的提升，学到新知识比较少，但事是真的少，作为通识课还要苛求什么呢，遇到好组员的话是很快乐的一门课，没遇到自己就多努力，10分，刘老师很好
165649,4749,刘向东,2023-01-09 06:17:22,7,8,1,通识课小组展示➕提问➕心得感想➕自行研究(后两均有字数上限)，事情不多，不算硬核吧也，只是本人自行研究部分全文原创的，但也没有啥技术含量，喜提满绩，对光电识别与编码方面有些个人想法的强推，没有自己的想法还是有一些困难，出成绩感谢老师！补充下老师嗓音有外伤有些哑，不过个人感觉也能听(本人在嗓音上有苛求)，非常非常尊重学生，小组展示出现问题老师竟然打电话与我沟通，真的没有想到老师这么认真负责
165660,4749,刘向东,2023-01-09 07:19:20,1,3,2,老师人很好，尊重学生，事情也少。但是感觉课上学不到什么东西，基本上后半学期课程全都是小组展示，上课云里雾里，个人观感对文科生不是很友好，有点点硬。可能是我个人创新能力不够，选题不够新？最后喜提大学以来最低绩点...有点遗憾
165965,4749,刘向东,2023-01-10 13:51:15,5,6,1,老师人很好，平时上课氛围也很轻松，想选这门课一定先看看教学大纲，这门课大部分是要展示，对能力要求较高，不建议对成绩有追求的同学选，因为这门课给分真的不是很理想，但是想学东西这门课还是很有用啊，自己探究写感悟，感觉能力大有提升，虽然没上4，但给老师满分！
166268,4749,刘向东,2023-01-11 15:08:45,-4,3,7,事少，同时也学不到什么实质的东西就直接自行研究，算是比较认真创新但也给分低得离谱，慎重选择
166727,4749,刘向东,2023-01-13 10:30:50,1,4,3,高中文科 在浙社科生喜提4.5 老师真的很好很好！！！事情在通识来说不算少 个人研究➕课程感想➕小组展示➕对其他小组提问 但老师是真的想让我们学有所得 因为网课原因很多教学环节没有做成真的很遗憾…… 个人经验来说就是要认真做事 自主探究部分因为我完全没有数理化基础所以可能做的很浅 但课程建议很认真地写了 开学老师也说了因为有比例要求所以不可能人人高分 但感觉只要你努力了老师是可以看到的！老师超级超级认真负责 我做组长给老师发几次邮件都被很认真地回复了！给老师满分！
168461,4749,刘向东,2023-02-17 07:38:05,1,2,1,通识选修课慎选
172650,4749,刘向东,2023-05-03 12:13:11,1,1,0,10分，但建议别想不开选他的通识课
107273,4774,郭欣,2019-05-03 02:14:24,2,3,1,老师是一个很温柔的人啦
118884,4774,郭欣,2019-11-07 10:49:22,-2,0,2,给分容易卡绩。。
153936,4774,郭欣,2022-05-17 07:11:14,1,1,0,郭老师很耐心和温柔呀，给分也挺好的。不过这门课确实需要花功夫——个人觉得主要是在阅读文献和展示上。
172649,4774,郭欣,2023-05-03 09:27:21,1,1,0,文献综述事情是真的多，但是老师人蛮不错的个人感觉
216765,4774,郭欣,2025-03-24 10:05:23,0,0,0,场波。\n\n感觉是现学现讲的，一句话老是卡壳，，，
219318,4774,郭欣,2025-05-25 06:09:38,2,2,0,文献综述，事情有点多，但老师很好，也能真的学到东西
220246,4774,郭欣,2025-06-16 15:15:40,1,1,0,文献综述还不错\n\n场波上课整体还行，偶尔会卡壳，数学推理内容不多，老师人还挺好的
78221,5086,张磊,2018-05-10 05:12:43,0,2,2,老师人很好啊！这个课也挺好的，事儿也不多，还能学到挺多东西的。嗯，最后，给分也好。不知道为什么选的人那么少？
144790,5086,张磊,2021-12-23 15:32:11,6,6,0,光电的张磊老师超级好的！
158761,5086,张磊,2022-07-02 02:18:30,1,1,0,给分不好
133557,5285,车双良,2021-03-02 06:02:55,35,39,4,不知所云
133558,5285,车双良,2021-03-02 06:13:15,20,21,1,我是谁我在哪我上的是什么课
134499,5285,车双良,2021-03-30 07:32:22,15,18,3,上课先讲大半节课大道理，自己讲课无聊还怪学生不回答问题，上课自带催眠效果。第一节课上来就讲了三节课历史，也真是服了
134500,5285,车双良,2021-03-30 07:40:24,18,19,1,就很无聊，时不时会点人回答奇怪的问题。有时候会把同学无心的话钻牛角尖、曲解、偷换概念，害。
134623,5285,车双良,2021-04-06 06:22:01,32,33,1,不可否定老师在光电专业领域的成就，但是就摄影水平来说，老师自认为水平高超，课堂大量时间用来吹水和听同学们阅读理解式的赞扬，但实际水平非常不及格。真正喜欢摄影的同学，千万要避开摄影 技术与艺术 这门通识。 不喜欢摄影的同学，你也会受不了的，别来满足一位摄影还没入门的老师的虚荣感。
134624,5285,车双良,2021-04-06 06:43:41,14,15,1,这课和摄影关系不大
134626,5285,车双良,2021-04-20 07:10:36,24,26,2,不喜欢他话里总是带着的威胁意味和咄咄逼人的架势，听得叫人很生气。\n\n打着开设摄影课程的旗号发表自己无处释放的文史哲见解，再加入和摄影关系没有那么大的自身专业知识充数。
134629,5285,车双良,2021-04-06 10:29:39,11,12,1,国家科学技术进步特等奖得主\n\n拍照很垃圾
134633,5285,车双良,2021-04-06 15:47:35,9,10,1,应该改名叫摄影与光学原理
134740,5285,车双良,2021-04-13 05:17:22,14,15,1,看到大家都这么想我就放心了
134745,5285,车双良,2021-04-13 07:34:14,19,21,2,春学期快过去了，还没开始讲摄影。今天说是要讲些大家可能不知道的人，我以为开始要讲布列松之类。结果开始分享自己读路遥的随想。接下来到下课就一直给大家看老师自己写的随想。选课人，珍惜自己的时间和生命！
134748,5285,车双良,2021-04-13 08:03:57,13,14,1,咄咄逼人，自以为是，每节课都要强调纪律，喜欢阴阳怪气，扣帽子，正态成了这种_手里的有力武器\n\n光学知识非本专业不评价，摄影水平真心一般，不推荐不建议
134749,5285,车双良,2021-04-13 08:06:56,13,14,1,别选 快逃
134994,5285,车双良,2021-04-26 06:48:56,9,11,2,救命 课间蹲点暗算学生可还行 铃声还没响完揪着学生为难他 这就是浙大的老师吗
135334,5285,车双良,2021-05-08 07:09:08,7,10,3,这老师对学生真的很不友好，大学这样的环境还要像小学一样揪着每个人不放？搞得大家人心惶惶的，还是个通识课，不知道居心何在
135477,5285,车双良,2021-05-11 07:07:19,7,11,4,根本不会摄影的老师，扯各种东西拖时间 学生的作用就是满足他的虚荣，说的没错
135480,5285,车双良,2021-05-11 07:45:55,6,9,3,千万不要选这门课，学不到东西特别无聊，关键是老师还不让你水，否则要被点名批评，报名字学号，社死现场，几乎每次上课都在讲纪律。千万不要选这门课，选不上其他课也别选这门。
135490,5285,车双良,2021-05-11 12:47:47,2,4,2,害，手写论文
136000,5285,车双良,2021-06-09 03:00:34,3,5,2,千万别选
136280,5285,车双良,2021-06-15 07:39:45,5,7,2,希望教学督导能多来
136627,5285,车双良,2021-06-22 06:27:25,6,8,2,想学摄影劝退，想学玄学速来
136635,5285,车双良,2021-06-22 08:44:52,3,7,4,上课好无聊，睡觉又不敢睡，老师好凶感觉。。学了一个学期真不知道学了点啥。期末大作业ddl一个星期前开始布置，论文还要手写，醉了。。估计最后评分也不高，期末想退课没法退真的跟吃了*一样难受。\n\n一个学期下来抹杀了我对摄影的兴趣\n\n总而言之，傻孩子们，快逃！！
136663,5285,车双良,2021-07-08 18:38:08,10,14,4,出分了，来给个差评
136895,5285,车双良,2021-06-28 00:44:19,3,5,2,离了个大谱
136978,5285,车双良,2021-06-29 05:34:53,8,10,2,上一学期的课，要用一生来治愈
136979,5285,车双良,2021-06-29 05:36:08,4,7,3,sb我求求你做个人
138370,5285,车双良,2021-07-08 22:21:18,10,12,2,出成绩了，史上最低成绩，怎么说呢，内心毫无波澜，已经预料到了，反正很长时间忘不了这位老师，需要很长时间去治愈
138382,5285,车双良,2021-07-08 23:39:03,9,12,3,出分了，喜提通识课最低绩点，这一个学期的课我每一节都瞳孔地震，心惊胆战，除了浪费三个小时看废片之外别无收获。要是想体验一下这个阴阳人的课堂还是旁听好了，或者选了尽早退掉，我最后悔的就是期中没有弃修，别跟自己过不去。
138395,5285,车双良,2021-07-09 02:04:04,9,10,1,课上的真的烂，不知道讲啥在，摄影课摄影课硬生生讲成文化鉴赏课，上课还喜欢各种搞学生，只要一点不符合他意愿就狂喷，给分也奇差，我的建议是但凡他的课都别选
138420,5285,车双良,2021-07-25 14:11:03,-17,9,26,车老师的课，满绩有手就行\n\n-----\n\n有人说我满绩是迎合老师畸形要求。请这位同学先想想，老师对我们有什么要求？上课不玩手机，这很畸形吗？交几副摄影作品，畸形吗？为照片起名，畸形吗？总不能是对学生什么要求也没有的好好先生才是好老师吧。或者，这位同学还是因为玩手机被发现而觉得畸形，因为没有上课觉得畸形，因为没有交摄影作品觉得畸形，畸形的是你的成绩，抑或是你这套惟个人绩点论的世界观呢？
138499,5285,车双良,2021-07-21 13:08:42,-6,3,9,.....
138586,5285,车双良,2021-07-10 02:34:50,10,14,4,绩点4.8选手来回答一波。说实在的，这个课里摄影技术的内容真的太少，这一点应该在课程简介里重点说明才好，免得误人子弟，本来嘛，大家选这个课都是希望学到真刀真枪的技术的，不然也没这么多人喷。\n\n再说说艺术方面，感觉老师选的荷花这个切入口太小了，很少有人能对这个主题产生共鸣。个人感觉既然是通识课，还是应该在扩大主题接触面上努力，鉴赏的范围太窄了。
138692,5285,车双良,2021-07-10 11:13:14,-3,6,9,怎么说了在我思政通识中唯一一个下4.5甚至快下三的课了。可能是真的不能和老师产生共鸣吧
139033,5285,车双良,2021-07-12 08:28:16,-1,9,10,炫耀满绩的怎么想的？迎合老师的畸形要求罢了
140145,5285,车双良,2021-08-29 14:44:09,-1,1,2,......
153078,5285,车双良,2022-04-25 03:31:46,2,4,2,好老师，事少分高
158129,5285,车双良,2022-06-27 06:01:19,0,2,2,给分确实好，去上课基本都能4.8
159776,5285,车双良,2022-08-29 08:47:33,0,1,1,去上课，别走神4.8稳了
160654,5285,车双良,2022-09-29 10:39:10,0,0,0,感觉不错，还可以
167466,5285,车双良,2023-01-16 13:47:18,0,0,0,还可以的
170058,5285,车双良,2023-03-01 07:10:41,0,0,0,离谱，不知所云
220250,5291,刘承,2025-06-16 15:23:36,0,0,0,应光实验\n\n老师有时路过会提问实验原理细节，不知道的话就会讲一遍，或者询问当前进度、有没有不懂的地方，总体来说挺认真负责的，蛮好的
134813,5307,舒晓武,2021-04-16 03:35:51,1,2,1,扯天扯地，扯东扯西\n\n超级容易跑题。。。
136700,5307,舒晓武,2021-06-23 07:20:36,2,4,2,救命。。我真的不知道他在说啥。。\n\n每句话都没有中心思想。。\n\n我是谁我在哪
174887,5307,舒晓武,2023-06-19 10:15:36,0,0,0,上过量子力学表示根本学不会。老师知识很足，但是如果想学量子光学建议不要选
142863,5333,刘雪明,2021-11-17 03:14:52,0,1,1,念PPT都不愿意……
134065,5340,吴仍茂,2021-03-15 03:04:49,-6,4,10,得过达摩奖的大佬，我心中比较理想的大学授课老师。
152307,5340,吴仍茂,2022-04-03 01:53:07,13,16,3,不太尊重学生的想法，控制欲太强了，去读研的要注意了
170774,5340,吴仍茂,2023-03-09 10:42:20,4,5,1,老师看起来太忙了
171092,5340,吴仍茂,2023-03-16 02:46:44,4,4,0,太忙了不能换个老师吗？？
171857,5340,吴仍茂,2023-04-08 07:52:54,6,6,0,事贼多
173092,5340,吴仍茂,2023-05-13 07:45:42,-8,0,8,作为工信某专业跨专业来学应光的同学而言，吴老师真的讲得相当不错，而且上课形式挺丰富的，点赞~
173406,5340,吴仍茂,2023-05-23 10:56:56,5,5,0,事情贼多，很烦
176818,5340,吴仍茂,2023-06-30 08:46:59,-5,1,6,上课有些无聊，但老师是好老师。可能更适合1对1？\n\n一次课后去答疑，不仅解决了问题，还问我们人生规划的事情，给了很多血泪建议，简直是醍醐灌顶啊
180766,5340,吴仍茂,2023-09-26 02:53:34,4,4,0,避雷，快润
190092,5340,吴仍茂,2024-02-21 01:53:00,7,7,0,跟他读研的同学非常踩雷、谁读谁痛苦、不怕的可以试试
192243,5340,吴仍茂,2024-05-13 02:09:56,11,12,1,应光。课讲的一般，知识覆盖不全面。下课不认真回答同学问题，明明在书上有的知识让同学去百度，可见其对于课本知识极不了解。本人钉钉问了他六七次问题，一次都没有得到有效地回答😅口口声声说要与学生好好交流，但这态度不免让我觉得有些伪君子之嫌。\n\n还说什么为了学生复习充分多留一些时间，结果tmd五一假放完以后的第二天就考期中，我看你是懒得用五一大好时光判卷吧🤣群里还说五一同学们复习所以作业推迟提交，哦原来您还知道我们五一要复习呀😅\n\nps：pg好翘🥵cos黑人辛吉飞应该挺像的😍
198694,5340,吴仍茂,2024-09-11 02:44:46,1,2,1,很烂，不建议
220245,5340,吴仍茂,2025-06-16 15:14:04,0,0,0,总体还行，点名会提前说（第一节课还是第二节课后说，然后下一节刚上课的时候点名），点了四次一共\n\n给分也还行\n\n还有两三次讨论，任务不算太重
221406,5340,吴仍茂,2025-06-23 08:51:11,0,0,0,🙏感谢老师不杀之恩
128381,5446,狄大卫,2020-12-22 02:47:11,6,14,8,今年36岁的光电学院博导狄大卫，长期从事新型光电子器件与材料的前瞻性基础研究，不久前入选浙江省首批“鲲鹏行动”计划，成为了7位入选顶尖人才中最年轻的一员。\n\n\n\n2018年，狄大卫选择回国并加入浙大现代光学仪器国家重点实验室。当被问及浙大的学术氛围时，狄大卫给予了“百花齐放”的评价。他提到浙大拥有很多高水平的研究团队，许多院系都拥有非常杰出的领军人物，而且浙大引进和培养的青年研究者的科研动力都非常强。\n\n\n\n2019年，狄大卫被《麻省理工科技评论》评为全球“35岁以下科技创新35人”之一。眼下，他正带领团队瞄准光电子学领域前沿，加快搭建新型光电子器件前瞻性基础研究、应用研究和产业转化三大科研平台。\n\n\n\nhttps://mp.weixin.qq.com/s/5tkBq97UBGba5HHIFnffhQ
132926,5446,狄大卫,2021-02-05 04:32:41,16,21,5,创造两项发光效率纪录！浙大青年科学家获《人民日报》点赞\n\n“科研就是追寻‘有趣’与探索‘未知’。”今年36岁的青年学者狄大卫这样认为。\n\nhttps://mp.weixin.qq.com/s/m78Cw4mI0IFYXwd6qcDBlw
160272,5446,狄大卫,2022-09-16 05:02:18,1,1,0,太强了！
182048,5446,狄大卫,2023-11-09 04:20:35,1,3,2,这个评论不会是组里水军吧
197895,5446,狄大卫,2024-08-20 04:58:12,2,2,0,10分！
201581,5446,狄大卫,2024-11-04 13:05:04,0,0,0,太强了
213683,5446,狄大卫,2025-01-19 06:34:49,2,2,0,lxddw的光电子学还是值得一选的，期中这个班开卷，后半部分ddw老师讲课应该是三个半导体老师里比较清楚的了，给分好。感谢助教gg和两位老师
170229,5468,唐龙华,2023-03-02 05:37:51,4,4,0,唐老师太好了！！！一整个爱住！！！
171414,5468,唐龙华,2023-03-23 16:47:54,0,1,1,我是内鬼，我是来给唐老师刷分的（\n\n人很好，多去骚扰
156542,5503,李林军,2022-06-20 08:14:20,18,18,0,别选…算我求你的
158107,5503,李林军,2022-06-27 04:42:24,6,6,0,老师给分很好😅
158109,5503,李林军,2022-06-27 04:45:00,9,9,0,和查老师上相差1点多的均绩被我吃掉了是吧😅
158148,5503,李林军,2022-06-27 07:59:11,9,9,0,算我求你了，不会上课就别上，不会给分就别给
158339,5503,李林军,2022-06-28 12:24:25,6,6,0,挂了🤗
158838,5503,李林军,2022-07-02 14:47:18,3,3,0,快跑啊
159868,5503,李林军,2022-09-07 03:43:38,6,6,0,如果你想给大二下本就不富裕的均绩来个向下绝杀的话😅考的什么玩意，上得更是垃圾，学的屁用没有只能拉低GPA😅😅😅
159995,5503,李林军,2022-09-11 08:11:27,3,3,0,wao
164257,5503,李林军,2022-12-20 04:43:04,5,5,0,能不能不要开课害人了，选了你算我倒霉，讲课寄给分还差，选修课还给人挂了，有卷面斩杀线你不早说，考完问你才说，是不是有病
166065,5503,李林军,2023-01-11 04:10:22,-8,0,8,大水课，期末带足资料就ok
133541,5542,马耀光,2021-03-02 02:38:56,8,15,7,华莱士
152104,5542,马耀光,2022-03-27 02:05:02,5,7,2,六节课，每一个nabla，都被读成了delta……
174417,5542,马耀光,2023-06-12 05:08:26,2,2,0,他明明说的是中文，却好似说的不是中文。如果不幸真的选上了，直接自学吧。没必要去听，因为不点名
174734,5542,马耀光,2023-06-16 10:19:03,0,1,1,修LaTeX的途中来打个一分，老师人很好，也很强，但讲课阿巴阿巴……作业要用LaTeX写，乐，还好我是菜逼，不会画图，不然还要去卷画图作业hh（流汗黄豆
216412,5637,张登伟,2025-03-16 08:13:21,0,0,0,只会讲大道理，说文解字大师，讲奉献讲感恩讲忏悔，当他学生算你倒霉
166801,5695,杨柳,2023-01-13 15:38:08,1,2,1,先进光学制造选的人很少，上课认真听的话能学到东西，给分不算太好。
178218,5695,杨柳,2023-07-08 07:21:34,1,1,0,退选光通信实验，班级均分不到80
183129,5695,杨柳,2023-11-22 12:19:15,2,2,0,作业批改很认真，比较严格
122116,5771,李楠,2020-02-13 13:41:18,36,37,1,艾玛 李楠 tql！
122117,5771,李楠,2020-02-13 14:03:33,8,12,4,lnxgg嫁到光电了🐎
125328,5771,李楠,2020-09-07 06:46:37,22,23,1,课讲得挺清楚的，我一个没什么量子力学基础的也能听懂。给分很赞，别看均绩，有两位大哥从头到尾没来过：）））
125537,5771,李楠,2020-09-11 05:49:35,15,16,1,我们班主任，非常负责，选修了她的量子精密测量，讲的非常好，而且事儿少给分好，值得选修
125605,5771,李楠,2020-09-12 09:06:25,10,11,1,老师很幽默，讲的清楚给分好
126387,5771,李楠,2020-09-24 13:50:12,3,4,1,非常好！听完课有种意犹未尽的赶脚
126416,5771,李楠,2020-09-25 08:48:19,2,2,0,课讲的很棒，很喜欢老师轻松诙谐的讲课风格
126636,5771,李楠,2020-10-10 07:56:03,2,3,1,挺喜欢李楠老师的课，能够把深奥的东西以易于理解的方式表达出来，强！
127183,5771,李楠,2020-11-16 05:02:29,3,4,1,啊我是旁听的，去年没有选，但是听同学说讲的挺好，就去蹭了几节课，确实讲的挺透，公式推导不多，物理图像讲的清楚细致，感觉是给工科的学生特意设计过的
128762,5771,李楠,2020-12-25 07:31:17,3,3,0,嗯真就讲的挺好的。可能明天考研的关系，今天只来了四五个人坐在后面，但老师还是很认真的讲课、板书，鹅且带了实物，棒棒哒。课程可以，这波不亏
134160,5771,李楠,2021-03-17 09:48:46,2,3,1,有一次课在老师实验室上的你敢信？哈哈，真就很生动，希望多一些这样的课程！
134437,5771,李楠,2021-03-28 13:37:14,6,7,1,嗯，老师讲的蛮不错，而且喜欢跟我们交流互动，没有架子。另外老师到底多大呀，看起来好年轻像个学生
139334,5771,李楠,2021-07-14 11:09:36,3,4,1,选了李楠老师的一门研究生课程，说实话就最后李老师的那几周的课真正学了点东西，给李老师打call~~
143360,5771,李楠,2021-11-24 05:50:24,2,2,0,yyds
144539,5771,李楠,2021-12-22 07:20:22,1,2,1,讲的很好，小测好难。。【裂开】
150362,5771,李楠,2022-01-23 07:41:26,1,1,0,好！可以闭眼选的课！
162286,5771,李楠,2022-11-19 06:31:07,1,1,0,神仙老师，爱了爱了
169665,5771,李楠,2023-02-27 09:47:50,0,0,0,老师讲得很好，课程也比较轻松
174886,5771,李楠,2023-06-19 10:13:57,-3,1,4,画的重点并不是考的很到，白复习了
203419,5771,李楠,2024-11-19 12:51:13,0,0,0,老师好好，很喜欢老师的课，大家都来选哪不亏不亏\n\n今年有好多是超容量申请增选的，想选的同学趁早噢
214524,5771,李楠,2025-02-11 06:24:21,1,1,0,喜欢lnxjj
216267,5771,李楠,2025-03-13 00:43:19,0,0,0,好老师，点赞。祝老师科研顺利
152475,5920,郝翔,2022-04-12 12:36:13,-1,5,6,事真多，上课极度无聊
202959,5951,佘玄,2024-11-15 11:50:45,0,0,0,光机结构设计，这个老师布置的作业最麻烦给分最差。如果选到了他的班记得注意他的作业要尽量认真完成。
152156,6138,程潇羽,2022-03-29 03:50:57,2,2,0,麻了，还不如斯科呢
155744,6138,程潇羽,2022-06-15 12:47:36,2,3,1,文献综述，楼下所言极是，点名还拖堂
155952,6138,程潇羽,2022-06-16 17:07:18,10,11,1,曾经我以为，斯科终于轮换掉了\n\n\n\n结果我发现……又是个狗屎老师
170800,6138,程潇羽,2023-03-10 02:09:46,0,0,0,文献综述，狗都不上
185994,6276,许贝贝,2024-01-07 08:12:02,0,1,1,真棒哦
138398,6288,王攀,2021-07-09 02:27:47,2,2,0,10分
140309,6288,王攀,2021-09-08 03:35:16,1,2,1,111
179048,6288,王攀,2023-08-25 15:43:51,0,0,0,上的是老师和金毅老师一起开的文献综述与科技写作。老师人很好，关心学生，会顺路接送玉泉的同学，上课会结合具体例子来讲，丰富枯燥的课程内容。但老师十分严谨，要求较高，可以感受到十分严谨的作风，这也可以算是一种独特的光电入门方式吧。老师们对最后大作业的答辩要求很高，我认为很多原理或许并不是大一学生能掌握的。给分较为求是，但也非常透明，会公示每一次作业得分以及扣分原因和修改建议。\n\n打9分。
199489,6288,王攀,2024-09-24 12:41:29,5,5,0,别的不说，终于把光电子学PPT做成中文了，我给他打十分。（来自隔壁班的泪）
219112,6552,郭敬书,2025-05-21 15:51:44,0,0,0,班主任
155009,6647,韩于冰,2022-06-07 11:08:03,7,7,0,韩于冰老师人超级好，温柔耐心(｡･ω･｡)ﾉ♡
191067,6647,韩于冰,2024-03-31 14:19:06,2,3,1,好老师 好班主任
176412,6858,刘柳,2023-06-28 18:52:20,0,1,1,老师很好
176472,6858,刘柳,2023-06-29 04:36:52,0,1,1,老师很随和，讲课也很有意思，好评！
221086,6858,刘柳,2025-06-21 07:55:46,0,0,0,老师很好，讲课挺好的，实验的时候也有耐心
179549,6912,于浩晨,2023-09-18 06:20:02,2,3,1,私信已读不回，群里提问当没看见，这样的老师能搞行政吗？
124103,7787,张曼华,2020-06-24 03:21:00,1,22,21,上课尽放视频 绩点巨低
133887,7787,张曼华,2021-03-09 03:00:40,5,17,12,绩点巨低 上课只会放视频
142487,7787,张曼华,2021-11-12 06:11:02,0,8,8,比起其他职规老师事情真的很少，上课不用听，就最后的职规书和三分钟的个人展示，很水很水。一直水，最后4.5，感觉还不错。
142520,7787,张曼华,2021-11-12 13:14:16,0,9,9,老师挺好的，上课可以听或者不听，不作强制要求。有一次国庆假明显少了很多人，赶着回家，老师开玩笑说要点名，然后没点，最后也没卡绩，作业就一个小组的职业人物访谈和职业生涯规划，事不多，给分好。
142576,7787,张曼华,2021-11-13 14:06:10,5,11,6,单就职规学到的知识来说，对生涯规划还是有帮助的，尤其是简历和面试部分。但是就是被正态了，绩点低又有什么办法呢
145554,7787,张曼华,2021-12-30 08:24:27,-5,3,8,挺好的老师
147013,7787,张曼华,2022-01-08 12:21:15,-1,3,4,上课比较水，但职业生涯规划书认真写报告认真做的话绩点还可以
147442,7787,张曼华,2022-01-10 03:56:29,-10,1,11,老师很温柔，最后个人展示感觉自己并没有像其他很牛的同学一样侃侃而谈，但是绩点还是不错，有4.5。小组同学也都很棒。
147446,7787,张曼华,2022-01-10 04:20:04,-6,1,7,老师挺好哒
147448,7787,张曼华,2022-01-10 04:23:10,-17,3,20,张曼华老师，给了我大学第一个满绩！太感谢了！
147667,7787,张曼华,2022-01-10 11:45:15,22,24,2,事多给分低……退！
162508,7787,张曼华,2022-11-24 01:44:33,-4,3,7,上课很水，可以不听，老师事情很少，最后，分配到的组员很拉，但是只要职规书认真写，就不会出太多问题，4.5，还可以
162572,7787,张曼华,2022-11-25 15:38:01,3,6,3,相比别的职规老师事情不多，但是个人不太明白黑发标准，貌似除了组长一个组一个分批量给的…
163167,7787,张曼华,2022-12-08 13:43:19,0,4,4,职规课，老师从来没点过名。\n\n上课完全做自己的事情，老师也没怎么管，不过我还是认真听课的。\n\n最后成绩也还不错，我们小组人均4.2，我比他们要高一点点，估计是作业比较认真的原因吧。\n\n体验还是不错的，老师人很温柔，一直听她的课会有一种自己也是光电的学生的感觉哈哈哈
163455,7787,张曼华,2022-12-14 11:10:41,-4,1,5,很好的老师
164044,7787,张曼华,2022-12-17 11:59:08,-12,1,13,职规课\n\n上课从来没听过，不是组长\n\n一次生涯人物访谈一次期末展示一个职业生涯规划书\n\n生涯规划书认认真真完成了\n\n最后意外地满了\n\n很开心！
164093,7787,张曼华,2022-12-18 03:10:05,15,16,1,给分很迷，劝退
166404,7787,张曼华,2023-01-12 07:27:43,-7,3,10,老师很好，职规课事不多，规划书好好写给分不错的！
167111,7787,张曼华,2023-01-15 03:49:45,-13,3,16,没当组长，没有pre\n\n认真完成小组作业\n\n最后职规书认真花心思写\n\n最后4.8
174804,7787,张曼华,2023-06-20 12:21:13,11,13,2,没当组长，任务都是平均分配，作业也都认真完成了。最后只有组长上四，组员全部3.9，真不相信组员职规书都写得一样….
174961,7787,张曼华,2023-06-20 12:22:38,6,7,1,高分基本都是组长，组长什么也不干稳上四，就说这公不公平吧
181497,7787,张曼华,2023-10-19 08:34:57,5,5,0,职规课是你的家常课吧，每节课都是面向小朋友的授课方式，个人站着高处对着农村侃侃而谈。你的孩子是与教授孩子一起上学，不会说话就别说。一个敏感问题全班都没笑，就张老师绷不住是吧。
182770,7787,张曼华,2023-11-20 07:21:22,10,11,1,事多分少，目前均绩4.52，这门课只有3.9，远远低于预期，将近写了一万字的访谈报告和生涯规划书，就这破分，呵呵。\n\n目前最低绩点居然是这门破通识
182817,7787,张曼华,2023-11-20 12:11:34,6,6,0,事多分低上课无聊。。。3.9路过
183220,7787,张曼华,2023-11-23 02:09:16,6,6,0,事多给分巨迷，上课都是水分
183243,7787,张曼华,2023-11-23 05:32:43,3,3,0,评判标准不讲清楚，事多给分迷
183365,7787,张曼华,2023-11-24 06:04:47,6,6,0,两年过去了，张老师的水课仍然是我的最低分。作业是认真完成的，真心建议同学慎选。
183395,7787,张曼华,2023-11-25 01:20:25,6,6,0,看看热评都是给分差的，感觉楼下说给分好的真幸存者偏差。职规书认真写的，现在大二均绩4.6+但这课没上4，只能说给分确实差。
184321,7787,张曼华,2023-12-17 04:37:19,2,2,0,事多分低
184797,7787,张曼华,2023-12-23 01:41:05,6,6,0,优越感极强的一个老师，上课就是听她花式炫耀自己虽然不是985毕业但是贵为浙大讲师的身份，炫耀老公工作好，炫耀女儿的老师是教授，然后扯一扯之前 遇到过的好学生或者奇葩学生。事情多，生涯人物访谈本来是小组作业，非要我们一人交一篇，任务量非常大。职规书和访谈报告都认认真真写了，结果感觉她根本没看，绩点就3.9。并且老师表达能力不行，说不明白话，没啥逻辑。唯一的好处是不点名。
129429,7840,赵保丹,2021-01-05 08:44:10,17,23,6,赵老师真滴仙女了
170327,7840,赵保丹,2023-03-03 01:55:33,1,2,1,好漂亮
135567,7898,刘智毅,2021-05-14 09:55:28,14,16,2,老师太温柔了！
140949,7898,刘智毅,2021-09-18 06:34:00,6,6,0,老师人太好了！！！
208473,7898,刘智毅,2024-12-28 07:09:22,3,3,0,听了这位老师的光基课，人很温柔，从不刁难学生，上课讲得很好，容易听懂，而且全是干货。
216745,7898,刘智毅,2025-03-24 01:42:14,2,2,0,超nice
217963,7898,刘智毅,2025-04-18 11:50:31,2,2,0,刘老师我男神
220224,7898,刘智毅,2025-06-17 14:42:46,2,2,0,刘老师真的人超好，超温柔，对家里人也好，平时除了科研就是陪孩子，总之超级负责了。
189117,7963,谢意维,2024-01-22 03:24:44,1,1,0,数字相干系统 这门国际化课程事其实很少，总体下来就一个课堂上的口语考核和一个期末试卷。口语考核是问一些基本概念是什么，问的时候可以当场查课件；期末试卷是提前几天发下来，然后给你一个星期左右的时间做，时间很充裕，并且最后一题 询问你在这门课中最感兴趣的地方是什么 就占了40分，挂是必不可能挂的。Darli老师毕竟是巴西的老师，英语口音很少，还很清晰，听力基本没什么问题。此外，darli老师很喜欢在课上询问有没有问题，他还是很希望能和同学们有互动的，所以我坚持每节课都开着摄像头（授课软件是zoom），有问题就问，事少给分好，喜提4.8。
130087,8023,谭德志,2021-01-16 14:37:43,0,1,1,好老师！
154723,8043,俞泽杰,2022-06-04 07:33:12,0,2,2,大一的班主任，人很好，很关心学生，就是没上过他的课……不能对他的授课水平做出评价了
191146,8043,俞泽杰,2024-04-08 10:30:01,0,0,0,据说很好，室友天天夸他
161608,8263,蒋凌颖,2022-11-09 11:15:21,0,0,0,还不错
175383,8263,蒋凌颖,2023-06-24 10:53:43,0,0,0,蒋姐真的好人！！！哭死!温柔耐心，问问题秒回，对于笨蛋（指我）调不出来指导的也很细致
178219,8263,蒋凌颖,2023-07-08 07:22:07,0,0,0,好老师~
141159,8264,林磊,2021-09-25 04:26:28,2,3,1,老师人很好
154557,8264,林磊,2022-06-02 06:21:51,2,2,0,老师挺好的 导论课手把手教
179251,8264,林磊,2023-09-04 02:35:18,1,1,0,老师人超好！非常有耐心！不管是学业还是生活真的一直都在帮助学生！
179266,8264,林磊,2023-09-05 10:43:23,3,3,0,老师人很好\n\n说话慢悠悠的\n\n口头禅“举一个不太恰当的例子”
181458,8264,林磊,2023-10-18 07:03:06,5,5,0,人帅声甜课好
181459,8264,林磊,2023-10-18 07:06:03,3,3,0,老师人超好，给分也很好。老师好帅，妥妥的浙大男神！！！
182408,8264,林磊,2023-11-15 15:31:30,0,0,0,老师态度非常好，上课很有风度，课程内容很有意思，老师人很好！
184435,8264,林磊,2023-12-19 14:43:56,0,0,0,浙大男神不解释
219845,8264,林磊,2025-06-08 16:24:04,0,0,0,男神不解释
180801,9110,郭庭彪,2023-09-26 10:53:19,1,2,1,帅哥一枚捏
216619,9253,DI DAWEI,2025-03-19 09:29:05,0,0,0,666
219206,9256,MING RONNIER LUO,2025-05-23 03:25:46,2,2,0,最后要求每个小组围绕某一主题做个pre，每个人选个子主题写一篇论文，上台作报告，其余时候都是水。\n\n雷点是，分小组会根据你的专业来分，也就是说老师会根据你们组的专业偏向（比如按照文、理、工、农、医进行分组）来确定最后的pre主题，而这可能会导致最后各个小组的pre的任务量有差距。\n\n课程内容主要是对各种光学仪器和色彩学原理介绍，感兴趣的同学可选。\n\n老师人不错，很和蔼（甚至上课前在北教迷路来晚了还跟我们道歉hhh）。\n\n我不知道有没有幸存者偏差，本人拿到的成绩还算不错。\n\n希望对后续选课同学有帮助。
177342,9257,徐建锋,2023-07-03 03:21:39,1,1,0,口齿不清 逻辑不顺 十分折磨
177664,9257,徐建锋,2023-07-04 06:25:54,0,1,1,口齿不清，消息不会
196093,9257,徐建锋,2024-07-01 13:52:58,1,1,0,数码摄影技术的实验老师。老师讲话有点口齿不清，但是人很好啊，很关心学生。有一次我的伞丢在实验室附近找不到，后来老师路过看到了一把伞还发钉钉问这是不是我的，竟然真的找到了。老师也喜欢和我们聊天，听一些拍照过程中的趣事，总之老师很好！
197902,10184,魏凯,2024-08-20 12:45:59,2,2,0,第一次当班主任，好活
