评论id,老师id,老师姓名,发表时间,点赞减去点踩数量,点赞量,点踩量,内容
579,566,沈宏,2015-03-15 06:00:36,10,18,8,求是 分化卷子难、偏
4287,566,沈宏,2015-06-18 14:58:43,4,5,1,分化不点名的
4440,566,沈宏,2015-06-23 06:12:41,22,25,3,普化老师人好，讲的详细
11981,566,沈宏,2015-12-21 12:23:27,9,9,0,讲的很仔细很有条理 人很温柔\n\n特别喜欢
14388,566,沈宏,2016-01-06 17:00:08,13,23,10,千万别选现代分离分析，千万别选现代分离分析，千万别选现代分离分析，三遍了.\n\n说好的开卷考试，ppt不给带，笔记不给带，只允许五张A4纸
14424,566,沈宏,2016-01-07 03:29:32,30,32,2,普通化学讲的真心好
17064,566,沈宏,2016-01-19 14:08:10,9,10,1,普化上的超好
17730,566,沈宏,2016-01-20 20:08:19,21,21,0,普化讲得很好，每次的“谢谢大家认真听讲”是必备结束语~
19122,566,沈宏,2016-01-23 10:01:18,3,5,2,老师上课很棒，而且不点名，不过不要选现代分离分析！
20041,566,沈宏,2016-01-26 02:55:05,5,5,0,好老师，普化教的很好！！！
21578,566,沈宏,2016-02-29 08:32:54,5,5,0,普化讲的不错，几乎面面俱到，平时看书忽略的上课会讲到。只要认真听，分数不会低。
21763,566,沈宏,2016-03-01 04:29:32,1,1,0,老师讲得很细 人很好
23901,566,沈宏,2016-04-20 12:14:21,29,30,1,“谢谢大家认真听讲”。惭愧啊！
26618,566,沈宏,2016-06-20 11:37:40,7,8,1,老师讲课超级耐心，而且很温和，听他的课不容易走神，很有收获的。
38957,566,沈宏,2016-12-20 03:52:07,4,4,0,普化讲的超级好！人也超级好！
45154,566,沈宏,2017-01-19 05:06:50,4,4,0,有思想，博学，教课认真负责，非常为同学考虑，难得的好老师
47353,566,沈宏,2017-01-25 10:59:12,12,12,0,老师人挺好，给分不水，选分析化学的人复习时多看看仪器和原理的知识点，计算考的少。
47742,566,沈宏,2017-02-22 21:54:08,1,4,3,大一寝室3个人一起上分化，课还没结全跨了大类。。。
49200,566,沈宏,2017-03-29 06:57:40,2,2,0,普化超赞
52566,566,沈宏,2017-06-21 06:28:15,2,3,1,老师人很好 上课也耐心  但是重点不突出  比较容易困...\n\n
61050,566,沈宏,2017-11-07 12:32:41,6,7,1,老师人挺好的 每次下课都说 谢谢同学们认真听讲 挺惭愧的...
63960,566,沈宏,2017-12-20 06:02:22,9,9,0,真心想好好教学的老师，不给10分对不起良心
74422,566,沈宏,2018-02-21 05:39:36,8,8,0,普化讲得真心赞，讲得清楚，耐心，将难以理解的科目变得易于理解。
75432,566,沈宏,2018-03-12 01:45:37,1,1,0,普化讲的真心好
77232,566,沈宏,2018-05-04 05:01:47,2,2,0,老师人超好，上了他的仪器分析。感觉上课很有意思，可能是我太菜了hh，成绩一般。老师是个好老师，超级棒
77277,566,沈宏,2018-05-04 09:41:10,4,4,0,仪器分析讲得很清楚很好\n\n
77492,566,沈宏,2018-05-06 04:09:52,2,2,0,人很好
77570,566,沈宏,2018-05-06 14:30:27,3,3,0,老师真的超级好，建议大家选他，课堂内容很丰富，讲的很详细，老师很温柔
89820,566,沈宏,2018-11-21 02:33:28,0,0,0,666
93028,566,沈宏,2019-01-07 03:51:00,2,10,8,为什么要在期末考试前一周让我们至少找出分化课本上的10个错误？如果一本课本有这么多的错误，那这本书也太失败了吧？
94101,566,沈宏,2019-01-15 07:46:02,2,2,0,明人不说暗话，老铁666
95797,566,沈宏,2019-01-20 05:24:28,2,2,0,老师温柔，有些些啰嗦，然而我还是学不会
97945,566,沈宏,2019-01-25 11:27:14,3,3,0,老师人超棒！
97961,566,沈宏,2019-01-23 02:45:20,1,1,0,老师人很好，很细心。
99900,566,沈宏,2019-01-25 09:20:31,1,1,0,呵呵呵呵
99987,566,沈宏,2019-01-25 11:50:31,5,5,0,论一张A4纸如何救命（褒义）
100000,566,沈宏,2019-01-25 12:17:09,-38,1,39,老师真的很棒\n\n但是期末绩杀 只有4.2
100015,566,沈宏,2019-01-25 12:43:25,-30,5,35,感谢老师半开卷，试卷上要考的都写了，虽说最后也只有4.8，但老师真的超好啦！
100020,566,沈宏,2019-01-25 12:48:15,-25,5,30,虽然被卡绩了，只有4.5。但是还是感谢老师，沈老师教得不错。
100291,566,沈宏,2019-01-26 02:13:57,0,1,1,每次上课提早半小时到 有一次教师们都没开?\n\n总想着比老师早到一回 却总是失败\n\n期末考试分析化学复习了整整五天（导致C程无力补天）所幸结果不错 努力有收获
100308,566,沈宏,2019-01-26 02:43:21,2,2,0,老师好有礼貌啊，而且很儒雅
100436,566,沈宏,2019-01-26 06:30:49,2,2,0,超喜欢沈老师，虽然预置老师不是沈老师，但还是慕名来听沈老师的分析化学，收获很大。老师讲课清晰，答疑耐心，有些答疑不到位的地方会晚上查资料第二天重新给你讲解一遍，人很儒雅，每节课后都会说“感谢大家认真听讲”。喜欢~
100437,566,沈宏,2019-01-26 06:31:03,2,2,0,老师讲课清晰，答疑耐心，而且人超级nice。每节课下课都会说“谢谢同学们认真听讲”，超儒雅呀
100553,566,沈宏,2019-01-26 09:40:26,0,0,0,老师真的很贴心， 备课讲课很认真，回答问题很细致，十分十分♥
100756,566,沈宏,2019-01-26 17:23:31,0,1,1,老师真的太好了TT 备课太用心了，考试划重点认真听分化就有指望了 感谢老师让我分化上4
100808,566,沈宏,2019-01-27 01:02:10,3,3,0,超级棒的老师
110003,566,沈宏,2019-07-01 22:29:51,6,8,2,助教很垃圾，，平时分极低，作业b，c档一大把。老师上课有条理，讲的也很清楚，就是没有重点，很容易走神。最后，绩杀哦！认认真真复习了一个礼拜，感觉发挥的不错，大题有一道刚好做到了，2.4，历史最低。。
111500,566,沈宏,2019-07-01 23:19:26,5,6,1,这个绩点，感觉不会再爱了，明明自己学的还可以，平时小测也在班级中游水平，结果出来后1.8，什么鬼，?再见
111514,566,沈宏,2019-07-02 00:18:56,4,4,0,老师人很好，讲课也很有条理，但是真的是绩杀啊<(ToT)>
111520,566,沈宏,2019-07-02 03:11:13,11,13,2,woc，，，这个什么辣鸡猪脚，，平时群里有人问问题一点都不回答，，作业随随便便改，随便一下就是b，c档，没见过这么不负责任的助教，您咋不把给个e啊，e显得您多厉害啊~~~不过老师人是好的，绩点不好看，也不能怪老师，沈老师平时上课讲的很细致，回答问题也很细心，只是分析化学这门课太难了，而且期末占比80％，确实是考的不好，给老师10分！
111559,566,沈宏,2019-07-02 03:10:13,2,3,1,老师9分 助教0分，认真复习了一个多星期，考试感觉也不错 3.0
111565,566,沈宏,2019-07-02 03:34:02,2,3,1,老师上课上得很好，每次下课都会说谢谢同学们认真听讲，说实话，是个挺好的老师，但是试卷出的实在恶心，理科硬生生考成文科，绩点实在不敢恭维。此课慎选，除非你把正本书背下来，才有可能的高分
111580,566,沈宏,2019-07-02 04:40:18,6,6,0,老师的专业程度和投入程度你值得拥有；学习前最好对课程的回报程度有一个明确定位：这是一门非常重要的基础性课程，这在学习的时候可以给自己心理暗示的。老师上课很杂，与考试关联度随缘，但复习的时候只要紧扣书本，基本都能复习好的；助教方面，最好有一本习题答案，这样就避免他因懒作恶；最后，请及时并重视小测，我的绩点纯粹死于平时小测作死，至今不知道这扣了我多少分，可能降了2档...祝大家好运！
111613,566,沈宏,2019-07-02 07:17:03,6,6,0,我挺想知道平时分扣了我多少。。。
111644,566,沈宏,2019-07-02 10:04:02,9,9,0,这10分老师的，是真心的关心同学，说实话最后跟着老师的复习提纲把所有提纲上的东西掌握了基本上期末考能上90(其实我做期末考题的时候发现题目很多和最后复习提纲对应，但还是看的不够深入因此最后弟弟3.3，但弟弟只认真看了一半的书)但我认识一高中化竞一奖也只有3.9，心里平衡不少。对于助教，感觉太较真了，动不动给b给c，感觉有点不把学生的成绩当成绩。还有这门课的内容真的很难分清重点主次，所以平常不要去纠结细节，大致理解就行，不要纠结太细。
114633,566,沈宏,2019-07-11 02:01:21,6,7,1,分化甲。唉感觉上课和考试没什么关系。而且为什么听沈老师的课想睡觉？可能是沈老师说话太温柔了吧……最后复习的挺认真的但是不知道方向所以做了太多无用功吧。希望选这门课的同学复习有效率一点，认真理解课本分析方法和仪器原理，考试会比较偏，要做好抄了整张A4纸也没什么用的准备。其实很多东西理解了根本没必要抄。考试计算也不难，多看课本！多看课本！多看课本！
118863,566,沈宏,2019-11-07 06:17:23,2,2,0,既然考完了就来给沈老师打个call～超爱沈老师 撇开功利性的考试和绩点（毕竟都还没出来）沈老师真的是很好的老师 很认真很负责地上课 虽然上课时间很紧张但是老师讲得很细致也会有适当的拓展 感觉不会仅仅为了一场考试去教书 答疑超耐心 老师个人也很有人格魅力 很欣赏老师对人对事的态度 感谢老师～
119034,566,沈宏,2019-11-09 23:35:47,4,4,0,真的很喜欢沈宏老师，老师很博学很儒雅。听老师讲课我都有想转专业去学分化了hhh
119169,566,沈宏,2019-11-11 03:44:34,6,6,0,很棒的老师\n\n就是每次下课听到感谢同学认真听讲都很心虚
119346,566,沈宏,2019-11-12 07:45:13,3,3,0,(分析化学)沈老师是这个学期最喜欢的老师之一了，上课讲得很好，思路很清楚，每次下课都会说“谢谢大家认真听讲”。因为课时覆盖了自己的午觉时间，每次课我都好困好困，要努力阻止自己睡着，不过大部分时候还是认真听课了的！也谢谢老师一直认真上课。
124542,566,沈宏,2020-07-02 13:44:39,2,2,0,出分了竟然没人来评论。。讲得还是挺好的，这学期疫情原因有点乱，考试占80，平时只有20，而且闭卷，感觉分数还是有些吃亏。
129765,566,沈宏,2021-01-12 06:09:57,7,7,0,非常认真的好老师，每次下课都说“谢谢大家认真听讲”
136371,566,沈宏,2021-06-17 04:22:30,0,1,1,我觉得沈宏这学期教的分化教魔怔了 💣
136870,566,沈宏,2021-07-08 03:47:19,-4,1,5,助教好漂亮，脾气又好，爱了爱了。
138081,566,沈宏,2021-07-07 09:30:26,-6,4,10,一点师生情都没有。。。。。。。。。
138539,566,沈宏,2021-07-09 16:22:30,1,2,1,虽然线上上课有点听不清楚，但是老师上的真的很好，感觉线下上课好有趣，每一节上完课都会说“谢谢大家认真听讲”，助教姐姐也很好！
141241,566,沈宏,2021-09-27 05:32:02,0,2,2,太好啦！
142169,566,沈宏,2021-11-08 05:43:13,1,2,1,温文尔雅，孜孜不倦，循循善诱的好老师
144886,566,沈宏,2021-12-25 12:20:15,-3,0,3,非常关心学生的老师，讲课非常认真，重点讲的很详细，考试狠狠捞
145359,566,沈宏,2021-12-29 07:28:05,2,2,0,温文尔雅的沈老师yyds
145859,566,沈宏,2022-01-03 11:38:51,2,2,0,我感觉能教普化的老师教个普物应该没问题（10分）
149877,566,沈宏,2022-01-17 12:34:51,2,3,1,沈宏老师讲课是真心好！但是助教给分是真的拉！一个化竞生不知道为什么普化只拿了4.2的绩点，明明期中考了全班前列，期末出分就不知道为什么巨低。。。
151879,566,沈宏,2022-03-19 01:41:27,0,0,0,绩点很低，讲的还行
153057,566,沈宏,2022-04-24 13:28:44,2,2,0,期中八十三，当时全班平均分七十分左右（好像），总评八十二，…莫名其妙…
154566,566,沈宏,2022-06-02 06:53:28,1,2,1,想要高绩点就快逃，助教给分真的拉！
155308,566,沈宏,2022-06-10 12:47:26,1,2,1,老师讲的很好 但绩杀
156321,566,沈宏,2022-06-19 04:46:28,2,4,2,分化期中第2，作业交齐，展示也好的，期末也差不多的样子，最后4.2属实有点难受；老师的课很好，人也很好，给分这样不是助教的问题，因为普化也是这个样子；低分的会捞，成绩比较均匀；想拿高绩点的同学建议润
156427,566,沈宏,2022-06-19 14:50:08,6,7,1,这个老师真的没有良心啊
157718,566,沈宏,2022-06-24 12:30:25,1,2,1,怎么说呢？老师非常和蔼，而且是非常厉害的老师，但是可能更适合当硕士、博士生导师，给本科生上课的话，就感觉有些平淡无味。而且分析化学这门课本身考试形式和考试的内容就非常无语。作业是交齐的，期中考是89分，但是课堂上总会出现那么几次从来不提醒的小测，然后期末考莫名其妙的74分，最后总评卡在了82分。只能说，老师没有完全发挥他的实力，我也没有发挥出我正常的水平。不过如果想要拿到高绩点，建议还是选别的老师。
158488,566,沈宏,2022-06-29 16:24:58,2,3,1,提醒下想换老师的同学，分化甲只有沈老师上。。。
163166,566,沈宏,2022-12-08 13:10:31,0,0,0,讲得挺好的
170775,566,沈宏,2023-03-09 11:00:57,0,0,0,外瑞古德
178123,566,沈宏,2023-07-07 05:10:06,1,1,0,（上了沈宏老师的分化甲和沈老师负责的大化实验A）是这学期最喜欢的老师！！！很儒雅的一位老师，上课节奏比较慢但是讲的也比较细比较清楚。会在下课的时候说“谢谢大家认真听讲”！问问题也回答的很详细！是从各个方面来讲都非常求是的老师
191026,566,沈宏,2024-03-29 00:26:00,0,4,4,逆天高中班主任，没上课在实验室门口吃三明治bb得整个走廊都听得见
193668,566,沈宏,2024-06-14 23:31:24,1,1,0,人是好人，当老师水平也是很好的，但因为中级化学实验的逆天理论考逆天预习考逆天理论课逆天平时成绩公布需要负直接责任，扣两分，打个八分
195404,566,沈宏,2024-06-28 03:19:45,2,2,0,老师很不错，值得10分，可惜被中化一这门狗屎耽误了。希望老师作为课程的负责人能够对这门比大物实验还烂的课进行大刀阔斧的改进！
195567,566,沈宏,2024-06-28 22:23:37,0,2,2,好求是，分析化学应该是一分不调，小测应该也没赋分，考多少就是多少。我期中考98，小测平均差不多85，期末只有一两个填空不会，最后总评92，仅供参考
213413,566,沈宏,2025-01-17 08:51:05,-2,0,2,分化乙，老师讲课非常细致，深入浅出，节奏偏慢，非常友好，还会记住大家的脸（有位朋友不上课去交作业，老师问他为什么不怎么来上课）。随堂可能会有总共3次左右的小测，不会提醒；考试方面，至少拿今年来说，不太需要太多的准备，做好微雕基本可以完全覆盖，而且今年计算题和作业没一点关系。\n\n绩点的话，老师明确说了这门课过程化给分，平时小测蛮重要，另外貌似真的不会调。
221199,566,沈宏,2025-06-22 02:33:22,0,0,0,其实老师人是很好的，讲课也讲的很细致，但是老师的声音有点催眠，平时看着也是一个很儒雅有礼的人，之前他还很有礼貌地问我，在实验中心看到我，是在做什么实验，但是分化甲实在是难/哭，而且一张a4抄不下什么东西，抄的都没考，是我上课没好好听，给分比较求是吧
95,587,张帼奋,2015-03-14 15:49:50,3,6,3,好老师
155,587,张帼奋,2015-03-14 16:14:41,13,19,6,老师很严谨，有一种呆萌的感觉，平易近人～非常认真
160,587,张帼奋,2015-03-14 16:16:53,32,40,8,非常认真的老师！讲课很好～
163,587,张帼奋,2015-03-14 16:18:15,4,7,3,脑残粉
224,587,张帼奋,2015-03-14 17:05:18,10,14,4,讲的超级好！！上课有例题一道道讲解，尤其好的是会给你留自己做的时间，不用担心跟不上（虽然有时候还是有点跟不上:P）
246,587,张帼奋,2015-03-14 18:04:17,16,16,0,好老师，赞
274,587,张帼奋,2015-03-14 23:53:51,8,10,2,讲的特别好！
532,587,张帼奋,2015-03-15 04:23:49,2,2,0,思路清晰，老师平易近人。
542,587,张帼奋,2015-03-15 04:39:41,-4,4,8,没怎么听过课……
645,587,张帼奋,2015-03-15 09:58:00,2,2,0,讲得很清楚
1202,587,张帼奋,2015-03-21 16:35:28,0,0,0,给班主任个
2292,587,张帼奋,2015-04-16 11:43:08,-7,5,12,不注重学生体验。
3510,587,张帼奋,2015-06-17 01:24:47,2,2,0,清楚有条理
5230,587,张帼奋,2015-07-06 03:01:11,3,4,1,讲课很清楚 答疑很亲切
5478,587,张帼奋,2015-07-08 00:50:53,5,6,1,超喜欢
5575,587,张帼奋,2015-07-08 11:45:59,25,26,1,好老师。 另，学弟学妹作业注意整洁。
5786,587,张帼奋,2015-07-09 10:56:14,1,1,0,教的很好
9156,587,张帼奋,2015-10-14 16:19:12,2,2,0,很好的老师
9716,587,张帼奋,2015-11-05 07:06:08,1,1,0,炒鸡好老师
10117,587,张帼奋,2015-11-16 10:07:28,2,2,0,讲课清楚
10167,587,张帼奋,2015-11-17 05:44:49,2,2,0,很不错啊
10316,587,张帼奋,2015-11-18 05:16:17,4,5,1,讲得很清楚，口齿也清晰，感觉很好
10842,587,张帼奋,2015-11-23 07:00:56,2,2,0,老师讲的很棒～
10965,587,张帼奋,2015-11-23 13:38:01,1,1,0,超级棒！！不喜欢数学的我听的很舒服
11401,587,张帼奋,2015-11-30 06:26:23,1,3,2,很Nice\n\n
13209,587,张帼奋,2015-12-25 07:35:34,4,4,0,老师讲课很详细，人很呆萌，口齿很清晰
17865,587,张帼奋,2016-01-21 03:06:43,-20,0,20,超级严肃的一位老师，面无表情，讲课很枯燥。
19455,587,张帼奋,2016-01-24 09:08:42,3,3,0,超级棒\n\n
19472,587,张帼奋,2016-01-24 09:57:29,1,2,1,点了一次名，还是抽着点，还被抓到了
19477,587,张帼奋,2016-01-24 10:22:59,1,3,2,期中会点一次名，讲课挺好的，速度不快，都是例题
19518,587,张帼奋,2016-01-24 12:58:25,1,2,1,讲的真的很好
20027,587,张帼奋,2016-01-26 02:31:32,2,2,0,认真负责，但是本身对数学不感冒所以觉得一般
20442,587,张帼奋,2016-01-27 14:42:14,0,1,1,讲得很好然而没有满好难过
23659,587,张帼奋,2016-04-12 01:11:48,2,2,0,概率论很简单 注意复习就好 老师给分也好
26806,587,张帼奋,2018-12-25 12:10:08,37,47,10,毕竟教材的编者，一下就能抓住重点。反正楼主上课虽然只能听懂不到一半的内容吧，但还是坚持听，下去认真写作业，考前刷刷题就满了。ps楼主可是微积分线代从没上四的回头浪子。
26814,587,张帼奋,2016-06-21 07:15:20,6,10,4,讲的特别好，只要智商正常，认真听课，认真复习，绝对能满绩，因为老师讲的太好了
27966,587,张帼奋,2016-06-28 07:51:30,12,12,0,第一个5.0
28585,587,张帼奋,2016-06-28 10:38:56,-7,1,8,怎么说呢 给分还是看卷面的 平常作业都是a也没用
29207,587,张帼奋,2016-06-29 11:58:43,1,1,0,炒鸡好
29763,587,张帼奋,2016-06-30 09:44:03,0,5,5,给分很好   虽然每次都去上课  但基本上一节没听过   考前过了遍课本刷了几年的卷子 就满了   只能说老师给分太好了  ps:期中测验的时候我还是0分
33512,587,张帼奋,2016-09-20 01:48:34,154,163,9,老师是女的
36124,587,张帼奋,2016-11-10 13:05:00,5,5,0,上课睿智清晰，下课慈祥耐心，调理清楚，逻辑特别让人跟得上，就特别顺的感觉…我们有问题张老师都是笑眯眯回答的，感觉特别暖~这样的老师也是不可多得呀
39733,587,张帼奋,2016-12-27 07:52:18,6,8,2,想问一下概统导论的课给分怎么样啊？概统导论和概统两门课难度相差大吗
43355,587,张帼奋,2017-01-16 07:33:56,1,1,0,老师讲的很好
46446,587,张帼奋,2017-06-20 07:34:14,0,2,2,讲课很不错
46454,587,张帼奋,2017-01-21 15:15:01,0,2,2,什么给分.......
46457,587,张帼奋,2017-01-21 15:25:48,1,1,0,老师讲的很细
46460,587,张帼奋,2017-01-21 16:21:08,-8,4,12,给分超低，不建议选
46467,587,张帼奋,2017-01-21 23:24:50,2,2,0,老师超级好！思路清晰 口齿清晰 像播音员一样 讲的不快 都能跟上 认真听讲一定成绩不会差！
46483,587,张帼奋,2017-01-22 00:53:04,4,7,3,给分好，轻松满绩
46593,587,张帼奋,2017-01-22 03:29:03,2,2,0,是我学的不好
46622,587,张帼奋,2017-01-22 04:18:52,6,7,1,讲课风格有点像我微一的老师何延，比较基础但很认真，抓重点。老师人也很好，给分也好，跪谢满绩。
46795,587,张帼奋,2017-01-22 10:23:20,1,2,1,老师课讲的是不错，但是好像不怎么调分。今年考试贼难，不少人给分不是很好。
46876,587,张帼奋,2017-01-22 15:11:25,3,3,0,给分好，有做思维体操的感觉
46905,587,张帼奋,2017-01-23 01:08:09,2,2,0,讲解很详细的老师，赞
51143,587,张帼奋,2017-05-18 12:11:30,19,20,1,如果说能把学生讲懂是一种技能，张老师技能点大概是点满了。真的很清晰，微一3.3微二已经放弃的数学渣到现在为止还对概统充满了兴趣。而且老师真的很负责，期中考过后一节课对着名单找成绩不理想的同学，很认真的说想帮助他们提高成绩，希望大家都能考过考好，哪怕是单独帮助补习也没关系。这门课的慕课也是老师讲的，可以听听看，保证思路清晰。有师如此，夫复何求，不管考多少都要给老师满分！
51737,587,张帼奋,2017-06-09 02:29:39,8,8,0,数理统计 既生张帼奋 何生黄炜
55565,587,张帼奋,2017-07-02 02:21:47,1,1,0,没有学过微积分线代，但是听张老师的课一点障碍都没有，老师讲课是真的很不错，逻辑条理很清晰，考点也基本上都顾及到了。
55614,587,张帼奋,2017-07-02 05:05:47,1,1,0,老师超棒！每次上课从东区跑到西区，这样也很少迟到。期末会整理知识点，每次上课前也会梳理上节课的内容。给分很好！
55615,587,张帼奋,2017-07-02 05:06:04,2,2,0,老师讲课很棒，有条理，而且人也很温柔和蔼～
55766,587,张帼奋,2017-07-02 10:42:34,2,3,1,没有满?也给10分好评.上课节奏把握的很好，只是本人太菜，期中，期末都考得不好分才低.
56088,587,张帼奋,2017-07-03 04:51:15,1,4,3,老师很棒，把知识解释的特别清楚，问问题也很耐心解答，让人很安心的感觉。大学第一个满绩，谢谢老师！
88788,587,张帼奋,2018-11-08 05:29:26,1,1,0,超级细心，人也很善良，上课虽然没有什么激情但是从来不会困。好老师。
90775,587,张帼奋,2018-11-26 03:27:18,6,6,0,我怎么觉得mooc讲得跟黄炜没法比呢……
91733,587,张帼奋,2018-12-19 03:40:20,5,5,0,没觉得像思维体操 像思维按摩，按着按着就睡着了………
92019,587,张帼奋,2018-12-25 12:11:24,1,1,0,老师很好，课有点难\n\n
93251,587,张帼奋,2019-01-08 11:33:46,4,4,0,老师的书编得真清楚，讲课讲得也清楚
93254,587,张帼奋,2019-01-08 12:16:41,23,23,0,隔壁张南松班的前来感谢老师，是老师的网课教会了我概统，在张南松班里简直痛不欲生，就在我绝望的时候看到了老师的网课，这才绝处逢生
93324,587,张帼奋,2019-01-09 04:21:19,6,7,1,虽然是隔壁班过来蹭课的同学，但是觉得老师思路很清晰，节奏也适度。线上小测有问题发邮件的时候回复得时间也很快
97877,587,张帼奋,2019-06-18 06:28:52,-165,5,170,\n\n概统满绩好气哦，为什么期末不出难的难一点，都没有发挥的空间
98323,587,张帼奋,2019-01-23 10:18:59,3,3,0,概统看张老师网课就好啦!
100076,587,张帼奋,2019-06-18 06:28:39,-137,9,146,期末考出这么简单干嘛咯?让那些菜鸡考的和我差不多，这个满绩含金量不大，好气啊
100456,587,张帼奋,2019-01-26 06:58:54,16,16,0,只想问老师什么时候出成绩……
101037,587,张帼奋,2019-01-27 09:52:43,3,6,3,苍天鸭，怎么会有这么好的老师！人生第一个满绩！老师上课有一种高中老师的感觉，知识点讲得特别细，超级耐心！人还特别好！发邮件都回得很快！
101042,587,张帼奋,2019-01-27 10:09:02,8,8,0,这成绩出得我怀疑人生，我期末考计算错误率是得有多高能考成这样，不过老师还是很好的，讲得很细
101043,587,张帼奋,2019-01-27 10:09:25,-14,4,18,人生第三个满绩
101046,587,张帼奋,2019-01-27 10:28:55,2,3,1,看着评论里一堆满?大佬真可怕。本人没有满?，但老师是真心好，很少这么认真地听一节数学课。
101049,587,张帼奋,2019-01-27 10:31:00,3,7,4,均绩低了0.2，你们自己感受吧
101052,587,张帼奋,2019-01-27 10:45:59,5,6,1,我从没想过概统会和数分一个绩点，只能说在我这给分很不好吧
101061,587,张帼奋,2019-01-27 11:18:46,3,3,0,怪我卷面分低吧 没想到概统和微积分一个分
101138,587,张帼奋,2019-01-27 15:48:46,2,3,1,我要是到了隔壁班可能就是60分了吧
101140,587,张帼奋,2019-01-27 15:58:05,3,4,1,不知道为什么只拿了2.4
101194,587,张帼奋,2019-01-28 01:51:58,8,10,2,大家千万不要忙着复习生化只复习一天概统，不然很可能1.5?
101307,587,张帼奋,2019-01-28 03:56:10,-23,1,24,老师真的很棒！虽然一学期没坚持下来听课 感觉很亏 作业全抄被老师拉到4.2?
101441,587,张帼奋,2019-01-28 08:07:09,0,1,1,特别好！！！
101466,587,张帼奋,2019-01-28 09:00:24,3,4,1,老师很好呀，上课思路很清晰，真的是把重点拎出来讲，个人感觉听课比自学更高效，认真听课把握重点不管题目怎么变化都能做，对付考试肯定没问题，重在平时好好学鸭(=^・ω・^=)
101724,587,张帼奋,2019-01-29 02:45:46,1,4,3,老师挺好的，很随和，给分也好，这么说吧，我平时就写写概统作业（必须全部自己写），也没花时间去复习，考前把书看了一遍，把公式记住，看了一两张往年卷子，期末考基本上就差不多了，因为考的题目跟作业题很像。所以作业一定要认真对待，往年卷子也很重要。（虽然考前一天还在农药，还上了一个小段，但还是上4了? ）老师很棒！
101978,587,张帼奋,2020-02-24 06:46:26,-127,5,132,好气哦，本学期第5门满绩\n\n好了，说真话，老师讲得超好，上4没问题
111604,587,张帼奋,2019-07-02 06:36:50,1,2,1,一言难尽
111611,587,张帼奋,2019-07-02 06:51:28,-4,2,6,呵呵 这教学态度？
111809,587,张帼奋,2019-07-02 23:47:51,-1,2,3,给分很差
112031,587,张帼奋,2019-07-03 08:31:51,-1,1,2,给分很差！
112168,587,张帼奋,2019-07-03 18:29:06,0,1,1,讲的很好啊
115128,587,张帼奋,2020-02-24 06:46:17,-87,1,88,卡绩了，卡了我99分，好气哦
115349,587,张帼奋,2019-07-19 13:01:55,-6,2,8,等着被举报吧
117637,587,张帼奋,2019-09-27 05:36:17,18,19,1,今天太尴尬了，在课上放出那样的声音，被全班人听到，对不起老师。我很自责
120676,587,张帼奋,2020-01-19 01:39:01,2,3,1,虽然概统是自学为主 但是不否认老师讲的挺好 就是吐槽一下这个课时安排 大教室连上3节课其实很不科学 宁愿2节*2/周 知识体系再掌握的更牢固一些 也可以学学后面的回归方程
121740,587,张帼奋,2020-01-21 10:15:16,-19,2,21,给分很差，绩杀
121861,587,张帼奋,2020-01-22 17:04:55,-44,1,45,总评居然只有96，居然不是100，好气哦
121892,587,张帼奋,2020-01-23 06:00:29,-2,2,4,讲课讲的挺好，得分低是我自己水平有限😔
122081,587,张帼奋,2020-02-11 11:27:18,0,0,0,认真听就行😭
123819,587,张帼奋,2020-06-14 14:53:42,2,3,1,首创excel实验教学，事情比别的班多得多
124037,587,张帼奋,2020-06-21 17:16:33,1,2,1,教得很好，非常有耐性，有问题可以随时问老师。但给分方面完全不调分，感觉自己一个学期以来的努力都白费了。
125227,587,张帼奋,2020-09-04 04:47:17,0,0,0,不错的
125242,587,张帼奋,2020-09-04 09:34:47,-9,1,10,做mooc比较菜，总分21出头（30），总评97，感觉给分不错
125330,587,张帼奋,2020-09-07 02:04:27,4,4,0,网课好舒服，拯救了在别的老师班上没听懂的我，2倍速猛刷，最后实现了首次数学课满绩，好开心！！！\n\n同学们，加油！！！
130746,587,张帼奋,2021-01-24 12:37:51,0,0,0,老师真的好，绩点给的也很好！！！！
130747,587,张帼奋,2021-01-24 12:39:35,3,3,0,好老师，课讲得有一种优雅的气息。
130796,587,张帼奋,2021-01-24 15:04:46,1,1,0,老师实在太好了
130798,587,张帼奋,2021-01-24 15:12:13,0,0,0,给分很不错
131091,587,张帼奋,2021-01-26 02:20:10,1,1,0,老师人好好，我很喜欢她，让我感觉很亲切。被卡是我自己菜，老师讲课娓娓道来，一开始感觉有点不好理解，课后要花一定的时间去理解记忆，后来就好啦，喜欢张老师
131111,587,张帼奋,2021-01-26 04:23:18,3,3,0,这次概统大题没一个写出来的，当时心都碎了，但是成绩出来了以后，老师居然捞我了！！！太感谢老师了！！！而且平时上课也超级nice的！
131141,587,张帼奋,2021-01-26 07:08:01,11,12,1,总共上了老师两次课，什么都没有听懂，期末大题错光了。\n\n老师很捞我，没有挂我科。\n\n我以后一定重新做人，改过自新，做对社会有用的人。_(:D)∠)_
131308,587,张帼奋,2021-01-27 04:45:58,-2,2,4,老师口齿很清晰，讲课的思路更加清晰。教材的主编，对上课内容的掌控非常好，上课认真听，课下回顾一下，认真完成老师布置的作业，基本可以掌握上课的内容。\n\n另外，我收获了第一个满分~
131321,587,张帼奋,2021-01-27 05:32:02,0,0,0,老师很不错
132301,587,张帼奋,2021-01-31 15:19:40,2,2,0,老师很好，讲课清楚，人很和蔼，给分很高，值得推荐
133274,587,张帼奋,2021-02-23 04:15:02,0,4,4,概统教材的编撰者，一下子就能抓住要点。上课不跑神，认真听，最后分数一定很高（至少我是这样的）。\n\n讲课进度比其他老师要快一个章节，但我觉得不是zgf讲得快，是别的老师讲得太慢了。八周过去，讲了一半多一点的应该算是正常吧，比较我所了解的其他老师，还有只剩三四周了才讲了一半，不敢相信其他班级的同学后几章怎么学的（个人感觉后几章才是考试重点，也是知识点中的难点）。
133606,587,张帼奋,2021-03-02 16:26:58,-116,2,118,给100不行吗？非要给99，气死了!!
139152,587,张帼奋,2021-07-13 04:00:15,-4,1,5,还行吧
139767,587,张帼奋,2021-07-26 03:26:50,6,17,11,临近考试突然宣布小测不算分，期末比例由40%-66.7%，每次小测都花大量时间复习备考，辛辛苦苦换来的分数就这么说没就没了？？\n\n就这一点，1分不能再多了。
147609,587,张帼奋,2022-01-10 09:39:05,1,1,0,提前来给老师打个10分，捞我捞我，不挂就行，谢谢老师
147997,587,张帼奋,2022-01-11 09:30:22,1,1,0,讲课真的有点点催眠了吗
148694,587,张帼奋,2022-01-13 08:38:32,2,2,0,张帼奋老师真的很棒！讲课很认真详细，非常负责，上课认真听，作业认真做了的话绩点不会差的！上课略微有一点点催眠，给分太棒了！感谢老师，马马虎虎学了一个学期，还是有很大收获的！
148705,587,张帼奋,2022-01-13 09:13:38,-10,2,12,不捞人，卡绩
149023,587,张帼奋,2022-01-14 07:20:56,0,0,0,上了老师的概统，很喜欢老师。课后去提问时非常有耐心，以及总是能够倾听我的想法，给予一些鼓励和认可。比起绩点，这对于我更加珍贵。\n\n讲课节奏对我来说略有点失眠，但条理很清楚。平时稍微认真一些，复习时按照大纲过一遍，能够得到很不错的分数。如果平时能花时间按章节复习，跟上老师的节奏，期末复习也能比较轻松的。
149355,587,张帼奋,2022-01-15 07:06:43,4,4,0,我感觉老师真的好优雅，好有计划呀\n\n一开学就把所有的课件放了上去，每次课的结尾都有她下次要讲的内容，感觉很井井有条。进度我感觉不快，但是和其他老师相比快了挺多的，最后一次课三节课都会用来复习。\n\n今年因为疫情线上上了几次课，但老师后面几次课都是在教室上的，挺感动的\n\n给分的话和我的预期差不多吧，不好不坏。另外提醒一下，概统今年的题型变化挺大的，历年卷不是最优解了朋友们
149892,587,张帼奋,2022-01-17 15:21:14,0,2,2,老师讲课很好，概统讲得清晰易懂，在老师手里第一次拿到了满绩，谢谢老师！
154593,587,张帼奋,2022-06-02 10:41:35,0,2,2,哈哈哈哈
154973,587,张帼奋,2022-06-07 07:28:48,0,1,1,有趣的老师
156201,587,张帼奋,2022-06-18 07:11:55,1,2,1,抽样调查是浙大最好的统计专业课之一，上完让人感到受益匪浅
156246,587,张帼奋,2022-06-18 13:02:38,1,2,1,抽样给分不错
156493,587,张帼奋,2022-06-20 03:46:50,8,9,1,基本节节课点名 不过zgf老师真的能把人从马里亚纳海沟捞起来 yyds
169407,587,张帼奋,2023-02-26 03:37:39,1,2,1,出分有点慢，但是个好老师，海底捞
169413,587,张帼奋,2023-02-26 04:23:02,1,1,0,就这么说吧，小测堪堪60.总评给了4.2.上课思路清晰，能圈出重点，无疑的好老师~
169418,587,张帼奋,2023-02-26 05:02:49,1,1,0,为什么没有11分
169532,587,张帼奋,2023-02-26 18:16:12,1,1,0,给分真不错
170537,587,张帼奋,2023-03-06 07:44:41,4,4,0,因为概统都是自己看PPT，面向历年卷刷题的，因此无法准确评价老师上课，只能是声音挺困的；点名每节课第一节下课数字点名，懂得都懂；给分绝对是好的，本人两次小测8，期末应该比较好，最后拿了95，因此选这个老师绝对没错
170538,587,张帼奋,2023-03-06 07:44:41,1,1,0,因为概统都是自己看PPT，面向历年卷刷题的，因此无法准确评价老师上课，只能是声音挺困的；点名每节课第一节下课数字点名，懂得都懂；给分绝对是好的，本人两次小测8，期末应该比较好，最后拿了95，因此选这个老师绝对没错
172565,587,张帼奋,2023-04-30 07:50:57,-7,1,8,PPTreader
174152,587,张帼奋,2023-06-06 16:07:32,1,1,0,真的好喜欢张老师啊，讲话比较慢，很有条理和逻辑，像中学教师一样。认真学了一学期概统，第一门数学课满绩。太感谢老师了！
176271,587,张帼奋,2023-06-28 08:03:23,1,1,0,老师真的很会捞！！
176274,587,张帼奋,2023-06-30 01:40:51,3,3,0,考半个钟就出考场了 抱着肯定挂的心情看分数 结果老师真的把我这个泰塔尼克号给捞起来了！！太神了！！
176275,587,张帼奋,2023-06-28 08:24:24,1,1,0,私下问问题很友善，哪怕问的是很笨的问题，老师也会好好给你解释！！最重要的是，考试只要熟悉题型，一定能过！！！！！老师超级捞！！！！！！！
176287,587,张帼奋,2023-06-28 08:59:50,2,2,0,语调平和 平和整节课
180665,587,张帼奋,2023-09-24 13:27:51,1,1,0,好老师，很慈祥，上课循循善诱，娓娓道来
182147,587,张帼奋,2023-11-10 15:14:50,4,4,0,老师对待作业要求严格，如果没有整合成pdf作业直接打0分
185594,587,张帼奋,2024-01-02 13:25:23,1,1,0,姥姥救救我吧
187554,587,张帼奋,2024-01-16 14:22:52,1,1,0,好爱老师的从容，上课语速慢慢的，偶尔下课在路上或者早上在食堂看到老师，感觉做什么都是慢条斯理的，举手投足之间都给人感觉很有涵养，绝对的好老师！！！
3646,790,郑大方,2015-06-17 02:00:49,17,29,12,虽然总是走神 但是这是鄙人的问题  鄙人在其他课也这样。。所以鄙人感觉郑老师讲课是不错
4976,790,郑大方,2015-07-02 00:31:39,-4,8,12,一般，感觉和高中平行班老师差不多
5120,790,郑大方,2015-07-04 09:08:05,-2,11,13,平平淡淡，给分好。
5466,790,郑大方,2015-07-07 16:41:36,-3,4,7,真的很大方？
8140,790,郑大方,2015-09-17 06:20:13,-4,8,12,很一般，上课不如自学
8702,790,郑大方,2015-09-24 07:37:16,-25,3,28,恶心，就会放ppt，而且说话不流利
9772,790,郑大方,2015-11-09 01:07:52,-2,18,20,会催眠术的老师
12346,790,郑大方,2015-12-23 04:27:30,2,9,7,八个字，曲高和寡，课前预习
17848,790,郑大方,2016-01-21 02:36:56,-20,11,31,讲课不错的，虽然最后没满有些桑心。。。。。。
17855,790,郑大方,2019-06-12 05:18:01,33,37,4,老师讲的很好，很为我们着想，给分大方
17859,790,郑大方,2016-01-21 02:53:42,46,51,5,上课还行吧，人挺和蔼，不喜欢学生上课迟到。给分真的好，我都被老师的师生情感动到了，后悔期末没好好复习。
18619,790,郑大方,2016-01-22 06:45:14,-12,0,12,课一般 给分好
20535,790,郑大方,2016-01-28 08:10:58,8,11,3,好老师。给分好。
24165,790,郑大方,2016-04-28 03:17:31,0,3,3,没去过
26113,790,郑大方,2016-06-16 01:30:56,6,7,1,给分好\n\n
28508,790,郑大方,2016-06-30 17:31:40,-6,4,10,给分坑
29963,790,郑大方,2018-09-18 23:50:10,11,14,3,给分好 给分真的好
30209,790,郑大方,2016-07-01 05:39:15,7,9,2,给分好 不错
30225,790,郑大方,2016-07-01 05:49:23,3,9,6,这老师挺好的。上课很仔细。虽然偶尔会吹吹牛皮。上课也略有枯燥。但是是课的问题不是老师的问题。给分不错哒。
33847,790,郑大方,2016-09-22 05:37:36,-4,2,6,呵呵呵呵
33926,790,郑大方,2016-09-23 01:53:38,-5,4,9,真的有毒
34283,790,郑大方,2017-02-17 14:39:11,-9,5,14,嘴上说的要和我们好好把物理学好，不侧重讲题应付考试，结果最后给分还很好。=*=
34867,790,郑大方,2016-10-25 14:19:04,-10,1,11,给分很大方上课我只能呵呵听他讲不如自己看书自学
36180,790,郑大方,2016-11-11 01:59:31,27,29,2,认真学的人听他的课还是很不错的。
43724,790,郑大方,2017-01-17 01:28:54,-9,1,10,老师人蛮可爱的，至于上课…讲的和高中平行班老师差不多，大雾这种东西老师教的再好不也得靠自己吗？
43731,790,郑大方,2017-01-17 01:45:31,-12,2,14,大方哥，上课比较平淡，给分还行吧
43740,790,郑大方,2017-01-17 01:59:57,26,29,3,浓浓师生情\n\n
43877,790,郑大方,2017-01-17 05:29:32,3,7,4,这届出题的人有毒
43894,790,郑大方,2017-01-17 05:46:58,-10,1,11,他讲的物理。。。不是我喜欢的那种生动
43903,790,郑大方,2017-01-18 07:03:54,-7,7,14,期中考七十不到 期末拿了满绩 所以说考试要抓重点 重要的考试一定要考好！
43972,790,郑大方,2017-01-17 07:19:16,3,17,14,哪里大方了...挂了???
44001,790,郑大方,2017-01-17 07:49:19,18,21,3,老师挺好的……自我感觉期中和平时分挺低的...但期末考的不错给分真挺好的
44642,790,郑大方,2017-01-18 05:16:53,-15,5,20,讲的不怎么样，也没多少人去，去的也没多少人在听
45754,790,郑大方,2017-06-28 13:24:25,-21,4,25,。。。白瞎了他的名字，15级的都懂吧
45949,790,郑大方,2017-01-20 09:40:25,-12,1,13,上课有点迷，但是给分还好，也需要自己看一下书复习预习一下。
47205,790,郑大方,2017-01-24 12:13:41,-23,2,25,想听课就别选他
48773,790,郑大方,2017-03-12 15:42:58,-15,6,21,老师上课讲你知道的东西，作业布置你不会的东西
49378,790,郑大方,2017-04-09 01:46:50,-17,2,19,不如自学
55390,790,郑大方,2017-07-01 11:58:42,5,15,10,老师还是很认真的，可是真的不调分是么，平时很认真了啊，平时分还被扣掉两分，心塞。
55393,790,郑大方,2017-07-01 12:11:11,-30,4,34,垃圾老师，作业每次都交了，只是一次忘带作业本之后也补交了，平时分居然硬生生被扣了三分Ծ‸Ծ
55502,790,郑大方,2017-07-01 16:11:20,-14,5,19,首先请明确一个概念 并不是一个给分好的老师就不会让你挂 他可能给分好 但是并不一定在你身上实现 每次作业认真写按时交从未逃课平时分并未满 上课能把一个清晰的东西讲的一塌糊度是他的问题 还是请大家能选择一个能给大家物理希望的老师
55822,790,郑大方,2017-07-02 12:24:08,34,39,5,不错不错
59750,790,郑大方,2017-09-26 14:24:30,0,1,1,…………
60340,790,郑大方,2017-10-18 01:15:08,3,4,1,多往前坐，往后坐就完蛋了
60873,790,郑大方,2017-11-01 01:12:02,13,22,9,希望沉迷物理的同学上课别和他探讨学术问题   神展开根本停不下来    教学进度都赶不上
61944,790,郑大方,2018-12-25 06:53:33,-79,4,83,傻逼老师
62185,790,郑大方,2019-06-12 05:17:51,27,29,2,老师挺好很负责，上课要认真听。
64722,790,郑大方,2017-12-27 02:36:43,-4,6,10,讲的真的慢，看了前面几个评论居然没人吐槽这点。。。我们上的真的是同一个老师的课嘛！！！？我以前看到评论说某某老师的课全靠自学，我还不相信，觉得评价者偏颇，明明自己学的不好还总找客观原因，上了郑老师的课之后，我才明白，有的课，真的是全靠自学。老师上课都说，“第某某章也不是重点，你们自学吧”。希望老师以后讲的快一点，希望报他的课的同学三思。
64829,790,郑大方,2017-12-27 09:49:06,-7,2,9,我觉得他上不完了，其实上课认真听觉得讲得还行，但是他语速慢＋某同学一直打断，就没耐心听了
69295,790,郑大方,2018-01-24 12:16:35,7,9,2,还没出分。我物理不好，但是我真的莫名爱上了郑大方hhh……
70422,790,郑大方,2018-01-26 15:07:35,-2,3,5,客观评价，虽然最后自己考的还行，但是老师上课真的并不能说是很好，老师人是不错的，自己需要在课后花更多的时间去理解一些知识点。
70442,790,郑大方,2018-01-26 15:38:53,10,15,5,首先给老师十分因为我卡六十分过的课程。阿弥陀佛，谢谢老师。另外说一下对课程的感受：我觉得我复习已经很认真了，但是考试真的迷。真糟糕，每次物理考试看到题目就紧张发慌，为什么我的专业要学大物甲呢，真的拉绩点……
71093,790,郑大方,2018-01-28 02:48:58,3,12,9,总评4.8，感谢老师平时分给满，但是我自己考的分数真的和老师的课没什么关系。郑老师人的确很好，但是老师讲课真的不怎么清晰，平时都是靠xxp的ppt复习自学的。还有某大佬真的别再打断老师说话了，您上课一时爽，我考试周就要自行预习他没有讲完的章节，期中的电磁感应，期末的几何光学，呵呵，大概时间都续给您了吧。
71113,790,郑大方,2018-01-28 03:17:16,0,6,6,第一排听郑老师的课听了一学期。觉得看看课件自学其实差不多，上课的内容和PPT一样，缺少一些创新。期中期末考的都一般般，然后平时分没给满被卡了绩点。。诶，老师人不错，但是也就这样。。中评是最好不过了。
72057,790,郑大方,2018-01-29 09:08:33,10,13,3,客观的评价，郑老师还是很关心学生的，师生情也很浓厚。坦白的说，讲课确实慢了点，考试周才刚刚讲完新课，不过讲的也算比较详细吧。认真听听总还是有收获，不过想拿到比较高的分数主要还看自己（我的几何光学是室友教的），最后平时分给分主要看考试，我4.8。最后强调一下 ，其实他不叫郑大方，而是郑大昉，日字加方字组成，教务网上打不出这个字来（考试时老师名字写错的主动发一封道歉邮件? ）。
72294,790,郑大方,2018-01-29 23:56:53,-29,2,31,上课实在是糟糕的体验
74431,790,郑大方,2018-02-23 06:19:43,2,7,5,大昉人还是很好的，不点名没有小测，平时分跟作业关系也不大，主要看考试，期中期末有一次考的好平时分不会低。上课嘛，可以看出他很用心，经常提醒后排的同学听课，注重物理知识的掌握，但是节奏比较慢，缺乏激情比较沉闷，对于认真听课的同学可能不太合适。
75801,790,郑大方,2018-03-19 02:01:58,7,7,0,让我们从0开始，我就当大家从来没学过C语言...
77646,790,郑大方,2018-05-07 04:56:35,-6,2,8,计算物理，给分是真的好，当然也像老师说的，这个学期付出了很多时间\n\n不过希望老师把成绩的方差再拉大一点，这样更有区分度
80481,790,郑大方,2018-06-27 03:26:09,10,10,0,人间天使。超级温柔，耐心。
86810,790,郑大方,2018-09-19 02:01:29,16,20,4,还有哪些物理老师上课没有小测？？？给10分
90121,790,郑大方,2018-11-22 07:01:07,1,2,1,期中考爆炸了555
91184,790,郑大方,2018-12-03 01:26:41,-20,4,24,不用扩音器还很骄傲我不是很懂，后排同学怎么办？讲话语无伦次，ppt讲完后面又翻到前面讲，毫无重点。\n\n\n\n我真的还是去看书吧（微笑）
93304,790,郑大方,2019-01-09 02:37:35,-4,1,5,老师长的有点像马云
96396,790,郑大方,2019-01-21 02:17:24,55,62,7,刚考完就来评分。老师侧重讲理论，感觉挺适合我的，细节分析得很到位，是真正地在教书育人
100252,790,郑大方,2019-01-26 00:59:01,12,12,0,挺好的，讲课清晰
100408,790,郑大方,2019-01-26 05:35:32,-15,1,16,听课的话，我觉得很一般\n\n而且给分也...不大方
100431,790,郑大方,2019-01-26 06:20:55,2,2,0,救命恩人呀
100448,790,郑大方,2019-01-26 06:45:33,7,8,1,老师叫郑大昉
100772,790,郑大方,2019-01-26 23:37:07,2,3,1,老师还行，这门课很大程度上取决于自己的努力，最后平时分给满了，但是两次考试真的感觉挺好，结果全爆炸QAQ
103967,790,郑大方,2019-03-08 04:44:49,8,9,1,老师的“r”念得很有特色
104258,790,郑大方,2019-03-15 03:06:23,-11,1,12,请自学
104572,790,郑大方,2019-05-05 13:45:18,10,11,1,zdf语录：自学是没有前途的
106553,790,郑大方,2019-04-28 05:42:35,6,6,0,郑老师也太可爱了吧！
106639,790,郑大方,2019-04-28 13:46:01,0,1,1,上的计算物理，平时认真码代码，没有特别难，用心做就好了。期末背ppt都有范围的，听说很多人满了。
106652,790,郑大方,2019-04-28 16:06:20,1,5,4,计算物理满了前来打卡
106742,790,郑大方,2019-04-29 07:37:14,1,4,3,计算物理满了谢谢老师真的好 重在平时收获真的，我平时还不够认真的反省去了
112060,790,郑大方,2019-07-03 10:47:15,4,7,3,谢谢郑大昉老师！老师是真的大方啊
112071,790,郑大方,2019-07-03 11:42:03,9,10,1,很温柔的大物老师，上课没有小测，讲课也很认真，但PPT不是自己做的。\n\n老师对学生真的很好，邮件积极给学生回答问题，还鼓励期中没考好的学生。我期中才考七十多分。老师上课对我们说没关系，还花了很长时间给我们说些鼓励的话，真的感动。
112408,790,郑大方,2019-07-04 04:30:38,1,2,1,好！很好！
112527,790,郑大方,2019-07-04 17:03:40,3,3,0,其实郑老师真的很好，上课很温和，不点名，不小测，发邮件也会很耐心的回复，只是我自己不知道怎么期末莫名奇妙地炸，搞得绩点有点惨。但是还是感谢老师平时分给满了? ? ?
112635,790,郑大方,2019-07-04 23:19:46,2,2,0,很好?
113525,790,郑大方,2019-07-06 22:53:12,-12,3,15,给分确实不错，平时分好像大多数人都给满了\n\n但是，emmm，讲课真的不是很行，还不喜欢你们自学
117308,790,郑大方,2019-09-23 01:36:29,2,2,0,讲课太慢了
118353,790,郑大方,2019-10-25 09:28:14,10,12,2,我再来吹一波郑老师。没有小测够良心了，各位想想为什么没有小测，因为老师讲得慢，为什么讲得慢，因为讲得细。说实话，在上郑老师的课之前，我都没碰到有老师讲得这么细致。这种细致，就是书上没有总结出来的东西，或者说没有提到的东西，老师都会讲到。上别的老师的课，这些东西你需要自己思考并得出结论，但郑老师都会帮你分析，可以加深认识。我有种感觉，就是我想知道或者确认的东西，老师都会知道一样，知道我们哪里可能出现什么疑问，哪里理解会有困难，会重点分析。认真听课，或许你会觉得大物也不过如此，只是之前没有碰到好的老师而已。我上的是大物甲2，供参考
125293,790,郑大方,2020-09-05 17:26:23,3,4,1,感天动地好老师
126334,790,郑大方,2020-09-23 02:39:55,2,2,0,讲课好慢呀
128978,790,郑大方,2020-12-27 14:51:16,3,5,2,上课生动真大方，歌声动听吴朝晖
132119,790,郑大方,2021-01-30 11:59:49,1,2,1,惨遭卡机我完蛋
134984,790,郑大方,2021-04-25 23:35:29,1,7,6,不认真讲这门课就不要开这门课祸害人
135155,790,郑大方,2021-05-05 02:42:20,3,13,10,说说对这个老师的感受。\n\n-你们有问题别来问我，找助教去，我上完课很累的没有心情给你们答疑\n\n-你们期中考考完可以查卷，但只能核对分数是否统计有误，不能说哪题改错了。\n\n-你们大物课必须要到，不能申请免修\n\n-专业课划划水就好了，我的大物必须要听\n\n-PPT这里是不是打错了啊……嗯，是PPT这里打错了，这题不是这么解的……哦哦哦不对，PPT没错，是这个方法，我搞糊涂了\n\n\n\n简而言之就是一个上课只会念PPT还念不明白的老师，没有责任心，屁事又贼多，助教给分也差，真不愧是卧龙凤雏。另外，郑大昉基本天天上课前都会点到并强调一遍到课率问题。自称大物不听就学不来，可我咋感觉听了你的课反而不会学了？\n\n也不想多说什么，上过他课的人就知道我说的并不是假话。除非你有把握不听课还能考好大物并且无视他的逼逼赖赖和不负责任，否则还是慎选吧
135771,790,郑大方,2021-07-06 13:18:26,-2,4,6,期末考的好老师真的会把平时分拉满让你满绩，期中和小测没考好的同学不要丧失信心奥
135811,790,郑大方,2021-05-27 04:21:39,-5,4,9,肾虚，说话声音小的很，根本听不清。
136541,790,郑大方,2021-06-20 14:12:27,0,1,1,啊啊啊
137465,790,郑大方,2021-07-04 09:20:02,0,1,1,老师上课讲得很好，思路很清晰。虽然讲得有点慢，但是可以一边听一边记笔记，老师会强调解题方法和重点，下课的时候会问前排同学有没有听懂，认真听的话可以学得很好。问问题的时候也很有耐心！是个很好的老师！下个学期没有选上郑老师的课，呜呜。
137951,790,郑大方,2021-07-06 23:33:23,-4,2,6,郑老师确实有时候会比较思路新奇吧，比如让你提前交卷之类的。在平时分正态的情况下，他甚至会跟我们说小测没关系，期中期末好好考。开始以为他在哄我们，结果期末考满之后，平时分差不多拉满，最后就满绩了。个人平时小测平均分在85，按理说也拿不到39的平时分。总之老师给分还是不错的，大物这门课重视两次大考，至少在郑老师这里还是有很多机会拿高分滴。（不过老师平常上课的东西是否有用就因人而异了）
143966,790,郑大方,2022-01-09 12:20:36,-5,1,6,老师的讲课方法可能不适合每个人，但是是一个会关心人的好老师！！
144789,790,郑大方,2021-12-23 15:22:14,3,3,0,。。。
147295,790,郑大方,2022-01-09 12:22:43,-3,2,5,感谢老师不杀之恩，捞捞我的大物
147316,790,郑大方,2022-01-09 13:40:58,-4,1,5,老师平时很和蔼，讲课也很认真；不过上课风格和思维方式可能比较清奇。比如说小测不重要；平时次次点名；考试的时候催人交卷子。。总体还行，放心选吧
147346,790,郑大方,2022-01-09 15:49:23,-7,0,7,上课语速比较慢，态度很好，问问题什么的总是耐心解答
152543,790,郑大方,2022-04-27 16:29:24,-6,5,11,这人是变态吧？和学生斗心眼很有意思吗？
153773,790,郑大方,2022-05-10 13:05:55,-6,1,7,给分好，讲的不错，我睡得很香。（讲得好和讲得催眠不冲突）
160143,790,郑大方,2022-09-14 00:22:40,1,1,0,看来给分过于求是是普遍现象
160407,790,郑大方,2022-09-21 12:32:41,1,1,0,给分巨好，会提前发PPT
163079,790,郑大方,2022-12-07 06:32:09,0,0,0,好老师，喜欢
163118,790,郑大方,2022-12-07 12:28:45,1,1,0,郑老师值10分，如若你不觉得，可能你还没有深入认识他
168363,790,郑大方,2023-02-14 02:52:25,0,0,0,老师是好老师，可惜上课风格不是很喜欢，没什么学习兴趣
170022,790,郑大方,2023-03-01 04:21:11,3,6,3,大物上下均满绩，大物实验也满绩来评价郑老师。总结：好老师，速选！\n\n小测之前必提早很多时间来通知，让你准备充足去考试，而不是突然你坐在教室的时候，跟你说要小测。\n\n而且小测安排合理，一次有四五道题目，这样就算一个小的细节失误，对总的分数影响不大。有些老师的班级当中，题目就很少，有时候一卡住没做出来，对成绩就非常伤。还有有些老师是提早交小测卷，然后还给你指出问题，然后你可以再改，然后再上交，我觉得很不好，你要意识到平时分数是强制正态的，按班级内位次赋分的，相当于你奋斗了很多，别人被老师指出问题了，然后他分数高起来，与你的差距就缩小了，然后你自己的赋分可能就不好看了。我更喜欢郑老师！\n\n答疑很迅速，经常问他问题，他直接电话打过来跟我仔细讲解。好几次，凌晨的时候我还在学大物，有疑惑，发消息给老师了，凌晨的时候他与我电话交流知识点。\n\n关于讲课，我感觉讲的蛮好的。\n\n大学物理如何拿满绩学好呢？我觉得要把知识点弄懂，然后课本例题弄透，作业弄透，上课听懂，例题会做，我觉得差不多了\n\nby your wangwang xuezhang
170319,790,郑大方,2023-03-03 00:33:41,7,7,0,坐第一排那个同学不要老是装b了
170783,790,郑大方,2023-03-09 15:06:32,0,0,0,深入浅出
176749,790,郑大方,2023-06-30 03:52:16,5,5,0,和之前有些同学分享的一样，老师会不定时点名，他一直在强调到课率的重要性，可能数据上确实大部分挂科的同学是缺课率高的，最后平时成绩看来基本上是缺课一次总评-1。小测一般有四次，时间固定在每四周的某次课上的第二节课，测45分钟，每次5-6道题，难度不是很大，想要提前准备的同学可以去智云课堂上面看看历年的题目，会有2-3题一样的，至于期中考试和期末考试，这个就是看自己的水平了，老师不会在这两个成绩上做修改的。总而言之，老师确实是关心学生的，例如你在钉钉上问他问题会很细心地给你答复，但无奈大物课确实有其他更多讲课好的老师，老师的讲课水平只能算是中等。
187322,790,郑大方,2024-01-15 13:03:28,0,0,0,给分超好
6088,897,助教,2015-07-10 19:59:33,44,45,1,神秘NPC\n\n
6291,897,助教,2015-07-12 17:41:25,89,93,4,ta 全知全能的存在 幸运与灾祸的使者 GPAの幕后黑手
7888,897,助教,2015-09-16 03:23:16,20,23,3,无所不在 全知全能
8127,897,助教,2015-09-17 05:54:57,5,5,0,炒鸡nice，炒鸡棒
8196,897,助教,2015-09-17 11:06:25,3,3,0,好好好
12151,897,助教,2015-12-22 05:44:53,2,2,0,高规格
12276,897,助教,2015-12-22 17:00:36,4,4,0,绩点的决定者236
12323,897,助教,2015-12-23 03:20:20,16,16,0,拥有上帝视角的大v玩家
12768,897,助教,2015-12-24 03:33:59,8,8,0,神一样的存在
13130,897,助教,2015-12-25 02:35:42,7,7,0,作业不按照号码排好！不好找作业！
16663,897,助教,2016-01-18 16:28:13,1,1,0,我就不写3个字
27405,897,助教,2016-06-26 01:12:42,1,1,0,
33261,897,助教,2016-09-17 02:11:06,0,1,1,挺好的……
49429,897,助教,2017-04-12 05:21:24,1,1,0,hhh\n\n
64139,897,助教,2017-12-21 05:20:27,5,5,0,炒鸡负责。
76131,897,助教,2018-03-27 12:32:58,2,2,0,三个字
76132,897,助教,2018-03-27 12:40:37,2,2,0,课，短小精悍
86589,897,助教,2018-09-17 10:50:00,20,20,0,他改变了绩点
92099,897,助教,2019-06-17 00:28:24,29,29,0,此老师，样样精通，默默无闻，无私奉献。虽说我们在讲台上很少看到他，但是他已经融入了浙大每一节课的灵魂之中。向神通广大的助教助老师致敬与仰慕！啊，我什么时候能像助老师一样，如山中宰相一般俯瞰众生，傲视群雄！
99874,897,助教,2019-01-25 08:56:55,0,1,1,。。。
105162,897,助教,2019-04-05 12:15:53,0,0,0,这个名字\n\n很皮
114171,897,助教,2019-07-09 02:29:19,2,2,0,绩杀不解释
116830,897,助教,2019-09-16 07:21:57,2,2,0,没听过
127239,897,助教,2020-11-16 13:05:55,3,3,0,授课老师的替身使者
144703,897,助教,2021-12-23 08:23:33,5,5,0,幕后黑手，神秘存在，既好又坏，既躺又卷，无影无形，无处不在
145007,897,助教,2021-12-26 12:30:05,3,3,0,每节课都不来。。。
151509,897,助教,2022-03-06 08:02:41,0,0,0,助老师很强的！
161386,897,助教,2023-02-12 12:49:32,4,4,0,可以是xgg，也可以是xjj，可以接受我的爱
161402,897,助教,2022-11-06 07:55:44,2,2,0,微积分助老师又帅又温柔，呜呜呜给分好的大帅哥谁不爱啊
1838,1199,邬建敏,2015-03-26 01:32:50,-8,10,18,老师很帅很帅，平易近人
2604,1199,邬建敏,2015-05-04 16:36:28,9,18,9,听着就想睡觉~zZ
4013,1199,邬建敏,2015-06-17 13:50:49,-2,4,6,讲课中规中矩，也就是书上内容
7448,1199,邬建敏,2015-09-14 11:55:41,2,7,5,讲得好快(ಥ_ಥ)
7860,1199,邬建敏,2015-09-16 00:15:22,7,15,8,无机讲的很快，而且全部是书上内容，自习课本可能效果更好
8389,1199,邬建敏,2015-09-21 02:18:47,1,6,5,太快了。。
8390,1199,邬建敏,2015-09-24 09:56:32,4,10,6,一堂课不知道睡昏过去多少次
8394,1199,邬建敏,2015-09-21 02:42:28,8,17,9,居然用英文ppt，装逼啊，而且上课没有啥逻辑
8395,1199,邬建敏,2015-09-21 02:42:57,38,49,11,用英文ppt装b，讲课快而没有系统化没有条理!!
8458,1199,邬建敏,2015-09-21 10:53:20,6,11,5,实在更想自己看书好想睡觉
8460,1199,邬建敏,2015-09-21 11:15:26,10,17,7,还不如自己看⋯⋯
9208,1199,邬建敏,2015-10-16 14:52:41,-1,3,4,好的
9356,1199,邬建敏,2015-11-08 15:43:08,0,6,6,还可以
9575,1199,邬建敏,2015-11-02 03:05:56,10,16,6,其实还好，肯预习都听得懂
9577,1199,邬建敏,2015-11-02 04:05:53,9,16,7,逼装的好我给十分！
9602,1199,邬建敏,2015-11-02 14:48:26,0,3,3,呵呵哒
11305,1199,邬建敏,2015-11-26 13:34:16,-4,2,6,讲题清晰
12079,1199,邬建敏,2015-12-21 16:00:38,18,33,15,很有水平的老师，上课不要睡着的话能学到不少东西。
12122,1199,邬建敏,2015-12-22 02:29:04,20,45,25,讲的挺好的 不要周围同学说差就跟风黑 认真听就好 有水平的老师
12136,1199,邬建敏,2015-12-22 03:12:56,1,9,8,老师不错哦
12283,1199,邬建敏,2015-12-23 00:15:52,1,9,8,男神！很负责，认真听会有收获
13153,1199,邬建敏,2015-12-25 03:32:06,1,6,5,讲的很有水平 耐心 认真听跟上节奏就好
13404,1199,邬建敏,2015-12-28 01:07:45,0,2,2,。。。
13426,1199,邬建敏,2015-12-28 03:24:31,37,66,29,每节课秀自己实验室有钱：“这台仪器不贵的，大概二十几万吧。”，“电镜制片都很便宜的，大家都可以过来玩玩，大概一万一个吧。”，“仪器玩坏了不要紧的。”
13430,1199,邬建敏,2015-12-28 03:45:24,0,0,0,
13432,1199,邬建敏,2015-12-28 03:46:40,0,4,4,挺好滴(^ω^)
13438,1199,邬建敏,2015-12-28 03:57:41,4,6,2,上课逻辑性挺差的……
14251,1199,邬建敏,2016-01-06 01:20:20,0,3,3,其实认真听 预习下 还是蛮好的
14874,1199,邬建敏,2016-01-10 13:07:38,6,9,3,说实话，是无机的错
15270,1199,邬建敏,2016-01-13 06:42:08,-3,1,4,老师懂得东西很多，很好
17308,1199,邬建敏,2016-01-20 04:21:18,0,1,1,无机要人命，辜负老师了。
17787,1199,邬建敏,2016-01-23 10:50:24,-5,1,6,老师人还是比较有趣的 就是无机本身别叫无聊
19889,1199,邬建敏,2016-01-25 14:02:44,0,3,3,上课比较无聊，分析化学部分讲的还不错，不过整体知识点讲的还是挺全的。考试还给加10min也是蛮良心的了！
19918,1199,邬建敏,2016-01-25 14:23:51,-2,2,4,老师人很好的。讲的很细致，是个温文尔雅的老师。认真听能听懂的。
19934,1199,邬建敏,2016-01-25 14:41:17,-3,3,6,挺好的，男神级别人物，感觉他的课越上越好，越到期末越好，好好学习会有收获
21139,1199,邬建敏,2016-02-21 02:05:04,-15,3,18,其实老师还是不错的，水平很高，答疑时候很仔细，还会鼓励人！和老师多交流会有更多收获。唯一满绩的一门课，老师年轻时一定很帅
21401,1199,邬建敏,2016-02-28 14:15:24,3,3,0,就是作死
21754,1199,邬建敏,2016-03-01 03:31:43,-3,2,5,老师手超好看，作为手控没有抵抗力啊，之后学的同学们注意看手！
22334,1199,邬建敏,2016-03-04 00:01:32,-3,5,8,听了某某的有机以后发现邬老师讲的无机实在太好了，邬老师是一个超级优雅的老师！给分也不错！
25317,1199,邬建敏,2016-06-28 08:01:32,-4,0,4,给分还不错
47953,1199,邬建敏,2017-02-27 13:09:40,-3,0,3,很棒的老师
56720,1199,邬建敏,2017-07-04 12:26:01,10,12,2,我最低的一门课，这老师坑。我有机他妈都是满绩的。
59948,1199,邬建敏,2017-09-29 01:01:48,8,8,0,放弃吧。自学更好一些。\n\n我讨厌英文ppt
60369,1199,邬建敏,2017-10-18 06:53:55,1,2,1,想睡觉
60699,1199,邬建敏,2017-10-27 03:23:09,0,1,1,很好啊！
63207,1199,邬建敏,2017-11-29 07:34:32,7,7,0,建议自学
63702,1199,邬建敏,2017-12-13 06:16:46,4,4,0,大家一定要撑到分析化学，分析化学讲得真心好。不过无机化学部分呵呵呵。今天换了一个老师代课，听得头痛而且昏昏欲睡。
64042,1199,邬建敏,2017-12-20 15:36:27,0,2,2,感觉很好，学到了不少东西。
64169,1199,邬建敏,2017-12-27 07:32:49,4,7,3,“我发现五六十年代的科学家都很勇敢，对那些有毒试剂都无所畏惧的”“这个很简单的，你只是简单的在excel编一个程序就出来这个曲线了”“诶，这个仪器在我那里就有的，一台就三万多，有机会可以来玩啊”
64789,1199,邬建敏,2017-12-27 06:42:03,0,1,1,困困困喜欢英语比较跳跃
67944,1199,邬建敏,2018-01-22 10:58:13,12,15,3,我真的不明白为什么这个老师的评分这么高？？？？他是我们分析化学讨论课的老师，可是一整个秋冬长学期都从来没有出现过，都是他的研究生代课，而其他班的老师却带病都要上课组织讨论。他也是高效液相色谱的实验老师，改报告非常不认真，只看报告纸的同一面，反面连钩都不会画一个的？？？然后就打个分数就完了。总而言之，一个非常不负责任的老师。
68332,1199,邬建敏,2018-01-23 03:37:37,0,2,2,非常能讲!速度快但是很耐心!很有人格魅力的老师!
70259,1199,邬建敏,2018-01-26 10:06:52,6,8,2,给分不好
70264,1199,邬建敏,2018-01-26 10:17:56,16,17,1,期中期末考试都是七八十分，作业一次都没落下，上课一节都没翘，平时分却只给六十多。上他的课不如自习，老师讲课跳跃，书上内容没教几句，还喜欢用英文装逼，英语水平却不怎么样，孤电子对是“long pair”。
70271,1199,邬建敏,2018-01-26 10:24:47,15,16,1,给分极差。
70810,1199,邬建敏,2018-01-27 14:20:11,1,3,2,老师还是很好的，上课讲得比较清楚，但是助教也许没有经验吧，平时分给得很不好，我一个学期好好写作业，从不抄答案，作业有时候有些错误，小测也都做了还可以，但是平时分给我74是什么鬼啊？凭什么那些抄答案的看不出平时分还给很高啊？？？
70832,1199,邬建敏,2018-01-27 14:59:15,-9,4,13,感觉改卷也不是很严啊，明明30多分的题目不会还给了80+的分数。至于平时分，可能是和考试成绩统一的吧。毕竟作业想抄答案太容易了，也看不出来，平时有没有学，表现如何，考试成绩也是能够反映出来的吧。
71266,1199,邬建敏,2018-01-28 08:21:11,13,14,1,给分不好
71276,1199,邬建敏,2018-01-28 08:30:41,26,29,3,讲课本身比较无聊，和课程内容也有关系吧，老师还是很有干货的。期末考试内容说实话和平常作业和练习差别太大了，感觉考试成绩并不能客观反应学习情况复习情况和努力程度，给分很不好，考试难也没有调分一说。
73858,1199,邬建敏,2018-02-03 09:15:43,-2,0,2,我觉得还行
93657,1199,邬建敏,2019-01-11 07:46:19,8,8,0,分析化学I 15%的挂科率可还行。\n\n惶恐.jpg 考前膜一波，但愿别挂科。。。
97110,1199,邬建敏,2019-01-21 16:12:27,1,1,0,考前祈祷一下 感谢老师 希望不要挂呀?
99036,1199,邬建敏,2019-01-24 07:30:12,1,1,0,老师讲的不错，但是给分不好
99142,1199,邬建敏,2019-01-24 10:17:39,21,23,2,给分真的不好哇，自认为辛辛苦苦的复习了好久分析化学，考前看了很多遍书，考试的时候卷子答的还算满意。不懂为什么出来的结果这么低，3.3。。。
99384,1199,邬建敏,2019-01-24 15:52:24,3,3,0,给 分 是 真 的 迷
104055,1199,邬建敏,2019-03-11 06:26:33,2,3,1,讲课好没逻辑，，，还有令人难受的英语ppt
104079,1199,邬建敏,2019-03-11 13:57:38,2,3,1,上了几节课 我就觉得他上课不怎么样 真的很清楚的东西 他就讲的很混乱
105039,1199,邬建敏,2019-04-03 00:33:51,2,2,0,哎。。一言难尽
105230,1199,邬建敏,2019-04-08 02:09:45,7,7,0,受…不了了\n\n自己水平不好怪学生？还有男女偏见?？？？
105248,1199,邬建敏,2019-04-08 10:14:32,7,7,0,能看出来作为学者是挺有水平的，但作为讲师就真的emmmmmm
105466,1199,邬建敏,2019-04-15 01:51:32,6,6,0,出题目有点迷，喜欢纵容装逼的学生
105963,1199,邬建敏,2019-04-23 15:17:50,3,4,1,出卷能不能出点和平时有关的
106501,1199,邬建敏,2019-04-28 02:48:06,-4,3,7,给分其实还行啊，我也就这样听下来，英文PPT其实还好的，绩点还可以。
106510,1199,邬建敏,2019-04-28 03:22:05,13,13,0,上课本身就讲不清楚，还要拽英文，我嘞个去！
106531,1199,邬建敏,2019-04-28 04:22:18,-30,1,31,老师其实还不错，就是普化没满有点难受。
106546,1199,邬建敏,2019-04-28 05:13:53,-7,3,10,平心而论这个老师讲的还行起码节奏还可以。上课时要注意首先一定一定要预习，这个老师讲课有一套自己的逻辑在里面。其次上课要认真去领会其中的逻辑部分。考前把做过的题，PPT和书过一遍，绩点应该不会低。老师也有变化，现在考试不像他们之前说的那么难了。来自一个勉强上了4.5的建议。
106602,1199,邬建敏,2019-04-28 09:50:54,3,4,1,迷 迷 迷
110174,1199,邬建敏,2019-06-24 06:49:12,2,3,1,和王敏一比上课不要太有逻辑思路太清晰
115860,1199,邬建敏,2019-08-21 11:43:09,0,3,3,老师很和蔼！
122723,1199,邬建敏,2020-03-26 07:12:58,7,7,0,讲课垃圾的洗，什么都听不懂，还喜欢装逼，比如自己看书学习。
137990,1199,邬建敏,2021-07-07 04:12:42,6,6,0,给分差
141498,1199,邬建敏,2021-10-12 07:56:17,14,14,0,让英语和化学都不好的我雪上加霜
141510,1199,邬建敏,2021-10-12 15:11:49,6,7,1,讲课又快又没逻辑，1+1等于几还没教就让你背九九乘法表了，发音不标准真的听不懂，不知道讲得哪个字母哪个概念，一节课波速波数真是彻底把我绊住了，搞清楚讲的到底哪个一抬头完全不懂了就是说。。。
141678,1199,邬建敏,2021-10-19 15:03:53,17,18,1,课上得很好，以后都别上了
141963,1199,邬建敏,2021-11-02 06:11:27,12,13,1,听课不如自习，课前给一分钟签到，爱了
142483,1199,邬建敏,2021-11-12 05:05:26,6,7,1,老师你是我亲爹，在出成绩前最后求求您给我放海
142633,1199,邬建敏,2021-11-15 00:38:12,-17,3,20,爱了爱了，虽然上课听不懂，作业分不高，但感谢老师给我上大学第一个上四的绩点，很激动，
142666,1199,邬建敏,2021-11-15 03:20:39,8,9,1,绩杀😶
142674,1199,邬建敏,2021-11-15 04:14:08,14,15,1,不如自习
142742,1199,邬建敏,2021-11-15 16:48:24,15,16,1,我去他喵的wjm，一个班几个上4的你没点数吗
142795,1199,邬建敏,2021-11-18 14:17:03,20,21,1,绝对绩杀！！！我普化期末考高平均分10分，平时分就扣了3分，结果3.0！！！没话说，就是绩杀！
142908,1199,邬建敏,2021-11-17 09:18:05,6,7,1,快跑 只能帮大家到这里了\n\n有的人被骂不是没有理由的
142914,1199,邬建敏,2021-11-17 10:21:40,11,12,1,如果你不幸选上或被预选邬老师的课，请快逃！！！！！退课！！！！！\n\n评分这么低不是没有理由的！！！！！！\n\n邬老师，希望不要让你的子女在实验室中挂科捏😄🥰\n\n谢谢你，把我的均绩用四五门都拉不回来🥰我爱你吗
143219,1199,邬建敏,2021-11-21 14:47:01,0,1,1,快跑上了等于没上
145784,1199,邬建敏,2022-01-02 07:05:15,2,5,3,教的很好，这辈子别教了
147768,1199,邬建敏,2022-01-10 18:38:36,-1,3,4,给分有点迷吧\n\n上课好好听作业好好完成感觉期末写的也还好?\n\n绩点4.2\n\n老师知识储量很好其实认真听课学的到东西的\n\n但   希望老师能多学学海底捞
148559,1199,邬建敏,2022-01-13 01:23:22,3,3,0,喜提大学生涯最低绩点
149007,1199,邬建敏,2022-01-14 06:33:30,0,0,0,【分析化学1】分化本身就是个。。。很闹心的课，很多东西要去记背。这门课不像别的分化课，是闭卷的，不允许带抄写材料。邬老师上课水平还是可以的，最后班上给分也还行。
155821,1199,邬建敏,2022-06-16 06:25:56,3,3,0,喜提大学最低绩点
160860,1199,邬建敏,2022-11-02 02:02:37,10,10,0,英文ppt有卖弄之嫌 英语又不是很好 不懂在逞什么强 提升英语不应该是英语老师的事儿么\n\n编的书也是一言难尽 不如对着目录一个个去百度百科 百度百科起码是讲得想让你懂的 那本书 名词解释多有穿凿附会 甚至不够严谨细致 我作为一个化竞生 那个课本给我看懵了 想念我的化学奥赛课本\n\n看评论 还杀绩 所以 跨专业别选他 预置课程的话能润就润 我现在没润就是非常、非常后悔
161170,1199,邬建敏,2022-11-11 01:34:11,1,2,1,绝对绩杀哈哈哈哈哈啊哈
161490,1199,邬建敏,2022-11-07 13:49:36,1,1,0,只能说对高中没学过化学的同学太不友好，讲的太难理解了，真的还是自己做研究吧，先别教书了
161710,1199,邬建敏,2022-11-11 02:06:00,9,11,2,FUCK  you！绩杀，辣鸡老师
162390,1199,邬建敏,2022-11-21 11:31:49,-20,0,20,还好啦，只要认真学，考前背背公式，看例题就好了，我4.8也还算不错啦
163299,1199,邬建敏,2022-12-12 09:21:59,7,8,1,个人认为邬老师的课上得还可以，课后解答也较为耐心。原理和推导过程讲得比较清晰，不是纯纯应试的，不考的内容也会讲（本人一直不知道不用考，就背了很多，后来考前听上别的老师的课的同学说哪里哪里不用考的），但是课上以及ppt中会有较多的英文，他会做出一些解释的，只要不是报着特别排斥的心态去听，还是可以学到很多的。唯一，我们这次后来课有些来不及了，最后一单元多以自学为主，但是邬老师也提点了重点，放了网课的视频供参考。这次分到的两个助教学长学姐人超级好，超级耐心，很细致！ 如果大家预置到了老师的课，不要受一些言论过多的影响，静下来听一听，课后多花点时间，还是可以学到很多，并取得一个不错的成绩的。
163742,1199,邬建敏,2022-12-16 04:43:13,2,2,0,对于高中没选化学的人很不友好，对于高中学过化学的人来说又没什么用，建议自学。英语不好上课记得用翻译软件…
175706,1199,邬建敏,2023-06-28 04:47:49,7,8,1,分析化学老师讲课挺不错的，但是给分太求是，一点也不捞啊
175922,1199,邬建敏,2023-06-27 06:58:05,2,2,0,很不负责任的老师。\n\n申请缓考碰上端午教务处休假，流程没办完，跟他提前说了不要把我记成缺考，等工作日我把材料补上。结果直接记成缺考给我挂了，还踢皮球让我去找教务解决，呵呵。
181265,1199,邬建敏,2023-10-12 12:08:33,2,2,0,不要跟风黑，和邬老师讨论问题很愉快的，上课都是干货，讲的有点快需要课后巩固。我觉得用英文PPT挺好的，上两次课就习惯了，大一就对我看英文学术论文做好了基础
183437,1199,邬建敏,2023-11-26 08:36:22,-5,3,8,给分史上最好！
183438,1199,邬建敏,2023-11-26 08:36:40,1,2,1,给分很好，上课认真听都能听懂的，问问题也会耐心解答
183439,1199,邬建敏,2023-11-26 08:46:42,5,5,0,邬老师上课对高中没学化学的人简直是折磨，虽然科研水平很高但不适合上这类通识课程，但助教姐姐真的很能捞！！！！！！表白xxr姐姐！！！！！
183448,1199,邬建敏,2023-11-26 11:17:18,-5,1,6,上课体验0分\n\n给分5.0，10分\n\n综合评定：10分
183449,1199,邬建敏,2023-11-26 11:21:29,1,2,1,老师讲得很好，就是有点快，给分很好！！！
183450,1199,邬建敏,2023-11-26 11:26:20,0,1,1,普化的进度非常快，但是只要认真听，会基本题型，还是能拿满的
184905,1199,邬建敏,2023-12-24 09:35:30,1,1,0,给助教xxr学姐10分，给老师-5分
195538,1199,邬建敏,2024-06-28 17:06:35,3,4,1,讲课好，从不点名，但给分非常差
195546,1199,邬建敏,2024-06-28 17:24:41,4,4,0,分析化学讲得很好很有调理，给分一般
195614,1199,邬建敏,2024-06-29 04:37:22,7,7,0,上课很认真但说实话给分很难反映学生的学习情况，基本上就是期末考试一锤定音的，期末考多少总评基本就是多少，给分很差
195864,1199,邬建敏,2024-06-30 11:43:57,3,4,1,感觉不如蔡昌慧，你问蔡昌慧是谁，他是我高中化学老师，讲课都讲不明白
201426,1199,邬建敏,2024-11-02 12:02:59,1,1,0,脑袋没有Shaun Murphy聪明，脸蛋没有Furina美，如果说你能帮我随便转专业的话，我会给你打高一点，我要巴德年医学班，听到了没有
201763,1199,邬建敏,2024-11-06 04:07:11,2,2,0,真的上课一点逻辑也没有，他的课就是用来装B的，真的很无语，两个月上200多页，感觉它讲课像是口齿不清，还故意搞英文，一点逻辑也没有，上的烂的要死。
202125,1199,邬建敏,2024-11-09 17:45:56,9,9,0,讲课是枯燥的，考前是没有考试范围的“全是重点”，模拟卷是没有的，考试题型是不给的；平时成绩是不公示的，作业是最后几天才改的，考试是巨难的，捞是一点不会捞的，再加上自己还被绩杀。。。大一刚进来就碰上这种情况真的很难评。唯一的好处就是不点名，于是可以看着教室里的人越来越少。。。
202128,1199,邬建敏,2024-11-10 01:28:19,9,10,1,从来不改作业还quiz，到期末了助教才走流程似的随便改几份，上课特别爱用英语，而且自己又发音不标准
202132,1199,邬建敏,2024-11-10 02:03:49,5,5,0,千万避雷他的课，讲课一点也听不懂，天天在装自己英语很好，在美国的时候如何如何，给的绩点贼低，我的一个同学也学的普通化学乙，他不会的题比我还多，结果人家老师很爱捞人，人家绩点比我高1个点，这个老师给分真的垃圾，千万别选他的课，不然后悔死，你要是好好学最后他给你个垃圾绩点就老实了。
202135,1199,邬建敏,2024-11-10 02:34:20,1,1,0,大一普化乙\n\n平时分占四成 包括作业和小测\n\n考试分占六成 只有期末考 不赋分\n\n上课不点名 喜欢说英语 比较枯燥无聊\n\n期末考改的比较水 大题基本上只看答案
202138,1199,邬建敏,2024-11-10 03:34:45,10,10,0,在理性的化学教学中带着些许荒谬，上课空讲，PPT挂英文，上课提问问单词，有种上英语课的美感，公式啥的基本过一嘴，最后一节课扯皮一大堆，结果课没讲完就期末考，纯纯搞笑
202139,1199,邬建敏,2024-11-10 03:55:46,1,1,0,上课是真的快，基本要靠自己课后自学，作业和例题也基本不讲
202140,1199,邬建敏,2024-11-10 04:25:33,2,2,0,看在他不点名的份上，就给三分吧。。
202147,1199,邬建敏,2024-11-10 05:02:07,4,4,0,孩子们快跑
202148,1199,邬建敏,2024-11-10 05:20:28,5,5,0,哈哈哈，2.4，上课是念PPT的，PPT里是书本的，作业是不批的，平时小测不是等于白做的，因为根本就不批，考试是根本就不捞的，就是一坨，希望大家都来选，肯定给你的大学生涯带来浓墨重彩的一笔，让你的绩点非常的好看，一定都要来听哦，我真的爱死你了。
202149,1199,邬建敏,2024-11-10 05:15:15,1,1,0,上课是飙英文的，作业是不讲的，ppt是什么都没的，作业是期末临时批的，小测是没反馈的，考前复习是没的，唯一的考试提醒是要带计算机
202150,1199,邬建敏,2024-11-10 05:22:53,4,4,0,大家一定要都来选这门课，选这位老师，还不点名哟，可以让你的绩点嘎嘎高，可以看到你课上的同学越来越少，你的绩点越来越高，给了1分好评。诶！0去哪里，原来没有啊，真是可惜。
202164,1199,邬建敏,2024-11-10 08:03:50,0,0,0,被绩点击败
202301,1199,邬建敏,2024-11-11 10:44:38,5,5,0,给分差
202325,1199,邬建敏,2024-11-11 15:28:12,9,9,0,傻逼老乌龟
202328,1199,邬建敏,2024-11-11 15:47:34,2,3,1,我操你妈美国汉奸老乌龟吊毛玩意腿怎么不两天都断了喂狗
202821,1199,邬建敏,2024-11-14 14:10:21,1,1,0,。。。
205509,1199,邬建敏,2024-12-08 10:18:59,4,4,0,傻逼老师
205943,1199,邬建敏,2024-12-13 01:46:37,1,1,0,避雷，讲不明白
206562,1199,邬建敏,2024-12-16 06:14:54,1,1,0,喜提1开头.呃...
206853,1199,邬建敏,2024-12-18 03:19:04,10,10,0,完全讲不明白，毫无重点提醒，一分不调，论高考化学满分的绩点3.0是什么感受
206854,1199,邬建敏,2025-02-14 13:59:55,2,2,0,给分很敷衍，避雷
207001,1199,邬建敏,2024-12-19 02:58:47,0,0,0,讲不明白，给分特别离谱
208616,1199,邬建敏,2024-12-30 05:55:51,4,4,0,老乌龟怎么不两条腿一起断
209436,1199,邬建敏,2025-01-06 02:58:46,4,4,0,纯纯一傻逼，上课秀英语秀留学秀实验室就是不讲知识，平时作业从来不改，给分好似和学生有仇，给分历史最差，逆天东西预置了这逼真他妈晦气
209905,1199,邬建敏,2025-01-07 11:10:54,2,2,0,谁遇上谁倒霉
209965,1199,邬建敏,2025-01-07 15:00:32,1,1,0,给分差到离谱
211090,1199,邬建敏,2025-01-10 14:56:00,1,1,0,差差差差差差
211396,1199,邬建敏,2025-01-11 10:19:56,3,3,0,除了不点名真的一无是处
214612,1199,邬建敏,2025-02-14 14:01:09,2,2,0,气笑了害我转不成专业
215072,1199,邬建敏,2025-02-20 14:41:12,1,1,0,臭傻逼
215951,1199,邬建敏,2025-03-08 03:39:32,0,0,0,就是不点名，其他的等于零
216392,1199,邬建敏,2025-03-15 09:52:20,0,0,0,给分差
216565,1199,邬建敏,2025-03-18 13:29:30,0,0,0,吹牛逼吧
217032,1199,邬建敏,2025-03-31 14:01:51,0,0,0,选他的课这辈子有了
217606,1199,邬建敏,2025-04-14 04:57:06,0,0,0,纯傻逼
218004,1199,邬建敏,2025-04-19 05:02:00,0,0,0,傻孩子们快跑啊
222065,1199,邬建敏,2025-06-29 10:27:38,0,0,0,就是一坨
22779,1273,徐光明,2016-03-11 03:33:28,0,0,0,能扯，interesting
23095,1273,徐光明,2016-03-17 10:29:19,1,1,0,很有意思 讲的也不错\n\n
23955,1273,徐光明,2016-04-22 08:46:59,1,1,0,上课坐在前排只要跟他互动一点点他就会一直跟你有眼神交流别问我怎么知道的
86003,1273,徐光明,2018-08-26 16:11:30,-1,0,1,爽爽爽
93213,1273,徐光明,2019-01-08 06:42:53,0,0,0,超级nice
100370,1273,徐光明,2019-01-26 03:54:42,0,0,0,不错，就是回复比较慢
102617,1273,徐光明,2019-02-14 00:04:20,1,1,0,成天开会，好忙呀\n\n不过老师讲的声音很有磁性
105789,1273,徐光明,2019-04-20 13:29:48,1,1,0,老师上课超有趣，我本来对分析化学没有兴趣的，现在觉得挺有意思
107132,1273,徐光明,2019-05-02 01:06:14,1,1,0,怎么没有人评分啊?那我先来给个十分吧！其实上课讲的还是可以的。给分也还行吧没有楼上说的那么迷。老师人很好的，对待教学和学生也很有热情，而且有点可爱的。
830,1783,黄兆镇,2015-03-17 15:53:21,15,16,1,我们亲切的称呼他为老黄。他是我在浙大最喜欢的老师，也许是我这辈子唯一能接受在我三米内抽烟的人。\n\n
1216,1783,黄兆镇,2015-03-21 16:43:43,8,10,2,老师人很好，可能有时候听不太懂口音。不过是个好老师
1458,1783,黄兆镇,2015-03-22 05:21:10,11,12,1,唯一一个，结课以后我与其拥抱的老师。从心底里敬佩，喜欢。他的思维殿堂如迷宫，转悠着跟他走了好久，却只体味到一星半点他的悲情，哲学与数学的悲情。
1675,1783,黄兆镇,2015-03-23 07:28:57,-9,9,18,我们想去旁听，却被粗暴的赶了出来。\n\n本来以为老师很好亲近，但是真的很让我失望。我不希望老师有多大的架子。
1677,1783,黄兆镇,2015-03-23 07:33:29,-11,6,17,我是和楼上一起被赶出来的，不多评论了
1688,1783,黄兆镇,2015-03-23 08:45:53,8,8,0,老师是个负责诚恳的老师～
2340,1783,黄兆镇,2015-04-23 14:21:28,10,11,1,我在浙大上的第一门印象极其深刻的数学课，讲线性代数渗透了好些抽代的内容，回过来看才发现老黄是故意做了这些铺垫。
52597,1783,黄兆镇,2017-06-21 09:55:32,0,0,0,...
65590,1783,黄兆镇,2018-01-06 18:13:46,1,1,0,老师非常热心，总是自愿在自己的休息时间组织学生的读书讨论班，让大家受益匪浅！
191736,1783,黄兆镇,2024-04-29 08:09:45,2,2,0,黄老师一路走好
6246,1916,方群,2015-07-12 09:57:44,3,5,2,挺逗的一老师
20461,1916,方群,2016-01-27 15:58:13,0,2,2,很喜欢用比喻，讲得清楚明白，上课不无聊，赞
20575,1916,方群,2016-01-28 14:00:08,-1,2,3,好好听课，好好复习，得分会不错的
49061,1916,方群,2017-03-23 02:01:20,-2,0,2,真心好老师
54005,1916,方群,2017-06-28 07:57:14,1,3,2,比其他老师有趣，能把事情讲明白
56972,1916,方群,2017-07-05 05:14:26,0,6,6,给分超级差
69614,1916,方群,2018-01-25 05:28:18,0,2,2,老师很好
81275,1916,方群,2018-07-04 14:00:35,4,6,2,给分真的差
81276,1916,方群,2019-09-24 10:57:58,4,7,3,给分太差了
81279,1916,方群,2018-07-04 14:18:06,4,6,2,上课还行，仪器分析部分确实有点无聊，研究性实验蛮有意思的，就是安排在考试周不太舒服，给分的话，emmm，我觉得有点差。。。
112235,1916,方群,2019-07-03 23:48:59,3,3,0,课上的还不错，但是给分实在有点差了
113909,1916,方群,2019-07-08 00:28:25,2,2,0,老师人还是挺好的，讲课也深入浅出。分数不太好只能怪自己确实背得不够，考点还是考的很细的。\n\n至于平时作业的打分...emmmmmm......
158826,1916,方群,2022-07-02 12:51:22,0,0,0,一言难尽
158827,1916,方群,2022-07-02 12:51:42,2,2,0,大特人
190809,1916,方群,2024-03-20 02:59:41,2,2,0,wm分化二的，正在听着方老师22-23春夏的智云自学分化二，方老师的PPT是纯中文，内容简明而且详实，讲课很吸引人，也比较逗，喜欢说:“我在上学的时候有什么分析技术，发展的什么样”。\n\n建议食用方法:直接把他的笔记内容大致记下来，如有不明白的内容直接讲解此页。如果只看他讲的内容加个翻译器，也足够应付wm的阴间作业了
196668,1916,方群,2024-07-04 17:20:34,2,2,0,老师挺好的，分化2讲得很有意思很清楚
196711,1916,方群,2024-07-05 01:34:00,0,0,0,方老师挺有乐子的
196768,1916,方群,2024-07-05 04:25:03,1,1,0,开铲！
196872,1916,方群,2024-07-05 17:11:00,0,0,0,被捞一档～
201204,1916,方群,2024-10-30 06:12:38,1,2,1,喿尔马畐
88109,3217,范杰,2018-10-22 09:19:32,2,7,5,老师很好，对于很多原理更多的是讲为什么而不是怎么做。会布置课外的思考题，收获很大
88658,3217,范杰,2018-11-05 05:42:36,6,13,7,听不懂。是我太菜了么。
116671,3217,范杰,2019-09-23 03:19:11,-2,1,3,...
117294,3217,范杰,2019-09-22 13:32:08,-8,6,14,PPT与课本相似度极高?
117330,3217,范杰,2019-09-23 03:38:14,2,5,3,延伸到位，应用联系加深理解
118032,3217,范杰,2019-10-19 03:57:32,-2,7,9,上课很无聊，完全不讲本质，只会说PPT上的内容，上课就是在浪费时间
122440,3217,范杰,2020-02-27 12:43:19,1,2,1,老师挺好的，问问题也会耐心解答。
125772,3217,范杰,2020-09-14 06:54:34,3,5,2,好老师，第一节课就非常有意思
128396,3217,范杰,2020-12-22 07:51:10,3,6,3,挺好的，不知道为什么分不高
129321,3217,范杰,2021-01-04 06:41:27,0,2,2,老师上课很有意思，还拓展一些课堂之外有深度的内容，老师真滴很好啊。
129322,3217,范杰,2021-01-04 06:43:56,7,9,2,一个特别好的老师。有先进的教学思维，没有被传统的考试思维束缚，在课堂上会拓展我们的思维和眼界。而且每次作业量适中，还会布置一些有意思的思考题，这种老师不拿高分天理难容！一学期的普化课，最后在一首《只要平凡》中谢幕。
129323,3217,范杰,2021-01-04 06:45:34,0,2,2,进浙大的第一个学期遇到的最好的老师。不仅仅是讲授课本中的内容，会进行最前沿最实时的科研成果普及，会引导我们进行真正的深入思考。声音很温柔很磁性，普化课有一种很轻松的氛围。学到很多，一定会想念他。
129324,3217,范杰,2021-01-04 06:49:50,3,4,1,老师的课时这个学期最喜欢的课。其实大一很多的通识课，考试结束过两周你就不会记得这节课讲了什么知识，但是真的会记得老师带给你的一些思维方式以及习惯性的对社会问题的关切。范杰老师就是这样的老师。第一节课绪论的时候谈到“人类社会的发展史怎么出现差异的”推荐《枪炮病菌与钢铁》，一个理科老师，竟然让人很想去看社科的书；他会在上课的时候普及很多诺贝尔奖的成果、最新发的论文等等，很多知识没有记得，但是在赶一些报告的ddl的时候这些例子就会直接被想起来。回答问题也非常耐心，还会引导你去思考。真的很喜欢老师的课。
129972,3217,范杰,2021-01-14 09:00:23,5,8,3,如果我说我梦到范老师了大家会相信吗
132245,3217,范杰,2021-01-31 08:17:53,2,2,0,范老师博学多才，对诺贝尔奖得主了如指掌，即将获得下一届诺贝尔博物学奖。开玩笑啦，老师上课非常有趣，能从多个角度切入主题，物化生文艺都有涉猎，既能学普化，又能拓宽知识面，好评！
133771,3217,范杰,2021-03-05 02:43:48,4,5,1,超级棒的老师！上学期刚上他的课时来看评分居然只有6分多我真的惊了，这学期过来看就9分多了，超级开心！！老师是很优秀也很有趣的人！！【针对之前说不讲本质内容的评价，我觉得这应该是普化这门课本身的问题，这课本身要求就不高，老师讲得也就不深，不过同时还能做到有趣的延展，真的非常棒了
141731,3217,范杰,2021-10-23 10:08:22,0,0,0,老师很渊博，但是讲课有点快，也可能是我的问题
144287,3217,范杰,2021-12-21 04:16:13,1,2,1,作为高中没选化学的化学白痴，表示老师讲的好快，根本听不懂啊听不懂，好吧是我太菜了
146921,3217,范杰,2022-01-08 05:04:21,0,2,2,为什么我给分这么低我不理解
153066,3217,范杰,2022-04-24 17:21:03,3,4,1,我是一个理科很菜很菜的家伙，普化课对我来说很不轻松，每节课有听不懂（不是老师的问题，老师节奏很好，完全是我的问题）的地方是基操，下课也经常拿一些很傻很基础甚至很奇怪的问题去问老师。现在我已经大三了，还记得老师总是微笑着很耐心地跟我一步步讲，思考的时候又是认真脸哈哈哈。助教xgg我也经常拿问题，甚至是很多基础的课后题去骚扰，也好耐心回答我。老师课后也会留下一些思考题，完全是书本之外的，又完全是书本知识深入的东西，在明知我们这种专业不会深入学习化学的同时又很想启发我们。最后一节课结尾，我记得老师给我们放了一首歌，一首童声，唱的什么我不记得了，但是还记得老师对我们说，不是所有人都能所谓的成功还是很厉害啥的，但是到那个时候，也请你接受自己。难得的好老师。
161589,3217,范杰,2022-11-09 08:13:12,1,1,0,好老师，可是普化太难了，呜呜呜
161665,3217,范杰,2022-11-10 07:33:58,1,1,0,喜欢的人会很喜欢，不喜欢的话……可能会很无聊
162473,3217,范杰,2022-11-23 03:33:43,0,1,1,不错的
168327,3217,范杰,2023-02-11 14:43:09,0,1,1,最喜欢的老师之一，虽然课程是普通化学，但对我来说一点都不普通（警惕新型陷阱），每次课上都能对化学界一些问题都能有自己的看法，感觉老师到浙大教课就是一个附带的任务，课上更着重的是对学生的教导，并且大二科研认知还选择了去听他的课题组，整个课题组氛围也很放松
169522,3217,范杰,2023-02-26 15:29:37,0,0,0,这是一个观念比较先进开放的老师，很好很好的老师，普通化学这门课不一定有什么很大收获，但这个老师会让你学到挺多。
170078,3217,范杰,2023-03-01 09:33:36,5,5,0,怎么说呢，感觉我的成绩和老师毫无关系
170708,3217,范杰,2023-03-08 08:24:27,14,14,0,建议高中没学化学的不要选范杰的普化甲，因为老师上课讲的更多的是化学前沿的一些拓展而不是教你如何去学化学。没有高中化学基础的人听范杰的课并不能学到任何东西，最后考试前也只能痛苦找别的老师的课程自学普化甲。但是老师捞人还是很给力的。
200940,3217,范杰,2024-10-25 05:27:42,3,3,0,普化甲基本自己，范老师上课喜欢用英语PPT，一边讲中文一边讲英文，难度还是有点被人为加大的◑.◑
206033,3217,范杰,2024-12-13 03:36:24,1,1,0,老师人很好，也很幽默。但是普通化学讲的东西有点超前了，不太适合大一小登
212877,3217,范杰,2025-01-15 06:44:27,0,0,0,不点名，上课讲的比较难听不懂，但是最后狠狠捞狠狠捞狠狠捞
212988,3217,范杰,2025-01-15 12:10:20,3,3,0,海底捞，绝赞！
213157,3217,范杰,2025-01-16 06:59:19,0,0,0,怎么说，我学到的知识和老师没有关系全凭自学，但我最后取得的分数全靠老师的大捞特捞（）\n\n上课不点名，建议上课溜走考前补天，效果绝佳👍
213482,3217,范杰,2025-01-17 18:43:20,0,0,0,上课讲的不细\n\n最后也有点卡绩\n\n但是老师上课还是很真诚的\n\n很喜欢化学\n\n也很喜欢老师！
8812,3295,王秀云,2015-09-28 06:43:32,27,35,8,讲课思维跳跃，重点不清晰
11759,3295,王秀云,2015-12-14 08:07:51,5,10,5,老师很憨…口音让人听起来不舒服…
11871,3295,王秀云,2015-12-19 10:46:04,17,18,1,老师特别可爱，人也很和蔼。\n\n
13864,3295,王秀云,2016-01-01 10:50:33,14,16,2,讲得极好
15578,3295,王秀云,2016-01-15 12:42:47,2,3,1,听不懂
17643,3295,王秀云,2016-01-20 14:27:05,32,35,3,讲课当你会了一样讲 然而给分超好
18182,3295,王秀云,2016-01-21 08:48:16,3,6,3,老师负责任且认真。\n\n但口音确实有点重。\n\n给分还不错！
18581,3295,王秀云,2016-01-22 05:24:24,15,18,3,老师字超漂亮，讲的好
31086,3295,王秀云,2016-07-03 08:07:17,5,11,6,讲课不怎么样，但是给分很好，平时交了4次给满分，大二下第一门满绩就是云哥给的
34825,3295,王秀云,2019-09-11 10:02:26,10,14,4,老师尽力了，不过讲的真的不是很好。人很好的
37817,3295,王秀云,2016-12-05 06:41:19,8,9,1,口音～北方人表示蓝瘦
43934,3295,王秀云,2017-01-17 06:44:23,2,6,4,虽然口音有点重，但是数学都是靠自学嘛，没关系啦。
46095,3295,王秀云,2017-01-20 15:10:16,27,28,1,讲得其实还是不错的，当然前提是你懂他在讲什么...
46617,3295,王秀云,2017-01-22 04:09:03,4,6,2,老师啥时候出分啊啊啊
46670,3295,王秀云,2017-01-22 06:18:36,4,5,1,老师给分超棒！！！
46683,3295,王秀云,2017-01-22 07:07:08,8,11,3,老师虽然有口音，但是对于一个南方人来说，其实完全听得懂，讲得很细致 给分也好，谢谢老师！
46824,3295,王秀云,2017-01-22 11:30:02,1,4,3,听不懂
46828,3295,王秀云,2017-01-22 11:36:54,-41,8,49,虽然有点口音， 讲课可能也可能不是特别好。不过给分很好。我又满了。。。
47439,3295,王秀云,2017-01-26 10:51:37,3,3,0,很nice啊！
48010,3295,王秀云,2017-02-28 04:11:49,4,5,1,今天第一次听老师的课，其实在之前已经预习过概统，然而在第一节还是学到很多新东西，绝不是完全念课本，虽然有口音但不影响听讲。很不错
48416,3295,王秀云,2017-03-03 03:35:52,4,4,0,老师讲课很认真负责，而且给分很好！
49385,3295,王秀云,2017-12-27 04:44:16,451,481,30,他的概统课不建群，有喜欢的妹子根本不能要联系方式，真的很郁闷。或许这次错过，就是一辈子的遗憾。?
49412,3295,王秀云,2018-06-12 13:42:51,8,9,1,求老师讲例题的时候慢一点……至少在课上给大家试着做一做的机会啊……题目出来马上就讲答案了完全来不及自己思考啊
51431,3295,王秀云,2017-06-05 11:38:02,5,5,0,老师讲的还算是不错的，认真听课会有收获，给分感觉不错\n\nP.S.老师不会建群，课件也要主动找他要
55848,3295,王秀云,2017-07-02 12:57:00,0,0,0,给分好，好老师
56446,3295,王秀云,2017-07-04 00:28:45,0,0,0,还可以
57528,3295,王秀云,2017-07-09 10:37:17,4,4,0,老师超nice，给分很好，不过统计部分可能会让人难以理解一些，老师会经常说“这个你们自己体会一下???”。概率论部分真的很好，统计么确实需要自己脑子里构建模型嘛~反正最后老师为了让我不掉档把我小测，作业全拉满了，简直开森~
59531,3295,王秀云,2019-09-09 07:13:55,83,90,7,大家好，我们终于有群了！
63798,3295,王秀云,2017-12-15 03:25:31,-4,0,4,实在不知道在讲啥
63871,3295,王秀云,2017-12-18 06:16:23,1,2,1,数理统计部分真的听不懂……
65279,3295,王秀云,2018-01-02 08:34:23,0,2,2,不知所云\n\n
65517,3295,王秀云,2018-01-05 03:36:19,50,53,3,有一种秀叫做王秀云的秀。\n\n讲课速度可以说像是坐了火箭，不仅上了天，而且用不停步。\n\n复习课，你有体验过一节课复习完6章的嘛？\n\n王老师真的好，下次我还会再来。
65685,3295,王秀云,2018-01-08 08:27:49,-1,1,2,概统课的讲授不注重对内容的理解
66518,3295,王秀云,2018-01-17 06:32:29,13,15,2,每天上课，挥舞着他的魔仙棒，坐在后面完全听不到，节奏平缓，体验不错，下次再来。
67000,3295,王秀云,2018-01-19 23:49:14,2,2,0,时间序列挺给力的，人很好，不过考试难，哭泣…
68901,3295,王秀云,2018-01-24 05:34:59,4,4,0,讲课速度真是王秀云老师的秀\n\n个人觉得他的ppt质量真的是挺不错的 \n\n思路很清晰\n\n大概这样一来我们自学起来就会轻松点吧...
70357,3295,王秀云,2018-01-26 13:44:42,1,1,0,给分很好 我爱老师 谢老师抬我一手
70403,3295,王秀云,2018-01-26 14:43:46,3,3,0,老师讲的真好^O^
70430,3295,王秀云,2018-06-13 10:47:28,16,17,1,对我这个听过唐炳康微积分的人来说，王老师的口音真的算不了啥hhh
70448,3295,王秀云,2018-01-26 15:48:58,0,1,1,老师讲得超级快，不过很可爱！\n\n
70586,3295,王秀云,2018-01-27 09:00:19,2,5,3,讲得很好，总评99，期末满了，谢谢云哥
70729,3295,王秀云,2018-01-27 12:41:04,5,6,1,快！\n\n秀！\n\n自学了一个学期，个人觉得难度不大，没什么问题，按时作业、小测，最后就满了。\n\n感谢秀哥培养我的自学能力！秀哥给分还是挺好的！
76656,3295,王秀云,2018-04-17 08:59:29,0,0,0,有没有同学知道老师办公室在哪或者老师联系方式？谢谢！
80516,3295,王秀云,2018-06-27 10:54:55,1,1,0,很可爱呀
83324,3295,王秀云,2018-07-10 05:53:19,1,1,0,大爱秀云老师 很可爱 给分超好！期末会调分的！
85009,3295,王秀云,2018-07-15 03:11:31,0,0,0,人可爱～出分慢
85012,3295,王秀云,2018-07-15 03:16:36,0,0,0,谢谢老师！
85097,3295,王秀云,2018-07-15 09:48:47,1,1,0,讲得挺好的，标志动作中指推眼镜，超级可爱！
85106,3295,王秀云,2018-07-15 11:21:24,1,1,0,王老师讲课很快，上课想听懂并且跟得上挺难的，不过给分真的好，只复习了4章奔着及格去的我居然考了74，谢谢王老师！
85470,3295,王秀云,2018-07-18 07:09:37,0,0,0,说实话 觉得老师讲的不是特别清楚 要自己看的 给分和人都挺好的
85641,3295,王秀云,2018-07-23 19:53:49,1,1,0,给分妙啊
85774,3295,王秀云,2018-08-06 07:48:09,3,3,0,老师讲的挺不错的，条例清楚，要点明确，最后还会有复习。顺便分享一下学习概统的经验，上课时只要理清思路，当时不会做题目没关系的，重点是知识点思路要明确！考试的时候再话一两天刷题，满绩不是梦，概统真心不难
87504,3295,王秀云,2018-09-30 03:17:30,13,16,3,时间序列是什么神仙课程。。。
87512,3295,王秀云,2018-09-30 04:24:58,23,25,2,时间序列就是在刁难我胖虎
87551,3295,王秀云,2018-10-04 13:16:21,12,13,1,时间序列谁退课谁是狗
88999,3295,王秀云,2018-11-13 14:13:45,1,1,0,概率论轻松愉快
89486,3295,王秀云,2018-11-19 09:51:01,1,1,0,真的超秀了！
89499,3295,王秀云,2018-11-19 10:28:38,0,0,0,老师很不错。讲课很清楚，不过稍微有些枯燥
89590,3295,王秀云,2018-11-20 01:38:36,0,0,0,讲课一般，但是真香
89635,3295,王秀云,2018-11-20 05:37:39,2,2,0,概率论建群的，还给课件！
89756,3295,王秀云,2018-11-20 15:23:00,1,1,0,老师人超好，不过讲课确实有点快，但答疑什么的都特别有耐心，赞
90193,3295,王秀云,2018-11-22 11:42:45,1,1,0,上课当你什么都会，不过概率论只要把例题弄懂考试就没问题，课后题比较变态。
98194,3295,王秀云,2019-01-23 07:27:16,8,8,0,我只想问问什么时候出分
100462,3295,王秀云,2019-01-26 07:08:06,2,2,0,出分前来攒人品，老师人很好，讲课很努力，可能自己太菜，所以有些没听明白
100636,3295,王秀云,2019-01-26 13:00:42,0,2,2,老师很好，但是又被卡了一分。三分一档真的智障。
100648,3295,王秀云,2019-01-26 13:22:16,2,2,0,老师人很棒完全没有架子的那种，就是上课速度有点秀，最后给分也还行吧
100711,3295,王秀云,2019-01-26 15:12:33,-36,6,42,学期第三门满绩，谢谢老师!
100828,3295,王秀云,2019-01-27 01:40:51,1,1,0,老师人真的很可爱，超级喜欢～给分也好
101229,3295,王秀云,2019-01-28 02:27:05,-7,0,7,考卷完全不考虑学生有没有学过复数相关的内容，出了一大堆谱密度，让人很憋屈
101403,3295,王秀云,2019-01-28 06:53:56,0,2,2,我想和那位穿aj4xkaws和yeezy750的帅哥当兄弟
113883,3295,王秀云,2019-07-07 23:06:08,0,0,0,讲课思路清晰，十分推荐，唯一的缺点是讲拓展书上没有，也不知道考不考。。。\n\n
113889,3295,王秀云,2019-07-07 23:34:46,3,4,1,给分超好，满绩了，开心
113890,3295,王秀云,2019-07-07 23:37:33,0,1,1,给分不错，挺体贴学生的，划得重点挺靠谱的，相比之下csp就呵呵了……
113893,3295,王秀云,2019-07-07 23:48:57,0,1,1,给分好，上课一直在强调不要挂科，就是讲得有点快。
113955,3295,王秀云,2019-07-08 02:33:48,1,1,0,老师真的给分超好啊！！而且上课时候太萌了，吹爆pua松分布、平均wei转时间～反正真的太可爱了
114491,3295,王秀云,2019-07-10 05:51:55,0,1,1,大类课随机过程，老师讲得很仔细，不要求的内容也会讲，是个好老师。这门课很简单，因为考试有套路，和概统一样。复习课认真听！但从学习角度来说考试和作业还是太单一了，课后可以自己专研一下
114533,3295,王秀云,2019-07-10 11:31:30,1,2,1,随机过程不是很难，老师口音比唐炳康重，亲测，给分不错
117247,3295,王秀云,2019-09-21 07:08:04,0,0,0,非常喜欢
117732,3295,王秀云,2019-09-30 03:08:29,7,10,3,高分怎么来的？我觉得他讲的很累，讲的也不是很清楚啊……
118878,3295,王秀云,2019-11-07 09:48:59,-8,3,11,垃圾课程毁我青春，讲的比火箭还快，考的比偏微分还难
119123,3295,王秀云,2019-11-10 14:47:11,3,3,0,我也觉得老师讲的一般，但是这次考试不难，甚至可以说偏简单，楼上过激了
119149,3295,王秀云,2019-11-11 01:36:58,0,0,0,很认真呐
119564,3295,王秀云,2019-11-14 00:12:57,1,2,1,虽然啥都听不懂但是给分还是挺好的（雾
119764,3295,王秀云,2019-11-15 12:12:25,3,3,0,上课讲重点！every single word he said will be in the exam！
119847,3295,王秀云,2019-11-16 05:34:40,0,0,0,懵懵懂懂
120478,3295,王秀云,2019-12-09 06:40:45,2,2,0,emmm老师人不错也挺负责，平时真的很认真的在讲课了，但速度太快了，而且效果也不好，基本靠自学。但给分挺好的！给分好！！
120683,3295,王秀云,2020-01-15 07:28:01,1,1,0,老师还是挺好的，虽然我根本听不懂..
121787,3295,王秀云,2020-01-22 01:44:30,1,1,0,王老师海底捞，我这种菜鸡居然过了。感觉讲得很好，是我太菜了，作业也没好好做，出分真的感受到浓浓师生情。
121795,3295,王秀云,2020-01-22 02:40:05,1,1,0,讲课确实比较快，上课也没怎么听，不过概统也好自学，关键还是多做题，熟悉了就简单了
121826,3295,王秀云,2020-01-22 06:39:24,14,16,2,我上的是老师秋学期的概率论！老师讲的超级清楚！口头禅是“这个要去背住”“这个结论要记牢”（考试果然都出现了哈哈）。PPT等资料随便拷贝，答疑超级耐心超级好！！！轻松收获数学课第一个满绩！！！
122948,3295,王秀云,2020-04-24 04:15:49,7,7,0,刚听完第一节随机过程，讲课是真的好快啊，基本没听明白，全靠课后自学
125531,3295,王秀云,2020-09-11 04:22:30,-7,5,12,1.5学分的随机过程很简单，就像玩一样。文印店卖的卷子前三张基本覆盖了全部考点，全部搞懂就很容易满
125547,3295,王秀云,2020-09-11 08:22:03,-13,2,15,随机过程给分好好~谱密度没背还是给满了，谢谢老师:)
125569,3295,王秀云,2020-09-11 14:33:40,-44,4,48,居然只有4.8，失误了
127798,3295,王秀云,2020-11-27 07:51:31,-16,7,23,我选的是王老师秋学期的概率论。作为大一学生，没有微积分基础其实是挺吃亏的，老师讲的很快，而且觉得我们都会。。。不过只要作业认真做，考前把知识点过一遍，问题是不大的。感觉老师的平时分给的很好，期中考考到了后面的内容，写不出来，最后绩点4.8。不管怎么样，我给老师十分o(^o^)o。
130375,3295,王秀云,2021-01-21 13:06:44,0,0,0,真的是好老师，很热心的
130793,3295,王秀云,2021-01-24 14:50:37,3,3,0,老师是真的不错，虽然概统分现在还没出，课讲的也确实比较快，但是我重复看智云课堂的时候发现老师其实讲的挺清楚的，就是我线下上课没好好听
130930,3295,王秀云,2021-01-25 09:10:59,0,0,0,谢老师不挂之恩
130936,3295,王秀云,2021-01-25 09:47:39,2,2,0,从不点名，就是教的快导致作业超前别人
131821,3295,王秀云,2021-01-29 04:17:56,2,2,0,声音不太清楚，讲课进度较快，给分好
135966,3295,王秀云,2021-06-06 05:49:54,1,1,0,老师黑板擦的特别干净
138442,3295,王秀云,2021-07-09 08:13:12,0,0,0,随机过程 今年卷子偏难 但老师捞得一手好人 整体课程事少好水 强推
142093,3295,王秀云,2021-11-05 12:52:03,0,0,0,21春夏考试偏难，老师人挺好
142300,3295,王秀云,2021-11-10 03:24:08,3,3,0,老师人很好，点名还会在群里说。问问题也乐于解答。讲课虽然速度快，但实在一般，经常一知半解，课后要花大量时间重温才能弄明白
142301,3295,王秀云,2021-11-10 03:22:52,1,1,0,老师人很好，点名还会在群里说。问问题也乐于解答。讲课虽然速度快，但实在一般，经常一知半解，课后要花大量时间重温才能弄明白
142562,3295,王秀云,2021-11-13 10:07:15,1,2,1,我太爱老师了，秀云老师浓浓师生情
142573,3295,王秀云,2021-11-13 13:45:35,2,3,1,我爱王秀云老师
142579,3295,王秀云,2021-11-13 14:51:32,0,3,3,大学第一门100，太感谢老师了
143780,3295,王秀云,2021-12-06 03:49:55,15,17,2,老师人很好，点名会提前说。人品铁十分\n\n上课实在很一般，讲的很快很快，领先其他老师进度一大截，上课难听明白。课后得自己多花很多时间。问问题最好线下问，线上经常已读不回复，不过大学老师都挺忙也能理解。教学这块只能给7分吧，综合起来打了9分吧
147778,3295,王秀云,2022-01-10 23:50:03,2,3,1,时间序列分析给分太好了
147807,3295,王秀云,2022-01-11 01:46:17,0,1,1,老师人超好，给分也超好的！！
150224,3295,王秀云,2022-01-20 15:44:38,0,1,1,给分好
153915,3295,王秀云,2022-05-16 14:36:40,1,3,2,讲课很一般
154084,3295,王秀云,2022-05-23 02:57:25,6,7,1,小测好难啊
156171,3295,王秀云,2022-06-20 10:48:28,-50,5,55,贱比 这么多人跟他说金融没学过谱密度 复变 还特意出了三个谱密度
156287,3295,王秀云,2022-06-18 16:49:13,2,4,2,pua松分布\n\n有一种秀叫王秀云的秀
156327,3295,王秀云,2022-06-19 05:43:50,0,1,1,讲的好啊
156666,3295,王秀云,2022-06-20 14:24:35,14,17,3,下面那个同学，首先只出了两个空，而且最后一个空答案是0不会做蒙对的也不少。第一个空不是背公式吗。就算没学过，一个100分的期末考，考6分谱密度，很过分吗，你干脆直接让数院把谱密度这部分知识从随机过程中删了得了。
157131,3295,王秀云,2022-06-22 03:46:34,9,9,0,公道点说，老师上课速度很快，不管下面的人听不听得懂。不建议数学基础一般的人选择，不然学的很累。问问题，反正我问的线上从来已读不回，但是线下很认真。给分方面，应该还行，和自我预期差不多，已经比较满意。
157828,3295,王秀云,2022-06-25 04:08:45,-10,8,18,在傻逼何樟勇出分以后，王秀云简直是我新的男神，太会捞了，我真的谢谢王秀云！你永远可以相信他的给分！！！！！！！
157830,3295,王秀云,2022-06-25 04:23:56,2,4,2,楼下差不多得了，没必要拉踩，两个老师都很好\n\n王老师确实很好，小测做的老差了期末好好考也可以上4的\n\n（为啥作业全对跟错一两道题都是一样的8、9分）\n\n\n\n能不能不要丢金融学生的脸啊，，有些人真的无语了
157847,3295,王秀云,2022-06-25 06:10:40,4,6,2,师生情满满！！！给分真的好！！\n\n说实在老师上课讲的还是有点听不懂的\n\n不过大家可以去听其他老师的智云，zmz老师讲的确实很清楚\n\n但是wxy真的给分，感动地眼泪都流下来了！\n\nbtw上面那个金融的同学，谱密度老师上课说过只考那七组公式了吧，你国金计量中宏都背得下来，那七组公式你背不下来？第八周老师的作业题里面的几个谱密度，是不是有一道是期末的原题？？虽然我作为金融的也不理解为啥要学谱密度，但是这不是你骂老师的借口叭？让工科的同学看金融的笑话，真有你的……
157878,3295,王秀云,2022-06-25 09:42:32,-4,2,6,感觉都做对了结果只有86，这门课比较吃计算能力，不细心可能就做错了
158095,3295,王秀云,2022-06-27 03:34:19,4,10,6,分奴们闻着味就来了
158615,3295,王秀云,2022-06-30 17:22:56,-4,2,6,那个，我提一嘴吧。由于Rx（τ）是实的偶函数。所以其傅里叶变换也是实的偶函数，书上有写在奇偶性作用下的傅里叶积分会变成关于三角函数的积分，从而其实你会不会复变影响不会很大。麻烦爆粗口的人仔细看看书好吗？究竟是你积分功底不牢固，还是说老师的问题？
162313,3295,王秀云,2022-11-20 02:45:47,1,1,0,短学期概率论最后一节复习课一定要好好听，基本会包涵所有要考的重点
162315,3295,王秀云,2022-11-20 03:17:28,0,0,0,老师讲得非常好，上课讲得有点快，我是自学PPT的，给分超级好
168951,3295,王秀云,2023-02-23 15:52:50,0,0,0,概统 感觉老师给分很好 但是可能是个人问题 一上数学课就困 每节课都去但是没听过几次课 老师雷打不动每节课点名 但是都是数字点名 助教gg人很好 之前常微分的助教也是这位 这里感谢他一下 每次作业都会给几份高分模板 考前复习（预习）的时候真的救大命 十分奉上
169542,3295,王秀云,2023-02-27 01:16:30,1,1,0,很好很好
169868,3295,王秀云,2023-02-28 07:17:25,1,1,0,下课问了老师很傻的问题也很耐心的解答www\n\n给分很好，很喜欢点名，22-23时序助教哥哥好好ww
177208,3295,王秀云,2023-07-02 07:42:36,3,3,0,随机过程，每节课数字点名，课程内容较简单，概统好的同学可以选来当个性学分，期末考试内容较为固定，难度和作业题相似
177209,3295,王秀云,2023-07-02 07:50:32,3,3,0,随机过程1.5学分经院出分前评：\n\n老师讲课对我个人而言是有点快的（本人文科生且排斥数学），通常要花很多时间来学习这门1.5学分的课。但是老师讲课还是很好的，尤其是ppt的例题都是很经典的。\n\n出分后评（97 5.0）：能有这个分数真的很开心！在这里留下一些学习这门课建议，未来的经院学弟学妹可以参考一下。应试角度而言可以忽略证明（王老师上课会讲一些概念证明），考试的考察角度还是一些性质的应用和计算。个人认为这门课主要还是在于花时间弄懂会做老师PPT上的例题和布置的课后题，考试考点基本上就那些。可以在CC98上找一个补考卷（虽然好像是假的），大致结构就是这样。随过大概就是，这个知识点、这个性质你知道并且做过类似题目，那么考试中你一定是会做的。希望未来的学弟学妹可以取得很好的成绩！
177257,3295,王秀云,2023-07-02 12:23:07,0,1,1,跨专业选的随过，最后满了，老师的口音认真听还是能听懂的，随过的内容也不难（难的谱密度部分背那几类变换就可以了），给分感觉还不错的，讲课思路也挺清晰的
178740,3295,王秀云,2023-07-21 07:56:33,7,9,2,课程：随过（1.5学分）\n\n个人情况：（100/5.0）作业几次有一次是9，其他都是10，小测满。  外专业（非数学），当个性修读。\n\n\n\n考试情况：这门课的难度并不高，书也很薄，题型非常固定，我那个考场有好多人都提前交卷子了，题量我记得还是选择加5道大题吧。\n\n\n\n课程感受：我个人是自学的，没有怎么听过课（跪求老师放过），但是坐在后排有时候会因为兴趣，稍微听一下老师讲课，整体而言非常清晰，没有什么问题，老师态度也非常严谨专注，可以说很难得看到还有这么负责的老师，可以和老师多交流一下，老师人非常好，水平也足够高，放心大胆选（基本每节课课件都点名）。\n\n\n\n个人学习方法：整本书的考点可以说是少到可以打表出来复习，再加之每一个题型又非常固定，只要认真复习了，这门课没有什么难点，更多的是对书上许多定理的理解，我个人建议是不要死记，多去推一推，想一下内部的关联，可能也是因为自学的缘故，我对书本上的知识还是比较熟悉的，所以考试的时候也没有什么压力。\n\n\n\n学习资料：98上有前辈给出课后题目过程，可以在写完平时作业之后看看其他的题目，整个课后题是非常具有代表性的，只是跟着老师给的课后题其实也够用了，总之不要担心，这门课的难度和微积分比起来完全可以说是小儿科了，认真学还是有所收获的。\n\n\n\nps：复变那一块一直在争论，我并不理解，所有的内容并没有非常超越的东西，新的东西只有 Fourier Transform的形式，以及delta function的广义函数定义。多的只有形式和定义，那些公式都不叫什么公式，直接用微积分的知识积分可以做了，没有涉及到包括留数、大圆弧、卷积等在内各种定理的应用，考的可以说非常浅了，没有任何觉得超纲的必要，考场上现推都行，真不行就记住。个人认为把这种事情推给超纲是没有好好学的体现吧。
183372,3295,王秀云,2023-11-24 09:56:18,-3,4,7,今年1.5的概率论考试真的简单，100分拿下
183376,3295,王秀云,2023-11-24 12:04:36,-1,7,8,你讲的是什么东西自己有点数吗，速度比窜稀还快
187971,3295,王秀云,2024-01-18 02:30:33,0,0,0,好的不得了
188435,3295,王秀云,2024-01-19 03:55:28,0,1,1,爹 概统给我捞过了
188664,3295,王秀云,2024-01-19 13:27:23,0,0,0,谢谢老师捞捞！！！
189205,3295,王秀云,2024-01-22 10:16:49,13,13,0,王老师讲课力求面面俱到，不会错过每一张PPT的讲解；点名的话，老师每一次都是数字点名，之前有某位前排同学问老师为什么不雷达点名，老师表示：那看智云的同学就没办法点名了，真的很为学生着想。最后给分的话，我和我身边的同学一致认为，给分很好，真的是海底捞！老师的缺点就是讲的有点快和普通话一般，北方同学听起来有的时候会觉得黏黏糊糊的，但还是可以听懂的。
193047,3295,王秀云,2024-06-03 03:37:38,0,0,0,老师好，老师好
193390,3295,王秀云,2024-06-08 14:05:09,1,1,0,相比于其他老师，他的班级概统挂了不少人。。。而且上课说话真的听不清楚听不懂
193527,3295,王秀云,2024-06-12 09:12:21,-130,1,131,小测很简单，满分，平时作业也很简单（高中水平），感觉期末完全没有任何难度，轻松满分吧，100，普通学生考个90没多大问题（本人智商比较高微积分，线代均98+）
195332,3295,王秀云,2024-06-27 17:58:42,0,0,0,真的人很好
195390,3295,王秀云,2024-06-28 02:43:46,1,1,0,上课稍微口音有点重，但是习惯了就好。点名非常友好，是数字点名。给分也很好。
195421,3295,王秀云,2024-06-28 04:01:15,1,1,0,上的是随机过程，老师有一点口音，但是讲课还是蛮有条理的。老师人真的特别好，小测有点问题线下找他立马就解决了。
195861,3295,王秀云,2024-06-30 11:13:03,2,2,0,随机过程，给分还可以，讲课感觉中规中矩
198126,3295,王秀云,2024-09-01 11:37:03,1,1,0,人很好，很和善也很关心学生，答疑时问问题都很有耐心地解答了，上课讲的也很细很全面，不过有时候会比较快，因为我数学底子不太好都是预习后再上课，这样好一些。最后给分和付出成正比，感谢王老师！
201078,3295,王秀云,2024-10-28 07:41:23,1,1,0,非常认真负责的老师
201158,3295,王秀云,2024-10-29 12:06:08,0,0,0,100分 好老师 很贴心 讲课一切以让学生听懂为目的 很赞
202526,3295,王秀云,2024-11-13 03:28:21,3,3,0,赞赞赞
202638,3295,王秀云,2024-11-13 13:43:28,0,0,0,概率论 好
211455,3295,王秀云,2025-01-11 13:20:29,1,1,0,概统，我的神
211477,3295,王秀云,2025-01-11 14:47:57,2,2,0,老师就是神！！！
220717,3295,王秀云,2025-06-19 09:46:10,-2,1,3,出题和复习范围不一致，上课丝毫不顾学生死活，我说够了。
221412,3295,王秀云,2025-06-23 09:16:44,4,5,1,讲课还可以，给分很好！不过随过本身难度也没有微积分线代那么大，虽然最后考试的难度还是比平时讲的灵活且计算量大一些。
221415,3295,王秀云,2025-06-23 11:55:34,2,3,1,老师很好，随机过程一共复习了五六个小时，最后94/4.8；楼下自己上课没有认真听，不要管他就行
221475,3295,王秀云,2025-06-24 03:53:01,2,3,1,外专业，老师给分很好，课程本身难度也不大，考前过一下作业笔记历年卷就差不多
134923,3431,liuzhe3,2021-04-22 13:58:57,0,0,0,为什么还有3
168100,3431,liuzhe3,2023-01-27 13:34:03,7,7,0,出现这个是为了凑齐三个代表？
178854,3431,liuzhe3,2023-07-26 04:27:59,0,0,0,3个代表
33146,3432,liuzhe2,2016-09-14 05:11:37,5,7,2,老师经常跟我们讲他的经历 他的经历就是到了上海 到了89年年初的时候 他觉得他也该离休了 他想他应该去当教授 于是他就给朱物华校长 张钟俊院长 给他们做了个报告 他们说欢迎你来 不过这个apply for professor啊 你要做一个报告 于是他就做了个能源与发展趋势的节能措施 这个报告经过好几百个教授一致通过 后来他又做了个报告 是关于微电子工业的发展 这个报告做了以后不久 过后 到了1989年5月31号 北京就把他调到北京去了
152532,5884,杨启帆,2022-04-14 06:05:13,5,10,5,杨老师在工程师学院的数学建模课，我只听得进去4个字“这个不考”。期末开卷，很舒服。
181418,5884,杨启帆,2023-10-17 09:12:08,2,4,2,呜呜呜杨老师人很好的，期末划重点，考试开卷，平时不点名没作业，数学建模课程有要求一篇大作业（就是一篇数模论文，题目随便可以从历年比赛找）
