评论id,老师id,老师姓名,发表时间,点赞减去点踩数量,点赞量,点踩量,内容
886,77,李杰,2015-03-18 10:58:49,5,11,6,挺有意识的老师，文化产业概论这堂课不错
2469,77,李杰,2015-05-04 07:10:02,2,7,5,有新鲜想法，不遗余力地鼓励学生的老师
3217,77,李杰,2015-05-21 08:13:34,5,11,6,刚开始觉得挺有新意，几堂课下来就会发现许多重复，收获没有想象那么多。另外路演的展示也存在制度缺陷，不尽完美。给分，一般吧。由于多数是大二大三学生，大一请慎重。
24999,77,李杰,2018-11-30 10:19:32,1,2,1,上课还行，以大二大三居多，按每人在项目中承担的任务份量和整体表现给分，千万不要去人多的组，大一慎选
48707,77,李杰,2017-03-10 01:47:16,-4,0,4,还行吧...
56189,77,李杰,2017-07-03 08:10:59,0,4,4,老师特别亲切，鼓励每个同学的创意想法～
56190,77,李杰,2019-02-28 05:38:22,3,6,3,老师人很好，鼓励我们的创意，也会很耐心的提建议，但给的分比我预期的要低，不知道大家都是几分？感觉自己好菜鸡
56193,77,李杰,2017-07-03 08:17:06,-3,1,4,很好的老师，会很照顾大家
104585,77,李杰,2019-03-24 11:37:42,13,13,0,战狼2战狼2\n\n海军开?我流泪了\n\n老师提前展示我也流泪了
104664,77,李杰,2019-03-26 02:08:00,5,6,1,在课上学会了唱 爸爸的草鞋
105558,77,李杰,2019-04-16 15:36:06,7,7,0,只能说专业知识或许有，但讲课真的讲的不好。偶尔流露出的关于女性的观点真的让人无法苟同。
106554,77,李杰,2019-04-28 05:42:38,10,10,0,实在无感
107415,77,李杰,2019-05-05 03:22:31,13,14,1,上课各种水，各种吹，什么都不管，我也不理解一个学期过去了他竟然还有7分。据说给分还行，但是给分也拉不回查老师评分。
108104,77,李杰,2019-05-15 02:29:35,10,10,0,不怎么样
108410,77,李杰,2019-05-23 05:17:05,10,10,0,啥都没学到
108469,77,李杰,2019-05-26 06:40:01,18,19,1,文化创意产业概论，上课干货不多，吹来吹去的东西都差不多。一个学期一半时间都在小组展示，一个调研一个创业计划书，要有所收获还是得靠自己和小组好好做。到后面来上课的人越来越少。（组号靠前的我感觉每次都第一波展示真的好仓促噢
109773,77,李杰,2019-06-19 06:25:26,9,10,1,啥都没学到
109774,77,李杰,2019-06-19 06:29:14,5,7,2,不是很喜欢老师上课的内容，因为没上内容，这学期除了战狼和老师厉害的学生们啥也没记住。作业要求也挺高的。
111747,77,李杰,2019-07-02 17:40:28,-9,4,13,老师很可爱，很善良，非常喜欢鼓励学生，真的很喜欢老师了。一学期两个大作业，几乎每周都要小组讨论，的确不算水，但认真做的话给分还是不错的。
111768,77,李杰,2019-07-02 22:01:18,-12,2,14,老师太好了，给分超好，爱老师！！
111785,77,李杰,2019-07-02 22:48:16,-17,2,19,没当组长，在组内工作也没有很突出，只是完成组长安排的几个小锅，展示环节也没有向其他组提问，小组展示也很差 评分也很低……本来已经佛了，居然给了4.5，谢谢老师！！！
111813,77,李杰,2019-07-02 23:53:55,11,13,2,老师人很好，第一节课的时候很被老师的想法打动，老师对学生也很鼓励。但后期展示为主的课程我实在是觉得收获不大，并且反感提问、小组互评作为考察的方式，像极了思政课遇到的发言恶竞和恶意互评，而且比较下来确实影响成绩。
111846,77,李杰,2019-07-03 01:02:40,8,8,0,只要做作业就好了，上课不用听\n\n
111848,77,李杰,2019-07-03 01:07:17,10,10,0,学到了鹅颈
111933,77,李杰,2019-07-03 03:33:56,15,15,0,打分不负责任，感觉很不公平
111935,77,李杰,2019-07-03 03:35:40,15,15,0,给分很不公平
117938,77,李杰,2019-10-16 08:19:24,9,9,0,他就是根本不懂现象学也根本不懂符号学但满嘴现象学和符号学?️
134196,77,李杰,2021-03-19 01:11:52,7,7,0,田野调查什么都跟你说“自己学习解决”，哦，整门课都是这样的，要求不说清楚，丢一个大任务给你，请教老师问题老师叫你自己解决 谨慎啊啊啊啊啊！
137759,77,李杰,2021-07-06 04:16:26,11,11,0,卡绩。。。
137765,77,李杰,2021-07-07 07:33:04,-24,0,24,给分好好啊！小组全员满绩！建议选
137776,77,李杰,2021-07-06 06:03:41,13,13,0,卡绩 辣鸡 形式主义 审美有问题 喜欢皮包公司 不愿多说懂得都懂 不愿再见到这种人.....
137779,77,李杰,2021-07-06 06:03:39,11,11,0,卡绩，给分不公平，不知道他啥标准，长学期的课都要累吐了，老师对我们评价也挺好，但完全跟别的小组没有区别，甚至给分更差。长学期他没怎么讲过课，一直让小组展示调研，真心劝退！
137869,77,李杰,2021-07-06 12:28:37,7,8,1,组长，干了小组里最多的活，得了组内最低分🤗好开心呀
152873,77,李杰,2022-04-21 06:06:27,7,8,1,上课什么都学不到\n\n下课累得要死\n\n会影响到整个学期所有课的学习
153739,77,李杰,2022-05-10 02:05:29,4,6,2,实在太累了，工作量像6分的课，十分影响生活。最大的收获是和组员的友谊…
156596,77,李杰,2022-06-20 11:13:15,6,6,0,上完课只记得宋韵文化…作业量太大了给分还一般般😅😅😅
156615,77,李杰,2022-06-20 11:56:58,4,4,0,这门课建议改名为宋韵文化产业概论，大家以后的作业都做宋韵好了，死命舔吧，说的越高深越好，反正老师都不懂
156620,77,李杰,2022-06-20 12:06:09,2,2,0,分数和付出完全不成比例，伤透心了
156652,77,李杰,2022-06-20 13:47:03,2,3,1,老师人我不能说很不好，感觉上课偶尔也能表达点有意义的信息，但是上课时长还挺水的，会提早下课，给分就那样，反正同专业的都一定要选这门课...看不看老师评价也还是要选，有什么办法
156720,77,李杰,2022-06-20 18:18:42,11,11,0,前面高赞的评论基本同意，不过老师已经退休了，以后大家就没有这门课了吧应该，真是替学弟学妹们高兴。还有3学分的课整的和6学分一样，事儿这么多🤗🤗🤗，还没学到什么有用的东西，全部都是宋韵文化和大饼文学，两次作业明明已经很用心了，这个分数真的不值得花这么多时间，以及最后很想吐槽一句，小组贡献度差这么多怎么可以同分，请问分工合作部分老师是不看吗，一个字，绝。（要是老师打分看不出来每个人分工任务量大小，为什么不让小组把贡献度占比给报上去）
64,121,刘于思,2015-03-14 15:35:16,34,43,9,刘有才老师绝对是老师中的极品。干货很多，作业有意义，人很逗逼却也文艺。顶！
353,121,刘于思,2015-03-15 01:20:40,8,14,6,时而段子手，人很逗比，学到了好多东西。唯一不爽的是作业太多。
828,121,刘于思,2015-03-17 15:52:27,43,50,7,别名刘有才！上过她的现代广告学的课，各种逗比视频创意广告，本人也极富搞笑天分，一人可完成高难度捧逗哏:）
1044,121,刘于思,2015-03-21 13:18:30,21,23,2,超好！！
1941,121,刘于思,2015-03-26 13:41:40,96,103,7,体贴负责有爱心 票圈定期秀恩爱 祝福有才么么大
1942,121,刘于思,2015-03-26 13:51:02,29,31,2,满堂段子齐飞 作业辅导是请你去爱享吧吃一顿 给分充满温暖 选了绝不后悔 \n\n我们爱你哟刘有才
2142,121,刘于思,2015-04-02 10:51:55,38,43,5,太爱❤️，很负责很可爱，能学到很多东西。作业很有趣很有趣，上课很开心很开心，刘有才超有才超有才。
2252,121,刘于思,2015-04-14 00:44:50,22,26,4,嘎嘎嘎嘎嘎嘎哈哈哈哈哈哈哈哈哈，下课
2453,121,刘于思,2015-05-03 18:46:59,8,11,3,有趣 希望给我个好成绩啊啊啊
2465,121,刘于思,2015-05-04 06:57:04,70,80,10,非常认真负责的青年教师，很好奇她怎么会拥有并且愿意投入那么多精力到教学上的…对比之下，某些副教授和教授真应该反思一下啦（仅指教学，科研方面不清楚）。
3063,121,刘于思,2015-05-13 10:33:56,13,15,2,讲的不错，好老师
3542,121,刘于思,2015-06-17 01:30:59,18,21,3,给分不错人也很好～很有趣儿课外还和我们交流得很棒 喜欢
4080,121,刘于思,2015-06-17 16:26:09,29,32,3,只是因为在教务网中多选了这节课，从此不能忘记她容颜~
8172,121,刘于思,2015-09-17 08:42:12,11,14,3,段子手\n\n
8945,121,刘于思,2015-10-03 16:47:07,8,10,2,很好很强大
9906,121,刘于思,2015-11-12 14:42:24,17,19,2,女神你看到我们的爱了吗？
10174,121,刘于思,2015-11-17 06:12:10,12,15,3,每次课都听，很有趣，很喜欢，每次都会放些好的广告给我们看，作业也很少。超赞的老师
10771,121,刘于思,2019-03-12 04:04:05,34,37,3,有才是我见过的最有情怀的老师，广告研究方法课程时每次早到一个半小时教数据分析，即使来的学生寥寥。段子嘴豆腐心，加上严谨的学术态度和幽默温馨的传道关怀。
11983,121,刘于思,2015-12-31 07:03:41,7,10,3,超好的老师 三分钟一个段子\n\n
12647,121,刘于思,2015-12-23 19:48:00,4,6,2,只能说棒!
12850,121,刘于思,2015-12-24 06:33:56,5,7,2,有才好棒的 感觉就是学广告的 她好逗哈哈哈哈哈哈
13231,121,刘于思,2015-12-25 09:47:57,8,10,2,这个老师学习超级好啊
13366,121,刘于思,2015-12-27 09:48:20,7,9,2,特别棒！且亲切！潮！上课会放好玩的视频！很多段子！
13828,121,刘于思,2016-01-01 02:56:55,21,23,2,为了个性学分选的课最后感觉爱上了它哈哈。有才是第一个让我敬佩的老师，虽然这学期还没有结束但是已经有些舍不得了，不管最后分数如何有才都是我们的好朋友~
14114,121,刘于思,2016-01-04 11:04:07,31,35,4,虽然我给你打了10分，但是希望你不要骄傲，要继续努力，不要辜负党和国家对你的期望。苟利学生生死以，岂因祸福避趋之。
14280,121,刘于思,2016-01-06 05:32:25,7,9,2,超级棒超级可爱的老师，很认真也很有收获，女神大赞(≧▽≦)
14514,121,刘于思,2016-01-07 10:08:26,4,8,4,萌萌哒，讲课很有趣
14515,121,刘于思,2016-01-07 10:14:06,3,5,2,挺好的 非常好哦
15167,121,刘于思,2016-01-15 14:51:33,-10,7,17,绝对的十分^_^因为宝宝满绩了～爱她一辈子（≧∇≦）
15446,121,刘于思,2016-01-14 11:53:12,12,14,2,有才~爱有才！虽然在广告上没有学到什么。但是，只有这门课期末做作业的时候才有种真正做作业的感觉~不是水水就过。如果认真做，分数超级好！！！
15471,121,刘于思,2016-01-14 14:12:45,4,6,2,老师真的很棒。随和。和学生玩得开！把学生当成朋友对待！作业认真对待成绩不会太差
15477,121,刘于思,2016-01-14 14:37:42,7,9,2,可爱的段子手！分也给得不错！课很有趣，人超级随和～上广告就选刘于思！
15496,121,刘于思,2016-01-15 00:23:49,-21,8,29,老师讲的好听！分数好，全胡扯，平时好努力，最后给了一个好烂的分，不要相信她的话，平时不水，期末完蛋！！！！
15529,121,刘于思,2016-01-15 06:11:25,4,6,2,有爱喜欢
15568,121,刘于思,2016-01-15 11:31:59,4,6,2,爽爽爽爽爽
15637,121,刘于思,2016-01-16 02:25:11,4,6,2,轻松愉悦
15757,121,刘于思,2016-01-16 08:31:31,4,5,1,有才么么哒~\(≧▽≦)/~
16469,121,刘于思,2016-01-18 07:02:57,3,4,1,棒啊棒啊
17185,121,刘于思,2016-01-20 00:27:28,-14,8,22,不喜欢 很努力地做作业 给分不好
18521,121,刘于思,2016-01-22 01:45:01,4,5,1,一枚行走在课堂的段子手，江湖人称刘有才，正致力于开发课堂弹幕系统。期末大作业前主动约谈一整个班的人，还请大家吃东西，又逗又nice。
21698,121,刘于思,2016-03-01 00:01:17,4,5,1,简直美妙，有才不火，天理难容，有才绝对是浙大最好的老师之一！！！
26097,121,刘于思,2016-06-15 16:35:47,2,2,0,认真负责的段子手，极棒
47743,121,刘于思,2017-02-22 22:12:06,-8,2,10,…本专业就是各种分析数据的，那年的现代广告学大作业就是分析数据。最后分数迷之低？？？
60460,121,刘于思,2017-10-21 07:12:45,12,13,1,一个老师的情怀和学术理念可以从她留给学生的作业中窥见 有才的作业是我真正愿意静心去学去做的 因为那里有金子可以挖 比起贵院一些 资深 老师布置的看谁会叨叨谁屁屁踢做得精美不知要好到哪里 希望能有更多像有才一样的老师呀
60897,121,刘于思,2017-11-02 01:06:10,2,3,1,有才超可爱！超超超可爱！一定要加她看她票圈哈哈哈 上课也超级认真负责，还会和每个组约饭指导作业，真的和大家打成一片！
61920,121,刘于思,2017-11-21 17:12:29,3,3,0,好棒！
62152,121,刘于思,2017-11-22 23:43:33,4,4,0,目前为止最喜欢的专业课老师，有才万岁！
62191,121,刘于思,2017-11-23 05:15:51,1,2,1,超级友好的老师啊巨可爱
62524,121,刘于思,2017-11-25 16:08:59,7,7,0,大学目前遇到的最喜欢的老师！人格魅力满分！
64226,121,刘于思,2018-01-30 06:58:35,-26,3,29,事情多 给分还行 但是肯定给混脸熟的超高分...反正迷是真的
66104,121,刘于思,2018-01-11 18:32:39,2,5,3,期末大作业是英文文献阅读理解吗
66128,121,刘于思,2018-01-12 03:47:55,3,3,0,超级可爱的小姐姐！
69180,121,刘于思,2018-01-24 09:37:42,-14,2,16,老师有才，点名，事多。
70332,121,刘于思,2018-01-26 13:00:06,-11,1,12,事多，上课看视频
70335,121,刘于思,2018-01-26 13:05:21,6,6,0,有才人特别好呀 上她的课很享受呢 平时上课课堂气氛活跃 最后的大作业也很锻炼能力呢 给分也不错滴 给有才比心心～
70345,121,刘于思,2018-01-26 13:22:37,5,5,0,我觉得超可爱的一个老师啊人很好，而且我们这年改了事情也不多而且很有趣，拍广告剧。。
70359,121,刘于思,2018-01-26 13:46:42,1,4,3,老师很有趣 最后布置的广告剧黑了老师一波 老师一点也不在意 给分也很好 大爱老师
70367,121,刘于思,2018-01-26 13:54:51,22,22,0,遗憾打不了11分哇。上课非常有趣，段子和干货兼具，非常了解学生所想，紧跟时代潮流。作业也很有新意、有想法，期末论文阅读文献的环节，虽然认真对待的话还是要费些脑筋，但这是我本学期最接近真正意义上的学习的一次。之前有评论说从作业可以窥见有才的学术情怀，我以为所言极是。其实以不点名和事情少来给老师高分我个人觉得不是那么妥当……一学期一直认真听课，作业认真完成，拿到了本学期目前最好的成绩。还有点遗憾的是一学期也没有让老师认识自己，成为好伙伴～不过作为广告专业狗，相信以后也会有机会哒～也很喜欢现广课有爱的大家
70377,121,刘于思,2018-01-26 14:14:32,3,3,0,上课挺有趣的 作业认真做给分就很好～
70425,121,刘于思,2018-01-26 15:08:37,3,3,0,爱有才
70862,121,刘于思,2018-01-27 15:56:23,13,13,0,现代广告学上课很有趣呀，老师好多梗，事情是比较多的一部广告行业剧一篇论文，尤其是论文要求看并理解英文文献还是蛮费脑子的 不过看了之后还是会有蛮多收获的。作为一个别的大类的学生真的是对广告学一无所知啊，不过最后论文用心写，把英文文献理解了，交上去的论文最后得分不低。还有有幸最后一节课坐到前排获得老师的小眷村一杯超开心啊哈哈哈哈。
74193,121,刘于思,2018-02-06 12:06:09,4,4,0,老师人超级超级奶丝！因为有才才对广告学感兴趣的 每节课都很有意思 好像也是唯一有机会和留学生多多交流的一门课 有才平时上课氛围都很轻松 但是能感觉出来对于学术是非常严谨的 是上大学以来碰到过最喜欢的老师?绩点也给的很高 爱您
74989,121,刘于思,2018-03-07 02:16:11,0,1,1,平时上课轻松 但期末作业难
75000,121,刘于思,2018-03-07 02:54:54,1,1,0,超级爱她
75088,121,刘于思,2018-03-07 10:07:31,3,3,0,段子手有才姐，期末还请全班喝奶茶，给分也好
78519,121,刘于思,2018-05-12 13:24:36,0,1,1,第二次上有才的课！第一次写研究计划！值了！
79810,121,刘于思,2018-06-14 02:34:28,-1,0,1,十根左
79913,121,刘于思,2018-06-15 06:08:59,1,1,0,认真负责还有趣
86650,121,刘于思,2018-09-18 00:24:54,7,7,0,她真的不点名，为刘有才正名
90495,121,刘于思,2018-11-23 16:02:59,4,4,0,课上课下都极其用心的老师，光是改作业的方式就足以窥见。能上这样老师的课&有这样的班主任，太幸运了。其实这一次作业展示时候对比中已觉得没有尽全力，比较遗憾，没想到给分还是比较友善。下次相遇会更努力一些，也许认真对待一门课程也是对老师（&助教）的付出的尊重吧。
90504,121,刘于思,2018-11-23 16:23:45,1,1,0,很热情
90597,121,刘于思,2018-11-24 11:04:10,4,4,0,又一门专业课结束啦!这学期又是爱有才的一学期!
93172,121,刘于思,2019-01-08 02:51:03,1,1,0,虽然她给分严格，但分数不高是我的问题不是老师的问题！听她的课真的能学到很多。
100655,121,刘于思,2019-01-26 13:47:35,1,1,0,老师很好 但我可能和她相克吧 两次成绩都很一般?
102949,121,刘于思,2019-02-25 05:55:30,2,2,0,话不多说，强势表白有才
119345,121,刘于思,2019-11-12 07:24:11,0,1,1,为有才打call，不过她老公的课事情好多哦（小声
119860,121,刘于思,2019-11-16 10:58:00,1,2,1,广告伦理，真的能学到很多东西，事情也少，好好复习能拿高分的！
119874,121,刘于思,2019-11-16 12:38:00,5,5,0,对伦理问题有了更深的体会?\n\n考前我还花很多时间复习 结果好像就是学到了很多的伦理知识？\n\n考题简洁\n\n提前透露类似的套路哦呵呵呵\n\n复习对于考试好像没什么用 。对世界或者人生有想法的可以听听广告伦理
120064,121,刘于思,2019-11-17 09:16:43,2,3,1,有才是真的有才
120702,121,刘于思,2020-01-15 12:43:52,2,2,0,有才老师太平易近人了，上课举的例子真的特别生动
126585,121,刘于思,2020-10-04 07:46:00,1,1,0,挺好的hh
130499,121,刘于思,2021-01-23 05:42:52,2,2,0,好想帮有才刷到9.9啊
136561,121,刘于思,2021-06-21 05:18:21,1,1,0,超棒啊
140806,121,刘于思,2021-09-16 08:38:35,7,7,0,刘于思的专业课×\n\n刘有才的脱口秀✓
141673,121,刘于思,2021-10-19 11:22:03,1,1,0,太喜欢有才老师的课了!不想水手机的程度。课更有意思!
142785,121,刘于思,2021-11-16 05:42:34,1,1,0,无敌好老师
143141,121,刘于思,2021-11-20 02:04:26,1,1,0,很棒的老师
145629,121,刘于思,2021-12-30 18:15:09,1,2,1,有才，多给点分吧
146206,121,刘于思,2022-01-06 00:50:35,2,2,0,wwww听有才上课就想读书
148477,121,刘于思,2022-01-12 15:24:29,2,2,0,有才，多给点分吧
148922,121,刘于思,2022-01-14 03:19:27,0,0,0,很好的老师～给分好，会给不计分的模拟考
149347,121,刘于思,2022-01-15 06:49:33,1,1,0,上课超级有趣！能学到好多东西！
149657,121,刘于思,2022-01-16 09:32:00,1,1,0,给有才打十分还需要理由？不打十分才需要！
149810,121,刘于思,2022-01-17 05:30:41,5,6,1,她有一万个灵魂，说话的只是其中一个，其余全部沉
151300,121,刘于思,2022-02-28 06:39:29,2,2,0,必须十分
154813,121,刘于思,2022-06-05 15:30:26,3,3,0,박나래 닮았어용~❤
155160,121,刘于思,2022-06-09 02:57:07,1,1,0,有才闭眼冲！（呜呜srds卡绩还是有点难受）
163344,121,刘于思,2022-12-13 09:24:12,3,3,0,有才有才，超级爱她的学术情怀和思想，虽然作业对于我来说有点难，但会觉得自己在充实与强大
165335,121,刘于思,2023-01-12 03:24:00,1,1,0,老师人真的很好，不看分数也值得上的课。能和有才好好学一下研究设计感觉对自己的启发很大。分数预期不高，但最后分数很惊喜!谢谢老师!
166310,121,刘于思,2023-01-12 02:06:41,0,0,0,有才啊，多给点分吧，球球了呜呜呜呜呜
166382,121,刘于思,2023-01-12 06:31:04,4,4,0,【社会科学研究方法】\n\n三/四次文献批注作业+研究设计开卷考\n\n老师给的研究方法的文献都很好，也做了很多研究思路的笔记，没有做模拟试题，然后也有些遗憾感觉自己没学透这门课，就是自己理不顺理论里的关系，做题的时候研究设计得其实不太清晰，如果之后有机会的话会再去认真看看老师的课，因为这门课的内容确实实用（绩点是4.2，仅供参考）
167843,121,刘于思,2023-01-19 12:05:41,1,1,0,大爱有才老师！个人感觉多读一点老师发的论文可以很快地掌握几种研究方法！学到很多，绩点也出乎意料的好～
169992,121,刘于思,2023-03-01 02:35:35,0,0,0,啊啊啊啊啊啊啊刘老师我爱您啊啊啊啊啊啊啊
170483,121,刘于思,2023-03-05 16:16:03,0,0,0,感谢有才啊啊啊啊啊，满分满分
172068,121,刘于思,2023-04-18 14:57:12,1,1,0,真的超级nice！！！大一不小心选上了社科研，完全听不懂（我自己的问题），但是最后听了刘于思老师的期末模拟的分析之后居然考试还可以。社科研一定要上刘老师的！！！
172888,121,刘于思,2023-05-09 08:36:17,1,1,0,超爱有才老师啊
174408,121,刘于思,2023-06-12 03:11:01,1,1,0,有才老师的社会科学研究方法，感觉真的学到了很多，人也很有趣，一生推嘿嘿嘿嘿
179276,121,刘于思,2023-09-06 15:54:36,4,4,0,有才！！！别走啊没有你我怎么活啊！！！
180964,121,刘于思,2023-09-29 16:29:48,3,3,0,有才，没有你我怎么在传院活啊啊啊啊啊😭 😭 😭 幸好我也要走了，马上🤓
20729,123,胡志毅,2016-01-30 10:25:08,1,2,1,成天就知道批评“现在的学生”，负能量满满
40734,123,胡志毅,2017-01-05 07:30:25,2,3,1,胡志毅老师非常有自己的见解。“我讲的东西不一定可以影响你们所有人，但只要能影响到一两个，我觉得就够了。”最后一节课上给老师打个10分。
43146,123,胡志毅,2017-01-16 01:02:34,0,2,2,老师讲课非常好，阅历很深，讲课的内容随手拈来，出口成章。平时会点几次名，最后的论文只要肯花心思，成绩不会差的。
43147,123,胡志毅,2017-01-16 01:03:33,2,5,3,很有涵养的老师吧，可是这门课本身比较小众。
49998,123,胡志毅,2017-04-28 09:27:53,0,1,1,给成绩也太差了吧
10489,127,丁苗苗,2015-11-19 06:00:01,-1,3,4,为什么没有人评价
11270,127,丁苗苗,2015-11-26 06:17:11,43,47,4,傻逼一样的老师，肯定是走后门进来的。课上的一点都没水平
11591,127,丁苗苗,2015-12-07 06:06:15,4,7,3,…………
12804,127,丁苗苗,2015-12-24 05:40:41,61,64,3,我去  这什么老师  我都不知道她怎么毕业的 ppt不会弄 上课一点儿水平都没有 不知道她在瞎bb什么鬼
12807,127,丁苗苗,2015-12-24 05:44:53,25,30,5,期末前两周布置看三本厚厚的书写书评
12816,127,丁苗苗,2015-12-24 05:52:01,36,40,4,屎一样的体验  作业布置的简直了！表达能力跟小学生可以媲美！
12822,127,丁苗苗,2015-12-24 05:56:15,13,13,0,讲话听不清 作业含糊不清
12889,127,丁苗苗,2015-12-24 07:32:53,40,42,2,听一次这老师的课就火大一次
12895,127,丁苗苗,2015-12-24 07:47:24,120,132,12,上课内容小学生日报，上课方式广场舞大妈唠嗑，思路混乱，生存技能堪忧。\n\n无计划无安排，乘她的兴而来，败我们的兴而归。
12900,127,丁苗苗,2015-12-24 07:56:00,16,17,1,不会用ppt上课，需看三本书的期末作业，无语凝噎
15133,127,丁苗苗,2016-01-12 07:13:42,17,20,3,不要选…
15140,127,丁苗苗,2016-01-12 07:55:56,22,25,3,上一次她的课就后悔一次。不要选她的课。无逻辑，无干货，靠点名和发言加分来获得在座率和发言积极性，有意义？
15145,127,丁苗苗,2017-11-19 04:54:37,-113,19,132,苗苗姐明明讲的很好啊，上课有案例有分析。是自己不认真听不能怪老师。支持苗苗女神，给了我满绩！
17688,127,丁苗苗,2016-01-20 15:45:57,15,16,1,呵呵...上课不知道在讲点什么，作业也布置不灵清。听她的课真的火大！
17742,127,丁苗苗,2016-01-20 23:32:08,10,11,1,不喜欢——上课超级无聊。慎选。
19864,127,丁苗苗,2016-01-25 12:29:03,-34,9,43,丁老师很好很可爱。这次打分也不错啊
19866,127,丁苗苗,2016-01-25 12:31:46,-30,10,40,老师很萌，不会插U盘不会用PPT，看了看她的空间日志，励志又正能量，心态很年轻，就是上课方式吧真的比较水，作业认真写就可以，给我的分还不错，没那么可怕
19868,127,丁苗苗,2016-01-25 12:33:58,-19,6,25,这次给分蛮好的啦～
20531,127,丁苗苗,2016-01-28 07:20:50,3,9,6,没上过 就是看你不爽
22229,127,丁苗苗,2016-05-04 15:17:14,-11,7,18,给分变好了，真的
23769,127,丁苗苗,2016-04-15 14:05:13,8,9,1,为什么没有0分选项 生气
46067,127,丁苗苗,2017-01-20 14:15:38,-19,4,23,新闻学基础知识嘛。。老师上课还蛮认真的。。。期中期末各一次作业。。。绩点还过得去吧。。。虽然很多东西各人说起来都各有道理。。。但我的思想大概还是不够深刻。。。
46223,127,丁苗苗,2017-01-21 03:16:29,-20,5,25,老师总的来说还是可以的吧，自己懂得挺多，认真听还是会有收获。期中期末各一次作业。给分还可以吧不算太差。最后4.2
47820,127,丁苗苗,2017-02-25 17:37:15,-23,6,29,老师很温柔很可爱，讲课也有很大进步。还请了很多大佬，让我们学到了很多知识。这次的给分也棒棒哒
48923,127,丁苗苗,2017-04-20 05:25:40,19,21,2,不能说老师是走后门进来的，不然就没印象分了知道吗！？
49523,127,丁苗苗,2017-09-15 05:27:13,12,12,0,到课率不高肯定是广电班的学生没来？？？！！
49526,127,丁苗苗,2019-06-17 13:43:08,9,11,2,什么事都是广电的背锅，怎么写评论说徐迅雷老师工作坊有讲于是课上不讲，exo me? 那没去工作坊的同学不知道评论怎么写。（丁：所以谁让你们没去咯?真是个损失。
49603,127,丁苗苗,2017-04-20 05:27:58,8,8,0,广电班的锅很大，我接了
50714,127,丁苗苗,2017-05-04 13:18:13,8,8,0,这样的老师何苦要来上课呢……
50717,127,丁苗苗,2017-05-04 13:45:39,2,2,0,反正都是广电的背锅。
50719,127,丁苗苗,2017-05-04 13:48:43,3,4,1,好气哦
50725,127,丁苗苗,2017-05-04 14:28:43,16,18,2,某新闻渣表示我他妈的成绩也很低啊
59686,127,丁苗苗,2017-09-26 08:09:32,-5,4,9,还好，水，作业认真做就可以了
59923,127,丁苗苗,2017-09-28 07:58:57,-15,3,18,很可爱的老师
61087,127,丁苗苗,2017-11-08 08:37:20,24,28,4,私以为豆瓣，知乎不是学术性网站……
61271,127,丁苗苗,2017-11-13 07:30:27,12,13,1,上她的课会有种无名火 气死了
62698,127,丁苗苗,2017-11-26 12:38:16,7,8,1,神tm的考试题，犄角旮旯细枝末节，考一个重点算我输，考前划重点是为了自己打脸
62703,127,丁苗苗,2017-11-26 13:01:22,8,10,2,究竟谁是犹太人！！?？?外星史的辨析题也是醉了，题目奇葩分值还高！！！
62962,127,丁苗苗,2017-11-27 13:00:37,4,6,2,首先这个人真的是拎不清。。。一件事情搞来搞去讲不明白，PPT字都对不齐，划考试范围完全就是shi  总之很迷，很尬
64660,127,丁苗苗,2017-12-26 06:11:27,3,5,2,狗屎一样，一直在批判中国什么的，ppt做的连小学生都不如
65266,127,丁苗苗,2018-01-02 07:02:05,2,5,3,听了老师的课我想自杀
65809,127,丁苗苗,2018-01-09 08:39:15,1,5,4,偶尔点名 不过分   看得出来老师针对以前同学提出的问题都有改进 作业变成一篇影评很良心 老师也想努力讲好 虽然可能存在不足 但老师人不差 认真听还是能学到东西的  还没考试 不知道绩点怎么样 不过相信背好知识点 分不会很差的
67978,127,丁苗苗,2018-01-22 12:11:33,3,4,1,考试重点是个谜\n\n
71446,127,丁苗苗,2018-01-28 12:51:33,4,8,4,为什么没有0分？兄弟姐妹们顶我上去
72628,127,丁苗苗,2018-01-30 14:21:32,1,3,2,影评真的有认真写啊，也有认真复习。但是给分作为传媒大类课真的很一般了啊！付出和收获不太成正比吧
72638,127,丁苗苗,2018-01-30 15:02:36,0,3,3,差 不好
72690,127,丁苗苗,2018-01-31 15:59:21,-17,6,23,记忆犹新的几节课:中国新闻史上最成功的典型人物；让人啼笑皆非的虚假新闻；对新闻能否摆拍演练进行讨论……不管是不是新闻专业的同学，这节课都能使我们对当今的新闻媒体产生初步却又重要的入门认识，提高自己辨别是非的能力，从新闻了解国情政治，实在是重要又有趣的体验。苗苗老师是很认真的，也很体谅留学生和非传媒专业的同学，带病上课让人很感动。希望大家选上课了就认真听，一定能有所收获。也希望尊重老师的辛勤劳动和教学成果，做出更客观的评价。谢谢！
72865,127,丁苗苗,2018-01-31 08:18:12,-6,0,6,…………
75706,127,丁苗苗,2018-03-15 08:49:35,10,12,2,真的坑\n\n传媒专业的想学知识的不要选 讲得非常混乱 毫无逻辑 整理知识点的时候ppt本身就乱 还飞一样的放一遍说复习完了\n\n外专业的更不要选！进来第一节课就说你们外专业的干嘛选这门课 是不是觉得我绩点很高想刷分\n\n我是以后想转传媒 大一先选了新文学基础知识课 每次点名都到 所有论文和传媒同学交流对比都觉得我写的很认真 期末考试基本整个考场都提早半到一小时走 论述题写一两段就走 我是写满两张纸的 当时巡考老师也非常赞许 这位考试时有意地不停在外专业学生旁边转来转去 好像会作弊一样 绩点一出外专业的集体压分 是真的压分 根本不知道是怎么打的分 真的别选！
75931,127,丁苗苗,2018-03-22 05:58:50,4,5,1,私以为可与隔壁系lxx老师媲美。傻逼才会跟她解释新概念，我就是那个傻逼。啊。\n\n
76878,127,丁苗苗,2018-04-25 07:33:03,5,7,2,不知所云 教学质量差 浪费时间
78042,127,丁苗苗,2018-05-09 06:11:06,9,12,3,浙大最废老师，听她的课就是浪费时间浪费生命，不过当成小品听还是挺好的，每节课都会被她的辣鸡上课水平所逗笑，这估计是她还能在浙大教书的唯一理由了吧
78059,127,丁苗苗,2018-05-09 07:36:19,11,14,3,我不知道这个老师什么毛病一直不让人拍ppt？？？
78166,127,丁苗苗,2018-07-12 15:17:21,14,19,5,上课毫无逻辑，ppt不让拍只让抄，最后还好闭卷考新闻史，考点也讲不明白，还要做展示。补课让大家自己组织，你不会搞个投票吗，最后还现在晚课时间，有的小组来不了，没有展示ppt还要扣分，综上，有失传院老师的水准和风度
79680,127,丁苗苗,2018-06-12 15:12:10,4,5,1,不学无术，不知所云。
80117,127,丁苗苗,2018-06-20 07:01:12,8,9,1,老师的课是真的无聊……
80423,127,丁苗苗,2018-06-26 10:35:30,8,11,3,画重点等于没画
80484,127,丁苗苗,2018-06-27 03:56:38,9,13,4,中外新闻史，上了一个学期的鬼课，辣鸡的要死的ppt还不让拍，没书没讲义没资料，考试前一天说这些这些我都要考的，但是我来不及讲了，你们回去自己找资料，你上不来课就别上啊，找找找，找你妈妈的坟吗？
84322,127,丁苗苗,2018-07-12 14:37:42,14,18,4,我想请问我所有的大题全部背出来了，写了满满两大页。选择题错了一题，辨析题错了一题，请问最后怎么给分给到四以下的？？？所有专业课里面最恶心给分也最差的老师，上课不知道在讲写什么老太婆念经，ppt全部是部分摘抄别人论文以及中外新闻史书，还不许人拍ppt，学生跟你有仇你要这样搞学生吗
84329,127,丁苗苗,2018-07-12 14:54:34,9,14,5,中外新闻史。没有教材不给ppt还不让拍ppt。考评是小组作业的展示+期末个人考试。上课随意，考评也说得模糊，最初没说要展示的后来突然说要展示，最后也不知道两部分是各占百分之几。上课没什么用，可以干自己的事情。考前划重点有点用，但也有没说到的。最后一节课期末考，周末一圈看手机的，老师坐在前面不知道干啥没怎么管，貌似没发现。提醒楼上有意见可以跟老师说可以写校长信箱，在这里发牢骚没有任何用处，以及绩点下四就不能接受了吗
84331,127,丁苗苗,2018-07-12 17:02:45,11,13,2,老师就像是不在现代的人一样\n\n不知道投票决定晚课时间，考试超多人抄手机不理会，PPT不让拍照并且极其难看累赘，最后一节课来不及讲对大家说看书去吧我会考的\n\n\n\n我一个非新闻专业的人是因为喜欢才选的这门课，但求知的心第一节课就被老师的逻辑打败了。
84332,127,丁苗苗,2018-07-12 14:58:08,7,9,2,上了新闻学基础知识和中外新闻史，给分特别差！上课特别差！完全没有逻辑地讲，然后最后就是赶进度，考试也没有标准，专业课给分这么差真的好吗？
84333,127,丁苗苗,2018-07-12 14:59:59,5,7,2,motherfu**er\n\n考试前超认真的背了三天，考试基本应该全写出来了，但是我你告诉我为什么我同组的人比我高10分
84337,127,丁苗苗,2018-07-12 15:02:43,5,7,2,恕我直言辣鸡
84338,127,丁苗苗,2018-07-12 15:03:18,13,16,3,看到绩点就哭了，明明上课很认真，笔记也记得很认真，然后为了考试还专门去图书馆借了中国新闻史和外国新闻史两大本厚厚的教材来复习，结果分这么低。史上最低的绩点来源于此。上课不知所云，讲的还贼慢，没有逻辑，还不让拍照记笔记......说是太紧张了......呕......
84342,127,丁苗苗,2018-07-12 15:09:07,7,10,3,考试时候查手机的那么多，老师就在第一排坐着………完全不知道她的评分标准，最后的分数也让人很失望，真的付出与回报不成正比
84352,127,丁苗苗,2018-07-12 15:28:37,13,17,4,首先 真的很想负分 第二 不要让学生为你的智障负责 第三 我真的不懂你的关系是得多硬才能考上博士来浙大的
84357,127,丁苗苗,2018-07-12 15:39:25,6,10,4,上得像没上一样。不，GPA可不像没上过这课一样。
84365,127,丁苗苗,2018-07-12 15:53:37,5,9,4,挂了，自己的原因。\n\n但是老师真的不擅长讲课\n\n慎选。\n\n真是苦了我辛辛苦苦做的ppt
84456,127,丁苗苗,2018-07-13 02:01:37,-26,11,37,评论区戾气好重啊，我觉得老师其实还蛮可爱啊...这样群起而攻之真的好吗。没有必要那么纠结成绩吧，是自己的问题就裨补阙漏，不是自己的问题更没什么好耿耿于怀。还是想给苗苗比心，希望她可以坚持原则，保持初心。
84548,127,丁苗苗,2018-07-13 07:09:58,2,7,5,给分很迷，我和我室友基本同等努力，做的事情也都一样，然后一个将近满绩一个下四...我觉得这个课程真的看运气拿分，而且正常情况下运气不会好( ´∵｀)
84562,127,丁苗苗,2018-07-13 07:36:13,6,8,2,感觉努力真的都白费了。讲课水准差，不懂dmm这样迷的人是怎么博士毕业进浙大的，一个微笑?️
84604,127,丁苗苗,2018-07-13 09:34:14,1,9,8,说基本上一样努力的那位 只能证明你比对方弱吧 考试考多少就是多少 老师会故意给你低一点还是咋滴
84955,127,丁苗苗,2018-07-14 14:26:14,-4,7,11,给学弟学妹一个建议，考试能查手机就查吧
85288,127,丁苗苗,2018-07-16 22:58:39,-4,1,5,拜拜了您嘞(*｀へ´*)
85646,127,丁苗苗,2018-07-24 03:08:29,5,8,3,期末考核自己组织小测？占比百分之七十？监考全程做最前面不回头看一眼？全场那么多作弊熟视无睹？不用学了 反正小测作弊就好
85647,127,丁苗苗,2018-07-24 03:12:56,9,14,5,丁-真-浙江大学最优秀-传院给分最好-苗苗老师? ? ?
89772,127,丁苗苗,2018-11-20 18:29:18,-7,2,9,为什么没有负的？司? 老师
90941,127,丁苗苗,2018-11-28 01:20:19,1,5,4,上课越听越火大，忍不住过来评论一下。\n\n很少见到逻辑思维如此混乱的老师。学术能力方面我没资格评价，但是作为一个学生，我认为她是真的不适合当老师：）
91088,127,丁苗苗,2018-11-29 23:57:11,-3,11,14,给苗苗老师点赞?真的是为数不多的用心的老师，而且给分很好，圈粉了～下学期还去蹭课
91089,127,丁苗苗,2018-11-30 00:00:28,42,55,13,真的不懂为什么大家都骂，苗苗人美心善，讲课又好，对学生也很耐心，给分也不差啊，为什么自己不努力就怪老师（五毛一条，括号记得删除）
91338,127,丁苗苗,2018-12-06 06:14:19,-5,17,22,我们寝室全满绩了，苗苗姐人那么好真不懂你们在骂啥，自己不认真不努力怪老师？
92450,127,丁苗苗,2018-12-29 04:19:48,-4,3,7,最近的几条都是假的吧……
92477,127,丁苗苗,2019-01-15 00:12:11,-12,3,15,有良知的新闻人
92987,127,丁苗苗,2019-01-06 15:25:20,4,5,1,听她的课我想自杀
100563,127,丁苗苗,2019-01-26 09:58:33,17,17,0,这分给的，干嘛这么跟学生过不去？
100905,127,丁苗苗,2019-01-27 05:44:04,3,3,0,笑着说爱让人疯狂 哭着说爱让人紧张 忘不了那个人就投降
101078,127,丁苗苗,2019-01-27 12:17:30,2,2,0,打扰了
101095,127,丁苗苗,2019-01-27 13:01:13,-7,0,7,新闻学基础知识。老师的教学水平可能不高，但好好完成期中作业好好准备期末考试，绩点不会差。
101465,127,丁苗苗,2019-01-28 09:00:02,3,6,3,성적 잘준다고 po구라wer치는 갈비쥐 재활용 안되는 쒯임.공부 열심히 해서 시험보면 당신이 무엇을 상상하든 그 이하의 점수를 줄꺼임
101536,127,丁苗苗,2019-01-28 11:30:29,2,4,2,先占坑，等下学期上完苗苗的最后一门课新闻评论再来骂
103470,127,丁苗苗,2019-02-28 09:37:31,4,4,0,传媒学生黑名单老师之一吧
105328,127,丁苗苗,2019-04-10 03:33:22,2,3,1,蠢而坏
106250,127,丁苗苗,2019-04-26 02:48:30,1,3,2,其实苗苗老师人特别好真的，上课其实也很努力，反正人特别好
108853,127,丁苗苗,2019-06-03 07:41:28,2,2,0,……怎么还不下课
109213,127,丁苗苗,2019-06-12 03:19:56,0,1,1,反正上她的课不听还好 听了就火大 毫无逻辑
109236,127,丁苗苗,2019-06-12 06:40:05,2,2,0,其实老师想传达给我们的东西真的是不错，只是我们需要用心体会。
113174,127,丁苗苗,2019-07-06 01:04:54,4,6,2,自古以来不变的道理，只要你认真听，认真考，给分就会不错，苗苗也是
113233,127,丁苗苗,2019-07-06 02:23:17,1,2,1,老师人挺好的，没想到中外新闻史给分很惊喜。我是第一次上苗苗的课，感觉苗苗还挺和蔼的~
115551,127,丁苗苗,2019-08-03 03:48:51,2,2,0,废物老师
119739,127,丁苗苗,2019-11-15 05:42:18,1,1,0,讲的不怎样
119740,127,丁苗苗,2019-11-15 05:46:05,8,8,0,第二节课 太糟糕了 能不选千万别选啊！！新闻大亨 新闻大王，我看她就是个新闻大sb
121804,127,丁苗苗,2020-01-22 03:05:12,-5,1,6,老师人不错，正常学正常考，绩点不会太低。就是平时上课干货有点少，思维有些发散
122931,127,丁苗苗,2020-04-22 02:41:18,5,5,0,第一节课就震惊到我了，讲课真的没有逻辑，思维很混乱。
124149,127,丁苗苗,2020-06-25 14:27:46,3,3,0,绝了， 让我们自己找外国新闻史的网课来看，那您这门课为什么还要叫中外新闻史呢
124605,127,丁苗苗,2020-07-03 13:55:50,2,2,0,没有0分所以给1分
126094,127,丁苗苗,2020-09-17 10:45:45,2,2,0,一学期不知道学了啥，自己找网课做PPT，讲课没逻辑实在听不进去，要求还高，法克
132408,127,丁苗苗,2021-02-01 10:33:42,3,3,0,真垃圾
135368,127,丁苗苗,2021-05-08 14:36:22,1,2,1,呵呵呵
136693,127,丁苗苗,2021-06-23 06:10:09,3,3,0,令人无语
136712,127,丁苗苗,2021-06-23 09:01:44,4,4,0,为什么没有0分
138690,127,丁苗苗,2021-07-10 11:09:21,5,5,0,没有零分 可恶！
138798,127,丁苗苗,2021-07-11 02:02:12,7,7,0,上课确实没有逻辑，PPT乱点，讲课内容大致和她推荐的教材相符，自己看教材能比听她上课收获更多。\n\n至于成绩，期中一次笔记检查和期末考试。个人来讲，期末开卷带了自己整理的笔记（半本A4）和画了重点的教材，但是考的远不如没买教材光靠百度的同学（问过成绩确认过的）。\n\n不建议外专业的人选，本专业的人可以自己多看教材吸收知识；我的成绩让我爆哭了一晚上因为觉得付出和收获太不对等而去考试作弊也不管太不公平，但是衷心希望后面选课的大家能有一个好成绩！
140939,127,丁苗苗,2021-09-18 03:34:05,7,7,0,苦了新闻学子
153299,127,丁苗苗,2022-04-28 08:12:16,-3,1,4,挺好.
153361,127,丁苗苗,2022-04-28 12:46:10,9,9,0,倒贴我二百四都不会去，要不是专业必修课只有她一个人开，谁去啊
154430,127,丁苗苗,2022-06-01 09:01:27,5,5,0,一言难尽
155075,127,丁苗苗,2022-06-08 05:34:13,17,17,0,真的无语，快点跑吧。考试周前两天布置大作业，出考卷，还高考给的灵感，你搞笑吧，真的 无语 无语 无语，离大谱。终于理解为什么评分这么低了，就是这么低，谢谢
155076,127,丁苗苗,2022-06-08 05:35:30,8,9,1,没有心
155084,127,丁苗苗,2022-06-08 06:21:57,16,16,0,不知道为什么这样一门关键的课程会让丁苗苗来上。上课PPT乱跳、毫无逻辑。鼓励大家内卷“有些组作业三十多个参考文献，有些组才十几个”，问题是您自己上课也没啥干货。最后一节课还布置作业，据说是“从高考中得到灵感”，让我们出试卷。中外新闻史一共十六节课，外国新闻史只上了四五节课。。。
155100,127,丁苗苗,2022-06-08 09:13:21,12,12,0,我进浙大以来遇到的最垃圾的老师，大家能跑多远就跑多远。\n\n1.上课逻辑混乱，说话支支吾吾，一点不连贯。ppt就白色背景上几个大字，小学生做的ppt都比她好。\n\n2.作业布置要求杂乱无章，听了让人云里雾里。而且，明里暗里鼓励内卷。个人感觉她给分全看你作业字数多少，内容什么都不重要。\n\n3.喜欢突击布置作业。之前是突然检查笔记，现在是在考试周（重点）要求我们出一张试卷（？？？）。还说“像玩一样”，呵呵。\n\n噢，我们的课是中外新闻史，但她上课几乎只上了中国的，所以要求我们在设置试卷的时候也要合理安排中外的占比，我寻思这不是你的锅吗？\n\n上了这么久的课，我完全没学到什么有用的知识，不如去看纪录片。\n\n浙大的副教授、武大的新闻学博士就这？
155101,127,丁苗苗,2022-06-08 09:19:44,7,7,0,无语…
155110,127,丁苗苗,2022-06-08 10:50:15,7,7,0,一点都不为学生考虑
155165,127,丁苗苗,2022-06-09 03:40:10,16,16,0,纯纯纱布，考评不清楚，给分巨低，还鼓励内卷。\n\n上课逻辑混乱。考逝粥前最后一节课布置大作业，还说高考给的灵感，高考知道都得骂死她。让大家交却又说自由作业，非强制，NTM字里行间都说的是必须要交，嘴上说不算分，我信你个der。\n\n小组写篇报告还被打回来n次，问问题说不到重点，事情居多。\n\n想一出是一出，这种人怎么能来浙大教书的啊？？这他妈不是纯纯误人子弟？？\n\n妈的，直接被骂上朵朵十大，估计也就她有这排面了。\n\n我谢谢她，让我认识到物种多样性，就这她查老师还有两分，真就给她脸了。\n\n要不是专业课就她开，狗都不选。遇见这么个老师真是倒了八辈子血霉。
155799,127,丁苗苗,2022-06-16 05:00:50,3,3,0,...
157662,127,丁苗苗,2022-06-24 09:09:02,3,3,0,啥都不好
157916,127,丁苗苗,2022-06-25 13:51:47,7,7,0,不多说了，喝喝😅😋
160009,127,丁苗苗,2022-09-11 13:16:30,6,6,0,王牌教师
163981,127,丁苗苗,2022-12-17 04:52:48,4,4,0,。。。
170000,127,丁苗苗,2023-03-01 03:25:15,0,7,7,绝世好课，不知道为什么这么多差评？是不是刷的？
170001,127,丁苗苗,2023-03-01 03:03:30,1,2,1,哎？最低分怎么只能给1啊？建议系统加一个0分或者负分。感觉1给多了
170006,127,丁苗苗,2023-03-01 03:25:12,6,10,4,苗苗和蔼可亲，活泼好动，非常和蔼，ppt简洁明了，大家不要误会她呀🥺
170007,127,丁苗苗,2023-03-01 03:27:54,2,2,0,别太荒谬
170009,127,丁苗苗,2023-03-01 03:28:32,3,4,1,没有严苛标准（实则标准动态变化），任务形式多样（生产队的驴也不敢这么肝），跟着老师真的能从理论（吐槽技术）到实践（退课手速）都能学到好多，爱（唉了）了爱了，
170012,127,丁苗苗,2023-03-01 03:35:36,1,4,3,苗苗老师绝世好老师，中外新闻事业绝世好课
170482,127,丁苗苗,2023-03-05 14:19:10,1,3,2,第一节课挨个问在座各位同学的本科出身，不知这样的做法对她的后续授课有何正面促进作用，但可以肯定的是这能够再次泛起某些群体的优越感。
170792,127,丁苗苗,2023-03-10 01:09:31,1,3,2,真什么书杯都能来zju教书，可怜广大新闻学子。
170794,127,丁苗苗,2023-03-10 01:22:48,4,5,1,上课一顿胡讲，没有逻辑，仍然不会做ppt，点名，事多
172310,127,丁苗苗,2023-04-25 01:45:11,7,8,1,扯淡式上课，想到哪讲到哪，没有ppt，作业多，想一出是一出。适合当幼师，不是大学老师。
172676,127,丁苗苗,2023-05-04 06:06:16,-6,3,9,会点名，给分挺好的
173123,127,丁苗苗,2023-05-14 03:05:58,5,7,2,就是说 只能靠点名留住学生了…上课讲话逻辑混乱一惊一乍真的很聒噪….
174716,127,丁苗苗,2023-06-16 07:16:34,11,11,0,花报鬼报敲金报，满脑子taofen精神，我们出题就是一场游戏，老师自己爽，学生两行泪
174719,127,丁苗苗,2023-06-16 07:22:48,6,6,0,只能说说话说不明白，讲事情讲了半天好像讲了很多，细想不知道讲了什么，但自以为已经讲的很清楚了。期末出卷子说出得很轻松，出着玩的，学生写的要死要活，感觉出卷的时候根本没想过学生要怎么写。自以为出得少，但全是解答题，写了四大面A4纸，mm老师期待的是两个半小时写完，实际时间加倍吧hhhhhh
174780,127,丁苗苗,2023-06-18 16:21:06,17,17,0,感觉她的课是懒懒的随心所欲的糊弄的不知所云的，就和我的人生一样。
176892,127,丁苗苗,2023-06-30 14:43:24,15,16,1,首先，为什么没有零分？\n\n其次，受累不讨好，啥年代了交作业还非要手写。付出回报不成正比。\n\n第三，老师点不点名取决于这节课来了多少人。\n\n第四，老师讲课丝毫没有条理，恕我直言，我不能明白您的鬼逻辑。\n\n最后，花报鬼报敲金报，绩杀是你dmm
176897,127,丁苗苗,2023-06-30 15:10:25,3,4,1,还行，上课有点混乱，认真了没有给很低分，知足了
176999,127,丁苗苗,2023-07-01 04:08:51,6,12,6,作业很痛苦 但感觉更多看态度认真做给分挺不错的
180962,127,丁苗苗,2023-09-29 16:23:19,6,6,0,本来上dmm课的时候，觉得mm只是有些蠢，现在看来，不仅蠢，还坏🤓
189818,127,丁苗苗,2024-01-30 07:01:57,-22,2,24,事情不算多，老师很可爱，最后96满了
190322,127,丁苗苗,2024-02-28 03:00:08,8,8,0,姐们儿。你真不适合教书
190597,127,丁苗苗,2024-03-11 06:20:29,3,3,0,有的课只是无聊，而dmm是纯粹恶心
191522,127,丁苗苗,2024-04-24 07:32:48,0,0,0,什么都讲不清楚…
191853,127,丁苗苗,2024-05-02 05:19:16,0,0,0,授课水平一样烂，但这学期给分还行
191881,127,丁苗苗,2024-05-03 09:53:34,20,21,1,大四快结束了，提醒新闻学专业的诸位：\n\n不要急着诋毁苗苗，在她之后的家伙远比她凶险得多。
192202,127,丁苗苗,2024-05-11 12:08:30,7,8,1,老师人还可以，关心学生\n\n但新闻史绝对是传院知识密度最低的课\n\n方汉奇书上半小时就能看完的东西她得讲上三节课
193647,127,丁苗苗,2024-06-14 10:53:54,8,9,1,美女老师的课谁不想上？\n\n给分好，人美心善，i了i了。\n\n学弟学妹快冲！！！
193713,127,丁苗苗,2024-06-16 03:51:39,4,4,0,我真的恨死他了
195966,127,丁苗苗,2024-07-01 03:00:06,5,6,1,毕业了来留一句\n\n年少不知苗苗好\n\n后面有的是更离谱的
196854,127,丁苗苗,2024-07-05 13:20:38,-19,0,19,对于这种史类的课程，说实在的，老师讲什么重要吗？你得自己学啊!\n\n那么老师讲什么重要吗？老师上课有没有意思比较重要吧。老师能不能看见学生比较重要吧。\n\n丁老师上课形式上玩得还是颇有意思的。对学生也挺不错的。虽然考了两次期末考，但是考的内容很有意思啊！不死板，很灵活啊!背诵的东西背来背去也就那样吧。考点新奇的不好吗!\n\n已经九十多分安全下车，上课活跃点，平时自己学一下，问题不大。
196986,127,丁苗苗,2024-07-06 09:31:57,3,3,0,一门没有评分标准的课...
197386,127,丁苗苗,2024-07-12 05:05:19,11,11,0,合理怀疑安全下车的那位是苗苗丁的反串
219704,127,丁苗苗,2025-06-04 10:19:43,1,1,0,怎么说呢…我其实挺佩服苗苗丁这个人的…在这个人类高度结构化、同质化、工具化的时代，她是怎么做到如此野生如此随心所欲如此不可捉摸的。。。\n我有讲过用ai做了她三道小测题一道也没做对的事吗？说不定几百年后她就是ai奴役的人类社会中剩下的最后一个异种哈😄
221326,127,丁苗苗,2025-06-23 15:22:07,0,0,0,其实上了人类传播史之后…感觉苗苗真的还挺好的…至少这学期的中外新闻史还不错，事情蛮少的，给分也超出了预期
3893,136,王玲玲,2015-06-17 07:37:00,9,14,5,垃圾老师，大作业是同学小组内小组间互评，分数根本乱给
9766,136,王玲玲,2015-11-08 12:56:32,8,9,1,考试别人都让翻题库，就你不让！
9767,136,王玲玲,2015-11-08 12:57:48,5,5,0,垃圾\n\n
9829,136,王玲玲,2015-11-10 10:22:24,5,5,0,点名狂魔
9830,136,王玲玲,2015-11-10 10:28:30,17,18,1,卑鄙，真的卑鄙！
9878,136,王玲玲,2015-11-11 13:07:49,4,4,0,不让翻题库，心累。。\n\n
12831,136,王玲玲,2015-12-24 06:11:02,0,2,2,辣鸡！
13940,136,王玲玲,2016-01-02 14:57:39,4,4,0,怎么不是1了
28235,136,王玲玲,2016-06-28 08:19:10,3,3,0,给一分是因为没零分可给
28319,136,王玲玲,2016-06-28 08:32:25,2,2,0,？？？全程念ppt 分数也蛮低。。
28981,136,王玲玲,2016-06-29 05:06:30,1,1,0,渣渣老师 毁我行测 有点办法千万别选她！！！
29077,136,王玲玲,2016-06-29 08:11:39,0,0,0,不清楚
41074,136,王玲玲,2017-01-09 05:13:07,0,0,0,还行吧，没这么事\n\n\n\n
5638,200,郑西帆,2015-07-09 02:02:13,31,41,10,最后的成绩一定会让你很蛋疼
6183,200,郑西帆,2015-07-11 15:59:33,21,27,6,上课水…给分低…建议能不选就不选…
19768,200,郑西帆,2016-01-25 08:59:44,11,15,4,上课水的要死根本没有讲什么有用的，给分局坑
19775,200,郑西帆,2016-01-25 09:05:31,9,13,4,给分太坑了 打死我都想不到会在这课上挂啊
20081,200,郑西帆,2016-01-26 05:01:04,-2,3,5,论文任务大 偶尔点名 上课内容一般 脾气一般
33327,200,郑西帆,2016-09-18 07:55:05,9,11,2,煞笔老师，选了社会调查，私戳各种不回，要求各种不清楚，到放假最后才说。
33517,200,郑西帆,2016-09-20 02:07:49,8,8,0,当了两年班主任，见了三次面。
33921,200,郑西帆,2018-09-11 08:42:14,3,6,3,春学期的课小组作业三个，有文字有展示有视频，而且是不同的主题。个人作业一个，写一篇节目策划书，看范文是要写七八千字了。上课毫无水平，自己眼高手低，对学生要求倒挺多。可怜他是我们班主任，我们这些驴学生也怼不了这位大巴郑老师。
34166,200,郑西帆,2017-10-19 07:46:18,3,5,2,不知道他在讲什么... 内容空洞，很水，感觉没啥文化内涵
36333,200,郑西帆,2016-11-12 02:51:24,3,4,1,上课感觉没什么系统的理论知识，很水，讲课挺像王自健的。
39806,200,郑西帆,2016-12-28 00:17:13,2,4,2,讲课超级水 不知道在讲什么 能力挺差的 脾气不小
39830,200,郑西帆,2016-12-28 02:34:32,-3,7,10,我觉得老师挺好的，风格不同喜欢学术 讲的也不错
40004,200,郑西帆,2016-12-28 14:09:57,1,3,2,\n\n在群里问作业要求会回复，作业要求有时发了不只一遍。\n\n会发课程PPT\n\n上课这么久，临近期末才点了一次名。\n\n到课率很低，我上大传课上很多留学生没来。\n\n我感觉讲得确实不吸引人【我没听哈哈哈】\n\n感觉老师人还好。\n\n
45928,200,郑西帆,2017-01-20 09:19:56,2,4,2,均绩好低啊\n\n
47597,200,郑西帆,2017-02-05 12:32:33,-2,4,6,老师挺好的
49198,200,郑西帆,2017-03-30 11:14:04,1,2,1,………
50728,200,郑西帆,2017-05-04 14:55:38,1,2,1,上这门课 绝对是surprise\n\n
73028,200,郑西帆,2018-01-31 16:17:44,0,4,4,老师很负责，上课内容可能会有些枯燥，但就是比较学术的内容，仔细听会有所收获的。考核方式就是写论文，论文认真写，没有问题哒～～
73098,200,郑西帆,2018-02-01 02:02:21,6,13,7,一直看查老师说绩杀，写每一篇文章的时候都在怂。出分以后觉得自己和周围一些同学给分都还挺好的，挺“传院”的。当然，要是不交作业或者抄袭，那绩点是会很窒息。说说上课吧，确实有些枯燥，但真的是有干货的。我也较认同老师是学术风格的。
73105,200,郑西帆,2018-02-01 02:23:40,4,8,4,选的大众传播通论，内容还可以，因为自己还感兴趣所以会认真听，老师上课其实也很努力。有三个大作业，只要自己认真写，不要抄袭，成绩还是不错的。我们班很多留学生，经常不来上课，点名的时候不在基本就gg了。千万不要抄袭，后果很严重。
73151,200,郑西帆,2018-02-01 04:39:16,3,6,3,什么都学不到，极少点名，点名对成绩影响不大。好好写论文千万不要抄，从出成绩的速度来看，老师对论文的检查很严格，抄袭分数会很惨。本学期3.9
73862,200,郑西帆,2018-02-03 09:20:51,2,4,2,老师教学水平低 上课毫无干货 不花时间在提高课件讲义上  唯一点耐心都用在用搜索引擎查论文上了吧。。。
79654,200,郑西帆,2018-06-12 10:27:04,5,10,5,我jio得海星，选的大众传播通论，绩点4.5，可以说不算是一门会拉低大佬们均绩的绩点，老师第一节课就说如果人特别少或者有人听课会点名，三个论文，大概总共八千到一万字吧，去年红黄蓝的时候跟我第一篇论文题材相符，就脱了一段时间，最后三篇一起交也可以。读后感观后感和大论文，不能抄袭不能抄袭不能抄袭！一篇论文三分之二一定要是自己写的，不然会判抄袭，老师挺好，个人挺喜欢，而且因为论文对留学生同学不是很友好，可是留学生也多，所以对于国内的同学们来说，4.0+应该不难
87014,200,郑西帆,2018-09-20 02:59:21,2,6,4,我就不能相信他是浙大的教授
93286,200,郑西帆,2019-01-09 00:20:50,3,6,3,老师人很好的呀，虽然没拿到成绩，但讲课其实很有意思的，也从来不拖课，都是提前下课
96954,200,郑西帆,2019-01-21 13:21:26,3,5,2,10号收的论文，现在还没出分，求您给个痛快
101461,200,郑西帆,2019-01-28 08:54:31,1,4,3,ㅈ같음 10鸟끼임 듣지마3 성적 ㄹㅇ 주옥같이 줌 숙제는 양심이 없게 많음
101481,200,郑西帆,2019-01-28 09:35:43,0,2,2,太sb了 为什么会有这种老师
109387,200,郑西帆,2019-06-13 15:33:16,1,1,0,非常针对留学生。。。。。直接挂科了wtf
121128,200,郑西帆,2020-01-19 19:42:57,0,2,2,大众传播通论课上有很多留学生，所以相对而言会竞争小一点的样子。论文好好写不要抄袭老师给分还是不错的。可能上课会无聊一点。
133136,200,郑西帆,2021-02-09 17:17:47,0,0,0,深夜出分，老师出分好慢。\n\n大众传播通论，课程内容其实是挺多的，ppt上可以看出来，但老师本身比较学术所以显得比较枯燥，课上很多人在游离…那自然学不到东西。因为考虑线上的留学生，这学期的考核是一篇读书报告和一篇期末论文。\n\n花了比较长的时间去写作业，上课也有认真听讲笔记，但分数依然没有隔壁班高，害……但总体还行吧，可选
133138,200,郑西帆,2021-02-10 04:37:35,0,1,1,大众传播通论上课对大部分人来说可能会有点枯燥有点水，认真听当做学习传播学史还是可以的。对抄袭零容忍，会因此比较针对留学生，会很认真查重，所以出分很慢。不要抄袭，认真写作业，选题注意点，也没有想象中绩杀，给分挺好的。
133383,200,郑西帆,2021-02-26 11:32:59,2,2,0,平时事挺少，就一篇期中读书报告和期末论文，会认真查重是真的，但只要不抄袭，给分还是挺好的。但上课确实偏学术，比较枯燥无聊，大多数都在划水…
136124,200,郑西帆,2021-06-11 05:42:12,2,5,3,老师人很好的，讲课是学术类型，比较催眠，但是他自己也说了主要是一些留学生作业抄袭才会给他们打低分，认真对待的话分不会低的
136155,200,郑西帆,2021-06-11 11:47:52,2,3,1,其实这个老师还行\n\n上课确实比较催眠，但是给分也没有这么低，只要不抄袭。\n\n上学期大众传播通论在我论文写得稀烂的情况下，4.5
136428,200,郑西帆,2021-06-18 01:53:49,0,0,0,挺好的，其实，虽然课听起来没啥价值，但是事情少。他的雷点是抄袭坚决不能抄袭
141325,200,郑西帆,2021-09-29 14:41:01,0,1,1,唉唉唉
153563,200,郑西帆,2022-05-04 23:24:37,1,1,0,他很懒，没有准备课堂，考试成绩自己随便上传，考完过一个月没有出来成绩，请不要当老师
153634,200,郑西帆,2022-05-06 17:12:16,2,2,0,分好低，唉
153635,200,郑西帆,2022-05-06 23:37:01,4,6,2,我不懂真的不懂，一篇读书报告一篇期末论文，认真写了没有抄袭甚至论文查重率很低很低，结果分数就这？？？
153638,200,郑西帆,2022-05-07 01:02:32,3,3,0,分好低
153653,200,郑西帆,2022-05-07 04:35:08,0,3,3,不知道老师怎么评分的，就交了读书报告和期末论文，给我的分还行，不知道其他人咋样
153654,200,郑西帆,2022-05-07 04:34:59,0,2,2,不知道老师怎么评分的，就交了读书报告和期末论文，给我的分还行，不知道其他人咋样
153656,200,郑西帆,2022-05-07 06:03:21,6,6,0,上课内容有点无聊 沉闷 阅读报告论文都自己写也认真查重了 分数还那么低TT
173631,200,郑西帆,2023-05-30 16:08:19,8,8,0,一个字，爬
173632,200,郑西帆,2023-05-30 17:16:06,3,3,0,传播学概论真的绩杀
173679,200,郑西帆,2023-07-09 16:52:04,19,27,8,上课巨巨巨巨巨巨无聊，根本没多少人听。好在不点名。\n\n事情确实少，就一个读书报告和期末论文。\n\n但是期末论文布置时间奇晚，选题要求巨苛刻，非要一个小切口，也根本不知道他这个小切口具体是得有多小，整个春学期末痛苦的来源。\n\n小切口最后好不容易憋出来了，而且觉得写的还可以，结果出分巨巨巨巨巨慢，也不知道到底在忙啥（一个多月了才出）。最后给分特么坑的不行，又低又卡绩，也不知道到底啥评判标准，周围没见几个上4的。\n\n综上，你査老师只有4点几分不是没有道理的。
173857,200,郑西帆,2023-06-03 16:07:30,2,2,0,666
173879,200,郑西帆,2023-06-04 05:11:20,9,10,1,上课催眠浑浑噩噩听了两个月一节不落，\n\n读书报告和论文写起来感觉良好，\n\n等出分一个月里日日期盼，\n\n结果出这个成绩果真蛋疼。
174199,200,郑西帆,2023-06-09 18:58:12,-16,4,20,传播学概论\n\n讲课有点无聊，但从不点名，我从来不去上课，就一次期中读书报告和一次期末论文，感觉事情挺少的\n\n给分也还不错，没觉得绩杀\n\n挺好的，可选
177634,200,郑西帆,2023-07-04 03:42:07,-8,1,9,舆论学概论\n\n上课不点名，但因为一个班人很少，老师会记住来的有哪些人\n\n一个期末作业，上课有几次讨论，把这两点弄好了，给分不错\n\n老师上课偏学术，特别是前期还没有讲案例分析的时候，但是也不至于很无聊
177771,200,郑西帆,2023-07-04 19:56:12,-2,3,5,郑老师人不错的~
183754,200,郑西帆,2023-11-29 15:11:27,-1,1,2,事很少
192212,200,郑西帆,2024-05-12 06:47:05,-2,1,3,老师上课讲的水水的，但是不点名——喜欢自己看智云有福了！ppt上内容还是很多的。最后还让我们自己选开卷还是闭卷，就一个读书报告和期末开卷考，事情比较少，最后绩点还行，感觉没有这么吓人
192220,200,郑西帆,2024-05-12 10:57:48,1,3,2,传播学概论，开卷考PPT比较全，思路还算清晰，可以补充人大的那本传播学教程一起学，但是期末考前临时布置看五部纪录片真的很……而且个人认为给分不好，卡绩，目前五门课里分最低的一门……
192249,200,郑西帆,2024-05-13 03:13:39,3,3,0,给分真的。。。
192253,200,郑西帆,2024-05-13 03:41:42,4,4,0,传播学概论给分巨烂，慎选！！！
192285,200,郑西帆,2024-05-13 14:28:18,2,2,0,传播学概论给分死低
192345,200,郑西帆,2024-05-16 05:22:24,4,5,1,上课讲的东西我个人觉得还可以 但是 对但是 绩杀！！！！！！！！！！！！！！！！！！！！纯纯绩杀！！！！！！！！！！！！！！
192375,200,郑西帆,2024-05-17 02:29:35,-2,2,4,上课很烂，没什么逻辑，不喜欢听课，很无聊。身边朋友绩点都很低，感觉没必要多说了。目前听说最高是4.5，是隔壁yqf的下限。
197215,200,郑西帆,2024-07-09 08:36:56,1,3,2,舆论学概论，不点名，\n\n课上对同学的表现没什么正向反馈，不过给分还可以
198576,200,郑西帆,2024-09-10 04:32:02,0,4,4,挺正常的老师 最起码讲的东西不会让人不适
217285,200,郑西帆,2025-04-07 12:24:55,1,1,0,不点名没有平时作业😭😭期末考试也一点提示都没有😰😰😰给了七八个ppt啊啊啊啊啊啊
219049,200,郑西帆,2025-05-20 03:37:46,3,3,0,你去死吧行不行
219054,200,郑西帆,2025-06-18 07:56:43,3,3,0,没有平时成绩，期末考试前最后一节课在同学提醒后才意识到分数构成只有一个期末考试，大家很容易挂科，又突然留个看纪录片的作业，最后不出所料被绩杀了，真的恶心\n\n（期末了其他课很多课都出了，更觉得zxf恶心，是自己过得不好所以要给学生打低分来恶意报复吗？如果没有这门课我的均绩不知道要比现在好多少，哥们你真的恶心死了！以后的学弟学妹千万不要选他的课！！！千万！！！一定！！！传播学概论换去叶老师的班！！！
1828,216,章宏,2015-03-26 01:18:27,6,6,0,不错 学历高 阅历广
2921,216,章宏,2015-05-11 05:21:12,20,21,1,不认真的人听觉得无聊，认真的人觉得可以收获很多
2976,216,章宏,2015-05-12 05:06:19,3,4,1,老师阅历广，治学严谨，重要的是文雅
5070,216,章宏,2015-07-03 08:14:06,2,4,2,满绩!
9054,216,章宏,2015-10-12 00:19:04,1,2,1,老师上课内容丰富，很棒！
9765,216,章宏,2015-11-08 12:40:59,2,2,0,老师温文尔雅，很有亲和力!
24102,216,章宏,2016-04-27 04:27:15,2,2,0,超级女神 而且很有亲和力 喜欢
24443,216,章宏,2016-04-30 14:03:07,1,4,3,老师很优雅，也很认真负责。前排同学说的没错，认真听有收获，稍微玩一下手机就错过了…对于下学期交换的我来说，还是很有意义的。一次个人作业，一次小组作业，上课喜欢点前排同学回答问题。给分也不错。
24458,216,章宏,2016-04-30 14:30:23,2,3,1,如沐春风
24524,216,章宏,2016-05-01 04:49:11,2,3,1,老师有非常深厚的学术底蕴 也很注重学术规范 听她讲课 干货满满 笔记很多 同时有很多案例帮助理解和延伸 给分也很好～
24708,216,章宏,2016-05-03 07:14:26,2,3,1,老师很温柔，上课讲的很有意思，在这课上收获很多！
25672,216,章宏,2016-06-01 10:22:23,2,2,0,你真棒！！
38564,216,章宏,2017-06-29 01:36:50,2,2,0,我的女神 爱你一万年❤️
51715,216,章宏,2017-06-08 13:40:33,4,5,1,女神上课超认真，干货满满
52817,216,章宏,2017-06-23 04:48:13,2,3,1,女神超可爱!十分不嫌多!
55095,216,章宏,2017-07-01 00:12:28,2,2,0,很有气质的老师
55776,216,章宏,2018-05-08 07:01:32,3,3,0,女神！！！
81028,216,章宏,2018-07-03 11:15:00,2,2,0,老师不错的
81691,216,章宏,2018-07-06 02:13:11,1,3,2,老师人很nice哒！\n\n上课干货不少认真听完全不觉得无聊～\n\n跨文化传播一次个人作业 一次小组小作业 一次小组大作业\n\n认真完成会有收获的！\n\n给分也超棒 但这已经不重要了～
81709,216,章宏,2018-07-06 02:54:53,21,22,1,楼上说“给分超棒 但这已经不重要了”的，如果老师给分不好，就会改口说“一次个人作业 一次小组小作业 一次小组大作业 作业很多 而且给分还不好” 所以你还真的别说给分不重要略略略
111256,216,章宏,2019-06-30 20:40:03,2,3,1,老师人很不错，给分很好，会有平时签到，大作业好好做成绩不会低，表白章老师～
112914,216,章宏,2019-07-05 10:41:03,2,2,0,条理清晰
177546,216,章宏,2023-07-03 15:54:08,3,3,0,怎么没人给美女姐姐评分，特别好特别温柔的老师
191839,216,章宏,2024-05-01 13:59:01,2,2,0,唉，唉，唉
194098,216,章宏,2024-06-22 03:56:11,4,4,0,上老师的课挺舒服的，给分也不错
6181,296,赵瑜,2015-07-11 15:57:32,5,11,6,全程无尿点
12855,296,赵瑜,2015-12-24 06:40:18,13,23,10,轻松活泼愉快地坐四堂课
21442,296,赵瑜,2016-02-29 01:04:45,3,9,6,喜欢，特别像王小丫
22765,296,赵瑜,2016-03-11 01:35:17,-2,4,6,只能说，完美
24700,296,赵瑜,2016-05-03 06:52:43,5,7,2,上课超级有趣！
24997,296,赵瑜,2016-05-04 18:09:22,6,14,8,幽默的同时课堂很有干货 老师的实践经验很丰富 作业比较多也有一定难度 但能给分蛮好的！
30840,296,赵瑜,2016-07-02 15:48:39,9,16,7,老师的课准备充分，有非常多的视频资料，而且老师讲课幽默有趣！就是作业对于不会处理视频，英语不是特别好的同学来说有点难度，但如果尽力认真完成了，分数还是不错的
33017,296,赵瑜,2017-04-24 01:39:42,1,15,14,呵呵呵
49094,296,赵瑜,2017-03-25 02:44:30,0,16,16,吹得天花乱坠，作业整堆整堆
49473,296,赵瑜,2019-02-27 00:20:55,-2,12,14,上课无故高潮迭起，作业迷の无语
49485,296,赵瑜,2017-04-17 00:11:29,0,19,19,因为一次早课迟到五分钟错过五分钟小测？小测占20%？没机会再补？
49490,296,赵瑜,2017-04-17 02:52:16,-3,8,11,同楼上，迟到早课几分钟错过测试不能补，很扎心
49491,296,赵瑜,2017-04-17 03:09:37,0,6,6,小测写完要交，竟然时间截止了？交了也不收？exm？跟20%的分数只差座位到讲台的几秒钟…sad
49525,296,赵瑜,2017-05-04 00:11:20,0,8,8,很棒的老师
49602,296,赵瑜,2017-04-20 05:25:29,-7,1,8,。zz
49801,296,赵瑜,2017-04-26 06:49:46,8,11,3,听课很有趣幽默，有启发点
49904,296,赵瑜,2017-04-27 04:46:37,21,27,6,个人很喜欢赵瑜老师，至少全程听下来无尿点，是水手机比较少的一节课了。当然有些同学会认为老师不够谦虚？干货少？其实老师有推荐我们一些学习方法和作品，真正的干货要靠自己课后去学习吧……毕竟干货再多也要看自己主动吸收多少。而且老师的确很优秀了，至少是我无法企及的水准，也爱自黑，事情也不算多。个人想法就酱～
50314,296,赵瑜,2017-05-02 10:19:54,1,4,3,神乎其神
50318,296,赵瑜,2017-05-02 10:25:50,1,3,2,因人而异\n\n
50326,296,赵瑜,2017-05-02 10:42:53,3,6,3,真的一节课都不要迟到！！！学弟学妹们！！！一次签到占10分！！！
50328,296,赵瑜,2017-05-02 10:48:17,1,10,9,作业太多，展示靠抢？\n\n讲的还可以，但给分低到哭出来\n\n明明自己一点都不水啊
50331,296,赵瑜,2017-05-02 11:01:48,1,11,10,平时5次作业每周一个ddl 然后平时作业50%最后口试40%一次1分钟结束的点名10%老师您真多好棒棒呢
50339,296,赵瑜,2017-05-02 11:45:51,9,13,4,赵老师要求蛮严格的，但是干货真的很多，带来的不仅仅是理论知识，更多的是眼界的拓宽和视野的开阔。好老师
50342,296,赵瑜,2017-05-02 11:53:39,30,39,9,赵老师讲的挺好的，就广播电视学而言会给你推荐很多好片，让你自己体验，但作业要求讲的不够清晰，改的也比较严格，当然严也是好事。虽然成绩血崩，但还是挺喜欢赵老师的。还有学习帝与查老师给出的均分不一样是咋回事。。。
50350,296,赵瑜,2017-05-02 12:12:10,-3,6,9,一周一个作业 错过一次点到基本可以放弃抢救
50351,296,赵瑜,2017-05-02 12:25:18,-3,4,7,呵呵呵
50363,296,赵瑜,2017-05-02 12:59:05,-3,5,8,乱打分
50382,296,赵瑜,2017-05-02 14:08:35,22,27,5,怎么说，老师对于作业要求比较严格，作业量相对来说也比较多，但是上课的确是有趣，段子特别多，听课效果可以说很棒。可以选择旁听广播电视学。
50383,296,赵瑜,2017-05-02 14:13:20,-3,2,5,想问一下…3.9算是低的吗？
50406,296,赵瑜,2017-05-02 16:05:37,5,11,6,不得不说，老师是我的女神，上课好听得恨不得全部录下来重播着听。后悔开始几节课水了手机，以后的课每节都好好珍惜o(≧v≦)o~~回复邮件非常耐心细致，多亏了老师指点，把文献综述重写了一次，绩点也算与自己的用功相匹配了
50459,296,赵瑜,2017-05-03 04:03:42,-7,9,16,上课满嘴跑马全程博取学生的笑点……感觉没什么收获……事情多给分还很差……简直绝望
50509,296,赵瑜,2017-05-03 08:17:57,6,8,2,超级棒，老师女神
50528,296,赵瑜,2017-05-03 09:57:36,54,64,10,这是我在浙大难得的上课完全不走神的课。另外，评论里的人为什么好像自己迟到一点错都没有的样子？
50530,296,赵瑜,2017-05-03 10:03:47,7,8,1,老师很有本事！受益匪浅！
50547,296,赵瑜,2017-05-03 11:30:41,8,9,1,老师讲课很棒，广电作业其实不多，平时不点名就一次小测，最后认真写了文献综述和加分作业勉强上了4吧，给分普遍不是很高。总的来说听听老师的课挺有收获的。
50570,296,赵瑜,2017-05-03 14:19:37,-3,4,7,无话可说。
50684,296,赵瑜,2017-05-04 08:37:27,19,21,2,赵老师人很有趣，且很有气质。其实我只是想说 那些迟到错过小测还在这里负面评价的朋友，上课本来就不允许迟到的啊
50978,296,赵瑜,2017-05-10 16:07:30,13,17,4,出成绩后看查老师深感这里评分的不客观\n\n或许以后应该改进成出分后无法评价？\n\n这是我从不低头玩手机的课\n\n只有能水过 绩点又高的课才应该被青睐吗
51310,296,赵瑜,2017-05-31 01:23:12,1,2,1,绩点血崩但是还是很喜欢赵老师嘿嘿
51906,296,赵瑜,2017-06-13 10:33:55,1,2,1,老师上课真的很好玩啊
58541,296,赵瑜,2017-09-01 01:02:55,3,3,0,作为一个学渣，这门课是我来浙大后第一次那么完整认真地听完所有的课，还很罕见的做了笔记，认真地写了论文。老师讲的非常棒，而且这门课的内容也很有意思。
59484,296,赵瑜,2017-09-22 01:42:32,7,8,1,女神！！讲课很棒，经常玩着玩着手机一不小心就听课了……有小测形式的点名，上课五分钟内交过期不侯的那种。有一两次小组作业。虽然绩点在传媒的专业课里不算高，但是依然挡不住我对她的爱
69486,296,赵瑜,2018-01-25 00:46:09,6,8,2,出成绩时的泪，就是选课时脑子进的水
69856,296,赵瑜,2018-01-25 14:09:54,3,3,0,传媒创新前沿 这种定制课如果在意绩点的话还是慎选 又是一门绩杀……仅针对课程本身
71000,296,赵瑜,2018-01-28 01:42:13,2,2,0,腾讯的传媒创新课一般般
78240,296,赵瑜,2018-05-10 06:54:27,12,13,1,[广播电视学]赵老师是一位兼具高学术造诣和高社交能力的老师，口才也很赞。上课故事连连，使得本不有趣的内容也有趣了起来。不过广播电视学作为普及性大类课程，深度内容其实还是要自己探究的，全部寄希望于课堂可能会略有失望。关于绩点，本人亲测好好听讲(quiz时完全不慌)+认真给小组做贡献+加分作业+期末作业保持严谨、多多费心，还是可观的。
78242,296,赵瑜,2018-05-10 07:00:51,8,8,0,知识点真的很多很发散 上赵老师的课一定要先读过有关书目啊 至于分数emmm认真做不会差的
78244,296,赵瑜,2018-05-10 07:08:05,4,4,0,给分挺好，干货多
78286,296,赵瑜,2018-05-10 12:02:09,-25,7,32,广电一份两千字上限文献综述 一份八百字不到的加分作业 两次点名性质的小测 再加上花了不到十分钟的小组作业 水了一学期手机躺着拿了满绩 老师上课其实也蛮有意思的 这学期给分也都很客气 推荐！
78303,296,赵瑜,2018-05-10 15:39:57,6,8,2,赵老师很良心了，上课很有意思，给分挺好的其实不是?杀好吧，以后还想继续上她的课
78777,296,赵瑜,2018-05-15 06:53:22,4,4,0,广播电视学_ 好好老师，但这门课有一次以上小组活动。还有有测考，这个比较容易！ 很多人以后没来上课。。。 上课内容非常丰富！ 但是我的成绩不太高?
79011,296,赵瑜,2018-05-20 10:55:26,-28,4,32,超费心，最后结局还只是4.5，我想说不努力一定会成绩差，但是努力了还是成绩随缘，一切都是玄学。
79329,296,赵瑜,2018-05-31 03:39:38,5,5,0,老师很厉害而且有趣 作业说实话跟理工科比不算多 大家可能有点被水课的老师惯坏了 给分相对另外一个老师来说不算高 但也还行
79443,296,赵瑜,2018-06-05 06:35:16,0,2,2,超好玩的
84380,296,赵瑜,2018-07-12 16:14:13,3,4,1,上过一次还想再上一次。。。
84397,296,赵瑜,2018-07-12 17:07:14,0,1,1,给赵老师打call
91629,296,赵瑜,2018-12-16 15:44:12,4,5,1,好老师，喷老师点名的也是醉了，一个短学期就点了两次名吧，你没到课被扣分了怪老师？
105090,296,赵瑜,2019-04-03 11:50:52,3,4,1,? ? ? 我爱了，感觉老师也是八卦的小姑凉。
107294,296,赵瑜,2019-05-03 05:45:05,4,6,2,在最后出分前给赵瑜老师疯狂打CALL一番！！真的是一节上了还想再上的课！！从这节课上GET到了N多的东西！！而且老师和我们交流真的完全无年龄代沟(糟了这样是不是暴露了……(ﾉ○Д○)ﾉ)，上课也经常分享自己的故事(和内部的小八卦|ω・）)！！绝对是一门非常棒的课！！同时也绝对是一位非常棒的老师！！
107917,296,赵瑜,2019-05-11 12:35:30,2,3,1,讲得还行吧，但个人感觉干货不够，另外绩杀不解释...
108209,296,赵瑜,2019-05-16 10:54:34,0,1,1,爱了爱了
108701,296,赵瑜,2019-05-31 10:56:40,3,4,1,赵老师说自己是绩杀老师哈哈哈哈但其实并不是！老师的课很棒！老师的眼睛超好看！强势表白赵瑜女神！！！
109329,296,赵瑜,2019-06-13 06:39:57,0,2,2,讲的特好，给分一般，算是传院绩杀老师。不过老师在第一节课已经讲清了，所以绩点不高在意料之中（呜呜呜但是还是有点伤心呐，真的很喜欢老师
116008,296,赵瑜,2019-08-29 12:09:09,1,1,0,。。。
117902,296,赵瑜,2019-10-08 13:54:56,-1,1,2,幽默风趣
121345,296,赵瑜,2019-12-18 13:57:00,2,2,0,哈哈哈
134764,296,赵瑜,2021-04-14 07:20:30,4,5,1,赵瑜老师yyds！一学期的课要结束了真的好舍不得呜呜！真的是我见过最有思想，讲课还那么幽默，拥有绝对的思辨能力和正确价值观的好老师了～好想再听几堂哦，永远都听不够！女神老师～
135857,296,赵瑜,2021-05-30 02:04:57,1,3,2,挺有思想的老师，广电课会扯东扯西，不过我喜欢哈哈哈\n\n听说是绩杀，但是我觉得还好。\n\n没有做加分作业+10分的点名作业也一般般，但是可能文献综述和小组作业还不错最后4.5已经很满意了。\n\n作业真的不多 好好完成应该不会被绩杀(๑•̀ㅂ•́)ﾉ➹♡
139215,296,赵瑜,2021-07-13 09:35:32,3,5,2,广播电视学#才发现春学期忘记评了…赵老师上课真的yyds 是大学以来第一个能让我全程放下手机的老师 讲的东西又新又好 任务不多 期末综述还限定字数 节目分析更是我做得最开心的一个作业了 如果我是视听方向应该会很想当她的研究生…
152492,296,赵瑜,2022-04-13 06:00:30,2,3,1,本人目前为止最喜欢的老师，没有之一。
152691,296,赵瑜,2022-04-18 11:00:57,0,1,1,上大学来最喜欢的老师，亲亲
152806,296,赵瑜,2022-04-20 04:45:14,0,1,1,无敌好的老师
153401,296,赵瑜,2022-04-29 05:02:43,8,9,1,还是很喜欢老师的 就是确实绩杀 没办法了 用其他专业课弥补均绩吧
153411,296,赵瑜,2022-04-29 08:05:05,4,5,1,绩杀我也爱你。。赵瑜老师是一个非常有意思的人，是一个搞笑与严肃并存的人，是一个不能错过的人。
153419,296,赵瑜,2022-04-29 09:44:42,2,2,0,会有软性点名，文献综述可能确实写的不是很好🙏🙏只能说本人尽力了，还是希望从这门课上学到真的东西～
153426,296,赵瑜,2022-04-29 11:43:55,2,5,3,我好爱赵老师好爱赵老师好爱赵老师😭😭进浙大以来最爱的老师😭
153472,296,赵瑜,2022-05-01 01:59:13,1,2,1,很可爱的老师！会软性点名作业好好做分数应该不会很低老师确实给分比较狠🥲🥲
153580,296,赵瑜,2022-05-05 05:21:30,-1,4,5,说好的不点名 但是会变相点名 瞧不起
159234,296,赵瑜,2022-07-08 22:27:03,10,10,0,劳育课真是令人匪夷所思的存在\n\n课程设置是什么也不教\n\n纯自己搞一个实践\n\n不太理解它最终的意义 带给了我什么\n\n大概带给我暴跌的均绩
162099,296,赵瑜,2022-11-17 00:46:57,1,2,1,老师上课的时候会推荐一些纪录片，印象最深的是《归途列车》
163515,296,赵瑜,2022-12-15 00:49:21,1,3,2,爱死你了
172957,296,赵瑜,2023-05-10 10:59:54,-2,1,3,赵老师真的很强，听她的课是一种享受，最后给分虽然不算高但是也满意了，感恩
172958,296,赵瑜,2023-05-10 11:17:45,-2,1,3,瑜瑜子，我真的好爱你
172971,296,赵瑜,2023-05-10 14:06:03,-2,1,3,我爱你赵姐！！
172973,296,赵瑜,2023-05-10 14:36:04,1,1,0,好好好
173012,296,赵瑜,2023-05-11 07:44:23,0,1,1,讲课真的真的很好要求也是真的真的很严
177822,296,赵瑜,2023-07-05 02:59:58,3,4,1,劳育课 能不能换个老师上 反正根本不上课老师只是最后打个分 为啥非让这个急煞的姐来给大家暴击呢？
177832,296,赵瑜,2023-07-05 03:18:04,2,2,0,劳动传播实践，被绩杀了呜呜
182213,296,赵瑜,2023-11-13 00:38:16,2,2,0,很喜欢！超级爱！赵瑜老师 很成绩无关哈 毕竟分不太好 但是老师超有人格魅力 上课也超级有趣
186774,296,赵瑜,2024-01-13 04:21:23,0,0,0,上课跟听段子一样，嗯。
192151,296,赵瑜,2024-05-10 05:14:06,0,0,0,讲课很好，但是被绩杀了。。。
194686,296,赵瑜,2024-06-25 02:39:34,1,1,0,哈哈劳动与传播实践被狠狠杀了
194848,296,赵瑜,2024-06-25 17:07:03,0,0,0,老师很好，但给分。。。
217924,296,赵瑜,2025-04-18 04:14:03,2,2,0,广播电视学，还没出分但是来说一句女神我爱你，真正能学到东西的课，跟传院大部分课的质量完全不在一个层级，这学期大部分专业课上完只会让我怀疑为什么要选择这个专业浪费生命，只有上完赵老师的课神清气爽心情愉悦，尤其是把夏学期的专业课都上了一遍后更加想念赵老师的课堂。。。老师第一节课有提醒说她给分较严格，但是都上到这样的课了成绩什么的都去死吧，好老师不多说了都在分里了
218617,296,赵瑜,2025-04-27 05:04:45,0,0,0,先说结论：除了给分不太美妙外，没有什么缺点。赵老师是绝对的学术派，讲课很有水平，如流水一般自然的抛出一些有趣或引人深思的现象，观点。听她的课如沐春风，还是有点真东西的，能感受到人文社科的厚度和魅力。心态也比较年轻，不是什么老古董。在传院春学期中是唯一让我觉得，言之有物的课（虽然中间也有40％左右为了教学无意义的东西）。我觉得和hgs老师刚好是两种风格的极与极（黄老师应该是偏实战派，也是深受同学们好评，但降低我好感的是不开智云，有点没意思）\n\n缺点是给分不太美妙（虽然据本人说今年已经上调，但横向对比老师你可以再仁慈一点的【】）最后想吐槽这个学科感觉已经被放弃，课程设计中我很难找到意义感，，，（拿个很小的事来说吧， 校方铺天盖地营销口径人工智能百分百覆盖 结果连导员都不知道船院其实没有...）很多东西真的得靠自学，大部分课上学不到东西，皮毛功夫。
2466,333,李东晓,2015-05-04 06:59:29,-5,4,9,认真负责，公事公办，有一定距离感…
4916,333,李东晓,2015-06-30 16:22:52,1,7,6,内容挺丰富的，人也很温和！
9053,333,李东晓,2015-10-12 00:18:06,4,8,4,有点无聊
9157,333,李东晓,2015-10-14 18:37:24,-3,3,6,如沐春风
10297,333,李东晓,2015-11-18 03:25:16,-1,4,5,不错哦
11634,333,李东晓,2015-12-09 03:04:27,5,8,3,超级严格小心
12833,333,李东晓,2015-12-24 06:11:58,-3,2,5,挺好的！
15367,333,李东晓,2016-01-14 05:00:15,-2,8,10,老师很棒！大众传播课一点都不水，可以学到很多。老师就挺认真严肃的，有时候比较严厉，作业要求高，但是给分挺好的。
15388,333,李东晓,2016-01-22 19:34:19,9,14,5,哦呵呵
15405,333,李东晓,2016-01-14 08:47:14,2,6,4,呵呵呵
15424,333,李东晓,2016-01-14 10:39:03,2,7,5,课上得很棒很有意思 分数看论文吧
15440,333,李东晓,2016-01-14 11:23:25,-2,6,8,超喜欢这个老师，上课很棒，布置的论文虽然要求很高但是能从中学到很多，还会给你讲评论文，喜欢
15442,333,李东晓,2016-01-14 11:33:09,5,7,2,给分不好，上课无聊
15450,333,李东晓,2016-01-14 12:23:49,5,8,3,给分差
15453,333,李东晓,2016-01-14 12:53:40,-1,3,4,给分差，很无聊
15455,333,李东晓,2016-01-14 12:54:55,8,13,5,呵呵哒，一学期什么都没听，只记得了她女儿的故事呵呵呵呵呵论文要求很高吧，主要是不知道怎么写
15456,333,李东晓,2016-01-14 12:58:15,10,15,5,论文要求严格，绝对绝对要认真写。
16898,333,李东晓,2016-01-19 09:43:46,0,2,2,不错不错的
21371,333,李东晓,2016-02-28 10:22:31,-1,1,2,无聊。
22328,333,李东晓,2016-03-03 15:36:59,-1,1,2,非常差
22329,333,李东晓,2016-03-03 15:37:05,-2,1,3,差！差！差！
22868,333,李东晓,2016-03-14 02:11:43,1,1,0,不水不水
23614,333,李东晓,2016-04-10 03:36:59,0,2,2,还不错
26098,333,李东晓,2016-06-15 16:39:03,1,5,4,起码像个老师，教书认真，作业严格，爱水的人也就不要妄加评论了，毕竟是老师负责，认真对待的话还是能拿到高分的。
53848,333,李东晓,2017-06-28 01:22:51,-2,1,3,数字图像处理给分贼高
53960,333,李东晓,2019-09-08 01:58:33,0,8,8,信电的李老师，算法讲的挺好很清楚，数字图像处理比较偏介绍吧。总之是上课比较，给分很不错，两门课都接近满了。但是算法肯定比不上王梁昊老师，数图肯定比不上项志宇老师。选不上这两位选李老师也是可以的选择。
84611,333,李东晓,2018-07-13 10:12:11,1,2,1,数字图像处理给分蛮高的
93656,333,李东晓,2019-01-11 07:33:27,1,4,3,信电的李老师 算法听得想睡着 所以个人也不清楚到底讲得好不好 反正基本靠自学
101836,333,李东晓,2019-01-29 08:40:58,15,16,1,似乎重名了……传媒的李老师真的是大一进校的良师益友，超高的专业水平和绝对硬核的课程知识。虽然的确需要花很多时间准备不能水发课，但收货的东西也绝对是本学期最多的。10分毫不犹豫的！
104454,333,李东晓,2019-03-21 02:25:45,2,2,0,就是说我觉得李老师的DIP不行
129642,333,李东晓,2021-01-09 15:39:03,0,0,0,作业很多.老师很严格，数字图像处理给分蛮高的，李作业很多， 6个编程作业. 很麻烦
135389,333,李东晓,2021-05-09 11:30:30,0,0,0,老师说话巨温柔，有问题也必会回答。传播学概论的任务基本上是1—2次问题讨论，还有最后的开卷考试（可以看电子版笔记）。总体上挺轻松的，上课也都是干货，而且最后给分竟然出乎意料！给分还不错！
135462,333,李东晓,2021-05-11 03:40:51,4,4,0,上来李老师的传播学概论，怎么说呢，课水，事少，有考试但能带电子笔记，就是给分一言难尽，刷新最低专业课绩点。\n\n慎重
151647,333,李东晓,2022-03-10 08:08:25,0,0,0,能不能好好备课，了解您家庭情况比较忙，\n\n，但是做老师要有师德吧，混日子就不要开课。
153121,333,李东晓,2022-04-26 00:26:13,2,2,0,被预置了传播学概论，老师讲课可以，但事真的很多，给分差，付出和回报根本不成正比，快逃。
153372,333,李东晓,2022-04-28 15:33:35,0,0,0,前面评论说的一点没错，事多分少，卷没啥用，反而会让自己觉得被辜负了—我付出那么多时间和精力，你却给我这样一个分数…感觉主要看最后随堂测写的小论文，唉。在给分数这方面上完全比不上隔壁叶琼丰，可能在讲课上也比不上。如果预置到了建议退掉，选同一时段叶琼丰的（如果能选上的话
183799,333,李东晓,2023-11-30 07:12:01,2,2,0,老师人确实很好，给分。。。。
4143,561,王建刚,2015-06-18 02:00:29,7,10,3,老师就是一本书，上课不用PPT不用文字档！用的是自己的才华！
9588,561,王建刚,2015-11-02 09:08:54,2,4,2,老师非常博学，上课不用课件，也可以洋洋洒洒讲上两个小时。很有思想，也很有情怀
11145,561,王建刚,2015-11-24 15:10:39,0,1,1,内容很充实，老师人也很好，给分相当厚道，如果能静下心来听还是很有收获的。
11216,561,王建刚,2015-11-25 09:22:41,7,8,1,谢谢老师给了我大学里第一门课就满绩，干货满满的老师~从不吝啬批评，从不回避恶和丑陋，有点后悔之前没好好听
11322,561,王建刚,2015-11-27 02:12:12,6,8,2,上课没有PPT干讲，声音很小，但是真的很博学，老师很怕猫很可爱，重点是…………给分超级好！
28170,561,王建刚,2016-06-28 08:12:25,22,31,9,很有干货的老师，不用课件可以讲两节课，而且静下心来听真的蛮有收获的。王老师对巴赫金的研究比较深入，而且小说理论上的也很好。移动的图书馆，上课经常听到的一句话就是“我给你们推荐一本书吧”
28256,561,王建刚,2016-06-28 08:22:28,-19,5,24,太木讷，乏味
33301,561,王建刚,2016-09-19 13:37:51,20,23,3,老师非常博学，满满的干货，内容略高深【ps想问一下有非竺院的同学吗www
33936,561,王建刚,2016-09-23 02:56:46,1,3,2,干货满满 视角独特
34294,561,王建刚,2016-09-30 02:56:39,-21,5,26,挺无趣的，讲着讲着就跑题，有些学究气
34314,561,王建刚,2017-01-18 05:26:24,-4,7,11,给分差
35367,561,王建刚,2016-11-09 09:28:31,0,0,0,老师讲课内容很充实，观点很到位，感觉老师真的很博学呐。
36088,561,王建刚,2016-11-10 12:01:00,1,1,0,老师每次上课都洋洋洒洒的讲满三节课，内容很多，很充实
36143,561,王建刚,2016-11-10 14:58:15,2,2,0,都是干货啊～各种涨姿势～老实人也好～另外楼上我也不是竺院的～
36437,561,王建刚,2016-11-13 13:16:22,2,2,0,真的很佩服老师，真的太有才华了，脾气很好，我不是竺院的，这个老师真的很赞 。
37964,561,王建刚,2016-11-22 10:39:47,9,11,2,我们在私下里叫他秃头老师~\n\n秃头老师每次上课都种草好多书，所以他又有了一个美丽的绰号 种草机
38078,561,王建刚,2016-11-24 03:00:13,3,4,1,老师会经常推荐书，讲道理真的讲的不错，可是我老是走神，秋学期结束了真的觉得很愧疚…对不起老师的认真讲课，给分很不错哒
38079,561,王建刚,2016-11-24 03:03:07,0,3,3,好好好
38083,561,王建刚,2016-11-24 03:07:23,0,1,1,老师讲课不用ppt，但是自己准备很认真，期末的论文交流会很认真地听、作点评。出分比较慢，可能是看得很认真吧。
38089,561,王建刚,2016-11-24 03:36:14,0,1,1,内容很好，很有知识储备。就是不太会讲课，语调太平淡，容易走神。但认真听会发现平淡语中有玄机。
38214,561,王建刚,2016-11-27 06:47:38,2,3,1,老师非常有内涵，讲课很精彩，就像其他人评论的，老师上课从不用PPT，老师本身就是一本书，虽然我上课经常走神，但我不走神的时候认真听老师讲是很享受的一件事，对法国新浪潮电影很有看法，说了这么多，主要是为了谢谢老师，大学第一门课，给了我90分
38338,561,王建刚,2016-11-30 07:19:12,0,1,1,很多干货很可爱
38415,561,王建刚,2016-12-03 13:51:01,0,2,2,挺好的，就是三节课不一定能撑的下去，给分很好
38919,561,王建刚,2016-12-20 01:24:07,0,1,1,经常讲着讲着说给你推荐一本书吧\n\n让我对生活有了新的理解
41415,561,王建刚,2017-01-11 11:18:26,0,1,1,非常有趣 虽然有点小口音233
42389,561,王建刚,2017-01-14 06:06:07,0,1,1,再喜欢的老师不过了，不仅仅是给分两分，课程压力小，是一个真心想把知识倾囊相授的老师，课上的我干货非常多，能学到很多知识，还想选他的其他课
48166,561,王建刚,2017-03-01 04:52:55,-1,1,2,博学，深刻，涉及广
52213,561,王建刚,2017-06-16 03:10:53,0,1,1,没出分就来评价了，王老师真的超级可爱超级用心，会提前准备很多资料，上课常常是满满一黑板。听老师的课真的是享受，强烈推荐！！！
55957,561,王建刚,2017-07-02 18:22:09,1,2,1,真的是干货满满的课，老师非常博学，阅读面超广，上课不用PPT，可以讲满满三节课。而且其实平时也蛮喜欢讲讲冷笑话的嘛。。认真听的话会很有趣而且收获很多，并不像下面几位说的那么沉闷。比较惭愧的是老师推荐的书并没有看过几本，因为自己知识水平不够所以上课也经常走神。。出分很慢，应该看得很认真吧。成绩还没出，过来给老师打个分，算是攒攒人品嘻嘻~
56171,561,王建刚,2017-07-03 07:22:13,0,2,2,老师上课超棒的！给分也很好
56197,561,王建刚,2017-07-03 08:38:26,0,1,1,老师上课不用ppt但是讲的非常好，性格也很好，是一个非常好的老师
59388,561,王建刚,2017-09-21 06:04:56,0,2,2,你知道的太多了
61462,561,王建刚,2017-11-17 12:07:36,0,2,2,真的真的超级博学的老师，非常儒雅，永远都在给学生推荐书。如果认真听过的话会非常有收获。结课的时候有些后悔没有听，舍不得老师阿。
62210,561,王建刚,2017-11-23 07:39:40,0,0,0,课很好
62211,561,王建刚,2017-11-23 07:42:38,3,7,4,出分了，没上均绩，可能是我不懂文学艺术。
62226,561,王建刚,2017-11-23 09:20:31,3,3,0,老师给分很好 知识很渊博 然而我审美水平不够_(:3 」∠)_总觉得无聊
62237,561,王建刚,2017-11-23 10:32:41,1,2,1,老师的知识储备太丰富了，不走神绝对是种享受。
62389,561,王建刚,2017-11-24 15:08:20,0,1,1,讲课知识量还是很够的，听水相宜，给分可以。
63969,561,王建刚,2017-12-20 07:39:41,0,2,2,老师贼好
73868,561,王建刚,2018-02-03 09:29:41,1,1,0,大一上的文艺美学 超级棒啊 非竺院 讲的很有干货 老师懂得很多很有涵养 好好听课好好记能有很多收获
84036,561,王建刚,2018-07-12 01:32:19,1,2,1,现代语言文化开始闭卷考试了表示凉凉
84040,561,王建刚,2018-07-12 01:49:59,4,4,0,行吧 老师应该挺好的吧 可能是我自己闭卷考太差吧 给了3.3 我真的哭了 均绩直降 哎想不通为什么给这么低
84061,561,王建刚,2018-07-12 03:08:17,2,2,0,老师讲得很好，不用PPT，但是现代语言与文化这学期闭卷考试了，认认真真复习了，答题也答得还行，最后绩点二点几，三学分的专业课真的影响很大，可能别人绩点都很高吧，但真的因为这个想要转专业了……
90307,561,王建刚,2018-11-23 05:53:29,1,2,1,老师很有干货，非常有个性，好好听课能学到很多东西，基本没有作业，只有一份影评，给分也比较客观吧，总的来说很好
90315,561,王建刚,2018-11-23 06:12:43,3,5,2,上的文艺美学，超喜欢王建刚老师QAQ作为一个文科生，我的课表全是数学…文艺美学简直是救命课。老师坚持不用ppt，口述为主，虽然有时可能有点催眠不过干货满满(可能是我自己的原因，我的睡眠时间和婴儿? 差不多)考试和论文负担也不大，给分也很好，强烈推荐鸭~选课有点难。\n\nps:我们学期文艺美学三堂课连一起，有时候到第三堂课有点听不下去了。在老师正对面睡觉 成就达成✔\n\n
90316,561,王建刚,2018-11-23 06:13:19,1,2,1,老师上课会准备很多干货，讲课也很用心
90438,561,王建刚,2018-11-23 13:14:08,8,10,2,我给你们推荐一本书嗯啊~\n\n（转身在黑板上写下：苏珊·桑塔格《疾病与隐喻》，陆幼青《死亡日记》，于娟《此生未完成》，凌志军《一个癌症患者的重生手记》，康德《判断与批判》（钟白华译），埃伦·迪萨纳亚克《审美的人》，《科学的反革命——理性滥用之研究》，《科学在现代文明中的地位》，塞尔维埃《民族学》，施尼兹勒《设计》，米兰·昆德拉《被背叛的遗嘱》，《美丽新世界》，伊恩·瓦特《小说的兴起》，《呼啸山庄》，《午后的爱情与意识形态》……）
90503,561,王建刚,2018-11-23 16:22:45,0,1,1,老师超好很有文学素养，每节课都是干货满满。虽然有时候三节课连上会有点困，但是认真听还是收获颇多的。课后作业与考试也不麻烦。
90728,561,王建刚,2018-11-25 12:23:35,13,15,2,我很希望老师是我家里的一个长辈，我们会一起散步，走到一个临着沙滩的咖啡馆，海风带着淡淡的咸涩，卷起雪白的浪花，他坐在淡蓝色的天空下，和我聊读过的书和去过的地方，聊人生亘古的孤独，直至阳光一滴滴流下，斑斓淡金铺平海面。
92021,561,王建刚,2018-12-25 12:13:36,0,1,1,老师真的超级好超级好。特别博学多识，很有人文情怀。上课干货满满，平时也很少有作业。只有一次考试而且还开卷。内容都让人很感兴趣，而且最后给分也超好。绝对十分。
97232,561,王建刚,2019-01-22 00:53:57,1,2,1,非常喜欢的一个老师，让我第一次感受到“大学”该是什么样子、从不点名但缺课的人很少、给分也合理，总之倘若以后有机会，王先生的课、我一定还会去上。
98795,561,王建刚,2019-01-24 02:46:33,1,2,1,千年一遇的好老师，简直就是书库！！！\n\n抓住宝藏！我还想再选建刚老师的课！！！
109115,561,王建刚,2019-06-08 14:53:26,2,4,2,这样喜欢掉书袋的老师，我竟然很喜欢！！！
109507,561,王建刚,2019-06-16 05:36:53,3,4,1,老师三观真的很正 人生不是100米短跑 人生真的是一场马拉松 你看不到尽头但是你很清楚自己想要的是什么 什么时候抵达也许并没有那么重要 重要的是你终会抵达
109562,561,王建刚,2019-06-17 04:17:23,1,2,1,刚哥好刚
157596,561,王建刚,2022-06-24 02:19:36,2,3,1,老师很博学，不用ppt，干货满满。语调很平淡，很容易走神……但如果认真听，会不经意间出现很多启示性的东西。（现代语言与文化）带我语言学入门，萨丕尔索绪尔海然热赵元任……语义学语用学语言学言语学……还是很有意思的。考核是一次影评讨论课，闭卷期末考试，老师给分挺严格，如果要得高分得认真听。
161265,561,王建刚,2022-11-02 13:22:07,2,3,1,面朝大海，春暖花开。
162589,561,王建刚,2022-11-27 01:23:03,2,2,0,王老师很有文化，我个人上课不太听讲，这是我的一个缺点，但坐在王老师的教室里就是一种享受，即使我不听课还是有点舍不得王老师，真的是好老师！
173560,561,王建刚,2023-05-29 03:42:44,-3,2,5,。。。
183027,561,王建刚,2023-11-21 15:00:09,4,5,1,讲的好，给分高\n\n王老师yyds！人生精神的享受！永远满分
183993,561,王建刚,2023-12-05 14:04:18,1,1,0,抄一段豆瓣对《论自愿为奴》的评价，正合适，“它克服了某种目的论式的暴政，旁逸斜出地添加引文，逻辑结构可扭来转去……始终有一种非常疯狂的气质，它挣脱了后世定型的说话范式，充满了狂野、舒展、自由的气质。”什么叫“逻辑结构可扭来转去”啊哈哈哈哈
191169,561,王建刚,2024-04-10 09:25:30,-5,3,8,纯粹无知的傻叉\n\n用上个世纪的、复读教科书的陈词滥调地照本宣科\n\n自称搞什么文艺美学 但是既不懂文艺更不懂美学\n\n只剩自己算盘里一点小九九呵呵
202902,561,王建刚,2024-11-15 05:28:04,2,2,0,很博学的老师，真的很喜欢给同学们推荐书目，感觉很符合我个人对文科老师的期待。上课内容也是天南海北都有涉及，挺有趣的。
203018,561,王建刚,2024-11-16 02:32:54,2,2,0,老师很博学，上课干货满满，给分也很好！
203304,561,王建刚,2024-11-19 03:47:45,-2,0,2,给分一般
206148,561,王建刚,2024-12-13 06:22:06,2,2,0,真的太喜欢老师了，满肚子墨水，有一种回到高中听老师讲阅读品鉴的感觉。浓缩即精华：好老师！
208574,561,王建刚,2024-12-29 14:05:58,0,0,0,博学，移动的图书馆
9706,603,叶琼丰,2015-11-05 01:59:44,12,20,8,老师很亲切。上课比较有趣。认真听会有很大收获的。
10042,603,叶琼丰,2016-11-05 08:01:46,6,12,6,老師人超好，上課很用心，主要都是推薦你一些相關經典電影或書籍沒有作業
10296,603,叶琼丰,2015-11-18 03:13:39,4,7,3,老师人超好，认真听辩，很有趣，思路归纳能力很强，友好可亲！
12748,603,叶琼丰,2015-12-24 03:11:25,4,5,1,很有意思的课，老师也很棒
13554,603,叶琼丰,2015-12-29 07:27:56,10,19,9,很健谈，课前会给你点评新闻，有讨论（虽然回答人数并不多）。大众传播通论还是比较水的，虽然讲的很到位。想听可以学习，不喜欢就算了（班上人有一半以上不在听课）。
14362,603,叶琼丰,2016-01-06 13:37:01,4,5,1,老师超级好！！！
16890,603,叶琼丰,2016-01-19 07:34:44,6,9,3,课上得好 给分也是业界良心
17001,603,叶琼丰,2016-01-19 12:13:33,24,41,17,老师人真的很nice，很会尊重我们的想法，课堂讨论会引导你怎样正确利用传播学，很有思想，给分不要更好
17028,603,叶琼丰,2016-01-19 13:11:14,4,7,3,老师上课很有趣的，给分好，看到最后成绩我被吓到了
17041,603,叶琼丰,2016-01-19 13:34:21,0,2,2,很棒！
17075,603,叶琼丰,2016-01-19 14:30:08,3,4,1,老师好像妈妈一样，超棒的！\n\n
17282,603,叶琼丰,2016-01-20 03:37:15,5,7,2,老师人真的超级超级好！说话很亲切而且给分简直不能再棒！认真听课会有不少收获的，老师还会分析一些新闻热点，总之，超级棒！
17330,603,叶琼丰,2016-01-20 04:46:35,0,2,2,超级好！
17397,603,叶琼丰,2016-01-20 07:28:39,1,3,2,非常好
20934,603,叶琼丰,2016-02-04 09:53:56,0,1,1,谢谢老师
21256,603,叶琼丰,2016-02-27 15:07:38,11,18,7,平时可水，然内有干货。时事点析和传播分析好好玩。事情少给分好，老师温柔负责。回邮件快且认真。是我发邮件最多的老师哇
35347,603,叶琼丰,2018-03-04 10:52:22,2,5,3,给分很好
38784,603,叶琼丰,2016-12-19 02:29:50,0,1,1,老师人超好
40494,603,叶琼丰,2017-01-04 01:06:19,0,1,1,很棒，作业量不是很大
44601,603,叶琼丰,2017-01-18 04:02:23,1,2,1,叶老师很温柔也很耐心 尊重每一个人的想法 每节课都会讲很多干货 个人论文➕团队作业 最后展示 非常注重于我们的交流 而且在最后会对我们的作业进行反馈 真的第一次在大学收到老师的反馈 感觉非常负责任 也让我们知道以后应该怎么做会更加好
44611,603,叶琼丰,2017-01-18 04:19:17,4,6,2,超nice的老师，期末论文每一篇她都会很认真的看，课程结束之后还发了长长的作业反馈，指出我们的不足。上课也超棒！给分也超棒！
44680,603,叶琼丰,2017-01-18 06:10:05,3,3,0,老师超级温柔，上课也不点名，事情少给分好
45136,603,叶琼丰,2017-01-19 04:35:25,0,0,0,大众传播通论课前老师会分享事实新闻并且给出一些总结看法，一些传播学理论知识虽然有些枯燥但老师讲得也很棒！
45141,603,叶琼丰,2017-01-19 04:47:57,2,2,0,叶老师人超级好超级无敌负责！结课之后还发了一条很长的说明，鼓励大家。而且给分超级无敌好！仔细听还是有收获的！
45255,603,叶琼丰,2017-12-19 12:22:23,0,0,0,老师很愿意和学生交流，不教条
45260,603,叶琼丰,2017-01-19 08:21:50,1,1,0,上课分析新闻很有思想，很有亲和力，给分也超级棒。
46094,603,叶琼丰,2017-01-20 15:09:48,2,2,0,老师真的非常认真的备课，上课。认真听课会很有收获。结课的时候还给我们留下了很好的建议，绝对的好老师！
47268,603,叶琼丰,2017-01-25 04:32:23,0,0,0,好老师。人幽默随和，但又坚持原则。给分好，建议选。
47814,603,叶琼丰,2017-02-25 17:27:55,2,2,0,没上均绩
47846,603,叶琼丰,2017-02-26 08:15:38,2,2,0,没上均绩?
50775,603,叶琼丰,2017-05-05 06:27:14,1,1,0,呃，虽然讲得比较平淡，但是淡而有味啊！
50895,603,叶琼丰,2017-05-08 06:38:49,1,1,0,叶老师是传院最好的老师之一，我会一直记得她！
51051,603,叶琼丰,2017-05-15 07:22:40,0,0,0,给分无敌好！
51056,603,叶琼丰,2017-05-15 12:06:37,0,0,0,很享受\n\n
58716,603,叶琼丰,2017-09-15 12:04:40,4,4,0,理论课虽然会很无聊，但是毕竟各种理论嘛，对于传媒的各种知识科普还是有的，老师很会鼓励人很尊重学生。ps要注意身体啊，有次凌晨3点给老师请假居然秒回
58870,603,叶琼丰,2017-09-18 07:08:43,0,0,0,非常温柔的女老师
65633,603,叶琼丰,2018-01-08 01:56:56,1,2,1,老师真的是非常非常贴心！！！打十分是因为没有一百分！！！！❤️
73134,603,叶琼丰,2018-02-01 03:36:59,-13,2,15,挺好的  谢谢老师给的满绩
73177,603,叶琼丰,2018-02-01 05:58:54,1,1,0,轻松愉快
73179,603,叶琼丰,2018-02-01 06:09:39,1,3,2,上课信息量很大，新闻评析很有趣，专业知识内容也很丰富。老师本人非常和蔼可亲，上课都是面带笑容的，平时也没啥作业，不过最好还是自己去看看传播相关的书。建议考前把ppt从公邮上下载下来自己整理一下，这样考试的时候就会游刃有余啦，考试题型有且仅有是非判断、简答和论述，最后感谢老师给的满绩！
73254,603,叶琼丰,2018-02-01 08:42:12,5,6,1,温文尔雅，知书达理，还非常体贴，会因为怕我们放假回家太晚而调整考试时间，理想中传媒老师该有的样子～只是我有时会做自己的事情，惭愧没有好好听老师的课…自我感觉期末小测答得不好，绩点4.5很知足了，但给老师10分远不只因为给分好～
73488,603,叶琼丰,2018-02-01 16:19:23,1,2,1,对于传播学的基础知识，基本上是面面俱到了，至于深入学习要看自己了，毕竟只是大类课，我觉得确实让我对传播学有了初步的理解。期末考试不会很难，课上听一下，翻一下课件，就可以了，不会要求死记硬背
73859,603,叶琼丰,2018-02-03 09:17:58,0,1,1,老师给分太给力了，上课也很有趣，会认真的根据时事新闻更新上课讲义。
74992,603,叶琼丰,2018-03-07 02:21:22,-1,0,1,不错 可以水
78547,603,叶琼丰,2018-05-13 01:22:11,3,4,1,传播学概论仅仅按课来说还是比较枯燥的。不过老师人很好，很愿意与同学交流，为同学着想，给分也十分良心。
78568,603,叶琼丰,2018-05-13 06:55:20,0,3,3,传播学概论如果好好听其实会有很多收获的，但是其实大家都在水...老师最后给分很好呀（虽然没满）开森！
78571,603,叶琼丰,2018-05-13 07:19:01,1,2,1,好课好老师
78579,603,叶琼丰,2018-05-13 10:25:54,1,2,1,超棒的老师!感觉在小组展示的时候学到的最多，老师会和我们一起讨论展示的问题，提一些建议，给分也很棒!
78776,603,叶琼丰,2018-05-15 06:47:42,1,1,0,超棒的老师!感觉在小组展示的时候学到的最多，老师会和我们一起讨论展示的问题！ 老师真的热情❤️
83319,603,叶琼丰,2018-07-10 05:31:17,-3,3,6,老师非常好，一学期点了两次名，两次点名我都没在，但是期末认真复习看了几遍PPT最后老师还是给了我满绩，大学的第一门满绩，课上也可以学到很多基础的知识，超级感谢老师。
93856,603,叶琼丰,2019-01-14 04:30:35,1,2,1,见过最认真负责的老师！
101145,603,叶琼丰,2019-01-27 16:44:00,3,4,1,叶老师太好了，事少分高，替学生着想，大众传播通论课堂知识点丰富，时例多，一篇期中论文加期末开卷考。下学期还有叶老师的课好开心！
101146,603,叶琼丰,2019-01-27 16:49:34,2,3,1,超级棒的老师辽！\n\n讲的很细致期末开卷考会很认真地分析试卷！老师本人也亲切！其实我感觉我蛮水的但是绩点真的很好看很好看啊啊啊啊啊我爱琼琼！！！！
101153,603,叶琼丰,2019-01-27 23:18:44,0,2,2,叶老师是我上大学以来见过的最认真最负责的老师，她会专门做ppt解答同学们课后问的问题，最后一节课的时候还说不好意思只回答了同学们一半的问题，都列在这份word上了，我一看，哇整整60页！！！老师上课很有意思，有很多案例，分析得也很到位，大传事情不算多，一篇论文加考试，考试得写快一点不然可能来不及。给分还是很不错滴，反正给老师10分，就这样～
101172,603,叶琼丰,2019-01-28 00:55:13,-1,2,3,大众传播通论：叶老师真的是超nice.有一种像妈妈一样的感觉。上课体验超好，干货满满且有趣，下课基本上讲台边都围满了，不止是专业问题，很多与大学生活譬如选专业等她都会耐心指导，课后在线答疑。平时就期中读书报告➕期末小测，真的超棒的老师啊啊啊好想学传媒！！！可惜下学期就见不到她了唉
101640,603,叶琼丰,2019-01-28 16:04:19,0,2,2,事少分高
101764,603,叶琼丰,2019-01-29 04:16:45,1,4,3,老师太好了！太有气质了！对同学们的问题都会解答，一个个发邮件回复，期末还会特意考前线上答疑，考完还会对试卷进行分析，是大学第一门会解答期末试卷的课！特别耐心，倒数第二节课会对一年的热点话题进行总结分析，还教怎么写标题。平时不点名，没作业，每节课的PPT都会发到每个人的邮箱...期末考试字数会写很多要保养一下手腕哈哈，提前准备好一本通论课本，一些提纲资料，到时候就抄进去...认真写试卷，期中论文也有自己的观点，期末绩点好的不行！4.2起步！我一个非传媒专业的都4.8！
101949,603,叶琼丰,2019-01-30 00:58:42,0,2,2,隔壁班的跑来羡慕羡慕?
102084,603,叶琼丰,2019-01-30 11:00:00,-4,0,4,给分真的良心
117735,603,叶琼丰,2019-09-30 03:44:38,0,1,1,老师好温柔啊
121171,603,叶琼丰,2020-01-20 02:32:22,-1,1,2,老师人真的超级nice，上课会补充很多书上没有的东西。就点过一次名，论文和期末测试是主要的吧。给分也很好啊，大爱～
121805,603,叶琼丰,2020-01-22 03:07:02,0,2,2,老师学识渊博，上课干货很多，内容涉及也很广。
128312,603,叶琼丰,2020-12-18 01:55:59,-9,17,26,是我见过浙大里少数这么不负责任的老师了...
143197,603,叶琼丰,2021-11-21 09:40:34,-4,1,5,好好好
152431,603,叶琼丰,2022-04-11 03:51:36,41,46,5,人都是会变的 呜呜呜，她为什么这样了
152439,603,叶琼丰,2022-04-11 10:04:33,-3,1,4,特别好的一个老师
153245,603,叶琼丰,2022-04-27 05:20:52,-17,3,20,呜呜呜，第一门专业课出分幸亏是叶老师，喜提4.8了
153302,603,叶琼丰,2022-04-28 00:22:39,11,11,0,估计被正态了....
153362,603,叶琼丰,2022-04-28 14:24:35,12,13,1,可能是期待太高了，作业都有非常认真的完成，但是分不高。感觉老师人不错，但是上这门课真的有两个疑惑:1老师没有认真的教学计划安排，一切都非常随便\n\n2最后小测线上的人没有任何监管，应该可以随便搜索，但是老师也并没有给出对应措施，这种不公平的感觉有点窒息
153420,603,叶琼丰,2022-04-29 09:51:56,14,15,1,老师就是怎么说呢，教的东西干货很多但是呃呃评价方式很随意。“老师课前放的音乐”这种问题，虽然能检查来没来上课但是对于知识来说些许随意了吧…
161055,603,叶琼丰,2022-10-25 05:52:05,19,20,1,如果有0分我会给0分，上了两个月的课，经常迟到+PPT忘带/带错，课程名为“网络传播社会”却讲了3/4的饭圈文化内容；课程考核标准直到结课前一周出，连续布置了两篇大论文，布置完就算了，我用心写好了，然后结课的那周课上因为其他人表示写不完，就砍掉了其中一篇最花时间的调研报告？？？我本来以为传媒学院的老师都是懂的，我也不知道这个老师为什么会变成这个样子，虽然平时很水，但就是上的很气很恶心。。。。。
162598,603,叶琼丰,2022-11-27 11:52:06,5,5,0,楼下一周之内写完两个大作业，真🐮
162599,603,叶琼丰,2022-11-27 12:09:36,17,17,0,该做的都做了  分数吓死我了
172131,603,叶琼丰,2023-04-20 06:48:34,7,7,0,超级不负责的一个老师，最后三周连着打卡为了完成她自己的任务，作业前半个学期一直不布置后面全部堆在一起。同学问了第二份作业没有才搞了个小测，小测的时候还超级凶不知道在凶什么。上课ppt还会讲错，每节课不下课还拖堂，ppt做的美感简直了。真的不理解传院怎么会有这种老师
172132,603,叶琼丰,2023-04-20 07:06:18,9,9,0,啊对对对 小测吓死我了
172133,603,叶琼丰,2023-04-20 07:07:56,15,15,0,啊啊啊啊啊，什么老师。极度不负责任。\n\n每次上课喘着粗气踩点到\n\n讲了半个小时，说放错PPT了重新找一般PPT又开始重新讲。平时根本不把教学放心上。要考试周了，最后两周狂点名，而且还是拖堂了签，时间又巨短。最后两周狂布置作业。\n\n尤其最后的小测无语死了，哪有人搞PPT放题目，还不准人用手机拍照。威胁用手机的同学，得不偿失。我真的，提交时间非常短。正常学完，提交不上去，上去说再加30秒，30秒人还没回座位，又截止了。什么人。\n\n避雷了避雷了。没有0分是不科学的！
172161,603,叶琼丰,2023-04-21 02:44:07,6,7,1,教学计划有点混乱
172162,603,叶琼丰,2023-04-21 02:45:25,11,11,0,呵呵，她黑化了
172164,603,叶琼丰,2023-04-21 03:09:07,11,11,0,快跑！！！！！！！！！！！！！！！！！！！！！！！！！！！！！！！！！！！！！！！！！！！！！！！！！！！
173698,603,叶琼丰,2023-06-01 15:39:41,2,2,0,诶，难绷
173699,603,叶琼丰,2023-06-01 15:40:10,3,3,0,讲得烂就算了给分还这么差
173700,603,叶琼丰,2023-06-01 15:40:40,3,4,1,呵呵查老师均绩都是骗人的 她黑化了
173701,603,叶琼丰,2023-06-01 15:44:17,2,2,0,6。。
173702,603,叶琼丰,2023-06-01 15:47:17,3,3,0,认真学了一学期，每节课都认真听、做笔记，作业也认真做了，最后3.6……好难过……可能是我不会学习吧……
173703,603,叶琼丰,2023-06-01 15:49:32,2,2,0,无语啦无语啦，从不回钉钉，作业要求也不明确，和评论区之前的形象完全不一样
173704,603,叶琼丰,2023-06-01 15:53:54,2,2,0,快跑！！！她黑化了！！！快跑！！！
173705,603,叶琼丰,2023-06-01 15:57:46,1,1,0,给分好烂啊。。。。
173706,603,叶琼丰,2023-06-01 16:05:07,1,1,0,不知道她在干什么。。。
173707,603,叶琼丰,2023-06-01 16:10:08,1,1,0,课程比较混乱，给分巨烂
173708,603,叶琼丰,2023-06-01 16:11:43,2,2,0,就是说9.7咋来的，理解不了。无语了，给分超级烂，上课超级水。能不上就不上吧。快跑
173710,603,叶琼丰,2023-06-01 16:13:38,7,7,0,非要儿童节搞人心态是吧。心情本来就差别怪我在你这里发泄\n\n上课上得和shi一样，还不是看你给分高一直忍着，最后小测出题离谱还阴阳什么常识什么很简单。\n\n别杠我杠就是你错\n\n这学期教的又烂给分又差，你也配评分9+？
173711,603,叶琼丰,2023-06-01 16:14:46,3,3,0,妈耶！寄！跑！
173712,603,叶琼丰,2023-06-01 16:17:46,1,1,0,上课水，小测迷，给分烂……慎选
173713,603,叶琼丰,2023-06-01 16:32:54,1,1,0,呵呵呵呵
173716,603,叶琼丰,2023-06-02 00:19:18,17,19,2,避雷！！！！！！！\n\n获得大学以来的最低分，绩点＜3\n\n老师教学计划超级混乱，你根本不知道她下节课会讲什么，PPT做得毫无逻辑且没有美感，完全找不到重点；\n\n经常上课迟到，喘着粗气开始讲课，体验非常不佳；\n\n虽然第一节课时说了评分标准，但并不具体，平时作业布置得也非常随便，往往是今天布置、明天截止；\n\n最后一节课小测是用PPT的形式，在学在浙大作答，一页PPT一道题，过得很快，读完题后还没怎么仔细思考就跳到下一页。虽然给我足够时间我也不一定答得比现在好，但我只是觉得这样的小测形式随便且不合理\n\n最后，出分真的超级慢，还普遍给分不高，在六一儿童节给了这份大礼，我真是谢谢她
173794,603,叶琼丰,2023-06-03 03:54:16,3,11,8,平心而论，给分确实不太好。奔着满绩去的，最后成绩只能说马马虎虎。不过大家普遍都不高就是了。\n\n\n\n但是老师最后应该有调分，不然以小测的傻逼程度，估计上3的人很少。（虽然调的不多就是了）与其做这个小测，还不如闭卷考试，至少正式一些。\n\n\n\n上课体验感不太好……复习的时候对着PPT非常绝望。\n\n\n\n在我这里勉强及格吧。
173824,603,叶琼丰,2023-06-05 17:44:13,7,9,2,为什么没有0分？😅
178337,603,叶琼丰,2023-07-10 07:58:48,4,4,0,上课太混乱了，最后的分数也很差，概论课应该是基础的理论课，如此上课真的很无语
178684,603,叶琼丰,2023-07-17 12:24:44,8,10,2,为什么曾经那么好的风评不珍惜，把自己搞黑化？非要让这么多人骂你你才高兴吗？？\n\n有的老师就懂什么叫“你好我好大家好”，但有的老师偏不。以上。
180337,603,叶琼丰,2023-09-21 06:52:04,0,0,0,别选～
180518,603,叶琼丰,2023-09-22 08:05:25,2,2,0,跑吧，很痛苦的体验
180519,603,叶琼丰,2023-09-22 08:07:16,2,2,0,ppt和上课没有什么逻辑，小测测的内容更是离谱，以前的ppt出现哪些图片？？即使认真学了一学期，第一次坐到第一排上课，课堂发言都做了，最后给分还是真的很差。。
182237,603,叶琼丰,2023-11-13 05:32:54,1,1,0,傻逼爷穷疯
183761,603,叶琼丰,2023-11-30 00:40:27,0,0,0,很迷，真的很迷
192250,603,叶琼丰,2024-05-13 03:24:54,1,1,0,我什么都没学到，但是分数很好
192252,603,叶琼丰,2024-05-13 03:41:03,1,1,0,笑死了 我也是什么都没学但分数可以
192355,603,叶琼丰,2024-05-16 10:18:10,2,2,0,事情中等 给分不错
217920,603,叶琼丰,2025-04-19 09:10:46,10,10,0,复习得我火大再来骂两句，讲课让人摸不着头脑ppt更是一坨，逻辑混乱的背后是老师对教学对学生的极度敷衍，能不能把学费退给我，都这样了还好意思站在讲台上教书，不仅是叶一个人，传院大部分老师都让人不得不怀疑这个学院是什么垃圾收容所吗
218056,603,叶琼丰,2025-04-20 04:48:24,1,1,0,无敌了。
218073,603,叶琼丰,2025-04-20 09:39:39,0,0,0,考试考的我崩溃。。。。。。
218886,603,叶琼丰,2025-05-11 07:02:36,0,0,0,点名随机掉落，讲课一团乱麻，期末闭卷不划重点复习+考试都很崩溃…不过好在给分还不错安全下车了🥹👍🏻👍🏻
851,693,胡晓云,2015-03-18 00:54:05,-1,5,6,老师有风度
1258,693,胡晓云,2015-03-21 17:07:19,-1,5,6,写诗
1898,693,胡晓云,2015-03-26 04:46:19,3,13,10,现代广告学的思维仍在影响我，这个老师有气质，谈吐做事都好。这门课，会请来很多大牛来讲，值得拥有。
2848,693,胡晓云,2017-01-19 00:11:10,2,8,6,诗意地生活着的老师；有情怀的老师；负责的老师
6057,693,胡晓云,2017-01-19 00:11:20,-5,4,9,太棒了
6270,693,胡晓云,2015-07-12 14:11:30,4,8,4,不喜欢！
6792,693,胡晓云,2015-07-23 02:54:32,-7,4,11,太棒了
7598,693,胡晓云,2015-09-15 06:23:45,7,11,4,不好
31574,693,胡晓云,2018-04-18 07:17:12,6,8,2,客观说，记得和老师搞好关系，不然你成绩就看运气吧…
45023,693,胡晓云,2017-01-19 00:10:39,0,5,5,这是一个对别人要求严格，对自己要求很松的老师。并且会凭一己好恶打分，她喜欢的学生不管作业怎么样分数都不低…
50954,693,胡晓云,2017-05-10 04:01:45,4,4,0,不错啊
51753,693,胡晓云,2017-06-09 04:06:08,3,3,0,其他专业的童鞋千万不要上品牌传播研究，上课很理论，作业基本靠自学。
52350,693,胡晓云,2017-06-19 02:45:04,0,1,1,水平不错，但对非传媒学生歧视歧视歧视，说说鼓励问问题，但我问了之后都不想回答你。呵呵作业靠自己摸索肯定也的不到高分，不适合修个性。老师太高傲了。
52567,693,胡晓云,2017-06-21 06:28:45,1,2,1,整天理论理论 作业怎么写也不教
106374,693,胡晓云,2019-04-26 19:11:34,0,0,0,现代广告学上课很有趣
117393,693,胡晓云,2019-09-24 02:02:13,0,0,0,也是醉了。
5400,741,吕国华,2015-07-07 08:00:20,4,6,2,非常无聊，给分还不好，不知道他们怎么评分的。
5432,741,吕国华,2015-07-07 12:12:36,5,6,1,行测给分好随机 呵呵哒
5595,741,吕国华,2015-07-08 14:32:39,8,14,6,几乎不点名 虽然讲了无聊但是至少不为难学生
5597,741,吕国华,2015-07-08 15:02:43,1,2,1,讲课念PPT
6482,741,吕国华,2015-07-14 09:42:15,1,3,2,读ppt，老师声音不错⊙ω⊙
9750,741,吕国华,2015-12-02 07:27:01,0,3,3,知识积累多，内容也好
12187,741,吕国华,2015-12-22 08:46:34,0,2,2,屁屁踢
28788,741,吕国华,2016-06-28 15:14:37,0,2,2,内容丰富，老师声音好听！
28793,741,吕国华,2016-06-28 15:17:31,0,5,5,讲课巨无聊，毫无干货，给分超差，这浙大遇到的最差的老师之一
28855,741,吕国华,2016-06-28 23:53:03,0,4,4,老师人很好啊，一学期只点名一次，只要那次来了平时分就是满分
28867,741,吕国华,2016-06-29 01:32:59,-2,2,4,虽然上课挺无聊的，但是人超级好啊，一学期点一次名，还提前通知，给分也很好
29773,741,吕国华,2016-06-30 09:57:46,4,5,1,每堂课都去听了，考试之前也复习了，感觉填空题的绝大部分都写出来了，问答题个人感觉也还可以，最后68分。。。我都怀疑是不是成绩录错了
53176,741,吕国华,2017-06-26 06:33:13,-1,3,4,老师非常好！助教姐姐也很漂亮！老师从来不为难学生，签一次到后平时分就是满的！老师上课时也很和蔼！！！
53181,741,吕国华,2017-06-26 06:51:37,3,4,1,呵呵呵
53182,741,吕国华,2017-06-26 08:40:57,6,8,2,我想我一定是小论文字写太多了
53189,741,吕国华,2017-06-26 14:03:15,-1,6,7,老师是个好老师，赞一个，不知大家得分咋样？
53197,741,吕国华,2017-06-26 07:33:23,15,17,2,形策均绩真的有3.8吗，我咋那么不信呢\n\n
53216,741,吕国华,2017-06-26 07:57:27,6,7,1,昏昏欲睡，毫无营养，给分又低。除了点名只点一次以外，毫无亮点，能换则换
53321,741,吕国华,2017-06-26 10:54:23,-4,0,4,自己体会，超级好
53324,741,吕国华,2017-06-26 11:04:56,5,6,1,恕我直言，这种水课做不到别的班上四的均绩就算不上好老师，同样的考试，人家班均绩能上四他的班上不了就是他的问题，不用说复习，你要是一学期就学这一门闲得无聊复习好几天试卷做满分那哪个老师都一样。
53351,741,吕国华,2017-06-26 12:25:58,6,9,3,平时分很好拿，不为难学生。但期末给分不好，估计完全按标答改，然后根据卷面分给期末分，我不相信行测均绩有3.8
53409,741,吕国华,2017-06-26 14:07:52,5,8,3,老师事情超级少，上课比较慢条斯理。。助教姐姐是真的好看啊，还给我们整理时事！虽然我最后绩点不怎么样，但也许是我期末考太差了。。自己的锅
53558,741,吕国华,2017-06-27 03:43:00,9,9,0,助教很好看
54035,741,吕国华,2017-06-28 09:35:48,8,11,3,就一次点名而且老师提醒好多遍，平时分都给满，考之前也说不为难学生，我在心里默默给老师打了个10分，然而成绩出来以后…………如果老师的确说到做到尽量多给分，我想不出时事对了一半以上大题全背论文控制好字数的我拿到这个绩点是小论文写得有多烂?
58825,741,吕国华,2017-09-18 04:17:23,0,3,3,讲课巨无聊，毫无干货，给分超差
82913,741,吕国华,2018-07-09 09:57:30,0,3,3,吹爆这个老师！只有一次作业 平常无其他任何事情 上课做什么都不管你。因为预置老师太差 然后选了这个的老师上形策。助教小姐姐人美心善！考前只复习了大概一个下午+零散勉强拼起来一个小时吧。绩点4.5。注意的一点是考前半小时从别的班那里得到了形策课后思考题答案 但还是喜欢这个老师 长评代表我的爱
83102,741,吕国华,2018-07-09 16:25:12,1,2,1,这门课的事情真的很少，课下基本没有任务，很轻松，点名也只有一次。上课内容不算有趣，但老师人很好，下边可以做自己的事情。给分看考试和助教。
84277,741,吕国华,2018-07-12 12:03:36,2,2,0,大水课
111792,741,吕国华,2019-07-02 23:16:28,3,5,2,给分真心迷惑……
111854,741,吕国华,2019-07-03 01:16:02,1,4,3,选择比努力重要，赶紧退课选别的老师，同样努力有不同的绩点
111930,741,吕国华,2019-07-03 03:18:29,3,5,2,考前好好背思考题！会有好结果的！相信我！
112422,741,吕国华,2019-07-04 05:48:47,2,3,1,老师超好！！！
112859,741,吕国华,2019-07-05 06:44:42,1,3,2,老师很好\n\n助教给分简直吃屎？这课比我数学课分都低？我可是文科生哦亲爱的，每次都去上课，期末考试认真答题，2.4欢迎你！
25737,804,高力克,2017-01-20 02:00:47,4,4,0,非常好
31311,804,高力克,2016-07-03 15:41:06,1,1,0,学识超级渊博的老师\n\n儒雅，有风度
55917,804,高力克,2017-07-02 15:56:23,1,1,0,很认真很负责的老师，不管学生怎么对他，翘课，不听，还是认认真真讲，最后一堂课很感动，感受到了老师的温柔与包容感。也许有人觉得无趣，但一个时代有一个时代的坚守。
11440,1111,徐忠民,2015-12-01 09:31:43,1,7,6,两个礼拜一次外拍 不点名 很随意
24507,1111,徐忠民,2016-05-01 01:25:00,3,9,6,不允许迟到，不能用电脑，上课不开灯。很好玩，也能学到知识，拍照任务多，需要花很多时间。最后给分，只能说不尽人意吧。
24516,1111,徐忠民,2018-01-24 11:27:50,12,16,4,给分太差
24521,1111,徐忠民,2016-05-01 04:43:17,3,7,4,老师技术过硬 也很有人文关怀 听他的课是一种享受啊
24617,1111,徐忠民,2016-05-02 09:17:19,3,4,1,还不错的老师 给分..
41533,1111,徐忠民,2017-01-12 06:57:27,4,4,0,给分是沈斌给的好吗
41810,1111,徐忠民,2017-01-12 23:51:48,2,2,0,如沐春风
42899,1111,徐忠民,2017-02-08 01:58:31,3,6,3,给分差差差
43165,1111,徐忠民,2017-01-16 02:02:35,1,3,2,不点名，上课随意，感觉也没学到什么东西，给分一般
48720,1111,徐忠民,2017-03-10 03:39:24,3,3,0,怕了指导老师沈某了，上来一顿“你们这些刚入门的就不要用M模式知道吗？”指导还算耐心吧，不过这样有点打击人，以及徐老师讲得挺好的。
50475,1111,徐忠民,2017-05-03 05:48:26,-1,2,3,老师看起来就很有摄影师的感觉，给分还挺好
55106,1111,徐忠民,2017-07-01 00:19:43,-1,0,1,指导老师沈老师令人害怕
86841,1111,徐忠民,2018-09-19 04:29:28,1,2,1,呵呵呵
107364,1111,徐忠民,2019-05-04 09:26:51,7,9,2,老师上课还行 但是辛辛苦苦拍了一个学期的照片拿到这个分数我真的承受不来
108928,1111,徐忠民,2019-06-04 09:38:14,8,10,2,大热天拍断桥，爬保俶塔，不顾及学生有没有跟上就管自己上课。麻烦以后出去拍提前做个规划好吗？很心累。\n\n总之，腿短的勿选，因为跟不上。
109612,1111,徐忠民,2019-06-18 00:57:17,3,5,2,外拍不顾及天气状况，大热天去拍西湖断桥，下雨天去拍西溪湿地；不安排车辆要学生自行往返；队伍零散没有组织，东一批人西一批人老师是真不怕出事。徐老师本身人很有想法也很有意思，但是作为老师确实有欠缺...
110451,1111,徐忠民,2019-06-27 00:09:33,4,5,1,给分不是很好
110474,1111,徐忠民,2019-06-27 04:33:36,1,2,1,这给分太差了，辛辛苦苦跑来跑去，烈日炎炎，风里雨里，3.3
123562,1111,徐忠民,2020-06-10 04:03:18,4,6,2,怎么这么多事儿呢您   快逃
145172,1111,徐忠民,2021-12-28 04:13:20,14,16,2,没有艺术家的命，空有艺术家的病。语言表达逻辑混乱，看不出任何文学素养，备课、授课水平堪忧。
149259,1111,徐忠民,2022-01-15 01:42:42,1,2,1,给分还能更差一点吗？
150122,1111,徐忠民,2022-01-19 08:24:02,1,2,1,呵呵呵
150595,1111,徐忠民,2022-02-02 02:13:54,4,6,2,徐忠民老师作为一名卓越的摄影师，对摄影的教学不限于技法层面，而是循循善诱，鼓励我们自己发掘与探索摄影的奥秘。徐老师不仅向大家展示了很多经典摄影作品，也会将优秀作品推荐给同学们，从这些作品中可以看出，他对摄影之美的理解也不落俗套，在这样包容的审美之中，每位同学都具备无限探索的可能，我收获颇丰！\n\n此外，徐老师对人文摄影的评述深深触动了我，在这门课之前，我青睐风光摄影，认为自己很难拍出优质的人文作品，而通过多次在校内的实践，我不断与被拍摄者沟通，找到照片背后的故事，感受他们平凡生活中的快乐，发现人文之美，我对待生活也越发从容和热爱。\n\n最后，尽管这门课程名叫摄影技艺，但我的收获远远超出了技艺本身，作为一名新闻学子，挖掘一张照片背后的故事，提升对新闻事件的敏感度，增强人文关怀，正是我在不断实践的过程中的重要收获，无比期待明天的疯狂星期四，谁请我吃？
151390,1111,徐忠民,2022-03-02 04:44:42,2,3,1,非必修课同学快逃，这绝对是你大学能上过的最离谱的课。没有营养还每次都要点名，老师态度不友善且清高。每次上课都是坐牢。
154280,1111,徐忠民,2022-05-28 06:41:44,2,2,0,为民服务\n\n哀民生之多艰，感民生之疾苦\n\n民意难测\n\n民法典\n\n民为贵，君为轻\n\n民心所向\n\n忧国忧民
155488,1111,徐忠民,2022-06-13 13:29:31,1,1,0,真的累了😅
157084,1111,徐忠民,2022-06-22 01:01:20,1,1,0,拿到这个分数是我没有想到的\n\n明明付出了那么多的时间和精力
159664,1111,徐忠民,2022-08-23 03:09:36,2,4,2,超级好超级好。绝对艺术家气质 没有前面说的不堪 看他朋友圈就是一个艺术家气质
159668,1111,徐忠民,2022-08-23 04:19:22,1,1,0,很棒哦
176769,1111,徐忠民,2023-06-30 05:03:22,0,1,1,烂的一匹，消息从来不回，钉钉也不看，也不在办公室，你根本联系不上他，呵呵
177955,1111,徐忠民,2023-07-05 18:11:59,0,0,0,不懂，为什么
177961,1111,徐忠民,2023-07-06 00:31:41,0,0,0,如果不论打分的话  老师其实还蛮可爱的
177976,1111,徐忠民,2023-07-06 02:19:55,0,0,0,老师今年退休了，感觉给分很仁慈，很有情怀的老师，线下相处人也很温和~（ps：邮件可以联系到老师
50885,1167,周丽英,2019-03-13 04:19:04,-12,1,13,拖堂狗，中午饭都来不及吃
53036,1167,周丽英,2017-07-01 15:41:45,1,1,0,老师还是很棒哒，给我们自由发挥的空间
55946,1167,周丽英,2017-07-02 17:34:53,1,2,1,周老师超绝nice，教知识点非常耐心，完全从零开始，由浅入深。设备也充足，实践课很多，还带我们一群新手去拍了传媒学长学姐的毕业晚会，去参观了浙江广电的摄制大楼～而且最重要的是给分超好（不过一分耕耘一分收获，作业都要认真完成，片子好好拍好好剪，毕竟专业课要投入百分百的精力啊）
77141,1167,周丽英,2018-05-03 01:58:12,1,1,0,大爱周老师！
77152,1167,周丽英,2018-05-03 03:32:49,2,2,0,海星，兜星，超级星动～
103254,1167,周丽英,2019-02-27 04:00:17,2,2,0,老师人很好了~~❤
140454,1167,周丽英,2021-09-12 07:41:01,0,0,0,老师好可爱
145922,1167,周丽英,2022-01-04 11:04:28,0,0,0,周老师可爱又负责任！
23134,1236,吴丰军,2016-03-19 05:46:03,0,9,9,很
50718,1236,吴丰军,2017-05-04 13:46:24,1,8,7,给分随缘？上课迟到是常态？
52678,1236,吴丰军,2017-06-22 06:12:38,2,9,7,老师人很好
57031,1236,吴丰军,2017-07-05 08:38:36,16,36,20,怎么说呢，如果不想给学生上课就别开课，老师比学生还水真是神奇呢！早上八点的课九点半了才来哦！影视摄像的课是不讲怎么拍东西的呢！看个电影就水过去了呢！这样的老师，真是服??
57037,1236,吴丰军,2017-07-05 08:43:44,9,25,16,不教直接拍。有了问题各种嘲讽。一学期啥都没教。很棒棒。
57438,1236,吴丰军,2017-07-07 23:01:49,-1,6,7,。。。不点名是唯一的亮点吧（手动微笑
59040,1236,吴丰军,2017-09-19 07:39:21,1,10,9,老师有讲课？？？
74554,1236,吴丰军,2018-03-03 11:53:56,1,10,9,上课是真的很迷。上课完全没有任何准备，经常是打开u盘随便挑一个作品开讲。这也就算了，好几节课迟到，不是迟到一两分钟，是一两节课！算是教学事故了吧。
74786,1236,吴丰军,2018-03-06 01:53:15,-2,5,7,开学第一天迟到…
74809,1236,吴丰军,2018-03-06 03:19:36,3,14,11,失忆？？大三的课和大二时的屁屁踢都一模一样？讲了啥？
75787,1236,吴丰军,2018-03-18 05:37:33,-1,8,9,第二节课就让我们拉片，上课也没讲要怎么拉，在群里随便讲了要写点啥就算了，结果交上去因为格式不对又让退回来重新改，超级麻烦。。。。diss
76111,1236,吴丰军,2018-03-27 03:44:57,3,13,10,这个作业多的难的……真不是人啊
76447,1236,吴丰军,2018-04-09 12:12:28,2,10,8,也就8周课拉7部片拍一部片吧? \n\n电脑内存都因为这节课而不够\n\n上了这个课忙得想分手\n\n
76824,1236,吴丰军,2018-04-24 07:37:49,3,13,10,老师实力还是不错的，口音也很可爱，讲课的姿势很可爱，人也很和蔼。可能就是还没有掌握和大学生交流授课的技巧...但能看出老师也在努力跟上我们的脚步...我相信他！
77005,1236,吴丰军,2018-04-28 05:55:57,1,11,10,1.emmm偏实践的课，老师却不乐于与学生沟通，你说上课体验能好吗？？\n\n2.老师整天很忙的样子，写的拉片作业回去会不会看都是个问题…\n\n3.有时候审美真的独特，理解不了
77023,1236,吴丰军,2018-04-28 15:12:12,-1,12,13,真心话，在老师的课上有很多收获！?
77024,1236,吴丰军,2018-04-28 15:21:26,6,16,10,不知道为什么老师评分不高qwq但我真的挺喜欢老师的！虽然作业很多，但是自己还是挺有收获的～顺便在最后和大家一起拍出喜欢的片子超级开心！感谢老师！
77025,1236,吴丰军,2018-04-28 15:22:27,3,14,11,吴老师的课 完全体现了老师专业素养与实践技能 不流于形式也不流于书本  要求我们深入实践  虽然可能会感觉有点累 但有收获呀！
77026,1236,吴丰军,2018-04-28 15:33:53,0,10,10,我觉得老师人挺好的啊，确实平时拉片作业可能有点多，但其他都还好啊，上课如果自己认真听还是能学到很多的，期末作品展示的时候也有给我们提出很专业的评价和建议，态度也挺好的，不存在上面同学说的什么嘲讽吧。。。
77027,1236,吴丰军,2018-04-28 15:35:24,2,9,7,老师人还是不错的
77028,1236,吴丰军,2018-04-28 15:36:45,3,12,9,虽然知识点比较散，但是课上所言绝对都是很具专业眼光的，拿个小本本记下来，然后每次看电影前或者看电影后翻一翻，绝对会觉得“真的是诶！”老师还会针对影像风格和叙事结构等知识点，选一些纪录片和电影的片段布置拉片作业。虽然做起来很辛苦，但真的会有满满的收获。最后自己拍片的时候这些知识点都会不自觉地想起来的。老师很忙但是如果和老师探讨专业问题，他一定会很认真地倾听、很仔细地解读。（有一次因为做朗读者作业的时候没搞懂法庭那段的叙事语态，和老师从西区探讨到食堂，虽然后来都没聊叙事语态的问题，但老师吧人物的镜头分配，表现主义的手法都分析了一遍。）真的很感谢老师的耐心以及对同学们专业眼光的培养！
77030,1236,吴丰军,2018-04-28 17:49:04,-3,3,6,4.28
77031,1236,吴丰军,2018-04-28 15:44:59,2,8,6,老师很博学\n\n
77033,1236,吴丰军,2018-04-28 23:04:47,0,7,7,最佳老师
77034,1236,吴丰军,2018-04-29 01:21:44,0,5,5,老师不点名，真好。用点名留住学生的老师应该反思一下自己。
77038,1236,吴丰军,2018-04-29 03:36:07,0,3,3,嗯嗯，好
77039,1236,吴丰军,2018-04-29 03:36:28,0,4,4,老师很棒
77041,1236,吴丰军,2018-04-29 05:58:19,-1,2,3,嗯嗯嗯
77043,1236,吴丰军,2018-04-29 06:12:36,3,9,6,能感觉到老师这学期开始慢慢摸清楚了上课的方法以及和同学们的交流也越来越多了。
77050,1236,吴丰军,2018-04-29 11:48:11,3,12,9,太失望了。
78830,1236,吴丰军,2018-05-15 12:22:55,0,4,4,上课太水了。
84389,1236,吴丰军,2018-07-12 16:45:33,3,7,4,课水是真的，老师还算挺有经验吧，但上课没计划，布置起作业真是负担特别重，好自为之吧各位
86370,1236,吴丰军,2018-09-14 06:37:48,0,2,2,上课确实没什么干货。一样的东西讲好几遍。感觉老师对电影的认识和那些影视公众号比较像。。不能说没水平啊老师推荐的片子都挺不错的但也挺大众化的。。也就是没有什么特别的见解吧……比如你可以听他讲近年活跃在大众视野的是枝裕和啊贾樟柯啊【但你不会被安利阿尔莫多瓦和寺山修司。。。打个比方而已只是我自己比较喜欢的导演。。。以及老师真的应该挺忙的好像大二大三大四影视方面的课都是他【。。。可能真的是顾不过来吧……我觉得我们缺实操方面的老师很大程度上是学校的锅吧【【端着名校的架子只收搞学术的海归博士什么的。。另外不点名且各种不用上课让你自己去拍片诶。。只能说还有这种要交短片创作的实践课的存在已经很开心了……
103467,1236,吴丰军,2019-02-28 09:18:00,3,10,7,本科上过两门4学分必修，第一次课均迟到一节课以上，上课极水，还推销云台，已经引起全班不适，后来从每一届的学弟学妹那里听到对他的不满和吐槽。研究生又摊上他的4学分必修，连上课时间都没记清楚，短学期的课记成长学期的，八次课变成单周上课，其余时间让课代表在黑板上写外出调研，说是怕被当成教学事故，谁造成了教学事故心里清楚。剩下的四次课一次是外校老师讲座，其余三次是展示，作业相当于三篇论文，还希望我们能去发表，意欲何为?
103817,1236,吴丰军,2019-03-06 04:35:22,0,2,2,不好好教课只会扯废话
105705,1236,吴丰军,2019-04-18 18:18:09,0,3,3,展示前一晚提出展示要求?
107683,1236,吴丰军,2019-05-08 08:30:31,3,3,0,期末纪录片不够出彩，下4，但是之前每一次小组展示，我们都做得很认真，展示的时候还被表扬。最后成绩出来，只能说确实付出了很多努力，没能呈现出一个比较好的东西。
108785,1236,吴丰军,2019-06-02 06:50:55,3,7,4,老师专业水平挺好的，很看重学习态度，值得一上他的课
108786,1236,吴丰军,2019-06-02 07:53:42,4,7,3,听老师的点评能感受到他知识储备的丰富，就是吴老师的课让我掌握会了拍片子剪片子的技能，很庆幸大学期间有这样课程安排和老师
122786,1236,吴丰军,2020-04-07 01:26:26,0,4,4,呵呵。
124835,1236,吴丰军,2020-07-11 17:10:49,5,9,4,影视摄像出分了，被卡绩，这门课事情非常多，任务也非常繁琐耗时间。但是从开始的各种拉片分析，到之后的每次摄影作品我都有非常认真的完成，也在尽力地想去呈现一个好的作品。所有的作品都发在讨论区，交上去的期中作业说要剪辑成一部纪录片，然而现在也没有看到影子，你也并不清楚你的素材是否被选中。老师从来不公布各项作业评分，各项作业占比评分标准评分细则也没有，都是他今天想布置就布置。很多课有时候点评同学的作业能点评一个小时，甚至就是靠放一部电影，然后开个视频会议讨论让每个小组轮流这样水水就过了，甚至有时候还因为自己迟到一个小时导致上课上到快六点的样子，作为一门四分的大课，很没有教学计划，上课也很水，慎选。
127423,1236,吴丰军,2020-11-23 02:04:40,7,12,5,一日为师，终生为父，感恩吴老师，对学生特别认真负责！
134360,1236,吴丰军,2021-03-25 00:47:48,3,7,4,课水无计划事又多 真的无语了
134397,1236,吴丰军,2021-03-26 10:38:57,-1,6,7,马后炮放的一绝！建议养马场请他去放屁。
134398,1236,吴丰军,2021-03-26 11:48:26,2,5,3,老师人不错，就是喜欢在当你把作业拍完以后提出或修改作业要求。然后你就可以重新做一遍作业了。
134587,1236,吴丰军,2021-04-03 09:52:13,3,4,1,吴老师很棒！
134644,1236,吴丰军,2021-04-07 07:55:14,0,3,3,让人想转专业了
134932,1236,吴丰军,2021-04-23 03:30:10,0,3,3,太啰嗦了……
135648,1236,吴丰军,2021-05-18 04:33:49,0,2,2,呵呵了
135692,1236,吴丰军,2021-05-19 09:21:53,0,4,4,想一出是一出，布置作业的时候不跟你讲要求，作业提交以后这也不对那也不对
136060,1236,吴丰军,2021-06-10 14:01:09,3,5,2,能学到很多硬核知识，我目前最喜欢的老师没有之一，课不舍得翘，但可能在作业布置上有点随性（笑哭）
136247,1236,吴丰军,2021-06-13 15:56:35,0,3,3,我每节课都到，拍摄作业认真完成，给分3.6；我室友天天寝室睡大觉，拍摄用替身，得分4.2.学弟学妹细品吧
140479,1236,吴丰军,2021-09-13 02:40:13,-1,5,6,平心而论，吴老师的课干货非常多，如果认真听讲是可以学到非常多东西的，每次上吴老师的课都会忍不住坐前排（尽管有时候会睡着hhh）点评也不似有些老师似是而非，认真做完的作品老师会点评，而且一针见血，每次听完老师的点评后都有种醍醐灌顶的感觉。不认真的作品老师真的会生气。但是，老师有时候会在作业布置上比较混乱ಥ_ಥ而且遇上比较坑的组长最好和老师沟通。整体来说，干货满满，向想真的学到东西而不是一味追求绩点的同学推荐！
140701,1236,吴丰军,2021-09-15 07:11:59,2,4,2,至少会听取学生意见
157869,1236,吴丰军,2022-06-25 09:08:47,2,3,1,大作业好好做不会亏待你
180545,1236,吴丰军,2023-09-22 14:52:14,1,2,1,蛮有趣
192123,1236,吴丰军,2024-05-09 13:05:45,0,3,3,快跑！
193923,1236,吴丰军,2024-06-21 00:41:29,0,3,3,你真的，你没事吧？
195511,1236,吴丰军,2024-06-28 12:45:00,0,0,0,给分不好，伤心了~
195514,1236,吴丰军,2024-06-28 13:14:52,0,0,0,。。。。。
196087,1236,吴丰军,2024-07-01 13:11:47,-7,1,8,给一分都多了 你怎么配教书的？
199025,1236,吴丰军,2024-09-14 06:39:22,-4,3,7,可算开了眼了，几乎每教一个课绝对会迟到一次，迟到了还打算放电影来掩盖自己没备课的事实（上节课还让我们自己找片源呵呵呵），电影没放成又开始说时间不完整了要求同学们凑一个时间再补一次课，这不算教学事故？
199104,1236,吴丰军,2024-09-17 18:21:11,3,5,2,老师蛮挺好的 约OH也会安排时间 很有想法会给论文一些方向上的指导
199315,1236,吴丰军,2024-09-21 01:54:48,1,6,5,有些评论恶意太大了吧 一直很难忘记老师带我们的那几年 耐心又负责 真的会帮大家改论文 爱老师
199811,1236,吴丰军,2024-10-09 02:12:48,-1,1,2,我真的很无语。。。。。。纯折磨，废话多，干货少，记性也不好，朝令夕改，纯折磨
200827,1236,吴丰军,2024-10-23 04:32:39,1,1,0,每次都要点名，还要拖堂，课有讲不清楚，说实话，讲到现在我都还不知道编导到底是什么，天天放电影，天天展示，时间来不及就不耐烦。每次说什么大家认真做就好了，实际上非常双标，对留学生也非常不耐烦，简直垃圾。我不懂为什么他还没有被辞退，天天呆在学校里面祸害学生，自己上课没规划，还要说学生。yue\n\n脑袋空空
209845,1236,吴丰军,2025-01-07 08:45:57,1,1,0,一分无需多言
220655,1236,吴丰军,2025-06-19 05:45:11,0,0,0,虽然事多，但只要用心做分数差不到哪里去
93,1252,潘一禾,2015-03-14 15:49:06,84,99,15,潘老师的课是我从工科转到人文的重要原因之一。潘老师性格温婉善良，有着悯人却不悲天的情怀。她用心感受这个世界，感受世界的每一面。\n\n听潘老师的课就是享受啊！！
298,1252,潘一禾,2015-03-15 00:32:38,25,30,5,我女神！大一听她的课，在各种落差课程的包围之下终于如沐春风～
715,1252,潘一禾,2015-03-16 02:09:50,5,7,2,随和，讲课好，给分高！
813,1252,潘一禾,2015-03-17 11:26:05,43,50,7,人生导师和智慧女神，每次上她的课都有种洗礼的感觉，她会认清这个时代最根本最重要的问题，然后鼓励你时刻保持勇敢者的心，浙大最爱最敬仰，没有之一
1229,1252,潘一禾,2015-03-21 16:49:56,17,18,1,真的是好老师，讲的也好，上课也很认真，对每个人都呵护备至。很有思想的温柔的教授~课程结束的时候特意合影留念了~
2299,1252,潘一禾,2015-04-17 05:47:24,16,17,1,老师真的很棒！尊重学生；对学生超级好！温文尔雅；气质卓越～
2389,1252,潘一禾,2015-04-28 06:42:14,4,5,1,老师讲课讲的特别好！
2443,1252,潘一禾,2015-05-02 11:42:49,-31,8,39,其实并没有那么好
2455,1252,潘一禾,2015-05-03 18:48:40,9,10,1,博识 包容性强 温文尔雅 夫妻好般配><
2514,1252,潘一禾,2015-05-04 13:22:09,7,9,2,太棒了，大学中最好的老师。
2826,1252,潘一禾,2015-05-08 09:01:50,4,5,1,吼啊！资瓷！
4458,1252,潘一禾,2015-06-23 08:48:14,11,13,2,和徐岱在给分上充分体现夫妻档……
4789,1252,潘一禾,2015-06-29 01:57:18,4,5,1,老师人非常好~听她的课绝对是享受。
4860,1252,潘一禾,2015-06-30 01:47:26,16,16,0,潘老师是我坚定地学汉外的理由
5586,1252,潘一禾,2015-07-08 13:10:25,20,21,1,和徐岱夫妻档，讲课好，给分好，这是我唯一一门满绩的课，唯一一门自己写了三四千字的论文，纯原创，查阅大量文章，他们夫妻在人文学科和人文情怀上都是顶尖的，大爱
6818,1252,潘一禾,2015-07-23 07:22:09,1,2,1,我缩资词！
8650,1252,潘一禾,2015-09-23 13:34:55,2,4,2,只有赞！
8993,1252,潘一禾,2015-10-08 10:21:45,2,2,0,会给你思想的启发，不是简单地叙述故事，会结合体悟
15080,1252,潘一禾,2016-01-12 02:31:50,3,4,1,正在听她讲安娜
15369,1252,潘一禾,2016-01-14 05:40:57,2,3,1,很好的老师 很庆幸遇到
15441,1252,潘一禾,2016-01-14 11:32:17,2,3,1,很棒的老师
15449,1252,潘一禾,2016-01-14 12:06:31,2,3,1,赞赞赞
15654,1252,潘一禾,2016-01-16 04:50:07,4,4,0,超级好 ，有文化有胆识，给分也好
15669,1252,潘一禾,2016-01-16 05:37:33,2,3,1,给分非常好
15699,1252,潘一禾,2016-01-16 07:06:30,3,5,2,真心棒！学了中文挺失望的，听了她的课方知什么是有情怀的老师。
15818,1252,潘一禾,2016-01-16 10:41:31,4,5,1,如沐春风
21007,1252,潘一禾,2016-02-09 16:49:10,4,5,1,好老师！
23782,1252,潘一禾,2016-04-16 12:20:53,-3,3,6,潘老师的课是还不错了 而且人也很好 但是作为文科生的我 真的感觉上课没有学到太多东西 （不过也不能指望太多 通识课嘛） 还是推荐一个好了 只是好像没有大家说的可以上天的感觉
23870,1252,潘一禾,2016-04-19 07:32:27,3,4,1,如沐春风，人生导师，思想深厚，人文关怀，亲切友好，意犹未尽。
23922,1252,潘一禾,2016-04-21 07:46:44,10,10,0,西方文学经典H 讲的很好 不知给分如何 但是听课已经值了
24269,1252,潘一禾,2016-04-29 04:16:44,2,2,0,好棒的
24271,1252,潘一禾,2016-04-29 04:36:49,2,2,0,文学的熏陶 思想的闪光 有收获！
24282,1252,潘一禾,2016-04-29 05:19:03,2,3,1,非常好的老师，每节课都精心准备过，给分也很好，但毕竟还是一门通识课，很多东西都没时间讲，所以收获有肯定是有，不会非常大
24308,1252,潘一禾,2016-04-29 09:39:53,2,4,2,卧槽，满绩了，谢谢老师\n\n
24345,1252,潘一禾,2016-04-29 16:15:36,1,1,0,给分好\n\n
24348,1252,潘一禾,2016-04-29 16:59:25,12,12,0,潘老师人超级好！上课的时候虽然一些学生（包括我）没有眼力见，一直玩手机、用电脑，老师依旧很耐心地在台上讲解着文学经典。她也说希望竺院的学生、浙大的学生能够更有领导风范，而不是仅成为团队建设的一名工人。作为通识课真的超级赞！上课既能欣赏文学电影，学习文学知识，还有很活跃的讨论，老师也很乐于交流。任务是两篇随笔和一篇论文，挺好的
24360,1252,潘一禾,2016-04-30 02:10:49,2,2,0,女神 绝对的女神 上老师的课会觉得整个人都升华了 老师也很谦虚 时常向我们要一些建议什么的 非常棒的老师 给分也非常棒
24501,1252,潘一禾,2016-05-01 00:15:26,2,2,0,很后悔因为显示所迫经常在考试课上写作业之类。潘老师的课非常值得一听。研究文学，也能跟上时代的步伐，有更多的人文关怀。老师尊重学生的意见，非常棒。
24634,1252,潘一禾,2016-05-02 11:57:18,2,2,0,老师人特别好 给人一种很舒服的感觉 给分更是好得没话说
24878,1252,潘一禾,2016-05-04 06:24:35,-15,2,17,说好的4.72的均绩呢
25402,1252,潘一禾,2016-05-17 08:36:25,2,3,1,我觉得选了一定不会后悔的\n\n讲课很仔细 又很认真\n\n全程都是干货 有老师自己的内容\n\n也会经常倾听学生的想法\n\n真的把表现出一门文学课应有的高价值
26278,1252,潘一禾,2016-06-16 13:24:02,2,2,0,真正喜欢和学生交流的好老师
26384,1252,潘一禾,2016-06-17 10:15:07,4,4,0,老师非常有人文情怀，讲文学作品视角独特西方文学经典是我在竺院上的最好的课之一
27614,1252,潘一禾,2016-06-27 05:01:31,2,2,0,温柔 上课有趣 给同学很多思考空间 真的能在很快乐的阅读学习过程中得到提升 不得不说老师不给学生学习压力 作业不多要求少 给分好 真的好喜欢
27693,1252,潘一禾,2016-06-27 08:33:19,2,2,0,上课就是一种享受，给分4.5非常满意。
28009,1252,潘一禾,2016-06-28 07:58:55,3,3,0,潘老师的课会让你认认真真一直听下去，有一节课说起她早逝的同学没有完成在中国古典文学的梦想，老师眼睛一红，很心疼。推荐去选。
28247,1252,潘一禾,2016-06-28 08:20:47,-13,0,13,还是水
28571,1252,潘一禾,2016-06-28 10:29:42,5,5,0,我一个工科生深切感受到什么叫读书，上课讲的炒鸡棒，鼓励同学们发言，也不强制，期末论文轻松，我水了以后感觉好后悔，给分太好了。
34200,1252,潘一禾,2016-09-28 08:25:40,2,2,0,可惜没选上，但是每周都去旁听
40603,1252,潘一禾,2017-01-04 08:50:40,2,2,0,如沐春风
41811,1252,潘一禾,2017-01-13 00:15:04,2,2,0,很有人文情怀，很最终学生，用心上好课的老师！
42397,1252,潘一禾,2017-01-14 06:24:30,2,2,0,如沐春风
42422,1252,潘一禾,2017-01-14 07:45:55,2,2,0,老师气质超好！人也很nice！重点是给分好，给分真的不能更好！浙大好老师！
42458,1252,潘一禾,2017-01-14 08:54:25,2,2,0,老师超棒，我不是文科生但是也是学到了很多
42523,1252,潘一禾,2017-01-14 10:56:12,5,7,2,真的是好老师\n\n她教的不只是知识，更是文学，还带给你人生体验。\n\n你想学经典文学，可以选，你想水绩点，也可以选，你想翘课挂科，自然可以选\n\n一切随缘\n\n我很喜欢\n\n人生唯一的满绩可能\n\n无所谓了\n\n我爱文学\n\n文学爱我吗？
43630,1252,潘一禾,2017-01-16 16:00:16,2,2,0,超级好的老师，讲的超棒
46347,1252,潘一禾,2017-01-21 09:49:30,1,1,0,有东西，人好分好
48074,1252,潘一禾,2017-02-28 10:03:49,1,1,0,享受...
49161,1252,潘一禾,2017-03-28 04:07:13,2,3,1,给九分少一分怕老师骄傲嘿嘿\n\n充当了语文老师的角色？但是更人生导师一点，很多想法很有见地，文艺美学上得不满意，在潘一禾老师的课上感受到美学~（文艺美学不是徐岱老师上了好难过）
50113,1252,潘一禾,2017-04-30 02:14:15,1,1,0,好老师啊
50115,1252,潘一禾,2017-04-30 02:42:04,3,4,1,这么说吧，我一工科生，这是我唯一选的纯人文类的通识课，必须推荐。老师三观正，讲课有思想，给分又好，建议通识没修满的同学考虑一下。
50116,1252,潘一禾,2017-04-30 02:44:59,1,1,0,老师非常好
50119,1252,潘一禾,2017-04-30 03:06:52,3,3,0,老师很好，上她的课能学到很多东西，而且给分还好，这样的好老师不多了
50137,1252,潘一禾,2017-04-30 06:50:46,3,3,0,没满，但是这门课带给我的触动超级大。人文关怀这个词是确确实实存在的，能看到真正优秀根博大的一些思想。
50142,1252,潘一禾,2017-04-30 08:12:28,1,1,0,老师很好很温柔，每次的分享都带给人很好的思考，让人重新理解自己。
50824,1252,潘一禾,2017-05-06 02:20:44,4,4,0,绝对的好老师。她的课是那半个学期听得最认真的课。老师教我成为一个真诚向善的人，谢谢老师！
51006,1252,潘一禾,2017-05-12 00:52:29,1,1,0,感叹西方文学经典为什么只有一个短学期
51793,1252,潘一禾,2017-06-10 09:48:42,3,3,0,老师思辨能力很强，思维开阔思想开放。给分非常好，超级友善！！
54333,1252,潘一禾,2017-06-29 06:01:32,2,2,0,认真听能扩宽自己的眼界吧，老师还谦虚的说自己不懂电影和文学hhh很可爱
55540,1252,潘一禾,2017-07-02 00:44:27,1,1,0,一生的老师
66846,1252,潘一禾,2018-01-19 07:30:35,6,6,0,听潘老师的课是一种享受啊，同学和老师都不带任何的功利主义，就是单纯的欣赏，小伙伴们相处的很融洽，老师给分也超好！
66962,1252,潘一禾,2018-01-19 12:52:28,5,5,0,老师带给了我一个全新的看文学的视角，让我深深的感受到了自己的浅薄，而且有了很强烈的让自己不浅薄的欲望。最认真写的论文和随笔，谢谢老师！！！
71699,1252,潘一禾,2018-01-29 01:17:29,2,2,0,潘老师真的是大学遇到的特别棒的老师，可惜老师马上要退休了……以后再也不能听老师的课了哭……
94106,1252,潘一禾,2019-01-15 07:53:52,5,5,0,用语言真的无法形容潘老师的好了
94108,1252,潘一禾,2019-01-15 07:54:17,6,6,0,我知道她的好\n\n但是你们上不到\n\n哈哈哈哈哈哈哈哈\n\n真实女神！是谁！打了九分？！
94110,1252,潘一禾,2019-01-15 07:56:04,5,5,0,潘老师太好了55555真的太好了！！有思想又有趣，一学期的课收获满满。而且人也很好每次随笔从来都不催会一直耐心等到最后一个同学写完（没错是我）必须十分都进来给我打十分啊啊啊啊啊啊！
95179,1252,潘一禾,2019-01-19 04:03:20,6,6,0,呜呜呜呜，太喜欢潘老师讲课了，每节课都会有戳到我泪点的想法！对于我们每个人的观点都很包容，也会讲一些她自己人生中的感悟！讨论很多，小伙伴们也都超好！！谢谢老师！爱您～
95181,1252,潘一禾,2019-01-19 04:10:18,6,6,0,非常幸运能选上世界文学经典！谢谢老师！感恩！
95189,1252,潘一禾,2019-01-19 04:27:56,5,5,0,老师讲课非常好，很有人文素养，真正的让我思考读书这件事。这学期跟着老师看了很多经典文学，可惜自己不是很有想法和讨论的余地，谢谢老师给的高分。潘老师真的是我上大学以来遇到最好的老师，真想还上她的课。
95198,1252,潘一禾,2019-01-19 04:44:50,5,5,0,啊啊啊超级好的老师！真的很精彩的课呜呜呜！可是老师好像今年要退休了，不能再上老师的课了。真的学到了很多，对我产生了很大影响！太喜欢了老师了呜呜呜呜
95441,1252,潘一禾,2019-01-19 11:43:31,5,5,0,潘老师真的不教本科生了吗我原地哭晕
95481,1252,潘一禾,2019-01-19 12:45:53,5,5,0,老师真的超棒，可以启发我们很多思考，可惜老师以后不再开本科生的课，真的好喜欢上老师的课。
96255,1252,潘一禾,2019-01-20 15:15:49,5,5,0,老师的课真的超级超级棒！呜呜以后听不到老师的课了好难受
96353,1252,潘一禾,2019-01-21 01:03:55,5,5,0,超级赞！大开学生视野！
96599,1252,潘一禾,2019-01-21 07:20:56,5,5,0,啊啊啊啊啊遇到过的最好的老师没有之一啊啊啊啊从来没有这么认真地写过论文，没有抄袭完全自己写了七千字上交。老师贼和蔼！课上得贼好！老师会引导大家思考和讨论，打开思路！从来没想到课堂随笔是我最快乐的时光！总之潘老师太好了我给大家表演一个疯狂土拨鼠尖叫吧啊啊啊啊啊啊啊啊啊啊！！！！！！！！！
102995,1252,潘一禾,2019-02-25 09:18:51,2,2,0,包容与爱在一位老师身上的极致体现
119979,1252,潘一禾,2019-11-17 02:54:36,1,1,0,还可以
2833,1262,邵志择,2017-01-09 06:58:46,19,32,13,非常随便
10831,1262,邵志择,2015-11-23 06:32:47,0,3,3,男神
12899,1262,邵志择,2015-12-24 07:52:11,0,2,2,儒雅的
13694,1262,邵志择,2015-12-30 11:00:57,8,12,4,算了…这个不讲了…算了…这个也不讲了
14465,1262,邵志择,2016-01-14 10:08:39,0,2,2,超级棒！男神气质足
15146,1262,邵志择,2016-01-12 08:08:40,-3,2,5,好随便
15279,1262,邵志择,2016-01-13 08:38:37,0,2,2,帅老师一枚
15409,1262,邵志择,2016-01-14 09:25:28,32,36,4,冲着他比另一个新闻学老师均绩多了1分多我就给满分
15413,1262,邵志择,2016-01-14 10:00:45,0,5,5,太随便啦，分数出的最快，就三分，想问他怎么评分的
15414,1262,邵志择,2016-01-14 10:08:09,17,18,1,上课水 作业少 给分高 老师帅
15423,1262,邵志择,2016-01-14 10:36:47,1,3,2,老师人很好 很随便 论文交了2、3天就出成绩了 看看那4.4的均绩，虽然我低于这个 也比另外的老师好的多吧
15439,1262,邵志择,2016-01-14 11:21:34,0,2,2,很水，但老师人很好，知道我们大一的水平，所以不会布置很难的论文
15457,1262,邵志择,2016-01-14 12:59:37,1,2,1,新闻学水课
15458,1262,邵志择,2016-01-14 13:03:29,17,18,1,老师讲课很好！非常儒雅，给分也不错，论文认真写就好。
15925,1262,邵志择,2016-01-16 15:34:44,12,12,0,给分炒鸡棒！只要论文好好写！
15935,1262,邵志择,2016-01-16 16:02:54,14,16,2,隔壁丁苗苗的孩子。。。均绩差了一分只能羡慕了。。。为不能成为邵男神的学生难过
26966,1262,邵志择,2016-06-22 02:52:14,11,11,0,感觉是遇到的最有儒雅气质的老师~课水事少给分好！
28092,1262,邵志择,2016-06-28 08:05:58,-17,2,19,这个老师的有些观点有点偏激，特别是涉及到新闻的客观性，以及国家社会政党上，但是看在他不点名不考试就一篇论文的教学方式上，我持保留意见
41893,1262,邵志择,2017-01-13 07:32:07,7,7,0,邵老师的课想听的话还是非常有意思的，讲得很好，关键人长得帅，给分还超级超级好，超级感动
41897,1262,邵志择,2017-01-13 07:40:44,4,6,2,邵老师超级棒啊！给分巨高作业少还不点名。
41899,1262,邵志择,2017-01-13 07:44:34,1,1,0,新闻学这课内容说实话蛮无聊的，不过感觉老师人很好，准备课也挺认真的。事蛮少的，期中期末各一次小论文，重点是给分很好啊！
41906,1262,邵志择,2017-01-13 07:59:48,-1,1,2,我倒是觉得老师这样不是很负责，每节课都到认真写论文还没有一学期去几次水论文的高嘿嘿
41921,1262,邵志择,2018-12-26 06:46:06,7,7,0,老师超好！不点名作业少给分高(/ω＼)当然我每次都去的！表白男神！
41933,1262,邵志择,2017-01-13 08:55:14,7,7,0,可水可听，还是能收获一些知识的，作业要求低，给分也好，但没有查老师中的均绩这么高，新基在4.0左右
41960,1262,邵志择,2017-01-13 09:57:52,1,1,0,没点到过
42116,1262,邵志择,2017-01-13 15:17:41,1,1,0,不点名，作业少，给分好，课不错。强势安利。…还有蛮帅的呢。www
42168,1262,邵志择,2017-01-13 23:16:28,0,0,0,老师讲课的内容很丰富，但是不点名也不考试我一个学期的课就这么水过去了。。。但是给分真的超好
42826,1262,邵志择,2017-01-15 08:45:26,0,0,0,男神！
44733,1262,邵志择,2017-01-18 07:18:10,1,1,0,事情少 两篇论文好好写吧 不要抄袭
45151,1262,邵志择,2017-01-19 05:02:14,0,0,0,男神！非常帅！上课挺水的，给分很好！
46105,1262,邵志择,2017-01-20 15:15:11,0,0,0,老师很有思想，给分也很好。赞
54253,1262,邵志择,2017-06-29 01:56:15,-1,4,5,很无聊很水
54270,1262,邵志择,2017-06-29 02:27:51,0,2,2,目前新闻系最喜欢的老师，这学期唯一一门每节课都认真听的课
55096,1262,邵志择,2017-07-01 00:13:49,1,2,1,新闻学概论考试成绩占100%
58007,1262,邵志择,2017-07-22 10:53:28,1,1,0,人很儒雅
61823,1262,邵志择,2017-11-21 06:21:02,0,0,0,男神男神
66691,1262,邵志择,2018-01-18 09:47:23,-16,2,18,只去过一节课，绩点4.5\n\n大家看着选
66714,1262,邵志择,2018-01-18 13:41:56,10,11,1,老师很有风度，人也真的很好，当早课人来得很少时老师甚至说觉得应该8点50上课，同学早晨确实比较难起来。新闻学基础知识还是比较入门了解性的课程，相当多同学上课积极性并不是那么理想。还是真心希望不仅仅以两篇文章论成绩。当看到和自己学习态度和程度相去甚远的同学拿到一样的成绩，真的不开心ಥ಼ ர் ಥ಼
66730,1262,邵志择,2018-01-18 14:47:04,0,0,0,论文好好写给分很高(有点虚自己也没听课
66757,1262,邵志择,2018-01-19 01:28:39,-9,3,12,只能说自己第一次论文写崩溃了吧，老师上课是传统媒体，结果我暴露自己没去上过课的事实，交了一篇隔壁韦路老师的新媒体方向论文上去，还好有期末大论文挽救我，勉强上4.5
66762,1262,邵志择,2018-01-19 02:36:49,0,0,0,男神，知识量超级大
66767,1262,邵志择,2018-01-19 02:51:33,0,1,1,老师有风度 有气质 相当男神了！给分不是一般的好
66779,1262,邵志择,2018-01-19 03:58:53,10,12,2,大学以来最喜欢的老师。水不水看个人，老师对于学生的要求不高，不会像高中老师那样要求你上课不玩手机不旷课。认真听课真的会收获很多干货，老师备课认真，课件内容往往连上课前几天刚刚发生的事都有，比某些老师用了几十年的陈年老PPT不知高到哪里去了。
66790,1262,邵志择,2018-01-19 05:20:31,1,1,0,邵男神！给分超好！脾气也超级好～
66816,1262,邵志择,2018-01-19 07:06:59,1,1,0,老师超好！虽然我没怎么听。给分也超好！
66831,1262,邵志择,2018-01-21 06:25:45,1,2,1,邵男神的新基有点知识普及的感觉，也不会管你听不听，但听了应该还是有收获的。期中期末各一篇文章，如均绩所示，给分很好！
66844,1262,邵志择,2018-01-19 07:30:08,-3,0,3,绩点出来我来点个赞!!!!!!
66912,1262,邵志择,2018-01-19 09:10:09,0,0,0,真·男神 帅气儒雅给分好
67003,1262,邵志择,2018-01-20 00:26:37,0,0,0,给男神老师一朵小fa
68154,1262,邵志择,2018-01-22 15:46:33,0,1,1,老师超帅！冲突选课没法去上课真的太遗憾了qaq，给分也很好！
69172,1262,邵志择,2018-01-24 09:28:12,6,8,2,我怎么觉得全班都是4.5呢
69646,1262,邵志择,2018-01-25 06:33:31,0,1,1,要求很低，给分很好，但是认真听课还是蛮有意思的，有很多记者的小故事
74990,1262,邵志择,2018-03-07 02:17:22,3,3,0,老师温柔 给分一般
77824,1262,邵志择,2018-05-08 04:01:01,-13,1,14,新闻学基础知识去过3次课 4.8
80913,1262,邵志择,2018-07-02 15:58:37,1,1,0,邵老师是超好的老师，讲课很棒，也是巨好的班主任！
80922,1262,邵志择,2018-07-02 17:28:17,0,0,0,超级nice
81027,1262,邵志择,2018-07-03 11:14:17,0,2,2,给分一般般
81550,1262,邵志择,2018-07-05 10:54:10,2,2,0,老师很好_(:з」∠)_不过感觉新闻学概论期末论文给分真的很严格（毕竟这是唯一的作业
93637,1262,邵志择,2019-01-11 04:09:43,11,11,0,又温柔又儒雅，很多人说他课水，我反而觉得邵老师温柔到我不忍心水他的课，老师课讲课是很好的，脾气太好到不忍心说水课的同学，真的听课是可以知道很多的……老师说上课的目的不是为了考试，所以考试和上课内容是分离的，绩点也给的超大方~真心喜欢邵老师！
94311,1262,邵志择,2019-01-16 06:14:39,2,3,1,老师真的超级好！男神老师又温柔给分又好 大爱了
94341,1262,邵志择,2019-01-16 06:56:20,0,0,0,老师给分太好了吧！！
94355,1262,邵志择,2019-01-16 07:26:10,20,21,1,作为一名理学生选了他的课 上课我觉得不是水 让我听完都有了想转新闻系的冲动 他真真正正在给我们传输一名新闻人的精神 拓展我们的视野 而且他对待大学上课和考试的态度非常正 说我们上课又不是为了应付考试 作业和考试形式都很棒 如果有人不喜欢期末考的形式的话 还能跟他商量（但是应该没有人不喜欢吧）很民主很照顾学生
94363,1262,邵志择,2019-01-16 08:15:02,3,3,0,好！帅！
94386,1262,邵志择,2019-01-16 09:20:19,2,2,0,老师很有气质，课虽然水，但老师也有认真讲，真的是邵男神了
94464,1262,邵志择,2019-01-16 14:36:54,-4,6,10,完全不点名，不去上课，期末4.5，室友4.8，考虑一下?
97504,1262,邵志择,2019-01-22 09:33:36,0,0,0,莫名想认识一下楼下的理学生（嘻嘻）
109882,1262,邵志择,2019-06-20 04:00:42,3,3,0,专业水平过硬，学术上研究的也是真正值得研究的问题，对近现代新闻史和思想史研究很有见地，研究思路和方向有新意，如果能在课上讲讲这方面就更好了。为人和善，真正的学者风范，讲课逻辑清晰，言简意赅。
121173,1262,邵志择,2020-01-20 02:34:32,-1,1,2,老师真的是温文尔雅，上课挺水的，但是认真听能得到很多知识。最后给分很好啊，和室友都是4.5，吹爆邵老师！
125674,1262,邵志择,2020-09-13 01:38:45,0,1,1,好好好
126503,1262,邵志择,2020-09-28 15:10:49,2,3,1,16级最好的班主任，感谢您~
127919,1262,邵志择,2020-11-30 08:44:07,26,26,0,今天在课上，小邵老师说，他觉得人是有惰性的，比如天气冷了，同学们就可能不来上课。他又说，他不会来管大家学习不学习，他相信人有最基本的自制力。我觉得小邵老师最接近我心目中“先生”的样子。博学，对各种书信手拈来；宽容，不把知识、观念强加到同学身上，尊重每一位同学。上小邵老师的课，总觉得春风拂面，我仿佛看到一位穿着长袍马褂、风度翩翩的先生正在向我走来。
147183,1262,邵志择,2022-01-09 04:19:52,-1,2,3,邵老师就是谦谦君子呀\n\n知识面很广，上课也会延伸，好好听就有收获哒
147209,1262,邵志择,2022-01-09 05:51:53,-7,8,15,所有课都是4.5\n\n拼尽全力或者水着都是一样
164564,1262,邵志择,2022-12-22 02:12:40,0,4,4,看到邵男神的课，\n\n一个字：\n\n冲\n\n两个字：\n\n快冲
175040,1262,邵志择,2023-06-21 08:30:08,11,13,2,给分变低了 所以人是会变的对吗
175041,1262,邵志择,2023-06-21 08:32:57,7,9,2,给分没有想象中好。。。
175047,1262,邵志择,2023-06-21 09:02:36,-14,5,19,作为跨专业选手真心感觉老师很好，讲课非常好，上课也不会点名，听这个课确实可以拓展有关新闻学的视野。虽然最后给分没有达到预期（4.2勿喷）有点失落，但是10分为老师奉上。
175055,1262,邵志择,2023-06-22 04:17:27,6,12,6,上课体验不好\n\n老师知识还是渊博的，但是讲课不吸引人\n\n也不知道是老师说话声音小还是麦克风有问题\n\n坐后排根本听不清楚\n\n老师很喜欢看外国新闻，ppt和作业全都是英文，也不知道花这么长时间看英文新闻对我学新闻知识有什么帮助\n\n给分和前面说的大相径庭，狠狠地绩杀\n\n感觉他黑化了
175059,1262,邵志择,2023-06-21 10:05:00,11,12,1,老师啊，你怎么变成这样了呜呜呜呜呜……
175060,1262,邵志择,2023-06-21 10:14:22,-26,3,29,完全不点名，靠自己自觉努力了一个学期，喜提5.0，爱死邵男神啦
175112,1262,邵志择,2023-06-22 07:34:16,15,18,3,所以，现在船院的老师还剩几个没有黑化的。。。
175675,1262,邵志择,2023-06-26 07:19:45,6,8,2,妈呀这个给分…老师讲的是好的只是给分真的…我态度其实还挺认真的，可能新闻方面能力不行吧…好伤心
179497,1262,邵志择,2023-09-18 14:32:45,5,5,0,所以，爱是会消失的，对吗
185734,1262,邵志择,2024-01-04 03:18:36,1,2,1,喜欢邵老师 不解释
186714,1262,邵志择,2024-01-12 15:25:25,4,6,2,事情不多 给分不好
186747,1262,邵志择,2024-01-13 02:14:25,0,8,8,这次新闻事业给分刷新personal worst了
186765,1262,邵志择,2024-01-13 03:25:31,-2,4,6,闭卷考，快逃。。。
186769,1262,邵志择,2024-01-13 04:13:54,4,7,3,考前复习整整一周，4.8，没辜负，开心！
186795,1262,邵志择,2024-01-13 05:53:01,2,3,1,邵老师做的PPT非常用心，尤其是找图片真的很会找!逻辑环环相扣，老师人也挺好的。虽然我真的不热爱新闻事业，全程没怎么去教室听课但是认真写了报告，考试考的还行，所以绩点也上4了……知识性课程还是适合集中地自学。但这不妨碍邵老师知识渊博风度翩翩，对记者行业有很深的热爱，而且包容我们有不同的想法，是我非常尊重的老师。
187149,1262,邵志择,2024-01-14 18:37:03,-4,0,4,认真复习不会错的，喜欢邵老师～
187225,1262,邵志择,2024-01-15 07:36:38,2,3,1,非常舒服的一节课，老师给人的感觉非常亲切儒雅，很喜欢上他的课。虽然有时候会犯困，在前排睡觉，不过老师没管；有过一次点名，主要是上座率太低了，忍无可忍。写了两篇新闻分析加上期末考，绩点4.2，比均绩高了不少，是我比较满意的，长得还帅！！
189998,1262,邵志择,2024-02-07 11:11:55,5,6,1,大一工信尝试选了这门跨专业。\n\n虽然名单人不少，但来的人可以算得上是“小班教学”了，老师讲课也很顺畅，所以课上得特别舒服，有种安心感。\n\nppt挺多，但是考试只考他讲的内容，所以备考压力几乎没有，最后考试的感觉也不错，没有为难大家，是这个学期上过来感觉最舒服的一门课了。
194375,1262,邵志择,2024-06-23 12:19:44,12,13,1,新闻学概论 88分4.2 我怀疑4.2是大多数同学的分数
208324,1262,邵志择,2024-12-27 01:35:40,3,3,0,考完试来说，老师人真的很好啊，早八一开始就两个人来上也不生气，而且不点名。来浙大上了这么多课，只有邵老师让我感受到真正文科老师的样子。上课也不水啊，认真听就会有收获。而且老师分享的各个媒体的故事也很有意思。考完试了求高分😇
209265,1262,邵志择,2025-01-05 09:08:23,2,3,1,课可以，分不行
209345,1262,邵志择,2025-01-05 13:55:36,-7,1,8,原著选读，两篇读书报告都写了3k，考试题目都准备到了，最后4.5，只能说还可以吧
210080,1262,邵志择,2025-01-08 06:05:09,1,2,1,真正的学者，也是一位很好的老师。新闻原著选读当跨专业修，课堂上认真听+读书报告认真写，最后的考试都是听了老师讲解+ppt内容就能不错地答出来，给分也挺好对得起付出的努力～总之上了不亏，能学到很多知识，是上过体验感最好的一门跨专业了。
211681,1262,邵志择,2025-01-12 07:07:33,2,2,0,给分非常一般，学的没学的，来的没来的，认真的不认真的分都一样
217694,1262,邵志择,2025-04-15 07:47:25,1,2,1,绝对是船院最好的老师。。。事少分高，讲课清晰，是有人文关怀的课堂。而且你们知道吗，老师的课堂案例很多都找的是十几天内刚发生的事。。。在这个人均高度惰性的船员有多难得你们懂吗。
220131,1262,邵志择,2025-06-15 08:44:10,0,0,0,首先，老师人很好，不点名，作业也只有一个。其次，老师人很好，讲的内容超级新，认真听真的有不一样的感受。最后，我觉得给分还行
43266,1430,范志忠,2017-01-16 05:02:36,-5,1,6,讲的很好，鸡汤型的
45312,1430,范志忠,2017-01-19 10:01:30,5,10,5,喜欢说我和某某导演/电影相关的领导等等在哪里见面说了啥决定一起怎么样。当代电影思潮除了课上放电影就是讲和教材上差不多的内容。老师讲的不错，但是如果这么多时间在聊没什么意思的东西还不如直接自己看他的书。
66488,1430,范志忠,2018-01-17 03:39:43,4,8,4,非必修还是退了吧
66628,1430,范志忠,2018-01-17 16:00:34,6,10,4,电影思潮巨水，全程看电影。老师上课讲的内容非常意识流，没什么干货。
66853,1430,范志忠,2018-01-19 07:39:24,0,2,2,当代电影思潮 基本就是在放电影 最后要求写微电影剧本，然而怎么写却一点也不讲，要求也完全没有，对外专业来说有点为难。课程结束之后并没有写到很多知识，但积累了不少电影，也会尝试用更专业的角度去分析电影，这种课还是重在兴趣吧，绩点什么的还是别在意为好。
71772,1430,范志忠,2018-01-29 02:58:19,0,1,1,老师怎么还不出分啊…
72563,1430,范志忠,2018-01-30 11:30:23,-6,4,10,当代电影思潮，不点名，讲课时间也不多，大部分时间都是在看电影，每节课的电影类型都不同，各种片都有，也有小众电影。期末作业是写一个微电影，最后一堂课期末考试，就只有一个问题，开放性回答。最后给分不错～
72935,1430,范志忠,2018-01-31 11:44:37,1,6,5,基本就是在放电影，最后写一个微电影剧本，一个随堂考试。然而剧本怎么写一点也不讲，要求也完全没有，随堂考试也巨随意，连题型都不愿意透露太多，同学问一下，他说:我说了对没来的同学不太公平……那对我们这些冬天早起上早八的课的同学公平不？……给分也挺随意的，说什么写得多的有高分吧，毕竟你辛苦……恶竞的源泉呐！
73854,1430,范志忠,2018-02-03 09:04:57,-2,3,5,不点名，冷幽默，考试不难
97956,1430,范志忠,2019-01-23 02:43:00,-13,7,20,大家都多少啊？为什么我这么差啊 才3.9靠
97995,1430,范志忠,2019-01-23 03:28:56,11,28,17,传院最垃圾的课没有之一，学分这么大什么都不讲，三分之二时间都在放电影，剩下的时间信天游意识流胡说，毫无体系和逻辑，考核是一个影评和开卷考试，说平时回答问题的同学有加分，压根没有人主动回答都是他从名单里点，被叫起来的人随便说一说然后就有加分，醉了
98001,1430,范志忠,2019-01-23 03:35:55,4,11,7,3.3的哭了，所有作业都交了，点名也没缺课
99660,1430,范志忠,2019-01-25 04:37:22,4,7,3,好奇如此主观的影评和大部分是开放题的考试老师到底是用什么标准评分的？
104276,1430,范志忠,2019-03-15 13:34:51,7,10,3,垃圾老师，害人精
136178,1430,范志忠,2021-06-12 02:46:33,0,3,3,很不错
137076,1430,范志忠,2021-06-30 12:50:17,2,3,1,不喜欢
149517,1430,范志忠,2022-01-15 17:18:44,0,3,3,课比较水，给分还不错
149532,1430,范志忠,2022-01-16 01:36:46,-3,5,8,挺好的！很水！对电影感兴趣的可以来当放映厅看看！考试的话主观题，不用复习，看ppt和书就可以。大作业有兴趣创作的也不错。分还可！
149686,1430,范志忠,2022-01-16 11:03:34,9,10,1,垃圾 分差事多靠着学生刷业绩
161313,1430,范志忠,2022-11-04 04:58:54,-2,3,5,范老师博学幽默，上课轻松开放，给学生空间自己思考与学习。不是那种刻板传统手把手教学的形式，这也是影视专业需要学生在老师引导下自己去理解与感知的不同之处。
165487,1430,范志忠,2023-01-07 05:03:38,0,1,1,课程内容主要是看电影，期末是一篇论文和随堂小测，事少，给分也不错
165498,1430,范志忠,2023-01-07 08:22:21,1,4,3,进大学以来第一门绩杀。。。真就无语，每节课都没有缺勤，大多数课都认真听了，期末论文认认真真写的还参考了很多资料写了我最爱的电影，结果还被绩杀，而且这个课整个学期也没学到啥，就是每星期四节课差不多就是3.5节都在看电影或者电影片段（如果是有纯粹想来看电影娱乐放松的同学，大多数课上放的电影我想你不会感兴趣），0.5节课老师对着课本胡扯，期末随堂小测更离谱，两节课的时间写两个关于电影的论述题，每个题字数不得少于一千，还查重，打字直接打到键盘起火。不说什么了，大家谨慎选择吧。
165553,1430,范志忠,2023-01-08 09:30:23,1,2,1,我感觉他的课还是比较水的，两篇1000字的小测，一篇3000字论文，只要认真写，给分还是比较好的。
166894,1430,范志忠,2023-01-14 07:05:03,3,6,3,不点名，上课蛮水，有论文和开卷考试 但难度不大，基本是个人主观看法写出来就行，给分还是很不错的
166969,1430,范志忠,2023-01-14 12:12:04,1,1,0,乐，这课程的分数和老师关系不大
210431,1430,范志忠,2025-01-09 07:05:07,4,4,0,不要为了美育分选当代电影思潮！
210438,1430,范志忠,2025-01-09 07:15:11,2,2,0,不知道你是怎么给分的，垃圾
210452,1430,范志忠,2025-01-09 07:48:17,3,3,0,刷新了我对水课的认知，给分差还卡绩。\n\n如果打不开艺术之门就不要硬闯了，闯不进去就算了，如果闯进去了，上课水的话老师会说你浪费教育资源的，拿那些没闯进来的人批判你，用自己去某学校讲课的例子说zjuer上课甚至不如某某学校的学生认真。
210571,1430,范志忠,2025-01-09 11:12:59,2,2,0,纯纯cjb，发作业要求什么的根本就没有说清楚，第二天上课要交前一天晚上才让助教通知。给分和💩一样
210937,1430,范志忠,2025-01-10 08:08:36,2,2,0,不要为了美育选当代电影思潮！
217471,1430,范志忠,2025-04-11 02:42:57,1,1,0,快逃，课都不来上直接让助教布置作业，离谱
24056,1442,顾晓燕,2016-04-26 08:16:31,11,16,5,有趣，有态度
49786,1442,顾晓燕,2017-04-26 03:27:30,9,12,3,干货满满～
52709,1442,顾晓燕,2017-06-22 08:41:05,10,14,4,传媒学院上过的课里，最好的老师
60367,1442,顾晓燕,2017-10-18 06:52:35,4,8,4,有趣，干货满满～
68341,1442,顾晓燕,2018-01-23 04:04:50,3,7,4,晓燕姐姐超级幽默！听她的课很享受！
72624,1442,顾晓燕,2018-01-30 14:02:29,3,6,3,本学期听得最认真的专业课
72933,1442,顾晓燕,2018-01-31 11:39:44,-1,3,4,讲课有趣，就是给分不高
80340,1442,顾晓燕,2018-06-25 08:58:44,3,6,3,满分没商量 上完所有晓燕姐的课了，有点舍不得
90984,1442,顾晓燕,2018-11-28 12:02:01,0,5,5,有点失望
91864,1442,顾晓燕,2018-12-23 14:07:14,-2,1,3,老师挺幽默的\n\n
102456,1442,顾晓燕,2019-02-02 12:01:55,-2,2,4,喜欢晓燕姐！
115478,1442,顾晓燕,2019-07-27 16:33:52,-2,1,3,晓燕姐棒棒的
122905,1442,顾晓燕,2020-04-20 00:23:32,0,7,7,给分差还事多
145814,1442,顾晓燕,2022-01-03 00:35:52,7,7,0,事情超多，不建议选
157265,1442,顾晓燕,2022-06-22 16:37:28,2,2,0,找她爱理不理…
158333,1442,顾晓燕,2022-06-28 11:28:25,1,2,1,游戏学课程讲的内容偏理论，课程大作业可以完全放飞自我做实践\n\n这么说上课完全不听凭感觉做也可以（\n\n对喜欢游戏的人来说这门课还是很有意思的。\n\n每周两论课节理两节讲座，实验课自由安排
197991,1442,顾晓燕,2024-08-22 15:37:38,0,0,0,扣押学生毕业证和学位证，让自己的研究生不能顺利毕业！避雷！！
620,1498,苏振华,2015-03-15 07:29:31,21,43,22,执着于刷三观的风一样的男子，热爱苍老师热爱自由经济，课堂讨论要秉持一个信念，认真你就输了~
775,1498,苏振华,2015-03-17 00:59:52,3,9,6,上节课他和我们讨论两个只有长相不同的妓女卖淫收费不同。。是不是符合劳动价值论。。。
3364,1498,苏振华,2015-06-06 09:37:55,-3,4,7,小鲜肉~
4890,1498,苏振华,2015-06-30 06:49:53,0,16,16,男神老师！一学期下来被说服成了相信市场的自由主义者
9286,1498,苏振华,2015-10-20 04:26:50,3,13,10,智商很高的老师。只能说 如果刚好没上苏老师的课 自己现在还是一个不会独立思考 无条件相信某些理念却说不上为什么相信的、本科毕业的、成年人吧。
23991,1498,苏振华,2016-04-24 13:29:49,0,8,8,我们的辩论是逻辑之辩
24548,1498,苏振华,2016-05-01 12:05:18,0,7,7,给分超高从不点名
27159,1498,苏振华,2016-06-23 08:59:59,0,5,5,超强的逻辑分析能力，给分好，不点名，例子很有趣
31593,1498,苏振华,2016-07-04 08:50:59,-3,4,7,老师不点名而且给分超好！推荐
31599,1498,苏振华,2016-07-04 09:00:45,-1,5,6,给分太好了，并且不点名
34201,1498,苏振华,2016-09-28 08:26:18,11,15,4,呵呵呵
49203,1498,苏振华,2017-03-29 07:26:25,6,12,6,苏老师思想很右，有些观点接受不了，只能说想法不一样，课上得不错
49919,1498,苏振华,2017-04-27 07:11:06,3,9,6,老师上课非常有意识地引导同学们去思考问题，进行逻辑思考。平时要看的书很多，但是挺有意思的。给分好，棒！
49950,1498,苏振华,2017-04-27 12:53:54,1,6,5,老师很有风度，确实是：讨论问题认真你就输了
51017,1498,苏振华,2017-05-13 10:41:48,-11,5,16,人巨好的老师，假如我大一碰到这种班主任，多给我人生一些方向，那么现在大四的我就不会这么迷茫了。
51071,1498,苏振华,2017-05-16 03:11:44,-1,2,3,可水可听给分好
51162,1498,苏振华,2017-05-21 12:11:24,5,8,3,给分几乎乱给的，看那个顺眼就给高些，呵呵……
51351,1498,苏振华,2017-06-01 12:09:36,0,3,3,老师很好，讲课也很放松，最好的老师了！！
54480,1498,苏振华,2017-06-29 11:10:18,-1,8,9,上课很能发人思考，人文类的课给我们上成了社科~虽然老师推荐的书并没有完整的看完几本，有些愧疚自己的浮躁。。给了我大学生涯第一个满绩，谢谢老师
58094,1498,苏振华,2017-07-30 01:30:05,19,26,7,自大，目中无人，不懂得尊重学生
78099,1498,苏振华,2018-05-17 15:32:17,3,3,0,很迷，并不觉得给分好
78108,1498,苏振华,2018-05-09 10:34:55,-4,6,10,我爱苏苏！真的很好很好很好！课堂有启发式提问包容度也很高！应该比较看中学生个人思考吧，论文字数少也可以拿高绩点！之前布置的读书任务我没有认真完成很愧疚准备夏天全部补上！
78117,1498,苏振华,2018-05-09 11:14:36,-1,2,3,老师有自己独到的思想，会要求看很多书，但很有收获，最后一节课会讲一些经济学的东西还是挺有意思的
78127,1498,苏振华,2018-05-09 12:19:08,3,3,0,不觉得给分好啊，真的迷。
78129,1498,苏振华,2018-05-09 12:28:26,-7,4,11,老师超级ni ce！给分超好不点名，超喜欢苏老师?
79482,1498,苏振华,2018-06-06 11:02:40,10,11,1,习惯性的唱独角戏的老师
83303,1498,苏振华,2018-07-10 05:01:25,2,4,2,很认真的上课和展示了，小组有一个韩国同学不做事，我们也尽量引导她去参与，结果她直接不来上课，展示就只能其他人去，论文也写得很认真，结果出分发现我不但比其他同学低，比韩国同学还低，发了邮件问没有回复。
89904,1498,苏振华,2018-11-21 07:55:38,-1,2,3,半个学期有很多观点开始了改变
118520,1498,苏振华,2019-10-28 04:06:11,4,4,0,很主观，说事情不考虑前后因素就下结论，说什么持开放讨论的政策，实际就是硬要把自己那套塞进人家脑子
127830,1498,苏振华,2020-11-28 04:32:47,-1,1,2,我想知道，为什么我努力地在看很困难的英文原著到最后还没有不看课外阅读的人分高……
133243,1498,苏振华,2021-02-20 13:14:26,30,36,6,带路党教师，鉴定完毕。建议学校党委查一查！
133244,1498,苏振华,2021-02-20 13:17:07,9,11,2,自由主义意识太强了，过分了。这毕竟是在中国。建议去美国混，就怕英语口语不行。
139974,1498,苏振华,2021-08-22 16:32:11,28,31,3,公开唱反调，建议严查
142691,1498,苏振华,2021-11-15 06:26:52,1,2,1,要求太高了吧 两天要读完英文原著 我们是本科生不是研究生诶
143413,1498,苏振华,2021-11-25 11:07:34,61,73,12,11/25 朵朵社死
143414,1498,苏振华,2021-11-25 12:07:21,129,147,18,🤮🤮🤮
143415,1498,苏振华,2021-11-25 11:18:34,52,53,1,“小孩要吃饭，怎么办？”
143416,1498,苏振华,2021-11-25 11:19:20,115,136,21,妨碍疫情，小孩要吃饭，学生就不要吃饭了？（我记得菜场走路15 min，自己家没人做饭嘛？？？？？？？？）\n\n在学校保安面前问怎么解决，叫保安领导出来，是啊，您是老师！是老 师！！！《老师》
143417,1498,苏振华,2021-11-25 11:27:20,88,102,14,“小孩要吃饭，怎么办？”
143418,1498,苏振华,2021-11-25 11:22:00,73,92,19,吃你妈的饭 疫情当前什么重要不知道吗
143419,1498,苏振华,2021-11-25 11:23:18,-67,10,77,要是是我我也挺着急的，要是晚半天可能就不一样，也体谅一下老师吧
143420,1498,苏振华,2021-11-25 11:23:52,18,20,2,小孩要吃饭怎么办？
143421,1498,苏振华,2021-11-25 11:24:25,35,35,0,”小孩要吃饭怎么办“
143422,1498,苏振华,2021-11-26 06:13:54,37,37,0,有一说一，11/25怼保安太过分了
143423,1498,苏振华,2021-11-25 11:27:01,59,71,12,骂保安 不得行
143424,1498,苏振华,2021-11-25 11:28:16,19,19,0,如何为人师啊
143425,1498,苏振华,2021-11-25 11:30:11,14,14,0,师德有吗
143426,1498,苏振华,2021-11-25 11:48:28,3,8,5,123
143427,1498,苏振华,2021-11-25 11:34:48,45,55,10,小孩要吃饭，我问你怎么办？叫你领导过来
143428,1498,苏振华,2021-11-25 11:36:13,53,65,12,好大的官威啊。
143429,1498,苏振华,2021-11-25 11:41:56,29,38,9,要吃饭么？
143430,1498,苏振华,2021-11-25 11:42:07,20,26,6,过于自由，轻重不分
143431,1498,苏振华,2021-11-25 11:43:05,16,16,0,朵朵过来的
143432,1498,苏振华,2021-11-25 11:43:27,22,31,9,就你家小孩要吃饭是不是啊
143433,1498,苏振华,2021-11-25 11:43:52,76,85,9,真的给传媒学院丢脸，给浙大丢脸。做老师首先要有师德
143434,1498,苏振华,2021-11-25 11:44:44,28,28,0,11/25，辱骂保安，在全校封校的时候大骂“我小孩吃饭怎么办？”\n\n可真是精致的利己主义
143435,1498,苏振华,2021-11-25 11:46:20,-50,5,55,没必要骂-……我觉得家长着急可以理解啊
143436,1498,苏振华,2021-11-26 03:38:24,-30,5,35,。。。
143437,1498,苏振华,2021-11-25 11:50:24,6,7,1,没什么好说的
143438,1498,苏振华,2021-11-25 11:51:24,11,11,0,没什么好说的
143440,1498,苏振华,2021-11-25 11:55:46,8,9,1,呵呵呵
143441,1498,苏振华,2021-11-25 11:55:46,10,10,0,呵呵呵
143442,1498,苏振华,2021-11-25 12:22:11,29,46,17,小孩吃饭？能不能去吃牢饭啊，三餐准时管饱懂吗？真是死了妈的，这样的家教小孩以后也是个败类，早点送进去给国家省点警力资源。手指一点一点的指的是你母上的亡魂吗。能不能辞职啊，和你待在一个学校我感觉每天呼吸的空气都带着牢里的潮味。祝你阖家欢乐，全家健健康康的。
143443,1498,苏振华,2021-11-26 14:41:38,8,11,3,有脸吗？要脸吗？
143444,1498,苏振华,2021-11-25 12:13:34,20,26,6,小孩吃饭？能不能去吃牢饭啊，三餐准时管饱懂吗？真是死了妈的，这样的家教小孩以后也是个败类，早点送进去给国家省点警力资源。手指一点一点的指的是你母上的亡魂吗。能不能辞职啊，和你待在一个学校我感觉每天呼吸的空气都带着牢里的潮味。祝你阖家欢乐，全家健健康康的。
143445,1498,苏振华,2021-11-25 12:17:18,4,7,3,吃饭呢
143446,1498,苏振华,2021-11-25 12:19:03,12,20,8,就是你呀“老师”？好大的官威呀，对着普普通通工作人员摆什么谱子？你有种去找党委书记啊？怂种
143447,1498,苏振华,2021-11-25 12:24:28,3,7,4,居高临下，仗势欺人门卫
143448,1498,苏振华,2021-11-25 12:53:26,10,11,1,小孩要吃牢饭是吧😅
143451,1498,苏振华,2021-11-25 13:12:33,3,4,1,恶心心
143452,1498,苏振华,2021-11-25 13:13:01,4,7,3,好大的官威啊。
143453,1498,苏振华,2021-11-25 13:27:45,3,10,7,小孩要吃饭😅骂保安妨碍疫情真是位好老师呢😅
143454,1498,苏振华,2021-11-25 13:28:33,3,5,2,枉为人师
143456,1498,苏振华,2021-11-25 13:29:09,2,4,2,《老师》
143457,1498,苏振华,2021-11-25 13:31:48,0,3,3,素质不行
143458,1498,苏振华,2021-11-25 13:32:22,2,6,4,师风师德问题突出
143459,1498,苏振华,2021-11-25 13:33:37,1,3,2,吃孩子了吗
143460,1498,苏振华,2021-11-25 13:35:00,1,2,1,要让自视高人一等的人上人的孩子知道自己有个父亲（流汗黄豆）
143461,1498,苏振华,2021-11-25 13:44:08,8,8,0,不配当。
143462,1498,苏振华,2021-11-25 13:47:16,43,62,19,大家不要认错人了，这位老师不是那位斥责保安的，另一位传媒学院的才是，不要认错了啊，这样让这位老师很冤枉啊。
143463,1498,苏振华,2021-11-25 13:51:12,0,2,2,😅😅😅
143464,1498,苏振华,2021-11-25 13:54:39,7,8,1,狗生不配在这教书
143465,1498,苏振华,2021-11-25 14:01:55,0,1,1,整个一sb
143466,1498,苏振华,2021-11-25 14:06:12,1,4,3,“叫你领导过来”好大的官威好大的口气
143467,1498,苏振华,2021-11-25 14:27:07,4,6,2,整个一sb
143468,1498,苏振华,2021-11-25 14:14:01,0,3,3,急可以理解，冲保安吼，你是个谁呀
143469,1498,苏振华,2021-11-25 14:15:10,0,3,3,有些人没素质就是没素质，读再多书也没用，建议自己辞职别当老师了。
143470,1498,苏振华,2021-11-25 14:16:57,0,3,3,《老师》
143472,1498,苏振华,2021-11-25 14:39:30,0,3,3,宁也配老师?
143473,1498,苏振华,2021-11-25 14:42:37,0,3,3,垃圾本鸡
143474,1498,苏振华,2021-11-25 15:48:47,0,3,3,你去和小孩吃饭去吧你
143475,1498,苏振华,2021-11-25 15:49:24,0,2,2,吃你马的饭呢
143476,1498,苏振华,2021-11-25 15:54:00,20,28,8,不要骂错\n\n这个是公管学院的苏振华老师\n\n朵朵上那个是传媒学院的\n\n大家不要骂错了 好心疼这个老师
143478,1498,苏振华,2021-11-25 15:58:35,-1,2,3,呕呕呕
143479,1498,苏振华,2021-11-25 16:00:29,14,15,1,"这老师研究所谓""民主化""，却对一个老实的保安蛮横霸道，张口闭口""把你们领导叫来""。根本上就不是真正有人民立场的人吧，太可悲了"
143480,1498,苏振华,2021-11-25 16:05:34,7,7,0,是这个老师吗？好像有两位苏振华老师
143481,1498,苏振华,2021-11-25 16:19:03,0,2,2,“小孩要吃饭，怎么办？”
143483,1498,苏振华,2021-11-25 16:22:06,4,4,0,小孩要吃饭？
143486,1498,苏振华,2021-11-25 16:31:15,6,6,0,就一大傻，叫你们领导来
143487,1498,苏振华,2021-11-25 16:39:44,0,1,1,，，，
143488,1498,苏振华,2021-11-25 16:42:47,-1,2,3,德不配位
143489,1498,苏振华,2021-11-26 02:57:34,44,60,16,家人们骂错了，是传媒学院的老师，不是这位，帮我顶上去
143490,1498,苏振华,2021-11-25 16:58:39,0,2,2,老师大官人的作风给全校都上了一课
143493,1498,苏振华,2021-11-25 17:09:14,6,6,0,不配为人师表
143494,1498,苏振华,2021-11-25 17:12:06,-1,2,3,就您他妈是那个小孩要吃饭啊
143495,1498,苏振华,2021-11-25 17:12:15,6,6,0,吃饭，怎，么，办！
143496,1498,苏振华,2021-11-25 17:16:56,-1,2,3,朵朵观光团
143497,1498,苏振华,2021-11-25 17:16:54,-1,2,3,朵朵观光团
143498,1498,苏振华,2021-11-25 17:17:49,5,5,0,朵朵观光团
143499,1498,苏振华,2021-11-25 17:18:26,4,4,0,孩子要吃饭怎么办？！叫你领导过来！
143500,1498,苏振华,2021-11-25 17:19:15,7,7,0,小孩吃牢饭啦\n\n学生不用吃饭的呢～
143501,1498,苏振华,2021-11-25 17:22:40,8,8,0,冲错人了xdm 是传媒学院那个
143502,1498,苏振华,2021-11-25 17:24:20,5,5,0,小孩爱吃牢饭是吧，什么勾八
143503,1498,苏振华,2021-11-25 17:27:21,7,7,0,枉读圣贤书
143505,1498,苏振华,2021-11-25 17:51:06,4,4,0,师德师风问题突出
143506,1498,苏振华,2021-11-25 17:58:34,0,0,0,看看看
143507,1498,苏振华,2021-11-25 23:54:09,0,0,0,小孩怎么吃饭
143508,1498,苏振华,2021-11-25 23:59:05,8,8,0,大家是不是骂错了……
143509,1498,苏振华,2021-11-26 00:56:05,27,27,0,小孩要吃饭，我要回家看；\n\n叫你领导来，自己看着办；\n\n官威随身伴，脑子没有带；\n\n防控我不管，我要回家你别拦
143517,1498,苏振华,2021-11-26 03:20:50,3,6,3,害的另一位公管学院的同名同姓老师被一群不看老师所属学院的人骂
143518,1498,苏振华,2021-11-26 03:20:44,0,3,3,害的另一位公管学院的同名同姓老师被一群不看老师所属学院的人骂
143519,1498,苏振华,2021-11-26 03:47:03,24,25,1,没骂错没骂错！！！看两个页面老师所属学院不一样但是开课情况，课程均绩都是一样的（我第一次看的时候评分还是8.1，课程，均绩都不一样，后来截图发帖的时候刷新成了3.68，课程均绩同步了）这俩是同一个人！！！
143521,1498,苏振华,2021-11-26 03:25:19,1,1,0,“小孩吃饭怎么办”
143522,1498,苏振华,2021-11-26 03:34:35,-2,1,3,认错人了朋友们！看清学院！
143523,1498,苏振华,2021-11-26 03:36:54,5,7,2,敢想敢做，不畏强权，崇尚自由，是我们的好同志。
143524,1498,苏振华,2021-11-26 03:37:00,-1,1,2,精致的利己主义者
143525,1498,苏振华,2021-11-26 03:38:54,-3,1,4,不是这位老师，老师很冤枉啊，大家麻烦都理智一点吧
143526,1498,苏振华,2021-11-26 03:39:17,-4,0,4,大家。。。骂错了啊。。那是另一个同名老师。。。这个苏老师好惨啊
143528,1498,苏振华,2021-11-26 03:46:41,0,0,0,。。。。。。。。。。。。
143529,1498,苏振华,2021-11-26 03:53:06,0,3,3,敢想敢做，不畏强权，崇尚自由，是我们的好同志，是名副其实能振兴中华的文人志士。
143531,1498,苏振华,2021-11-26 04:19:39,-1,2,3,吃你🐴呢，丢人的东西
143532,1498,苏振华,2021-11-26 04:19:40,0,2,2,吃你🐴呢，丢人的东西
143533,1498,苏振华,2021-11-26 04:23:15,-1,1,2,对于违反规定，不服从管理，构成违反治安管理行为的，由公安机关依法给予处理;对于危害公共安全，还没有造成严重后果的，处以三年以上十年以下的有期徒刑;造成严重后果的，处以十年以上有期徒刑、无期徒刑或者是死刑。引起甲类传染病传播或者有传播严重危险的，处以三年以下有期徒刑或者拘役;后果特别严重的，处以三年以上七年以下有期徒刑等等。
143534,1498,苏振华,2021-11-26 04:47:10,0,1,1,德不配位
143535,1498,苏振华,2021-11-26 04:48:02,0,1,1,师德败坏
143536,1498,苏振华,2021-11-26 05:15:52,-5,0,5,不是这位老师啊大哥们
143538,1498,苏振华,2021-11-26 06:49:10,-5,0,5,你们是不是骂错人了\n\n要吃牢饭的不是传院的那个嘛
143545,1498,苏振华,2021-11-26 09:42:19,0,0,0,太蛮横了，找保安撒气干啥！
143547,1498,苏振华,2021-11-26 10:52:57,-3,0,3,家人们，骂错了，不是这位老师，是传媒学院的那位。快点把分改回来
143555,1498,苏振华,2021-11-26 13:45:54,0,5,5,没骂错，它换了学院，查老师数据没更新\n\n前有章程，后有苏振华，不仅品德败坏，政治上也都有重大问题！看看这个\n\nhttp://www.wyzxwk.com/e/DoPrint/index.php?classid=28&id=212937
143580,1498,苏振华,2021-11-27 17:02:58,1,1,0,害群之马 素质极差
143587,1498,苏振华,2021-11-28 03:57:22,2,3,1,辣鸡人，论人品？
143605,1498,苏振华,2021-11-28 14:08:56,5,6,1,上课声音宏亮，在北门给全校师生生动演绎闹剧
143607,1498,苏振华,2021-11-28 14:40:52,6,6,0,为什么不说“叫你们校长过来”？
143609,1498,苏振华,2021-11-28 17:37:22,5,6,1,表面知书达理、学识渊博，内里自以为是、自私自利。横批：枉为人师。既然那么喜欢做饭，要不咱当个厨师？哦不，你这种高傲的书生才子能看得上厨子这种职业？总之，滚得越远越好，恶心死人。
143619,1498,苏振华,2021-11-29 03:56:38,12,14,2,骂归骂，不可否认其素质低下，但拿乌有之乡的评论来攻击他还是算了吧
143635,1498,苏振华,2021-11-29 10:58:11,-1,0,1,很棒🤗
143713,1498,苏振华,2021-12-02 08:38:15,0,1,1,被视频惊呆了
143823,1498,苏振华,2021-12-07 19:29:54,-1,2,3,没有师德的垃圾
143915,1498,苏振华,2021-12-12 10:44:07,-1,3,4,骄横跋扈，浙大之耻
170695,1498,苏振华,2023-03-08 07:36:01,-1,2,3,单就国际政治导论这门课来说，内容还行，不点名，任务轻
182576,1498,苏振华,2023-11-21 12:22:02,1,3,2,考核标准是什么，想问问这是怎么给的分？纯按印象给分是吧😅
182641,1498,苏振华,2023-11-18 15:53:54,0,0,0,感觉混脸熟还是很重要的🤔
183323,1498,苏振华,2023-11-23 19:47:33,0,0,0,给分不错
203015,1498,苏振华,2024-11-16 02:24:51,2,3,1,3个学分的国际政治导论事情确实不少，两次点名+4篇读书报告+1个小组展示+一篇期末论文，课上没听过课，内容懂得都懂，给分还行
203021,1498,苏振华,2024-11-16 02:49:29,1,1,0,事情是真的多，短学期课程四篇读书报告+一次小组展示+一篇论文，对政治感兴趣的同学应该能学到东西，个人分数一般，应该有高分同学
203264,1498,苏振华,2024-11-18 15:12:15,3,3,0,事多分好
216895,1498,苏振华,2025-03-28 10:52:11,2,2,0,看苏老师评论区被冲成什么样子，就知道浙大里都是一群什么样的粉蛆货色。现在是2025年，回头看看，评论区脸疼吗？
40363,1502,吴红雨,2018-01-24 03:06:22,16,28,12,一朵温柔大白莲，非常单纯不谙世事。布置作业非常随心所欲，想一出是一出，仿佛在担心各位刷的夜不够多，不足以成长为祖国的栋梁。只讲理论，体验极差，后悔选课。但温柔是真的。
41536,1502,吴红雨,2017-01-12 07:00:09,0,7,7,超级赞的老师，温柔善良，讲课很认真有深度，很体贴学生
43148,1502,吴红雨,2017-01-16 01:05:27,0,7,7,老师超女神。有思想又能卖萌！！！发的邮件老师都能很认真回！必须满分！
44656,1502,吴红雨,2018-01-24 03:06:25,15,16,1,为了不让分数左右我对老师的评价 特地在出分之前来评一下。老师人很好是真的，但是讲课的内容呢，说实话给我的课堂体验并没有很好，平时的作业也蛮多
49267,1502,吴红雨,2017-04-01 00:24:43,-3,5,8,老师很不错的
65898,1502,吴红雨,2018-01-24 03:06:17,17,21,4,老师为啥要在考试周前布置作业啊 真的有毒
66262,1502,吴红雨,2018-01-14 09:35:41,11,18,7,传院老师对“实践”二字的理解都是把时间留给同学们让同学自己去实践吗？在实践方面没有一点指导，理论教学中语言表达方面也存在问题，传院的两位吴姓老师真的…
69860,1502,吴红雨,2018-01-25 14:15:07,-1,5,6,虽然事情很多，但是老师人很好，给分也很好。课上理论偏多了，但是老师对学生的作品都是一针见血的点评。感谢这次课程小组！都是很走心的中国好队友！
71209,1502,吴红雨,2018-02-03 00:01:47,0,2,2,几个助教给分不咋地 期末老师给分也不咋地 上课内容和实践内容脱轨 电台这种东西 众口难调 本身就不应该把内容框定得太死 策划书本身就是很鸡肋的东西 还有 什么时候实验室搞个双机位都可以是小言论的亮点了 什么时候视频套个模版就可以变成加分项了 评分标准真jb迷
71610,1502,吴红雨,2018-01-28 16:46:27,5,6,1,布置作业不讲章法，考试周前留大作业
71630,1502,吴红雨,2018-01-28 19:23:58,3,4,1,无语诶
71671,1502,吴红雨,2018-01-29 00:26:14,11,13,2,事情特别多，幸亏传媒考试周考试不算多，要不然真是醉了，拿她的分真难，小言论+论文+小组展示+期末策划，文案，DEMO，这是短学期课额。。。而且对主持要求很高，话说主持天赋好我们为什么不去中传。。。
71831,1502,吴红雨,2018-01-29 04:09:29,5,6,1,人很温柔，但事儿多，不谙世事，给分差。每节课我都在想应该不会还有作业了吧，每节课结束都能突然扔个大作业出来。想一出是一出的本领仿佛跟XQH是一家人。
72939,1502,吴红雨,2018-01-31 11:51:23,1,4,3,人很温柔，讲课比较理论，但会布置偏实践的作业，然后作业点评的时候还是能感觉到老师的实践水平的！是比较有情怀的老师，总的来说很不错。
73615,1502,吴红雨,2018-02-02 06:07:08,4,4,0,作业布置极其不合理，最后的大作业电台节目策划没有任何指导全靠学生自己，而且给分不好
74018,1502,吴红雨,2018-02-04 07:22:00,1,6,5,不明白这些差评…我觉得老师很好啊，很温柔，红雨老师课上的干货很多啊我觉得。作业虽然的确是挺多的，但是我真的觉得至少都有带我们入门了，电台那个老师发的样例还不够详细？之所以实践指导不够是因为课时真的太少了吧，老师也想多教一些内容…红雨老师每个组都认真回复了反馈，反正我是无敌喜欢她了
90884,1502,吴红雨,2018-11-27 03:41:19,4,5,1,...无语，天女散花freestyle式布置作业
91803,1502,吴红雨,2018-12-20 12:15:20,0,1,1,台上假温柔，课后问作业问题理都不想理你
100931,1502,吴红雨,2019-01-27 06:49:27,1,3,2,事情是多，期末ddl撞一起时有点崩，不过这学期各种任务算是公布得早一些的。老师温柔，人也好，讲课我觉得海星。给分我觉得也就算海星吧，给分好是谈不上。
101275,1502,吴红雨,2019-01-28 03:14:56,0,0,0,老师还是温柔滴，但是作业也是真的多滴
143940,1502,吴红雨,2021-12-13 13:35:04,0,0,0,无话可说
149452,1502,吴红雨,2022-01-15 11:40:08,0,0,0,老师给分好高
149881,1502,吴红雨,2022-01-17 12:47:44,0,0,0,无话可说
171415,1502,吴红雨,2023-03-23 16:48:49,7,8,1,好像很久没有人给吴老师点评了，特来点评。上过吴老师的两门课，节目主持与策划、纪录片创作理论与实践。总的来说，上课体验在传媒学院的课程中是较好的，看得出来吴老师备课非常的充分，一学期的课程内容、大纲都很有逻辑性。且我上这两门课的时候，课程作业都是开学就布置清楚了的，以文档的形式将具体要求规范一并告诉了大家，也不存在过往评论中提到的那些问题了。（吴老师本人课上说是收到了往届同学的反馈，以后都会前几周一并将所有课外作业布置清楚。）老师上课真的超温柔超温柔，因为疫情有时只能线上上课，感觉老师也很难过。希望学弟学妹们珍惜吴红雨老师课的时光。
181391,1502,吴红雨,2023-10-16 12:58:48,2,2,0,喜欢老师的课，讲课很细致，内容很干货
187874,1502,吴红雨,2024-01-17 15:49:48,0,0,0,没什么好说的，差极了
188054,1502,吴红雨,2024-01-23 12:44:53,0,0,0,老师人不错的，好好写作业给分应该也不会差，而且能感受到她真的很希望和同学交流
36,1637,沈爱国,2015-03-14 15:30:14,100,143,43,传媒学院最好的老师没有之一！给分高 上课干货很多又不枯燥 案例一个个都是鲜活的身边的例子 上沈老师的课很值！
468,1637,沈爱国,2015-03-15 02:52:09,8,19,11,棒棒哒～～
7383,1637,沈爱国,2015-09-14 05:44:30,21,32,11,不是新闻工作者，但见过的太多了，给我们传授很多人生的经验
20841,1637,沈爱国,2017-06-20 16:11:39,-35,20,55,呵呵 整天吹嘘自己 打分乱来 根本不看作业就打起分来了 我能说讨厌他至极？
24200,1637,沈爱国,2016-04-28 07:53:26,25,36,11,除了故事 就是怎么在行业混
52588,1637,沈爱国,2017-06-21 08:51:21,1,10,9,鸡毛蒜皮
52665,1637,沈爱国,2017-06-22 05:02:01,5,8,3,老师的例子太生动了，其实根本没感觉到他在吹嘘自己。人很可爱。真的收获很多！老师说下学期要开始点名了哦。
55710,1637,沈爱国,2017-07-02 08:37:59,-4,5,9,一般般
55713,1637,沈爱国,2017-07-02 08:49:21,17,20,3,实话实说，老师的新闻经历是非常丰富的，讲的课也很生动，很实用，全程无尿点，从来不会翘课，作业就一个，认真做分数还是不错的！
55738,1637,沈爱国,2017-07-02 09:55:58,4,5,1,只要作业认真做就好！！！
55914,1637,沈爱国,2017-07-02 15:46:05,9,11,2,沈老师的课，知识技能加人生经验，让你惊艳，只要用心给分也不错，沈老师的表情包，你值得拥有hhh
56206,1637,沈爱国,2017-07-03 08:55:31,5,5,0,好老师\n\n
56274,1637,沈爱国,2017-07-03 11:19:34,6,7,1,很棒很爽快
57703,1637,沈爱国,2017-07-12 15:43:25,4,5,1,给分好，传媒学院老师的共性
58841,1637,沈爱国,2017-09-18 05:26:10,4,5,1,真短 快活 强
61806,1637,沈爱国,2017-11-21 04:35:50,5,5,0,好好好，给分棒
61991,1637,沈爱国,2017-11-22 05:06:33,4,4,0,么么哒
62934,1637,沈爱国,2017-11-27 11:37:15,8,8,0,老师上课超棒的，不点名，就最后交一篇采访稿还要求2000字以下，非常有传媒工作者的风范
66191,1637,沈爱国,2018-01-12 17:19:57,2,2,0,干货满满 男神男神啊
69613,1637,沈爱国,2018-01-25 05:26:52,2,2,0,啊！爱国！我男神！
77835,1637,沈爱国,2018-05-08 04:44:54,4,4,0,以后采访课可以更名为:沈爱国谈治国理政
80205,1637,沈爱国,2018-06-21 13:18:05,-1,2,3,爱国?
81431,1637,沈爱国,2018-07-05 05:23:26,-18,4,22,垃圾老师
81463,1637,沈爱国,2018-07-05 06:56:39,2,2,0,上课会讲很多生动的案例，很好的老师啊。
81493,1637,沈爱国,2018-07-05 08:08:33,3,3,0,xxx记者花样作死永远吊销记者证案例分析大讲堂哈哈哈哈哈太赞了
82464,1637,沈爱国,2018-07-08 09:13:49,1,1,0,很好的老师 可以听到很多实例
89771,1637,沈爱国,2018-11-20 18:23:53,1,3,2,我是赵hn，我实名力挺爱国男神！给分高课有趣！
91015,1637,沈爱国,2018-11-29 03:05:29,1,1,0,上课案例丰富，讲课生动有趣。作业量小给分好。
107203,1637,沈爱国,2019-05-02 08:12:41,-8,9,17,感觉老师学术能力一般，实务能力已经不太能跟上发展。上来上去都一样，有点水，感觉没学到什么?
107222,1637,沈爱国,2019-05-02 11:25:34,4,4,0,超棒！超帅的老师
107223,1637,沈爱国,2019-05-02 11:26:13,6,6,0,非常好的老师！有热情 讲方法 请嘉宾 外专业选这门课收获满满！满分！
107396,1637,沈爱国,2019-05-05 00:25:12,5,7,2,蛤蛤蛤蛤蛤蛤虵虵虵虵虵
116863,1637,沈爱国,2019-09-17 01:46:44,1,2,1,真的超喜欢爱国！！！好多好玩的故事 事少给分好！爱宁么么
117467,1637,沈爱国,2019-09-25 00:40:05,1,1,0,老师好棒！
119437,1637,沈爱国,2019-11-13 00:57:23,1,1,0,沈老师太可爱了！！男神老师，讲课有趣人也可爱剪辑
120285,1637,沈爱国,2019-11-27 11:44:35,0,2,2,上课很有趣 作业少 给分一般吧
137938,1637,沈爱国,2021-07-06 17:13:02,5,5,0,给分好，277个人里有133个90分以上，106个在80-90之间。上课超有趣~
137950,1637,沈爱国,2021-07-06 23:27:10,5,6,1,给分如此之好我都有点愧疚了，因为没去过几次课，早八太难顶了，后来朵朵上有人说老师讲得嗓子都哑了课上还只有几十个人（第一节课好像教室基本坐满的）感觉有点心疼所以之后才去上课。从来不点名，作业总共三次，不鹅颈，每次都是掐着字数底线高50字（孩子实在憋不出来了）最后也给了我4.5。老师讲课其实也挺有意思因为有许多自己的经历分享（但我上课基本就只听经历和笑话
137956,1637,沈爱国,2021-07-07 00:55:55,15,17,2,沈老师不是十分谁十分？沈爱国谈治国理政名不虚传~沈老师水平好好，见识广博，上课时旁征博引，富有激情，亦对新闻写作有着自己的坚持。非常感谢选了沈老师的课，也不无遗憾：要是以前更认真就好了。\n\n『不要说我的课是水课啦！加一个心字，说是心水的课~』\n\n老师的课是心水的课啊哈哈哈~
138168,1637,沈爱国,2021-07-07 16:41:34,3,3,0,老师人很好，外专业也可以冲一冲
141832,1637,沈爱国,2021-10-27 07:37:08,2,2,0,超级棒的老师，上课很有趣
157091,1637,沈爱国,2022-06-22 01:41:23,6,6,0,不点名 但是给分变差了一丢丢
157261,1637,沈爱国,2022-06-22 16:26:12,2,2,0,找老师解答都会给你满意的答案 嘻嘻沈老师你是我的神
160073,1637,沈爱国,2022-09-13 03:34:00,2,2,0,沈爱国 yyds
170795,1637,沈爱国,2023-03-10 01:23:58,4,4,0,采访写作听了不后悔
176837,1637,沈爱国,2023-06-30 10:34:42,12,12,0,觉得老师很有情怀，上课很有趣，能学到很多东西～\n\n虽然我最后分不高，但还是10分送给沈老师！
179567,1637,沈爱国,2023-09-18 08:57:48,8,8,0,最喜欢的老师，讲课生动有干货，见多识广全是真实案例，本学院学生给分好，有问题微信秒回答疑
199431,1637,沈爱国,2024-09-23 10:51:52,1,1,0,非常非常好的老师，很会讲故事，听他讲课很开心，也学到了很多\n\n另外课程作业老老实实写消息是外专业人的最好选择（突发奇想写了一个通讯分还挺低的
206174,1637,沈爱国,2024-12-13 07:18:04,1,1,0,老师上课幽默风趣，跟学生交流也非常亲切，一点架子都没有。上课就是听八卦和吃瓜，强烈推荐，作业少+上课轻松+给分不错
1167,1650,卢小雁,2015-03-21 16:23:35,13,21,8,有点啰嗦
6786,1650,卢小雁,2015-07-23 02:17:34,2,5,3,好
37938,1650,卢小雁,2016-11-22 06:21:58,6,10,4,上课实在太无聊
63387,1650,卢小雁,2017-12-02 08:06:27,1,7,6,傻逼，所有人在他眼里都没文化，对，没文化。上课挨个黑一遍学校学院的院徽，说医学院的院徽是大肠，设计出这个院徽的人应该去医学院治治。也没见他有啥有文化的设计作品。很难想象这也能被称为老师。
80108,1650,卢小雁,2018-06-20 04:26:30,4,7,3,就是烂
93225,1650,卢小雁,2019-01-08 07:32:28,1,1,0,呵呵呵
93227,1650,卢小雁,2019-01-08 07:33:09,1,4,3,听他的课不如不听对人生更有用，他的课可求求学院别开了。传院老师的准入门槛也太低了吧。
93231,1650,卢小雁,2019-01-08 07:36:08,1,4,3,我都觉得自己可以去当老师了
93245,1650,卢小雁,2019-01-08 10:25:05,1,3,2,不明白为什么能上7分？？？？
97304,1650,卢小雁,2019-01-22 07:57:36,1,3,2,老师讲课很水，分也不高。
102948,1650,卢小雁,2019-02-25 05:53:11,1,1,0,不怎么样
105614,1650,卢小雁,2019-04-17 09:43:21,3,3,0,浪费时间，能不能讲点有用的东西?！\n\n我的三节课啊
110241,1650,卢小雁,2019-06-25 04:22:18,1,3,2,非常有深度，群里乱骂的才是傻逼。
110908,1650,卢小雁,2019-06-28 13:50:14,2,4,2,每节课都去，作业认真交，绩点2.7。喜获大学新通识课最低绩点…
117669,1650,卢小雁,2019-09-28 11:00:27,0,1,1,非常有水平
119351,1650,卢小雁,2019-11-12 08:06:08,2,5,3,虽然有点无聊 但比隔壁的sb好多了 至少思路正常作业清晰哈
119352,1650,卢小雁,2019-11-12 08:06:30,4,4,0,不能比sb分低  助教姐姐值10分
119715,1650,卢小雁,2019-11-15 03:20:12,1,4,3,相信大学都是自学这句话吧
144940,1650,卢小雁,2021-12-26 03:56:05,1,1,0,oﾟ*｡o\n\n恭喜！　／⌒ヽ*ﾟ*\n\n　 ∧∧ ／ヽ 　)｡*o\n\n　(･ω･)丿ﾞ￣￣゜\n\nノ/　/　　　　ｯﾊﾟ\n\nノ￣ゝ
160193,1650,卢小雁,2022-09-14 16:00:58,0,1,1,老师给我们拿了好多玉石来传阅，真的开眼了，老师好大方啊
175802,1650,卢小雁,2023-06-26 17:40:26,2,2,0,为啥数字创意设计这课查老师上的均绩显示这么高T^T
176051,1650,卢小雁,2023-06-27 13:50:11,0,1,1,数字创意设计给分挺好的～但是卢小雁老师没什么用，几乎不出现
178820,1650,卢小雁,2023-07-24 15:01:55,6,7,1,你院阴暗沉重的秘密之一
208098,1650,卢小雁,2024-12-25 14:44:33,0,0,0,不讲课不露脸但挂名，不懂不理解不支持哈
208669,1650,卢小雁,2024-12-30 14:39:36,2,2,0,查无此人，要你干嘛
11436,1708,章燕,2015-12-01 07:07:58,-3,4,7,严重拖堂
14658,1708,章燕,2016-01-08 06:38:03,-1,7,8,老师声音很好听 上课内容不错
14660,1708,章燕,2016-01-08 06:44:54,-4,5,9,老师上课很有趣
15797,1708,章燕,2016-01-16 09:41:28,-5,7,12,其实是很踏实 很有情怀跟有底蕴的老师
21288,1708,章燕,2016-02-28 03:10:18,-7,3,10,把理论与生活相结合，课堂轻松愉悦，同时又能学到知识～
49282,1708,章燕,2017-04-01 07:32:14,-8,1,9,非常注重实践（褒义），能学到很多东西
52384,1708,章燕,2017-06-19 10:59:55,-4,1,5,很踏实的老师，认真学能学到很多
52993,1708,章燕,2017-06-24 13:43:05,-8,2,10,邻家小阿姨的感觉 很亲近
56328,1708,章燕,2017-07-03 13:21:51,14,17,3,呵呵了。整一就是没底蕴没文化的势利眼老师啊
60211,1708,章燕,2017-10-13 04:04:24,9,12,3,讲不同的课也没啥差别，实习打分随便打，邮件微信也不回，摊手围笑
65643,1708,章燕,2018-01-08 03:13:24,-10,3,13,老师知识水平很渊博\n\n跟一位lu姓老师形成鲜明对比
65665,1708,章燕,2018-01-08 06:24:17,25,28,3,拍照点名 上课内容还不错 然而永远说不清作业要求让人很懵
68823,1708,章燕,2018-01-24 02:42:24,21,23,2,尚未出分，先评：消费行为学，全程绿色PPT，非常有机。作业要求云里雾里，从来没有讲清楚过要求，这应该是有点违反教学规定的。上课照本宣科，真的没啥干货，挺无聊的。
71868,1708,章燕,2018-01-29 04:55:40,7,11,4,目前大学生涯最迷的一位老师。第二天早课展示前一天凌晨发邮件通知，上课拍照点名好几天的照片一块发，永远说不清作业要求是什么什么时候交什么形式交。给分还ok。
71904,1708,章燕,2018-01-29 05:19:28,36,40,4,上课感觉在哄中学生玩，总是提自己是杭州人、各种朋友和喜欢的牌子，一种迷之中产阶级优越感。
72393,1708,章燕,2018-01-30 04:55:45,-5,5,10,拍照点名。老师很亲切，讲的也都是干货，有种清新脱俗的感觉，喜欢~\n\n祝老师新年快咯
74386,1708,章燕,2018-02-16 16:02:07,-4,3,7,邻家小阿姨，很亲切温柔随性的老师
79314,1708,章燕,2018-05-31 01:35:13,6,6,0,无语了，作业要求永远自己也搞不清楚，没有教学大纲
80904,1708,章燕,2018-07-02 14:06:58,18,19,1,Gucci Gucci Prada Prada
82004,1708,章燕,2018-07-06 23:26:33,-2,0,2,又佛又严格 海星
82101,1708,章燕,2018-07-07 06:20:53,4,4,0,拍照点名还行，作业要求未知，给分还行，课堂展示领略本专业恶竞现场怕了怕了
91095,1708,章燕,2018-11-30 01:10:04,22,24,2,杭州大厦形象代言人
93609,1708,章燕,2019-01-11 02:31:02,9,9,0,变态的拍照点名\n\n永远讲不清楚的作业要求\n\n上课每次杭州大厦逛一圈\n\n非常护眼但完全没头没脑的绿色ppt：）\n\n\n\n
93712,1708,章燕,2019-01-12 07:39:44,14,15,1,消费行为学第一届考试班，没划重点，周五考试，周三上课跟我们说还没出卷…，期末了才说要考两本课外书……闭卷又没重点，就绝望啊啊啊啊
99672,1708,章燕,2019-01-25 04:48:36,9,9,0,错误百出 不说人话 充满过时理论的ppt 很糟糕
99707,1708,章燕,2019-01-26 17:58:18,7,7,0,看出分后群里没几个人谢谢她我就知道什么情况了……专业课上何苦为难呢……
99713,1708,章燕,2019-01-25 05:33:35,6,8,2,感觉老师还好吧，挺亲切的，上课正常水平。今年第一年考试，给分……看着查老师上的均分我一言难尽。
99760,1708,章燕,2019-01-25 06:36:16,5,5,0,第一次给老师评价 上课不知道在讲什么  给分乱评 有史以来最低的一门专业课 比辅修课程还低……
99774,1708,章燕,2019-01-25 07:03:20,9,9,0,第一次专业课拉绩点，真实……
99804,1708,章燕,2019-01-25 07:47:18,0,1,1,一点多出的分 两个小时后群里才有人说谢谢老师 过于真实 两本课外书说会考到内容也没说重点或是分值 最后其中一个问题是作者 另一个问题是其中一章的一点点
99855,1708,章燕,2019-01-25 08:34:14,-1,1,2,今年的广告媒介计划是不是给分都普遍低啊？
99861,1708,章燕,2019-01-25 08:48:56,23,24,1,杭州大厦知名舔狗
100064,1708,章燕,2019-01-25 13:32:56,5,5,0,这个均绩假的
100596,1708,章燕,2019-01-26 11:20:20,0,2,2,按教材讲的东西不深，举例会花比较长的时间，如果喜欢听散讲的话可以听。比较有含金量的是讲《乡土中国》和《中国社会个体化》的两节课，可以从另外一个角度理解这些书，可惜后一本来不及看完，老师看读过的同学不多也就没有细讲。
101114,1708,章燕,2019-01-27 14:23:58,3,3,0,讲乡土中国有含金量？楼上的去听听社会学系的课再来说什么叫含金量！zy就是在瞎扯淡
105690,1708,章燕,2019-04-18 12:17:59,5,5,0,不行真的不行
107404,1708,章燕,2019-05-24 03:21:59,46,50,4,燕言燕语
107405,1708,章燕,2019-05-05 02:18:01,10,10,0,因为小组作业有人打酱油，所以增加考试评分会更公平的逻辑我没理解。
107407,1708,章燕,2019-05-05 02:32:39,4,5,1,拍照点名 给分传院最低 闭卷考试 上课天天讲奢侈品 讲课也没有意义
107414,1708,章燕,2019-05-05 03:12:22,6,6,0,2017届广告专业2019春夏学期\n\n第二个令人生气的专业课了
107475,1708,章燕,2019-05-05 13:47:03,19,20,1,过于水了。框架、逻辑、条理、理论都很差。讲课全靠个人经验和举例说明现象，主观性和经验性极强。举例详实到像家庭妇女聊天，可很多不必要的细节和分支，学生根本不care啊。提倡考试，那也得让我们学到点东西吧。
107636,1708,章燕,2019-05-08 00:44:59,2,3,1,老师的资料库该更新了……………………真的会闹笑话的………………
108345,1708,章燕,2019-05-21 15:49:34,7,7,0,讲课内容，我也暂且多听几遍杭州大厦罢辽，可是作业要求有人get到了吗
108431,1708,章燕,2019-05-24 03:21:57,4,5,1,outu
108432,1708,章燕,2019-05-24 03:30:04,42,44,2,燕燕一息
108433,1708,章燕,2019-05-24 03:37:46,34,35,1,希望，后来的人不会忘记那一节新媒体广告课。\n\n那是燕学的开端。
108434,1708,章燕,2019-05-24 03:39:52,20,21,1,燕学自此日起
108435,1708,章燕,2019-05-24 03:44:13,7,7,0,无语了
108436,1708,章燕,2019-05-24 03:42:17,11,11,0,以血的经历劝告学弟学妹们\n\n一定要  燕听计从\n\n除非你想感受站在台上和燕学家黑人问号脸单方面被怼半小时的愉快经历
108437,1708,章燕,2019-05-24 03:47:04,4,4,0,燕学hhhhhhhhh
108439,1708,章燕,2019-05-24 04:04:30,6,6,0,燕神暗示
108566,1708,章燕,2019-05-28 16:34:12,3,3,0,燕学??\n\n我怎么会有这么多文案天才同学 ?
109279,1708,章燕,2019-06-12 17:16:35,0,0,0,燕学上 “很 好 推 荐 你” 这句话都假的， 而且考核方式㊙️，【没有基准、分数不公平的】我觉得这老师课都?? 不需要的话不选就幸福的大学生活
111775,1708,章燕,2019-07-02 22:33:05,1,1,0,呵呵 服了
117394,1708,章燕,2019-09-24 02:03:03,1,1,0,混日子。
119575,1708,章燕,2019-11-14 01:19:56,3,3,0,尖酸刻薄碎嘴子
120673,1708,章燕,2020-01-15 01:45:18,1,1,0,绩杀.
124591,1708,章燕,2020-07-03 10:50:21,3,3,0,老师还是挺好的，有问题找老师沟通也会耐心地解答
136180,1708,章燕,2021-06-12 04:28:53,-2,2,4,准大二的广告同学快逃。大不了过一年等好的老师。上了这个老师的课，给你每天弄的绝望的很。
143038,1708,章燕,2021-11-18 09:55:58,0,2,2,就是说，开课雷击，知道我们冬学期作业多所以多压些作业的恶毒女人(自称)😵
145620,1708,章燕,2021-12-30 17:47:49,0,0,0,救命啊
145833,1708,章燕,2022-01-03 06:15:16,1,3,2,垃圾老师。经常让人重做作业
153683,1708,章燕,2022-05-07 17:01:46,6,6,0,其实老师人很负责，私底下交流也很和蔼，能一针见血给出建议，而且相比隔壁，广告业务知识要扎实多了
160222,1708,章燕,2022-09-15 08:02:58,6,6,0,结课一个学期，现在来打十分。中肯的说，老师上课的难度相对于大二而言还是比较大的，起码很难一下子理解进去，所以上课的时候确实也是叫苦连天。但是在之后参加大广赛和老师相处的过程中，发现她真的是很好的人！！我们燕姐其实脾气很好，说话很温柔，专业水平很高，重视逻辑，能一下子给你理清思路，所以不要把她的意见当作负担，因为她是真的能帮助你提升的。传院能同时兼顾理论和实践的老师已经不多了，好好珍惜吧
160268,1708,章燕,2022-09-16 04:33:50,0,0,0,😭😭😭😭😭😭😭😭爱您，汪汪汪！毫不犹豫的10分补上了，真正关心学生的好老师
160269,1708,章燕,2022-09-16 04:33:18,0,0,0,老师教给我们很多逻辑层面的内容，人也好！
165530,1708,章燕,2023-01-08 04:42:16,4,4,0,消费者行为学 给分好
165973,1708,章燕,2023-01-10 14:08:52,4,4,0,给分雀食好
166051,1708,章燕,2023-01-11 03:05:05,0,0,0,老师给分很好
172949,1708,章燕,2023-05-10 09:36:21,1,2,1,讲话很温柔，但同时提出的建议比较的一阵见血，注重逻辑的老师，对学生其实很好！
174293,1708,章燕,2023-06-09 05:19:54,1,1,0,燕燕还是很好的！
174693,1708,章燕,2023-06-15 16:06:42,1,1,0,传院教创意策划为数不多的好老师，珍惜珍惜珍惜珍惜……
176188,1708,章燕,2023-06-28 04:11:51,0,3,3,老师真的很好很好很好很好
186074,1708,章燕,2024-01-08 07:12:20,4,4,0,快逃。
186330,1708,章燕,2024-01-10 13:55:03,4,5,1,滚啊蠢货
186344,1708,章燕,2024-01-10 14:22:06,5,6,1,23秋冬《消费行为学》未出分先评，为这个女人贡献出我第一次查老师评价。省流：能逃就逃。考核方式㊙️，作业形式㊙️，作业要求㊙️上课内容姑且不说，就单论作业，突然来一个结合静博士做一个concept和idea，但是你也没教什么是concept和idea啊。。作业布置极其即兴，似乎不喜欢使用学在浙大。。因没深度接触老师，暂且不评。总之，非常差的课程体验。
191308,1708,章燕,2024-04-17 08:18:12,6,6,0,新媒体广告。课自己是不要上的，名是要点的，作业是要布置五六七八个的。
191311,1708,章燕,2024-04-17 11:15:44,1,1,0,新媒体广告，燕燕是不是被蓝标骗了，这讲的什么狗屎
193851,1708,章燕,2024-06-20 07:55:35,2,4,2,但从晚上12点辅导学生，积极帮学生这一点，章燕老师就已经算是非常好的老师了，美中不足的地方确实有，但是在我心里还是一位值得称赞的老师
194050,1708,章燕,2024-06-21 15:12:41,-3,0,3,燕燕，超棒！
194106,1708,章燕,2024-06-22 04:30:07,3,3,0,天，我怎么只有三十几分？\n\n是没给我算大作业成绩吗？？？
194196,1708,章燕,2024-06-22 12:16:47,0,1,1,燕燕其实挺好的
197872,1708,章燕,2024-08-18 05:34:48,4,4,0,本来因为学长学姐的话对她没有什么好印象，但在上了她所开授的课程并接受她对我们比赛的指导后，我觉得真的是年少不知燕燕好，她能对我们的作业提出非常切实的意见，并动用自己的资源帮助我们，非常关心学生（只要你会去找她），她的课确实比较水而且作业要求讲得不是很清楚，但是给分好，除了上述两点之外，我觉得燕燕没有缺点，反而是另一位潘姓老师让我感到心寒
198235,1708,章燕,2024-09-05 12:49:14,1,3,2,燕燕其实很好，真的会认真给学生指导，除了作业布置不太清楚之外没啥缺点
202842,1708,章燕,2024-11-15 00:45:46,1,1,0,对不对？是不是这样子的？对不对？是不是这样子的？
211277,1708,章燕,2025-01-11 06:06:42,0,0,0,老师还行，上课有点无厘头
220373,1708,章燕,2025-06-17 13:50:10,0,0,0,无语至极！想不懂这样的人怎么能成为传播系主任的😓
852,1744,汪凯,2015-03-18 00:54:58,47,51,4,赞的不行！\n\n
2894,1744,汪凯,2015-05-10 13:09:26,2,4,2,口若悬河
5387,1744,汪凯,2015-07-07 05:51:13,23,25,2,男神！
6272,1744,汪凯,2015-07-12 14:12:28,13,14,1,男神！
8295,1744,汪凯,2015-09-18 04:15:01,12,14,2,很好的老师，温和又热情！
9905,1744,汪凯,2015-11-12 14:40:50,3,4,1,男神超赞的
11955,1744,汪凯,2015-12-21 11:30:59,0,1,1,超级好！！！！
12497,1744,汪凯,2015-12-23 11:40:53,3,4,1,老师人很好呀～讲的也不错
12773,1744,汪凯,2015-12-24 03:38:44,9,9,0,知道的很多，很有自己的观点，例子很多
12819,1744,汪凯,2015-12-24 05:54:39,1,1,0,最喜欢的老师！\n\n
12829,1744,汪凯,2015-12-25 01:21:44,0,1,1,老师真的是口若悬河，博闻强识！
12898,1744,汪凯,2015-12-24 07:51:22,5,6,1,萌萌哒wuli凯凯
13091,1744,汪凯,2015-12-25 00:47:52,0,1,1,老师人超级好，知识渊博+不点名
15115,1744,汪凯,2016-01-23 02:07:33,2,3,1,上课风趣幽默 简直男神 给分非常好
15257,1744,汪凯,2016-01-13 04:50:10,0,1,1,炒鸡喜欢！
15629,1744,汪凯,2016-01-16 01:43:36,0,2,2,超级好   事少干货多  有深度\n\n单身男神老师噢~
17456,1744,汪凯,2016-01-20 08:42:31,2,3,1,幽默风趣 有内涵有水准 男神！
18859,1744,汪凯,2016-01-22 15:50:33,2,3,1,凯凯男神！！！！....
18937,1744,汪凯,2016-01-22 23:46:15,6,8,2,讲得真心好！就算不点名也吸引我坚持每次都去，口若悬河引人入胜，真的能学到东西！！真喜欢！！
18943,1744,汪凯,2016-01-23 00:00:35,17,23,6,和某仙现撕简直帅哭
19192,1744,汪凯,2016-09-21 01:59:42,4,5,1,喜爱凯凯！！德智美兼修！！！凯凯嫁我！
21123,1744,汪凯,2016-02-19 03:00:03,16,17,1,不多说什么老师嫁我
21768,1744,汪凯,2016-03-01 05:13:48,2,3,1,超级男神啊～幽默又智慧。上课简直是种享受～
22065,1744,汪凯,2016-03-02 08:37:42,2,3,1,男神级别
28820,1744,汪凯,2016-06-28 16:26:38,7,8,1,超有自己的想法 如果你被各种对立的观点纠结到不行 听老师的课一定会解脱
30409,1744,汪凯,2016-07-01 13:40:42,3,4,1,有一次看他抽烟总感觉有点别扭，不过还是蛮好的，不是还有别的大牛教授不抽烟讲不出课嘛。
32974,1744,汪凯,2016-09-06 02:20:46,15,17,2,有一次大冬天上凯凯早课迟到了，居然在风味门口遇到同样风中凌乱一脸起床气的凯凯!  凯凯我要嫁你!(>^ω^<)
34862,1744,汪凯,2016-10-25 12:06:52,0,2,2,非常有个性的一位老师
36517,1744,汪凯,2016-11-14 12:49:31,1,2,1,课程内容丰富 老师文采很好 一看就知道读过很多书啊
36529,1744,汪凯,2016-11-14 14:55:11,1,2,1,老师嫁我
37810,1744,汪凯,2016-11-21 07:09:35,4,6,2,凯凯我要给你生猴子！
38108,1744,汪凯,2016-11-24 10:10:03,0,1,1,迷妹的我现在才来夸凯凯汪， 真是惭愧！ 男神凯，rio赞！！
50722,1744,汪凯,2017-05-04 14:01:35,4,5,1,干货多，演说水平极佳。
51230,1744,汪凯,2017-07-20 08:57:12,2,3,1,凯凯我爱你！
52103,1744,汪凯,2017-06-15 00:30:58,5,6,1,真是个好地方，想把所有让我感激让我没白上大学的老师找出来，给个好评。汪老师是第一个让我感受到学校课程也可以这么rewarding & inspiring的老师
55783,1744,汪凯,2017-07-02 11:20:14,1,2,1,讲台上的凯凯 魅力百分百
62400,1744,汪凯,2017-11-25 01:21:42,5,6,1,啊啊啊啊啊男神。。。谢谢男神没有嫌弃我记不住澳门回归日期。。。
89425,1744,汪凯,2018-11-19 05:23:02,0,1,1,超级好！
89769,1744,汪凯,2018-11-20 16:38:50,0,1,1,话不多说，凯男神嫁我！
98610,1744,汪凯,2019-01-23 15:49:35,-3,1,4,………
98877,1744,汪凯,2019-01-24 04:28:14,0,1,1,来给我的凯凯打个十分么么哒
102906,1744,汪凯,2019-02-25 02:17:26,0,0,0,很棒吧
104192,1744,汪凯,2019-03-13 15:38:28,0,1,1,陶醉的感觉
104194,1744,汪凯,2019-03-13 15:39:28,0,1,1,真的好❤️
105875,1744,汪凯,2019-04-22 12:47:48,0,1,1,今天的凯凯是科学家！
109892,1744,汪凯,2019-06-20 05:09:08,6,7,1,一颗自由的灵魂
109920,1744,汪凯,2019-06-20 07:18:46,0,1,1,非常好的老师，能听他上课真是幸运。
118409,1744,汪凯,2019-10-26 15:08:50,1,3,2,今天在许多问题上感到总会被凯凯切了一刀。但幸好他也不是粗暴的一刀切。
119760,1744,汪凯,2019-11-15 11:23:55,2,3,1,君生我未生 我生君已老啊！真的爱死了！
127277,1744,汪凯,2020-11-19 12:00:42,0,1,1,好！！！
132095,1744,汪凯,2021-01-30 08:14:55,1,2,1,我永远喜欢凯凯
137747,1744,汪凯,2021-07-06 03:19:21,0,1,1,喜欢喜欢喜欢喜欢喜欢喜欢！！！想把课听两遍！
142946,1744,汪凯,2021-11-17 16:41:29,0,1,1,好老师[流泪][流泪][流泪][流泪][流泪][流泪][流泪][流泪][流泪][流泪][流泪][流泪][流泪][流泪][流泪][流泪][流泪][流泪][流泪][流泪][流泪][流泪]
144246,1744,汪凯,2021-12-21 02:20:55,0,2,2,三观很正，作业可能有一点点难，但是会学到很多，吸收很多新的知识。我爱wk~
144556,1744,汪凯,2021-12-22 08:49:48,1,2,1,凯哥真的yyds，会提前下课，没有pre（社恐救星），很温柔，上课很适合补觉（凯哥我错了
153117,1744,汪凯,2022-04-25 16:00:47,0,2,2,10分不解释
156339,1744,汪凯,2022-06-19 06:31:40,6,8,2,我是外专业选汪凯老师新闻道德法规当个性的，老师讲课很好，很有洞见，认真听是能感悟到一些东西的。不过感觉本专业的同学对待这门课不是很热情，到课率也就一半左右，老师讲课的时候也没几个人听，挺心疼老师的
162115,1744,汪凯,2022-11-17 01:57:59,4,6,2,上课还行 给分也就那样
162268,1744,汪凯,2022-11-18 14:59:30,0,3,3,凯哥人真的超级好，很有思想，给分也很好，他真的我哭死
179984,1744,汪凯,2023-09-20 05:54:37,5,7,2,非常有人格魅力的老师，听他的课是一种享受，如果愿意听，可以收获很多东西，如果不愿意，也没有关系，相当自由幸福的课堂。
180965,1744,汪凯,2023-09-29 16:30:47,2,4,2,凯哥是本院新闻专业的灵魂人物～～
182831,1744,汪凯,2023-11-20 13:30:37,8,9,1,课还可以，不点名。\n\n有学到知识，但不硬。\n\n给分并没有先前评论的那般好。
183090,1744,汪凯,2023-11-22 06:05:39,3,9,6,上浙大学新闻以来听到的最喜欢的课\n\n不点名作业不多但是作业有点难\n\n给分还可\n\n论讲课就值得10分的老师
183118,1744,汪凯,2023-11-22 09:16:30,2,7,5,给分中规中矩，周围好像有不少同学喜提高分的，不过个人最后分不高（卡了）\n\n但还是10分送给老师！
200756,1744,汪凯,2024-10-22 02:30:58,-7,2,9,作业要求跟挤牙膏一样，快到期末忙死了才一点点说要求，讲不清，太难做了。还有一周考试了，大作业还没布置，急急急，忙忙忙。上课还有点收获，有想法的老师，但是关心社会的同时能不能多关心点学生。
202352,1744,汪凯,2024-11-12 03:26:21,2,2,0,喜欢喜欢喜欢，必须10分
202369,1744,汪凯,2024-11-12 06:33:04,1,2,1,有思想，有深度！很随性，不在意作业的格式等等，只要求有自己的想法和思考！很喜欢！希望以后有机会能再上老师的课！
202407,1744,汪凯,2024-11-12 11:41:36,1,2,1,老师真的很好……上课不用特别专注也能收获很多东西。给分也很好！用人格魅力俘获了我
202686,1744,汪凯,2024-11-14 01:14:07,1,1,0,凯哥大赞，传院的好老师
205067,1744,汪凯,2024-11-30 14:43:30,0,0,0,汪凯讲课还是好玩的，很有思想，这个人属于乐观的悲观主义者，所以虽然有点小忧郁气质但是还是很幽默。\n\n没怎么听过课，因为听不下去，对报业和新闻事业丝毫不感兴趣，基本都是睡过去的。\n\n但是我可以保证我的作业质量还可以，问题是汪凯似乎不那么觉得，并且给出了我专业课最低绩点。。。只能说我不适合学新闻。。。
211188,1744,汪凯,2025-01-11 03:50:54,1,1,0,汉语言学生选了汪凯老师的新闻编辑作为跨专业课，汪老师上课内容穿插了对于一些社会议题甚至一些不可说问题的态度，幽默风趣，思想独立，也富有责任感，确实开阔了视野，也对我们所处的社会、时代有了更多层面的认识。如果大家想要真的收获一些观点和想法而不是水课混学分的话，绝对是超值的课！
211841,1744,汪凯,2025-01-12 16:16:00,1,1,0,传院难能可贵还讲新闻稿件的好老师了 现在看到一些国际传播就头疼 这门课一定要自己去下功夫 wk老师课上会推荐很多书和文章 如果课后自己花时间看了跟老师讨论 对新闻编辑的理解会提升很多 老师授课思维有点发散 所以可能需要学生尽量不走神 跟着老师思路走(⁎⁍̴̛ᴗ⁍̴̛⁎)两次大作业重要的是找到靠谱的组员hh 不要敷衍了事 可以提前做好课后给老师看看 根据意见修改 最后结果会好一点
2977,1766,朱菁,2015-05-12 05:11:42,23,27,4,上课有趣，可以看很多视频。传院女神呢
4841,1766,朱菁,2015-06-29 12:56:40,0,4,4,情怀
23867,1766,朱菁,2016-04-19 06:06:23,0,2,2,应该早点上这门课上
25805,1766,朱菁,2016-06-08 13:01:36,13,15,2,传媒学院的女老师都好有人文情怀
27031,1766,朱菁,2016-06-22 10:31:03,2,5,3,好！女神！
27656,1766,朱菁,2016-06-27 07:11:01,1,3,2,棒棒哒
48849,1766,朱菁,2017-05-07 09:32:39,5,7,2,朱老师人超级女神的～课上干货很多给分也很好～表白女神٩(๑òωó๑)۶
50658,1766,朱菁,2017-05-04 05:58:27,26,29,3,香港记者给了分就跑真刺激
50659,1766,朱菁,2017-05-12 07:03:47,0,8,8,我舍友说，话放在这里了，明年HK记者还敢再来，绝对打断他的狗腿
50663,1766,朱菁,2017-05-04 06:19:06,3,15,12,天天起早去听课还给分这么低，来个香港记者上课，上课不知道讲的啥，浙大最差课，没有之一\n\n
50665,1766,朱菁,2017-05-04 06:25:03,4,10,6,上课还是不错的，有故事有禁闻有干货，就是小测略微出奇，还有，香港的大哥给分真•刺激
50668,1766,朱菁,2017-05-04 06:41:26,1,8,7,真的没讲多少干货，我觉得中间两个学长学姐讲的比老师讲的好太多了。浙大最无干货课，本想中途退课，已无力吐槽，香港记者太随意
50671,1766,朱菁,2017-05-04 06:45:45,1,1,0,很棒！
50675,1766,朱菁,2017-05-04 07:12:07,1,2,1,老师很好，认认真真做作业，成绩很好
50700,1766,朱菁,2017-05-04 11:00:16,5,9,4,总是有些分数不好就开始无视上课情况随便喷老师的，竟然还有人出口成脏。16-17春学期朱菁的广播电视学实际上是由香港来的张圭阳老师上课、考核、给分的。给分差是事实，比如给了我3.6创了专业课最低分。据说明年还会请张老师来浙大上课，怕给分不好的可以选其他老师的课，张老师的这门课更适合旁听。前面说毫无干货的真的有认真听过课？视频、图片的资料有的就是老师本人拍摄的，一些观点、角度还有延伸阅读资料都很有趣。课程结束后会留下邮箱，如有问题就算不上课了也能继续讨论。考试成绩占90%，30%期中60%期末，期中是判断题，有的地方设置得比较坑，还在玩换个字之类的高中模式，但是大多数题目中规中矩。至于期末，10个选择，大题5选4，都是课堂内容，不过最后还是这个分我真有点想查卷。
50825,1766,朱菁,2017-05-06 02:58:48,7,8,1,我不是香港记者的课，前面那些香港记者的都是假课吧。感觉老师人真的超好的，干货满满，上课的时候挺有趣，从来不点名，最后一次下课的时候大家都是依依不舍的……期末给分也很好。果断10分！
50987,1766,朱菁,2017-05-11 05:42:12,1,3,2,17年春学期广播电视学不是朱菁上的 是香港的老师代课 要求严格 给分不好 但是讲的很好 很有干货 也很乐于交流 确实给分很低 3.6很怀疑人生了 但是出口就骂的那几位 真的好好听课了吗 那位说“不了解浙大行情”的 你觉得水水过得高分就很值得吗\n\n\n\n况且当初老师要我们选择展示还是考试 大多数人不是以为考试会水过展示太麻烦所以选了考试吗
51161,1766,朱菁,2017-05-21 12:07:11,0,0,0,老师非常好，给分也很好
55251,1766,朱菁,2017-07-01 05:45:12,0,0,0,朱老师本人应该很不错的
55774,1766,朱菁,2017-07-02 11:13:07,2,2,0,我不太清楚那个广播电视学香港记者，是不是他来代课之类的给分不高，所以很多差评？但是朱老师本人和蔼 上课干货满满 我们都觉得给分绝对绝对非常良心！（上过两门朱老师课的老学姐
56170,1766,朱菁,2017-07-03 07:21:17,3,3,0,朱菁老师上课干货满满！有史以来最认真听过的课 非常有意思 收获很多！给分也是极好的！！
76721,1766,朱菁,2018-04-19 06:16:45,1,1,0,超级棒，干货满满
77651,1766,朱菁,2018-05-07 06:04:17,6,6,0,真的是很有人文情怀的女神老师，上课干货满满，下课又很可爱，和室友一起被圈粉，为什么不是长学期的课！！
77689,1766,朱菁,2018-05-07 09:22:28,4,4,0,老师教了很多干货，还推荐课外阅读，认真听加上课外自觉的话能学到很多。
77726,1766,朱菁,2018-05-07 12:00:00,11,13,2,广播电视学：是个负责任有想法的老师，上课干货很多，给分也不错。只是有时候会有点凶……算是很有自己的原则吧。
77733,1766,朱菁,2018-05-07 12:23:16,3,3,0,干货满满
77747,1766,朱菁,2018-05-07 13:30:08,2,3,1,老师真的超级超级棒
77782,1766,朱菁,2018-05-07 23:58:30,1,2,1,圈粉圈粉，人真的很好，都是干货，上课会讲很多事例
78227,1766,朱菁,2018-05-10 05:28:28,2,3,1,为朱菁老师打call！打call！\n\n老师上课非常轻松灵活，知识点讲解也超级清楚，能够学到很多知识！\n\n老师气质超棒的qwqq女神本人qwqq
83307,1766,朱菁,2018-07-10 05:02:33,1,1,0,老师很好，上她的课能学到很多东西，给分也非常好。
104598,1766,朱菁,2019-03-25 02:37:44,7,7,0,我爱她！！！！紧跟时代毫无代沟的温柔美丽气质女神！！！！听课体验极好！！！！呜呜呜太喜欢这个课了
105726,1766,朱菁,2019-04-19 03:13:43,7,8,1,求求了 \n\n最后一节课说\n\n“我的学生都是认真优秀的学生”\n\n温柔理性博学明亮\n\n打10分是因为只有10分
105738,1766,朱菁,2019-04-19 10:55:48,2,2,0,很好的老师，那种很想和她一起讨论问题的冲动是自然而然就生发出来的。听老师上课我觉得是享受，真的。
107437,1766,朱菁,2019-05-05 07:26:20,1,1,0,给分高，舒服
107457,1766,朱菁,2019-05-05 09:41:41,2,2,0,是我目前为止最喜欢的一门专业课。老师上课的状态我很喜欢（虽然真的是每堂课上都提在场的意识，次数太多了）。不管怎样，上课舒服是最重要的 ! ! !
107460,1766,朱菁,2019-05-05 09:55:56,8,8,0,女神老师，很有人文情怀，上课脱稿1.5倍速演讲，是我笔记记得很认真的专业课！点名偶尔会随机点，很不喜欢同学上课迟到，因为是大一基础课程所以上课知识浅显易懂，考核方式很简单就一份小组研讨一份课程论文，给分很好。给老师打call!
107463,1766,朱菁,2019-05-05 10:14:36,3,3,0,我爱朱菁！女神女神！讲的超级好！给分超级超级超级好！
107467,1766,朱菁,2019-05-05 11:13:00,2,2,0,打十分是因为最高分只有十分，传院女神我爱她，每次听她课都收获颇多，甚至有好几节听她讲解都热泪盈眶，真的干货多气质佳讲课极好，想追着她的课全部听一遍
107482,1766,朱菁,2019-05-05 15:41:40,0,0,0,我不允许没有人没上过！！我好爱她！
107751,1766,朱菁,2019-05-09 04:53:19,2,2,0,上课很有激情，干货满满，给分很好！
107824,1766,朱菁,2019-05-10 06:02:19,0,0,0,我爱！！女神！给分很好，很有自己的风格和想法，受益匪浅！！
113407,1766,朱菁,2019-07-06 17:07:27,0,0,0,工科生选了朱老师的课，觉得收获很大，老师人很好给分也不错。
123211,1766,朱菁,2020-05-20 07:51:52,0,0,0,认真写了两篇论文，不知道哪里出了问题，比我想象中低蛮多
123382,1766,朱菁,2020-06-08 01:07:50,1,1,0,非传院的同学选了老师的广电，上课有激情，给分棒；倒是与老师上课的激情比起来，自己有些太功利了。值得
134857,1766,朱菁,2021-04-19 08:02:11,3,3,0,我真的好爱她好爱她好爱她\n\n博学、知性、明亮\n\n我们讲李阳讲药家鑫\n\n我们看高三看福原爱\n\n探讨广电的发展，思索报道的准则\n\n真的，太值得一学了。
135327,1766,朱菁,2021-05-08 06:21:00,0,0,0,大爱老师！
135460,1766,朱菁,2021-05-11 03:37:42,0,0,0,老师人超棒，给分好，任务少，干货多～(*^▽^)/★*☆
135461,1766,朱菁,2021-05-11 03:36:33,0,0,0,老师人超棒，给分好，任务少，干货多～(*^▽^)/★*☆
135493,1766,朱菁,2021-05-11 14:04:43,0,0,0,老师会点名，千万别逃课，血一样的教训。
2529,1805,鲁晓笑,2019-09-23 16:04:03,74,102,28,可以再烂一点吗
37838,1805,鲁晓笑,2016-11-21 10:23:51,28,36,8,上课感觉不好 感觉老师要求有点高 完全没有基础的人上这个课心好累
38831,1805,鲁晓笑,2018-02-03 06:38:05,44,55,11,太可怕了 一点都不专业
38839,1805,鲁晓笑,2016-12-19 13:39:13,20,30,10,坑老师，给分差，爱点名，上课无聊
46425,1805,鲁晓笑,2017-01-21 13:57:51,39,48,9,这么不专业的老师就不要开这么多课坑人好吗？
49281,1805,鲁晓笑,2017-04-01 07:30:44,24,33,9,老师自己审美水平呵呵，开那么多基础课真的误人子弟，耽误真正有能力的同学锻炼提高的机会
52589,1805,鲁晓笑,2017-06-21 08:54:04,20,27,7,课时不够，展示来凑。
56640,1805,鲁晓笑,2019-09-23 16:02:56,9,14,5,啥垃圾玩意儿
56648,1805,鲁晓笑,2019-09-20 03:08:15,23,28,5,垃圾垃圾垃圾垃圾垃圾垃圾老师，啥也不讲，光让学生自己画！！！然后杀绩点，G点直接掉了一个层次！！！老师，何苦为难我们学生呢？我想说，如果让我重来，我不想再见到她一次！！！
56656,1805,鲁晓笑,2017-07-04 07:33:19,3,9,6,客观讲，老师要求偏高了。给的成绩不太好。自认为已经很努力了。有点难过，但是继续加油。
56671,1805,鲁晓笑,2017-07-04 08:36:08,-20,12,32,老师不够专业但是很耐心，要求也确实有点高，但有一些同学不够用心还这样说老师就有些过分了，好多人都是迟到早退，自己不够努力还要苛责别人，我想说努力还是有回报的，我是0基础，但每一次都自认为用心，之前有一次水粉额外画了4个小时，上午的课画到12:30也是常有的，最后老师给我的绩点还是相当不错了。
56676,1805,鲁晓笑,2017-07-04 08:42:12,3,9,6,没有基础的真的给分差\n\n劝不要选
60888,1805,鲁晓笑,2017-11-01 11:52:43,1,6,5,？？？？？？？？老师软件水平？？？存在吗？？？？？？
60889,1805,鲁晓笑,2017-11-01 12:00:27,2,7,5,自己都不会做。。。
62128,1805,鲁晓笑,2019-09-23 16:02:21,8,13,5,迄今为止最差的上课体验，堪比行测郑丹文。
63684,1805,鲁晓笑,2017-12-12 14:32:23,6,11,5,建议退了
63799,1805,鲁晓笑,2017-12-15 03:27:02,7,12,5,这么没水平的老师为什么要开那么多课来祸害学生！
63905,1805,鲁晓笑,2017-12-19 04:07:52,0,2,2,
64844,1805,鲁晓笑,2017-12-27 11:41:11,86,104,18,老师“根据这个名片我猜你是国贸的”\n\n同学“我是电气的”\n\n老师“哦，但是你这个国贸的特点体现的不是很明显，你这个标志什么意思”\n\n同学“这是我们电气的一个标志”\n\n老师“哦，我想你这个国贸背景放一个这个图也还行吧”\n\n同学“老师我是电气”\n\n老师“所以以后国贸特点体现明显一点”\n\n。。。。。。
65505,1805,鲁晓笑,2019-09-23 15:58:17,14,20,6,听傻逼老师上课是种什么体验？\n\n记不清自己布置的作业要求 展示要求\n\n不讲清展示日期\n\n上课的时候毫无根据乱怼人\n\n上课的时候念别的老师的ppt\n\n瓦萨广告学有这种老师来上课真的惨耶
65508,1805,鲁晓笑,2018-01-12 04:34:30,8,15,7,根本不听学生说话，全程构思自己的问题。学生展示想打断就打断还美其名曰自己会忘，一个展示说好十五分钟结果有十五分钟是她在问百度百科以及炫耀自己少得可怜的学识。\n\n不知道这么多年怎么待下去的，惹不起惹不起orz
65923,1805,鲁晓笑,2018-01-10 08:51:14,25,30,5,审美畸形，逻辑混乱，给分随机。
66113,1805,鲁晓笑,2018-01-12 02:02:10,14,21,7,广告创意与策划不说清楚什么时候展示导致所有人最后一节课展示，展示的时候一直xjb提问导致每组四十分钟?
66114,1805,鲁晓笑,2018-01-12 02:01:55,25,32,7,太差了吧 没见过这么无聊的老师 辛辛苦苦做的展示 一直在问一些很无聊的问题  没有提前和我们说要展示 结果要展示？？还说是她的惯例？？我们不知道的喂 还想占用下午来展示 票圈因为她变得格外的团结 服气
66115,1805,鲁晓笑,2018-01-12 02:02:56,12,18,6,没文化废话又多，要不是必修。自己课上成这样还有脸跟我们说什么教师评价你们懂的。还开那么多课浪费学生时间，拜托提高自己的专业水平再来当老师好嘛
66127,1805,鲁晓笑,2018-01-12 03:43:17,8,14,6,鲱鱼罐头一样的体验吧，广告策划与创意上成这样也是服气了
66138,1805,鲁晓笑,2018-01-12 04:33:19,8,13,5,为什么没有零分？？？\n\n\n\n她的课\n\n避而远之\n\n\n\n不然就等着后悔吧\n\n
66142,1805,鲁晓笑,2018-01-12 05:32:06,0,5,5,误人子弟\n\n
66558,1805,鲁晓笑,2018-01-17 08:54:18,-14,7,21,当时选了这门课然后看查老师看得提心吊胆，现在学期结束了，我只能说我完全不后悔。我不是专业课的学生，老师的专业水准我也不评价，我只想让老师把这门通识一直开下去。在紫金港能选到一门教平面设计+PS的课真的已经超级开心了，毕竟这一个学期我从一个完全零基础的技术小白到现在能自己完成一张广告，这种收获和成就感比别的任何一门课都更明显了。不管能拿到什么成绩，我都庆幸自己选课时的决定。至于老师，是有点迷糊，而且对自己的迷糊并不怎么在意，但是人还是很好的，有耐心，对学生也不错。所以，感兴趣的同学可以选，如果不感兴趣，可能比较难受。
72106,1805,鲁晓笑,2018-01-29 10:59:32,1,4,3,一学期上成这样也不说什么了，看到成绩真的忍不住打1分了。
72435,1805,鲁晓笑,2019-09-23 15:58:42,2,6,4,垃圾，不解释。
72853,1805,鲁晓笑,2018-01-31 07:59:23,1,4,3,上课上的极差，多听一分钟都是浪费我的时间
73640,1805,鲁晓笑,2018-02-02 08:47:47,0,7,7,贵专业为啥是个B级甚至C级水平的学科？看看这水平参差不齐的师资队伍。
76199,1805,鲁晓笑,2019-09-23 16:01:11,0,4,4,傻逼呵呵
76958,1805,鲁晓笑,2018-04-26 13:47:00,0,3,3,结果就是，你评分越低，她越杀你绩点。
77032,1805,鲁晓笑,2018-04-28 16:05:01,-3,4,7,之前上美术基础觉得老师要求太高(心存怨念)，可这学期上了影视色彩学觉得老师人挺好的，态度很好，特别是展示作品的时候点评得很认真呐！至于绩杀，确实是有点可怕哈(颤抖着祈祷自己不要被杀到)
78444,1805,鲁晓笑,2018-05-12 01:24:51,-8,4,12,感谢老师???
78667,1805,鲁晓笑,2019-09-23 15:58:34,0,2,2,没水平  半吊子  辣鸡  还要求高
78808,1805,鲁晓笑,2018-05-15 08:48:43,0,1,1,上课，给分有点迷，为色彩学片子付出了很多 结果呵呵
80099,1805,鲁晓笑,2019-09-23 16:01:34,0,4,4,帮您无限接近1分 怎么会这么烂啊
80100,1805,鲁晓笑,2019-09-23 16:01:41,0,5,5,母牛下山，牛逼冲天了
80102,1805,鲁晓笑,2018-06-20 03:27:11,3,9,6,不能打0分真是令人沮丧。\n\n鲁晓笑：ae是什么？新出的软件吗？（2018年）\n\n质疑她基本的视频知识，并且认为她很蠢
80140,1805,鲁晓笑,2018-06-20 13:25:04,0,2,2,零零落落零零落落了
91087,1805,鲁晓笑,2018-11-29 23:56:53,0,15,15,老师耐心负责，给分友好，我和我室友都满绩了，自己不认真完成作业就不要怪老师！
92542,1805,鲁晓笑,2019-01-02 10:06:57,0,4,4,真的第一次见 第二天上课展示 前一天晚上6点通知的，真的太无语了?。一般的课程都在展示，不知道学这个学到什么，浪费人生。至今上过传院所有的老师里面最烂的老师没有之一
92544,1805,鲁晓笑,2019-01-02 10:19:17,0,2,2,第二天全案展示前一天晚上才通知哦
92564,1805,鲁晓笑,2019-01-26 00:05:22,0,2,2,给分如何
100228,1805,鲁晓笑,2019-01-25 23:55:01,1,6,5,特别轻松，老师其实很可爱滴
100240,1805,鲁晓笑,2019-01-26 00:24:13,1,4,3,自认为上课很认真，也很认真对待每一个作业，但是头一次被专业课拉低分数，而且每个星期还要付出很多的精力去做.......我真的是很无语了，简直是绩杀。\n\n慎选！！！\n\n
100262,1805,鲁晓笑,2019-01-26 01:24:08,0,3,3,这种老师就不要来祸害人好嘛？第一次碰到这么低的专业课绩点，早上的课自己还一直迟到，每周都会额外画一个下午的时间来完成作业，结果分数这么低？？？？服气
100464,1805,鲁晓笑,2019-03-06 12:45:16,-4,9,13,因为听广告学子们骂了很多年绩杀我很怂地大四了敢选美术基础233?但是我绩点还挺好啊……我想讲下如果大家稍微有点学过或者不是成绩非要门门4.54.8的话【【选一下没损失啊…而且画画这种事还蛮有成就感的?我也不是艺术生也就很小的时候学了点画画初中就慢慢放弃了?。。所以这门课总给我缅怀童年的感觉?【【不过大多数同学应该是完全零基础。。说实话八个星期画这么几个下午投入的精力就想提高多少了才有鬼啊【也许大家觉得很委屈比起别的科目花了更多时间分也不高【但其实艺考生都是一天十几个小时的练习才能有短期提高的。。老师给分可能比较客观吧可是说实话是公平的啊?难道给画得好的不好的人一样的高分。。就因为大家在这段时间练习花的时间差不多就公平了吗？这个逻辑才流氓吧……尤其传院这种“社会气质”浓重充斥刷绩点潜规则的课程的地方，我觉得有比较客观的不是看“态度”而是看“实力”的评分是蛮可贵的【另外仅就这门课来看老师也是有水平的人也挺好的。。说迟到什么的老师其实有说过会几点指导其他时间大家自己练习的【另外我一个从大一迟到到了大四的人惭愧地表示最喜欢那种没啥时间观念的老师了233333
100647,1805,鲁晓笑,2019-01-26 13:18:54,4,7,3,上的美术基础，绩点3.9，我觉得还好，在我心里付出和分数成正比吧，因为我也不是啥都要追求4.5那种人。其实每周花半天在画室画画还是挺享受的，虽然本人也没啥基础，但是画画修身又养性，总的来说我挺喜欢这门课的
101332,1805,鲁晓笑,2019-01-28 04:28:28,-3,3,6,老师人还不错，之前绩点超低去问老师说是一张画没交，我想大概是中途遗漏，后来找了很久找到了几张照片，老师答应帮我改分数。所以分数低的同学们可以去问问有没有误会，如果哪张画没交分数是直降的!!!!老师人还是挺好的，很和善，就是希望再教多一点，也有可能美术本来就是需要自己去多练才能摸透。
102335,1805,鲁晓笑,2019-02-01 03:45:44,1,5,4,平面制作基础的。上课就是放之前同学做的作业，念一下ppt，吹吹自己的同学设计了什么牛逼的东西，然后放放别人的ps教程视频。每次上课都去，给分70+，实在搞不懂这种老师怎么进浙大的
103528,1805,鲁晓笑,2019-03-01 01:55:31,1,3,2,老师人还是挺好的，考虑到人太多可能顾不过来特意分了两个班上，指导的时候也很耐心还会帮忙画
103861,1805,鲁晓笑,2019-03-06 12:36:40,1,2,1,必修她课的同学们，愿你们上辈子都是个天使?
103862,1805,鲁晓笑,2019-09-23 15:59:00,0,5,5,打一分都嫌多，传媒学院的蛀虫老师
103863,1805,鲁晓笑,2019-03-06 12:52:04,1,5,4,希望笑笑老师能亲自来看看同学们的评价，不要活在梦里，以为自己教学水平很高，建议早日退休，不要误人子弟
105200,1805,鲁晓笑,2019-04-07 11:49:26,1,4,3,浙大里见过最糟糕?的老师没有之一，毫不负责，专业水平差，上课朗读不知道谁写的的书word版，完全不知道备课为何物。什么都不知道还要装作很懂的样子指手画脚。给分基本看喜不喜欢这个学生，令人作呕。日常怀疑为什么这种水平的人还没被辞退
105691,1805,鲁晓笑,2019-09-23 15:59:39,5,8,3,为什么没有负分呢？上她的课除了自学还能有什么提升？让我们看微信公众号的教学自己什么都不会讲。提修改建议完全出于主观，创造性的作业一改再改，真是够了。还提倡恶竞，真的好烦啊。这种能力的人都能当老师，我觉得传院也就这样了。
106825,1805,鲁晓笑,2019-09-23 15:59:09,1,4,3,垃圾 浙大里最垃圾课程\n\n不是必须课程的同学，逃去吧\n\n听着老师的课程的话 你的实际老师是“百度”。
107254,1805,鲁晓笑,2019-05-02 16:31:03,-2,1,3,给分好，内容水，展示多
107349,1805,鲁晓笑,2019-05-04 06:29:50,0,3,3,太恶心 看人给分
109848,1805,鲁晓笑,2019-06-19 16:38:51,-1,8,9,只有我一个人觉得鲁老师上课很好吗
116915,1805,鲁晓笑,2019-09-17 07:57:02,2,5,3,课程感觉挺好的呀，而且老师颜值在线～～～
117302,1805,鲁晓笑,2019-09-23 00:30:16,0,4,4,老师人很友善，上课认真，课余有问题微信骚扰多次，每次都会热心解答，感谢！
117392,1805,鲁晓笑,2019-09-24 01:57:23,-2,3,5,对于零基础的我，学到了很多，谢谢老师！
117531,1805,鲁晓笑,2019-09-25 11:50:09,5,5,0,每次老师点评作业都使人怀疑老师的审美水平，从来只从作业的形式来点评而不重视整体的美感，软件教学就是放视频，对零基础同学极为不友好。
117708,1805,鲁晓笑,2019-09-29 13:36:50,3,4,1,千万别选，作业布置的什么玩意。啥要求没讲让我们做ppt展示，还是抽查\n\n大家快跑
117716,1805,鲁晓笑,2019-09-30 01:37:58,-13,3,16,讲课耐心细致，老师颜值也高，喜欢鲁老师的课！
117719,1805,鲁晓笑,2019-09-30 01:46:01,-5,1,6,还可以
117805,1805,鲁晓笑,2019-10-02 06:32:53,11,11,0,别担心到展示前一天她会告诉你所有要求
117940,1805,鲁晓笑,2019-10-16 11:35:46,1,1,0,乐色老师
117950,1805,鲁晓笑,2019-10-16 14:42:41,2,5,3,为啥不能给零分 这老师有种族歧视现象 为啥浙大会有这种败类
120270,1805,鲁晓笑,2019-11-27 02:37:39,5,5,0,...服了
121121,1805,鲁晓笑,2020-01-19 17:12:23,1,1,0,没有ps基础的不要选平面设计基础
122402,1805,鲁晓笑,2020-02-26 07:57:06,3,3,0,哭了，0202年了，网上直播念word...你没有看错，是屏幕投影着word然后念word...
122843,1805,鲁晓笑,2020-04-14 04:27:01,3,3,0,感觉我的青春因为她而暗淡
126699,1805,鲁晓笑,2020-10-14 08:09:33,2,2,0,讲课和评论小组展示水平也都太差了吧
127995,1805,鲁晓笑,2020-12-02 15:17:01,2,2,0,上课看b站什么也不教 建议自学
127996,1805,鲁晓笑,2020-12-02 15:24:14,1,3,2,nmsl
138296,1805,鲁晓笑,2021-07-08 11:17:42,7,8,1,呵呵 能退则退  明年广告策划与创意好像要换好老师了
141532,1805,鲁晓笑,2021-11-25 00:44:57,2,2,0,卡了，难受
141995,1805,鲁晓笑,2021-11-03 09:14:43,2,2,0,三岁小孩来教课的感觉。。。
142000,1805,鲁晓笑,2021-11-03 10:49:11,1,1,0,:（
143230,1805,鲁晓笑,2021-11-22 01:54:00,2,2,0,简直是折磨...救命啊
143652,1805,鲁晓笑,2021-11-30 05:52:54,3,3,0,非常不专业，上课就是找b站视频放，然后重复别人视频的内容。作业讲的不清不楚，一天一个想法。
143951,1805,鲁晓笑,2021-12-14 03:19:52,2,2,0,上课喜欢阴阳怪气，觉得自己来浙大教书是屈才了
144707,1805,鲁晓笑,2022-01-06 01:32:26,4,4,0,傻逼傻逼傻逼
145621,1805,鲁晓笑,2021-12-30 17:53:23,1,1,0,救命啊
152010,1805,鲁晓笑,2022-03-23 03:48:32,3,4,1,言笑燕雁
153490,1805,鲁晓笑,2022-05-01 16:10:36,5,5,0,再见了您嘞😭👊🏻😭👊🏻😭👊🏻
153491,1805,鲁晓笑,2022-05-01 16:26:52,5,5,0,烂中烂
153494,1805,鲁晓笑,2022-05-02 02:01:26,11,11,0,上课水 作业多 给分低 这样的老师我也可以当 真的
153624,1805,鲁晓笑,2022-05-06 10:14:10,2,3,1,要求讲不清楚，审美停留在零几年，乱给分让人绝望
159749,1805,鲁晓笑,2022-08-28 05:05:23,0,0,0,哈哈哈哈
161356,1805,鲁晓笑,2022-11-04 14:36:00,4,4,0,逃吧 钉钉也不会用的老师 要不然回复废话 什么都最后一分钟才通知 真的醉了 这样的老师怎么在浙大呆这么久的 真的好奇 感觉学了一学期 啥也没学会 笑死
161357,1805,鲁晓笑,2022-11-04 14:37:23,3,3,0,不知道老师是否觉得自己有问题亦或是层次太高无法理解。故意不看留学生的讯息反而回复群信息，前一天才告知留学生打印交作业？？？？有病吧。展示也不早说清楚，前一天才说，展示根本没认真听，只问分工，傻逼。上课也不知道在说什么只念ppt。能退就退。
161359,1805,鲁晓笑,2022-11-04 14:40:25,2,2,0,没有负分吗
161360,1805,鲁晓笑,2022-11-04 14:51:27,2,2,0,如果你什么都不知道 没关系 老师会在前一天/当天才告诉你所有要求\n\n注意点名时间只有1分钟 手速要快 找她补签也已读不回
162454,1805,鲁晓笑,2022-11-23 00:45:59,1,1,0,真的水
162463,1805,鲁晓笑,2022-11-23 02:21:00,0,1,1,自学，给分不算差
162587,1805,鲁晓笑,2022-11-26 17:02:53,2,6,4,【广策】这门课的话期末作业是创意火花测试+小组合作策划案，选题是学院奖征集的命题（策划案赛道），但是可以选择是不是参加学院奖比赛，感觉就是对老师给的PPT里的理论还有点印象，因为之前背了好久hhhh，也看到很多优秀的金奖策划案作品（膜佬.jpg）最后给分出乎意料居然还好（其实不用被老师的评分吓到，尽自己努力就好)
171575,1805,鲁晓笑,2023-03-29 07:07:35,6,6,0,老师是个非常没有礼貌的人，学生在展示频频打断，丝毫没有任何的尊重可言。另外，老师总是喜欢自说自话，无视学生的看法和意见，坚持己见。作业要求不会讲清楚，最后再来给你个惊喜，展示名单也是汇报前几分钟才发到群内，对于没有展示的学生也很不公平。怎么没有0分啊？？？
172183,1805,鲁晓笑,2023-04-21 09:10:29,1,1,0,没见过更傻逼的老师
173037,1805,鲁晓笑,2023-05-11 15:17:53,1,1,0,讲不清要求
173308,1805,鲁晓笑,2023-05-18 07:22:02,1,1,0,额 我的评价是 不好评价。。。
173539,1805,鲁晓笑,2023-05-28 08:20:46,0,0,0,给1分是因为最低只有1分
178966,1805,鲁晓笑,2023-08-08 01:59:57,2,2,0,老师人确实不差，但感觉总是犯迷糊，自己定的作业ddl自己忘了，而且经常不在地球一样……对于几乎没有美术设计基础的同学们来说，她的课难，而且找不到老师人，而且作业多且重，而且给分很低。。
180538,1805,鲁晓笑,2023-09-22 14:05:56,2,5,3,上了第一节美术基础来评价一下。这门课其实就是画画课，作业是5张素描（每张10分）＋3张水彩（2张是一张10分，还有一张20分）＋10分点名发言。（别被这个作业量吓到了，因为每张画都是课上画的刚好8节课，课下一点事情没有！！所以很轻松了！！）\n\n感觉老师上课还是不错的，至少感觉专业知识方面水平还是比较过硬的，对于对美术感兴趣的同学来说也能学到不少东西。画画的时候老师也会在旁边给予指导，态度总体来说还不错。\n\n缺点是给分很严！她给我们看了往年的几张画好多给的都是6分7分？？（其实老师可能不是故意给分差，感觉她是对这个分数没有什么概念，要每张画都6/7分那像我这种没有一点基础的不都是冲着2点几甚至1点几去的？？）\n\n所以，如果你没有任何绘画基础，而且对美术没有什么兴趣，并且要冲绩点的，别来。如果你要凑学分，完全不管绩点，速冲。
181561,1805,鲁晓笑,2023-10-23 02:03:16,4,5,1,课程还没结束就受不了来打分，真的太烂了！！！！提问没有专业性，测试当天上午通知，讲课思路不清
181570,1805,鲁晓笑,2023-10-23 06:26:19,6,7,1,“蠢货”，xjj如是说。
181571,1805,鲁晓笑,2023-10-23 06:25:27,3,4,1,蠢货。。。
183561,1805,鲁晓笑,2023-11-27 11:21:19,3,6,3,我求你了你能不能去死
183581,1805,鲁晓笑,2023-11-27 12:40:51,1,4,3,真的是个蠢货
183586,1805,鲁晓笑,2023-11-27 13:16:18,0,4,4,卧槽......这个给分是认真的吗......\n\n2.1......哭晕在厕所......
183597,1805,鲁晓笑,2023-11-27 14:46:23,-9,3,12,课非常非常有意思，点亮了新技能点。\n\n给分也不错，一开始还以为上不了4呢！
183629,1805,鲁晓笑,2023-11-28 04:26:47,1,4,3,垃圾老师
183837,1805,鲁晓笑,2023-12-01 02:49:05,1,3,2,烂完了，能不能别教了
192127,1805,鲁晓笑,2024-05-09 13:11:16,0,0,0,诶......
192211,1805,鲁晓笑,2024-05-15 11:49:19,1,1,0,。。。
192229,1805,鲁晓笑,2024-05-12 15:25:35,1,1,0,广告设计快跑……
192427,1805,鲁晓笑,2024-05-19 12:48:49,0,0,0,。。。
193077,1805,鲁晓笑,2024-06-03 09:09:08,1,1,0,虽然很烦但是给分意外的还不错
200972,1805,鲁晓笑,2024-10-26 00:48:09,2,2,0,【广策创】刚开始学策划案很多东西都没讲就做，策传大二不幸的开始。创意火花更是逆天，想得高分就考前去拜一拜，被助教而不是lxx批到试卷
201339,1805,鲁晓笑,2024-11-01 01:52:29,6,6,0,在休息时间大家上卫生间时逆天点名，有事让问钉钉永远不回，感觉听不懂人话。。。
201365,1805,鲁晓笑,2024-11-01 06:28:48,2,2,0,一点也不会，她竟然不知道slog模式也不知道lut是什么。。。。。
201366,1805,鲁晓笑,2024-11-01 06:35:29,4,4,0,谁给的两分我请问呢？期中期末各种大作业小作业破事多就算了，每次展示都要点评水时长，不仔细看ppt听pre，不知道是听力视力不好还是纯看不懂听不懂，特别喜欢说“你们这里应该加一个xxx ”xxx全都是展示甚至就在她面前ppt的内容，会说话的汤姆猫一枚，倒也无恶意，就是纯折磨人。
201381,1805,鲁晓笑,2024-11-01 09:22:15,4,4,0,同学你是中国人吗？\n\n同学你是哪个国家的人？\n\n同学你是我们内地人吗？
203193,1805,鲁晓笑,2024-11-18 01:45:59,0,0,0,怎么到浙大来的
204428,1805,鲁晓笑,2024-11-26 01:29:21,1,2,1,上课和给分都挺烂的。。。
204443,1805,鲁晓笑,2024-11-26 02:21:03,-9,1,10,满了谢谢老师
204447,1805,鲁晓笑,2024-11-26 02:51:30,0,0,0,太坑太不专业太无厘头！坑！
215233,1805,鲁晓笑,2025-02-25 00:40:33,1,1,0,sb……
215570,1805,鲁晓笑,2025-03-18 08:27:41,4,4,0,作业好多。。\n\n一门课作业比我春学期所有课加在一起还多
216309,1805,鲁晓笑,2025-03-13 06:24:18,0,0,0,sb hhh
216858,1805,鲁晓笑,2025-03-27 06:31:58,1,1,0,呵呵哒
216860,1805,鲁晓笑,2025-03-27 06:34:21,1,1,0,很烂很恶心
217296,1805,鲁晓笑,2025-04-08 01:12:19,0,0,0,老师你哪怕拿陈年ppt敷衍我一下呢？
217333,1805,鲁晓笑,2025-04-08 16:07:04,0,0,0,sb  一节课点名点三次 作业比一整个学期所有课加起来都多 自己想一出是一出虾及吧搞搞 sb
217910,1805,鲁晓笑,2025-04-18 01:43:02,0,0,0,太傻逼了。。。
219368,1805,鲁晓笑,2025-05-26 02:00:23,0,0,0,赶紧退休吧，求求了，大家作业优秀只不过是学生能力强，和你这……有个毛关系
219919,1805,鲁晓笑,2025-06-11 05:01:42,0,0,0,呵呵哒
15692,1821,徐群晖,2016-01-16 06:50:11,-22,6,28,虽然作业很复杂，但耐不住给分巨好啊~
44100,1821,徐群晖,2017-01-17 09:21:19,-31,4,35,亲切风趣，言之有物，很棒的老师，给分大家看均绩就能感受到
63691,1821,徐群晖,2017-12-19 06:30:40,14,17,3,???
63918,1821,徐群晖,2017-12-19 07:07:28,30,33,3,不说上课上的怎么样，就他每节课都执着于调话筒这件事就足以让我爆炸！明明声音很响了他还硬是要管电脑的老师给他把声音调大一点，他觉得声音大了他自己很舒服，可是下面的学生耳朵已经要聋了好吗！而且我觉得管电脑的老师都要被他烦死了！
63930,1821,徐群晖,2017-12-19 15:25:00,40,46,6,真的是辣鸡得不能再辣鸡了
64247,1821,徐群晖,2017-12-22 02:20:28,25,27,2,迷之自我感觉良好
65246,1821,徐群晖,2018-01-02 04:20:15,35,38,3,依然是这个问题:查老师为什么没有负分？如此固执，不顾学生感受！讲课也一塌糊涂！评析电影专注于爱情线不可自拔，一直按暂停观感太差！执着于让话筒音量提高，把学生整疯。这样的老师还能吹自己制片的微电影，传院药丸！
65254,1821,徐群晖,2018-01-02 05:28:56,22,24,2,呵，智障，从来不顾学生的感受，随心所欲活在梦里，感觉自己超牛的。还说什么以人品素质考核，你自身做到了吗？不要求你别的了吧，每节课按时到考试按时开始行不行？浪费时间，啥也学不到
65259,1821,徐群晖,2018-01-02 05:58:46,27,29,2,就在我评价的此时此刻，他又在谈裸体和性，这就是他每节课的主题。自私自利只考虑自己从来不考虑别人，因为自己要回家吃饭（？）拿资料？不顾辛辛苦苦把道具服装全部准备好了的学生。第六周布置期末作业，第七周要求课堂表演舞台剧，之前说大致10人一组，之后又说人越少给分越高完全在耍学生玩。大家能远离尽量远离吧。
65519,1821,徐群晖,2018-01-12 04:16:47,18,21,3,浙江大学见过最智障的老师没有之一
65759,1821,徐群晖,2018-01-09 04:48:31,20,25,5,班里同学辛辛苦苦准备的舞台剧考核，他在下面打电话玩手机聊天，声音盖过了上面的台词:) 从第一堂课就强调要尊重他，然而他次次迟到出尔反尔连期末考核都随心所欲。不要拿艺术来当自己行为智障且不尊重他人的借口，这不是纯粹，请别侮辱善良敏感美好的艺术情感。如果你真的艺术造诣这么高，先尊重一下台上同学的表演，留有起码的对艺术的敬畏。
65816,1821,徐群晖,2018-01-09 10:10:03,3,6,3,无语╯﹏╰
70492,1821,徐群晖,2018-01-26 17:47:45,-29,1,30,虽然老师的价值观和某些行为方式有点让人无语，但老师其实人还不错啦，也挺亲切的，而且说真的给分也很好
70508,1821,徐群晖,2018-01-26 23:45:14,11,13,2,因为一点分数就夸老师的，难道各位都满绩了？
70514,1821,徐群晖,2018-01-27 00:14:02,2,6,4,上课很无语，给分也不是像查老师上说的这么好啊，又没有满绩。。。
70686,1821,徐群晖,2018-01-27 11:35:16,25,26,1,1.我建议全班给老师众筹一下助听器。 2.我想见见老师三万块的话筒。 3.“专业的电影工作者”就看480p的片子？4.请您一个人拍一部电影示范一下自导自拍自演。
71141,1821,徐群晖,2018-01-28 04:27:07,19,19,0,简直蛇皮香油蚌蚌怪
71703,1821,徐群晖,2018-01-29 01:23:41,7,7,0,无语凝噎
76351,1821,徐群晖,2018-04-04 03:34:51,-24,1,25,温文尔雅，人超级好
88251,1821,徐群晖,2018-10-25 02:55:33,6,6,0,呵呵呵呵
90546,1821,徐群晖,2019-01-05 03:58:49,26,26,0,为什么不能放截图，为什么不能打零分，期末作业让大家去打印店刻光盘，您还活在传呼机年代吗，您家里没有网是吗，您平时联络全靠吼是吗，过于神奇无法再评价，大写的服气
91092,1821,徐群晖,2018-11-30 00:04:35,-22,3,25,你们很奇怪，为什么自己成绩不好就骂老师？我觉得老师很好
91125,1821,徐群晖,2018-12-01 01:15:54,7,7,0,垃圾
92446,1821,徐群晖,2018-12-29 03:35:37,12,12,0,他其实只有一个问题，就是听不懂人话
92448,1821,徐群晖,2018-12-29 03:55:27,7,7,0,无话可说
92833,1821,徐群晖,2019-01-05 03:59:19,3,5,2,我真服了\n\n没想到大学还有这样的老师
92836,1821,徐群晖,2019-01-05 04:48:24,8,9,1,老师很好，只是问题就是一个，他不听学生的建议～除了自己想法，其他人的话没听╮(╯_╰)╭
92844,1821,徐群晖,2019-01-05 06:40:27,5,5,0,很想把他脑子撬开看看里面都装的什么东西
93700,1821,徐群晖,2019-01-12 03:53:19,8,8,0,上完这个课，对我的职业人生失去信心，感觉选错了专业\n\n
93869,1821,徐群晖,2019-01-14 08:19:33,0,0,0,这样吧
100612,1821,徐群晖,2019-01-26 11:46:26,2,2,0,给分是好的，但这个老师进我黑名单了。
100616,1821,徐群晖,2019-01-26 12:07:22,8,8,0,就算给了满绩我也要骂他
100644,1821,徐群晖,2019-01-26 13:10:10,3,3,0,有一种老师，给分再好你都不想给他打一点分
101281,1821,徐群晖,2019-11-13 00:07:06,1,3,2,真实满绩了也要打低分
105457,1821,徐群晖,2019-04-14 11:12:03,1,1,0,呵呵呵呵
120458,1821,徐群晖,2019-12-09 03:22:59,2,2,0,？？？？满嘴性与真善美…思想停留在大清…他可太开放了/微笑.jpg
120459,1821,徐群晖,2019-12-09 03:23:13,2,2,0,潘金莲 性 乱伦
120460,1821,徐群晖,2019-12-09 03:23:17,0,0,0,呵呵呵
120461,1821,徐群晖,2019-12-09 03:24:45,8,11,3,上课上到一半来评价，真的超喜欢徐老师！太可爱啦！为人很正直特别正能量，和同学们都打成一片，思想与时俱进，超级nice～这门课对我们的专业学习是很重要的，很感谢是徐老师而不是别人来上这门课，两个字：值得！（此条五毛，我的朋友都在做）
120462,1821,徐群晖,2019-12-09 03:27:15,3,3,0,如坐针毡，如芒刺背，如鲠在喉。
121630,1821,徐群晖,2019-12-12 00:57:07,2,2,0,sb一个 别来
126168,1821,徐群晖,2020-09-18 09:17:54,1,3,2,是这样，老师授课水平确实不咋地，这一点是评论区大大致风向；但老师很会鼓励学生，最后绩点也不错……可以当一个好朋友，但不是个好老师。
127212,1821,徐群晖,2020-11-14 04:33:54,3,4,1,垃圾的不能再垃圾了
129927,1821,徐群晖,2021-01-13 15:02:44,2,7,5,感觉老师没有评论里说的那么差呀。虽然讲课水平一般，但是上课认真负责，对学生也很好。一学期就一个微电影和舞台剧，作业量也不大。徐老师不应该只有这么低的分数。
142703,1821,徐群晖,2021-11-15 09:01:23,0,0,0,真的，真的，烦死了\n\n我很社恐\n\n我不想往前坐\n\n而且你有必要为了让同学都往前坐而耽误讲课吗？？我不理解
183557,1821,徐群晖,2023-11-27 10:21:43,6,6,0,实践课一直迟到，语言组织能力非常差，永远不听学生把话说完，垃圾
190004,1821,徐群晖,2024-02-08 06:58:52,4,4,0,好逆天的一个人
202751,1821,徐群晖,2024-11-14 07:02:05,4,4,0,垃圾中的垃圾，怀疑患了阿尔兹海默症，听不懂人话，没有记性，上一句说的话下一句就忘，老顽固，建议去医院看看病，想要血压上升的时候可以来上课。
202754,1821,徐群晖,2024-11-14 07:08:01,0,0,0,真的服了，他完全不听别人说话，讲话前后矛盾
202756,1821,徐群晖,2024-11-14 07:12:11,2,2,0,反驳型人格+听不懂人话..
202800,1821,徐群晖,2024-11-14 12:27:06,0,0,0,并不厌恶这个老师，只是客观来说这是我进入大学以来见过最抽象的老师🤣，很有自信但感觉头脑不是非常灵活，授课的时候说话也有些磕磕绊绊，最抽象的莫过于在小组指导的时候完全搞不清楚学生在说什么。有这样的感觉：“你们在说什么我没听懂我也不想听，现在我要否定你们说的一切然后告诉你们我现在在想什么有趣的事儿！”这样的态度在今天让我们组内的一个同学直接红温了，（应该没什么联系但是）没下课就去医院了🤣
214502,1821,徐群晖,2025-02-10 05:36:48,0,0,0,大家小心这个老登。
215817,1821,徐群晖,2025-03-05 22:03:04,0,0,0,尤其是女生要小心这个老登。这个人精神状态不正常。
2547,1844,李岩,2015-05-04 13:48:59,8,14,6,老师很棒，很能拓宽视野。课和作业都很合理，一点都不水
2970,1844,李岩,2015-05-12 02:41:54,8,14,6,很好的  另一种看问题的角度\n\n
14970,1844,李岩,2016-01-11 10:02:17,5,9,4,老师是个很温柔但是绝对有思想有力量的女性
15761,1844,李岩,2016-01-16 08:35:59,3,5,2,超级棒！很有视野很有思想很有见地
16721,1844,李岩,2016-01-19 05:25:08,4,10,6,老师上课很棒，很有思想，有自己独到的见解，能学到很多，作业布置也不多，给分也挺好的。还有萌萌的助教姐姐！
16855,1844,李岩,2016-01-19 05:41:20,6,8,2,会有新的启发，能让人面对缭乱的媒体世界有自己独到的看法、独立的思想，给分很赞
21677,1844,李岩,2018-09-10 05:17:06,1,3,2,好老师不解释
22267,1844,李岩,2016-03-03 06:38:22,1,3,2,老师很好，很有思想！
23039,1844,李岩,2016-03-16 10:50:59,1,3,2,对于时事有深入的分析。
27303,1844,李岩,2016-06-24 14:41:16,-2,1,3,上的是传播与文化，老师讲课、学术都不错，每周都会讲解时事，结合理论。人很亲和但也很有原则，给分也不错。
27572,1844,李岩,2016-06-27 04:14:31,8,11,3,课还不错。要求严格，给分难看。→_→
31027,1844,李岩,2016-07-03 06:28:13,10,18,8,作业明明完成的很认真给分不好
41617,1844,李岩,2017-01-12 09:08:41,-5,0,5,真的很棒 上课会分析很多当下热点话题，分析的角度很新颖也很有自己的观点 布置的作业做起来很有意思 最后给分也很公正！
41737,1844,李岩,2017-01-12 12:59:29,-4,1,5,老师人超好～温柔优雅有思想～两个字的助教姐姐超超超超超可爱！虽然卡绩了但是很喜欢大传这门课！
41877,1844,李岩,2017-01-13 06:47:21,-4,1,5,助教姐姐很可爱而且认真记住了每个人的名字，虽然卡绩点了，还是很喜欢这门课的
44111,1844,李岩,2017-01-17 09:38:17,7,8,1,给分不好！上课很认真，感觉很严格。
50004,1844,李岩,2017-04-28 11:05:35,9,10,1,绩点惨淡好吗！！上课挺枯燥的，个人感觉是没啥干货，时事点评形式有趣，但是老师从严谨的传播学角度来看，内容并不吸引人。给分真的贼坑！！！贼坑！！！
50045,1844,李岩,2017-04-29 00:21:48,10,17,7,老师看起来很温柔 上课而言也确实是这样 作业有两次 都有一些麻烦 最重要的是 老师是个绩杀 并不会因为你认真就给你很高的分数 而是看那些专业知识是不是过硬 辛辛苦苦刷了两天夜最后写出来的期末作业 被给了这个分数 笑死
50862,1844,李岩,2017-05-07 10:38:22,-7,5,12,突然想起这门课一直忘了评分……觉得老师是位很有感知力的人，对生活中各种事情充满热情和欣赏，会在课程群里分享自己拍的风景照，会引导大家讨论对时事的看法，严格而温柔。我觉得只要认真并有一定的领悟力，给分是不会差的，我理论掌握的并不多，拿了4.8
51387,1844,李岩,2017-06-04 08:54:08,0,1,1,一般般
53319,1844,李岩,2017-06-26 10:49:53,0,0,0,老师讲课很有趣，也很负责任。
61608,1844,李岩,2017-11-19 06:25:04,4,5,1,呵呵呵呵……… 可能很注重上课回答问题
63439,1844,李岩,2017-12-04 06:30:38,0,0,0,呵呵～很麻烦，很严格，不能水，不喜欢
65490,1844,李岩,2018-01-04 13:33:54,3,3,0,老师讲的理论有点深奥，但老师会告诉我们对生活的体验，感觉上她的课学到更多的是为人处事的方法而不是专业知识
66784,1844,李岩,2018-01-19 04:47:35,0,1,1,虽然事情确实比隔壁几位老师多得多但是真的能学到东西。会有很可爱的助教姐姐主持讨论课需要做PPT展示。讨论课积极一点论文好好写我觉得给分不会差。
66789,1844,李岩,2018-01-19 05:18:04,0,0,0,老师的观点真的很有启发性！\n\n细条慢理地很清楚～
67008,1844,李岩,2018-01-20 01:34:45,0,1,1,大众传播通论\n\n作为法学生选上的个性课\n\n分理论课和讨论两堂课 认真准备 仔细听课得分就高了\n\n
77222,1844,李岩,2018-05-04 02:35:07,3,3,0,老师上课确实会分享很多，上课知识点以及看待各种问题的角度也很不错。每次课都去，偶尔签到，作业都认真完成，最后期末大作业真的很认真在完成，最后给了通识课程最低绩点。
77241,1844,李岩,2018-05-04 05:59:27,2,2,0,除了绩杀以外别的都挺好的
77249,1844,李岩,2018-05-04 06:24:11,2,2,0,上课引人入胜、很有启发性，绩点嘛…3，我好想哭，慎选
77251,1844,李岩,2018-05-04 06:35:04,5,5,0,3.3 通识最低 每次都很认真 也坐在前排 作业什么都认真完成 起码自己真的花了好多时间. 最后3.3 后悔 慎选！！ 老师上课还是可以的 ，但我不知道为什么后排水手机的比我高！！！
77366,1844,李岩,2018-05-05 06:05:13,0,0,0,传播与文化课，太大太空太浅，传播学理论介绍太少，时事分析也一般。期中期末两次作业，不算水。给分一般，想学东西的不推荐。
77540,1844,李岩,2018-05-06 10:57:51,4,4,0,每次都到课作业也认真做然而绩点1.8？？？？
77604,1844,李岩,2018-05-07 01:55:38,0,0,0,课的确很大很空，但内容和互动还是可以的。
103180,1844,李岩,2019-02-26 11:50:15,2,2,0,楼上说绩杀的，其他的课不知道，但是大传我是觉得只要是认真准备发言，认真讨论，老师给分很好的……而且老师人很好，懂得很多，很有教养，是我对知识分子的认知！
8051,1918,邱戈,2015-09-16 23:56:04,-1,11,12,老爆粗口，讲的不知所云
8801,1918,邱戈,2015-09-28 03:15:02,2,5,3,上的好
8994,1918,邱戈,2015-10-08 10:45:02,2,9,7,老师人挺好的，讲的很接地气
9253,1918,邱戈,2015-10-19 02:13:35,-2,4,6,你很有想法...
16603,1918,邱戈,2016-01-18 13:29:49,0,1,1,有很多值得思考的内容，很有收获
16621,1918,邱戈,2016-01-18 14:23:08,2,6,4,满满的收获!\n\n大推大推!
17462,1918,邱戈,2016-01-20 08:52:56,-1,3,4,上课听不懂在说什么…
19994,1918,邱戈,2016-01-26 00:46:55,0,3,3,给分hhh
20267,1918,邱戈,2016-01-27 00:35:42,0,5,5,上课比较随意，但是认真听会有收获的。最后我的分数挺好的。他平时作业也不多。就是会爆粗口，我表示可以忍受
20411,1918,邱戈,2016-01-27 13:39:02,-1,5,6,乱给分…
21041,1918,邱戈,2016-02-13 07:06:40,0,4,4,给分真的不怎么样，上课水
41279,1918,邱戈,2017-01-10 11:20:10,-2,2,4,认真听很有收获
42869,1918,邱戈,2017-01-15 10:12:16,1,3,2,我的GPA  就这样掉了……
48191,1918,邱戈,2017-03-01 06:45:13,1,5,4,老师弗兰人？？？
49693,1918,邱戈,2017-04-27 13:45:53,1,5,4,想死的绩点
49714,1918,邱戈,2017-04-24 14:49:36,0,3,3,给分一般，应该是自己思想太浅了，所以分数低。
49807,1918,邱戈,2018-03-07 06:12:53,0,5,5,比较有思想的老师，虽然上的课跟课本毫无关系，喜欢用电影片段来讲授自己的内容。希望学生能自己读出一些东西，可是我们太辣鸡了，让他不太高兴。总之给分不错，新闻学必选。
49828,1918,邱戈,2017-04-26 09:34:33,1,4,3,这学期最喜欢的课，很喜欢邱戈大大上课东扯西扯的风格。虽然他对我们做读书报告的环节不太满意，并且说以后要换种方式，但个人还是觉得在做报告的过程中收获良多。\n\n给分个人觉得还算厚道。
50144,1918,邱戈,2017-04-30 08:21:06,2,4,2,传播学概论课，读一本书，一篇小组报告，期末随堂考试，感觉事情还可以。老师上课讲的东西总觉得和传媒没什么关系，偶尔还会爆粗口。不过感觉给分还不错～老师回邮件也很快，问他问题很快就回答了，人还是蛮好的
50315,1918,邱戈,2017-05-02 10:20:28,-1,2,3,有思想，见解独特，而且话题极具启发性的好老师!会点名。给分也好。
54567,1918,邱戈,2017-06-29 15:42:25,1,5,4,我给您打了10分（因为看您的分数实在可怜）。但是真的，很无语的绩点，上课听不懂，您的研究生表示您给我们的问题也问他们，所以，您注意下因材施教好吧！浙大传播学很强，但是本科生的基础少不了您这样的大师卑躬屈膝一下吧！
61512,1918,邱戈,2017-11-18 04:54:52,-1,1,2,思想很深刻的老师，研究生式上法，平时以读书交流为主，刚开始时会讲一些城市传播，还有电影中的城市印象等等内容，虽然有些听不懂，但是自己查了资料以后很受用。上课氛围轻松，注重挖掘学生自己的想法。不管是新闻学还是其他专业的都值得去听，不建议想水学分的人选他的课，会害了小组成员。
84959,1918,邱戈,2018-07-14 14:52:45,0,0,0,二十个人一个组的小组作业…
105151,1918,邱戈,2019-04-04 23:29:25,1,1,0,...
108082,1918,邱戈,2019-05-14 07:26:40,8,11,3,很奇妙的上课体验，虽然老师第一节课很严格，要求也不低，最后也不知道会拿多少分，但是讲课是真心好?
110892,1918,邱戈,2019-06-28 13:11:42,4,6,2,很有人格魅力
111906,1918,邱戈,2019-07-03 02:27:52,-1,1,2,啊qg真的很好！上课也有趣，虽然调研过程着实有点辛苦哈哈哈，超级喜欢老师了！！
114960,1918,邱戈,2019-07-13 04:29:35,1,3,2,太享受了！精神高潮！
153551,1918,邱戈,2022-05-04 14:40:49,0,2,2,真的受不了…
154022,1918,邱戈,2022-05-19 11:15:48,4,7,3,深入浅出，讲课很有激情很有水平，但是传播与社会这门课的内容设置是绝对有问题的……仅停留在人际沟通的层面，读经典书籍，让人总感觉少了什么，且和学界热点脱了些钩吧
155246,1918,邱戈,2022-06-09 18:10:05,1,3,2,出分前来拜一下orz\n\n上大学以来最喜欢的老师没有之一，不摆架子的“学术流氓”，对生活的洞察力及其强大，演讲水准超过全中国百分之九十的脱口秀演员（？\n\n我丢失已久的哲学思辨似乎重新被唤起了。感谢qg 虽然你在最后一节教学课才给我发言的机会真的很不做人）
155956,1918,邱戈,2022-06-16 18:00:24,1,2,1,谢邱师不杀之恩
172160,1918,邱戈,2023-04-21 02:26:47,4,4,0,喜欢！给予过去死亡吧朋友们
172415,1918,邱戈,2023-04-26 11:38:57,1,2,1,老师思维很跳脱，思想很有趣
173392,1918,邱戈,2023-05-23 02:28:14,6,6,0,修的新媒体伦理规制，绩点4.5，上大学以来第一次上这种像思想碰撞交流的课程，法无定式，感觉老师授课完全不按套路出牌，想到哪里讲到哪里，很敢说很敢讲，对于我这种从小到大接受填鸭式教育的学生是个不小的挑战，总体来说老师授课很有趣很生动，同时内容也相对来说很深奥…打九分吧，主要是授课真的不知所云，抓不住重点，听的人超级费力哈哈哈哈哈哈建议别选。
173452,1918,邱戈,2023-06-04 11:18:05,2,7,5,最烦的老师 纯纯有病 讲的乱七八糟 最后死记硬背 难受的要死
176108,1918,邱戈,2023-06-27 19:16:49,3,4,1,神仙老师。。。不懂的人有难了
176350,1918,邱戈,2023-06-28 13:40:14,3,4,1,传播与社会，只说给分，给分不错的。\n\n看的五本书选的其实也不错，有点累但有收获
176351,1918,邱戈,2023-06-28 13:41:53,1,1,0,点名很烦~但是最后背的也还好。\n\n只说给分的话，给分还行
182330,1918,邱戈,2023-11-14 18:01:44,0,1,1,邱戈老师真的很好啊啊啊啊啊啊啊虽然会叫人回答问题算作业，但是会尽量帮你把回答圆起来。平时上课也会和学生交流思想，特别友善且有趣!!!期末考就需要背背重点，真的很棒!!!
182354,1918,邱戈,2023-11-15 06:28:17,1,2,1,邱戈老师真的很善良，只要熟悉了上课方式就很舒服
199573,1918,邱戈,2024-09-25 14:31:59,1,1,0,和汪凯一样有魅力的老师
201232,1918,邱戈,2024-10-30 13:31:16,0,2,2,上课很有趣，考试内容很善良
201503,1918,邱戈,2024-11-04 02:55:43,13,14,1,新媒体伦理与规制，老师友善，考试内容友善，给分并不友善
201522,1918,邱戈,2024-11-04 05:06:14,9,9,0,老师很好很有深度，会认真解答学生的问题，就是给分感觉很一般
201525,1918,邱戈,2024-11-04 05:30:02,7,7,0,老师好，给分坏
201559,1918,邱戈,2024-11-04 09:46:27,4,4,0,老师很好，给分有点坏
201594,1918,邱戈,2024-11-05 08:33:25,4,4,0,老师上课很有意思，会带来很多思考
201601,1918,邱戈,2024-11-04 16:16:32,3,5,2,讲课内容太凌乱太抽象了 分不好 不建议选
218413,1918,邱戈,2025-04-23 08:39:27,-3,0,3,这个男人身上有一股该死的魅力
218414,1918,邱戈,2025-04-23 08:56:21,4,4,0,可能他有自己的受众吧反正我非常不喜欢他
218563,1918,邱戈,2025-04-24 15:15:05,3,3,0,老师上课喜欢爆粗口，分给的比较低
6679,2013,李媛媛,2018-03-07 06:42:53,12,24,12,上课中气不够，hold不住场。平均课程给分3出头感受一下
22077,2013,李媛媛,2016-03-02 09:17:26,3,9,6,上课太无聊，死板
23253,2013,李媛媛,2016-03-23 03:37:38,7,15,8,照读ppt给分差
23257,2013,李媛媛,2016-03-23 04:43:59,4,10,6,请问0分是怎么打出来的？我打不出来啊
24132,2013,李媛媛,2016-04-27 16:51:29,0,5,5,感觉自己作业做得不好，讲课叶无聊，但分还挺好的，不像之前学长学姐说得那么坑，难道从良了？
33272,2013,李媛媛,2016-09-17 08:47:13,5,11,6,极其枯燥无聊。。。给分也挺坑
48999,2013,李媛媛,2017-03-21 06:35:51,2,8,6,上课语句结构破碎，气息不稳，听起来有气无力。最后推荐李媛媛老师去参加一些口才训练营之类的东西。
49000,2013,李媛媛,2017-03-21 06:37:06,0,6,6,一个受过高等教育的人怎么能这么闷
49580,2013,李媛媛,2017-04-19 07:58:30,0,6,6,讲课真的很无聊，读ppt还要你手记笔记。课堂表现10分，感觉是因为自己知道讲课无聊而强制要求你交流，基本大部分人都不想理她。最后闭卷考试。本来对这门课很期待的，但是最后完全丧失了对这门课的兴趣。感觉很无奈，希望以后不要再有她的课
49596,2013,李媛媛,2017-04-20 01:19:36,-1,2,3,非常无聊
50340,2013,李媛媛,2017-05-02 11:48:37,8,10,2,很喜欢老师结合电影讲课的方式，理论知识讲解部分虽然有些枯燥，但是也是必不可少的，感觉考试中要求掌握的名词定义还是很有用的
50356,2013,李媛媛,2017-05-02 12:27:25,1,3,2,老师上课方式虽然有些无聊，但内容还是很有意思的
50531,2013,李媛媛,2017-05-03 10:08:24,4,5,1,虽然确实有些枯燥，但是说真的一分付出一分收获。平时按时上课两次点到、读书报告、课堂交流，还有50分的闭卷考，只要认真背了一分都不会少，特别简单（前提是真的认真背了）。感觉这门课学习的态度比内容重要。
50727,2013,李媛媛,2017-05-04 14:54:46,2,3,1,不错的
50819,2013,李媛媛,2017-05-06 00:52:16,-3,3,6,事情巨多，形式主义\n\n讲课照本搬科，只读ppt\n\n说话永远一个调子\n\n上课永远双手持话筒置于胸前\n\n时而发出尴尬的笑声
51752,2013,李媛媛,2017-06-09 04:03:12,-2,1,3,课堂作业简直多的不可想象。另外，上她的课千万别翘。
56809,2013,李媛媛,2017-07-04 16:07:12,0,1,1,凭什么给63分啊。。我是作业没交还是期末考没去？给的问题都按同学统一答案背的差不多，至于这样的成绩？
80740,2013,李媛媛,2018-06-30 06:06:53,3,3,0,挺好的，这学期唯一能听下午的课。
80741,2013,李媛媛,2018-07-12 07:42:27,3,3,0,很不错的老师。
85603,2013,李媛媛,2018-07-20 23:18:36,-4,2,6,喜欢电影的人别上，会无法忍受无聊PPT和枯燥的念白。而且点名作业随堂考闭卷考期末论文都有。最大的罪过是扼杀学习的兴趣！当然给分也很不友好...最后悔选的一门课，血泪的教训?
88393,2013,李媛媛,2018-10-30 05:14:09,34,38,4,我觉得媛媛姐值十分
89206,2013,李媛媛,2018-11-16 19:36:53,-4,0,4,真的很无聊
90366,2013,李媛媛,2018-11-23 09:22:25,5,6,1,媛媛老师讲的挺多的，很多东西都需要课下去吸收。而且每次电影写了评论后，老师都会第二节课讲解一下，让我们更能了解自己的不足。
90400,2013,李媛媛,2018-11-23 11:30:47,6,7,1,干货满满，认真读会有收获的
90532,2013,李媛媛,2018-11-24 01:18:01,5,5,0,我觉得媛媛姐讲的很好诶…至少在上中国电影史之后还是感觉收获了很多的…记ppt内容也好，闭卷考也好，虽然闭卷考过程有点痛苦哈哈哈哈，但是最后还是觉得对中国电影史了解了很多
91459,2013,李媛媛,2018-12-11 01:59:04,11,14,3,老师特别可爱，上课干货很多，非常爱了。每周都期待上老师的课。不知道为什么评分这么低，老师加油!爱你❤
93301,2013,李媛媛,2019-01-09 02:16:01,11,12,1,上的是剧本写作基础。感觉李媛媛老师真的超级好的！她习惯用邮箱，都会回复你的邮箱，曾经把小说也发给老师看，虽然小说写得不好，老师也提出了超多超好的意见，十分！是专业课里面最干货的一门课了！！上课逻辑和结构超级清晰的~而且上课的时候还会自己笑起来“早！”上课鉴赏的几部电影也很好看很有意思~
94196,2013,李媛媛,2019-01-15 14:09:08,7,8,1,舒服，就很亲切
99848,2013,李媛媛,2019-01-25 08:23:57,5,7,2,老师的课收获很多 剧本写作是大二的课 老师很照顾我们一帮大一新生 是少数叫得出学生名字的老师 超级感动 最喜欢在老师的课看影片
100646,2013,李媛媛,2019-01-26 13:12:14,7,8,1,超喜欢老师的剧本写作课！让我对剧本有了初步的了解，也希望在这个方面有更深入的学习。上课方式也很灵活，一边看电影一边分析，从此以后每次自己看电影也会去留意剧本的结构了
101284,2013,李媛媛,2019-01-28 03:18:15,6,8,2,我觉得老师超好，为什么评分这么低，虽然写了很多很多作业，但有被领进门的感觉
105538,2013,李媛媛,2019-04-16 09:08:42,2,2,0,框架、条理特别清楚
105684,2013,李媛媛,2019-04-18 11:45:31,3,4,1,上老师的蒙太奇美学感觉干货满满（虽然马上就要毕业走人了）可以感觉得出来老师很喜欢电影，上课放的影片都是老师比较喜欢的也都是很经典的片子，看片是一种享受。老师看自己放的片子有时候还会笑出来，莫名萌！
107073,2013,李媛媛,2019-05-01 10:19:42,0,0,0,上课时能感受到老师是热爱电影的，备课也很认真。另外经常点名和小测，不喜欢有人迟到，选了课的同学就按时去上课吧！
116712,2013,李媛媛,2019-09-14 01:36:46,4,5,1,16年还是15年上的跨文化传播，当时觉得老师上课水平一般。两三年过去了，上课水平有蛮大提高的，没那么紧张了。媛媛姐算是广电所为数不多的几个备课充分的老师。
119296,2013,李媛媛,2019-11-12 03:29:55,4,4,0,趁着还没出分来给老师打个10分！真的好喜欢媛媛老师！上的是剧本写作基础，老师上课讲的还蛮有趣的，干货很多，会给我们讲很多有趣的东西，课后每次发邮件都会很认真地回复！虽然作业肝了很久但是写完了成就感还是很大的！最后祝王源前程似锦！
119959,2013,李媛媛,2019-11-17 02:03:27,3,4,1,我来给媛媛刷高分了。媛媛姐超级可爱！是我见过的为数不多的可以调动班级氛围的老师。虽然剧本很肝，但好开心好开心。祝王源儿乘风破浪，四字弟弟好剧不断。
119961,2013,李媛媛,2019-11-17 02:06:29,1,1,0,干货很多，很有耐心，超好的一个老师！虽然看起来比较严肃…
120010,2013,李媛媛,2019-11-17 04:34:08,-2,2,4,我！爱！媛！媛！！上课干货无敌多！而且反差萌有没有！！在此提前祝王源新歌大卖，四字弟弟好戏不断！！
120121,2013,李媛媛,2019-11-17 14:25:15,1,1,0,老师挺好的，就是课程小作业是手写的有点累? 老师是tf的粉丝很可爱*(੭*ˊᵕˋ)੭*ଘ
120180,2013,李媛媛,2019-11-18 03:32:04,1,1,0,为什么给分这么低 我哭了 明明作业没有落 剧本也改了好多遍
120291,2013,李媛媛,2019-11-27 12:34:03,3,3,0,非常棒的老师，上了她的剧本写作课之后甚至开始喜欢上了写剧本，我觉得这是一个老师最成功的地方了。
120341,2013,李媛媛,2019-11-29 10:26:27,2,3,1,传媒最不水
123176,2013,李媛媛,2020-05-16 06:05:43,2,2,0,我又来了，全广电最喜欢的老师没有之一，媛媛真的太好太好太好了！平时作业也不多，都设置了上限，期末作业布置也很合理，网课上课也可以很有趣！
152491,2013,李媛媛,2022-04-13 05:59:42,0,0,0,媛媛姐值得
153118,2013,李媛媛,2022-04-25 16:14:57,0,0,0,媛媛姐的课还是蛮多干货的，推荐的电影都非常好看！特别地友好也很关心学生～呜呜呜我要为媛媛姐举大旗
169775,2013,李媛媛,2023-02-28 00:50:25,0,1,1,媛媛老师超超超级好！快去选选她！！我是第二次选了，虽然实话说平时作业还是比较多的啦，但是每份作业都很有趣，做完会有所收获，老师上课也讲得很好，特别是理论知识与实践技能的结合，能够让学生更好地吸收和运用所学内容。快去选！！！
171307,2013,李媛媛,2023-03-21 08:51:32,1,1,0,老师超好！很认真，剧本课一阵见血提出很多宝贵的建议，晚上还抽时间和我们讨论
171981,2013,李媛媛,2023-04-15 08:08:58,0,0,0,超爱媛媛姐，上大学以来第一次让我觉得和她聊天不害怕还很开心的老师T T！作业挺多的，但是也因此看了超多电影收获很大
172527,2013,李媛媛,2023-04-28 15:15:12,1,1,0,感觉老师人挺好的
172619,2013,李媛媛,2023-05-02 09:36:32,1,1,0,爱媛媛姐
173338,2013,李媛媛,2023-05-20 01:49:11,0,0,0,美国电影史，讲课挺好，事特别多，给分一般
174062,2013,李媛媛,2023-06-06 03:47:03,0,2,2,上课极其死板，教条，希望学生按照她的机器人指令做回答，如果你没按规则来，你就会记。点名如果叫你名字你没在，哪怕迟回答十几秒都按缺勤算。最终要交近30000字的剧本和两个片子，课程负担大。建议不能接受教条主义的人勿选。
184835,2013,李媛媛,2023-12-23 08:49:44,0,0,0,点点滴滴
188056,2013,李媛媛,2024-01-23 12:45:12,0,0,0,媛媛姐人尊滴好好，给分也好好
190089,2013,李媛媛,2024-02-20 08:24:55,2,2,0,媛媛老师人很好的，愿意牺牲自己的休息时间跟学生讨论剧本，还能给出很多意见。剧本写作基础这门课的内容老实说是比较水的，只能学到一点点皮毛，但是跟组员们讨论剧本完成剧本的过程很有趣。上李媛媛老师的任何课，想要拿到比较好的成绩一定不能缺勤，一定不能缺勤，一定不能缺勤，她考勤方式真的千变万化。
192074,2013,李媛媛,2024-05-08 23:54:45,0,0,0,老师人挺好的，就是会时不时的突击点名，上她的课要保证去，其他的只要不打扰其他同学都可以。性子有点软，脾气也很好。
192124,2013,李媛媛,2024-05-09 13:07:15,0,0,0,除了点名，没毛病！很喜欢媛媛姐上课放的电影！
211473,2013,李媛媛,2025-01-11 14:13:00,3,3,0,上课啥也没有只知道水，还给这么个低分，行吧行吧摊上你算我倒霉
211874,2013,李媛媛,2025-01-13 00:59:11,2,2,0,枯燥，给分极差
213222,2013,李媛媛,2025-01-16 11:38:36,2,2,0,呵呵，花痴老女人一个，特别爱丁宝。认认真真一学期，你就这分？一学期全勤我真是给你脸了，水得要命，专业含量为0，你懂什么叫专业吗？讲课内容令人汗颜，老掉牙的备课内容，你自己都不会写剧本吧。真不知道怎么混上来的，大写的艾斯比。
213228,2013,李媛媛,2025-01-16 11:46:40,2,2,0,我不知道那么高的分是演的还是，巨大的爱丁堡课，阅片给不出专业点评唯爱评价丁宝，讲剧作毫无专业性不如自己b站学。明明水课却要每节课点名，给分辜负付出。
215183,2013,李媛媛,2025-02-24 01:38:24,0,0,0,上课越烂的越爱点名
216744,2013,李媛媛,2025-03-24 01:26:41,0,0,0,每节课都点名，妈味很重的一个老师
25806,2147,陈强,2016-06-28 08:01:58,12,15,3,准备考他研究生
26125,2147,陈强,2016-06-16 05:13:30,6,6,0,老师念诗很有味道，人也挺风趣的 ，静下心来听就好
28136,2147,陈强,2016-06-28 08:09:14,12,15,3,有民国风范的一位老师，段子手很风趣，对古典文化的了解也很多，听他讲诗词和古典文化很享受。比较在意课堂纪律所以有时候会有点凶，不过不听话的学生确实该骂(比如我)
28399,2147,陈强,2016-06-28 08:50:02,10,10,0,大学里第一个会管我们刷手机的老师。给我们上唐诗宋词，讲得超棒，还会可爱地用一些网络流行语。就是默写古诗比较痛苦。给分不错！
29326,2147,陈强,2016-06-29 15:13:15,3,3,0,听他讲唐诗宋词很有韵味
30297,2147,陈强,2016-07-01 08:12:27,3,3,0,一想到下学期还有老师的课就好幸福
30839,2147,陈强,2016-07-02 15:45:57,6,7,1,老师知识渊博，声音非常有磁性，讲课很有魅力！有点后悔这学期没好好听课。老师的给分也很棒。\n\n就是要背诵的古诗词量有点大
31156,2147,陈强,2016-07-03 09:50:56,8,8,0,虽然分数不高，但是和对老师的喜爱来说，成绩算得了什么！高考结束以后，第一次宝宝背了那么多古诗呢！
33721,2147,陈强,2016-09-21 07:00:42,2,2,0,很棒，背了100多首诗词，真正地独立赏析了几篇作品，收获很多。老师会在群里发作业反馈，超好
41576,2147,陈强,2017-01-12 08:13:51,-5,5,10,我同学说这老师太坑了，大家小心
65455,2147,陈强,2018-01-04 05:06:24,10,10,0,论文太奇怪了
65459,2147,陈强,2018-01-04 05:38:35,9,10,1,太可怕了，写他的论文是一种折磨。
65461,2147,陈强,2018-01-04 05:57:44,20,21,1,老师的论文，世界难题
65462,2147,陈强,2018-01-04 05:58:56,10,11,1,听完课想给自己买坟
106950,2147,陈强,2019-04-30 11:01:35,2,4,2,讲得好好啊～\n\n论文真的蛮有意思的。\n\n大一小盆友想考他的研究僧(◐‿◑)﻿
107066,2147,陈强,2019-05-01 09:18:15,1,3,2,老师真的很好，现代性视角和古典方法的赏析能力兼具，而且非常幽默，谢谢老师
107235,2147,陈强,2019-05-02 14:04:26,2,3,1,老师很可爱hhhh有好多梗哒～上大学后第一次背那么多诗啊
153035,2147,陈强,2022-04-24 05:42:04,3,3,0,想水学分的同学可选，事情是真的少，虽然论文是真的难写。\n\n在意绩点想拿高分的同学快逃，给分差到不可想象。
153038,2147,陈强,2022-04-24 06:00:00,2,2,0,不点名 水课 给分差
153072,2147,陈强,2022-04-25 01:43:00,3,3,0,其实讲的都是杜诗，喜欢古诗可以选。不点名，但是老师上课会管玩手机。老师读诗很有韵味。至于分数，老师说是看文采和创见，祝好。
190077,2147,陈强,2024-02-19 08:28:44,0,0,0,推荐给喜欢（古典）诗的同学。
190937,2147,陈强,2024-03-25 03:44:35,1,1,0,老师现在还开课吗？
4578,2272,李红涛,2015-06-24 15:25:22,28,31,3,居然没人评涛哥？！不科学啊！超喜欢的老师！讲课精彩给分好
8943,2272,李红涛,2015-10-03 16:13:32,13,14,1,内容极多、分量极重，上panda老师的课很有收获。总之上过都说好！
10605,2272,李红涛,2015-11-20 13:49:48,12,15,3,传媒大水专业中 少数几秒不听跟不上节奏的课
11439,2272,李红涛,2015-12-01 09:16:51,7,9,2,上课真的很有收获 虽然给分并不高
11542,2272,李红涛,2015-12-04 03:02:22,7,7,0,一定会有收获
11565,2272,李红涛,2015-12-06 01:20:31,4,5,1,Bang
19487,2272,李红涛,2016-01-24 11:05:22,3,4,1,9分，好
20475,2272,李红涛,2016-01-27 17:00:54,4,4,0,回家后
61304,2272,李红涛,2017-11-14 05:06:37,8,8,0,超级喜欢，备课充分内容详实
61312,2272,李红涛,2017-11-22 16:25:12,17,17,0,满分推荐
62080,2272,李红涛,2017-11-22 10:53:20,18,19,1,第一节课之后就被圈粉的老师，上课从来没有想玩手机开小差的欲望，真的超棒的老师！大学之后遇到过唯一会一字一句看完所有的学习报告并且逐字逐句做批注的老师。期末看到反馈的那一刹那，惊叹老师思维缜密严谨认真的同时几乎感动到落泪啊！
62081,2272,李红涛,2017-11-22 10:53:50,11,11,0,涛哥超级棒！上课生动有趣且很有内容和收获，课后作业改得极其认真，而且会有反馈。满分满分，给男神涛哥打爆电话！！！
66252,2272,李红涛,2018-01-14 06:31:24,7,7,0,满分推荐，语速很快上课故事很多，一不留神就会漏听，但是讲得很有意思，一节课几乎没看手机。后来只要安排是他来代课的我都去听了，很可爱的老师
76849,2272,李红涛,2018-04-24 14:03:02,16,16,0,牡丹江传播学派，中国当代兴起的一个颇具影响力的学派
79536,2272,李红涛,2018-06-08 09:59:19,3,3,0,男神呐男神！ 后悔没有早点选涛哥的课～
80527,2272,李红涛,2018-06-27 11:54:21,8,8,0,遇上这样的老师，人生之幸^_^
98873,2272,李红涛,2019-01-24 04:26:16,6,6,0,必须给我涛哥打爆电话！！！！！我觉得涛哥是传院讲课最棒棒的老师！！！！！！！！！！！！
104196,2272,李红涛,2019-03-13 16:20:20,0,1,1,真的很厉害?
113638,2272,李红涛,2019-07-07 01:36:55,1,1,0,我爱他！！
117814,2272,李红涛,2019-10-02 13:22:23,4,4,0,传院良心，涛哥怎么能只给本科生开两门课呢！！不满足啊！！
118603,2272,李红涛,2019-10-29 08:57:17,4,4,0,必须十分
125827,2272,李红涛,2020-09-14 13:44:58,4,4,0,涛哥出品，必属精品
127408,2272,李红涛,2020-11-22 14:54:35,2,3,1,满分不解释
124757,2320,张节末,2020-07-08 04:10:25,1,1,0,真正的美学家！
8267,2391,刘岩,2015-09-18 02:09:55,4,8,4,还行哦
8268,2391,刘岩,2015-09-18 02:28:36,1,3,2,刘老师好漂亮～～
9179,2391,刘岩,2015-10-15 08:55:23,1,3,2,口才极好
14707,2391,刘岩,2016-01-08 11:50:15,2,3,1,美女！
21099,2391,刘岩,2016-02-17 07:42:52,0,3,3,上课无聊，凶巴巴的
27844,2391,刘岩,2016-06-27 19:54:59,-3,1,4,有点凶
33662,2391,刘岩,2016-09-21 01:53:04,2,3,1,挺漂亮
40912,2391,刘岩,2017-01-06 09:59:19,3,3,0,很棒的老师
207700,2391,刘岩,2024-12-24 02:27:52,0,0,0,普通体育课锻炼强度偏大，专项拿分靠自身短跑素质，非必要慎选。而且刘老师不太捞，签到查的也很严。
207727,2391,刘岩,2024-12-24 04:31:32,0,0,0,普通体育课，刘老师上课体验非常好。训练强度不大，对学生也不会为难，结课后特来推荐大家选！
210951,2391,刘岩,2025-01-10 08:30:50,0,0,0,哥你是一点儿也不捞啊…\n\n专项考试非常不利好短跑差的同学\n\n给分非常求是，非必要慎选吧😋
219418,2391,刘岩,2025-05-27 02:20:29,0,0,0,普通体育课非常无聊非常晒非常不放水\n\n尤其春夏学期千万不要选啊。。。除非你无路可走
3274,2406,王婧,2015-05-25 12:42:33,3,5,2,视野开阔，材料丰富，闪烁着思想的光芒
12843,2406,王婧,2015-12-24 06:23:33,-4,0,4,…………
24330,2406,王婧,2016-04-29 12:39:58,-6,2,8,呵呵。
50082,2406,王婧,2017-04-29 09:49:05,1,7,6,真的难过，扪心自问认真听课做笔记了，要交的作业也都认真完成了，却给了低分，是我喜欢的声音不合老师的胃口吗？
50174,2406,王婧,2017-04-30 23:34:44,-7,7,14,讲课很水没有气场，个人感觉很无聊，并没有学到多少影视中声音的录制剪辑等等，都是比较哲学的东西。很认真的做了作业课也都听了，给分很低我也不知道她什么评价标准，总之呵呵，慎选。
50607,2406,王婧,2017-05-04 00:30:45,-9,2,11,课很水\n\n给分不好
52400,2406,王婧,2017-06-19 16:44:58,-9,1,10,很水了。
55269,2406,王婧,2017-07-01 07:06:51,8,11,3,帮老师刷高点。。。真心很喜欢声音与新媒体的课啊～讲的确实是比较抽象的东西～（不过艺术的话最重要的还是领会而不是实际操作上的东西吧）但是喜欢的人认真听收获很大的～反正老师给了我很多启发哒～给分什么的。。其实从来都不是判断一个老师的标准嘛（再说老师给分哪里差了?……）
76880,2406,王婧,2018-04-25 07:57:06,6,7,1,老师人真的超好啦
78193,2406,王婧,2018-05-10 02:24:04,5,5,0,老师超酷超nice，给分也蛮好的
78203,2406,王婧,2018-05-10 03:45:18,9,10,1,这课真的很有趣，各种和声音有关的，你想都想不到的好玩的东西。另外，给分真的好。上课我也不做笔记，很多东西重在兴趣，这课偏实践
135514,2406,王婧,2021-05-12 10:04:04,1,2,1,老师真的很好 教学及科研水平较高 对学生也很耐心
135829,2406,王婧,2021-05-28 04:28:05,1,1,0,开心的不行的课
142396,2406,王婧,2021-11-11 03:46:46,1,1,0,老师很可爱元气！对学生也很好！
152930,2406,王婧,2022-04-22 02:15:36,5,5,0,婧！！！！！！！！！！！！😭\n\n老师身上有种温和的力量
153063,2406,王婧,2022-04-24 15:16:00,6,7,1,虽然没出分，还是给王婧老师打满分。\n\n一个艺术家，一个人类学者，你的声音里，满满的都是艺术的疗愈。热爱你脚下所站立的坚定的土地，愿我们能够保有作为人所该有的立场。
153151,2406,王婧,2022-04-26 07:00:25,7,7,0,完美的老师 温柔是有万钧之力的 真的在很温柔地讲课 但无时无刻不感受到老师的力量感 讲的课都很有意思 艺术人类学我大学以来最喜欢的课 好想和老师有面对面交流的一天
153316,2406,王婧,2022-04-28 02:31:08,7,7,0,这样的老师不十分谁十分呢这样的老师不十分谁十分呢这样的老师不十分谁十分呢\n\n艺术人类学 上课有一种自然的吸引力 哪怕没有任何知识储备的情况下也能很快的进入她的艺术语境 婉婉道来的样子真的很温柔很美很有力量感 每一次实践和作业都是自由且有意义的 真正开放而有章法的课堂\n\n老师真的好温柔好温柔好温柔 尊重每个同学的想法和艺术创作的尝试 把每位同学当做潜在的小艺术家对待 上这门课就是个身心疗愈的过程！
191484,2406,王婧,2024-04-23 12:21:52,5,5,0,【艺术人类学】很好的老师，老师是一位纯真的艺术家，真诚而纯粹，温柔且温暖。课程任务很有趣也蛮轻松，写影评，2000字展览评论/作品，最后课程作品展示看到了同学们富有创造力又很有趣很有意义的作品，无论拿多少分这门课都是值得的。很喜欢的老师
191835,2406,王婧,2024-05-01 11:47:19,6,7,1,上课只点一次名\n\n给分超级棒
191837,2406,王婧,2024-05-01 12:25:30,3,4,1,点名会提前说，只点了一次，作业是写影评和展览评论，给分超级好，老师的头发是蓝色的，很酷的感觉，喜欢🥰
191840,2406,王婧,2024-05-01 16:13:25,2,3,1,满绩了，谢谢老师！！
191877,2406,王婧,2024-05-03 05:49:52,1,3,2,点名一次，最喜欢中期留的任务，真的很治愈心灵
191879,2406,王婧,2024-05-03 09:48:57,7,8,1,艺术人类学，大一工信选的这门跨专业，\n\n上课感觉水水的，除了点名一次都没有去，听说不少人影评都是chat出来的，不知道真假，我就是随便写了写。\n\n那个艺术馆的大作业时间来不及了，上网查了资料看了个大概就写了，没去过。\n\n最后拿了97，如果以后老师还开课跨专业我必选。
192125,2406,王婧,2024-05-09 13:09:55,0,2,2,为什么王老师的评分还没到10分？超级好的老师，人类学也值得听一听，课负也不大。感觉心灵被净化了。
192154,2406,王婧,2024-05-10 06:17:45,-3,3,6,【艺术人类学】负担小，分高，感谢老师给的满绩
192263,2406,王婧,2024-05-13 06:31:57,1,1,0,艺术人类学，给分很好！！
192315,2406,王婧,2024-05-15 01:15:02,0,1,1,【艺术人类学】事少分高上课有趣，整个学期只点过一次名
218019,2406,王婧,2025-04-19 07:44:51,0,0,0,老师人非常好，给人感觉很博学，之前上网搜资料还看到王力宏的《聆听杭州》也有王老师的参与，非常震撼。王老师人美心善，点名也会提前通知大家，给分也好，强推
218169,2406,王婧,2025-04-22 00:53:18,0,0,0,满绩啦！老师人很好，点名会提前说
798,2443,徐岱,2015-03-17 05:00:42,8,17,9,一生的导师
2807,2443,徐岱,2015-05-08 01:16:22,2,6,4,有个性有思想
4459,2443,徐岱,2015-06-23 08:51:12,1,3,2,有思想，很喜欢
5907,2443,徐岱,2015-07-10 01:52:47,0,4,4,很值得去听的课，对价值观有很大改变
6104,2443,徐岱,2015-07-11 01:34:22,1,5,4,徐老师的课挺好的，有风范但是他真的好自恋啊哈哈
9296,2443,徐岱,2015-10-20 11:28:10,0,4,4,心灵被洗涤
34866,2443,徐岱,2019-03-27 07:28:23,3,17,14,抄袭，，
41008,2443,徐岱,2017-01-08 02:14:16,1,1,0,望天。
47556,2443,徐岱,2017-01-31 01:39:37,1,4,3,要是大三大四再听徐老师的课的话收获会完全不一样
49010,2443,徐岱,2017-03-21 09:28:48,0,2,2,坚定不移
51024,2443,徐岱,2019-03-27 07:28:05,6,21,15,请百度徐岱金健人
51120,2443,徐岱,2019-03-27 07:28:13,1,14,13,浙大真是海纳百川，能容得下这种抄袭之人。
55539,2443,徐岱,2017-07-02 00:41:13,8,13,5,思想尖锐，至于风评，局外人
59670,2443,徐岱,2017-09-25 16:29:26,2,5,3,西方哲人喜欢讨论真诚、中国文人常讨论风骨，用在徐老师身上皆不为过。
61145,2443,徐岱,2019-03-27 07:28:35,0,9,9,学术失范，，浙大要改名浙江失范大学了
63506,2443,徐岱,2017-12-05 09:54:06,1,4,3,这位老师是我在浙大遇到的第一位会拖堂一个半小时还觉得很自然的老师。细节见人品。
70428,2443,徐岱,2018-01-26 15:09:28,1,5,4,徐老师的课不单是传授知识，更是培育人性。今天大学缺这样真诚的学者。
117567,2443,徐岱,2019-09-26 04:53:53,2,2,0,很开心
144052,2443,徐岱,2021-12-17 05:43:21,0,1,1,“人生学和感动学”\n\n视野非常开阔
180939,2443,徐岱,2023-09-28 12:23:43,1,1,0,有思想，有情怀的好老师。很幸运有机会上徐老师的课。
190076,2443,徐岱,2024-02-19 08:27:14,1,1,0,真诚。
197965,2443,徐岱,2024-08-22 01:57:30,1,1,0,人生导师！上了徐老师的《基础美学》和《文学思想与批评》两门课，深深为徐老师的理想主义而倾倒，获得了心灵的洗涤。
205521,2443,徐岱,2024-12-08 13:10:47,2,2,0,一生的好老师！
205570,2443,徐岱,2024-12-09 09:58:43,1,2,1,课程我不评价。\n\n出言不逊和难评人品我倒是领教了
208573,2443,徐岱,2024-12-29 14:03:50,1,1,0,人生导师
1713,2478,何春晖,2015-03-23 12:21:46,4,14,10,人很好
4025,2478,何春晖,2015-06-17 14:23:17,-23,9,32,人超好！绩点超高！
4051,2478,何春晖,2015-06-17 15:32:01,-2,4,6,人很好
9804,2478,何春晖,2015-11-15 12:53:48,-3,4,7,还好。
9969,2478,何春晖,2015-11-13 12:21:25,-3,4,7,好厉害的口才
10035,2478,何春晖,2015-11-14 14:50:41,-6,7,13,上课很棒！
10444,2478,何春晖,2015-11-19 00:42:10,19,60,41,给分很不公平
10981,2478,何春晖,2019-09-27 09:58:07,5,17,12,恶心，给分也差
11671,2478,何春晖,2015-12-10 01:20:00,8,17,9,不喜欢她的课，给分很坑。
12295,2478,何春晖,2015-12-23 01:09:14,0,7,7,花溪花溪花溪
15707,2478,何春晖,2016-01-16 07:12:55,-1,7,8,口才好，经验丰富，案例鲜活，很有趣
33440,2478,何春晖,2016-11-20 06:24:30,4,12,8,给分好！小伙伴记得最后给老师发作业邮件时的礼仪。
36961,2478,何春晖,2016-11-16 16:47:30,-2,3,5,老师上课一般吧，不过有些地方讲得还是很精彩的，一次上台情景模拟居然和一次举手发言是等同的，所以个人觉得上课要多举手发言，情景模拟看兴趣吧，胆子小不上关系也不大，只要一次课发过言就好了\n\n写于考试周后两天，绩点未出，所以给分就不评价了，百分之70是形象设计方案，不知道会怎么打
37506,2478,何春晖,2016-11-19 07:25:41,3,8,5,课还行，给分很糟糕。
37610,2478,何春晖,2016-11-19 16:47:11,5,10,5,给分哪里好了？？？
37616,2478,何春晖,2016-11-19 23:40:01,-2,5,7,我觉得人挺好，为学生着想 上课发言并不难做到
37772,2478,何春晖,2016-11-21 02:52:11,-5,4,9,老师谈吐很有气质
37893,2478,何春晖,2016-11-22 00:23:41,-2,5,7,老师上课谈吐之类的都很有自己的风格，乍一看以为是那种事儿妈型的。其实老师还挺理解学生的。
43986,2478,何春晖,2017-01-17 07:35:51,2,11,9,老师很有气质，口才很好，作业用心做就没问题。我最后一节课的时候犯傻竟然忘交小组作业了，以为小组都要被连累的很惨，真的难过的不行。后来给老师道歉老师还安慰我来着，真的给了我很大的宽慰。小组最后的分也都不错。老师真的人很好，而且认真听课一定会收获很多，不只是学分和GPA而已。
59284,2478,何春晖,2017-09-20 12:30:52,1,7,6,不怎么样
62295,2478,何春晖,2017-11-24 04:32:43,0,4,4,还好 老师有气质是真的 课有点水也是真的 给分不太坑 但也不能说很好
62300,2478,何春晖,2017-12-06 09:57:46,-4,1,5,233
62313,2478,何春晖,2017-11-24 07:04:33,15,18,3,被迫自愿地举手发言，因为发言可以加分
62417,2478,何春晖,2017-11-25 04:37:36,-4,6,10,哇哇哇老师给分真的超棒的啊！看到成绩的时候很惊喜，觉得成绩对得起努力，期末作业如果你想水很容易被正太老师们也没有办法，但是用心去做助教们一定可以体会到~上课发言最后一节课会给没有发过言的机会，发言占考评多少也确实不太清楚，一定要发言这选项不太喜欢。\n\n最后交作业的时候看到有些人一叠一叠的交心拔凉拔凉的，呼吁一下大家不要恶竞吧认真写就好了哇~~期末作业是一个自我形象管理研判，用心写看到自己的改变更加重要，也许你就真的变得又帅又美了呢~\n\n老师讲课还是蛮有趣，补选捡漏上的沟领非常非常知足了。不过大二居然已经听不惯鸡汤了(无奈)，有些知识偏向陈旧。老师人文底蕴很深，气质也很好~最后一堂另一个老师讲衣服着装，气氛弥漫着尬，可能是代沟吧。总体给分8拉一下平均
62693,2478,何春晖,2017-12-05 02:32:06,10,13,3,不要买书不要买书，老师上课不用书，但是书也有点贵啊，买了书结果根本没有用到，感觉好浪费
63261,2478,何春晖,2017-11-29 15:12:38,-7,5,12,她活成了女生这个年纪最想成为的样子
63329,2478,何春晖,2017-12-01 01:41:37,2,5,3,上课很有激情。\n\n可是我也不知道为什么后来我就不想听了。\n\n反正不是我会喜欢的那种。
64371,2478,何春晖,2017-12-23 04:29:39,1,4,3,老师课讲的还是不错的，期末论文好好写，给分超级好。最后一次还会请礼仪专家教你化妆，超级有意思
64564,2478,何春晖,2017-12-25 08:32:10,8,10,2,给分是真的差
65837,2478,何春晖,2018-01-09 12:59:52,17,21,4,会卡绩点会卡绩点会卡绩点！！！
66723,2478,何春晖,2018-01-18 14:09:31,-2,5,7,上课还是能学到东西的，对个人礼仪仪表方面都有建议
68542,2478,何春晖,2018-01-23 10:30:47,-1,2,3,挺好哒
73686,2478,何春晖,2018-02-02 15:52:14,-1,2,3,上学期的课了，老师很好
76352,2478,何春晖,2018-04-04 03:35:33,0,4,4,上课非常佛系的老师！沉浸在自己的互动中～
79982,2478,何春晖,2018-06-18 07:03:09,1,2,1,读她的研要慎重
88228,2478,何春晖,2018-10-24 11:59:44,1,3,2,有点自我陶醉，有点假，
89866,2478,何春晖,2018-11-21 05:26:18,6,8,2,作业要求一而再再而三地改，能不能把作业要求一次性说清楚啊
90813,2478,何春晖,2018-11-26 07:55:24,8,10,2,看到这个给分我真的无语了\n\n我写这篇论文因为她的要求改了好几次\n\n然后3.3的绩点我真的是没话说了\n\n我还老是坐在前排\n\n这算什么个事儿\n\n看到均绩4.1我真的噎住了\n\n我做的有这么差吗？
90814,2478,何春晖,2018-11-26 08:43:19,6,7,1,上课很水，给分很坑....有代沟，想法不一样
90817,2478,何春晖,2018-11-26 08:47:15,5,7,2,课有大半挺水的，干货不多，上课发言是她点的，基本没有给人举手的机会，但是最后会看发言次数来打分，给分挺坑
90819,2478,何春晖,2018-11-26 09:53:47,-4,2,6,许多地方老师讲得很有自己的独特见解，老师的价值观很让我敬佩，语音语调也非常迷人，报告认真完成，分数一定不会低的，加油
90826,2478,何春晖,2018-11-27 13:49:25,7,9,2,什么垃圾老师
90908,2478,何春晖,2018-11-27 09:13:38,1,3,2,针对公关与沟通技巧：出分了所以过来评论一下。这门课前几节偏理论，比较枯燥；但后面老师会讲一些比较具体的礼仪知识，还会请外面的老师来教大家服饰搭配、化妆之类的知识，作为一个通识，可以水过去，也可以认真听一点实用技巧。关于绩点，假如上课一直不发言、最后的报告水过去，可能会被正态。但只要稍微认真一点写报告，注意一下礼节，给分还是可以的。
90924,2478,何春晖,2018-11-27 13:01:42,5,6,1,上课也发言了 报告也交了 每节课都来上得分还不如不来上的 给分迷人
90963,2478,何春晖,2018-11-28 06:13:20,0,2,2,你倒是上课呐
90996,2478,何春晖,2018-11-28 14:11:07,5,6,1,绩点3的我哭了
91086,2478,何春晖,2018-11-29 23:31:21,2,4,2,第一节课和最后一节课来都可以……卡绩点是真的难受
91090,2478,何春晖,2018-11-30 00:03:02,0,2,2,❤️❤️❤️
91201,2478,何春晖,2018-12-03 07:03:52,1,2,1,不喜欢这个老师，但是报告字数多些成绩会很好
91795,2478,何春晖,2018-12-20 07:29:40,3,7,4,可以说是我在浙大见过的最差劲的老师了，上课全是上个世纪的陈年鸡汤，毫无干货。反智主义。矫揉造作。强制发言。给分很糟。\n\n不知道为什么评分还有7分，恐怕是真“公关”。
98609,2478,何春晖,2019-01-23 15:44:32,2,3,1,老师讲的好，展示浪费时间
98623,2478,何春晖,2019-01-23 16:09:37,1,1,0,老师还好吧我觉得，然而没上什么就没机会再上公关了，但仅有的讲课我觉得还是挺好的。确实有一点不真诚不坦率的那种感觉在，也许是行业关系吧，但倒不至于有什么负面评价。下课问问题，老师回答也是相当耐心的。
99058,2478,何春晖,2019-01-24 08:02:40,1,3,2,卡了卡了！
140820,2478,何春晖,2021-09-16 11:16:47,1,2,1,老师讲话就一股浓浓的卷味，事情很多且很烦，对社恐学生一点都不友好，期末作业还需要你去问各种各样的人（父母、同学、各个阶段的老师、食堂里的陌生人）他们怎么看你。
146360,2478,何春晖,2022-01-06 10:19:20,5,7,2,公共关系学专业课，老师讲课还是很清晰的，长学期的课事情不算很多，给分还可以，推荐
161637,2478,何春晖,2022-11-10 00:43:19,2,3,1,给分好低
161641,2478,何春晖,2022-11-10 01:25:20,2,3,1,坑！！！
161655,2478,何春晖,2022-11-10 05:18:06,1,3,2,给分跟狗屎一样
161680,2478,何春晖,2022-11-10 11:21:27,0,1,1,给分一般般捏
161688,2478,何春晖,2022-11-10 12:32:11,1,2,1,其实讲得内容挺好的，很有用，课程很有意思。\n\n但是绩点和成绩很无语
161785,2478,何春晖,2022-11-13 09:18:46,2,4,2,上课没屁用，每节课都到了，也举手发言了，论文也认真写了，还TM给3
162275,2478,何春晖,2022-11-19 02:03:41,0,1,1,会增长见闻，认真听课，积极举手发言，报告写好，绩点没问题
163411,2478,何春晖,2022-12-14 08:32:22,0,1,1,选了公关与沟通技巧，虽然被卡绩点，但是也还可以不杀，作业一篇论文不多。记得上课多举手发言
163656,2478,何春晖,2022-12-16 02:06:25,-3,2,5,说实话老师还可以吧，我本来打算一摆到底的，最后一节课突然想要捞一下发言分，就直接上台发言了（老师也给了很多机会）\n\n最后论文卷一下字数（要求2k我写了6k分析再加2k的问卷数据），然后放一些反差比较大（我就干脆放的妆前妆后……）\n\n最后4.5。
166572,2478,何春晖,2023-01-13 01:16:48,3,3,0,上课内容有点水
170113,2478,何春晖,2023-03-01 11:41:36,0,0,0,3.9，上课讲的比较水，感觉老师可能没有备课。主讲内容和公关关系不大，侧重于个人形象和沟通技巧。
182493,2478,何春晖,2023-11-16 13:06:19,1,1,0,就冲她的给分一定要选！同课三个人直接5.0、4.8和4.5，喜提超高绩点\n\n上课还是比较轻松的，期末论文好好写就没有什么问题
186772,2478,何春晖,2024-01-13 04:17:48,3,3,0,喜提70+(*^▽^*)
566,2499,高芳芳,2015-03-15 05:10:40,-5,13,18,女神级老师 啥也不多说了 自己体会吧～
2920,2499,高芳芳,2015-05-11 05:19:37,5,16,11,可怕
4134,2499,高芳芳,2015-06-18 01:52:19,-2,4,6,老师总有一种高冷傲的豪气！\n\n她讲的笑话很冷～
4840,2499,高芳芳,2015-06-29 12:54:38,-3,12,15,极品老师。无法沟通。没有逻辑。特别清高。
4917,2499,高芳芳,2015-06-30 16:24:11,-1,5,6,冷傲……
6274,2499,高芳芳,2015-07-12 14:22:57,-2,5,7,有汇报课（隔周），讲课条理清楚，给分很合理～
6297,2499,高芳芳,2015-07-12 23:14:30,5,16,11,楼上那些拿了低分就开始说老师的不是，高芳芳老师今年两门课那么用心在上，作业多了，但是很受用啊，这是上课方式的不断创新呐～
6340,2499,高芳芳,2015-07-13 05:17:26,-2,2,4,哈哈
13826,2499,高芳芳,2016-01-01 02:12:33,-9,3,12,挺好的。一篇论文拿了4.9
15742,2499,高芳芳,2016-01-16 08:19:29,0,5,5,上的网络传播实务，没什么意思
24523,2499,高芳芳,2016-05-01 04:49:57,14,19,5,我觉得老师一点也不高傲啊 总是很温暖 也很体恤学生 至于给分 我只能说老师有她自己的要求和标准 达不到不能成为黑她的理由
44122,2499,高芳芳,2017-01-17 09:47:16,22,26,4,老师人很好啊，不懂上面的为什么都在黑她。上的她的数字媒体实务，考虑到同学们的压力还减少了一项平时作业。三次平时作业都很实用，而且选两次就够了。对大作业选题要求是高了些，但也不是没道理，和大家商量选题的时候还会发奶糖。认真完成了作业，给分也还好，虽然不高，但是我的作业确实和别人有差距，分数很公平。
50602,2499,高芳芳,2017-05-04 00:10:09,2,2,0,老师人很美很温柔^_^
54202,2499,高芳芳,2017-06-28 16:15:51,4,6,2,媒体融合，期中案例分析，期末调查报告。课有点水，不过传媒的课都差不多吧，一学期有一次突然点名。课虽然无聊，不过老师很可爱！最后一节课下课的时候，还跟我们说暑假快乐，好好吃好好睡好好玩，听说以前很高冷，不过现在好可爱好温柔！
55104,2499,高芳芳,2017-07-01 00:17:20,-2,1,3,有点怕她
68825,2499,高芳芳,2018-01-24 02:44:24,12,13,1,老师感觉更像是学姐 蛮有亲和力 期末会有作业反馈 很负责
78509,2499,高芳芳,2018-05-12 11:56:36,4,4,0,传院最负责的老师之一了！虽然很年轻但是学术很好，数字媒体实务虽然课业很多但是真的能学到好多啊！而且每个作业老师都给反馈，真的非常用心了！
80916,2499,高芳芳,2018-07-02 16:11:24,3,3,0,芳芳老师是很厉害很酷，但是很温柔的人儿呢！另外，老师的学术能力超圈粉的！
81552,2499,高芳芳,2018-07-05 10:55:32,1,2,1,老师上课很温和，给分也挺好的。而且上了别的老师的课，才知道高老师，真的很好！
85666,2499,高芳芳,2018-07-24 15:47:13,2,2,0,学到了很多知识
88462,2499,高芳芳,2018-10-31 04:59:01,2,2,0,棒棒棒
95183,2499,高芳芳,2019-01-19 04:11:09,2,2,0,数字媒体实务真的学到很多很多东西！最有干货的专业课之一了！老师也很温柔，给分也不错
95985,2499,高芳芳,2019-01-20 10:20:20,2,2,0,给分确实好，但是作业确实累。对于什么pr完全不会的小白来说，确实压力有点太大了，因为老师上课完全不会教的。但是结课的时候也会发现收获了很多。
97677,2499,高芳芳,2019-01-22 13:15:13,2,2,0,女神老师，收获很多，会很认真地点评作业，很有亲和力！
109590,2499,高芳芳,2019-06-17 09:39:48,-1,2,3,老师您好，请问您为什么选择了浙江大学而不是汉东大学呢？
130406,2499,高芳芳,2021-01-22 05:03:32,-2,2,4,课程及其肤浅，作业真xx多，这个给分您的良心不会痛吗？不知道老师是用什么标准来评判学生作业的，挑选出来的视频除了少数几个，真的有够让人无语。建议小学统计知识学好再进行授课。以上。
130531,2499,高芳芳,2021-01-23 13:11:22,6,9,3,楼上的评论过分了，我觉得高老师真的是很努力地上好这门课程的。融合新闻报道的定位应该是偏基础的导论型课程，对短视频、数据新闻的介绍确实没有后续课程深入，但是认真听课的话，能够帮助我们对当下新闻融合生产的情况有所了解。课程偏实务，两个作业确实挺累，作为pr小白的我一直刷夜在学，数据新闻大作业和小组同学一做都是十几个小时起步，还大改了一次，但是最后真的很有收获，很有成就感。其实老师已经在前些年的基础上砍掉一些作业减轻大家的负担了。我的短视频也没有被老师选择展示，但是最后分数还不错，我会感觉老师选择播放的短视频并不意味着就是高分，而是她觉得有特色，有一些值得学习的地方。
172108,2499,高芳芳,2023-04-19 15:59:34,1,1,0,提醒一下ddl战士们，课程论文的提交时间以最后一节课的上课时间为准，而不是学在浙大的截止时间。
172461,2499,高芳芳,2023-04-27 07:59:24,1,1,0,媒体融合，主要讲案例，上课体验还是比较好的，给分不错。
172512,2499,高芳芳,2023-04-29 08:14:20,0,0,0,更新一下老师评论，上的是媒体融合，有点点无聊，其他都还可以，给分也还不错的。可以选。
172528,2499,高芳芳,2023-04-28 15:41:23,1,1,0,作为工科生跨专业来上传院的课，媒体融合两篇论文，我写的时候因为大部分是自己的想法，所以感觉狗屁不通，最后还是给了4.5，芳芳老师真的挺好的！
200086,2499,高芳芳,2024-10-12 15:26:05,-1,1,2,一坨。
209068,2499,高芳芳,2025-01-04 10:41:05,0,0,0,融合新闻报道，平时不签到，最后给分还可以
216704,2499,高芳芳,2025-03-21 11:00:10,0,0,0,媒体融合上课纯案例，有点无聊\n\n旁边同学都在做自己的事\n\n但老师人不错
217806,2499,高芳芳,2025-04-16 18:44:39,1,1,0,给分一般
217843,2499,高芳芳,2025-04-17 06:27:58,1,1,0,改卷也太快了吧
218565,2499,高芳芳,2025-04-24 15:18:58,0,0,0,好善良的老师，给分很好
770,2519,何扬鸣,2015-03-17 00:29:44,-25,3,28,不错哦
3861,2519,何扬鸣,2015-06-17 06:47:45,8,11,3,大仙
10607,2519,何扬鸣,2015-11-20 13:50:40,10,13,3,会点名 考试脑子不够
11250,2519,何扬鸣,2015-11-26 01:57:20,27,34,7,Sorry I don't understand 学习的内容不该完全建立在老师的喜好之上吧
11337,2519,何扬鸣,2015-11-27 12:19:03,33,35,2,没见过这么傻逼的人   上课只管改病句 装逼 批评作者 点名
13857,2519,何扬鸣,2016-01-01 10:45:34,22,25,3,上课找错字也是醉了，既然教材这么差干嘛用？课程十分无聊，人也没有人情味，给分对不起学生的付出。遇到过最差的老师！\n\n
19509,2519,何扬鸣,2016-01-24 12:14:58,7,9,2,确实是大仙…
21201,2519,何扬鸣,2016-02-26 06:55:22,17,19,2,遇到过最差的老师，毫无情商，毫无水准，上他的课纯粹浪费时间
23772,2519,何扬鸣,2016-04-15 14:06:38,21,22,1,希望老师早点退休。
24192,2519,何扬鸣,2016-04-28 07:35:09,7,8,1,烂 很烂 只要给分烂
26096,2519,何扬鸣,2016-06-15 16:30:01,12,13,1,简直就是傻逼
26685,2519,何扬鸣,2016-06-21 02:07:46,15,16,1,傻逼药丸迟早火
28296,2519,何扬鸣,2016-06-28 08:28:12,9,11,2,后悔不推到大四选 呵呵呵呵
33919,2519,何扬鸣,2017-02-13 01:31:09,22,23,1,恶心 目前遇到的最恶心的老师 \n\n固步自封 墨守陈规 完全看不到作为教授的宽容大度：）
34168,2519,何扬鸣,2016-12-28 06:14:06,13,15,2,听他的课就像吃了一坨大大的屎
34223,2519,何扬鸣,2016-09-28 16:05:16,9,10,1,this is one of my contributions
34493,2519,何扬鸣,2016-10-12 03:18:56,-23,3,26,老师上课深入浅出，很有启发
34494,2519,何扬鸣,2016-10-12 03:19:44,9,10,1,作为一个浙江人我都听得脸红
34870,2519,何扬鸣,2016-10-25 23:37:03,1,3,2,...
35183,2519,何扬鸣,2016-11-04 02:24:58,10,11,1,很傻逼，整天上课吹嘘自己过去多么风光，毫无人情味
35184,2519,何扬鸣,2016-11-04 02:31:51,4,5,1,回到小学时代
35545,2519,何扬鸣,2016-11-10 07:26:11,7,9,2,浙江人好牛B?
36332,2519,何扬鸣,2016-11-12 02:30:16,-23,4,27,老师很专业的，考得差就是不好好复习而已。在这说他说差评的都是破嘴
36558,2519,何扬鸣,2016-11-15 01:23:04,6,7,1,骂同学
37692,2519,何扬鸣,2016-11-20 08:23:13,8,9,1,他说的话我都不同意！\n\n
37693,2519,何扬鸣,2016-11-20 08:24:41,7,7,0,整堂课，每次就知道会扯来扯去，讲课毫无条理。喷这喷那，觉得自己老牛了。说实话，我觉得，他水平真不咋滴……
37809,2519,何扬鸣,2016-11-21 07:08:30,7,7,0,任何洗地狗都洗不干净的大仙。
37848,2519,何扬鸣,2016-11-21 11:14:41,-19,8,27,老教授个性很鲜明。对事情有自己的坚持，不像我们这么墙头，觉得什么都可以...说强行灌输倒也不至于吧，他有明确的观点你可以不认同啊，又没说观念不一致就挂你科。确实好喜欢吹牛，但也能看出来肚子里有货，很有启发性。既然要求老师有包容的态度，为什么就不能包容老师有明确的倾向呢？
38006,2519,何扬鸣,2017-03-14 10:26:17,-22,9,31,何老师其实人蛮单纯可爱的，没啥机心。只是个老学究而已。而且如果当初不是清政府不愿意和西方做生意，外国人也不会打进来了啊，而且西方还给我们带来那么多的先进科技文化，样样都比我们民主自由，我们对外国人要有感恩心态，不能放下碗骂娘，他这个观点蛮有道理的。
38333,2519,何扬鸣,2016-11-30 03:53:56,11,12,1,给他打1分不是因为他值1分，而是因为没有零分和负分
38391,2519,何扬鸣,2016-12-02 00:10:46,7,8,1,简直是我大学期间遇见最傻逼的老师 没有之一
38392,2519,何扬鸣,2016-12-02 01:11:13,6,6,0,真的不能评零分？
38740,2519,何扬鸣,2016-12-16 05:24:01,5,7,2,听同学讲完我是真心服气 学生论文写的长就是抄的多 写得少就是抄的少 新观点也是抄的  表格数据也说是抄的 质疑一切超出他个人认知的东西 这算是鼓励学生抄袭还是如何 你这么厉害你怎么没抄到 心疼新闻系
39094,2519,何扬鸣,2016-12-21 06:57:58,5,5,0,短学期两分的课程，三篇五千字以上的论文，期末考试（开卷还是闭卷老师第六周还没决定）。没什么想说的，预祝大家新年快乐吧（微笑）
46214,2519,何扬鸣,2017-01-21 02:50:21,7,8,1,三篇论文加一场考试最后只有3！对你没看错只有3！完全根据个人喜好来判断评分我只能说我是撞到枪口上了?
50729,2519,何扬鸣,2017-05-04 14:57:20,4,5,1,平心而论，他没当教授的胸襟。
66250,2519,何扬鸣,2018-01-14 06:23:29,6,6,0,希望老师早点退休，不要在课上意淫金庸和他的私交……不要老是惦记省台的食堂......
66251,2519,何扬鸣,2018-01-14 06:26:29,2,2,0,一个惨遭同行diss且可以推翻国际普遍理论的命途多舛的老师
66857,2519,何扬鸣,2018-01-19 07:43:24,0,0,0,。。。
72885,2519,何扬鸣,2018-01-31 09:04:25,1,1,0,作为一个浙江人都听得脸红
72895,2519,何扬鸣,2018-01-31 09:50:47,16,16,0,老师也许在学术上能打101分，但上课简直负分都嫌多！教材和试卷不配套，也是醉了…
72912,2519,何扬鸣,2018-01-31 10:09:59,4,4,0,给一分都嫌多了 一点水平没有只会diss别人捧高自己 不知道怎么能当上教授 早点退休是最大的贡献了
72923,2519,何扬鸣,2018-01-31 11:02:06,7,7,0,作为一个每次课坐最前排认真复习快半个月的人，书也背了，得了3.6真的是……客观的说，他研究的领域在南宋，自己是浙江人对浙江省的新闻史有侧重，这都不是什么原则性的问题，我可以忍。老师的问题主要在于考试的东西沿用了去年的试卷，而两年课程所用的教材是不一样的，结果试卷上就出现了很多对于我们这本书来说超纲的东西，还有不少是分值很大的题目。这就导致我们抱着一本教材复习结果还是会有接近一二十分的题目根本在这本书上找不到。对于一门闭卷考试几乎占100%的专业课来说，这甚至可以说是教学事故了。
72929,2519,何扬鸣,2018-01-31 11:31:13,2,2,0,生不如死
72965,2519,何扬鸣,2018-01-31 12:38:12,4,4,0,重点全是假的哦?
79537,2519,何扬鸣,2018-06-08 10:00:24,3,3,0,他是一个能让最乖的学生都忍不住骂脏话的垃圾老师！！没见过这么刻薄且自我感觉良好的人了～
109919,2519,何扬鸣,2019-06-20 07:15:45,-1,0,1,点名的确浪费时间，脾气也确实有点怪，但是很多人也真是的不理解大仙，我印象很深的是他说我们是喝狼奶长大的一代，当时我们每个人都面面相觑，但现在回想说的真没错。
8944,2843,邵培仁,2015-10-03 16:15:57,0,1,1,沙发呀～ 邵老师的课很轻松，内容基本上一课一主题，很有收获～他的普通话很有趣，得适应下。
52266,2843,邵培仁,2017-06-16 18:13:40,0,0,0,渣老师，人品太差
61803,2843,邵培仁,2017-11-21 04:05:15,0,0,0,那你呢
198096,2953,张梦新,2024-08-30 12:21:37,1,1,0,讲座没有一句百度百科找不到的
9487,3025,胡志军,2015-10-28 15:15:29,16,19,3,就一直在做硬广 根本没教什么
20730,3025,胡志军,2018-04-23 04:29:55,-5,4,9,老师人挺好\n\n
36153,3025,胡志军,2016-11-10 15:18:14,-8,3,11,这是一个很喜欢房地产的老师。理论性比较强，但是举的例子还是有点多的。可听。
36505,3025,胡志军,2016-11-14 10:14:23,-11,2,13,房地产大佬哼哼  感觉纵横营销世界分分钟被圈粉
36966,3025,胡志军,2016-11-18 23:01:31,1,1,0,科科 科科
37386,3025,胡志军,2016-11-18 15:31:33,21,21,0,上课喜欢吹水 没什么意思 整个学期两篇论文 给分一般
77852,3025,胡志军,2018-05-08 07:14:49,3,4,1,毫无营养的讲课内容
78782,3025,胡志军,2018-05-15 07:03:35,7,9,2,无论什么课，都是万年房地产\n\n\n\n各种介绍小区的设施
83012,3025,胡志军,2018-07-09 13:08:15,3,3,0,大二大三不同的课能用同样的PPT讲。讲不出东西就别教了。案例全是十几年前的。拜托不要再浪费学生的学费和时间了。
83503,3025,胡志军,2018-07-11 13:01:44,0,0,0,
112436,3025,胡志军,2019-07-04 06:46:09,4,6,2,出勤全到，展示也去，最后绩点倒数。大家知道怎么学了吧？
116618,3025,胡志军,2019-09-12 05:10:41,6,6,0,乱给分，别认真，认真你就输了
117916,3025,胡志军,2019-10-10 07:24:48,-3,0,3,老师吗\n\n
124096,3025,胡志军,2020-06-23 16:49:52,3,4,1,给分标准很迷，上课毫无营养
157990,3025,胡志军,2022-06-26 03:35:14,-3,3,6,21-22学年的同学，发现胡老师评价很久没有人写过了，就来写一下。上的是《媒体融合》课程。这门课的事情相对平行班真的少了非常多，老师的案例也都是最新的，也涉及到了一些时事新闻，讲的不是陈词滥调的东西。这学期因为老师国外回来，所以一直是网课。不过班里的成绩确实没有平行班其他老师给分好。可以考虑选课。
173038,3025,胡志军,2023-05-11 16:18:13,5,5,0,上课讲的都是几百年的老古董，布置作业自己都没先搞清概念把别人搞疯，真的无语
176107,3025,胡志军,2023-06-27 19:16:08,-3,0,3,老师人还是很好的
187900,3025,胡志军,2024-01-17 17:28:27,4,4,0,上课烂给分也烂 服了
188045,3025,胡志军,2024-01-18 05:27:38,6,6,0,大煞笔
192440,3025,胡志军,2024-05-20 04:29:33,4,4,0,依托答辩
192441,3025,胡志军,2024-05-20 04:29:44,3,3,0,媒体融合老师第一节课没来然后随意调课，上午第五节徒增一节。点名第一节课点一次第五节课又点一次，讲的课不如小组分享的读书会，不如还是回市场营销讲你的房地产吧大哥，你也不缺这点钱来浙江大学教什么书呢？
196182,3025,胡志军,2024-07-02 05:02:45,3,3,0,什么东西，，
211779,3025,胡志军,2025-01-12 11:49:14,5,5,0,课烂，作业迷惑，分烂。早知道选外院的市场营销课了。
211844,3025,胡志军,2025-01-12 16:23:22,6,6,0,为什么他有两门课都是培养方案的必修？？这样的老师真的不会抹杀学生的热情吗？讲课祖传ppt万年房地产，念错学生名字不觉得自己有问题反而一而再再而三，读书报告书目和市场营销毫无关系（《人类简史》当然是好书，但是它和这门课的关系是？）。自己由于专业原因，本来对市场营销怀有期待，哪怕老师讲得不好也没事，但是他布置的作业？？？？??????自己平地起高楼，老师没有任何反馈。反正上了一门课，获得一门拉低均绩的绩点，挺无语的，避无可避的必修课，拼尽全力无法战胜牛粪。
216661,3025,胡志军,2025-03-20 08:45:48,1,1,0,神经病，不知所云，开什么课？？？？？纯折磨人。
217149,3025,胡志军,2025-04-02 13:12:29,-1,0,1,这才是传院真正应该筛除的老师。而不是赶走zrm这类真诚做学术授课水平高的好老师……
217433,3025,胡志军,2025-04-10 09:28:04,0,0,0,神经病，不知道脑子里在想什么。期末周布置大论文也是有你的，分数不说清楚你是这个，大傻逼。
142717,3048,叶枫,2022-01-08 14:33:23,43,51,8,1分不能再多了。\n\n作为海院大三辅导员，至今未开过年级大会，连老师长什么样都不知道。\n\n就连群里的最基本的通知也是由别人负责转发，消息从来都不回复。\n\n真替海院有这样的辅导员感到悲哀。
145324,3048,叶枫,2021-12-29 04:40:53,35,37,2,傻逼。
148527,3048,叶枫,2022-01-12 23:44:52,40,43,3,评1分的原因是没有0分的选项；\n\n叶枫基本上可以说是个报复社会的（S）B，一天天除了挂机不干人事，作为辅导员从来没有履行过任何职责。\n\n海院的学生真的可怜，学着所谓的21世纪学科，就业平均薪资比不上开挖掘机也就算了，还要忍受这种蠢币老师的冷落。\n\n你敢信从进入大三到现在没开过一次年级大会？没发过任何一个通知？你敢信一堆人在群里问她问题，她连回都不回。就连私戳她询问紧急问题，她过了三四天才看到，还他妈已读不回？\n\n最可笑的是，老子辛辛苦苦问她校医院能否做核酸，你他妈居然言之凿凿说不行，搞得我累死累活跑到市医院去做，回来才听说校医院就可以。那么多人返乡经过高风险地区需要核酸报告，她他妈连屁也不放，真她妈大言不惭。\n\n看到这个评论的兄弟，如果你还是大一大二，赶紧转专业吧。动科、农学，哪个专业水转哪个。4年紫金港不香吗？要来这么个鸟不拉屎的小岛？腾出时间考研跑路不好吗？要在这么个毫无前途又令人秃头的学院上面耗？如果你大三了，考研准备起来，别在意这种傻逼老师了，纯是坑人的。（以上建议对想要多赚点钱韭菜有效，后浪们就随意吧）
150437,3048,叶枫,2022-01-27 06:34:53,27,31,4,垃圾辅导员，操 你 妈 傻 逼 😅
150585,3048,叶枫,2022-01-31 07:49:02,26,29,3,人傻逼事多
151848,3048,叶枫,2022-03-17 12:13:06,24,27,3,傻逼辅导员 你手机没下载钉钉是吧？？\n\n就你这德性，就你这态度，配当辅导员？？赶紧滚回家去
152090,3048,叶枫,2022-03-25 08:37:43,24,27,3,我真的忍不住想骂人了\n\n半年前上的课，隔壁的隔壁教室有人感染肺结核，早不通知晚不通知，偏偏为了少加点班在大雨天临时通知全学院的人做皮试，还要tmd挤车去6km外的医院做胸透，真tmd脑子有病😅
152404,3048,叶枫,2022-04-08 10:18:30,20,24,4,钉钉电话打了一天，打了十个，一个不接，这就是辅导员嘛
152848,3048,叶枫,2022-04-20 14:13:22,-20,5,25,老师不太管我们其实，人挺好的。
153236,3048,叶枫,2022-04-27 03:17:02,20,23,3,极其不负责任的辅导员，从来都联系不上，傻逼
153333,3048,叶枫,2022-04-28 07:10:35,28,31,3,纯纯傻逼一个，海院不愧为ZJU垃圾回收处什么物种都能进来
153914,3048,叶枫,2022-05-17 11:10:41,-23,5,28,唉，还行吧这辅导员课上的不怎么样，当辅导员也还好人还蛮温和
154071,3048,叶枫,2022-05-22 12:14:54,30,32,2,18级来评一下\n\n操你妈傻逼玩意儿
167452,3048,叶枫,2023-01-16 10:59:09,4,7,3,上课差 给分一般
168262,3048,叶枫,2023-02-07 12:54:14,3,6,3,如果选了这老师的职规赶紧退了吧，就听这人上课逼逼叨叨半天，一句话要啰啰嗦嗦讲三遍，最后喜提大学最低绩点
175049,3048,叶枫,2023-06-21 09:24:14,0,4,4,上课不是很卷，纯粹为了分数也可以选
178442,3048,叶枫,2023-07-11 17:38:30,1,6,5,19级来评一下\n\n操你妈傻逼玩意儿
192295,3048,叶枫,2024-05-14 07:17:59,4,7,3,垃圾老师
198880,3048,叶枫,2024-10-18 09:25:55,3,6,3,不要玩文字游戏般的法律条文（这不叫法律），浙江大学的老师做人该有一定的基本操守
199580,3048,叶枫,2024-10-01 15:46:34,1,4,3,请不要用文字游戏般的法律条文欺压学生，懂法律的人有很多，做老师该有一定的师德
200948,3048,叶枫,2024-10-25 09:03:44,0,3,3,不要用文字游戏的法律条文欺压学生，做老师该有一定职业操守
208398,3048,叶枫,2024-12-27 10:46:55,3,3,0,挺好的，就是经常提问我
216991,3048,叶枫,2025-03-31 05:24:49,1,1,0,路过的
220410,3048,叶枫,2025-06-18 00:03:26,-1,0,1,形策给分烂的跟史一样
220543,3048,叶枫,2025-06-18 12:15:43,0,1,1,形策给分还行，不当辅导员后感觉面相都变好了，不过回钉钉消息还是一如既往的慢
221180,3048,叶枫,2025-06-21 22:40:54,1,1,0,形策，上课会分享自己的人生经验，给分也很不错，好老师！
7739,3054,沈斌,2018-12-18 10:22:43,-2,67,69,老师人超棒，讲课深入浅出，很有耐心
10905,3054,沈斌,2015-11-23 08:51:53,-34,23,57,呵呵呵
11391,3054,沈斌,2018-12-15 03:01:02,-22,36,58,思维混乱 朝令夕改。
11392,3054,沈斌,2018-12-15 03:00:54,-19,41,60,老师患有严重的思维奔逸症
11589,3054,沈斌,2018-12-15 03:01:14,-18,37,55,你就活在自己的世界里吧
11590,3054,沈斌,2015-12-07 06:02:33,-39,12,51,…自己体会该标点符号
14041,3054,沈斌,2016-01-04 03:02:06,-45,5,50,呵呵 友情提示 听不听他讲课并没有什么卵区别
14252,3054,沈斌,2016-01-06 01:23:54,-42,12,54,确定的任务又不断改变 请尊重一下学生
15741,3054,沈斌,2016-01-16 08:18:07,-43,6,49,听课并没有什么用。。。
17485,3054,沈斌,2018-12-18 10:21:44,27,99,72,和名字缩写一样的老师
18154,3054,沈斌,2016-01-21 08:26:08,-45,13,58,怀疑老师的审美。
18159,3054,沈斌,2016-01-21 08:27:48,-40,12,52,老师那红红火火的审美让人堪忧
18657,3054,沈斌,2018-12-06 06:32:39,-43,10,53,乱给分，没审美，沈斌即sb。
33562,3054,沈斌,2016-09-20 06:10:44,-40,16,56,稳坐传媒低分榜头把交椅
35186,3054,沈斌,2019-03-26 05:58:30,-41,15,56,活在梦里，人如其名
37767,3054,沈斌,2019-03-26 05:58:16,-40,12,52,老师的评分真是飘的可以，心痛
37866,3054,沈斌,2016-11-21 12:26:43,-45,8,53,审美单一 永远认定自己觉得的那一套  给分极差恶心
40770,3054,沈斌,2017-01-05 10:45:13,0,36,36,我觉得。。老师人不错呀。。给分现在还不知道，但是觉得学了很多
41809,3054,沈斌,2017-01-12 19:37:01,44,68,24,我给10分，挺好，非常喜欢，给分还不知道
52054,3054,沈斌,2017-06-14 10:51:34,-37,12,49,平面制作基础…怀疑他从来不备课 想上啥上啥 所有东西课上现做 上课没有内容 思维混乱 作业巨多 服气
52073,3054,沈斌,2019-03-26 05:58:36,-41,16,57,上课就听他不停的吐槽作业了。倒是教我们怎么做呀！！
52119,3054,沈斌,2017-06-15 02:43:10,-49,7,56,没讲过的知识点还来要求你知道，id讲了跟没讲一样，讲作业都是吐槽式不知适当夸奖，大家辛苦做作业期待着被真诚批改的好嘛。
52391,3054,沈斌,2017-06-19 12:43:29,-50,6,56,为什么要上这种课？？
55105,3054,沈斌,2017-07-01 00:18:50,-47,1,48,徐老师摄影技艺课的分好像是沈老师打的……
56196,3054,沈斌,2018-12-06 06:32:33,-44,11,55,sadiao一个，沈斌不走，传院就是三流……当然离开浙大估计他也没地方可去吧
56474,3054,沈斌,2017-07-04 01:17:45,-46,7,53,平面制作基础作业超级多，每两周一次作业，期末还要排版杂志，尽管如此给分还超级随意。上课不备课，钟爱句子迷。干货少，喜欢输出自己的设计价值观，审美就不说什么了。
58015,3054,沈斌,2017-07-23 02:18:48,-45,13,58,上了老师这学期的平面制作基础。别的课怎么样不清楚，客观地讲，这门课确实需要课外花很多时间。老师主要讲了CDR，也讲了一些ID。如果想做得好不停地百度少不了，最好也去找一些教学视频看一下。老师有个性，可能很多人都不喜欢。作为一个理学院的同学，学之前没有任何基础，连ID这些都没听过，一个学期的努力能够得到4.8真的很惊喜，毕竟会有工业设计之类的专业同学一起竞争。至少说明老师会看到你的努力。但平时比较忙的同学真的不建议这门课。
59054,3054,沈斌,2017-09-19 08:22:44,-44,5,49,一言难尽的体验
60313,3054,沈斌,2017-10-17 06:46:13,-43,4,47,呵呵。
60314,3054,沈斌,2019-03-26 05:58:42,-44,8,52,可惜了没有负分
61749,3054,沈斌,2017-11-20 14:22:53,-41,8,49,上课放屁，打分看天
64815,3054,沈斌,2019-03-26 05:56:45,-54,4,58,水平又低，上课又不认真，自我感觉还非常良好，给分的话……要靠刷脸，多吹吹他就高了
76347,3054,沈斌,2018-04-04 01:59:11,-41,6,47,让人相信这里是三本的水平…
77727,3054,沈斌,2018-05-07 12:01:17,-43,4,47,把camera raw念成corema r a w的老师一定不咋地
80802,3054,沈斌,2018-07-01 08:35:23,-46,2,48,真的凶老师，，，本来就是一个电脑小白，然后他课上的要求也都认真听，课下问他问题说要我自己解决，，，，等到快结束了我也没解决然后又去问他，他狠狠地批评我一顿说这些问题你怎么不早说?，，真的生气，都要气哭了，作业贼多还给分低，说80多分就算高的了，90+基本不可能，，，绩杀不解释
83463,3054,沈斌,2018-07-10 10:33:57,-44,3,47,对自己的作品很有自信，每次作业按时交，最后大作业花了不少钱，给分还不好，唯一的收获是课后自己的努力和课上做的其他作业
89740,3054,沈斌,2018-11-29 23:51:07,50,68,18,干货多，教了很多技术，听沈老师的课真的是一种享受。你们上课不听导致自己得分低不要在这里怪老师好吗？？？
90554,3054,沈斌,2018-11-24 04:05:40,52,74,22,感谢老师专业又耐心的指导，广告摄影课收获很多！最后97妥妥满绩~
90931,3054,沈斌,2018-11-27 15:56:37,48,66,18,对啊你们干嘛说老师啊，自己上课不认真技术不过关还怪老师了？给分也不差啊，反正我满绩了，给沈老师点赞！
91091,3054,沈斌,2018-12-18 10:24:56,50,64,14,好老师，负责，专业！
91337,3054,沈斌,2018-12-18 10:24:46,48,63,15,感谢沈老师给我满绩！！！沈老师是我的男神！
91432,3054,沈斌,2018-12-18 10:24:41,50,64,14,10分不解释，沈老师真的很耐心负责，讲解知识也深入浅出，不懂评论为什么戾气那么重？就因为给分差了？多找找自己的原因吧。沈男神是我大学遇到的最好的老师！！
91469,3054,沈斌,2019-11-13 02:02:26,47,63,16,我感觉周围好多人都满绩了，不知道沈老师以前是咋样的为什么被骂的这么惨，但现在绝对是传院一流的好老师，强推！
91499,3054,沈斌,2018-12-18 10:24:30,47,60,13,在这里骂老师的人都怎么了？我是看呆了，我都怀疑是不是同一个沈老师，有点良心行不行？
91536,3054,沈斌,2018-12-18 10:24:25,47,58,11,赞赞赞
91550,3054,沈斌,2019-11-13 05:37:58,43,59,16,只能说沈老师变了，现在给分特好，点赞！恶评删一删别误导学弟学妹！
91588,3054,沈斌,2018-12-18 10:23:40,44,57,13,之前没上过传媒学院的课，这次把广告摄影当个性，只能说这波不亏。沈老师非常耐心，对一个没有基础的工科生给予很多帮助，最后得分也出乎意料的好。强烈推荐给需要个性学分的朋友！感谢沈老师！
91589,3054,沈斌,2019-11-13 05:38:31,42,56,14,不多说，沈老师的课选到就是赚到
91596,3054,沈斌,2018-12-18 10:23:11,42,54,12,今天给老师发邮件询问课程作业的问题，没想到老师很快回复了，而且很耐心很和蔼啊！哪有评论说的那么凶？
91614,3054,沈斌,2018-12-18 10:22:52,42,55,13,沈老师迷妹报道！
91628,3054,沈斌,2019-11-13 05:38:50,42,55,13,看了评论战战兢兢地选课，一学期过去了，说真的，老师没你们说的那么不堪
91676,3054,沈斌,2019-11-16 15:43:06,39,49,10,梦到沈老师给我2.4，结果最后竟然是两倍——4.8！差一分满绩，还是很感谢沈老师！
91719,3054,沈斌,2018-12-18 16:34:23,31,40,9,审美这种东西因人而异吧，我觉得老师的审美观挺正常的啊，至少跟我比较接近，而且就算老师审美跟你不一样也没必要骂老师吧？
91748,3054,沈斌,2018-12-19 09:24:06,24,34,10,希望老师多开几节通识类摄影课，外专业的表示想蹭！!！
91749,3054,沈斌,2019-11-13 05:39:10,23,35,12,沈老师的课太棒了！让我有一种以后专门研究摄影的冲动，不知道能不能考沈老师的研究生
91839,3054,沈斌,2018-12-22 07:50:17,16,28,12,老师逻辑很清楚啊。。。上课底下多少人在干其他事的，自己漏听了很多重要的东西怪老师逻辑混乱？
93926,3054,沈斌,2019-01-14 10:25:31,-11,8,19,评论里那个戏多的广告16级同学，不点名了…、不知道你什么心态 分裂成好几个角色 一个人的独角戏，还每天坚持给自己点赞。真是闲得慌?沈老师给分确实一般（甚至于不是太好），但是广告摄影实践多，还是有长进的。
103335,3054,沈斌,2019-02-27 10:36:53,-9,2,11,～～～
104278,3054,沈斌,2019-03-15 14:55:24,-4,8,12,怕不是请了水军
104541,3054,沈斌,2019-03-26 05:54:18,8,14,6,为沈老师痴，为沈老师狂，为沈老师咣咣撞大墙
107718,3054,沈斌,2019-05-08 13:10:03,-4,9,13,无语......上了他的通识，感觉作业很多要求不提前讲清楚，等交了作业再来提这提那的
107908,3054,沈斌,2019-06-19 16:58:52,3,9,6,这舆论风向反转让人惊讶…不过有一次摄影技艺课问沈老师问题，他还真挺耐心的，讲的很仔细，也确实帮助我解决了问题，老师也在不断努力改进，希望各位在发表评论时理性一点，不用一上来就骂人
108596,3054,沈斌,2019-06-27 02:54:36,-4,8,12,难受，建议没有艺术基础的人别抱，因为里面都是dl，你累的一批的同时还给别人垫底，，绩点不好看
109012,3054,沈斌,2019-06-27 05:00:43,-5,5,10,平面设计基础，一个学设计的人创造了通识新低（作业全完整，最后两个作业还有大作业还被老师夸了，我？？？）
110464,3054,沈斌,2019-06-27 03:00:12,-4,5,9,。。。。。。无fuck说，想报平面制作的真的谨慎，事多分低。如果不是大佬只能被吊打。老师平时要求什么的都讲的很模糊，不知道他要什么样的，最后作业交了再按他的标准挑几个好的，谁猜的准谁厉害?
110475,3054,沈斌,2019-06-27 04:39:11,-4,7,11,感谢老师让本菜鸡强行自学了ps，ai，id，crd;做完了名片海报相册杂志。老师啊，你真的该好好讲讲这些软件技巧和你的迷之标准，毕竟这个是通识课，又不是只对艺术设计开的。绩点?一塌糊涂。
110480,3054,沈斌,2019-06-27 05:59:44,-4,7,11,创绩点新低，这门课事情真的多，老师上课评价居多，作为没有基础的人，课后需要付出大量时间，慎选，有兴趣真想学的可以选。\n\n老师人还是不错的，大概是自己太菜了。虽然个人感觉付出很多，但这个绩点真心.....
110520,3054,沈斌,2019-06-27 09:08:48,-8,2,10,老师真的不知道怎么打分的，基础不一样的同学，因为兴趣爱好来的，绩点这么低，真是醉了
110586,3054,沈斌,2019-06-27 14:13:47,7,11,4,上课以分析作品为主，也会讲一些软件的操作要领，个人觉得课后多练很重要，不过因为我对这个课程很感兴趣而且有美术基础，所以。。。做作业是一种享受? 每个作业大概要花五六个小时才能做得满意，建议时间多的同学选。老师是摄影专业的，平时可以在微信上请教。绩点嘛，我觉得海星，4.2。。。我在猜老师有没有给谁满绩的。。
110628,3054,沈斌,2019-06-27 19:07:15,-4,8,12,按老师审美打分的课 平面设计基本法则和课程似乎无关 跟老师说黄金比例 他竟然告诉我有没有人会去量? 呵呵
110804,3054,沈斌,2019-06-28 08:48:57,-1,6,7,我上的平面设计通识，觉得可以给6分。老师解答问题啥的很热心，不过真真真的事多分少。我一个2学分通识作业做的比专业课都认真，大作业天天肝到深夜，最后也就4.5...毕竟其他通识都水水过4.5/4.8的emm
110912,3054,沈斌,2019-06-28 13:56:20,-6,4,10,非设计专业慎选。每节课出勤，作业认真交，最后喜获大学新通识课最低绩点…姓名缩写不是没有道理的…
112093,3054,沈斌,2019-07-03 13:17:05,9,13,4,（通识课）就课程而言感觉还是符合它的名称的 老师讲了挺多作品中可以完善的点 我并不在意绩点所以10分
117570,3054,沈斌,2019-09-26 05:40:43,-5,5,10,我真是服了
118717,3054,沈斌,2019-11-13 04:21:16,-3,7,10,又请水军？？反正我没满?，只能说证明我审美正常吧: ）
118725,3054,沈斌,2019-10-31 07:46:20,-4,4,8,他在有理数集上讲课\n\n在无理数集上吹逼\n\n所以你永远也看不到sb讲课
119350,3054,沈斌,2019-11-12 08:01:35,0,11,11,老师请了好评水军 也太?❤️嘞  还是一如既往的烂哦
119429,3054,沈斌,2019-11-13 00:39:14,-2,8,10,啥也学不到，全靠自己摸索。给分还行，但老师完全不会教书。建议去师范学校进修一下再来上课！一整个下午＋晚上的课，不知道浪费了多少人的宝贵时间！
119460,3054,沈斌,2019-11-13 02:24:43,4,11,7,看了评论一开始以为是假的，直到我真拿了满绩……
119464,3054,沈斌,2019-11-13 02:39:57,-3,6,9,传院非广告专业，没有谁说的满绩，但是自我感觉为这门课付出了不少，老师就是按自己的偏好打分？？？而且有一说一，上课拖沓啥也没讲
119465,3054,沈斌,2019-11-13 02:41:49,5,10,5,感谢老师专业又耐心的指导，广告摄影课收获很多！最后95妥妥满绩~
119547,3054,沈斌,2019-11-13 11:51:53,-2,6,8,爆吐 请水军牛逼凹
119550,3054,沈斌,2019-11-13 12:15:24,-2,6,8,名如其人哈 恶心死?了
120221,3054,沈斌,2019-11-24 07:39:56,7,9,2,啧啧啧 评论里有些人自己不行就开始怪老师？
120222,3054,沈斌,2019-11-24 07:44:33,6,9,3,这课分高事少pljj多，果断十分
124057,3054,沈斌,2020-06-23 02:22:12,1,6,5,老师很好 不过我选的平面艺术设计基础是一门作业为王的课程，重点不在课堂，而在课下练习。如果没有其他基础，认真完成作业，3.9绩点没有问题。但如果想要更高分，就要花大力气，还要有一些艺术设计才能
171589,3054,沈斌,2023-03-29 13:52:40,14,16,2,沈斌老师，就冲您拖堂能拖二十五分钟，我直接给你妈两刀。
173787,3054,沈斌,2023-06-03 01:46:00,4,5,1,你妈了个臭傻逼，开什么傻逼通识课 看你那傻逼样子就想给你脸上来几脚
179394,3054,沈斌,2023-09-14 08:25:08,8,8,0,老师很关心学生，虽然发生交通事故后立刻离开，但在交警联系后立刻赶来陪同，虽然最后赔付费用的时候有点不果断，但在交警监督下还是赔了，整体来讲还是不错的，很有责任心。
184507,3054,沈斌,2023-12-21 06:47:13,3,3,0,上课不教技能只会指责学生敷衍😅评论区都是水军吗
195445,3054,沈斌,2024-06-28 05:32:23,5,5,0,NT！上课说作业5.0水平，转身给个4.2
198961,3054,沈斌,2024-09-13 11:24:19,8,8,0,不会讲课 令人讨厌
200066,3054,沈斌,2024-10-12 06:37:48,10,10,0,每次两三个小时的课程感觉学到了0个知识点 作业列的12345678实际上连自己作业想要什么都不知道 作业要求都说不清楚 还特别喜欢自己推翻自己  上次说10组就够了 下节课能让你马上返工做二十组的呀 新闻摄影以为是什么实践课其实让你来回换上课地点也还是放PPT和视频呀 学到0个摄影技巧 真的特别落地呀 换的教室位置不够让大家每次都挤在一起哦 对了还喜欢提前上课然后拖堂~特别敬业呀
200296,3054,沈斌,2024-10-15 13:07:08,8,8,0,sb老师可真是太sb了［大拇指］［大拇指］大拇指［］
201061,3054,沈斌,2024-11-20 06:28:15,12,14,2,恶心，上课花三分钟解释为什么“相机是男生的玩具”。\n\n转一条本院瑞评：我看你脑干像女人的玩具。
202572,3054,沈斌,2024-12-04 06:00:40,16,16,0,脑残恶心\n\n一边说用手机拍就行不用太多摄影技术一边嫌弃照片质量讲作业专门分析技术让人不知所云\n\n我只能说上他的课学到的唯一一点就是不要成为自以为是傲慢的人
203574,3054,沈斌,2024-11-20 05:32:00,8,8,0,求沈斌滚出传院教程\n\n《传院点评师》《说真心话》《上课不备课胡说》
203897,3054,沈斌,2024-11-22 01:15:30,-11,0,11,其实我觉得老师挺好的.......
203941,3054,沈斌,2024-11-22 06:29:48,-5,1,6,2024上的广告摄影 老师给分满绩！！不是水军 \n\n课堂上会比较多自由发挥的时间 多数都是去摄影棚拍照 定时交功课 不点名 最后期末作业做一本册纸 有趣且给分好！！！
205299,3054,沈斌,2024-12-04 05:57:24,3,4,1,完美没有审美能力，学广告摄影的干嘛来教新闻摄影
208097,3054,沈斌,2024-12-25 14:43:08,13,13,0,一整个长学期，对于作业的要求变了几百次，学习到关于摄影的实操技巧查询为0，整个课堂0人想听你的真心话，0人能分清你嘴里的“艾迪”到底是ID还是idea，0人能清楚明白的get到你嘴里每句话的真实含义，只能说人如其名
213666,3054,沈斌,2025-01-19 04:39:23,3,4,1,缺点：见前面几条差评\n\n优点：给分好
213678,3054,沈斌,2025-01-19 05:53:23,4,5,1,喜提3.3 @_@
213788,3054,沈斌,2025-01-20 01:37:55,0,1,1,没想到给分还挺好的
213794,3054,沈斌,2025-01-20 03:04:29,0,1,1,讲课很烂，给分意外地好
215036,3054,沈斌,2025-02-20 07:28:14,6,6,0,废话究竟有什么好讲的 没完没了了
216809,3054,沈斌,2025-03-26 03:46:37,10,10,0,新闻摄影真的讲得非常非常不好，无法相信这种课居然是专业核心课程，对作业的要求几乎每节课都不同且要求都非常之抽象不具体，但对作业的要求又很莫名的高，老师有自己的一套抽象标准，上了课之后对摄影技术的帮助为0。
4138,3235,沈建平,2015-06-18 01:57:02,1,3,2,知识的增长这在这！
28069,3235,沈建平,2016-06-28 08:03:52,4,6,2,以研究生的教学方式教本科生，到底是创新还是乱来？这一学期有收获，却总觉得有些人水了一学期。
30126,3235,沈建平,2016-07-01 03:16:15,1,1,0,可以水一学期，但是，好好听真的会收获很多！后悔自己水了一学期啊
30299,3235,沈建平,2016-07-01 08:18:47,1,1,0,自己不够努力\n\n
30838,3235,沈建平,2016-07-02 15:43:32,1,3,2,不适应他的上课方式，要展示的书目偏难，自己读起来比较困难。如果老师能在之前稍微做点导读就好了。\n\n另外，均绩不是4.2吗，我的分数简直是大学以来最低分:)
31157,3235,沈建平,2016-07-03 09:53:10,1,2,1,是这学期最讨厌的课。西方人文名著，为什么要读这样的书目？对我来说，实在很小众，难度很大。
31490,3235,沈建平,2016-07-04 03:25:50,1,1,0,有道理 反正没认真 没给挂就得跪谢了
25858,3252,范昀,2017-01-31 01:40:23,58,59,1,老师是有潜力的人文学者
28056,3252,范昀,2016-06-28 08:06:04,32,33,1,可以把理论的东西讲得很生动，感觉得到老师自己读了很多书也很有自己的想法。上课的时候垂着手超级萌哒。人性图书馆一枚，推荐了很多有趣的书。
56342,3252,范昀,2017-07-20 02:38:43,16,16,0,很有收获！
58767,3252,范昀,2017-09-17 03:44:05,23,23,0,因为范老师是一个很负责很认真的老师，每次上次听到干货满满的内容真的很享受很幸福，更有一种能激励自己好好学习的动力。
61647,3252,范昀,2017-11-19 15:02:01,14,14,0,老师非常儒雅和渊博，认真学会有不少收获！
61654,3252,范昀,2017-11-19 16:58:32,9,10,1,老师很博学很儒雅！
61661,3252,范昀,2017-11-20 02:25:28,24,24,0,西方美学史真的是一门干货超多的课，老师学识渊博却不卖弄也不掉书袋，课程讲解简单易懂，并且推荐的书目很不错！
63286,3252,范昀,2017-11-30 05:16:39,22,22,0,给我男神打 call，十分不能再少了
63300,3252,范昀,2017-11-30 07:50:13,7,8,1,老师人很好呀 上课非常儒雅 有时候也很幽默 肥肠能理解学生的想法 （感觉自己写的读书报告有很多错误....但是老师心胸博大 给分不错～
64898,3252,范昀,2017-12-28 01:24:38,12,15,3,老师很随和讲课也蛮有趣，认真听的话收获会不错的。西方美学史一篇3000字论文（或读书报告）期末开卷考（学校要求的，感觉他也不是很愿意让我们考试的样子？），上课从来不点到，给分很棒～
73737,3252,范昀,2018-02-03 04:55:32,10,10,0,男神男神。有人文情怀，有广阔视野，有丰富学识，也不像老师的老师有点自恋，对学生超好！
75292,3252,范昀,2018-03-08 15:55:09,6,6,0,男神男神男神，外柔内刚，对学生以鼓励为主，对学术有着很高的评判标准，很有原则，人品超好！！！
76171,3252,范昀,2018-03-28 08:17:56,13,13,0,想打100分，听了老师的西方美学史和文学批评了，知识特别丰富都在肚子里，对学生的提问很耐心。上课节奏也很棒。
77203,3252,范昀,2018-05-03 15:47:17,4,6,2,老师真的太太太太棒了……随手选的文学批评理论emmm。作为误入中文系大三专业课的传媒学子。。刚开始听课觉得自己是文盲……课上提到的名人。。几乎一个都没听说过的体验。。真的很伤自尊啊【【但是老师讲得超棒的完全不会晦涩。。继叶晔男神后又一次被实力圈粉emmm以及本来我觉得我这种。几百年没看过书的人。。期末考应该会接近挂科的边缘了emmmm结果刷出还有4.5简直感动到哭……于是鸡冻地来感恩一下老师了??
97790,3252,范昀,2019-01-22 16:13:29,3,3,0,范昀男神真的真的是我上大学以来第一个佩服的五体投地的老师，上课课外阅读材料真的信手拈来，超级超级有魅力！真的是一个人文学者应该有的感觉了！真的真的真的被迷倒，我太喜欢他了！给分不好我也爱他更何况给分还好！
98107,3252,范昀,2019-01-23 05:24:52,5,5,0,本来对美学这种看起来很玄的学科没有多少兴趣的，但是听了老师的课有了很多感悟。上课不仅上美学，还会讲很多历史和哲学\n\n很有风度的老师，很儒雅，是心目中中文学者应有的样子了，不像某些老师炫耀自己多么多么牛逼，真的的内涵和素养是不需要吹的好不好\n\n考试难度也不大，给分很好\n\n反正就是强推强推强推！
98209,3252,范昀,2019-01-23 07:45:08,7,7,0,对于范昀老师，真的没有溢美之词可言\n\n儒雅 博学 关心学生，所谓大学者有大师之谓也说的就是这样的老师吧！老师内心很宁静，从不吹嘘自己，却在言谈举止中露出才子之气～上了一个学期西方美学史，本来根本不知道什么是美学，一下子学到了很多，甚至可以改变自己思考方式。收获很大！给分不错！男神老师超级帅！\n\n
102708,3252,范昀,2019-02-21 14:47:47,12,12,0,作为哲学学生来答一下。虽然美学可以被属于哲学范畴，但范老师的课堂基本把文史哲都打通了。个人觉得比很多哲学的专业课要有意思很多。大一的时候和一个老师聊天，说要是能在大学里听到一门让自己拍案的课这四年也不算白过。转眼快要大四了，范老师的西方美学史是最让我心动的课堂和我在港最怀念的记忆之一。虽然自己可能不做学术，但还是想成为像范老师一样博闻谦和的人。
104311,3252,范昀,2019-03-17 15:28:59,9,9,0,范老师真的是我在浙大最美好的际遇。
105992,3252,范昀,2019-04-24 05:10:28,3,3,0,能选到范老师的课真是最大的幸运
108880,3252,范昀,2019-06-03 14:06:23,3,3,0,非常儒雅温和的老师，知识也很渊博，真的很难用语言形容的好
109114,3252,范昀,2019-06-08 14:47:39,4,5,1,老师会收起自己的光，对学生循循善诱。听他的课除了有收获，还是一种享受
121090,3252,范昀,2020-01-19 14:15:40,3,3,0,男神我真的好爱你 对美学一窍不通但是太喜欢男神讲课了很有意思很受益
123564,3252,范昀,2020-06-10 04:23:50,2,2,0,嘤 给男神打call 上了绝对不亏
124896,3252,范昀,2020-07-16 04:15:34,3,3,0,老师真的很好！！于是我就走入了深造美学的道路，希望未来能跟着老师一直学习下去哇
143156,3252,范昀,2021-11-20 07:35:10,0,0,0,给认真负责的范昀老师10分，但是还是想不太明白为什么自己的分数不太高
144046,3252,范昀,2021-12-17 01:19:52,24,24,0,范昀老师曾是我的硕导，用我毕业论文致谢里面的一段话来形容，常让人有如沐春风之感。虽然自己学识浅薄，但老师从没表现出一点嫌厌，往往都是认真倾听，给出建议。论文选题也是一步步帮我推敲，最后找到了光亮的出口。以至于我已经毕业一年多，每每遇到生活困境之时，虽不敢叨扰老师，但来看看这些评价，总能找到继续前行的力量。想念。
144333,3252,范昀,2021-12-21 06:03:01,0,0,0,我爱他
144412,3252,范昀,2021-12-21 11:24:37,0,0,0,...
145626,3252,范昀,2021-12-30 18:09:04,2,2,0,大二秋冬最爱的老师，在讲台上温温柔柔的讲学术实在是太爱了！
151675,3252,范昀,2022-03-11 09:38:28,4,4,0,传媒学院人最帅，最可爱，学识最渊博，上课最生动的老师，怎么夸都不为过
155975,3252,范昀,2022-06-17 02:43:02,2,2,0,范老师是一个温润如玉的君子；他的美学课本身就像一个艺术品，在他温柔而深邃的语句中，让人感受到极致的大美的享受！
156150,3252,范昀,2022-06-18 03:21:07,13,13,0,西方美学导论：老师讲得很好 知识很渊博 但是期末闭卷考 理科生现在背得很痛苦
158896,3252,范昀,2022-07-03 05:00:38,2,2,0,讲课、给分超好！就是理工科同学要背书……
159179,3252,范昀,2022-07-07 10:11:45,0,0,0,西方美学史，很不一样的美育课，老师的讲课娓娓道来，富有哲学气质。一篇论文/读书报告和期末考，课程内容轻松有趣，绩点可观。
159931,3252,范昀,2022-09-09 07:05:42,2,4,2,修的西方美学导论当作个性，老师人真的很好，感觉是启发式教学，会引出很多内容让大家课后去拓展，一学期上完对美学产生了很大的兴趣。期末考试闭卷但会提前给复习提纲，内容不算少我也没背得很熟，考试凭借平时上课的记忆胡编乱造了点，没想到最后满了。
161305,3252,范昀,2022-11-04 03:12:08,2,2,0,真的讲得很好！很有风度，虽然内容都很偏理论，但是老师会找很有意思的视角去讲～
175307,3252,范昀,2023-06-23 13:20:12,0,0,0,极好，娓娓道来耐人寻味。
176724,3252,范昀,2023-06-30 01:37:55,0,0,0,很有风度的好老师
176726,3252,范昀,2023-06-30 01:48:45,0,3,3,老师人温文尔雅，很有风度，课也讲得很好，我一个工科生听了都很有兴趣。但西方美学导论这课，我作为一个粗人哪里冒犯到您了吗？我是不小心暴露了哪些令人厌恶的特征了吗？至于给个2.7吗？考试带了两本资料，确实没像您建议的那样打印ppt，因为想着通识没那么重要，想少花几块钱，然后被爆杀到这种程度，至于吗？是一门非常好的课，但我建议理工科的同学有兴趣的话看智云，别报。
177036,3252,范昀,2023-07-01 08:14:59,12,15,3,客观评价：老师是好人，但是考试还是老老实实照着ppt抄吧，千万别不舍得几十块钱打印ppt，基本上是一模一样都有。\n\n主观想法：咱就是说导论这门课，既然是一门通识选修课，能不能以主干知识为考点，别抓着您上课只提过一两嘴的细节。我只带了老师的教材《西方美学史》，但是考到的题目是极其细节的“这句话是谁说的”“这幅画是谁画的”（就连这幅画都没打印清楚还是发了一张纸百来人挨个传阅，甚至还没传到我这里）翻译题根本不是考翻译，因为打了ppt的直接抄原文和原作者，没打ppt的自己是压根翻译不出来的。最后一个50分大题极为宏大，“请结合你的美学实践和理论阐述当今美学话语消退的原因”。就是说有没有可能不是所有人都有美学实践和理论的，那不还是照着您教我的那些知识点答吗，如果说理工科生就是没资格选这门课，或者说这门课的考试不考你这学期学了怎么样，只考你有没有打印老师的ppt，那大可以早早说出来。我不反对考ppt原内容，可是我反对考的东西只有ppt的犄角旮旯有，而认真上过课对主干知识大概都有印象的人考不出来。就这样吧，老师上课真的引人入胜，但是考试也是真的对着ppt抄，不敢说学的多认真，但是作为一个研究自然哲学的学生也获得了很多思考。
177253,3252,范昀,2023-07-02 12:02:19,2,5,3,西方美学导论，老师学识渊博，旁征博引的能力很强，发邮件问的问题也会及时回复，一学期开卷考+一篇论文+一次点名。最后的考试50分的论述题是提前给出可以自行准备的，另外的50分内容主要都在ppt上，基本上都能翻到（没印的同学确实吃大亏）。考试认真准备，猛抄两个小时，绩点还是能好看的。但是貌似老师不太会给分？刚好被卡and看到有些人3.几的，作为通识课还是低了点...
177714,3252,范昀,2023-07-04 11:40:41,3,4,1,最后一节课口头点了全班人的名字 说是想要认识一下大家\n\n老师知道的真的太多了 温文尔雅的学者\n\n给分也还不错 4.2已经满足了
178501,3252,范昀,2023-07-12 16:39:41,7,10,3,老师讲得非常好，真的非常好！\n\n但是，期末考试和给分真的对我一个理工科的学生非常不友好。我每节课都认真听讲并记了一些笔记，期末最后考试的时候想着过一遍ppt，挑一些重点的ppt打印就行了。但老师出的考题真的很令人迷惑，基本都是一些零碎的，很细节的考点。并且最后一道50分的大体真的让我无从下手。。。也许是我的功底太差了。作为一门认真学习了的通识课，给个82分真的很令我伤心。。。尤其是看到有些人一节课没听，仍然拿到了4.2的绩点
182617,3252,范昀,2023-11-18 10:37:30,1,1,0,谢谢老师 我爱范昀
182619,3252,范昀,2023-11-18 11:51:21,0,1,1,讲课不错，学识渊博，但绩杀。。（欲哭无泪）
182718,3252,范昀,2023-11-22 11:55:17,1,1,0,老师学识渊博
182918,3252,范昀,2023-11-21 05:50:46,7,7,0,我真的超爱 大学目前遇到的最喜欢的老师
183767,3252,范昀,2023-11-30 00:44:15,0,0,0,很好的老师
185136,3252,范昀,2023-12-26 13:39:25,12,13,1,西方美学导论，遇到了本科四年最喜欢的老师！
194584,3252,范昀,2024-06-24 12:35:47,6,7,1,范老师人特别特别特别好...因为个人有升学相关的考试安排要去外地考，刚好和期末考试的时间冲突了，非常担心只能申请缓考。但告诉老师我的情况之后，范老师非常非常体谅，很快就帮我协调好了期末考试的时间。令人感动。\n\n我是跨校区上的美育课程，整一学期都因为升学的事情非常非常焦虑，但是每周一节的西方美学导论课程是固定的精神疗愈，让我短暂逃出本专业的围城，以接近美的诠释。范老师对美学、哲学相关的内容学识丰富，深入浅出，有深度有内容，令人如沐春风，非常推荐大家选修这门课程。（偶尔还穿插对足球的理解...？看起来老师也是位球迷）\n\n在出分之前给老师评一个分，希望老师生活愉快。
196181,3252,范昀,2024-07-02 04:51:13,2,2,0,课讲的生动有趣，但是给分不行，想要高绩点的还是别选
196196,3252,范昀,2024-07-02 06:51:10,1,3,2,老师很儒雅，笨人理科生听课觉得还是挺有收获的，但最后成绩很不行（3.6），可能是因为中期论文写的太烂了qwq
198593,3252,范昀,2024-09-10 06:17:25,-3,1,4,最喜欢的老师，上课有趣。期中论文，期末闭卷，提前给了资料复习，认真背一背喜提4.8
202220,3252,范昀,2024-11-11 02:12:21,-3,1,4,特别特别好的老师，“现在的大学生都太忙了，但只有闲下来才能深度思考”，能感受到范老在尽力让我们闲一点，爱了。传播思想史平时偶尔点名除此外毫无压力，期末一篇读书报告，期末开卷考试，认真做下来4.8，已经很满足了！
202362,3252,范昀,2024-11-12 05:25:14,3,7,4,还好啦\n\n会讲一些有意思的东西\n\n考试也不难啦\n\n作业用文心一言写的哈哈哈哈\n\n最后4.8，可以啦
202772,3252,范昀,2024-11-14 09:09:25,-64,2,66,被卡绩了。老师很好，但是我也没做错什么吧？？论文按照要求认真写，期末考试也没出大问题，平时也没什么问题？？？我请问呢？？？就4.5了？？
215377,3252,范昀,2025-02-25 13:08:00,6,6,0,这个课真是太好了，行云流水高屋建瓴，信息密度高的同时你的接受又是那么轻易自然而然。老师在通晓美学的同时，对思想史、哲学史的掌握也非常到家，听起来简直是一种享受。
218817,3252,范昀,2025-05-06 15:01:01,2,2,0,就冲着范老师讲课的大师风范，值得十分！
221623,3252,范昀,2025-06-25 04:00:24,1,1,0,老师人特别特别好，上课讲的很多东西都很有意思。一开始的时候老师说过给分可能不会特别好，但最后出分之后真的超级远超预期！10分推荐的好老师！10分推荐的好课！
4135,3360,王瑜琨,2015-06-18 01:54:17,2,2,0,老师说的每一句话都很玄！
16994,3524,黄桑若,2016-01-19 11:48:50,59,91,32,超级漂酿的美女老师（漂亮是关键哈）上课特欢型，国内国外娱乐圈都能谈的来，批改作业超认真，我没选上她的课，一学期翘了好几节军理来听，希望我军理老师不要看到～
17059,3524,黄桑若,2016-01-19 14:04:49,27,44,17,漂亮又有思想，放很多有意思的广告，都是平时看不到的，作业有3次，专门给非常详细的要求，形式很新颖，就像国外课堂的作业，非常注重思考。反正很喜欢她~
19028,3524,黄桑若,2016-01-23 05:36:26,16,28,12,超漂亮人也超好！给她发邮件问问题回复特别认真而且语气萌萌哒特别可爱就像同龄人一样！
19132,3524,黄桑若,2016-01-23 10:15:00,9,17,8,超好超漂酿的老师，问题的解答都特别详细耐心，看好多有意思的广告，超爱她！就是作业有点多但是这都不是问题！！！
19186,3524,黄桑若,2016-01-23 12:10:57,7,12,5,老师上课很好。
19239,3524,黄桑若,2016-01-23 15:36:13,2,7,5,真的超级喜欢桑若姐姐哒～给分超级好。每节课都会给我们看国内外最新的广告，上课干货很多。作业多算什么，学完以后感觉自己真的得到很多东西，受益匪浅。
19298,3524,黄桑若,2016-01-23 23:54:43,1,4,3,专业。负责。新颖。可以学到很多东西。\n\n
19307,3524,黄桑若,2016-01-24 00:44:11,8,18,10,作业要求有点奇葩形式也太新颖了，说论文不像论文的，做起来很麻烦，但是给分超级好！！！满绩一堆！上课可以看到很多优秀的广告作品，大开眼界！
20345,3524,黄桑若,2016-01-27 05:40:59,15,30,15,别人家的签到都是扣分的！桑若的签到都是加分的！俺修个性学分的，上课真的很有趣，每节课都去认真听（痴汉脸），无视正态的满绩课啊啊啊！特推！
21220,3524,黄桑若,2016-02-26 11:22:46,9,15,6,工信狗来看女神～
21284,3524,黄桑若,2016-02-28 03:08:18,2,5,3,课堂有趣！关键是老师也很漂亮啊！给分也很好！
21423,3524,黄桑若,2016-02-29 00:08:15,2,6,4,最认真的老师吧。\n\n
22194,3524,黄桑若,2016-03-03 02:04:58,2,7,5,人很nice很温柔 重点是每次发邮件都超认真的回复 感觉超耐心的 作业布置得很认真 上课看很多有意思的广告 给分超级棒！女神！
25793,3524,黄桑若,2016-06-08 11:12:01,0,5,5,大学最喜欢的老师没有之一，读广告很大一部分原因是因为桑若。上课真的超级棒，而且作业什么的虽然比有才多，但收获真的很大。发邮件问事情什么的，桑若都会回复好长一篇，感动哭。一定要选！！！
26051,3524,黄桑若,2017-12-15 04:24:03,7,11,4,女神！！！因为她读了广告。
26099,3524,黄桑若,2016-06-15 16:41:32,1,4,3,颜好分高
26355,3524,黄桑若,2016-06-17 05:16:04,2,9,7,简直是最美的女神，满绩啊o(>﹏<)o上课很有趣，超级好听，也能学到很多，老师精通国内外知识，英语好，而且娱乐也能谈起来，超级接地气，完全就是姐姐L(^o^)」以前在美国做过公关，太漂亮啊o(>﹏<)o
31630,3524,黄桑若,2016-07-04 09:45:35,0,3,3,好好好！
34190,3524,黄桑若,2019-04-05 00:31:12,-58,20,78,听着课，心里想，她一定是靠颜值进来的吧!
36282,3524,黄桑若,2016-11-11 13:18:59,1,5,4,好好看啊啊啊每次看到都忍不住想拿起手机拍她那种…………而且课也真的很棒很棒的，会放很多平常看不到的外国的广告，很有意思，三观很正。虽然最后没选广告，可她依旧是我女神www
40232,3524,黄桑若,2016-12-30 10:25:41,-11,6,17,手动筛掉非传媒学生还不说一声。影响选课????
40593,3524,黄桑若,2017-01-04 08:06:49,3,5,2,说黄老师刷人的同学不要误导大家\n\n你可能是没搞清楚学校的补选制度，最终补选成不成功是看教务处批的。黄老师当时给大家都签的好吧，是教务处刷掉的。\n\n相信你不是恶意的，但是事情要先搞清楚才能评论。
46107,3524,黄桑若,2017-01-20 15:17:49,2,3,1,广告超级好看，作业很特别可以学到很多，老师人真的炒鸡好～
46163,3524,黄桑若,2017-04-12 11:17:48,-13,9,22,真差劲
46164,3524,黄桑若,2017-01-21 00:12:35,1,3,2,上课能看到很多有趣的广告！老师也很注重课堂知识在作业中的体现，批大作业超级认真。虽然最后分只是过得去。。。但我还是很感谢老师啊。
46188,3524,黄桑若,2017-01-21 01:26:22,8,11,3,漂酿的女老师，给我满绩~\n\n
46191,3524,黄桑若,2017-03-10 05:23:41,1,6,5,我希望每天都能上到她的课
46200,3524,黄桑若,2017-01-21 02:12:14,12,27,15,作业太多啦，给分也不靠谱
46206,3524,黄桑若,2017-01-21 02:20:06,0,5,5,给分一般\n\n
46226,3524,黄桑若,2017-01-21 03:57:12,2,4,2,老师人很好 其实这个课还真的有点看自己有没有想法 有想法老师就会给高分
47724,3524,黄桑若,2017-02-21 17:50:06,0,2,2,老师真的太可爱了～～漂亮～～～和她邮件互通也是令人非常愉快～～重要的是给分特别好
47809,3524,黄桑若,2017-02-25 10:43:41,2,12,10,terrible
47817,3524,黄桑若,2017-02-25 17:33:43,6,10,4,觉得这次的打分好像普遍偏低
47934,3524,黄桑若,2017-02-27 10:59:05,0,2,2,很漂亮很温柔 讲话声音有点轻 想仔细听的话要坐前面些 作业确实蛮多的 但是有兴趣就好 认真完成 分数就高
49402,3524,黄桑若,2017-04-10 08:59:15,1,13,12,上上现广这种课就好了， 不要上研究方法这些专业课祸害人了，全程尬笑
50632,3524,黄桑若,2017-05-04 02:53:41,-2,2,4,。。。
50774,3524,黄桑若,2017-05-05 06:25:35,1,3,2,现代广告学，更多地像入门引导，整体来说还可以吧。
51903,3524,黄桑若,2017-06-13 09:49:19,0,1,1,。。。
66485,3524,黄桑若,2018-01-17 03:33:07,1,4,3,老师超级可爱，上课会放好玩的广告(๑•̀ω•́๑)还会发好多666666的表情
71924,3524,黄桑若,2018-01-29 05:49:20,0,0,0,墙裂推荐！课程轻松有趣！老师女神！
71944,3524,黄桑若,2018-01-29 06:53:46,-2,4,6,慎选
71979,3524,黄桑若,2018-01-29 07:16:59,1,3,2,唯一一门自己不愿意缺课一次的！\n\n桑若女神又美又有趣！\n\n作业虽然并不容易但是能让你学到东西，从此以后看广告都不一样了。\n\n满分满分满分！
72142,3524,黄桑若,2018-01-29 12:30:18,0,0,0,老师太美太可爱了呜呜！！！超喜欢！课好玩给分也高，作业虽然有点花时间但是也能从中学到很多！
72178,3524,黄桑若,2018-01-29 13:57:44,0,1,1,满分  可爱善良美丽的仙女本仙呀  绝对忘不了她  给她满分！
72229,3524,黄桑若,2018-01-29 14:58:38,0,0,0,老师很棒!!!谢谢老师
73126,3524,黄桑若,2018-02-01 03:14:59,0,0,0,nice
76350,3524,黄桑若,2018-04-04 03:32:49,0,0,0,人美，课有料！\n\n在她的带领下，我接触到了真的学术。感恩～
85345,3524,黄桑若,2018-07-17 06:34:22,1,1,0,老师超级好看有气质，每节课会分享有意思的广告，超有趣，感觉自己审美水平也有跟着提高。三次作业会有点多，但是给分挺良心的
88585,3524,黄桑若,2018-11-02 04:58:19,0,0,0,很好的老师
88708,3524,黄桑若,2018-11-06 06:48:22,1,1,0,对于广告有自己的思考和态度，对待学术很认真，像作业里的引用格式这些要求会很严格，觉得做她布置的作业是真的能有所收获的。
88961,3524,黄桑若,2018-11-12 21:22:24,1,1,0,老师真好看啊啊啊啊啊\n\n人也炒鸡nice\n\n
90648,3524,黄桑若,2018-11-24 17:01:00,1,2,1,桑若oni么么哒~
90765,3524,黄桑若,2018-11-26 01:42:32,1,3,2,我是桑若后援会空瓶组组长
94630,3524,黄桑若,2019-01-17 12:54:58,3,4,1,老师会认真的回复每一封邮件，加了微信之后就算很晚了也会回复相关的问题。不管是生活上还是学习上，因为桑若学了广告，也希望能够¥ㄟ(´･ᴗ･`)ノ$暴富
95256,3524,黄桑若,2019-01-19 05:56:19,0,1,1,对于专业素养不高的同学来说，三分大作业可是太难了，上课水水的
95642,3524,黄桑若,2019-01-19 17:20:53,3,4,1,女神老师！人很逗经常在群里发表情包什么的，上课氛围也超轻松哒~\n\n确实作业蛮多的但是我都认真做啦，出分前保佑一下！！！
102075,3524,黄桑若,2019-01-30 10:28:27,1,1,0,现代广告学。因为不考试，所以上课看起来有点水，但写三个大作业时都需要运用课上讲的知识。好好听课，女神会放有意思的广告实例和满满的干货。最后高调表白桑若女神和助教姝雅仙女！
102077,3524,黄桑若,2019-01-30 10:35:15,1,1,0,吹爆人美心善的桑若姐姐！！！平时会给我们看各种超有趣的广告，认真听课干货很多，也很认真的完成了三个大作业，很感动拿到了满绩呜呜呜
102078,3524,黄桑若,2019-01-30 10:40:46,0,0,0,长得真的很漂酿而且也很可爱，感觉是这学期上过的所有课里面，跟学生互动最多的老师。没有期末考试只有三个大作业，虽然自己的专业素养不够，但也费了很多心思完成了。最后绩点4.2，已经很满足了。助教姐姐也很可爱，两个仙女都很认真爱泥萌(第一次评论这么多字，辛苦啦桑若姐姐助教姐姐！！)
102079,3524,黄桑若,2019-01-30 10:45:02,1,1,0,作业很多，要求复杂，但是给分是真心好，认真完成作业也会有很大的收获和学习。
102082,3524,黄桑若,2019-01-30 10:56:32,0,0,0,女神老师
102083,3524,黄桑若,2019-01-30 10:58:48,1,1,0,黄桑若我爱你！
102086,3524,黄桑若,2019-01-30 11:02:15,1,4,3,啊啊啊啊啊啊啊啊，人生第一门满绩啊～是真的爱了，虽然作业有点多，特别是最后一门大作业又跟考试周撞上，但是真的强迫自己学到了老师上课讲的学会进程管理～越努力，越优秀！
102087,3524,黄桑若,2019-01-30 11:12:23,1,2,1,老师超级漂亮！上课也很有意思，虽然三个大作业有点难写，但是谢谢老师让我拿到了第一个满绩！！！
102115,3524,黄桑若,2019-01-30 13:58:40,9,12,3,老师太棒啦！虽然作业是真的好难 但是认真做分数不会低的！感谢女神给我满绩！！
102382,3524,黄桑若,2019-02-01 10:25:15,0,0,0,还八错
103214,3524,黄桑若,2019-02-27 01:40:15,1,1,0,所有专业课中上的最舒服的一门 老师人很好 上课很有意思 学到的也很多
103469,3524,黄桑若,2019-02-28 09:20:03,1,2,1,满? 开心??
109280,3524,黄桑若,2019-06-12 17:21:47,-9,3,12,大家哪里有舒服的感觉？ 我就经常有肚子疼和头疼。舒服的意思改变？美丽老师同意，其他... 真的假的啊？？？？？？ 分数soso
120753,3524,黄桑若,2020-01-16 10:20:50,4,5,1,老师上课会放很多好看的广告 两个大作业认真做也很有意义 最最最关键的是 老师人真的超好 当时去参加表演向老师请假 老师还跟我说我加油 感动到哭 还记得有次上课之前老师说她认识的一个很开朗的同事因为抑郁症去世了 老师当时真的哭的很伤心 心疼 最后一节课老师也给了我们惊喜哈哈 作为非本专业学生选上老师的课真是幸运
121985,3524,黄桑若,2020-01-28 06:56:05,0,0,0,漂亮，有内涵，给分大方
125640,3524,黄桑若,2020-09-12 13:54:48,1,4,3,明明我就是传院学生，上课次次到，作业也很认真，结果绩点一查，3.6，贡献了我专业课绩点最低，绝了，当时我还怀疑我是否适合学广告呢！我也是不知道老师的评分标准，但是恶竞必然存在，老师人还是不错的，就是给我的分令我很迷惑
132621,3524,黄桑若,2021-02-03 01:34:29,0,2,2,现代广告学，差不多是入门的课程，但是笔记一直做下来也是干货非常多的！\n\n每节课上都会有好康的广告~课后有两个大作业都非常有意义，学到很多东西。课后去问桑若姐姐也会很耐心地回复，也能和我们打成一片~\n\n给分太好了，4.8 5.0非常多，srjjyyds！
133101,3524,黄桑若,2021-02-08 06:42:30,0,1,1,交作业送爱奇艺会员 开心到Gucci！
133207,3524,黄桑若,2021-02-17 13:56:07,0,0,0,给分真的好！
133320,3524,黄桑若,2021-02-25 10:42:19,3,3,0,难得课堂能兼具带来干货和快乐的老师
141407,3524,黄桑若,2021-10-06 23:32:17,-1,0,1,被桑若姐姐骗进广告，只能说现代广告学是一门大好课！
143011,3524,黄桑若,2021-11-18 07:29:54,1,1,0,教学还可以会放有趣的影片，但几乎每堂课都有小测，都是需要深度思考的题目但答题只限十五分钟，作业也复杂，嗯别的不知道，暂时给我这个大一新生的感受是上她的课压力山大。
143012,3524,黄桑若,2021-11-18 07:29:53,0,3,3,教学还可以会放有趣的影片，但几乎每堂课都有小测，都是需要深度思考的题目但答题只限十五分钟，作业也复杂，嗯别的不知道，暂时给我这个大一新生的感受是上她的课压力山大。
144083,3524,黄桑若,2021-12-17 09:48:02,-1,0,1,老师的课干货多多 太喜欢老师啦！上课也会放很多有意思的创意广告赏析
144316,3524,黄桑若,2021-12-21 05:45:28,-1,0,1,美女姐姐嘿嘿🤤🤤🤤美女姐姐🤤🤤🤤嘿嘿。
149654,3524,黄桑若,2022-01-16 09:30:01,-1,0,1,老师人美，超好的~ 只要认真对待作业，满绩不是问题~ 助教xjj和xgg也很好，也从课程中学到很多，总的来说，很赞的课!
150390,3524,黄桑若,2022-01-24 05:10:02,-1,2,3,我爱桑若一万年
160390,3524,黄桑若,2022-09-21 06:22:38,1,4,3,给分差，事情多，总是点名
160810,3524,黄桑若,2022-10-13 07:55:51,0,1,1,桑若姐姐我女神！美女对于学术超级严谨，一定要好好上课好好对待论文和作业，不然真的会被怼很惨～
164462,3524,黄桑若,2022-12-21 06:13:24,3,4,1,事情真的很多。给分也好低 同一门课均绩是所有老师里最低的
169819,3524,黄桑若,2023-02-28 04:38:16,3,4,1,给分不太好。因为老师很温柔很漂亮 所以打好评的很多 可是大家可以看到这个老师的均绩并不高 有这么多满绩的 也有很多被绩杀的，希望大家谨慎吧
171247,3524,黄桑若,2023-03-20 05:18:36,23,30,7,答辩老师 答辩课程 事情嘎嘎多 绩点嘎嘎低 有期末考试 不定时小测 实践课事巨多
171578,3524,黄桑若,2023-03-29 07:14:38,22,25,3,事真多，无语
171718,3524,黄桑若,2023-04-03 04:22:08,14,17,3,对上课没意见\n\n但是真的好多事好多作业\n\n经常quiz\n\n不是专业课必修旧憋选了吧😭
172079,3524,黄桑若,2023-04-19 02:47:35,14,16,2,概论课程，作业留专业技能课，一点技术没学，要求嘎嘎高，还天天小测 视听传播卷疯了，策略传播的也疯了！
172693,3524,黄桑若,2023-05-25 05:22:36,1,3,2,事情很多，给分对我来说还行，一步步走下来给分还行
172743,3524,黄桑若,2023-05-08 11:07:23,10,12,2,真的疯了。一门3学分的课事情多的我以为我在修30学分的课。终于结束了呵呵。。
173297,3524,黄桑若,2023-05-18 05:34:17,3,3,0,社科研究，老师上课我觉得一般（意思是没有特别特别好），作业给分完全看老师对选题感兴趣程度，明明两个小组差不多工作量，给分天上地下（）教学班之间考核方式还不一样，可惜这课是预置（以后就算是预置也要退
173329,3524,黄桑若,2023-05-19 07:28:11,3,3,0,社科研所获很多，理论和实操都学到了，老师也很亲切，但老师给分相对于平行班要低很多，在意绩点的同学们慎选
173450,3524,黄桑若,2023-05-25 01:33:41,6,7,1,老师人很好，也很专业。虽然是专业的基础课但也是挺有收获的。但是但是课程压力真的很大（当然加上期末考也不能完全怪老师，有学校压力在）但是真的很多事情，很累。一个短学期要做一个长学期的任务。给分有正态，比较卷，但是总体来说一份努力一份收获（这里的一份努力是你和其他人比较而言的努力），作为船院er还是好好学吧，其他专业的千万别跨专业选这个，千万别 ！！！！
173454,3524,黄桑若,2023-05-25 03:21:11,6,6,0,额平时事情那么多努力完成了给分也就这么点。又有小组大作业又有论文又有考试\n\n呵呵哒
176619,3524,黄桑若,2023-06-29 12:45:42,5,5,0,作业巨多给分烂
177182,3524,黄桑若,2023-07-02 04:16:12,1,2,1,社会科学研究方法。老师很好，课程内容也很有用。想取得高绩点的慎选，老师很严谨，感觉取得高绩点挺难的。
185847,3524,黄桑若,2024-01-05 01:56:07,0,6,6,哒姐 你什么时候平等对待所有小组 什么时候不阴阳怪气别人
189761,3524,黄桑若,2024-01-28 12:37:51,-4,1,5,回楼上 桑若姐一直对所有小组都是一视同仁的啊？也没有阴阳怪气 只是给的意见比较直接而已 桑若姐人很好的诶
189784,3524,黄桑若,2024-01-29 04:21:32,1,3,2,对学术方面要求很严格 指出问题比较直接 但在她的帮助下 会进步较快
190802,3524,黄桑若,2024-03-19 16:18:22,6,10,4,好好好，事那么多，打分也要多，给你11分，这是溢出的一分
191681,3524,黄桑若,2024-04-27 15:34:18,20,23,3,期末复习呢，突然就是想给你刷个1
192348,3524,黄桑若,2024-05-16 08:02:56,3,5,2,事多分高，会随机点名
192349,3524,黄桑若,2024-05-16 08:24:21,1,6,5,现代广告学就是依托，什么都学不着，不知道在讲什么，布置的作业像在给她的项目提供免费数据一样，但没法避免她，只能忍着吐接受吧，绩点也一般，倒不至于很差，但在传院里算偏低的
192350,3524,黄桑若,2024-05-16 08:34:00,-3,4,7,上课真的超级棒，结合案例讲起来很生动。黄老师人也超美，超可爱！
192354,3524,黄桑若,2024-05-16 10:15:51,0,3,3,1、事情有点多，期中一个广告实务作业，期末一个小组策划作业，最后期末一个闭卷考试（考试不是很难，也不会考得很刁钻）2、只要认真做分应该不会低\n\n3、很有实力的美女老师！爱sr姐
199094,3524,黄桑若,2024-09-17 04:31:13,5,8,3,纯纯的纱布，讲课毫无逻辑，考试内容与上课基本无关，推荐的书听听就好了考试一点不涉及，绩点杀手一个，不知道为什么还有9分，平时还有随机点名掉落（一整个无语）
200574,3524,黄桑若,2024-10-19 13:28:34,-7,0,7,能学到东西，认真做作业受益很多。上课没怎么听不知道。老师很好，虽然最后只有4.5在传院只有基准线，但是老师值得十分，
200971,3524,黄桑若,2024-10-26 00:38:47,7,7,0,事情超级多。。。。分低。。。。快跑吧
202084,3524,黄桑若,2024-11-09 06:20:07,5,5,0,不好\n\n事太多
207021,3524,黄桑若,2024-12-19 04:02:18,6,7,1,诈骗战犯
216067,3524,黄桑若,2025-03-10 06:44:05,9,9,0,点名突然点学号还很快，没反应过来漏过去了，课间的时候去找老师，先说为什么不当时提出来，我说当时您点名我打断不合适，后面有老师来讲课，我单独找您不尊重老师也打扰同学，我可以找智云的背影。告诉我说这些没有用，我没有点名我点的是学号，你当时没解决就不要补了
216591,3524,黄桑若,2025-03-19 05:35:23,3,4,1,又一个黑化神人老师，上课迟到2分钟进去一听已经点过了我的名字（确定以及肯定只有两分钟 因为我跑上来的时候给课u发了信息），课中问老师能不能补，给我一句“啊，那迟到就是不给补的”，旷课和迟到是一个概念吗？你记迟到都无所谓记我没到^^;神人来的。点学号也是，过号比医院还快。
217689,3524,黄桑若,2025-04-15 06:40:24,2,2,0,快跑……逆天点名机制最后一节课拍照点名，虽然签但是仍然觉得逆天
217923,3524,黄桑若,2025-04-18 04:13:09,6,6,0,脑子空空言之无物，上课啥也学了啥也没学到，喜欢扯闲说废话，点名更是搞笑，最后一节课温情脉脉地说给你们拍张照我想记住你们的脸，结果下来课代表在群里说会挨个核对出勤情况，哎哟喂，笑死我了😂拿学生当猴耍。以及作业又多又难。这门课最坏的就是你只能选她这一个老师，属于把嘴掰开喂屎吃。
219192,3524,黄桑若,2025-05-23 02:28:24,2,2,0,事情多 人又刻薄给分也差
219336,3524,黄桑若,2025-05-25 12:29:13,1,1,0,不明白为什么分那么低
219611,3524,黄桑若,2025-06-01 05:23:15,1,1,0,虽然给分差，但是很有爱
23950,3614,吴赟,2016-04-22 05:50:15,10,17,7,快来人给个评价啊
30952,3614,吴赟,2016-07-03 04:18:08,-2,3,5,从来不点名，上课声音有点小，一篇论文，一篇小作业，给分高，太水了！
30970,3614,吴赟,2016-07-03 04:54:04,5,12,7,老师备课很充分认真，人也很好，但是上课声音太小了，坐后面根本听不清，讲课有些平淡
30985,3614,吴赟,2016-07-03 05:45:42,7,8,1,一次小作文一篇论文 从不点名 老师挺有书卷气 但是上课没有霸气啊…淼淼淼
31018,3614,吴赟,2016-12-21 15:31:31,-10,4,14,坑啊，分数好低，但是水
31354,3614,吴赟,2016-07-04 10:07:40,-3,2,5,其实还不错，就是水。
31356,3614,吴赟,2016-07-03 17:13:19,-15,3,18,Excuse me？？？楼上？？？帅？？？
31376,3614,吴赟,2017-05-04 21:45:48,-13,4,17,垃圾，不能有更无聊的课
50100,3614,吴赟,2017-04-29 14:10:27,3,3,0,一开始上媒介素养觉得有点水，无感。后来上了专业课，妥妥成为男神。老师很会为同学着想的。
50666,3614,吴赟,2017-05-04 06:31:57,6,6,0,老师文质彬彬温文尔雅 人不错 但是上课有点棒读PPT 一个语调 容易犯困 给分挺好
50713,3614,吴赟,2017-05-04 13:10:37,3,3,0,挺不错的
50795,3614,吴赟,2017-05-05 12:55:52,4,4,0,很好的一位老师，认真敬业
55792,3614,吴赟,2018-09-15 04:03:19,1,2,1,媒介素养时没啥感觉，上课专业课后才喜欢上老师。很书卷气很和善，上课的知识点讲解细致，考试最后一节课上考，题目难度不大，给分不错。
69571,3614,吴赟,2018-01-25 04:07:09,7,8,1,老师太好了好吗！讲课内容扎实，脾气好性格好给分好！吹爆！\n\n跟有才都是最喜欢的传院老师！！
69572,3614,吴赟,2018-01-25 04:08:49,2,2,0,我觉得老师上课很认真很认真啊！但是内容不是我特别感兴趣的 记笔记的时候也是手动脑不动 但是人很好了！
69576,3614,吴赟,2018-01-25 04:11:23,6,6,0,吴赟老师人超好！媒介经营管理这门课短学期，只有一次点名，一次小组展示，期末开卷随堂考，考试题目在课件里都能找得到的！给分不能再好啦！
69577,3614,吴赟,2018-01-25 04:13:02,1,2,1,事少分高好好好
69578,3614,吴赟,2018-01-25 04:13:51,1,1,0,天啦噜!给分真的超级超级超级超级好了!
69592,3614,吴赟,2018-01-25 04:41:07,1,2,1,老师要是讲课声音稍微重一点……不过………给分真的hin好！
69609,3614,吴赟,2018-01-25 05:25:29,2,3,1,老师给分很好哇，人也很亲切很体谅我们٩( 'ω' )و 最后的随堂考试开卷，老师的ppt上都阔以找到滴。老师上课有很认真准备～
69643,3614,吴赟,2018-01-25 06:28:47,0,2,2,老师给分很好×人生第一门满绩hhh
69716,3614,吴赟,2018-01-25 09:09:17,4,5,1,老师性格很好，讲课也很好，认真看PPT考试一般没什么问题，给分也是超级棒
69955,3614,吴赟,2018-01-25 23:58:48,0,1,1,给分好
71902,3614,吴赟,2018-01-29 05:17:51,-7,0,7,给分好，上课比较平淡。
78446,3614,吴赟,2018-05-12 01:42:30,-2,0,2,老师温文尔雅，就是上课说话太平淡，过分温柔了，有点催眠……
78537,3614,吴赟,2018-05-12 17:51:18,39,42,3,我真的 太太太喜欢吴赟赟了\n\n少年感max 温文尔雅说的就是他吧，腼腆的笑太戳我萌点了也，呜呜呜没有吴赟赟的课的第一周，想他
78559,3614,吴赟,2018-05-13 05:04:30,29,30,1,最忠实的赟粉在哪里！举起你们的双手！
78757,3614,吴赟,2018-05-15 04:59:15,4,5,1,老师性格很好给分也很好啊！
79189,3614,吴赟,2018-05-26 11:47:48,4,5,1,给分太好了！给个10分送yunyun上高分榜！
98510,3614,吴赟,2019-01-23 14:03:17,4,4,0,老师给分太好了！感动
98526,3614,吴赟,2019-01-23 14:25:47,6,9,3,老师也太棒了吧！满绩真是没想到
98554,3614,吴赟,2019-01-23 14:48:57,4,4,0,给分流泪了，我都羞愧了。老师温柔又可爱，交流很友善。讲课还不错，ppt详细。这学期进度慢了点感觉&声音有点小——不过前排常年有空的状态，想仔细听的同学能找到位。
98574,3614,吴赟,2019-01-23 15:05:00,6,6,0,吴老师太棒了，上课时PPT会讲的特别细，论文作业让之前从来没有关注过移动阅读产业链的我打开了新的视野，借此查到了对未来有很大帮助的信息资料，赞！
98611,3614,吴赟,2019-01-23 15:50:10,6,6,0,严于律己，宽于待人。上课事不多、作业有意义、有同理心，真的感动。
98808,3614,吴赟,2019-01-24 03:10:29,2,3,1,给分很好！课不是我感兴趣的内容吧，没有认真听，但老师讲的很多，也不局限ppt，期末随堂考＋论文，随堂考内容ppt上都有。很棒啦！
99235,3614,吴赟,2019-01-24 13:10:54,10,10,0,我永远爱他！
101277,3614,吴赟,2019-01-28 03:15:57,14,14,0,老师好友书卷气啊，而且讲课很细致
105529,3614,吴赟,2019-04-16 06:41:18,16,17,1,希望多一些像吴老师这样学识渊博、温和耐心的老师
107081,3614,吴赟,2019-05-01 11:30:04,15,17,2,老师真的好帅好温文尔雅好有儒雅气质!\n\n上的是媒介素养这门课，虽然可能上课有些无聊，老师也没有怎么管，但是这是一门可水可不水的课，认真上还是收获很大的，能够对媒介的内容有更深的掌握。全门课只有一个小作业和开卷考试，开卷考很简单，ppt上都有。最后均绩也很高! 4.2＋ 诚心推荐这门课，当个性也很不错哦。但是上完课还是打不出老师名字5555
107126,3614,吴赟,2019-05-02 00:18:42,10,10,0,吴老师从不让人失望
107179,3614,吴赟,2019-05-02 05:47:44,5,5,0,儒雅随和，满了。\n\n
107249,3614,吴赟,2019-05-02 15:16:44,1,1,0,呜呜呜呜呜可以不相信自己 但一定要相信老师 相信师生情
116871,3614,吴赟,2019-09-17 02:35:32,4,4,0,上的媒介素养这门课，老师很温和，认真听课会有收获，一次期中作业，最后一堂课期末考。谢谢老师，笔芯~
117201,3614,吴赟,2019-09-20 08:25:51,9,10,1,他是我心中永远的白月光
119593,3614,吴赟,2019-11-14 03:51:25,2,2,0,男神男神
122431,3614,吴赟,2020-02-27 08:59:53,4,4,0,温柔耐心，遇到过的性格最好的老师！
122875,3614,吴赟,2020-04-16 06:09:13,0,0,0,老师的课着实水也给分好 只是确实有点无聊 听不进去
130551,3614,吴赟,2021-01-23 15:01:09,0,0,0,老师很温柔，是男神！
136129,3614,吴赟,2021-06-11 06:15:05,2,3,1,水且给分好的典范了...
143091,3614,吴赟,2021-11-19 01:47:39,1,2,1,满了！谢谢老师！
161526,3614,吴赟,2022-11-08 07:07:03,6,6,0,【文化产业知识产权】 from外专业，平时上课没有点过名，没有任何作业，本来本科院安排的闭卷考，老师申请改为开卷考，我哭死，开卷考抄ppt，除了最后两道论述需要结合题目其他基本照抄，最后满了，谢谢老师！！！
161725,3614,吴赟,2022-11-11 09:05:02,3,3,0,我的男神！我唯一的男神！！
167955,3614,吴赟,2023-01-20 16:16:00,13,13,0,传院真神 懂得都懂🤤
172559,3614,吴赟,2023-04-30 00:41:56,0,1,1,赟宝，大爱！😍😍😍
172603,3614,吴赟,2023-05-02 01:13:12,0,0,0,棒棒棒
175038,3614,吴赟,2023-06-21 08:21:28,1,1,0,超棒！
181476,3614,吴赟,2023-10-18 13:19:30,1,4,3,给他交了两次表，态度温柔的我想哭，发自内心的感动\n\n还没上赟宝的课，但真的很幸运他能成为我的班主任，真的很幸运
183692,3614,吴赟,2023-11-28 16:16:21,0,1,1,！！！
183693,3614,吴赟,2023-11-28 16:17:55,1,1,0,配享太庙
183775,3614,吴赟,2023-11-30 06:09:22,1,2,1,【文化产业】☁️很温和的老师，不点名，只有两次作业，期中是分析亚运会涉及到的版权类型及相应保护对策（1000-2000）；期末是围绕“数字人版权确权与保护”的论文（不少于5000）。两篇文章只要你认真写，给分就一定不会差。不说了，赟宝我爱你😭
183809,3614,吴赟,2023-11-30 08:04:54,1,2,1,真的很喜欢yunyun宝贝 温文尔雅的学者 还是女儿奴谁懂 一说起女儿整个人都绽放了！太可爱噜！上完了三门课，体验都很棒 老师像一座移动图书馆 特别渊博
185871,3614,吴赟,2024-01-05 05:54:50,1,4,3,考完出教室，笑得合不拢嘴
192174,3614,吴赟,2024-05-11 00:28:50,14,15,1,你变了
192185,3614,吴赟,2024-05-11 04:35:22,11,11,0,这次媒介素养大家都低的离谱啊wok
192190,3614,吴赟,2024-05-11 06:33:58,9,9,0,还有没有黑化的老师吗
192193,3614,吴赟,2024-05-11 06:41:13,7,7,0,给分一般
192311,3614,吴赟,2024-05-14 16:02:17,11,11,0,大二上媒介经营管理4.8，大二下媒介素养3.9，赟赟老师你变了。。。
192531,3614,吴赟,2024-05-23 06:46:07,-3,8,11,讲的一言难尽，上课讲的那么无聊，考试竟然要考那么细，扣分点像高考一样，上课讲成那个样子，也不讲该怎么答题，考试的时候改那么严，今年不知道发什么神经，ccnt
192618,3614,吴赟,2024-05-25 07:00:23,5,12,7,老师人很好，冬天到课率肉眼可见地低也不点名，很体谅学生\n\n上课可能是有点无聊，但认真听会惊叹他的记忆力和知识储备量，堪称行走的搜索引擎\n\n至于媒介素养今年给分不好，只能说传院课程日趋严格是大势，通过一两年的学习也可以发现专业课并没有外界所说的事少分高\n\n楼下骂老师那位，倒不如反省一下自己的平时作业有没有认真写，考试课件上都有的内容有没有认真看过
198905,3614,吴赟,2024-09-13 00:09:58,1,6,5,晕晕这么好的老师我不准任何人忤逆他，老师上课讲的很细也很好，给学生作业压力比起其他课程真的算轻的。在这边骂老师的到底是什么心理，我不说你上课有没有认真听，你上课真的每节课都去了吗？本来开卷考大家资料差不多那肯定就看怎么答题的呀，有什么疑问问晕晕也特别耐心回答啊。给分没以前那么好就被骂成这样你们学都上到狗肚子里了吗
201318,3614,吴赟,2024-10-31 13:44:51,1,4,3,老师真的很好很好！感觉是我理想中的大学老师，浑身散发着人性的光辉，特别特别温柔，而且博闻强记，上课内容也很精彩，在课堂上老师举的例子也很新，感觉老师也在不断地跟新一代接触，更新自己的思想！感谢老师让我有这么棒的上课体验！
202840,3614,吴赟,2024-11-14 23:34:18,0,3,3,上了老师三节课，老师真的很好
202846,3614,吴赟,2024-11-15 01:06:40,2,7,5,文化产业知识产权，给分不算高
202909,3614,吴赟,2024-11-15 06:36:14,0,3,3,上课不点名，给分也很好
216816,3614,吴赟,2025-03-26 05:44:53,2,2,0,少年感传院的神😍
218764,3614,吴赟,2025-05-03 04:42:26,1,1,0,男神，男神中的男神，男神祝你天天开心
219756,3614,吴赟,2025-06-05 07:30:53,0,0,0,我不允许任何人忤逆吴赟老师！！！巨无敌的耐心谦和！！！
220376,3614,吴赟,2025-06-17 13:53:08,0,0,0,人好课也挺好，给分给很好！
33529,3632,韦路,2016-09-20 02:44:50,-3,10,13,声音好听啊
37349,3632,韦路,2016-11-18 11:58:07,20,25,5,作业多\n\n
37608,3632,韦路,2016-11-19 16:17:10,-6,8,14,男神老师 人帅声音好听 \n\n就是慕课好多哦\n\n最后给分让我很惊喜啊啊啊啊啊啊啊啊啊\n\n爱你！
37640,3632,韦路,2016-11-20 02:00:49,-1,15,16,老师非常年轻态，上课内容也蛮丰富，就是跟慕课讲的一模一样，每次听课都好纠结，给分不错
37671,3632,韦路,2016-11-20 04:48:05,-6,10,16,老师声音超级有磁性！真真真男神！而且没有考试，平时作业按时认真完成，给分蛮好的。
37734,3632,韦路,2016-11-20 12:38:38,-7,8,15,男神级人物，声音好听长得帅，看完成绩好开心~给分好~
38943,3632,韦路,2018-05-08 02:32:15,0,13,13,给分好，上的他的新媒体概论，内容与MOOC有很多重合所以课上可听可水。两次小作业，一次辩论，只要认真写，辩论的时候稍微主动点就可以了。另外可以百度到MOOC的详细笔记，可作参考。
39822,3632,韦路,2016-12-28 01:48:03,-6,7,13,男神 给分爆好
39823,3632,韦路,2016-12-28 01:48:35,-5,6,11,帅帅帅
40059,3632,韦路,2017-01-20 08:55:44,-8,3,11,享受啊
45870,3632,韦路,2017-01-20 08:04:40,-5,8,13,男神老师，上课模式丰富，考核多元，有很多干货，给分好，你值得拥有
46101,3632,韦路,2017-01-20 15:13:01,-7,3,10,老师人超好，讲课也很棒。上的是新媒体概论，虽然课程要求内容比较多，但是认真完成不仅学到东西而且给分很好～
46222,3632,韦路,2017-01-21 03:13:56,-5,7,12,男神老师！上的新媒体概论，老师给我满绩！～～只要mooc好好做，辩论多准备些，满绩你值得拥有hh
46936,3632,韦路,2017-01-23 03:45:57,3,10,7,感觉人一般般，比较懒出分慢
47819,3632,韦路,2017-02-25 17:35:47,-6,7,13,人帅课好，很温柔很儒雅～
47843,3632,韦路,2017-02-26 08:08:08,-5,9,14,挺好的、老师都不点名导致最后几次课到课率很低但是脾气和给分都好！
51055,3632,韦路,2017-05-15 12:03:28,-6,5,11,很享受
52399,3632,韦路,2017-06-19 16:41:56,18,22,4,十五次课，八次学生课堂展示，四次嘉宾讲座？excuse me？
54792,3632,韦路,2017-06-30 08:35:08,6,12,6,给的期末作业要求不明晰，发现自己走偏了。
60791,3632,韦路,2017-10-30 07:43:48,-4,5,9,男神 讲课满满的干货
64834,3632,韦路,2017-12-27 10:24:05,-4,4,8,男神！！
66111,3632,韦路,2018-01-12 01:19:47,-5,3,8,讲课很有趣，男神！！！
69645,3632,韦路,2018-01-25 06:30:10,-6,4,10,男神！传媒男神！！有内涵口条好，讲课也幽默，不晓得给分怎么样哈哈哈
71449,3632,韦路,2018-01-28 12:56:47,-7,5,12,就是太招女孩子喜欢，我们班里的都喜欢他喜欢的不得了
72327,3632,韦路,2018-01-30 02:05:36,-14,7,21,啊啊啊啊啊啊啊谢谢韦路老公！人帅声音有磁性，传院男神！ \n\n
72411,3632,韦路,2018-01-30 05:29:17,-7,1,8,超级男神的！声音超级好听！
72419,3632,韦路,2018-01-30 05:45:22,-6,2,8,老师男神!
72437,3632,韦路,2018-01-30 06:26:50,-6,2,8,老师超棒的啊嘤嘤
72492,3632,韦路,2018-01-30 08:31:23,-7,2,9,挺好的。
72659,3632,韦路,2018-01-30 16:10:49,0,3,3,？哦哦
79380,3632,韦路,2018-06-01 15:49:25,33,43,10,让学生做免费劳动力，不晓得哪里好
79499,3632,韦路,2018-06-07 07:29:24,22,31,9,上课安排作业不考虑实际情况 作业布置前后说法不一 \n\n一开始每组布置50000条数据\n\n后面成了每组都要30年的数据？\n\n作业流程不明确 让学生做无用功 \n\n\n\n
79508,3632,韦路,2018-06-22 15:49:43,28,35,7,每次弄数据弄到深夜我都忍不住来这里看看……
79512,3632,韦路,2018-06-07 14:09:22,19,26,7,老师布置作业非常没数，对学生劳动力期望非常高！
79513,3632,韦路,2018-06-07 14:10:06,22,28,6,把学生当免费劳动力…推荐的微信推文也很迷…
79514,3632,韦路,2018-06-07 14:10:32,11,16,5,老师野心非常大 对学生期望非常高 让我们压力真的很大
79515,3632,韦路,2018-06-07 14:10:50,22,26,4,匿名diss钱江晚报
79516,3632,韦路,2018-06-19 02:39:10,8,18,10,感觉老师自己对案例分享主题的了解都不够，选出的分享案例也不知道是依照什么标准选出来的。
79517,3632,韦路,2018-06-12 02:21:37,5,14,9,讲道理，不是很明白选择分享案例的标准
79535,3632,韦路,2018-06-08 09:35:54,18,20,2,diss钱江晚报
79587,3632,韦路,2018-06-11 02:36:29,13,16,3,上课不行 作业太多 想法很好 但上下来完全不是一回事
80019,3632,韦路,2018-06-19 04:22:40,13,17,4,作业超级多，压力超级大，表示活成了数据的搬运工，还是免费的那种
80072,3632,韦路,2018-06-19 15:07:45,10,15,5,我有点怀疑院长水平了
80075,3632,韦路,2018-06-19 15:23:52,8,12,4,我快要累死了………………………\n\n感受一下肉眼筛选五万条数据的恐惧……\n\n关键是这个作业毫无技术含量，为什么我们要当免费劳动力，去公司上班做这个我还能拿工资呢………
80098,3632,韦路,2019-11-14 02:00:14,4,7,3,老师水平我不评价。但是和外面合作的时候请了解一下对方的水平，提供不了什么技术就让我们做免费劳动力，浪费了那么多时间结果做出来的东西就是垃圾，不知道有什么意义。我在外面实习做这些的话我也能按天数拿不少工资了
80103,3632,韦路,2018-06-20 03:32:12,4,7,3,一分给钱报，剩下的九分就不给了
80394,3632,韦路,2018-06-26 04:51:25,0,7,7,注重形式大于内容，选择的分享案例也都是好看。而已。院长是大长腿低音炮可是……也不能只注重外表吧。
80528,3632,韦路,2018-06-27 11:57:10,1,6,5,人非常nice
80739,3632,韦路,2018-07-06 00:07:06,0,6,6,老师很好，只要付出了时间和精力一定会反映在分数上
95086,3632,韦路,2019-01-18 17:20:59,4,6,2,脾气好，对学生很亲和。但上课内容和慕课基本一样，可以听慕课为主（新媒体概论）。辩论好好准备，线上考试好好做，两次作业好好写就ok。
102709,3632,韦路,2019-02-21 16:29:29,1,3,2,给分很好！
117739,3632,韦路,2019-09-30 05:10:34,2,3,1,真正的男神老师
121179,3632,韦路,2020-01-20 02:43:48,0,1,1,老师很好啊，又帅又温柔，新媒体概论没有强制性的分组，自己完成作业，轻轻松松满绩，学到的东西还很多!
122272,3632,韦路,2020-02-22 03:19:58,1,2,1,韦路老师上课挺好的，很开阔学生的眼界，事少分高，特别棒
122519,3632,韦路,2020-03-03 07:21:50,2,2,0,老师很亲切，偶尔还会秀个恩爱hhhhh新媒体概论思维发散很广，平时事情不多，好好学很有收获～
142413,3632,韦路,2021-11-11 06:37:50,6,8,2,老师声音很有磁性，但上课沉闷压抑。居然花了一节多课的时间让学生自我介绍，也是第一次见这种。期末作业有五千字的词条解释、拍小视频（就像百度百科那种）等等。大家自己衡量吧……
143715,3632,韦路,2021-12-02 09:13:56,2,9,7,对《新媒体概论》这门课程（2021-2022冬）打3分。更改课程设置后事情极多，讨论课内卷化，完全不像是自由讨论氛围，每个人都想尽办法显示自己的独特观点，但优秀率却被限制为30%；评分标准复杂化，扣分比之前水水课更加严苛是好事，那么如何解决公平问题？希望韦路老师可以在下次开课前好好考虑。
143716,3632,韦路,2022-01-15 05:15:45,7,9,2,每周讨论课变成了2000字论文大赛，其实恢复线下辩论或者个人展示也好啊（︶︿︶）但是给分非常棒~~
149208,3632,韦路,2022-01-14 21:10:53,0,2,2,院长男神，给分好到爆哭
149243,3632,韦路,2022-01-15 01:07:44,0,2,2,个人觉得讨论课还是能学到东西的，而且院长给分也太太太太好了
149379,3632,韦路,2022-01-15 08:02:20,0,1,1,给分特别nice，收获了很多
164177,3632,韦路,2022-12-19 01:14:01,5,9,4,韦路真他妈牛逼，你忙是吧，没时间上课能不能不要开专业课。上个秋学期前说好冬学期要增开新媒体概论，说不开就不开，拖到这个春学期，现在又限制扩容的数量，让学生自己蹲教务网抢课，有没有搞错啊，脑瘫程度和传院的排课有的一拼
165397,3632,韦路,2023-01-04 07:34:41,6,7,1,好奇怪啊为什么这学期就不开新媒体概论了，为什么课程号就变了？？？？？？？？？、传院你教务处真的。。。。烂了。。。。。。。。。。。
168053,3632,韦路,2023-01-24 14:08:40,2,5,3,新媒体概论全都认真准备了但是3.9，，，emo了。另外加分作业直接没有了也挺搞笑的😓
169698,3632,韦路,2023-02-27 12:32:31,5,7,2,为什么三年选不上一次捏？
173091,3632,韦路,2023-06-20 23:50:58,5,18,13,韦路老师人不错的，但是\n\n.......这学期给分就这？？？\n\n\n\n看了下我的单项得分，讲真，助教求是的有点变态
173093,3632,韦路,2023-05-13 09:20:38,6,7,1,院长长得帅，声音又好听，我超喜欢他的
173193,3632,韦路,2023-05-15 13:02:23,3,4,1,评分很严格，平时的小组展示要求也比较高。感觉花了挺多心思但是最后绩点不好看😰
173197,3632,韦路,2023-05-24 14:47:10,6,7,1,老师本人很有魅力的，但是讲课实在拖沓，每节课基本都完不成教学任务就让我们回去看慕课，嗓音低沉让我想睡觉\n\n课程设计也是挺不合理的，课前小测有的时候没讲过的内容也测，测的时候又随便搜，不知道小测意义在哪，比谁更会搜？\n\n讨论课一个论题反反复复来回说一节课，为了刷发言次数也没什么营养，还要抢，不知道意义在哪\n\n最后给分还可以吧，也没有特别惊喜
191080,3632,韦路,2024-04-01 08:09:36,4,6,2,这个课太内卷了我只能说，，，讨论的时候需要展示出自己的观点，并且助教求是得有点恐怖，，，，
192283,3632,韦路,2024-05-13 13:44:11,2,6,4,去年上的这门课，刚想评论说提醒下下一级的学弟学妹突然发现已经夏学期了，那就给下下级学弟学妹提个醒：\n\n如果是真想卷高分，讨论课的自由讨论环节请每节课都发言，哪怕实在想不出来一边搜索憋也要憋几句。这门课自由讨论占15分，我当时的助教是发言一次1-3分，如果一次没有发言这15分真的会一分都不给你。\n\n我自己的观感是助教非常严苛。40分小测全满，所有的扣分部分全部来源于助教，包括展示部分扣的也很严，最后没上4。
79313,3773,王杰,2018-05-31 00:59:11,-9,1,10,蹭课中华文化
81610,3773,王杰,2018-07-05 14:13:13,-19,7,26,传媒学院的王老师 很喜欢谈论美学 有些话题会比较空泛 不过老师人很好 会认真发表看法和建议 作业和考核最好跟着老师上课讲过的观点走 总之拿高分不难
81648,3773,王杰,2018-07-05 16:10:55,-22,8,30,传院的王杰老师其实还不错，是个有在认真教书的老师，有的时候对自己的理论有些“过于”自信，但是不知道为什么还真是有点莫名可爱（？）。今年的给分还好，N次签到+个人作业+小组作业，任务不算太重。
157582,3773,王杰,2022-06-24 00:45:41,-21,7,28,能感受到老师对自己领域的热情 和希望同学们把课学好吃透的感情 就是讲课有很多时间都在扯一些题外话 找不到重点 马克思主义美学作业和论文都比较多 但我觉得其实都很有意思 对我来讲写的时候挺沉浸其中的 是少有的能让你思维发散、深入思考的论文 老师给分也不错 总体来讲挺推荐的
161440,3773,王杰,2022-11-07 03:30:14,-7,4,11,老师很认真，能明显感觉到老师对自己学科巨大的热情，就是上课有点听不懂，有点难
171131,3773,王杰,2023-03-16 11:29:44,4,7,3,很自大
180555,3773,王杰,2023-09-22 16:25:09,-24,3,27,老师非常好，上课风趣幽默，给分非常给力，是一位好老师。
181382,3773,王杰,2023-10-16 07:45:00,10,14,4,神经病：）
181388,3773,王杰,2023-10-16 11:23:00,6,10,4,依托答辩
181714,3773,王杰,2023-10-29 13:12:28,20,25,5,给一帮大四要实习要准备毕业论文的人上课还一堆论文闭卷考试…猪八戒啃砂锅——你痛快了不管别人牙碜不牙碜是吧
181889,3773,王杰,2023-11-03 12:52:52,9,13,4,听不懂在讲什么，作业太多了，天马行空的讲课方式还要求闭卷考。。
181911,3773,王杰,2023-11-04 16:06:40,2,5,3,彼阳初升，丝幕崂澂
181912,3773,王杰,2023-11-04 16:06:49,5,10,5,byd老登怎么还不退休
181930,3773,王杰,2023-11-05 14:10:25,1,4,3,你怎么评分还有六点多啊？？！
182020,3773,王杰,2023-11-08 07:39:56,2,5,3,垃圾老师，上课不知所云，作业不顾死活
182143,3773,王杰,2023-11-10 14:25:23,3,7,4,课不会上教材也写的一塌糊涂全是堆砌不知所云😅
182148,3773,王杰,2023-11-10 15:35:56,3,7,4,课程开不出来可以不开，内容讲不清楚可以不讲，考核搞不明白可以不考。
182217,3773,王杰,2023-11-13 02:23:35,0,4,4,lbd
182357,3773,王杰,2023-11-15 06:33:59,5,9,4,给一分是因为不能打零分，，，上课不知所云，秋学期2学分的课两个5000字论文和闭卷考，期末甚至不知道复习什么，教材也是很乱，上过感觉像吃了*一样难受，慎选！
182961,3773,王杰,2023-11-21 08:27:28,4,8,4,合理怀疑是来卖教材的
182975,3773,王杰,2023-11-21 09:22:00,16,20,4,马美虽然不点名，但是两篇5k字作业+线下研学+完全需要自学的闭卷考。。。辛苦半生归来仍是低绩点
182985,3773,王杰,2023-11-21 10:22:55,6,10,4,哥们儿，你作业多事多助教差讲课差就算了，给分怎么也这么差啊😍😍😍
182989,3773,王杰,2023-11-21 10:58:30,3,6,3,如果能重来，我宁愿修五次习概+毛概，也不愿意再选一次这门课
182996,3773,王杰,2023-11-21 11:28:30,-1,4,5,任务多，给分差，复习了和没复习一样
183001,3773,王杰,2023-11-21 11:35:43,1,5,4,两篇最少5000字的小作业，期末闭卷考试，花的时间很多，给分还很烂
183003,3773,王杰,2023-11-21 11:37:27,1,4,3,不是，哪节课写了两次5000字论文，还写了额外的思考题，更参加了据说加分的课外活动，认真准备了闭卷考试，一番操作下来分数差的一批的？是我们这批学生差到配不上高贵的你了吗？
183005,3773,王杰,2023-11-21 11:42:26,0,4,4,事多分少
183077,3773,王杰,2023-11-22 05:00:40,3,8,5,真的很无语，平时作业多+期末闭卷考；和助教交流事情其态度也一般，成绩批判这块很迷。希望这门课再好好规划规划👎
183120,3773,王杰,2023-11-22 10:00:05,6,10,4,两篇论文+线下实践+闭卷考试，愣是完全不看自己课程难度搁着瞎搞。更别说奇奇怪怪的加分和所谓的十个问题，出各种奇葩的考核方式前能不能先提升一下备课质量？HOW DARE YOU？
183393,3773,王杰,2023-11-24 15:38:07,4,7,3,老师你还是退休吧 🥲
183648,3773,王杰,2023-11-28 06:55:15,1,5,4,事情多给分少
184185,3773,王杰,2023-12-12 06:49:20,-4,6,10,是位好老师
190831,3773,王杰,2024-03-20 12:16:27,1,4,3,老师自己应该很厉害，但是讲课很烂，巨跳越，一节课听下来啥也没学到，有很多概念但是不解释就摆在ppt上，估计觉得我们已经知道了maybe。。
194379,3773,王杰,2024-06-23 12:53:39,2,3,1,不推荐
194790,3773,王杰,2024-06-25 12:04:32,4,5,1,马克思主义美学慎重选择，两篇大论文事多给分不好，期末开卷但是给分也不好
194796,3773,王杰,2024-06-25 12:19:41,8,10,2,忘记考试可以不来
194825,3773,王杰,2024-06-25 14:10:59,4,5,1,草你爹的王杰，高傲给谁看呢，考试考试忘记迟到四十分钟，给分给分稀烂，莫名其妙不上4，平时多捧臭脚居然是加分最多的，去你大爷的，你怎么还活在这个世界上。不想开这门课可以不开，好吗？让给美学所或着别的哲学院的老师开，受不了一副高高在上，什么也没讲的样子
196566,3773,王杰,2024-07-04 05:50:04,1,2,1,事特多，给分差，人品一言难尽，不是专业课别选来恶心自己
197675,3773,王杰,2024-07-27 04:58:52,0,1,1,老师给分挺给力的
201811,3773,王杰,2024-11-06 12:19:21,1,1,0,你浙怎么这么多wj老师，避雷马美那位，写那么多烂教材简直就是浪费纸张。
202371,3773,王杰,2024-11-12 06:45:10,2,2,0,同时在毕业实习+毕设的大四上一门马美真是我的福报，喜欢两次5000字以上大论文作业+每堂课手写笔记+不让带打印材料的开卷考试最后全班只有2人上90吗
217575,3773,王杰,2025-04-13 15:30:53,-1,0,1,课上的东西只需要理解接受观点，想学东西还是得课下自己问老师。善待问者如撞钟，扣之以小则小鸣，扣之以大则大鸣。
219676,3773,王杰,2025-06-04 03:38:39,1,1,0,狗屎，课程简介上是开卷考，上到一半自顾自改了闭卷还美其名曰“征求意见”。对对对，您就是时代的风帆，我们是垮掉的一代。
220453,3773,王杰,2025-06-18 03:47:29,0,0,0,莫名其妙的一个老师，会质问你为什么不写手写笔记是不是买不起笔记本，为什么不看电影是不是买不起票，假惺惺地说给我们报销，教务系统公布的开卷上一半变成闭卷，小测也从三次变成基本上两节课一考，开卷变闭卷，疑似教材卖不出去，上课的每节课都在跟我们立规矩，不让我们上课不打招呼去卫生间，批评我们“垮掉的一代”，说我们上课不听，要给我们今年部分同学挂科，真是神人，自己上课质量不提高，登味儿臭得要死，莫名其妙捧哪吒臭脚（ps我还挺喜欢这个电影，但是真受不了他莫名其妙的“正能量”吹捧），然后评价《好东西》不说深层次，就着人家导演把影片里小学名字写成自己的名字说人家“自恋”，无语，这么多男的名字的品牌你咋不说，神经病
74302,3840,史普原,2018-02-10 04:40:16,4,4,0,中国诗学课，一次在诗学王国里遨游的美妙体验。老师自己很有实力，讲课也挺好，对诗学感兴趣的同学可以来选。
81688,3840,史普原,2018-07-06 02:09:10,2,3,1,西方人文名著精读\n\n老师人挺好 如果认真读书认真参与课堂收获会不错的…然而 读名著什么的略枯燥也是真的 挺惭愧没能也不想把书单上的名著啃完。\n\n一次课堂展示；最后一节课随堂开卷考试 一篇论文；不点名 但老师会认人
84109,3840,史普原,2018-07-12 04:33:08,6,7,1,老师很亲切，有时候会礼貌得有点尴尬，hhh。讲课内容很细，可能会让人觉得重点不突出，其实干货还挺多的，给分也很好，认真学成绩就不会差。
103757,3840,史普原,2019-06-24 14:16:12,-3,3,6,講課很無聊，不是內容的原因是他講課水平的原因。一樣的內容其他老師上起來不是這樣的。老師還不錯。
105687,3840,史普原,2019-04-18 11:56:34,5,5,0,班主任，老师人巨好，很负责任很耐心，吹爆吹爆吹爆！！！
112224,3840,史普原,2019-07-03 23:34:46,1,2,1,课程非常干货…老师学养很好?人很可爱?但没有做好认真读书或者无政治学兴趣的慎选
112910,3840,史普原,2019-07-05 10:34:49,1,2,1,干货满满的课程！给分也很好！
173339,3840,史普原,2023-05-20 01:52:42,0,0,0,大师，好像没有知识盲区，和蔼可亲像弥勒佛
195779,3840,史普原,2024-06-30 02:29:48,0,0,0,很负责的老师
221024,3840,史普原,2025-06-21 01:35:05,0,0,0,给分巨好 还能学到很多东西 人也善良 不打满分的都想怎？
81018,4058,陆建平,2018-07-03 10:23:30,0,1,1,虽然绩点不高，但没笔试环节我也不想发牢骚了。尽管不会推荐学弟学妹上旅游英语门课，但干货确实是有一些的。
86063,4152,王庆文,2018-09-02 13:10:45,0,0,0,老师很可爱！人非常非常好！虽然教形策但是唱歌超级好
198411,4152,王庆文,2024-09-08 15:25:06,1,1,0,特别无语
220375,4152,王庆文,2025-06-17 13:52:06,0,0,0,无语、、
134778,4550,张丽萍,2021-04-14 19:13:47,8,9,1,张丽萍老师（传媒）讲课很好，人超nice！！！！很温柔体贴，我最爱的老师！上课声音特别好听，普通话很标准，萌萌哒。
138953,4550,张丽萍,2021-07-12 03:07:02,1,1,0,学识渊博老师 给分超好 好温柔
138966,4550,张丽萍,2021-07-12 04:13:24,0,0,0,老师特别好，上课也很认真地准备。而且非常关心同学，给分也很好。
157790,4550,张丽萍,2022-06-25 00:10:21,1,1,0,（传院）中外文化交流史，老师不是学史的，还是会有差距，讲的挺浅……不过人很好……任务还挺多的其实🌝
158631,4550,张丽萍,2022-07-01 01:54:33,0,0,0,课比较水，给分很好
158987,4550,张丽萍,2022-07-04 08:22:17,3,3,0,中外文化交流史，目前我上过的对外专业同学最友好的一门课程，没有之一。非常推荐作为个性化学分。
159100,4550,张丽萍,2022-07-06 07:27:31,0,0,0,非常和善的一位老师
165321,4550,张丽萍,2022-12-31 15:49:11,1,1,0,老师很温柔
166571,4550,张丽萍,2023-01-13 01:16:07,2,3,1,超级温柔负责的老师！
166596,4550,张丽萍,2023-01-13 03:11:55,5,6,1,老师很温柔负责，但是给分有点求是
166640,4550,张丽萍,2023-01-13 06:24:39,4,4,0,老师非常非常温柔耐心，教授知识也很负责，汉字与中国文化收获很大。给分确实没有预期好，还是今年传院2021级上的课给分普遍一般？总之是没有遗憾的
166708,4550,张丽萍,2023-01-13 09:26:43,3,3,0,人温柔好说话，上课水，给分很一般。最后的期末小测，有点难以评价哈。
185739,4550,张丽萍,2024-01-04 04:13:41,0,1,1,zlp我爱你、、、感谢这个美丽的世界！大自然的馈赠！天赐的好老师❤️
188674,4550,张丽萍,2024-01-19 13:40:53,2,3,1,zlp我爱你💓
188801,4550,张丽萍,2024-01-20 04:16:13,4,5,1,汉字与中国文化会考认甲骨文，老师给分很求是（
189372,4550,张丽萍,2024-01-23 12:45:55,0,1,1,lpjj我爱你，事少分高
191107,4550,张丽萍,2024-04-03 11:31:58,0,0,0,非常好
198337,4550,张丽萍,2024-09-07 09:24:20,2,2,0,我的分数..
201657,4550,张丽萍,2024-11-05 07:08:17,0,0,0,讲的挺浅
212617,4550,张丽萍,2025-01-14 09:40:10,0,0,0,最开始缺勤了，很对不起老师，但是最后给分意外还不错。老师真的特别好，讲话很温柔。\n\n抽我回答问题，我讲不出，她竟然对我说“抱歉”。那一瞬间恨不得给自己两巴掌。\n\n期末卷子很大部分是问答题，老师真的很努力在捞人。感谢汉字与中国文化，把我被市场营销扯下去的主修均绩拉回来。\n\n值得选！！！
213546,4550,张丽萍,2025-01-18 06:52:58,1,1,0,学得很努力，也很开心，分数也给了相应的回报。\n\n老师上课会给好大的情绪价值，是这学期唯一一门极为享受的课。
76953,4679,林玮,2018-04-26 12:44:08,6,24,18,超级棒！
78162,4679,林玮,2018-05-09 15:58:51,3,25,22,林老师真的有且能表述清晰自己的思想，跨文化传播让我学到很多｜课堂作妖也作得很开心hhhhh
78714,4679,林玮,2018-05-14 16:49:13,-11,9,20,我真的不理解。\n\n为什么同样的组成绩差距那么大，而且我作为组长分还是我自己打的。\n\n本学期专业绩点最低...\n\n不说了香菇\n\n
78715,4679,林玮,2018-05-14 17:56:30,-6,10,16,emmmmmmm
78838,4679,林玮,2018-05-15 14:18:33,9,23,14,传媒里不错的老师
78852,4679,林玮,2018-05-16 00:17:28,-4,14,18,奇葩，水
85781,4679,林玮,2018-08-09 06:34:49,8,26,18,相当不错的老师，口才好，知识面广，认真责任。无论是上课，还是当班主任，都非常棒！
103794,4679,林玮,2019-03-06 00:12:56,8,28,20,老师很棒!上课都不会让我走神，讲课好有趣?
105241,4679,林玮,2019-04-08 08:29:24,-4,13,17,鹅颈本人
105267,4679,林玮,2019-04-16 23:05:06,2,21,19,极致的恶竞体验，说话不注意分寸还老说学生举报他，明明是自己说话水平不够。
105878,4679,林玮,2019-04-22 13:29:58,7,22,15,老师对课程非常认真
108346,4679,林玮,2019-05-21 15:54:26,9,24,15,老师人还挺好的，讲课内容和想象中不太一样。但是小组展示真实地怕了，究竟是什么广告广电专业的恶竞名场面。不过，亲测正常展示、认真策划，分数也还好。
109091,4679,林玮,2019-06-08 03:11:06,0,22,22,很多同学对林老师有误解，认为作业麻烦就是鹅颈，麻烦你们看看老师上课的认真程度。
109092,4679,林玮,2019-06-08 03:13:57,6,20,14,风趣幽默兼认真，每次好好听课都会有不少收获。
117943,4679,林玮,2019-10-16 11:54:29,7,19,12,我爱林伟老师
122711,4679,林玮,2020-03-23 11:41:02,-1,16,17,林玮老师的课可能是知识量最多的课了，认真听，收获不会小。
122774,4679,林玮,2020-04-03 00:01:30,2,18,16,几门好课，一位名师
123147,4679,林玮,2020-05-13 04:20:37,4,14,10,钉钉时代前来评论。根据学在浙大，全班四分之三的同学上90分，懂？\n\n（我原以为是我论文写得好，没想到是老师给分太好）
123424,4679,林玮,2020-06-09 00:06:05,1,15,14,讲课有点散，知识有些漫，重要的是老师对知识（学问）的那种情怀和视野。
124630,4679,林玮,2020-07-04 07:08:00,4,17,13,好老师，好口才。
125022,4679,林玮,2020-08-13 14:28:48,-1,13,14,好老师就是好老师
126862,4679,林玮,2020-10-25 22:07:04,11,17,6,学习是一种自己的成长，而不是混分数。
133242,4679,林玮,2021-02-28 13:12:36,3,10,7,还不错
133575,4679,林玮,2021-03-02 09:05:28,18,24,6,老师有水平，不过为什么我也感觉很有毒
133848,4679,林玮,2021-03-08 06:04:04,3,11,8,算是有想法吧
134720,4679,林玮,2021-04-12 04:52:19,0,10,10,还行的老师
135681,4679,林玮,2021-05-19 04:48:12,-2,9,11,算是见多识广了
135992,4679,林玮,2021-06-08 09:23:25,-3,8,11,很自由的课堂，很随意的讲授，果然是文科啊
139712,4679,林玮,2021-08-02 03:45:09,-3,4,7,不点名也得有其他的课堂管理手段吧
143941,4679,林玮,2021-12-13 13:37:18,-5,9,14,ZJU里讲电影的老师很少，能听的更少，林老师算一位。
151620,4679,林玮,2022-03-10 01:52:29,37,60,23,从来没有对任何一个传院的老师如此无语过，从来没有。如果可以我直接给-999分哈，羞辱大师
151624,4679,林玮,2022-03-10 02:18:41,30,44,14,任何一个打败言笑燕雁的传院恩师\n\n都是值得被羞辱的🥺🙏🏻
151631,4679,林玮,2022-03-10 02:41:08,20,32,12,鹅颈先锋，羞辱斗士
151634,4679,林玮,2022-03-10 03:40:57,15,27,12,高傲的拿捏着学生的分数决定权并享受学生为他而鹅颈的感受 考核方式和授课内容、授课老师都可以随他心情随意更改……例如一些“自愿”参加的作业 参加即得十分 组队则队内平分十分\n\n羞辱大师 最后被羞辱的竟是选了跨文化传播的我
151635,4679,林玮,2022-03-10 04:18:28,13,25,12,上课是可以请其他老师代的，考试是可以随心所欲加的，自己搞的项目是可以让学生打工并以“加分”为名的。\n\n今天的教室里确实有人被羞辱了，是七点爬起来上他课的我。
151783,4679,林玮,2022-03-15 14:54:22,1,9,8,给分高不点名
151834,4679,林玮,2022-03-17 04:01:24,27,38,11,给1分，就把羞辱甩你脸上
151867,4679,林玮,2022-04-12 04:39:54,0,11,11,说实话讲课还可以
151953,4679,林玮,2022-03-21 14:56:44,2,10,8,值得一听
152192,4679,林玮,2022-03-30 02:21:36,9,15,6,浅浅羞辱一下
152456,4679,林玮,2022-04-12 04:42:11,-5,4,9,不枉费我早起
152513,4679,林玮,2022-04-13 23:45:24,4,8,4,大无语
152662,4679,林玮,2022-04-17 17:14:51,6,12,6,快逃吧
153622,4679,林玮,2022-05-06 09:18:43,4,6,2,怎么还不出成绩
153804,4679,林玮,2022-05-11 15:26:01,6,9,3,啊？？
153805,4679,林玮,2022-05-11 15:26:01,4,8,4,啊？？
153806,4679,林玮,2022-05-11 16:17:34,8,14,6,快逃，别来。
156829,4679,林玮,2022-06-21 05:09:26,-11,2,13,还不错
161528,4679,林玮,2022-11-08 07:40:15,-4,6,10,林老师 语言艺术家 很幽默
170739,4679,林玮,2023-03-13 00:36:23,10,16,6,极其糟糕
170927,4679,林玮,2023-03-12 12:58:09,6,9,3,无语！！！
171379,4679,林玮,2023-03-23 02:06:11,13,18,5,呵呵呵呵呵听他的课就是在浪费生命
171399,4679,林玮,2023-05-30 08:12:51,8,13,5,《傲慢与偏见》
172252,4679,林玮,2023-04-24 00:53:38,17,23,6,跨文化传播，留学机构宣传，一句有价值的没有，爹味重而不自知，专门设置课程指点女权，作业支持内卷。去听课你就输了，听进了你就完，和他生气你就亏了
173508,4679,林玮,2023-05-28 01:56:07,4,8,4,说怎么还不出 现在就出了T^T
173516,4679,林玮,2023-05-27 14:23:08,7,11,4,给分也太差了鹅颈还被急刹
173517,4679,林玮,2023-05-27 14:25:52,7,11,4,鹅颈又急刹
173524,4679,林玮,2023-05-28 01:11:03,6,11,5,不仅烂而且绩杀，本来也就笑笑他现在真的很生气了。。好像转哲学院了，别选他的课除非你觉得自己心胸宽广不计得失博爱世人或者日子过得太幸福了
173527,4679,林玮,2023-05-29 03:16:02,4,9,5,非常非常无语的老师，鼓励鹅颈还给了个很差的绩点。从来不看钉钉和邮箱，不知道怎么给成绩的。不适合教学生，应该说别来霍霍学生。
173529,4679,林玮,2023-05-28 03:48:05,8,10,2,？我不懂
173533,4679,林玮,2023-05-28 04:32:30,8,11,3,极其离谱
173534,4679,林玮,2023-05-28 04:42:27,12,16,4,给分差，经常在课上说一些很大男子主义的话，谈女权，说给分就是按照跟他的远近亲疏给分，而不是根据作业
173535,4679,林玮,2023-05-28 05:26:15,-4,3,7,哈哈哈太赞啦
173536,4679,林玮,2023-05-28 05:26:14,-4,3,7,哈哈哈太赞啦
173538,4679,林玮,2023-05-28 08:19:32,5,8,3,懂的都懂
173549,4679,林玮,2023-05-28 16:15:36,7,9,2,烂烂的
176566,4679,林玮,2023-06-29 09:25:12,10,14,4,他是唯一一个值得我多次评价失败以后还来评价的老师。期末给分依据很迷，大家水平都差不多的作业真不知道他是怎么给出相差特别大的分数的，同一小组内分数差距也比较大，上课也水水的，，，，这门课程可能是我以后对zju记忆最深的一门课了，呵呵
177820,4679,林玮,2023-07-05 02:52:39,5,7,2,乱给分
181267,4679,林玮,2023-10-12 12:59:25,-3,3,6,讲的很好哇，支持林老师
182078,4679,林玮,2023-11-09 14:05:28,0,5,5,原来骂的全是分数
193517,4679,林玮,2024-06-12 07:31:22,-1,0,1,老师给分真的有点差
195198,4679,林玮,2024-06-27 06:33:01,-3,2,5,算是认真了
195862,4679,林玮,2024-06-30 11:13:19,0,1,1,去哲学学院了
208340,4679,林玮,2024-12-27 02:42:55,-1,1,2,还不错
214523,4679,林玮,2025-02-11 06:12:29,1,2,1,zju最差老师
216205,4679,林玮,2025-03-12 11:45:30,-2,0,2,对研究生来说老师人很好的。讲课有水准，也不为难学生。
70992,4812,刘颖,2018-01-28 01:33:29,2,3,1,语言学方面的好老师，海龟，人挺好的
73706,4812,刘颖,2018-02-02 18:03:00,6,7,1,怎么会有那么好的老师呢！
78585,4812,刘颖,2018-05-13 13:01:18,0,1,1,老师的对外汉语教学法很好，是有经验后的讲课，很有帮助。
103995,4812,刘颖,2019-03-08 13:36:00,3,4,1,刘颖老师是我在汉教里最大的收获！
125811,4812,刘颖,2020-09-14 11:43:22,0,2,2,老师超nice！！！！！！！！！可以学到很多的东西～
134777,4812,刘颖,2021-04-14 19:07:41,1,2,1,就是老师讲课很好，ppt全英文，作业特别特别特别多，又很难！每周都布置作业，能少点就好了。。。老师人很nice，可是也挺严格滴！想水水而过别来选😂 不点名（人很少，不点名也知道的）
136760,4812,刘颖,2021-06-24 06:14:03,-4,10,14,怎么说呢\n\n不知道是课的问题还是老师的问题\n\n基础写作这门课听得云里雾里，老师嗯哈就是的口头禅像是表达不出系统的知识甚至完整的句子\n\n认真听的时候发现老师许多观点都难以接受，甚至很让人气愤
136952,4812,刘颖,2021-06-29 00:37:51,2,3,1,等考完了再来回答。总之感觉老师很nice，第一节基础写作课问学生想听点什么，然后讲的时候会把我们想听的加进去。说是不点名，因为人不多，所以老师基本可以认脸吧哈哈哈哈哈
138914,4812,刘颖,2021-07-11 17:48:05,15,16,1,基础写作还是刘颖吧\n\n给分还不错\n\n老师气质好喜欢 腹有诗书气自华\n\n给人的感觉有礼貌 温柔的学者形象\n\n最后的选题自己很感动 所以对这门课留下了还不错的印象\n\n抛开随时都有可能递给你的话筒
139082,4812,刘颖,2021-07-12 13:47:44,3,3,0,老师气质好喜欢 腹有诗书气自华
145627,4812,刘颖,2021-12-30 18:11:32,0,1,1,巨喜欢的老师！活得很真实的一位老师也是母亲。虽然感觉在美国待久了在一些观念上不是很社会主义
152558,4812,刘颖,2022-04-14 14:26:21,5,5,0,上完基础写作快一年了，面对现在很多数理的专业课，还是时常会想起去年夏天上基础写作时比较有人文情怀的时候。会讲一些理论，赏析一些电影和书籍，大家坐在一起讨论。最后还会留下一篇小组合作出来的“文集”。还是很喜欢老师和这门课的～
156881,4812,刘颖,2022-06-21 09:02:57,1,1,0,亲切温柔的老师，上课也比较轻松，能学到很多写作的知识，也不会枯燥无聊。
157306,4812,刘颖,2022-06-25 05:24:08,1,1,0,基础写作，还没出分先来评价一下，老师人特别友善，而且有对文学的热情，讲课也不错||出分了来补充一下，因为个人性格原因不太善于和老师交流，我的写作作业都是自己一个人闷头写的，没有找过老师给意见，之前也没意识到是可以找老师给意见的，但是给分还是很好
157789,4812,刘颖,2022-06-25 00:08:13,1,1,0,很好的老师，对文学有热爱，讲课娓娓道来，推荐的书也很好，基础写作，布置一篇风俗写作一篇口述史，写起来是很特别的体验，特别是口述史，学到很多
157795,4812,刘颖,2022-06-25 00:32:38,1,1,0,老师很温柔～上课教学的思维也很发散，还会讲一些自己在美国的经历。很像一个理性的妈妈，会引导我们去写作。给分也非常不错，只要用心写，多和老师交流，多修改，应该没问题！
157817,4812,刘颖,2022-06-25 03:01:17,4,4,0,老师给分不错 分数虽然不如自己的预期（因为自己临近ddl才赶没有全力以赴的后果，我的问题）\n\n刘老师超棒的好吗～！应该是我这个学期最爱的老师了～ 说话温温柔柔有条不紊～也给了很多写作建议 就是有时候课上会给学生随堂练笔当作点名
175090,4812,刘颖,2023-06-21 12:51:41,0,0,0,老师人超级好！真的能增进我对阅读的兴趣，上课讲解的内容也能引起思考，非常喜欢上老师的课。
177309,4812,刘颖,2023-07-03 00:49:28,0,0,0,老师很温柔，上课也能学到不少东西～
177474,4812,刘颖,2023-07-03 11:04:55,0,1,1,给分超好\n\n我也喜欢课堂讨论\n\n可选速冲
177560,4812,刘颖,2023-07-03 17:08:11,9,11,2,基础写作课，均绩4.35，每节课都去了，作业认真做，没有拖，而且花的时间和心思也多，不动为什么最后绩点只有三......但是老师很有气质，感觉确实很有文化，但是就是觉得被绩杀了...
178275,4812,刘颖,2023-07-09 16:53:05,13,13,0,老师真的很好很有气质，值得10分，就是自己最后分好低5555
180121,4812,刘颖,2023-09-20 10:25:26,1,1,0,老师很温柔，这门课会布置很多读书任务，但是不读问题也不大。\n\n期末的口述史作业老师很强调小切口选题，文笔不错+选题有特色+言之有理，最后的分数应该就不会太低
76439,4866,洪宇,2018-04-09 08:52:31,2,9,7,体会一下被ok统治的恐惧吧，为什么会有这多事的老师，事多课烂，慎选！
76441,4866,洪宇,2018-04-09 09:43:35,3,11,8,讲课满嘴ok，任务超多，一个短学期要写四五篇论文，而且还要去听各种毫无意义的吹逼讲座，还要写好几千字的讲座总结，对专业毫无帮助
78450,4866,洪宇,2018-05-12 02:52:57,-10,13,23,从头到尾没翘过一节课 记笔记记到手软 干货多到爆炸 鼓励思考鼓励听讲座 平心而论这真的好老师啊 给分的话 emmm一分耕耘一分收获 事情确实多但真的锻炼也很多 想水还是就别来了
78493,4866,洪宇,2018-05-12 10:40:27,-2,7,9,作业暴多，上课永远不知道在讲什么，还要考试，一直在讲南加大假的假的吧
78981,4866,洪宇,2018-05-18 13:47:08,2,6,4,一言难尽。
79010,4866,洪宇,2018-05-20 10:53:45,17,27,10,麻烦你回南加州海滩继续吸自己的奶茶养老，别出来祸害大家了
81666,4866,洪宇,2018-07-05 23:20:21,6,10,4,卧槽我四月份五篇论文写到手断，上课PPT全英文，上课知识点碎片没逻辑，不知道在讲什么。
89799,4866,洪宇,2018-11-21 01:07:36,-10,6,16,我觉得老师很好啊……\n\n上课不水给分不高不低，但是在她的课上我读了几个学期以来最多的书，学到很多。
103133,4866,洪宇,2019-02-28 00:29:06,25,30,5,一节课几百次ok听的我心碎
103384,4866,洪宇,2019-02-28 00:38:50,2,4,2,emm。 任务太多了 布置阅读书目一周50w. 上课断断续续的 听得难受
104505,4866,洪宇,2019-03-22 02:04:16,4,5,1,恕我直言 任务也太多了吧!!! 暴躁  讲课水平也很差，不成体系
104542,4866,洪宇,2019-03-23 05:44:11,1,3,2,我就问问你能不能别在图书馆旁若无人地打电话
104716,4866,洪宇,2019-03-26 11:00:59,4,8,4,作业多到不敢相信，真的是不敢相信，老师是不是不知道我们一个学期不只是这一门课？
106128,4866,洪宇,2019-04-25 05:04:00,12,16,4,被洪宇支配的春学期终于过去了！
106769,4866,洪宇,2019-04-29 11:08:55,10,14,4,事情贼多给分还烂，分数出来差点没气死，在3.0左右徘徊的这种分您认真的？学了这么久传媒您这给分是我见过最低的。每节课都在记笔记，论文布置那么多我也在认真写…只能说拜拜了您，希望以后预置课程别再碰到您，给我预置一个我就退一个。非专业学生慎选，一星期要你读一到两本书，要求参与的讲座一点实质性作用都没有，pre还有两种，论文多到发指，她怕真是以为我们除了她的课以外都没作业。浪费时间。
106786,4866,洪宇,2019-04-29 12:41:42,3,6,3,及格吧 比较学术 但是作业太多 讲课没有逻辑脉络
106842,4866,洪宇,2019-04-30 04:24:06,4,6,2,低到不敢相信，作业多到不敢相信
106904,4866,洪宇,2019-04-30 07:53:42,0,4,4,给分不错
107393,4866,洪宇,2019-05-05 00:13:56,-10,6,16,事情确实多，如果学分少的话可以选，干货满满，看那么多书可以学到很多，给分好，4.5，我的同学一个4.2，一个4.8，考的内容都是课上的
107542,4866,洪宇,2019-05-06 10:56:07,10,14,4,能不能不要在图书馆打电话吃东西喝酸奶一直咳嗽呢？？您没有办公室的吗？为什么要来和学生挤图书馆？为什么要在图书馆打扰别人的学习？？不知道您的学识是如何帮助您做到旁若无人胜似一直骄傲的小?的，每天拖着一只拉杆箱劈劈啪啪地旁若无人走进自修室。如果有秘籍，请您课上讲讲。\n\n
116465,4866,洪宇,2019-09-11 00:49:05,4,5,1,上课什么的不多评价，只上过一节马新观……后来搬西溪了，天天在西溪图书馆碰到她，每次注意到她的原因不是拖行李箱进进出出就是大声打电话，没人教过她图书馆里要安静如鸡吗？？？
117937,4866,洪宇,2019-10-16 08:09:47,10,11,1,南加大党支部书记 okay okay okay
122819,4866,洪宇,2020-04-11 01:47:48,1,1,0,关于作业问老师，可是她没有回答。作业蛮多的。很后悔选这门课。
125963,4866,洪宇,2020-09-16 05:16:28,1,1,0,Wtf
128007,4866,洪宇,2020-12-03 06:54:15,8,8,0,合格粉韭  根正苗红  话术带师  带国鲨纹煮义  话语逻辑破碎  总之赏心悦目
128008,4866,洪宇,2020-12-03 07:03:56,25,25,0,OK，是一种人生态度。。。可以广泛应用于所有话语开头，结尾，甚至衔接，强调，美化，修饰......
129607,4866,洪宇,2021-01-08 13:02:07,2,2,0,okokok
130552,4866,洪宇,2021-01-23 15:04:33,11,12,1,马克思主义新闻观有两节课是她上的，PPT做的结构混乱，讲课逻辑不清，一句话颠来倒去地讲，甚至前后矛盾。有一节课我甚至怀疑她根本没备课。特别喜欢用英文，用在我觉得没必要的地方。
143138,4866,洪宇,2021-11-20 01:01:05,3,4,1,怎么没有零分啊
162211,4866,洪宇,2022-11-18 00:12:33,-2,0,2,老师很厉害，上课虽然知识点有些零散，但是很硬核，可以学到很多知识！\n\n今年的阅读论文和书目也不是很多，考核组成：点名+3次小测+论文+随堂开卷考。
162256,4866,洪宇,2022-11-18 11:22:02,1,3,2,【互联网与全球传播】4.5。\n\n私以为这学期的评分标准变合理了一些，3次小测➕签到➕论文➕期末小测试，虽然看起来多但做起来还好，因为测试不会有太大压力，最后也开卷，主要是一步一个脚印👣，老师给分不算好，可能是因为期望不高，上四我就满意了，如果没有更好选择，这门课是能选的，应该有人拿挺好的成绩滴
162413,4866,洪宇,2022-11-22 02:02:43,7,8,1,那么也就是也就是也也也也就是一个一个一个一个一个个怎么说呢一个什么呢okokkokkkkook
162426,4866,洪宇,2022-11-22 06:01:08,3,3,0,给分其实没那么恐怖
162686,4866,洪宇,2022-12-04 10:11:38,1,1,0,上的互联网与全球传播，PPT逻辑性很强，能学到很多东西～给分也不错4.8（小测一定要好好做）
164298,4866,洪宇,2022-12-20 07:14:55,1,1,0,说话好拖沓，上课比较慢
166463,4866,洪宇,2023-01-12 10:10:39,5,5,0,老师说不清楚，我也说不清楚
170671,4866,洪宇,2023-03-08 02:28:44,1,3,2,感觉查老师上hy差评好多 但我上过一节马新观和互联网，感觉她讲的挺好的。后者给分还行（4.5），就是按照她的给分标准算出来的。
181483,4866,洪宇,2023-10-19 02:22:35,4,5,1,讲课其实觉得还可以 但小测不会提前通知 以及从1：25上到5：50一分钟不落是真的很崩溃....... 给分不知道咋样 无所谓我绩点自由
193918,4866,洪宇,2024-06-20 17:19:51,2,3,1,作为本科毕业论文导师极其不负责任，根本联系不到人，直到答辩通过了都交终稿了才出来给我们提意见？？祝你浙传院成功吧
217909,4866,洪宇,2025-04-18 01:32:25,0,0,0,大姐，你要是没备课就别来上课呗，一半时间找学长学姐分享一半时间放视频，马新观虽然是拼盘课但是你也没必要这么水吧？讲话逻辑不清，磕磕绊绊，甚至都不知道我们是大几的学生，知道是大一之后判断我们是10后哈哈这种老师到底怎么进的浙大呢请问
91179,4869,刘翔,2018-12-02 23:40:08,-2,5,7,老师上的课挺有趣的，喜欢
102711,4869,刘翔,2019-02-21 23:37:00,2,8,6,非常 nice的老师。
124755,4869,刘翔,2020-07-08 03:34:38,5,5,0,西方电影史 写了两篇影评
132445,4869,刘翔,2021-02-01 15:38:09,3,10,7,刘翔老师是个诗人，《北回归线》创刊人之一，现代诗写得很美（《流浪的白银》等）。世界文学经典课会给很多很多的资料（刘老师是浙大藏书、电影最多的老师），时而说出振聋发聩的诗一般的话（如“人真正能听到的声音就是自己的骨头被烧掉的声音”），上课有时会放电影，也很有收获，给分也很好！
133530,4869,刘翔,2021-03-02 01:15:20,5,11,6,事少给分极好😯
135792,4869,刘翔,2021-05-26 02:20:57,14,17,3,讲课真离谱啊 和稀泥
135800,4869,刘翔,2021-05-26 10:01:06,8,11,3,课水事多 隐形鼓励鹅颈
135867,4869,刘翔,2021-06-28 01:31:26,6,8,2,传院马里奥。
135999,4869,刘翔,2021-06-09 02:49:37,10,10,0,课程要求前后矛盾，没有明确的大纲
136002,4869,刘翔,2021-06-09 03:55:13,9,9,0,根本不尊重人好吧 也不尊重别人的观点 一直打断别人 怼人  作业也不讲清楚  观点中透露着歧视与不屑😅
136365,4869,刘翔,2021-06-17 03:33:40,6,9,3,后5个都是针对《基础写作》的差评。其他课未知，但基础写作不建议选为个性。老师虽然内容丰富，但是基础写作课上有些话说的很令人无语
136464,4869,刘翔,2021-06-18 07:29:18,8,8,0,作业要求说了三次 每次都不一样哈
136713,4869,刘翔,2021-06-23 09:04:16,7,9,2,不知道其他课怎么样，反正基础写作快跑
136766,4869,刘翔,2021-06-24 06:49:17,5,7,2,反正就让学生硬卷呗，动不动打断发言的同学。学识渊博没看出来，感觉有点自视甚高的病态。上课举例子总是能cue到性别案例，就很让人不舒服。还有一种强行给人灌输他自己的世界观的嫌疑。
137785,4869,刘翔,2021-07-06 06:39:28,-9,2,11,满绩！
137942,4869,刘翔,2021-07-06 17:49:50,3,3,0,满绩那位…你跑错地方了？形策的刘翔老师是在学生工作处
138909,4869,刘翔,2021-07-11 17:12:50,1,3,2,选课的朋友们，课上听的内容记得懂得取舍…给分还是可以的，老师学识渊博，分享了很多资料，但是课堂讨论氛围促进鹅颈，让人比较难受，作业安排太随性有点模糊了都。老师的诗，叭好意思，我不是诗人，是我不配鉴赏(🤡)
139221,4869,刘翔,2021-07-13 10:11:19,7,9,2,“房思琪如果有批判性思维就不会被性侵”\n\n“（因为）如果拥有批判性思维会大大减少受诱惑的可能”\n\n这背后的逻辑是什么呢？不寒而栗
153230,4869,刘翔,2022-04-27 01:57:04,8,8,0,很主观，所谓最伟大最优秀都是他以为的，挺装B
154817,4869,刘翔,2022-06-06 00:24:16,7,7,0,缺乏批判性思维
157806,4869,刘翔,2022-06-25 02:06:11,3,4,1,老师会给我的口述史一些启发，还会根据我想写的主题给我提供相关的材料，老师像是巨大的藏书库，有很多的pdf和电子书，两篇作业（一篇风俗写作，一篇口述史），最后94分，给分挺好的
161050,4869,刘翔,2022-10-25 02:59:22,1,2,1,老师给分挺好 事少
164858,4869,刘翔,2022-12-27 03:16:26,1,2,1,基础写作蛮推荐的，会给很多资料，不听课也可以，给分非常好
173305,4869,刘翔,2023-05-18 06:58:55,4,4,0,特别喜欢打断别人说话，一味灌输自己的价值观，太不尊重人了，又自大又自我，真的很让人恶心🤢，基础写作快跑！！！
178278,4869,刘翔,2023-07-09 09:08:51,6,7,1,老师的资料很多，而且很乐于提供给学生。\n\n给分应该是不错的，选他没问题。
193116,4869,刘翔,2024-06-03 15:52:49,4,4,0,没水平，不知道这样的老师为什么会在浙大
193117,4869,刘翔,2024-06-03 15:55:21,3,3,0,看不出任何的学科素养，集大男子主义和油腻体制于一身，是每个人聊起来都怒气冲冲的存在……退一万步说，这样的老师为什么在浙大呢
193119,4869,刘翔,2024-06-03 16:12:20,2,2,0,出色地拉低浙大下限
218435,4869,刘翔,2025-04-23 12:18:25,0,0,0,马美给分挺好的 平时也只点了一次名
218517,4869,刘翔,2025-04-24 06:18:33,0,0,0,马美给分挺好，基本不点名，课程压力很小，可能是快退休了比较佛系。虽然但是，老师上课发表的一些性别方面的言论让人不敢苟同。
75777,5016,吴飞,2018-03-17 07:58:44,1,2,1,喵喵喵我是第一个给前院长评分的人？老师的课一般都不是他上，老师本人很学术
85638,5016,吴飞,2018-07-23 11:58:50,1,4,3,这么帅的老师！为什么没人留言！
85639,5016,吴飞,2018-07-23 11:59:10,2,2,0,老师棒！而且这几年肚子越来越饿小了！赞胖飞飞！
89773,5016,吴飞,2018-11-20 18:31:26,1,3,2,mkszyxwg事情很多很多，但是给分倒是不赖，助教xjj也不错?
90747,5016,吴飞,2018-11-25 15:25:48,5,5,0,本来以为马新观会比较严肃，没想到老师上课还挺有意思的。平时有课后交流和读书报告，最近新添了老师。助教姐姐超奈斯。
119910,5016,吴飞,2019-11-17 00:25:50,13,17,4,给分很差，付出回报不成正比
127557,5016,吴飞,2020-11-24 10:35:19,1,2,1,啊这啊这
127558,5016,吴飞,2020-11-24 10:35:54,1,2,1,给分超级低
127560,5016,吴飞,2020-11-24 10:49:42,1,3,2,给分差，绩点低
127572,5016,吴飞,2020-11-24 13:06:20,1,2,1,我绩点2开头
127632,5016,吴飞,2020-11-25 06:26:44,0,2,2,专业课绩点最低的一门课…
127711,5016,吴飞,2020-11-26 03:02:52,1,1,0,讲得还不错
131148,5016,吴飞,2021-01-26 07:35:30,16,19,3,再见巴别塔，重建巴别塔，老师是很有风度的人。虽然马新观绩点并不很高，但是这节课真的让人视野开阔，学新闻总需要一点信念力量和价值追求，受益颇多。
131150,5016,吴飞,2021-01-26 07:46:38,0,0,0,不同的老师上课 能了解到很多知识。就是出分后让人感觉有点难过，付出了很多成绩却不尽人意。
131213,5016,吴飞,2021-01-26 14:18:41,4,5,1,马新观没有想象中又红又专，院内很多老师轮流上，也有新闻电视台业内人士来，不点名，平常很水，布置的几个作业也可以半天就赶完（内容完全可以不用卖力低级红，你写实话也没关系）。吴飞老师本人很学术，上课一点都不死板，沈爱国老师的几节课也很有趣。最后开卷考，最好把所有内容都准备一下，不要觉得有哪节课内容肯定不会考。给分挺玄学的。
139973,5016,吴飞,2021-08-22 16:28:47,0,0,0,真正的传播思想史大家，很有学者风采
145340,5016,吴飞,2021-12-29 06:04:17,0,0,0,有学问、有情怀的老师
148670,5016,吴飞,2022-01-13 07:31:23,0,0,0,老师很不错的，一定要好好复习，最后复习有一课忘了看，寄了。还有历年卷有原题。
148680,5016,吴飞,2022-01-13 07:53:38,3,3,0,上课还是挺有趣的，认真听可以学到很多，不听也可以水过去。但是最后分数…宁是真的一点分都不调的吗orz
148919,5016,吴飞,2022-01-14 03:10:24,1,1,0,感觉老师很有趣上课不枯燥，举的例子让人捧腹大笑，突然有点后悔没去学新闻
165903,5016,吴飞,2023-01-10 10:16:26,8,11,3,给分特别差，付出与收获不成正比
165910,5016,吴飞,2023-01-10 10:35:42,1,3,2,马新观能学到很多，非常有感触。给分的话没有传院其他课高，但努力过结果也还可以吧……
165914,5016,吴飞,2023-01-10 11:03:05,2,9,7,如果这样的老师不能高分，那什么老师能高分呢，水一水就能得高分的吗？\n\n马新观 上课基本不点名\n\n各种老师来上（除了洪宇以外其实多多少少都算有趣的）\n\n作业就是两篇600-800字+期末考试\n\n开卷不过感觉ppt其实没什么大用\n\n老师算真的有新闻学者的风范\n\n对待新闻现象有自己的思考和判断\n\n对国家当下的新闻传播体系也没有完全的吹捧，有破有立\n\n不红不专，没有什么太多的思政元素\n\n在课上放了网易2022的年终盘点\n\n最后给分其实还可以，自己没有特别认真，成绩也还不错\n\n感觉没有大家说的那么低，也没有查老师上均绩那么离谱
165927,5016,吴飞,2023-01-10 12:04:47,6,9,3,给分巨差，只能说查老师的平均分还是有道理的
165932,5016,吴飞,2023-01-10 12:23:15,4,8,4,喜提本学期最低绩点 期末考试改题型 看了一篇语气激进挑起阶级对立的营销号的尬长文章 让我们写2000-2500字大作文 老师上课 有时候对于一些敏感话题（非zz）不过脑 有时候感觉被冒犯到
165948,5016,吴飞,2023-01-10 13:07:23,4,5,1,吴飞老师人很好\n\n但马新馆是很多个老师的拼盘课 倒也不能怪吴老师 大概只能怪助教了吧\n\n马新观真的 努力回报不成比 我周围同学都被绩杀了\n\n马新观真的传院为数不多的给分很差的课
165957,5016,吴飞,2023-01-10 13:33:11,8,9,1,真的很难过 付出与回报不成正比 不知道期末考是怎么打分的 绩点巨差 哎 考前整理复习真的花了很长时间 结果突然大改题型 所有努力都白费是什么感觉？成绩还没某些完全不学不复习的人高 不知道怎么给分的 崩溃。
165959,5016,吴飞,2023-01-10 13:35:03,-1,1,2,可能是课程设置的关系，很多老师讲的话课程不成体系，上课基本讲案例，学不到什么东西
166462,5016,吴飞,2023-01-12 10:09:19,3,3,0,上过马新观，感觉吴老师上课很有意思。吴老师的学科素养很高，鼓励学生思考（感觉他对学生是有期望的，对新闻行业也有自己的情怀）。总体来说老师是好老师，马新观的课就比较难把握透彻（建议能不能改一下授课方式或者课程内容的组织，不然上完以后还是云里雾里）。老师不错，但是慎选
167034,5016,吴飞,2023-01-14 16:33:50,3,6,3,给分真的巨差，无语
167113,5016,吴飞,2023-01-15 03:57:28,2,4,2,马克思主义新闻观这门课程主要是由吴飞老师主持的。\n\n课程的内容既有本校的老师上课，也有邀请新闻界的大佬来向我们传授与实践结合的知识。每一节课的内容都很丰富，取出来单独开一门课想来都是可以的。\n\n虽然接触的机会不多，但能感受到吴飞老师是一个渊博、有性情、对新闻事业有热爱的老师，我非常珍惜能和这样的老师交流的机会。\n\n课程的分数组成是两篇800字的文章和期末开卷考试，今年的开卷考试题型因线上考试变更为了一篇2000字（记不太清了）左右的运用马克思主义原理对材料的评论，就结果而言，不论是正向的还是负面的评论只要言之成理就能拿到高的分数。因为是开卷考试，只要每节课都有做相应笔记一定没有任何问题。\n\n至于给分，我拿到了4.5，是与我的努力程度相匹配的，从我个人的角度出发，我认为是公正合理的。
168201,5016,吴飞,2023-02-01 17:40:50,1,1,0,论文给分存在主观性是不可避免的 但是吴老师上的课真的都很好啊 很有思考很有深度
183482,5016,吴飞,2023-11-26 14:56:58,1,1,0,有理想的老师
187985,5016,吴飞,2024-01-18 02:50:19,-3,1,4,与业界脱节，给分非常迷
188130,5016,吴飞,2024-01-18 08:57:58,3,3,0,好好好）
189071,5016,吴飞,2024-01-21 14:46:41,1,1,0,绩点不是所有。\n\n特别喜欢老师，您的话使我受益良多。希望老师一切顺利啊。
195960,5016,吴飞,2024-07-01 02:54:41,1,1,0,老师上课很有思想，但助教给分真的差
216101,5016,吴飞,2025-03-10 09:38:08,0,0,0,讲得不错，给分不太好
216682,5016,吴飞,2025-03-21 01:18:34,0,0,0,老师很好，有情怀，有思想
72829,5089,周徐阳,2018-01-31 06:54:32,17,20,3,军训狂拉绩点，悲伤不想说话
73154,5089,周徐阳,2018-02-01 04:51:48,10,13,3,去死去死去死
74752,5089,周徐阳,2018-03-05 12:45:26,11,13,2,呵呵。贼烦。
78165,5089,周徐阳,2018-05-09 16:34:12,14,18,4,同为连部，为什么有人可以满绩，而有人事情没少做最后绩点2开头？一副苦瓜脸谱很大的样子，代表这个大学给了我很坏的第一印象，恐怕阿谀奉承和恶竞那时候就已经开始了吧。只想知道为什么不能评负分！
86098,5089,周徐阳,2018-09-06 13:59:51,11,16,5,给她一分，是因为没有零
86167,5089,周徐阳,2018-09-09 12:14:44,5,9,4,很恶心，莫名其妙，何苦为难人
86215,5089,周徐阳,2018-09-10 14:54:46,5,8,3,拜拜拜
86291,5089,周徐阳,2018-09-12 08:31:10,8,10,2,我想知道能不能把她换走！不想让她当我的辅导员！整天凶巴巴的，吓人
86577,5089,周徐阳,2018-09-17 09:32:46,5,7,2,恶心\n\n给一分是因为没有负分\n\n大学里有一个坏印象来自于周徐阳\n\n军训很少出现在训练场上\n\n军训绩点低到恶心 不清楚评分原则\n\n情况相近的两个人绩点差一点多\n\n不想再看到她
86683,5089,周徐阳,2018-09-18 02:55:12,3,4,1,呵呵呵
86889,5089,周徐阳,2018-09-19 07:51:20,4,5,1,不开心
86891,5089,周徐阳,2018-09-19 07:51:44,3,5,2,太凶了！！！不尊重人
87188,5089,周徐阳,2018-09-21 14:03:05,7,9,2,为什么最低分有一分这么高？？？？？？周徐阳你配吗
87206,5089,周徐阳,2018-09-22 08:08:44,4,7,3,双面人不解释 一个令你避而不及的人
87310,5089,周徐阳,2018-09-27 02:04:11,5,7,2,听说，军训连的分数因为一开始打得太低被打回去重新打分了呢(手动再见/:bye )
89210,5089,周徐阳,2018-11-17 02:01:41,4,5,1,呵 he
89282,5089,周徐阳,2018-11-18 04:22:14,4,6,2,可怕的老师，斤斤计较!!!!
89283,5089,周徐阳,2018-11-18 04:23:24,7,9,2,怎么没有0分的选项..疯狂想骂人 就她事情多 事情更多就算了 人在外面强制回来参加啥活动真的好迷啊 好想换辅导员啊..哭辽
89285,5089,周徐阳,2018-11-20 06:01:38,1,3,2,为什么不能给负分呢 破事极多 一个人能让别人讨厌到这种地步真的太失败了吧
92307,5089,周徐阳,2018-12-27 15:02:44,-6,4,10,老师很可爱啊超有礼貌哒，当办公室助理老师真的好，而且非常负责（听到老师还工作到凌晨三四点，心疼）
95246,5089,周徐阳,2019-01-19 05:38:13,1,2,1,小姐姐平时挺温柔的…军训有点无法描述
96901,5089,周徐阳,2019-01-21 12:06:51,1,2,1,老师挺辛苦的，没上面说的可怕
97561,5089,周徐阳,2019-01-22 10:47:56,1,1,0,呵呵呵
99211,5089,周徐阳,2019-01-24 12:03:14,0,0,0,。。。
104919,5089,周徐阳,2019-03-31 06:27:35,7,7,0,就看到这个zz整天在浙大有嘻哈群里哈哈哈哈了
105552,5089,周徐阳,2019-04-16 13:58:21,-2,1,3,我原来觉得周老师冷冰冰的，接触多了发现她挺好的，微信里请她帮忙或者问什么事情她回复的都很及时，也帮我们解决问题的
108260,5089,周徐阳,2019-05-18 06:20:41,1,1,0,为什么没有负分！给她一分我都嫌多！军训2点多的绩点，两学分呢，知不知道拉了我多少绩点！别的同学3.9军训已经算低了，听到2.几直接惊呆了，问我是没去训吗？
108505,5089,周徐阳,2019-05-27 06:45:02,0,0,0,军训绩点3.6 全寝最高
128946,5466,周睿鸣,2020-12-27 10:09:37,-2,5,7,挺好的，内容比较硬核，干货满满
134231,5466,周睿鸣,2021-03-20 04:42:50,-2,8,10,上课蛮激情 给分真一般
143694,5466,周睿鸣,2021-12-02 02:38:21,-2,6,8,周老师上课逻辑清晰，干货很多，看得出知识渊博专业性很强！为人温和，喜欢他！
144500,5466,周睿鸣,2021-12-22 02:00:19,4,14,10,来给老师打个10分～ 会觉得老师很厉害同时也很温柔～人超级无敌好哇 给分不知道emmm但是从来不觉得要从给分评判老师
145296,5466,周睿鸣,2021-12-29 03:05:52,0,3,3,挺好的 上课幽默风趣。课程硬核 对于考核不能光靠上课
148476,5466,周睿鸣,2022-01-12 15:23:07,-1,5,6,出成绩之前来给老师打个满分！真的很用心在给学生提供资源和知识了！老师也很幽默，很有新闻正义感
148601,5466,周睿鸣,2022-01-13 03:02:30,1,6,5,周老师好温柔好温柔，但是课特别硬核，真的要好好学，也确实可以学到东西。\n\n雷蒙德谁不爱呢呜呜呜
151764,5466,周睿鸣,2022-03-15 03:22:37,1,6,5,老师很有思想，人很好，给分在传院感觉一般，但也有可能是因为我能力一般吧
151765,5466,周睿鸣,2022-03-15 03:22:40,1,4,3,雷老师真的很好啊，又很有趣，讲的内容感觉是非常贴近实践的，有实际意义的 课程因此比较硬核 但我感觉给分可能是我能力的问题
152328,5466,周睿鸣,2022-04-04 07:46:44,12,20,8,不要加他微信，最好屏蔽朋友圈，其他一切好说。
153700,5466,周睿鸣,2022-05-08 13:17:25,-2,2,4,隔壁传播的来慕一慕新闻的好老师
167847,5466,周睿鸣,2023-01-19 12:09:24,2,6,4,雷老师非常非常好！听他的课很享受，每周也很期待上他的课。但雷老师总给我一种压迫感哈哈哈，总让我感觉自己真的很菜～作业稍微有点难，多花时间能领悟到很多！
167954,5466,周睿鸣,2023-01-20 16:12:08,0,3,3,老师课上的很好 学到了很多知识😭但是给分感觉一般般😭也有可能是因为我是菜狗😭
170778,5466,周睿鸣,2023-03-09 13:08:48,0,4,4,雷老师很厉害，能力很强也很有自己的思考，虽然我觉得作业难度比较大，但是会觉得在成长
174964,5466,周睿鸣,2023-06-20 12:49:21,-4,2,6,控院的都被感染了，特别特别好的老师
175146,5466,周睿鸣,2023-06-22 02:06:02,20,24,4,阴阳怪气大师😅
179890,5466,周睿鸣,2023-09-20 02:57:43,2,6,4,雷老师还是非常幽默风趣的，人格魅力很强，上课也能学到一些做新闻的方法，但是容易让人自我pua，觉得自己很烂……
180963,5466,周睿鸣,2023-09-29 16:28:53,2,11,9,雷老师是我私心觉得现在传院最好的老师（本来应该是和有才，但有才走了呜呜呜呜呜呜），太感谢事实核查，比较媒介体制和校园媒体劳动与实践课程上的教导，也给予了很多届同学不同的帮助。现在唯有感激与祝福。
183098,5466,周睿鸣,2023-11-22 06:37:33,7,9,2,讲的挺好的但是我实在喜欢不起来。
183292,5466,周睿鸣,2023-11-23 13:01:14,18,20,2,不讲人话
183294,5466,周睿鸣,2023-11-23 13:03:52,21,23,2,这人充斥着知识的优越感，情商不太高，不会好好说话，从智商上鄙视所有人
183388,5466,周睿鸣,2023-11-24 14:05:34,5,7,2,呵呵呵
184004,5466,周睿鸣,2023-12-06 05:43:20,10,13,3,评判人的方式让人不舒服，福柯知道你这么用他的理论吗
184520,5466,周睿鸣,2023-12-21 09:32:27,13,15,2,有自己的一套话语体系。。。
184559,5466,周睿鸣,2023-12-21 15:55:22,-4,11,15,从不刻意点名，上课的时候总带着护腰，总是笑着从理论说到时事，讲到关键处就喝口咖啡。学生和老师在相互观察的时候总能从彼此对方的身上看见自己，那种热情、真诚、敏感和察觉以后的克制让我看见学术之外的鲜活的人，我们都在成长的路上。\n\n哪有人是完美的，能碰到像这样的老师我已经觉得很幸运了。雷蒙德你也很棒（知道你会看到(￣▽￣)~*）
184926,5466,周睿鸣,2023-12-24 11:44:51,13,17,4,诚恳的刻薄。不知道通不通福柯嗯嗯。
185794,5466,周睿鸣,2024-01-09 05:26:09,13,15,2,区别对待。。。
186218,5466,周睿鸣,2024-01-09 13:54:04,-2,8,10,很可爱的一位老师，为人风趣幽默。老师授课内容丰富硬核，课堂风格也很独特，每次听他的课都有一种在和老师对话的感觉，听课体验很好hhh。感谢老师在本科期间对我的教导，真心祝愿老师未来越来越好~
191699,5466,周睿鸣,2024-04-28 09:00:17,12,14,2,听说下一届校园媒体劳动与实践水了特别多，有点惋惜
193714,5466,周睿鸣,2024-06-16 03:56:47,-1,11,12,很震惊雷老师的评价中也会有这么多批评的声音哈哈哈哈，只能说每个人的感知真的不一样吧。个人认为雷老师情商真的很高，交谈中也没有感受到所谓的优越感，反而是很会听取同学表达并进行反馈的一位老师～
194723,5466,周睿鸣,2024-06-25 05:30:29,-11,1,12,校媒满了，谢谢老师！
198960,5466,周睿鸣,2024-09-13 11:20:29,5,7,2,讲课作业给分都挺好只是不知道为什么总带给我一种竭尽全力展示自己的优越和与众不同的用力过猛感
201064,5466,周睿鸣,2024-10-28 06:08:39,5,6,1,想和他讨论某个问题，结果被他在朋友圈阴阳怪气：“隔三差五就要面对拿着一篇没头没尾的杠精推文（甚至啥也不读一点）来表示的“我不同意”，希望我好好学习探索。好的，我学”\n\n一句不聊，你咋知道学生没读，倒是讨论一下呗。。。
201458,5466,周睿鸣,2024-11-03 09:30:25,13,13,0,高傲，水课，区别对待，前面评论的都赞成。可能也就是因为事情少所以和同学没什么冲突才能有这个分吧\n\n不知道前几届他表现如何，22级除“亲信”外几乎从他身上学不到多少东西\n\n另外听上课发言，感觉是那种会高强度自搜的人嗯嗯
201870,5466,周睿鸣,2024-11-07 05:16:43,9,9,0,区别对待是真的
202216,5466,周睿鸣,2024-11-11 01:53:30,4,4,0,他给分不错的
202685,5466,周睿鸣,2024-11-14 01:13:04,4,5,1,大量的奇怪例子中混杂着少量的知识和几乎没有的逻辑
204487,5466,周睿鸣,2024-11-26 07:31:41,3,3,0,传院给分最好的老师
208504,5466,周睿鸣,2024-12-28 13:07:34,0,1,1,好好好
209267,5466,周睿鸣,2025-01-05 09:14:26,2,4,2,老师讲的很有水准，对待学生真诚温柔，特别特别好。雷蒙德真的值得！
213633,5466,周睿鸣,2025-01-18 15:42:56,1,1,0,上课讲相声一般听不懂一点，要求不少而且说不太清楚，无端有点优越感。\n\n我是文盲，我听不懂课，我被卡绩，谢谢老雷
213682,5466,周睿鸣,2025-01-19 06:23:11,4,4,0,浑身上下透露着一股怪怪的气息
214018,5466,周睿鸣,2025-01-23 02:46:14,0,2,2,上课讲的东西不完整听下来（指每节课不走神不摸鱼）确实很容易觉得没逻辑，讲课思维比较发散但是由于老师个人的记者从业经历也能学到很多有实际意义的东西，这点在事实核查课上体现尤为明显。不点名作业少给分好，平时摸鱼的话最后好好完成老师给的作业或者考试完全可以获得比较高的绩点。上比较媒介体制的时候老师非常用心地给每个同学的作业写了评价。
214816,5466,周睿鸣,2025-02-18 05:24:27,1,3,2,是少分高，有真东西，缺点是讲课水平一般吧有点云里雾里，但是比起🚢院其他抽象老师我还是爱雷蒙德的，十分奉上🙇‍♀️
216820,5466,周睿鸣,2025-03-26 06:52:40,6,6,0,雷蒙德要走了\n\n其他百人和特聘副陆陆续续也要考核了\n\n学院还剩下多少能教书的老师呢
217805,5466,周睿鸣,2025-04-16 15:46:59,2,2,0,非常好的老师，事少分高，讲课有真东西的，要走了很不舍他。🚢院的好老师又少了一位…
137839,5569,徐三成,2021-07-06 09:21:28,0,0,0,好！！
124361,5658,黄清,2020-06-29 15:57:04,1,4,3,策略传播概论每章有小测，内容全在ppt里，还有一篇3000字小论文。4.5
135181,5658,黄清,2021-05-05 11:15:41,2,2,0,2021春学期策略传播概论，平时作业是小组课堂展示，期末无论文但有闭卷考试(复习到位了就没问题)，总体任务量不多。老师上课思路还是很清晰的，内容丰富，会结合很多案例分析，最后给分也很不错，外专业也可以选作个性。
135185,5658,黄清,2021-05-05 12:06:39,1,1,0,老师很漂亮！上课干货很多！考试只要重点背出了就行啦！
139358,5658,黄清,2021-07-14 17:07:20,2,3,1,且上且珍惜
139845,5658,黄清,2021-08-01 07:51:01,1,6,5,珍惜啊！即将在言笑燕雁里燕雁一息的小朋友们！
144363,5658,黄清,2021-12-21 07:19:53,0,1,1,单论上课事情没多少，但是感觉没学到太多东西，给分也很草率
152567,5658,黄清,2022-04-20 11:49:46,2,2,0,老师人很好，能力很强，每节课结构清晰干货满满，能学到很多。外专业选了策略传播文案写作感觉任务不多也不算太难，一次小组汇报一次个人作业，用不了多少时间~最后4.5还可以吧
152689,5658,黄清,2022-04-18 10:54:21,1,1,0,【策略传播概论】\n\n老师出分很快，四天极速出分。\n\n平时上课-有条理也有一些趣味\n\n任务量不多，给分还可以？我觉得可能不会给你惊喜但是也不会很低
152694,5658,黄清,2022-04-18 11:27:46,0,0,0,老师上课干货很多，但是都是一些很基础的东西，一次小组展示加一次考试，点过一次名（因为当天东西讲完了还有几分钟）认真学还是能学到东西的，考试不难都是PPT内容，但是要背，东西有点多，给分也还好
152712,5658,黄清,2022-04-18 16:23:31,7,7,0,策略传播概论点过一次名，平时展示40%，期末小测60%，我上课是没发过一次言，事情蛮少的其实，考前好好背就ok，4.8
152726,5658,黄清,2022-04-19 02:37:10,0,0,0,策略传播概论，事情比较少只有一次小组展示和课堂考试，内容不多只用背PPT，给分不错，上课内容仔细听也挺有意思的，老师上的很有逻辑
152794,5658,黄清,2022-04-20 02:33:41,4,4,0,老师讲得很好，最后的考核也不难。并且，是真的感觉在复习和准备考试的过程中学有所获，干货很多。并且理论结合案例分析，在注重内容的同时也注重知识结构（在老师提供的ppt和资料里都有体现，不是很难！）最大的感触是大一的我几乎第一次有这种应试色彩较浅而真的帮助我们学到知识的考试，准备的时间非常值得。最后，只要平时听一听老师的分析，期末认真复习老师给的资料就可以了，展示不需要卷，正常做就可以。可以发言，和老师交流很有益处，但这点对成绩影响不大，社恐也不用怕，认真倾听就好。4.8，感觉不错！
152808,5658,黄清,2022-04-20 04:54:01,2,3,1,策传文案写作，老师授课挺好的，教纲很清楚，逻辑性强，很容易建立起一个策略传播文案的基本知识体系。课程考核也不复杂，一个40%的平时展示，一个60%的期末文案写作作业。唯一想吐槽的是最终作业的要求，老师没要求有设计（只是附加可有），但是最后助教按照是否有设计区分作业等级……我以为我上的是文案课，不应该更加注重文案本身吗？
152809,5658,黄清,2022-04-20 05:29:23,0,0,0,干货满满
152854,5658,黄清,2022-04-20 23:53:14,0,0,0,还行吧
152865,5658,黄清,2022-04-21 03:17:14,2,2,0,清清姐姐～超喜欢她！\n\n笑起来感觉世界都明媚了。\n\n本来以为会是对学生距离比较远，没想到冲过去加微信老师真的会同意而且和我聊。真的特别特别感谢老师。\n\n老师真的好认真好努力，学术上也好厉害好牛，好喜欢好喜欢。
153141,5658,黄清,2022-04-26 05:25:13,1,1,0,干货满满，上课很有逻辑很有条理的老师，赞！
154586,5658,黄清,2022-06-02 08:51:55,1,1,0,喜欢黄清老师~
182867,5658,黄清,2023-11-21 00:56:26,2,3,1,非常好的老师！策略传播概论上课非常有逻辑，节奏把控地也很好，理论和案例都很丰富，讨论课任务量也不是很大。最后拿到了还比较满意的绩点。视听er含泪bd TT大家都给我选！
183213,5658,黄清,2023-11-23 01:26:33,0,0,0,老师的课程框架很清晰，感觉学到了很多理论，主要是每周有讨论和最后的闭卷考，学到了不少，期末背的挺认真的，但是给分一般捏
183214,5658,黄清,2023-11-23 01:30:35,-4,1,5,策略传播概论满了，谢谢老师！理论讲的非常清楚，节奏适中，案例辅助，很适合打基础。讨论课我个人很喜欢，因为是组内讨论不存在鹅颈（当然组间展示可能会有一定竞争），但是还好～小组组建要求一定要有留学生，这一点很不错诶。
188430,5658,黄清,2024-01-19 03:42:19,1,1,0,老师人很好，就是文案作业写的有点迷hhhhh
189263,5658,黄清,2024-01-22 16:06:30,4,4,0,文案课给分有点迷诶
193834,5658,黄清,2024-06-20 05:00:18,1,2,1,醉了这给分
202675,5658,黄清,2024-11-22 07:35:53,1,3,2,给分不好
202716,5658,黄清,2024-11-14 03:39:33,0,2,2,给分想干嘛
202749,5658,黄清,2024-11-14 06:49:51,4,5,1,黄清老师是我认为的传院第二女神（目前为止），除了第一堂课会抽一排人做自我介绍和比较紧的小组作业准备时间以外，其余都非常非常好\n\n比秋学期个别老师好多了
202769,5658,黄清,2024-11-14 09:02:23,3,3,0,简直是妈妈级别的老师。策略传播概论这种给专业打基础的课遇见清清老师我简直是太幸运了，全部听下来真的能收获很多。我要给清清老师当狗。。。
125638,5926,张婵,2020-09-12 13:47:45,0,1,1,挺坑的，跟上老师脑回路的学生给分就好，要是和老师想法不一样就呵呵了
126994,5926,张婵,2020-11-02 03:00:08,2,5,3,呵呵呵
148526,5926,张婵,2022-01-12 23:44:11,6,8,2,婵妹捞人的，白送了点平时分，感动😭
156822,5926,张婵,2022-06-21 04:49:07,2,3,1,给分不公平。一些同学绩点涨了好几个档次，个别同学绩点无上涨
159964,5926,张婵,2022-09-10 08:36:17,1,3,2,找别的老师
165513,5926,张婵,2023-01-07 14:34:48,0,0,0,老师好棒👍🏿
165514,5926,张婵,2023-01-07 14:39:59,2,2,0,老师讲课清楚，作业布置合理
166169,5926,张婵,2023-01-11 09:02:32,3,3,0,张婵老师其实很好的 其实提前预习教材  上课认真一点都是可以听懂的\n\n老师今年也取消编程的作业了，真的听得进学生意见的😭😭\n\n老师有种新时代独立女性的魅力，上她的课是一种享受（另外，张老师送了平时分的，所以其实实际均绩没有查老师上显示的那么低啦）
166259,5926,张婵,2023-01-11 14:52:44,0,0,0,老师上课结构框架都很清晰，认真学可以收获很多\n\n考核方式也很合理不会都堆在期末\n\n最后考完她和助教也真的努力在捞，送了很多平时分\n\n为老师打call！！！
168106,5926,张婵,2023-01-28 02:36:40,1,2,1,张老师知识点讲的很清楚，简约风PPT+生动案例超清晰，个人认为节奏和整体风格是适合社科研究方法入门学习的，而且老师很鼓励学生与她交流，上课回答问题不会有很大压力，学弟学妹们选！（助教姐姐捞人很给力
170672,5926,张婵,2023-03-08 02:31:56,1,1,0,老师人很好给分也还行，可以学到很多东西。
189755,5926,张婵,2024-01-28 11:39:09,0,0,0,老师讲课有趣，而且个人认为是比较适合小白的，给分也特别好
125175,5931,黄广生,2020-09-03 03:05:26,10,13,3,老师上课超级耐心，介绍理论知识点时候也会结合现象解释得很生动(๑>؂<๑）给分也很好，超级nice的老师
134418,5931,黄广生,2021-03-27 15:53:40,11,11,0,非常有风度的大哥哥，相当友善，甚至我觉得过分谦逊？学识很丰富，很符合我想象中的学者形象！非常棒www
135600,5931,黄广生,2021-05-16 12:38:44,4,5,1,给分超级好，人也很幽默，上课很有趣，感觉是朋友而不是老师
135601,5931,黄广生,2021-05-16 12:46:35,2,3,1,上课超级有趣，给分高，直接十分
135602,5931,黄广生,2021-05-16 14:05:11,5,5,0,10分献上，黄宝放心飞妈妈永相随~
137271,5931,黄广生,2021-07-02 18:24:59,16,17,1,黄老师会高强度自搜查老师吗(doge
153581,5931,黄广生,2022-05-05 06:26:48,5,7,2,老师人挺有趣的，给分也不错，不点名，作业是3000字文献综述和一个15min的纪录片。and上课内容可能会有一点点单调，内容比较老，没有太贴合最新时事，总的来说体验感还是可以的。
153677,5931,黄广生,2022-05-07 14:53:29,13,14,1,老师家的猫猫好可爱，好想偷走！（咳咳话题偏了）老师说不想我们觉得是水课，就找了很多资料想让我们了解深层次一点的东西，不会过多地讲现在的现象（可能我们对现象也很熟悉），所以有的同学觉得有些boring，但是老师很用心，会耐心和我们解答，老师人好好哦，我爱黄老师，给昏也好好！最后还愿意帮忙给同学文献综述的建议，十分献上（如果有一百昏，就打一百昏）
192511,5931,黄广生,2024-05-22 09:28:49,1,2,1,这里是2024春学期的课\n\n老师偶尔点名（点名的原因是不点对不起早8的学生）\n\n平时不点名，给分巨好！\n\n上课讲的东西还蛮有自己的见解的。给赞b(￣▽￣)d
192515,5931,黄广生,2024-05-22 10:56:40,6,6,0,老师很好，给了91
193964,5931,黄广生,2024-06-21 06:17:40,2,3,1,给了91
200573,5931,黄广生,2024-10-19 13:26:47,2,4,2,小组长+论文卷到两倍字数且保质量。\n\n4.5\n\n呵呵。
208158,5931,黄广生,2024-12-26 04:00:07,0,0,0,鼠鼠我爱死了
216660,5931,黄广生,2025-03-20 08:41:40,-4,1,5,莫名其妙，喜怒无常，无法理解。
219400,5931,黄广生,2025-05-26 11:13:44,0,0,0,给分不错，4.8
219407,5931,黄广生,2025-05-26 13:43:30,1,1,0,很体谅学生 很可爱 就是讲课声音有点小哈哈哈
219411,5931,黄广生,2025-05-26 16:52:11,0,0,0,人很好
124593,5948,陈宏亮,2020-07-03 10:54:51,9,9,0,新媒体研究，老师本人的学术经历以及课程内容都很硬，很多内容很前沿，教学也不错，作为学术类课程值得好评。但是个人觉得作业太多太硬了，超出了应有的负荷。此外线上联系老师有些困难。
142667,5948,陈宏亮,2021-11-15 03:24:42,11,11,0,上课讲学术，作业却是实务，只靠自学成才
155046,5948,陈宏亮,2022-06-08 01:56:55,16,16,0,这个作业量建议开长学期的课
155047,5948,陈宏亮,2022-06-08 01:56:56,9,9,0,这个作业量建议开长学期的课
161057,5948,陈宏亮,2022-10-25 07:43:33,11,11,0,很难不骂人。在您眼中两个策划案一个个人案例分析作业外加一个考试是一个秋学期能完成的？那破加分作业还tm是隔壁公关的期末大作业，这是在干什么？建议退了别选，花的时间约等于我秋学期其他课的总和，耗子尾汁
161458,5948,陈宏亮,2022-11-07 05:25:45,11,12,1,😄一节两学分短学期的课，比我秋学期另外4门课加起来作业还多，作业加起来该几万字了吧😅全都给我看完哈
161477,5948,陈宏亮,2022-11-07 12:19:45,11,11,0,这个作业量怕是致死亮。。。。还拿别的课的期末作业来当加分作业，写一会作业怒气就会上升一点👊👊👊
161659,5948,陈宏亮,2022-11-10 06:47:26,8,8,0,彻底打消了我对传媒行业的念想，非常感谢您，恩师🙏🏻
161784,5948,陈宏亮,2022-11-13 08:53:41,10,10,0,无论给分如何都不妨碍我骂人
161804,5948,陈宏亮,2022-11-13 16:05:37,11,11,0,亮，你睡得着吗
161806,5948,陈宏亮,2022-11-13 16:11:07,8,8,0,作业量极其不合理，自以为是，不切实际
174768,5948,陈宏亮,2023-06-17 09:08:58,4,4,0,致死作业量...新媒体研究的两个作业搞得像社科研。。。授课内容和实践的关联性在？？？
182260,5948,陈宏亮,2023-11-13 12:43:10,11,11,0,这作业量是不是太恐怖了一点
182621,5948,陈宏亮,2023-11-18 11:57:06,13,13,0,作业不合常理的多
182778,5948,陈宏亮,2023-11-20 08:15:40,11,11,0,作业太多，写不完作业，我承认我破防了
182926,5948,陈宏亮,2023-11-21 06:21:21,25,26,1,你最好把大家的作业一个字一个字看完
182943,5948,陈宏亮,2023-11-22 10:27:22,18,19,1,2学分的课，4学分的作业，1个策划案、1个健康传播案例分析（1500字）、1个开卷考【每小题不超过1000字，5大题，每题2-3小题，总共11题，最少10000字】，你看不疯，但是我快疯了！！！！！！这个作业量真的，不是专业课必修我早润了！！！！！\n\n原本给了2分，发现给多了，他不值。。。。感谢让我在主图连呆几个中午。。。。
182945,5948,陈宏亮,2023-11-21 07:43:00,12,12,0,策略传播实务2分的课又点名又一个公关策划案又一个案例分析又一个开卷考试。。。开卷考试还要看两本书+文献。。。
183050,5948,陈宏亮,2023-11-22 02:00:24,15,15,0,写一会儿最后布置的作业一定要看一会儿脱口秀，不然很难不想鲨人
183126,5948,陈宏亮,2023-11-22 10:27:09,7,7,0,没啥好说的 谨慎选课...呵呵
183128,5948,陈宏亮,2023-11-22 10:29:05,12,12,0,16堂课5次点名，一份不少于1500字的传播案例分析，每题不少于1000字的期末开卷（一题5分）（傻眼），小组策划案，老师你睡醒了吗我先睡了。2分的课真的好没必要teacher。虽然你很爱上课的时候和美国人通电话，应该不太有空看作业，下次少点吧。
183174,5948,陈宏亮,2023-11-22 13:45:41,7,7,0,选了这位老师的课，我只能说节哀顺变，图书馆会是你最好的归宿……
183241,5948,陈宏亮,2023-11-23 05:24:14,13,14,1,我们班90个人 一人平均11000个字 总共990000个字 你跟我一个字一个字看完再出分:)
183308,5948,陈宏亮,2023-11-23 15:05:08,17,17,0,我真的服了，不愧是美国待久了的哈\n\n资本家都没你会压榨人，把我们当黑奴了\n\n三个作业就算了\n\n你那每个题是能当简答题的类型吗\n\n我倒是想简答，一个五分的小题你还要分三四个问题来问，吃这么多你也不怕撑着\n\n还要要求一个小题不超过一千字\n\n又当又立，出了这么多问题还要反过来限制字数\n\n你最好是把我写的东西看完了\n\n别回头我的剩余劳动价值都被你榨干了，你还要当成垃圾来处理
183312,5948,陈宏亮,2023-11-23 15:19:02,6,6,0,啊啊啊啊啊啊啊啊
183322,5948,陈宏亮,2023-11-23 19:25:28,5,5,0,我吐了我吐了我破防了。谁选谁倒霉
183373,5948,陈宏亮,2023-11-24 11:30:12,5,5,0,我们在忙，老师在玩！！！每人最少交了15页纸吧。。。
184009,5948,陈宏亮,2023-12-06 06:20:34,5,5,0,这个给分、、和我们写的2w字真的、、、
184028,5948,陈宏亮,2023-12-06 13:36:50,1,2,1,整体给分应该不低，亮，答应我下次别布置这么多作业了，明年还要上你的课，有点相似
184050,5948,陈宏亮,2023-12-07 10:17:02,2,2,0,亮，你太致死了
184059,5948,陈宏亮,2023-12-07 11:24:10,1,1,0,怎么说呢，课不错，给分不好也不差，听得出来老师很有学识，也对课程准备颇多，其实其他方面都是很不错的，就是这个作业量……额……感觉像上了3门课……
192707,5948,陈宏亮,2024-05-29 04:24:33,-1,0,1,实力1分，真是太过分了！！！一而再再而三地点名有意思吗？你是靠点名发论文的吗？
193040,5948,陈宏亮,2024-06-03 02:33:41,2,2,0,作业真的好多。只能说新媒体这课不应该放在大三下学期吧，本身大三心理压力已经很大了，这节课给分飘忽不定、老师阴晴不定，上一次课感觉绝望一次，每一次课、每一次写作业都感觉提心吊胆的
196258,5948,陈宏亮,2024-07-02 17:07:50,3,3,0,作业量是有的，和其他老师的课程作业比偏多，但是收获也确有，本来和学术相关的课程在传院的培养方案里面就少，这节课对我来说算是一个开始，就是这个开始有点太迟了，老师给分不错。
199778,5948,陈宏亮,2024-09-29 15:47:42,0,1,1,为什么一直点名
201857,5948,陈宏亮,2024-11-07 03:17:35,1,1,0,作业好多，论述题真恶心
201933,5948,陈宏亮,2024-11-07 12:49:11,0,0,0,作业太多了，三个作业，每一个都可以当作其他课的大作业。现在被论述题搞得快疯了，每一题都相当于一个小论文！！！！！！！！！！！！！！！
203504,5948,陈宏亮,2024-11-20 01:29:17,2,2,0,作业量是致死的，给分也是，呵呵
124055,6156,孙怡,2020-06-22 17:13:04,5,5,0,老师上课很认真 超棒的！
127592,6156,孙怡,2020-11-25 01:00:16,1,2,1,女神老师 爱了
141563,6156,孙怡,2021-10-14 15:22:07,1,1,0,老师特别漂亮，讲话超温柔！！！
142400,6156,孙怡,2021-11-11 03:55:20,1,1,0,老师人很温柔！课也很好！
152846,6156,孙怡,2022-04-20 13:18:40,0,1,1,女神老师！！！
162378,6156,孙怡,2022-11-21 07:44:16,1,1,0,好棒的老师
162519,6156,孙怡,2022-11-24 05:51:56,5,6,1,现当代文学满了~\n\n老师上课干货满满，内容清晰\n\nps 她不喜欢用ppt，都是板书+口述，要做好笔记收获很大的哈哈
175321,6156,孙怡,2023-06-23 16:26:40,1,1,0,给分好好好
182546,6156,孙怡,2023-11-17 10:25:38,4,4,0,中国现当代文学史路过打卡，老师上课干货很多，也很有文采～感觉是船院少数很有学术涵养并且能静下心来做学术的老师的老师之一～
182657,6156,孙怡,2023-11-19 04:24:26,2,3,1,老师讲的东西也很好，让我对现当代文学名家的作品和风格都有了很全面的理解，喜欢老师身上冷静自持的优雅，喜欢老师不用ppt而写板书的传统，给分也蛮好的诶，身边同学都还不错，反正真的选孙怡老师的课一点也不亏
182722,6156,孙怡,2023-11-20 02:06:03,1,1,0,讲课很认真，给分好好
182999,6156,孙怡,2023-11-21 11:31:47,1,1,0,人美心善~喜欢老师
184548,6156,孙怡,2023-12-21 14:36:41,0,1,1,冷静逻辑清晰的美女老师～～给分好好，非常和善，听到同学回答偶尔的笑容也很反差萌！
185089,6156,孙怡,2023-12-26 06:41:03,0,0,0,讲课逻辑清晰内容丰富，真的能让人听懂，干货满满，给分也超好
190075,6156,孙怡,2024-02-19 08:21:24,1,1,0,处事干脆，英文流利，给分优美。
194077,6156,孙怡,2024-06-22 06:40:57,0,2,2,《中国文化对外传播史》\n\n很冷静很有气质的美女姐姐，英语口语好得令人震惊。虽然上课只写板书没有PPT容易走神儿，但是认真听真的能学到很多文化学和传播学的知识，干货满满。课程任务就是三次点名，一次期中开卷翻译，一个期末下限2000主题不限的论文。虽然课程内容都是跟历史相关的，但期末论文自愿展示的同学都写的是当下的热点传播orz（原神，微短剧，宫斗剧等），都讲得很好。最后给分也很好，感恩。
194096,6156,孙怡,2024-06-22 03:55:21,0,0,0,给分美好
194101,6156,孙怡,2024-06-22 03:59:34,0,0,0,给分优美！爱了
201845,6156,孙怡,2024-11-07 03:25:29,2,4,2,1.美女老师\n\n2.上课逻辑清晰干货多，不用ppt口述+板书\n\n3.作业少，期中字数不限期末2000\n\n4.数字点名可智云\n\n5.给分优美\n\n以上，syjj yyds！
201873,6156,孙怡,2024-11-07 05:27:27,-1,2,3,美女老师的超级好课～
201880,6156,孙怡,2024-11-07 06:44:46,3,4,1,分数不高\n\n应该是我自己的问题吧，与老师无关\n\n最后一节课听其他同学分享论文还是觉得挺震撼的
202412,6156,孙怡,2024-11-12 12:15:29,0,0,0,老师人很好备课讲课都很认真 但两个早八+不用ppt全凭口述和板书让人实在听不进去 作业有点小难度 最后分数只能说还可以
126696,6418,王可欣,2020-10-14 07:12:34,36,38,2,可欣太可爱了！人美心善，上课准备贼认真！爱了爱了！
126837,6418,王可欣,2020-10-22 13:15:35,41,45,4,我爱可欣老师呜呜呜！
127956,6418,王可欣,2020-12-01 07:35:17,34,35,1,超爱可欣姐姐啦，上她的课永远有趣且有深度！
128149,6418,王可欣,2020-12-08 15:33:11,33,33,0,我永远爱可欣姐姐！！干货多上课也有趣！！
129157,6418,王可欣,2020-12-30 16:41:06,38,40,2,老师真的是专业课里讲得最清晰的！备课和讲课都极其认真，能看出来有很强的专业素养、自我要求和责任心。\n\n不过元旦作业ddl有点点紧迫……
129729,6418,王可欣,2021-01-11 14:29:22,33,34,1,上课很认真！干货很多，能学到很多东西。
130148,6418,王可欣,2021-01-18 05:41:45,35,35,0,超级超级干货满满的课！！！我永远爱她！！！
130206,6418,王可欣,2021-01-19 03:50:01,41,44,3,强推！美女老师~上课干货多，有趣，学术风格严谨，也很关心我们的感受！\n\n最后期末的半开卷考试，老师看到我们密密麻麻的A4纸说可能得放大镜也带过来哈哈哈
130732,6418,王可欣,2021-01-24 11:48:50,36,36,0,上课很有趣，结构很清晰，传播心理学是目前为止唯一一门我能整节课不走神的课\n\n老师真的很美！女神！\n\n就是每次布置作业ddl都挺近的，有点赶
132447,6418,王可欣,2021-02-01 15:42:50,33,33,0,超超超超超专业！备课上课都很认真，蛮有意思。为年轻漂亮班主任打call！
133113,6418,王可欣,2021-02-08 17:45:59,33,33,0,绝了 这老师 又漂亮有温柔又厉害\n\n传播心理学这门课也很有意思\n\n你一定一定会喜欢她的!\n\n我爱她!真的
134032,6418,王可欣,2021-03-12 16:26:53,30,32,2,美女班主任 课很硬核，能学会好多东西对我们也很有要求 超级负责任  上课也很有趣 超级可爱 给分也不错 认真听课认真完成作业 就能拿到高分
134733,6418,王可欣,2021-04-12 17:18:02,28,29,1,想打100分啊啊啊啊啊啊啊
137701,6418,王可欣,2021-07-05 16:22:13,29,29,0,想念可欣，如果再多开几门课就好了呜呜呜
139913,6418,王可欣,2021-08-17 14:51:30,25,26,1,我的小可心老师，一如初见时有趣聪慧，用一颗怦怦跳动的心去体会教书育人的喜悦去啦！越来越好，期待去听你的课。一万次表白
140551,6418,王可欣,2021-09-13 15:19:32,21,22,1,老师超级好的！！上课很生动、特别有趣，满满的知识点，老师上课很认真，但不会沉闷，让人不自觉的想多听听她说的课，而且期末的考试是半开卷的，可以抄写/印一张纸带进考场，只要上课认真分数就不会低，进浙大以来最喜欢的课最喜欢的老师！！！认真负责可爱的老师+相当高的绩点，你值得拥有！！想追着老师跑！！
144453,6418,王可欣,2021-12-21 14:13:23,-9,3,12,。..
146667,6418,王可欣,2022-01-07 07:28:06,15,15,0,呜呜呜可欣姐什么时候再开本科生课程哇
152101,6418,王可欣,2022-03-26 06:17:00,26,27,1,来给俺滴可心打满分啦！\n\n是上大学以来遇见过最好的老师，是觉得自己真的很幸运很幸运才能遇见的老师。\n\n学术上无可挑剔，论文课题一个个来一个个优秀无比；工作上严谨细致；对待学生永远温柔、平等，倾听你的声音、耐心。\n\n一直记得她说过的一句话“不希望你们优秀，只希望你们幸福。”和办公室白板里挂的“即刻行动”。\n\n希望我的可心能一直一直幸福，生活中只有美好的事物和数不尽的确幸。
152760,6418,王可欣,2022-04-19 09:35:05,12,12,0,好爱
153823,6418,王可欣,2022-05-12 07:17:57,11,11,0,好爱！
155475,6418,王可欣,2022-06-22 12:55:14,9,10,1,喜欢喜欢喜欢喜欢喜欢喜欢喜欢！！！可欣姐姐亲亲！！！ლ(°◕‵ƹ′◕ლ)
155977,6418,王可欣,2022-06-17 03:22:36,5,6,1,上课超级认真！而且知识讲得也很通透，不错！
157279,6418,王可欣,2022-06-23 00:04:06,8,9,1,可欣姐姐大美女🤤是上课只想盯着老师看的那种美女哈哈；上课有超多干货传播心理学真的很有意思；给分也好好
157301,6418,王可欣,2022-06-23 01:33:47,6,7,1,欧西可欣老师我爱你啊啊啊！本来因为小组展示做的不太好一直因为这门课忐忑，没想到给分超级好啊啊啊，上课干货满满又有趣，真的值得选的好课！！！
157601,6418,王可欣,2022-06-24 02:28:36,6,8,2,美女老师，学识渊博，传院SCI大户（神），给分超好，能学到很多，期末半开卷，难度不高
157666,6418,王可欣,2022-06-24 09:30:11,2,5,3,我真的好爱她´д` ;
159297,6418,王可欣,2022-07-11 06:56:38,3,5,2,老师讲的挺好的，就是做什么事都很赶的样子，有一些东西没想好就开始上课或者传达了，包括展示，考试内容，上课进度啥的
176929,6418,王可欣,2023-06-30 18:00:58,1,2,1,超爱可欣姐姐啊啊啊啊啊啊！！！！！人美课好！！！！！！
176932,6418,王可欣,2023-06-30 18:07:43,6,6,0,我的神！感觉老师情绪超级稳定做什么都很有条理很有规划，会把所有PPT都发给大家，PPT框架结构也很清晰。有三次随机点名和两次会提前通知的小测，期末半开卷。绩点大家反馈应该是都挺好的，认真听课复习的时候认真整理资料都能不错～爱你₍˄·͈༝·͈˄*₎◞ ̑̑
177001,6418,王可欣,2023-07-01 04:36:46,1,2,1,好好好！
178863,6418,王可欣,2023-07-26 09:50:00,0,2,2,讲得很好，课程内容有趣，给分也超好
196311,6418,王可欣,2024-07-03 00:55:02,6,7,1,一般，不好不坏吧
196315,6418,王可欣,2024-07-03 01:15:29,0,3,3,很用心、认真也很有水平的一位老师。\n\n传播心理学我做小组展示和半开卷资料都比较认真，给满了，谢谢老师和助教！
196346,6418,王可欣,2024-07-03 04:08:24,0,1,1,老婆老婆老婆老婆，我爱你
196899,6418,王可欣,2024-07-06 00:33:58,-1,4,5,王老师，我不允许任何人辱骂你，不允许任何人欺凌你，不允许任何人反对你，不允许任何人忤逆你，不允许任何人欺负你、伤害你、讨厌你……言归正传，可欣姐姐上课逻辑清晰，小测之前会通知，布置任务也很有条理，处理事情的效率奇高，可以从任何一个细节看出个人风格的严谨干练，这也使得认真听课绝对会让学生收获颇丰，从功利点的角度说说，如果你想要得到更好的绩点，认真听课是必要的。用心对待作业、遵守规则，就能获得回报，因为kxjj是个非常讲求公平的人。
200575,6418,王可欣,2024-11-23 10:00:37,-7,6,13,给分莫名其妙。每一部分都做好了，期末只有基准分4.5.我请问呢？？？还是91分，一分都不多捞。我真服了。。。。。。每节课都认真听了期末考试也没有纰漏，小组作业卷到飞起结果呢？
201155,6418,王可欣,2024-10-29 11:22:07,6,8,2,虽然好评很多但是我觉得她上课（健康传播）就是在展示自己的研究成果，明明是教学ppt却要用APA格式展示然后每一句话后面都要标一个文献参考，整体逻辑真的太差，期末考试还要半开卷自己整理，我现在已经想吐血了
205366,6418,王可欣,2024-12-05 06:55:05,0,1,1,欲扬先抑一下吧。\n\n可欣上课像有那个被迫害妄想症，同学上课出去一趟她也要来两句是不是对她有意见。\n\n然后上课属于是上位者对无知小蠢蛋们的知识施舍，虽然我也知道信息查摆在这里师生地位不会太平等，但是这种施舍感在充满各种文献截图的光看演示文本不知道在干嘛的ppt里和她张口闭口学术用语且浅讲一点就因为时间关系跳下一个点的过程中。\n\n可以理解学者需要严谨，但是会用大众能听懂的语言，能看懂的呈现方式上课，不装逼也是作为一个老师很重要的点。\n\n现在开始夸，可欣学术基础很扎实，认知复杂度很高，感觉学新传的卷的很成功就是她这样的——看上去很优雅，上颚发音，旁征博引，做过很多调查实验，而且还挺有人文关怀的。找她问问题，她会自动给你联想“猜你想问”，然后就会有意外收获。\n\n其实得了91我还能接受，虽然差一分绩点上0.3吧，但是无所谓了，健康传播是我很喜欢的课，听课过程很好玩，学得内容和生活关联性很强，也很适合在别的专业的同学面前装逼！可冲
141724,6507,孙宇,2021-10-22 12:39:52,1,1,0,新来的老师，人太nice了，十分热情与真诚
137702,6557,李思悦,2021-07-05 16:25:07,0,6,6,给李思悦老师打100分(占总成绩的99%)，给公共演讲这门课打79分(占总成绩的1%)\n\n李老师好温柔，公共演讲对社恐真不友好，整个夏学期的痛苦来源，好想逃啊~(虽然给分其实预测还行？)
137746,6557,李思悦,2021-07-06 03:11:31,0,3,3,思悦小姐姐又温柔又知识极其渊博，好喜欢好喜欢她～公共演讲有点硬核但是能学到东西，实践课就是push人去不断的训练。上课不能迟到是规矩也是对其他人的尊重，所以也需要所有人的理解。给分很不错的，喜欢演讲的话，千万别错过！
138076,6557,李思悦,2021-07-07 09:19:03,2,10,8,给分不公平，好的人更好，差的人更差
138803,6557,李思悦,2021-07-11 02:39:09,4,6,2,思悦老师人美心善，和她反应自己成绩被舍了，老师就手动改成了四舍五入。\n\n虽然课程压力大，但是课程的问题，老师讲的还是很有趣的
153761,6557,李思悦,2022-05-10 09:32:22,-1,1,2,不错哦
157599,6557,李思悦,2022-06-24 02:27:06,0,2,2,老师本人很有魅力啊，讲课很生动也很清晰。实践课真的很顶，估计传院朋友圈也能看出来……不过push完确实能学到挺多
157810,6557,李思悦,2022-06-25 02:44:42,3,7,4,老师的理论课虽然是讲怎样演讲这样的硬知识，但是讲得很生动有趣!!有一节课还玩儿击鼓传花，被命运选中的人上去演示推销产品，还可以吃小零食!!基本上只要好好准备就不会差!(因为老师还是会遵循一点正态，所以有些同学分数确实不会很高..但是还是很安利这节课(!!公共演讲!绝世好课!我认为所有学弟学妹还有没有上过的学长学姐都应该学这个课!!!!!
162650,6557,李思悦,2022-12-05 05:24:47,-4,5,9,觉得这门课没什么必要…事情还特别多
162700,6557,李思悦,2022-12-08 06:59:49,-1,5,6,个人认为事情很多，给分两极分化，如果不是必修肯定不会选
162756,6557,李思悦,2022-12-06 00:15:21,3,6,3,老师还行，这门课就很无语
165251,6557,李思悦,2022-12-30 14:21:27,12,17,5,为四月姐正名，公共演讲确实痛苦值拉满但你也不能否认这是一门好课。虽然线上演讲相对于线下演讲收获不大，但这也是无奈之举
165252,6557,李思悦,2022-12-30 14:40:00,9,12,3,四月姐人很好，课内容很好，而且她会站在学生角度考虑！（比如本学期最后疫情严重期末忙，特殊场合演讲部分直接送分了）公共演讲比较痛苦，但别否定授课老师
165253,6557,李思悦,2022-12-30 14:28:05,-12,8,20,咱们说实话吧，这课真的能学到东西吗？？？？会讲的还是会讲，不会讲的还是不会讲，上课就是听老师讲她美国的故事，一节课提八百遍“我在美国的时候”。这课开着干嘛啊？冬学期恶心人呗。对老师没什么意见，但真想让公共演讲滚出拆那
165258,6557,李思悦,2022-12-30 14:25:33,4,6,2,妈呀 速速来为四月姐打满分 课前有认真备课 紧跟时代分享时事热点 素材分享也是最近发生的新鲜事 看得出来有很认真备课 打分是助教的事情 只能说有点看命 但老师真的是好老师
165259,6557,李思悦,2022-12-30 14:26:43,1,3,2,最后老师很体谅我们还取消了最后一次的演讲！说话很温柔，教学水平还是不错的（只是因为我比较水罢了）！不管最后得多少分都要打10分，毕竟打分的主要还是助教..
165261,6557,李思悦,2022-12-30 14:34:33,2,4,2,思悦姐姐人很温柔，也很会体谅学生超级超级nice，虽然这门课的准备工作是繁琐的，但都很有帮助，是一次挑战，但是很值得
165263,6557,李思悦,2022-12-30 14:38:46,0,2,2,老师人很好的，个人认为公共演讲这门课能学到挺多的，虽然课程压力比较大，但是老师是没问题的
165264,6557,李思悦,2022-12-30 14:39:02,6,6,0,公共演讲，推荐！
165265,6557,李思悦,2022-12-30 14:39:12,3,5,2,老师很好，讲的也有趣，这门课应该全校推广，不止我们传院该学！这难道不是全zju都应该掌握的技能吗！(˵¯͒〰¯͒˵)
165277,6557,李思悦,2022-12-30 19:25:38,-3,1,4,四月姐很好的~最后一次特殊场合演讲直接取消送分别提有多开心了！这门课主要评分还是助教，预计最后成绩应该还行~这门课还是线下上比较好啦，线上多多少少没那种演讲的feel~
165278,6557,李思悦,2022-12-31 00:58:16,0,2,2,四月姐姐真的超好！！！人美声甜心善，上课超级有趣！
165916,6557,李思悦,2023-01-10 10:58:22,0,2,2,老师真的挺好的，上课有趣，会放脱口秀，人美有气质，说话好听也善解人意\n\n但是公共演讲这门课确实耗费很多时间，演讲分析，准备演讲，背稿子，比其他专业课麻烦很多\n\n尤其是这学期线上演讲，其实感觉作用不大，没有在线下那种被push的感觉，在评分上也其实相对而言没有那么有公信力\n\n而且个人觉得由助教来评分其实多少有助教个人主观的因素在，不同助教给分也有差距\n\n但是总而言之最后的给分是很好的，会让你有被大捞特捞的感觉\n\n不管怎么说思悦姐绝对值得10分的
166457,6557,李思悦,2023-01-12 09:50:39,0,1,1,老师很温柔，每次上课也会认真准备，实践课也给了我们很大的锻炼机会。还有助教姐姐温柔又善良，任何问题都会细心解答，还会鼓励学生。（ps.社恐慎入）
167061,6557,李思悦,2023-01-14 22:58:21,0,2,2,还行吧
167547,6557,李思悦,2023-01-17 08:09:54,8,9,1,演讲得很痛苦，但她给了我高分。\n\n课听得很无助，但课确实很有用。\n\n思悦老师是一个温柔且有经验的老师，如果是一个板着脸的严肃老师主讲这门课，相信没人撑得下去。\n\n尽管一点也不想再上这门课了，也希望公共演讲能成为全校的必修课。
167749,6557,李思悦,2023-01-19 00:57:08,4,8,4,老师人很好，但是这门课的评价体系有一点问题，（助教打分，遇上什么样的助教看运气）第二次演讲打分基本是以第一次为依据打的，好的更好差的更差。
167834,6557,李思悦,2023-01-19 10:41:41,3,5,2,老牌社恐4.2呜呜呜（虽然看着可能还行但这个课大多人都≥4.5了）
168447,6557,李思悦,2023-02-16 16:08:24,0,0,0,虽然社恐上公共演讲真的巨痛苦 但是老师真的很好！！声音好听长的好看 课也上的很好！！
171633,6557,李思悦,2023-03-30 09:51:34,0,0,0,特别特别好！
184887,6557,李思悦,2023-12-24 03:21:16,0,0,0,过了两年回来，没想到最当人的课是公共演讲
185039,6557,李思悦,2023-12-26 04:06:10,0,0,0,老师温温柔柔的 特别善解人意 课也很好 喜欢！
190358,6557,李思悦,2024-02-28 11:10:05,1,1,0,超级喜欢思悦老师！
203628,6557,李思悦,2024-11-20 07:54:29,2,2,0,思悦姐姐是我在浙上课见过最好的老师之一。\n\n事情不多，不会谈些有的没的冒犯学生（是的希望有些英语老师可以学学）\n\nppt简明扼要，上课深入浅出，张弛有度。\n\n关键是……思悦姐姐笑起来像大兔子，太可爱啦啊啊啊
204028,6557,李思悦,2024-11-23 10:01:00,-4,3,7,健康传播，每一个分数组成都做好了。每节课都听并做笔记+小组长+期末考试没有疏漏融入自己的思考与分析+全勤+小作业极尽全面。最后4.5.91分。？
211177,6557,李思悦,2025-01-11 03:22:23,0,1,1,避雷。
216100,6557,李思悦,2025-03-10 09:37:18,2,2,0,温柔善良，公共演讲参加比赛找老师咨询过建议，很细心。健康传播成绩有问题，最后也帮忙修改了。可能就是讲课有点简单了，感觉深度不太够
219337,6557,李思悦,2025-05-25 12:35:01,0,0,0,好老师！很认真很温柔很善解人意
141819,6602,赵瑜佩,2021-10-27 03:28:47,-2,9,11,虽然上的是老师在海宁校区的课，但真的很棒\n\n会和我们分享老师研究的一些成果，很有趣
141821,6602,赵瑜佩,2021-10-27 03:32:52,-18,2,20,宝藏老师了
150738,6602,赵瑜佩,2022-02-16 09:26:18,-12,0,12,之前有听到老师上拼盘课 英文讲的很美 下学期希望能选上课 保佑保佑绩点😃
153621,6602,赵瑜佩,2022-05-06 09:17:15,19,22,3,真的好功利 都是为自己研究服务\n\n上课讲不清楚\n\n作业要求不清楚
154442,6602,赵瑜佩,2022-06-01 12:26:20,23,26,3,拿学生当为她的科研服务的免费劳动力 不把学生当学生看 上课没营养 作业说不清楚而且要求真的很奇怪… 一边说自己不点名偶尔不到课也没关系 一边又用各种方式在课堂上签到点名 真的很虚伪……………………
154943,6602,赵瑜佩,2022-06-07 03:42:16,15,16,1,嗯嗯就是想打0分的
155247,6602,赵瑜佩,2022-06-09 18:13:42,10,11,1,你要不要听听自己在讲审莫
156818,6602,赵瑜佩,2022-06-21 04:43:25,25,30,5,整个课就为了给您打工是吧\n\n为了您的课题，为了您的利益。\n\n您要申省级课题提前五天ddl要交，\n\n要我们把实验室片头和logo加在我们制作的视频上，\n\n要我们的工程文件不知道要干啥。\n\n就纯纯一教室工具人是吧。
156819,6602,赵瑜佩,2022-06-21 04:35:38,4,5,1,话不多说
158476,6602,赵瑜佩,2022-06-29 14:09:22,9,9,0,纯粹把学生当自己业绩的工具人，想一出是一出，给分还一般
159712,6602,赵瑜佩,2022-08-24 08:03:39,4,4,0,啧啧啧
163837,6602,赵瑜佩,2022-12-16 07:59:35,6,6,0,给分差 工具人老师
176883,6602,赵瑜佩,2023-06-30 14:09:03,6,7,1,明明长得丑，还不自知。明明没水平，还装知识分子。
178993,6602,赵瑜佩,2023-08-15 09:45:42,-10,1,11,赵老师其实挺好的呀！能被老师带着做科研的机会本来就不多呀！好好珍惜
183588,6602,赵瑜佩,2023-11-27 13:19:14,2,3,1,糟糕透顶
183868,6602,赵瑜佩,2023-12-01 15:00:44,3,3,0,去死傻屌
193307,6602,赵瑜佩,2024-06-06 06:01:01,-2,0,2,为什么恶意这么大
204849,6602,赵瑜佩,2024-11-28 06:24:10,9,9,0,不就一个广东金融学院本科毕业的去英国水了个硕和博嘛，那么装干嘛
216622,6602,赵瑜佩,2025-03-19 09:51:30,4,4,0,搞不懂他在干什么，明明是数字全球沟通，然后天天讲他那个电竞，万一别人不喜欢电竞呢？加分作业也是饿电竞相关的，受不了了，难道真的不是在为你的课题组提供内容嘛。上课也不好好上，搞不懂，懂不懂就扯到推免。考核也不说清楚，第五周了突然说过程更重要，发言要占50%，有毛病
216845,6602,赵瑜佩,2025-03-26 14:18:50,1,1,0,。。。。
217207,6602,赵瑜佩,2025-04-04 09:11:46,6,6,0,沽名钓誉，没有真才实学，拿全班学生档工具人；拿一些看似新颖实则毫无价值的东西出来上课，浪费所有人的时间；说是骗子教是也不为过，用一些空的噱头讲毫无营养的内容；真是浙大船院之耻
217218,6602,赵瑜佩,2025-04-05 04:35:00,5,5,0,沽名钓誉，没有真才实学，拿全班学生档工具人；拿一些看似新颖实则毫无价值的东西出来上课，浪费所有人的时间；说是骗子教是也不为过，用一些空的噱头讲毫无营养的内容；真是浙大船院之耻
219701,6602,赵瑜佩,2025-06-04 09:45:48,0,0,0,事少分高美女老师
219758,6602,赵瑜佩,2025-06-05 07:49:46,0,0,0,出分很惊喜
137075,6688,罗婷,2021-06-30 12:43:51,16,21,5,很有才华的老师
141741,6688,罗婷,2021-10-24 04:44:50,14,15,1,上了罗老师的《中国电影史》，虽然时间要么早八要么早十，但是没有一节课想旷想错过。干货满满，真的太喜欢罗老师啦！
141742,6688,罗婷,2021-10-24 04:44:41,10,12,2,罗老师的课太好了，获益良多，冬学期还要选罗老师的课！！！
143080,6688,罗婷,2021-11-18 23:49:34,9,12,3,罗老师超级好！！！电影史讲述非常专业，有自己独到的见解，课上内容可以学到很多，事真的不多，只需要自己剪一个电影的分析以及期末一个考试就OK，绩点也给的不错的哇～作为选修真的超级棒！！夸夸老师，以后有她的课还来选～
143096,6688,罗婷,2021-11-19 02:37:00,-25,10,35,认认真真兢兢业业做作业，准备考试。为了电影分析花了好长时间特意去找画作原稿，读导演的著作。结果被老师课堂上一句不喜欢应试教育制度下出来的学生的作品搞破防，感情留学生和外专业学生未经雕琢和训练的答案才最符合您的审美呗。有些学生的作品赏析放出来就看出来是抄袭。。给分很一般，低于预期了，整一个破防。总之慎重，给分很大程度上取决于老师的个人审美和主观评价。你不符合？那就凉吧。
143104,6688,罗婷,2021-11-19 03:46:26,9,13,4,同学们不用谢我。 老师给学生上课以及尽可能给出一个符合你们表现的分数是本分。\n\n作为外专业的小弱鸡，在有所收获同时又得到中规中矩的分数真的满足了~
143107,6688,罗婷,2021-11-19 04:17:39,5,8,3,上老师的课是一种享受
162011,6688,罗婷,2022-11-16 03:19:52,3,4,1,无限趋近电影本质\n\n感受光影时间故事\n\n系统了解中国影史\n\n罗老师就是yyds！
166662,6688,罗婷,2023-01-13 07:42:23,1,5,4,上课认认真真，作业认认真真，成绩出人意料，只能说考核只有一篇大论文的课程不要选
166671,6688,罗婷,2023-01-13 08:03:15,3,4,1,老师很有才华，影片口味独特
182410,6688,罗婷,2023-11-15 15:55:57,0,1,1,太感谢老师了！满绩了😭
182441,6688,罗婷,2023-11-16 04:37:57,1,2,1,第一门满绩的课，没有辜负自己熬大夜剪视频吧，老师人超好的，掰弯直女的那种帅气气质。爱老师！
182458,6688,罗婷,2023-11-20 01:45:05,2,3,1,特别特别好
182575,6688,罗婷,2023-11-17 15:16:20,0,0,0,好好好
182664,6688,罗婷,2023-11-19 06:25:41,3,4,1,批评是直接了当的，给分的时候心是很软的
182765,6688,罗婷,2023-11-20 07:05:48,0,0,0,特别特别好的老师！
183766,6688,罗婷,2023-11-30 00:43:01,1,1,0,很好的老师，很包容，学识渊博，审美也挺好的
188076,6688,罗婷,2024-01-18 07:16:00,0,2,2,老师的关于女性思想我特崇拜
188488,6688,罗婷,2024-01-19 05:34:16,2,3,1,不明白是怎么给分的......
191429,6688,罗婷,2024-04-22 05:22:19,0,2,2,很喜欢罗老师！每次都选不上课，老师也同意我补选，最后的给分也十分好！
214330,6688,罗婷,2025-02-01 07:00:07,1,1,0,展示也报名了，论文也好好写了，感觉给分很一般啊。。
214562,6688,罗婷,2025-02-13 05:54:42,2,2,0,上老师的课是一种享受
215483,6688,罗婷,2025-02-26 19:21:44,0,1,1,点名都点了\n\n论文也写了\n\n考试也考了\n\n居然挂了\n\n什么意思呀你
155248,6781,许今茜,2022-06-09 18:19:07,4,5,1,浙大刘亦菲……人美心善呜呜呜
156331,6781,许今茜,2022-06-19 05:50:49,3,3,0,啊啊啊啊啊啊啊啊真的超级piu亮的老师！！钉钉回消息超快！每次问问题都很耐心解答 真的太爱了！！大家快去选许老师的课吧！
173080,6781,许今茜,2023-05-12 14:54:43,0,0,0,老师超级好！人美心善 问问题回答特别详细耐心😭感动
176050,6781,许今茜,2023-06-27 13:48:38,2,2,0,给分很好，为小姐姐打call，这课卢的存在感为0
191567,6781,许今茜,2024-04-25 05:46:59,0,1,1,浙大刘亦菲，人美心善，业务能力好!!!
193145,6781,许今茜,2024-06-04 04:10:06,1,1,0,老师人美心善 有问题回复的很及时 数字创意设计虽然课程很恶心，但是她一直在鼓励我们，尸体暖暖的，专业是卷爆的，作业是逆天的，老师是极好的！
123321,6976,纪盈如,2020-06-03 02:13:57,1,4,3,老师人很好，先给10分！
124498,6976,纪盈如,2020-07-02 04:43:51,4,13,9,来浙大多年来第一个100分（满分105，你就品品纪老师有多善良），老师人美声甜，上课有时候会对一些热点话题进行讨论，很喜欢这个环节。作业的话对于一门三学分的专业课来说我认为不算多，小组作业大家一起做也学到了很多，期末觉得自己很有收获（最起码以后做策划可以做的更科学了！）这是纪老师来浙大上的第一门课，老师专业能力强，性格又好，果断10分啊！！
129289,6976,纪盈如,2021-01-15 23:58:53,3,7,4,期末考试前背到晕厥的时候，看看上一轮期末开卷考同学的评价，真的恍如隔世。
130371,6976,纪盈如,2021-01-21 12:30:26,2,2,0,大爱老师!!! 讲课很棒，给分更棒!!!
173137,6976,纪盈如,2023-05-14 08:25:44,-1,1,2,高级广告传播课换成这个老师主讲，每次课都拖堂。
176771,6976,纪盈如,2023-06-30 05:06:15,-5,2,7,事儿贼多，结果给分不好，呵呵
176918,6976,纪盈如,2023-06-30 16:50:36,1,1,0,【危机传播】回答问题两次以上算满分+八千字以内的小组文献综述+一次半开卷期末测试\n\n老师给分好，文献综述的事情可能稍微比较多，但是也学到了写综述的很多方法，我们应该是第一批上危机传播课程的同学，整理PPT资料可能会有点麻烦，但是下几届同学应该可以问问要学长学姐整理的，我感觉老师上课思路还是很清晰的，很认真负责的美女老师～
177886,6976,纪盈如,2023-07-05 09:09:32,1,1,0,超级爱
178256,6976,纪盈如,2023-07-09 02:23:09,1,1,0,老师讲课很温柔，给分好
179234,6976,纪盈如,2023-08-31 13:25:06,3,4,1,美貌智慧口才并存的女人，居然结婚了呜呜呜
179271,6976,纪盈如,2023-09-06 07:22:11,4,5,1,【公共关系学】一份小组策划案+个人pre+小测，作业难度适中而且体验很好。老师给分很好，能学到东西。最后，最最最想夸的一点是老师会给作业反馈！！！word加批注的那种，我天……我们组成员都很震惊且感动，课后找老师问问题老师也很耐心指导，放心选～
183757,6976,纪盈如,2023-11-29 16:10:37,1,1,0,老师真的人好好！！努力了就会有回报的课程～爱死纪老师
184489,6976,纪盈如,2023-12-20 17:45:26,0,3,3,我很难评，，，，，
184490,6976,纪盈如,2023-12-20 20:34:59,0,3,3,我也很难平。
184821,6976,纪盈如,2023-12-23 06:37:46,0,3,3,emm真的很难评
184927,6976,纪盈如,2023-12-24 11:52:24,0,0,0,老师特别特别特别好，是我上大学三年以来最喜欢对我影响最大的老师之一，能看到学生的实际需求，给的指导非常细致基础，对我帮助真的很大，感恩
185713,6976,纪盈如,2024-01-03 19:36:11,1,2,1,上大学以来最喜欢的一个老师，虽然还没结课，也还没出分，但不管结果怎么样都想说爱您纪老师！特别善良特别负责特别温柔！会给特别详细的作业反馈，会给你很多鼓励！
186189,6976,纪盈如,2024-01-09 09:35:07,0,1,1,纪老师我爱你！！！！
186190,6976,纪盈如,2024-01-09 09:50:34,0,4,4,速来给纪老师写评语！\n\n超温柔的老师！很年轻所以上课不会有距离感，会给我们分享追星经历和省钱购物）。分析作业也会提很认真负责的建议，专业水平是绝对够的认真听可以学到很多。\n\n课程内容属于公关入门，以记忆为主所以很好理解也不会觉得硬核。可以线上线下相结合，基本不点名，点名没点到好像也不会有事）。但是作业会有策划案，建议零基础的同学找好策略传播的队友，小组合作是要花时间的！而且免不了熬夜！大家很卷！虽然但是最后策划案做出来真的太有成就感了，也和小组里的同学成为了好朋友！\n\n考试是选择，半开卷，难度不高，整理下PPT成绩会不错的。只要作业考试都不是太划水给分一定很好！\n\n这个学期学到很多也学得很开心的课程！策传里相当好的课！选她！
186197,6976,纪盈如,2024-01-09 10:02:15,1,1,0,老师真的很好。每一次策划案阶段作业都会认真反馈，每个组都会有专门的答疑时间，担心我们做策划案太累去掉了考试的简答论述题，给分也超好
186199,6976,纪盈如,2024-01-09 10:41:26,-1,1,2,。。。
186205,6976,纪盈如,2024-01-09 11:06:02,3,5,2,纪老师真的超级无敌好啊啊啊！老师长得美 讲课逻辑清晰 声音响亮 给分好 不点名 教学安排作业要求讲得清清楚楚 课后耐心细致给我们每个小组一对一答疑 在我们的策划案存在的不足被评委指出时老师还会安慰我们 除了老师自己讲课之外还会请到业界大佬来做分享 总之在公共关系学课上真的学到了很多很多 最后完成一份完整的公关策划案也让人很有成就感！！yrjj我爱你ε٩(๑> ₃ <)۶ з！！！
186216,6976,纪盈如,2024-01-09 13:28:44,2,2,0,盈如jj我爱你！！！！！！！出了分感觉没有辜负自己整个冬学期的努力！！！
186771,6976,纪盈如,2024-01-13 04:17:08,2,4,2,全程认真做了，期末考感觉也不错都写出来了，就是课堂发言少了点。\n\n70分出头，有点吓人的，不知道的以为我少交了个作业呢！
192161,6976,纪盈如,2024-05-10 10:14:08,0,0,0,认真完成作业，给分很好
193304,6976,纪盈如,2024-06-06 05:58:03,2,3,1,很难评。课程要求一成不变，自己水，对学生要求高
193306,6976,纪盈如,2024-06-06 06:00:21,0,1,1,很难评，文献八百年不更新，课时那么少，一页ppt不做，只让学生生讲，真的合适嘛
193495,6976,纪盈如,2024-06-11 15:55:13,0,2,2,毕业论文开题结题都是给分最低问题最抠，无语至极，隔壁新闻结题动辄60+，是我们传播低人一等了，谢谢老师，提前明年申请寄了
197964,6976,纪盈如,2024-08-22 00:54:15,0,2,2,上课好 给分高 无脑选 好人
201814,6976,纪盈如,2024-11-06 12:35:42,0,3,3,老师人很好，上课会有一定的任务量但是认真学的话分数不会低，并且能学到东西。虽然纪老师日常很忙但是会认真给同学反馈，当班主任的时候还会安排时间和班里的同学一对一或者多对一交流，总而言之是一个非常负责的好老师。
202185,6976,纪盈如,2024-11-10 12:46:00,8,12,4,【公共关系学】真的无语。自己上课讲的理论是没什么用的，就上课体验而言个人水平是一般的，小组作业是距离我们极远的、难做的，要求是高的，问问题office hour是没有的，回答是完全不解决问题只有空话的，个人作业布置是不清晰的，给分不知道但是事情是真的多的。。。
202306,6976,纪盈如,2024-11-11 11:20:35,1,2,1,吐槽一下个人作业\n\n开学时说的案例分析培训是没有的\n\n实践导向的课给的参考是纯学术的
202384,6976,纪盈如,2024-11-12 07:52:30,2,5,3,从讲课到作业到案例点评，每一部分都难以置信。要求是高的，教是不教的，自己没水平还要硬点评的。
202559,6976,纪盈如,2024-11-13 06:33:36,0,0,0,eee
206873,6976,纪盈如,2025-01-01 06:18:27,3,5,2,就是不喜欢
209288,6976,纪盈如,2025-01-05 10:39:00,2,3,1,很认真的老师，会很认真看每组案例并给出很有针对性的建议，可能也是大家说的要求比较高的原因。考试也不难，感觉非常负责一位老师
210574,6976,纪盈如,2025-01-09 11:26:25,1,1,0,新闻学选公关当作专业选修课，老师很好的，一开始会觉得要求比较高，但是给的建议都是很有建设性的，PPT、作业考试要求也都清晰明确，一对一答疑包括期末考试总体都还是比较友好的，给分也不错，收获很大。
211087,6976,纪盈如,2025-01-10 14:18:58,0,2,2,小组作业跟着组长走，个人作业查查资料，期末随便准备一下，然后满了。\n\n谢谢老师。
213680,6976,纪盈如,2025-01-19 06:18:05,2,2,0,对中东要有一辈子阴影了，以后我只说西亚，不说中东
218533,6976,纪盈如,2025-04-24 09:14:30,1,1,0,传院小天使
135277,7920,金行征,2021-05-07 12:12:56,-4,5,9,罗长姐还挺好看的，欠一张电影票
140926,7920,金行征,2021-09-18 02:07:30,13,17,4,这老师真的离大谱…
141317,7920,金行征,2021-09-29 10:42:35,9,10,1,金老师作品没看过，上课水平不敢恭维。无论他自己拍了啥，获了什么奖，反正课堂上是看不出来。只会说“这是一个经典的长镜头”“可以看到这个人从这里走到了这里”“可以看到一下子从远景变成了中景”等等诸如此类的发言，真可谓“听君一席话，如听一席话”哈。论实践，也没看出什么。我不评价老师的真实水平如何，我也评价不出来，反正课上是一丁点没展现出来，可能真的是不想教吧。
141766,7920,金行征,2021-10-25 03:35:47,1,3,2,你有事吗？通宵是吗？挂科是吗？\n\n今天想喝点雀汤吗？
141768,7920,金行征,2021-10-25 03:40:17,1,3,2,自吹自擂，上课毫无水平
141769,7920,金行征,2021-10-25 03:43:35,3,3,0,叫学生能通宵尽量通宵，说年轻人一学期通宵几次没关系，时间给的非常紧，好像我们只有这一门课一样。上课干货不讲，天天吹自己的片子。
142258,7920,金行征,2021-11-09 11:15:24,1,3,2,听课好累，完成作业好累
143161,7920,金行征,2021-11-20 10:39:22,6,7,1,天天做梦以为自己还在国外，不理解中国学生现状。要说学东西的确学到了，花了那么多时间拍片还能学不到吗？作业量太离谱了。非常主观，所有东西都要依他的意愿才行，评价好还是不好的标准就是他自己喜不喜欢。一句话:快逃!
145628,7920,金行征,2021-12-30 18:13:44,2,3,1,分确实给的不错……作业多的一言难尽……不知道为啥喜欢吐槽学生的设备差……
161043,7920,金行征,2022-10-25 01:08:53,8,10,2,老师八个星期的课，点评同学们的一个作业用了快4个星期，而且点评起来个人觉得有点像pua，听不到鼓励性的词语，只有哪儿哪儿不好，有同学光是出一个预告片，他都能觉得，不好，不好，只要听到音乐，就像遇见了瘟神，不好，一个作业拍加剪加改已经快5个星期了，改到后面已经怀疑人生了。。。
161858,7920,金行征,2022-11-14 14:17:39,2,4,2,新的老师进入学校总是会有评价，但经过时间的磨合也是会一点点改变自己的想法，开始不断思考如何与学生共处，所以其实暂时看来老师分数低，但发展的眼光看老师也在学习着。
162212,7920,金行征,2022-11-18 00:18:42,1,1,0,嗯 没啥好说的 别听他的会轻松很多☺️☺️
162247,7920,金行征,2022-11-18 08:07:05,2,3,1,纯纯无语，pua是吧，两次点评给的意见都不一样
163957,7920,金行征,2022-12-17 02:39:47,5,5,0,虽然他嘴巴毒了点，但他给分好。还把所有学生的作品汇成了一本作品集，用心了
173403,7920,金行征,2023-05-23 09:51:10,2,2,0,什么鬼
174396,7920,金行征,2023-06-12 00:56:48,1,5,4,满绩了
181164,7920,金行征,2023-10-10 11:39:18,-1,4,5,在传院算好的了！
182356,7920,金行征,2023-11-15 06:32:54,3,5,2,金导人不错的，讲解电影的时候蛮专业的。上这门课（短片创作）之前我甚至从来没用相机拍摄过视频，但是跟队友们摸爬滚打搞出来一部纪录片还是很有成就感的。但是这门课对没有任何摄影经验、剪辑经验的人还是很痛苦的，不过收获也是真的。虽然还不算真正入门了，但是感觉自己好像摸到一点门槛了。
182462,7920,金行征,2023-11-20 10:36:52,0,1,1,还行吧
183317,7920,金行征,2023-11-23 15:47:16,0,2,2,这门课的理论部分可能没有那种很系统的定义和规则，老师的很多理解来自他的经验。确实会花大量时间点评学生作品，实际上点评的过程中是有很多值得学习的东西的，并不是只听自己组就行。在老师的循循善诱下算是入门了，对怎么拍一个有故事的记录短片心里有点数了。老师指出来的缺点是事实，这是和同时期上的另一门实践课的点评相互印证的，只是有方便改进和不方便的区别，所以选题还挺重要的。老师注重仪式感，办了展映还准备印宣传册，真正被当作创作者的感觉真的很好！
183763,7920,金行征,2023-11-30 00:42:00,2,2,0,超级离谱，别来
183764,7920,金行征,2023-11-30 00:42:00,0,2,2,超级离谱，别来
184446,7920,金行征,2023-12-20 01:58:31,2,2,0,两个字 快逃
190965,7920,金行征,2024-03-26 03:48:49,2,2,0,一个人越是说什么，就说明他越缺乏什么。
193356,7920,金行征,2024-06-07 03:32:27,5,5,0,请正视自己的能力，停止自恋，谢谢
197265,7920,金行征,2024-07-10 03:47:48,5,6,1,请在教育教学中尊重女性！不论是自己的爱人还是女性学生，都请加以尊重！谢谢！
199487,7920,金行征,2024-09-24 12:42:32,5,5,0,差劲、自以为是、根本不会上课、从不鼓励肯定学生只会恶心学生。
201197,7920,金行征,2024-10-30 03:28:58,4,4,0,请问挑杆的花语是什么？是摆拍。\n\n虽然有时候给的建议很中肯，但大部分时候都过于啰嗦了。\n\n最后的展映虽然是学生投票吧，但也挺难评的。
201975,7920,金行征,2024-11-08 01:55:06,8,8,0,给分很迷惑的老师，估计知道自己在这里呆不下去了，打算拉着所有人一起陪葬，集体卡绩，上课要求贼多，只要不符合他的想法的都是烂片，不管什么片子都能给他挑出刺来，一个采访画面不说景别不说构图，就问我们为什么受访者坐的椅子为什么选这种，说自己很不喜欢这种椅子，也确实印证某瓣上对他的评价，自求多福吧。。。。
201980,7920,金行征,2024-11-08 02:22:56,5,5,0,建议老师去上一下李思悦老师的公共演讲和张勇老师的视听语言，都拿满绩了再考虑来开短片创作课吧！
202943,7920,金行征,2024-11-15 09:45:12,3,3,0,上课十分迷，只会讲自己怎么怎么样，疯狂PUA学生显得自己很厉害。这种人怎么混进浙江大学的。
205171,7920,金行征,2024-12-02 11:21:21,2,4,2,平等的创飞所有人
205172,7920,金行征,2024-12-02 11:22:04,3,4,1,是一位优秀的批评家
205174,7920,金行征,2024-12-02 11:22:58,3,3,0,反驳型人格
205175,7920,金行征,2024-12-02 11:24:02,3,3,0,反驳型人格呵呵
205260,7920,金行征,2024-12-03 11:13:42,1,1,0,从来没有见过沟通起来这么费劲的老师…..完全鸡同鸭讲，作业要求也从来不说清楚，只会不停地pua学生
205556,7920,金行征,2024-12-09 07:48:42,4,4,0,真服了
205557,7920,金行征,2024-12-09 07:52:06,3,3,0,逆天了
205566,7920,金行征,2024-12-09 09:04:34,3,3,0,世界是一个巨大的老登
205567,7920,金行征,2024-12-09 09:07:40,2,2,0,否定型人格，听不懂人话，自恋，pua大师，听不懂人话听不懂人话听不懂
213230,7920,金行征,2025-01-16 11:48:51,-1,2,3,金老师人还是挺不错的，专业性也很强，也愿意把自己的设备借给同学。点评指导都很中肯，比较符合客观事实。可能因为金老师比较犀利一针见血，所以被点评的同学会有点难受，要求比较高，但是仔细想想老师给的建议还是很有道理的，毕竟学生作品总是还有提升空间和一些问题，总之，金老师整体而言还是很不错，算传院为数不多有自己作品，懂专业，会拍片的老师了，不知道为什么评分这么低，感觉不至于如此。
141276,8240,张勇,2021-09-28 04:44:39,-4,9,13,讲课好，细
141277,8240,张勇,2021-09-28 04:41:00,-5,6,11,好好好
151814,8240,张勇,2022-03-16 13:09:59,31,39,8,对学生的反对意见尖锐刻薄，带有一种居高临下的自以为是和骄傲
153020,8240,张勇,2022-04-23 16:39:17,-13,2,15,老师人还是很好的，课下去请教也很耐心尽责
174881,8240,张勇,2023-06-19 09:32:56,9,9,0,不体谅学生
175871,8240,张勇,2023-06-27 04:30:08,20,24,4,在听这位老师的课的时候，强烈感觉到张勇对外国人带有很大的偏见（除马来西亚）很难想象是怎么拍出关于非洲的纪录片。在他的潜意识里认为留学生是没办法沟通的，真的不知道带有这种想法的老师是怎么在传媒学院讲课的。他对于拍摄纪录片的思想似乎带着框架，不能接受一点的改变和特别，只要跟他想法不一样就认为是错误的。想不出来这种老师可以拍出什么好作品，事实上也没有，而且两个学期的课勤勤恳恳完成各种作业，却给分巨差，本来也没抱希望，意料之中。
176617,8240,张勇,2023-06-29 12:44:57,18,19,1,rnm，爹味太重了
181165,8240,张勇,2023-10-10 11:40:07,10,10,0,离大谱！
182353,8240,张勇,2023-11-15 06:27:20,25,25,0,今天你拉了吗？
182460,8240,张勇,2023-11-20 10:36:24,-17,0,17,老师挺好的
183205,8240,张勇,2023-11-23 00:37:00,4,4,0,。。。
183762,8240,张勇,2023-11-30 00:41:24,-5,1,6,很自信的老师，上课能学到一些东西，但是也很难评
201608,8240,张勇,2024-11-05 00:58:59,14,14,0,。。。
201978,8240,张勇,2024-11-08 02:21:02,-16,4,20,幽默且mean的老师，虽然评价学生作品会比较尖锐比较miserable，但也是确实能给出一针见血的意见，期末作品的评价也是请了其他老师和博士生们来一起讨论颁奖，比隔壁某短片老师的乱评乱给分好多了哈。杂七杂八的活实际上不多，让学生能比较专心于创作，比隔壁某短片老师要求一大堆好多了哈。上课相对来说知识密度不高，但是也是讲了一些有用的专业知识的，也会请一些优秀的学长学姐来讲调色，ai辅助专题之类的，比隔壁某普通话不太过关的短片老师讲的是有用多了哈。
205179,8240,张勇,2024-12-02 11:39:24,21,22,1,事儿妈，上课就是大型组会现场，学不到一点真东西，很失望。而且感觉学生和老师都挺趾高气昂的，不推荐
205182,8240,张勇,2024-12-02 12:35:15,23,23,0,本来带着学习非洲相关知识的心态走到课堂，但是这位老师从未讲过任何对这片神秘大陆相关的知识。\n\n特别是，有同学问到和他学生放的电影相关的文化知识的时候，任何一个有基本人类学知识的人都能扯到点宗教、原始信仰吧\n\n他回的大概内容是你们不要质疑我的专业能力。谁质疑你了！！？？我请问呢？\n\n一个老师的课堂，就算自知水课，也应该对可能抱有求学的学生有一丝尊重，\n\n从头到尾都没有亲自上课，全是他自己带的硕士分享，然后放电影。\n\n甚至还说，如果不想学了可以退课，我请问呢，都已经过半了，我退了干嘛？退了下学期重修吗？我多次再想请问这位睿智教师呢？
205183,8240,张勇,2024-12-02 11:54:06,22,22,0,课上就是让自己的研究生叭叭讲课，自己藏在下面喝一鸣鲜奶！自己不想讲课可以不开课啊？？
205195,8240,张勇,2024-12-02 13:09:22,19,19,0,讨点饭吃得了，真把自己当个东西
207027,8240,张勇,2024-12-19 04:10:50,16,16,0,把课堂学生拉去凑人头，当某些狗血青春校园剧分享会观众，这个操作我实在是看不懂。
207326,8240,张勇,2024-12-20 12:32:03,17,17,0,这学校这么多百人计划没有过，这个人怎么还在！
207864,8240,张勇,2024-12-24 14:38:21,18,18,0,不想上课的话明年别开课了……张勇一边说要改变大家对非洲和非洲电影的认知，一边全程让自己的研究生做pre放电影，偶尔把课程改到活动现场让学生充场当观众？？？请问我参与某三流网络青春剧集的分享会对我了解非洲大陆的作用是？？？结课论文更是狮子大开口直接6000字以上，让大几百人写6000字论文除了恶心人别的意义在于？？？张勇要求外文文献30个以上，请问写什么论文会需要用到30个外文文献，我们是在写什么国家社科基金重大项目阶段性成果吗？？？读到研究生了，领教过的老师不少，张勇这样颐指气使一脸mean像说话像是别人欠了他八百万的还真是头一回见哈。
208091,8240,张勇,2024-12-25 14:06:40,15,15,0,终于结课了，下次遇到船院这位老师的课绕远点。已经不是难评的程度
208156,8240,张勇,2024-12-26 03:57:44,13,13,0,张勇的课堂，甚至我都没见过他几次，最后一节课结课都没来。这是老师？
208244,8240,张勇,2024-12-26 10:50:24,9,9,0,太离谱
213814,8240,张勇,2025-01-20 05:01:25,11,11,0,一共八次课，两次都没到场，这是教学事故了吧？
214028,8240,张勇,2025-01-23 04:28:07,11,11,0,一分都多了 很难想象在zju还能有这样的人在，并不知道这个人混迹这么多所高校（据不完全统计：北影、浙某所省属、泥浙）靠的是什么。（发出疑问）\n\n课程是自己开的，讲是自己研究生讲的，点名是点的，缺课一次是80分以下的，结课论文是大几千字的，外文文献是30个以上的（我请问呢）\n\n很自以为是 so MEAN...
214043,8240,张勇,2025-01-23 07:23:59,9,9,0,乐瑟老师，给北电丢脸
216262,8240,张勇,2025-03-12 20:01:48,5,5,0,垃圾老师，我从来没有听过任何一个老师连一点正面的评价都没有，zy算一个，不知道为什么这种人还在
216269,8240,张勇,2025-03-13 00:59:29,3,3,0,上课是研究生读ppt+放电影。第一次上课不说评分标准，后面突然点名不到一次-20，两次-30，两次就不合格了。什么水平，快跑！！
216365,8240,张勇,2025-03-14 11:21:56,5,5,0,一分都多了。垃圾真的垃圾，不必多说。赶紧跑吧
216366,8240,张勇,2025-03-14 11:22:35,5,5,0,《非洲电影研究》别选，快逃！
217951,8240,张勇,2025-04-18 09:16:35,0,0,0,太吵了
218569,8240,张勇,2025-04-24 15:57:58,2,2,0,传院引进点拍片的正常人老师吧……
218907,8240,张勇,2025-05-12 14:57:52,2,2,0,我都不知道这样的人怎么有德行配当老师的？？上课教学从不负责自己不开展教学工作？？私下对待学生及其刻薄言语行为之处，无处不透露着精神控制、贬低、尖酸刻薄，否认他人的所有成果和努力，否认学生的人格尊严态度，背地里看不起所有老师学生，个人作风极大问题！有看到此条评论的学生不要报考！
220292,8240,张勇,2025-06-17 07:17:29,1,1,0,不知道老师究竟是怎么打分的。同组的分数可以查个十万八千里，去问为什么分数那么低他给的答案是旷课过，问题是我们在上课前就已经找他请假了，而且我们是全组人都请假哦☺️你扣我们分，怎么组员得分却不扣呢☺️
136904,8248,肖剑,2021-06-28 02:54:58,20,20,0,太棒啦
141561,8248,肖剑,2021-10-14 14:34:54,6,6,0,不听后悔系列
142116,8248,肖剑,2021-11-06 11:20:46,5,9,4,课程内容比想象中新颖灵活，和学生互动多（线上也是），喜欢听学生的想法。作业形式特别（这次一起办了展览+绘制地图+做了电台媒介视频），发挥空间大，能有效激发师生的想象力和融合度。助教姐姐很尽责表达能力好，事事交代清晰。除了老师讲课的神态会给人比较不自信，跟稿卡顿的感觉，总体而言是很不错的。
142283,8248,肖剑,2021-11-10 00:17:07,10,10,0,肖剑老师yyds
142294,8248,肖剑,2021-11-10 02:27:55,4,8,4,有思想性 课上讨论和课程作业也狠有意思，很喜欢老师看待媒介、世界和文化的视角，感觉拓宽了自己原来的思路。感觉老师狠适合去办一些读书会或文化沙龙。但是提一个小建议是老师讲课的时候卡顿比较多，比较依赖原文本或者上课讲义的感觉~或许讲得更流畅听课效果会更好~
142338,8248,肖剑,2021-11-10 10:11:29,10,10,0,肖老师备课特别认真，业务能力实强，跟学生交流也很多，气氛特别平等自由，超喜欢期末作业的展览，看到自己的作品被大家观看，感觉特别有意思～不上后悔终身系列！
142397,8248,肖剑,2021-11-11 03:48:00,5,6,1,超美！课也好，不听后悔系列
142973,8248,肖剑,2021-11-18 02:07:09,10,10,0,给分超级感动，好喜欢肖剑老师呜呜呜
143081,8248,肖剑,2021-11-18 23:58:16,8,9,1,肖剑老师！！是个美女子老师，很有气质，给分也超级好！！传播思想史能学到很多，梳理了从古希腊至今的脉络，给大家充分讨论和思考的机会，最后大家还一起合办了一个媒介展，成果超级棒～真的是很好很好的老师呀，顺便表白一下助教小姐姐，真的太可爱了，也很认真负责！
144860,8248,肖剑,2021-12-25 08:37:06,10,10,0,老师人超好，很有自己的观点，也很尊重同学的想法
162001,8248,肖剑,2022-11-16 02:13:01,5,6,1,肖老师上课很有意思，考查方式也比较别具一格，我们这学期还是办展览，还有幸和老师一起去国美交流~授课方式和教学思想比较新颖~
162021,8248,肖剑,2022-11-16 05:05:45,4,5,1,很厉害
162086,8248,肖剑,2022-11-16 15:48:39,3,5,2,给分挺好的，老师人特别好，是年轻老师~美丽善良可爱迷人
162314,8248,肖剑,2022-11-20 02:57:29,6,7,1,美女老师，人特别亲和，给分也很好，能选就选
163257,8248,肖剑,2022-12-11 11:49:42,7,7,0,老师太美啦
168055,8248,肖剑,2023-01-24 16:58:57,11,12,1,喜欢老师！传播思想史给了本外专业人士莫大的精神享受，是截至目前最心动的课了。惭愧的是，由于本学期专业过硬，有几节课在划水。下次想冲媒介与全球化！
173826,8248,肖剑,2023-06-03 09:46:36,6,7,1,传院最爱的老师，没有之一！！
185724,8248,肖剑,2024-01-04 02:03:23,6,7,1,老师很温柔！！我爱！
199777,8248,肖剑,2024-09-29 15:44:34,5,6,1,很赞的老师 一百分
204070,8248,肖剑,2024-11-23 14:45:13,4,5,1,很棒的老师！
205303,8248,肖剑,2024-12-04 06:40:03,-6,2,8,几乎节节课点名。期末给分很迷。展品做得很好的给分高，其他的展品和论文打分都相当主观给得挺差的。老师肚子里有料但是上课讲得晦涩难懂，听不下去一点。
205484,8248,肖剑,2024-12-07 12:59:29,4,4,0,虽然英文差到离谱，但是还是可以从老师的课上学到很多（感谢老师偶尔穿插的中文解释），每节课老师准备的讨论也很有趣！感觉像是把理论的视野拉回到了生活之中👍🏻
205488,8248,肖剑,2024-12-07 14:05:22,4,4,0,很喜欢！
208571,8248,肖剑,2024-12-29 14:02:55,3,3,0,美女老师绝绝子！研究方法讲得很清楚，人也亲和，学术做得也很有趣味性和学术性。
159038,8579,王艳,2022-07-05 02:53:03,4,6,2,老师和蔼亲切，课堂内容充实，虽然是节目策划编导课，但是课程作业压力也没有想象中那么重，算得上是对文学院单调选修课的有益补充
159508,8579,王艳,2022-07-29 10:11:32,1,4,3,这是城市学院传媒学院的那个王艳吗？如果是的话，这个老师学术造假，压榨学生，恶行罄竹难书，远离！
172947,8579,王艳,2023-05-10 08:56:55,0,4,4,形式远大于内容的课程吧，老师课上漫无目的的吹水内容太多了，实际有用的内容不多。还是有点失望的，汉语言影视方向也就这么几节偏编导的课程，还要这样注水。
217779,8579,王艳,2025-04-16 09:52:18,0,0,0,没听过这么垃圾的课程
139971,8731,黄旦,2021-08-22 16:26:45,-2,2,4,能跑则跑
139972,8731,黄旦,2021-08-22 16:27:56,-2,3,5,挺有思想，就是对学生太刻薄了
193866,8731,黄旦,2024-06-20 10:42:19,-2,2,4,服了你这个文科资深。。。
139937,9071,丁方舟,2021-08-21 17:57:44,-1,8,9,丁老师真的很好，为人温柔而且上课讲到的知识面很宽广！
162090,9071,丁方舟,2022-11-16 23:23:31,3,3,0,人挺好
162094,9071,丁方舟,2022-11-17 00:18:37,1,1,0,给分有点寄。。。
162116,9071,丁方舟,2022-11-17 01:58:42,1,1,0,上课还可以 人也蛮温柔的 但给分真的超级不好😭😭
162121,9071,丁方舟,2022-11-17 02:06:43,0,1,1,给分不错
162135,9071,丁方舟,2022-11-17 04:05:08,0,1,1,emmmm选的跨专业课，然后最后是4.2（居然在班级里还算不错，惊恐，但是离预期还是有点差距，事实上也向下拖了我的绩点），课可以水，但是刷分还是不建议选了。上课一定点名，认真听的人不多，这可能与最后分不高有一定关系，最后评分是展示加论文。
162148,9071,丁方舟,2022-11-17 05:10:09,0,0,0,来看看大家对她的评价（😇😰）
162210,9071,丁方舟,2022-11-18 00:10:07,3,3,0,给分较传院别的老师不太好
162266,9071,丁方舟,2022-11-18 14:56:07,0,2,2,丁老师好像今年才开本科生的课，课程的内容很多，认真学下来会收获很多，而且老师为人很公正，要求相对严格，但总体作业量不大。老师人真的很好。
162669,9071,丁方舟,2022-12-03 06:14:18,-3,1,4,【数字新闻学】课上以理论讲解为主，概念上的东西讲的比较多，偶尔插进一些视频分享。分数由一篇3k-3.5k字左右的论文，小组展示，还有3-4次的点名组成。数字新闻学相对来说还是一个比较新的概念吧，写论文的时候想思路也挺费劲的。但是老师每一节都讲一个主要的概念，我外专业的知识浅薄，小组展示的内容还偏题了，论文就选了最后一节讲的平台和媒体的内容，看了老师讲到的文献，也引了白红义和丁老师的论文，刚刚好在3k多字，加上点名全到，还得了4.5，对外专业的来说已经很高了，感谢🙏
163676,9071,丁方舟,2022-12-16 02:37:39,5,6,1,给分比其他老师要差，个人感觉
166495,9071,丁方舟,2023-01-12 11:27:18,1,1,0,感觉老师人挺好的，就是上课感觉稍微有点枯燥，很容易犯困哇
167971,9071,丁方舟,2023-01-21 02:12:47,0,0,0,温柔哦
170123,9071,丁方舟,2023-03-01 12:00:10,2,7,5,不明白分为什么这么低，本专业学子，作为一门专业课来讲，点到都在，小组合作的展示没有偏题，她的反馈也不错，论文也认真写了按时交了，还是不明白！！这是专业课啊啊啊啊啊，喜提最低绩点
180332,9071,丁方舟,2023-09-21 06:30:43,3,5,2,太多提问了，恐怖玛雅
180628,9071,丁方舟,2023-09-23 15:47:01,5,7,2,一节课把班上大半人的名字挨个点了一遍
180676,9071,丁方舟,2023-09-25 00:13:27,5,8,3,感觉老师人还是挺好的，但上课就是读ppt+点人回答问题，感觉收获不是特别多
180679,9071,丁方舟,2023-09-25 00:48:31,3,4,1,每节课一半时间在点人回答问题…
183057,9071,丁方舟,2023-11-22 02:48:30,5,5,0,课程的理论非常翔实，留下的ppt归纳整合得很好。\n\n上了这一门课，学到不少干货。
183061,9071,丁方舟,2023-11-22 09:14:34,3,8,5,今年数字新闻学给分好出天际\n\n30%的90分以上比例用满了，剩下所有人里面只有4个人给了不是89的分数，而且也都是87-88之间（本人直接以87分的高分喜提全班倒数第一）\n\n个人感觉可能未来没有任何课的给分能打破这个纪录了
183081,9071,丁方舟,2023-11-22 05:23:43,2,2,0,很认真负责的一个老师，如果耐心地去听的话，会发现很有收获，老师给分很注重作业质量，无需堆字数。
183088,9071,丁方舟,2023-11-22 06:04:10,4,5,1,怎么分这么低\n\n人很美也很好，讲课也很好，作业有点难但是也不多，给分今年也很好很好，最低也给了87-88\n\n总之很好很好除了上课疯狂提问以外
183095,9071,丁方舟,2023-11-22 06:14:41,3,4,1,很喜欢很喜欢的老师，给分特别好，也很体谅学生，能感受到老师的坚守和素养。\n\n对于评论区的上课提问：确实提问比较多，但可以感受到老师是想和我们交流，不是某些老师那样单纯恶心人；回答不出来也会很温柔地鼓励，其实不用紧张，不缺勤就可以了。\n\n亲切扎实的温柔女学者，我爱方舟姐姐！！！
183207,9071,丁方舟,2023-11-23 00:38:21,5,8,3,方舟姐姐很温柔，刚开始点名回答问题很让人害怕，后来发现老师点人只是想和同学交流一下观点，最后有一份整合的ppt，干货很多。老师这次给分是真的好，90以上30%，只有四个89以下的，大家放心冲！
184154,9071,丁方舟,2023-12-11 11:07:26,0,2,2,感觉方舟姐姐是给分最好的老师了，当然上课点回答问题也会有点害怕，但是方舟姐姐人尊的好好，讲课也很好给分也很好，如果回答不出来也不会太为难大家
190858,9071,丁方舟,2024-03-22 01:42:10,0,2,2,方舟姐姐上课很学术，作业正常量，特别特别温柔，给分超级考虑学生！
193568,9071,丁方舟,2024-06-13 06:04:00,0,1,1,听说老师要走了？
203688,9071,丁方舟,2024-11-20 13:03:18,18,22,4,@所有人 谁把我刚刚的信息发到cc98上了?肯定是我们班群里的同学吧，到底为什么要这样做?方能同学是跟你有什么过节吗这样真的不好吧?
203920,9071,丁方舟,2024-11-22 03:55:03,1,6,5,不忘初心，方能始终\n\n不能为了利益 连道德都不要了
217148,9071,丁方舟,2025-04-23 01:14:08,1,2,1,请了一次假心急如焚害怕低绩。最后4.8。嘻嘻，好老师希望您身体健康长命百岁。
217432,9071,丁方舟,2025-04-11 02:07:54,0,1,1,好老师，求您疼我
217448,9071,丁方舟,2025-04-10 12:41:58,0,1,1,楼下说最后一周才布置作业那个\n\n老师不是第一周就布置了么\n\n你补选进来不看回放的吗
218353,9071,丁方舟,2025-04-23 01:29:39,0,0,0,给分是真的好
219759,9071,丁方舟,2025-06-05 07:50:58,0,0,0,超级好
162226,9079,张佳峰,2022-11-18 03:12:25,-1,3,4,备课很认真，态度很好\n\n但是可能\n\n知识结构有一点支离，不太好把握课堂的逻辑\n\n给分中规中矩
162233,9079,张佳峰,2022-11-18 04:23:51,0,8,8,个人觉得给分很nice 上课比较轻松 老师很耐心态度也很好
163729,9079,张佳峰,2022-12-16 04:22:27,3,18,15,上课的内容是比较哲学比较深的，但是讲解的时候老师讲得又很有趣，举的例子是很生动的。每节课都有比较认真地在听，最后成绩满了。身边有一个同学满了，一个同学4.5。认真听课总是不错的。而且张佳峰老师本人也很有趣！
169123,9079,张佳峰,2023-02-24 11:23:01,-3,0,3,喝多多
171346,9079,张佳峰,2023-03-22 06:27:04,2,15,13,听他讲课真难受，坐在他的课堂觉得纯纯浪费生命，想逃。还很自恋。能不选就别选！！
173303,9079,张佳峰,2023-05-18 06:28:16,4,9,5,老师讲课挺有意思的，很喜欢听他讲一些鸡汤哈哈哈，不知为什么每次听他上课就有回到高中的感觉，给人一种想学习的动力
174717,9079,张佳峰,2023-06-16 07:17:40,6,10,4,我也是个宝宝，大家都是宝宝
176439,9079,张佳峰,2023-06-29 02:18:11,2,9,7,很好的老师，很谦逊，上课有趣，真的会给学生人生上的指导
177350,9079,张佳峰,2023-07-03 10:23:01,10,15,5,离大谱
177635,9079,张佳峰,2023-07-04 03:43:55,12,16,4,反正期末给分挺迷的
177804,9079,张佳峰,2023-07-05 02:27:29,4,10,6,给分很迷，上课还喜欢扯有的没的
177810,9079,张佳峰,2023-07-05 02:36:43,9,21,12,哥们儿可能生活不太如意，往学生头上整些死活儿，确实，能给学生打分随意地摆弄学生某门课的命运是了不起，但也仅限于此了，哥这样做人难说不是失败的
178282,9079,张佳峰,2023-07-09 11:22:43,4,10,6,给分不知道咋给的
179515,9079,张佳峰,2023-09-18 02:12:48,7,10,3,给分差且迷，还不让评论了？为什么下面都被踩了一脚？
179617,9079,张佳峰,2023-09-19 01:16:21,11,19,8,大傻逼
179727,9079,张佳峰,2023-09-19 15:44:27,19,25,6,老师你给我们人均5.0保证评分嘎嘎升（bushi\n\n---------------正经分割线----------------\n\n老师你给我们打以95为首项，-3为公差的等差数列这样的分数可以吗（可怜
180105,9079,张佳峰,2023-09-20 09:58:13,9,10,1,干货少废话多，如果喜欢充实的课堂内容并且对美学感兴趣的朋友可以考虑其他老师的课。
181275,9079,张佳峰,2023-10-13 01:47:04,9,12,3,感觉知识结构很游离，作业很多，一个月看两本书，一个五千字论文，一个两千字报告
181335,9079,张佳峰,2023-10-15 04:05:06,-2,3,5,老师人很幽默，给分也很好
183264,9079,张佳峰,2023-11-23 09:07:40,9,10,1,老师人很好，给分也很幽默
183265,9079,张佳峰,2023-11-23 09:09:33,-4,3,7,虽然写论文的时候特别想死，但是谢谢老师的给分、、
183271,9079,张佳峰,2023-11-23 09:50:47,0,5,5,质疑 理解 成为 退了zjf的人有难了
183277,9079,张佳峰,2023-11-23 11:04:45,9,12,3,我说老师您给分是认真的吗？我节节课都到作业也认真写了，最后出分均绩掉了0.04，我有六十多学分啊啊啊啊啊啊
183289,9079,张佳峰,2023-11-23 12:48:26,7,7,0,迷之给分……
183298,9079,张佳峰,2023-11-25 01:34:46,11,16,5,个人感觉：上课思路不清，爹味重，事情多，给分差。快跑！\n\n那些学期中没出分突然冒出来说一句老师给分好的恐怕是zjf自己评的吧，不得不说老师挺奇怪的，第一节课就和我们提他的查老师评分并且认为想拿高分的同学迷之自信，这么关注查老师的评分但一点不改进，很难说不是失败的。
183299,9079,张佳峰,2023-11-23 13:55:19,4,8,4,虽然老师卡我的绩，但是分数很高我不生气。虽然老师的给分很高，但是我没法给老师好评。虽然老师读了很多书，但是上课讲的很水。虽然我和老师一样本科期间是文学院的，但是老师点我的次数是不是有点太多了。不过在老师的课上读完了楚辞，也算是很有收获。（略皮，老师看到别生气，我只是希望课堂能多些干货）
183315,9079,张佳峰,2023-11-25 09:41:32,6,17,11,客观评价一下：\n\n1.给分不太好评，好像还不错（我说好像，不知道其他人得分咋样），我自己分低（没上4）但确实是因为自己在摆，没有怪老师的意思\n\n2.但是这个课任务确实不是一个2学分课该有的（好像别的2学分专业课都是要么一个pre＋一篇大作业要么两篇大作业，这门课是一个pre＋两篇大作业）\n\n3.以及老师会随机点名（我几次都是来了没点结果刚好不小心睡过头的时候点了（捂脸））（印象分很重要！！！）\n\n4.这学期是秋学期一周两个早八\n\n5.综合第2、3、4点，感觉和别的专业课比（除了sb数字治理）以外总体还是有点折磨人的......其实我不太懂为啥这个课会有这么多人去选，不是说老师不好而是感觉emmmm和别的有些课相比好像找不出什么理由去选它而不选别的选修课（我个人盲猜是因为这门课是在培养方案选修课清单的第一个，不然解释不通啊，毕竟船院这么多选修课（捂脸））\n\n\n\n以上是个人视角，可以参考一下要不要选。
183321,9079,张佳峰,2023-11-23 17:08:20,0,4,4,出分了来评价一下，虽然偶尔也吐槽老师上课，但是不知道为什么，这是我最能专注听老师讲话的一堂课，也是很神奇。给分的话就是看个人吧！我作业写的认真，给我分还行，我觉得合理~两节早八的课终于挺过来了，哈哈哈哈
183326,9079,张佳峰,2023-11-25 01:14:30,8,13,5,1、老师上课是真的水，知识点非常游离不知道在讲什么，感觉身边许多同学都这么认为\n\n2、感觉老师非常爹味，还经常出现一些让我个人不适的言论，比如抖音女主播之类，反正个人不喜欢\n\n3、作业量相比其他2学分专业课来说确实大，一学期两次大作业加一次pre\n\n4、给分差且卡绩。卡绩可能因为我刚好是那个分，但分数确实低（没上4）。我是每节课到并且个人感觉作业认真完成了，这是我分数最低的一门课，没有之一\n\n我觉得老师人还是可以的，但这么多作业加上这样的给分是不是对学生不公平呢，因为一门课（而且是认真学了的一门课）掉一大截均绩。这门课两个早八，总而言之整体体验感非常不好，选这课当跨专业课，本学期选课的最大败笔。
183390,9079,张佳峰,2023-11-24 14:25:49,0,5,5,老师人是挺好的，作业量有点大了。
183392,9079,张佳峰,2023-11-24 15:19:44,0,7,7,感觉还挺好的呀 给分也挺好的 老师讲课内容很翔实有趣
183760,9079,张佳峰,2023-11-30 00:39:36,6,7,1,学的东西很迷，期末给分也有点迷，慎重选择
183843,9079,张佳峰,2023-12-01 04:11:19,6,11,5,既想要査老师高分，又不想做出改变（包括给分低和事情多），我表示不好评价
183892,9079,张佳峰,2023-12-03 03:40:46,12,16,4,上课水事情多，感觉老师讲课逻辑性有待提高，东跳西跳最后除了抖音绿茶和擦边女主播什么都没听到（没错，就是这样的离谱言论）。一学期过去除了八周的难熬早八和一个难看的绩点外几乎没有收获。
183986,9079,张佳峰,2023-12-05 11:14:11,-2,4,6,当代审美文化 选的跨专业，感觉上课逻辑性不是很强但是有挺多有趣的内容，非本专业学生也可以有所收获，作业是一次小组展示、一篇读书报告和一篇五千字论文，得分中规中矩。
184885,9079,张佳峰,2023-12-24 03:19:40,1,12,11,老师人挺好的，课程内容非常有趣。\n\n作业量也不大，只有一个小读书报告+一篇课程论文+12人组的小组展示。\n\n非常推荐课程压力不大的同学来选这门课。
185457,9079,张佳峰,2023-12-29 14:01:47,2,10,8,提醒各位准备选老师课的同学，老师经常登陆这网站，有些好评说不定是他自己写的呢
185618,9079,张佳峰,2024-01-03 02:48:04,-1,9,10,说作业量不大的那位确定不是帆船？
186532,9079,张佳峰,2024-01-11 13:58:04,-2,9,11,纯纯无语，上课水的一批且一大堆爹味逆天言论，作业量大并且不说各项作业占比，三百多份作业半星期出分，真的怀疑这老师根本没有仔细看过全凭心情给分的呢。总之就是上课离谱作业离谱给分更加离谱，上课经常绿茶+抖音擦边女主播，我可以举报吗请问，老师不会还觉得自己很有趣吧，一打开抖音看到都是擦边主播不想想是谁的原因呢，碰到爹味性别炮恶心老师我居然还坚持没退课真是愚蠢至极、、、
189443,9079,张佳峰,2024-01-24 08:02:53,2,4,2,老师课上很有趣
189753,9079,张佳峰,2024-01-28 11:08:16,7,7,0,上课挺有意思的，就是内容有点少，冲着“审美”来的，学到的是“文化”。
189952,9079,张佳峰,2024-02-03 12:51:42,5,7,2,大一工信选了这个跨专业，\n\n还不错，平常还是要到的，作业也不算多吧，比起其它的课而言。
190116,9079,张佳峰,2024-02-22 12:18:43,6,6,0,例子蛮生动，课上着蛮有意思。
190427,9079,张佳峰,2024-03-03 12:56:58,3,3,0,感觉还不错
190586,9079,张佳峰,2024-03-10 14:19:14,7,8,1,老师非常幽默，课上的例子跟生活特别近，很有启发。
191198,9079,张佳峰,2024-04-11 13:17:04,1,1,0,还可以
191253,9079,张佳峰,2024-04-15 06:32:11,-12,3,15,傻逼，纯傻逼，自以为是，弱智，纯纯一个智障，狗东西。真失败一个人，祝你快滚吧
191434,9079,张佳峰,2024-04-22 08:30:58,10,11,1,上过老师的当代审美文化和中国文化通论，在中国文化通论出分前来发评论：虽然zjf嘴很贱、总说一些很冒犯的话、给分也不算好，但是讲课很仔细并且授课内容纵横中国文化内容，让我很受启发，作为授课老师完全够格。在课后的答疑辅导中也很有耐心认真，并且常常会宣传别的学院开设的、与美学跨文化方向相近的讲座，如果张老师真的会来看查老师，我真的很感激这个学期张老师对我的授课内容和课后答疑帮助。
192147,9079,张佳峰,2024-05-10 03:38:33,3,3,0,其实老师讲的非常好，而且积极互动的话分数不会差
197388,9079,张佳峰,2024-07-12 07:57:17,2,2,0,给分厚道
197689,9079,张佳峰,2024-07-30 02:14:11,3,5,2,上过老师的当代审美文化和中国文化通论，说实话，当代审美文化水水的没啥东西，但是中国文化通论能够看出来老师有用心备课且自身水平也很高，夸夸老师！老师之前有说过会看查老师，希望老师不要受到一些比较嘴臭的评论的影响～传院好多老师没你好！
198865,9079,张佳峰,2024-09-12 08:45:25,2,3,1,讲课说话听着不舒服
201302,9079,张佳峰,2024-10-31 09:04:40,5,5,0,上了张老师的当代审美文化，现在还没有提交期末作业。可能等到绩点出来后没法做到客观的评价，所以在结课前进行评论：张佳峰老师今年的讲课风格较前几年有着明显的差异，任务量据比较也大大减轻，而且绝不拖课（本科生教育质量评审的原因？），讲课很仔细也很风趣并且授课内容对于美学启蒙来说很有框架性，让我很受启发，也在很大程度上吸引着我日后继续关注学习美学。有的同学可能会觉得老师上课有些跳脱，但确如张老师所言，美学研究本就是零散跳跃的。如果张老师真的会来看查老师，我真的很感激这个学期张老师的当代审美文化。
201459,9079,张佳峰,2024-11-03 09:23:33,3,3,0,其实在传院里真的算还好，甚至挺好
201948,9079,张佳峰,2024-11-07 15:16:43,-1,0,1,不确定给分怎么样但是当代审美文化课堂内容干货含量太低 建议老师提升一下内容密度和含量
202038,9079,张佳峰,2024-11-08 14:22:03,2,2,0,我个人很喜欢上张老师的课，因为张老师讲分享的艺术完全是在我舒适圈内，虽然他推荐的书我都还没有没有读。也许这样的艺术欣赏的课程在浙大很少
203285,9079,张佳峰,2024-11-19 02:12:16,1,1,0,很好的老师啊，讲课比较风趣，就是上课内容确实不太感兴趣，但不影响老师是好老师
203765,9079,张佳峰,2024-11-21 03:09:18,-5,1,6,满了，谢谢老师
203766,9079,张佳峰,2024-11-21 03:10:56,3,3,0,张老师整体上课讲授的内容还是很充实的，虽然有很多美学的历史，一些名人理论其实之前都不太了解，但是老师上课会讲一些比较贴近生活的例子，来解释理论，所以整体就还是比较有趣的。
203772,9079,张佳峰,2024-11-21 03:25:54,-2,2,4,最后的绩点很漂亮，谢谢老师！课堂内容也很扎实丰富，干货满满～
203778,9079,张佳峰,2024-11-21 03:53:52,-3,1,4,给分挺好的
203838,9079,张佳峰,2024-11-21 11:57:36,0,3,3,24秋学期当代审美文化 没有传说中的爹味男 作业量也比之前少了很多（点名+小测1次+期末论文5000字）最后满了 感谢老师！
203948,9079,张佳峰,2024-11-22 07:33:04,2,2,0,好老师吧\n\n可能以后少提问一下同学
204158,9079,张佳峰,2024-11-25 00:08:27,4,4,0,当跨专业上的，个人认为特别合适。整个课程没有其他作业，期末只需要写一篇5000字左右的论文。只要平时每堂课都去参加，最后期末论文好好写，老师给分都会很好。课上内容也很扎实，整体来说是站在审美的较高层次讲的，老师讲课也特别风趣、通俗易懂，总之是一个很好的老师。
211847,9079,张佳峰,2025-01-12 16:36:10,-5,0,5,老师没什么问题，十分奉上。最后分数不理想，只有4.5，因为实在对美学提不起兴趣，经此一遭彻底祛魅，朋友嘲笑我没有艺术细胞的时候再也不想反驳。
170688,9410,程萧潇,2023-03-08 07:13:35,1,5,4,Teacher ES Teacer
171088,9410,程萧潇,2023-03-16 01:10:16,-5,5,10,无语。
171089,9410,程萧潇,2023-03-16 01:21:50,-5,5,10,。。。。无语😓
171091,9410,程萧潇,2023-03-16 01:23:00,-3,4,7,无语。
171947,9410,程萧潇,2023-04-13 08:41:03,15,18,3,来给老师打个分~首先夸一夸老师的学术能力，看完履历会直呼大神的程度，上课讲的内容干货很多，但最好有一定的背景知识支撑，不然听着有点吃力。数据挖掘这门课个人认为还是有不小的难度，尤其在代码方面，一个学期下来有点云里雾里的。看得出来老师备课很认真，对学生要求也很高，奈何本人实在是太废物，好多没学懂呜呜呜
172597,9410,程萧潇,2023-05-01 11:48:32,6,8,2,人挺好的，很真诚
172750,9410,程萧潇,2023-05-06 05:27:35,6,8,2,无语是想表达啥?老师备课上课都很认真，没必要这样
172875,9410,程萧潇,2023-05-09 02:47:12,3,5,2,老师上课备课认真，讲授的也很细致。赞
172991,9410,程萧潇,2023-05-11 02:52:25,-4,5,9,内卷之王，讲课很难，没有考虑专业性，拉低均绩首选！
173320,9410,程萧潇,2023-05-19 01:42:44,12,14,2,程老师还是很尽力教了我们，但是学生比较愚钝（）课后答疑回复也超及时的，有种茅塞顿开的感觉。plus！程老师善良的像男妈妈，新一代传院小天使🏂
186017,9410,程萧潇,2024-01-07 16:54:18,7,12,5,老师人真的很nice也很专业，但是社科研这个课真的不知道在说点什么，作业也很难上手，整体体验很差期末压力很大\n\n给根本不想搞学术的人学这个不如多教教实践技能，传院你自己加油吧
187667,9410,程萧潇,2024-01-17 03:56:04,18,19,1,社科研，老师挺不错的，课程内容挺丰富，非常受用。可以说是学了这门课以后才知道以前自己写的论文所谓“某某研究”都是小孩子过家家的玩艺了。\n\n给分能让人感受到是集体性的通货膨胀，说是好也好，说不好也好，说没用也好，都一样，没什么好特别评价的。
190934,9410,程萧潇,2024-03-25 02:23:34,10,12,2,像是把本科生当做博士生来教，想讲的东西太多太深了，可能没有必要，而且最后效果反而不好，大家听不懂难的，同时基础的东西也没掌握好。不如精简内容培养基础。老师平常也很愿意听取同学的建议，希望能理解我们吧
191714,9410,程萧潇,2024-04-29 02:29:46,5,8,3,私以为是传院最好的老师\n\n课程知识密度高，结课给分也好
191739,9410,程萧潇,2024-04-29 09:20:29,5,7,2,老师很好，就是要求比较高，课挺硬的，能学到很多东西但压力不小
191899,9410,程萧潇,2024-05-04 08:55:31,4,7,3,给分很仁慈的老师
192160,9410,程萧潇,2024-05-10 08:39:59,5,5,0,讲课会想要让我们理解研究的原理，融合一些数学公式，确实能学到一些东西。答疑非常和蔼可亲，给分也挺好。\n\n但是，期末作业的难度有点大，主要靠自学，关键这是短学期课程，跟社科研一样，做得蛮痛苦。
192262,9410,程萧潇,2024-05-13 06:30:24,-1,8,9,广播电视学\n\n没有田元老师讲的吸引人，田老师上课我一节不落，程老师讲的太无聊了，翘了好几节\n\n给分我觉得不好，我们组实地调研+非常非常认真，做了很久的报告，最后只有3.9。。。
201460,9410,程萧潇,2024-11-03 09:25:46,8,8,0,请大家大胆和萧潇互动讨论，萧潇真的人很好，特别喜欢他
203276,9410,程萧潇,2024-11-18 18:09:30,6,7,1,好老师，老师对社会学的主要理论与方法都了解的比较清晰，很博学；讲课比较生动，个人没太感觉出现此前同学所述的乏沉情况。在授课的时候会有意无意点出做自己在做研究时候的技巧经验，蛮受用的。看老师的学术简历其实能看出来些，博论拿的那两个奖挺有含金量的。老师心态比较年轻，和同学们也比较亲近，总是自称「程老师」，感觉那时候有些好笑。作为外专业临届毕业生，虽然线下到课没去过几次，不过通过智云线上听课以及观照PPT，已然觉得老师人还不错。
207903,9410,程萧潇,2024-12-25 02:14:27,6,6,0,萧潇老师超好好好好
211842,9410,程萧潇,2025-01-12 16:18:57,2,2,0,十分给ai的社会科学研究方法之歌 太搞笑了\n\n程老师应该是社科研比较好的选择了 课讲的很深入尤其是量化部分带着入门（之前完全不懂的部分）就是传院时间安排得不好 不是早八就是中午六七节 加上不透风的教室 每节课都坚持不睡觉
213373,9410,程萧潇,2025-01-17 05:44:31,0,1,1,跨专业上了社科研，很好很好的老师，只要你大胆找他交流就可以收获很多
214705,9410,程萧潇,2025-02-17 02:18:53,0,0,0,萧潇老师上课很认真，干货满满
220370,9410,程萧潇,2025-06-17 13:45:48,3,3,0,程老师绝了！！！上课干货很多，认真听课可以学到很多！\n\n强烈推荐大家上数据挖掘与可视化，在这节课上学到了很多文本分析的方法，还算有趣吧。上之前担心自己一点不会编程，但会有助教帮助大家从安装到使用，程老师也会帮助大家！强推强推！
220372,9410,程萧潇,2025-06-17 13:48:34,2,2,0,程老师太好惹，和他交流特别轻松并且能有所收获，希望程老师能多开数据挖掘或者量化相关的课，感觉一门课学下来还是有点仓促～
179555,9411,方兴东,2023-09-18 07:15:08,11,17,6,这学期没被36学分的课表吓到被第一节数字治理这么多事给吓到了（）
180674,9411,方兴东,2023-09-25 00:09:53,15,16,1,老师的结巴口癖还是蛮影响听课体验的。。而且第一节课花半小时来介绍自己的事迹也是有点离谱吧？
180675,9411,方兴东,2023-09-25 00:12:15,7,7,0,听不懂老师在说什么.....
180736,9411,方兴东,2023-09-25 13:06:16,9,9,0,感觉无法抓住老师上课的重点，布置的作业也很奇怪，要求不明确
181039,9411,方兴东,2023-10-06 07:50:17,9,9,0,认真问了问题之后，回了个牛头不对马嘴的答案，完完全全的敷衍和应付，布置作业的时候麻烦考虑一下学生，学生的命也是命…
181355,9411,方兴东,2023-10-18 07:30:49,21,22,1,越上越气、、这种课作为专业必修课的意义是？？？\n\n年少不知苗苗好、、、
181415,9411,方兴东,2023-10-18 13:13:30,16,19,3,给爷爬，我被这么多作业逼到精神崩溃
181444,9411,方兴东,2023-10-18 02:11:56,5,7,2,讲课含糊，事情巨多，理论学究。PPT得拿放大镜看，心脏不好不要上。有些老师能不能单独一个大学我说。。。
181567,9411,方兴东,2023-10-23 05:40:10,33,36,3,他不适合当老师\n\n说话说不清，问一些含含糊糊没什么意义的问题，连作业要求也说不清\n\n作业要求不知道有什么意义，还很多，我们是本科二年级不是博士二年级\n\n前半节课吹哔哔，后半节课随便找人pre\n\n至于做研究呢，或许好吧，反正上他课是没感觉出来
181719,9411,方兴东,2023-10-30 00:06:42,6,7,1,他真，做研究去吧，别上课
181722,9411,方兴东,2023-10-30 01:27:34,11,13,2,fxd我真的恨你、、、、
181792,9411,方兴东,2023-11-01 01:53:33,24,26,2,喜欢玩弄学生。
181872,9411,方兴东,2023-11-08 16:48:11,17,21,4,讲课听不清楚，随机点人pre，占周末参观还写感想\n\n给爷爬
181938,9411,方兴东,2023-11-06 02:54:20,7,8,1,赞同前面的每一条评价、、、
182164,9411,方兴东,2023-11-11 07:40:56,6,7,1,很无语。。。老师说话结巴还蛮严重的，现在一提到数字治理，满脑子都是“这个这个这个”“就就就就就”，上课也抓不住重点，布置作业随心所欲。
182607,9411,方兴东,2023-11-18 07:25:15,4,6,2,再来刷个1分
183173,9411,方兴东,2023-11-22 13:25:14,10,11,1,刚听完学院国奖分享会，没想到大一的小朋友都知道数字治理的折磨人...
183300,9411,方兴东,2023-12-07 05:24:39,15,20,5,上课烂事情多，如果给分差那就是绝杀\n\n补充：出分了，真的绝杀
183301,9411,方兴东,2023-11-23 13:58:04,2,7,5,上课烂事情多，如果给分差那就是绝杀
183327,9411,方兴东,2023-12-07 07:49:10,18,22,4,果然是黑料上了百度的人，呵呵，纯纯大傻逼
183939,9411,方兴东,2023-12-05 19:10:28,7,11,4,出分慢再刷个一分
184040,9411,方兴东,2023-12-07 04:45:59,9,12,3,事情多 出分慢 给分烂 讲课差
184041,9411,方兴东,2023-12-07 04:53:07,9,12,3,烂死了，事情多，人本身就很糟糕，不知道为什么当老师祸害学生，完全不配，出分慢还低分，人嘛了，世界上最会水课的老师，受害者却是学生呵呵
184043,9411,方兴东,2023-12-07 05:24:43,7,8,1,事多给分差 上课内容无效 呵呵
184049,9411,方兴东,2023-12-12 12:27:32,5,15,10,一个字：烂\n\n两个字：太烂\n\n三个字：烂透了\n\n真是年少不知苗苗好
184066,9411,方兴东,2023-12-10 15:35:32,14,18,4,不是大哥，讲课好给分好人好事情少你占一样总不过分吧\n\n你是一个都不占啊
184087,9411,方兴东,2023-12-08 09:55:26,3,7,4,唉\n\n唉\n\n唉
184133,9411,方兴东,2023-12-10 13:44:19,4,6,2,你在大学里能想象到的考察方式这一节课里都可能有，给分很一般
184884,9411,方兴东,2023-12-24 03:17:41,-2,14,16,只有一次课程论文，一个依据课程论文的小组展示，最后一个期末开卷考试（四个开放题）。\n\n还有周末免费参观华为实验室的机会，挺好的。
185458,9411,方兴东,2023-12-29 14:03:26,7,16,9,fxd配享传院最低分。
186329,9411,方兴东,2024-01-10 13:49:56,2,12,10,快跑！真的烂
189157,9411,方兴东,2024-01-22 08:01:09,-1,9,10,还行，跟着老师能见不少世面。
189236,9411,方兴东,2024-01-22 14:04:46,-3,8,11,给分还行，老师人挺不错的
189238,9411,方兴东,2024-01-22 14:11:26,-2,6,8,还行，有些观点挺新
189754,9411,方兴东,2024-01-28 11:08:52,2,8,6,还行，上课无聊一点，非常充实，期末压力不大。
189953,9411,方兴东,2024-02-03 12:52:21,0,10,10,还行，老师挺厉害的
190040,9411,方兴东,2024-02-13 16:13:26,-5,9,14,全球视野，给分不错
190107,9411,方兴东,2024-02-22 01:58:37,-1,10,11,给分不错
190108,9411,方兴东,2024-02-22 02:05:08,-5,9,14,老师水平还是有的
190109,9411,方兴东,2024-02-22 02:13:32,-5,7,12,给了很多学习机会
190110,9411,方兴东,2024-02-22 02:19:32,0,7,7,做研究行，不适合上课
190111,9411,方兴东,2024-02-22 02:40:35,-11,6,17,方老师备课态度非常认真，课后解答问题也很有耐心，从这门课学到了很多新的知识点，非常有帮助！
190117,9411,方兴东,2024-02-22 12:19:28,-5,9,14,老师是大佬了
190428,9411,方兴东,2024-03-03 12:58:24,-4,7,11,还可以吧，中规中矩
190585,9411,方兴东,2024-03-10 14:18:27,-5,8,13,看朋友圈，发现老师很有前沿目光
190599,9411,方兴东,2024-03-11 07:19:04,12,18,6,别请水军了方博士
190772,9411,方兴东,2024-03-18 12:13:55,17,23,6,这是上了什么课或者是请了什么水军把分从1.8刷到4点几这么高的
190827,9411,方兴东,2024-03-20 08:52:39,-9,6,15,个人感觉方老师是挺不错的老师，跟着他经常能听到不少前沿性的东西
190904,9411,方兴东,2024-03-24 03:01:25,-2,8,10,其实感觉还不错（？），课程内容其实深刻的，从前从未涉及过互联网发展史的领域，打开了了解互联网的新大门。
191035,9411,方兴东,2024-03-29 04:40:39,-9,7,16,私心觉得方老师是我进学校以来感觉还不错的老师了，这样的老师真的少。
191092,9411,方兴东,2024-04-03 12:50:51,1,5,4,。。。。就一般般
191155,9411,方兴东,2024-04-09 10:29:40,-6,7,13,还可以吧，感觉没吹得那么厉害，不过也没说的那么吓人，就中规中矩的老师吧。
191315,9411,方兴东,2024-04-17 13:21:11,-14,5,19,祝贺方院长履新！希望把学院带到新高度。
191705,9411,方兴东,2024-04-28 13:05:00,7,13,6,这种无才又无德的人当院长，一声叹息
191880,9411,方兴东,2024-05-03 09:51:01,-7,7,14,期待方院长让学院的面貌一新！
192215,9411,方兴东,2024-05-12 10:26:25,10,17,7,是不是请水军了。
192216,9411,方兴东,2024-05-12 10:26:53,4,9,5,给分差，上课不知所云，PPT字小，学不到什么东西
192668,9411,方兴东,2024-05-27 10:26:13,-10,6,16,最近跟方老师接触比较多，见了很多世面，下学期要上方老师的课了，期待！
192708,9411,方兴东,2024-05-29 04:23:49,2,6,4,服了你了
192789,9411,方兴东,2024-05-30 11:26:05,-4,3,7,还行吧，一般般
193305,9411,方兴东,2024-06-06 05:58:50,-8,4,12,很好评
193374,9411,方兴东,2024-06-07 14:07:46,-7,4,11,还不错吧
193422,9411,方兴东,2024-06-10 10:34:38,9,13,4,求求了，别刷了
194107,9411,方兴东,2024-06-22 04:30:47,-7,4,11,最钦佩的是方老师的全球视野
195969,9411,方兴东,2024-07-01 03:02:15,10,14,4,别刷分了老师，有意思吗……\n\n好评建议大家挑着看，上过老师课表示个人实在打不出好评
198098,9411,方兴东,2024-08-30 12:39:13,1,8,7,我觉得方老师其实挺好的 可能对于本科生来说要求高了点 所以这个评价吧
201614,9411,方兴东,2024-11-05 02:22:50,7,10,3,第一次遇到找水军刷评论的老师，又蠢又坏。上课烂给分烂，别来。
203762,9411,方兴东,2024-11-21 03:00:27,5,8,3,烂就一个字
204395,9411,方兴东,2024-11-25 15:28:45,-9,3,12,一位老师能够兼顾学术与教学非常不易，很难想象要付出多大的心思，在我眼里，他做到了。
204822,9411,方兴东,2024-11-28 04:20:07,-2,2,4,还行吧
205282,9411,方兴东,2024-12-04 00:45:47,5,8,3,笑晕了，国际视野\n\n永远是一个无聊的老头在讲台上自说自话哈哈哈哈哈哈哈
207718,9411,方兴东,2024-12-24 03:35:24,5,7,2,方博士别请水军了
208095,9411,方兴东,2024-12-25 14:36:57,2,6,4,0人想在考前45分钟听您这位伟大的院长讲述自己去沙特参加高级会议的旅游经历
209954,9411,方兴东,2025-01-07 14:33:06,-6,3,9,传院蛮少有这样有国际视野的老师的
213787,9411,方兴东,2025-01-20 01:36:33,0,3,3,还行，老师本人挺厉害的，上课内容老师自己可能认为有意思，但实在很多人get不到他的点
214484,9411,方兴东,2025-02-07 11:01:33,7,9,2,企图以管理公司的方式管理学院和学生，可是原本就是个创业失败者
216351,9411,方兴东,2025-03-14 04:16:23,7,8,1,烂，听不懂，为难学生也难为他了
216808,9411,方兴东,2025-03-26 02:35:35,-2,1,3,他的国际视野比较关键，是和平常一般的学生思维不太一样的
217925,9411,方兴东,2025-04-18 03:36:16,1,1,0,呵呵呵呵
218372,9411,方兴东,2025-04-23 03:39:03,8,8,0,最无聊的课，要求最多的课，要求再多也讲不灵清的，反正，论文是要写5000字的，反正，还要考试的，反正，纯史，还会抽人回答问题
218542,9411,方兴东,2025-04-24 11:01:56,4,5,1,史中史中史\n\n课是没准备好就要开的\n\n课程要求是讲不清的\n\n短论文是要写五千字的\n\n小组是要展示的\n\n选题是改了又改就是不说清要怎么改的\n\n我真的不理解东挑西挑你要不满意我们就别展示了好吧 回家吧孩子回家吧好不好
218734,9411,方兴东,2025-05-30 03:29:47,4,4,0,老登为了出书，专门开了这么个课折磨学生，把学生当黑奴使呢？？？讲课像在说梦话，作业要求改了八百遍（此处同情一下他的助教们），我们真的没工夫陪你闹了fxd
218843,9411,方兴东,2025-05-08 05:13:11,5,5,0,真不知道你在干什么。。一节课里半节课学生展示，经常拉别的老师来讲课。讲的一坨就算了，学生讲课你还提那么多沙比要求。💩
219205,9411,方兴东,2025-05-23 03:25:11,2,2,0,受不了这个老登了
219906,9411,方兴东,2025-06-10 18:16:22,0,0,0,为什么还会有四分
180671,9412,龚君姬,2023-09-24 17:21:51,4,5,1,老师真的好温柔
185728,9412,龚君姬,2024-01-04 02:13:12,1,1,0,老师很温柔，虽然课堂知识密度不大，但真的超治愈。
185738,9412,龚君姬,2024-01-04 04:03:33,4,4,0,天仙你带我走吧。。。没了你我怎么活啊。。。。女神。。。。我下辈子还要上你的课。。。。。。。
185742,9412,龚君姬,2024-01-04 04:16:50,2,2,0,感觉老师很有情怀，很温柔很尊重大家的发言和想法，爱！
185869,9412,龚君姬,2024-01-05 05:45:11,5,5,0,非常真诚的一位老师\n\n不管最后绩点多少，老师绝对值一个10分
187747,9412,龚君姬,2024-01-17 09:52:20,5,6,1,爱死你了(づ￣3￣)づ╭❤～
189333,9412,龚君姬,2024-01-23 09:12:37,1,1,0,很好很温柔的老师，不过世界文学经典要读很多书~
198860,9412,龚君姬,2024-09-12 08:00:22,1,1,0,niceeeeeeee
210670,9412,龚君姬,2025-01-09 15:14:24,0,0,0,非常好非常温柔的老师！！对文学有着热爱也是真的希望大家多接触文学，课上有很多讨论题有一些i人地狱，但是完全支持个人化表达还是很棒的！！不管绩点怎么样都是我永远的女神！
211836,9412,龚君姬,2025-01-12 16:06:25,0,0,0,我女神(^з^)汉字讲的真的很好 推荐大家可以尝试着放下手机沉浸式听一节女神的课 太温柔了 问问题什么的也很好 考试的话还是有难度 如果上课认真听了最后补天难度会低很多
212804,9412,龚君姬,2025-01-15 03:03:52,1,1,0,世界文学经典，老师非常鼓励大家尽力去阅读原著，也会课堂上用各种媒介帮助理解文学经典；上课很温柔也很认真，可以看出老师对文学的热爱和对同学们的理解与包容。在认真阅读和上课的前提下，给分好到有点难以置信，建议有余力有时间读书的同学来选
167049,9413,孔晓梦,2023-01-14 17:23:25,0,0,0,老师人很好！
168606,9413,孔晓梦,2023-02-20 07:09:33,0,0,0,思修上课会放很多视频，给分也挺好
168065,9414,潘建新,2023-01-25 06:28:51,9,10,1,老潘也有查老师了，前来占个座，10分好评
170648,9414,潘建新,2023-03-07 13:33:16,1,2,1,老师人很好
190964,9414,潘建新,2024-03-26 02:50:14,-1,0,1,很好的潘
191453,9414,潘建新,2024-04-23 00:57:44,2,3,1,我们传院有自己的大冰老师
193850,9414,潘建新,2024-06-20 07:50:46,0,1,1,老师的标签太多了，爽文男主的剧本，人很和善，传院的好老师
217216,9414,潘建新,2025-04-05 03:15:54,0,0,0,好老师 作业有点多 但是都很有趣 值得
191057,9605,张子柯,2024-03-31 06:23:07,6,8,2,快跑！如果没有特别好的朋友是学计算机，学Python的，最好别选，因为到时候连个能帮你的人都没有搞了一晚上搞不出来，怎么样都出不来结果，学的很想亖
191249,9605,张子柯,2024-04-15 03:09:03,6,7,1,别的不说了，这个期末展示太恐怖了，三十多个学生，本来一人五分钟，他选择拖堂让大家讲完，也不限制时间，过了三个小时还剩一半人～
191374,9605,张子柯,2024-04-19 00:45:59,6,9,3,感谢老师令我领会使用文心一言的重要性
191454,9605,张子柯,2024-04-23 01:21:12,4,5,1,从早八开始展示，一直展示到下午一点
192179,9605,张子柯,2024-05-11 02:53:00,4,5,1,短学期的课靠上课学会各种爬虫方法和可视化真的现实吗，说是教学随便演示一遍就算教过了，某次课后作业词云图，但讲到词云的时候已经下课了，虽然ai自学也能完成，但这真的合理吗，期末大作业要求是拉满的。。。。。给分。。。。。。。。。当然也有人还不错，但作为文科生初学python，个人感觉是极其不合理的/花费时间也巨巨巨巨巨巨久，没有专业朋友可以求助也会非常痛苦 选修课那么多，没必要来这
192201,9605,张子柯,2024-05-11 10:18:39,3,4,1,期末作业要求是高的，量是多的，分是低低的，我请问呢？
192210,9605,张子柯,2024-05-12 02:14:05,3,4,1,没有AI老师寸步难行的一门课。。上课讲的完全不支持完成作业\n\n退课期内上的也就是大计基那点东西，渐渐不对劲了已经不能退了。。\n\n八周课三次作业还有期末展示和报告我请问呢。。。\n\n也是轻轻刷新专业课最低分了
192217,9605,张子柯,2024-05-12 10:29:30,5,5,0,讲课是水的 作业是巨多的。\n\n老师可能人还不错 但是真的要花很多很多时间做作业 因为对于文科生就是从头开始 学的压力很大 但是给分真的低的不合理
200936,9605,张子柯,2024-10-28 09:00:22,2,2,0,学术能力很水，架子很大，喜欢搞服从性测试，有意无意刁难人
208629,9605,张子柯,2024-12-30 08:24:15,1,1,0,纯🈚️木
192014,9634,秦煜人,2024-05-07 17:46:05,1,2,1,滚。。
192023,9634,秦煜人,2024-05-08 02:31:51,-1,0,1,很温柔的老师
192030,9634,秦煜人,2024-05-08 03:01:44,6,6,0,喜欢随机点名，小组作业要求讲的不是很清楚，最后给分也没有很好
192051,9634,秦煜人,2024-05-08 08:05:20,3,3,0,给分不好伤心了
192080,9634,秦煜人,2024-05-09 02:36:46,0,1,1,很温柔的老师
192084,9634,秦煜人,2024-05-09 03:12:47,1,2,1,课如其人，一切都是淡淡的···分数也是那么淡淡的···
192122,9634,秦煜人,2024-05-09 13:04:51,0,0,0,有小测，很开放性的题目，上课也愿意激发学生的思考，课程内容也比较清晰。但是感觉涉及文化的课程都很难有老师能够在课堂上讲的很深入
192159,9634,秦煜人,2024-05-10 08:35:42,0,0,0,跨文化传播 上课随机提问名字，三次小测，难度不用担心，一次展示，课程难度整体ok，老师答疑上提供了一些挺有用的建议，就是身边的人没有分高的。
192213,9634,秦煜人,2024-05-12 06:50:53,3,3,0,讲课淡淡的，给分也淡淡的
192288,9634,秦煜人,2024-05-13 16:11:46,2,4,2,讨厌你
192414,9634,秦煜人,2024-05-18 13:11:09,1,1,0,讲课很系统，也很有趣，作业不多的，给分不好的www
192666,9634,秦煜人,2024-05-27 10:25:12,4,7,3,喜欢你
190562,9687,严毓倩,2024-03-08 12:34:07,6,8,2,平心而论，比传媒学院绝大多数老师要好得多。
205017,9687,严毓倩,2024-11-29 15:12:50,0,0,0,特别温柔，学术基础很扎实的老师，学到很多。
205250,9687,严毓倩,2024-12-03 08:23:36,0,0,0,蛮好的
216613,9687,严毓倩,2025-03-19 08:12:17,0,0,0,很有才华的老师~对艺术理解也很深入！
219092,9687,严毓倩,2025-05-21 09:58:22,1,1,0,老师超级好啊啊啊啊！！！特别博学又温柔！！！！都给我来上！！！！
201950,9712,孙梦如,2024-11-07 16:26:25,0,1,1,很温柔很有涵养，米米嘟
206557,9712,孙梦如,2024-12-16 05:21:32,1,1,0,学术水平中等偏下 但很自信
198873,10212,田元,2024-09-12 09:40:17,3,6,3,实践经历相当丰富的老师，上他的课和传院其他更注重理论的老师是一种比较不同的体验～老师人也很有意思，非常风趣～
208157,10212,田元,2024-12-26 03:58:30,3,7,4,可爱团团勇闯天涯！
208245,10212,田元,2024-12-26 10:51:42,-1,3,4,我爱你
211873,10212,田元,2025-01-13 00:58:11,0,4,4,超级好的甜圆啊，上课不仅幽默还有用，最后也拿了满绩，老师我要追随你一辈子！
215611,10212,田元,2025-03-03 00:44:01,-1,4,5,广播电视学，随堂测试闭卷测名词解释，自己说要用高中的模式测试😅知识点零零碎碎一大堆还讲不清楚，说实话这些名称和新闻学关系微乎其微…\n\n\n\n上课给人一种高高在上的感觉…很爱提问一些无关痛痒的问题 看我们答不出来以展示他的智慧 快跑
215788,10212,田元,2025-03-05 13:23:18,-1,3,4,神经病啊要默写还总是说这个很容易考到那个很容易考到鬼知道你到底要考什么
215938,10212,田元,2025-03-07 19:06:13,1,2,1,只能说上田老师的课绝对能有很多不一样的收获
216035,10212,田元,2025-03-09 16:12:27,4,6,2,一位理论扎实的老师，一位专业性极强的老师，一位有丰富业内经验的老师，一位真正懂得如何将枯燥的知识结合业内的经验向学生教授的老师，一位真正扎根田野，将理论与实践相结合的老师！田元老师上课风趣幽默，只要你认真听，你能学进去许多东西，且这些知识会在未来的某一刻当你需要的时候出现在你的脑海里，运用到实践中，希望浙大能多一些这样的老师，真正愿意下心思为本科生传授丰富的经验，毫无保留地为学生提供最接近业内的建议。平日里田元老师能跟学生之间保持着良好的互动，真正能和学生打成一片，成为朋友，大学期间，能遇到这位老师真是一大幸事！他的所有课我都推荐一试！我永远支持田导！
218624,10212,田元,2025-04-27 09:39:32,0,0,0,热评第一条真的是同龄人的写作风格吗。。。大家可以自己好好想想。如果连这个评都要控的话大家可以再想想他平时是个什么样的人。我的建议是，快跑！
202692,10421,王维,2024-11-14 01:32:28,2,2,0,ww老师应该刚来浙大，上课很有逻辑，亲和力也很强，能看得出为了让大家能更投入在课堂上下了很多功夫，只是数字治理概念本身比较枯燥，进入到历史部分，结合例子和音视频材料就有趣多了。小组论文提前提交给老师，老师会给一些修改意见，可以把作业修改后再提交终版。考试论述题10选3，都是老师上课或者课件中的例子引申出的，不在课件上的题目老师会单独提醒。还没出分不知道给分如何，给老师10分鼓励一下～
202773,10421,王维,2024-11-14 09:14:18,1,1,0,基本每节课都会点名不过是数字点名，上课讲的有一点点无聊。老师人很温柔，要求讲得还算明白，不过不知道是不是因为是新老师，很多安排乱乱的…
204802,10421,王维,2024-11-28 02:52:51,-1,0,1,夸夸老师，老师很温柔，上课考试要求也很明确，作业会给反馈修改的机会~
204906,10421,王维,2024-11-28 12:17:00,1,1,0,不知道互联网与全球传播是王维老师还是洪宇老师给分，给分合理，但实在是太太太太慢了，秋学期的课，冬四周快结束才出
204954,10421,王维,2024-11-29 03:44:59,-3,0,3,很喜欢的老师，博学温柔真诚有亲和力。事少但是作业略略有点难，考试的话只要平常认真听就能得到一个比较好的结果的（本理科生也拿了4.5嘿嘿）
205038,10421,王维,2024-11-30 06:45:34,0,0,0,老师挺好的，耐心，谦和，博闻广识!\n\n虽然参考文献一大堆，PPT字超多，还自带碎碎念，而且会多次对前期只是call back，给复习造成一些困扰，但是总体还是可以的。。。\n\n以及被卡绩了，，，，但一定是我的问题↓\n\n大家放心选
205222,10421,王维,2024-12-03 03:26:42,1,1,0,老师人很好，但是给分没有想象中好，很认真地完成了但是嗯。。。
205321,10421,王维,2024-12-04 09:43:37,0,0,0,老师是很好的老师，不论从学识专业水平，还是从关心学生的角度都很好，不会刻意为难学生，比如上课互动的分数只要和老师有一次互动或课上或钉钉线上就能拿满，很考虑学生。大家可能觉得课程有点无聊，但这本来是方兴东院长的课，王维老师代上，很多不能算是老师的问题。给分相对宽松，但因为小组作业、考试等都会扣点分数，导致上限摆在那里，取得高分比较难，但是以下大家都差不多，认真完成会得到一个还算不错的成绩。另外老师是严格每小分相加的，和洪宇老师的课一样，想取得高分，尽量做好各部分内容吧，感觉大作业影响总评会大一点。
205554,10421,王维,2024-12-09 07:19:41,3,3,0,老师好像是从交大新挖过来的，为人非常亲和，小组大作业只要提前写完，老师会给予一定的反馈，我给老师发了三版，后来发现有点写偏题了，问老师如何掰回来，老师都给了很不错的建议。由于数字治理课程本身比较枯燥，但是也能够很好梳理从60-20年代的数字历史，老师还找了很多小视频来提高课堂有趣程度和互动。就是，不知道老师是不是批发式给分，问了一圈人，分数一样一样的~
