评论id,老师id,老师姓名,发表时间,点赞减去点踩数量,点赞量,点踩量,内容
5697,1237,吴为进,2015-07-09 07:25:32,48,69,21,超级无聊 真心听不下去 就是想给学生洗脑 给分低到一个境界了
7800,1237,吴为进,2015-09-15 13:32:11,28,33,5,垃圾
7802,1237,吴为进,2015-09-15 13:32:46,8,9,1,口口相传
7832,1237,吴为进,2015-09-15 14:24:09,22,27,5,自以为是的垃圾
9377,1237,吴为进,2015-10-25 12:20:18,-10,3,13,还可以听听
12348,1237,吴为进,2015-12-23 04:39:23,45,48,3,所有班里最晚放。两节课拖得比三节课还久。前半节课闲扯。等人家班放了开始着急，连ppt都读不完了
12522,1237,吴为进,2015-12-23 12:01:23,5,10,5,声音尖锐，没有美感，可惜没有零分选项。大一听了半学期他的课，吓得我赶紧退了\n\n
12920,1237,吴为进,2015-12-24 10:20:50,10,13,3,能零分吗
12961,1237,吴为进,2015-12-24 11:47:17,24,27,3,人家八点半放学他可以九点十五再放，每节课课堂有作业检查，期末要写读书报告，别的老师并没有这么多事
13228,1237,吴为进,2015-12-25 09:28:42,10,13,3,写你妹的读书报告，喝喝
14738,1237,吴为进,2016-01-08 14:50:13,1,3,2,事情多
15228,1237,吴为进,2016-01-13 01:50:44,15,17,2,事情多，无聊至极，还乱吹牛
15765,1237,吴为进,2016-01-16 08:43:11,-14,1,15,真好！
17163,1237,吴为进,2016-01-19 21:39:56,7,9,2,辣鸡一只 满口军事常识性错误
20911,1237,吴为进,2016-02-03 15:35:35,4,5,1,一直在写作业呗
20938,1237,吴为进,2016-02-04 14:04:50,6,8,2,辣鸡中的战斗机
21571,1237,吴为进,2016-02-29 08:22:08,32,35,3,一分我都嫌多，有零分早打了(๑• . •๑)
22455,1237,吴为进,2016-03-06 10:32:29,13,20,7,为什么没有零分选项，为什么这种垃圾还能进浙大，还有没有天理了？校领导也不看看学习帝里对老师的评价，麻烦快点炒了他好吗
22457,1237,吴为进,2016-03-06 10:40:22,2,2,0,哦？？？
22837,1237,吴为进,2016-03-13 10:06:02,4,5,1,真辣鸡
24635,1237,吴为进,2016-05-02 12:44:56,4,5,1,呵呵\n\n
25469,1237,吴为进,2016-05-21 08:58:31,4,5,1,应该是智障吧
25488,1237,吴为进,2016-06-29 03:53:34,4,5,1,没什么意思\n\n
25619,1237,吴为进,2016-05-29 12:41:00,6,11,5,没有点过名 请放心逃课 这智障天天拖堂到九点 不退亏一年啊
26410,1237,吴为进,2016-06-18 05:25:13,14,16,2,真心没法听，考前全靠自己看书复习，讲道理这门课没啥有用的知识，还必修，学校这是一门课开了四十年还沾沾自喜自以为有文化传统？
28707,1237,吴为进,2016-06-28 12:42:00,2,2,0,。一样式
28865,1237,吴为进,2016-06-29 01:06:59,6,7,1,差差差
28896,1237,吴为进,2016-06-29 03:00:06,6,8,2,拖堂，两节课的时间楞生生拖过三节课，还有奇怪的读书报告，是补作业的好去处
28919,1237,吴为进,2016-06-29 03:27:48,4,5,1,给分烂
28920,1237,吴为进,2016-06-29 03:32:11,5,5,0,给分好低
28921,1237,吴为进,2016-06-29 03:32:50,7,9,2,不给1分的都托
28925,1237,吴为进,2016-06-29 03:39:46,4,5,1,傻逼中的大傻逼
28927,1237,吴为进,2016-06-29 03:40:45,-4,3,7,还行，一般不听课
28933,1237,吴为进,2016-06-29 03:48:57,3,3,0,垃圾怎么没有负分，击杀，去屎吧
28940,1237,吴为进,2016-06-29 03:59:16,9,10,1,垃圾得要死，也佩服他能瞎逼逼三节课。
28944,1237,吴为进,2016-06-29 15:55:27,18,23,5,这老师绝逼有毒 劝大家选上的赶紧退 认真的说我们班作业比其他多事儿多下课晚 每次上课我都来作业都暗示交考试都写出了不给高分给个评论分总可以吧特么的这给的这么点分什么玩意儿
28979,1237,吴为进,2016-06-29 05:03:05,-16,4,20,虽然上课挺无聊的 但感觉给分还可以吧，上4⃣️了，不过哪门课的给分都是看人的啦，再说行测就一学分，不要太在意
28986,1237,吴为进,2016-06-29 05:14:16,4,4,0,真不知道这样的课单独开一门有什么意义
28987,1237,吴为进,2016-06-29 05:14:39,19,21,2,建议学习帝完善查老师功能：评分添加0分选项。
29081,1237,吴为进,2016-06-29 08:14:47,5,5,0,就他妈一分，讲课无聊事也多就算了，给的什么分
29139,1237,吴为进,2016-06-29 09:37:07,7,8,1,建议学习帝完善功能，增加零分选项。
29183,1237,吴为进,2016-06-29 10:48:09,4,5,1,坑比 事情多 给分又差
29223,1237,吴为进,2016-06-29 12:40:37,7,9,2,我从未遇到事情这么多给分还这么低的老师。全年级唯一要写读书报告就算了，看到分数的一瞬间boom，学弟学妹不要方退了找别的老师签条子吧 为了你们的绩点和平时时间考虑
29231,1237,吴为进,2016-06-29 12:56:32,-5,0,5,没感觉
29287,1237,吴为进,2016-06-29 14:21:03,5,5,0,事情超多……而且拖堂能拖很久。不知道他在讲些什么，给分也超低。
29478,1237,吴为进,2016-06-30 00:50:11,8,9,1,只能说，一个学期没有翘过课，突击点名也在，写了读书报告，认真答卷，结果给分，呵呵。。。真爱生命远离绩杀
29659,1237,吴为进,2016-06-30 06:49:59,0,2,2,恶心！\n\n
29700,1237,吴为进,2016-06-30 08:08:15,4,4,0,巨大的坑
29711,1237,吴为进,2016-06-30 08:16:01,3,4,1,真的有零分我绝逼给零分∠(ᐛ」∠)＿
29750,1237,吴为进,2019-09-20 06:58:02,2,7,5,考得差不要怨老师给分低，自己卷面什么情况自己又不是不知道
30001,1237,吴为进,2016-09-17 14:26:00,4,5,1,上课没营养也就算了，给分及其没道理。被预置到他的能换赶紧换吧～
30340,1237,吴为进,2016-07-01 10:21:11,-3,1,4,还好
30395,1237,吴为进,2016-07-01 13:09:18,4,5,1,真的特别恶心的一个老师 只会瞎bb给分坑还直男癌倾向严重 憋选 简直是老年大学调过来的水平
30440,1237,吴为进,2016-07-01 15:01:48,-3,3,6,怎么说。。我觉得只要最后考得高，分都不会低到哪里去的
31318,1237,吴为进,2016-07-03 15:49:30,-7,0,7,时间观念不行哈，放的略晚。思想嘛……形策老师我也没什么期望啦。总的来说还可以吧。
32458,1237,吴为进,2016-07-07 02:44:19,2,4,2,放学炒鸡迟！！！如果后排自修的学霸还是自得的。还有，难道只有我们要写读书报告？学霸就不秀成绩了，心疼群里的小伙伴了。
35023,1237,吴为进,2016-10-30 12:22:06,0,1,1,太啰嗦了我的天
36389,1237,吴为进,2016-11-12 18:07:39,2,2,0,。。。无聊，写作业
38995,1237,吴为进,2016-12-20 10:55:04,0,1,1,.........
41125,1237,吴为进,2017-01-09 10:05:20,1,2,1,老师确实很渣渣。。。。。。。\n\n
48314,1237,吴为进,2017-03-02 06:03:24,1,2,1,给分不好，上课无聊，不推荐
49384,1237,吴为进,2017-04-09 12:02:38,0,1,1,讲课经常出错是什么感觉
49482,1237,吴为进,2017-04-16 12:42:04,0,1,1,还没考试但觉得老师讲的挺好的呀
52335,1237,吴为进,2017-06-18 14:13:37,0,0,0,无聊至极
52336,1237,吴为进,2017-06-18 14:14:47,5,6,1,太特么烂了\n\n大一学弟学妹们预支课是他赶紧退\n\n给分低到爆\n\n认真了一学期\n\n给分呵呵
52388,1237,吴为进,2017-06-26 12:57:44,-2,0,2,分数还凑合，给你加两分，三分吧~
53356,1237,吴为进,2017-06-26 12:28:19,1,2,1,会拖堂，要每节课写感悟，有读书报告和小组互评…没怎么听过课但是感觉老师人还不错……多做做案例分析期末好好考给分还是可以的
53363,1237,吴为进,2017-06-26 12:44:12,1,6,5,之前就很喜欢老师！不知道为什么评论清一色嫌弃老师 反正我觉得很好！
53366,1237,吴为进,2017-06-26 12:47:46,0,0,0,从学生在教室的分布情况就可以看出老师的水平，还有给分非常坑。
53368,1237,吴为进,2017-06-26 12:53:18,-1,1,2,一次都没发言居然有3.9
53371,1237,吴为进,2017-06-26 12:55:03,1,2,1,上课特无聊，大家都在水手机，反正他讲任他讲。平时有课前实事分享加分，然而并没卵用。每节课要写感受交给助教，算是变相点名。最后的最后，凭什么只有我们要写读书报告！心态爆炸！
53383,1237,吴为进,2017-06-26 13:06:32,1,1,0,每节课写感想最后读书报告，给分呵呵
53429,1237,吴为进,2017-06-26 14:57:41,1,1,0,老师上课是有点无聊，但是这门课也实在不敢求太多……给分还不错
53546,1237,吴为进,2017-06-27 03:02:30,-1,2,3,为啥我觉得老师懂得蛮多，就是语速慢上课催眠……事情确实要比其他班多，但老师给分好像挺厚道的
53967,1237,吴为进,2018-09-14 07:40:37,6,11,5,1.吴老师的形策课确实比较无聊，除非你对这一块真的很感兴趣。\n\n2.吴老师上课前会叫人起来分享时事，这个是自愿报名，是为数不多的表现机会，友情建议要积极举手发言。\n\n3.吴老师课后会要求写课后体会，100字左右即可，算作到场证明，也就省了点名的时间。\n\n4.总体而言，平时课可以不认真听，但是考试前一定要认真复习，材料和考试范围也会提前给的。\n\n5.总之，吴老师的形策课相比其他老师而言，至少有课后体会（即到场证明）、课前时事分享、读书报告等平时分数，因此平时分建议要好好把握，给老师留下好印象，分数自然会高。\n\n6.最后谈一谈个人体会，绩点4.5。说实话，考试感觉挺差的，无论是前面的时事填空，抑或是后面的论述文，反正感觉考的很一般。但是我估计平时表现比较积极，因此老师平时分比较高，所以绩点看起来也比较高。\n\n所以，无论课怎么样，评分机制摆在那里，关键还是靠自己。
55073,1237,吴为进,2017-06-30 18:20:40,0,2,2,讲的确实无聊。老师每节课会叫十个人分享时事，有平时加分，每节课后要求写课堂感悟代替点名，不需太多，100左右即可。我们可能是唯一要写读书报告的形策班了吧，还会要求小组举行读书分享会，跟其他教学班比算是事情很多的了。本人一堂课没听过(惭愧)，也没有进行过分享，读书报告认真完成，学生手册考试满分，期末时事基本不会，简答题认真背了答案，基本写全，最后3.9，个人经历仅供参考！
57515,1237,吴为进,2017-07-09 07:03:51,2,2,0,一贯装逼
60189,1237,吴为进,2017-10-12 13:48:02,1,1,0,事太多，给分不好
63975,1237,吴为进,2017-12-20 11:10:54,1,1,0,厉害厉害，服
83780,1237,吴为进,2018-07-11 08:22:47,2,4,2,上课无聊是课程本身的性质！\n\n老师也是尽到了教书的责任呀\n\n太爱助教姐姐了！温柔，在群里很可爱！给分还不错的！
86717,1237,吴为进,2018-09-18 06:07:32,1,1,0,呵呵。
93180,1237,吴为进,2019-01-08 04:14:16,-1,0,1,说实话老师人蛮好的，就是讲课无聊。不听就好了嘛，没有必要用这些话diss他吧....
94057,1237,吴为进,2019-01-15 05:15:20,1,1,0,哈哈哈
104027,1237,吴为进,2019-07-04 11:05:58,8,8,0,18-19学年的情况: 1.每节课点名； 2.按照点名册的序号固定位置； 3.每节课有半小时时事分享，占比挺大 自闭的不建议选； 4.作业基本上只有寒假写一封手写的报告，和其他老师不起来不算多； 5.每节课大概九点下课，比别的班迟半小时； 6.严格正态，一学期次次有到发言只有两次考试没有很崩坏最后绩点3.3直接让均绩掉了0.03，这个没什么好说的，只能怪自己一开始不主动； 7.以上部分只是在对这个学期的课堂时事做客观陈述，但是吴老师人还是不错的。 最后和19级还没来的学弟学妹们说一句话，评分9.1的老师不一定会打好的分，一方面为正态分布，另一方面要看你自己的付出和学习成效，但是评分1.9的老师不仅会看正态分布，而且会让很多人丧失为这门课付出的动力。我不想为自己的菜鸡找借口，毕竟正态之下总有上4乃至满绩的大佬，平心而论自己的付出与最后的绩点也的确在合理相关范围内，只希望学弟学妹万一被预置他的课发现不对胃口，能及时止损。
108479,1237,吴为进,2019-05-26 12:26:11,2,2,0,sgm 不拖你会死？
108486,1237,吴为进,2019-05-27 00:22:49,1,1,0,我佛了
109568,1237,吴为进,2019-06-17 05:33:23,4,5,1,我浙我浙，何故开此课？
110832,1237,吴为进,2019-07-03 23:05:52,-3,2,5,给分好
112322,1237,吴为进,2019-07-04 01:39:17,-7,0,7,才看了成绩，给分挺好哒！
112495,1237,吴为进,2019-07-04 13:11:23,1,1,0,上课洗脑，不发言就被正态
112509,1237,吴为进,2019-07-04 15:54:08,-3,4,7,老师其实挺温和的，说上课洗脑的，这不是课程性质问题？不发言是不是都被正态了我也不知，反正我一次发言都无，毫无，全无，没有任何课堂参与感。期末考前害怕脑袋空空就按照给的ppt理了下思维导图，顺便背了下每节课的思考题（能搜到什么就背什么），4.2，就按照自己的价值取向分配考试复习时间呗，这种性质的课背了大概率有回报。
118928,1237,吴为进,2019-11-08 07:49:59,1,1,0,傻了吧
120277,1237,吴为进,2019-11-27 10:06:57,1,1,0,给职业生涯规划绩点贼低
121447,1237,吴为进,2019-12-16 05:51:50,1,1,0,反正就是?杀?
128075,1237,吴为进,2020-12-20 12:52:21,1,1,0,老师真棒，为了让我睡个好觉特意拖堂半小时
128101,1237,吴为进,2020-12-07 07:38:51,1,1,0,测测测
137567,1237,吴为进,2021-07-05 06:28:19,10,14,4,明人不说暗话 这个老师是脑塌
137568,1237,吴为进,2021-07-05 06:34:59,4,8,4,感谢吴老师为我绩点做的贡献，喜提3.3👍👍👍
137571,1237,吴为进,2021-07-05 06:46:10,6,7,1,全勤加作业全交=2.7，我觉得寒假辛辛苦苦做调研的自己是个傻逼
137579,1237,吴为进,2021-07-05 07:10:43,4,4,0,一整个学期勤勤恳恳，发言都快刷满了，期末选择题也都做出来了，给了80，不想说什么，大家自己判断吧，快跑。
137584,1237,吴为进,2021-07-05 07:37:42,4,4,0,行策绩杀，呵呵，点名全勤，作业都写了，也发了两次言，考试能写的也都写满了，还喜提3.3
137585,1237,吴为进,2021-07-05 07:53:32,6,6,0,全勤，作业全交\n\n考试写满\n\n2.7\n\n比查老师分数高了
155395,1237,吴为进,2022-06-21 08:24:33,3,5,2,本来看老师评分这么低好怕，没想到给分出奇的好 感谢
156565,1237,吴为进,2022-06-20 09:23:21,2,2,0,老师上课的态度和对待学生的态度感觉都可以，可能无聊是形策的通病吧
156636,1237,吴为进,2022-06-20 12:44:51,2,3,1,上课确实无聊 确实爱拖堂 但是今年给分改过自新了 值得肯定
156677,1237,吴为进,2022-06-20 15:02:49,2,3,1,给分突然变好了！
156693,1237,吴为进,2022-06-20 15:30:44,-1,0,1,上课事情多，给分还行
157085,1237,吴为进,2022-06-22 01:06:54,2,2,0,上课没有刻意卷发言  发言次数堪堪达到最低要求  但给分挺好的~期末ppt还是看一下比较好~
162343,1237,吴为进,2022-11-20 12:42:45,3,4,1,七年如一日，拖堂是永远的坚持\n\n现在离理论下课时间过去17分钟了，还是一点停的意思都没有\n\n垃圾
162344,1237,吴为进,2022-11-20 12:45:06,0,2,2,上课从20:30拖课到9:00不说，还强制性要求每个人上课发表实事评论，美其名曰学习国外的上课方式，而且还经常无视举手回答
173365,1237,吴为进,2023-05-21 13:10:51,1,2,1,还在拖堂，人麻了
173909,1237,吴为进,2023-06-04 10:53:34,-2,3,5,老师我偷偷给你打10分，你得给我绩点高一点的哦~
174528,1237,吴为进,2023-06-13 15:44:19,1,3,2,纯尼玛傻逼
176019,1237,吴为进,2023-06-27 12:19:54,4,5,1,形策出分了来评一下. 典型的中年油腻男子，上课无聊话都说不清楚，每次上课都跟喝了酒过来一样；每节课都要拖课，ppt都读不完还总是扯东扯西；上课请人分享时事新闻，美其名曰学习西方教学模式，不知道是不是享受点人回答问题的感觉（毕竟一堆学生积极发言了，老师总不会太差吧🤣），还总是忽略举手. 最后给分似乎还行，但上课体验实在糟糕.
176064,1237,吴为进,2023-06-27 14:18:49,0,2,2,垃圾
181373,1237,吴为进,2023-10-16 04:43:50,3,4,1,这老师上课必拖堂，一拖堂就是20分钟起步，别人上两节课形策，他上两节半甚至三节。上课无聊至极，大谈空话套话
192555,1237,吴为进,2024-05-23 10:56:26,2,5,3,老师对待职规课程非常认真，最后给分也不错
195284,1237,吴为进,2024-06-27 15:11:07,-1,3,4,史史史
196510,1237,吴为进,2024-07-04 01:25:10,2,4,2,形策课 拖堂严重 固定座位不能翘 会要求同学举手进行时事分享 不过可以手机现查 给分尚可
200090,1237,吴为进,2024-10-12 17:26:54,12,14,2,老师的课堂超有兴趣~
200092,1237,吴为进,2024-10-12 17:50:19,37,39,2,2024年9月16日中秋节请的两位小演员给我们上了一堂生动的生理课
200093,1237,吴为进,2024-10-12 18:12:37,21,21,0,老师你要火了
200104,1237,吴为进,2024-10-13 06:49:07,17,18,1,非常好老师，爱来自中秋节的北4-217教室
200109,1237,吴为进,2024-10-13 07:48:00,21,21,0,没上过老师的职规课，但老师的生理课真的有说法
200126,1237,吴为进,2024-10-13 12:00:53,1,1,0,听不下去
200139,1237,吴为进,2024-10-14 02:30:28,10,10,0,请来的ckc小演员很厉害哦
200188,1237,吴为进,2024-10-14 16:20:48,4,5,1,再来一次^_^
200298,1237,吴为进,2024-10-15 13:40:53,4,4,0,生理课上的非常生动，孩子很爱看👍👍👍
200302,1237,吴为进,2024-10-15 14:21:15,10,13,3,虽然有人在那个教室里做不好的事情，但是这件事情老师也是无辜的人吧，这样评论真的好吗
200435,1237,吴为进,2024-10-17 03:56:17,8,8,0,素未谋面的生理课老师🧑‍🏫
200510,1237,吴为进,2024-10-18 03:07:35,17,17,0,震惊！！！这节职规课，浙大上万人同时观看？！！！
200643,1237,吴为进,2024-10-20 13:03:10,8,8,0,堂老压
201039,1237,吴为进,2024-10-27 16:22:16,3,3,0,老师其实真的是想在上课的时候教会我们一些东西。
203159,1237,吴为进,2024-11-17 12:46:00,1,1,0,天天拖堂到九点钟 按座位点名 受不了老登
203160,1237,吴为进,2024-11-17 12:55:17,1,1,0,把两堂课压成三堂。。。。。
203537,1237,吴为进,2024-11-20 03:03:24,7,8,1,给分挺好的呀，然后会请人来做做招聘方面的报告，挺有用的
203553,1237,吴为进,2024-11-20 03:43:33,1,1,0,有幸学习了“著名的”职业生涯规划，在课上认识了一群好朋友，节假日前一天的话会提前下课，期末是小组展示。
203640,1237,吴为进,2024-11-20 08:40:19,3,3,0,其实老师人挺好的 上课不想听的话可以做自己的事 职规这门课比较看小组成员配不配合吧 作业还是有的
203704,1237,吴为进,2024-11-20 14:54:18,3,3,0,今年给分还可以
203719,1237,吴为进,2024-11-20 23:06:43,1,1,0,今年给分还行
204027,1237,吴为进,2024-11-23 08:24:45,2,2,0,满了满了，给分还可以
204035,1237,吴为进,2024-11-23 10:11:53,2,2,0,助教哥哥很好所以给分很好～
204036,1237,吴为进,2024-11-23 10:12:53,4,4,0,吴老师上课会请很多优秀学长姐来分享自己的成长经历，收获很多～给分也超级好，目前得分最高的一门！
204037,1237,吴为进,2024-11-23 10:14:59,4,4,0,24秋学期职规，总体下来感觉挺好的，之前的差评仔细看就能发现基本都是几年前的，现在老师也不拖堂，而且给分真的蛮好的，上课也很认真
204038,1237,吴为进,2024-11-23 10:19:55,1,1,0,给分还不错~
204039,1237,吴为进,2024-11-23 10:23:28,3,3,0,吴老师上课可能没啥东西好听（和一般职规课的一般情况类似）但是后期会找一些比较厉害的专业人士（比如教我们怎么了解招聘需求那种）其实还是相当有意思并且有用的，老师也在努力让我们能从课上带点东西回去。上课不点名然后给分，，，不太了解，不过助教老师真的猛猛捞
204040,1237,吴为进,2024-11-23 10:28:08,0,0,0,老师给分不错
204041,1237,吴为进,2024-11-23 10:28:53,0,0,0,职规给分其实还不错
204076,1237,吴为进,2024-11-23 17:15:41,1,1,0,老师不拖堂而且给分真的超级高～\n\n感觉跟前几年的差评完全不一样
204081,1237,吴为进,2024-11-24 02:14:10,1,1,0,职规课给分还是很好的，小组互动，作业都很有意思。
204101,1237,吴为进,2024-11-24 07:18:31,1,1,0,谁说这职规不好了？这职规可太棒了\n\n基本不拖课甚至大部分时间提前下课，作业按照要求完成就可以拿高绩点，事少分不错
204445,1237,吴为进,2024-11-26 02:44:18,2,2,0,给分挺好的\n\n一开始看到老师分低以为要完了\n\n但是课上可以做自己的事\n\n课后作业还是有的但不多\n\n看来有些时候也不能太过迷信查老师啊
205066,1237,吴为进,2024-11-30 14:37:43,4,4,0,差点被查老师误了，给分真挺好
206586,1237,吴为进,2024-12-16 08:19:28,4,4,0,形策：拖堂严重，爹味很重，讲课还不如B站up主随机讲PPT挑战中的表现好
207558,1237,吴为进,2024-12-23 05:09:54,2,2,0,职规先说结论：给分真的很好，课程很水且没什么用。但是也能感受出老师想讲些东西的。作业量还行，给分感觉平均都有4.5这样 如果是组长的话就是满绩了，刷分必选 。
220639,1237,吴为进,2025-06-19 04:31:18,0,0,0,形策固定座位，无法翘课不说，坐在第一排甚至无法上课学其他内容，形策课本身更是事多压堂给分差，老师讲课更是一坨
220750,1237,吴为进,2025-06-19 13:52:21,0,0,0,形策固定座位且拖堂，不是第一排就还好可以干自己的事，作业基本都是写文字性质的东西
7134,2447,马婕,2015-09-05 06:49:39,13,36,23,压榨式的军训
7151,2447,马婕,2015-09-08 11:48:41,15,39,24,表面严厉，但是总是在背后默默地付出，八连的顶起！
7177,2447,马婕,2015-09-09 16:29:38,4,18,14,像大姐姐一样地关心我们。军训中帮助我们解决困难，虽然有时会发脾气。玩的时候也很放得开。严肃起来也很认真。是一个好指导员。八连的第三代辉煌创造者。
7179,2447,马婕,2015-09-10 01:13:44,-2,14,16,很严厉但是有很温柔
7180,2447,马婕,2015-09-10 01:19:19,10,23,13,给分无厘头 不知道按什么标准
7217,2447,马婕,2015-09-11 05:39:46,3,16,13,“温柔”的大姐姐
7312,2447,马婕,2015-09-13 11:00:21,0,16,16,请不要只根据给分否定一个老师的付出
7436,2447,马婕,2015-10-22 07:53:34,-2,12,14,特别暖
7515,2447,马婕,2015-09-15 01:34:03,3,29,26,像孩子？温柔？上台拿衣服？我不认为，感觉做作。她说“我是一个温柔的辅导员”时完全没有反差萌，只有恶心。国家二级心理辅导员团总支书记不改如此。不喜。
8876,2447,马婕,2015-09-29 07:30:47,5,17,12,很难理解的老师
9713,2447,马婕,2015-11-05 04:24:31,0,13,13,马姐人很好，虽然我军训成绩不高，但是我还是能感受到马姐的辛勤付出，为她点赞，马姐棒棒哒，八连棒棒哒
10895,2447,马婕,2015-11-23 08:26:04,-3,12,15,只能说有些玻璃心真娇气呢，赞马姐
11707,2447,马婕,2015-12-12 03:29:52,-3,10,13,还不错
12219,2447,马婕,2015-12-22 11:36:38,5,11,6,呵呵~
12388,2447,马婕,2015-12-23 07:23:58,-2,10,12,喜欢她
14453,2447,马婕,2016-01-07 06:57:32,8,21,13,估计评分的人再多一点，分会更低吧。。。
14904,2447,马婕,2016-01-11 02:11:15,2,12,10,确实老师挺好的，不过总感觉有时候有点做
15094,2447,马婕,2016-01-12 04:12:48,5,9,4,我是九连哒( •̀∀•́ )
15967,2447,马婕,2016-01-17 00:24:54,-3,9,12,马姐姐人超级好！！我爱马姐姐！！！！
19782,2447,马婕,2016-01-25 09:10:32,-2,7,9,炒鸡萌！
21724,2447,马婕,2016-03-01 01:56:57,-2,7,9,总是你觉得温暖
22429,2447,马婕,2016-03-05 08:38:53,-2,6,8,非常好的老师，赞一个
22736,2447,马婕,2016-03-10 09:09:29,1,4,3,。。。
47907,2447,马婕,2017-02-27 08:26:10,-2,3,5,马姐人很好啊～
49050,2447,马婕,2017-03-22 14:07:05,-2,1,3,赞。。
51465,2447,马婕,2017-06-06 02:49:19,0,1,1,。。。
57964,2447,马婕,2017-07-18 19:09:49,1,2,1,好喜欢
77395,2447,马婕,2018-05-05 09:55:47,1,1,0,那真的牛皮
78948,2447,马婕,2018-05-17 10:13:42,4,4,0,哇满了
78951,2447,马婕,2018-05-17 10:17:29,3,3,0,马姐的职业生涯规划确实是很有帮助的，让我对自己的未来有了更深的想法，给分也非常nice呀
78952,2447,马婕,2018-05-17 11:00:49,2,2,0,人不错，给分也不错，课程任务也不是很多
85242,2447,马婕,2018-07-16 12:31:13,6,6,0,从紫金港去玉泉上职规，马姐人真的很好，基本每次还提前下课，给分也挺好，但组长一定要选好！
87079,2447,马婕,2018-09-20 07:11:57,2,2,0,马姐真的人超好
88815,2447,马婕,2018-11-14 07:44:53,4,6,2,只喜欢关心“有好结果的事”  不会在乎学生需要解决的问题  找了也没有什么用   就是爱理不理的  就是只想管体面的那些东西  学生拿奖啊、带队参加比赛啊之类的事情  就是可以说出去逞强啊 其他的就自己想法子呗
90558,2447,马婕,2018-11-24 05:09:08,0,2,2,职规很不错啊
149529,2447,马婕,2022-01-16 01:12:57,5,5,0,老师很活泼开朗，像大姐姐一样，喜欢与同学热情交流，奈何本人实在太社恐，错过了好多次和老师交流的机会……给分上，事少分高！印象中职规作业基本都在课上完成（画一只猪或画一个岛之类的），课外只有一次职业生涯规划书（另外专业技能树和简历是选做的），最后加一次课堂展示。我按照规定认真完成作业，没有发过一次言，最后成绩高得出乎意料！总之谢谢老师和助教，也希望大家都来选老师的课呀~
152652,2447,马婕,2022-04-17 12:27:15,11,11,0,刚刚拿到了饮料，很好喝，谢谢老师
152653,2447,马婕,2022-04-17 12:31:26,12,12,0,刚刚拿到奶茶！！！\n\n大家快选马老师的职规！！！\n\n老师真的很勤奋很温柔！
152654,2447,马婕,2022-04-17 12:33:14,11,11,0,老师真的很走心！人也很温柔！事少分高！最后一节真的感动了，还制作了小视频，还有芝士多肉葡萄喝！
152655,2447,马婕,2022-04-17 12:51:03,4,4,0,刚刚拿到了饮料，很好喝，谢谢老师
153304,2447,马婕,2022-04-28 00:59:25,0,1,1,感谢马婕老师！满啦满啦～老师人真的很好！快选就完事啦！
153326,2447,马婕,2022-04-28 05:02:47,14,14,0,马姐姐太好啦~\n\n展示完还会发奶茶 好耶\n\n课下的作业只有个职规书 其他作业都是课上完成立马交的 平时没什么负担\n\n另外遇到的组员也都好棒
153348,2447,马婕,2022-04-28 09:44:16,2,2,0,上课体验很好 有学到很多 给分也很好
153476,2447,马婕,2022-05-01 07:45:49,-6,1,7,给分很好，小组打分最后一名也满了
154556,2447,马婕,2022-06-02 06:26:36,3,3,0,挺好的老师
154613,2447,马婕,2022-06-02 12:41:53,1,1,0,还可以
160410,2447,马婕,2022-09-21 13:58:03,4,5,1,第一排那哥们给人印象很深刻，就是他在场让我感觉有点脱发
162543,2447,马婕,2022-11-25 01:44:37,4,5,1,虽说调分调了两个礼拜多少等得有点着急，但是给分是真滴好。而且上课也挺温柔的，不是那种压抑的说教。
162544,2447,马婕,2022-11-25 02:14:56,5,6,1,出分来查老师给个评价，个人觉得mj老师的职规班应该是整个浙大最好的，老师思路清晰，讲课有干货，事情极少（一共只有一个小组作业+一个职规书），最后给分也是极好极好！！
162547,2447,马婕,2022-11-25 04:31:34,3,3,0,给分好事情少，反对内卷 吹爆马婕老师！
162563,2447,马婕,2022-11-25 10:39:22,4,4,0,老师很负责，课程安排的很紧凑，给分不错。但课堂上事情比较多，介意的需要考虑
162582,2447,马婕,2022-11-26 11:53:15,-2,2,4,上课体验不错，给分还行但没有符合到预期
165215,2447,马婕,2022-12-30 06:44:00,2,4,2,一开始觉得马老师不行，后来发现是职规课脑残，老师本身是真的好中好
171090,2447,马婕,2023-03-16 01:22:14,2,3,1,善良的马姐！马老师职规课的很多作业都是在课上完成的，相比其他老师的课课后的作业压力不大！而且上课也蛮有意思的，可冲！
177816,2447,马婕,2023-07-05 02:44:19,1,1,0,特别好！！！
185323,2447,马婕,2023-12-28 01:55:35,0,2,2,马老师的课我是没上过，但她作为指导老师和辅导员一系列已读未回和没事找事情的操作，让我很难评价
192135,2447,马婕,2024-05-10 00:48:47,2,2,0,反对内卷，吹爆马姐\n\n事情非常少\n\n然后组内互评约等于没有，因为我们组最高20，最低19.7\n\n而且期末pre互评基本相互给满\n\n总评98\n\n马姐牛逼，不多说
192844,2447,马婕,2024-05-31 03:33:29,2,2,0,非常好非常好的老师，我不打十分都感觉对不起她的付出。。。导员工作尽职尽责，职规课横向对比来说绝对是轻松的
211295,2447,马婕,2025-01-11 06:58:40,0,0,0,老师人真的很好呜呜😢
221494,2447,马婕,2025-06-24 04:57:26,0,0,0,马老师的职规课挺不错的，只可惜今年春夏上了几节之后因为工作原因外出一年。
221781,2447,马婕,2025-06-26 07:56:39,0,0,0,这么好的老师为什么不是10分，哇哇哇老师也太好了吧，坐标职规，能把职规上的这么有趣，太棒了简直
7129,2514,李洋鑫,2015-09-04 05:07:27,0,4,4,男神
33563,2514,李洋鑫,2016-09-20 06:20:19,0,0,0,鑫哥大帅比！
41392,2514,李洋鑫,2017-01-11 08:09:18,0,0,0,著名大佬
2805,2730,赵嵩,2015-05-08 00:21:40,0,7,7,做事情很认真
3561,2730,赵嵩,2015-06-17 01:34:43,35,52,17,赵嵩同志（gay）
5501,2730,赵嵩,2015-07-08 03:28:07,8,12,4,哈哈哈哈嵩哥同志
5622,2730,赵嵩,2015-07-08 16:57:15,6,11,5,赵嵩gay哈哈哈哈
6003,2730,赵嵩,2015-07-10 07:19:07,7,14,7,娘。
6943,2730,赵嵩,2015-08-22 16:17:55,0,8,8,很负责任的老师
7745,2730,赵嵩,2015-09-15 11:30:58,17,26,9,第一眼看过去觉得很娘 但后来经过观察后发现 她 确实娘
8004,2730,赵嵩,2015-09-16 12:19:57,0,7,7,挺好的辅导员\n\n
13832,2730,赵嵩,2016-01-01 04:22:32,-3,5,8,大坑一个
13844,2730,赵嵩,2016-01-01 08:20:34,-8,5,13,垃圾\n\n\n\n
17629,2730,赵嵩,2016-01-20 13:51:25,-6,3,9,呵呵呵
22745,2730,赵嵩,2016-03-10 11:21:48,5,6,1,嵩姐姐珍素骚破天际惹
27079,2730,赵嵩,2016-06-22 18:33:05,-9,1,10,嵩娘我要给十分
115858,2730,赵嵩,2019-08-28 23:44:54,2,3,1,nb啊
115868,2730,赵嵩,2019-08-22 13:28:07,2,4,2,太温柔啦！\n\n
115914,2730,赵嵩,2019-08-25 22:38:26,10,12,2,太帅啦太可爱啦强烈好评
115918,2730,赵嵩,2019-08-26 13:12:04,3,4,1,嵩哥nb
115927,2730,赵嵩,2019-08-26 13:20:15,18,24,6,真的帅\n\n真的不是一个恶竞的人/滑稽
115928,2730,赵嵩,2019-08-26 13:21:13,0,2,2,太棒了，有严有松，和蔼可亲
115930,2730,赵嵩,2019-08-26 13:21:48,3,4,1,不得了
115931,2730,赵嵩,2019-08-26 13:22:56,4,5,1,很温和，很懂学生的人
115932,2730,赵嵩,2019-08-26 13:35:47,1,2,1,很好的老师
115933,2730,赵嵩,2019-08-26 13:40:01,7,9,2,不多说，啥都懂哈，太强了！
115934,2730,赵嵩,2019-08-31 02:38:59,9,10,1,鸡你太美?
115935,2730,赵嵩,2019-08-26 13:41:23,21,25,4,大龄单身男青年
115936,2730,赵嵩,2019-08-26 13:41:40,7,8,1,简直nice\n\n
115937,2730,赵嵩,2019-08-26 13:41:58,3,4,1,nice
115938,2730,赵嵩,2019-08-26 13:42:19,4,5,1,快乐第一！！
115939,2730,赵嵩,2019-08-26 13:43:07,7,8,1,嵩哥nb！
115940,2730,赵嵩,2019-08-26 13:43:36,5,6,1,威而不猛
115941,2730,赵嵩,2019-08-26 13:43:49,11,12,1,就是喜欢这样恶竞又体谅同学的指导员！
115942,2730,赵嵩,2019-08-26 13:44:09,19,21,2,虽然是个恶竞选手，但是爱他！！！
115944,2730,赵嵩,2019-08-26 13:46:12,5,6,1,嵩哥nb
115945,2730,赵嵩,2019-08-27 12:56:13,5,6,1,合唱好
115946,2730,赵嵩,2019-08-26 13:50:13,2,3,1,很棒很友善
115948,2730,赵嵩,2019-08-26 13:52:16,17,20,3,今天刚刚拿了合唱团部第一。。。全班都在分享P的老师拿奖状的图
115949,2730,赵嵩,2019-08-27 13:17:48,9,10,1,居然要搞学弟
115950,2730,赵嵩,2019-08-26 14:21:57,2,3,1,嵩哥nb
115951,2730,赵嵩,2019-08-26 15:42:24,7,8,1,指挥nb，人很好。最后，不是一个恶竞选手（
115953,2730,赵嵩,2019-08-26 15:54:35,3,4,1,很温柔很会说话的老师，很指导员的指导员
115965,2730,赵嵩,2019-08-29 12:11:55,1,2,1,nb的
115966,2730,赵嵩,2019-08-27 12:55:49,1,2,1,超可爱（雾
115967,2730,赵嵩,2019-08-27 12:56:12,2,3,1,嵩哥nb
115968,2730,赵嵩,2019-08-27 12:56:30,0,1,1,赵嵩nb
115969,2730,赵嵩,2019-08-27 12:56:51,1,2,1,nice哦
115970,2730,赵嵩,2019-08-27 12:57:01,2,3,1,沁人心脾
115971,2730,赵嵩,2019-08-27 12:57:57,13,15,2,作为19ZJUer的第一条评论。炒鸡好的指导员、辅导员！军训制度很严格，但嵩哥在每一个方面都尽可能给同学们最大的关心。全能指挥，在同学病发时候的急切，表情包横飞的纵容（手动滑稽），绝对不是恶竞选手（？）。军训还没结束，但是满分给嵩哥啦，二团二连报道！
115972,2730,赵嵩,2019-08-27 12:59:26,2,3,1,很积极向上 整个连的气氛都被他带起来
115973,2730,赵嵩,2019-08-27 13:00:05,3,4,1,特别好
115974,2730,赵嵩,2019-08-27 13:03:32,3,4,1,我是isong我为嵩哥疯狂打call！！
115975,2730,赵嵩,2019-08-27 13:13:53,2,3,1,开始觉得不爽，可能是因为感觉他有点假后来就觉得这人真的牛b
115976,2730,赵嵩,2019-08-27 13:17:06,1,2,1,很棒！
115977,2730,赵嵩,2019-08-27 13:31:57,2,3,1,超级无敌认真可爱
115978,2730,赵嵩,2019-08-29 16:07:07,0,2,2,这怎么能叫恶竞呢，这是一种竞争精神吧?
115979,2730,赵嵩,2019-08-27 13:44:18,13,14,1,好听卧槽
115980,2730,赵嵩,2019-08-27 13:45:04,1,2,1,tql，虽然写稿子真的烦，但老师人还是不错的
115983,2730,赵嵩,2019-08-27 16:10:53,0,1,1,非常棒非常nice
115984,2730,赵嵩,2019-08-27 22:26:50,1,2,1,嵩哥真帅
115985,2730,赵嵩,2019-08-27 22:26:50,1,2,1,嵩哥真帅
115993,2730,赵嵩,2019-08-28 11:00:26,0,1,1,蛮好的
116000,2730,赵嵩,2019-08-28 23:50:41,5,6,1,我永远单推嵩嵩！！！！！！！！！他天下第一可爱！！！得想个办法介到这个男人（x）
116001,2730,赵嵩,2019-08-29 00:34:24,0,1,1,认真负责
116003,2730,赵嵩,2019-08-29 01:27:41,1,2,1,嵩哥真帅
116007,2730,赵嵩,2019-08-29 07:30:53,0,1,1,嵩哥nb
116010,2730,赵嵩,2019-08-29 15:24:31,1,1,0,享受丝滑
116019,2730,赵嵩,2019-09-06 09:41:03,5,6,1,绩点真的可
116020,2730,赵嵩,2019-08-30 11:03:31,-2,2,4,一般的
116025,2730,赵嵩,2019-08-31 04:46:26,3,6,3,不打一分对不起恶竞的名号
116028,2730,赵嵩,2019-08-31 10:21:24,1,2,1,真的恶竞
116034,2730,赵嵩,2019-08-31 13:25:44,4,4,0,据说是曾经98十大风云人物。
116057,2730,赵嵩,2019-09-01 15:15:29,0,2,2,嵩哥? ?
116067,2730,赵嵩,2019-09-02 10:50:03,3,3,0,嵩哥，10分
116070,2730,赵嵩,2019-09-02 10:49:46,5,5,0,呵呵了真是，言而有信?
116098,2730,赵嵩,2019-09-12 06:15:10,1,1,0,好指导员
116112,2730,赵嵩,2019-09-04 05:57:00,-2,2,4,娘娘娘
116222,2730,赵嵩,2019-09-06 10:06:19,3,3,0,嵩gay
116225,2730,赵嵩,2019-09-06 10:29:26,2,2,0,做事认真 很负责的好老师啊 还很全能
116233,2730,赵嵩,2019-09-06 11:51:27,1,1,0,爽歪歪
116250,2730,赵嵩,2019-09-06 15:00:18,1,1,0,挺好一人
116254,2730,赵嵩,2019-09-06 15:42:15,1,1,0,自己认真\n\n结果就行
116261,2730,赵嵩,2019-09-06 23:05:57,2,4,2,遇见了最好的指导员，最好的指挥，最好的给分。我永远不会忘记，在浙的第一个月，收货了多少惊讶与感动。无论这个集体、这个领袖是否真正优秀，都已经超出我的预期，在我心中是第一！
116265,2730,赵嵩,2019-09-07 00:56:42,1,2,1,我无fxxk说，正态分布就正态分布吧，辛辛苦苦累几天，绩点三分顶破天。
116268,2730,赵嵩,2019-09-07 02:46:20,0,1,1,除了恶竞没有什么缺点，但是似乎哪个连都一样，而且给分真的高，嵩哥nb！
116301,2730,赵嵩,2019-09-07 14:34:40,1,1,0,人挺好，给分厚道
116306,2730,赵嵩,2019-09-07 23:50:20,0,1,1,认真训练，分就会高，千万别被连部和合唱忽悠了
116331,2730,赵嵩,2019-09-08 11:30:25,0,0,0,正态分布是个好东西
116757,2730,赵嵩,2019-09-15 06:44:05,7,7,0,赵嵩老师很会调氛围呀，军训结束了但我每次经过西1-102都有温馨的感觉，他一直很负责很认真，口才好能把黑的说成白的让你相信。
121320,2730,赵嵩,2019-12-20 05:31:23,0,0,0,老师人很好呢
121977,2730,赵嵩,2020-01-27 11:32:33,0,0,0,很可以
122586,2730,赵嵩,2020-03-05 06:29:28,0,0,0,三个字
124977,2730,赵嵩,2020-07-29 08:37:01,4,6,2,精致的利己主义者
136585,2730,赵嵩,2021-06-21 10:13:45,0,3,3,是男童啊
139621,2730,赵嵩,2021-07-18 11:31:03,2,2,0,不喜欢，感觉经常不理同学的诉求
159999,2730,赵嵩,2022-09-11 10:10:14,0,0,0,信电辅导员
203994,2730,赵嵩,2024-11-22 14:44:46,0,1,1,想念嵩哥
20745,2760,许怡,2016-01-31 00:21:16,2,4,2,棒棒哒～～～
22971,2760,许怡,2016-03-15 10:18:59,4,7,3,最美不过导员儿～早日脱单≧◇≦
40173,2760,许怡,2016-12-29 16:08:52,-3,1,4,。。。
50809,2760,许怡,2017-05-05 16:30:42,-5,2,7,垃圾 下一个
50810,2760,许怡,2017-05-05 16:30:44,-1,3,4,怕了您了
50812,2760,许怡,2017-05-05 16:31:37,0,3,3,???
50813,2760,许怡,2017-05-08 05:05:51,3,4,1,?????????
50814,2760,许怡,2019-06-27 04:08:59,14,25,11,追了半年的女朋友拒绝了你的告白是怎样的体验？
50815,2760,许怡,2017-05-05 16:32:58,3,5,2,非常认真负责一心为了学生工作
52037,2760,许怡,2017-06-14 09:20:27,0,0,0,辅导员你好
52039,2760,许怡,2017-06-14 09:25:53,2,2,0,认真负责，萌萌哒，表白
52040,2760,许怡,2017-06-14 09:27:17,2,2,0,许老师棒棒哒～
57336,2760,许怡,2017-07-06 23:31:36,-2,0,2,好老师？！！
59099,2760,许怡,2017-09-19 12:25:09,2,2,0,脾气好，备课一看就很认真！课本枯燥，但起码讲的还挺有意思。
108862,2760,许怡,2019-06-03 10:28:34,-3,0,3,faker
122667,2760,许怡,2020-03-15 07:06:33,0,0,0,wdnmd yygq
21587,2803,张威,2016-02-29 08:57:21,1,3,2,偶尔会点名，思修老师给分都不低的。
48519,2803,张威,2017-03-06 11:54:12,0,0,0,hhh
50508,2803,张威,2017-05-03 08:17:37,0,4,4,听了老师的职规课，收获良多，老师给分也很好～
50533,2803,张威,2017-05-03 10:12:31,3,4,1,有点无聊\n\n
50586,2803,张威,2017-05-03 16:33:38,1,3,2,职规不错，规划书要多写写好，分不会低
57918,2803,张威,2017-07-17 17:09:35,3,4,1,蛮好的
60552,2803,张威,2017-10-24 03:02:27,0,4,4,屁事真多，
64735,2803,张威,2017-12-27 04:05:06,4,6,2,讲道理还可以
70303,2803,张威,2018-01-26 11:52:34,1,4,3,老师人还可以，给分不是很好
70366,2803,张威,2018-01-26 13:53:47,2,2,0,给分一般
72488,2803,张威,2018-01-30 08:28:08,0,2,2,给分差，拖均绩.....
77659,2803,张威,2018-05-07 06:59:16,0,3,3,助教真的差评，一个大水课硬是每次课都TM有作业……别的班都没有……
81134,2803,张威,2018-07-04 06:06:06,0,4,4,行策嘛，大家也是知道的。过来透露一下今年期末考题型：第一大题10个时政选择题，第二大题简答题（貌似10选5），第三大题论述题（貌似10选3），第四大题材料题（其实就是变相的作文题）
83759,2803,张威,2018-07-11 07:24:26,0,3,3,助教爱点名\n\n老师还阔以
104938,2803,张威,2019-03-31 12:56:09,0,3,3,每次三节课加稳定作业。。。
112046,2803,张威,2019-07-03 09:43:12,-2,0,2,考试前把资料看了一遍就过啦 觉得给分还是可以的 事情也没有很多 可能平时作业占比比较多吧
112712,2803,张威,2019-07-05 01:02:52,0,1,1,爱拖课，事情多，给分很一般
120102,2803,张威,2019-11-17 12:27:56,0,1,1,稳定三节，中间无休
120106,2803,张威,2019-11-17 12:34:58,0,2,2,拖堂是一个老师没有能力的体现
198595,2803,张威,2024-09-10 06:53:25,3,3,0,职规没有作业
205881,2803,张威,2024-12-12 12:32:53,2,2,0,虽然全程无休，但是从来不点名，如果不当组长感觉可以不来上课（不过最后会有一个组长给组员打分的环节，组长不说你有旷课情况就行）。课程内容上的话就是纯水课，学不到任何东西。
207476,2803,张威,2024-12-22 08:12:53,-2,1,3,大物教的一点水平都没有，还说自己压力大，看在你第一次教的份上就不开骂了
219616,2803,张威,2025-06-01 10:25:30,0,0,0,大雾讲得流畅但理解不了，给分很好！
48745,2969,周钰珊,2017-03-11 08:23:22,0,4,4,诶...
55488,2969,周钰珊,2017-07-01 15:40:25,-13,10,23,为什么不能打零分
87615,2969,周钰珊,2018-10-08 10:43:44,1,3,2,很可爱的老师，还给我们发红包
90850,2969,周钰珊,2019-06-01 04:37:13,2,6,4,上的职规，还不错吧感觉，这种课上的开心就好了，最后4.5了，基本符合预期吧。
91006,2969,周钰珊,2018-11-29 01:09:58,4,7,3,上课体验挺好的，事情也不多，但成绩比预期的要低…
100348,2969,周钰珊,2019-01-26 03:22:50,1,2,1,平易近人的老师
106529,2969,周钰珊,2019-04-28 04:15:51,2,5,3,我就想问老师您啥时出分啊
106929,2969,周钰珊,2019-04-30 10:30:12,-31,11,42,上的职规，真心搞不懂分为什么会这么低，什么都做了，为了小组展示累到死，职规书写得快吐，排版排了好几天，3.8是什么鬼？分还出的这么慢，我看您老真得悠着点了，真心后悔选您的职规。同感的送我上去
106942,2969,周钰珊,2019-04-30 10:28:38,3,9,6,感谢老师，均绩提高0.02，嘻嘻，上课挺有趣的，带着我们做游戏，也比较水，经常邀请大佬来宣讲，最后的展示和职业规划书好好完成，4.5不是梦
106944,2969,周钰珊,2019-04-30 10:31:21,1,3,2,干货很多，老师很有趣，课程安排也很合理，职业生涯规划书一定要早点开始做鸭！！
106965,2969,周钰珊,2019-04-30 12:46:25,1,4,3,课程压力不大，但是干货多，生涯规划书和展示都用心做了，也没有花太多时间，就4.5分了。老师挺亲切的，上课轻松愉悦体验好！
109212,2969,周钰珊,2019-06-12 03:10:16,-1,3,4,个人觉得很好的老师，某些人不要因为自己做的确实不够好就质疑老师可以吗？
112084,2969,周钰珊,2019-07-03 12:44:26,0,1,1,老师真的好可爱！什么事情都是发个红包！如果有一个红包解决不了的事，那就两个！然后老师上课笑起来真的好有感染力！期末考试也很开心。虽然成绩没出来，但我相信老师给分肯定不错！最后展示完老师还叫出了我名字真的好感动！人美心善奶思！
113024,2969,周钰珊,2019-07-05 17:57:04,1,3,2,有干货，也可以水水过，给分一般般吧
114077,2969,周钰珊,2019-07-13 12:53:46,-4,4,8,职业生涯规划书好好写 最后5.0了哈哈
114937,2969,周钰珊,2019-07-13 00:48:22,1,3,2,个人观点，老师上得很好，评分相对客观，只要规划书写好就问题不大。而且把这门课当成自己未来的道路指引就好
116892,2969,周钰珊,2019-09-17 03:58:03,1,1,0,老师很可爱
118140,2969,周钰珊,2019-10-21 12:38:39,3,4,1,有点无聊呀！？没有干货没有信息。
119164,2969,周钰珊,2019-11-11 03:05:08,0,1,1,什么时候出分呀
135562,2969,周钰珊,2021-05-14 00:36:17,-23,2,25,4.2，低了
142583,2969,周钰珊,2021-11-13 15:59:24,10,11,1,被给分迷到了…作业展示该做的都认认真真做了…就低的不明不白…
142597,2969,周钰珊,2021-11-14 05:26:42,7,7,0,事情有点多，思忖着作业、规划书、展示都认真完成了，就是分数低得有些出乎意料
152447,2969,周钰珊,2022-04-11 14:24:19,1,2,1,上的是老师的职业生涯规划课程。上课会给时间写一些小作业，不用上交但是可以放到最后的大作业里去，可以说是非常人性化了，大大缩减了最后大作业所用的时间。
153084,2969,周钰珊,2022-04-25 05:35:49,2,2,0,蛮伤心的，展示认为是课程里中上的，生涯规划书也认真原创写了八千字，最后只有3.9，我还不如去上创业启程呢，毕竟一节课不用去上最后随便考个试也能有3.6，考试认真准备能有4.8。TATTTT泪目了
160476,2969,周钰珊,2022-09-23 11:53:22,2,2,0,非常不理解，感觉什么都做了，分出奇地低，收获了大学三年以来最低的分数。
161179,2969,周钰珊,2022-10-31 06:19:18,1,1,0,事有点多，思修大水课
166263,2969,周钰珊,2023-01-11 14:57:05,0,2,2,上了周老师的思修，感觉人超级好。课上周老师会请不少大佬来做讲座，比单纯讲书本有意思多了。看了一下之前评论有不少是批评职规的，感觉就思修而言老师不止这个评分
166301,2969,周钰珊,2023-01-11 23:52:28,-3,0,3,很好的老师啊，思修课很水，也好混，如果想要稍微高一点分数，就可以做个读书分享加上回答一下她的问题，乱说就完了，期末考试其实大家都差不多，给分好高嘿嘿，专门请了律师来给我们科普，而且她本人真的学历很厉害啊
170026,2969,周钰珊,2023-03-01 04:39:48,2,2,0,小组评分真的是依托答辩，遇到心理扭曲的组员能把人坑死
175513,2969,周钰珊,2023-06-25 09:53:31,-1,1,2,老师挺好的，会请一些大佬来做分享，印象特别深的是一个研究生支教团的学长，还带我们参观了人体博物馆。上课没发言过，报名了一次读书分享，最后绩点4.5，谢谢老师🙏
212634,2969,周钰珊,2025-01-14 10:12:32,3,3,0,sbsbsb玛德居然才3.
1636,3057,翁亮,2015-03-23 02:41:22,2,8,6,美好的老师  可爱又通融
5151,3057,翁亮,2015-07-05 06:44:45,-4,8,12,恶心
6866,3057,翁亮,2015-07-27 04:05:22,-6,3,9,呵呵
7834,3057,翁亮,2015-09-15 14:25:20,0,4,4,这哥们还行
21586,3057,翁亮,2016-02-29 08:55:08,10,19,9,从不点名，会讲些有趣的案例和故事，他的思修是门值得水的课。
25341,3057,翁亮,2016-05-15 10:45:32,4,7,3,开蛤代会耽误了一节课
38101,3057,翁亮,2016-11-24 07:49:43,-1,2,3,可以，好好听有收获
38319,3057,翁亮,2017-04-24 02:06:17,6,7,1,每节课花式点名，上课蛮好玩的，给分果真成谜
41032,3057,翁亮,2017-01-08 13:04:31,1,1,0,好，给分高，助教美
47568,3057,翁亮,2017-02-01 06:27:02,1,2,1,很好的老师
47911,3057,翁亮,2017-02-27 08:50:58,-2,0,2,思修挺水的 给分还可以
47950,3057,翁亮,2017-02-27 12:37:28,1,2,1,挺满意的
48812,3057,翁亮,2017-03-13 12:02:50,2,2,0,男默女泪
50639,3057,翁亮,2017-05-04 03:59:49,2,7,5,职业生涯规划事情贼多！\n\n报告书写了1w字，认认真真\n\n最后绩点给我3.3 逗我玩呢？\n\n
58736,3057,翁亮,2017-09-16 07:17:53,-1,0,1,职规还不错 除了最后的规划书也没什么大任务 就是最后展示的时候需要一个靠谱的队友 给分不错我觉得
60038,3057,翁亮,2017-10-07 05:33:08,-1,0,1,非常棒
60241,3057,翁亮,2017-10-15 10:43:10,1,3,2,群名火了，，，
67286,3057,翁亮,2018-01-20 15:08:04,-3,0,3,职规事情挺少给分也好 赞一个\n\n
80292,3057,翁亮,2018-06-24 12:56:27,-1,1,2,老师超温柔的，男神！
83772,3057,翁亮,2018-07-11 07:56:58,-1,1,2,形策给分很高
83775,3057,翁亮,2018-07-11 08:06:26,-1,1,2,形策！选他！
83783,3057,翁亮,2018-07-11 08:27:52,4,6,2,形策3.3
83813,3057,翁亮,2018-07-11 08:54:14,3,4,1,老师的形策挺水的，平时都不点名，也没有其他老师的随堂练习、小组展示。最后给分挺不错的。
85003,3057,翁亮,2018-07-15 02:42:01,2,5,3,给分低的吓人\n\n
85871,3057,翁亮,2018-08-24 14:37:02,-1,0,1,很好的
112557,3057,翁亮,2019-07-04 17:39:49,1,3,2,老师太好了！讲课很耐心，给分也很好哇。
112585,3057,翁亮,2019-07-04 18:55:44,0,1,1,我是不是党性不够，绩点这么低……
112669,3057,翁亮,2019-07-04 23:58:02,-1,1,2,水课无疑。点名随机，一般是人比较少，点。平时作业统共一次。给分成谜。反正我作业用心做，每堂课都去，期末也有好好准备。绩点2.7，还被卡绩。真心呵呵。
112680,3057,翁亮,2019-07-05 00:19:53,4,5,1,老师讲课是不错的，平时没有随堂作业，也不点名，人少的时候会抽查点名。这门课考试比较像初中政治，ppt和书本后的时政题看一下，应该就没有问题了。老师给分也不错的。顺便提醒楼下同学，这学期一共两篇大作业的，一个观后感一个寒假调研报告，是不是忘记交了一项所以比较低呢？
112702,3057,翁亮,2019-07-05 00:50:16,-1,0,1,老师事情很少，给分很不错的，只要思考题什么的提前背过，书后选择题准备一下，平时作业也认真对待，就没什么问题的
112832,3057,翁亮,2019-07-05 05:01:56,0,0,0,我觉得主要还是看考试吧，只要思考题背下，书上选择题看看就好了，给分不会太差。
114739,3057,翁亮,2019-07-11 08:01:02,1,2,1,期末考试好好准备，多背背思考题。
114763,3057,翁亮,2019-07-11 12:00:48,1,1,0,给分好
116162,3057,翁亮,2019-09-05 03:54:31,2,4,2,神经病，军训检阅的时候莫名其妙跑过来骂我们，结果是因为我们旁边的连的同学坐的不整齐（手动摊手）无奈...说我们坐的位子不对，可我们的位子是你们司令部自己的人把我们带过来的，结果怪我们?️
125959,3057,翁亮,2020-09-16 04:33:44,1,1,0,朵朵上目前有7个人发了绩点，3个4.5，1个3.6，1个3.3，不知道那个全校正太是不是真的、和这个有没有关系。我觉得给分海星吧。但是平时事真的太多了，尤其春夏学期每次课都有800-1500字的观后感/思考题。而且讲课真的很差，无聊，念PPT。
156915,3057,翁亮,2022-06-21 10:30:23,0,0,0,事少给分好
157313,3057,翁亮,2022-06-23 02:29:46,1,1,0,事情非常少，但给分有点迷
175634,3057,翁亮,2023-06-26 03:30:01,0,0,0,给分不大好 期末不捞
197091,3057,翁亮,2024-07-07 13:26:35,1,1,0,偶尔点名，事少是真的，给分尚可，讲课催眠
220646,3057,翁亮,2025-06-19 04:50:15,2,2,0,两学期没点过一次名，除了最后一次课交了纸质的思考题算变相点名，给分神！
220656,3057,翁亮,2025-06-19 05:52:36,0,0,0,事少分高不点名，好老师！
220659,3057,翁亮,2025-06-19 05:56:03,0,0,0,只能说给分很棒了
18497,3229,赵蕾蕾,2016-01-22 00:13:50,-11,5,16,课堂活泼有趣
36853,3229,赵蕾蕾,2016-12-21 08:36:24,10,18,8,为什么不能给0分，就一门思修课每节课点名，每次发言都要记录，还不准用电脑？exm 课上得这么无聊怪我们咯？
38962,3229,赵蕾蕾,2016-12-21 08:29:10,7,14,7,需要刷脸？？念百度都不管？？这就是思修？？差评
43655,3229,赵蕾蕾,2017-01-16 16:47:54,3,13,10,信电学院的赵蕾蕾老师，我上的是思修…
52376,3229,赵蕾蕾,2017-06-19 08:13:04,9,18,9,回答问题还有加分？？
59065,3229,赵蕾蕾,2017-09-19 09:49:56,-1,4,5,还有电气的吗？
59094,3229,赵蕾蕾,2017-09-19 12:08:42,-8,3,11,课堂非常有趣
59232,3229,赵蕾蕾,2017-09-20 10:11:25,9,11,2,全程念ppt
59730,3229,赵蕾蕾,2017-09-26 08:14:11,-8,2,10,有趣哦
60323,3229,赵蕾蕾,2017-10-17 09:11:13,8,15,7,6周没有作业事儿这么少的思修老师哪里找？说讲的不有趣，思修课这课，说实话真的差距不大呢。
60866,3229,赵蕾蕾,2017-10-31 16:04:27,8,11,3,为什么要搞突击记名字，不给用电脑？
66412,3229,赵蕾蕾,2018-01-16 07:23:55,-2,4,6,事情少，下课早
67630,3229,赵蕾蕾,2018-01-22 02:52:42,6,9,3,呵呵哒，每节课都要发言，上课没意思，给分差，真的是我见过最最最无聊的老师了，呵呵呵呵呵
67635,3229,赵蕾蕾,2018-01-24 16:21:15,13,17,4,事情真的很少 上课也算可以，但是因为我不善发言，纵使我期末考再怎么努力分数还是很低，良心分6分，毕竟我被击杀了(exm思修这种课3.3？)
67643,3229,赵蕾蕾,2018-01-26 03:50:05,12,14,2,绩杀食人花
67645,3229,赵蕾蕾,2018-01-22 03:49:40,7,9,2,给分一般，80%上课时间在放视频
67659,3229,赵蕾蕾,2018-01-22 04:17:45,2,5,3,讲课只会念ppt，上课各种随意，同学发言各种有误也不纠正。刷脸是真的，不过像我这种上课不听问题不回答小组活动不积极考试不复习的能拿这个绩点不错了。但是说真的事情真的挺少的，一个学期也就两次presentation就没了，同学都各种读书报告写什么东西的。
67679,3229,赵蕾蕾,2018-01-22 04:56:54,-2,3,5,很不错的老师，事情少，给分也不错
67720,3229,赵蕾蕾,2018-01-22 05:53:15,6,10,4,感觉思修课有这个样子还行了吧，上课可以看很多视频，挺休闲的？不过确实事儿少，比其他班同学轻松很多。从没回答过问题还有这个绩点可以说是很感动了
68174,3229,赵蕾蕾,2018-01-22 16:25:53,1,4,3,觉得老师还是挺不错的，已经尽力在提升课堂的趣味性了，看视频，设置几个相对不枯燥的问题，绩点也还可以。上课压力不大吧，任务也挺少的。
68190,3229,赵蕾蕾,2018-01-22 17:10:41,12,14,2,事少\n\n刷脸\n\n绩杀
68241,3229,赵蕾蕾,2018-01-23 01:31:01,7,9,2,无聊至极，就是念PPT，不让用电脑，分小组按照第几小组坐在第几排，这不就是变相每节课点名？记得青年说上国懿老师说过，上课点名是老师最无能的表现！以及给分奇差，控制学院的你来教什么思修？！
68642,3229,赵蕾蕾,2018-01-23 14:06:05,1,4,3,绩杀，刷脸
68656,3229,赵蕾蕾,2018-01-23 14:28:55,-13,2,15,赵老师人很nice，备课很认真（虽然我没怎么听），作为思修课讲得至少不算差。上课可以做自己的事，但不能用电脑。平时分一部分看上课发言，不用很恶竞，一个学期发几次就好了。课上的讨论题虽然看起来挺傻的，但是也是锻炼思维和口才的一种方式，有些同学的发言还挺有见解的，感觉有收获。事情很少，只有两次调研，每次小组写一份报告、做一次展示（分数占比较大，做得好绩点高）。给分正态是正常的，不刷脸的同学给分低也是思政通识课潜规则，不能怪老师。
75290,3229,赵蕾蕾,2018-03-08 15:33:38,5,5,0,巨绩杀
80792,3229,赵蕾蕾,2018-07-01 06:13:54,6,6,0,事少，绩杀。我宁可多做点事，你一个思修别人4+，我们这3+，因为这种课拉了均绩，真的恶心。后面选课的朋友，思修史纲这种课一定要选好老师！
86886,3229,赵蕾蕾,2018-09-19 07:08:22,0,0,0,就这样吧
88123,3229,赵蕾蕾,2018-10-22 14:40:10,-5,1,6,我感觉老师很好啊 你们为什么这么说。\n\n然后课上主要放视频已经很不无聊了 你们还想怎样。。。反正我觉得老师很好，观念也很正派
97279,3229,赵蕾蕾,2019-01-22 07:46:03,0,1,1,平时上课还算有意思吧，视频也多，老师人也挺温和。不过不刷脸绩点也拿不了太高，相对其他老师，绩点是有些低了吧
97418,3229,赵蕾蕾,2019-01-22 08:46:33,-18,2,20,我感觉挺好的啊。\n\n事情少。不点名\n\n而且我没怎么刷脸绩点4.5已经很满足了
97455,3229,赵蕾蕾,2019-01-22 09:07:43,19,22,3,真绩杀?别人4.5我们3.0真是呵呵了，而且之前说刷脸的同学不对哦，我们小组是被老师课堂上点过名的发言多，每次课上至少发言三次以上，给分全都是2.7，3.0，3.3思修这种课这样的绩点不如重修。奉劝大家不要为了什么事少就选这位笑里藏刀老师的课，预置也趁早转了吧
97508,3229,赵蕾蕾,2019-01-22 09:36:15,1,1,0,绩杀本人。。。。哇靠，思修诶，大哥 这种课这么低几点，合适吗？气死我了，哇靠！！！
97796,3229,赵蕾蕾,2019-01-22 16:36:13,5,5,0,卡绩点是真的很难受
97960,3229,赵蕾蕾,2019-01-23 02:44:47,2,2,0,惨遭正态，发言也没用，整组正态不说了
98552,3229,赵蕾蕾,2019-01-23 14:47:57,-2,1,3,还行吧 没有学长说的那么无聊 刚开始会有很多视频  给分虽然不高 但用心做研究性学习报告和展示了绝对不会低
98780,3229,赵蕾蕾,2019-01-24 02:28:03,0,1,1,好好上课 多发言 不要旷课\n\n当个课代表或者组长 认真做好各项任务作业\n\n考试闭卷稍微看下书 有高中政治基础有优势\n\n祝满绩
116416,3229,赵蕾蕾,2019-09-10 04:13:15,2,2,0,绩杀想水就选
120995,3229,赵蕾蕾,2020-01-19 08:15:34,5,5,0,傻逼老师，想被🐔杀就冲
121990,3229,赵蕾蕾,2020-01-28 15:33:22,1,1,0,刷脸也没用 🐔杀
122226,3229,赵蕾蕾,2020-02-20 05:55:33,1,2,1,全班最活跃小组整组🐔杀 还敢选 选个试试cnmd
130453,3229,赵蕾蕾,2021-01-22 13:10:42,3,3,0,傻逼老师，🐔杀
137824,3229,赵蕾蕾,2021-07-06 08:49:04,4,4,0,节节课签到，绩点很低
137830,3229,赵蕾蕾,2021-07-06 08:55:05,3,3,0,每节课签到。作业都写按时交正常水平（文章有上限）。期末选择题全对，字数也都很多，3.6
137834,3229,赵蕾蕾,2021-07-06 09:02:54,5,5,0,看了ppt（就差抄一遍了），看了课本，课后题还手贱做了。最后3。\n\n真有你的
137836,3229,赵蕾蕾,2021-07-06 09:46:42,5,5,0,虽然她节节点名但考试和点名没有关系 \n\n虽然她天天上课但就是念PPT\n\n当然这不妨碍她要你全神贯注于她的课然后给你大绩杀
137862,3229,赵蕾蕾,2021-07-06 12:09:17,2,2,0,绩杀。
137872,3229,赵蕾蕾,2021-07-06 12:36:00,15,15,0,😅 😅 😅 😅
137888,3229,赵蕾蕾,2021-07-06 13:06:54,2,2,0,快跑，大绩杀
137890,3229,赵蕾蕾,2021-07-06 13:12:22,4,4,0,恶心学生有一手的
137931,3229,赵蕾蕾,2021-07-06 16:00:12,2,2,0,节节课签到，作业也认真完成了，最后3.3，绩杀
142949,3229,赵蕾蕾,2021-11-17 23:39:43,7,7,0,🤮
145023,3229,赵蕾蕾,2021-12-26 14:54:07,11,12,1,差差差，每日一骂
155414,3229,赵蕾蕾,2022-06-12 09:52:58,9,10,1,去年上的形策，我就想问班里有学生上4了吗？\n\n其他史纲马原思修之类我的绩点最低4.5，这门课一度让我怀疑自己的思政答题技巧。直到我发现班里绩点最高3.6，老师您好狠的心啊。。真笑里藏刀的黑莲花，如果是预置一定快逃！！
156533,3229,赵蕾蕾,2022-06-20 07:56:38,6,6,0,绩杀，就离谱，形势与政策绩点3.0，不想说什么了
156535,3229,赵蕾蕾,2022-06-20 07:59:19,5,5,0,真绩杀
156548,3229,赵蕾蕾,2022-06-20 08:32:19,1,1,0,绩杀快跑
156580,3229,赵蕾蕾,2022-06-20 10:14:59,1,1,0,牛 阴阳怪老师 快跑
156611,3229,赵蕾蕾,2022-06-20 11:52:55,1,1,0,喜提大学以来的最低绩点，现在看到这个绩点就犯恶心……
156647,3229,赵蕾蕾,2022-06-20 13:32:15,5,5,0,这老师不管你复习不复习都是3，？及以下，快跑，救命，形策怎么就遇上了这么一个老师
156662,3229,赵蕾蕾,2022-06-20 14:16:05,0,0,0,给分是真的低啊
156807,3229,赵蕾蕾,2022-06-21 03:53:23,11,11,0,所以，你的课就不能有人上80是吗
156808,3229,赵蕾蕾,2022-06-21 04:01:35,6,7,1,hello？形策2.7前来报到
157526,3229,赵蕾蕾,2022-06-23 15:04:02,5,5,0,垃圾垃圾垃圾，绩点2.7，作业做了，也签到了，也认真写满了，什么垃圾
158651,3229,赵蕾蕾,2022-07-01 03:30:20,14,14,0,海上月是天上月，晦气人教晦气课
171293,3229,赵蕾蕾,2023-03-30 11:15:57,6,6,0,形策全念PPT，而且形策事情一大堆，还尼玛期末闭卷，期末还占一半分？疯了？\n\n“大家怎么还往后面坐呢？是还在保持疫情时候的社交距离吗？”\n\n无语
175956,3229,赵蕾蕾,2023-06-27 09:12:39,0,1,1,今年形策改观比较大，虽然还是烂事一堆，但起码没绩杀
175979,3229,赵蕾蕾,2023-06-27 10:09:22,3,3,0,笑面食人花
176099,3229,赵蕾蕾,2023-06-27 17:22:30,-4,0,4,点名确实挺多的，但我感觉给分还行？\n\n上课基本签个到就跑，社会实践也没去，考试也没咋复习，最后4.5，大大超出我的预期了
176235,3229,赵蕾蕾,2023-06-28 06:39:44,-1,0,1,啊？感觉事情真不多呀，除了每堂课数字点名
176649,3229,赵蕾蕾,2023-06-29 14:31:11,-1,0,1,老师今年给分貌似变好了？
181553,3229,赵蕾蕾,2023-10-22 12:33:45,5,5,0,天天拖堂，你是耳聋听不见下课铃还是眼瞎看不见钟啊呵呵
181554,3229,赵蕾蕾,2023-10-22 12:36:36,3,3,0,拖堂极其严重，非常生气
194427,3229,赵蕾蕾,2024-06-24 01:22:43,1,5,4,现在给分挺不错的，但这个课估计没人听吧！老师认识不错滴
220320,3229,赵蕾蕾,2025-06-17 08:43:49,0,0,0,卡绩了，但给分不错
10491,3233,郭鹏越,2015-11-19 06:11:40,-9,15,24,特别靠谱
172640,3233,郭鹏越,2023-06-05 09:44:54,-13,1,14,老师人很好，很热心，很有亲和力，也很愿意提供帮助。上的职业生涯规划，老师是第一次开课，但是总体下来收获挺大的。各种测评，听的学长学姐分享，包括简历制作的技巧、决策方式等等。\n\n来讲讲上课以及考核方式：小组模式，一组7—8人。小组主要就是课上课后讨论以及最后期末的pre占20%（10-15分钟，形式不限，与课程内容相关即可）需要合作完成。其他个人任务的包括生涯人物访谈占10%（这个也进行了展示）、课外体验占10%、职业生涯规划书（5000字以内）占20%、个人简历占10%。总体来讲事情相对一般的通识课还是要多的，在期末pre之前要全部完成，小组组长并没有特别多额外任务，主要是收齐组员要交的作业和材料一起打包发给老师，每节课点名也是组长来完成、到课情况占10%，记录课堂表现10%。最后还有小组评价占10%\n\n谈谈给分：个人感觉一般吧，了解了其他同学的再回来说可以说很差了。毕竟她只说不会挂你hhh\n\n最后讲讲感受：老师是建工学院的辅导员，上课不会特别强调你要听课什么的。课上讲的东西对我个人帮助还是有的。整体的上课体验挺好的（小组成员都挺好的）。不听课也完全OK的吧
172653,3233,郭鹏越,2023-05-03 13:34:02,14,15,1,恶心恶心 谁能想到职规成为了我绩点最低的一门
172778,3233,郭鹏越,2023-05-14 12:58:09,-4,2,6,具体的课程内容有人已经发了我就懒得写了，感觉事情在整个职规课程组算少的，职规课本来事情就逆天的多，郭老师有一些在课上完成，课后不太用花时间（除了最后小组展示的排练），上课也可以水。\n\n顺便一提小组展示老师建议所有人都现场上台，意味着几乎是定死情景剧了，介意慎选。\n\n虽然选这课的时候没期待学到太多东西但也还有点收获，毕竟老师是辅导员，就业方面有些信息知道的还是不少的。\n\n最后得分4.2，个人感觉还算满意，但是群里发了谢谢老师没人跟，或许总体给分不太符合预期。\n\n不过话说回来真要水就别选职规，选创业基础比较好。
173537,3233,郭鹏越,2023-05-28 08:18:04,4,4,0,给分好差…
173654,3233,郭鹏越,2023-05-31 07:17:59,10,11,1,平等地冒犯每一个学生
173655,3233,郭鹏越,2023-05-31 07:19:27,10,11,1,如果一个房间里有希特勒，墨索里尼和gpy，给我一把枪和两颗子弹，我会杀gpy两次。
173656,3233,郭鹏越,2023-05-31 07:21:32,1,1,0,真的是服了呀，我真的很认真地试图听一点东西了QAQ
173657,3233,郭鹏越,2023-05-31 07:26:56,9,9,0,听你讲话真是了解碳基生物多样性的重要方式
173658,3233,郭鹏越,2023-05-31 07:26:00,9,9,0,顶级pua大师，笑面虎第十二代传人
173666,3233,郭鹏越,2023-05-31 11:29:36,1,1,0,老师对同学的要求挺高的。
173673,3233,郭鹏越,2023-06-01 00:43:17,-4,1,5,老师人还是挺好的，就是职规这课确实事多
174179,3233,郭鹏越,2023-06-07 04:27:56,-5,1,6,老师人还好，评分不应该这么低
174185,3233,郭鹏越,2023-06-07 07:04:35,-2,1,3,郭老师的职规课相对来说事情算比较少的了，除了生涯人物访谈、职规书和最后的大展示比较麻烦，大部分任务都在课上完成，认真完成的话，给分中规中矩吧
174238,3233,郭鹏越,2023-06-08 05:52:19,3,3,0,事多分少，能跑就跑
174350,3233,郭鹏越,2023-06-10 08:46:36,12,13,1,这很难评。。。。如果你和她不熟那可能觉得她还不错，但只要和她对过话就会觉得很离谱。。。。
174519,3233,郭鹏越,2023-06-13 14:38:48,11,12,1,爹味老师
174596,3233,郭鹏越,2023-06-14 10:56:06,-9,1,10,呜呜呜呜，郭老师人真的很好，她有在认真学习云姐，不断提高自己的，职规这门课原本事情就是多，但是郭老师目前来说事情算是比较少了，作业认真写，听老师上课讲的要求，最后展示好好表现，给分一点都不差的！
174621,3233,郭鹏越,2023-06-14 15:25:35,8,8,0,可能是年龄大了，一点都不去关心学生到底需要什么，对自己的教学有着七十年代的自信
176825,3233,郭鹏越,2023-06-30 09:17:09,3,3,0,怎么说呢，看得出来老师在努力地学习并努力地教了，但是我个人认为除非你是那种特别积极的大佬或者压根没打算听课，不然慎选，听她讲话你会不由自主地开始变得非常焦虑……
2505,3246,江宁宁,2015-05-04 13:18:50,4,5,1,呵呵呵呵呵呵呵
6481,3246,江宁宁,2015-07-14 09:00:34,4,4,0,脸被打了一拳陷进去了
14754,3246,江宁宁,2016-01-08 16:46:10,1,2,1,烂人！
22453,3246,江宁宁,2016-03-06 07:30:04,1,1,0,naocan\n\n
29369,3246,江宁宁,2016-06-29 15:48:49,0,0,0,呵呵哒，呵呵哒，竟然没什么想说的
11789,3298,张静波,2015-12-15 11:57:52,-5,1,6,特别亲和的辅导员！赞
14734,3298,张静波,2016-01-08 14:22:50,0,3,3,哈哈！波波，原来这里也能评价你呀！真想号召同学全给你1分，然后看你……我给的9分，怕你骄傲，扣1分。
23450,3298,张静波,2016-03-30 05:29:29,2,5,3,太矮了
120440,3298,张静波,2019-12-06 12:17:12,-2,0,2,波波姐太棒惹吧！美炸！！
179021,3298,张静波,2023-08-21 13:25:41,-2,1,3,给波波10分！希望波波能瘦下来！
202124,3298,张静波,2024-11-09 16:47:45,0,2,2,乐，军训给分奇差无比，看见是她跑就好了
207479,3298,张静波,2024-12-22 08:57:56,1,2,1,军训给分呵呵
2223,3335,宗艺,2015-04-11 14:58:59,43,50,7,没有男票，差评！
2225,3335,宗艺,2015-04-11 15:43:28,14,18,4,她是人类的好朋友
2226,3335,宗艺,2015-04-11 15:51:16,30,36,6,卖萌耍宝无下限 汉子咆哮掉节操
2227,3335,宗艺,2015-04-11 16:19:23,21,25,4,萌萌哒的女汉子辅导员，十分凉爽的用户体验
2235,3335,宗艺,2015-04-13 02:31:51,-14,9,23,恐怖 彪悍
2243,3335,宗艺,2015-04-13 16:03:43,23,26,3,借此替企鹅强征男票，有意者请到蓝六208领取表格填写后上交。
2251,3335,宗艺,2015-04-14 00:24:47,7,9,2,没有汉子，差评！
2272,3335,宗艺,2015-04-16 02:29:03,10,12,2,什么时候bg
2623,3335,宗艺,2015-05-05 00:42:16,9,10,1,棒棒棒！企鹅姐姐一定会脱单的~等bg！
3767,3335,宗艺,2015-06-17 03:47:26,1,3,2,根本停不下来
4182,3335,宗艺,2015-06-18 03:16:44,6,6,0,用户体验好评
4536,3335,宗艺,2015-06-24 07:53:30,-2,5,7,体积大
7111,3335,宗艺,2015-09-02 14:51:50,-14,5,19,吓tm整\n\n
7216,3335,宗艺,2015-09-11 04:54:21,1,3,2,减脂有效继续保持
7379,3335,宗艺,2015-09-14 05:12:03,7,14,7,麻烦那些大一小盆友们不了解这位老师的就不要过来乱评论乱给分了好吗我们辅导员你们有什么资格评论啊妈蛋
7588,3335,宗艺,2015-09-15 06:15:56,-12,4,16,总觉得恐怖
7646,3335,宗艺,2015-09-15 07:27:15,25,28,3,感谢陪我走过一年的蓝田，感谢陪我走过一年的老菜花们！我的2+5因为你们是温暖的，希望你们也是。\n\n你们忠实的，企鹅姐姐。
8564,3335,宗艺,2015-09-22 10:53:32,-3,3,6,剽悍 汗
8565,3335,宗艺,2015-09-22 10:53:27,-1,3,4,不能吃辣，差评
8566,3335,宗艺,2015-09-22 10:58:22,0,2,2,让我见识了什么是真正的女汉子
11726,3335,宗艺,2015-12-13 02:22:14,-2,3,5,卧槽看到某一条自己吓坏了
11860,3335,宗艺,2015-12-18 09:01:44,-6,6,12,脏话连篇
12407,3335,宗艺,2015-12-23 07:59:28,1,2,1,好老师！
15095,3335,宗艺,2016-01-12 04:16:26,0,1,1,凑字数
17279,3335,宗艺,2016-01-20 03:28:28,0,1,1,企鹅姐姐啥时候找个男票。。。
18423,3335,宗艺,2016-01-21 15:09:03,1,1,0,强悍啊
22730,3335,宗艺,2016-03-10 07:32:49,0,1,1,进了蓝田文体才了解到这个学姐，可爱，唱歌炒鸡好哈哈哈哈。
25171,3335,宗艺,2016-05-06 13:57:26,0,0,0,6666\n\n
25563,3335,宗艺,2016-05-25 11:57:23,0,0,0,哦哦哦
25566,3335,宗艺,2016-05-25 15:37:53,0,1,1,宗艺大大在做学生工作时接触过，很帅。
25811,3335,宗艺,2016-06-08 16:38:03,0,0,0,企鹅是个好企鹅
29370,3335,宗艺,2016-06-29 15:50:12,2,2,0,有时候有点夸张了吧……
23461,3412,邵欣,2016-03-30 12:13:13,-2,3,5,老师人很好，感觉东北人都很萌哈哈哈哈
64991,3412,邵欣,2017-12-28 06:43:29,0,1,1,事多。
78670,3412,邵欣,2018-05-14 10:30:00,10,12,2,职业生涯规划事情很多，给分也不算好。老师上课什么作业该什么时候提交自己都是混乱的。第一次在通识课上体会到了认真做了所有事情却得低分的感觉。
79844,3412,邵欣,2018-06-14 09:06:43,5,8,3,职业生涯规划上课疯狂赶进度，事情暴多，并且都认真做，上课回答问题和简历和最后展示都被表扬，结果连四都没有上？？？师生情假的吧？表扬是客套话？？扎心了
96917,3412,邵欣,2019-01-21 12:22:16,1,2,1,听展示点评到位，价值观正，给分好
96993,3412,邵欣,2019-01-21 14:02:36,-23,4,27,我爱邵欣，同是东北人，东北人万岁，4.8万岁，邵欣万岁
98074,3412,邵欣,2019-01-23 04:56:06,1,1,0,东北口音不错，讲课没有没有很烦人
100113,3412,邵欣,2019-01-25 15:15:02,0,0,0,整体还可以
115887,3412,邵欣,2019-08-23 08:03:54,2,3,1,没有听过老师的课，但从一些学生工作上的接触感觉对学生颐指气使，没有礼貌可言。
116271,3412,邵欣,2019-09-07 03:41:55,1,2,1,
118998,3412,邵欣,2019-11-09 05:27:20,5,6,1,真的觉得这个老师完全不尊重学生，颐指气使。
123017,3412,邵欣,2020-04-30 15:07:25,-4,2,6,职规真的很赞啊
135262,3412,邵欣,2021-05-07 05:26:14,3,4,1,事情多，上课混乱，组织了十几个人的无领导小组讨论真是大开眼界。收获不大。小组5个人里搞正态也是醉了。完全不理解什么是正态分布
145847,3412,邵欣,2022-01-03 08:45:08,0,0,0,老师很好\n\n我的心中只有感恩
160645,3412,邵欣,2022-09-29 06:29:55,1,1,0,邵老师新婚快乐！
22754,3474,沈小晶,2016-03-10 15:34:12,3,4,1,沈老师踢皮球功力一流，在下对贵学园办事效率与责任感深感佩服。
29372,3474,沈小晶,2016-06-29 15:50:56,1,1,0,同踢皮球，佩服贵院
26433,3493,陆智辉,2016-06-18 12:33:57,3,3,0,辉哥萌萌哒
53089,3493,陆智辉,2017-06-25 12:54:48,0,0,0,棒棒棒
66722,3493,陆智辉,2018-01-18 14:07:40,0,0,0,好好好！
151505,3493,陆智辉,2022-03-06 04:50:56,0,0,0,辉哥萌萌哒
22282,3551,刘帅,2016-03-03 07:37:02,13,45,32,老师很美，讲课也超认真
25722,3551,刘帅,2016-06-05 02:30:32,9,30,21,这门课差不多都这样，事情多，学的不多。这位老师好像是新老师，辅导员，水平一般。课堂上有时游戏设置不合理。
27054,3551,刘帅,2016-06-22 13:06:17,13,35,22,喜欢刘帅老师的课，人美讲课超温柔，课上趣味环节也多，课后作业比其他职规老师布置的少多了，也不能说烦，做了都有收获的，最后一节课安排演小品也很有意思，最后还一起拍大合照，喜欢这个老师~
32686,3551,刘帅,2016-07-09 10:06:38,2,8,6,还行吧，关键是队友坑不坑
38964,3551,刘帅,2016-12-21 00:51:46,3,14,11,好 很好 非常好
49045,3551,刘帅,2017-03-22 11:11:22,33,57,24,上她的课真是处处充满了尴尬
50669,3551,刘帅,2017-05-04 06:43:21,17,33,16,贼无聊，活动老套尴尬，出分慢
50745,3551,刘帅,2017-05-05 00:55:09,2,10,8,表白七大大?
50749,3551,刘帅,2017-05-05 01:15:07,3,14,11,老师总体来说还是挺好的，长得漂亮，讲课有趣，给分不错。\n\n就是上课事情太多...
52586,3551,刘帅,2017-06-21 08:41:50,-2,9,11,事多都还好。感觉各种ddl模糊不清。考试周交作业可以说是很难受了?
57426,3551,刘帅,2017-07-07 15:24:59,1,5,4,…→_→
57451,3551,刘帅,2017-07-08 05:00:21,3,9,6,规划书好好写
57542,3551,刘帅,2018-03-27 13:33:12,-68,24,92,脸涂得像个东瀛艺妓
59918,3551,刘帅,2017-09-28 07:24:59,-33,13,46,辣鸡辅导员，浙大的耻辱，不会做人，更不会做事。
60471,3551,刘帅,2017-10-26 02:58:09,-4,13,17,wow，那个人好胖胖噢，问老师问题，看见有同学和辅导员说奖学金的事情，就把所有人都往那个方面去想，那真是不好意思，我不是那个同学，我也拿到了奖学金，我说的只是针对那个老师的处理事情的态度，每次找她处理事情，好好和她说话，她态度就没好过。一次是偶然，两次三次就是必然。0分……如果查老师里面有负分，我一定会打负分。呵呵呵。也请那个同学，想事情不要那么绝对，你看到了一些事情，但是那么多同学去找她，你怎么能确定谁是谁，真是醉了。
60630,3551,刘帅,2017-10-25 12:37:49,16,26,10,哇，来问老师问题亲眼目睹，一个态度特别差的进来，一来就指责老师没有给奖学金，老师帮忙查了分数，并且耐心解释了规则，这个人扬长而去，出门就说要给老师打0分。自己不参加各种活动拿不到奖学金了来怪老师么？果然看到前面的吐槽。
62552,3551,刘帅,2017-11-26 02:23:54,-1,14,15,老师课上的活动是真的很多，也有很多展示，麻烦是麻烦了点，但是可以认识不少小伙伴。老师很用心，很为我们着想，上课上到最后竟然也开始不舍了起来。谢谢帅姐给我满绩。❤️
62559,3551,刘帅,2017-11-26 02:46:11,9,17,8,虽然事情有点多，但是认真做，会有好的结果，大学第二个满绩是帅姐给的，谢谢帅姐!
62560,3551,刘帅,2017-11-26 02:50:53,2,9,7,事少给分好\n\n老师人好也耐心\n\n奖学金一下子批下来还是很高兴的
62563,3551,刘帅,2017-11-26 02:58:09,2,8,6,给分挺好的，课堂内容也比较有趣
62574,3551,刘帅,2017-11-26 03:43:53,3,11,8,人美认真给分好！！
62591,3551,刘帅,2017-11-26 05:36:40,4,11,7,本来想给十分的，看到两个满绩的在秀，就给九分好了。老师是真的好看，事情也是真的多，我职规书写了差不多三十页，但排版真的不行，那我也没办法
62932,3551,刘帅,2017-11-27 11:35:14,-6,6,12,职规课基本就各种做游戏和展示吧，队友真的很重要，有大佬带的话绩点会被拉得飞起……当然职规书也要好好做
66901,3551,刘帅,2018-01-19 08:39:57,-44,7,51,丑八怪，别作怪。垃圾
67316,3551,刘帅,2018-01-20 17:14:14,1,12,11,帅姐现在算是云峰一把手了吧 很忙哒 大家体谅一下吼
71558,3551,刘帅,2018-01-28 15:24:33,3,11,8,老师很好看助教很搞笑
71572,3551,刘帅,2018-01-28 15:36:32,6,11,5,给分不错
71576,3551,刘帅,2018-01-28 15:37:41,4,8,4,老师上课挺轻松的，对我们一些鬼点子也很包容，游戏emmm有点像小学思想品德课。最后职规书一定要认真写，展示感觉都差不多，今年开始五级计分制了，不过给分还不错，我们组6个人5个是4.5。
71813,3551,刘帅,2018-01-29 03:41:39,3,6,3,其实老师真的挺好的，课上的活动挺有意思的，感觉很轻松，过得很快。虽然我的绩点不高，可能是我课上不发言的缘故。总之，觉得还好…
75107,3551,刘帅,2018-03-07 10:48:58,4,9,5,人美，性格好
78053,3551,刘帅,2018-05-09 07:17:12,-17,11,28,就冲这黑丝，给9分
79049,3551,刘帅,2018-05-21 12:29:04,1,8,7,很有趣，很生动，很活泼
79050,3551,刘帅,2018-05-21 13:01:43,2,8,6,啊啊啊啊帅姐人美心善给分好！！pick\n\n
79055,3551,刘帅,2018-05-21 15:50:10,1,10,9,事情不多给分好，关键是长得还好看
79106,3551,刘帅,2018-05-23 05:55:31,-2,3,5,事多分少，上课尴尬，还看组长怎么样
80246,3551,刘帅,2018-06-22 18:40:12,6,11,5,太好看了
85297,3551,刘帅,2018-07-17 00:38:34,-2,2,4,还不出分？？
85314,3551,刘帅,2018-07-17 02:24:37,-2,3,5,考试周结束一周了还没出分……
89271,3551,刘帅,2018-11-18 01:56:38,0,1,1,(๑‾᷅^‾᷅๑)
90574,3551,刘帅,2018-11-24 07:19:04,4,8,4,认真的话分不会差
90578,3551,刘帅,2018-11-24 07:30:47,4,8,4,老师挺好的，虽然有时候会拖课，展示和职规书好好写就能拿到好看的成绩
103605,3551,刘帅,2019-03-02 06:30:52,7,14,7,事多分少，处处尴尬。客观地说是一节全程展示课(ಥ_ಥ)
105087,3551,刘帅,2019-04-03 10:48:08,8,11,3,像领小孩子做游戏，无聊。
105239,3551,刘帅,2019-04-08 08:00:28,6,12,6,反正很无聊，很凶。zz\n\n
105788,3551,刘帅,2019-04-30 11:17:17,24,31,7,以下仅为个人观点: 客观的讲，刘老师本身比较好说话，人也蛮好的，给分也不错。我觉得根源在于这门课设置的极不合理。这门课我认为存在极大的局限性和弊端，与老师无关，纯属课程的落后与ex。真正的职规课并不应该采取这种形式！希望学校老师能重视教育改革，让学生能真正懂得职业规划，而不是仅仅游于表面文章。
106949,3551,刘帅,2019-04-30 10:59:44,2,9,7,给分真好
106953,3551,刘帅,2019-04-30 11:30:06,1,5,4,课很水，展示分摊到每一人也就一次。很认真地写了自己想写的职规书，虽然分数不高(毕竟自己没发言过)，但也没有被正态。老师好看是真的!
106955,3551,刘帅,2019-04-30 11:51:03,-1,9,10,超级好看的一个老师，给分也不错，爱了，女神
107517,3551,刘帅,2019-05-06 06:33:34,-4,20,24,老师人到底好不好俺也不知道，但是化妆真得真像艺伎?
109431,3551,刘帅,2019-08-09 10:37:10,3,20,17,妆画得像?
116259,3551,刘帅,2019-09-06 17:25:52,-35,21,56,军训了还画那么浓的妆。活脱脱像个Japan艺妓
117358,3551,刘帅,2019-09-23 09:29:17,4,12,8,屁事多，教条主义
119122,3551,刘帅,2019-11-10 14:40:53,2,7,5,事情多的一匹，毫无收获，把职规课上成展示课有意思吗？？？？？？？？？？\n\n小组互评都要正态我也是佛了，现在分还没出，但是不论给高给低我都要给宁一个1分\n\n就酱
120499,3551,刘帅,2019-12-09 09:38:43,1,4,3,呃……出分慢是因为系统一直要求正态。老师讲的挺认真的，还有面试干货。成绩真的就是一份出力一分绩点，你的贡献值大，你的分数相应就高了
121602,3551,刘帅,2019-12-12 08:59:38,3,6,3,事情多，不好混。不过收获还是有的。一份努力，一份收获吧，绩点的话，看个人了，正态分布老师也没办法，我小组内评分垫底，本来以为要被正态了，但是职业规划书很认真的写，最后4.5。反正还行吧
121666,3551,刘帅,2019-12-09 09:38:43,2,4,2,呃……出分慢是因为系统一直要求正态。老师讲的挺认真的，还有面试干货。成绩真的就是一份出力一分绩点，你的贡献值大，你的分数相应就高了
129252,3551,刘帅,2021-01-02 11:32:02,6,12,6,很好的一位老师，刚开始接触北方人的直爽可能让你感到不适，但时间久了真得感觉到是一个没有架子、真心为学生好的一位老师。bd
142043,3551,刘帅,2021-11-04 12:28:23,1,7,6,美丽温柔的老师，一对一谈话的时候可以畅所欲言~~~
142462,3551,刘帅,2021-11-12 01:14:08,-1,10,11,不好啊
145512,3551,刘帅,2021-12-30 05:36:35,0,8,8,喜欢帅姐
151175,3551,刘帅,2022-02-24 03:57:13,1,2,1,哈哈哈哈哈
153376,3551,刘帅,2022-04-28 23:40:24,0,9,9,真的好好对一个老师
153397,3551,刘帅,2022-04-29 04:25:35,-2,10,12,很温柔很负责的一位辅导员
159278,3551,刘帅,2022-07-10 13:35:22,-13,11,24,作为一个辅导员，希望您能把话说清楚，不要每次都支支吾吾，如果有什么事情不清楚要询问上级就直说还不清楚等一下，而不是支支吾吾半天，且不要人前一套表现的很不情愿的关心以及背后私下里明里暗里的说大道理讽刺别人，不明晰事情的前因后果就不要把别人的痛苦讲的那么轻松甚至可以作为一种责任的推卸，知道您想往上爬，所以祝您在真正知道自己应该如何对待学生所反映的问题前，祝您永远也爬不到自己想要去的位置上。
167848,3551,刘帅,2023-01-19 12:34:58,6,6,0,是一个很温柔很认真的老师，讲课很有逻辑，对学生很友好也很认真负责，给分挺好的，总评应该有90，但是学校有30%红线，被调到了4.5，感觉还行
168483,3551,刘帅,2023-02-18 11:25:01,9,9,0,职规\n\n一个班60人\n\n90+ 18人\n\n80-89 35人\n\n80-  7人\n\n似乎挂了一个？\n\n不过总体给分还行\n\n建议选，反正职规这破课也没啥体验
172270,3551,刘帅,2023-04-24 05:16:13,0,1,1,tql
172681,3551,刘帅,2023-05-04 09:37:43,1,1,0,还可以
172682,3551,刘帅,2023-05-04 09:46:08,4,4,0,在我没有完全完成课外体验（没给照片证明，只给了文字）的情况下给了 89，感觉还是挺捞的。\n\n事情其实不能算太多，因为很多都可以水水过。
172702,3551,刘帅,2023-05-04 15:29:51,10,10,0,1.老师很温柔，上课不听不会怎么样。而且上课还可以玩游戏，最后一节游戏课真的很有意思。\n\n2.讲的东西比较实用的，特别是写简历和职业规划那块，个人觉得对以后工作还是很有帮助的。\n\n3.没有考试，只有表演，表演结束后老师还给我们买了蛋糕（严重怀疑她在贿赂我们哈哈哈哈哈）\n\n4.给分挺好的，上课一定要积极代表小组发言或者画海报，有这些贡献可以直接在综评上加分。
178470,3551,刘帅,2023-07-12 05:38:59,5,6,1,刘老师人很好很温柔，事情在职规里也不算多，给分不错，建议爆选
180779,3551,刘帅,2023-09-26 06:04:09,6,6,0,打9分，客观来说引入部分确实做的不够好，但没有到尴尬的地步，至少23年水平已经很可以了，老师人好说话，职规的课屁事多也被理的很清楚了，给分还好，已经成长为一个优秀的职规老师了٩(♡㉨♡ )۶
183218,3551,刘帅,2023-11-23 01:48:32,1,2,1,好！课烂跟老师无关
184864,3551,刘帅,2023-12-23 14:31:07,1,2,1,好，非常通融，我的作业稀烂烂尾还给了我看得过去的分数，助教哥哥也很好，会宽限一点点晚交作业的人的时间
185347,3551,刘帅,2023-12-28 06:20:02,0,2,2,老师真的很好，思政课本来是很无聊的一个东西，但是老师一直在尽可能融入自己对社会的思考，给我们放了很多社会热点事件，三观很正也很温柔~
188132,3551,刘帅,2024-01-18 09:00:14,-7,6,13,作为辅导员很不通情达理
188860,3551,刘帅,2024-01-20 09:58:52,2,4,2,刘帅老师超级负责，凡事能从学生长远发展角度考虑问题。做事直率不拖泥带水，非常认可她对学生的引导式培养。做事很有原则，也很亲切。
192257,3551,刘帅,2024-05-13 04:19:11,0,5,5,上了刘帅老师的职规课。老师很温和，人很好也比较体谅学生，讲课还算有趣，可听。但是事情在职规课老师里算事情比较多的。如果的确是非常想通过各方面了解自己和自己的职业规划，选刘帅老师还是不错的。给分也还可以，很认真很努力地完成了期末的小品以及职业生涯规划书，喜提满绩😭😭但是不想在这门课花时间的同学慎选吧，要求确实比起一些水的老师稍微多一些
199599,3551,刘帅,2024-09-26 07:33:26,1,5,4,办事效率很低。。。作为辅导员很不称职，要她帮点忙百般拖延拒绝
200796,3551,刘帅,2024-10-22 12:38:03,0,2,2,作为辅导员很恶心，没事找事
202183,3551,刘帅,2024-11-10 12:36:12,1,1,0,职规事情可能有点多，但是有收获，人好，期末结束送蛋糕！
203076,3551,刘帅,2024-11-16 10:07:36,4,4,0,偏袒自己关系好的学生。明明是同样时间带的学生，其他人做错了什么呢，不要求其他的，一视同仁不可以吗？
203082,3551,刘帅,2024-11-16 12:05:01,1,2,1,跟她关系好的确实会给高分
204388,3551,刘帅,2024-11-25 14:38:29,-6,1,7,声音像我前女友，上课真遭罪
204551,3551,刘帅,2024-11-26 15:27:24,5,6,1,最后老师捞了一把，给分还行。但是我比较倒霉，小组组长组员都比较佛系，小组作业都是糊弄过去的，期末展示也比较炸裂。职业生涯规划书我认真写了得了95，最后总评也才4.5，有点可惜。感觉比较看运气，看小组水平。有大佬带当然更好。这也是课程本身设置的问题吧，不怪老师。
204570,3551,刘帅,2024-11-27 00:24:53,0,0,0,事情有点多，但是给分不错
204589,3551,刘帅,2024-11-27 02:50:15,1,1,0,会点名，一学期两三次吧，不一定哪节课。\n\n搞的小组活动比较尬，这方面我觉得还得看人吧，不同人感觉不一样，反正我觉得有点尬。\n\n作业要求好像不让补交但会延后一小会，交错也不能重新交。（同班同学说的）\n\n出分比较慢，一般别的都出分了才出分。给分还可以，一个班有三分之一是4以上。职规书没写好，差一分4.5。\n\n老师一般不会帮你什么，你想让老师帮忙，一般会被拒。（只能说情理之中）\n\n不过上课老师讲的挺好的，也很认真。上课除了不让打游戏，别的作业都可以写。\n\n没有考试，只有期末展示，展示结束后有蛋糕吃。\n\n有小组互评和组内互评。\n\n分数的话，感觉职规书认真写，小组有佬带会分高点。
204960,3551,刘帅,2024-11-29 04:24:16,0,0,0,还可以，给分挺高的
205432,3551,刘帅,2024-12-06 06:35:45,0,0,0,秋学期的职规课，感觉事情不多，老师也说尽可能减轻负担，职规书有字数上限限制，课后作业较少，强度不高，职规课本身就是比较麻烦的课程，但是我感觉老师的课事情不是非常多，不过职规书、简历、情景剧的ddl都压在同一个时间点了，如果不好好规划时间的话最后会非常赶。组长+好好卷职规书给满了
212583,3551,刘帅,2025-01-14 08:41:00,0,0,0,事多分少
213885,3551,刘帅,2025-01-21 03:52:45,1,1,0,王昌龄吗，给分巨烂还卡绩
17506,3564,孙幼波,2016-01-20 10:14:57,0,15,15,又萌又好的好老师
17511,3564,孙幼波,2016-01-20 10:17:53,-3,14,17,军训很负责。
20251,3564,孙幼波,2016-01-26 16:11:59,0,13,13,又萌又好的老师\n\n军训很负责
26230,3564,孙幼波,2016-06-16 10:16:18,3,19,16,大爱波姐，人很好，很负责，而且很萌～
26596,3564,孙幼波,2017-01-31 01:51:10,1,19,18,随便给分。质问分数就是一口一个对不起。一点都不求是
58700,3564,孙幼波,2017-09-15 06:23:00,1,14,13,老师很负责，处处为学生考虑。
58725,3564,孙幼波,2017-09-16 05:03:46,15,33,18,绝对绩杀，给分超不公平
58733,3564,孙幼波,2017-09-16 05:41:21,-13,13,26,波波姐带军训挺严格，但休息的时候又很能玩。非常爱笑，蹲着给大家拍照的时候像个小迷妹。大学第一门课，给了我个好成绩。
58771,3564,孙幼波,2017-09-17 04:46:04,2,11,9,74分以下还要分级
58772,3564,孙幼波,2017-09-17 04:51:21,0,17,17,男女生平均分我觉得可以差10分
59263,3564,孙幼波,2017-09-20 11:49:13,15,33,18,超级棒的老师，特别为学生着想，从老师这里学到很多。
59265,3564,孙幼波,2017-09-20 11:52:52,3,16,13,说绩杀的。。怕是刚进浙大还没适应正态分布这事吧
59269,3564,孙幼波,2017-09-20 11:57:25,4,8,4,很好呀
59270,3564,孙幼波,2017-09-20 12:00:11,0,9,9,说老师不好的是不知道浙大打分正态分布吧？得到低分的同学自己最好反思反思，不要都把责任扔给老师。我记得军训给分是有自评和他评的，如果一个人给自己给分很高，老师就算给你分数高，最后总分数也还是人家高……说话之前自己求是一点行吗！
59274,3564,孙幼波,2017-09-20 12:06:12,6,11,5,卡哇伊
59433,3564,孙幼波,2017-09-21 10:10:32,1,7,6,很棒的老师，超级萌
59434,3564,孙幼波,2017-09-21 10:11:34,1,8,7,老师人挺好 资瓷
60197,3564,孙幼波,2017-10-12 15:28:15,8,13,5,绩杀。。
61672,3564,孙幼波,2017-11-20 05:19:56,4,5,1,很严格，但是给分低不能归于正态分布吧，80分以下不低于百分之30给60几呢？绝对没做什么违纪的事吧表现平平而已，军训根本就是混脸包括自评互评什么的也硬要搞正态，别的老师都没有这个要求。不熟悉的人当然会给别人打低了
64913,3564,孙幼波,2017-12-28 02:39:14,0,1,1,呐，所以军训是要混脸熟的。波波姐人还是很好的，但是带军训真的很严....
66009,3564,孙幼波,2018-01-11 02:32:10,7,7,0,一般般，上课靠刷脸
66169,3564,孙幼波,2018-01-12 08:36:09,8,15,7,思修课回答问题给分，还当众问名字，最讨厌这种老师
66494,3564,孙幼波,2018-01-17 03:54:07,-2,1,3,为思修老师疯狂打call
66524,3564,孙幼波,2018-01-17 06:59:59,0,1,1,那当然很好呀
75376,3564,孙幼波,2018-03-09 12:54:43,0,2,2,绩杀，一点都不好，虽然有时候很可爱。
85183,3564,孙幼波,2018-07-16 03:05:18,3,3,0,只会照顾关系好的人
125708,3564,孙幼波,2020-09-13 11:04:43,0,0,0,好好好
142729,3564,孙幼波,2021-11-24 04:27:53,4,5,1,职规被杀了，职规报告还耽误我微积分复习
142854,3564,孙幼波,2021-11-17 02:23:36,4,4,0,给分纯看脸，教的课啥用没有事还多，屁都不干的组员拿高分，组长天天擦屁股反而全组最低
145109,3564,孙幼波,2021-12-27 12:22:50,1,2,1,课程还是比较活跃，平时好好写作业，记得用老师讲的知识写，就还是不错的
145255,3564,孙幼波,2021-12-28 13:18:55,1,3,2,大麻，小心点
147267,3564,孙幼波,2022-01-09 10:26:40,1,2,1,好老师，上课活动挺多的，给分也不错
147303,3564,孙幼波,2022-01-09 12:35:01,1,2,1,不错哦
147799,3564,孙幼波,2022-01-11 01:11:33,0,2,2,上课还是蛮有趣的，没有考试，任务一般的量，但可能讨厌小组作业活动的会不大喜欢，给分还行
148442,3564,孙幼波,2022-01-12 12:55:24,2,6,4,职业生涯规划给分很好，这个也有我被大佬组长带了的成分，但老师给分确实可以。老师讲课很风趣，会开好多玩笑，课堂气氛挺活跃。事情主要是有一个职业生涯规划书略多（这个我不太清楚是不是职规A都有这个作业）。挺推荐孙老师的课的，课堂很有趣我觉得。
162457,3564,孙幼波,2022-11-23 00:53:25,3,4,1,怎么绩杀😤
162459,3564,孙幼波,2022-11-23 01:27:32,2,3,1,绩杀，85，3.9
162465,3564,孙幼波,2022-11-23 02:56:11,2,2,0,吃完分来答一波，虽然绩点不是特别高，但是老师真的很好，上课很幽默，很晚打扰她老师也会回复，好老师👍🏻👍🏻👍🏻
163691,3564,孙幼波,2022-12-16 03:06:01,1,2,1,多互动混脸熟对最后的绩点很有帮助，波姐讲课挺有趣的，反正我整个课都在边玩手机边听，最后4.2也差不多知足了。
163759,3564,孙幼波,2022-12-16 05:19:54,2,3,1,职规课，上的东西真没啥用，不过孙老师的课蛮有趣的有很多小组游戏。\n\n每节课小组长评分，想不想水看组长。\n\n个人情况是，不是组长，平时小组评分一般般，期末展示我们组效果不错，职规书认真写没超字数，然后千万记得她上课讲的知识能用的都往里面塞。\n\n一学期啥也没学到，作业比室友的老师少很多，我们是生涯彩虹图+生涯人物访谈+职规书+小组展示，最后给分好，这时间浪费也值得。。。。。。
164233,3564,孙幼波,2022-12-19 12:59:45,2,3,1,波姐讲课风趣幽默，布置的任务很有意思，给分也好，绝对的好课！
165324,3564,孙幼波,2022-12-31 16:32:49,0,2,2,老师很温柔 作业不多，上课比较有趣，给分也不错
165357,3564,孙幼波,2023-01-02 12:14:02,8,9,1,自我中心，说话口气有点自以为是，就课而言没什么不好的点
166041,3564,孙幼波,2023-01-11 02:32:50,1,4,3,上课体验感很棒给分也很好我爱她🫶🏻🫶🏻🫶🏻🫶🏻🫶🏻🫶🏻
166049,3564,孙幼波,2023-01-11 02:55:47,-4,1,5,思修出分心满意足，开心
166054,3564,孙幼波,2023-01-11 03:18:10,2,5,3,【德法课】上课印象里只有刚开学点名了一次，平时事情几乎没有，如果坐在后排可以划水，认真听的话也有学长、律师分享经验的会有收获，还带我们参观了医学院，老师很温柔，但是要小心他有时候会走到下面随机点人回答问题哈哈哈，平时回答问题有加分但是不强制，感觉上课氛围还是很轻松的。给分意外的不错，老师值得更高的分！！
174043,3564,孙幼波,2023-06-06 02:23:03,1,2,1,我觉得孙老师的职规课算有趣了的，不应该是这个分数啊，我觉得至少能有8+。上课有很多游戏和互动，老师讲课很幽默、活力四射（？）对i人来说不太友好，但是我e人感觉玩得很开心（？）作业方面也很耐心，只要你是钉钉问问题都会回答。课后作业偶尔会布置一些（比如去网站上测测自己的mbti、做一下个人生涯评价），但是不计入成绩，可做可不做。最后期末论文用心写就好，我刚好上4，有点可惜。据说小组长分数会更高一点。
182833,3564,孙幼波,2023-11-20 13:36:58,0,1,1,继军训后第一个绩点4.5，也不知道算不算高。老师上课在尽力活跃气氛。事情也就一个8min展示，一个访谈报告，一个5000字以内生涯规划书，还行。曾多次扬言课堂不活跃会绩杀，还好啦
182971,3564,孙幼波,2023-11-21 09:02:14,1,2,1,虽然偶尔刀子嘴，但波波老师人很好！有时候上课氛围有些沉闷，但老师还是积极性很高，在尽力带动班级氛围好一点。不过感觉秋学期职规这次氛围比较沉闷和教室形式传统难以施展也有关系。努力做了还是有回报的，挺好
183031,3564,孙幼波,2023-11-21 15:42:21,3,3,0,十分同意楼上二位的说法，但88卡绩（
183079,3564,孙幼波,2023-11-22 05:11:43,3,4,1,职规课，老师人很好，喜欢活跃的课堂，事情不多，不点名
184065,3564,孙幼波,2023-12-07 14:06:07,2,4,2,很好的老师。那些自己都不尊重课程和老师的人有什么资格√叫
202844,3564,孙幼波,2024-11-15 00:47:02,1,1,0,孙老师的职规课真的挺好的，课堂一点也不无聊，课后的任务相对来说也挺少的。虽说最后卡绩了，但是也和我自己期末作业没认真写有关吧。
203153,3564,孙幼波,2024-11-17 12:28:31,0,0,0,挺好的，给分好，课堂氛围也挺好的。
203177,3564,孙幼波,2024-11-17 15:21:26,0,0,0,讲课还是相当有趣的，虽然整个人显得有点强势，个性
203266,3564,孙幼波,2024-11-18 15:33:43,0,0,0,职规小组长满绩路过，要想卷就当小组长，不想卷就当组员到课就行
203593,3564,孙幼波,2024-11-20 06:26:16,1,1,0,还行 我比较摆 我们小组也都比较摆 最后给分还好
206251,3564,孙幼波,2024-12-13 11:20:26,0,0,0,讲课比较实在，不讲虚的；认真上的话分不会低，推荐她的职规
209528,3564,孙幼波,2025-01-06 07:53:28,2,2,0,德法课出分，前来评价。感谢老师，应该是捞了。不过孙老师和曹老师的思修课感觉更多的是像对大一新生进行思想教育，类似班会课吧我感觉，也有可能是我上课听的不认真，正课很少，大部分的课都是请人进课堂，我感觉挺好的，能听到好多优秀学长学姐分享经验，强推！
209532,3564,孙幼波,2025-01-06 08:05:42,2,2,0,思想道德与法治 2024秋冬 评分10分 上课不点名，讲课并不枯燥，可以写作业，事少分高，有“我坚持的一个好习惯”加分的项目，老师很热心，回消息很及时！\n\n最后小组作业展示评价很中肯，虽然有时候看上去还是有点强势的哈哈哈！
209540,3564,孙幼波,2025-01-06 08:10:38,0,0,0,有趣也有心的老师🥰🥰
209570,3564,孙幼波,2025-01-06 09:17:01,0,0,0,还可以吧，水课挺水，不管啥。\n\n之前学在浙大的作业晚交也可以通过助教交上去（虽然中午截止有点阴间，但主要还是本人ddl战士的毛病）。\n\n本人只做了最基本的事也拿到了高于平均分，比较舒服。
209668,3564,孙幼波,2025-01-06 12:51:20,0,0,0,思法课给分挺好
209692,3564,孙幼波,2025-01-06 14:49:52,1,1,0,太喜欢老师了！上课很有意思，会想办法提高抬头率and活跃气氛。是和曹老师合班授课，有很多专家进课堂和学长进课堂的环节，现场教学也很多次，很有意思的思修课。思修绩点真的出乎我的意料啊啊啊啊啊啊真的给了我好高啊啊啊啊啊啊啊谢谢老师！！！
212378,3564,孙幼波,2025-01-14 02:30:11,0,0,0,还行哦
215494,3564,孙幼波,2025-02-27 03:40:16,0,0,0,给分好事情少
218124,3564,孙幼波,2025-04-21 09:20:56,0,0,0,给分好事情少
32208,3592,史冠珏,2016-07-06 03:08:00,1,1,0,装逼、、
37023,3653,王乔,2016-11-17 06:58:54,11,15,4,作为学生辅导员，跟吃了火药一样，言语有些蛮横无理，并没有解决学生的问题。
58583,3653,王乔,2017-09-06 01:24:47,5,8,3,目前没听过课，但是军训她是辅导员，有时候不能站在学生的角度考虑问题，在自己不是很精通而学生比她更了解的方面瞎发表评论并要求学生，导致学生很无奈....
60330,3653,王乔,2017-10-17 12:21:11,-11,7,18,很温柔 脾气很好的一个老师\n\n浙大外院出来的大佬…\n\n挺喜欢她的
87205,3653,王乔,2018-09-22 08:04:37,9,12,3,不能对学生一视同仁。
92639,3653,王乔,2019-01-03 08:19:17,-7,6,13,温柔体贴，工作勤快，认真负责！！喜欢
110183,3653,王乔,2019-06-24 08:48:20,-8,3,11,还行吧
115924,3653,王乔,2019-08-26 11:08:35,9,13,4,军训她是辅导员。像个娇脾气的小女生，我们都是她的男友。p事很多，不会体谅学生，很烦。
116055,3653,王乔,2019-09-01 15:08:55,-9,3,12,很nice！
116056,3653,王乔,2019-09-01 15:06:13,7,10,3,这人他妈是个傻逼吧，根本就只顾自己的成绩和工作业绩，完全他妈的不把学生当人看。学生问他问题也很冷酷恨不关自己事情一样，这种人干嘛来当辅导员，应该去做公司的人事部部长控制整个公司！
116163,3653,王乔,2019-09-05 04:31:24,-7,3,10,我觉得王老师真的很善解人意啊，很懂怎么和大学生（小孩子）交流\n\n而且这些辅导员的评分普遍低，大概是因为只有受了委屈的人才会上查老师给自己的辅导员差评吧
116186,3653,王乔,2019-09-05 22:03:19,-5,3,8,老师蛮有趣的，军训全程划水也有3.9，有同龄人的感觉。。就是鼓动写入党申请书总感觉不是特别好
116314,3653,王乔,2019-09-08 04:21:22,3,5,2,不想评价
116742,3653,王乔,2019-09-14 14:42:27,5,6,1,太难了
117211,3653,王乔,2019-09-20 11:00:45,4,6,2,火气特别大，跟每个学生都欠她钱一样
117220,3653,王乔,2019-09-20 12:18:06,3,4,1,对她无话可说
118881,3653,王乔,2019-11-07 10:18:36,-3,2,5,很好的辅导员\n\n东北人都是活雷锋\n\n特别和我的心意\n\n做她学生特别幸福
139884,3653,王乔,2021-08-09 06:33:01,0,5,5,呵呵，就是个傻逼辅导员，只求自己不担责任，根本不care学生，为啥数院还要她呢，我是搞不明白了，竺院都不要她
36202,3687,王婷婷,2016-11-11 04:38:11,1,1,0,生动有趣
47387,3687,王婷婷,2017-01-26 00:11:04,1,1,0,有梦想的老师（但是水平可能还不够）。思修课平时对学生要求不高。
47513,3687,王婷婷,2017-01-29 00:57:10,1,1,0,呵呵哒
18546,3731,马宇光,2016-01-22 03:42:14,1,1,0,小马哥帅啊
30065,3731,马宇光,2016-07-01 01:38:23,1,1,0,必须的，男神
