评论id,老师id,老师姓名,发表时间,点赞减去点踩数量,点赞量,点踩量,内容
32871,25,刘英,2016-07-19 14:08:52,12,13,1,给电科开的dsp，讲的不错但很快，最后一节复习课划重点，试卷难度和信通的不能比23333
35104,25,刘英,2016-11-07 00:39:39,-23,1,24,非常差，烂透了
54767,25,刘英,2017-06-30 07:45:05,9,9,0,老师蛮负责的，讲课一般但是很详细，同学有很多讲习题之类的加分机会，后面复习也比较详细\n\n
81438,25,刘英,2018-07-05 05:43:02,8,8,0,信号与系统挂了，但是dsp能过，老师大善
82235,25,刘英,2018-07-07 14:00:39,8,8,0,有时候会点名，讲课还是不错的，给分也还行
89062,25,刘英,2018-11-15 03:35:34,9,9,0,讲课很认真，详细
108850,25,刘英,2019-06-03 07:15:27,8,8,0,讲得很细致，老师人很好！
111486,25,刘英,2019-07-01 19:52:12,6,7,1,声音超小
114443,25,刘英,2019-07-10 03:08:43,8,8,0,电科的dsp还是蛮简单的，老师人也很负责，给分不错啊～
119190,25,刘英,2019-11-11 05:54:43,11,11,0,自动控制还是不错的！老师讲的很详细！虽然人比较少但老师很用心，最后考试难度也不算大，认真做作业都能取得好成绩，老师给分还不错的。课程本身事情很少，只有作业和考试，想轻松一点的同学可以考虑！
141656,25,刘英,2021-10-19 08:00:42,15,15,0,老师水平很高，课程也很有趣，能学到很多有用的。考研多亏了刘英的PPT复习信号，因为于惠敏的垃圾教材
152001,25,刘英,2022-03-23 01:35:38,16,17,1,老师讲课还行，人也很好，就是dsp这门课太难了…
156834,25,刘英,2022-06-21 05:23:26,9,10,1,女神！讲课细致，给分超好！
177673,25,刘英,2023-07-04 07:36:52,3,3,0,还行，历年卷得背
184501,25,刘英,2023-12-21 05:12:58,1,1,0,电科DSP，课程内容有用难度适中，老师讲课好给分也好
193773,25,刘英,2024-06-18 02:27:52,6,6,0,美丽的刘老师捞捞我qwq
195810,25,刘英,2024-06-30 04:06:14,2,2,0,美丽的刘老师 讲课好 给分又超级好 人也超级温柔 看到群里发谢谢老师就偷偷把群解散了
218856,25,刘英,2025-05-09 01:36:43,0,0,0,自动控制讲的很好，给分也很好。
221372,25,刘英,2025-06-23 06:22:25,0,0,0,讲课水平和给分都十分完美
221502,25,刘英,2025-06-24 05:24:28,1,1,0,好老师，无敌
221551,25,刘英,2025-06-24 11:58:51,0,0,0,dsp讲课清晰，给分很棒，老师人很温柔，平时沟通起来有一种如沐春风感
221712,25,刘英,2025-06-25 11:15:26,0,0,0,DSP成绩组成：出勤+小测10%，作业20%，实验报告20%，期末考试50%。课后作业或实验讲解每次加两分，鼓励参加。\n\n首先谈谈点名，ly老师的点名其实蛮随机的，找不出规律，不过一般进行小测的时候就不点名了，考虑到DSP这门课大量的记忆点，能到课还是到课吧。\n\n小测是每章讲完之后在学在浙大会有一个小测题，基本上考点概念选择题，当然也会有计算题。平时如果课上真没看的话，那得小心下次课是否要到章节末尾了，一般讲完之后一定会有小测的。\n\n作业和实验没什么好讲的，作业有答案，但是答案也有不对的地方，建议自己做增强记忆点，毕竟考试也是纯靠基本功的。实验的话问问ds老师也能解决了，总的来说没啥大问题。当然老师会鼓励大家进行作业讲解，每次能加两分，一般来说讲解作业的人比较多，讲解实验的反而较少，这两分建议有能力的同学可以报名，争不到作业讲解的可以讲讲实验，你讲的有遗漏老师也会在旁边补充。\n\n这门课最重量级就是期末考试，大量的记忆点加上闭卷（是的，连A4纸都没有，算法和AI反而都有）使得考试存在一定难度，只靠期末的补天是非常难取得高分的！一定要在平时就积累学习，不要在考试周才后悔平时没看。当然要是大佬可以直接无视这句话，但如果是连信号与系统的基础都不怎么样的，我建议是好好掂量掂量。\n\n老师是一位好老师，讲解也很到位，也鼓励学生主动学习，但是上课期间最好不要和同学交头接耳，看得出来老师并不太喜欢讲课时底下有声音，当然如果是回答\提出问题是可以的。期末会给出考试范围和考试总复习，实际上总复习覆盖面挺广的，但是一些概念还是得自己去找。\n\n总而言之：DSP这门课可以选，但是学习能力较差的同学一定不要只想着期末补天补出好成绩，平时要注重积累，作业题尽量自己完成巩固知识点。
38424,28,赵颂平,2016-12-04 11:00:51,17,30,13,课本身无聊，老师似乎也不怎么会讲课，听着尴尬
38449,28,赵颂平,2016-12-05 09:01:13,2,6,4,每课必睡
39536,28,赵颂平,2016-12-23 15:23:38,5,12,7,赵老师人很好的
39898,28,赵颂平,2016-12-28 06:45:19,1,7,6,平爷人很赞有木有？
79401,28,赵颂平,2018-06-03 12:05:00,0,4,4,话都说不清好伐？
82080,28,赵颂平,2018-07-12 02:30:54,3,9,6,感谢老师，我形策认认真真背书，ppt，时事，准备了挺久的。当天考试的时候，很开心基本所有题都想起来了，作文感觉自己写的也不错。只要努力，形策也是可以满哒！
84619,28,赵颂平,2018-07-13 10:42:45,2,6,4,老师人很好，给分也好
85870,28,赵颂平,2018-08-24 14:13:15,0,2,2,爱的体验
86154,28,赵颂平,2018-09-09 06:50:40,5,7,2,求你了能不能别演讲了
90702,28,赵颂平,2018-11-25 10:33:46,0,7,7,先把讲话练利索了再讲课
91152,28,赵颂平,2018-12-02 05:36:00,6,10,4,书记蛮可爱的，人不错啊……
104422,28,赵颂平,2019-03-20 03:48:52,1,4,3,有启发
105211,28,赵颂平,2019-04-07 12:05:33,-20,7,27,我是ikun，考前刷蔡徐坤nmsl，看蔡徐坤打篮球，结果我满了
112286,28,赵颂平,2019-07-04 00:48:26,-2,3,5,平时有课后作业\n\n都认真完成的话分应该不低的\n\n给分好！！！！
112642,28,赵颂平,2019-07-04 23:27:12,2,4,2,不知道其他同学分数如何，平时有作业，我认真完成了但也不是原创，就广泛收集资料论文，写2-3小时，第二学期开始可以看到成绩，感觉成绩还不错。期末考前看了5个小时，记不太住，半瞎写，最后总评89，还可以，至少不是一个坑老师。
116115,28,赵颂平,2019-09-04 07:48:30,0,1,1,
137323,28,赵颂平,2021-07-03 07:53:41,8,8,0,花了挺多时间的，为啥给我的分这么低
137326,28,赵颂平,2021-07-03 08:09:59,-13,1,14,形策每节课会签到，每节课后都会有作业，回答问题会有加分，给分还是可以的。我没花时间复习，平时作业也是水水过，总评也还可以。
138507,28,赵颂平,2021-07-09 14:56:23,3,4,1,给分烂事又多讲话讲不清
138674,28,赵颂平,2021-07-10 09:05:15,3,3,0,给分烂得，快逃呵呵
139255,28,赵颂平,2021-07-14 00:45:10,1,1,0,给分不行啊
141011,28,赵颂平,2021-09-21 12:46:14,9,10,1,［对赵老师作为信电党委副书记的评论］鼓励院内恶竞，信电学院被搞得越来越卷......问题是信电培养方案本身太杂了，全身心内卷不可能有真正提升。。。有点可悲
143205,28,赵颂平,2021-11-21 11:24:54,5,6,1,话说不清
143207,28,赵颂平,2021-11-21 11:29:00,2,3,1,像个公知
155363,28,赵颂平,2022-06-11 14:35:23,6,6,0,人挺好，但形策作业成绩真就平均主义呗，随手十几分钟写的和我认真思考努力创新大量排比修辞写的分数一样
156952,28,赵颂平,2022-06-21 12:08:37,0,0,0,事多为啥还分少啊，平时上课还不让用电脑，最后总评还卡绩
157380,28,赵颂平,2022-06-23 05:38:14,-1,1,2,事略多，分超低——来自一个自认为毫无破绽的选手
157510,28,赵颂平,2022-06-23 13:36:12,1,1,0,人不可貌相
171296,28,赵颂平,2023-03-21 05:10:23,0,1,1,话说不清，p事多，信电怪不得行政拉胯，我知道原因了，信电er大哭。
173543,28,赵颂平,2023-05-28 10:10:03,0,1,1,服气，上课不让用电脑，讲的狗屁不是，点名都不会，JOKER
173544,28,赵颂平,2023-05-28 10:12:01,0,0,0,上形策一节课强调五六遍不能用电脑不能看别的教科书...没办法我也只能玩手机了
176172,28,赵颂平,2023-06-28 03:45:51,1,1,0,垃圾，虽然91，但是选到这老师你倒霉😅，我这分数全是高中政治底子，这老师上课又无聊事有多。.
190950,28,赵颂平,2024-03-25 11:41:33,1,1,0,形策授课内容老生常谈，授课风格枯燥无味，纸质签到令人遗憾。
194483,28,赵颂平,2024-06-24 05:57:36,2,2,0,突击纸质签到，给分巨烂。
220426,28,赵颂平,2025-06-18 02:18:19,0,0,0,讲课也不会讲，上课还不给用电脑也不给玩手机写作业，最后还绩杀+卡绩，难评
23966,82,杜阳,2016-04-23 04:32:17,9,12,3,老师很温柔～上课随时来个小练习
31648,82,杜阳,2016-07-04 10:45:00,3,3,0,老师说话很慢 讲课蛮清楚的 但无奈场波太难
39591,82,杜阳,2016-12-26 02:12:07,0,1,1,讲课很慢……… 讲得一般吧 老师人很好 给分很不错
47868,82,杜阳,2017-02-26 23:48:47,0,0,0,评分测试评价
48587,82,杜阳,2017-03-08 02:40:15,3,5,2,我觉得讲得很透彻啊…比上学期某柯江好太多
49027,82,杜阳,2017-03-22 02:38:35,2,2,0,上他课实在是太催眠了。。
57458,82,杜阳,2017-07-08 06:03:12,0,0,0,
103954,82,杜阳,2019-03-08 02:20:41,1,1,0,讲课非常仔细，会细致讲解概念定义，赛高
114982,82,杜阳,2019-07-13 17:17:59,1,2,1,谁选谁倒霉，想好吧 给分和别的班不能再差，无法形容的差
135946,82,杜阳,2021-06-04 11:36:16,8,9,1,从第五章开始就越来越跟不上进度了。
157542,82,杜阳,2022-06-23 16:22:30,2,2,0,还没出分，杜老师可能平时作业啥的布置比较懒，课件啥的也传得少。但是讲课很认真，可以看出是水平很高的老教授。不怎么点名，作业极少，适合平时不去上课考前补天的同学。场波几个老师里估计就杜老师事最少。杜老师钉钉私信必回，好感度爆棚
158068,82,杜阳,2022-06-26 15:19:00,1,1,0,感觉老师很稳重，结果也没那么重要了，场波确实难吧（虽然成绩还没出），看得出来老师很想活跃课堂氛围
158705,82,杜阳,2022-07-01 13:06:01,2,2,0,这学期刚刚上了杜老师的课（4.2），以下仅做参考：\n\n1、课程讲解：在第五章以前讲课都是十分清晰的，到第五章后开始天书（个人感觉，也有可能是教材与进度的原因），我6-8章是听zsl老师的智云课堂。\n\n2、考试：这次课程据说是轮到杜老师出卷，试题内容很有诚意，基本都是常规的、上课讲过的内容，然后略微有一些拓展，不像前几年最后一题非常难，感觉基本分只要复习都能拿到。\n\n3、小测与习题课：有两次小测，第一次小测前和期末考试前有习题课，小测应该是助教评分，习题课与复习课会放很多题与知识要点梳理（很好很重要）\n\n4、课堂氛围：2+3，30个人的班平时稳定13个人（后面我去听zsl的课后听说只有8个人线下），基本上在三节连上到第三堂课时人已经完全晕过去了（问题就在这里！），杜老师看出来是非常想改善课堂环境的，有一定几率触发“不如这个就留作当堂练习，请同学们拿出纸和笔……5分钟后交上来”，“看出来同学们都不在状态啊……（挨个点名问当前讲到的某个问题）”等事件，这让我课堂体验像过山车哈哈哈哈（当然对三节课都在状态的同学很有帮助）\n\n5、讲课风格：杜老师讲课时最好不要断线，老师是有着自己的一条整条逻辑线的（甚至是延续好几周那种），所以上课时会频繁的出现“诸如此类”“换言之”等逻辑词，由于我个人的理解速度不快，所以后面一旦进度加快，前面的部分还没有理解，基本就是听天书了，所以学场波一定要及时梳理课前复习预习！\n\n6、作业：杜老师是一章布置一次作业（大体上），所以布置作业间隔很长，答案不一定有，需要注意和其他课程ddl的叠加的情况（会很痛苦），补交作业助教都会收没有问题。一章平均下来7、8个题目。\n\n7、其他：杜老师没有将ppt上传到学在浙大的习惯，需要学生主动要求；上课没有用话筒的习惯，智云基本没有声音（也可能是西2-501的设备问题？），补听建议zsl（但不同班级进度不同需要注意）。
177394,82,杜阳,2023-07-03 06:24:47,0,0,0,老师很好
177751,82,杜阳,2023-07-04 14:53:17,0,0,0,好老师，给分不错，至少对我来说
17982,91,魏兴昌,2016-01-21 05:25:24,2,5,3,上课点名，没有期末考试，给分好，容易满绩
17994,91,魏兴昌,2017-06-13 05:24:48,4,7,3,天线课还是不错的
25232,91,魏兴昌,2016-05-08 16:13:58,6,11,5,绝对不能迟到..一共点名两次， 一次没去4.7， 两次没去直接3.6.  全到闭着眼睛满绩.\n\n\n\n真是套用他一句how to caculate
31205,91,魏兴昌,2016-07-03 11:15:44,3,3,0,上的场波课很不错，也没有点名啊。\n\n
58673,91,魏兴昌,2017-09-14 00:40:01,2,3,1,敏锐的抓住考点与不考点 积极总结知识点 考前刷历年试卷期末可以闭卷考
75610,91,魏兴昌,2018-03-14 04:50:24,0,0,0,
76935,91,魏兴昌,2018-04-26 06:18:47,3,3,0,我觉得老师讲课思路超级清晰，每次会总结这章的关键公式，如果上课不困，一直认真听完，课后用来重新复习的时间可以大大压缩。前提是真的全程专心听了。反正觉得很OK
114797,91,魏兴昌,2019-07-16 01:51:41,-8,1,9,nmsl
151449,91,魏兴昌,2022-03-03 11:06:33,2,3,1,讲的挺好的啊，为啥才那么低的分
158504,91,魏兴昌,2022-06-30 01:06:51,0,0,0,讲得一般 但是很负责
159631,91,魏兴昌,2022-08-22 09:29:23,5,5,0,老师讲得很好啊，给分也很高
175475,91,魏兴昌,2023-07-02 14:11:55,4,4,0,比别的班多一个课堂展示
177847,91,魏兴昌,2023-07-05 04:20:46,3,3,0,给分很好
196254,91,魏兴昌,2024-07-02 15:10:37,2,2,0,老师挺好的，比较和蔼，讲课比较认真。每小节后辅以习题讲解，可以加深理解。给分也很好！
197625,91,魏兴昌,2024-07-22 18:38:42,0,0,0,魏老师认证负责
219990,91,魏兴昌,2025-06-13 08:04:42,2,2,0,趁还没有出分还没有怨气来评价一下（\n\n魏老师很好，讲课基本讲的是考试的点而且讲得很清楚很认真。场波本来就难，能把考试部分讲清楚我觉得已经很好了。两位助教也非常好，有问必答而且非常负责，平时分完全没有压力。\n\n还是很推荐选的
220529,91,魏兴昌,2025-06-18 11:35:05,2,2,0,讲课好，给分好，助教好
220872,91,魏兴昌,2025-06-20 08:41:35,2,2,0,讲课真的很好啊！助教ggjj都很好，给分也很好！强推！
221825,91,魏兴昌,2025-06-26 13:39:40,1,1,0,真的好老师
7459,125,史笑兴,2015-09-14 12:43:59,33,35,2,超级好！很认真的老师
7476,125,史笑兴,2015-09-14 15:00:25,9,12,3,很风趣
7485,125,史笑兴,2015-09-14 21:34:32,11,12,1,感觉不错\n\n
7488,125,史笑兴,2015-09-14 23:23:19,13,14,1,老师很好
7489,125,史笑兴,2015-09-14 23:25:21,10,14,4,老师很好
7494,125,史笑兴,2015-09-15 00:13:25,9,10,1,讲的很好！！
7497,125,史笑兴,2015-09-15 00:16:24,9,10,1,很认真负责，讲解的很透彻、易懂
7503,125,史笑兴,2015-09-15 00:52:53,9,10,1,史老师上课很负责，好老师
7544,125,史笑兴,2015-09-15 03:11:24,8,9,1,酷酷
9180,125,史笑兴,2015-10-15 10:29:22,7,8,1,超级好的老师
9418,125,史笑兴,2015-10-26 16:52:03,7,8,1,教的很好
11133,125,史笑兴,2015-11-24 12:11:37,7,10,3,上课太好了，成绩也给的贼高
11364,125,史笑兴,2015-11-29 03:32:16,7,8,1,给分很高
11945,125,史笑兴,2015-12-21 11:25:23,7,8,1,老师超有耐心
21157,125,史笑兴,2016-02-23 09:49:17,4,4,0,炒鸡炒鸡nice的老师，对待学生蛮严格的，但是打分好啊
22753,125,史笑兴,2016-03-10 15:27:22,-1,3,4,其实这个问题很简单，只是你上课时候沒听清楚我讲⋯⋯这是他当年对我这样讲
23128,125,史笑兴,2016-03-18 13:51:37,11,12,1,矮矮胖胖的～
23962,125,史笑兴,2016-04-22 17:42:21,5,6,1,上的无线网络通识。老师非常耐心，辅导的时候事无巨细一定教到你会。
36809,125,史笑兴,2016-11-16 06:23:03,3,4,1,老师很萌很负责~虽然我是文科生，听这门课有些难度，但是还是在老师的帮助下完成了任务！给的绩点也很高！谢谢老师~
37063,125,史笑兴,2016-11-17 08:19:26,-7,5,12,给分低
38769,125,史笑兴,2016-12-18 15:37:30,4,4,0,医试金阳强推
44585,125,史笑兴,2017-01-18 03:39:34,4,4,0,老师爱笑，而且很热心帮助学生！
66141,125,史笑兴,2018-01-23 12:05:58,2,2,0,老师很好，而且上课认真，重点是给分好!!!
68611,125,史笑兴,2018-01-23 13:01:47,1,2,1,谢谢老师的满绩，这个学期在课上真的学会了一些不会的东西，不水就能够有真的收获。
77655,125,史笑兴,2018-05-07 06:08:35,2,3,1,无线网络应用通识课。老师讲的很通俗易懂，我这种电脑小白都基本上能听进去一些东西，最后成绩也很满意。
87110,125,史笑兴,2018-09-20 11:31:44,1,1,0,? ? ? ?
89545,125,史笑兴,2018-11-19 12:43:11,4,4,0,无线网络应用的通识课，理论课真的好无聊的说……（虽然认真听也能学到有用的东西）……但是老师很好很实在，最后就是给分超级好了（感觉像水到了4.5一样? ）（毕竟实验全靠队友啊）
89850,125,史笑兴,2018-11-21 04:37:54,5,6,1,快乐就完事。充满激情的老师。给分超棒，就算不怎么听无线网络应用也能满绩。满分给老师，虽然这门课有点硬核。不过傍到大佬也基本水水过去。
89885,125,史笑兴,2018-11-21 06:56:50,1,1,0,老师很棒！
89963,125,史笑兴,2018-11-21 11:43:39,5,10,5,无压力满绩\n\n楼下那个79乱叫的别出来丢人了，自己不努力怪老师？最后实验报告作业态度决定分数，当然两次考试也很重要\n\n
90013,125,史笑兴,2018-11-21 14:57:36,2,3,1,很好的老师，感谢满绩点。稍微努力点就有满绩。
96607,125,史笑兴,2019-01-21 07:37:49,1,1,0,给分很好 但比较硬核...平时可以水，但实验报告要很认真做。但只要认真肯定会有4.5噢！
96805,125,史笑兴,2019-01-21 10:06:00,0,0,0,nice。
103472,125,史笑兴,2019-02-28 10:12:20,0,0,0,讲课认真，PPT详细
104303,125,史笑兴,2019-03-17 09:04:47,1,1,0,很好的老师！
106522,125,史笑兴,2019-04-28 03:51:13,1,1,0,无线网络应用讲得很好，虽然没什么人听。给分贼高。
119166,125,史笑兴,2019-11-14 01:43:22,0,1,1,很好！
119486,125,史笑兴,2019-11-13 04:47:37,0,1,1,我吐啦 我一个小白居然抱着小组大腿满了 不过连续修改了两周的实验报告和N小时的思科网学习也挺累的 哎值得了 大一小白的第一个满绩 谢谢老师！
119632,125,史笑兴,2019-11-14 12:02:15,0,0,0,可以鼠标画直线\n\n一定要提醒他讲课开投屏/滑稽
120725,125,史笑兴,2020-01-16 01:27:37,-1,2,3,无线网，大学第一门满绩！
121975,125,史笑兴,2020-01-27 07:16:19,0,0,0,耐心满分
126745,125,史笑兴,2020-10-18 03:18:41,3,4,1,老师很好啊，认真听就有收获的，自己水了好久有点愧疚...
127152,125,史笑兴,2020-11-11 03:10:05,0,0,0,老师很好很认真，会帮同学们解决问题，课比较难听懂(东西有点多)，给分高，希望内容能精简一些.
127238,125,史笑兴,2020-11-16 12:25:55,0,1,1,大爱无线网，墙裂安利！\n\n推荐和大佬一起选，满绩没商量。
127297,125,史笑兴,2020-11-20 01:36:04,1,1,0,老师很好，课很水，听不听看自己，听一下很好
127340,125,史笑兴,2020-11-20 12:06:10,0,0,0,非常好的老师，非常耐心，爱了爱了，给分也很好。不会在课上像隔壁老师张老师一样提问题
127513,125,史笑兴,2020-11-24 00:11:23,1,1,0,理论课很水，可以不听。实验课抱紧大佬腿好好做（我没抱上大腿就做的很累，但是老师会一直陪着做完，这一部分分数基本都是满分的），主要是期末的实验报告和实验测试题要好好做。老师真的很好很好！！陪留下来到差不多十点的那种！
131049,125,史笑兴,2021-01-25 16:40:54,1,1,0,老师讲课讲的特别好，给分也很厚道。实际实验也不是这么难做(某无大佬全死磕小组还是把实验做完啦)，实验报告一定一定一定一定要把截图截完整，否则就会像我这样好几张图没截被扣惨…另外实验题尽量在当天完成！！！\n\n谢谢史老师，还是学到了非常多实用的东西的
131595,125,史笑兴,2021-01-28 06:08:01,-2,0,2,老师很专业，指导也比较有耐心，给分很好，虽然课有一点硬核
132055,125,史笑兴,2021-01-30 04:43:10,-24,7,31,胡乱正态。明明实际分只差2分最后正态成4.8和3.3。懂得都懂……上课念ppt，组队实验水过去的都拿满绩，感觉评判相当不合理
133310,125,史笑兴,2021-02-24 11:04:56,0,3,3,无线网络应用客观来说，有一点点硬核，但是这个均绩基本是真实的，老师分数全都往高了打，选他没问题
135077,125,史笑兴,2021-04-29 08:00:04,1,7,6,无线网络应用，基本上是3节理论课2节实验课，理论课挺硬核的，如果理论课能听得懂的话尽可能听，因为会有一份实验测试题考查理论部分，这个很有区分度。最后5.0
137415,125,史笑兴,2021-07-04 04:35:36,1,2,1,老师讲课讲的不错，给分是真好
137469,125,史笑兴,2021-07-04 09:31:00,-1,1,2,选就对啦！
142371,125,史笑兴,2021-11-10 14:49:47,0,2,2,给分真的好，第一个满绩，只要作业认真写，考试好好考就行了
144927,125,史笑兴,2021-12-26 03:19:51,5,5,0,太硬了....
144991,125,史笑兴,2021-12-26 08:58:14,1,1,0,比较硬核，估计我的绩点应该也不会高，但我还是选择给老师打十分
146487,125,史笑兴,2022-01-06 16:21:14,-2,1,3,这均绩假的吧，我估计自己的排名应该是倒数30%了，还给了我4.2
146543,125,史笑兴,2022-01-07 01:44:14,2,3,1,给分超级nice，只要没被正太。要坚持下来。开局104人，最后只剩82
147838,125,史笑兴,2022-01-11 03:26:26,-2,2,4,给分贼高，基本一个班20个满绩
149391,125,史笑兴,2022-01-15 08:20:31,1,1,0,无线网络应用\n\n老师人很好，这门课实验部分不难，照着PPT来做即可，给分很好\n\n就是连着5节课有点阴间
152823,125,史笑兴,2022-04-20 07:32:54,0,0,0,给分好
155903,125,史笑兴,2022-06-16 13:24:09,1,1,0,老师很好，课也很好，给分也很好，史老师讲理论部分，讲完做实验，六人组队，实验不会的问就完了，老师超有耐心，做完给老师检查。难度不大，ppt和教材都很详细，老师讲的也很仔细，果断给10分！
156503,125,史笑兴,2022-06-20 05:15:13,2,3,1,给分特别特别好，但是已读不回。。当然，改做的事情他都做了，该通融的地方都通融了，但他就是不回复你
161325,125,史笑兴,2022-11-04 06:45:29,2,3,1,老师真的特别好，很耐心，很博学，认真学可以学到很多，不好好学也能有一点收获。结课了还挺不舍。推荐无线网络应用绝世好课！！！
164068,125,史笑兴,2022-12-17 16:15:06,7,8,1,呜呜老师很耐心很好！我是一个和信息无关的外专业学生，因为好奇选了无线网络应用，虽然没能完全理解，但也有很大的收获！实验课不会弄老师也会耐心解答呜呜 会讲的很详细所以也不用担心完全不会 冲老师的上课态度和课后帮助也得打满分！
165528,125,史笑兴,2023-01-08 03:49:37,0,1,1,给分太好了，老师人也很好
165529,125,史笑兴,2023-01-08 04:02:01,0,0,0,好好好
165630,125,史笑兴,2023-01-09 05:12:28,-6,2,8,狠狠拿下100分
172354,125,史笑兴,2023-04-25 09:33:34,-8,3,11,满绩不是有手就行？！！！！
174921,125,史笑兴,2023-06-20 02:09:07,-3,6,9,给分好烂。一门通识课，至于这样吗？本来就是感兴趣才去选，给分这么低也太打击人了吧？？？
174925,125,史笑兴,2023-06-20 02:26:29,0,0,0,好课，好老师
174949,125,史笑兴,2023-06-20 09:46:25,0,0,0,上课轻松，给分还很好，老师讲课也很清楚，必须满分
179491,125,史笑兴,2023-09-17 11:16:18,0,0,0,好好好
182171,125,史笑兴,2023-11-11 10:02:48,2,2,0,水不了一点
182271,125,史笑兴,2023-11-13 16:58:32,4,6,2,理论课很枯燥……实验课完成的快/好也没有加分qaq，线上考试大家都抄答案，没有区分度，实验测试题莫名被扣，卡绩了，愤怒喵！
184793,125,史笑兴,2023-12-23 00:41:04,0,0,0,无线网络应用，小白可选。实验不会做可以找老师帮忙。
185134,125,史笑兴,2023-12-26 13:23:03,6,6,0,无线网络应用好课好老师，理论内容在通识课里应该是独一档的干货了。课程设置是三节理论两节实验，中间一个小时休息。但是（分组前的一两周除外）前三节其实可以不去（），只需要让同组同学拿一下你的实验记录表。理论课有些无聊，基本上是水过去，唯一认真听过的一节课确实受益匪浅，对计算机网络感兴趣的同学千万不要错过！认真听后你绝对可以成为网络大佬，不认真的话（和我一样）也能拿到很好的分数（本人4.5）。\n\n实验课是一个大组九个人左右，我隔壁寝同学的组里有巨佬，按他的说法是啥都没干无痛通关。我这组水平平均，我也是纯小白，照着教材一步一步做最后竟然也没有什么磕绊的地方，最后一节课更是被隔壁组的pljj叫过去协助（\n\n实验测试题和报告可以上github找前人的智慧，期中/期末考直接搜就行，教材上的实验步骤事无巨细，一定要买！！！\n\n总之是十分值得选的一节课！
186254,125,史笑兴,2024-01-10 05:59:25,-1,1,2,给分超级好，上课可以水，不过认真学能学到很多
186633,125,史笑兴,2024-01-12 08:29:57,0,0,0,可以的，帮我解决了很多实验的问题！\n\n给分也不错，非常推荐选！
191702,125,史笑兴,2024-04-28 11:52:47,2,4,2,？这给分真莫名其妙的，什么任务都做了，而且小测都在他说的优秀线以上，然后就这？
191920,125,史笑兴,2024-05-05 07:18:15,1,1,0,无线网络应用请选张煜老师的，史笑兴有下限正态，张煜无。其他是差不多的
192062,125,史笑兴,2024-05-08 11:03:37,0,0,0,给分巨好，而且上课不会点人回答问题  ，划水了一整个学期
202262,125,史笑兴,2024-11-11 05:54:16,-4,1,5,大学第一个满绩～好课好课
202357,125,史笑兴,2024-11-12 04:05:20,0,0,0,理论课无聊，但是内容很硬核，想水的可以去傍大佬，想学的也可以学到很多东西，给分也很好（本人全程摸鱼靠队友拿到4.5）
204000,125,史笑兴,2024-11-23 01:23:11,0,0,0,理论课想听可以听 不想听可以摸鱼
208524,125,史笑兴,2024-12-29 02:11:31,3,3,0,无线网络应用，我是张昱班的，给史老师满分，因为验收实验的时候史老师比较松，有做出结果就给过了，张老师还会提问一些实验细节，要能答出来才给过，对于我这种水课的菜菜来说，还是找史老师比较好（当然两位老师都很好）
208950,125,史笑兴,2025-01-03 13:56:58,1,1,0,考试考了一坨，但被捞了一下，很高兴
215014,125,史笑兴,2025-02-20 05:28:48,-3,1,4,只要认真完成任务，就能拿到满绩。老师人很好，实验也比较宽松。99分拿下这门课
217919,125,史笑兴,2025-04-18 03:12:25,-5,0,5,无线网络应用这门课只有两个分数，4.5和5.0
217992,125,史笑兴,2025-04-19 03:30:24,-5,0,5,检查实验水水的，给分好好的。
218775,125,史笑兴,2025-05-04 12:58:02,4,4,0,气死我了....狠狠的被无线网络应用被刺了....拉低了我的均绩....
219171,125,史笑兴,2025-05-22 15:47:35,4,4,0,无线网络。实验报告比别的班严，实验做得慢被记住了要扣分的，真的好难受，非相关专业的我真的尽力了，“网络白痴”真劝退了。
220694,125,史笑兴,2025-06-19 12:51:01,3,3,0,无线网络别选周四sxx班，有正态，任务多，给分不如别的老师。都是全勤，各项分数都比我低的同学，总评比我高，我原谅不了sxx😅
220698,125,史笑兴,2025-06-19 08:54:23,3,3,0,凭什么9.9分？认真完成任务，结果出分就这？
48602,148,蔡云龙,2017-07-05 11:33:49,-5,4,9,从不点名，英文班很简单
57014,148,蔡云龙,2017-07-05 07:23:39,2,4,2,This guy.\n\n
57049,148,蔡云龙,2017-07-05 09:25:11,3,5,2,a good guy
57072,148,蔡云龙,2017-07-05 11:26:00,5,6,1,不错哦 另 助教GG笑声很魔性
57187,148,蔡云龙,2017-07-06 02:54:20,-1,2,3,给分巨好 课也挺水的 推荐
57226,148,蔡云龙,2017-07-06 05:16:26,-3,2,5,英文班真的水  信号完全水水过
82816,148,蔡云龙,2018-07-09 07:26:20,4,4,0,全英文，我觉得挺难的，一点都不水
82817,148,蔡云龙,2018-07-09 07:29:31,2,4,2,上课很水，全靠自学，每次作业都是一次挑战，作业不做的话考试就没什么出路
82821,148,蔡云龙,2018-07-09 07:40:58,6,8,2,老师真的很好，但是可能这门课给分就是这样吧。。觉得考得不错结果绩点出来整个人崩溃
82829,148,蔡云龙,2018-07-09 07:49:31,-14,5,19,都说考试挺难，为啥我觉得还好？？？
82845,148,蔡云龙,2018-07-09 08:09:42,9,12,3,老师人好，助教人好，讲课不好，给分不好。
82857,148,蔡云龙,2018-07-09 08:32:19,5,7,2,给分好? 我真的.....被去年查老师的评论给骗了  英文讲的跟翔一样 分数出来了 难过的一批
82905,148,蔡云龙,2018-07-09 09:47:01,4,5,1,还行，大作业很有趣，讲课一般，课感觉比中文班要水，给分还不错\n\nso...e...let's carry on the study
83395,148,蔡云龙,2018-07-10 07:58:34,5,7,2,不说绩点了。考完后一天就出成绩。考试形式 期中期末都是六道大题 一道题就20 18分。如果之前没有刷到这种题型 我是不会的，和场波数电做题的感觉不太一样 而且有些题不像物理那样容易拿过程分的。考了非同步解调，我以为不会考的因为家庭作业都没布置过这种题型 结果.. 英文班 可能教材不错。
84641,148,蔡云龙,2018-07-13 12:15:30,0,3,3,上课水的一批，老师常常不来，助教代了好几次课，期中考试还有90，最后成绩三都没有，感觉有毒，
86559,148,蔡云龙,2018-09-17 07:45:46,2,4,2,真的差，超级不认真，绝对不是个好老师，为了分的就去吧，图省事的也去吧，反正我不会再选
93334,148,蔡云龙,2019-01-09 05:02:50,3,5,2,讲课不行，给分很烂
93335,148,蔡云龙,2019-01-09 05:03:46,2,3,1,老师上课念两遍ppt，中文一遍，英文一遍。
124250,148,蔡云龙,2020-06-28 05:23:58,5,5,0,所谓cyl的全外文班，就是上课英文念PPT、经常提前下课、答疑解释不清楚概念吗\n\n老师其实比较随和，可能比较忙科研不太重视本科课程，lyz和xkd助教答疑都很nice。\n\n上课课件、作业甚至考试题都完全搬MIT 6.003课程，可以自己去找资源来学
124406,148,蔡云龙,2020-06-30 10:16:01,2,3,1,今年老师变了，给分很好，上课也不难，考试也挺水的，看过mit的6.003，作业和考试都不愁。
124414,148,蔡云龙,2020-06-30 13:10:42,-1,0,1,老师挺好的，英文发音比大多数老师强，几乎按照mit的课程来讲的
138171,148,蔡云龙,2021-07-07 16:45:27,-1,1,2,谢谢蔡老师不挂之恩。
156617,148,蔡云龙,2022-06-20 12:01:07,1,1,0,英文班从不点名\n\n实验比中文班和双语班简单\n\n基本就看考试\n\n期中30 期末40（占比比旁边双语班略高）\n\n期中是历年信号，但期末题很灵活（今年考研好像有dl写回忆卷了）\n\n老师人也挺好，可选\n\n最后表白kk助教
156843,148,蔡云龙,2022-06-21 06:25:47,7,7,0,给10分 助教6分你4分 按课时分配
177139,148,蔡云龙,2023-07-02 01:24:24,1,1,0,期末非常灵活，往年的历年卷不太能参考了，详见今年的历年卷（98上）\n\n平时不点名，不去也无所谓，但信号这门课你有自信自学就能懂嘛。。。
196173,148,蔡云龙,2024-07-02 03:52:55,3,3,0,这门课作为一学期自学的专业课体验还是不错的。老师从不点名，记得交作业就行，这学期有几次作业超前布置的情况。很多时候老师任务不清楚的时候最好去问问助教
199665,148,蔡云龙,2024-09-27 07:13:07,1,1,0,讲的真不行，老师比较摆烂，基本全靠助教习题课学会的…但给分非常好，英文班内容不多也好拿高分
4027,156,王维东,2015-06-17 14:25:34,19,27,8,简直不能忍，只有最糟没有更糟
6922,156,王维东,2015-08-11 01:28:30,-18,16,34,讲解详细，微信上更是平易近人:-)
7562,156,王维东,2015-09-15 04:13:18,46,56,10,艹
16373,156,王维东,2016-01-18 04:01:26,8,11,3,听不懂自己看\n\n
17250,156,王维东,2017-12-14 17:43:31,-29,9,38,没听过 给个十分
17885,156,王维东,2016-01-21 03:27:02,11,14,3,垃圾。
20178,156,王维东,2016-01-26 11:52:01,-3,7,10,还可以
25234,156,王维东,2016-05-08 16:25:01,4,8,4,鸡蛋里挑骨头
25594,156,王维东,2016-06-24 15:14:22,7,10,3,心高气傲，垃圾，各种坑爹，就喜欢跟别人刚，上课没法上了
26506,156,王维东,2016-06-19 10:12:31,5,10,5,学长以血的经历告诉你们，千万别选他\n\n无论移动计算还是机组还是数设还是dsp\n\n大作业坑人，讲话有气无力，验收项目不断挑刺。。。\n\n可怜呀
26969,156,王维东,2016-06-22 02:57:27,-13,6,19,满分！
27245,156,王维东,2016-06-24 03:05:40,4,8,4,移动计算\n\n全程自学，有底子的同学可以来找虐
28564,156,王维东,2016-06-28 10:20:04,10,12,2,各种刚   千万不要和他理论  你只需要说  老师说的对  我们再改进
28671,156,王维东,2016-06-28 12:08:19,1,6,5,王老师在科研上有一套，不过这并不妨碍他在教书以及和同学沟通上的一塌糊涂
55266,156,王维东,2017-09-21 00:47:50,14,16,2,听说今年考试这么难是你的锅？？？?
57406,156,王维东,2017-07-07 10:27:00,1,2,1,………
57412,156,王维东,2017-07-07 11:15:16,1,4,3,如果有负分我一定打负分，大绩杀呵呵了
57422,156,王维东,2017-07-07 13:24:21,4,6,2,会让我们多签到来加平时分，上课的时候也很和蔼，但是不建议选，数电是真的坑，别班的均绩都远高于wwd，出了数电均绩直接掉0.3
59552,156,王维东,2017-09-22 14:24:48,7,9,2,我不知道老师这样子让学生的努力白费有什么意义！学的很辛苦学的很累，最后出一个明显坑的卷子以及非常挑刺的给分，老师你不累吗？就因为你一门课拉低了所有的成绩甚至可能导致别人保研出国失败，真有意思。
60787,156,王维东,2017-10-30 06:02:41,1,3,2,为什么还能招到研究生？
64962,156,王维东,2017-12-28 05:15:48,1,1,0,hmp
66505,156,王维东,2018-01-24 10:15:04,1,5,4,人挺好
66681,156,王维东,2018-01-18 07:56:48,2,3,1,真的是坑啊
69244,156,王维东,2018-01-24 10:51:46,-8,5,13,计组没挂，来给wwd打call，最后看我们平时分太低了还给开个根号乘十，比隔壁牛棚好多了，当然还是慎选，不过要是跟牛棚比还是选wwd比较好，牛棚的数电简直不想提。。。
70261,156,王维东,2018-01-26 10:12:55,4,4,0,没上过老师的课，就来反对一下楼下说刘鹏的
75784,156,王维东,2018-03-18 03:20:38,0,0,0,完全脱节，讲课全程梦游\n\n
81565,156,王维东,2018-07-05 11:59:00,0,0,0,保持微笑，心态要好，艹
81596,156,王维东,2018-07-05 13:43:15,1,1,0,考验了学生们的综合能力。很好
82036,156,王维东,2018-07-07 02:17:13,2,2,0,无话可说?
82048,156,王维东,2018-07-07 02:44:38,2,2,0,今天的卷子依然让人头秃，，
83554,156,王维东,2018-07-10 14:57:40,2,2,0,***
84610,156,王维东,2018-07-13 10:12:08,0,0,0,上的很全面，给分比想象中好\n\n
85609,156,王维东,2018-07-21 02:35:28,0,0,0,出卷实在是太坑。
101502,156,王维东,2019-01-28 10:15:54,1,1,0,我觉得ok\n\n
103398,156,王维东,2019-02-28 02:20:48,6,6,0,老师可能安装了易中天语音包\n\n
111850,156,王维东,2019-07-08 04:43:01,0,2,2,为啥要离考试结束20分钟才改题目条件…
114283,156,王维东,2019-07-09 17:16:36,0,1,1,数电刚出分，感觉给分还可以。平时上课也讲的不错，没有小测，不过有一次大作业，用心做做也不是很难，总体评价老师还是不错的。
114284,156,王维东,2019-07-09 17:16:57,1,1,0,感谢师生情
114547,156,王维东,2019-07-10 14:38:34,1,1,0,听学长的话，选隔壁刘鹏的
123818,156,王维东,2020-06-14 14:53:39,1,1,0,上课永远一个语调，有点枯燥，听着就睡着了。但是跟着节奏还是可以听懂的。刘鹏上课热闹好听，但讲太快细节想不明白，要课后慢慢想。wwd对成绩比较严格的，刘鹏不清楚
125830,156,王维东,2020-09-14 14:47:21,1,2,1,讲得还行，给分感觉有点捞，我辛辛苦苦复习觉得不值这点。srtp答辩也是一直在怼，没意思
147191,156,王维东,2022-01-09 04:57:16,13,13,0,最后一个教学周，布置了最后一个project。此时距离考试周仅有 6 天；还有 7~8 门课需要复习；还有 3~4 们课的大作业亟待收尾；其他 全部 教学班的project早已布置，甚至都有人写完；距离同学们问project2情况过去了 12 天。不作为是残忍，不体谅是冷酷。考试还巨√⑧难。平心而论，你未必要对所有事情负责，但上你的计组确实是一门灾难。
153545,156,王维东,2022-05-04 11:33:30,0,3,3,别的不知道，老师讲课真的很好，扎实、清晰，每一句都非常严谨。敬佩老师的学识与对待知识的态度。认真听能学到很多。
155573,156,王维东,2022-06-14 11:05:06,1,1,0,还行吧，讲课中规中矩，还是能学到东西的。但作业和考试就很搞人
156658,156,王维东,2022-06-20 13:57:27,9,9,0,数电历年卷的答案是谁写的这么丑，绷不住
158399,156,王维东,2022-06-29 03:59:34,3,3,0,给分是真的差
160031,156,王维东,2022-09-12 04:15:42,2,2,0,上课确实有点无聊，点名是用纸签名的那种\n\n数字系统设计课总的来说还可以，可能是因为我更偏向于自学\n\n最无语的是考试周前一周才布置两个大作业，布置的大作业跟课程感觉关系不大，基本上要靠自己额外学才能勉强完成，两个大作业一个是必做，另一个要用单片机，额外加分，但是好像我那年并没有人去做\n\n总的来说，不建议选，老师人还可以，讲课和大作业这种属实不敢恭维
168422,156,王维东,2023-02-16 02:22:52,2,5,3,狗屁不是
174751,156,王维东,2023-06-16 17:35:07,0,1,1,其实讲课与平时真的相对比较友好，小测也不多，但是大作业和考试有点处理不当，但是要比起隔壁那位喜欢跟学生作对的，还是选这个吧
175515,156,王维东,2023-06-25 09:57:01,0,0,0,许愿老师捞捞
176631,156,王维东,2023-07-03 12:34:56,3,3,0,给分差，大作业最高分只打85
177516,156,王维东,2023-07-03 14:32:19,7,7,0,rnm
189712,156,王维东,2024-01-27 07:39:23,6,8,2,中肯评价一下：\n\n王老师上课比较无聊但是很认真，专业水平很高，对学生也很友善，问问题都会非常耐心和乐意解答。几个project比较搞人，和平时学的关系不是很大，需要大量时间自学。实验课是流水线CPU设计，个人觉得是这门课的精华。虽然实验课占分不是很多，但是内容比较有价值，建议尽量弄懂，会收获很多。期末考试主要考流水线，cache和virtual memory，建议多看看历年卷，题型会很新也可能会很难。
191409,156,王维东,2024-04-20 05:43:31,0,0,0,难沟通
195707,156,王维东,2024-06-29 17:13:29,5,5,0,绩杀快跑
195744,156,王维东,2024-06-30 00:46:35,9,9,0,大绩杀
195776,156,王维东,2024-06-30 02:18:03,12,12,0,太逆天了 给分简直是一大坨 tnnd好好学结果占比60的期末考试出的题就找那些很偏很难的东西出 你们这样出题是很有成就感吗？？？
195796,156,王维东,2024-06-30 03:21:15,2,2,0,给分太差了
195958,156,王维东,2024-07-01 02:52:55,3,3,0,绩杀快跑！！！！！！！！！！！！！
196191,156,王维东,2024-07-02 06:20:13,4,5,1,给你个眼神，自己体会。虽然隔壁两家也很差，哈哈哈。你们三个把日子过好比什么都强~
196357,156,王维东,2024-07-03 05:16:36,-1,0,1,已黑化。
196956,156,王维东,2024-07-06 06:12:10,0,0,0,绩杀啊啊啊啊啊
199117,156,王维东,2024-09-18 02:11:46,0,1,1,呵呵呵呵呵呵呵 千万不要选 还是隔壁sjz给分比较好
210073,156,王维东,2025-01-08 05:51:48,1,1,0,魔鬼老师，天使助教
210261,156,王维东,2025-01-08 14:52:10,4,4,0,....考完试别的班的说pipeline是作业原题，，，历年卷发的也不全，别的班同学说好多是lp没发的那几张历年卷原题，，，而考场上的我仿佛一个小丑一脸懵逼。10分有9分是给天使助教的。
217597,156,王维东,2025-04-14 03:32:26,1,1,0,SRTP疯狂为难答辩学生，搞得在场不止一个人红温听不下去
219230,156,王维东,2025-05-23 08:21:03,-1,0,1,对不起wwd，我喜欢lp
219579,156,王维东,2025-05-30 03:36:18,2,3,1,wwd我真的服了，大作业偷偷布置，不问也不说要求，倒数第二周结束了说一下下周交纸质报告。学生过去问一下具体要求，他有一种高高在上的感觉，也不真的去回答我们的问题，让我们自己想，我们要是会的话还要问你吗？？？学生觉得大作业要求很模糊，他说是大作业啊，要你们自己考虑的啊……模糊的要求，离谱的态度，我都不想予以评价了。。。
219612,156,王维东,2025-06-01 05:25:04,6,7,1,正在做大作业，所以来踩一脚，难死了神经病吧，滚 啥也不说清楚，上周四布置的然后说这周四交是不是脑瘫啊，实现什么功能也不说，就给一个模棱两可的东西，滚啊滚啊滚啊滚啊（别管了，大作业做得破大防）。上课也就那样，反正所有人的数电老师都是王红，补充讲义和课本反复横跳不知道在干嘛。
220841,156,王维东,2025-06-20 06:27:29,10,11,1,讲课垃圾，大作业莫名其妙\n\n25年给分比隔壁lp差了很多，几乎差了整整1分（5分制）
220851,156,王维东,2025-06-20 06:20:00,5,6,1,出分了，再来踩一脚。你去死吧wwd
220867,156,王维东,2025-06-20 07:54:58,4,5,1,我是丁真，我测你的吗
220893,156,王维东,2025-06-20 09:22:50,0,1,1,去死吧wwd\n\n艹
221020,156,王维东,2025-06-21 01:25:44,4,5,1,临近期末，来个莫名其妙的大作业，整个端午都在搞这个。给分太差了，不想说什么了，比隔壁lp应该低了很多。\n\n讲课还是挺认真的，虽然没什么人听，看得出来想好好讲，但还是听的王红。
223,231,楼东武,2015-03-14 17:05:07,119,124,5,人太好
479,231,楼东武,2015-03-15 03:06:18,58,61,3,楼老师超级幽默声音很棒\n\n\n\n
559,231,楼东武,2015-03-15 04:57:08,34,35,1,超棒的老师！
1115,231,楼东武,2015-03-21 16:11:40,19,23,4,楼老师超好啊
1932,231,楼东武,2015-03-26 10:39:52,-81,8,89,问问题被骂
3570,231,楼东武,2018-06-19 14:36:30,21,24,3,楼老师炒鸡好！~
4769,231,楼东武,2015-06-28 06:40:27,21,24,3,声音赞，有修养\n\n
5474,231,楼东武,2015-07-07 23:40:42,-57,4,61,从没见他笑过2333
6467,231,楼东武,2015-07-14 06:33:33,5,6,1,好老师
6474,231,楼东武,2015-07-14 07:54:02,7,8,1,好，超好，简直没活说。
8916,231,楼东武,2015-09-30 10:44:17,4,4,0,很幽默的老师2333
9417,231,楼东武,2015-10-26 16:50:06,60,64,4,楼下说被骂估计是被崔宁骂了，我也被骂了，请出门戳崔宁
9473,231,楼东武,2015-10-28 11:32:34,41,43,2,无聊去蹭了教这门课另一个老师的课，，瞬间变楼老师脑残粉
9479,231,楼东武,2015-10-28 12:38:18,27,27,0,跟隔壁比起来好太多 赞！
14773,231,楼东武,2016-01-09 02:39:14,-72,2,74,实在难以忍受这个人了
15058,231,楼东武,2016-01-11 18:03:17,7,7,0,不能再棒
16582,231,楼东武,2016-01-18 12:26:42,8,10,2,楼下的别把楼sir和崔宁搞混啊
18188,231,楼东武,2016-01-21 08:58:45,37,37,0,业界良心，性格也很好（我没有影射谁）
18589,231,楼东武,2016-01-22 05:35:57,8,9,1,老师很好，有耐心，学到很多东西，不过作业真是多，给分很好前提是认真做好作业
22390,231,楼东武,2016-03-04 05:37:48,5,6,1,人好 萌萌哒
26049,231,楼东武,2016-07-02 14:26:53,34,37,3,这么好的老师为什么会跟精神病崔宁开一门课，真是侮辱。
26452,231,楼东武,2016-06-18 14:00:31,19,21,2,今晚刚考完期末上机，推荐大家选楼东武的音响课，虽然上机考是崔宁监考，但是就40分钟忍忍就过了，拿他当个笑话吧。听楼老师一学期的音响课真的很值
26789,231,楼东武,2016-06-21 06:20:02,4,6,2,楼老师脑残粉～！
28125,231,楼东武,2016-06-28 08:08:06,4,4,0,老师人特别好，讲的也风趣幽默，还能学到处理音频的技术
30005,231,楼东武,2016-06-30 17:06:45,2,2,0,老师人很好～
30911,231,楼东武,2016-07-03 02:27:06,-3,0,3,给分简直了
31257,231,楼东武,2016-07-03 13:19:39,-3,0,3,凑字数
31259,231,楼东武,2016-07-03 13:20:58,1,3,2,很和蔼很可爱的老师\n\n其实我感觉自己考试考砸了 但成绩还可以
31314,231,楼东武,2016-07-03 15:44:24,7,7,0,非常非常好的老师，上课幽默，给分公道，最重要的是非常温柔非常耐心，人超好，有修养。
31989,231,楼东武,2016-07-05 10:31:47,12,13,1,学这门课，就是教你做后期和打谱。真的会学到许多，所以也不要在意有很多任务啦。老师挺好的，如果和隔壁比的话，应该选楼老师。
32079,231,楼东武,2016-07-05 14:32:45,7,8,1,老师上课真的很和蔼细心，一学期学到了非常多的知识，给分也很好，谢谢老师！
33813,231,楼东武,2016-09-22 01:54:25,7,7,0,挺好的，很幽默
34252,231,楼东武,2017-01-19 13:29:27,7,8,1,非常好
34381,231,楼东武,2016-10-08 10:11:07,2,2,0,很幽默，声音莫名戳中笑点，有问题会很耐心地帮你解决!
34383,231,楼东武,2016-11-18 23:46:15,1,1,0,学到很多！老师太好了！好亲切好有耐心！
34966,231,楼东武,2017-01-19 02:00:23,0,7,7,老师是很和蔼风趣...我作业辣么认真，每份作业都要做好几个小时...一个3是什么鬼...
35207,231,楼东武,2016-11-05 07:41:23,20,20,0,大家注意楼老师是一个头发有些白的比较年长的老师，和一个崔老师一起教音频但是得到的评价完全不同。不要搞错了:-D
35327,231,楼东武,2017-01-22 03:45:35,7,8,1,楼老师真是太好了，萌萌哒?
35429,231,楼东武,2016-11-10 07:15:40,6,6,0,老师人超好！平常很多人找他问问题什么都会一个个解答过去，有时候还会专门整理一个常见问题文档简直不要太贴心。其他时候也很幽默很可爱(•̀ω•́)✧推荐！
35927,231,楼东武,2016-11-10 08:54:37,3,3,0,老师人超好 可惜后来又变回了崔宁
36354,231,楼东武,2016-11-12 07:08:59,12,12,0,光棍节+考试周，在群里发了个111.11的红包~讲课略萌，反正让人很舒服的老师
38033,231,楼东武,2016-11-23 10:11:00,5,5,0,真心棒，能学到东西。可能五个实验略多，但真的是会用到的技能。更重要的是老师人真的太好了，在群里超有耐心的回答各种问题，有时甚至十一二点了还有回复
38213,231,楼东武,2016-11-27 06:46:28,4,4,0,老师简直不要太萌～电脑有问题的会帮学生清理，还会给学生发红包～萌萌哒 爱死了～
39240,231,楼东武,2016-12-21 18:12:50,1,2,1,修养
39462,231,楼东武,2016-12-23 02:21:09,1,1,0,老师人很耐心，课上也可以学到很多
39975,231,楼东武,2016-12-28 11:36:54,1,1,0,老师很认真，很愿意把自己准备的内容分享给我们。。尽管大家听的不怎么认真，老师依旧讲的很详细√
40065,231,楼东武,2016-12-29 04:52:00,3,4,1,能学到不少知识 但是我也不知道为什么每次按时交作业的我和从没交过作业几乎不去上课的室友一个绩点
40216,231,楼东武,2016-12-30 05:56:29,-21,5,26,事多。期末要论文 唱歌并调音 上机测试。还不如一场考试+论文来的直接。
40357,231,楼东武,2017-01-03 04:41:52,1,1,0,人超好超耐心还有点小幽默 喜欢！
40464,231,楼东武,2017-01-03 13:36:00,1,1,0,楼老师真的是业界良心!
40615,231,楼东武,2017-01-04 09:59:45,1,1,0,绝对的好老师，强推，保证不后悔
40922,231,楼东武,2017-01-06 12:09:02,4,4,0,非常好，很幽默，你可以水，但是作业必须会做。不水的话，真的能学到很多
40966,231,楼东武,2017-01-07 02:11:22,1,1,0,好赞的老师，幽默风趣，还能学到很多东西。
41166,231,楼东武,2017-01-09 15:59:07,1,1,0,人超级好，不嫌实验多因为真的学到了东西
41637,231,楼东武,2017-01-12 09:32:53,1,2,1,前半学期楼老师教，简直好得不要不要的，至于后半学期，我估计是上了假音响课。
41782,231,楼东武,2017-01-12 14:41:43,1,3,2,很棒的老师，很负责，平时好好做实验，考试没问题
44434,231,楼东武,2017-01-17 23:47:21,3,4,1,楼老师真的人超好，不是因为某宁的衬托
44722,231,楼东武,2017-01-18 07:04:40,4,4,0,老师真和蔼啊……简直太好了
45050,231,楼东武,2017-01-19 01:48:18,10,10,0,还有比楼老师更幽默 风趣 亲近同学的老师吗？？？？？
45066,231,楼东武,2017-01-19 02:22:48,4,5,1,虽然作业多，但是干货也很多啊，给分也很好，大赞！！！
45079,231,楼东武,2017-01-19 02:37:23,-8,1,9,人确实挺好，课程很有趣。但给分……
45081,231,楼东武,2017-01-19 02:44:20,3,3,0,很好的老师
45809,231,楼东武,2017-01-20 06:27:50,4,5,1,老师人真的特别特别好，很有个人魅力，说话也好听，好好做作业，写论文，上机测试只要认真对待，成绩会很好的*^_^*
47672,231,楼东武,2017-02-15 12:41:38,3,3,0,很不错的老师，但是最后绩点不太好，想知道崔宁给我论文打了几分…\n\n更突显了楼老师的好～课程安排也很好，基本上两周一堂课，干货满满。
47943,231,楼东武,2017-02-27 11:36:15,2,2,0,超赞，不用多说，见了就明白。
49185,231,楼东武,2017-03-29 01:24:30,2,2,0,人非常好…经常问他问题他都很耐心回答
49689,231,楼东武,2017-04-24 05:56:32,6,6,0,能学到很多实用的东西，比如au，格式工厂以及修音工具啥的，还能去感受一下录音棚画风啦啦啦，楼老师也很男神，而且人超好，不会的问他准回，最后一二百人的作业两个老师尽心批改，超级敬业，给分也很好，点赞，强推~
51797,231,楼东武,2017-06-10 11:21:44,2,2,0,老师人很好，能学到很多，但是作业特别特别特别多，如果不是感兴趣的不要选了。
52277,231,楼东武,2017-06-17 08:07:00,6,6,0,老师人超好，对学生的态度比隔壁崔宁好太多，在群里解答问题也比隔壁崔宁有耐心，本来平时还蛮开心的，结果音响技术与家庭影院的上机考碰上隔壁崔宁监考，彻底gg。。。
52283,231,楼东武,2017-06-20 15:47:15,8,11,3,楼老师教的真的不错，对音频处理这方面感兴趣的话可以学到好多东西，不过到最后上机考有可能是崔宁监考，你们看着办吧，详情请看崔宁的评论。
52318,231,楼东武,2017-06-18 08:58:36,8,8,0,期末考真的真的真的真的要提前去实验室熟悉设备，不熟悉环境加上某人的监考容易炸的，比如我
52402,231,楼东武,2017-06-19 17:41:14,1,1,0,上课非常有趣，课下问问题也很热心解答
52828,231,楼东武,2017-06-23 05:50:52,0,0,0,老师可以说是很和蔼了
55694,231,楼东武,2017-07-02 07:59:25,4,4,0,老师 超很热心。很可惜选上的是隔壁班的
55698,231,楼东武,2017-07-02 08:03:50,3,4,1,给分真的还可以的 只要作业论文都交 考试做个百分之七八十 基本都有4.2的  要想再高考试要花功夫了
55699,231,楼东武,2017-07-02 08:04:35,2,2,0,楼老师人特别好，和蔼又幽默，懂段子还很合年轻一代的口味。课程干货很多
55706,231,楼东武,2017-07-02 08:32:42,3,3,0,楼老师真的是超级好的老师，期末交论文和录音作业然后老师说他会边听录的歌一边看论文听到生无可恋……特别特别推荐选楼老师的课，会学到很有用的东西。
55707,231,楼东武,2017-07-02 08:34:32,3,3,0,老师超级和蔼 给分超级好啊
59409,231,楼东武,2017-09-21 07:34:17,0,0,0,哈哈哈\n\n
63750,231,楼东武,2017-12-14 03:24:03,0,0,0,老师超级有耐心！我们组完成的慢，就陪着我们熬夜
64953,231,楼东武,2018-01-05 06:41:58,0,1,1,老师太皮了
65611,231,楼东武,2018-01-07 08:08:17,4,4,0,原本觉得楼老师还可以，后来上机测试的时候崔宁老师监考，瞬间觉得相比之下楼老师简直是天使
66361,231,楼东武,2018-01-15 11:12:08,0,1,1,老师真的皮\n\nhhhhhhhhhhhhhhhh\n\n可爱到爆炸
70635,231,楼东武,2018-01-27 10:18:51,3,3,0,楼东武老师：皮这一下很开心⊙▽⊙\n\n老师真是人敲好敲可爱
70639,231,楼东武,2018-01-27 10:22:30,0,0,0,还ok
70653,231,楼东武,2018-01-27 10:36:15,0,0,0,老师给分也很好 除了任务有点多
71745,231,楼东武,2018-01-29 02:25:33,1,1,0,敲棒的老师，选上这样的课简直太幸运了\n\n
72082,231,楼东武,2018-01-29 10:05:08,6,6,0,楼老师超级幽默，而且特别耐心的回答我们群上的每个问题。给分也蛮好的，我上机考2道题，就做了1题不到，最后还有86分。
73335,231,楼东武,2018-02-01 10:50:22,1,1,0,老师人超级好！节日的时候还会在群里发红包
74909,231,楼东武,2018-03-06 10:51:52,0,0,0,超级棒，意外的惊喜
75262,231,楼东武,2018-03-08 08:27:56,0,0,0,好玩，不知道为什么能搜出两个一模一样的楼老师，还没有人评分，那就正好打个满分????
80276,231,楼东武,2018-06-26 12:19:58,16,16,0,如果楼老师看这个:麻烦楼老师辛苦一下监考我们吧…
80545,231,楼东武,2018-06-27 17:34:43,1,1,0,非常棒^o^
80984,231,楼东武,2018-07-03 07:31:29,5,7,2,音响课 楼老师是我来浙大一年以来 见过的最有耐心的老师 超级温柔 解答问题非常耐心 很体谅学生 无论借东西 请假 都非常爽快 每次在qq上问东西 基本都秒回的 音响课也真的很好 就希望上机考不是崔宁就更好了…
83880,231,楼东武,2018-07-11 12:16:43,1,1,0,音响课每两周一个小作业，还有一个大录音作业、一篇论文、一次上机考。是真正学到一点点东西的不水的课！老师人真滴好！比心！
83906,231,楼东武,2018-07-11 13:26:22,1,1,0,啊啊啊老师超棒！！人特别好特别亲切还特别有耐心，而且挺有趣的，给分也好棒！！！墙裂推荐楼老师的课！！
83928,231,楼东武,2018-07-11 14:09:55,3,3,0,老师好是好，但是相关的论文，实验任务一定要认真完成，想水的话绩点是不会好看的，比如我
83943,231,楼东武,2018-07-11 15:07:13,2,4,2,炒鸡好啊，给分也好啊\n\n本来自觉上3都玄，结果得了4.5\n\n浓浓师生情啊\n\n如果上机考没考好可以选补测，我就是补测的
92420,231,楼东武,2018-12-28 12:53:11,1,1,0,非常敬业友善的好老师 虽然事情有点多但是真的值得 能给同学耐心解答问题 人也特别逗
93683,231,楼东武,2019-01-11 13:46:49,0,0,0,挺好的，能学到很多
95171,231,楼东武,2019-01-19 03:34:57,2,3,1,老师太温柔了，还很幽默，而且走在信息前沿的感觉，上课好好听能学到很多东西，还有一堆神奇的软件，另外平时作业一定要认真做，最好去机房现场做呀！
98305,231,楼东武,2019-01-23 09:51:28,1,2,1,很棒!
98312,231,楼东武,2019-01-23 10:02:39,3,4,1,水了一学期，最后绩点上4，还能接受，给个10分
98324,231,楼东武,2019-01-23 10:19:11,1,5,4,每次作业认真做，每个作业都做。考试认真考，然后没上4？？？？什么玩意
98328,231,楼东武,2019-01-23 10:27:15,3,4,1,理论课听得晕晕乎乎的，\n\n所幸实验不难，\n\n实验一定要去机房做啊 多熟悉机房的环境，考试时以为自己挂了，虽然补测没有去，自以为补测结果差不多，但最终成绩比预想好很多，谢谢老师了。
98333,231,楼东武,2019-01-23 10:37:56,6,8,2,呜呜呜呜呜呜好想哭认认真真了一学期上机考三道也做了两道多一点，结果只有3.3，爆哭/::<应该是被正态了呜呜呜呜呜呜\n\n但是老师真的很好
98353,231,楼东武,2019-01-23 10:59:59,2,2,0,超级棒！事情不少但是有付出一定可以得到相应的回报
98355,231,楼东武,2019-01-23 11:02:10,5,5,0,刚出了分，谢谢老师们一学期的关照，学到了不少东西，认真学还是能满的哦，大家加油
98561,231,楼东武,2019-01-23 14:54:39,3,3,0,老师超好的，性格好、幽默、声音好听，群里经常跟大家交流、解答问题&发红包。考试大家平时实验会做，考前熟悉一下机器&试下熟练度应该没问题，注意版本差异别倒在这上面了。&会肉耳辨音更轻松应考？？
103349,231,楼东武,2019-02-27 11:51:12,2,2,0,老师人真的太棒了 强推！
104171,231,楼东武,2019-03-13 10:49:20,3,3,0,也就是说
107095,231,楼东武,2019-05-01 13:57:33,2,2,0,老师人超级好！非常的热情，学生有什么问题都会很耐心的解决！
107107,231,楼东武,2019-05-01 15:01:38,5,5,0,没得说，确实好\n\n
108129,231,楼东武,2019-05-15 12:03:25,-14,5,19,很垃圾
108140,231,楼东武,2019-05-15 13:58:02,3,4,1,事情好多 ? ?
109509,231,楼东武,2019-06-16 05:56:43,-1,1,2,上课听不懂还很难
113025,231,楼东武,2019-07-05 17:59:38,-3,0,3,（指通识课）正态了，惨，毕竟考试没考好。\n\n老师人挺好，我这种没什么基础的作业好好做能学到挺多东西。\n\n就是事情有点多。\n\n然后平时没有多实践的话操作说忘就忘。\n\n下学期好像不是老师上这门通识了？
113060,231,楼东武,2019-07-05 22:08:08,3,3,0,选了绝对不亏٩(๑^o^๑)۶\n\n
113689,231,楼东武,2019-07-07 04:01:44,5,5,0,老师实在是太好了，光电实验我们最后调板子几近崩溃，都想放弃了，老师过来安慰鼓励我们，还给我们分析问题，帮我们化简电路，优化电路，实在是超好的老师，没有老师我们估计完不成最后的项目。
114033,231,楼东武,2019-07-08 12:04:15,3,3,0,超级nice
117106,231,楼东武,2019-09-19 07:30:28,3,3,0,很幽默，人太好
121619,231,楼东武,2019-12-12 07:42:49,2,2,0,老师人超好，私下里问任何问题都会帮助你解决，包括私人关于prae的一些作业。梗很多，还很会b站，上课很开心。
122032,231,楼东武,2020-02-02 11:38:56,1,1,0,楼sir的音视频制作过来的，这个老师很可爱哈哈哈哈哈哈
122267,231,楼东武,2020-02-21 12:19:32,0,2,2,老师人很好，回答问题很耐心，音视频完成作业的过程中得到了老师的不少帮助，ddl非常弹性，作业接受补交。但是对一个小白来说延时摄影一上来就是动态大范围延时可能不太友好...好吧是我菜了。老师和他的课都很好。
123443,231,楼东武,2020-06-09 03:14:57,5,5,0,非常棒的老师，替学生考虑，十分善解人意！
124749,231,楼东武,2020-07-08 00:31:49,1,2,1,出分了，来给楼老师打好评。课程内容很实用，老师人也很好，认真完成作业的话老师给分还是很好的，剪辑萌新也可以选的课。不过作业内容比较多，不建议课业压力大的学生选修。想拿到满绩还需要基础，毕竟个人觉得班级大神比较多。
124753,231,楼东武,2020-07-08 01:37:12,3,4,1,老师不错，但是课程确实不建议选。任务太多，还容易被正态，辛辛苦苦一学期才80多，对比其他通识确实不划算，大一选手慎选
124756,231,楼东武,2020-07-08 03:35:38,1,1,0,呜呜老师人真的太好了
125928,231,楼东武,2020-09-16 00:18:37,2,3,1,太爱了
136505,231,楼东武,2021-06-19 12:16:52,1,1,0,超好的老师
138278,231,楼东武,2021-07-08 09:57:34,2,2,0,老师人还不错，不过这门课事情太多，跨两个学期，有一定学业压力的同学千万不要选这门课，不然考试周之前会非常难受，另外，老师给分没有评论中的那么好，基本是多劳多得，想水到高分就算了
139614,231,楼东武,2021-07-18 10:40:51,2,2,0,有趣，强大，简直不能更爱
139709,231,楼东武,2021-07-20 17:15:33,5,5,0,信电大二小学期实验。楼老幽默十足，完全没有老师的架子。指导实验有问必答，十分负责。最最最重要的是，楼老是三体粉丝！！！一句“自然选择，前进四”直接惊呆了
142188,231,楼东武,2021-11-08 10:55:34,9,10,1,楼东武老师：“EDG牛B。”
143848,231,楼东武,2021-12-08 12:49:20,0,1,1,点名会给你提前说，上课会放很多b站视频，网络热梗也懂的很多，所以人很幽默很有意思，对了，楼老师还是b站大会员哦（嘘~）
144348,231,楼东武,2021-12-21 06:44:39,0,0,0,积极。浙江
145717,231,楼东武,2021-12-31 14:30:44,1,1,0,课程很有趣，只是不适合我。
145807,231,楼东武,2022-01-02 13:18:04,1,1,0,爱他！
148817,231,楼东武,2022-01-13 15:11:44,1,2,1,数字音视频。对楼老师本人是非常敬仰的，还嫖到了一整个U盘的付费网课，甚至U盘也是白嫖的！太感动了。推荐有Pr基础的同学选，有设备就更好了。但，如果你一点基础都没有，千万不要被高分骗了。作业多，最可怕的是你和有基础的人花掉的时间成本完全不是一个量级，完了分数还没人家轻轻松松拿的高，当然这也是这类实用技术类通识课不可避免的
151238,231,楼东武,2022-02-25 07:25:59,2,2,0,楼老师人非常非常好。\n\nbut通识课如果介意绩点的话真的建议有剪辑拍摄基础的人选。但确实能学到很多东西。\n\n再说一次楼老师人非常非常好。
153156,231,楼东武,2022-04-26 09:03:06,1,1,0,很好的老师
153250,231,楼东武,2022-04-27 05:46:44,0,0,0,如沐春风
153819,231,楼东武,2022-05-12 04:16:35,1,1,0,【物联网】\n\n每周一个小实验，不会的可以直接去找老师，老师会很耐心地告诉你解决方法（甚至有时候直接帮你做了），最后大作业主要看创意，给分挺不错的
155197,231,楼东武,2022-06-09 08:13:01,4,4,0,数字音视频，实际上拍摄的要求远远高于剪辑。\n\n平时作业稍微有点费时间不过还算有意思，期末上机考时间略微赶，想做完不太容易。\n\n老师很好，虽然成绩还没出，先打个10分。
157529,231,楼东武,2022-06-23 15:14:39,3,5,2,这学期上的数字音视频，一周理论课，一周实践课，只要有想法，作业本身难度其实不高（就算不去听理论课好像也可以做咳咳），老师人很好，没有点名，有什么问题都会解答，而且上课放的视频都很有意思；\n\n一点小Tips：如果选上这课的同学可以假期没事看下PR的基础教程视频，实操一下，做这门课作业时候就会简单很多。
158277,231,楼东武,2022-06-28 03:25:26,4,5,1,信电短学期，不解释了，yyds
161389,231,楼东武,2022-11-05 16:52:39,1,1,0,上的物联网系统设计\n\n门槛低，大一也能上，学过一点点c就行\n\n楼老师上课很有意思\n\n任务也比较好玩
162250,231,楼东武,2022-11-18 08:58:07,2,2,0,物联网课，老师很幽默，内容好玩，给分中规中矩\n\n期末大作业比较肝，ddl比较紧张；平时内容还好，上课基本可以完成
164274,231,楼东武,2022-12-20 06:16:35,0,1,1,【数字音视频】\n\n作业很多，但都很好玩，非常有趣的一门课！认真做绩点不会低的！强推！
166546,231,楼东武,2023-01-12 16:59:20,6,9,3,【数字音视频基础与制作】☆☆☆☆☆\n\n单周理论课+双周实验课，实验课结束一般会布置作业（自我介绍+稳定器+大范围摄影+延时摄影+调色+绿幕抠像+MV+广告+…），最后会有30分期末上机考（四道操作题，涉及到字幕、扫光、蒙版转场、绿幕抠图等）允许查PPT和网上资料，除了就是时间有点来不及，其他都好。当初选课的时候就看了一下楼sir的往年智云，感觉老师是真的很有意思，然后上这个课的时候真是体会到了课确实很有意思，强烈推荐对音频制作和视频剪辑感兴趣的同学来选课。虽然任务可能看上去会有点多，但是分摊到每周其实还好，而且每节课上完就是特别有收获，基本掌握各种Pr、Au、LrC技巧，老师对每个作业也都会有评语，这是快到寒假突然发现的，一条一条翻过去有种努力被看到的认同感。老师最后会捞的，成绩导出来调个曲线（原话好像这么个意思），总之给分很好！是一门体验感很好、又有收获的通识课！真希望以后还能遇见这么好的老师~
166594,231,楼东武,2023-01-13 03:05:03,2,3,1,大爱楼sir，想起上课的时候被楼sir请客吃烤肠的经历，给分也超级好啊，最重要的是楼sir超级有人格魅力，一种老顽童的形象哈哈哈，能和大家玩在一起，也很体贴学生，会考虑学生的情况延迟ddl。
167190,231,楼东武,2023-01-15 05:08:20,1,1,0,大一收获最多的一门课，作业和上课内容都很有意思，也做出了很多自己的作品。楼老师很可爱，脾气很好，喜欢水b站😂😂
172625,231,楼东武,2023-05-02 12:25:30,3,3,0,物联网系统设计，每周一个小作业，期末的大作业两个人肝了一天半（我的五一，呜呜呜），最后4.5（虽然这门课我是当跨专业的，绩点对我没什么用）。\n\n课程挺有意思，但我还是建议慎选信电的课，太痛苦了。
172648,231,楼东武,2023-05-03 09:23:18,5,5,0,物联网系统设计：外专业当跨专业选的，老师讲课有时候有点啰嗦，加上课程需要占用一整个下午的时间，加上作业任务量不小，加上信电的特色：给你一堆文档，需要自己筛选文档里能用的信息，所以整体来看课程质量相对是比较一般的。学是学到了不少东西，但是依旧会感觉略微有些不值得。
174080,231,楼东武,2023-06-06 06:03:12,9,15,6,上的是数字音视频制作基础。选课的时候很期待，因为自己对视频剪辑很有兴趣，老师的评分也很高，希望有老师带着能够学到一些新技能。结果非常失望，上了一个多月的课就退课了，理论课只是给我们看B站上的视频，教室里多媒体屏幕又暗又糊，老师偶尔操作两下我在第二排也什么都看不清。原本以为会是干货满满的博雅技艺课的，非常非常失望。
174090,231,楼东武,2023-06-06 07:21:36,3,4,1,上过楼老师两门课，数字音视频和物联网。老师人不错，但是平心而论，课程质量真的不高。数字音视频大一学的，当时比较菜，分数也很一般。重点说说物联网。首先是信电老毛病，文档一坨。一大堆文档给你，全是Word，排版稀烂，有用信息没多少，最后要么靠基础要么靠大腿。大作业是基于Arduino+阿里云做一个物联网项目，和队友两个人做了很长时间，窃以为完成度比较高（阿里云那个iot studio的真的难用），平时的小实验报告也基本拿满，结果最后分数还是一般。和同级交流了一下，这门课水掉很简单，拿高分很难（即使你很强）。专选里好刷分的课不少，不是真心喜欢没必要选这个。
178176,231,楼东武,2023-07-07 12:59:12,5,6,1,qnmd信电短学期
183330,231,楼东武,2023-11-24 01:35:42,4,7,3,避雷物联网系统设计 课没有半点技术含量 硬件也很垃圾 bug一堆 很多问题问老师也是什么也问不出来 每周还要占用一下午才1.5学分 有大作业 今年原本ddl12.9 11.20刚刚结束考试周告诉我们更改ddl到11.23 没有器材，回复“赶” 给分也没有很好 一分不多评价
183333,231,楼东武,2023-11-24 02:03:44,4,6,2,说实话，物联网系统设计这门课既学不到东西，给分也确实不好，非常的fly bitch
183383,231,楼东武,2023-11-24 13:30:39,5,6,1,觉得这课也没有楼下那么不堪吧，今年的文档已经比前几年明确很多了，平时跟着老师的思路走还是能学到不少东西的。最后的大作业老师们确实没考虑到出分时间的问题，导致时间比较紧，老师也在私下里表示了歉意，更何况楼老师和綦老师指导实验是真的很认真很负责任
183440,231,楼东武,2023-11-26 08:48:04,1,5,4,学到的东西少，还有大作业，这次最后改时间背刺
186887,231,楼东武,2024-01-13 11:41:54,3,4,1,在浙大遇到的最好的老师之一
188480,231,楼东武,2024-01-19 05:18:20,-6,7,13,作业巨多\n\n本人电脑小白，每次作业都很认真完成，但是可能质量不是那么好，我以为3就是极限了，没想到2.7，一门通识课搞成这样，真挺晦气
189231,231,楼东武,2024-01-22 12:29:35,3,3,0,楼老师很幽默，总是笑盈盈的，人很好。音视频任务量略大，但是每次做视频都挺有成就感，无人机也挺好玩。期末考是上机限时做视频，没赶上提交时间，老师让我放他u盘里，感动嘞。
192965,231,楼东武,2024-06-01 08:59:24,1,1,0,哼哼哼 不想说
193256,231,楼东武,2024-06-05 07:50:42,6,6,0,老师人很好，但数字音视频的作业真的真的真的很多，最后还有一个上次考试，课程压力大的同学慎选！！！
193384,231,楼东武,2024-06-08 07:47:22,8,8,0,数字音视频制作，唯一一节听得比大雾还认真的通识课，上课特别有意思，喜欢剪视频和摄影的朋友不选我只能说你亏大了。我是在这门课上学会了怎么用Pr，老师还会把相机三脚架借给我拍延时，助教老师人也特别好，非常乐于帮助学生，总的来说体验感极佳！
199056,231,楼东武,2024-09-14 12:00:16,2,2,0,我真的爱了，一个电脑小白硬是爱上了音视频，楼老师人好有趣也好耐心，助教老师更是！十分只是上限www
199279,231,楼东武,2024-09-20 10:10:54,16,16,0,借着楼老师的页面表白一下綦成林老师，人帅和蔼超级nice！！！
199733,231,楼东武,2024-09-28 10:04:11,2,2,0,老师风趣幽默，课堂干货满满，求个高分。
207445,231,楼东武,2024-12-21 15:32:22,1,1,0,有一次突击点名\n\n不过老师还是很有意思的hh
211088,231,楼东武,2025-01-10 14:16:48,1,2,1,给我捞到上一档了  老师我爱您😭
211973,231,楼东武,2025-01-13 04:28:20,4,4,0,楼老师和助教綦老师人都特别好，很有人文关怀，会在某个难得的阳光明媚的日子带大家出去晒太阳飞无人机～老师们没有架子，和学生们的关系也很好，是真正的亦师亦友。\n\n在这里要特别表达一下对助教綦成林老师的赞美，真的是人好人帅又温柔又超有耐心…我最开始学pr什么都不会，经常骚扰助教老师，老师也真的超级耐心教学😭人太好了\n\n从课程内容上讲，音视频这门课确实是有点硬的，对小白来说不太友好。平时作业多，比较占时间，小白要一点一点学，另外小组（自己组队）作业比较多，有拍摄任务，最后的大作业也蛮硬的。感恩我遇到了好队友。最后一节课有上机考试，考操作的，说实话不太简单。其实还是建议平时课程压力没那么大，对音视频剪辑有兴趣的同学选这门课。如果是为了水学分就算啦^_^最后！如果课程期间的各种作业都认真对待了的话老师给分不会太差的！楼老师人真的很好！lz纯小白4.2仅供参考。
212990,231,楼东武,2025-01-15 12:11:43,1,1,0,让一个小白学会了pr\n\n唯一的缺点可能是作业太多了，如果只是想水的慎报
213320,231,楼东武,2025-01-17 02:55:27,1,1,0,上了音视频课，这门课是真能学东西，水不了，认真听课课后任务量就不会感觉大。但坦白说，确实作业比较多，但ddl挺长的，也还能接受，挺捞的，想拿高分就得平时作业认真，平时认真期末考自然就能拿满。虽然最后4.5，但感觉还是挺好的。
214601,231,楼东武,2025-02-14 08:26:28,0,0,0,突击点名，一学期就点一次，根据是否签到决定捞不捞，应该说我的绩点被这门课拉爆了
215743,231,楼东武,2025-03-05 04:47:15,1,1,0,还没上过，但是感觉人不错先来占个位置（在老师指导的社团）
221560,231,楼东武,2025-06-24 13:45:06,1,1,0,信电大二短学期给分很好！
221579,231,楼东武,2025-06-24 15:30:39,0,0,0,大部分时间不点名，有一节课会突击点名。\n\n上的是数字音视频基础与制作，事情不少，每两周都要做拍素材剪视频，还有最后的大作业，考试是一个半小时剪四个小视频，运用到上课学习的技巧。但是老师人非常好，课程非常有意思，能学到很多音视频知识和技巧，非常实用，还能飞无人机，爽到不行。\n\n最后分数不算太高，4.5，但感觉和付出的算是对等的，比较满意。
26535,233,吴锡东,2016-06-27 04:38:09,12,14,2,电生磁 磁生电，这不就是阴阳相生相克嘛！
27326,233,吴锡东,2016-06-25 02:23:42,7,7,0,遇到的最好的老师之一，责任心max
29708,233,吴锡东,2016-07-02 14:55:16,2,3,1,感觉要想学的深还是去教改班(郑史烈)，或者想要给分好就去陈红胜班。。。虽然吴老师讲的感觉也还行，但感觉比较还是有差距。
30282,233,吴锡东,2016-07-01 07:44:56,3,3,0,出成绩了让我哭会不过老师却确实很好\n\n
31090,233,吴锡东,2016-07-03 08:11:19,1,3,2,老师是负责，给分一般，但是要学点东西的话还是觉得郑史烈老师讲的比较好
57065,233,吴锡东,2017-07-05 10:48:52,2,2,0,好老师，真的棒，感谢老师抬一手\n\n
57089,233,吴锡东,2017-07-05 13:35:23,2,2,0,考试前会“无意中泄露许多题”，考试的时候还会和我们讲解题方法。成绩不理想也会帮我们拼命调分.\n\n
75147,233,吴锡东,2018-03-07 14:14:53,2,2,0,讲课还不错 蛮细致的 不过语速有点慢 还有特别的拖延技巧：讲一遍英文再讲一遍中文 听着有点难受orz
80939,233,吴锡东,2018-07-05 06:46:06,2,2,0,期末考真的很简单，是我太粗心了。老师答疑耐心细致负责到爆炸。
80944,233,吴锡东,2018-07-03 03:10:27,2,2,0,良心老师\n\n
122605,233,吴锡东,2020-03-07 06:11:44,1,2,1,声音好听，讲得细致，认真听的话收获很多
124216,233,吴锡东,2020-06-27 08:42:20,0,4,4,我实在忍不住才来评论的。卷子难没有问题，但考试的时候你在那儿一直说话几个意思，以为在上课？最后一节课布置一个大作业又是几个意思？上课讲点别的没问题，讲了一节课自己的美国留学经历最后课还没怎么讲完又是几个意思？真心建议，场波教改英文版好了不知道多少倍！
124629,233,吴锡东,2020-07-04 07:05:35,1,2,1,为什么要布置这种傻逼大作业？
124738,233,吴锡东,2020-07-07 12:55:21,1,1,0,出分了，来客观的评价一下\n\n今年疫情网上授课，说实话感觉老师讲课节奏有点慢，经常自己的留学故事讲一节课，到最后上课很赶，第六章第七章听了个寂寞，而且对比郑老师班感觉感受隔壁班讲的详细些，会加一些点。\n\n关于考试，今年期中还算简单，期末选择大多历年，大题前三道历年变形，第四道天线开花完全懵逼。\n\n小测都是历年题。\n\n最后一节课布置的cst仿真大作业，前一天晚上十二点截止，晚上七点多就出分了，，感觉性价比成迷。\n\n总之，场波主要还是靠自己吧，如果想理解的好一点隔壁郑老师，如果想给分好，请挤破头挤进陈红生爸爸的班，无期中，无小测，考试是作业的变形或者送分题。\n\n感觉专业课从功利化角度选老师真的很重要
154819,233,吴锡东,2022-06-06 00:56:22,11,11,0,吴老师可爱捏～
176762,233,吴锡东,2023-06-30 04:37:48,1,2,1,吴老师人太好，很关心同学们，给分也很能捞，上课如果一直跟着ppt的话还是有不少收获的
195788,233,吴锡东,2024-06-30 02:58:11,4,4,0,老师人还是很好的，给分也很捞，不过上课质量比起zsl老师还有一定的距离，有些时候讲课思路并不清晰。两次小测都是历年一样的，比较轻松。可以根据进度跟着zsl老师智云学
217997,233,吴锡东,2025-04-19 04:19:22,2,2,0,是个好人
219470,233,吴锡东,2025-05-28 04:55:24,3,3,0,吴老师可以很负责任地告诉大家，这个不考！
220847,233,吴锡东,2025-06-20 06:01:44,1,1,0,学不懂是我的问题，老师人很好，上课也很有趣，期末会划重点
220871,233,吴锡东,2025-06-20 08:57:49,1,1,0,东哥，伟大！\n\n无需，多言！
220880,233,吴锡东,2025-06-20 09:01:06,1,1,0,主动帮忙改分，真的神仙老师，我看谁不选
221271,233,吴锡东,2025-06-22 11:17:14,0,0,0,吴老师我爱你😭😭😭\n\n非常认真负责的老师，也会关心学生。\n\n不过老师和助教都不太看钉钉消息。以及上课还是会讲小故事，不过这学期课时挺充裕的，讲故事倒是没影响授课进度。
3910,261,李宇波,2015-06-17 08:06:40,36,41,5,李sir真心好老师，没的说
19156,261,李宇波,2016-01-23 11:19:36,3,6,3,好老师，给分很好，讲课很认真
21728,261,李宇波,2016-03-01 02:04:35,0,2,2,好老师，上课蛮有趣的
25190,261,李宇波,2016-05-07 11:31:21,14,16,2,老师很负责，ppt做得也好，很容易学会
26275,261,李宇波,2016-06-16 13:10:09,1,5,4,绝对的好老师
26845,261,李宇波,2016-06-21 09:37:22,2,4,2,表情包来一套~
28234,261,李宇波,2016-06-28 08:19:07,10,11,1,简直不要太好，认真负责，内容严谨详细，而且会提升你的逻辑思维
29007,261,李宇波,2016-09-22 07:05:39,15,18,3,有没有比10分更高的分？
29029,261,李宇波,2016-06-29 06:55:28,5,7,2,如果李老师讲课都听不懂，那就再也听不懂了
32476,261,李宇波,2016-07-07 04:57:41,12,15,3,认真、负责、年轻、有为，李sir我对不起你啊 又让你血压升高了
34953,261,李宇波,2016-10-27 04:58:56,1,2,1,讲课清楚，不懂可以直接问，教到你会！
36524,261,李宇波,2017-03-26 11:11:22,1,2,1,h h h
38792,261,李宇波,2016-12-19 03:46:25,1,2,1,老师的课上的很好  讲的很清楚 人更是没的说很关心学生
39286,261,李宇波,2016-12-22 02:54:52,-1,5,6,白永祥不解释
40725,261,李宇波,2017-01-05 06:59:06,2,3,1,非常耐心的老师，很棒
41266,261,李宇波,2017-01-10 10:09:51,3,4,1,极度认真负责，当年也是一枚学霸
41281,261,李宇波,2017-01-10 11:30:46,6,8,2,很棒很棒很棒！！！注重逻辑思路。带病坚持上课，感动，心疼老师，注意休息呀～最后一节课的彩蛋很赞！
41310,261,李宇波,2017-01-10 13:31:58,7,10,3,老师最近身体不太好，我们让老师坐着讲却说没有坐着讲的习惯，一个入门的导论课也是竭心尽力，老师辛苦了
41318,261,李宇波,2017-01-10 13:56:58,3,5,2,老师讲课非常认真，对学生负责，身体不好还坚持给我们上课。目前遇到的最好的老师。
44185,261,李宇波,2017-01-17 11:43:31,2,3,1,超级好，很负责
47540,261,李宇波,2017-01-30 08:37:17,2,4,2,李sir真的是好老师。就是身体。。。唉，多保重。\n\n
47977,261,李宇波,2017-02-28 00:47:27,2,4,2,真心好老师
48042,261,李宇波,2017-02-28 06:08:22,2,4,2,非常棒
48325,261,李宇波,2017-03-02 06:47:05,2,4,2,超棒，知识点讲的很透彻，上课也很生动，学期结束还送我们一首诗，就是老师自己身体似乎不太好，要多休息呐
49011,261,李宇波,2017-03-21 10:04:49,2,4,2,绝世好老师
51502,261,李宇波,2017-06-06 15:20:35,2,4,2,人生导师，真的是好老师，导论课给分很好
52327,261,李宇波,2017-06-18 12:53:31,2,3,1,很为大家着想，建议大家尝试大作业
57777,261,李宇波,2017-07-15 10:19:01,2,3,1,强行挽留我的数电，李宇波真心好老师！
60679,261,李宇波,2017-10-26 10:46:34,2,2,0,...
63760,261,李宇波,2017-12-14 06:13:08,12,12,0,老师很强\n\n学生太菜
64077,261,李宇波,2017-12-21 02:02:27,3,3,0,老师超级棒啊，去年身体很不好但是一直坚持给我们上课，最后还写了一首诗送给大家。上课讲的很细致，很关心学生
70667,261,李宇波,2018-01-27 10:46:09,2,2,0,特别好的老师，认真负责，给分也很好（在客观的基础上），还想选老师的其他课
71297,261,李宇波,2018-01-28 09:00:48,3,3,0,老师真的nice人好脾气好打分棒
75582,261,李宇波,2018-03-13 13:39:22,1,2,1,很棒，老师认真负责的态度也感染了我，一定要好好学习才对得起老师的教学。老师也要保重身体。
76207,261,李宇波,2018-03-29 04:17:16,4,4,0,世界一分为二！
77801,261,李宇波,2018-05-08 02:08:35,2,2,0,。。。
79247,261,李宇波,2018-05-28 14:25:38,0,0,0,666
85249,261,李宇波,2018-07-16 13:47:15,8,8,0,呜呜呜谢谢李老师拯救我均? 感谢数电改革
85252,261,李宇波,2018-07-16 13:55:23,3,3,0,老师超好！！！拯救我均绩！！
85253,261,李宇波,2018-07-16 14:03:46,2,2,0,太好了这老师！！
85262,261,李宇波,2018-07-16 14:53:40,2,2,0,好老师，没的说
85278,261,李宇波,2018-07-16 16:35:11,2,2,0,给分特别好，老师是真的好的没话说
87337,261,李宇波,2018-09-27 06:11:59,19,20,1,固体物理是什么魔鬼课啊，啊啊啊啊啊啊啊啊?
88772,261,李宇波,2018-11-07 12:54:46,4,4,0,我快被固体物理基础折磨疯了，完全听不懂啊！
93570,261,李宇波,2019-06-12 03:09:51,1,1,0,刚考完固体来上香?
114917,261,李宇波,2019-07-12 17:17:25,2,2,0,老师再好，架不住队友傻逼
117113,261,李宇波,2019-09-19 08:07:55,5,5,0,老师非常平易近人，老师说:真心的希望你们不要划水 你们不管是有的想转行做码农也好 想转行做经济也好 我觉得都挺好的 ，你们不来，想睡觉 没有关系，我都不会点名，视频我会放网上。但是你们不要划水
121621,261,李宇波,2019-12-12 06:46:43,0,1,1,好老师，很有耐心
137074,261,李宇波,2021-06-30 10:56:14,3,4,1,李老师很棒！这学期很幸运预置了李老师的数字系统。他不只讲知识，还会讲大学生活中一些问题并给我们建议。助教蒋轲小哥哥也很棒，很耐心，实验课会给我们答疑，下课后给我debug在紫金港一个小时……感谢老师和学长！\n\n也希望给分手下留情啊♥
138362,261,李宇波,2021-07-08 16:40:40,1,2,1,李老师真的太好了，不仅讲课幽默风趣，上课的时候很有耐心，到关键的地方会慢下来确保大家都听懂了。助教老师也很好，感谢助教蒋轲哥一次次在我写的bug中寻找代码。总之，老师和助教真的太好了！！！
138467,261,李宇波,2021-07-09 10:38:20,4,5,1,老师和助教哥哥都很好很认真！（jk助教好帅的）最后给分也还不错，感谢数电教改！
152748,261,李宇波,2022-04-19 07:27:16,0,1,1,波波赞赞赞赞赞，平易近人有耐心，和蔼谦逊风趣幽默👍
155273,261,李宇波,2022-06-10 04:43:54,2,2,0,有人对我抱有希望，那么晚就要去回应他
163731,261,李宇波,2022-12-16 04:23:24,1,1,0,虽然听不懂也没怎么听，但很喜欢老师的讲课方式还有播音腔哈哈哈
165972,261,李宇波,2023-01-10 14:28:48,1,1,0,老师比较有水平，不过固体物理基础本身学的比较难，课程设计也有问题以至于让几乎所有人一上来就蒙圈，还有很多分析力学和量子力学的东西，不过不用担心，开卷考试而且试题变化不大，只要在期末前基本理清关系就不难，还有注意课后习题，提前学一下大物量子力学的部分，还有参考书也可以借鉴，有惊喜。
171897,261,李宇波,2023-04-11 10:57:44,-1,1,2,太好了！很耐心！
172342,261,李宇波,2023-04-25 07:41:36,0,2,2,不得不说今年的数字系统不知道在干什么，助教也很水，21年李老师的智云很不错
172344,261,李宇波,2023-04-25 07:51:25,0,2,2,今年数电课不知道在干什么，助教也很水，纯自学，21年李老师智云很不错
173039,261,李宇波,2023-05-11 16:32:40,3,3,0,通识课电子与信息工程导论评价：\n\n老师很有水平，全程会有互动，有问题会热情回答\n\n但是美中不足实验课是叶险峰老师，十分坐牢\n\n一周五个学时，比较硬核，全部ppt和内容移植信电导，实验课程完全自己做Arduino\n\n外专业比较劝退，内行人会觉得太简单\n\n给分和坐牢时间不是很匹配\n\n老师是好老师
174518,261,李宇波,2023-06-13 14:08:34,3,3,0,老师的电信导…\n\n哎…\n\n春学期上的要考结业考，好多题书上没有…\n\n结果夏学期改成了期末论文…\n\n这下我成小丑了🤡\n\n感觉选早了\n\n…\n\n论文比期末考好捞\n\n👾👾👾
184413,261,李宇波,2023-12-19 06:08:39,1,1,0,上了李宇波老师的课又让我找回了为了学习而学习的心
186015,261,李宇波,2024-01-07 15:58:52,1,2,1,滤波老师很好\n\n讲的很细致\n\n非常喜欢滤波老师的课\n\n我如果也是信电的就好了\n\n😭😭
192130,261,李宇波,2024-05-09 14:38:12,-2,0,2,123456
205684,261,李宇波,2024-12-11 06:55:37,1,1,0,固体物理基础老师讲的很好，要是我听得懂就更好了😭😭
206701,261,李宇波,2024-12-17 06:55:58,0,0,0,固体物理课好难，大部分人都听不太懂
3419,262,李春光,2015-06-11 11:46:09,9,12,3,专业抓迟到早退， 飘逸点名流
3904,262,李春光,2015-06-17 07:58:04,2,7,5,问老师作业下次交可以吗？\n\n老实说：我要说不可以，你又能怎么样呢？\n\n长期点名啊，超级叼
6204,262,李春光,2015-07-12 03:32:35,-8,8,16,卧槽，成绩出了，绩杀啊。恨不得平时分多扣你两分啊
6279,262,李春光,2015-07-12 15:01:21,5,11,6,各种厉害，认真。说的是老师
14154,262,李春光,2016-01-05 05:29:54,4,10,6,期末卷面考了82，后来给了88.说绩杀的可以去问问老师你考了多少
28969,262,李春光,2016-06-29 04:34:40,-2,2,4,每节课都点名，讲题目飞快。。。
31202,262,李春光,2016-07-03 11:12:45,20,27,7,老师虽然经常点名，但点名不是送平时分吗？自己迟到能怪谁？老师上课很有逻辑，讲得很清楚，我觉得很好。
32009,262,李春光,2016-07-11 15:40:55,3,6,3,棒棒棒
53560,262,李春光,2017-06-27 03:48:15,2,5,3,老师很好的嘛！今年第一年开了人工智能给分挺不错的呀～～～只是上课不能玩手机不能睡觉，不然就扣平时分
57718,262,李春光,2017-07-13 00:17:20,1,4,3,老师上课很好，给分也很好。
81248,262,李春光,2018-07-04 12:17:59,5,5,0,点名很随意，上课没必要
137253,262,李春光,2021-07-02 14:33:02,-29,8,37,老师水平挺高，但是ai这门课目前是我所有专业课里拿到的最低分。。。没到86就离谱
153896,262,李春光,2022-05-16 05:24:11,9,10,1,吓人，胆小的同学不建议选。
174327,262,李春光,2023-06-09 14:03:59,0,6,6,很喜欢这个老师。第一次课的时候觉得很严格很凶，会不会是那种铁面人。后来发现水平极高，堪称信电ai“懂王”，做过很多年生物学和ai的研究工作，对很多算法有着独到深刻的理解。不过上课语速确实是偏快，需要聚精会神地听。即将期末考，来攒一波人品，出分回来还愿！
191119,262,李春光,2024-04-05 12:10:48,12,13,1,讲得烂，管得多
194462,262,李春光,2024-06-24 05:04:13,7,8,1,nt 没别的评价
195577,262,李春光,2024-06-29 00:43:10,9,9,0,真绩杀。上课管得多
205973,262,李春光,2024-12-13 02:27:15,6,6,0,shab
218389,262,李春光,2025-04-23 06:16:00,0,1,1,毫无师德可言，上课以嘲弄玩弄学生为乐，伪君子
25893,304,金文光,2017-01-05 05:15:13,2,7,5,老师上课上这么好挂了也值得
31663,304,金文光,2016-07-05 07:38:40,3,7,4,讲的觉得好，跟得上，但是给分不好，太实事求是了，都不会调分。
31955,304,金文光,2016-07-05 08:30:06,2,7,5,具有求是精神的老师，给分超烂\n\n
31973,304,金文光,2016-12-21 02:43:05,5,10,5,上课不求是，给分很求是
32097,304,金文光,2017-01-23 06:06:24,-7,4,11,别怪我吓唬你们，报了他的课就等着挂吧
32171,304,金文光,2016-07-06 00:36:07,-6,3,9,同挂，不要相信所谓的平时成绩50％，好像期末考个四五十分就可以了［呵呵］
32206,304,金文光,2016-07-06 03:06:58,-3,1,4,...
33680,304,金文光,2016-09-21 03:42:57,-3,3,6,超级烂，尽量不要选他的课
33719,304,金文光,2016-09-21 06:56:55,-3,2,5,对这个老师很无语
33733,304,金文光,2016-09-21 08:11:18,-2,3,5,非常无语
33851,304,金文光,2016-09-22 05:49:56,2,2,0,hin棒。。。。（放下刀子好吗?）
34923,304,金文光,2016-10-26 13:23:09,6,12,6,你们暑假里把我课上布置的题看一看。
39590,304,金文光,2016-12-26 02:11:15,0,1,1,其实老师讲得真的很好，完全跟得上，学的很懂。可惜给分不好
54496,304,金文光,2017-06-29 11:58:55,-11,0,11,要是老师给过了我就打10分
57032,304,金文光,2017-07-05 08:41:02,6,7,1,虽然期中挂了但是好好复习最后还是没问题的好吧
57033,304,金文光,2017-07-05 08:41:31,12,13,1,老师上课讲的很好，比较仔细，对我这种基础不好的学生蛮合适的；好好学，分数还是可以的，最后的得分很满意，也算是付出就有收获吧。
57035,304,金文光,2017-07-05 08:42:16,14,16,2,金老师真的调分了....
57036,304,金文光,2017-07-05 08:42:21,7,9,2,上课认真负责很容易懂，良心好老师
57038,304,金文光,2017-07-05 08:43:50,6,6,0,期中挂科，睡过一次点名，最后分数也是不错的，感谢老师
57043,304,金文光,2017-07-05 09:02:17,9,9,0,老师人很和蔼的，上课经常点名，教的很系统，问问题都会回答的，考前还专门给我们答疑，只要作业全部交、平时点名到的，成绩都不错的。
57048,304,金文光,2017-07-05 09:19:04,4,4,0,真心觉得金老师教的很好，也很认真，喜欢他的性格
57052,304,金文光,2017-07-05 09:43:27,3,3,0,金老师平时教的真的细 最后给分在期中超低的情况下很满意 洗白一波
57054,304,金文光,2017-07-05 09:47:54,3,3,0,老师讲课超级耐心并且系统，每一章讲完了还会系统复习，该讲的知识点都给我们详细讲了，我觉得很棒
57055,304,金文光,2017-07-05 09:56:40,2,2,0,上课很认真，给分也很好！
57062,304,金文光,2017-07-05 10:22:17,4,4,0,不知道老师今年是不是给分变好了，我期中不到50最后84，好好复习还是稳的，至于讲课什么的没得说，跟着老师可以学得很明白
57092,304,金文光,2017-07-05 13:46:06,0,1,1,很务实 讲的很好 不无聊 虚心的话学的很好
114305,304,金文光,2019-07-09 17:33:47,1,1,0,老师人很和气，讲课认真，每章还会专门做课堂练习，为学生着想的好老师！
114552,304,金文光,2019-07-10 14:59:02,0,0,0,金老师是真的好
116847,304,金文光,2019-09-16 14:07:59,0,0,0,好老师就是保研没要我
133625,304,金文光,2021-03-03 03:25:39,-1,0,1,上课喜欢扯皮🙄
137732,304,金文光,2021-07-06 02:27:37,2,2,0,好老师，上课很认真仔细，看我们展示大作业的时候也会很耐心交流指导，每章后会讲的例题也很有用，就只是我没学懂而已[ac01]
139016,304,金文光,2021-07-12 07:54:51,1,1,0,信号与系统，任务少，随便满，强推
151408,304,金文光,2022-03-02 13:50:36,1,1,0,一个尽职尽责的老教师，严谨细致认真，讲课深入浅出，待人平易随和，好好学没问题的
157435,304,金文光,2022-06-23 08:16:31,0,1,1,给分好，上课认真
157461,304,金文光,2022-06-23 09:45:29,1,1,0,金老师yyds，就是点名有点多(泪目)
157693,304,金文光,2022-06-24 10:52:07,0,1,1,给分好讲课好，强推
176958,304,金文光,2023-07-01 01:18:42,5,5,0,上课还行，人也不错，点名较多，且今年给分跳水，平时分35打九折，除非你是大佬能确保期末考满分，否则总评96.5起评，只能说各位量力而行
176964,304,金文光,2023-07-01 01:51:23,0,0,0,除了点名多，给分变差，其余都挺好，平时分占比35%打九折，除非你是大佬期末拿满分，否则总评96.5起评，所以请各位量力而行。
177607,304,金文光,2023-07-04 02:12:03,0,0,0,事情少，但21级给分不大行
196461,304,金文光,2024-07-03 14:01:28,0,0,0,讲的很细，适合0基础的同学，大作业比较简单🥰🥰🥰给分还挺不错的
196868,304,金文光,2024-07-05 15:28:10,-1,0,1,点名多且出其不意，22级给分应该比21级好一点，讲课态度很好，但有些照本宣科
216525,304,金文光,2025-03-18 03:25:53,1,1,0,为什么信号与系统要讲的这么快......\n\n隔壁hhj还在卷积，你怎么会已经讲完傅立叶变换了。\n\n真听不懂......
5840,326,王子立,2015-07-09 14:58:22,19,20,1,从没听过他讲什么有用的东西 最爱说 pdf上有啊
26483,326,王子立,2016-06-19 03:07:40,13,14,1,第一次听说实验课也能全靠自学
26999,326,王子立,2016-06-22 06:23:01,36,38,2,毕竟我信电东四股神
30386,326,王子立,2016-07-01 12:58:16,11,11,0,不怎么讲，讲也没什么条例基本靠自学
31094,326,王子立,2016-07-03 08:12:44,10,10,0,给分还不错的自学课程（微笑脸）
32433,326,王子立,2016-07-06 18:53:20,4,4,0,剧水无比?
52676,326,王子立,2017-06-22 05:51:09,2,2,0,不用听课
52765,326,王子立,2017-06-22 15:36:38,1,2,1,可能是有大智慧的人才不会讲课吧hhh。实验课程基本靠自学，给分是好的。
52858,326,王子立,2017-06-23 08:09:01,16,16,0,给分全看上证指数
54743,326,王子立,2017-06-30 06:41:22,5,5,0,所幸不是刁难人的老师 浪费时间学不到东西的水课
55758,326,王子立,2017-07-02 10:32:52,0,0,0,给分还是可以的。。。想问股神的来源是什么。。。没见他炒股啊
104394,326,王子立,2019-03-19 11:11:21,0,1,1,不太负责
123242,326,王子立,2020-05-25 05:00:30,2,2,0,听晕了
127450,326,王子立,2020-11-23 06:57:18,0,0,0,自学的实验课，和zjf一起搭配。教改班的朋友，快逃. jpg
127877,326,王子立,2020-11-29 14:52:55,5,5,0,听别的课：谢谢老师。听这课：谢谢百度，谢谢CSDN。
127961,326,王子立,2020-12-01 11:53:36,1,1,0,讲实在的，这模电的实验还让人自学是真的挺自闭的，唉
128370,326,王子立,2020-12-21 11:08:30,0,0,0,还阔以叭
138838,326,王子立,2021-07-11 07:00:27,11,11,0,讲的那课和你做的实验，关系不大。
141042,326,王子立,2021-09-22 06:46:37,7,7,0,wzl和qmj在同一个办公室，YQ跟zjg都在一起，都是东四股神哈哈哈。教十一和东四可以开证券交易所了
144091,326,王子立,2021-12-17 11:07:35,7,9,2,建议这样的老师不要来祸害学生
155749,326,王子立,2022-06-15 13:35:19,-19,2,21,全能老师，模电、场波、电设实验都能教，声音很温柔，人也很和善
158637,326,王子立,2022-07-01 02:18:28,7,9,2,声音温柔好听的那位同学，你竟然听到过子立先生说话吗
158691,326,王子立,2022-07-01 11:01:48,1,2,1,感觉很温柔的，是一位不会为难人的老师。
165197,326,王子立,2022-12-30 03:44:37,3,3,0,依托答辩
171826,326,王子立,2023-04-20 02:40:34,24,26,2,wo💊🔒wzlの🐮🐮
172071,326,王子立,2023-04-18 19:35:18,2,2,0,垃圾老师，垃圾场波实验
174180,326,王子立,2023-06-07 04:47:27,0,0,0,🔒🐂🐂
174842,326,王子立,2023-06-19 02:52:11,1,2,1,这老毕登纯出生，除了恶心学生不知道会干啥
175086,326,王子立,2023-06-21 12:44:10,1,1,0,受不了一点
175107,326,王子立,2023-06-21 13:47:55,4,4,0,老师人是很温柔很有耐心的，就是专业水平真不行。实验做不出来问他，经常得到的是一句“我也忘了”。提供的资料里面，经常有不明不白、顺序混乱的表述，比如说场波实验里面有一个东西要测，结果他给的资料和视频没在实验步骤里面说，在最后的数据分析里面说要测这个东西。
175306,326,王子立,2023-06-23 13:16:43,3,3,0,质量很差，学不到东西，还狠狠扣分
175377,326,王子立,2023-06-24 10:18:57,9,9,0,做实验纯看视频自学，实验要求也讲不清楚，曾经的东四股神，如今的信电魅魔，只剩下🐂🐂了
175638,326,王子立,2023-06-26 03:41:09,1,1,0,希望能更新实验文档，实验文档的内容既复古又混乱
176750,326,王子立,2023-06-30 03:53:55,5,5,0,场波实验什么时候去事！！！
178307,326,王子立,2023-07-10 01:56:01,7,7,0,只会点名和莫名其妙扣分，上课要么讲废话要么啥也不讲，丢一堆垃圾在学在浙大让学生自己看自学
193008,326,王子立,2024-06-02 11:49:31,1,2,1,倒也真不至于这么低，给的文档挺详细，照着pdf作实验问题也不大，有问题老师也会耐心解决。
193652,326,王子立,2024-06-14 11:47:38,1,1,0,天不生wzl，场波漫漫如长夜
194006,326,王子立,2024-06-21 10:21:48,5,5,0,给老师一点建议：\n\n1. 可以更重视对学生的教导，采取循序渐进的方式，使得学生能够踏踏实实地掌握知识，而不是刚入门就硬要讲整门课程全部的内容，自己讲得很嗨，但下面无人在听，最后为了完成任务，学生都还得去自学。\n\n2. 将讲义或者课件编得更加详细。在课程中，我发现实验中的很多关键点要靠我们去问才会强调，而这明明是可以通过将课件编得更详细、更友好来避免的。\n\n3. 很多内容老师以为我们都懂，但是我们其实压根不了解。建议如果真的想要认真上课的话，先好好地了解一下学生的水平，否则就很容易出现第一点的状况。
194407,326,王子立,2024-06-23 16:16:44,4,4,0,场波实验，电设实验全靠自学，问他就是“嘶~怎么会这样呢？跟着PPT来做了吗，你自己去查一查资料吧”。很迷惑的给分标准，就是要硬扣你几分。
195158,326,王子立,2024-06-27 03:29:18,2,2,0,场波实验要把选做部分也写一下，会有额外加分。最后一个实验今年变了，不要参考以前的资料。
196098,326,王子立,2024-07-01 15:22:00,0,0,0,我也💊🔒zlgg的🐮🐮🤣
197297,326,王子立,2024-07-10 12:33:40,0,1,1,电工训负责指导420，老师这门课还是很不错的，很耐心地帮助我们解决了很多问题
211623,326,王子立,2025-01-12 04:50:48,6,6,0,一坨答辩
211856,326,王子立,2025-01-12 17:18:26,0,1,1,电工训解答问题很认真
216725,326,王子立,2025-03-22 19:07:19,2,2,0,垃圾
217081,326,王子立,2025-04-01 12:12:02,-1,1,2,老师很有耐心
218999,326,王子立,2025-05-17 15:00:06,2,2,0,20分实验你有本事就扣五分以上呗，扣不到五分你有什么用
221544,326,王子立,2025-06-24 10:42:18,1,1,0,六百六十六，占比八十的理论扣2分，占比二十的实验也扣2分，wzl无敌了
9050,340,郝寅雷,2015-10-11 12:44:03,15,26,11,人傻事多
10176,340,郝寅雷,2015-11-17 06:32:58,2,7,5,一般般
11545,340,郝寅雷,2015-12-04 05:22:55,29,35,6,讲的比较乱，ppt和教材配合不好。学生学起来很累，需要自己看书。
14567,340,郝寅雷,2016-01-07 16:01:13,1,3,2,事不多，就是听不懂
19865,340,郝寅雷,2016-01-25 12:31:03,4,9,5,50个人的班最后跑的不剩20人，自己体会
20516,340,郝寅雷,2016-01-28 04:16:51,7,13,6,真的人傻事多啊！“简单吧？”“这个不难的吧？”
34550,340,郝寅雷,2017-01-18 09:02:18,13,15,2,电路一他讲得其实蛮好的，条理清晰，ppt也不错，而且学习材料和方法都比较明确。电路二的ppt不是很好，而且经常换ppt，逻辑性和条理性都不是很好。推荐用清华童诗白书，和微电子电路配合使用，“习题集答案”这个文件要刷，电路二还是不可怕的。
34551,340,郝寅雷,2016-10-13 08:43:16,-12,2,14,老师讲得挺好的，ppt就是课本加上同步辅导的总结。听不懂怪自己没预习，还听不懂那就只能怪自己蠢咯。
35060,340,郝寅雷,2017-03-02 13:02:28,0,2,2,给分好
40394,340,郝寅雷,2017-01-03 06:51:29,1,1,0,糊涂晕
42929,340,郝寅雷,2017-01-15 12:24:06,1,2,1,模电部分一开始是英文ppt…hhh完全听不懂，后来换了中文，但是前面不知道，后面没法学
44783,340,郝寅雷,2017-01-18 08:52:22,3,3,0,期末考瞎写一通过了感恩戴德
44784,340,郝寅雷,2017-01-18 08:52:58,2,2,0,老师给分好
44785,340,郝寅雷,2017-01-18 08:53:18,9,9,0,给分好的一b
44793,340,郝寅雷,2017-01-18 09:04:18,2,4,2,郝老师电路部分讲得很好但是模电部分讲得一般。但是无论如何期末给分真的很好啊！
44802,340,郝寅雷,2017-01-18 09:18:08,9,10,1,讲到后面模电部分的时候有点乱，听不懂，但是最后给分真心不错?，让我好惭愧
44821,340,郝寅雷,2017-01-18 09:52:50,7,7,0,给分好到考试会做的题还不到最后成绩的一半，怎么说呢，基本上刷一晚上想下三挺难的\n\n
44828,340,郝寅雷,2017-01-18 10:13:41,8,8,0,上课的时候死命让老师点名他都不点，上课讲的挺快，还经常说“不难吧？”“简单吧？”本来以为电基要挂，可是最后发现给分很好。
44889,340,郝寅雷,2017-01-18 12:42:48,3,3,0,简单吧？这个不难的。\n\n有时候觉得老师还蛮好玩的hhh
44948,340,郝寅雷,2017-01-18 14:50:49,2,2,0,感谢老师不杀之恩
44969,340,郝寅雷,2017-01-18 16:25:09,1,3,2,不点名的 好 老师
45044,340,郝寅雷,2017-01-19 01:35:25,2,2,0,虽然课上得比较乱，但是给分真的好
45064,340,郝寅雷,2017-01-19 02:14:19,2,5,3,良心郝老师，从来不点名（无论我们怎么怂恿），给分也挺好。其实我觉得这种不用点名来绑架学生强制学生上课的老师才是棒棒的
45499,340,郝寅雷,2017-01-19 15:38:21,2,2,0,模电互发希望讲的更清楚啊
48381,340,郝寅雷,2017-03-02 13:00:37,3,4,1,估计挂科的期末卷面最后拿了过3的绩点，谢好老师不杀之恩。\n\n讲真电基这门课的课程安排本来就不太合理，一短学期上电路，刚入门直接换模电，还傻傻地没指定教材，结果到最后没法形成完整的知识体系，总觉得会缺点什么。\n\n望大海院思量一下小海工这覆盖四海八荒的课程置，给点良心课吧。
59877,340,郝寅雷,2017-09-28 03:14:09,6,7,1,看到你们都说不好我就放心了
60304,340,郝寅雷,2017-10-17 03:48:50,4,4,0,不要选
71681,340,郝寅雷,2018-01-29 00:34:52,3,4,1,老师超好哇！！！
76513,340,郝寅雷,2018-04-12 02:51:48,2,2,0,虽然上课偶尔会无聊，不过和其他的电路老师比还是蛮不错的，可能是这届题简单吧，感觉班上给分都不错。\n\n
118222,340,郝寅雷,2019-10-23 07:22:18,4,7,3,听课很容易瞌睡，课件也很难懂，基本自学\n\n还有第一排的胖子能不能闭嘴
121282,340,郝寅雷,2019-12-24 06:24:18,1,1,0,讲得不清不楚，关键内容跳得飞快。讲的东西对懂的人而言没什么用，对不懂的人而言也没什么用。
129945,340,郝寅雷,2021-01-24 10:04:14,4,5,1,讲课完全没有体系，ppt乱成一锅粥，基本上各种电路就只给个结果，完全不给过程，上课又讲不明白，一到重点就口胡，不是口吃结巴就是乱说，然后考试考的全是他讲不明白的内容。结果复习主要靠隔壁金浩老师的ppt，金浩的英文ppt都比他中文ppt讲的明白。\n\n期末课程设计比其他班级晚一周放出来，考试周里还要写报考。\n\n给分不知道，还没出，希望能调分吧
130228,340,郝寅雷,2021-01-19 13:23:52,2,3,1,呵呵，PPT乱得一批，知识毫无体系，想到哪里说到哪里，上完课脑子一片浆糊，课后看PPT也发现那是一盘散沙。还抽背，自己讲得怎样心里没点数吗？
130729,340,郝寅雷,2021-01-24 11:44:53,1,1,0,不知道给分咋样，讲得真的不好
133519,340,郝寅雷,2021-03-01 14:06:16,-7,2,9,郝老师是我上过课里最好的老师！不点名，作业按时完成，分数还是挺好的。
142509,340,郝寅雷,2021-11-12 11:07:23,9,9,0,谁说不点名？这学期险些杀了我一次\n\n讲课乱八七糟，我原先学过的现在被他整蒙了，建议看看别的老师\n\n好就好在，他考试前会放历年卷
143756,340,郝寅雷,2022-01-11 09:27:46,17,21,4,认真学了一学期。最后3.6...\n\n也不知道庆祝还是难过，教改班人上人好吧
145742,340,郝寅雷,2022-01-01 08:02:58,4,4,0,课程设计（期末大作业）滚出中国！！！
146951,340,郝寅雷,2022-01-08 07:03:16,4,4,0,个人感觉老师人还挺好，最后会带着浮光掠影地看看历年题，不过讲课嘛一般般咯，主要是电基这门课太阴间
147433,340,郝寅雷,2022-01-10 03:29:32,5,5,0,ppt感觉很多错的，上课讲的确实不太行，有时候自己讲着讲着不知道讲什么就跳过了，特别是模电，唯一的好处的最后会大致过一遍历年卷，分还没出，估计是凉凉了，电基我恨你
147998,340,郝寅雷,2022-01-11 09:31:59,3,6,3,电路部分讲的很好，跟他的课或者自学都行，但模电PPT感觉很乱，最后模电全靠郑益慧
165815,340,郝寅雷,2023-01-15 04:32:59,4,4,0,电原讲的好，虽然模电讲的不怎么样，但是事情特少
165816,340,郝寅雷,2023-01-10 02:02:16,6,6,0,今年是非教改难得的胜利。\n\n今年的ppt进行了一波调整，更加接近第八版英文教材的内容，思路还是比较明晰的，如果有看不懂的地方或者很简略的部分直接去书上对应章节看就好了，ppt还是比较有阅读的价值的。\n\n（hyl今年的小测内容是叫学生自己出题（给期中和期末出题），修改后放到考试里，小测分数算是送了）。
166106,340,郝寅雷,2023-01-11 06:52:56,10,10,0,因人而异吧，感觉老师讲课也还好，讲求学生自主学习，不点名，作业让自己挑题做，小测是自己出卷子，感觉相比于其他教学班事情很少很少，压力不大，而且作业按时交平时分应该会拉满。\n\n模电起初没跟上，看的上交郑益惠的b站，发现和我们的大纲有点不一样，考试前三周恶补老师的网课+刷网站上的题，最后4.8（给分出乎意料的好！）
169530,340,郝寅雷,2023-02-26 16:29:40,2,2,0,“短短4个月的课，被虐得不成人形！”
181532,340,郝寅雷,2023-10-21 13:37:48,4,4,0,受不了了，早上6点发作业要求出题，晚上24点就要交，作业要求还自相矛盾，还要用Visio画电路图，什么sb老师
181784,340,郝寅雷,2023-10-31 15:12:25,4,4,0,来个退休老师代课都比你讲得好
186114,340,郝寅雷,2024-01-08 13:37:35,2,4,2,平时事情很少，电路原理讲的可以但模电讲的确实比较乱。期中期末会让学生出题当小测分，算比较和善的老师了
189326,340,郝寅雷,2024-01-23 08:52:25,3,3,0,只能说赶紧跑
189336,340,郝寅雷,2024-01-23 09:17:31,3,3,0,一坨屎
199977,340,郝寅雷,2024-10-10 05:35:33,5,5,0,shi，快跑吧，老师懒得出卷子，叫学生来出，还只给四天时间，只能说能这样的老师你浙也没几个
212781,340,郝寅雷,2025-01-15 01:49:53,2,2,0,捞^_^
212827,340,郝寅雷,2025-01-15 04:07:54,0,1,1,别选快跑
212893,340,郝寅雷,2025-01-15 07:41:34,6,6,0,讲得不是很好 大家上课参与度也不是很好 对于优秀的同学可能给分也一般，但作为一门挂科率极高的答辩课程的老师，他真的会海底捞！！我都不知道自己写的这点公式怎么及格的……所以对于想学好的同学来说5-6分，对于只想着过的同学就是10分
214604,340,郝寅雷,2025-02-14 11:03:19,0,0,0,基本要靠自学
214877,340,郝寅雷,2025-02-18 15:05:42,0,0,0,讲课水平一般，很多难点光听课很难听懂，都要花很多时间自学。没有小测，但要用软件出两次考试卷子，挺花时间的。总的来说不太建议选，5-6分吧
1709,431,刘鹏,2015-03-23 10:47:09,18,39,21,作业多的简直了
6819,431,刘鹏,2015-07-23 07:29:04,-4,14,18,超级棒
20002,431,刘鹏,2016-01-26 01:41:09,6,16,10,讲课好烂
20007,431,刘鹏,2016-01-26 01:48:19,5,13,8,基本不知道在扯什么。
20087,431,刘鹏,2016-01-26 05:19:55,11,22,11,绩杀！
20734,431,刘鹏,2016-01-30 11:46:25,6,11,5,作业多
22706,431,刘鹏,2016-07-06 07:47:45,1,6,5,差不多不调分，慎重选择吧
23489,431,刘鹏,2016-07-07 10:25:54,8,13,5,老师嘛 人挺好的 就是严格了一点 /微笑  不仅体现在平时还体现在给分上  /微笑
33510,431,刘鹏,2016-09-20 01:46:55,5,8,3,老师讲课挺好的，也很认真，但是给分真心狠了点
45888,431,刘鹏,2017-01-20 08:29:58,6,10,4,大魔王一般的存在，老师人是很好的，学术方面能力和习惯没的说。但（对于水平不太高的同学来说）讲课方式作业难度和给分情况简直是噩梦……
48436,431,刘鹏,2017-03-03 12:18:21,1,6,5,怎么能有这么多作业！！！\n\n
48761,431,刘鹏,2017-03-12 09:05:15,1,6,5,作业多得简直了！！！
51491,431,刘鹏,2017-06-06 12:06:43,15,20,5,刘boss明明很好。是很棒的老师。反正我认识的上了刘boss数电的都想继续选他的课。2333
57394,431,刘鹏,2017-07-07 07:52:53,-5,4,9,上课上的很差，而且绩杀
57395,431,刘鹏,2017-07-07 08:03:31,-2,5,7,上课真的很差昏昏欲睡每次都声音特别纤细也不懂打开话筒绩杀慎重选择三次quiz➕期中期末考
57401,431,刘鹏,2017-07-07 09:01:28,-2,6,8,刘老师上课属于自嗨型，对我来讲经常不知所云…不出意料考下来一塌糊涂，但是也不能怪老师，我大信电的课都是可以自学的好吧
57434,431,刘鹏,2017-07-07 16:44:57,7,13,6,刘鹏老师是很负责的老师，很赞，虽然最后考试答得一塌糊涂但是分数还可以吧。老师上的课认真听还是很有条理的，新授课之前都要复习上一节课的内容。老师很热心对智障问题也鼓励我……作业的确有点多，不过作业认真做收获很大的。(⁎⁍̴̛ᴗ⁍̴̛⁎)
65145,431,刘鹏,2017-12-29 10:57:13,37,52,15,我是连续上刘老师的数电和计组的，讲道理我是觉得刘老师是真正把心思投入教学的老师，相对于那些将教书当做任务的其他老师，刘老师属于真的愿意为本科生引路的类型，上课会叫那些睡觉，玩手机的同学起来回答问题并没有刁难的意思，是真心希望来听他的课的人能够认真学到什么，况且刘老师自己也说不想来的可以不来他不会点名，希望浙大多一些这样的老师。至于绩杀什么的，自己没有好好学的话是老师的错吗？
68946,431,刘鹏,2018-01-24 06:53:47,3,6,3,刘鹏真的不调分吗？感觉给分很好啊，拿了4.8开心，考完虚死了，而且刘老师虽然有时候不太擅长表达，但是真的负责任，考试的时候一直担心大家看不懂题解释了好久，虽然并没有解释清楚。。总之人很好
70091,431,刘鹏,2018-01-26 05:45:29,10,13,3,上了刘老师数电，虽然很低，但的确自己没考好。所以义无反顾又选了老师的计组，果然还是超多干货，而且仔细听其实上课讲很多领域前沿的东西的。人超级认真，讲得也超级好，看得出刘老师的确喜欢这些技术，会和你有条理和你讲清楚，会认真教你。大作业认真做，会对原理了解得非常清楚。而且这学期计组给分很好啊。不枉义无反顾继续上刘老师的课。
78514,431,刘鹏,2018-05-12 12:16:21,3,6,3,你上课到底讲了点什么\n\n上面说干货满满是认真的？？？
78915,431,刘鹏,2018-05-17 00:08:14,6,6,0,真的了，刘鹏和他的助教改期中真的是严的可以，你平时严格可以，但是期中占比不少，你这么搞让教学班和其他班的同学拉开莫名其妙的差距，有意思么，都是学生过来的，改卷能正常点么，莫名其妙
78917,431,刘鹏,2018-05-17 00:50:54,2,4,2,好评的都是坑学弟的吧\n\n能真心一点么
79216,431,刘鹏,2018-05-27 11:30:16,1,2,1,夏学期的课在上些什么？？？
82041,431,刘鹏,2018-07-07 02:33:56,2,2,0,慎选，不要存着我是大佬或者我很努力的想法觉得自己还有希望
84503,431,刘鹏,2018-07-13 04:12:13,6,7,1,我觉得刘老师上课讲的还是很认真的。虽然讲得快，但是每节课前会复习上节课内容；虽然作业多，但是作业都是历年考研题和期末题，确实是很有用的（不过不会做是真的）。还有就是今年期末最后一道18分的大题，基本都不会做，所以绩点会比较低吧，但这恐怕是哪个老师都救不了吧…………我觉得老师已经调分了，不然按我的平时成绩，就真的一言难尽了……
84691,431,刘鹏,2018-07-13 14:27:04,0,2,2,给分真的差..数设3.6？？？？真的是绝了
92679,431,刘鹏,2019-01-26 02:36:14,4,4,0,认真负责，热爱学生，严格要求，有真才学识
100302,431,刘鹏,2019-01-26 02:36:25,10,10,0,讲的太好了!老师英俊潇洒!上课认真!平易近人!来浙大不上刘老师的课真是人生大憾!
102549,431,刘鹏,2019-02-07 06:25:24,2,2,0,老师很好！！教得也很好！！很认真地在教学生想让学生学到东西！！ 教学资源也是开放的！上的计组
103054,431,刘鹏,2019-02-25 23:57:13,4,4,0,人帅课好
103167,431,刘鹏,2019-02-26 10:23:31,9,9,0,口头禅“这个我要说明一下”，哈哈哈
111364,431,刘鹏,2019-07-09 17:25:14,8,13,5,今年数电调分力度不小啊，可能是期末比较难吧。期中才70+，期末没做完题，结果4.8，感谢刘boss，一学期下来学到很多，下学期继续刘boss的计组，嘿嘿
114075,431,刘鹏,2019-07-08 17:34:35,2,3,1,大魔王数电还没出分，我哭了
114545,431,刘鹏,2019-07-10 14:17:09,0,1,1,老师其实挺好的，资料很全，全都挂在网站上，讲课认真听会发现老师讲的是比较细致的，比较强调重点。还要给助教小哥哥打call！！讲题真的好！最后，期末评分真的是给我惊喜???！！！
114546,431,刘鹏,2019-07-10 14:35:43,3,3,0,不会点名，但是每节课都有作业，虽然老师讲课好多话都是重复，还有这个给大家说明一下这个口头禅，但是讲的是很清楚的，期末给分也特别好，4.8get(๑>؂<๑）
114611,431,刘鹏,2019-07-11 00:42:10,0,2,2,感觉到老师确实根据同学们的意见改进了，至少这学期作业并不多，到了后期一节课也就一两道题，期中考试给的分数也很高
114711,431,刘鹏,2019-07-11 04:57:39,1,2,1,老师能力很强，而且很负责，上课偶尔会点一下睡觉的同学，但是老师自己的网页资料给的是真的齐全，历年题目和答案都有。现在平时作业布置的也没有太多，很合理，能够让你认真学。期末给分也很不错
117454,431,刘鹏,2019-09-24 13:18:26,5,6,1,这个给大家说明一下
133237,431,刘鹏,2021-02-20 03:15:25,-1,0,1,给分很严格，作业小测大作业都严格给分，上课体验一般，讲课感觉还是念PPT，前面的课讲的挺好的，虚拟内存讲完之后刘鹏上课就开始划水，后面几次课经常提前一节课下课，考试会涉及到许多课本上的东西上课没讲到，需要自己去看，口头禅是“这个给大家说明一下”
141713,431,刘鹏,2021-10-21 11:40:43,-1,1,2,计组讲的真的不错
152756,431,刘鹏,2022-04-19 08:33:50,6,7,1,隔壁sjz班来报道\n\n数电还是选他吧 别被评分给骗了
152976,431,刘鹏,2022-04-23 00:15:39,4,5,1,老师人非常好，只是上课思路很跳跃，参考前面的评论确实很自嗨，不是很能知道他在说什么。如果想要课上跟牢他，建议课前先预习20页教材，上课效果会好很多，如果是新课直接听会经常听不懂。总之靠自己吧，加油。这门课本身内容不是很难，但是题目很难
153833,431,刘鹏,2022-05-12 11:45:00,17,18,1,上课认真，学在浙大资料很全。但上课听不懂，经常开局讲一些初学者听不懂的东西，上他的课不预习很可能听不懂，不过数电的三个老师都差不多，都默认你是半个数电高手。门电路课本80页的内容两节课就讲完了，不预习的话推荐直接翘课。
155307,431,刘鹏,2022-06-10 12:27:27,6,8,2,补充讲义的部分上课听不懂。完全找不到重点，还有些内容讲得太快然后作业又有上课没讲过的知识点，总结：数电不如自学，你不预习去了你也听不懂
157053,431,刘鹏,2022-06-21 18:19:37,6,8,2,人非常好，但是讲的一般，听不懂，没有重点，也是考纲的真子集，不如自学。这门课考试难度太大了点
157649,431,刘鹏,2022-06-24 08:05:02,5,6,1,靠 我还以为微码控制器不考
158009,431,刘鹏,2022-06-26 07:19:34,-7,9,16,刘鹏老师数电生存指南：\n\n趁着没出分来评价一波。\n\n老师真的是个好老师，也是十分尊重学生（没有隔壁pua的情况）。老师上课很认真，作业也看的出来是精心挑选过的，课件也思路清晰适合考前复习。\n\n不过还是结合本学期学习写一点生存指南吧。\n\n首先是作业的事，老师的作业出的很认真。期中考前的章节作业题和考试题型对应的很好，基本作业好好写，好好上习题课就可以对付考试。不过期中考后的作业就和考试对应地没那么好了。尤其是补充讲义微码控制器部分，建议大家早一点看看期末考题型，早做准备。\n\n其次是小测的事，老师的小测不存在刁难的情况，好好写作业好好上课就几乎可以到达满分（笔者四次全满）。小测也和作业一样，期中考前和考试题型对应较好，之后的就不是特别对应了。\n\n不过其实数电好好学是不难的（虽然笔者期末考爆炸），期末考真的就是题量有一点大，同学们可以刷一刷往年题增加一下熟练度
158172,431,刘鹏,2022-06-27 09:50:16,-5,4,9,给分不行！！！虽然讲课教得好qwq
158281,431,刘鹏,2022-06-28 04:25:30,31,33,2,虽然评论区清一色人好，但讲课不怎么样，没有重点，听不懂，不是那种课难导致听不懂的听不懂，而是没讲清楚的那种听不懂。微码控制器没出作业，上课也只是讲了一小节课就出大题，上课讲的内容简单但又讲得不是很清楚，考试难度和上课难度又天差地别
158505,431,刘鹏,2022-06-30 01:07:45,7,8,1,海星吧
160299,431,刘鹏,2022-09-17 14:36:30,2,4,2,声音太小了，并且不会用话筒我笑了
161929,431,刘鹏,2022-11-15 05:41:50,6,9,3,绝了这人，研究生课小测测他3，4个礼拜布置看的论文，这tm谁还记得论文有些什么东西
170806,431,刘鹏,2023-07-02 04:28:52,41,44,3,出分最墨迹，给分最拉胯，真的无法理解你的逆天
171068,431,刘鹏,2023-03-15 11:59:50,1,4,3,讲课非常不认真
171070,431,刘鹏,2023-03-15 12:03:02,2,4,2,上课很简单，还tm跳着讲，作业难得一批
171287,431,刘鹏,2023-03-21 02:16:46,12,14,2,逆天，讲课一整章一整章跳着讲(关键是跳过的内容期末要考)\n\n讲课速度慢(莫不是因为此 所以跳过很多内容)\n\n作业布置超前，做的我想死，最后给分还烂（错一点点就扣分）\n\n隔壁wwd作业订正后上交，认真订正基本上作业分满的\n\n还有一些魔幻操作，我都不知道他以后会做出些啥来了
171416,431,刘鹏,2023-03-24 09:41:00,9,10,1,优点：人好\n\n缺点：讲课烂\n\n上了他的课你就会知道听课是不可能学会的，想学会全靠自己看。随便吐槽一下信电的数电，和模电一样，这门课也是杂交出来的，普通数电的部分只有2.5个学分，然后剩下的是写的烂的一批的自编教材（且无答案）。
171809,431,刘鹏,2023-04-06 08:30:14,0,0,0,人还不错，上课不行，赶着去造火箭坦克么？还有就是小测......一言难尽......
171960,431,刘鹏,2023-04-17 02:08:49,3,4,1,上课不认真，小测太多且难。很多跳着讲，剩下的给学生自己学。作业布置了上课没讲的。学生压力大.................很抽象
171998,431,刘鹏,2023-04-16 15:55:29,1,1,0,小测能不能再抽象一点😅
172038,431,刘鹏,2023-04-18 03:14:04,-6,2,8,连续上了刘老师的数电和计组，感觉收获颇多。虽然老师上课不会太关注考试重点，但是拓展的很多知识还是很有用的
173475,431,刘鹏,2023-05-25 15:23:54,4,4,0,人是很和蔼\n\n但是这个上课内容跟作业小测毛关系没有是怎么回事
173528,431,刘鹏,2023-05-28 03:37:29,3,4,1,大师讲座，但我水平太次\n\n虽然老师人好，但数电这门课还是给我留下了阴影
174837,431,刘鹏,2023-06-19 01:22:43,3,3,0,老师人很好，但是我真的学不会数电，个人感觉比模电难......
177191,431,刘鹏,2023-07-02 04:58:40,4,5,1,想学数电的可以来，想拿成绩的快跑
177303,431,刘鹏,2023-07-03 00:01:33,4,4,0,人好分差  心软了
177508,431,刘鹏,2023-07-03 14:08:18,8,8,0,平时分正态，隔周小测，离谱还得是你
180836,431,刘鹏,2023-09-27 05:40:23,15,16,1,刘老师，不点名。数电实验全靠自学，计组基本也是。非常痛苦，快跑。别指望在上课学到东西，下课要花非常多的时间，如果拿成绩的话，性价比极低，因为给分差，事情很多。完全影响卷王的竞赛和科研，也影响想躺平的同学。跟刘鹏学，太痛苦了。计组我舍友跟我说，一次论文小测，刘鹏发全英文论文，给你自己读，一篇21页。这次发了四篇。这仅仅是一个论文小测，还有什么project，还有实验课。事情太多了。我觉得没必要。而且作为一门课程要依靠学生自己花非常多的时间去自学，才能拿到4.2或者4.5的课程。我觉得真没必要。这些时间花在srtp和竞赛上不香吗？
184086,431,刘鹏,2023-12-08 09:35:26,7,7,0,作业真的又多又麻烦
187090,431,刘鹏,2024-01-14 12:04:53,10,10,0,虽然他的任务多，但是他给分低啊😊
189043,431,刘鹏,2024-01-21 11:36:32,7,7,0,屁事一堆，给分巨烂
190571,431,刘鹏,2024-03-09 09:17:16,5,6,1,计组上课教①，考试考②，绩点拿③。为了拿平时分，好好做作业、做实验，不如看论文论文测试拿满分，梦回英语阅读理解😂😂😂😂。lp的平时分太难拿了，期末考试90+也拉不回来。
193825,431,刘鹏,2024-06-20 03:12:17,5,6,1,刘boss，捞一捞吧
195079,431,刘鹏,2024-06-26 17:14:17,13,13,0,感觉给分不好
195131,431,刘鹏,2024-06-27 02:01:06,23,23,0,给分真的差
195168,431,刘鹏,2024-06-27 04:00:29,9,9,0,给分真差
195462,431,刘鹏,2024-06-28 07:16:02,10,10,0,上课觉得这个老师还行，为什么只有这么低的分数。出分之后，活该这么低，数电杀杀杀。
195520,431,刘鹏,2024-06-28 14:10:00,12,13,1,数电是这样的，学生们只要隔周准备小测并且参加两次阴间考试就行了，老师们要考虑的东西就多了
195572,431,刘鹏,2024-06-28 23:51:44,8,10,2,纯纯逆天。给分巨差。这次期中一半人不及格，期末也一半人不及格。最后出现很多的总评60+\n\n纯纯逆天\n\n给分巨烂，事情巨多，教书巨差\n\n简直考研套餐、\n\n真的想骂死这个老师、\n\n纯纯sb
196010,431,刘鹏,2024-07-01 06:11:17,6,6,0,给分纯构思
198773,431,刘鹏,2024-09-11 13:55:08,0,1,1,人很和善。\n\n除此之外难以列举推荐选课的理由——课程与考核脱离、课程测试过于频繁、课程进度过快、讲解不清晰、考核难度过大、给分过低，建议不要选
205242,431,刘鹏,2024-12-03 07:04:47,4,5,1,妈的有病
205261,431,刘鹏,2024-12-03 11:21:39,1,1,0,事情有亿点点多
207207,431,刘鹏,2024-12-20 00:41:50,0,0,0,24-25秋冬计组：老师人很和善，授课水平我觉得还不错，不点名。本学期工作量并不算大，一次纸质作业，两次project，两次开卷小测。文献阅读经常布置，但是本学期只有第一次小测测试了；第二次小测老师看我们没写完，让我们带回去写下周交😭。计组课程本身内容有用，是电科为数不多合理的课。
208438,431,刘鹏,2024-12-27 16:24:03,1,1,0,事真多，教的很差
208810,431,刘鹏,2025-01-02 06:30:41,5,5,0,....考完试别的班的说pipeline是作业原题，，，历年卷发的也不全，别的班同学说好多是lp没发的那几张历年卷原题，，，而考场上的我仿佛一个小丑一脸懵逼
217846,431,刘鹏,2025-04-17 06:52:25,3,3,0,小测仙人，快跑
218658,431,刘鹏,2025-04-28 10:43:56,-4,0,4,老师有用心备课的。
218683,431,刘鹏,2025-04-29 01:34:29,2,2,0,逆天  上课不知道在上什么
218699,431,刘鹏,2025-04-29 05:46:17,0,0,0,数电是上的真的不行、、、推销计组来的
219228,431,刘鹏,2025-05-23 08:20:18,1,1,0,老师很好，我想死
219405,431,刘鹏,2025-05-26 13:10:32,2,2,0,老师你的人类工效学课程确实很能给我一些东西，可是你在大家汇报的时候打断我们的同学也很不礼貌诶😭
219722,431,刘鹏,2025-06-18 09:50:55,3,7,4,上课稀烂，每天老奶奶说梦话一样不知道在讲些什么，天天就在推销他那个计组，数电全是看王红的课和自己看补充讲义学会的。黑板字写得贼轻，坐第一排都看不清，还很喜欢叫最后一排的同学回答问题。逆天夏学期5.6.7连测三周，真是把小测当签到了。唯一好的是他的助教，习题课ppt很认真，会自己总结方法，回答问题也很认真很及时，期中小测全靠助教gg捞捞。\n\n\n\n出成绩二编：出成绩了，这个学期给分很好，直接满了（但我之前说的都是真实体验）听说改卷是lp和wwd亲自改，应该是捞了不少，看来这个学期比较仁慈。如果想选他的课的话建议注意一下小测时间，不要因为没提前通知最后缺了
220090,431,刘鹏,2025-06-15 01:15:05,2,2,0,。。人类工效学不要选了吧
220110,431,刘鹏,2025-06-15 04:15:04,0,0,0,很恶心的老师，低分不说，汇报的时候还搞各种ex操作，绩点给我低到2.4我上大学来最低绩点就你了
220201,431,刘鹏,2025-06-16 08:46:50,0,1,1,人类工效学避雷，给分差不说，上课完全不知道在讲什么，没人愿意听，几节课下来我的收获几乎是0，非常后悔第一节听完没有退课。
220316,431,刘鹏,2025-06-17 08:25:36,0,0,0,人类功效学快跑吧，上面均绩别信
220513,431,刘鹏,2025-06-18 10:27:48,1,3,2,如果教的好的话，教的还是不错的
220525,431,刘鹏,2025-06-19 07:41:28,3,5,2,小测很多，有两次小测占比高一点，其他的起到一个签到的作用。习题课一定要去（助教讲得比老师好hhhhh）\n\n看到分数那一刻所有怨气都消失了\n\n不多说，赞美刘鹏✋😭🤚
220531,431,刘鹏,2025-06-18 11:36:48,3,3,0,人体工效学的老师是心理学的不是这个信电学院的刘鹏啊，大家别打错地方了>_<|||
220624,431,刘鹏,2025-06-19 04:28:06,5,7,2,刘鹏老师人很好的，就是讲课比较尴尬，这学期的助教很好，发表一下3.6-4.2分段的建议。\n\n1、《数电》平时学习可以看刘鹏，可以看b站王红，多听几遍组合/时序逻辑、脉冲电路、ROM；\n\n2、抽出时间刷一下历年题，有一些题型是一样的；《补充讲义》多看教材、课件和历年题；\n\n3、课后作业是老师精心挑选过的习题，综合且有用，期中期末之前可以复习；\n\n4、做好自己，分数很高的人都是各方面很聪明的人，接受自己的平庸；\n\n刘鹏老师打10分帮老师提一提分，老师辛苦了！其他就不多说了，大家都知道，都聪明。
220881,431,刘鹏,2025-06-20 09:07:38,2,3,1,讲课不太清晰，建议听B站清华王红老师网课。\n\n小测很多，这学期期中考前测了一次，期中考后连续三周小测，小测真挺频繁的...\n\n不过lp班没有大作业，隔壁wwd班虽然小测不多，但有大作业。\n\n总分来看，老师和助教应该是尽力捞了，但奈何这门课期末占比60%，所以还是看自己期末发挥吧。
220942,431,刘鹏,2025-06-20 11:56:25,0,2,2,出分了，我收回之前的一切诋毁，我承认之前是我狗叫的太大声了，lp和助教伟大无需多言！
220945,431,刘鹏,2025-06-20 12:12:43,0,1,1,出分前我大骂特骂，出分后我滑跪叫爹\n\n可能有幸存者偏差，但是问了一圈比隔壁给的好是肯定的了\n\n教学水平就像个人天赋，强求不来，但是给分是态度问题（胡言乱语）\n\n所以我给老师和助教的态度打10分
221272,431,刘鹏,2025-06-22 11:21:17,1,1,0,上课要是讲得好应该是9分以上的水平，还是选择听王红老师吧
221664,431,刘鹏,2025-06-25 07:09:27,0,0,0,小测仙人！但是白化了！发来贺报！
20833,460,张朝阳,2016-02-01 12:31:35,18,26,8,绝对的好老师，讲课十分清晰有调理，精彩讲述课程相关最新成果。赞一个
33692,460,张朝阳,2016-09-21 05:47:55,-6,0,6,呃呃呃
46549,460,张朝阳,2017-01-22 02:37:15,2,3,1,讲的很有料，也很认真
46571,460,张朝阳,2017-01-22 03:03:00,6,7,1,老师给了我第一个满绩，粉一下。就是老师以后上课希望能用话筒，要不后面的同学听不见?
47388,460,张朝阳,2017-01-26 00:41:17,8,9,1,信电系最大佬的老师，真正的传道受业，超级棒的老师
48433,460,张朝阳,2018-11-28 03:47:03,4,5,1,讲的比较详细，对学生也很负责，就是选课的人一多，教室又大，老师还不太喜欢拿话筒，坐在两侧第五排就已经听不清老师在讲什么了，哎~
67287,460,张朝阳,2018-01-20 15:09:03,2,2,0,出分前来赞一个 老师很棒 就不知道最后给分如何了
72168,460,张朝阳,2018-01-29 13:46:21,4,4,0,老师超级nice
76009,460,张朝阳,2018-03-24 06:30:03,3,4,1,老师可以说是超绝nice了 小测只有一次也不打分估计就当点名了 讲课有趣还经常介绍最新科技成果 其实坐后排也听得见 非常喜欢了 给分也没话说 课程均绩4.19不是骗人的
87686,460,张朝阳,2018-10-10 05:02:56,0,0,0,上课调理逻辑清晰
101746,460,张朝阳,2019-01-29 03:21:13,4,4,0,老师真的讲得很好，还会讲一些课程相关的其它知识。而且老师本人也超厉害！还有，课程均绩4.16是真的！好好学绝对有一个很高的分数！
128360,460,张朝阳,2020-12-21 08:37:25,1,1,0,个人感受：或许是个人不适合这种讲课方式吧！上课体验不佳，get不到信息论的课程内容重点，自学难度感觉有点大，毕竟感觉这本教材不是很友好，很多知识点就简单说了概念，不太容易理解，建议mooc。不过相比于其他班，小测和作业少了许多
133056,460,张朝阳,2021-02-07 09:21:07,2,2,0,感觉讲的确实好，上课比较细致，而且还经常提醒走神的同学。虽然今年试卷很怪，但最后的给分真的惊喜！
164944,460,张朝阳,2022-12-28 03:10:58,4,5,1,听说给分挺好。但是上课..见仁见智吧
167698,460,张朝阳,2023-01-18 11:06:23,4,5,1,水平很高，要真听信息论还得是这个老师，确实讲的很清楚，只是讲的实在太快了很难跟上，建议课前适当预习了解。另外，给分是非常好的，必须要选他。今年卷子很难但是给分依然给力
186253,460,张朝阳,2024-01-10 05:51:41,2,3,1,讲的我是觉得不行，没什么重点，给分不知道
189598,460,张朝阳,2024-01-25 14:54:01,2,2,0,点名是没有的，讲课是听不太懂的，给分是么牢牢好的
213026,460,张朝阳,2025-01-16 02:19:19,1,1,0,事情少中少，给分神中神
213034,460,张朝阳,2025-01-15 19:33:12,1,1,0,好，给分好，分数一出就来了\n\n老师不点名，但是会在群里催同学来上课，人太少会再催，课还是得去上的\n\n大作业个人感觉我做得很一般，考试还行，最后分数比较惊喜，应该被狠狠捞了\n\n事情不多，给分还好
213042,460,张朝阳,2025-01-16 01:01:18,1,1,0,给分神中神，伟大无需多言
213085,460,张朝阳,2025-01-16 03:30:39,2,2,0,给分是真的好！！！
1909,511,郑史烈,2015-03-26 06:16:23,2,7,5,很快，不过预习过去听效果很好。是个大姐姐，人很好。
9033,511,郑史烈,2015-10-11 05:35:26,8,10,2,无敌！
9034,511,郑史烈,2015-10-11 05:36:24,4,5,1,有活力
30383,511,郑史烈,2016-07-01 12:55:12,4,7,3,反正比院长是要好......
30385,511,郑史烈,2016-07-01 12:56:42,0,1,1,讲得超级好！第一次遇到讲得这么棒的老师，很有耐心
30405,511,郑史烈,2016-07-01 13:31:21,1,1,0,给分很好\n\n
32767,511,郑史烈,2016-07-12 13:20:13,10,12,2,楼上的，上课你们都听得懂？
74672,511,郑史烈,2018-03-05 05:06:51,2,3,1,只听了一节课赶紧过来打分，虽然很多都听不懂，但只能说是自己把物理常微分都忘了?，我觉得一位教授能讲得这么有活力和生动（还有小段子）已经完全能让我给满分了，何况她看起来又那么漂亮而年轻!\n\n个人感觉事先把公式自己捋一遍听她的课会非常舒服。
75791,511,郑史烈,2018-03-18 09:01:46,10,10,0,上课快到飞起
80949,511,郑史烈,2018-07-03 03:37:47,1,1,0,我觉得很棒！
81048,511,郑史烈,2018-07-03 12:22:59,20,20,0,很喜欢的老师，非常认真了，大学里遇到的第一个会自己在课程群里答疑的老师。本来对场波不太感兴趣的，但是老师真的是在用学生的角度思考一些问题。有时候会问听没听懂，重要的知识点会讲好几次。一个魅力十足又积极生动的大姐姐
82670,511,郑史烈,2018-07-09 02:36:58,12,13,1,表达能力超棒，待人热情，关爱学生，乐观知性。场波再难，有这样好的老师在讲课，你会不自觉地有坚持下去的动力，而这位大姐姐也也知道同学们学起来很苦，不仅在课堂上鼓励我们，在课后QQ群聊天时也认真回答我们的问题，不断鼓励我们。\n\n有的老师只是来讲课的，而有的老师不止讲课，也讲人生，她会将自己的乐观、勤奋、善良、负责带给每一位学子。\n\n老师名字中有个烈，烈为男儿，柔情似水，刚柔并济，形容她不能再过合适了。
82676,511,郑史烈,2018-07-09 02:44:47,2,2,0,(｡･ω･｡)ﾉ♡
82680,511,郑史烈,2018-07-09 02:50:02,1,2,1,真的超级认真负责的老师。
82687,511,郑史烈,2018-07-09 03:22:39,1,2,1,虽然对场波不感兴趣，但是老师非常好，很负责，特别好的一个大姐姐
82695,511,郑史烈,2018-07-09 03:32:49,4,4,0,老师真的像个大姐姐一样，不仅在课堂上传道受业，也会和我们分享她学习的故事，教我们一些人生哲理。有这么美的老师，场波还怕学不下去吗!
86247,511,郑史烈,2018-09-11 12:01:21,1,1,0,棒！超级负责
105228,511,郑史烈,2019-04-08 01:45:35,1,1,0,great
114250,511,郑史烈,2019-07-09 10:19:43,1,1,0,。。。
114289,511,郑史烈,2020-02-26 00:45:30,-74,9,83,场波是真滴难，今年题型一变，我就被来了个措手不及，结果只有4.5，喜提目前信电四大天书最低的一门，也有自身在这学期状态游离的因素。对于我来说，概念掌握，场波思想可能确实不够到位，我还停留在刷题层面，这里我感觉有点对不起老师。老师态度认真，对我们体贴，所以我给10分。只能说是自己没做好，状态不在，还是我可以认为是场波这门课的确难？要不然的话我需要在下学期重新端正学习态度了……
122785,511,郑史烈,2020-04-06 13:45:25,1,1,0,老师上课快到飞起，感觉自己都要崩了
123174,511,郑史烈,2020-05-16 01:46:06,6,6,0,复习的过程中发现，郑老师的PPT是总分结构的，每一个较大的知识点都会先列出公式，所以学习的时候碰到不能理解的先不要急，后面都会逐一展开讲的。\n\n场波是真的难，老师讲的也不慢，还是要多看书，多看ppt，题目倒不难。\n\n老师讲的还是挺好的
124730,511,郑史烈,2020-07-07 09:01:53,-28,4,32,今天出分了，小测50多，期中60多，期末抄了历年卷，总评90，谢谢老师捞我
134053,511,郑史烈,2021-03-14 12:03:08,0,1,1,上课节奏实在太快，高出别的班好几截
134956,511,郑史烈,2021-04-25 03:16:37,6,6,0,好老师，上课充满激情，节奏一如既往的飞起（\n\n场波真的是数理基础的照妖镜，是我不配了
139295,511,郑史烈,2021-07-14 05:46:11,2,2,0,呜呜呜姐姐太好了！
139453,511,郑史烈,2021-07-16 00:22:07,3,3,0,老师很能捞
155610,511,郑史烈,2022-06-14 15:34:20,4,4,0,2022.6.14，还没有期末考试，来评价一波。\n\n上课个人体验是：引入新知识较快 + 常常省略详细数学推导 + 会重点深入讲一些点 + 例题比较少 + “那么给你时间给你公式你自己就能推出来…”之类的话让人觉得感到明明什么都还没记住怎么讲完了（笑），这几个因素导致如果没预习那么上课有可能跟不上，因此【尽可能预习】，最好是能把数学推导提前解决一遍。否则听一堆概念时感觉还行，当突然深入展开某个点，就一下子懵掉了qwq。\n\n如果没预习，那么课后慢慢拉智云倒也可行，就是比较费时间。印象比较深刻的是电各向异性介质那里，智云一边按暂停一边手推张量运算，发现讲得还是很清楚的（还好期末不考）。\n\n还有一个重点是场波上课基本上没时间细讲做题。所以下来一定【要看教材的例题】，否则作业不会做还是挺痛苦的。另外期末是翻书开卷所以书还是要尽可能熟悉。\n\n郑老师上课还经常说一些联系到工程实现的东西，应该是希望讲清楚学了场波能干什么，如果因为跟不上而听不懂这些内容那还是挺可惜的~
157624,511,郑史烈,2022-06-24 05:02:34,1,1,0,老师太好了！
157941,511,郑史烈,2022-06-25 16:32:22,14,14,0,-“我儿子今年高考，清华的强基计划怎么样啊”\n\n “哦，都是土木之类的，天坑专业，不去！”\n\n-“今天我儿子高考，想想还是来上课吧，在那边干等着紧张死。”
158354,511,郑史烈,2022-06-28 15:54:36,3,3,0,我的神！
175003,511,郑史烈,2023-06-21 02:29:41,5,5,0,刚考完，女神捞捞我～\n\n\n\n今年卷子和历年卷差好多，吐了
176737,511,郑史烈,2023-06-30 04:17:28,0,0,0,zsl姐姐人美心善，给分好，大伙狠狠地选
176759,511,郑史烈,2023-06-30 04:18:54,0,0,0,老师人美心善，给分好，大家伙给我狠狠的选
176765,511,郑史烈,2023-06-30 04:54:17,0,0,0,人真好哇
176820,511,郑史烈,2023-06-30 09:07:19,0,0,0,我的女神！
176850,511,郑史烈,2023-06-30 11:34:05,0,0,0,我的神
179823,511,郑史烈,2023-09-20 01:52:25,1,1,0,真的很好
195873,511,郑史烈,2024-06-30 13:20:40,2,2,0,非常非常非常好！！！场波虽然是四大天书之一，但是如果你选到了史烈姐姐，那恭喜你，即将获得非常好的一学期体验~首先，史烈姐姐长得非常漂亮（⁄(⁄ ⁄•⁄ω⁄•⁄ ⁄)⁄）其次，史烈姐姐上课非常好，努力跟着史烈姐姐的思路，不过姐姐不会很详细讲数学推导，个人觉得不影响做题，当然课下自己推推还是非常有好处的，有助于理解和记忆。千万不要因为中间一两节课没跟上就放弃了，总体听下来努力跟着史烈姐姐准没错滴！再者，史烈姐姐人特别好，课下答疑非常超级无敌耐心，包会的，也很鼓励我们去和她交流~个人认为，场波学习最主要的第一点就是克服畏难情绪，其实一点一点扎扎实实学下来，感觉会越来越顺哒，祝学弟学妹们学习顺利！
199959,511,郑史烈,2024-10-09 12:52:50,1,1,0,特别好的老师，发邮件问她问题得到了非常细致有用的回复TAT，感觉一下子拨云见日
219723,511,郑史烈,2025-06-05 01:15:24,4,4,0,史烈姐姐我最好的史烈姐姐😊，感觉以后很难遇到这么好的老师了。史烈姐姐虽然讲课偏快但真的讲的超好，对场波是有自己的理解和心得的，她真的希望我们在场波中学到知识，可惜我脑子不好真的有点学不懂场波。不过史烈姐姐人也超好，明确说过会捞😍
220683,511,郑史烈,2025-06-19 08:11:14,0,0,0,老师认真的超好！钉钉秒回！
221121,511,郑史烈,2025-06-21 10:52:30,0,0,0,信电最受欢迎的老师\n\n实至名归\n\n平时教的很好，节奏很连贯所以一定要听课！！！！！！！\n\n我爱zsl，选到就是赚到
221255,511,郑史烈,2025-06-22 11:36:37,1,1,0,郑老师特别好，可以说是中文班老师里讲得最好了。对学生也特别好，关心我们的学习进度。平时教的很好，节奏很连贯所以一定要听课！！！！！！！期中考裸考考烂了，但最后期末赚回来了，给分牢牢好
171453,540,孙斌,2023-03-24 15:20:07,2,2,0,srtp答辩的攻击性过于强了
171543,540,孙斌,2023-03-28 04:40:17,0,1,1,你没事吧，答辩全程看微信还觉得自己不得了，什么nt
176303,540,孙斌,2023-06-28 10:22:29,0,0,0,看上去很严格 要求高不好说话 选导慎重
472,552,史治国,2015-03-15 02:58:55,69,83,14,太好的老师
897,552,史治国,2015-03-18 12:34:43,31,33,2,老师很好相处，回答问题也特别热情。
3001,552,史治国,2015-05-12 15:02:56,29,31,2,注重学生感受的老师
5726,552,史治国,2015-07-09 08:01:24,17,19,2,老师超级超级好！
6574,552,史治国,2015-07-15 15:41:15,0,4,4,给分再好点就好啦
8623,552,史治国,2015-09-23 08:34:42,2,4,2,好老师好老师
9324,552,史治国,2015-10-21 12:22:17,8,10,2,大智若愚
10025,552,史治国,2015-11-14 11:33:26,1,4,3,不错哒
10096,552,史治国,2015-11-15 18:08:09,1,3,2,棒棒棒！
12043,552,史治国,2015-12-21 14:43:48,-15,5,20,我上的是他代别的老师的课，感觉人很好很耐心，幽默风趣的小老头
12272,552,史治国,2015-12-22 16:36:00,1,1,0,exciting
12720,552,史治国,2015-12-24 02:26:22,12,13,1,很好的老师，上了他的信电导，讲得很全面，考试的一些复习不到的东西上课会提到，认真听课就对了。
18918,552,史治国,2016-01-22 22:12:35,1,3,2,很棒的老师
21326,552,史治国,2016-02-28 04:32:37,13,15,2,一个想给差评都找不到理由的老师
25915,552,史治国,2016-07-06 05:58:54,1,2,1,好老师，很温柔
30165,552,史治国,2016-07-01 04:24:16,1,2,1,好老师！超级喜欢
32370,552,史治国,2016-07-06 09:45:22,1,11,10,就说哪条狗没给满？ 妥妥的10.0
32395,552,史治国,2016-07-06 12:31:13,25,29,4,良心好老师，你听不懂的地方他会停下来讲好几次，讲到你听懂为止。还会在课下为同学答疑，八点的课经常答疑到九点，而且还是在老师要从紫金港赶回玉泉的情况下，真正良心好老师。给分也超级好，对于这样的老师，我只想说再给我来一打。
32416,552,史治国,2016-07-06 15:31:32,10,12,2,良心好老师！幽默帅气睿智温柔！给分又特别特别特别好！
32905,552,史治国,2016-07-27 15:50:17,2,5,3,经常会假装看不懂题目让学生来讲，调动学生积极性\n\n
36962,552,史治国,2016-11-16 23:11:55,5,7,2,外交部前来报道。治国哥哥太棒啦！
37483,552,史治国,2016-11-19 04:40:11,1,3,2,信电导论不错，老师人比较亲近和蔼!
38459,552,史治国,2016-12-05 13:31:42,4,6,2,老师根本不必点名 因为学生肯定到齐了！
38572,552,史治国,2016-12-09 06:13:14,1,2,1,治国哥哥好可爱！
38933,552,史治国,2016-12-20 02:17:37,1,2,1,幽默，平易近人。
39447,552,史治国,2016-12-23 00:31:32,1,2,1,超级好\n\n
42209,552,史治国,2017-01-14 01:57:10,4,5,1,男神！欧巴！
43467,552,史治国,2017-01-16 10:06:43,1,4,3,为什么今年不教数电TAT
51313,552,史治国,2017-05-31 03:55:37,1,2,1,史老师 好老师没毛病
57581,552,史治国,2017-07-10 04:40:15,2,3,1,老师太好了，最好的老师，拿了有史以来第一个满绩
58199,552,史治国,2017-08-20 06:30:52,-13,5,18,反正我满绩了
59975,552,史治国,2017-09-29 10:51:21,5,5,0,讲课很认真，如果哪里听不明白的话会耐心的重新讲解一遍。
59977,552,史治国,2017-09-29 12:17:19,2,3,1,恍然大悟 身临其境 栩栩如生 鞭辟入里
61167,552,史治国,2017-11-09 14:07:06,5,9,4,贡献了很多的聊天截图 人格魅力强大
68245,552,史治国,2018-01-23 01:34:16,2,2,0,虽然没免考有点遗憾，但是老师很好
82147,552,史治国,2018-07-07 08:32:02,2,2,0,老师学识相当渊博，是见过大世面的人。上课也比较有亲和力，对学生也很有耐心。但是在组织课堂这方面还是有一些欠缺，可能也跟老师教授的课程内容本身就比较离散有关。
90687,552,史治国,2018-11-25 08:51:05,19,19,0,老师说话风格有点像大司马，感觉很吸引人。
92777,552,史治国,2019-01-04 10:52:58,1,1,0,老师真的太可爱了，大一读到现在遇到的最可爱的老师，元旦还给大家发红包_(•̀ω•́ 」∠)_
93191,552,史治国,2019-01-08 05:38:22,6,6,0,真正的深入浅出！
97105,552,史治国,2019-01-21 16:06:54,0,0,0,老师非常好！！！！
97264,552,史治国,2019-01-22 07:33:49,0,0,0,很好很好
97268,552,史治国,2019-01-22 07:34:35,3,3,0,肥肠奈斯 爱上了
97474,552,史治国,2019-01-22 09:14:53,0,0,0,非常耐死，信电导感谢95
100088,552,史治国,2019-01-25 14:26:06,3,3,0,可爱的治国霸霸，后悔没珍惜，水过了信电导呜呜
100890,552,史治国,2019-01-27 04:33:19,0,0,0,史治国霸霸真的好呀，讲课好，人更好，给了我大学以来最高分数
102009,552,史治国,2019-01-30 03:41:54,2,2,0,老师很亲和，很踏实，水平也很高
102805,552,史治国,2019-02-23 11:13:46,54,60,6,从信电导论的第一堂课开始就知道史治国老师于一般的老师不一样。重点就是他的幽默风趣、待人处事的态度和于学生的融入，而且总是挂着笑脸，跟治国老师交谈可能比跟坐在傍边的同学还轻松。\n\n	\n\n	在教信电导论的老师之中，史治国老师已经时教的最好的老师了，他会经可能的用大一新生听的懂的词语去解释一些很深奥的原理，而且治国老师也会不断的询问学生有没有听懂（虽然答案几乎都是：没有），不过有鉴于课程的难度，就算老师已经用简单一个层次的语言解释了一些原理，很多时候，学生还时听不懂。因此治国老师在无奈之下，会在课上上演以下对话：\n\n治国老师：“这样解释你们听懂了吗？”\n\n学生：“还是听不懂。“\n\n治国老师：“什么！还是不懂啊！那我就假设你们都懂了吧。“\n\n学生：“无语。。。“\n\n以上也是治国老师独特的个人魅力的展现，同学们还是很喜欢治国老师。\n\n	史治国老师也是QQ的活跃用户，其中一个最令我印象深刻，也是最能体现治国爸爸融入学生之间的的例子，就是他在备课时，在QQ群里说到：“明天上课的PPT我看了两个小时了，还是没看懂。发愁明天怎么给大家讲”，这也是我喜欢治国老师的特点，如此幽默风趣却不是格调，如此平易近人深受学生的爱戴，这就是大智若愚最好的例子。\n\n	接着第二段所提到的师生对话，有一次还还在发展出以下对话：\n\n治国老师：“哼！真的还是不会呀！那我就才布置一份作业，你们回去做完就会了。”\n\n也许就是因为治国老师保持着这种心态，所以我们班的作业总是最多的。不过就算如此，我还是会愿意继续上治国老师的课（沉溺于治国爸爸）。\n\n******结论******信电导论讲课最平易近人的一定时史治国老师，虽然作业时真的多（3~5小时  X  8分实验报告 + 大作业（三个人分15~30小时）+ 三次小考的准备），但只要你愿意听治国老师的课，你就愿意承受作业的量。\n\n******喜欢就帮忙顶上去！！！\n\n
102806,552,史治国,2019-02-23 11:36:37,1,2,1,信电导感觉是大一上最有意义的一节课了，治国爸爸也是碰到过的最有趣的老师～
103788,552,史治国,2019-03-05 15:11:21,3,4,1,治国霸霸太好了吧，听了他的课我想把他所有的课都学一遍！！！！！喜欢喜欢！！！讲课一直在笑！！！
104655,552,史治国,2019-03-26 01:48:27,1,2,1,一个字，棒，两个字，太棒了，是我见过的信电最强王者，治国霸霸，我吹爆！！
115841,552,史治国,2019-08-21 02:05:11,1,3,2,史治国老师，新生见面会讲座好评！\n\n漫漫人生，我来了！
121271,552,史治国,2019-12-25 01:06:24,1,4,3,太好了
126453,552,史治国,2020-09-27 08:35:35,-1,3,4,还可以
131292,552,史治国,2021-01-27 03:39:10,-21,21,42,十分，不解释。\n\n信电导，大一社科菜鸡与信院大二大三学长一起学，本来以为会被碾压，可是只要认真学，八次作业全都认真做，大作业肯花时间，就可以满绩！\n\n好老师！！！
144347,552,史治国,2021-12-21 06:43:32,-6,0,6,呈现出
147836,552,史治国,2022-01-11 03:25:22,1,5,4,非常幽默有趣
152126,552,史治国,2022-03-28 03:22:59,2,4,2,太好说话了 会讲道理 真的改了绩点 感动
164195,552,史治国,2022-12-19 06:46:51,10,11,1,大家信电导真的听得懂嘛呜呜呜我听不懂
164919,552,史治国,2022-12-27 15:48:13,4,5,1,信电导。主要说给跨专业的同学参考\n\n这个老师讲得真的很好，老师人也很好，讲课准备充分，也幽默、体贴同学\n\n但是相较而言，事情真的非常多，8次作业比别的老师多出一倍（我同学班4次），课程设计别的老师都取消了，但他的班依然需要线上完成\n\n助教眼光比较严格，作业必须用word且很在意word的排版，更花时间了（在卷没用的东西上），作业批改不写评语但是会扣不少分\n\n对本专业想学的学生而言是好老师，来拿跨专业学分或者希望事不要太多或者希望高性价比的慎选
166690,552,史治国,2023-01-13 08:45:41,4,5,1,其实后面几堂课听不懂也不要紧（网课不由自主开摆）今天出绩点4.5（真的很开心）\n\n考试的时候开卷也挺舒服的\n\n然后至于作业我想说用软件搭出加法器真的很有成就感 而且word排班也在锻炼以后写论文的能力\n\n大家信电导不选治国爸爸我真的会难过o
166695,552,史治国,2023-01-13 08:52:02,-5,3,8,卡绩大师
166726,552,史治国,2023-01-13 10:27:20,2,2,0,老师绝对是好老师，除了有点听不懂。但是没关系
166855,552,史治国,2023-01-14 02:47:15,4,4,0,幽默、耐心、宽容，让有难度的课不折磨，是个好老师
170582,552,史治国,2023-03-07 02:21:33,1,1,0,很厉害
179395,552,史治国,2023-09-14 09:06:03,2,2,0,老师讲的好有意思啊
184759,552,史治国,2023-12-22 13:51:58,0,0,0,66666666
185384,552,史治国,2023-12-28 14:39:44,9,9,0,米兰的巧克力好吃😋
187844,552,史治国,2024-01-17 14:46:47,-5,6,11,信电导，体验极佳，最后满了，来扯两句：\n\n关于点名：不是真正意义上的点名，但是每次上课会有一定概率从点名册上抽取2-3个同学回答上次课相关的问题，如果没来就会被扣平时分；\n\n善良助教zxc：我们组课设的面包板接触不良地有点离谱，甚至分不清是不是逻辑错误，重新搭建也没用，最后倒来倒去，助教还是宽容慈悲地放我们过了（还是给满的！！！）\n\n期末：信电导期末是开卷的，最好是把课本看熟，如果卷一点的话，可以利用第二版教材的最后面那个思维导图，标上页码。准备充分的话，可以错的地方是很少的
213966,552,史治国,2025-01-22 14:57:40,3,4,1,为什么  为什么啊  我要哭了  小组作业都是我一个人做的  最后还是验收一遍通过  \n\n\n\n每次作业都是提前给助教看过说已经ok了才提交的  期末考是89分（占40%）  为什么总评只有这么点啊\n\n\n\n好难过😭😭😭\n\n\n\n更新：问了助教和老师  他们说是因为课程组要统一所有班级的平均分（我测保证各班平均分一样居然是写在信电教学文件里的😅）所以调低的  应该是被迫卡绩了（是的所以下了两档…）\n\n\n\n老师人很好 讲课水平很高 去日本出差还给我们带了巧克力 成绩他说他也没办法只能让我们理解一下😭
214795,552,史治国,2025-02-18 03:02:16,0,0,0,现代电路基础课程  \n\n夏学期开始(or数电部分结束)会有比较高的可能点名 不过个人认为点名在于人数不齐.\n\nszg老师点名提问但不计出勤 zjf老师会点名记出勤.\n\n课程本身还是很不错的 可以学会不少电路知识 仿真lab也很有趣(除了最后的字符串展示都在ppt可抄，对好引脚啥的就行)\n\n面向ppt学习应该就能速通\n\n看了一下其他评论 确实 仿真可能需要课外花点时间 印象里simulink，matlab是无辅导(会给参考文件)直接上手的 vivado勉强还给个起步的指导
38153,556,施红军,2016-11-25 03:07:28,1,1,0,炒鸡耐心帮学生装软件，良心老师
38202,556,施红军,2016-12-16 15:48:48,1,1,0,很负责的实验老师
40643,556,施红军,2017-01-04 12:34:48,1,1,0,施老师人非常好，相信严师出高徒吧~
40910,556,施红军,2017-01-06 08:54:38,15,15,0,这个老师脾气这么好，怎么没有人来点赞！非常有耐心！
50001,556,施红军,2017-04-28 10:05:25,0,0,0,很有耐心！
51414,556,施红军,2017-06-05 07:14:45,0,0,0,讲课有点疙疙瘩瘩表述不太好但意思能表达。资料给的很充分既能满足你没上课自学也能满足你课后拓展。人非常nice帮同学们调试错误很耐心。
52542,556,施红军,2017-06-21 03:10:50,0,0,0,又高又帅 又有耐心
53670,556,施红军,2017-06-27 09:35:06,0,0,0,老师超好！！！
69252,556,施红军,2018-01-24 11:11:33,1,1,0,一如既往的耐心
105255,556,施红军,2019-04-08 12:20:16,1,1,0,耐心！
121747,556,施红军,2020-01-21 13:17:57,9,9,0,上的是电设实验一。三个老师可以按照身材来分，最瘦的是施红军，其次是李锡华，最后是叶险峰。\n\n施老师整个人超级儒雅，很有耐心（长得还很帅），前前后后帮我orcad装了好几次（每一次都是一两个小时），真的很感动。\n\n____\n\n该严格的时候很严格。比如迟到会被记录，最后一节课实验考试的时候也看着好多人没有画出波形被老师残酷的收走试卷。\n\n但是平时上课老师是真的非常有耐心，也很和善，积极解答你的所有问题（这一点信电真的比工训和大物实验好太多）。这样的老师我觉得才是真正的好老师。三个老师都是值得打十分的。____\n\n但是还是要吐槽一下现在的电设上课模式。1课时的学分，2课时的上课时间，4课时的工作量。确实感觉付出与学分相差的太悬殊（不过确实学到了很多东西，收获满满），最后给分还可以，不好不坏。听老师说是被强行压缩的，老师也很无奈。\n\n
129908,556,施红军,2021-01-13 11:29:51,24,25,1,我天 这么有耐心的老师 真的不多见了 本菜鸡orcad装不好 施老师让我第二天早上什么时候有时间过去 他在教室等我 我真的受宠若惊 哪里有老师等学生的道理！真的被感动了 我的电脑一直很卡 老师就帮我看了看 说让我升级一下固态硬盘就会好一点 还帮我清理垃圾 从早上九点到十一点了 软件终于装好了 他还说要帮我卸载一些拖慢电脑的软件 我问老师不吃饭吗 他说来得及 我天 什么神仙老师！！老师很健谈！和老师也聊了很多 我问他每周2学时的课为什么只有0.5学分 他说实验课和理论课就是不一样的 以前的内容更多 院长已经让他们一减再减了 我去的当天下午还有同学要来期末考试 老师真的是一个人忙了一上午 又是给万用表换电池 又是分配要用的电阻的 真的很辛苦 所以大家不要抱怨课程了！学到了很多东西不是吗！而且老师真的在你看不见的地方 也非常非常辛苦 每次去上课桌面上都整整齐齐的 文笔不好 语言可能有点紊乱 真的很感谢施红军老师！！！
134996,556,施红军,2021-04-26 10:01:34,21,21,0,很有耐心 \n\n以及从气质上与其他几位实验老师格格不入（doge） \n\n建议以后录MOOC多让施老师上镜（
136290,556,施红军,2021-06-15 13:28:42,0,0,0,老师也太好了吧，帮我们装东西，超级有耐心
136513,556,施红军,2021-06-19 17:18:08,0,0,0,真的不错
136859,556,施红军,2021-06-26 05:55:27,12,12,0,两个学期的电设实验，真的太爱施老师了！！！老师超级耐心，问什么智障问题都会细心解答！！！老师总是默默坐在教室后面，每次帮忙解决问题都会特别认真，很温和，而且会讲得特别仔细明白，还会帮忙指导操作！是穿白衬衫的男神老师！！！万分感谢老师在实验中的指导和帮助！！！
137181,556,施红军,2021-07-02 03:16:50,0,0,0,很好很有耐心的老师
137195,556,施红军,2021-07-02 07:02:51,0,0,0,老师真是男神，很有耐心，即使是课外求助，老师也会尽力帮助，真的很感谢老师
143409,556,施红军,2021-11-25 08:09:38,1,1,0,真的太有耐心了帮装orcad
149132,556,施红军,2022-01-14 13:30:51,10,10,0,老师真的非常好，所以遇到问题不要怕，多问就行了。\n\n但必须要吐槽这破课，浪费时间和金钱，怀疑实验课和文印店串通好来捞钱，每次报告少说四五页，也不知道老师们会不会看😔
165459,556,施红军,2023-01-06 10:31:06,4,4,0,满啦！
165900,556,施红军,2023-01-10 09:24:24,12,12,0,实验报告成绩忘记帮我登了，最后成绩修改花了挺大功夫。老师人很好，网课讲得很细致，对学生的疑问也回答很耐心。是摸鱼三人组里最不摸鱼的老师
175093,556,施红军,2023-06-21 13:06:48,2,2,0,给分贼好！
175967,556,施红军,2023-06-27 09:42:35,1,3,2,老师很有耐心，但是学生在上课时经常不认真听，常常反复过去请教老师
191620,556,施红军,2024-04-26 03:10:21,0,0,0,非常好老师，修bug领域大神
192200,556,施红军,2024-05-11 10:06:03,7,7,0,施红军是我的神！不管遇到什么奇葩的电路问题他总能给你找到解决办法。
192993,556,施红军,2024-06-02 05:30:51,1,1,0,从来没遇到过这么耐心、这么温柔的老师！！！\n\n有什么不会的都是去请教施老师，他总是能一眼看出我的问题，然后给我详细讲解，告诉我应该怎么改
195033,556,施红军,2024-06-26 12:27:54,1,1,0,上了两学期实验课，老师人好好
195295,556,施红军,2024-06-27 16:00:12,2,2,0,上课体验电工训远远好于专业课模电实验，我为什么大二了才学电工训5555\n\n\n\n确实是基础课，老师手把手带着体验，非常温柔耐心。整个课就是五次实验报告，事情很少，最后出分悄无声息，考试周开始前就出了
196520,556,施红军,2024-07-04 02:03:20,17,17,0,电设不能失去施红军，就像西方不能失去耶路撒冷
196648,556,施红军,2024-07-04 13:26:35,5,5,0,真的很有耐心！很负责！很好很好的老师！！！
202394,556,施红军,2024-11-12 09:54:40,5,5,0,施老师特别耐心特别慈祥！！特别特别好
204647,556,施红军,2024-11-27 07:31:33,3,3,0,对学生非常友善和耐心，信电学院鹤立鸡群的存在，必须满分！
219061,556,施红军,2025-05-20 07:34:47,1,1,0,真的超级超级负责超级超级牛的老师，电设各种离谱的问题都能查出来，我们Pcb板和开发板离太近跨板短路这么离谱的问题都能查出来，真的五体投地了
219150,556,施红军,2025-05-22 11:02:27,2,2,0,爸爸！
220056,556,施红军,2025-06-14 10:15:01,1,1,0,电设摸鱼三人组是不准确的，至少shj是真的霸霸😭
220613,556,施红军,2025-06-19 02:23:31,1,1,0,老师真的很帅啊啊啊啊啊，给分也很好啊啊啊啊，电设1&2好好做不会很难，shj尽力帮助学生，爸爸，爸爸
220723,556,施红军,2025-06-19 10:15:06,0,0,0,什么含金量不多说，信电救星
221608,556,施红军,2025-06-25 02:13:01,0,0,0,shj你是我的神 实验不会做或者出问题检查不出来找他就好 很帅很儒雅的一位老师 出分很快给分还不错
1484,574,陈鹏飞,2015-03-22 07:29:49,19,28,9,上课比较枯燥，完全按照ppt。不过给分还不错，比较公正\n\n
2927,574,陈鹏飞,2015-05-11 07:34:12,2,3,1,上课不是很有趣，会按照PPT，但是给分很好的很负责。
3923,574,陈鹏飞,2015-06-17 08:41:48,56,79,23,上课无聊作业多
3959,574,陈鹏飞,2015-06-17 11:14:39,19,27,8,作业多！
4263,574,陈鹏飞,2017-09-07 07:03:24,6,10,4,无聊\n\n
4721,574,陈鹏飞,2015-06-26 12:17:30,18,22,4,听不懂TAT
4827,574,陈鹏飞,2015-06-29 08:54:36,7,9,2,心很累。
6076,574,陈鹏飞,2015-07-10 16:34:38,18,25,7,每节课quiz点名\n\n
11814,574,陈鹏飞,2015-12-16 05:26:28,54,72,18,作业真是超多，非常多，特别多，十分多多到无以复加
13837,574,陈鹏飞,2016-01-01 06:41:25,31,48,17,超无聊，作业超多，头发超少
14666,574,陈鹏飞,2016-01-08 07:55:09,18,27,9,以他的知识水平，我给5，但是其他人说的是事实！作业超级超级超级多！因为上课分比重很大，所以到课率很高，就是一门你讨厌得要死，但不想去上都不行的课。
14979,574,陈鹏飞,2016-01-11 11:30:44,3,7,4,好老师。
16338,574,陈鹏飞,2016-01-18 03:17:21,3,6,3,上课太理论，略枯燥，quiz点名，实验课挺好玩的，作业很多，不知道给分怎么样。。不过老师人很好
16974,574,陈鹏飞,2016-01-19 10:26:53,7,13,6,每节课quiz 每两周大作业 短学期末外加大作业 期末论文加上机考试 吐血……
17765,574,陈鹏飞,2016-01-21 00:38:18,31,57,26,楼上有点偏激，平时作业虽然要的时间长，但是都不难弄。两学期下来零基础学会了视频剪辑，老师很和蔼，小测只要听课就能做。数码影像是一门很不水的通识，老师给分善\n\n
17828,574,陈鹏飞,2019-09-03 05:18:51,3,7,4,上课这么认真，考试一看题目都会做，结果3.3，。。。。我是被正态了么→_→
17996,574,陈鹏飞,2016-01-21 05:41:05,9,15,6,上课有点枯燥，但内容还是很有用，平时实验比较水，老师人很好，今年成绩老师都核查到了晚上一点，敬业！给分也很和蔼
18587,574,陈鹏飞,2016-01-22 05:34:46,1,1,0,讲课无聊，长学期内容很多，每次实验课都要写实验报告，期末还有大作业，论文和上机考，挺累的，给分还行
20035,574,陈鹏飞,2018-09-15 02:30:30,25,30,5,老师很负责，这一学期谢谢他！！
20632,574,陈鹏飞,2016-01-29 07:44:15,2,2,0,理论课:ppt，比较枯燥，一堂课下来感觉没学到东西\n\n实验课:作业多，一步步按ppt做，稍微能学到一点操作，设备有限，一组一台设备，很浪费时间
26876,574,陈鹏飞,2016-06-21 12:10:31,5,8,3,刚考完这门课期末考来评价。上课确实没什么有意思的内容，事情也比较多。但老师很和蔼，不是那种坑学生的老师，助教也很好。考试到点了也不催着收卷，还能再答一答。
28952,574,陈鹏飞,2016-06-29 04:17:44,1,1,0,事情多\n\n
30012,574,陈鹏飞,2016-06-30 17:31:37,3,3,0,作业很多，上课挺好，给分还行(前提是认真完成作业啊)，演示用的软件版本略旧。个人觉得上课收获挺大的，但是真心费了很多时间
30022,574,陈鹏飞,2016-06-30 23:17:49,1,7,6,人生第一门满绩
30029,574,陈鹏飞,2016-06-30 23:59:42,1,1,0,老师上课很负责，还有实验应用型很强。所需时间还好了，很多实验内容原理，ppt都给了。老师给分真得不错，而且和蔼可亲。
30145,574,陈鹏飞,2016-07-01 03:44:18,1,2,1,给分很好，然而作业确实比较多…
30972,574,陈鹏飞,2016-07-03 05:04:18,11,13,2,上课可能会有点无聊，因为按PPT来进行教学，每节课都有quiz点名，实验课比较水，实验报告课后的作业会比较令人烦恼。但课程内容是挺有用的，认真的话是可以学到不少东西的。老师很和蔼，给分很好比较公正，我们出成绩的时候老师核分到一点，很负责。
33117,574,陈鹏飞,2016-12-07 05:28:42,2,4,2,真的男神，还会发红包，还会撩妹
35496,574,陈鹏飞,2016-11-10 07:21:34,1,3,2,我觉得老师挺好的呀～我上的是他的数字电视！实验内容也很充实～而且实验的时候也总是在下面指导大家！上课quiz点名也不难呀～书上全都有的～而且这门课也能学到很多东西哒！总之是很好的老师！很负责！
38493,574,陈鹏飞,2016-12-07 05:27:51,4,8,4,讲真，想学好一款软件最好的方法还是自己学习自己琢磨，看看纸质教程视频教程。   我不明白老师讲那么多相机摄像机的发展史过了一个月有谁会记得，也不明白一群人看着一个人操作几小时软件能学好什么。\n\n如果你想学ps，pr自学肯定更好，这么课教不了你太多。如果你想学拍摄，这么课教不了你什么。\n\n如果浙大谈课程改革，我觉得真该改改这门
38656,574,陈鹏飞,2017-01-12 14:11:01,-1,2,3,给分好    woc   贼高
39060,574,陈鹏飞,2016-12-21 02:31:12,1,1,0,首先，他讲PPT，PPT内容是书上的，书是他自己编的，前半部分很无聊，后半部分讲PS和视频制作还行，不过他教的软件都太low了，有些Windows10都用不了。作业两周一次但很麻烦，每节理论课都有小测验。不过他人还挺好的。
39504,574,陈鹏飞,2016-12-23 09:20:45,0,1,1,上课还可以，老师人挺好的，作业量其实还可以吧，认真做能学到很多东西，挺有用的课，不知道期末给分怎么样，但感觉不会差
39630,574,陈鹏飞,2018-09-14 01:17:04,26,30,4,课程紧，内容多，量很大，作业多，课堂测验点名，学到的东西多，真爱就选吧，老师不错，刷分的请绕道，你会觉得是天坑
39631,574,陈鹏飞,2016-12-26 08:27:58,2,3,1,老师人挺好的，讲课很认真，不过作业有点多。但通过这门课我学会了PS和PR视频剪辑等许多技术.总的来说还是好评\n\n
39968,574,陈鹏飞,2016-12-28 11:02:21,10,13,3,老师人很和善啊 我们这届没有点名 听不懂别怨老师 课本身就不容易 再说你也未必好好听了 支持渊博和蔼的陈老师
40528,574,陈鹏飞,2017-01-04 03:50:18,5,7,2,说个事情，老师我提早一小时到，还不能进考场，老师帮我单独开了个教室休息。\n\n老师很和蔼，上课内容和模电关系很小，只要认真听，复习一下ppt，考试肯定能过。楼上太偏激了。
40574,574,陈鹏飞,2017-01-04 06:23:57,3,3,0,烦死了
40575,574,陈鹏飞,2019-02-26 07:12:27,-26,9,35,垃圾老师\n\n
40665,574,陈鹏飞,2017-01-13 11:00:30,1,1,0,…………
40963,574,陈鹏飞,2018-03-05 05:22:36,20,25,5,作业多是真的，每节理论课quiz，实验课交试验报告，期末还有大作业和上机考，不过我毕竟活下来了啊，老师人挺和蔼的。
41769,574,陈鹏飞,2017-01-12 14:12:07,3,4,1,感觉很不错的老师啊 很和蔼啊 也不点名的 最后给分也很好 虽然有时候作业有点多 上课稍稍有点难 但实验认真做还是很有收获的
41770,574,陈鹏飞,2017-01-12 14:12:59,1,1,0,老师人很和蔼，qq群上也经常出现会回答问题，但就上课念ppt，每节课小测变相点名，做为剪辑有基础的人实验课很容易了就，可以飞速做完，最后复习课很重要！！给分不错的，就是每周上课书很沉，还有就是做为长学期的课学分有点点少
41788,574,陈鹏飞,2017-01-12 14:55:07,-2,3,5,亲身经历，学到本课程中期看到一张密密麻麻的电路图有过心态爆炸，没想到最后4.8飘过。\n\n前期的基本概念好好听，等讲到模电部分可以略过不听了，对大一来说太难，考试不考。每节理论课有quiz当作点名，每次实验要做实验报告，最后有篇课程报告要求3000+。如果能每节课都参与、认真完成作业，分数不会低。
41901,574,陈鹏飞,2017-01-16 16:56:41,1,1,0,这是我的同学，就叫陈鹏飞！
42064,574,陈鹏飞,2017-01-13 13:30:14,0,0,0,上课比较无聊基本就是读ppt 但是其他都还不错
42941,574,陈鹏飞,2017-01-15 12:44:25,1,1,0,老师人超棒！和蔼 负责！赞！
44010,574,陈鹏飞,2017-01-17 08:01:06,0,0,0,??????????
44356,574,陈鹏飞,2017-01-17 16:01:17,0,0,0,作业是很多，但是老师人很好，很涨知识，是门技术性比较强的课
44357,574,陈鹏飞,2017-01-17 16:02:15,-1,0,1,嗯……还是事比较多的一门通识 但是给分不错的吧 老师很和蔼认真的
44368,574,陈鹏飞,2017-01-17 16:15:05,1,3,2,只要你少翘课，每次实验作业按时交，给分会让你很满意的。本来觉得这门课很难，以为绩点会血崩，出来之后出乎意料，老师人真的不错，平时不要嫌麻烦，毕竟两学分的一门实验课。
44371,574,陈鹏飞,2017-01-17 16:19:34,0,5,5,第一门满绩，强推！
44389,574,陈鹏飞,2017-01-17 23:33:10,-3,1,4,满了！！
44711,574,陈鹏飞,2017-09-18 06:07:59,-7,4,11,第一门满绩！老师超好给分善！
47854,574,陈鹏飞,2017-02-26 11:56:36,4,7,3,上课有点无聊，但是好好做实验报告，准时交，考试前好好准备，看书看书看书！操作一下相关上机软件！那就没问题了……本来我也很担心，上课不怎么听，然后quiz都是借鉴的（没关系的，可以问周边的人），因为考试啊课程报告啊实验报告啊都用心做了，所以满绩了！吸吸，我是外语的哦，文科生选有一定优势，满绩7个3个文科的（我没记错的话，是有比例的）给分公正！不要喷我，我们那个群一开始都说要挂，结果大部分的人都满意自己最后的成绩，出分也快，助教也帅！老师很慈祥！相信我啦！也可以学到一些基本操作～我是选的数字电视
51553,574,陈鹏飞,2017-06-07 05:26:20,0,0,0,蛮好的老师
52748,574,陈鹏飞,2017-06-22 12:14:49,0,1,1,事多给分好
54931,574,陈鹏飞,2017-06-30 13:02:19,1,2,1,事情有点多，但是老师人很好，人很好，人很好！
54953,574,陈鹏飞,2017-06-30 13:32:09,0,0,0,还不错呦  不过苛刻于1分
54963,574,陈鹏飞,2017-06-30 13:37:38,0,2,2,作业是比较多，但是都不难，两周一篇的实验报告认真写，不怎么用动脑子，书上能抄的都抄上，得分就会不错。课上以小测的方式点名，可以翻书，最后考试也很简单，时间到了助教也不急着收卷赶人。总的来说比较水吧，学不到什么东西，但是最后给分挺好的，唯一的缺陷就是长学期的课才1.5学分......
54986,574,陈鹏飞,2017-06-30 14:21:19,0,1,1,老师人很好，实验的时候会给很多指导，会教你做。七次实验，七次实验报告，每节课小测，一篇课程报告和一次考试，考试的题比较简单，好好看书就行。事情多，但是给分很公正。。。
54995,574,陈鹏飞,2017-06-30 14:57:34,2,2,0,数字电视，理论课略无聊，实验课水水的很有趣，给分不错啦(づ ●─● )づ
55072,574,陈鹏飞,2017-06-30 18:13:13,2,3,1,理论课略无聊，每堂课后有小测代替点名，认真听肯定没问题，不听也可以现场翻书。实验课略水，不过还是学会了粗略使用pr，每次实验后要交实验报告，整体来说任务偏多。期末开卷，翻书加50%premiere 操作，还是不难的。老师人很好，给分也很不错。
60102,574,陈鹏飞,2017-10-10 07:44:05,1,2,1,非常好的老师，真的和蔼，认真负责，知识水平高，那些说作业多的请参考大计机好吗
60359,574,陈鹏飞,2017-10-18 06:14:35,15,22,7,老师人很好的，说讲解不好的大概只是你比较爱玩手机之类吧。点名形式是小测，但每节课的题目都是当堂讲的，还开卷，这都做不出来你是来学习的么？说作业多有一定道理，但是每次实验都能学到东西，真的想学知识的同学一定不要怕，绝对在能完成的范围以内。另外老师很善良，第一节课就说：我听说很多同学说我作业多，所以这学期我会再减少一点负担。上课很多同学自顾自玩手机写题他从来不说。请选他谢谢?
64291,574,陈鹏飞,2017-12-22 08:49:08,5,6,1,老师很认真，可是理论课听不懂，作业超级多。但是学会了Pr。
64394,574,陈鹏飞,2017-12-23 07:46:17,1,1,0,我上的是数码影像基础与制作，学的到的知识确实挺多的。
64832,574,陈鹏飞,2017-12-27 10:08:23,-1,1,2,很有用，但作业真心太多，很不水的通识
64939,574,陈鹏飞,2017-12-28 04:06:04,1,2,1,好老师，虽然事情多，但是学到了不少
65086,574,陈鹏飞,2017-12-28 14:42:44,-5,1,6,老师特别好，真的能学到很多东西！老师特别善良特别好，人也很帅！我男神！浙大就应该多一点这样的老师！
65539,574,陈鹏飞,2018-01-05 12:10:37,1,2,1,水课，平时作业多（看他们的）关键是，他教的程序ps和pr根本用不成，版本换了！\n\n
65973,574,陈鹏飞,2018-01-27 10:42:27,12,13,1,其他不说 老师人真的好得没话说
67338,574,陈鹏飞,2018-01-21 01:08:54,2,2,0,作业是稍微多了点主要是因为有实验课，最讨厌写那个实验报告，但是老师人很好，人很好，人很好，重要的事说三遍，最后上机考的时候会让你拖个十来分钟，理论课有点无聊，小测完全不是问题，要是不用写实验报告就好了，然后我觉得课本内容需要再精简一点
68039,574,陈鹏飞,2018-01-22 13:48:42,2,4,2,事情多，给分垃圾，千万别选
70299,574,陈鹏飞,2018-01-26 11:47:19,4,10,6,我来一个比较中肯的评价。事情很多，给分不好。1.长学期一点五学分。2.一周理论课一周实验课交替。理论课很无聊，而且每次理论课后会有quiz但是开卷，每次实验课后会有实验报告。3.期末还有课程报告。4.最后还有考试。 如果再让我选一次，绝对不会再选。长学期1.5事情还那么多。 最后绩点还低...不过老师人不错。
70302,574,陈鹏飞,2018-01-26 12:57:10,3,3,0,作业多，给分差，但是老师人超好
70314,574,陈鹏飞,2018-01-26 12:11:59,0,4,4,老师超级好，不要担心电脑渣什么的，只要上课认真听随堂小测超级容易，虽然作业多但是很多都是复制粘贴ppt可以搞定的。我一个医学生绩点4.8真是很开心了。
70318,574,陈鹏飞,2018-01-26 12:32:53,0,0,0,老师人真的好，很和蔼，可越是这样我越愧疚。上理论课时，因为是下午2点的课，很困，所以也没听什么。每一堂理论课有5个题目，书上都能找的到(上课不听也能找到)。上机时，如果零基础，可能开始觉得有点难受。但是，其实没什么太难的。至于实验报告，因为我第一堂课是掐着时间点去的(其实是因为新生找不到教室)，所以不知道有QQ群，就没加，没看过样板，写的特别水(冬学期开始才知道，最后两次实验报告写的好一点)。课程报告，还是挺认真写的。考试的理论部分，最后一节课一定要好好听，上机部分，多练两次绝对没问题。至于单纯想学pr的同学，其实没必要选这门课，pr可以自学
70348,574,陈鹏飞,2018-01-26 13:27:42,2,3,1,上了陈老师的数字电视基础和检测，因为这门课本身的原因，理论知识可能有点晦涩难懂，但实验还是挺好玩的，可以让你接触PR和相机，都挺有意思。相比起其他通识，这节课作业确实多了一点，要写实验报告，每节课还要有quiz，但是认真做的话，最终成绩是挺不错的。这学期我学了四门通识，只有这一门是真正地学到了一些东西。最后表白一下陈老师，老师人很不错、非常可爱。
70642,574,陈鹏飞,2018-01-27 10:24:29,1,1,0,老师的课非常实用，学到很多知识
70651,574,陈鹏飞,2018-01-27 10:31:02,5,7,2,数码影像：老师人真的非常好，考试大家来不及，就给大家时间宽裕。作业真的是多了一点，两周一份实验报告，而且实验一般课堂上无法做完。期末又有课程报告又有综合作业还有考试。不过认真地学习，能掌握基本的拍摄常识，也能把ps和pr学得不错。一学期下来从视频小白也开始承担剪辑工作，自己做视频作品。当然，同学们也可以选择课外自学。理论课略枯燥，不过想水就水，也很自由。不过人得到，小练习点名，答案在书和课件基本找得到。平时好好学的话，考试时间并不会紧张。给分也很不错了。
70666,574,陈鹏飞,2018-01-27 10:44:56,3,5,2,老师真的人很好，耐心，而且认真。态度很温和，绝不会不耐烦，而且他很负责。出分也不算慢。而且摄像基础制作这门课啊，作业是多的…但是一学期下来可以熟练掌握各种技巧的hhh助教小哥哥也很可爱的。老师给了我5分我真的超惊讶而且惊喜的hhh给老师一个大写的谢谢！
70694,574,陈鹏飞,2018-01-27 13:59:39,6,12,6,作业多 注意不是那种普通的作业多 是贼多 抵得上一门专业课了 话说学这些这么老的软件真的有意思吗 整个学期下来好像学了什么又好像啥都没学到 老师上课就是纯读ppt 放个土鳖教程视频 把ps课上成这幅模样也是厉害了 最后一门技术类课要写个论文形式的总结是闹哪样 其实总结一下就是形式搞的非常漂亮 没多少实质内容 还搞的非常麻烦 还要装模作样地搞一个实验报告出来 本以为考试炸了最后给分还是可以的 但是这课对想水过的人简直是灾难 想认真学的人这门课效率也很低下
70825,574,陈鹏飞,2018-01-27 14:40:45,2,3,1,活下来就能胜利，老师真的人很好，认真就有回报
71531,574,陈鹏飞,2018-01-28 14:53:45,0,2,2,乱给分，作业全交，考试尽力，70，2.4
71536,574,陈鹏飞,2018-01-28 14:56:10,0,0,0,烦，作业多，成绩差\n\n
72034,574,陈鹏飞,2018-01-29 08:42:54,1,1,0,理论课小测，实验课实验报告，时间花的多，事情也贼多，学分很低
72447,574,陈鹏飞,2018-01-30 06:50:30,1,1,0,上课以小测方式点名 给分很好很好 事情多是真的 但是学到了很多东西也是真的 感谢老师了
73792,574,陈鹏飞,2018-02-03 05:51:30,1,1,0,作业多是不错，但是感觉数码影响确实很实用，不水，都是干货，好评
74232,574,陈鹏飞,2018-02-07 09:47:38,1,1,0,事儿多！\n\n给分不好？\n\n助教喜欢用抠鼻屎的表情包！\n\n助教即使赶不上校车也会帮着整理实验室！
76285,574,陈鹏飞,2018-04-02 02:41:01,0,0,0,给分超级超级好！
79496,574,陈鹏飞,2018-06-07 04:57:10,2,4,2,长学期，1.5学分，作业超多！超多！超多！而且书本贼厚！贼厚！贼厚！感觉整门课下来也学不到什么东西，真心不值，不建议选！
79568,574,陈鹏飞,2018-06-09 17:38:02,-2,2,4,讲真这老师上课是真无聊，楼上有人说认真听能学到不少东西，可东西有多又杂又不系统，真能学到心里去就有鬼了。课后事情和作业又一大堆，在我本就比较爆炸的学期里我选这么一门课简直就是有毒。从性价比来考虑实在不推荐选这门课，不管给分好不好我都给这门课差评。
80056,574,陈鹏飞,2018-06-19 09:42:02,1,2,1,上课内容落伍，没有意义，完全跟不上时代。上课事超多，每节课后都有小测，两周一次实验报告。
81087,574,陈鹏飞,2018-07-03 18:19:49,-2,1,3,每节课下课要交作业。实验课挺水的其实，每次交实验报告要求不高 可以微微水一下 上课内容比较陈旧（ps pr都是远古版本 教的花哨的东西多 但是只要求掌握其中一部分 每次实验每次上课学一点 结课的时候感觉也还是学到了不少 至少从小白入门了吧 最后实验考试水不掉的 总结：事多 但是能学到东西 想水建议规避 老师人其实很好 要求不严 最后梦一般的4.5 我流泪了 你呢
82267,574,陈鹏飞,2018-07-07 15:14:50,1,2,1,任务太重，每隔一周交作业，觉得上课内容有点老，绩点……被上机考害死了
82288,574,陈鹏飞,2018-07-07 16:41:41,3,4,1,没缺过理论课课，实验课和实验报告也交了，感觉上机考也还行，结果绩点惨不忍睹，不到3的绩点，一门通识课也能有这么低的绩点吗，坑坑坑，神坑，至于想学点东西的话，还是自学吧，千万别选！
82291,574,陈鹏飞,2018-07-07 17:20:33,0,3,3,该做的事情都做了，最后也能有这么低的绩点？服气的。事情超多，不是闲的蛋疼建议别选
82292,574,陈鹏飞,2018-07-07 17:22:58,0,3,3,干货满满打分优良大学第一门90+的课太感谢老师了。学到了很多东西，老师工作很认真负责，较分到晚上1点多，大爱ヾﾉ≧∀≦)o
82296,574,陈鹏飞,2018-07-07 17:43:23,3,3,0,我晕 终于了解了 通识课正态是啥 文科生真的看不懂正交平衡调幅是啥也搞不懂电路和各种编码原理... 没有理工基础 慎选了哈哈哈哈反正最后的大家注意一下吧 课程本身也还是能学到点东西的 只是quiz日常点名真的太坑 老师客观来说也很温和和蔼 对理工同学还是强推吧对大家知识面扩展是有帮助的！来自一个 emmm被卡3.3的传院?哈哈哈哈就算这样还是很喜欢陈老师和这门课的❤️
82305,574,陈鹏飞,2018-12-04 06:20:39,0,5,5,作为通识来说长学期只有1.5学分，隔周写实验报告，期末理论考＋上机考，理论课结束有Quiz，事情的确多。但是耐不住老师和助教小姐姐人好，文科生上实验课你懂的。。。总的来说付出和收获成正比，大赞（提高0.1的均绩）\n\n
87254,574,陈鹏飞,2018-09-26 06:39:06,-5,5,10,恶心，连实验课都安排不好，实验课找不到人，上课贼敷衍
88066,574,陈鹏飞,2018-10-21 10:48:39,0,8,8,那个同学是不是太偏激了？既然那么讨厌这门课，干嘛选它？只是老师不符合你水课的愿望就来给老师差评？\n\n老先生很和蔼，负责，不管是课堂问题还是实验问题，都很耐心回答。他的课作业是有些多，主要是实验，想水课的同学就别选了，但是如果想学点东西，他的课还是挺好的。我一个社科的都觉得并不无聊，学习的Pre视频技术很实用。水课有什么意思？好好学点东西不好吗？
88603,574,陈鹏飞,2018-11-03 09:59:08,10,12,2,作业真的太多……不懂写实验报告有什么意义……有这时间我宁愿多做一些操作性的作业。
88749,574,陈鹏飞,2018-11-07 07:12:49,3,9,6,lim作业等于正无穷，学东西学不到，想学东西推荐自学，上课还有测试，事情超级多，课时也超级多，然而，1.5学分，冬学期开始退课，想退课的同学抓紧了
93063,574,陈鹏飞,2019-01-07 07:32:15,0,1,1,作业非常非常非常多，上课极其无聊。\n\n几乎每节课quiz点名，慎选
93170,574,陈鹏飞,2019-01-08 02:38:49,-1,1,2,老师讲的听不懂，作业很多，期末还有考试。没有基础的不要选。
93277,574,陈鹏飞,2019-01-08 15:54:54,3,3,0,两周交一次作业，小测也是隔一次理论课一次，这些都没啥好抱怨的吧。理论课想听就听，不想听就水，实验课好好做就能学到东西。写实验报告虽然烦，但是过了好久之后不记得怎么做了直接看实验报告就很方便。助教判作业很负责，一个一个的帮你擦屁股，真的是很感动了。对于初学者来说能学到很多东西。就是上课演示的时候用的软件版本太老。经常放一些很有年代感的往届学生的作业。
93322,574,陈鹏飞,2019-01-24 14:45:03,4,4,0,老师真的很棒！给分也很好！虽然作业是多一些但是很有趣，认真做并不难呐！关键是学到了ps pr很多技巧！我爱了！
93384,574,陈鹏飞,2019-01-09 09:43:47,1,2,1,挺無聊的，文科生感覺真的很沒意思，關鍵還只讀ppt，讀的語速也是非常慢，冬天教室空調開的特別大，導致我特別想睡覺。上機考難到不行，考完我就覺得自己要掛科了，老師考試前說很簡單根本就不是，完全不能水的一門課。不過老師人還是非常好的。
93426,574,陈鹏飞,2019-01-09 13:19:15,2,2,0,老师真的人很好，授课内容挺全面的，有时候还额外开放实验室。讲的例子也很好，0基础会有很大提高。作业可能是挺多，但是不多也学不到什么，本来也要练操作嘛。
93880,574,陈鹏飞,2019-01-14 06:53:17,3,3,0,老师人很好！不过课还是有一点小无聊
94086,574,陈鹏飞,2019-01-15 07:01:02,0,2,2,千万不要选 为自己的头发着想
96829,574,陈鹏飞,2019-01-21 10:19:57,0,0,0,老师人挺好，但课确实有点无聊，不搞这东西的听不太进去。
99178,574,陈鹏飞,2019-01-24 11:17:21,3,3,0,这门课说真的，是有点累的，作业在选修课中算是多的吧，不过付出与得到成正比，收获满满，开心。
99181,574,陈鹏飞,2019-01-24 11:22:12,2,2,0,我觉得很好!!
99184,574,陈鹏飞,2019-01-24 11:25:20,1,2,1,老师很耐心，能学到关于影视制作的基本知识，给分也很好，怕累怕事多的就不要选了吧
99191,574,陈鹏飞,2019-01-24 11:28:39,-7,0,7,上课无聊，老师人还可以，但是给分差
99203,574,陈鹏飞,2019-01-24 11:46:54,3,4,1,老师好+实验课有趣  PK  理论课有点深+隔周的实验报告，付出与成绩还是成正比，看自己的选择吧，我满了
99232,574,陈鹏飞,2019-01-24 13:04:41,5,6,1,1.上一个长学期，上课确实比较无聊，内容比较“高深”但考试不会刁难你\n\n2.理论课实验课交替，实验课后要写实验报告，不知道别人，我最多半个小时吧\n\n3.理论课通过课堂小测点名，题目都是书上找答案的\n\n3.实验课要认真学，考试主要考多用表、示波器和视频剪辑。不会的问老师，老师还是挺耐心的。考试前还会开放实验室，老师也会在，不会的抓住机会补天。\n\n4.一篇论文我觉得也是基本上从书上找答案加上一点心得最后考试开卷，ppt在电脑桌面上，题目不难（不会还不会用电脑查吗）\n\n5.这次2个班平均分85低一点\n\n
99233,574,陈鹏飞,2019-01-24 13:08:20,8,11,3,作业啥的其实有点多，但基本都拿的下来，没啥难度。最后考试老师助教都是对着绩点给分的，只有卡绩上去没有卡绩下来的，选吧，别犹豫了
99252,574,陈鹏飞,2019-01-24 13:36:34,1,2,1,老师人其实挺不错的，但是上课节奏有点催眠，内容其实有一点过时。然后作业确实非常多，各种报告小作业大作业等等绝对是会在ddl方面添上浓墨重彩的一笔...我个人上的音视频，一学期下来感觉如果是毫无这方面基础并且对内容确实感兴趣的话可以考虑，但是如果在和媒体制作相关的社团和学生组织工作且有内训的话不建议报，有基础的也不建议报，尤其是抱着水学分水绩点心态的，事情太多这么做划不来，而且给分不一定会让你满意...
99253,574,陈鹏飞,2019-01-24 13:37:42,-1,1,2,平时付出的时间很多啊，为什么得了那么少的分，不明白，不开心。
99254,574,陈鹏飞,2019-01-24 13:41:06,3,3,0,老师助教都是真心好，但事情也是真心多，如果一学期能坚持下来按时交报告和作业，绩点是没问题的，想水的话难度还是蛮大的
99257,574,陈鹏飞,2019-01-24 13:49:32,3,3,0,上课是有点无聊～然后事情挺多的，有时候版本问题系统问题也挺麻烦的，不过老师和助教人都很好，给分也很好
99307,574,陈鹏飞,2019-01-24 14:34:32,5,7,2,老师助教人很好，给分也挺好的。平时作业的确多，但是真的能学到很多东西(ˊo̶̶̷ᴗo̶̶̷`)我觉得还是收获很多的。
99319,574,陈鹏飞,2019-01-24 14:48:09,3,3,0,好哈哈
99332,574,陈鹏飞,2019-01-24 14:57:08,-1,3,4,花了很多时间，得了期末所有课中最低的绩点。
99352,574,陈鹏飞,2019-01-24 15:17:36,2,4,2,给了满分。所以给满分
99368,574,陈鹏飞,2019-01-24 15:36:22,4,4,0,老师很可爱，给分很好。
99402,574,陈鹏飞,2019-01-24 16:51:38,4,5,1,虽然作业略多，但是老师很认真细心，人也很好，给分棒，助教小哥哥都是对着绩点给的分，88分会给你调成89分，很好心不卡绩！
99411,574,陈鹏飞,2019-01-24 17:58:16,6,9,3,我觉得老师是个很好的老师，特别温柔耐心解答学生提问的问题，从不发脾气，对学生特别亲切，不会的实验向老师申请，老师还单独为我开了实验室让我学习，还耐心解答。但是理论课不咋能听下去，给分很高，很少往高的卡绩的，超级赞！！！
99693,574,陈鹏飞,2019-01-25 05:09:52,4,7,3,作业多但给分好，头发少但人心好。
100073,574,陈鹏飞,2019-01-25 13:45:15,3,3,0,科技类的通识大抵事情多，但是认真做肯定有回报的!虽然课程有点难度但是稍微努力，按时完成任务，绩点4.5很容易的，数字电视给分超级好
100314,574,陈鹏飞,2019-01-26 02:50:07,1,2,1,事情超级多，但是也学到了许多东西
101666,574,陈鹏飞,2019-01-29 00:32:17,2,2,0,怎么说呢，这门通识课作业真的太多了！但是老师和助教人真的很好，从来不生气，问什么问题都会耐心解答。有一点，上课可以不听，但是作业一定要认真做！讲真的我花在这节课上的时间比微积分还要多。老师讲的东西很多都是很老的也是很干货的，如果真的是对这方面感兴趣可以尝试，不然的话还是算了。另外，无论是小测，还是期末上机考，都是开卷的，不难的。最后老师给了我满绩！太棒啦嘻嘻嘻人生中的第一个满绩。
102303,574,陈鹏飞,2019-02-01 01:18:43,1,3,2,作业是真的有点多哈哈哈哈哈哈哈但是真的学到了很多东西，最后绩点被正态也没办法，但真的是超级和蔼的老师！
102821,574,陈鹏飞,2019-02-23 14:01:50,3,3,0,事多是真的 每两周一篇实验报告而且要在一周内完成 平时还有一些小作业 大概每两次理论课一次quiz 虽然是开卷但很菜的我每次翻书都很辛苦 最后期末还有综合大作业 课程报告和上机考 总之这门通识课真的花了很多时间和精力吧 但老师人真的好给分也很好 助教小哥哥有一丢丢帅 感觉自己上机考很垃圾别的作业虽然认真写了但质量也不敢保证 最后给分个人还是很满意的 算是有点意外吧 冲着给分以及老师和助教的负责也要给高分
103034,574,陈鹏飞,2019-02-25 13:58:20,0,0,0,实验课要签到，理论课可能有小测（也算点名吧），不过可以翻书什么的。老师人很和蔼，但是作业多而不自知嘤嘤嘤。
103144,574,陈鹏飞,2019-02-26 07:05:54,0,0,0,纯文科生，数字电视基础与检测，上课确实不太听得懂。作业也比较多是事实，但是给分是真的好。感觉只要好好写实验报告和课程论文是不会差的。而且老师和助教都很好，我老是问白痴问题他们也都很耐心，很感动。
103276,574,陈鹏飞,2019-02-27 06:14:19,0,1,1,老师很和蔼，助教很帅，但是。。。。！！给分不好！！！！！！很不好！！！！！超级不好！！！！
103620,574,陈鹏飞,2019-03-02 12:56:42,0,0,0,老师超级好，满满的干货，给分只要用心学就挺好的。
103755,574,陈鹏飞,2019-03-05 05:10:04,1,1,0,作业不少 但老师很好！
104163,574,陈鹏飞,2019-03-13 07:52:44,0,0,0,课程比较枯燥，但可以学到许多后期制作的知识，摄影，给分可以，助教还会调分，绝对让你卡高绩点，我的4.5感觉还得感谢老师关照
105704,574,陈鹏飞,2019-04-18 16:02:27,0,0,0,。。。
105873,574,陈鹏飞,2019-04-22 12:10:50,1,1,0,巨坑啊
109468,574,陈鹏飞,2019-06-15 10:43:00,1,1,0,最后绩点不错，但是作业多是真的很多很多，讲的东西比较老也是真的，但只要你肝得动，绩点不会差
109487,574,陈鹏飞,2019-06-15 21:00:35,2,2,0,上课水，快下课小测变相点名，作业相比其他通识课确实算多，但是不难，给分挺好。
116303,574,陈鹏飞,2019-09-07 15:38:10,1,1,0,老师很随和也很和蔼，可以借设备∠( ᐛ 」∠)＿\n\n给分也不错噢\n\n虽然作业多 上课有.无聊
117483,574,陈鹏飞,2019-09-25 02:11:43,2,3,1,身为一门通识课作业比微积分还多，学生累助教累，还有各种所谓规范格式，浪费学生时间
118952,574,陈鹏飞,2019-11-08 08:57:37,1,1,0,作业多
121169,574,陈鹏飞,2020-01-20 02:11:20,9,15,6,每个作业好好做，花的时间比微积分都多，上机考全部认认真真做完了，作业超多做不完，课程设置很不合理，想挂科退学的这边请。最神奇的是，全部认认真真做完了，论文也写了，最后绩点2. 1是什么情况？看心情给的分吗？
121172,574,陈鹏飞,2020-01-20 02:34:03,1,1,0,无聊极了
121176,574,陈鹏飞,2020-01-20 02:40:05,1,1,0,毫无体验感
121194,574,陈鹏飞,2020-01-20 10:03:46,4,4,0,请别选数字音视频基础与制作！给分查的跟鬼一样！上课操作内容都是10年前的，还会讲各种奇怪的没有任何用处的东西。作业多的离谱，实验报告，操作作业，期末综合作业，期末课程报告，而且批作业的方法也很迷。期末考试的时间也很短，就算很熟悉操作也做不完，学校电脑根本带不动，卡的要死，前面的理论题有的很有毒，不翻PPT是背不下的。我平时都没少自己练习操作，已经很熟练了，但还是做不完期末题。什么鬼课？
121391,574,陈鹏飞,2019-12-16 11:42:03,1,1,0,事巨多，头铁者推荐
121687,574,陈鹏飞,2020-01-21 01:03:24,2,2,0,上课作业居多\n\n给分高
122274,574,陈鹏飞,2020-02-22 05:34:39,9,11,2,上课很无聊，很水，讲的没有激情，可能年纪大了的缘故。介绍的软件操作都是很老的版本，不过给的PPT里面的操作过程还是写得非常详细的。作业多，很多，两个星期一次实验课，实验一般在课堂上完不成，要回去自己做，要写实验报告，很形式，费时间。最后成绩由平时成绩（6份实验加报告、3份作业加报告、几次上课的小测验相当于点名）、课程报告（3000字）、综合作业（三选一，加报告）和上机考核成绩四部分组成。上机考核不超纲，可以看书和PPT，但是理论部分内容太偏，开卷也难找到；软件操作部分不是很难，只要平时的实验好好操作就行，但是给的时间完全不够做完。总的来说，老师人比较和蔼，最后给分还算可以，课学下来掌握了基本的ps、pr操作和一些拍摄知识，但其实不系统，效率不高，好多精力都花在做实验、写实验报告上面，很忙，体验不太好。
125974,574,陈鹏飞,2020-09-16 06:48:07,1,1,0,上课太无聊了
126450,574,陈鹏飞,2020-09-27 07:27:07,3,5,2,特别恶心的老师，对这个感兴趣的别来，学不到东西，作业还多，只是混学分的也别来，你会发现像狗一样累
126908,574,陈鹏飞,2020-10-27 14:41:46,3,3,0,老师人挺好的，但说实话，教学水平不行，基本上就是念PPT，有些电脑操作也做不来，可能上了年纪吧，尊重老师，但质疑他的教学水平，想要真正学技能的慎选
128214,574,陈鹏飞,2020-12-13 14:21:35,4,4,0,作业真的很多很麻烦！！细节要求太高了（这个是归功于助教还是老师呢？）不知道给分怎么样，但是就教学来说，教材比较陈旧…对音视频感兴趣的同学建议自学‼️
128607,574,陈鹏飞,2020-12-24 14:39:55,3,3,0,作业多，要求特别特别细。\n\n哦对了，讲课的ppt是8/9年前的吗？从来不更新的吗？\n\n每周别看课多，基本上学不到任何你想学的，当然了，如果你特别热爱浪费时间和自学，就另当别论了
128858,574,陈鹏飞,2020-12-26 05:54:56,2,2,0,老师人特别好，就是我太差了所以不会……\n\n有一说一作业真滴超级超级多，实验课很崩溃
128940,574,陈鹏飞,2020-12-27 08:19:57,-1,0,1,老师人很好，作业确实多了一点，但能学到东西，老师给分很公正，只要认真写了分不会差的
129245,574,陈鹏飞,2021-01-03 14:01:52,5,6,1,特别恶心，作业多的让人大开眼界！！！\n\n这门课（数码影像）的作业大概可以有你所修所有课程的三分之一！大概就是你花十个学分的力气获得两个学分！一周做小十个视频或是二十多张图片！还有就是每两周要写一个极其无用的实验报告，每次3000+，关键是都是一些废话！
129257,574,陈鹏飞,2021-01-02 14:43:43,3,3,0,确实能学到东西，但作业真的多
129487,574,陈鹏飞,2021-01-06 07:11:52,6,7,1,老师为人很好、慈祥，看起来很佛系，平时上课也在很认真地讲。平时作业确实有点多，但这门课就是这样子的吧，也能学到东西的，我一个纯小白掌握了pr、ps、au和做字幕的很多基本操作，还有拍摄方法、怎么用相机之类的。感觉老师确实想教给我们很多东西，认真学能学到很多。120人的容量只有8人选，没这么可怕好嘛！过分了吧？老师偏木讷、不是很能说。心疼老师....
129534,574,陈鹏飞,2021-01-07 02:14:22,5,5,0,老师很耐心，对于操作和软件的问题会进行解答。不过上课内容和方式比较无聊，不太能吸引注意力。基本靠课后老师发的各种教程和大量作业学到东西，但作业实在太太太太太太耗时了。内卷严重，群里有争议出现的时候呼唤老师也不加以制止。
129635,574,陈鹏飞,2021-01-09 11:11:35,4,5,1,就这么说吧，如果想认真学好、比如我，这门课的作业就≈微积分+线代，平时共需完成七篇实验报告+课堂小测+课后作业+各种繁琐的要求（操作过程截图、心得体会）+无数的ppt、无数的素材（共4.6GB）；期末作业三张照片+两个三分钟的视频+期末实验报告+复习ppt+上机考试。两个短学期一周三节课两学分。是门锻炼心态的课。
129893,574,陈鹏飞,2021-01-13 09:08:15,5,5,0,作业多，事烦，考试扯
130086,574,陈鹏飞,2021-01-16 14:13:20,5,5,0,老师人挺好，但是奈何课程作业是真的多，一个长学期的课程，翘课更不可能，总共7篇实验报告+1篇课程报告+随机三堂小测+期末上机考（含理论卷和电脑以及万用表等电子测量仪器哦）还就只有1.5学分罢了，属实感觉考核形式太多太麻烦了，如果你只是想赚通识分，那建议选其他一篇论文就能结束的吧；当然如果想学点关于彩电的知识（个人感觉没啥用处）、电子元器件的检测等等可以选（是真的热爱喜欢的可能才会有热情继续学），至于说学到pr剪辑的还不如自学，实验室的版本和电脑一言难尽。老师人没问题，就是课不好听。
132083,574,陈鹏飞,2021-01-30 06:59:02,5,5,0,电视理论部分不是专业的根本听不懂，视频制作真的靠自学上课也讲不清楚，示波器电路检测靠那几节课搞搞根本学不会。一到期末，绩杀。
132096,574,陈鹏飞,2021-01-30 08:26:08,-2,3,5,事情多给分不错
132101,574,陈鹏飞,2021-01-30 08:58:04,3,5,2,事多，给分差，选这个干嘛？
132400,574,陈鹏飞,2021-02-01 09:49:21,3,5,2,数字电视，本来蛮有信心的一门通识，毕竟自己理工类的，没想到上课基本是学pr制作，学的要死要活的，建议理工类同学避个雷
132462,574,陈鹏飞,2021-02-01 17:06:00,2,5,3,事真的多，不过付出和回报成正比。\n\n反正我满了
132770,574,陈鹏飞,2021-02-15 03:29:59,3,8,5,事多给分好，付出和回报成正比
133800,574,陈鹏飞,2021-03-05 12:48:07,2,6,4,真的垃圾，学不到啥有用的，浪费时间感觉，给分还很低，长学期还只有1.5学分，事儿巨多，千万能避开就避开吧！
134271,574,陈鹏飞,2021-03-22 07:48:40,4,8,4,虽然作业多。。但老师真的很负责啊，现在腰椎间盘突出，今天还是做轮椅来上实验课。。
134356,574,陈鹏飞,2021-03-24 16:03:12,4,7,3,老师人真的很好啊，平时讲话都很温柔教我们做实验也很耐心，虽然事情很多，但是这些都是干货啊，教你做一些物理方面的实验和使用pr，文科生不太合适但是理科生确实受益不少啊，现在因为腰间盘疾病突然停课了其实还是有点失落的，希望老师早点康复吧。
141478,574,陈鹏飞,2021-10-11 09:09:16,0,2,2,事多，但是老师人很好，不点名，上课也完全不管，但是答疑很耐心
141882,574,陈鹏飞,2021-10-29 13:26:26,7,8,1,真的恶心，试验不说清楚每步怎么做，事巨多，上课无聊，给分低
143934,574,陈鹏飞,2021-12-13 10:32:35,1,1,0,...
144080,574,陈鹏飞,2021-12-17 09:01:37,6,6,0,作业巨多上课不知道在讲什么
145087,574,陈鹏飞,2021-12-27 10:11:23,6,6,0,选课一时爽
145232,574,陈鹏飞,2021-12-28 11:19:12,-4,2,6,老师人真的特别好！期末考试很多同学因为自己的设备问题没有按时上交作业，其实过了时间老师拒收也是情理之中，但是他大概拖了一个小时，等所有同学上传。\n\n然后数字电视基础与检测课程内容是分成两块，一周理论课一周实验课。理论课确实无聊，也听不懂，但是期末考之前最后一节课他会画重点的，所以之前水一水对课程内容稍微有点印象就好了，课内小测就是翻书找答案，也花不了多少时间。实验课还是挺好玩的，玩实验室器材，拍视频，对于pr零基础小白来说把这门课当做pr入门课程也可以。实验报告就是抄ppt加配图，做过几次之后熟练起来了，也花不了多少时间。\n\n总而言之学了一学期还是挺有收获的。
145328,574,陈鹏飞,2021-12-29 05:12:27,2,2,0,不会pr慎选
145406,574,陈鹏飞,2021-12-29 11:44:49,-4,0,4,真的学到很多知识
145741,574,陈鹏飞,2022-01-01 07:52:26,-1,2,3,还没出绩点，先来打个10分（数字电视基础与检测）\n\n这门课理论课与实验课1：1交叉，理论课基本不用听，也听不懂，但最后一节理论课老师会画重点。\n\n实验课还蛮有意思，使用万用表，示波器和pr等等（但是需要自学使用）本人pr小白，上这节课之后平均一周要花四个小时写实验报告。\n\n最后期末考试三大部分理论40，实验20，pr40。我平时上理论课没认真听，但是实验做的比较认真，平时分在前百分之三十。但最后考试理论没复习，pr37，总分才刚好及格。虽然成绩很低，但是确实学到了很多东西，看查老师上均绩4，希望能上3.6吧
145761,574,陈鹏飞,2022-01-01 14:49:07,4,4,0,事真的多，1.5学分这么多事情，很多东西也不讲清楚，上机考内容巨多，真的别选
146286,574,陈鹏飞,2022-01-06 06:51:06,7,8,1,无语了，课程贼难，助教贼差，给分很不好
146293,574,陈鹏飞,2022-01-06 07:01:38,9,10,1,强烈建议避雷！！！
146309,574,陈鹏飞,2022-01-06 07:40:15,4,5,1,就这1
146322,574,陈鹏飞,2022-01-06 08:20:19,4,5,1,绩杀！
146678,574,陈鹏飞,2022-01-07 07:44:30,5,5,0,真的是很过时的一门课，学的东西毫无用处，上课根本听不懂。第一堂课班上本来有50个同学，上来一节课后弃修了一半，避雷，给分不咋的！
147186,574,陈鹏飞,2022-01-09 04:32:07,2,3,1,非常无聊
147215,574,陈鹏飞,2022-01-09 06:09:41,0,1,1,什么牛马课！！！！平时作业这么多，期末给分这么差🤡
147891,574,陈鹏飞,2022-01-11 05:53:31,1,1,0,长见识了，老师我不做评论，但助教是真🐮🐴
148794,574,陈鹏飞,2022-01-13 14:31:05,5,6,1,老师人还行，但3.0是真tm牛马啊！这回长记性了，置之死地而后生！
148805,574,陈鹏飞,2022-01-13 14:52:50,2,3,1,课看着硬核，其实开卷考不难，理论课那些硬核的听不懂也没关系的，最后一节课总复习一定认真听，两周一次的实验会稍微硬核一点，认真做了，最后分数至少不会绩杀，老师会给惊喜。我的话，当时因为网络问题，考试题根本没写完，老师还是捞了我一把，最后绩点没有高，但是也不差，非常感谢。最后这门课是能学到东西的，一学期下来，我是pr纯纯小白，也能逐渐掌握pr，越做越熟练。
148812,574,陈鹏飞,2022-01-13 14:54:33,2,2,0,就1.5分的课事情比一些大课还多，关键还要期末测试，绩杀，后悔当时为什么会选这课
148830,574,陈鹏飞,2022-01-13 15:37:17,3,3,0,付出与回报不成正比，文科生建议慎重吧……
148831,574,陈鹏飞,2022-01-13 15:37:49,0,2,2,（数字音视频基础与制作）\n\n老师人很好，讲课很认真虽然内容确实是比较无聊。理论课不会点名，实验课是去之前签到。事情有点多，大概两周要剪两三个视频，但真的能学到东西。最后的上机考难度也不高，时间上拖一会老师也还是会同意补交的。完全是pr小白，平时作业都是靠看b站教程，也没花很多时间，最后绩点还挺高的。
148832,574,陈鹏飞,2022-01-13 15:48:04,0,0,0,数字音视频。\n\n老师和助教都是很认真负责的人，（虽然理论课还蛮无聊的）平均分下来差一分会给你调高一档，没有卡绩什么的。实验课你甚至可以看好多的B站视频👀还可以借设备😍\n\n平时的剪辑视频作业真的很多，想水通识学分的慎选🤫\n\n给分比较求是。但是班里大佬很多，所以有可能付出大于回报。不过个人而言还是付出基本等于回报的💪
149828,574,陈鹏飞,2022-01-17 07:23:18,-5,1,6,每节课都到啦！大作业都认真做就好！不难的！但是作为0基础人还是蛮花时间，自认为投入很多啦！收获真的很大，学会了pr。助教哥哥人也很好哇！！最后30%的上机考试不难的。最后收获4.8！感到苦尽甘来ww
150094,574,陈鹏飞,2022-01-19 04:07:21,-5,0,5,给分好，一学期水过去了最后一周拉满
151151,574,陈鹏飞,2022-02-23 12:19:21,-1,0,1,非常无语
151351,574,陈鹏飞,2022-03-01 05:04:04,2,2,0,课下的事情很多 但是绩点还很低
166541,574,陈鹏飞,2023-01-12 16:42:59,2,2,0,想找事情做的务必要选
166582,574,陈鹏飞,2023-01-13 01:53:11,2,2,0,出分了，我一个文科生都能有4.5，真的很惊喜。这门课分为两个部分，理论课和实践课。理论课就是讲跟电视有关的知识，我除了第一节课的时候认真听了，后面都没听（因为根本听不懂，讲真的我觉得这门课的知识好像没什么用），在最后一节课的时候老师会将重点章节列出来，只要照着那个翻一翻书熟悉一下，期末考试没有问题（指理论部分）。实践课就是使用一些仪器，万用表、数字示波器等等，还有pr的的基础实践和摄影，每节实验课之后都要写实验报告，pr和摄影的话还要交作品，其实有点费时间，但是我都认真完成了。期末考试是开卷，可以看书和PPT，还是很友好的。
166595,574,陈鹏飞,2023-01-13 03:10:22,1,1,0,上课相对比较无聊，课程内容也比较枯燥难懂，但是老师人非常好，回答问题态度很认真，给分也很宽容，期末考试几道大题都有空没写完还是拿了4.8学分
167067,574,陈鹏飞,2023-01-15 00:53:27,0,0,0,选上不亏
167120,574,陈鹏飞,2023-01-15 04:05:53,1,1,0,数字电视基础与检测：单周理论课，双周实验课，实验课必点名，理论课没作业，每隔一次理论课有个小测（开卷，不会只要脸皮厚可以直接问），每节实验课都需完成实验报告（电脑上）ddl两周，老师喜欢“长篇大论”，实验课基本上时间不够，老师是自己管自己讲，不懂可以实操环节去问，pr等内容需要课后额外花时间完成。事情对我来说不多但花的时间多，学到了很多东西，老师很和蔼愿意回答问题。但是学分好少，长学期怎么只有1.5分，总而言之事多分高，最后94很满意。期末考试是开卷，老师会在最后一节复习课指明哪些会考，小测的题需要弄懂，需要翻书快。不过我们这届网上考试，居然可以看PPT，还是很好做的。另外考试还有实操pr部分，动作要快。
167666,574,陈鹏飞,2023-01-18 07:41:27,1,1,0,数字音视频，老师上课是看视频居多，可水，大概十个左右的视频剪辑作业，期末上机测试。其实去破站找点教程跟着剪完全可以拿到不错的成绩。不过视频剪太好会变成推荐作业供全班人和后几届同学“欣赏”。
168448,574,陈鹏飞,2023-02-16 16:14:31,-1,0,1,数字电视基础与检测，确实很累很累，上课听不懂，有三次小测，实验报告非常花时间。\n\n但是我还是给老师打了10分，因为老师人真的很好很好很好，对这种慈祥的老人家我真的打不下手低分TT 没做完实验会特意来给我们开实验室，上课大家玩手机做别的事情也不管，有问题很耐心地教我们。怎么说呢，如果想水课建议别来，但是老师真的是非常非常好的人。\n\n（听上过课的学长说这门课有正态要求，80分以下的老师全部给了79，其实也很为大家争取好成绩。我的绩点4.8，供参考）
2463,591,胡浩基,2015-05-04 06:29:56,59,73,14,他很萌
6923,591,胡浩基,2015-08-11 01:31:28,-19,6,25,规避了所有考试重点
6948,591,胡浩基,2015-08-23 03:18:14,-20,11,31,讲课不考虑同学的感受
24418,591,胡浩基,2016-04-30 13:31:11,-30,16,46,人看起来很好，实际上很自私
36364,591,胡浩基,2016-11-18 08:57:33,6,12,6,改个评分，就因为老师的一句话，我从教书开始，就不打算以给分吸引学生。不过从个人感觉上来说，这课还是适合旁听，当然是能坚持早起的情况下，至于给分，不想作评价。
36386,591,胡浩基,2016-11-18 08:14:51,23,30,7,给分简直不能更好
37426,591,胡浩基,2016-11-18 18:10:55,11,12,1,机器学习这门课讲得很认真，适合程度好一点都同学
37530,591,胡浩基,2016-11-19 14:34:08,44,51,7,不知道之前的人是怎么评的分。即使老师讲的又难又快，即使有些同学觉得分数低。至少我觉得老师上课是十分用心的，每次上课衬衫后面都是湿的不知道有没人注意到。用心的老师我都很喜欢
59928,591,胡浩基,2017-09-28 09:22:30,3,3,0,口音太萌了。
60501,591,胡浩基,2017-10-22 15:20:13,15,16,1,备课认真程度 上课很扎实严谨 推导很严密 从学生的角度思考教学 绝对好评
61831,591,胡浩基,2017-11-21 07:12:37,17,18,1,机器学习很用心，讲得让人能懂，师生关系也不错的，尊重学生
63239,591,胡浩基,2017-11-29 11:22:08,3,4,1,机器学习基础课程讲的很踏实 亲手推导了一些定理 介绍了机器学习的发展和最基本的思想 每次上课都能看到老师出了一身汗 真的是全情投入地在讲课
63345,591,胡浩基,2017-12-01 04:22:18,-18,3,21,老师讲课很好很认真，但是后期感觉太水了。只有大概几节课是比较硬的。\n\nProject个人认为对工科生可能有点用吧。也就熟悉一下工具。但真心不太喜欢，根本不如做作业爽，到后期拼准确率拼硬件无聊到爆炸。\n\n建议以后硬干货多一点。不要搞Project了。
63346,591,胡浩基,2017-12-01 05:22:55,0,1,1,机器学习学到很多东西，大作业基本一个人做的，很有意义
64567,591,胡浩基,2017-12-25 09:31:55,4,5,1,intrinsic
66567,591,胡浩基,2018-01-17 09:53:14,2,3,1,绝对是我上大学以来听的最认真的一门课了，感觉真的有所收获。考试也是平时做作业听课就可以获得不错的成绩
87957,591,胡浩基,2018-10-18 14:35:06,4,4,0,老师讲课很认真，结束的时候会有掌声。
89758,591,胡浩基,2018-11-20 15:39:19,-9,3,12,什么老师
90246,591,胡浩基,2018-11-22 16:47:52,3,3,0,慕名选了老师的课，老师备课上课着实用心，衬衫永远都是湿透的。只是这最后一个project在考试周后，而且根本就是电脑硬件的较量，个人认为这个project有失公允。
90753,591,胡浩基,2018-11-25 17:30:07,4,6,2,给分是真的不咋地，看重绩点的慎选
90857,591,胡浩基,2018-11-26 15:48:42,2,2,0,老师的课讲得非常好，深入浅出，原理推导讲得很细，认真听都能跟上。就是期末大作业实在太折磨人了，我头发全部掉光，头也掉光
104058,591,胡浩基,2019-03-11 06:50:33,34,37,3,我试着给大家评论一下。
104515,591,胡浩基,2019-03-22 06:01:39,3,6,3,遇到胡老师，如果你的信号与系统还学不好的话，那百分百就是你自己的问题了
106303,591,胡浩基,2019-04-26 09:05:48,1,2,1,虽然大作业和平时的编程作业有点难，但是也有好好帮我们考虑。觉得作业难的时候还会给我们调ddl时间和难度对作业补交也相当宽容。上课很认真每堂课真的看起来很辛苦的样子，感觉没什么老师的架子每个重点也在努力想办法帮我们更好记住。
107796,591,胡浩基,2019-05-10 01:29:31,2,4,2,如果当年的信号是胡浩基老师教的 那该多好呀
113426,591,胡浩基,2019-07-06 17:17:07,4,6,2,出分前夜来评论一下，胡老师是个好老师，10分
114292,591,胡浩基,2019-07-09 17:25:15,-21,3,24,经常讲些和考试无关的东西，导致后来的重点时间没有安排好，给分有点过分，每次小测都来了，基本满分，编程作业和作业全交，平时分扣5分，平时分扣的比期末都多，不知道该说些什么
114568,591,胡浩基,2019-07-10 17:33:43,22,25,3,首先，楼下肯定是没满绩就暴跳如雷的绩点**，其戾气可知矣。胡老师是两年来碰到过教课能力最好的老师，老师为人也不必多说，热评第一“他很萌”精准概括。胡老师上课全部认真板书，背上衬衫全湿，并会发给我们全手写的备课讲义，内容讲的清晰明白，作为渣渣的我也能很好地理解并不想睡觉。在讲好基础内容基础上，上课不功利，常会有拓展和编程内容，难度是有，但老师对期限非常宽容，十分为我们着想。期末全程在QQ上打字答疑，用心负责。并且，给我的分很好，我也确定胡老师给分很好，感恩胡老师一学期的付出！
114668,591,胡浩基,2019-07-11 03:04:59,2,2,0,胡老师讲课属实给力 每节课都讲的汗流浃背 上课认真学真的能学到东西并且拿到好的绩点
115015,591,胡浩基,2019-07-14 06:07:50,2,5,3,这学期上老师的信号与系统。老师讲课很认真，也很萌。\n\n老师上课会讲很多和考试无关的东西，但学习也不仅仅是为了考试吧。\n\n说实话，老师讲的好，试卷出的烂。\n\n大作业性价比有点低。\n\n给分这方面，不知道自己平时分，不做论述。
122668,591,胡浩基,2020-03-15 11:19:40,3,3,0,从b站而来，满分！
122841,591,胡浩基,2020-04-14 03:16:41,4,4,0,老师讲课非常精彩热情，并且重视理论，都听得懂
123449,591,胡浩基,2020-06-09 03:41:46,1,3,2,老师很认真  特别是今年网课 老师会在结课后把每章的重点内容都讲解一下，帮助复习，很好
125484,591,胡浩基,2020-09-10 08:43:52,3,5,2,棒棒棒\n\n胡老师把每个细节都讲的超级详细，给分也很高
125530,591,胡浩基,2020-09-11 04:06:44,4,4,0,胡老师讲课超级认真 ，而且思路清晰，手写板书(疫情期间iPad)却丝毫不传统，大作业老师一个一个看的，而且会写评语。无论是素质教育还是应试教育都是非常好，还整理了好多自己的经验，很多题目的答案都是胡老师自己做的。无论是想要高的绩点还是编程与信号系统理论水平的提升，选胡老师就对了，
125691,591,胡浩基,2020-09-13 06:10:28,3,4,1,我是上网课的，上课是他们几个老师轮流讲课，但老师真的很不错，还有期末的总复习，而且讲课不全搬课本，做题目有自己讲解还亲自演示昨天步骤。即使微积分学过的知识他都会给我们讲怎么讲，个人感觉很不错的老师
125831,591,胡浩基,2020-09-14 15:03:23,-16,5,21,渣男一个
126155,591,胡浩基,2020-09-18 08:22:44,4,4,0,我要说的是，胡老师机器学习课讲得真的很好，一步步推理，让我们一点点理解算法的思想，而不是只会调库调参
126213,591,胡浩基,2020-09-19 17:32:03,1,1,0,老师讲的太好啦！
136865,591,胡浩基,2021-07-13 09:52:13,0,0,0,特别好的一个老师，讲课思路特别清晰
137893,591,胡浩基,2021-07-06 13:23:37,0,0,0,老师是绝对良心的好老师，讲的十分的透彻，信号与系统课上的十分精彩！！！
138159,591,胡浩基,2021-07-07 14:58:58,0,0,0,绝对认真负责的好老师，讲课很认真、很细致，并且不局限于课本，信号与系统考试前还会整合重点难点知识点的笔记发到群里帮助大家复习。唯一的缺点是作业按章布置，经常出现这周没作业，下周做不完的情况，不过作业提交开放时间很长，这个也不是什么大问题。总之能上他的课是一种幸运。
151613,591,胡浩基,2022-03-09 12:10:45,6,6,0,数学很好，不可多得的好老师。能够把信号这门课讲的非常透彻，对于追求数学的人来说值得一听。然而据说给分一般，建议听网课。
152083,591,胡浩基,2022-03-25 04:24:00,10,10,0,大一以来我选上了好几位9.9分以上的老师，然而都远远没有胡老师讲得好。虽然他确实不怎么在意“考试重点”，但是上他的课是真的有收获啊！
152294,591,胡浩基,2022-04-01 15:48:32,6,6,0,10秒钟！！！打下这段话
153807,591,胡浩基,2022-05-11 17:38:00,8,9,1,选了胡老师的信号与系统。学长们评价都很好，但只有自己去上胡老师的课，听老师清晰地讲解信号与系统才知道胡老师到底有多好！！！我真诚地觉得如果浙大的老师的教学水平、作业安排、课程内容设计都像胡老师这样，浙大真的是能够赶超清北，甚至和MIT都能有的一比
155282,591,胡浩基,2022-06-10 06:50:06,3,3,0,hhj讲课真的好，一佰昏，神中神
155764,591,胡浩基,2022-06-15 17:20:05,3,3,0,无论在什么老师的教学班，都建议听胡浩基老师的网课，会上瘾！
156674,591,胡浩基,2022-06-20 14:54:33,5,6,1,我知道胡老师为什么人这么好，讲得也很好，没有接近9.9分了。老师给分很求是，甚至可以说是一般，主要体现在平时作业真的看你的细节，会扣很多分，跟其他班会差个几分，也就显得最终给分不这么好了，大家评分也就给9分（doge）
157127,591,胡浩基,2022-06-25 16:19:12,15,17,2,两天怒肝大作业，来生还做信电人。\n\n大作业做的最简单的，以为要不行了\n\nwoc出分了，胡浩基我的超人！！！\n\n\n\n给分一级棒！！！
157935,591,胡浩基,2022-06-25 16:11:21,3,3,0,信号与系统，讲课非常好，给分一般，但我觉得很合理。十分，讲课太好了！真希望所有专业课都像胡浩基老师的信号一样，能听懂，而且真的感觉学到东西了。
158007,591,胡浩基,2022-06-26 07:10:15,4,5,1,怎么说呢。胡浩基老师的优点自然就是讲课十分认真，而且他是真正地想让我们体系化的懂这门学科的，从证明一步步讲起，也会讲例题，这样就让学生掌握情况很好。缺点自然也有，就是老师不太按考点来，所以同学们如果想期末拿高分的话请尽早看看往年卷（有一说一信号期末其实比较简单，几乎只有采样定理偶尔较难）。不过hhj老师的给分确实不太好，有一点求是，我英文班室友不停向我得瑟（无语死了，都4.8了还说自己老师给分不好，说中文班占便宜），所以大家平时作业要好好做，不然就要像我一样扣掉三四分，之后大作业再扣几分，就基本不可能4.8了。至于hhj老师的小测，其实真的是在帮助同学们跟上课程的进度，不太存在刁难同学的情况，大家好好看老师的笔记问题就不大。
164294,591,胡浩基,2022-12-20 07:03:03,8,9,1,出门左转B站看老师自己传的上课视频，和吸毒一样会上瘾
171806,591,胡浩基,2023-04-06 07:45:56,0,1,1,好老师！b站讲的好好！
171847,591,胡浩基,2023-04-07 14:42:36,0,1,1,听不懂本院的课于是转战b站听胡老师的课，真的很好思路很清晰，入股不亏！！！
173978,591,胡浩基,2023-06-05 11:08:18,7,8,1,外校的，在B站上看到胡老师的课，可谓考研狗的救星了，尽管有些不会考，但我还是会认真听完，因为真的很有收获，这样的老师才能称为老师呀！希望能考上浙大（~忐忑~），面对面见见胡老师，就不敢奢望当他的研究生了。
177526,591,胡浩基,2023-07-03 15:07:51,0,1,1,给分比较求是，想拿分的慎选。
177538,591,胡浩基,2023-07-03 15:32:24,0,2,2,讲课好，就是给分搞人心态，本来满绩四个人觉得太多了硬扒拉下两个，我就是其中一个（助教说的），服了。但是其它都真的很好，给你9分吧
177658,591,胡浩基,2023-07-04 05:53:41,15,16,1,怎么说呢，胡老师的课，我愿称之为信电独一档，高中毕业后很久没有这样课上全神贯注了，更何况胡老师还特地说了可以不来上课。其上课之精彩不用赘述，但是也不得不说，胡老师的给分确实比较求是，其实作为一门4学分的大课而言倒也不错，但是相较于信号这门课程其他老师普遍给分较高的情况，胡老师的课给分显得不是那么有“吸引力”，而且课程进度不会按照课本来，也不会覆盖所有细枝末节的知识点。并且大作业确实是一个比较头疼的存在，普遍给分在85-90分左右，更可怕的是占比35分，是一个不小的失分点。总结一下，胡老师的课很适合听，甚至于我身边学信号的同学，不论是信电还是海洋专业，都标配胡老师的网课，但是如果想要获得高分的话，信号的许多其他老师的课程也许会更容易，不论是英文班还是其他大部分中文班。当然如果是大佬的话还是推荐选胡老师的课，可以收获一次非同寻常的体验，后面在接下来去学数字信号处理等课程也会更加容易。信号的考试其实一直以来都偏简单，因此如果能取得好成绩的话，大作业的扣分也并非不能接受。总之胡浩基，这个让我上课时爱了一个学期，考完试担忧了两个星期的男人，绝对是信号这门课的真神。
177662,591,胡浩基,2023-07-04 06:22:51,2,2,0,老师讲课很认真，听下来感觉很好，平时作业和大作业有点废肝
177965,591,胡浩基,2023-07-06 01:12:13,1,6,5,虽然我是另一个被胡老师压到94的可怜孩纸，但就凭着胡老师的讲课，这十分必须给！
178061,591,胡浩基,2023-07-06 13:48:53,2,3,1,楼下巧了，我也是94分。但胡老师的10分必须给，上大学迄今为止遇到的讲课最认真最负责的老师，没有之一
192480,591,胡浩基,2024-05-21 14:54:21,-24,3,27,跨专业选他的信号与系统，非常不满意，感觉这个学科绝对不仅仅只是传授做题技巧而已
193615,591,胡浩基,2024-06-14 02:54:29,6,7,1,今天上的是23-24学年最后一节信号与系统，50个人的班来了13个。老师下课时说，每年能坚持到最后的同学总是不太多。谢谢今天能来到这里的同学，陪我走完这个学期。祝大家期末考试和课程设计顺利！\n\n泪目了
196377,591,胡浩基,2024-07-03 07:16:31,5,6,1,胡老师的讲课非常好，对待学生也很负责。给分上，虽然不能称上特别好，但也是非常合理的，如果努力学习还是一定能拿到理想成绩的。总之，整体上还是很推荐的。
196427,591,胡浩基,2024-07-03 10:01:52,0,1,1,讲课真的非常好，人也特别好，上课体验很好，给分上虽然不是尽如人意，但也算是有理有据，较为合理。总体上值得满分。
196447,591,胡浩基,2024-07-03 13:02:41,0,0,0,特别好
197018,591,胡浩基,2024-07-06 17:11:13,0,1,1,讲课绝对是信电之光，从不点名，b站上也有老师自己上传的课程（说觉得上课进度较慢的同学可以自己看），两次小测（有祖传卷，但我是测完才知道的），大作业老师也会很多很有帮助的参考资料，给分上我觉得是达到了我自己的预期。
197709,591,胡浩基,2024-08-03 09:09:33,0,1,1,电院来听老师的课，最后拿了93，感谢老师！
202044,591,胡浩基,2024-11-08 14:38:21,1,8,7,此生未能读浙大，来生必做浙大人！信号与系统胡老师的课放在全国讲得都是独一档的好。我是b站来的学生，我们学校，984.5吧，讲这课的老师一言难尽，ppt和讲课水平，乃至课程设计时的体系都非常难评。我对于这门课的热情完全靠胡老师的网课撑起来。可以说老师的讲课水平和魅力直接影响到学生对这门课的热爱程度。真的很喜欢胡老师。如果有机会亲自听他讲一次课就好了。
213638,591,胡浩基,2025-01-18 15:53:36,3,3,0,是浙大人但在b站看老师的信号与系统哈哈哈 虽然没看完但是老师讲得真好！
218190,591,胡浩基,2025-04-22 03:09:13,2,2,0,么么哒💋
218410,591,胡浩基,2025-04-23 08:26:51,3,4,1,无人能敌胡好几，上过hhj的课再上信电别的课真是如坐针毡，老师是真的能让人提起学习兴趣的那种学识渊博的高知人才。选上胡好几的课是2025最幸运的事。
219160,591,胡浩基,2025-05-22 14:11:50,3,4,1,20250522早上早八的课，备课到3点49分；20250515早上早八的课备课到2点半。早八依旧精神饱满上课，上课不到20分钟后背就完全浸湿，即使非常非常忙，也很努力地备课、创新，试着把课讲到最清楚，尊敬！
220516,591,胡浩基,2025-06-18 10:30:35,2,3,1,世界第一牛逼超级无敌厉害的善良纯洁可爱认真老师
220730,591,胡浩基,2025-06-25 15:03:07,2,3,1,我爸爸
221908,591,胡浩基,2025-06-27 10:50:29,1,1,0,今年好像中文班给分比英文班差，英文班大胜出，但是hhj的信号与系统无论是平时上课还是上网课都是yyds！
20031,616,钟财军,2016-01-26 02:43:45,-2,3,5,上课还行，但是考试之前他说的复习重点都没怎么考，结果就悲剧了
22496,616,钟财军,2016-03-07 03:04:28,1,1,0,就这样
24424,616,钟财军,2016-04-30 13:34:00,2,3,1,给分好
44945,616,钟财军,2017-01-18 14:47:04,1,2,1,卷面分肯定不止这点
45938,616,钟财军,2017-01-20 09:29:48,0,2,2,军哥人挺好的，大家记得上课回答问题，感觉最后的成绩会在这里有差距
60785,616,钟财军,2017-10-30 05:48:07,0,1,1,给分很大方！给分很大方！
65488,616,钟财军,2018-01-04 13:09:56,7,9,2,老师挺有风度的，人也很好，信息论这门课有些抽象，上课时候能举的例子可能也有限吧
67479,616,钟财军,2018-01-21 09:52:50,1,3,2,一个稳送给老师
67482,616,钟财军,2018-01-21 09:55:43,3,4,1,老师的重点真的是太准了！！！全靠重点拯救！！！虽然不是老师的学生但是给老师一个十分！
69194,616,钟财军,2018-01-24 09:54:48,1,2,1,人很好人很好，重点神准无比。虽然最后分数不算太高……都怪我三次小测太浪，根本不复习，这锅我自己背。
69414,616,钟财军,2018-01-24 15:28:01,2,3,1,老师挺好的 期末给的重点比较重要 课程后面的内容不同班进度有些不同 考前要互相问一下取交集的部分
72974,616,钟财军,2018-01-31 13:09:37,0,0,0,复习ppt简直好评，就差拿扩音喇叭喊会出啥题了
83194,616,钟财军,2018-07-10 02:08:03,0,0,0,这个老师很灵性，一定要听话，听不了吃亏听不了上当
86471,616,钟财军,2018-09-16 16:46:49,-2,1,3,我觉得不行
100578,616,钟财军,2019-01-26 10:37:02,2,2,0,老师人很好，各分很好。\n\n
103255,616,钟财军,2019-02-27 04:01:09,2,2,0,老师人好。讲课不错。
133239,616,钟财军,2021-02-20 03:24:26,0,1,1,老师很好，我是垃圾，今年考试有点东西。\n\n\n\n老师有几次突如其来的小测，建议每一章上完后提前准备一下，老师小测不提前通知的。\n\n\n\n这门课很杂，后面计算与控制部分也是非常重要，考试今年重点关注了，课程体系有点不太行
8043,841,陈惠芳,2015-09-16 16:23:09,-27,5,32,太棒啦
12456,841,陈惠芳,2015-12-23 10:18:07,3,10,7,很严格
49292,841,陈惠芳,2017-04-01 16:08:54,13,21,8,不讲道理 尖酸刻薄
57030,841,陈惠芳,2017-07-05 08:38:42,-14,10,24,老师讲课很详细，给分也不错\n\n
85512,841,陈惠芳,2018-07-19 20:18:12,8,12,4,也就讲课值这1分吧
87377,841,陈惠芳,2018-09-28 00:54:42,34,50,16,有史以来遇到的最师德败坏的老师，集刻薄尖酸卑鄙下流于一体，自以为是地做了很不配为师的事
107527,841,陈惠芳,2019-05-06 09:01:24,2,6,4,快要期中考了，老师看起来蛮严厉的。讲课的话，三位老师都差不多，选上谁就上谁的。。。。\n\n老师助教很好，问问题都会耐心解答，忙猜是个博士生。
114661,841,陈惠芳,2019-07-11 03:01:13,3,6,3,真的狠
114787,841,陈惠芳,2019-07-11 17:22:58,16,20,4,两口子一个狗样
115462,841,陈惠芳,2019-07-25 12:35:51,8,12,4,跟她老公一样，狼狈为奸
136803,841,陈惠芳,2021-06-25 02:38:03,3,5,2,我就来看看没有新人骂她吗？
139321,841,陈惠芳,2021-07-14 10:01:24,16,23,7,编写课本的老师，讲课思路清楚，考试的题型都比较固定，都是平时作业和上课的重点内容，平时作业小测都给满的，给分看各个班均绩也是最高的吧，并且是通原课程负责人，相比其他班对于考试的东西也更加清楚一点，选她课完全OK吧。\n\n\n\n至于“神雕侠侣”，夫妻店的事情，和讲课关系不是很大，选她课可以，别选她导师就行，助教还得每节课都到，太惨了。另外这学期助教姐姐太好看了，也很负责，给助教姐姐打100分
141351,841,陈惠芳,2021-09-30 08:20:34,7,10,3,网通这门课考试难度不大，很好过。但是这老师太凶了吧，好多次看见助教被骂。
154494,841,陈惠芳,2022-06-02 02:04:21,-2,1,3,这学期网通还挺好的
156602,841,陈惠芳,2022-06-20 11:37:35,0,3,3,网通很水，平时参加测试，期末开卷，小测题打印带过去轻松满绩
164953,841,陈惠芳,2022-12-28 04:43:29,4,4,0,hehehehe1fen
168209,841,陈惠芳,2023-02-03 01:47:51,11,12,1,这个人心里极度扭曲，学生普遍盐毕。天天跟你欠她钱一样，无德不配为师。要不是吃了时代红利，啥也不是
174946,841,陈惠芳,2023-06-20 09:14:42,0,4,4,考前两天通知中英文一起考，还不告诉我们考试范围，你怎么不去死呢
175142,841,陈惠芳,2023-06-22 01:32:34,-2,4,6,网络与通信安全我给10分！
178612,841,陈惠芳,2023-07-17 01:26:40,5,6,1,听说你很多学生延毕
186940,841,陈惠芳,2024-01-13 16:29:22,1,1,0,C语言，R语言
189290,841,陈惠芳,2024-01-23 01:39:06,1,2,1,吐槽一下教材，错误太多了，很不适合阅读，建议下次出版时好好修订一番。虽然chf在做导师上可能不太行，但教学上还行吧，并且给分上yyds！
210641,841,陈惠芳,2025-01-10 13:20:19,4,4,0,太好了，是我们最爱的大作业，平均分76（15%占比），这你顶得住吗？\n\n更新：后面改分了，平均分86，倒是挺不错的
211026,841,陈惠芳,2025-01-10 13:20:05,1,1,0,通原大作业最后改分了，无需多言
213526,841,陈惠芳,2025-01-18 05:10:35,1,1,0,还可以，出分速度比较快
214437,841,陈惠芳,2025-02-03 05:49:21,-1,0,1,纯纯脑瘫一个
219085,841,陈惠芳,2025-05-21 08:41:06,1,1,0,给分还可以
220940,841,陈惠芳,2025-06-20 11:51:32,0,0,0,网络与通信安全虽然没有考试，但是给分也很低，还爱早八小测
221161,841,陈惠芳,2025-06-21 15:27:27,1,1,0,这位老师很多负面评论，不过我想很多人看査老师也是为了看课程给分及上课感受如何，下面给点经验吧（此评论聚焦网络与通信安全）\n\n成绩组成：线上期末考试（45%）+平时成绩（25%）+大作业（26%）+课堂思政（4%），对的你没看错，有课堂思政这玩意\n\n平时成绩其实基本就是小测+出勤率了，虽然老师说你缺个一两次课无所谓，但是这门课的小测多到离谱，都会在课堂的最后十几分钟开始小测，我一学期上下来的感受就是一节课都不敢逃，它甚至有早八。建议平时就好好学吧，毕竟测的时候时间太短，虽然开卷但是不好翻，哪怕问ds老师其实也有出错的时候。\n\n大作业两份，不过两份基本可以连在一起做，都是基于AES-256的，其实挺容易，不会也可以问现在的版本答案ds老师。\n\n课程思政是一次是写哈尔滨亚冬会的境外袭击，一次是王小云的事迹，写在一张纸上上传，无字数限制。\n\n这学期好像跟以往不一样的就是现在是线上期末考试，开卷，线上考且不开摄像头，我只能说含金量懂的都懂（）\n\n最后的感受就是，这门课水绩点真的挺容易的，后辈们也不要因为老师的负面评价望而却步，人是复杂的，至少老师在上课的时候并不会太为难你
22610,929,龚小谨,2016-03-08 23:18:18,4,9,5,信电英文担当？
25464,929,龚小谨,2016-05-21 02:46:36,2,9,7,作业又多又烦，讲课烂
29354,929,龚小谨,2016-06-29 15:36:20,1,2,1,非常好的老师哟！
37889,929,龚小谨,2016-11-21 16:11:42,1,1,0,老师很漂亮
48072,929,龚小谨,2017-02-28 09:52:33,0,0,0,评分测试评论\n\n
49388,929,龚小谨,2017-04-10 02:56:53,2,6,4,老师比较年轻，超爱笑，讲话声音也好舒服嘻嘻嘻
52773,929,龚小谨,2017-07-05 13:05:07,16,24,8,人工智能作业很多，考试还难，最后给分还不咋地，真的心疼自己
57645,929,龚小谨,2017-07-11 12:43:36,-1,2,3,事多分差\n\n\n\n
109720,929,龚小谨,2019-06-19 00:57:47,-3,3,6,老师超好，听老师的课是一种享受
110433,929,龚小谨,2019-06-26 15:20:31,3,6,3,要么就把人家Berkeley的ppt直接拿来用，要么就融入点自己的东西。把人家的好东西拿过来改的乱七八糟图啥呢？
114298,929,龚小谨,2019-07-09 17:28:37,4,7,3,双语信号课讲得很有条理，一点也不催眠，期中期末题很像MIT，题目不多但要做全对还是很难，五次project只要做出来了没硬伤就都有分，最后总评97
114394,929,龚小谨,2019-07-10 00:41:37,0,0,0,好好好！
124610,929,龚小谨,2020-07-03 16:10:04,-5,2,7,找到mit题库，轻松满🐔
156835,929,龚小谨,2022-06-21 05:26:59,-3,1,4,我不是大佬，也不是纯摆烂人，平时作业按时交，会的自己写了，不会的问问同学，实在不会的就放过。四次lab自己的水平做的一言难尽。虽然matlab代码都交了，但报告差一次。期末复习也因为场波和其他科目没有在信号上花太多时间，过了一遍课本+抄好A4纸就上去考了。\n\n期中70分，期末大概也差不多，把自己会的基本全写上去了，最终3.6那一档的最高分。感谢龚老师、张老师和两位助教一学期辛勤的付出。
156869,929,龚小谨,2022-06-21 08:20:06,0,0,0,这学期少有的体验不错的课程了，助教真的好负责，放心选就行了
156909,929,龚小谨,2022-06-21 10:22:27,0,0,0,两个女老师都很温柔，人很好，给分也好。\n\n事情也很少，可以有充分的时间巩固学习的知识，做mit的题目+看奥本海姆的书\n\n强烈建议选课
157051,929,龚小谨,2022-06-21 18:15:53,0,0,0,不点名，很随和，态度好。事情少，提前下课，随便翘。可以留很多时间给自己自学巩固，期末给分不错，可以选。但是要注意，期末不再是mit题库了，要认真学。
174239,929,龚小谨,2023-06-08 05:59:22,1,2,1,ai还行 总体上各方面都比较水 老师人非常好说话 尊重学生
174732,929,龚小谨,2023-06-16 09:31:36,2,2,0,超级和善的老师，信号英文班很轻松，作业是真的少
175631,929,龚小谨,2023-06-26 03:16:11,7,7,0,ai不点名 给分比较一般\n\n复习可以直接参考cs188的作业 考试很多原题
196626,929,龚小谨,2024-07-04 10:19:37,5,5,0,ai教的不咋样，给分也不好
217249,929,龚小谨,2025-04-06 12:54:24,1,2,1,讲的很渣。而且这学期开始点名了，而且是线下点名（必须到教室）
220825,929,龚小谨,2025-06-20 04:19:29,2,2,0,给分确实可以，所谓点名只点了一次，而且拿错成了低定前的名单
220857,929,龚小谨,2025-06-20 06:47:07,2,2,0,事少，lab给的指导比较详细，直接发给ai基本都能完成，就点过一次名，给分好
220923,929,龚小谨,2025-06-20 10:57:01,1,1,0,事少分高
221157,929,龚小谨,2025-06-21 15:05:56,3,3,0,成绩组成：理论作业15%、实验作业30%、大作业15%、考试40%\n\n虽说有过点名，但是从考核要求来看，点名似乎不算分（\n\n选gxj老师的AI课程还是比较轻松的，老师也不会太为难人，更是深刻地认识到我们都是期末才开始学习的，所以回答不出问题也不会怪我们（\n\n理论作业其实还是很贴合考试内容的，建议认真做做方便考前复习，实验作业在如今大语言模型（说的就是你ds老师）的发展下更是很容易解决。两种作业分别布置了三次（有个实验作业甚至是让你去玩玩国内外的大语言模型来说说感受，水得很）\n\n大作业和同学组成个最多三人的小组，自己选择一个感兴趣的题目来做，最后一节课会有pre。（其实大作业也可以靠AI解决就是了\n\n最后的考试其实内容挺固定的，一张A4纸开卷，题目基本就八道题：搜索问题、α-β剪枝、CSP、推理、决策树、贝叶斯、卷积、MDP，建议这八种题型一定要看透，除了lcg老师之外的其他班应该都是一样的，当然如果考了别的题也不要怪本条评论，因为我也不知道什么时候会改题型。\n\n感受就几句话吧，gxj老师班的AI其实很舒服，给分也算好的，平时分差不多给满了。当然我本人并没有因此得到比较高的分数，不过我也不会怪老师，主要是我太菜了（2025年春夏留）
221631,929,龚小谨,2025-06-25 04:36:43,0,0,0,AI给分不错，老师回消息很及时，lab指导也很细心，对于我这种新手小白来说非常好了。这门课本身比较难，看最终成绩老师平时分可能给的很高，尽量在捞了，推荐一手
311,952,崔宁,2015-03-15 00:38:06,212,233,21,凶是真的凶…
416,952,崔宁,2015-03-15 02:06:33,-72,42,114,很多人说老师凶，我也觉得他凶，但是他的要求都是对的，老师要求严格有什么错？！听他的课，感觉挺好！
689,952,崔宁,2015-03-15 12:20:44,-53,37,90,凶是凶，但并不是毫无道理的呀
751,952,崔宁,2015-03-16 07:41:29,84,94,10,真的很揪心
1023,952,崔宁,2015-03-21 10:47:57,324,373,49,长的丑不是他的错，但是为何整天摆着一张臭脸呢？是来报复社会的吧？亲眼见过他骂女生，是真的骂哦，在期末上机考的时候。负分滚粗。
1120,952,崔宁,2015-03-21 16:13:45,111,122,11,就是不喜欢他…
1148,952,崔宁,2015-03-21 16:19:29,141,150,9,凶的有道理什么的，呵呵，感觉像刻意为难似的，比下楼老师就知道是这是种怎么样的态度了
1165,952,崔宁,2015-03-21 16:23:02,-106,31,137,拉高些吧，学生太娇气了
1246,952,崔宁,2015-03-25 16:17:01,510,559,49,从不介意老师凶，但是那种讽刺挖苦的人身攻击让人烦
1247,952,崔宁,2015-03-21 17:00:49,311,330,19,考试中输入法更改方法写在文档第二页底部几乎所有人都没看到，有人提问居然大声斥责他出去别考了！我们并不是害怕严厉的老师，而是不喜欢不尊重学生的老师。
1379,952,崔宁,2018-12-26 10:56:27,177,186,9,绝壁对学生有成见，不耐心，爱撕逼\n\n
1429,952,崔宁,2015-03-22 02:59:59,195,203,8,太凶，不尊重人
1439,952,崔宁,2017-08-28 15:15:18,174,203,29,我只能说听他上课是可以学到东西的，但是在群里看到他和同学的对话真的惊讶于他的修养…
1457,952,崔宁,2015-03-22 05:14:43,81,90,9,好可怕，超凶。。。
1490,952,崔宁,2015-06-16 01:36:47,94,106,12,太凶了。
1680,952,崔宁,2016-09-12 11:41:28,-81,29,110,老师很严格，但学到很多东西。期末考试歌词什么都来不及写还有4.7，感谢老师
1876,952,崔宁,2015-03-26 03:28:51,107,113,6,不懂得尊重别人或许说情商太低\n\n
1985,952,崔宁,2015-03-28 02:57:48,-39,34,73,虽然凶，但这是个人风格吧，也不好说什么。严格一点也好，但就是严格是坚持自己的原则，不要在语言上老挖苦学生，这是不对的。
2097,952,崔宁,2015-06-21 16:50:16,100,111,11,垃圾垃圾
2175,952,崔宁,2015-04-04 18:54:48,63,72,9,垃圾，不尊重学生，侮辱人格”
2284,952,崔宁,2015-04-16 08:50:09,290,309,19,默默把所有评论他凶的都点了赞 我会说 最后期末上机考的时候 他因为我名字写的他看不清 就直接扣了我2分嘛 呵呵
2700,952,崔宁,2015-05-05 14:06:35,50,53,3,就两字，害怕
2855,952,崔宁,2015-05-09 02:11:37,64,70,6,我从未见过如此……
3107,952,崔宁,2015-05-14 09:42:16,51,58,7,看到选上的课是他教......果断退了
3135,952,崔宁,2015-05-16 03:00:35,89,94,5,凶就算了 最起码要尊重学生吧 这种态度也好意思来当老师 呵呵了
3478,952,崔宁,2015-06-16 10:41:49,62,67,5,不要选他的课，真心的(ಥ_ಥ)
3502,952,崔宁,2015-06-17 01:23:03,-60,24,84,自己认真做了表示从不会被骂，自己上课不听然后老是问一些上课强调过的问题，不骂你骂谁。
3524,952,崔宁,2015-06-17 01:28:08,43,46,3,累
3548,952,崔宁,2015-06-17 01:32:52,37,39,2,奇葩……
3998,952,崔宁,2015-06-17 12:55:12,-53,23,76,感觉还好。。。没觉得有那么夸张。。怎么说群里问的的确都是非常常识的问题。。一味责备老师自己不听课算什么。。
4154,952,崔宁,2015-06-18 02:18:57,-1,24,25,的确很凶。但是有的超级常识的问题还去问被骂不是自找的么，认真学一下根本不会被他骂。
4564,952,崔宁,2015-07-07 15:18:18,57,60,3,低分没商量，毕竟这么大的人了不需要学生教他修养俩字怎么写吧
4627,952,崔宁,2015-06-29 12:55:18,-27,7,34,太能骂人，教的还不错
4773,952,崔宁,2015-06-28 10:00:59,24,29,5,曹
4823,952,崔宁,2015-07-07 16:37:50,16,20,4,呃
4842,952,崔宁,2015-06-29 12:57:35,13,19,6,呵呵
4847,952,崔宁,2015-06-29 14:36:12,40,43,3,建议别选他的课
4973,952,崔宁,2015-07-01 16:44:22,90,96,6,上机考试，他直接让我后桌出去了，因为后桌不会录音操作，我自己写错了一个名字问他怎么处理，他直接板着脸跟我说，我！会！扣！你！的！分！简直吓傻～
5056,952,崔宁,2015-07-02 16:24:17,46,50,4,没素质，不懂得尊重别人，没有师德！
5068,952,崔宁,2015-07-03 08:01:26,-45,23,68,在群里私聊过崔宁老师好几次问他一些问题，态度都很好啊。不懂为什么评价那么低，在群里见到被喷的同学一般都是因为连上课讲过的最基本的东西都不知道才会被这样对待吧…
5076,952,崔宁,2015-07-03 09:43:41,17,22,5,差
5080,952,崔宁,2015-07-03 13:11:45,69,74,5,他只喜欢那种技术好让他脸上贴金的学生，我只记得，他在上机考试的时候指着我说，滚出考场。
5114,952,崔宁,2015-07-04 07:33:09,29,35,6,一大败点
5290,952,崔宁,2015-07-06 09:55:28,69,74,5,感觉战战兢兢，生怕哪里做错了，学生很难在这种情况下有创新吧
5428,952,崔宁,2015-07-07 10:50:21,20,26,6,期末实验考的时候因为少念了什么还是录得不好一共录了四次，最后一次录完他就直接过来凶我差点被赶出去。幸而给分还行
5587,952,崔宁,2015-07-08 13:11:05,36,40,4,上他的课感觉时刻还绷紧神经  不然会被骂很惨
5718,952,崔宁,2015-07-09 07:51:34,51,58,7,可能因为和老师交集不太多，而且期末给分很高，所以没有特别讨厌他。但是在群里有见过他和学生起冲突的，特别是和楼老师每次解答问题的态度一比，真的差很多…
5805,952,崔宁,2015-07-09 12:38:21,23,26,3,简直有病
5826,952,崔宁,2015-07-09 14:10:34,13,19,6,受不了
6015,952,崔宁,2015-07-10 08:07:45,32,36,4,我就一句话 为什么没有零分 我信电出奇葩老师
6043,952,崔宁,2015-07-10 12:21:33,41,45,4,//如果缺乏对人的尊重，知识只会导致毁灭和不幸。\n\n上课内容太简单，不会的同学也是靠回家自学，扯淡也显出其极其自傲。
6466,952,崔宁,2015-07-14 06:33:08,-32,8,40,老师较为严格，可能是性格原因脾气也易暴躁，易不耐烦。虽然老师严格认真，但也过于挖苦讽刺学生。。虽然有的学生的确不好，但毕竟是老师长辈，不能一味地只是挖苦。
6539,952,崔宁,2015-07-15 03:04:30,-30,10,40,还好啦，不像大家说的那么严重，但是老师骂人真的是我这辈子见过的老师中骂得最频繁的…上课得提心吊胆的…
6555,952,崔宁,2017-01-10 05:48:55,-50,22,72,的确凶但是被凶的那些人是真傻…那么简单的东西强调无数遍还是各种低级错误。不尊重一个一学期要负责400多个上这门课的人的老师干嘛腆着个b脸到这种地方来骂人家
6557,952,崔宁,2015-07-15 07:28:39,31,35,4,你是一只待宰的小羔羊
6655,952,崔宁,2015-07-17 04:49:27,20,25,5,就是个垃圾
6665,952,崔宁,2015-07-17 23:47:09,41,46,5,这种老师太恶心了，我很好奇他怎么有资格在浙大当老师
7300,952,崔宁,2015-09-13 08:52:28,17,20,3,sb
7569,952,崔宁,2015-09-15 04:36:47,14,18,4,呵呵。
7904,952,崔宁,2015-09-16 05:04:59,41,44,3,学生阴险论先驱
8200,952,崔宁,2015-09-17 11:56:17,-38,8,46,蛮好啊，还有高清电影看，绩点又高，强力推荐。
8493,952,崔宁,2015-09-22 01:03:48,-27,4,31,虽然凶最终结果也还行吧。。
8507,952,崔宁,2015-09-22 02:53:31,25,28,3,傻逼老师
8641,952,崔宁,2015-09-23 12:15:58,45,48,3,什么叫如临深渊，什么叫如履薄冰。我都要觉得自己欠他钱了。
8866,952,崔宁,2015-09-29 06:04:37,13,16,3,呵呵哒
9146,952,崔宁,2015-10-14 10:51:49,52,54,2,别人课上得再差也从没有给别人打过1分 但这个老师 或者叫他东西 这个东西让我只恨这个软件没有更低的分
9171,952,崔宁,2015-10-15 04:19:31,26,31,5,简直再见 因为不知道输入法怎么调出来（ctrl加空格）被他骂了一顿 千万别选让自己受气的课
9186,952,崔宁,2015-10-15 16:25:07,-31,11,42,不知是不是因为学习帝的缘故，这个秋冬学期崔老师态度挺好的，至少没有听到挖苦。然后我想说，有些操作真的很基本，上课都讲过，但是总是有同学反复在群里问，颇令人反感
9308,952,崔宁,2015-10-22 12:11:58,14,17,3,简直了
9413,952,崔宁,2015-10-26 11:24:57,25,28,3,渣老师，很不尊重人，感觉不像来教书像来吵架的
9463,952,崔宁,2015-10-28 10:02:55,10,12,2,窝心，上一次课难受一次
9471,952,崔宁,2015-10-28 11:09:58,18,22,4,要有负分我早给了。。。
9474,952,崔宁,2015-10-28 11:47:41,18,20,2,凶的没道理，第一个给差评的老师
9476,952,崔宁,2015-10-28 11:51:59,16,17,1,退课保平安
9500,952,崔宁,2015-10-29 03:39:09,12,13,1,很糟糕
9764,952,崔宁,2015-11-08 12:20:56,14,16,2,太凶了。
9796,952,崔宁,2015-11-09 11:27:20,32,35,3,考了一场20分钟的试 说了不下30遍“你给我走”
9831,952,崔宁,2015-11-10 11:04:28,18,21,3,不尊重学生的老师先驱。亲耳听到学生问了一个问题之后：自己看要求，不要问我这种屁话。（语气自行脑补）
9832,952,崔宁,2015-11-10 12:03:26,16,20,4,这老师不把学生当人看，上他的课比狗还不如
9946,952,崔宁,2015-11-13 05:13:37,19,21,2,见过凶的，但没见过这么能挖苦人的…
9962,952,崔宁,2015-11-13 09:09:02,33,37,4,我只想说这个老师一天到晚一副老子上天下地无所不晓的臭脸对着你，上课感觉你欠他五百万。上课说一些小学生都知道的基本常识，却要摆出一副全世界就他知道的模样！
10041,952,崔宁,2015-11-14 17:07:00,7,10,3,拒绝吧
10465,952,崔宁,2015-11-19 03:27:36,-25,0,25,还可以
10535,952,崔宁,2015-11-19 12:27:50,-28,8,36,这学期真的还不错的，说实话。如果是操作上没有讲到过的问题，老师都是蛮耐心解答的，但个别同学在群里问问题的态度很成问题。这学期……真的……还好。讲真
10869,952,崔宁,2015-11-23 07:53:58,23,27,4,因为绩点高想给好评还一味归错给学生的圣母婊们，摸着良心说话，重点不在凶，在不懂得尊重
10948,952,崔宁,2015-11-23 12:13:35,17,19,2,干了一碗热翔的感觉
10951,952,崔宁,2015-11-23 12:24:39,37,40,3,想对他喷脏话 然后细细一想 我不能跟他一个德性啊
11092,952,崔宁,2015-11-24 06:14:04,11,12,1,辣鸡体验
11186,952,崔宁,2015-11-25 05:32:02,9,11,2,SB老师\n\n
11551,952,崔宁,2015-12-04 09:35:24,14,16,2,差差差\n\n
11552,952,崔宁,2015-12-04 09:37:30,8,9,1,无语。
11716,952,崔宁,2015-12-12 08:07:19,8,9,1,一个字 渣！
11862,952,崔宁,2015-12-18 09:08:43,14,16,2,修养太差了，社会戾气太重，不适合当老师
11887,952,崔宁,2015-12-20 10:33:08,4,6,2,...
11943,952,崔宁,2015-12-21 11:23:59,10,11,1,呵呵塔
11986,952,崔宁,2015-12-21 12:32:10,12,13,1,不得不说，没有耐心当什么老师
12040,952,崔宁,2015-12-21 14:41:06,15,18,3,老师的想法是我上课讲了的你都不许问，问了我就讽刺挖苦辱骂，因为我讲了的你没听是你的责任，另外没来请假没听到也是你自己的原因，总之人很差，建议别选
12341,952,崔宁,2015-12-23 04:11:08,15,16,1,煎熬，有一种小人得志的感觉，我不懂他这种人为什么可以在浙大讲课，呵呵，文化底蕴决定人的修养\n\n
12409,952,崔宁,2015-12-23 08:03:07,4,7,3,呵呵\n\n\n\n
12661,952,崔宁,2015-12-24 00:31:08,13,14,1,迟早有一天会被学生打
12666,952,崔宁,2015-12-24 00:38:14,9,10,1,不要选
12741,952,崔宁,2015-12-24 03:00:55,14,17,3,把好几个女生骂哭了⋯脑残老师啊\n\n
12762,952,崔宁,2015-12-24 03:23:39,14,16,2,凶的一比，我又不欠他钱，和楼老师没发比
12795,952,崔宁,2015-12-24 05:24:07,25,27,2,看看人家楼东武。满罐子不荡浅罐子荡。
12884,952,崔宁,2015-12-24 07:21:39,7,8,1,醉了，凶死
12994,952,崔宁,2015-12-24 12:49:46,2,5,3,。。。
12997,952,崔宁,2015-12-24 12:59:51,7,9,2,人品实在是.......
13121,952,崔宁,2015-12-25 02:23:24,0,3,3,教做人
13342,952,崔宁,2015-12-27 05:40:12,8,9,1,sb老师不解释\n\n
13526,952,崔宁,2015-12-29 02:49:04,4,7,3,可能是这个世界欠了他什么。他拿学生在出气吧。
13570,952,崔宁,2015-12-29 10:51:39,10,11,1,真的超烂好不好，上课凶的不说，又没什么干货，这门课也是....要写五次实验报告，一个论文，还有一个录音然后要处理，最后还有一个考试，哦中间也有一次考试
13909,952,崔宁,2016-01-02 08:16:31,3,4,1,他是不正常嘛
14501,952,崔宁,2016-01-07 09:18:28,3,4,1,坑！！！
14634,952,崔宁,2016-01-08 04:49:08,1,3,2,呵呵呵
14775,952,崔宁,2016-01-09 02:42:35,6,8,2,lz选了他的课是我一生的败笔
14843,952,崔宁,2016-01-30 02:10:49,6,7,1,不懂…很认真上了这门课，所有任务也都很认真完成，算是一门比较麻烦耗时的通识吧，唉，给分我实在是觉得不太公允。
14850,952,崔宁,2016-01-10 05:14:41,6,6,0,只能呵呵。浙大老师的下确界。
14860,952,崔宁,2016-01-10 09:02:17,11,12,1,隔壁班的来评价一下，讲真，做实验的时候遇到老师，条件反射就会特别紧张害怕，锻炼心态的课，但绝对不想再体验≥﹏≤
15059,952,崔宁,2016-01-11 18:05:09,-1,1,2,我就笑笑不说话
15231,952,崔宁,2016-01-13 02:18:05,4,7,3,机房的计算机都是他儿子。。。护子情深。。。
15236,952,崔宁,2016-01-15 06:38:49,2,2,0,最奇葩老师没有之一。
16311,952,崔宁,2016-01-18 02:13:40,1,2,1,没修养
16836,952,崔宁,2016-01-19 05:06:46,2,3,1,每句话都在讽刺！
17194,952,崔宁,2016-01-20 00:50:34,-9,6,15,老师虽然平时好凶也害怕过他但请教也还挺耐心的，给分平均很高，跪谢！
17211,952,崔宁,2016-01-20 01:22:47,0,3,3,有病~
17221,952,崔宁,2016-01-20 01:41:33,-29,1,30,通识课里最高的绩点。。只要自己认真一点就不会被骂啊，老师是严格了一点，但是学生确实有时候是找骂。。
17231,952,崔宁,2016-01-20 02:18:12,0,2,2,对学生不尊重\n\n
17243,952,崔宁,2016-01-20 02:29:17,-28,3,31,老师很好，能学到很多东西，给分很不错。至于骂老师凶的，最好问问自己平时是不是太作死。不黑不粉。
17441,952,崔宁,2016-01-20 08:13:18,-29,0,29,给分好，人好，作业少
17474,952,崔宁,2016-01-20 09:10:36,-20,4,24,虽然被骂了两次，但是让自己清醒了许多，如果乖还是不会被骂的，毕竟学到很多东西，挺感谢老师的……
17484,952,崔宁,2016-01-20 09:38:09,-18,2,20,虽然有点凶，给分还是不错哒
17664,952,崔宁,2016-01-20 15:04:03,6,7,1,无语，想上这门课的请选楼老师的
17880,952,崔宁,2016-01-21 03:24:23,2,5,3,给分不高 明明超认真
18194,952,崔宁,2016-01-21 09:08:40,7,7,0,太恐怖，不光是凶，而是不尊重学生。
18233,952,崔宁,2016-01-21 10:14:09,-18,9,27,被他凶的人多半是因为无视了强调过无数遍的事情，我一个文科生也没啥技术好好上课就没被凶过在机房出现了问题他主动找我告诉我原因。多少sb才能把一个正常老师逼疯
19326,952,崔宁,2016-01-24 01:41:19,1,2,1,
19421,952,崔宁,2016-01-24 07:34:35,0,2,2,呵呵呵呵呵
21021,952,崔宁,2016-02-10 10:39:28,-17,7,24,就问那些平时作业不做上课不听不去论文乱写考试之前连基本操作都懒得补的人还要怪老师咯？那这么说便秘还要怪地球引力不够咯？
21092,952,崔宁,2016-02-17 01:23:07,0,3,3,。z z
21444,952,崔宁,2016-03-17 07:17:56,11,11,0,有病得治
21559,952,崔宁,2016-02-29 07:55:10,-1,3,4,人间失格
21618,952,崔宁,2016-02-29 10:37:57,1,3,2,感觉以前受到过学生的刺激
21622,952,崔宁,2016-02-29 10:45:43,4,5,1,差差差
21693,952,崔宁,2016-02-29 23:38:52,-18,2,20,凶是凶了点，作业是烦了点，给分还是很好的
22133,952,崔宁,2016-03-02 12:46:52,6,7,1,天哪，浙大最变态的人！仿佛学生是神，什么都知道，你不懂？讽刺挖苦，呵呵哒！
22683,952,崔宁,2016-03-10 01:46:13,17,18,1,我最后得分不错，但是还是要给这个老师打低分。上课之前就被别人提醒过，我还以为只是这个老师过于严格了而已。上了课才发现几乎大半节课都浪费在各种“警告”、“鄙视”上，对学生各种阴谋论，觉得大家都在害他。这人心理绝对需要治疗，不适合当老师。
22955,952,崔宁,2016-03-15 06:37:35,11,13,2,最好化身机器人，什么错都不要犯，化身哑巴，什么事都不要问
22973,952,崔宁,2016-03-15 10:48:34,4,5,1,就是个傻逼
23271,952,崔宁,2016-03-23 09:15:32,9,11,2,看到你们都在骂他我就放心了
23537,952,崔宁,2016-04-05 07:18:02,-2,1,3,爽啊
23951,952,崔宁,2016-04-22 05:52:47,4,5,1,太sb
24186,952,崔宁,2016-04-28 07:11:17,3,5,2,馬鹿やる
24434,952,崔宁,2016-06-28 17:49:17,2,4,2,辣鸡崔宁垃圾崔宁\n\n
24748,952,崔宁,2016-05-03 10:50:40,1,2,1,呵呵呵
24843,952,崔宁,2016-05-04 03:53:51,1,2,1,不能负分的体验
26010,952,崔宁,2016-06-15 04:24:40,2,2,0,真想打0分
26416,952,崔宁,2016-06-18 07:24:43,3,3,0,总觉得他像是受过学生刺激，有一段难以启齿的历史。常常无端地骂人
26430,952,崔宁,2016-06-18 12:07:24,-1,1,2,吓死胆小的
26447,952,崔宁,2016-06-18 13:51:03,4,7,3,我先打个1分，至于原因请参考热门评论
26461,952,崔宁,2016-07-01 16:43:20,0,1,1,莫名其妙
26469,952,崔宁,2016-06-18 15:44:28,2,3,1,凶的不讲道理
26473,952,崔宁,2016-06-18 18:50:15,3,3,0,垃圾老师
26480,952,崔宁,2016-06-19 01:36:53,4,7,3,从未见过这样撒比的老师，根本不配当老师，还他妈是浙大老师，简直丢浙大的脸，选他的课就是找死
26481,952,崔宁,2016-07-02 14:25:23,3,6,3,后面查老师的，我告诉你，如果让我在我上过的课里选一个最垃圾老师，我选他。
26496,952,崔宁,2016-06-19 07:40:18,-3,4,7,真心觉得他可能是患有某种精神疾病，偏执症还是什么的。大家可能不了解情况也稍微体谅一下吧
26629,952,崔宁,2016-06-20 11:58:01,4,6,2,只想说，这位老师出的考试题太不合理。给的谱子满篇都是符点谁能打完？！跪求楼老师负责考试。大家选课千万别选他，记得一定要选楼老师，为了身心健康?
26641,952,崔宁,2016-06-20 13:11:49,4,4,0,sbsbsb
26648,952,崔宁,2016-06-20 14:26:30,0,7,7,我沒有聽過他的課，但是也來打個分，這樣的老師滾吧。
26810,952,崔宁,2016-06-21 07:05:56,10,11,1,浙大最差的老师，没有之一，言语不尊重学生，态度凶到让一个教室的人都战战兢兢，这样的老师为什么还能留在浙大？浙大的教师评价到底怎么在做？不是所有掌握那么点技术的老师都值得尊重的，这种人渣，这种让所有学生感到害怕甚至恶心的老师，配不上浙大，配不上老师这个神圣的职业。
27044,952,崔宁,2016-06-22 11:54:22,2,5,3,我就是单纯地想支持下前面那个说机房计算机都是他儿子的那位。考试前说这些计算机设备是多么靠谱说了十多分钟……其他的，据说他的脾气在改进，虽然还是有些凶但好像不怎么骂人了，鼓励一下不给1分了。
27348,952,崔宁,2016-07-03 02:04:28,3,5,2,呵呵呵
27848,952,崔宁,2016-06-27 20:08:59,1,3,2,可以给0分吗
28680,952,崔宁,2016-06-28 12:16:58,2,4,2,不多说 感觉脾气太差
28868,952,崔宁,2016-06-29 01:48:34,1,3,2,战战兢兢，如临深渊，如履薄冰。
28936,952,崔宁,2016-06-29 03:54:20,2,2,0,恶心恶心
29038,952,崔宁,2016-06-29 07:01:05,3,4,1,上面说的差不多了，打个分就好
29105,952,崔宁,2016-06-29 08:41:35,-17,4,21,只有不认真的学生，没有故意找茬的老师。
29254,952,崔宁,2016-06-29 13:44:38,-5,2,7,其实我觉得还可以…认真就好，还是学到一些东西的
29475,952,崔宁,2016-06-30 00:44:04,-1,5,6,比想象中要好不少
30828,952,崔宁,2016-07-02 15:03:12,8,9,1,原来这么多人在考试的时候被他指着骂滚出去我就放心了/手动微笑，也不知道是经历了多大的人生变故才能心理扭曲成这样/手动微笑，反正还想有点人的尊严就别选
30903,952,崔宁,2016-07-03 01:05:34,-6,4,10,老师是有点凶，不过人其实挺好，说话直接，也挺严格，做事也很认真，给分不错，赞一个
31389,952,崔宁,2016-07-03 23:58:58,-24,4,28,老师的确是要求严格，态度比较严肃，即使每节课都很认真听到了实验操作还是会因为他很紧张……但是那些没有上过老师的课或者因为自己的原因被老师骂就评论滚出浙大的人，也太过分了吧。我平时作业也只是粗略完成，考试也没来得及做完，绩点也有4.5，而且这门课学到了很多东西。心疼老师每年都遇到那么多极品。
32591,952,崔宁,2016-07-08 03:05:18,2,3,1,垃圾
32863,952,崔宁,2016-07-19 10:24:52,-17,5,22,哪有你们说的那么凶。一次都没挨骂过。感觉楼sir崔sir各有各的萌点。
33188,952,崔宁,2016-09-15 00:21:22,1,2,1,太差了\n\n
33486,952,崔宁,2016-09-19 15:44:08,0,1,1,不咋地
33954,952,崔宁,2016-09-23 12:42:53,4,5,1,好辣鸡
34860,952,崔宁,2016-10-25 10:48:32,-9,5,14,现在绝对是一个相当耐心想当好的老师 推荐
35371,952,崔宁,2016-11-09 10:44:29,3,3,0,恶心人\n\n
35650,952,崔宁,2017-01-09 13:35:41,4,6,2,这个老师我真的怀疑他心理有问题，听他的课，应该说听他讲话，都是一种煎熬，就算选了他的课，也别去了，去楼东武老师那里蹭课吧
39793,952,崔宁,2016-12-27 14:25:46,-7,2,9,老师在改变，不会凶人，有点幽默，虽然和楼老师不是一个风格的哈哈，但是不会像评论里说得那么可怕了
40463,952,崔宁,2017-01-03 13:34:47,4,6,2,去你大爷
40613,952,崔宁,2017-01-04 09:57:00,3,6,3,怎么说呢，现在并没有之前评论里说的那么凶，有时还是很幽默的，各有特点吧
40633,952,崔宁,2017-01-05 09:10:26,7,8,1,感觉态度有待改进，问老师问题总是不耐烦的样子，考试问个问题直接说不会就不要考了有点过分。。
40894,952,崔宁,2017-01-06 06:36:29,10,18,8,16秋冬上了他的课，崔老师似乎有所改观了，也没有像评论里说的那么那么恐怖。然而，老师上课/考试必定有相当长一段时间在吐槽有的学生怎么怎么过分，怎么怎么制杖不认真，就是有一股戾气，跟学生敌对的感觉。【其实吧 这门通识真的是值得一选 选楼东武和崔宁都差不多 大作业和考试都是两个老师一起改的 只是理论课不在一起上而已  实验课都是看电影 只要把最基本的事情做好 不去惹他 就可以了】
40946,952,崔宁,2017-01-06 16:27:14,-1,0,1,不多说了
40965,952,崔宁,2017-01-07 02:09:57,2,2,0,至少要尊重学生，他的凶毫无道理。
40970,952,崔宁,2017-01-07 03:51:36,4,4,0,如果这个系统没打零分我一定不会给它打一分，要想做个老师先学会做人\n\n
40972,952,崔宁,2017-01-07 04:25:33,7,8,1,这学期选的是他的课，但前半段时间是楼老师来上的，当崔老师突然回来的时候。。。我再也没去上过课了。上机考的时候对学生也太不尊重了吧，人家操作慢了一点就开始讽刺懂不懂为人师表这四个字怎么写啊！这是我打出的第一个一分。。。
40992,952,崔宁,2017-01-07 11:40:43,6,6,0,自己学好一点就行，懒得看它的臭脸色。\n\n
40996,952,崔宁,2017-01-07 13:02:08,2,3,1,不要问我为什么打一分，因为不能打零分
41002,952,崔宁,2017-01-07 13:54:55,6,7,1,考试的时候硬件出了问题，非说是学生的问题。exo me？把所有自己懂的东西都当常识而且态度极差
41017,952,崔宁,2017-01-08 05:35:41,4,5,1,以前不管绩点高低都不会评分，但这老师请容许我说一声辣鸡
41164,952,崔宁,2017-01-09 15:55:49,13,13,0,幸好上的是隔壁楼老师的课，机考的时候碰上崔宁监考，果断过来给个差评
41201,952,崔宁,2017-01-10 03:23:39,8,8,0,嫌我证件不清楚让我回去拿不然取消我成绩。。。我拿回来了他走了。。？？？？exo me？？？最后给楼老师打了电话。。。只能说还是楼老师最好:)
41289,952,崔宁,2017-01-10 11:59:36,11,13,2,我先说十遍。傻逼老师，傻逼老师，傻逼老师，傻逼老师，傻逼老师，傻逼老师，傻逼老师，傻逼老师，傻逼老师，傻逼老师。我说完了
41319,952,崔宁,2017-01-10 14:06:04,2,3,1,各种没耐心 人超凶 喜欢挖苦嘲讽 感觉学生欠了他什么一样  上机测试被他弄的超有压力！神烦
42067,952,崔宁,2017-01-13 13:33:21,-4,6,10,客观说是便凶但是绝对是正常尺度，上机考时各种要求说得很清楚有人还是不知道你说怪谁，我觉得应该只是在他看来你们还有问题就是态度问题不可能是能力问题所以会比较凶，而且确实该讲的都讲了，这个课本来就不是让你水的，怪不了别人
42288,952,崔宁,2017-01-14 03:35:10,4,6,2,就没资格在浙大当老师，态度差的要死。是我这一生见过最差的老师，千万别选他的课，就是给自己受罪。。。  真不知道他会不会过来看看别人对他的评价
43169,952,崔宁,2017-02-27 12:36:53,3,5,2,不是夸大面子成尊严，但是这种老师真的是不尊重人，怼人怼的毫无道理。做人会不会？不会回去学！
43811,952,崔宁,2017-02-27 11:32:32,-8,8,16,其实崔老师人很不错\n\n我上他的课的那个学期，有幸也听楼东武老师上了几堂课，这样一来更能有一个较为公正的评价吧。\n\n楼老师的好我就不多说啦，双十一发个大红包啊，平常在群里和大家聊个天开个玩笑什么的，很棒。\n\n崔老师相比之下严肃了一些，一般不在群里说话，但是课堂上讲的会更加偏向理论（当然不是纯理论，因为两个老师都说过这门课只是来培养大家的兴趣），偶尔也会幽默一下。\n\n只是到了监考的时候，脾气会比较暴躁，我觉得这与大家在这个软件里对老师的谩骂是有很大关联的。\n\n再来说这门课本身，作业相对来说会多一些，但是老师都会把步骤讲的清清楚楚，软件也会给大家压缩包用于下载，我们只需要实践一下再解决一些小问题就可以了。单周上课，双周看电影，其实是很不错的体验。\n\n如果说只是想来水课拿分，那还是不要来了，也免得老师为你的不努力背黑锅。\n\n绩点4.5
45052,952,崔宁,2017-01-19 01:52:03,-6,3,9,老师上课的时候还是很和善的，认真听会学到很多知识。期末考试的时候老师很严肃，但只要你平时基本的操作学会了，老师又不会为难你。最后老师给分也不错，老师辛苦了。
45054,952,崔宁,2017-01-19 01:56:19,-8,1,9,期末上机的时候确实有些凶，在群里的交流也有些冲，主要有些同学确实没有好好学，出的错误让我们都觉得匪夷所思。你要是学得没有什么问题的话他也不会说你的。期末第一个建好目录被稍稍表扬了一下感觉美滋滋，给分超乎意料的很好！
45058,952,崔宁,2017-01-19 02:00:49,-5,1,6,老师虽然有点凶，但是讲的还是很细很好的，如果认真学的话成绩也会很不错。
45087,952,崔宁,2017-01-19 03:04:14,-4,7,11,崔老师蛮好的，比较严格，期末的时候我没有存档，电脑死机，只能重做。的确是我个人的问题。老师凶也是因为大家没有做到位，吸取教训比较好。给分蛮好的。我觉得很赞，一般也不会不尊重学生。?
45134,952,崔宁,2017-01-19 04:30:54,0,3,3,嘛 老师的确是有点凶 但是客观来说 作业认真做 平时不要去惹他 他的给分还是可以的 毕竟这门课主要看的是操作能力
45143,952,崔宁,2017-01-19 04:57:21,-3,3,6,上课没有很凶啊…考试的时候蛮凶的…给分不错！
45150,952,崔宁,2017-01-19 05:01:56,4,8,4,特地赶来骂他，发现已经晚了
45170,952,崔宁,2017-01-19 05:36:10,-4,2,6,还不错
45195,952,崔宁,2017-01-19 06:29:16,6,10,4,老师平时上课还是很好的，说的不错，就是上机考试的时候……（你懂的）可是这学期给分真的好（我满绩了……）没了，别揍我
46007,952,崔宁,2017-01-20 11:25:13,-1,3,4,音响技术这门课很好，课水，能学技术，只要用过一两次考试绝逼没问题
46255,952,崔宁,2017-01-21 05:08:28,-7,3,10,老师人好好
46565,952,崔宁,2017-01-22 02:58:09,4,5,1,垃圾垃圾
47196,952,崔宁,2017-01-24 11:29:53,8,8,0,不要去惹他一切就OK。。。
47730,952,崔宁,2017-02-22 05:50:23,-3,3,6,不错啊，专业过硬
49051,952,崔宁,2017-03-22 14:19:48,0,2,2,很差的体验
49092,952,崔宁,2017-03-24 15:22:00,3,5,2,不会说英语
49468,952,崔宁,2017-04-15 02:54:59,1,3,2,好凶啊。。。
49469,952,崔宁,2017-04-15 02:58:23,-2,2,4,不知道
49772,952,崔宁,2017-04-25 23:23:25,6,8,2,这种人就是网喷社会垃圾，恰巧有个教职而已
50965,952,崔宁,2017-05-10 10:14:06,4,4,0,hhhh请你解释本应该用英语上课被生生上成中文课的感觉吗。\n\n问题是老师自我感觉依然良好。。。汗颜
51550,952,崔宁,2017-06-07 05:15:02,3,4,1,贼恶心
51959,952,崔宁,2017-06-14 02:58:41,-9,1,10,蛮好的
52272,952,崔宁,2017-06-17 04:34:19,4,5,1,很难受.....我就说一句：上机考试题有两题。希望大家不要像我一样以为只有一题TAT
52275,952,崔宁,2017-06-17 07:59:11,4,5,1,隔壁楼东武老师班的学生也被这老师殃及了，就是因为考试的时候是他监考，直接没给我进去考场
52278,952,崔宁,2017-06-17 08:50:07,2,2,0,这种老师是怎么上的2 分？不想多说了看其他评论吧
52284,952,崔宁,2017-06-20 16:00:09,4,5,1,太久没见过这种又凶又严还不讲道理的监考老师了，考他喵的上机考是真激八赤鸡，而且他的评分竟然还比前两天上升了0.02，exo me？
52287,952,崔宁,2017-06-17 12:21:15,6,7,1,不惮以最坏的恶意揣测别人，有同学好心在群里推荐自己建的后期处理的群，被他说成是收集上机考试题目的...也是无语
52288,952,崔宁,2017-06-17 13:25:34,-6,6,12,我是楼老师的学生，在群里私戳问过崔老师几个题，崔老师回答很耐心，考试监考也没觉得特别恶心。而且有一次我实验做到很晚，崔老师还和我说考试要加快速度之类的感觉还挺有耐心的。考完感觉自己发挥不太好，和老师沟通了下感觉老师说的很中肯。另外一句实话，打字法不会用，截图工具不会用我觉得这个确实是自己的锅
52304,952,崔宁,2017-06-18 07:10:54,2,3,1,只是期末考试的时候接触到了这位老师，整场考试都忍着想打他的欲望。
52305,952,崔宁,2017-06-18 07:34:11,3,4,1,崔宁怎么还在浙大呀？！
52315,952,崔宁,2017-06-20 08:43:21,6,6,0,炸药桶，素质差了点
52317,952,崔宁,2017-06-18 08:44:34,1,2,1,凶出化境的反社会人格？
52385,952,崔宁,2017-06-19 11:18:23,7,7,0,来浙大第一次碰到这种老师 完全不尊重学生 考个试都这么凶 简直垃圾 学识再高也不配留在浙大 更年期发脾气别冲着学生成吗？
52401,952,崔宁,2017-06-19 17:40:23,4,5,1,监考是他…真是太可怕了…
52434,952,崔宁,2017-06-20 04:11:22,4,5,1,受不了
52477,952,崔宁,2017-06-20 09:56:46,9,9,0,机考碰到真是害怕.....从他说第一句话开始气氛就十分诡异...动不动就“屁话”“滚出去” tm真是憋了一口气 凭啥不是楼老师监考！！
52496,952,崔宁,2017-06-20 13:14:28,3,4,1,烂老師就不多打了
52497,952,崔宁,2017-06-20 13:21:25,4,5,1,不分青红皂白就直接骂，\n\n根本不尊重人，\n\n要不是考试重要，\n\n真的很不想待在那，\n\n忍住想打他的冲动，\n\n傻眼。
52630,952,崔宁,2017-06-21 16:05:47,268,273,5,上课日常显高智商，别理他就好了。考试是真凶，大概是为了显示优越感吧。考试时Au卡住了，自己弄了快10分钟没弄好，不得已举手。他过来弄了十几秒，把Au直接退了，叫我全部重做，还用手指着我的鼻子说：你计算机没学好能怪谁，再出问题我叫你出去。我能说什么，我自己做的时候Au也不会卡啊……\n\n考试时别和他说话，除非你做好了被怼的准备\n\n以及，分享一个快捷键\n\nCtr+Alt+delete进任务管理器，电脑卡了就点进去清应用，以防考试电脑卡机被骂电脑没学好。为了造福更多课友，请各位顶我上去，谢谢
52706,952,崔宁,2017-06-22 08:24:30,7,8,1,考试一听见他的声音，看见他的脸就恶心到没心情考了……
56113,952,崔宁,2017-07-03 05:51:45,0,4,4,点评都是两个极端，我觉得人家一开始就表明态度把话说的很死了，你只要能完成他的要求，其实也没什么的，完不成那么最后要考试的时候你会很难受的，这个老师应该是被坑出心理阴影了吧。(/ω＼)
57854,952,崔宁,2017-07-16 10:30:12,1,1,0,有些时候自己错了还不愿承认，然后说些扯不到的东西显示自己牛
58175,952,崔宁,2017-08-15 07:24:18,2,2,0,我觉得可以刨一刨此人的网络账号，说不定是个著名网喷
58675,952,崔宁,2017-09-14 04:27:41,-5,0,5,嗯～就这样吧
58885,952,崔宁,2017-09-18 08:40:43,0,1,1,也能叫老师？
59462,952,崔宁,2017-09-21 13:46:58,1,1,0,大一第一课，用MATlab软件，基本上算是学习一个新的编程语言，然后他拒绝指导，直接让我们操作。对没错，什么都不讲。
59677,952,崔宁,2017-09-26 00:45:32,-7,4,11,崔老师上课非常好，一点都不凶，强推
59696,952,崔宁,2017-09-26 03:25:37,-2,0,2,好凶噢，给分还可以
60687,952,崔宁,2017-10-26 13:53:30,1,1,0,bullshit
63867,952,崔宁,2017-12-18 04:15:47,1,2,1,上课心惊胆战的要死，动不动就骂
64469,952,崔宁,2017-12-24 09:36:58,2,2,0,太凶残了！！！
64572,952,崔宁,2017-12-25 10:06:02,2,2,0,态度超差！！！！\n\n
64692,952,崔宁,2017-12-26 11:17:12,2,2,0,不喜欢他，但是他应该也不在乎的吧
65006,952,崔宁,2017-12-28 07:33:40,3,3,0,zsbd
65286,952,崔宁,2018-01-02 10:50:52,4,5,1,课前BB听的很烦。
65481,952,崔宁,2018-01-04 11:31:26,4,4,0,人品先不说，课堂没内容啊。
65553,952,崔宁,2018-01-06 02:18:28,3,4,1,从小到大 真的没有见过脾气比这个更差的老师了，一个学期的煎熬和提心吊胆，身心疲惫
65555,952,崔宁,2018-01-06 02:52:29,6,7,1,傻逼崔宁，冬学期上课讲的内容，居然大部分在秋学期已经讲过了？？？傻逼玩意
65559,952,崔宁,2018-01-06 04:08:04,4,4,0,魂飞魄散
65561,952,崔宁,2018-01-06 04:28:19,26,26,0,老师非常认真，工作到早上八点钟，然后在我们上机考试的时候不小心睡着了迟了半个小时，在考场一顿废话后憋出了一句“那个叫什么，抱歉”，我很感动，然后打了一分。
65620,952,崔宁,2018-01-31 08:35:55,4,5,1,垃圾老师
65653,952,崔宁,2018-01-08 04:13:12,-10,7,17,癌，自己没好好学怪谁，在这里一堆刷差评的，上课不好好听课不认真学上机也不去上。我是老师我也会喷\n\n
65663,952,崔宁,2018-01-08 06:22:40,2,4,2,缺乏为人师表的耐心，很喜欢讽刺学生，怼学生
65670,952,崔宁,2018-01-08 07:02:02,0,2,2,上机考下载文件那里进不去他看我搞了一会过来帮了一下，前面还特么硬说是我没打对密码，沙雕
65864,952,崔宁,2018-01-21 12:21:38,1,2,1,辣鸡。
66265,952,崔宁,2018-01-14 10:49:04,1,1,0,听同学说，这老师究极恐怖，可以把1.9m个子的男生，骂得痛哭流涕
69664,952,崔宁,2018-01-25 07:32:12,2,2,0,很可怕，上机考是一种折磨
70644,952,崔宁,2018-01-27 10:25:39,0,3,3,凶是真的，有一种我们都是zz的傲慢感，可能老师本人真的比较优秀吧～上课......没什么干货，讲什么课程安排就能讲好久......给分也......均绩掉了0.1呢，无奈，一不小心就被正态。
70677,952,崔宁,2018-01-27 11:06:30,1,1,0,自己不太会操作，老是受白眼，花了那么多时间但跟那些有基础的人还是有差距，但你期末一门通识给我2.7我是真的气了
70713,952,崔宁,2018-01-27 12:22:22,4,5,1,可能考试时看学生笑话挺爽的吧……
70858,952,崔宁,2018-01-27 15:51:11,-6,3,9,课挺水的 就是老师emmm\n\n平时用心去学了，最后拿了4.5也算满意了
71818,952,崔宁,2018-01-29 03:57:42,1,3,2,简直无语，每天上课都到每次作业都交期末考试参加结果给个61。无语期末上机随便辱骂学生，机子有问题不愿意耐心看就发火。谁选他课谁儿子，谁选谁知道。
75103,952,崔宁,2018-03-07 10:44:48,1,1,0,每次作业认真做，论文好好写了，考试发挥也不错，就是给我绩杀！气，事情很多，如果不是闲得慌，真不建议选
76627,952,崔宁,2018-04-16 14:35:30,2,2,0,请更好地对待学生
76792,952,崔宁,2018-04-23 12:15:35,0,1,1,老师是老师，品质怎么样就呵呵了
77220,952,崔宁,2018-05-04 02:18:27,1,1,0,经常见他挖苦学生，学生的一点疏忽都会被无限放大，被讽刺的滋味谁都不喜欢。
80257,952,崔宁,2018-06-23 08:10:17,3,3,0,太可怕了 我都不是他的学生 他就给我监考 素质呢 妈蛋 一学期的努力毁在他的监考里
80261,952,崔宁,2018-06-24 15:16:34,-22,5,27,虽然我知道会被踩爆，但是我还是要说，老师人真的挺好的，讲的也很清楚，只要正常操作，一切按规定来，是绝对不会被骂的
80262,952,崔宁,2018-06-23 13:05:41,4,5,1,看到都是差评我就放心了
80263,952,崔宁,2018-06-23 14:00:12,3,3,0,不尊重学生
80266,952,崔宁,2018-06-23 14:49:44,8,8,0,6.23路过   下午一场考试他骂了五个人......
80270,952,崔宁,2018-06-24 02:14:20,20,21,1,他是怎么当上浙大老师的？一次考试他监考，我的努力都白费了，如果你想见识一下这种XXX的老师，请选择音响课。\n\n请崔XX看看旁边的楼东武老师的为人，处事风格，再照照镜子看看自己，看看是学生不对还是你这位大先生的错，一点几分的教学水平不是吹的，是您年复一年的辛勤付出而获得的。\n\n长得丑不是您的功劳，德行差才是您日积月累的回报。评价你我都要气的多器官功能衰竭。不想多说，请校长主持公道，给他一个远离浙大的台阶下。\n\n有那么多学者想进浙大，凭什么聘他？\n\n
80275,952,崔宁,2018-06-26 11:47:42,6,7,1,傻逼
80279,952,崔宁,2018-06-24 06:46:49,4,4,0,修养极差，一言不合就喷人，毫无理由地喷
80281,952,崔宁,2018-06-24 08:09:49,2,3,1,对学生人格侮辱
80287,952,崔宁,2018-06-24 09:58:14,4,4,0,心中一句话?
80289,952,崔宁,2018-06-24 11:25:53,4,5,1,愚蠢又情绪化的实验室watch dog。调整心态，不要理他的狺狺狂吠就好
80312,952,崔宁,2018-06-25 03:45:28,14,14,0,就一个通识考，感觉比高考还恐怖。。。
80432,952,崔宁,2018-07-17 05:30:06,9,9,0,信电学院小学期，讲课真的好烂。
80433,952,崔宁,2018-06-26 11:47:48,11,12,1,素质垃圾 这么大的人了不会情绪管理 直接吼学生“你会死吗？” 不懂怎么当老师的 非常可笑 不知何来的优越感 学生怎么你了吗
80439,952,崔宁,2018-06-26 12:16:44,7,8,1,我是楼老师的学生，音响课的都在同一个QQ群里，群里有人问问题他第一反应是挖苦，动不动就是“你有没有听课”“那你怎么不”“不想考就别考”等等，很喜欢讽刺别人，虽然没有上过他的课，但是从QQ的言语里就很讨厌这个老师，和楼老师相比，简直一个天上一个地下，课很好，但求大家只选楼老师的课，千万别选这个老师，最后上机考也可能是这个老师监考请大家注意，另外真的强推楼东武老师真的很棒！
80477,952,崔宁,2018-06-27 02:59:11,2,3,1,期末考试的时候也太过分了吧！
80503,952,崔宁,2018-06-27 07:27:04,4,6,2,感受人格侮辱
80599,952,崔宁,2018-06-28 07:56:01,9,11,2,拽的不可一世 渣的一塌糊涂
81927,952,崔宁,2018-07-06 13:27:14,-9,3,12,顶一下某位同学说崔宁还行的老师。\n\n是他监考我的上机考。规则说得非常详细，还会重复一两遍，只要正常操作，一切按规定来，是绝对不会被骂的。但说话挺难听的，有个同学在那里玩电脑，老师''不动会死吗''。所以希望各位还是不要因为上机考是他监考而错过一门好课。
83877,952,崔宁,2018-07-11 12:14:56,-1,1,2,期末考试体验极差。
83915,952,崔宁,2018-07-11 13:46:07,1,2,1,sb老师没谁了，期末机考指着学生鼻子大吼大叫，而且那个同学只是举手向他报告电脑卡机了。
83945,952,崔宁,2018-07-11 15:10:55,0,0,0,很严，也挺认识
84201,952,崔宁,2018-07-12 08:15:53,2,2,0,期末机考开始前十分钟，我在机房门口朝里面探了探头，这人从隔壁出来正好看到，就以我提前进考场为由把我骂了。呵呵，你看一眼人家屋子是不是就叫私闯民宅了???
85019,952,崔宁,2018-07-15 04:05:31,0,0,0,傻逼老师
85047,952,崔宁,2018-07-15 06:09:45,1,1,0,无话可说，自学成才
85226,952,崔宁,2018-07-16 08:02:19,-1,2,3,老师的态度在好转啊 还是要向前看
85235,952,崔宁,2018-07-16 10:18:20,0,0,0,看评论！
86248,952,崔宁,2018-09-11 12:59:12,0,2,2,海宁国际路过 老师说话时不好听，但感觉还是挺认真的
86502,952,崔宁,2018-09-17 02:21:51,3,3,0,监考老师是他，当时没看到au的那个文件夹，举手问他，先把我讽刺了一遍，然后让我别考了，天呐简直再也不想见到他
88094,952,崔宁,2018-10-22 06:19:26,1,1,0,你在讲什么鬼故事
88813,952,崔宁,2018-11-08 15:32:50,2,3,1,鬼故事大王
91058,952,崔宁,2018-11-29 09:44:40,4,5,1,小学期出了，前来打一分。\n\n
91070,952,崔宁,2018-11-29 12:44:55,3,3,0,别多问   问就是个弟中弟(▼ヘ▼#)
91123,952,崔宁,2018-11-30 18:09:19,1,2,1,信电小学期，真的感觉老师态度似乎有所好转，前面不知通识课机考老师做了什么，短学期理论课也不是他上的，但是小学期期间，晚上去机房，老师在答疑，态度真的谦恭，有时甚至还承认自己不足。我写的代码好多不太完善之处（感觉会被dl们嘲笑的代码），但是老师也容许我采用不同方式完成作业，甚至我代码中的注释都没删。至于我为什么要问崔宁，其实我的理论课是王曰海上的，但是王曰海他。。。真的实在是从头至尾也没给我什么实质性建议，而且一点创新思想都没。我真心觉得崔宁老师水平要比王曰海强一些，而且当时他对我的态度真的很好。 既然老师水平不差，而且态度既然好转了……大家也可以尽量宽容他吧……也感谢你们前辈学长学姐的牺牲，换来了老师态度的好转……不过可以告诉后生，莫担心，老师态度真的好转了……
91254,952,崔宁,2018-12-04 09:53:33,-1,0,1,呵呵呵
92756,952,崔宁,2019-01-04 07:40:16,0,1,1,小学期，问老师问题，老师让我问其他同学，本来以为他态度差，到了下一节课发现他其实自己也不会。。。
92796,952,崔宁,2019-01-04 12:46:47,0,1,1,是崔宁老师的小学期，感觉老师的态度并不是传说中的那么差，比较耐心，虽然上课的时候有些内容老师自己也不懂（因为是计院给的ppt）。多去去机房，认真对待，作业还是能完成的（多亏了计院研究生小哥的耐心解答）。
92846,952,崔宁,2019-01-05 06:53:20,1,1,0,真的真的被这个老师恶心到了
92862,952,崔宁,2019-01-05 08:17:16,1,2,1,傻逼 看着就烦
92868,952,崔宁,2019-01-05 08:36:25,3,4,1,不得不感叹人与人之间的差距怎么这么大…楼老师温文尔雅，长得和蔼声音又有磁性，对同学们的问题无论多低级都会好好回答，上课就是一种享受。而崔老师无时无刻不处在生气的状态，对任何事情都是鸡蛋里挑骨头，口头禅“零分”“滚出考场”“如果你是我的孩子我真想扇你”…试问用这种心态生活老师您快乐吗？师生关系应该是互相尊重的。
92880,952,崔宁,2019-01-05 09:28:32,1,1,0,无法平等交流，楼老师不开之后，音响技术这门课就别开了吧
92894,952,崔宁,2019-01-05 11:28:19,2,2,0,压力怪
92960,952,崔宁,2019-01-06 11:03:14,7,7,0,我人生中评分基本都是喜欢的老师10分，不喜欢但讲得好的老师也是8分以上，只要对得起老师这个称号我都会给到6分。\n\n崔宁这个渣子不配为老师！第一个最低分献上！\n\nmmp我现在激动到无法正常表达我的愤怒！
92972,952,崔宁,2019-01-06 12:07:39,2,2,0,我不是这个老师课上的，但只是上机考监考就让我对这老师的印象从无到可惜查老师不能打0分的地步。把测试须知读一遍都用不了10min，考试也只有40min，但他安排位置就能安排30min，讲废话能讲1h，考的时候真正容易被忽视的细节反而不讲，而且用语粗俗，和教这门课的另外一个老师的温文尔雅行成鲜明对比。
92979,952,崔宁,2019-01-06 13:02:55,0,0,0,呵呵呵
93100,952,崔宁,2019-01-07 10:18:45,3,3,0,给一分不嫌低
93134,952,崔宁,2019-01-07 14:09:33,10,11,1,楼老师班的学生，没怎么上过老师的课，但是根据监考和群里回复主观判断老师的暴脾气有好转的趋势。今天最后一场考试大家都挺小心翼翼的，感觉老师也没太凶，但是措辞什么的真的令人不适，对学生很不宽容。在此提供崔宁监考指南：1、他说什么要求就跟着做，不要违反或者提前 2、自己有可能解决的问题先自己尝试解决，找他可能是徒增烦恼  3、一定记得带证件，照片清晰 4、最好配备娴熟的考试技能。考试指南：如果平时实验是自己做的话，考前稍微再回顾一下问题就不大。清楚各个操作的按键在哪里的话，不会来不及。注意au一定要熟悉3.0版本，很多习惯了cc和cs的同学都跪这里了。非常建议大家考前去实验室感受一下考场和机子。最后的midi，打谱要熟练。还建议乐感薄弱的同学去把c调的do re mi七个音听一下，频谱分析不一定好使而且慢，显然肉耳识别比较快。
93386,952,崔宁,2019-01-09 10:20:03,-11,6,17,楼老师的班，崔老师代过一次课，那次课其实已经对考试做了很详细的说明了，课上的态度挺好没感觉暴脾气。我觉得考试的时候可能是故意的，就是要让人觉得他说让你出去就会让你出去。说实话考试的时候大部分问题都是自己有问题，都是强调过的问题，要么那次课没来，要么操作实在不熟练。当然还是希望老师的语气能温和点，至于那些当面不敢说只敢匿名的时候骂人的人，本身素质怎么样也不用多说吧
93400,952,崔宁,2019-01-09 12:00:13,2,4,2,考试前被他恶心到了
93427,952,崔宁,2019-01-09 13:27:02,10,11,1,就上机考的时候跟他接触了一次，我的天我简直惊讶于这个老师的脑回路。举手提个问题，“你给我出去”；动一下鼠标，“你不要触及底线，不信你试试？？”
93549,952,崔宁,2019-01-10 09:58:05,4,6,2,傻逼老师\n\n\n\n考试差点气死我\n\n\n\n傻逼老师\n\n\n\n傻逼老师\n\n\n\n重要事情说三遍
105055,952,崔宁,2019-04-03 03:09:55,6,6,0,wcnmlgb nmsl wdnmd
105089,952,崔宁,2019-04-03 11:39:28,4,4,0,真的有毒
108722,952,崔宁,2019-06-01 00:30:32,4,5,1,非常傻逼的老师没师德，不要脸
109015,952,崔宁,2019-06-05 13:00:13,6,6,0,这个老师嫉妒贱，各种骂学生，骂浙大，所有学生都讨厌他，简直不配做老师
110419,952,崔宁,2019-06-26 13:23:41,2,3,1,浪费时间，毫无价值
110491,952,崔宁,2019-06-27 06:59:52,11,12,1,这个老师心理有疾病。。
113172,952,崔宁,2019-07-06 01:04:01,-1,1,2,老师确实有点凶，但是课上还是能学到很多东西的。认真按时完成作业不缺席就能拿个高分了。
113566,952,崔宁,2019-07-07 00:08:06,-14,7,21,选崔老师课之前内心非常纠结，看到查老师1.3真的不敢选，无奈通识分修不满了才硬着头皮选的。\n\n结果！！！！我不夸张地说，崔老师的课是我上过最棒的通识课，在我上过的所有课中质量也能排进前列，干货很多，认真听绝对可以学到有用的技能。\n\n查老师上都说崔老师很凶，但实际上平时上课老师非常温柔儒雅，甚至让我开头上课时以为换老师了，最后上机考的时候的是有点凶，但也只针对没有按他要求来的学生。\n\n但平时作业真的不少，而且每次实验课都要点名，嫌麻烦的慎选。但只要平时作业认真做，期末论文不敷衍，成绩绝对理想，本人最后94分，也比较满意了
115835,952,崔宁,2019-08-21 00:55:39,-4,1,5,还行吧
116427,952,崔宁,2019-09-10 11:30:44,0,1,1,其实，上可认真听，实验认真做，考试考的差不多，老师给分还是挺好的
116651,952,崔宁,2019-09-12 08:24:42,-1,1,2,我觉得老师只是考试的时候凶，其他时候不至于给这么低的分。
117931,952,崔宁,2019-10-14 05:32:35,1,1,0,呵呵呵
118078,952,崔宁,2019-10-20 13:21:06,1,2,1,害害害
123546,952,崔宁,2020-06-09 15:25:27,6,6,0,我当时上的时候还是楼老师和他合开的，楼老师人真的就巨好，每次实验作业我也都是在实验室机房做的。但对不起我真就不知道输入法怎么切换，到了考试的时候就指桑骂槐说不会切换的人肯定就是一次都没去过实验室的，考试最好也别考了。期间各种挖苦讥讽，这种人也配当老师？？？
124682,952,崔宁,2020-07-06 07:37:18,-1,1,2,还不错，能学到些有用的技能，给分也好
126078,952,崔宁,2020-09-17 07:58:03,3,3,0,没脑子
127052,952,崔宁,2020-11-04 11:08:32,1,1,0,除了态度之外还可以
128615,952,崔宁,2020-12-24 15:47:53,10,10,0,傻逼老师没有师德上课就是打开b站播视频再不痛不痒的说几句废话， 期末大作业难度不合理，要求自己没讲清楚然后怪学生不听
128954,952,崔宁,2020-12-27 11:40:49,0,2,2,好家伙
129177,952,崔宁,2020-12-31 02:29:36,8,8,0,垃圾东西，不尊重别人
129196,952,崔宁,2020-12-31 05:33:18,3,3,0,不配为师
129466,952,崔宁,2021-01-06 02:50:36,2,5,3,最近态度还行吧，昨天课上还过来问我们作业的完成情况，虽然昨天只有10个人来上课
129719,952,崔宁,2021-01-11 11:24:49,0,1,1,懂得都懂
130066,952,崔宁,2021-01-16 07:43:03,8,9,1,只怪自己大一不懂事，选了他的课
130111,952,崔宁,2021-01-17 07:15:18,8,8,0,👎🏻
130115,952,崔宁,2021-01-17 10:32:31,3,3,0,一言难尽
130162,952,崔宁,2021-01-18 08:45:27,4,4,0,上的是隔壁楼老师的课 就被监考了一次 被恶心了好久 \n\n做人不恶心又不要钱 为什么那么困难 为什么只能打到一分
132198,952,崔宁,2021-01-31 02:11:08,4,4,0,懂得都懂，垃圾老师，上课不行给分还低，求求别选了各位
132224,952,崔宁,2021-01-31 05:23:25,4,5,1,数字音视频：一周理论一周实验，实验课一共需要签到四次，理论课不点名，最后有两个大作业和1h的pr操作考试。理论课只是放视频，建议翘课自学，去b站看个十分钟教程保证够用，不用浪费时间去上课。实验课签到只要到场签名即可走人，记得去满四次就行。作业虽然挺多，但你不卷的话，仅仅达到他的要求是很容易的，不花多少时间，费心思卷起来那另说了。本人签满4次，理论课几乎全翘，作业考试都很佛没卷并且还迟交了几次，最后4.5，供参考。
132364,952,崔宁,2021-02-01 06:09:40,1,2,1,不太行，课外作业贼多且麻烦，全部认真完成，最后74分3.0，确实能学到一些东西但真的不建议选
132481,952,崔宁,2021-02-02 01:48:45,-6,8,14,千万别选他的课，整天骂人给分还不好，可怜我连选他两门课，硬是把我4.5的均绩拉到4.2，不多说什么，这老师师德就有问题，给最低分
132604,952,崔宁,2021-02-02 16:13:36,4,5,1,本次考试是闭卷考，但是你们可以带笔记本电脑。
132858,952,崔宁,2021-02-04 07:53:49,0,1,1,给分还行，脾气太大
132939,952,崔宁,2021-02-05 07:47:43,7,8,1,实话实说，学期问他的问题，没有一次给过答案，上课就将个操作让你知道个名字，然后放视频，学期很豁豁，貌似没有前面那位同学好运，喜提全科最低绩一点几，真的如他言，不怎末让人挂，我也不好说什么，毕竟我也很水，一学期不如我回来听了一天 b站，但至少还是他让我对pr有了深入了解，我倒霉菜的能怪谁😭😭😭😭😭，老师人还是挺不错的，人无完人吧，可能他性格就有点这样，基本可
133347,952,崔宁,2021-02-26 05:10:22,2,3,1,em…怎么说呢 我所有的作业都认真做了 给分很不戳 在我这里还行 不过老师确实有时候感觉有点yygq
133602,952,崔宁,2021-03-02 14:36:55,2,3,1,实在太low
134369,952,崔宁,2021-03-25 03:36:13,2,2,0,态度很不行
135016,952,崔宁,2021-04-27 04:41:59,7,7,0,千万别选他的课
136007,952,崔宁,2021-06-09 06:33:28,4,5,1,自带优越感，不把学生当学生看，以为自己什么都会，随意骂人，群里冷暴力。给分不好，太低。作业周周有，节节课去，周周写作业分也不高。学到了什么呢？不过是有了一门博雅技艺的课。
136020,952,崔宁,2021-06-09 11:50:00,9,10,1,上的数字音视频。\n\n老师态度倒是没有前面那么严重。不过偶尔凶。学生上机考试卡了千万不要叫他，会被严厉地讲/骂的。\n\n我比较乖（怂），没惹他所以没被骂。但是看到自己每次认真上课，认真剪视频（自己比较笨，但是很认真，每个视频花费不下3.5h），认真考试，最后3.2的绩点真的难受。也许没有达到他的要求吧。\n\n上课就是放B站视频。诶嘿~就是水~不过你不来也没事，不点名。但是要听好作业或者考试的要求。私戳他问的话一定要谨慎，除非脸皮很厚。实验课放电影。诶嘿~就是水~\n\n期末大作业比较烦噢...
136204,952,崔宁,2021-06-12 16:03:22,3,4,1,认真写作业，考试也准备了，最后2.7
136914,952,崔宁,2021-06-28 07:32:45,46,46,0,如果一个房间里有马里奥和崔宁，我有两颗子弹，我会鲨崔宁两次
139118,952,崔宁,2021-07-13 02:46:10,3,4,1,为什么不能打0分
139237,952,崔宁,2021-07-13 13:55:49,1,2,1,傻逼老师
139707,952,崔宁,2021-07-20 15:05:53,1,3,2,永久一副司马脸
140956,952,崔宁,2021-09-18 09:40:11,0,0,0,嘻嘻嘻
141710,952,崔宁,2021-10-21 07:49:09,3,3,0,很不好很不好的老师，能不选就不选
141841,952,崔宁,2021-10-27 13:23:08,2,2,0,变态老师
141842,952,崔宁,2021-10-27 13:24:21,5,5,0,浙大怎么会有这样的老师，完全不讲道理！！！
142182,952,崔宁,2021-11-09 12:23:14,0,3,3,从没见过这种老师！！！评分一点多是有原因的！！!迂腐固执！！！
142395,952,崔宁,2021-11-11 03:31:51,1,2,1,ncnt
142836,952,崔宁,2021-11-16 23:48:07,-1,1,2,自己体会
143632,952,崔宁,2021-11-29 09:23:17,0,0,0,上课挺认真的但是直接忽略我的问题是什么情况
144193,952,崔宁,2021-12-20 08:12:10,-2,0,2,哈哈哈
144403,952,崔宁,2021-12-21 11:03:05,1,2,1,真的歇斯底里，不会尊重，很多语言行为对学生个体侮辱性极强
144461,952,崔宁,2021-12-21 15:05:33,-2,0,2,挺好的呀
144503,952,崔宁,2021-12-22 02:25:38,1,1,0,课本来是一门很有意思的课 被他弄的我兴趣全无……..
144511,952,崔宁,2021-12-22 03:23:18,2,2,0,来啦来啦，这位老师呀，长得慈祥，但可爱的外表下好像长了颗报复社会的心，每节课百分之二百点名，还会看看你是不是本人，想让别人帮你签到？不存在的，然后每周都有作业，还特别难，根本水不了，技术太过硬核，无敌神坑，想挂科？想被嘲讽？那就欢迎收听崔胖儿子的音响技术与家庭噩梦！！！！！
144587,952,崔宁,2021-12-22 12:44:39,3,3,0,是什么让人在大一上就汽修了课，原来是您啊
144595,952,崔宁,2021-12-28 09:14:17,4,7,3,打了十分，期望同学们都来选，都来接受折磨。。。嘿嘿嘿
144753,952,崔宁,2021-12-23 12:40:43,2,2,0,很简单，没有上过这门课所具有的知识或者极强的自主学习能力或者对电子音乐编写有相关经验就不要选哦\n\n我因为相关知识都很齐全所以上课没有一点压力呢\n\n真是很好奇不知道一点点无关紧要的小事会被骂成什么样呢\n\n虽然课程没有一点干货\n\n但是这个人还是有点意思的\n\n你如果对相关问题很感兴趣能且只能在课后面对面提问哦\n\n不要墨迹哦，有话直说就好了\n\n学到东西记得赶快run\n\n\n\n没了，祝大家安好
144941,952,崔宁,2021-12-26 04:02:35,-1,0,1,。。。
144970,952,崔宁,2021-12-26 06:13:34,0,1,1,大概不好
144992,952,崔宁,2021-12-26 09:16:01,1,2,1,态度随意，期末考试结果老师迟到五分钟，慢悠悠地走过来，整个班的学生挤在走廊里等这个憨憨，我承认我没怎么认真对待作业，但是最后2.7的分是不是太离谱了点？这课能不能快点凉掉
146436,952,崔宁,2022-01-06 14:52:16,4,4,0,无话可说 dsb
146437,952,崔宁,2022-01-06 14:52:50,4,4,0,真是个好老师，上课前看1.4，上完课评分1.28哈哈
149505,952,崔宁,2022-01-15 16:09:25,1,3,2,感谢老师不杀之恩认真做完作业还是挺好的
149507,952,崔宁,2022-01-15 16:13:50,-4,1,5,比预期好很多。上课把一些关键点掌握，成绩应该不会差。
149577,952,崔宁,2022-01-16 04:35:24,-2,1,3,作业实验报告，文献综述等，每节课点名，偶尔有随堂测试，有期末考试。作业都完成，点名都到，期末考完成，最后成绩4.2
149685,952,崔宁,2022-01-16 10:58:45,17,18,1,选课的时候没看查老师2333就瞎选课，看这个课选的人少就选了（甚至都没想过为啥哈哈哈哈哈 好傻\n\n刚开始上课的时候觉得老师还挺好的，尤其是听到他说“我只点7次名，到6次就行”，当时单纯的我真的觉得老师好好，很善解人意。\n\n后来慢慢的就不知道为啥跑偏了，开始节节课都点名，而且对学生的态度开始变差了，说话也开始让人不舒服了。\n\n印象很深刻老师第一节实验课讲了ftp的上传办法，但是我没听懂，后来就争取一直在学在浙大上交，之后有同学在群里问ftp的使用办法（想来跟俺一样），然后老师不仅没告诉她该咋办而是说她不好好上课，真的替同学委屈。而且能理解音频制作要求我们对软件的掌握有一定的熟练程度，但经过网络搜索后对一些自己完全不了解的领域的信息有精准的判断真的很难，记得有同学私信问他一个功能键转移之后他在上课的时候说“不知道怎么敢舔着脸来问的，怎么考上浙大的”我真觉得duck不必。\n\n自己是真的认真写作业了，节节课都到，小测也ok，最后考试出现了一个小错，得分4.5。可能之前期望很低，还做梦梦到自己1.5/1.8，对于这个成绩俺还是满意的。但跟朋友说了之后，朋友说，“你基本上每周五的整个下午都在做这个课的作业，周日还要花1个多小时写实验报告，最后不仅写了综述文献还准备了实验考试，这个功夫你花在别的课上早满了，体验感还更好。”so 看想个人选择ba，如果实在不行选这个课好好学虽然体验感emmm但是还是能得到一个ok的成绩的，如果有别的选择，冲！\n\nps：老师脾气真的一般，上这个课一定要找好小伙伴，能问同学就别问老师！尤其是在最后考试的时候！如果说你就乖乖认怂！（就是我本人了
149699,952,崔宁,2022-01-16 13:04:13,3,3,0,笑死了怎么说呢\n\n就是认识了大学老师的另一个模式，提前经受社会的磨练罢了\n\n我最早无语的事是有次实验课临时家里有事去不了，跟老师态度特别好的请假，字字句句斟酌半天发了过去，想问能不能看录播补实验课，老师说没有实验课，来不了就来不了呗谁让你有事，，，，我就emmm因为刚开学不知道有些课可以不去嘛，提心吊胆的问老师得到的回复我人懵了，老师到也不是很那啥，就是说话语气有点难受\n\n\n\n这课有小伙伴真的很重要，可以互相讨论救命的那种，问老师他会群里艾特你怼你，可能是表述的问题，说完就说完了，我被艾特了好几条批评，真就搞无语了嗯嗯嗯是是是对对对明白明白辛苦辛苦\n\n\n\n课后作业真的不太好搞，投入了大量的时间精力，除非你认识一个大佬(没错运气很好我遇到了)不然真凉透了
150335,952,崔宁,2022-01-22 17:34:04,1,2,1,给了个及格分，如果说是正常上课的话感觉也还行。我个人是不喜欢跟老师交流的，有问题自己琢磨或者问同学，没有什么烦恼。上课是每节课必点名，没有例外，作为通识课感觉没有必要。上课学到的东西不能说有用，但是也还行，可以当做一些小知识。最后考试也蛮简单的。如果不想费功夫，也不喜欢老师的臭脸就尽量不要选了。本人是每节课都到，作业都完成并且都交在学在浙大上，最后论文水了水，没有与老师进行任何的单独交流，得到了4.8的神奇绩点。如果自己本身就不爱问问题，自己也能搞定一些简单的问题的话可以尝试选一下。
150745,952,崔宁,2022-02-16 14:18:31,2,3,1,事多，但是时间付出和最终得分大约成正比。最后几周一次布置了3个作业差点没绷住，硬着头皮做完了（因为临近期末比较忙，所以感觉有点紧张）。最后居然给了4.8，做梦都没想到（**没卷！**通识选修算是上完了，得分最高也就4.2→_→）。。。对Au等软件有一定使用经历的话，会轻松不少。\n\n\n\n但这位老师性格上可能确实会让人压力比较大...换个角度想，提前感受一下社会的毒打确实也不是没有好处（笑\n\n如果脸皮比较厚（或者想磨练一下脸皮），时间比较充裕的话可以选，时间比较紧张的话建议不要选...
151237,952,崔宁,2022-02-25 07:19:13,-9,2,11,其实感觉老师还是没啥不好的，只是不具备招人喜欢的特质而已，这也不算很不好吧。\n\n不过这门课确实不好水，可能是我的能力问题吧。大佬放心选，其他的还是慎重。
151806,952,崔宁,2022-03-16 09:49:50,7,7,0,啥都能给你挑出毛病来，凶巴巴没耐心
154650,952,崔宁,2022-06-03 00:50:23,7,7,0,差的一批 不尊重学生 一点小差错可以骂的你怀疑人生
158094,952,崔宁,2022-06-27 03:33:29,13,14,1,什么勾八
158123,952,崔宁,2022-06-27 05:40:43,20,20,0,什么勾八，不会讲就不要来教，\n\n还拖堂 摆一张臭脸
158173,952,崔宁,2022-06-27 09:53:31,5,5,0,看看哦
158175,952,崔宁,2022-06-27 10:19:01,18,18,0,信电短学期，老师上课只会放b站视频，讲了半天等于什么都没讲。而且还拖堂，就硬拖，能拖大半个小时，直接心态爆炸。本来还以为只有我一个头大，结果一转头，旁边的xdm全部一脸茫然
158187,952,崔宁,2022-06-27 11:10:58,41,43,2,美人与形貌猎奇者引为闺蜜，更显其美：身材魁奇者与侏儒引为至交，更显其雄伟；鲜花上之牛粪，于是人愈怜花之娇艳欲滴；蟾蜍欲屯天鹅，于是人愈称天鹅只高不可攀；北海有鲲鹏，大于蜉蝣之小；南天有鸿鹄，志远与燕雀之促狭。武曌有狄仁杰，亦有来俊臣；嘉靖用海瑞，亦用严嵩；清庭重纪昀，亦重和珅；信电使楼东武，亦使崔宁。
158310,952,崔宁,2022-06-28 08:27:43,5,5,0,shabi
158643,952,崔宁,2022-07-01 02:52:43,6,6,0,naot
158939,952,崔宁,2022-07-03 14:19:39,14,15,1,事多 给分客观 为人没耐心 先入为主地认为是学生的问题，本人大学第一学期选他的课 大一老老实实认认真真对待，期末考试软件的出了点问题（当时好多人出了这个问题）让他来搞，搞到一半，另一个人举手，他就先去帮另一个人，帮完我让他继续来帮我，结果：“我是不是已经帮你弄好了？”我说没有，他说“要是我检查发现机子没问题，你就直接给我出去。”？？？还好当时机子没有突然变好，我他妈真的委屈，我又没有惹他，很乖的大一的时候最后91，4.5，但是感觉时间花了太多，不值。
159576,952,崔宁,2022-08-16 13:21:56,2,3,1,差差差
159687,952,崔宁,2022-08-23 09:00:11,4,5,1,真的太危险
159755,952,崔宁,2022-08-28 08:32:17,8,8,0,鲨bee
159874,952,崔宁,2022-09-07 12:14:48,19,19,0,我是沙币，我觉得他和我是同类
159944,952,崔宁,2022-09-09 11:28:56,5,5,0,🤢🤢🤢
160245,952,崔宁,2022-09-15 16:14:25,4,4,0,这人是怎么当上老师的?
160551,952,崔宁,2022-09-27 00:28:53,5,5,0,就……挺奇葩的
160783,952,崔宁,2022-10-11 08:42:29,7,8,1,七院看看
160843,952,崔宁,2022-10-17 04:05:45,6,6,0,这个老师绝对心理有问题，不是说他严格或者是说他人品不行，就是单纯有心理障碍，不把自己当老师，也不把学生当学生。
161029,952,崔宁,2022-10-24 09:18:13,8,8,0,备课不认真，上课时间自己在那尝试软件，动作超慢，导致想听他讲会儿学一点的时候又嫌他讲的慢。\n\n明显的不尊重学生，各种行为举止都体现了。\n\n当初完全被课程名字吸引来的，对课程的期待两三周内就被崔老师消磨完了。
161412,952,崔宁,2022-11-06 15:30:37,3,4,1,名不虚传，不想说什么\n\nctmd(传统美德)\n\n(ﾉಥ益ಥ)面容逐渐扭曲
161935,952,崔宁,2022-11-15 06:45:16,31,32,1,他说他是孙笑川粉丝
163210,952,崔宁,2022-12-30 12:51:55,14,15,1,快跑吧！这是真的不行，课讲的烂，分好不好混目前不清楚，但你是想学点东西的建议别来。上课讲的慢吞吞，有一种行将就木的死气沉沉之感，没有锐气、没有才气、没有朝气。一节课感觉硬是将半个小时的内容拉长到了90分钟。各种软件操作得很不熟练，这教书教了多久了？上课要用的软件竟然还用不熟练，我怀疑这是到浙大养老的老师。而且他竟然还点名！上这么烂竟然还敢点名？我不敢乱评价他的学术水平（我猜很一般），但是他的课我敢说是真的烂！！！emmm对了，他可能还觉得自己很幽默。评价给到1分@#￥%*&￥！\n\n--------------------------\n\n看见楼上的在扯热爱。如果真的热爱，就回去自学，别来这混日子。\n\n--------------------------
163383,952,崔宁,2022-12-14 07:52:52,10,10,0,纯睿智不想说，作业巨多，事情巨烦，能不选就别选，但愿这个傻逼老师赶紧滚出浙大
164814,952,崔宁,2022-12-26 08:47:33,10,13,3,【音响技术与家庭影院】(现在成绩没出先评一下)总体上说，这门课学分分值为1.5分但是是长学期的课程，主要就是对与“声音”相关的知识(这门课主要用的软件为Adobe Audition和Overture，如果已经会了的就别来了。)进行学习，与音响技术与家庭影院这个标题关系不大，也就是说这门课不会教你家庭影院的组成以及如何操作、有什么音响等等，除非你对这一块特别感兴趣，建议别来，虽然确实可以学到一些干货，但1.5分长学期事多就显得很不值得，这门课对文科生还算比较友好，但有些作业完成起来是有难度的。老师的态度总体较好，但有的时候缺乏耐心，你只要是认真听了课交了作业他就不会以一个很差的态度对待你。课程与考核这块，是一周理论课一周实验课，而且每节课都会点到，其实就是两个教室轮着上课，个人感觉理论课和实验课没啥区别。虽然不是每周都有作业但是作业比较多，完成时间比较紧，而且一旦没交或者忘记交就比较麻烦，因为这很可能会让你最后的成绩大打折扣哪怕只有一次。我们这个学期是线上，因而最后是以论文综述3000字左右结尾。之后可能不会再线上了，考核就会变为实验考核，也就是把平时作业改编一下来考核你，也就是说这门课不考理论知识，没有选择判断简答题，而是上机考试的那种，大约1小时。\n\nAll in all，退，退，退! 除非你是真的热爱。【相对客观的评价】
165605,952,崔宁,2023-01-09 03:29:01,-5,5,10,事情确实多，只要跟着好好学还是能拿好成绩的。我的成绩现在还没出，但是我舍友是4.5，感觉还可以。
166687,952,崔宁,2023-01-13 08:33:12,-7,7,14,（音响技术与家庭影院）事不算太多，除了最后的录歌和论文比较麻烦。讲课效率确实极其低下，半个小时能自学完的乐理知识他要讲两周……不尊重学生的情况还有，整个长学期有两三次吧，比查老师以前的评论好了很多。分高是真的，上课到了作业能做完一定有80以上，也会尽量捞人。上课偶尔听一下就行，毕竟知识密度确实很低。作为老师及格分还是不够的……
169153,952,崔宁,2023-02-24 13:03:54,9,9,0,不尊重学生，但凡你问他他觉得你应该掌握的东西，他就会直接讽刺你，在课堂上当着大家的面直接讽刺你，而且没完没了。没有耐心，无限放大学生的失误，恨不得逮着一个机会狠狠地批评学生。
171217,952,崔宁,2023-03-19 06:48:10,3,4,1,一般般
178248,952,崔宁,2023-07-08 15:11:22,10,10,0,呵呵，垃圾老师，就是个垃圾！真恶心学生，短学期就讲了一次课，一小时不知道有没有，还喷学生学习态度差，课程要求讲不清楚怪学生？我tm直接取你首级
178493,952,崔宁,2023-07-12 14:30:25,4,4,0,啥也不会，啥也不是
178556,952,崔宁,2023-07-14 11:21:19,5,5,0,就一摸鱼老师
178577,952,崔宁,2023-07-15 06:56:19,8,9,1,信电短学期真是司马东西 什么都学不到 自学嵌入式？ 真的是辣鸡老师配辣鸡课程安排
179621,952,崔宁,2023-09-19 01:51:38,7,7,0,离谱了
180571,952,崔宁,2023-09-23 03:50:23,35,35,0,就他带着小孩在休闲食堂的洗手池里拉尿是吧
180574,952,崔宁,2023-09-23 04:06:41,36,36,0,便池洗手的高素质人才
180579,952,崔宁,2023-09-23 04:35:56,23,23,0,麻烦没收一下作案工具
180585,952,崔宁,2023-09-23 05:15:45,22,23,1,带自己小孩在休闲餐厅厕所洗手台小便？？？
180587,952,崔宁,2023-09-23 05:55:18,13,14,1,带小孩洗手台撒尿🫰🏻
180593,952,崔宁,2023-09-23 07:24:57,12,13,1,人渣 渣滓 糟粕 犬儒 虫豸 狗屎
180599,952,崔宁,2023-09-23 09:25:16,14,14,0,素质低下，带自己小孩在洗手池小便
180601,952,崔宁,2023-09-23 09:50:42,9,10,1,恶心人
180617,952,崔宁,2023-09-23 12:50:10,15,16,1,厕所就在旁边，这什么变态我草
180619,952,崔宁,2023-09-23 14:43:59,10,10,0,"""老师带着自家小孩在洗手台上厕所，什么勾八素质😤"""
180654,952,崔宁,2023-09-24 08:07:23,9,9,0,绯雾飒蔽，似幕绡绸
180925,952,崔宁,2023-09-28 07:49:37,16,16,0,什么让小孩在洗手台拉粑粑的勾巴老师
181622,952,崔宁,2023-10-24 12:37:53,12,12,0,煞笔老师，报了音响那个，课讲的也不行，节节课连上课时间都没到就开始点名，带的电脑没电了说回去补交一下一点不让，上课阴阳怪气，快跑
185576,952,崔宁,2024-01-02 10:48:49,3,4,1,一学期几乎啥都没教
188707,952,崔宁,2024-01-19 15:41:47,3,4,1,就挺难评的一位…水平真的很差什么都不会讲什么都没学到…节节课点名 作业难度高而且量大…平时作业有四五次吧，其中包括一首歌曲的录制与制作 除此以外还有一篇论文大作业 还要考期末考试 建议专业非音乐制作相关的同学还是别选了真的做不出来一点
199922,952,崔宁,2024-10-08 11:13:39,4,4,0,只能说逆天完了，天天搁那阴阳怪气，屁事一堆，要求莫名其妙，全给他懂完了，这种人能在浙大教书真是逆天
200079,952,崔宁,2024-10-12 11:06:34,3,3,0,自己水平差，乱七八糟的要求还很多
203250,952,崔宁,2024-11-18 11:33:10,3,3,0,24年感觉还行，就是必点名，作业有点难，上课不听做不出的那种。
203875,952,崔宁,2024-11-21 15:37:18,2,2,0,无敌了
204110,952,崔宁,2024-11-24 09:20:14,4,4,0,和周勇光一样，崔宁也是一个唐完了的万年讲师，不知它什么时候能有周勇光的待遇
205081,952,崔宁,2024-12-01 06:12:59,12,12,0,偶然看到这个网站，距离我在浙大听崔宁老师的课已经快二十年了。看着学弟学妹们的留言，我仿佛回到了曾经的青春岁月。看来崔老师的病确实没有痊愈，而且这些年病情越发严重了。当时他还是可以讲授专业核心课程的。在紫金港讲授“信号与系统”和“高频电路”两门课的时候，他会站在讲台上一边训斥学生，一边把粉笔头或者板擦掷向学生。提问的时候，他不会用学生的名字来称呼对方，而是说“那个胖学生，你到黑板左边来做题；那个头发少的学生，你到黑板右边来做题。”当时大部分人鉴于他认真的教学态度和细心的教学过程，即便受到这种冒犯，还是保持着宽容。十多年前，听说崔老师被调到了紫金港东四当实验安全员，我想这也许能给崔老师一个休养的机会，对他自己、对学生都是双赢。没想到崔老师现在还是带病坚持重归讲台，真希望学校能给他一个治疗的机会，祝崔老师早日康复。
205403,952,崔宁,2024-12-05 23:53:40,4,4,0,屁事多
207060,952,崔宁,2024-12-19 06:11:25,3,3,0,差差差
207495,952,崔宁,2024-12-22 11:41:25,3,3,0,不是什么好东西
207540,952,崔宁,2024-12-23 02:48:25,4,4,0,上课不知所云，感觉讲的东西自己百度两分钟就能看完，上课喜欢阴阳怪气学生，选上他课的建议速退
207665,952,崔宁,2024-12-23 15:00:34,3,3,0,本来我觉得他平时上课除了效率低和讲得模糊不清之外也没啥的，待人也没那么差。可是一快到了期末周，他的态度特别特别差，对待学生非常不友好。明明说测验很简单，可最后硬是要把他讲不明白乐理当作一个卡分点。明明只是一门面向全体本科生的通识选修，非要搞的我们这些有兴趣但是没那么多乐理知识的人被恶心到。他生气的点真的很莫名其妙，真的受不了。
208147,952,崔宁,2024-12-26 02:45:23,6,6,0,什么勾八老师，多轨5.1声道，位深32，录音3min，保存成.wav就tmd是200m，听都不听就说文件大小不对，说我上课一点不听要把分扣光。
208148,952,崔宁,2024-12-26 02:50:42,3,3,0,自己找不到下载键在哪里就说学生没按照他的要求交作业。
208356,952,崔宁,2024-12-27 04:38:08,3,3,0,纯坏纯纱
208624,952,崔宁,2024-12-30 07:15:26,4,4,0,万泉不是仁
212304,952,崔宁,2025-01-14 01:11:11,5,5,0,24-25秋冬 大一\n\n这课主要就是跟音响技术有关，上完之后能学会利用audition录制歌曲、后期制作等等。课程本身是有意思的，但是cuin纯nt，上课纯浪费时间，竟然还要点名，其人不尊重学生，自以为是。我个人感觉是不捞的，别问我怎么知道的，刚好被卡绩了。反正别选，如果要学这个，可以高替另外一个音响的老师，明显好于这个逆天cuin。\n\n\n\n更主观的说，我严重怀疑这个人脑子里细胞全部异变了，就是感觉纯坏，如果有病就别来当老师了。
212343,952,崔宁,2025-01-14 01:46:29,2,2,0,sb，蓝的盆
212345,952,崔宁,2025-01-14 01:52:26,2,2,0,万泉部诗人\n\n1.节节课都点名。有时甚至会在上课前点名。\n\n2.上课阴阳怪气，看不起任何学生。3.上课有气无力，像一句实体(感觉就是孙笑川本川)\n\n4.作业多，且对于没有软件使用基础的同学来说很难，他也不讲。\n\n5.lz辛辛苦苦每节课都到，每次作业都交，这门课在课外花的时间几乎要比微积分都多了，一门普通通识课同时有期末考试、期末大作业、课程论文你敢信？\n\n6.我所有这些都完成上交了，最后得分也在我所有科目里面倒数。\n\n\n\n我的心得是，以后选课前还是得看看查老师评分。血的教训。。。。。
217739,952,崔宁,2025-04-16 00:23:44,1,1,0,sb一个
218062,952,崔宁,2025-04-20 05:56:32,-6,0,6,老师很好呀
218344,952,崔宁,2025-04-23 00:19:54,-6,0,6,老师很好呀
222021,952,崔宁,2025-06-29 02:57:11,0,0,0,评分低是有道理的
13935,996,唐奕,2016-01-02 13:41:48,2,3,1,人不错
80184,996,唐奕,2018-06-21 07:05:20,-2,1,3,超级温柔，笑起来真的很温暖!而且会超级耐心地回答我们的问题，还会跟我们开玩笑!超喜欢她
109619,996,唐奕,2019-06-18 02:42:00,1,4,3,老师对学生超好，还特别可爱哈哈哈哈哈哈哈。数设实验，上课有问题会耐心解答，会仔细帮你debug，有时候急了还会亲手给你敲几行代码。
114548,996,唐奕,2019-07-10 14:43:07,-5,2,7,唐老师人很好的，屈老师可能碰到学生问很蠢的问题就会怒斥，唐老师不管咋样都耐心回答哒
154656,996,唐奕,2022-06-03 02:17:28,-8,0,8,唐老师人超级好的！10分不解释
160932,996,唐奕,2022-10-20 05:26:50,15,18,3,傻逼玩意儿，整天唧唧歪歪，我们是来上课的不是来听你在那和别人聊天的\n\n说话声音和笑声都贼tm刺耳，无语子
175405,996,唐奕,2023-06-24 15:25:52,4,5,1,人如其名。唐完了宋，宋完了元神启动
183371,996,唐奕,2023-11-24 09:13:43,2,2,0,纯纯有大bing
219662,996,唐奕,2025-06-03 13:14:13,1,1,0,唐，不讲课啊，求求你讲讲课吧
221292,996,唐奕,2025-06-22 14:01:56,-1,1,2,前面的评论也太喷子了，唐老师明明很好，会很耐心地帮同学们debug，操作有哪里不会的可以直接问老师，最后给分很好很好
31649,1006,于慧敏,2016-07-04 10:46:15,0,3,3,对大作业很看重，上课讲的不错。会有助教来上的讨论课 那几节课比较水
31905,1006,于慧敏,2016-07-05 06:31:50,0,8,8,--是个好老师\n\n--不信?\n\n--真的是好老师啊你们别不信我不会骗你们的\n\n--讲得怎么样啊?\n\n--讲得比他的助教好多了还有PPT\n\n--要求严格吗?\n\n--课程设计60分以下直接挂，期末卷面40分以下直接挂\n\n
31976,1006,于慧敏,2016-07-17 17:23:31,1,3,2,一般数学好的人(指老师)，给分都还算良心，毕竟各种算法来一套嘛。。。课程设计认真做，期末考砸也不需要太担心。
32640,1006,于慧敏,2016-07-08 11:16:14,-1,1,2,大作业有难度，不过给分不错
32841,1006,于慧敏,2016-07-18 00:38:41,1,2,1,嗯 比较看重大作业
48848,1006,于慧敏,2017-03-15 01:14:32,0,1,1,上课讲话不连续 蜜汁停顿让人觉得好困 还是看ppt自学比较好
52265,1006,于慧敏,2017-06-16 18:10:36,0,2,2,于老师给分挺厚道的，有个上讨论课的博士助教很帅
57348,1006,于慧敏,2017-07-07 02:51:53,-1,3,4,给分很好，虽然没有满，但是大作业好好做会有比较好的分数的！比较推荐
57369,1006,于慧敏,2017-07-07 04:31:57,0,1,1,太爽啦
57435,1006,于慧敏,2017-07-07 16:47:05,1,3,2,很好的老师给分很好～
57772,1006,于慧敏,2017-07-15 01:40:27,0,0,0,老师好萌
58100,1006,于慧敏,2017-07-31 01:24:56,0,0,0,赞一个！
59096,1006,于慧敏,2017-09-19 12:21:44,2,2,0,大作业对于我这样的学渣来说真的很难，最好找个大佬照顾一下。\n\n
75389,1006,于慧敏,2018-03-10 07:48:31,12,25,13,讲课好烂编的教材也好烂?窒息
75606,1006,于慧敏,2018-03-14 03:09:28,0,1,1,好了那么鹅！
84487,1006,于慧敏,2018-07-13 03:18:46,1,1,0,感觉给分没有想象中的那么不错
104881,1006,于慧敏,2019-03-29 09:55:39,8,8,0,SRTP答辩也太凶了吧 完全不知道在怼什么\n\n
105002,1006,于慧敏,2019-04-02 04:46:11,8,12,4,答辩为什么这么凶？欠你钱了咋的？开题原来就要都弄懂啊……那么国创为什么不用滤波器呢？多么稳定可行？还有你自己的那组呢？自己评判自己，几个意思啊……研创的钱到你这都喂什么去了吗？你一个人毫无所知怪我们没讲清楚还不听解释，从头至尾鸡蛋里挑骨头？几个晚上的努力就在你的浑沌中泡汤了！？你配人师吗？
113846,1006,于慧敏,2019-07-07 18:00:42,1,3,2,信号成绩还没出，过来给好评并许愿
114604,1006,于慧敏,2019-07-11 00:05:05,1,2,1,可以看出老师数学真的很棒 思维很快
114620,1006,于慧敏,2019-07-11 01:06:19,1,3,2,给分也太好了吧！！！太谢谢老师了！！！
138998,1006,于慧敏,2021-07-12 06:42:01,1,3,2,上课很催眠，教材编的很烂，但是给分真的两年以来见过的最捞的老师好吧！大作业找一个大佬好好做，期末出分绝对不会失望！
141653,1006,于慧敏,2021-10-19 07:56:10,3,3,0,垃圾老师，教材写的真的烂，考研全靠看郑君里的学，上课无聊的要死。这么差经的的教材真给浙大丢脸。
154074,1006,于慧敏,2022-05-22 13:46:01,4,5,1,你们学这门课的时候，不用怀疑，这本书太烂了，数不清的错误，印刷错误，知识错误，答案错误，题目错误，每次看书都是煎熬……\n\n不过还好，这本书不换也不修订，耽搁一届又一届，想到下一届也要经受折磨，心情好多了
154682,1006,于慧敏,2022-06-03 11:48:11,4,4,0,1.上课体验并不算好，基本就是念ppt，ppt就是书，学的像一门数学课但到了大作业就会发现这并不是简单的数学课\n\n2.作业真的很多，而且没有答案，matlab完全不教，上课只会说“这里有个matlab程序很简单你们自己回去看一下”\n\n3.由于没有对信号有本质的理解，所以大作业对我来说真的很困难\n\n4.小测是开卷
155476,1006,于慧敏,2022-06-13 10:47:17,1,2,1,出分前祈愿
157338,1006,于慧敏,2022-06-23 03:57:50,2,6,4,大作业认真做，给分巨好
157351,1006,于慧敏,2022-06-23 04:31:12,0,3,3,呜呜呜于老师给分太好了！比预期高出很多。
157415,1006,于慧敏,2022-06-23 07:18:01,-1,2,3,上课有点无聊，但是大作业算是认真做了，最后给分相当好
164808,1006,于慧敏,2022-12-27 13:11:33,3,3,0,。。。
177491,1006,于慧敏,2023-07-03 12:31:53,0,0,0,出分前评一下，感觉老师不错，有在为学生考虑，教材可能确实拉仇恨，但总体评分没这么不济
26901,1073,赵航芳,2016-06-21 14:08:36,10,14,4,简直有毒。辣鸡
28475,1073,赵航芳,2016-06-28 09:14:38,-6,4,10,挺好的，不错
53219,1073,赵航芳,2017-06-26 08:16:13,6,8,2,真的…没上过这样的课…这老师对课程难度根本没有把握…本科生的课程上成了研究生课程…上课念ppt，ppt是教材的翻译…一个人大概两次难度较大的展示，期末还要写一篇论文…说话喜欢附庸风雅，很专业的论文题目布置用很文学性的语言…
79750,1073,赵航芳,2018-06-13 08:25:37,2,2,0,有时候会有小测。上课方面，总觉得就是在按这个不知道什么程序翻译的课本念，反正我是没有深入理解。
84019,1073,赵航芳,2018-07-11 23:48:15,0,3,3,老师人挺温柔的，给分也还不错，就是这门课是真的有点…无聊吧，上课也挺无趣的，想刷个成绩可以选
84029,1073,赵航芳,2018-07-12 01:18:57,4,5,1,3.6估计是很低的成绩了，自己菜也办法但这课真的是不知道在上些什么，教材是老师自译，生硬到有点搞笑，上课真的就是逐字逐句地念讲义ppt，其他一些上课也是念ppt的老师多少也会加点自己的东西进去…自己真的难以理解这些概念，开卷小测也都是看着书抄，有要求一次展示，期末考试是50分课外写一片文章，50分根据文章出一些题目考试时可以参考文章答题，所以文章的话尽量多凑点书上的内容便于参考（选课时评论还是空的…?
86580,1073,赵航芳,2018-09-17 09:54:51,9,10,1,稀烂的班子
90995,1073,赵航芳,2018-11-28 14:05:31,1,1,0,
99780,1073,赵航芳,2019-01-25 07:17:07,2,2,0,我只能说非常傻逼了 平时事情爆多 最后还被卡绩点 真的是呵呵了 上课只会念ppt，附庸风雅不知所云！如果是专业课，只能节哀！
117957,1073,赵航芳,2019-10-17 01:33:38,3,3,0,“大家可能会感叹：’这个内容真是简单。’”\n\n当然这是在全班基本没听懂的情况下说的。
118252,1073,赵航芳,2019-10-24 01:06:47,0,0,0,8不说了，?️ ?
118976,1073,赵航芳,2019-11-09 01:32:24,2,2,0,浙大三年见过的讲课最差的老师之一!
120258,1073,赵航芳,2019-11-26 10:14:28,3,3,0,犹豫就会白给，快退课!
120259,1073,赵航芳,2019-11-26 10:20:55,2,2,0,完全不知道学生需要什么，对课程内容深度与考核完全没有按照学生实际情况来。上课读PPT，PPT是英文教材的极简翻译，之前没有系统学过根本听不懂。
157535,1073,赵航芳,2022-06-23 15:34:32,1,1,0,吃瓜人到此一游
159975,1073,赵航芳,2022-09-10 15:55:51,0,0,0,只有十个人选，总量60，占个板凳看后续
198712,1073,赵航芳,2024-09-11 05:23:19,1,1,0,只有8个人选，总容量36，占个板凳看后续
199356,1073,赵航芳,2024-09-21 14:54:15,0,0,0,占个板凳看后续
206696,1073,赵航芳,2024-12-17 06:37:28,0,1,1,课程难度较大，但课程内容还是蛮有用的，无绩点压力还是可以选的
212759,1073,赵航芳,2025-01-15 00:56:35,0,0,0,上的信号谱分析，课程难度较大，上课听天书，但考核上没有特别难，有问题问老师也会耐心解答
214435,1073,赵航芳,2025-02-03 05:47:53,2,2,0,大过年的，祝老师2025年没好果子吃，全家触霉头
429,1171,宋牟平,2015-03-15 02:16:12,-3,8,11,好老师
4785,1171,宋牟平,2015-06-29 01:15:54,12,14,2,感觉就是读ppt
27942,1171,宋牟平,2016-06-28 06:52:06,2,3,1,听他说我以为离散均绩很高，进来一看3
34495,1171,宋牟平,2016-11-02 03:11:13,2,3,1,读圣旨
38491,1171,宋牟平,2016-12-07 02:27:10,-3,1,4,这么有趣的课被上的这么无聊
45838,1171,宋牟平,2017-01-20 07:11:00,-6,4,10,辣鸡宋牟平  给分比别的班差太多 臭瓜皮
47263,1171,宋牟平,2017-01-25 03:29:06,9,13,4,只求过的话，学弟学妹可以安心选择，只要考前把98上面的回忆卷刷一遍就行。想要高分，需要平时花点功夫多记概念(为什么是概念?因为大题目分析计算都是98回忆卷上的题目啊)，然后最后一题是区分度的题目，形象地说6成是原题(送分)，3成是概念，还有1成区分度(看缘分)。当然，我感觉这上面的平均分数据都是在xjb扯。不过据说皇甫和周金芳给分好点，但是学弟学妹选上宋老师也不用担心。
49124,1171,宋牟平,2017-03-27 07:20:23,2,4,2,水平略低
51086,1171,宋牟平,2017-05-16 11:46:33,0,4,4,垃圾老师
51842,1171,宋牟平,2017-06-12 08:16:20,0,3,3,垃圾老师
75195,1171,宋牟平,2018-03-08 02:36:24,16,17,1,悖（bo）论
75668,1171,宋牟平,2018-03-15 03:06:16,8,8,0,感觉老师上课好无聊啊\n\n口头禅是 啊～\n\n三节课下来都不带动地方的\n\n感觉全身上下都没有力气\n\n总是缺少点大师的气质？？
75932,1171,宋牟平,2019-03-20 02:36:30,44,48,4,经历了一次点名，全班110个学生，大概一半人的名字叫错了，给老师的语文水平鼓鼓掌。
79140,1171,宋牟平,2018-05-24 02:50:52,2,4,2,尽管读错几个字的发音对别人来说无可厚非，但这并不影响我认为他是一个文盲
80165,1171,宋牟平,2018-06-21 02:11:55,10,11,1,如果天晴，我就去图书馆
81052,1171,宋牟平,2018-07-03 12:46:05,11,11,0,竺老校长的竺字都不认识，就问还有谁
84186,1171,宋牟平,2018-07-12 07:47:30,0,0,0,什么时候才出成绩啊……
86710,1171,宋牟平,2018-09-18 05:49:01,-42,5,47,讲得不行，期末考试很水，好好复习一下可以全做出来。但是我作业没缺，点到都在，考试全做对你把我强行正态成94分是什么意思？
94520,1171,宋牟平,2019-01-17 04:45:04,0,4,4,离散和射频都是宋老师的。虽然上课不是很有趣，但是给分好，出题简单，值得选。
103238,1171,宋牟平,2019-07-07 23:51:48,9,9,0,给分成谜，上课水平略低
103814,1171,宋牟平,2019-03-06 03:25:01,3,5,2,我觉得老师讲的挺好的呀，挺注重于理解的
104417,1171,宋牟平,2019-03-20 03:02:33,7,12,5,其实前面那位说老师语文水平低的兄弟。。。可能也存在老师是因为看不清同学写的字迹才这么念的。
113042,1171,宋牟平,2019-07-05 20:04:41,14,18,4,因为查老师上的评论，以及本身这门课讲的内容可能稍微枯燥了些，大半个学期都对宋老师存在着某种偏见。直到期末答疑的时候，老师的耐心和细心让我对自己之前的看法感到十分愧疚。在你没有完全了解一个人的时候，千万不要按照主观意愿妄加评论。
122376,1171,宋牟平,2020-02-26 01:46:56,0,2,2,我觉得老师还不错，挺认真负责的
122553,1171,宋牟平,2020-03-04 02:37:15,0,3,3,只有我一个人觉得老师很像大司马嘛 不管是长相还是声线
124253,1171,宋牟平,2020-06-28 05:27:41,2,2,0,离散数学，上课有点尬，老师证明有点啰嗦，虽然感觉到他努力想让我们理解了...
125704,1171,宋牟平,2020-09-13 10:41:08,-41,1,42,考试很简单，失误了4.8
139015,1171,宋牟平,2021-07-12 07:53:51,-8,1,9,随便满，放心选
141659,1171,宋牟平,2021-10-19 08:12:34,-5,0,5,牛平哥哥讲课通俗易懂，对学生好
153410,1171,宋牟平,2022-04-29 07:48:34,13,13,0,浙江大学电子系教授，万典之典，思政作业布置者，ppt朗读者，绩点拯救者（存疑），失眠治疗者，点名者，受爱戴者（存疑），模糊语言组织者。
154173,1171,宋牟平,2022-05-27 06:37:21,4,4,0,离散数学的悖（bo）论大师
154925,1171,宋牟平,2022-06-07 02:21:11,-1,0,1,加载不出来
156289,1171,宋牟平,2022-06-18 17:57:41,-13,0,13,老师给分也太好了呜呜呜呜
156350,1171,宋牟平,2022-06-19 07:47:23,4,4,0,睡得很香
156351,1171,宋牟平,2022-06-19 07:48:43,3,5,2,离散数学这门课如果不听课，不好好做作业，想着在期末一天速的话，那我认为它应该不算是一个“水课”
156352,1171,宋牟平,2022-06-27 10:55:13,28,30,2,随过离散连考，选择性放弃离散，牛平老师再爱我一次，狠狠捞我😭\n\n————————————————\n\n楼下的你穿越啦，还没考完就给分好好？\n\n————————————————\n\n3.3😭😭😭😭😭😭😭😭😭😭\n\n牛爷爷牛爷爷😭😭😭😭😭😭😭
156389,1171,宋牟平,2022-06-19 10:17:23,2,2,0,离散考的都是基础概念 但是还是要好好复习的呜呜呜\n\n不要迷信98回忆卷 明年再来重修（
158178,1171,宋牟平,2022-06-27 10:37:00,30,31,1,确实是水课，但是想取得高分肯定是要认真学的。认真学了一学期，期末自认为全做出最后喜提3.6，无语😓
158184,1171,宋牟平,2022-06-27 11:02:11,33,37,4,上过课的学长学姐能别瞎指导后人么😅什么随便满随便学很水……😅老师上课还算认真，内容本身也有难度，平时就应该好好花时间学，不知道多少人被你们误导…最后出了成绩贼难受
158188,1171,宋牟平,2022-06-27 11:16:55,16,17,1,傻逼东西
158190,1171,宋牟平,2022-06-27 11:23:08,15,16,1,时代变了，大人
158192,1171,宋牟平,2022-06-27 11:33:01,16,17,1,上课怎么样看其他评论也知道了，课后么布置狗屁思政作业，最后成绩出来身边没有上4的？？？
158196,1171,宋牟平,2022-06-27 12:07:35,15,16,1,被恶心得不要不要的 流汗黄豆
158202,1171,宋牟平,2022-06-27 12:46:58,0,4,4,辛苦老师改卷子
158203,1171,宋牟平,2022-06-27 13:12:14,12,12,0,给分太离谱\n\n作业全交 考勤全到\n\n期末卷面分数低于总评分数
158207,1171,宋牟平,2022-06-27 13:09:08,23,24,1,你拿不到这分数！
158209,1171,宋牟平,2022-06-27 13:16:46,5,5,0,…无大语
158218,1171,宋牟平,2022-06-27 13:57:26,3,4,1,勇敢牛平，不怕困难！
158222,1171,宋牟平,2022-06-27 14:22:44,7,7,0,助教也挺牛马
158230,1171,宋牟平,2022-06-27 15:22:43,6,6,0,https://www.cc98.org/topic/5361499
158263,1171,宋牟平,2022-07-01 02:17:03,68,71,3,感谢牛平老师，让我明白了不能迷信前人的辉煌，不能因为往年的流言假象就放弃平日的努力。在我妄图走捷径投机取巧混绩点的时候予以我致命打击，四舍五入一科拉低0.1的均绩，我会谨遵牛平老师的警告，在往后学习道路上脚踏实地奋力拼搏，十分，给伟大的教育先驱者！
158274,1171,宋牟平,2022-06-28 03:22:09,16,16,0,你拿不到这分数！
158291,1171,宋牟平,2022-06-28 06:04:03,19,19,0,选课时崇拜牛平，上课时鄙视牛平，出分后辱骂牛平！
158301,1171,宋牟平,2022-06-28 07:25:27,16,17,1,无知时诋毁牛平，长大后理解牛平，成熟后成为牛平，牛门！
158304,1171,宋牟平,2022-06-28 08:02:28,7,7,0,牛马老师，牛马课程，牛马助教，老师和助教隔着给我踢足球是吧，宋牛平，牛马
158315,1171,宋牟平,2022-06-28 08:54:45,16,18,2,很喜欢牛平老师的一句话，“期末考试，没有一个不满意的”
158409,1171,宋牟平,2022-06-29 05:15:25,7,7,0,帮室友打一分，我作为室友都看不下去了
158503,1171,宋牟平,2022-06-30 01:06:09,6,7,1,硅基生物看了你给的分都要吐
158546,1171,宋牟平,2022-06-30 06:59:39,1,1,0,悖（bo）论大师
158579,1171,宋牟平,2022-06-30 10:06:48,6,6,0,你拿不到这分数！
158751,1171,宋牟平,2022-07-02 00:59:59,28,28,0,修完计院离散过来刷分的..喜提3.6
158820,1171,宋牟平,2022-07-02 12:37:51,3,3,0,给分又烂，还学不到东西，tui，一分都嫌多
161457,1171,宋牟平,2022-11-07 05:02:47,0,1,1,www
165164,1171,宋牟平,2022-12-29 13:41:16,3,4,1,真的傻卵东西
177382,1171,宋牟平,2023-07-03 05:45:22,11,11,0,翻过这座山 让信电听到你的故事！
177523,1171,宋牟平,2023-07-03 14:52:24,2,2,0,今年给分太好了
177558,1171,宋牟平,2023-07-03 17:03:37,6,6,0,今年变好了，平时20%签到+30%作业。没有思政。考试部分题往年出现过。签到和作业交上平时分会尽量拉满。考试把PPT例题和作业题看一遍基本都能覆盖。可以选，但只要认真对待，没有人不满意的。
196257,1171,宋牟平,2024-07-02 17:06:51,0,1,1,今年给分 好！
196334,1171,宋牟平,2024-07-03 02:38:13,4,7,3,今年给分很好，作业交了，点名都到了，平时分50分应该就能拿满，期末稍微复习一下，考试也不是很难，有些点有一点细，但总体偏简单，出分的时候吓到了，总评100(○´･д･)ﾉ
206053,1171,宋牟平,2024-12-13 04:35:46,0,1,1,新选的离散数学老师，期待中
211258,1171,宋牟平,2025-01-11 05:35:53,2,2,0,射频回来，赞美牟平，牟门
221764,1171,宋牟平,2025-06-26 05:52:12,0,1,1,今年离散给分也好
221792,1171,宋牟平,2025-06-26 09:24:36,-1,0,1,离散一般吧
6528,1184,屈民军,2015-07-14 18:45:30,12,15,3,信电第一学霸！
16684,1184,屈民军,2016-01-18 17:47:27,21,22,1,人挺好的
23254,1184,屈民军,2016-03-23 04:05:09,6,7,1,人挺好的
31093,1184,屈民军,2016-07-03 08:12:04,17,17,0,老师认真的很好，据说是以前信电系的学霸
32964,1184,屈民军,2016-08-30 10:48:24,7,9,2,很负责的老师
33109,1184,屈民军,2017-09-12 12:19:22,-16,6,22,很差劲\n\n
48528,1184,屈民军,2017-03-06 15:19:43,11,11,0,讲话让人听着很舒服 虽然课程要求听着不容易 通情达理观念先进这点很赞
49565,1184,屈民军,2017-04-18 15:09:17,15,15,0,超级萌啊屈老师！！
51373,1184,屈民军,2017-06-02 12:52:55,2,3,1,…………
51796,1184,屈民军,2017-06-10 10:46:05,-5,2,7,唉……\n\n\n\n
52547,1184,屈民军,2017-06-21 03:20:28,8,9,1,自称负责成功时给予鼓励的好老师
54746,1184,屈民军,2017-06-30 06:51:50,0,6,6,老师真是考试周日常爆炸系列的一股清流！看到这门课又让我燃起了复习明天数电考试的欲望！???
56713,1184,屈民军,2017-07-04 11:07:36,1,2,1,怎么说呢，这课对自学要求挺高，对电路和代码基础要求较高，像我这种电路白痴加代码白痴型选手，真的是一场噩梦。感谢老师不挂我。
57393,1184,屈民军,2017-09-12 12:19:13,-8,1,9,不查抄代码只看最后一次测试也是呵呵，什么垃圾实验
57962,1184,屈民军,2017-07-18 16:22:54,8,8,0,不太讲课主要靠自学，平时问老师问题到还是会比较耐心的帮助。不过对自学能力真的有点高，尤其一开始不知从何入手的时候....
65220,1184,屈民军,2018-01-01 08:01:10,5,5,0,老师人超级超级nice！！！给分也很好！！！超棒的！！！
80032,1184,屈民军,2018-06-19 05:53:26,3,3,0,老师人超好，十分不为过
80513,1184,屈民军,2018-06-27 09:43:54,2,2,0,很耐心！
83257,1184,屈民军,2018-07-10 03:38:36,7,8,1,数电实验只要平时认真做，考试还是很简单的。老师我觉得人很好啊，问了他问题也很耐心的帮我解决了，告诉我可能是什么原因，以及为什么是这样，后来指导完别的学生后还特意回来问我说问题解决了没有。个人感觉老师很好啊，而且给分也不错。
83470,1184,屈民军,2018-07-10 10:51:32,1,2,1,数字系统实验 很好。
103928,1184,屈民军,2019-03-07 09:31:47,5,5,0,不是他学生就态度恶劣...
123875,1184,屈民军,2020-06-15 15:02:58,-2,0,2,老师超级好! 对学生很负责认真！ 真正热爱教育，希望学生学到东西，能提高的好老师!!!
135922,1184,屈民军,2021-06-03 09:38:36,1,1,0,这老师真的，，，，嘿嘿嘿
151398,1184,屈民军,2022-03-02 07:08:21,-5,0,5,屈老师真的非常非常好，会很耐心地解决问题！
158288,1184,屈民军,2022-06-28 05:57:38,7,7,0,上课听不清
170081,1184,屈民军,2023-03-01 10:01:45,3,3,0,第一次课，老师站在我右前方，刚打开实验室电脑的扫雷，老师就对大家说上课不能玩游戏，尤其是扫雷，怀疑老师是不是有透视眼，哈哈哈
171748,1184,屈民军,2023-04-04 02:50:19,13,14,1,人一般，干活真轻松，每天就来打个卡，坐一坐就下班了。\n\n课是真垃圾，这课不是教学的，明明教东西是老师的工作，却要以自学的理由把责任放到学生自己身上，这种课程入门多难，有点恶心人
176523,1184,屈民军,2023-06-29 07:44:23,-5,0,5,鉴于你给了我满绩，我收回我之前说的
176556,1184,屈民军,2023-06-29 08:53:29,2,3,1,不是很认可楼上，数电实验只要好好看课本和学在浙大视频，自学没有什么难度\n\n而且书编得细致有条理，一步步照着来就行了，老师讲反而比较难实现(都是实践类操作，自己用电脑一步步去做才能学会怎么写代码怎么跑仿真)
177924,1184,屈民军,2023-07-05 12:44:09,2,2,0,上课炒股第一人，千万不要选他的高级数字系统实验
183370,1184,屈民军,2023-11-24 09:12:14,5,5,0,计组实验课程纯纯有bing，啥也不讲，project也是，纯纯。。。
191499,1184,屈民军,2024-04-24 01:08:18,1,1,0,我只能说这个数字系统设计实验是个烂课（\n\n而且还是在我写过好几年Verilog的情况下
195383,1184,屈民军,2024-06-28 02:19:59,0,0,0,数电实验一学期两次大实验+一些小实验，提前做完就可以不去了，最后给分还是不错的，只要按要求好好写实验报告最后这部分得分肯定不低的。但是不得不说期末考试还是要多注意一下，应该是拉开分差的关键，不过如果平时实验是自己做的自己调试的应该也问题不大，总体课程体验还算可以
195430,1184,屈民军,2024-06-28 04:23:39,0,0,0,数电实验给分不错，大实验＋小实验全照着书上写就完事了，没啥难度。期末上机考可能是拉分的主要项目吧。
201023,1184,屈民军,2024-10-27 08:21:26,1,1,0,信电之屎
216993,1184,屈民军,2025-03-31 06:05:30,0,1,1,讲的什么勾八，自己不讲还不让问，问了还要骂，我骂死你个臭傻逼，不当老师回答问题给我滚
221282,1184,屈民军,2025-06-22 12:20:39,0,1,1,数电实验满绩，大实验＋小实验照着书上写，边学边写，期末上计机考试认真准备一下，注意实验报告要求。
25002,1186,徐新民,2016-05-04 23:57:44,7,12,5,我还没找到比这个老师更坑的
32515,1186,徐新民,2016-07-07 10:08:50,6,9,3,呵呵，神坑
48656,1186,徐新民,2017-03-09 02:51:41,2,3,1,声音很好听
52334,1186,徐新民,2017-07-05 14:19:17,11,17,6,没有30平时分可能成绩会好点：）
53437,1186,徐新民,2017-06-26 15:05:52,10,13,3,考前一周布置大作业的也是没谁了
53601,1186,徐新民,2017-06-27 06:54:11,1,5,4,上课比较和蔼但是大作业真的坑
57103,1186,徐新民,2017-07-05 14:12:48,1,5,4,给分巨坑（我觉得已经不是求是这种东西了）
57104,1186,徐新民,2017-07-05 14:13:51,-2,2,4,1分不能再多了
57114,1186,徐新民,2017-07-05 14:29:19,0,4,4,特别重视硬件，考前一周布置大作业，慎选！
57131,1186,徐新民,2017-07-05 15:19:14,0,1,1,老师人还行 事挺多 给分差
57132,1186,徐新民,2017-07-05 15:29:24,3,7,4,哇，平时点名，作业说收就要收，然后倒数第二周突然留个大作业。别人都在肝复习，肝免考，肝碧蓝，肝fgo，只有我们在肝大作业啊啊啊！！！最后还只占5%考试的时候贼难，考前他先和大家说一句:“这次的考试很简单，考不好是你平时学不好”。那我真是对不起老师的栽培啊……\n\n
57134,1186,徐新民,2017-07-05 15:32:53,-4,5,9,好，特别好
57163,1186,徐新民,2017-07-06 00:37:22,0,1,1,大作业最后一周布置神烦
57420,1186,徐新民,2017-07-07 12:50:16,-1,1,2,至少是个坑
58960,1186,徐新民,2017-09-19 01:17:14,-2,0,2,很GG
64957,1186,徐新民,2017-12-28 05:09:30,4,5,1,老师讲课好，评论都是骗人的吧。去年评分还挺高的呢
64959,1186,徐新民,2017-12-28 05:10:08,5,5,0,老师讲课好，好好学还是能拿高分的
78409,1186,徐新民,2018-05-11 11:52:14,3,4,1,老师讲课很好呀，讲的很细，把你教会为止，不知道为啥评分那么低，学得好不好归根到底还是要看自己呀。
82039,1186,徐新民,2018-07-07 02:31:46,2,5,3,老师人真的超好啊！很和蔼！不管最后给分怎么样，都觉得老师是一个很负责任很认真的人。老师虽然讲课很细，比较容易听懂，但是本人真的太菜了，对不起老师一学期的教导?，最后还是要为xxm老师打call啊！
83127,1186,徐新民,2018-07-09 19:17:38,-1,0,1,呃呃呃
83553,1186,徐新民,2018-07-10 14:53:42,4,5,1,出分前打一波。老师非常负责，来上课都带着拐，讲课非常好。大作业、给分求是这些问题，虽然坑，但我觉得不应该成为打低分的原因。我已经准备好下三了。。
85101,1186,徐新民,2018-07-15 10:44:07,0,1,1,为什么还不出分啊……等的心碎?
85189,1186,徐新民,2018-07-16 03:55:46,3,3,0,我觉得徐新民老师挺好的，绩点挺高的
85607,1186,徐新民,2018-07-21 02:33:26,1,1,0,很好的一个老师！
85608,1186,徐新民,2018-07-21 02:33:37,1,1,0,老师讲的好，给分也不错。
86596,1186,徐新民,2018-09-17 11:34:13,2,2,0,其实不知道为什么评分这么低，明明是很好的老师啊，虽然考前有大作业不过只占5分，老师平时讲课很细心而且知识点很清楚
87583,1186,徐新民,2018-10-07 23:49:39,0,0,0,老师讲课很细致，很有耐心，讲得很好。给分我觉得不错。
92186,1186,徐新民,2018-12-27 03:16:14,0,0,0,老师人好，讲课也很好，给分也可以了。毕竟还是要看自己。\n\n老师年轻时一定很帅，笑起来真好看
103609,1186,徐新民,2019-03-02 08:37:12,0,0,0,很垃圾
111185,1186,徐新民,2019-06-30 11:42:31,1,1,0,老师人挺好的，会有微处理器第十章最后一题的大作业。不是最后一周布置的。主要是这章比较难理解，做完之后会比较理解深。老师回答问题非常耐心，不知道给分怎么样。不过数电考试不是本来就很难么，而且历年卷有一些地方不是很严谨（问老师问老师问老师！！！\n\n所以能选大一的还是选大一的课吧，毕竟史爸爸给分比较好，这门课期末考占比70%。平常不好好学期末比较惨淡？（老学姐飘过，不知道有多少小朋友能看到\n\n徐新民老师人很好很和蔼这个不用担心，我觉得是本身这门课考试就比较难，而且期末占比70%
114714,1186,徐新民,2019-07-11 05:33:54,1,1,0,徐老师人还挺好的，讲课还行是还行，但确实也不是讲课特别好的，稍微有点无聊。期末占比70%，数电基本还是靠自己吧，大作业这次也没最后一周布置。至于给分，基本就看考试了，反正我没考好，也确实是我该得的分数，平时分应该不低。
139378,1186,徐新民,2021-07-15 02:12:55,0,0,0,老师讲课很好，课后回答问题也很耐心，跟老师沟通之后，这次大作业也提前一个月布置了，真的是挺好的一个老师，从成绩来看感觉他给的平时分也没有很差orz，就是上课固定座位翘不了课哈哈哈
66506,1195,谢磊,2018-01-17 05:08:15,0,0,0,啊啊啊
85615,1195,谢磊,2018-07-21 11:46:34,-5,1,6,nice
114786,1195,谢磊,2019-07-11 17:22:12,0,0,0,就是条老狗哦
114789,1195,谢磊,2019-07-11 17:30:42,0,1,1,最差老师，没有之一
114807,1195,谢磊,2019-07-11 23:59:55,2,3,1,通原 无数人本科最低几点的噩梦 大绩杀
122100,1195,谢磊,2020-02-13 10:22:21,0,3,3,想当年，他抽着烟喝着可乐，欲擒故纵等问我：谢老师和教练谁教给你的东西有用？
127941,1195,谢磊,2020-12-01 01:49:40,-57,1,58,唉，虽然把我卡在94，但不失为好老师，看起来挺年轻的，但没想到已经是教授了
144920,1195,谢磊,2021-12-26 02:42:41,-1,0,1,nice！
154754,1195,谢磊,2022-06-04 14:51:53,1,1,0,。。。
173477,1195,谢磊,2023-05-25 15:50:11,2,2,0,钉钉已读不回，给分烂到爆炸，每节课点名一节不落，上课不知所云......
178571,1195,谢磊,2023-07-15 06:29:38,8,10,2,研究生避雷嗷岩壁一大把
47395,1215,郭维,2017-01-26 03:32:28,-8,0,8,绩杀! 敢给我这个分的你还是第一个
79881,1215,郭维,2018-06-15 00:59:09,3,3,0,郭老师很和蔼，水平也高
87134,1215,郭维,2018-09-21 01:33:49,-1,0,1,。。。。
101976,1215,郭维,2019-01-30 01:51:37,1,1,0,很棒，很负责，比电基老师强多了。
132363,1215,郭维,2021-02-01 06:03:13,4,9,5,老师水平很高，都可以一望而知。但是我们太菜了，上课讲的很快容易跟不上，但是答疑老师很耐心的，人超好。想考高分很难，但是能学到很多，平时也要多花点功夫整理。比电击老师强多了
179413,1215,郭维,2023-09-15 01:48:06,-1,0,1,111
183379,1215,郭维,2023-11-24 12:54:53,1,1,0,老师真的温柔，我哭死，考试还没考先来打个好评。老师上课很热切地想跟同学们互动，虽然几乎没有同学回应，但他也不会点人。解题时甚至擦好黑板“邀请”我们上台（虽然还是没人上），但他最后还是很耐心地自己写。我听不懂是我有罪，是我之前没认真学呜呜，我也很想跟老师互动啊可我真的不会做。
188181,1215,郭维,2024-01-18 11:02:55,0,0,0,老师太牛了
188758,1215,郭维,2024-01-20 00:44:42,1,1,0,老师水平很高，但不适合讲课，基础低一点的建议选另一个老师的课
12116,1260,李锡华,2015-12-22 01:54:04,15,16,1,特别有趣
18545,1260,李锡华,2016-01-22 03:40:26,6,7,1,挺萌的，安利大师啊
26436,1260,李锡华,2016-06-18 12:39:10,4,5,1,很好的老师！
28499,1260,李锡华,2016-06-28 09:33:47,3,3,0,老师很负责，水平也很高
32132,1260,李锡华,2016-07-05 16:38:40,0,3,3,无语………
45692,1260,李锡华,2017-01-20 02:53:28,2,2,0,很好玩\n\n
47992,1260,李锡华,2017-02-28 02:27:53,4,4,0,硬件大师，关于硬件的问题，他啥都懂
66519,1260,李锡华,2018-01-17 06:38:17,-8,8,16,电路设计实验，什么垃圾课程设置，最后还要实验考试，碰到简单的题目当然好做了，计算难的题目40分钟根本做不完的好吗。最后老师还说平时多用点功夫不就好了，呵呵，平时的实验都是我做的，我平时平时还没花时间吗？？？但是最后考试没做完就被强行收走了卷子。还有课程只有两节课，但是每次实验的时间，平均都超过两节课；只有0.5学分，每次的实验报告却都要写好久，。我可能只能强行保持微笑了吧。。。
69250,1260,李锡华,2018-01-24 11:10:43,2,5,3,平时感觉老师有点凶，其实人很好，电设实验确实学分少事情多，但学分也不是老师能决定的吧。最后一节课实验考试确实时间比较紧张，要计算还要操作。
79873,1260,李锡华,2018-06-14 15:00:03,2,3,1,老师很厉害也很严格  来自电设2答辩被怼的菜鸡
80219,1260,李锡华,2018-06-22 01:31:20,1,1,0,老师真的很认真，会很耐心地帮助我们
81827,1260,李锡华,2018-07-06 09:24:12,0,1,1,老师可能上课时会比较严，比较凶，但是老师人还是很好的，电工训认真听课堂上能够学到比其他班多一些的知识。对了，老师给分很好，给老师笔芯>3<
82367,1260,李锡华,2018-07-08 03:56:55,2,3,1,电工训绩点崩了邮件问老师，老师还打电话回了给我讲了详细分数的问题，人真的很好，给分也很好。不过提醒学弟学妹上课一定注意平时验收次数登记，最后一定要找老师确定一下是否有缺漏。。。
112252,1260,李锡华,2019-07-04 00:19:01,0,0,0,水平很高，给分很好
121748,1260,李锡华,2020-01-21 13:18:59,6,6,0,上的是电设实验一。三个老师可以按照身材来分，最瘦的是施红军，其次是李锡华，最后是叶险峰。\n\n____\n\n该严格的时候很严格。比如迟到会被记录，最后一节课实验考试的时候也看着好多人没有画出波形被老师残酷的收走试卷。\n\n但是平时上课老师是真的非常有耐心，也很和善，积极解答你的所有问题（这一点信电真的比工训和大物实验好太多）。这样的老师我觉得才是真正的好老师。三个老师都是值得打十分的。____\n\n但是还是要吐槽一下现在的电设上课模式。1课时的学分，2课时的上课时间，4课时的工作量。确实感觉付出与学分相差的太悬殊（不过确实学到了很多东西，收获满满），最后给分还可以，不好不坏。听老师说是被强行压缩的，老师也很无奈。\n\n
129786,1260,李锡华,2021-01-12 09:54:14,2,2,0,。。。
136397,1260,李锡华,2021-06-17 11:27:47,1,1,0,讲课认真，但是也挺严肃的
151476,1260,李锡华,2022-03-04 07:10:36,5,6,1,这是什么牛马啊，第一个板子焊完给6分眼有问题吗，开门被正太什么公平啊，退课不多哔哔
152845,1260,李锡华,2022-04-28 11:36:09,17,19,2,摸鱼三人组 虽然看上去确实很严肃认真 但本质上就是不屑于在课程建设上花时间的落后于产业的混子老师罢了
11199,1300,杨建义,2015-11-25 07:03:23,4,7,3,给分不好
17530,1300,杨建义,2016-01-20 10:45:53,7,11,4,听课还好 给分差差差
35244,1300,杨建义,2016-11-07 07:10:37,8,11,3,信电导论课人傻事多
35366,1300,杨建义,2016-11-09 09:06:52,0,6,6,感觉老师挺好的，人挺好的讲的也挺好，如果精力允许的话好好听听有收获。课程本身的设置的问题就不要吐槽了吧。学会接受。
37249,1300,杨建义,2016-11-18 04:31:44,12,12,0,可能人还蛮好的，上课说话有点磕磕绊绊的，听不懂而且没重点很泛
37786,1300,杨建义,2016-11-21 04:58:47,2,2,0,给分差，导论课学分那么点，事情贼多。。
38020,1300,杨建义,2016-12-23 02:34:06,23,29,6,他的课我就听懂过一次。因为那次他出差了另外的老师来代的课
38022,1300,杨建义,2016-11-23 07:42:59,3,6,3,武汉付刚
38298,1300,杨建义,2016-11-29 13:41:33,1,2,1,头晕@_@他总是说这个你们以后会学的~然后就吧啦吧啦，说自己的~不管我们。。
39459,1300,杨建义,2018-01-06 23:19:24,8,8,0,老师讲课磕磕绊绊，好多地方含糊不清，表达能力有待提高。
42975,1300,杨建义,2017-01-18 15:08:28,4,5,1,zz老师，老子每次作业都按时交，tmd绩点还比不交作业的室友低，尽量去选史志国或者李宇波吧。
45282,1300,杨建义,2017-01-19 09:01:56,-1,1,2,上课确实不太讲的清楚，导论课反正大家都是自学的，不过最后给分还不错呀。
46963,1300,杨建义,2017-01-23 05:49:07,1,2,1,我可以代替他讲课，念ppt谁不会啊
48559,1300,杨建义,2017-03-07 07:51:12,1,2,1,厉害了
52352,1300,杨建义,2017-06-19 03:21:54,3,3,0,完全没备过课吧
66279,1300,杨建义,2018-01-14 14:21:21,2,2,0,人挺好…就是讲着讲着突然陷入了沉思...“这个内容你们以后会讲的...”就很尴尬...
66557,1300,杨建义,2018-01-17 08:53:56,2,2,0,不想评价
67435,1300,杨建义,2018-01-21 07:56:20,3,4,1,好老师，课很好
73584,1300,杨建义,2018-02-02 04:18:50,-2,2,4,信电导论\n\n讲得还行，认真听重点，好好考试好好做大作业就行了
73585,1300,杨建义,2018-02-02 04:22:08,3,3,0,导论课主要看自己，老师很尽责任了，给分也很好
73638,1300,杨建义,2018-02-02 08:23:04,-1,1,2,讲道理，其他信电导论课都是前面所有作业按权重加起来排名然后给最前面几个免试的，我感觉我不知道老师是怎么评的，就看加法器？也不对呀，反正我不懂，免试流程不够透明叭。不过，老师人真心好，很耐心，很nice，其实看得出来老师懂的东西确实很多的
90900,1300,杨建义,2018-11-27 07:39:32,2,2,0,作业多得要死
91128,1300,杨建义,2018-12-01 02:58:11,2,2,0,导论课：感觉他对课上的内容不熟（不代表他不懂），就是上课的时候ppt放到哪他讲哪，没点逻辑和连贯性，表达很差劲，一句连贯的话也讲不出来。体验很差
91272,1300,杨建义,2018-12-04 15:51:47,2,3,1,作业血妈多，上课血妈弱智
101801,1300,杨建义,2019-01-29 06:26:51,0,0,0,55555
101859,1300,杨建义,2019-01-29 09:42:22,0,1,1,老师给分很好啊！\n\n这种课哪个老师上都听不懂吧...
101864,1300,杨建义,2019-01-29 10:12:19,0,0,0,讲课能力还需提高 不过可能受课程影响\n\n积极些绩点还是没问题的
104540,1300,杨建义,2019-03-23 05:38:08,5,5,0,这老师是信电学院院长
116709,1300,杨建义,2019-09-14 00:53:42,-3,2,5,给分蛮好，我满了
124298,1300,杨建义,2020-06-29 02:13:23,1,1,0,老师很好 虽然讲的可能不是太清楚 但老师很负责 讲的不是很清楚应该是课程本身比较难而且我的理解能力出了点问题叭
125039,1300,杨建义,2020-08-17 10:55:19,0,1,1,很好的老师，很负责
135261,1300,杨建义,2021-05-07 03:21:03,-3,1,4,给分不错
137733,1300,杨建义,2021-07-06 02:29:42,1,1,0,半导体物理这门课，老师讲的确实挺认真的，也会和我们上课互动，但就是听不懂这课讲的啥。
158127,1300,杨建义,2022-06-27 06:00:17,3,3,0,上的半导体物理，每节课必雨课堂点名，必雨课堂cue人发送弹幕/回答问题，互动性强到令人害怕。上课经常说由这个公式给出blabla，就是讲不清公式咋搞出来的感觉，上了一学期课总是觉得不知所云。\n\n据说总评的时候会看一点雨课堂参与度，未知真假。期末考试考了多选，基本找不到答案，有好几道意料之外的题目…\n\n总评就不评价了。
158194,1300,杨建义,2022-06-27 12:01:18,0,1,1,杨老师还是蛮认真负责的，教学中能够从最基础的问题入手来启发学生，但是有些地方感觉讲不大明白（也可能是我太菜），我是修过隔壁组的半导体物理与器件的，虽然当时总评接近满分，但说实话过程很痛苦，也没学到多少东西（毕竟内容很多，基本一次课一章讲过去了），那年期末只开一张A4，但是考得历年题很没意思；为了考研这学期选了杨老师的课，虽然最后总评不算高（也是意料之内了，夏学期太忙后半部分没怎么花时间），但是一学期下来感觉收获还是不少的，今年卷子的简答题出得不错，需要有理解和分析的能力，不过可以带书的就算不会也能翻到的。我的建议是上这课多思考，多看书，最后能有收获，成绩也不会差的。
174778,1300,杨建义,2023-06-17 15:57:04,-9,2,11,幸好走了，现在信电学院由光荣的陈院长带领。
190766,1300,杨建义,2024-03-18 10:41:10,4,4,0,半导体物理，讲怎么区分高纯半导体和高度补偿半导体的时候，说没办法用常规的方法，让我们思考应该用什么方法。过了一会说“这两个不能通过测电导率区分，怎么区分呢，确实是一个问题”然后直接讲下一个知识点了...不知道老师是忘记讲怎么区分了还是不知道，感觉上课准备不是很充分，想到啥说啥。
193045,1300,杨建义,2024-06-03 03:10:00,6,6,0,逆天老师 期末考试开卷带电脑
198624,1300,杨建义,2024-09-10 09:27:35,1,1,0,老师真的很好，备课用心
201032,1300,杨建义,2024-10-27 13:54:28,0,1,1,真的很好了，认真负责，交流时很有内涵，能学到很多
217521,1300,杨建义,2025-06-15 01:37:49,3,3,0,半导体物理中文班，考试形式离谱，上课逻辑成谜，给分一塌糊涂，对物理素养提升几乎没有帮助。纯纯浪费时间，有点像一门通识课硬变成专业课。如果选上了半导体物理中文班，请不要浪费过多时间在此课程！
33558,1335,王勇,2016-09-20 05:58:23,-2,5,7,上课没激情，特无聊，感觉想睡觉，反正有点菜
34143,1335,王勇,2016-09-27 12:26:19,0,4,4,讲得又快，又不清楚
34462,1335,王勇,2016-10-11 06:39:35,0,5,5,人蛮不错，就是课有点无聊。
34679,1335,王勇,2017-10-16 07:28:00,1,13,12,很好好到我想死的心都有了，字小，声音小，讲课没有思路。全班悄无声息，因为基本没人能听得懂，讲课停留在原始阶段，没有PPT。如果你睡眠不好，那么选这个老师是一个不二的选择
34785,1335,王勇,2016-10-22 08:30:10,3,9,6,回念肥，吐字不清，没心情上了\n\n
35068,1335,王勇,2016-11-01 07:03:27,1,3,2,还不错\n\n
36651,1335,王勇,2016-11-15 07:56:03,-1,0,1,老是人很好，会很耐心地讲解我们不懂的问题
38000,1335,王勇,2016-11-23 03:16:20,1,3,2,一直有个问题，为什么他要当老师呢？
38642,1335,王勇,2016-12-13 06:46:05,7,7,0,好，老师人还是很好的。
39312,1335,王勇,2016-12-22 05:07:20,-1,0,1,我觉得讲的很好啊，也许他恰恰属于我比较喜欢的一位老师吧...反正觉得他很赞
39341,1335,王勇,2017-04-01 12:02:25,2,3,1,讲的还好啊，除了发音有点差，不过听口音像是我们湖北的0.0\n\n
42121,1335,王勇,2017-01-13 15:25:32,0,3,3,我觉得老师真的很好啊 很可爱啊真的 虽然声音小 但是我每次都坐前排啊 老师的字写得很好看 我不管我就是喜欢老师虽然我并不能听懂普化
45155,1335,王勇,2017-01-19 05:08:33,1,4,3,他没有能力来浙大当老师
45219,1335,王勇,2017-01-19 07:26:08,0,1,1,给分一般般
45272,1335,王勇,2017-01-19 08:48:06,4,6,2,不是我们材料学院的王勇
47324,1335,王勇,2017-01-25 08:56:59,0,3,3,这个老师资历少，感觉肚子里没有多少东西，没有PPT，考试前连考试题型都不告诉我们，发到试卷才知道试卷，很多事都是助教做的，不负责任！！
47918,1335,王勇,2017-02-27 09:35:03,7,9,2,评论的先说清楚是哪个老师啊
49138,1335,王勇,2017-03-27 11:45:14,8,16,8,讲真，我们评论的是一个老师吗？我上的普化，感觉讲课很细，而且老师字挺大的，一个板面最多五行字。这种风格挺不错的。
49301,1335,王勇,2017-04-03 12:53:12,0,2,2,助教很负责
50262,1335,王勇,2017-05-02 05:04:14,39,45,6,这是我们信电学院的老师，别的学院别乱入啊
52966,1335,王勇,2017-06-24 07:56:59,4,10,6,好像有三个王勇?，反正我给上普化的王勇老师10分\n\n
59641,1335,王勇,2017-09-25 06:19:52,0,1,1,挺好的一个老师，除了发音问题没发现什么太大的问题
68837,1335,王勇,2018-01-24 03:02:04,0,2,2,我讲的是普化的王勇。老师人很好，一定要坐在前面听。虽然没有ppt，但是板书写的很好。上课讲的比较很细。满绩的我来给老师打call了
73809,1335,王勇,2018-02-03 06:29:57,0,1,1,普化的老师。我觉得老师很可爱啊，第一节课用粉色的带子夹话筒上课还记忆犹新hhh而且！写板书，不用ppt，抄笔记狂魔表示非常开心！！！！但是可能是因为我太跳了，有一次被点起来回答问题三次=。=这学期总共被点起来有六七次了hhh  最后成绩也是OK的
77892,1335,王勇,2018-05-08 11:03:11,3,3,0,嵌入式认真做给分还行，不过点名一次没到就扣2分，心痛，，
78322,1335,王勇,2018-05-11 01:45:16,0,0,0,嵌入式大作业做了就能分数不错
84537,1335,王勇,2018-07-13 05:59:39,3,4,1,网络基础给分不好
84864,1335,王勇,2018-07-14 06:08:40,2,2,0,老师人不错的 上课比较放松(shui) 嵌入式和网络基础都有点名要记得去 给分还行吧
85536,1335,王勇,2018-07-19 03:44:05,-1,0,1,网络基础 um 说好开放题考的全是IP 唉 反正我是凉了 平时的确很水 考试很迷 最好自学一下IP计算再上场\n\n
107495,1335,王勇,2019-05-06 02:06:44,1,1,0,老师人好！有问题去问题，会耐心解答！给分超级好！\n\n就是每周两次早课伤不起(会点名，课上可以干自己的事！)
112280,1335,王勇,2019-07-04 00:39:34,0,1,1,我觉得老师人还挺好的，就是让人觉得当他的学生很舒服的感觉，很幽默风趣。网络基础事少给分不错，中文班开卷考试，最后老师也不是很难，赞?
112411,1335,王勇,2019-07-04 04:55:00,-1,0,1,有比他更好的老师吗？\n\n没有了。
112507,1335,王勇,2019-07-04 15:46:41,-2,0,2,人很文雅 事情少 给分好！
113781,1335,王勇,2019-07-07 12:10:59,2,3,1,网络基础 一学期就一个大作业一个考试 没有小测作业 嵌入式 四个大作业 跟上课内容基本无关 就没什么人听 老师讲课的内容还是可以的就是比较无聊，最后给分也还可以 总之比较水吧
127386,1335,王勇,2020-11-22 07:21:43,5,16,11,东亚艺术与文化 垃圾
148547,1335,王勇,2022-01-13 00:51:09,2,4,2,另一个王勇，这学期开了门课叫东亚历史与文化，垃圾，事情多，给分巨差
169877,1335,王勇,2023-02-28 07:48:47,0,0,0,普华老师们讲课好像都差不多，老师挺负责的，今年的助教很用心。给八分吧，考试分数靠自己。
177677,1335,王勇,2023-07-04 07:47:39,7,7,0,网络基础给分真不行
189229,1335,王勇,2024-01-22 12:24:31,0,1,1,这里评价的是东亚历史与文化的王勇。\n\n成绩出来还满不敢相信的，工科专业的我满绩了，这跟我之前在cls和98上看到的wy风评不能说一模一样，只能说毫不相干了。\n\n分享下自己的经历，个人认为这还是算一门水课。\n\n点名方式是课堂随机叫人回答问题，一节课也就3~4个人差不多，如果点到人结果人不在，那就有问题，会被扣分，但没点到啥事没有。\n\n回答每人至少1次（好像），我回答了差不多4次（总共32节课，你稍微举几次手就达到了）。\n\n其他时间课上基本没听。\n\n然后一共有3次作业，都是小组作业，时间其实还是满松的，一组7个人然后完成类似3次pre，只要组里有一个扛把子的上去讲，其他人负责讲稿之类的，基本可以挑这个课的其它时间完成ppt和资料搜集，课外基本上没什么负担。\n\n然后期末开卷考，直接把所有ppt截出来（因为ppt是不下发的），最多两三道蒙一下，就行了。\n\n课虽然不怎么有意思（但如果你喜欢历史和文化的另说），但混个分还是容易的，没有之前查到的那么难。
221054,1335,王勇,2025-06-21 04:55:04,1,1,0,网络基础给分差
221057,1335,王勇,2025-06-21 05:04:48,1,1,0,课确实水，复习确实轻松，但给分也是真的不行
221072,1335,王勇,2025-06-21 06:17:50,2,2,0,网络基础是人能给出来的分，点名全都到了，认真学了，期末考试全都找到了，不说满分也差不多，最后总评只有88？合着你大作业只给60分是吧，你指望本科生大作业能做出来什么东西，逆天东西，避雷
1077,1347,张昱,2015-03-21 16:05:42,56,69,13,耐心，超好
2687,1347,张昱,2015-05-05 10:16:56,11,14,3,认真详细，只点一次名
4576,1347,张昱,2015-06-24 15:20:32,3,7,4,老师很认真，认真听能学到东西
4925,1347,张昱,2015-07-01 05:22:49,1,2,1,好
7020,1347,张昱,2015-08-28 16:01:15,3,6,3,讲解很仔细
7418,1347,张昱,2015-09-14 09:51:27,1,2,1,挺好的
7597,1347,张昱,2015-09-15 06:21:04,1,2,1,讲课特别好
10204,1347,张昱,2015-11-17 11:10:16,10,13,3,学到很多东西，老师很负责任！！
10839,1347,张昱,2015-11-23 06:56:59,-6,3,9,课不错，但是最后成绩一般是被正态的
10998,1347,张昱,2015-11-23 16:04:20,27,32,5,解释问题超耐心，发电邮问题就一行，回电邮会了两页（感动哭）。上课提一次问。期末上机考试+实验总结。真的不会水过去的非常充实的课。
11233,1347,张昱,2017-06-06 15:55:50,51,66,15,真棒！\n\n也谢谢老师的5.0绩点
11340,1347,张昱,2015-11-27 16:28:07,3,3,0,备课认真 很有耐心
11487,1347,张昱,2015-12-02 11:48:12,-17,2,19,讲课太平淡，没激情，听着很想睡觉
11793,1347,张昱,2015-12-15 13:17:00,0,0,0,认真负责
13560,1347,张昱,2015-12-29 07:40:19,8,9,1,老师很耐心，讲解很细，做实验时有问题会给你深入讲解。只怪本人疏于复习（一般通识实验课谁复习啊^ω^），最后没记住多少东西。
14747,1347,张昱,2016-01-08 15:02:41,2,3,1,非常负责的老师！赞一个！
15428,1347,张昱,2016-01-14 11:00:32,17,21,4,文科同学请务必慎选，真的，简直就是升级版的计基。
16561,1347,张昱,2016-01-18 11:16:29,1,1,0,老师炒鸡负责实验的时候也会指导啊什么的(ฅ'ω'ฅ)建议过了大一选比较加技能当然没学也能选（比如我）看大计基总感觉似曾相识重点是抱好同组大神大腿hhh满绩辣
17773,1347,张昱,2016-01-21 00:59:01,0,0,0,太棒了，绩点就靠他往上拉\n\n
18091,1347,张昱,2016-01-21 07:38:05,0,0,0,老师上课很耐心
18276,1347,张昱,2016-01-21 11:17:06,1,1,0,老师很有耐心，会很详细地回答你的问题。虽然最后在线考试成绩被正态了，但是实验课学到很多东西，绝对不水！
18549,1347,张昱,2016-01-22 03:49:30,13,15,2,老师相当热心！！给分也相当高！感谢老师给的满分！
23276,1347,张昱,2016-03-23 12:13:24,0,0,0,知识渊博 能学到很多东西 即便是课后提出很少有人碰到过的问题也会一起探讨一晚上 好老师！
23558,1347,张昱,2016-04-06 06:53:15,0,0,0,666
23898,1347,张昱,2016-04-20 11:58:59,0,0,0,详细，耐心，好老师
24134,1347,张昱,2016-09-17 12:01:26,1,2,1,解答问题很耐心，课很充实能学到东西，给分好到没话说
24183,1347,张昱,2016-04-28 06:43:44,0,0,0,   
24256,1347,张昱,2016-04-29 03:02:39,-1,3,4,谢谢老师的满绩
24305,1347,张昱,2018-11-20 05:06:53,-93,5,98,特别耐心，老师人超好！可以学到很多干货，而且如过还想继续学习还可以跟老师申请.平时努力一点我一小白期末满绩哈哈哈哈，我就是来秀的，你打我呀，打我呀！我让我们组组员在期末总结中都写，建议加大后届的实验难度哈哈哈
27315,1347,张昱,2016-06-24 15:16:31,1,1,0,老师人太好啊
29690,1347,张昱,2016-06-30 07:49:28,10,11,1,张昱老师好可爱！?很有耐心，没有脾气，解答问题很清楚，给分也好赞！
31734,1347,张昱,2016-07-04 15:58:03,2,2,0,非常非常非常非常非常非常非常负责的老师！
32223,1347,张昱,2016-07-06 03:35:37,0,0,0,老师上课很认真，非常耐心
32978,1347,张昱,2016-09-08 02:37:50,3,3,0,就在这个暑假，成功用老师教的方法解决了家里的网络问题，太有用了！
35204,1347,张昱,2016-11-05 03:10:56,1,1,0,真的超级耐心超级好的老师，给他发邮件问问题多晚都会及时回复，而且回复非常详细，不可错过的好老师。
35387,1347,张昱,2016-11-20 03:01:38,1,2,1,老师脾气真的很好呢，期末给分也很高，有问题回复的很详细，特别棒
35651,1347,张昱,2016-11-11 08:33:38,26,28,2,老师很有耐心很愿意跟人讲解知识，非常通情达理(上一次有事临时走了老师说我已经做完了大部分就不算早退了T^T感动)上课就是做实验，但是到了后边就不知道自己到底在做什么了…好在课本都是手把手教学，跟着流程也能做下来。上机考试嘛…限时间不限地点，团结就是力量，大家懂得~\n\n但是讲真，没有计算机基础的话可能真的学不到什么东西…
35716,1347,张昱,2016-11-10 07:52:03,0,0,0,非常负责
36188,1347,张昱,2016-11-11 02:39:08,3,4,1,老师人超级好，超级耐心～\n\n会留下来陪你一起做实验讲道理和理论～\n\n简直男神啊啊啊啊啊啊\n\n可惜我上课并没怎么听懂T^T
36189,1347,张昱,2016-11-11 02:41:40,2,2,0,老师主要是做实验的时候来，很耐心，而且会问我们问题让我们深度思考，干货满满啊
36197,1347,张昱,2016-11-11 04:05:59,0,0,0,很有收获，老师人很好，很有耐心讲解知识，讲的也很棒
36224,1347,张昱,2016-11-11 06:45:27,0,0,0,老师很有耐心
36812,1347,张昱,2017-02-28 11:02:18,2,3,1,超级耐心，回复邮件认真。最后碍于学校要求把我正态了，还给我发邮件做解释说明，给了我89。超级棒的老师
37611,1347,张昱,2016-11-19 17:00:45,0,0,0,老师真的很棒，非常感谢老师几个月的教导。虽然我几点非常低，但是不怪老师，我自己的锅，希望还能上老师的课
37902,1347,张昱,2016-11-22 01:59:50,1,1,0,老师很耐心\n\n无线网络应用干货很多，认真学能学到很多\n\n想水水也可以，期末在线考试和大作业（任选一）都不难，哪怕是水稍微努力一下也能得高分
38768,1347,张昱,2016-12-18 15:36:23,1,1,0,医试金阳强推
40555,1347,张昱,2017-01-04 04:40:27,0,0,0,很耐心的老师，检查实验的时候还会多教你有趣的东西。无线网络应用这门课好好学就相当于计算机网络基础课了，收获很大。
44583,1347,张昱,2017-01-18 03:38:35,0,0,0,老师很温柔很耐心 你不懂他会慢慢跟你讲教你一步步做 上次遇到问题老师帮忙解决了好久 真的超好！
44824,1347,张昱,2017-01-18 09:59:42,3,3,0,好老师，很耐心，无线网络应用也满了
44882,1347,张昱,2017-01-18 12:32:28,4,5,1,给分超好！无线网络应用我们一个组都满了
45185,1347,张昱,2017-01-19 06:09:25,4,5,1,人好，课好，分好
46123,1347,张昱,2017-01-20 15:40:17,2,3,1,老师超级温柔超级耐心\n\n发邮件问问题 结果是老师上课讲过的问题 还是很耐心地回答了好多\n\n做实验时的思考题也解释的超清楚\n\n给分也超级棒呀
49965,1347,张昱,2017-11-19 10:52:21,7,10,3,分很高 想不到我这种大水b分都这么高 老师声音非常磁性 讲的也很好 做实验的时候（尤其补充实验不会做的时候）找老师都会和你耐心讲解（顺便说下 还有一个一起检查实验作业的老师态度真的好差 一言不合就开骂...） 感觉好像没人会选大作业的样子...都选了实验报告 毕竟通识课嘛 大家也都没想太深入 基本上学完无线网的一些基本操作和术语都是会的 讲道理这才是通识课的样子   找个大腿真的很重要 可以帮你一起做实验 一起考试的那种 （我的大腿半路跑了...搞得我一个人做在线考试 其实有点亏 很多都是一个大组一起考试的...人多力量大？？？）作业其实真的不多（比较水的话）只不过毕竟实验课 课时是多了点 讲道理还是有所值的课
49970,1347,张昱,2017-04-28 01:54:06,3,4,1,超棒，超耐心，检查实验结果的时候如果空的话会给你拓展很多知识（不过要求会比较高，工科男你懂的），上他的无线网络应用（主要是他上的，虽然挂名金心宇），收获很大，给分也很好，事情略多，但学的都很实用
50225,1347,张昱,2017-05-01 13:47:58,1,1,0,老师有原则很有耐心。炒鸡喜欢
50402,1347,张昱,2017-05-02 15:49:56,0,0,0,老师真男神！非常耐心而且认真负责，实验做完会很认真地考你理解了没有，就算不理解，也没事，会细心地给你讲解，必须满分的老师
50431,1347,张昱,2017-05-03 01:26:53,2,2,0,给分好，脾气好
50692,1347,张昱,2017-05-04 10:19:15,0,2,2,认识的人都满了
51790,1347,张昱,2017-06-10 09:42:57,0,1,1,老师超级耐心，新设备体验的时候就算整个教室只有3个人也耐心跟你探讨
55625,1347,张昱,2017-07-02 05:15:50,-2,2,4,事情不是特别多\n\n水一水就能拿个满绩\n\n贼开心！
62558,1347,张昱,2017-11-26 02:43:33,5,8,3,老师人很好，很认真。因为课程内容实在太多，所以讲的时间会比较长，认真听会学到很多。由于本人实在太爱睡觉(¦3[▓▓，课余得重新看一遍电子教材再做在线考试。结果一直独立完成的考试成绩就很弱鸡눈_눈。全靠平时实验，补充实验，两个大作业全干来恶竞。超级感谢老师给了我大学的第一个满绩。比心。
64366,1347,张昱,2017-12-23 03:12:48,-3,3,6,浪费生命
64734,1347,张昱,2017-12-27 04:02:56,2,3,1,上课很轻松..和郊游一样..给分超好
66351,1347,张昱,2018-01-15 08:31:49,2,2,0,非常非常好的人。虽然检查实验时会问你问题，但是是真的想让你知道那些知识。
68346,1347,张昱,2018-01-23 04:32:41,2,2,0,带我翱翔，带我的绩点翱翔
68404,1347,张昱,2018-01-23 06:47:43,1,1,0,对这门课很感兴趣，也学到了好多，认真听课，课后认真学，5.0到手，感谢老师
68615,1347,张昱,2018-01-23 13:03:02,6,7,1,谢谢老师的满绩。\n\n
68682,1347,张昱,2018-01-23 15:17:03,2,3,1,给分挺不错的
68898,1347,张昱,2018-01-24 05:32:01,1,2,1,老师真的十分满了！炒鸡有耐心而且有问必答，短信邮件也是非常认真回复，暖男的秒回短信简直不要太感动 ！课也能学到很多东西，谢谢老师！
75048,1347,张昱,2018-03-07 06:38:07,1,2,1,舒服，实验也适中。\n\n上完无线网络应用之后，自己搭建一个家用、小企业无线网络完全够用
77214,1347,张昱,2018-05-04 00:45:58,1,2,1,很负责的好老师，能学到不少东西。
77609,1347,张昱,2018-05-07 02:02:45,1,2,1,感谢老师
77654,1347,张昱,2018-05-07 06:06:38,2,3,1,谢谢老师的满绩！
77725,1347,张昱,2018-05-07 11:56:16,1,2,1,耐心负责，回答同学问题异常认真(有次半夜还给我发邮件详细解释了我问的问题，超感动的)。而且平时有不懂问他他都会努力给你讲明白的。至于课程对于文科生可能较难，但绝对是有干货的，可以学到不少无线网知识，而且还有实验提高动手能力，算是理想中通识课的样子了。\n\n总之只要态度好点成绩不可能差的。\n\n
77746,1347,张昱,2018-05-07 13:29:27,1,2,1,特别有耐心，干货非常多\n\n
77798,1347,张昱,2018-05-08 01:30:58,2,3,1,老师真的超级耐心的，讲课认真听的话基本上都没问题。回答学生的问题也超级超级耐心。上课好好听能学到不少干货，实验也都很实用，平时都会用到的一些技能。如果是改革班的话，思科作业好好做，最后的实验报告认真对待，只要不想水，都能拿很好的分数。本人5.0，老师竟然给了97啊，真的实打实的加分啊！！！强烈推荐无线网络这门课！！
78258,1347,张昱,2018-05-10 08:18:21,0,0,0,老师超赞超温柔！感谢老师的满绩！
80696,1347,张昱,2018-06-29 10:17:06,-1,3,4,客观的说，不至于这么高分吧，小组同学态度参差不齐，课讲的重点也不是很突出，全班一大半水手机。不过老师人还不错的，8分吧。
82553,1347,张昱,2018-07-08 13:22:14,1,3,2,老师真的非常非常好 讲过的东西你再问 依然会很仔细耐心地给你讲一次 做实验即使很迟了 也会陪你留到最后 给分也非常非常好 这门课认真学可以学到很多东西的 老师真的男神！
86840,1347,张昱,2018-09-19 04:27:56,3,4,1,真的太敬业了，点赞点赞，虽然感觉课很麻烦，但是有这样的老师，还担心什么呢
87853,1347,张昱,2018-10-16 02:03:12,0,1,1,老师超负责！课后为了把一个知识点讲清楚，专门给我发了邮件，非常感动。课是不水的，能学到东西！
89058,1347,张昱,2018-11-15 02:11:17,0,2,2,让人无奈的无线网络应用课程，巨难，水学分也是真没意思
89465,1347,张昱,2018-11-19 08:24:57,1,2,1,大学第一门满绩，太开心了。说实话，这门课是可以水，但是其实信息量很大，而且蛮实用，认真听绝对有收获
89607,1347,张昱,2018-11-20 02:39:10,8,10,2,还记得给张老师发邮件表示想补选，张昱老师非常详细地回复给我一封很长的邮件，最后接受了我的申请。选择这门课就是因为张昱老师，真的非常非常好，实验指导非常细心、耐心。他是一位当之无愧的优秀学者。
89632,1347,张昱,2018-11-20 05:18:44,1,2,1,帮助同学
89888,1347,张昱,2018-11-21 06:59:55,1,2,1,很好啊
90015,1347,张昱,2018-11-21 15:17:04,2,4,2,老师上课讲的很快，对网络小白很不友好。然后我补充选做实验做了2/3，作业认真做，实验报告认真写，最后绩点拼不过那些平时作业和考试全满分的同学。平心而论，老师还好，但这门课恶竞相当严重。而且对于网络小白来说很难受却学不到太多东西（可能是逼人接受知识能力差吧）。
90057,1347,张昱,2018-11-22 03:50:41,3,4,1,认真做还是很好的
90089,1347,张昱,2018-11-22 05:59:53,1,3,2,不选就是亏了系列课程。
90189,1347,张昱,2018-11-22 11:28:35,0,2,2,太难了
90276,1347,张昱,2018-11-23 02:44:58,-15,1,16,啥也不说\n\n我5.0
91099,1347,张昱,2018-11-30 02:03:19,2,2,0,老师人好，回答问题详细耐心。\n\n在一次课外开放的实验时间，到饭点了，老师还在答疑，接到电话，大概是打来叫他吃饭的吧。老师直接挂了，继续讲解。\n\n给分负责，也很高(我们这次30%90分以上)，\n\n认真必有高绩点。\n\n课程硬核，偏实验。\n\n对文科生来说可能偏难。\n\n对理工科学生可能会觉得理论不够透彻，\n\n但想想这只是一个偏向全校学生的短学期通识课，真的很不错了。
91387,1347,张昱,2018-12-07 12:10:25,1,2,1,如果不水的话，可以学到很多东西＝＝其实水过去给分也不低
91663,1347,张昱,2019-02-28 08:20:20,81,113,32,"这门课称得上""最不水的通识课""这个称号。能真正让你学到知识和技能，只要你认真学，认真做，老师不会在绩点上为难你。至于评论区有人声称自己是小白拿满绩，我只想说，如果还有人抱着这样的心态选这门课，那请你他妈滚蛋。我承认平时考试通过一些方式容易拿满分，但请你不要当了婊子又立牌坊，做人能不能低调？老师那么负责，不吃晚饭也要答疑，期末考试那天晚上九点多系统出问题，老师亲自打电话跟我沟通、解决问题。那些水一水还能拿满绩的人，我就想问你，你对得起老师么？你对得起其他认真的同学么？那么多人想选，你选上了却不珍惜这么好的教育资源？真恶心。"
96646,1347,张昱,2019-01-21 08:29:44,1,1,0,老师真的很好很耐心，就是上课内容超多，挺花时间的一门通识。。。
96652,1347,张昱,2019-01-21 08:38:07,1,1,0,能学到网络的很多知识，强烈建议有一定计算机基础的选
96669,1347,张昱,2019-01-21 08:54:50,1,1,0,遇见过的最好的老师，讲课超级耐心认真，性格也十分平易近人，回复邮件，答疑，指导实验，课程讲解，沟通交流，每一点都是近乎完美的存在。\n\n课程虽然事情确实比其他通识课多，但是这是一门你认真学了以后能真正学到知识学到技能的通识，选了的人绝对不会因为事情多而感到后悔。给分也超级好。\n\n这样的好老师必须满分！！
96670,1347,张昱,2019-01-21 08:55:02,1,1,0,这个老师超好der很耐心这节课干货超多啊哈哈哈哈表白（虽然我没认真学，只能膜拜大佬
96697,1347,张昱,2019-01-21 09:21:14,1,1,0,要被老师感动哭了??作为一个无线网小白，实验的时候老师总是会来帮忙实在是太感人了??，谢谢老师给了这么好的分数…
96811,1347,张昱,2019-01-21 10:07:32,1,1,0,给分超级棒！！！！\n\n上课很负责，讲东西超级耐心，小实验还是一定要做，不然分就难看了哦
96814,1347,张昱,2019-01-21 10:08:54,0,0,0,很认真。
96861,1347,张昱,2019-01-21 10:58:39,1,1,0,尽管无线网络应用挺难的，但是，认真写实验报告，也是可以高分的！！！老师认真负责，水平高，脾气好！！
97151,1347,张昱,2019-01-21 19:20:40,0,0,0,很耐心超好
100222,1347,张昱,2019-01-25 23:40:34,4,4,0,上课还是很难的，再加上我上了一天的课后困得不行，所以前面好多课都是水过去的，现在感觉好后悔。不过最后心血来潮选了个大作业，但是我什么都不懂唉。于是我开始不停地给老师发邮件求助，每次老师都是很快就回了，而且讲的很仔细。真的是感动。还有旁边帮助他的那名老师也很好，每次做实验基本都少不了他的帮助，莫名感觉他长的萌萌哒。
101863,1347,张昱,2019-01-29 10:11:37,4,4,0,难得的不用恶竞拿高分的课
102422,1347,张昱,2019-02-01 15:51:05,2,2,0,给分超级好，但是通识课的难度比较大，说真的，最后我的成绩，虽然比较不错，但是其实上课内容掌握的并不是特别好
104534,1347,张昱,2019-03-23 02:38:10,2,2,0,不多说，吹爆，老师人很好，给分也贼好，不过竞争有点激烈，要掌握科学的考试方法：）
104641,1347,张昱,2019-03-26 00:13:39,3,3,0,老师真的超级棒，有一次我做实验从下午两点到晚上十点老师就一直陪着我们，很有耐心
105837,1347,张昱,2019-04-21 15:50:22,3,3,0,邮件秒回，人非常耐心。循循善诱，寓教于乐。
106514,1347,张昱,2019-04-28 03:30:59,-1,2,3,我是个很简单的人，我满了，就10分
106612,1347,张昱,2019-04-28 10:16:51,2,2,0,好老师，很耐心，完美。
106682,1347,张昱,2019-04-29 02:40:58,1,1,0,完全ojbk
106704,1347,张昱,2019-04-29 04:00:05,-1,4,5,已经变成套路课，说实话坑的就是萌新，关键老师还不想办法制止，有门路的群魔乱舞，没法子的只能认栽。
106773,1347,张昱,2019-04-29 11:30:50,0,1,1,听不懂
106816,1347,张昱,2019-04-30 01:32:16,4,10,6,理论部分挺无聊的，教材也不怎么样，只讲知识而未提其后的逻辑，没把知识讲透，讲通\n\n实验也挺无聊，太简单了，跟着教程走基本不会有问题(当然碰到bug之类就不一样了...)\n\n但老师人很好，做完实验问他问题会跟你解答，讲得比理论好多了，听着很舒服，真的老师人很好(但课还是好无聊)\n\n考试不谈
107213,1347,张昱,2019-05-02 09:16:28,2,2,0,感谢老师的满绩！
107371,1347,张昱,2019-05-04 11:10:24,0,1,1,非常让人感动，很体贴，很热情
110070,1347,张昱,2019-06-22 06:54:25,3,3,0,难顶，网络考试试题也太狠了
111289,1347,张昱,2019-07-01 00:44:53,4,4,0,张昱老师还有史笑兴老师真的超级好了。暴风哭泣式感谢。我因为脑子不好使忘记了在线期末期末考试，，错过了考试时间以为完蛋了。然后深夜给老师发邮件，请老师再开一下考试，结果老师秒回！真的太好了。这门口好好学好好听还是能学到东西的。大家冲冲冲！
111658,1347,张昱,2019-07-02 11:56:50,3,4,1,这是什么神仙课啊，给满分满绩还送扩展器，不过认真上课的同学似乎并不多（不然本网络小白也拿不到奖品）。希望接下来的同学好好珍惜这门课，这门课可以上的很充实。
115401,1347,张昱,2019-07-21 05:00:27,0,0,0,无线网络应用真的是很实用的通识课，老师很有水平也很和善，只要认真上课，完全可以拿高分（这是我第一门上了4的通识）
117282,1347,张昱,2019-09-22 07:53:27,0,0,0,老师也太好了吧
118665,1347,张昱,2019-10-30 07:14:02,1,1,0,这个老师真的太好太耐心了，发邮件发了一个问题，回的邮件超级仔细，把我可能产生的疑问解释的特别清楚，看完什么问题都没有了
118687,1347,张昱,2019-11-15 02:18:54,0,0,0,出分后来回评。老师人真的很好，给分也很好。虽然课程很难听不懂，但是给分真的很不错！！！
118923,1347,张昱,2019-11-08 00:46:28,7,7,0,张昱老师非常的耐心细致负责，只要是软件可能出现的问题张昱老师都会放在FTP上供大家参考，平时解答问题更是考虑到了每位同学的具体情况。期末考需要上课认真听讲与一定的知识储备，平时作业有点繁琐（但张昱老师会反复提醒各个ddl，任务布置得十分清楚），实验室里做实验时如果是没有好好听讲的同学经常会留下来做很晚（当然陪你一起留下来的可能还有做补选实验的大佬）。推荐想学无线网络通信基础及其应用知识以及有玩过路由器等等的发烧友选这门课；文科生也可以凭兴趣选，我有一位纯文科的同学靠自学把需要一定创造性的大作业做得十分完美。只要你肯下功夫，给分会很好。（最后提醒，这门课一点都不水，大家准备好接受无线网的洗礼了吗！）
119474,1347,张昱,2019-11-13 03:31:59,0,0,0,老师很好 给分也会 课很实用
119483,1347,张昱,2019-11-13 04:22:28,0,0,0,课是不太听得懂，不过老师是很好的，最后靠缠着老师问问题把大作业搞出来了。拿了满绩。老师给分是很好的
119742,1347,张昱,2019-11-15 05:53:37,6,6,0,张昱老师给我的诸多印象中，最突出的是反复强调的浙大学生所应具备的自学能力，还有就是，张昱老师无偿提供了许多软件的下载与使用方法。其他的诸如备课认真等等就不在此赘述，想要学好这门课的确需要兴趣，需要花时间，零基础的同学想学这门课的话建议在大一修读。可以说张昱老师是我见过对学生最认真负责，给分最好的老师(无线网络应用也称得上是最硬的博雅技艺课了)
121101,1347,张昱,2020-01-19 14:53:36,1,4,3,[无线网络应用] 讲课情况: 9/10；给分情况：10/10；\n\n1. 这门课真的是挺硬核的，应该说占用了秋学期最多的时间吧。。。但真的学到了许多。\n\n2. 老师讲课还是不错的，学到了挺多的计网知识，也是为大三专业课打基础吧。。。\n\n3. 老师人非常nice，非常耐心，有问必答。\n\n4. 这门课鹅颈还是比较严重的，老师会布置很多bonus，全部做完加上大作业还是比较花时间的。。。\n\n5. 非常幸运选到了这门课作为大学的第一门通识课，也非常感谢老师给了我大学第一个满分！
122370,1347,张昱,2020-02-25 16:10:46,1,1,0,呜呜呜呜老师真的非常非常好，排楼上所有！但我真的劝文科生慎选啊啊啊，理论根本听不懂！！！！！
123013,1347,张昱,2020-04-30 10:59:09,10,12,2,老师是很好的老师，并且还在课上遇见了现在的npy🐶
123476,1347,张昱,2020-06-09 05:40:42,1,1,0,感谢老师的5.0绩点，评价迟了，对不起
123710,1347,张昱,2020-06-12 06:43:23,2,3,1,稍有基础 认真把能做的实验都做完了 4.8+等你~~
123946,1347,张昱,2020-06-17 11:39:52,0,1,1,本人工科生，一开始无线网零基础，这门课很硬核，但老师教的很好，课前最好预习一下，可以培养自学能力，文科生也可以修这门，只要肯花时间。另外，强调一下，给分好，给分好，给分好!给老师打10分是因为满分只有10分。
123987,1347,张昱,2020-06-19 01:09:52,2,2,0,老师有三点好：1.授课有条理：上课最开始陈述教学大纲及日历，每节课前明确这节课的授课内容；2.细致耐心：对于各种问题回复很快，而且都会进行很细致的解答，会引用教材内容，也善用举例论证说明问题；3.谦虚慎行：对于自己不清楚的问题，不会立即给答复，而是说明自己也需要查一查，在查完之后给予确切答复。\n\n\n\n无线网络应用课程有三点好：1.内容丰富：基本能帮助我们了解网络的基础知识，帮助我们学习配置路由器和交换机的基本技能；2.评分制度合理：按学习总量进行给分，多劳多得，多学多获；3.用处很大：帮助我们了解CCNA一类的认证，为学生提供了更多的方向。\n\ntips：上课之前对教材的预习还是必要的
124411,1347,张昱,2020-06-30 11:33:37,1,2,1,上课内容非常有用！最不水的通识课！\n\n把章节测试考试都做完，能加分的项目都做了，作业和报告认真写，稳4.8+
124416,1347,张昱,2020-06-30 14:19:57,0,1,1,最后得分100分，但是毕竟不是靠实力得来的。希望以后少一点我这种恶竞水绩点的同学，我对不起这门课（虽然也学到了简单的PT编程）。
124446,1347,张昱,2020-07-01 10:20:02,1,1,0,老师人很好，课也是在通识课里算硬核的。下面是一些不满：这次的课程变成网上教学，原本的线下实验拖到后面只能改成附加的仿真实验（而且还不给补做），所以那些没做的或者做了另外一个附加题的分数就会很吃亏，希望这点能够改进一下。
124904,1347,张昱,2020-07-17 01:00:06,1,1,0,无线网络应用，课程硬核，老师负责！
127322,1347,张昱,2020-11-20 04:58:56,3,4,1,无线网络课很硬核，认真听能学到很多东西。\n\n期末的时候事情不少，看着很恐怖，但是老师给分特别好，是卡着学校正态的上限给的，在允许范围内尽可能给你高分。\n\n张老师本人讲课十分详细，问问题或者实验做不出来会耐心给你解答，是真的想把知识传授给你的老师。\n\n不要犹豫选就对了
127682,1347,张昱,2020-11-25 18:16:29,0,0,0,老师很好
134895,1347,张昱,2021-04-21 09:04:57,0,0,0,excelent
135082,1347,张昱,2021-04-29 11:21:54,7,7,0,给老师10分，但给这门课0分，给这门课0分，给这门课0分，给这门课0分！
136887,1347,张昱,2021-06-27 14:20:20,2,3,1,虽然说无线网络应用这门课事情不少，而且我们这样对网络工程以前基本没有概念的同学要想真的学到东西还是不太容易接受的，但还是必须为老师的认真负责点赞。\n\n老师人很nice，实力超强，做实验遇到什么问题他基本都能很迅速地找到，并且跟你讲解。而且我们做到几点他就会留到几点的。\n\nsrds，还是建议同学们在课少的学期选，尽量春、秋学期，一周5节连课，期末的实验总结与在线考试也还是要花掉不少时间的。如果选了还是建议大家尽量的去吸收一下知识，不懂原理的话没关系，但是生活中常用的一些技能，比如网线的制作、路由器的web配置页面、无线AP的Bridge桥接等都可以掌握一下，我觉得这也是博雅技艺的意义所在吧。有工夫的话还可以去学PT哦！会那个软件还是蛮帅的！
138183,1347,张昱,2021-07-07 21:43:18,3,3,0,我来到浙大遇到的除了白洪欢老师，最认真负责的一位老师。
143099,1347,张昱,2021-11-19 03:10:23,0,0,0,评分规则神奇
143100,1347,张昱,2021-11-19 03:13:20,2,2,0,无线网络无敌好课！！张昱老师超级友善耐心，甚至有一次单独陪我做实验到十一点多。平时上课可水可不水，考试线上不太难。期末考没有前20%以为自己没了，实验报告写得比较认真，结果给分好到惊人！！感谢老师！！（学完这门课一窍不通的我甚至回去配置了一下家里的无线路由器）
143105,1347,张昱,2021-11-19 03:47:31,0,0,0,想水的童鞋不要来了。。。老师真的极其负责又有耐心，学到的知识也是真的有用的
143109,1347,张昱,2021-11-19 04:53:00,0,1,1,给分很高，老师很负责！只要自己认真学习实验知识和理论知识，认真完成作业，不会取得太低绩点的！！
143110,1347,张昱,2021-11-19 05:01:01,0,0,0,老师回答很耐心，是超好的老师。但无线网络真的时间长又硬核
143329,1347,张昱,2021-11-23 11:23:52,3,5,2,老师人很好，很有耐心。但是无线网这个课！！！不得不说一些和前面评价不同的话了。我四个补选实验全做了，实验报告认真写了，因为学不懂还在网上查资料找视频，期末考试正确率是86%（自认为还不错)，很努力的在学，投入了很多时间和精力。对评分细则也有好好研究，以为我分不低的，结果最后3.9。虽然这个绩点也还行（但低于我均绩），但是跟投入相比是极其不匹配的！
143343,1347,张昱,2021-11-23 16:55:03,5,5,0,一名真正对通识课教学上心，对学生认真负责的老师我们是能感受到的，张昱老师在对待学生的态度方面真的是所有老师的典范
144327,1347,张昱,2021-12-21 05:59:49,16,16,0,无线网络应用。绩点4.8。写一下这门课具体内容\n\n一周五节课，大概前三半节理论课后一节半实验。\n\n理论课是按思科网课上的内容来的，内容出奇的多，但听多少随你，当然听了很有帮助。和理论有关的测试也都是思科网院上的，平时小测和期末都能在网上找到题库。\n\n实验跟理论课会有关系，但不听也能做，会给非常详细的实验过程。如果做出来结果不对可以喊老师帮你找问题。实验做完就能走。最后要求交一篇实验报告或者方案设计，实验报告没有难度，方案设计会麻烦一点。\n\n关于评分标准，除了每个人都需要做的平时小测、期末测试、实验报告（或者方案设计）外，还有很多不作硬性要求内容，做了加分。比如选做实验（老师会空出最后一次课给时间做），选做测试（同样可以在网上找找）。平时分是按思科网课和学在浙大上的学习时长算的，数据可以刷但具体操作我也没搞明白。\n\n每节课签到，方式是开始的时候会把你的实验报告单放在教室后面，拿走就算签到了。如果不想听理论可以让同组的帮你拿。教室很大，老师不会看。（顺带一提，蚊子特多）\n\n我是期末和小测基本全满，选作实验只做了一个，选做测试写了两三个，实验报告正常写，4.8。\n\n能拿多少分看花了多少时间。可水可不水的课。事比较多，但所有任务必须动脑子的只有实验报告。\n\n我觉得挺好的课。懒或者时间不够就网上查查题目，事情很快能解决。想学东西也有很多东西能学。\n\n要绩点的话选作的东西多做就行，做得少给分也不错。挺多人没做选做内容，但其实做也花不了多少时间。课上完基本就能猜到自己绩点。\n\n学学路由器操作以后也用得着，挺好。
144530,1347,张昱,2021-12-22 05:51:50,0,0,0,老师水平超高，不会的问老师会耐心解答，感谢老师的5.0
146127,1347,张昱,2022-01-05 14:13:07,2,2,0,大一上，真的感谢老师，大学第一门满绩课程，感谢老师，老师上课很认真，做实验的时候也非常耐心地指导，谢谢老师
146129,1347,张昱,2022-01-05 14:16:44,0,1,1,老师很好  很耐心
146153,1347,张昱,2022-01-05 14:54:59,2,2,0,张昱老师真的是一个非常非常负责任的老师，课程由线上线下以及理论实验结合的方式进行，可以看出来老师对于课程的设置经过了非常细致的打磨，PPT很用心很仔细地把每个细节都讲得清清楚楚。另外作为一名通识课，老师给分真的非常客观公平，同时也会尽可能地把大家的成绩往好的地方拉。成绩的每一个组成部分都是透明的，完全依赖于自己平时所花的时间多少。我自己也是在这门课上拿到了大学进校以来第一个满绩，平常也没有特别卷啊，就是按照老师的要求把该做的都做了，补充的项目挑了几个自己能够完成的做了，最后结果就非常满意啊233333。最后的话，这门课其实还是很硬核的，认真学下来会对大计基之类的课程也会有很大的帮助，比较适合对计算机感兴趣或者有一定计算机基础的同学们。大家可以多多尝试呀！
146169,1347,张昱,2022-01-05 15:26:48,0,0,0,实验认真做，报告认真写，有分拿
146547,1347,张昱,2022-01-07 01:57:05,1,1,0,（无线网络应用）很好，虽然理论部分有点难，但只要在线考试好好考，实验总结好好写，补选实验都做，分就会很高（本人满绩）
146845,1347,张昱,2022-01-07 15:15:23,1,1,0,课程内容绝对非常硬核。本人上课经常睡觉，但是凭着自己以前的知识和经验还有认真考试，好好做完实验，好好写报告，还是取得了还算不错的成绩。别的不说，这门课听一节都对大计基有很大帮助。
149393,1347,张昱,2022-01-15 08:23:27,7,7,0,无线网络应用\n\n老师人很好，声音好好听。做实验时经常手把手教我们，给分很好\n\n就是连着5节课有点阴间
155881,1347,张昱,2022-06-16 12:13:55,2,5,3,老师是好老师，课也是好课。刚刚喜提4.2在班里应该是倒数的，但是打九分是除了成绩之外有一些小槽点。如你所见无线网络应用均绩很高，差不多三分之二的人在4.5及以上，但是课程个人感觉很卷，有很多可以额外加分的实验或者是线上内容，而且不说明具体可以加多少分，这意味这你不做的话实际上是扣分了。其次理论知识很硬和，不感兴趣慎选，最好是别选，非常敬告某些同学，上课不听做实验全靠队友真的令人下头，我的一个丹青的女生队友（这里对丹青决无偏见）对所学内容完全一窍不通，实验贡献度在百分之五以下，最后是两个小组干三个小组的活，成果却要共享，恶心，劝选课的人警惕此类人。然后课程资料很多，对于感兴趣的人是福音，对于我这种人真的看得头要大了，学在浙大内容有很多重复的资料，希望老师可以整合一下。\n\n最后，不要抄袭以前的实验总结，扣分！最后最后，还是推荐喜欢的人来上这门课，能学到知识，而且最低也就4.2啦！
155887,1347,张昱,2022-06-16 12:38:58,1,4,3,无线网络应用满绩前来感谢，通识直接申请取消正态的好老师，每个人都是89及以上，而且上课做实验能真正地学到东西
161491,1347,张昱,2022-11-07 14:28:42,7,7,0,张老师，感谢您让我见识到了真正认真负责，师德高尚的老师，您给我的影响是撼动价值观级别的。希望您能在做一名老师的道路上保持自己的初心，在不久的将来一定会成为浙大老师中一面鲜艳的旗帜！
161792,1347,张昱,2022-11-20 07:25:07,10,11,1,刚刚出分了，喜提大一上第一个满绩，真的很感谢张老师。\n\n张老师绝对是我目前为止遇到过最耐心最负责的老师，我前几节课做实验的时候同桌因为要赶去其他校区的班车提早离开教室，只剩我一个人做双人实验。我是人文大类的学生，这些实验本就让我有点措手不及，所以我常常是最后一个才离开教室的。但是张老师一直耐心地陪着我，告诉我哪里错了，为什么错了，就算已经10点多，张老师也从来没催过我，而是等我做完才会离开（能连续讲那么多节课的老师还有谁！！！）。\n\n我本人是不太喜欢理工科的东西的，所以每次看到周围的大佬早早了解了理论还有实验原理的时候，我就会怀疑自己当初干嘛要选这门课。但是自己的选择自己负责（其实当初还是因为其他课跟预置的课冲突了无奈选的hhhh），为了尽量跟上课程的进度，我曾经看思科网的课程看到两三点的日子，熬夜写了将近3000字的实验报告。说实话，有因为自己的笨拙崩溃过，但是我相信努力肯定会有回报，特别是张老师这样一看就不会正态的人给了我很多的安心感hhh。\n\n但是也是因为这门课弹性的东西很多，比如补选实验、PT实践还有其他一些加分项，导致这门课真的很卷。我同组的很多都是工信生，他们把能加分的几乎都做完了，所以也给了我很大的压力（而且听老师说我们这一个班级比往年的卷多了，估计以后也会很卷hhh）。所以如果是看老师评分高、均绩高就以为自己随便来水水也能水来一个高绩点的还是要谨慎一点（这个班级真的很多理工科生！！他们真的很懂很会！！！对于文科生真的有无形的压迫感！！！！做实验的时候自己的笨拙跟其他大佬形成鲜明对比！！！崩溃！崩溃！崩溃！）。\n\n但是还是要相信自己、相信张老师，你愿意付出，肯定能收获满意的成绩的！！而且认真学下来真的学到了很多！！最后平时分前五我还拿了一个无线APhhh，以后都可以自己拿回家玩玩了，真的很酷！！！
161796,1347,张昱,2022-11-13 13:31:40,1,1,0,老师很好，很有耐心，上课教的东西也很有用，给分很好，认真学，认真学，绩点4.5没问题，但课确实比较卷，加分项很多，想要4.8或5.0需要把大多数选做任务都做掉，我只做了选做实验和仿真实验，最后4.5（不想学请不要选，不要拖累其他组员）
162028,1347,张昱,2022-11-16 06:22:05,2,2,0,很好的老师，强烈推荐！
163327,1347,张昱,2022-12-13 04:30:08,4,4,0,5.0\n\n理论知识有些难懂，节奏较快，如果稍微没听那就是真跟不上，但是说实话给的思科网站上看看也能做点题\n\n实验部分么，但凡你看得懂实验手册，在每次第四五节课认真听了也不至于最后几个走\n\n老师很认真负责，你犯了低级错误也会重新讲一遍，实验不会可以请他来帮忙\n\n不过想要拿高应该那些额外的PTSA，CCNA测试，补选实验都是要做的\n\n补选实验真的不难\n\n额外的几个东西你想搜都是搜的到的\n\n总而言之，专业相关的同学最好听一听，感兴趣的也可以听，毕竟路由器、防火墙这些知识懂一点至少可以对以后的生活方便一点\n\n如果你时间实在不够或者是真的听不懂，那就只能靠同组大佬了\n\n平时分有一项看学习时间和访问次数，你可以选择用脚本修改计时器，但是最好选择真的花时间去看看思科的网站，五节课你花一节课看看也是学进去了，另外期末考试的题目不一定都找得到，最后有些还是要看真功夫\n\n另外经常见到有人在朵朵上问答案，但凡去98搜过也不至于一直蹲\n\n连上五节有点难顶，建议带点面包，东四下课去食堂老是没饭吃\n\n实验报告也别抄，真的做实验别划水，就算不会看着大佬做也是好的，有的人抄往年的报告连型号都没改直接被正态了
164219,1347,张昱,2022-12-19 11:02:16,3,3,0,通识课理论部分不用太纠结，张老师讲得确实有点复杂和冗余，听不进去很正常；线上学习按照兴趣学，不要给自己太大压力，完成要求就好；实验报告踏踏实实写，不用要求字数多少；最重要的还是线下的实验部分，也是你与老师直接交流的部分，认真完成，清楚原理，和老师有交流！\n\n最后，感谢张老师的5.0
165651,1347,张昱,2023-01-09 06:21:47,3,3,0,思科网课讲的比张老师上课念PPT细致很多，但是张老师干活的速度和指导学生的水准是真滴牛批
166850,1347,张昱,2023-01-14 02:15:46,0,0,0,人好耐心给分好
167504,1347,张昱,2023-01-16 21:01:41,0,1,1,老师给均绩4.27，我所有通识课的均绩才4.13，羡慕了
167788,1347,张昱,2023-01-19 05:26:54,-13,4,17,这种课不用听的，我就一点都没听，网上刷刷数据，实验也有教程。就满了。
167883,1347,张昱,2023-01-19 20:13:37,12,17,5,反对上面某些评论，虽然课好拿高分，但是都大学了，课程学习的目的又不是只有拿高绩，很多热爱这门课程的人是把学到更多知识当目的的。虽然网上有考试答案，但是你劝其他人也和你一样不听课，稀里糊涂的拿好成绩还引以为傲未免有点不妥吧。考试要求不严格是因为老师知道这门课很硬，如果闭卷考试可能难度偏大。另外本人也是满绩，并且是99分，如果你认真做实验和写实验报告，学习理论并巩固知识，基本都可以拿满绩的。当然文科生因为接触较少可能会吃力一点。不过课程并不难，张老师非常负责，如果你有问题老师都会耐心回答的。最后非常感谢张老师和助教老师以及同组的同学们！
172480,1347,张昱,2023-04-27 12:42:31,1,2,1,课是好课，老师是好老师。如果想要好的绩点，请注重平时在线学习分。（来自做完四个补做实验和PT仿真实验却被平时在线学习卡到89的怨念
173914,1347,张昱,2023-06-06 01:30:01,9,9,0,老师很好，是大学最认真细致的老师，不愧师长之名。\n\n但这门课的评分制度的确存在问题。本人专业cs，每节课都会做笔记，实验快速完成，四次补充实验全部当堂完成而非拖到最后一节课做。所有模块测试都做了，最低分89，期末考试91分，做了pt仿真实验，认真写了实验报告。总评>90但被正态到89。因为有更多的同学并不懂实验的操作和原理，只是跟着实验说明把实验做出来，之后课下去刷线上学习时间、课件下载和考试分数（考试题网上可以搜到原题）。如果一套评分标准让真正学到更多的人拿不到更高的分，多少这套标准是有些问题的。如果奔着学好这门课，不做无用功（刷在线学习时间）地拿到高绩点，感觉不容易。
174774,1347,张昱,2023-06-17 12:10:16,3,3,0,打10分是因为只有十分，张老师远比10分更有价值，老师的实验课尤其有趣，每次晚上实验都很快乐，最后感谢老师的满分（语无伦次）
174922,1347,张昱,2023-06-20 02:10:09,-19,3,22,给分真的不行。通识课给这么低，太打击人了
177479,1347,张昱,2023-07-03 11:14:43,-1,1,2,10分，无线网恐怕是全校最容易满绩的通识课了吧
178859,1347,张昱,2023-07-26 09:11:01,3,3,0,张昱老师 我给你打满了你也给我打满吧 我们就互不相欠了
179521,1347,张昱,2023-09-18 02:06:23,0,0,0,你满我也满
182326,1347,张昱,2023-11-14 15:26:09,0,1,1,算是通识课里面一门比较硬核的课程了，没有中间休息会稍微有点累，但是实验课还是很有意思的，也学了一些实用知识，至少对着路由器的配置界面不至于一无所知了。最后也是拿了4.2，虽然不是很高但是也比较满意。
182704,1347,张昱,2023-11-19 15:48:47,3,3,0,老师上课还是很用心的，从每次实验可以看出来。如果认真学确实能学到很多东西。感谢老师的满绩！
182717,1347,张昱,2023-11-20 01:37:33,0,1,1,这老师爆好无比，选就对了，适合对工科感兴趣的同学，课时虽然多但是能学到很多知识，给分很好虽然卡我绩点。。。
183194,1347,张昱,2023-11-22 14:59:59,1,1,0,非常的好，上课虽然听不懂，但是照着PPT也能完成内容。最最重要的是绩点好！家人们快选！
184566,1347,张昱,2023-12-21 17:31:24,1,1,0,很负责任的老师！！不管学生留多晚都会陪伴，耐心指导实验\n\n很敬业的老师！！天气热的不行，汗流得满背，依旧坚持讲课\n\n很可爱的老师！！我问他问题，他解决了之后还会追问我，你这个问题是怎么产生的，我以前没碰到过这种情况，课程反馈是真的会看、会改\n\n适合真正感兴趣或是专业知识有基础的同学\n\n不然就会比较煎熬了，像我😇
185961,1347,张昱,2024-01-06 14:51:24,4,4,0,老师人很好很认真，上次我们组出了问题陪我们调到十点，凌晨一点在群里发了问题总结，对一门通识课来说老师负责地让人心疼了。。知识很硬核，上课内容很充实，是可以学到东西的。最后感谢老师发的普联拓展器，必须给满！
186632,1347,张昱,2024-01-12 08:28:40,1,1,0,内容硬核，确实很难学会，但还是收获不少\n\n老师很负责认真，给分不错，除了学校要求的90分比例会导致卡绩在4.5\n\n但分数整体还是超级好！(看老师在群里的数据应该是应该是一半人>=4.5
187287,1347,张昱,2024-01-15 11:46:45,3,3,0,老师很敬业，经常被学生拖堂一个小时，有问题也都秒回。但是这理论课真的难评，非计算机相关专业学不会，相关专业没必要听，而且都是一些细碎的知识点，背了也不能成体系地理解协议栈。凑学分可以选。
190414,1347,张昱,2024-03-01 16:53:48,1,1,0,这么好的老师评分没有10.0？
190803,1347,张昱,2024-03-19 17:15:28,0,0,0,老师人很好，耐心，回复很及时，而且实验验收会问问题引导你理解原理
191081,1347,张昱,2024-04-01 11:29:51,0,1,1,无线网络应用，非常好的课程设计，事情不多，实验很好玩，老师很负责！
194067,1347,张昱,2024-06-21 23:30:58,0,0,0,认真负责有耐心答疑，给分超好！
197436,1347,张昱,2024-07-15 08:07:35,0,0,0,老师好卷啊，每次看老师我自己都惭愧（）
198619,1347,张昱,2024-09-10 08:54:59,0,0,0,暑期电赛选手，张昱老师非常负责，基本上课内的事情都有张老师的参与。首次参加，省二结束，真的很感谢张老师还有其他老师的一同付出。
201538,1347,张昱,2024-11-04 06:59:09,0,0,0,来自24-25秋学期“无线网络应用”课程：\n\n尊嘟好课！最硬的博雅技艺通识课，能真的学到一些网络配置的技能，而且给分不错。\n\n测验成绩名列前茅或者平时线上学习认真的还有机会在期末拿到设备奖（这太诱人了）。\n\n没有基础的也可以无脑选，上了就知道这门课的好了。
202358,1347,张昱,2024-11-12 04:08:37,1,1,0,无线网络应用，老师人很耐心，遇到问题会详尽地讲解（虽然有些人可能会认为太啰嗦了），还会有拓展问题，想多学点真东西的可以多找他问问题
202501,1347,张昱,2024-11-13 02:25:25,3,3,0,出分了，回来评价一下。\n\n无线网络应用绝对是一门大硬课，计算机小白是从头懵到尾的qwq前期有试着听一下，实在听不懂，后面就开始摆烂了\n\n不过基本上理论课不听对实验课没有什么影响，实验照着给的教程做完全能做好（就是有可能会留的比较迟）所以就算是文科生也可以大胆选！感觉分数更多是靠线上学习，选做实验，实验总结决定的，考试大家都是满分（毕竟线上）所以还是要去课外多刷在线学习。\n\n不过班里确实会有鹅颈，我自己是只做了一个选做实验（其他的做不出来QAQ）加一个选学PT班，排名是相对靠后的（）不过就算这样绩点也是4.2，给各位参考一下。\n\n张昱老师人特别好，钉钉秒回，就算问了特别傻的问题也会认真回答，必须给10.0！
202566,1347,张昱,2024-11-13 06:50:26,3,3,0,老师是好老师，但是无线网络应用慎选。对无线网络毫无兴趣的人来说，每周五节课绝对是折磨。\n\n抱大腿很重要，即使自己不会，有一两个会做补充实验的大佬就能带你飞\n\n本人只做了一个补充实验，实验报告写的一般，线上测试做满，绩点3.9，供大家参考\n\n总结，无线网络应用大佬随意，没基础的没兴趣的慎选
204717,1347,张昱,2024-11-27 13:13:55,0,0,0,课内容很充实，张老师实验课非常耐心，保姆级指导
208052,1347,张昱,2024-12-25 10:34:39,0,0,0,张老师人真的很好
208249,1347,张昱,2024-12-26 11:10:29,1,1,0,谢谢义父，不会的实验都是实操帮我们完成的
208519,1347,张昱,2024-12-29 00:44:15,0,0,0,老师真的很有耐心，上课讲解非常非常详细。无线网络应用的课程有一定难度，但是学不会问题也不是很大，考试是可以上网查的。能把实验做会就好了，实验教材上有详细的实验步骤的。
208520,1347,张昱,2024-12-29 01:14:59,1,1,0,其实无线网事蛮多的。一定要找一个大腿 特别爽，不然要做累死掉了。老师超级耐心 居然几乎每一个帖子都会有回帖，甚至能揪出很细很细的错误，从来没见过这么耐心的老师
208522,1347,张昱,2024-12-29 02:08:15,1,1,0,老师非常好，给分也非常好，感谢老师给的满绩
208533,1347,张昱,2024-12-29 04:53:34,1,1,0,老师真的超级好，非常认真负责！！强推\n\n能学到很多东西，而且给分超级无敌好！！感谢老师的100分！！
208555,1347,张昱,2024-12-29 10:42:25,1,1,0,课很好但很硬\n\n  事很多  竞争激烈\n\n推荐很感兴趣的人选，不然可能会有点痛苦😨
212885,1347,张昱,2025-01-15 07:02:37,0,0,0,老师非常好，回消息特别及时。有一次我赶ddl结果掉网卡了，凌晨一点多找他他还能消息秒回，很耐心地帮我把问题解决了。后来有什么事情问他基本上消息都是秒回，特别负责任。
212929,1347,张昱,2025-01-15 09:29:00,4,4,0,无线网络的应用\n\n这门课是一门通识课，但是张老师讲的非常仔细，每节课都有大概两三百页的PPT，而且张老师是每张挨个讲过去的，这门课，如果你学的很认真的话，会收获非常多\n\n但是，你要是不想花费较多时间，也可以非常轻松地水过并且收获高绩点，因为最主要的考核是线上期末考试加上实验报告，线上期末考你可以动用一切的设备去获取答案，这对于那些想要不费力就获得4.5绩点的同学非常友好，你甚至上课都不必听，但是你要是想获得满绩的话就比较困难，因为有些人会把成绩刷的特别高，所以对于那些想要放松且获得高绩点并且又能学到知识的同学来说，这是一门非常不错的课
213200,1347,张昱,2025-01-16 09:18:45,1,1,0,【无线网络应用】\n\n本人文科生 对此类知识不太感兴趣 但是老师人真的非常细心认真 很有人格魅力的老师…给分也好 我周围也有文科同学认真学了拿满绩的！可冲
217468,1347,张昱,2025-04-11 02:10:30,-1,0,1,好好好
217861,1347,张昱,2025-04-17 08:26:08,1,1,0,其他不错，对最后基本以实验报告作为区分成绩的标准还是有点异议，希望能更好。
217926,1347,张昱,2025-04-18 03:41:02,0,1,1,老师真的非常好，认真负责，给分无敌，认真完成任务很容易得高分，收获大学第一个满绩！！！
217991,1347,张昱,2025-04-19 03:29:19,-1,0,1,很细致的老师，在指导你实验的时候，你能学到很多东西，给分也不错。
217995,1347,张昱,2025-04-19 04:03:27,-1,0,1,快去冲冲冲
218776,1347,张昱,2025-05-04 13:00:05,-1,0,1,气死我了....狠狠的被无线网络应用被刺了....拉低了我的均绩....
18864,1370,宫先仪,2017-08-30 03:18:41,13,20,7,上过某3分通识课，老古董一个，大概最乐意的事情是听学生说出来自己的观点。选了本还过得去的书，最后讲的就是数学课，可又上的不伦不类。
26902,1370,宫先仪,2016-06-21 14:09:50,-4,7,11,顶楼上的。老古董一个，课上的不伦不类。
26918,1370,宫先仪,2016-06-21 15:06:00,0,4,4,一节课能从晚上六点上到十一点，呵呵
29924,1370,宫先仪,2016-06-30 13:56:12,12,13,1,一开始听课一脸蒙逼，感觉讲的太深奥，都是数学物理的东西，后面才知道没必要搞懂，重在理解。所以上课可能有点无聊，东西还是能学一点的，事情超少，给分超高
32624,1370,宫先仪,2016-07-08 07:27:29,19,22,3,境界这么高的人来给大一孩子上课的话，双方都很痛苦
32869,1370,宫先仪,2016-07-19 14:01:34,8,9,1,喜欢把信息（数学和物理）上升到一种比较高的境界，用精炼的语言理解这些理论，擅长咬文嚼字，喜欢文学。\n\n研讨课最好跟着老师的思路走，说说自己的理解，切记把书上的内容直接照搬过来讲。\n\n期末用电脑写好论文，考试时回答作业题并写在论文里。所以课程重在平时。
50560,1370,宫先仪,2017-05-03 12:36:38,6,7,1,好好好\n\n非常好
50561,1370,宫先仪,2019-01-04 08:09:22,6,6,0,听不懂没事\n\n退课就好了
50975,1370,宫先仪,2017-05-10 15:58:21,4,5,1,到底是院士，还是很有思想深度的，就是年纪太大了，有时会力不从心
53190,1370,宫先仪,2017-06-26 07:12:43,1,3,2,受益良多。
91766,1370,宫先仪,2018-12-19 15:10:36,9,9,0,老师很牛，但是学全生都听不懂，助教也很痛苦，两边得罪。通与观，通识课的讲法，作业纯数学，研讨一定要按院士的思路来，最好不要有任何其他人的东西，可以有自己想法，但是一定要牢记院士的语录，一定要在肯定院士的说法后再加自己的东西。\n\no似c，然也\n\n算法是君子，他们和而不同\n\n院士的东西适合作为座右铭，用一生的精力去体会。
91926,1370,宫先仪,2018-12-25 03:19:04,1,1,0,听不懂的感觉
93425,1370,宫先仪,2019-01-09 13:09:56,1,1,0,神仙啊
99783,1370,宫先仪,2019-01-25 07:22:15,3,4,1,情商很低，同学呕心沥血上去做展示，被他当场点评连五十分都打不到，还有次说人家根本没有入门。最可笑的是有一次一位同学上去讲解题目，被他当场质问你多少岁了，同学楞楞地回答20岁，他竟然说你20岁了还在炒19岁的冷饭。。。不管怎样人家也是认真准备了的，得到这样的点评真的很让人心寒。院士水平当然是有的，但一来完全不适合讲课，二来给分根本不调分。
128180,1370,宫先仪,2020-12-10 11:38:35,3,3,0,作为授课老师，传道授业解惑一样没做，沉浸在自己的世界里，只听得进对他的奉承马屁，强行把自己的意志加在别人身上，想法一天一变自相矛盾，上课还不如上刑，适合退休回家带孙子
38845,1386,金向东,2017-01-04 01:18:28,-11,0,11,。。。。。
45587,1386,金向东,2017-01-19 23:55:18,6,6,0,很和蔼的老师～
45696,1386,金向东,2017-01-20 02:55:04,7,7,0,很好玩
48252,1386,金向东,2017-03-01 12:23:11,14,15,1,老师说话有些平淡  但是人超好  超耐心
51114,1386,金向东,2017-05-18 02:18:48,17,22,5,毕竟我棋技哥金国手，擅长各种马后炮，当大家都做完了告诉大家正确方法然后让你各种返工。不过水平真的高
56760,1386,金向东,2017-07-04 14:26:58,7,8,1,很棒很棒
57974,1386,金向东,2017-07-19 05:29:18,10,10,0,男神！
57975,1386,金向东,2017-07-19 05:30:09,19,19,0,老师超强，不解释
85130,1386,金向东,2018-07-15 14:52:01,5,5,0,老师超好！！超耐心\n\n
85135,1386,金向东,2018-07-15 15:24:25,9,9,0,小学期上了老师的课，老师真的超级耐心，帮我们查电路图中的错误，每一组的电路图最起码看了两遍，在QQ中也特别细心地答疑，真的特别好。而且也可以感受到老师真的很厉害，强到不需要解释。这样负责任的老师打100分！
103429,1386,金向东,2019-02-28 05:23:48,1,1,0,超赞的，给分好。\n\n
103433,1386,金向东,2019-02-28 05:46:39,2,2,0,信电的超级好的老师之一了，很和蔼，人超级好，也很有耐心，一个实验问了好几个问题老师也是超耐心的讲解，真的良心！
105020,1386,金向东,2019-04-02 10:37:12,4,4,0,金向东我男神！又温柔回答问题又耐心
109365,1386,金向东,2019-06-13 09:45:24,5,5,0,很和善，水平很高；耐心回答学生问题，也希望学生从实验课中受益；自身太菜，好多环节没有做好，感觉有愧于老师；必须10分。
113350,1386,金向东,2019-07-09 07:59:39,2,3,1,老师人太好了，呜呜呜。
114162,1386,金向东,2019-07-09 02:03:50,3,3,0,每个电路都讲解错误（公开处刑）体验极好
114316,1386,金向东,2019-07-09 18:02:50,3,3,0,没上过老师的课，但是他短学期负责的态度，超强的能力真的不得不让我来给个满分，凌晨2点多了还在帮我们改电路图，而且每一个都是一个一个仔细的看过，总是能找出很小的错误。不得不说，老师真的太强了。而且态度也十分和蔼，以后选课必选他！
114499,1386,金向东,2019-07-10 07:20:25,1,2,1,谢谢老师o(^o^)o~
115016,1386,金向东,2019-07-14 06:43:10,-1,1,2,太好了，疯狂圈粉
115150,1386,金向东,2019-07-16 08:10:21,5,6,1,电基1，电基2，小学期的实验课都是上金老师和王老师的。金老师真的很强，也很负责，我印象很深的就是我有一次凌晨两点多画pcb板出问题，尝试性的发了消息问老师，结果老师很快就回复了。平时老师也希望我们能多在群里问问题，他每次都很认真回复。虽然有时候问问题，因为老师时间紧，只能给我们讲大概原理，可因为自己基础差还是没能解决，但是等老师闲下来，你再去问他，他会很耐心的讲清楚。\n\n这次小学期验收的时候，因为理解上的偏差和老师争论了一个问题，老师有点生气，但是过了一分钟不到，老师就又恢复到很平和的状态。\n\n老师对待工作的态度，对待学生的态度，真的让我很敬佩吧。ps：老师手指上的戒指也很显眼，和妻子应该很相爱吧。
115159,1386,金向东,2019-07-16 10:50:54,2,3,1,上完他的小学期都想过来打个10分
121187,1386,金向东,2020-01-20 03:09:27,3,4,1,呜呜呜电工训被杀了
138837,1386,金向东,2021-07-11 06:56:15,8,10,2,千万别选他的短学期，实验很难，短学期还要刷夜
155146,1386,金向东,2022-06-08 17:07:57,0,2,2,老师脾气是真的好
156207,1386,金向东,2022-06-18 08:05:08,6,7,1,老师的笑声太魔性了
158326,1386,金向东,2022-06-28 10:14:35,3,4,1,短学期蛮好的 和摸鱼三人组形成强烈对比
159221,1386,金向东,2022-07-08 08:54:59,1,3,2,小学期课比较硬，认真做能学到很多东西，不懂就问老师，老师水平超高，超级温柔，会耐心解答问题。因为和老师混了脸熟，路上遇见了竟然还先和我打了招呼，他真的，我哭死😭😭😭
178177,1386,金向东,2023-07-07 13:00:33,14,15,1,信电大二短学期就是狗屎，路都不会走教你怎么跑进奥运会
178542,1386,金向东,2023-07-14 04:48:50,7,8,1,压nm，就你他们会压sb
178546,1386,金向东,2023-07-14 14:44:35,7,7,0,没上过比短学期更垃圾的课，展现了本科教学质量的垃圾至极
181269,1386,金向东,2023-10-12 14:09:22,4,4,0,短学期真恶心
184402,1386,金向东,2023-12-19 02:45:25,3,4,1,鉴定为不行，给分和上课都比较抽象
190388,1386,金向东,2024-02-29 07:18:52,4,5,1,暑假短学期1分
190960,1386,金向东,2024-03-25 15:40:11,5,5,0,电工训\n\n上课直接放录音[流汗黄豆]\n\n讲课是真的令人昏昏欲睡\n\n不过答疑挺耐心且切中要点
193118,1386,金向东,2024-06-03 16:12:06,5,6,1,有点朝令夕改，至少大二短学期和射频实验都给我这样的感觉。\n\n不过答疑还是挺耐心的，就是没什么用。
193207,1386,金向东,2024-06-04 12:17:19,9,10,1,太落伍了老登，别jb恶心人了
193233,1386,金向东,2024-06-05 02:01:44,5,5,0,赤石了家人们
193298,1386,金向东,2024-06-06 05:54:07,8,9,1,恶心坏了，b事这么多，射频实验一生黑，上过最屎的课
193695,1386,金向东,2024-06-15 12:35:14,4,5,1,史
196867,1386,金向东,2024-07-05 15:26:40,4,5,1,人还行，短学期课就是史
219977,1386,金向东,2025-06-13 03:20:38,2,2,0,夹子哥克制我
220265,1386,金向东,2025-06-17 04:08:58,3,3,0,实验报告给分这一块，期末考核这一块
9155,1424,项志宇,2015-10-14 12:50:29,20,27,7,哈哈哈哈
32135,1424,项志宇,2016-07-05 17:10:30,5,5,0,讲课不好，就是念PPT，给分也不咋地
35813,1424,项志宇,2016-11-10 08:16:23,4,4,0,英文授课
81121,1424,项志宇,2018-07-04 05:14:01,4,6,2,上课不错，人很好，给分不错
83842,1424,项志宇,2018-07-11 10:03:28,-15,3,18,疯狂打call\n\n反正我数字图像处理满了哈哈哈
83859,1424,项志宇,2018-07-11 10:44:21,1,2,1,讲课还可以的，认真听下去会比课下光看书要好，最后的给分出乎意料地好啊
107748,1424,项志宇,2019-05-09 03:14:33,4,4,0,PPT太差了吧，全是错误，用点心吧
110015,1424,项志宇,2019-06-21 07:45:07,3,3,0,老师不错，但ppt和中文课本都是错误，跟吃屎一样。
117396,1424,项志宇,2019-09-24 02:18:53,1,1,0,棒棒棒！
129643,1424,项志宇,2021-01-09 15:39:20,3,3,0,项志宇老师上课不错，人很好，给分不错.
214254,1424,项志宇,2025-01-31 01:07:18,4,4,0,deepseek
214872,1424,项志宇,2025-02-18 13:49:17,1,1,0,名师出高徒，梁文锋厉害了！
218832,1424,项志宇,2025-05-07 11:46:59,0,0,0,人还行吧，我当时和梁文锋一起的，感觉一般般，没有多厉害，喜欢push，然后做一些不好做的事
220742,1424,项志宇,2025-06-19 12:44:57,0,0,0,给分真的很友好啊，推荐选
7417,1472,章献民,2015-09-14 09:16:51,14,27,13,水课…人挺和蔼
9912,1472,章献民,2015-11-12 15:35:30,4,8,4,幽默，增加了解
11713,1472,章献民,2015-12-12 07:05:07,4,6,2,如在天上飞
11714,1472,章献民,2015-12-12 07:06:14,2,7,5,好好好
12314,1472,章献民,2015-12-23 02:49:56,2,7,5,每次都抽到我讲PPT。。以为会给我高一点的分，结果。。。我的分是小组最低的。。。。。
19263,1472,章献民,2016-01-23 16:21:35,1,2,1,分太低\n\n
20591,1472,章献民,2016-01-28 16:35:42,0,3,3,据说是水课，然而考试难度。。。\n\n毕竟院长大人看什么都是常识。
24103,1472,章献民,2016-04-27 04:52:37,5,13,8,场波上课飞快没重点，课后事情多，上课叫学生起来答不出带头取笑学生
34784,1472,章献民,2016-10-22 07:15:07,7,12,5,请给我一个水课还破事这么多的理由\n\n对课程设置这么不开明的院长表示失望
35983,1472,章献民,2016-11-10 09:33:20,4,5,1,知道很多但是讲的枯燥，导论事多。
45664,1472,章献民,2017-01-20 02:20:15,2,3,1,导论课还是比较有意义，东西做得好可以免试。考试不是唯一能评判老师的东西。
49386,1472,章献民,2017-04-10 00:42:49,9,10,1,想不通为什么要让院长来上课，完全可以不来。老师懂了和老师能让学生懂有很大区别，如果老师就是把自己知道的说出来，也没有要让学生懂的意思，那还不如自己看ppt。旁边的同学说别评论了，自己看ppt能看懂，不难。难道课堂就应该是这样的吗？这ppt和书本也一模一样？不说了，自学了
49683,1472,章献民,2017-04-24 01:28:52,3,4,1,深深体会到了本科教育中教和学的巨大隔阂
52100,1472,章献民,2017-06-14 23:51:28,6,6,0,能不要每节课都叫我回答问题嘛…\n\n我从第五章以后真的听不懂\n\n我也很绝望啊
54542,1472,章献民,2017-06-29 14:49:28,7,8,1,“场波学得好和考的好是两个概念”
57181,1472,章献民,2017-07-06 02:12:51,3,3,0,人还是很热心的~
70683,1472,章献民,2018-01-27 11:30:51,-20,6,26,仅仅针对导论课。。作业做的认真点，期末好好整理10页资料，满还是很容易的。（大概是很多人作业都不太用心的缘故吧）
81858,1472,章献民,2018-07-06 10:18:31,3,3,0,场波讲的很好哇
97594,1472,章献民,2019-01-22 11:47:57,2,2,0,导论，就这样吧，讲课一般般，我听不进去
100872,1472,章献民,2019-01-27 03:44:46,2,2,0,课还是挺有意思的，给分也还不错，期末事确实多，给老师打8分
122697,1472,章献民,2020-03-20 08:54:36,1,2,1,听不懂
125458,1472,章献民,2020-09-09 13:36:14,3,5,2,别选这老师，有毒
130971,1472,章献民,2021-01-25 12:29:04,11,12,1,院长的信电导很不错哦！强烈推荐～记得把加法器搭出来，绩点就会很好看
134851,1472,章献民,2021-04-19 01:51:23,5,5,0,信电导一点不像导论课，老师教材虽然有点难，但还是很好的，看书能学到很多。三次小作业一次大作业都很难，但是认真做了会收获满满。另外，每节课点名，每节课做几个选择题。
148277,1472,章献民,2022-01-12 04:36:53,4,4,0,给9分吧 \n\n课挺水的 人也挺和蔼\n\n扣的一分是给加法器器材的
149110,1472,章献民,2022-01-14 12:06:51,11,12,1,这位老师基本上每次课都会在课前点名，当然课间可以去补签。\n\n因为他是教材的编写者，可以看出他对教材是掌握程度是很深的，然后上课也会让人感觉很和蔼（我永远忘不了最后几节课他笑的有多开心）\n\n大作业有4个，前三个是MATLAB进行傅里叶变换的分析，信号调制仿真，还有三极管仿真，前面的可能对于MATLAB新手有点难度，但是给的指导都还算详细，因此做出来也不算特别困难，就我和上同一门专业课不同老师的其他好友的作业比较，他的作业是算简单的。最后是小组（3-4人，随机组队）合作利用三极管搭一个4-bit加法器，有幸遇到了对于面包板搭建电路特别纯熟的组员，我们组合作的十分愉快，也取得了比较好的成绩。\n\n然后每次课后都有一个学在浙大上的测试，5道选择题，都比较简单，大部分能在书本翻到。\n\n最后是期末考试，毕竟这是一门导论课，考试是开卷的，题目也较简单，而且里面的选填判大部分都在课程对应的mooc里的测试里，后面的简答题和解决问题也都是能从书中找到原型的（1H交卷+满分，小骄傲）\n\n总而言之，这门课不算特别轻松，毕竟有大作业存在，但是也不会特别的困难，老师讲的也不错，放心选吧。\n\n利益相关：5.0
153170,1472,章献民,2022-04-26 10:48:34,2,2,0,大三老狗跨选信电导，个人认为老师讲的很不错了，不容易听懂不是老师讲的不好，是课本身就是三四门专业课的内容，难度真的很大，大一直接冲确实会听不懂。日常小作业大作业有难度，期末理论考试带书开卷反而难度不大。怪不得班里有这么多大二大三的人（确信
165789,1472,章献民,2023-01-09 17:47:58,2,3,1,老师很不错，讲课清楚，给分属于中规中矩，不会很低，但高绩点需要真的下功夫，就是说比较求是吧\n\n然后这门课内容稍微有点难，三次小作业要做好的话肯定得大半天时间，大作业加法器，要善于寻找资料，搭出来绩点就比较好看，平时每节课点名+小测（线上的小测可以水），总之是可以学到东西的
171235,1472,章献民,2023-03-19 23:53:24,2,2,0,大作业强制分队什么意思
182358,1472,章献民,2023-11-15 06:35:50,4,4,0,发邮件不回，上课不知道，等上了再评价
191851,1472,章献民,2024-05-02 04:50:26,7,11,4,老师人很好，但是信电导这门课对大一新生来说真是太友好啦（快跑）！考试不容易，计算题把书本上的例题和测试里的习题吃透一般没问题，但是选择、判断里面的概念题很不友好，书本翻烂了也没找出来……（可能这是开卷考试的通病）。课程设计搭得头晕眼花，平时每节课结束都有5道选择题的测试，不看题库自己做的话也要花一些时间，还有三次作业也比较赶（软件操作都要自学，报告要写的详细也不容易，我平均花了6h*3），时间投入的不算少，但是最后只有4.5🥲
192128,1472,章献民,2024-05-09 13:11:57,5,6,1,给分与付出成反比……
192266,1472,章献民,2024-05-13 06:57:25,-5,1,6,信电导投入时间非常多，但最后4.5也是如愿以偿了
195500,1472,章献民,2024-06-28 11:37:37,0,1,1,讲课有趣，作业很麻烦，事多，个人以为是课程安排而非老师的问题。
217027,1472,章献民,2025-04-01 01:25:37,0,1,1,为什么每次都把这勾史作业说的这么轻描淡写？一点不教就让我们做还是头一回见
218470,1472,章献民,2025-04-24 02:38:30,2,2,0,章老师非常和蔼可亲。作为信电导教材编者对教材理解非常深，上课也会结合身边实例讲授知识。25春每节课都点名，但是小测都是课下线上的，很好水。总之感觉是非常值得选的老师！\n\n信电导这门课虽然真的任务很重干货很多，但也真的能建构清晰的专业图景，还是建议有能力的大一同学选一选૮₍◜ෆ◝.₎ა\n\n关于作业和课程设计，真的是要花时间学很多东西的，不过只要会查找资料和圣遗物（？），应该还算可以接受叭。就当锻炼工程能力了（
7101,1474,金心宇,2018-08-25 07:29:51,95,126,31,全都交给同事上课。就第一节课露面
7323,1474,金心宇,2015-09-13 13:50:36,0,4,4,真不错
7753,1474,金心宇,2015-09-15 12:24:28,11,22,11,各种高科技，老师真心想让你学点东西！讲解十分耐心，让你动手是关键哦。
7964,1474,金心宇,2015-09-16 08:49:22,7,13,6,真正能让你学到点东西的好老师
8186,1474,金心宇,2015-09-17 10:30:44,6,12,6,确实上的好，但只上一节，后面都是同事
8867,1474,金心宇,2015-09-29 06:05:33,8,13,5,还不错的老师，可惜就第一节课露面。。
10855,1474,金心宇,2015-11-23 07:20:24,-2,4,6,很耐心，很棒
10960,1474,金心宇,2015-11-23 12:38:46,2,10,8,这给分我就笑笑
11276,1474,金心宇,2015-11-26 07:15:45,4,7,3,主要是同事上课 给分还可以
11428,1474,金心宇,2016-09-27 05:49:02,23,48,25,给分呵呵 学不到真正的关于物联网的东西 就是教你用一个模拟软件而已 不知道上边说学到真东西的是什么心态
12141,1474,金心宇,2015-12-22 04:01:16,10,19,9,感觉事比较多吧（实验报告，课程总结，srtp立项）。虽然上课的时候很水。如果抱到大腿可以拿不错的分。
12244,1474,金心宇,2015-12-22 13:48:57,11,19,8,水水的，抱紧大腿4.7还是可以的hhh
15429,1474,金心宇,2016-01-14 11:01:20,11,18,7,无线网络应用对于文科生难度实在有点高。
18217,1474,金心宇,2016-01-21 09:37:14,13,27,14,棒棒的\n\n不愿意听的，什么样老师都教不好\n\n不愿意学的，什么知识也学不到。
19072,1474,金心宇,2016-01-23 07:57:50,6,9,3,课还不错，有些难度，好好学就会有收获，给分还好
19073,1474,金心宇,2016-01-23 07:58:38,6,10,4,还可以，上课的老师还不错，给分很棒，做得快的话每次课总有那么一两节课没事干。。QvQ
19382,1474,金心宇,2016-01-24 04:10:47,5,5,0,比较负责，平易近人
24334,1474,金心宇,2016-04-29 13:38:48,40,50,10,他的课就挂个名，实际上都是张昱老师上的，我喜欢张昱老师，耐心负责，关键给分好
25067,1474,金心宇,2016-05-05 06:13:05,-10,10,20,垃圾老师，垃圾课程
25284,1474,金心宇,2016-05-09 07:39:47,-11,7,18,很差的体验
27423,1474,金心宇,2016-06-26 05:53:07,-11,4,15,垃圾到爆
27977,1474,金心宇,2016-06-28 07:56:33,0,1,1,水水水
35374,1474,金心宇,2016-11-09 11:17:29,4,5,1,文科生慎选
35728,1474,金心宇,2016-11-10 07:54:54,0,2,2,课不错，记得检查作业找金老师而不是张老师
35832,1474,金心宇,2016-11-10 08:24:09,0,1,1,满满的干货，但是想水过混学分也是没问题的
36198,1474,金心宇,2016-11-16 09:08:22,0,0,0,对文科生确实有点难
36956,1474,金心宇,2016-11-16 16:05:00,0,2,2,对文科生确实难了……但是水一水还是可以的，给分好不错～
37062,1474,金心宇,2016-11-17 08:18:09,2,3,1,水得一笔
37068,1474,金心宇,2016-11-17 08:24:34,-8,2,10,您这么拽只露面一节课啊（*/∇＼*）
37115,1474,金心宇,2016-11-17 12:48:14,0,1,1,特别棒\n\n
37159,1474,金心宇,2016-11-17 15:41:31,0,1,1,取决于自己喽
37198,1474,金心宇,2016-11-18 01:50:13,5,6,1,找一个好队友很重要
37261,1474,金心宇,2016-11-18 05:49:58,-3,1,4,很棒，老师很和蔼，给分也很好
37612,1474,金心宇,2016-11-19 17:02:30,4,7,3,谢谢张昱老师，讲的很好
39489,1474,金心宇,2016-12-23 06:31:29,3,5,2,无线网络应用没有什么预修要求的，理科生认真对待满绩有希望，不太建议文科生选，对理性的逻辑思维还是要求较高的。
40112,1474,金心宇,2016-12-29 08:09:16,22,29,7,时间长1.5学分连上五节，最后还要花六个小时考试
40230,1474,金心宇,2016-12-30 09:40:28,0,3,3,不知为何 很痛苦 但最后jidian还可以\n\n
43443,1474,金心宇,2017-01-16 09:37:26,0,0,0,讲道理能学到东西，有大腿抱更好
44884,1474,金心宇,2017-01-18 12:36:27,-23,2,25,无线网络应用和物联网都给我满了 愉悦
49656,1474,金心宇,2017-04-22 07:21:46,2,2,0,文科生听不到什么东西
49987,1474,金心宇,2017-04-28 04:11:21,10,12,2,纯粹的一门信电系的课程，如果不是相当有钻养精神 坚决不推荐  大腿什么的太缥缈了  今年还改革
50176,1474,金心宇,2017-05-01 00:58:20,4,6,2,如果有课友，可以轮流水、轮流carry，岂不是美滋滋。
50189,1474,金心宇,2017-05-01 06:37:17,-3,1,4,给分真的好。大作业网上有参照，你要是有队友，一节课都不去上也没事，期末交个总结和大作业就好了。
50200,1474,金心宇,2017-05-01 07:24:34,5,5,0,无线网络应用的实验还是有一定难度的
50451,1474,金心宇,2017-05-03 03:03:51,17,22,5,金老师上了第一节，马老师李老师各上了半个学期，回先给我们演示然后让我们做，两或三个人一组，有问题找老师，很耐心，人很亲切的，没有架子。而且真的有学到东西的感觉，你认真做完实验写好报告，给分很棒，强推(工科女一枚，不知道文科同学会不会有点困难）
53375,1474,金心宇,2017-06-26 12:58:55,1,4,3,时间长，特别是中间夹着吃饭时间难受。小组作业，不能逃课，请抱紧大腿，不然就能体验到每次下课了还没做完要待半个小时的哭晕感受。没有考试，交实验报告和个人感受。接触的东西挺有意思的。
55596,1474,金心宇,2017-07-02 03:57:01,11,16,5,本人大佬＝知识×高绩点　幸运弱渣模式：抱大腿找对队友×找准资源＝高绩点
56232,1474,金心宇,2017-07-03 09:52:28,-4,0,4,给分尊好
56756,1474,金心宇,2017-07-04 14:20:37,-3,1,4,老师很棒！给分感动！
56758,1474,金心宇,2017-07-04 14:24:31,-3,1,4,给分很好，虽然平时焊的不好，但分数还可以。能学到很多。
57066,1474,金心宇,2017-07-05 10:58:30,1,6,5,为李培洪和马洪庆打10分。\n\n李老师马老师么么哒。\n\n金心宇，who?
57534,1474,金心宇,2017-07-09 11:22:32,-7,1,8,都是同事上的，不过给分不错
60628,1474,金心宇,2017-10-25 11:58:44,21,25,4,给老师9分，给这门课1分。
62204,1474,金心宇,2017-11-23 06:30:27,-3,4,7,给绩超高
62208,1474,金心宇,2017-11-23 07:30:27,7,21,14,认真上课，两个报告和期末课程总结也认真写了，但是给分70几，我也就呵呵了。。。均绩完全被拉下来hhh。课么又久，五节...分么又少...不建议选，真的坑。。。
62221,1474,金心宇,2017-11-23 08:44:43,2,6,4,物联网导论\n\n老师人很好  不过不推荐上这课  原因很简单  学不到什么东西\n\n学来学去只是摆弄一个沙盘系统  几个软件  然后照葫芦画瓢做几个实验   只能学到一点很基础的东西  对于大一来说可能理解起来有些难度  对于大二感觉还是ez\n\n1.5学分5节课  浪费时间  而且桌子被沙盘占了很大空间  不好写作业(滑稽)\n\n给分还行
62316,1474,金心宇,2017-11-26 11:29:05,-11,5,16,虽然已经忘记你第一节课讲什么了，但看在物联网和无线网络应用都满了的份上给你10分
62544,1474,金心宇,2017-11-26 01:44:28,-5,4,9,啊啊啊，一觉起来发现自己满绩了，第一门通识满绩，开心啊，今年碰上改革班，期末是实验总结大作业二选一，还要参加网上每章的考试题和期末在线考试，事情还是挺多的，其实我觉得学分设置的很不合理啊，1.5学分5节课，老师讲了四节，只有1节课做实验，每次都做不完要很迟才能走，有个好的组员还挺重要的，可惜我没碰上，有5个补充选做实验做了有加分，选两个写扩展实验总结还有加分，每次实验做完可以做，也可以最后一节课做，最后一节课我们大组一个人都没来，于是我一个人操作两台电脑，只做了两个，还好最后成绩不枉我在这门课上花了那么多时间
64270,1474,金心宇,2017-12-22 06:48:34,3,5,2,6分。尽管最后的分还是不错，但觉得自己终究没有学到什么东西。知识对于初学者来说有些难懂，做实验也是依葫芦画瓢，5节课有时候真的难熬。总觉得这课开的不太好。
65071,1474,金心宇,2017-12-28 13:17:28,2,5,3,我就呵呵了，给分？呵呵，五份实验报告一份期末总结换来3.3？
68538,1474,金心宇,2018-01-23 10:25:59,-1,1,2,马洪庆老师好玩，物联网导论课程群里的昵称叫“不能再胖了”，看到的时候还以为是同学。。言归正传，负担小很轻松，等着出成绩了。
68677,1474,金心宇,2018-01-23 15:09:49,2,3,1,文科生全程划水 课程结束都没什么收获实验也没做过 选好小组抱好大腿很重要 实验报告和最后考试认真做 绩点也不错的 史老师张老师人真的不错很耐心
69328,1474,金心宇,2018-01-24 13:04:07,-8,0,8,上课很有趣啊，还能做实验，一个考试一个论文轻松满绩
69515,1474,金心宇,2018-01-25 02:01:15,1,1,0,还可以，认真学绩点一定不会低
69821,1474,金心宇,2018-01-25 12:55:24,-1,2,3,两个老师人很好，很可爱，给分也超好，但是课还是挺难的，推荐工科生
76137,1474,金心宇,2018-03-27 14:16:41,2,4,2,文科生真的慎选！！！！不要觉得头两节还能听懂，后面的课程真的是蒙蔽的！！！
76659,1474,金心宇,2018-04-17 14:27:26,1,3,2,事情真的多，五节课+四篇报告+两三个实验设计+期末报告，已经写了上万字了，才1.5分。而且实验设计真的难，可能是我比较弱，做得很痛苦…有兴趣的选吧，不建议文科社科或者不感兴趣的同学选。
77268,1474,金心宇,2018-05-04 08:41:28,4,7,3,第一次无线网得了4.8，第二次物联网每次都有去，实验都有做，报告都有交，说的实验难度系数大于等于19也有达到，就突然79分，一脸懵逼
77533,1474,金心宇,2018-11-21 16:14:16,-14,4,18,对编程有兴趣可以选物联网，文科社科感觉会比较惨，我cs感觉还是可以很容易5的
77633,1474,金心宇,2018-05-07 04:10:26,1,2,1,只能说无线网络应用是我现在上过的最好的通识课。内容充实，老师耐心给分也好。想要学一些网络知识和维修技能的同学一定要来选，前提是你真的想学到东西，上课能保持一半的专注力就可以
78068,1474,金心宇,2018-05-09 08:07:36,3,5,2,点名方式是后面的实验单单你拿不拿走⊙∀⊙，实验对不碰这些东西的同学来说略带困难，但是报告可以挑简单的实验写，还有现成的PPT，最后考试巨难，主要看你搜索的能力。（手动滑稽）
81331,1474,金心宇,2018-11-17 11:54:39,-37,1,38,无线网络一个人一个大组单刷，总评99，唉以为可以100的，章节和期末考试找到原题网站轻松全对。为什么不给我100啊，李老师人真的很棒！
82556,1474,金心宇,2018-07-08 13:30:39,-1,3,4,这门课还是很不错的，认真听收获会很大，老师也会细心指导，真的学到了点东西，最后总评满分，感觉很舒服。
85438,1474,金心宇,2018-07-18 00:49:39,0,2,2,两位上课的老师人真的是很好！非常耐心的给我讲解！给分应该还不错，但有正态在还是很难受。最大的问题不是课时长，而是真的很不水啊！前四周还好，后四周的实验真的很难，一共要写三四篇巨长的实验报告，还要交一千字个人总结，我作为一个计科的真的觉得非常不水！慎选！
85751,1474,金心宇,2018-08-02 03:25:14,-4,3,7,10分给物联网的李老师和马老师，实验不会做经常去找老师帮忙，和同组的妹子一起努力都满绩了。
86398,1474,金心宇,2018-09-15 04:00:04,3,3,0,就把这门课当作LaTeX练习吧
89461,1474,金心宇,2018-11-19 08:06:24,-9,2,11,虽然只有89但4.5还是成功拯救了军训只有3.6的可怜孩子，回来感谢老师
89962,1474,金心宇,2018-11-21 11:39:06,2,2,0,啧\n\n挺好的
90014,1474,金心宇,2018-11-21 15:15:03,7,8,1,老师上课讲的很快，对网络小白很不友好。然后我补充选做实验做了2/3，作业认真做，实验报告认真写，最后绩点拼不过那些平时作业和考试全满分的同学。平心而论，老师还好，但这门课恶竞相当严重。而且对于网络小白来说很难受却学不到太多东西（可能是逼人接受知识能力差吧）。
90173,1474,金心宇,2018-11-22 10:31:43,-2,0,2,非常好，能学到东西，感谢3位老师！
90187,1474,金心宇,2018-11-22 11:23:48,4,5,1,挂羊头卖狗肉的课\n\n怎么不改名叫大唐程序设计基础课？
90199,1474,金心宇,2018-11-22 12:24:24,5,7,2,吐槽一下无线网络应用，课程太难，占用时间太多，不适合作为通识课:(
90205,1474,金心宇,2018-11-22 12:50:17,3,4,1,物联网的课 其实是李培弘老师和马洪庆老师上的。老师人挺好，最后综合设计是有点难，但只要问了老师，老师都会指导你的
90219,1474,金心宇,2018-11-22 13:42:56,5,10,5,呵呵，课认真上，拼不过恶竞的，2.4，刷新了我绩点的下限。
90233,1474,金心宇,2018-11-22 15:01:42,1,2,1,物联网与信息导论，分小组时抱大腿。第一节课露面，剩下都是马洪庆老师和李培弘老师，两人都超级耐心，人超级好，给分也很高，听他们话就好了，我4.2哦。
90242,1474,金心宇,2018-11-22 16:14:56,1,2,1,老师很好，但课程真的很难，希望文科生们还是要慎重啊，给分的话，说实话也没什么标准，抱紧大腿应该会有高分吧，但是理工科比较差的就凉凉了。
90501,1474,金心宇,2018-11-23 16:19:56,2,2,0,课实际上是马老师，李老师上的。两位老师很负责有耐心，问不会的题目会帮你解答。物联网最后的设计实验有难度，做实验的时候做不出来很麻烦的，不过认真写报告和总结绩点还是好的
91985,1474,金心宇,2018-12-25 07:34:22,1,1,0,开始有点无聊
92413,1474,金心宇,2018-12-28 11:13:32,0,0,0,呃呃呃
93773,1474,金心宇,2019-01-13 12:45:19,0,0,0,三个字
94142,1474,金心宇,2019-01-15 09:23:33,5,5,0,老师只挂个名第一节课出现一下。吐槽一下物联网。八周全用来教软件。感觉这课至少要给3学分，每节课都要做实验写报告，而且五节课时间，教务网上按1+4划分，实际上简直4+1啊，课后还得花时间。死亡。
94247,1474,金心宇,2019-01-26 15:24:05,13,17,4,对于楼上说文科生慎重的，我只想说，低年级理工科也要慎重呀（本菜鸡亲身体验后得出的感悟……）。还有，能选春秋学期的就尽量不要选夏冬学期的，如果想要结业的大实验做好的话可能会花费一些课外时间，可能会占用复习的时间。ps，我选上这门课的时候不知道要五节连上，所以……引以为戒吧
95046,1474,金心宇,2019-01-18 15:33:13,-2,0,2,hhhhh
96812,1474,金心宇,2019-01-21 10:07:54,-1,1,2,课很好，嗯。
100627,1474,金心宇,2019-01-26 12:42:30,2,2,0,还上课呢，快回家看看吧
100716,1474,金心宇,2019-01-26 15:19:28,3,5,2,给物联网课打个8分。这门课基本就是用一个bug巨多的模拟器进行框图编程。如果没有编程基础的同学可能会花一些精力来适应环境。老师上课速度，尤其是后期偏快，如果不打起精神来的话很可能全程懵逼。如果对自己有信心而且有编程基础的话尽管选好了，包您满绩。否则一定慎选，不然会在一个1.5分的课上花很多精力，而且绩点还不一定高。
107370,1474,金心宇,2019-05-04 11:09:37,1,1,0,非常有收获，老师也很认真
107814,1474,金心宇,2019-05-10 02:32:48,1,2,1,物联网和无线网络应用都能学到好多知识，给分也好，可是就第一节课见过一次，正课全是别的老师上
108735,1474,金心宇,2019-06-01 05:09:49,2,2,0,无线网络应用……个人觉得这课还可以，要注意是五节课连上
113163,1474,金心宇,2019-07-06 00:55:11,0,0,0,卡? 难受
114473,1474,金心宇,2019-07-10 04:54:54,0,0,0,电工训，虽然课程很坑，但老师真的又温柔又耐心，我们组经常碰到问题，老师也很耐心的解答。
118922,1474,金心宇,2019-11-08 00:35:47,2,3,1,无线网络应用课是金心宇教授主讲第一课的前半部分，幽默风趣，虽然是在金教授基本都在吹这门课但不觉得有什么不妥之处（后来这门课也凭实力证明了这一点）
119922,1474,金心宇,2019-11-17 00:58:35,-5,0,5,好好做实验写报告 只有3.3 刷新绩点新下限
120009,1474,金心宇,2019-11-17 10:03:31,1,2,1,物联网通识课 课前扫二维码签到，课后扫二维码签退。 老师会认真指导同学的问题。 事情还好，就是写期末报告时会稍微忙一点。 给分不错，写报告、思考题时注意细节，尽量多写；找好队友，我超级幸运地遇到了工信大佬，基础报告就很ok~超感谢！不过设计报告基本上都是一个人写一份
126092,1474,金心宇,2020-09-17 09:37:53,0,0,0,讲课生动，搞过很多大项目的实力老师
126907,1474,金心宇,2020-10-27 12:45:42,-1,0,1,呵呵呵，一个同事课顶得上专业课了，自己体会吧，草
127355,1474,金心宇,2020-11-21 03:18:33,3,3,0,作为大一收获的第一门满绩，感觉挺不可思议的！就是平常的五节课确实要做好心理准备，讲课的难度不小，做实验对于没有大佬的小组简直次次玩的就是心跳。但老师人挺好，我们小组总是不能及时完成实验，他很耐心地帮我们一起找错误，最后一起完成实验就好。最后大作业和线上考试二选一，平时有思科作业和实验报告要写，不论五节课的时长，课后确实没花费多久的时间，对安装路由器啥的有兴趣就来看看吧
127514,1474,金心宇,2020-11-24 00:12:28,0,0,0,老师人很好，可惜被正态了。
131902,1474,金心宇,2021-01-29 09:42:30,0,1,1,非工科的别选，连着五节课比较浪费时间，说实话也学不会什么东西
138170,1474,金心宇,2021-07-07 16:45:13,0,0,0,老师，人很好，认真学真的能学到很多东西
141045,1474,金心宇,2021-09-22 06:50:23,0,0,0,我只上第一节课，剩下的就是马老师李老师或者张昱老师上
4026,1521,王曰海,2015-06-17 14:24:07,-2,3,5,不知道
6303,1521,王曰海,2015-07-13 01:21:03,11,12,1,讲课不好\n\n
26508,1521,王曰海,2016-06-19 10:16:07,21,26,5,讲课不好，上课教你看几段代码，下课就要你写驱动，上课给你个鸡蛋，下课要你孵小鸡\n\n整个人都不好了
27244,1521,王曰海,2016-06-24 03:04:19,11,11,0,建议有代码功底的同学可以来受一下虐，想来学习的同学就做好自学准备吧\n\n
27314,1521,王曰海,2016-06-24 15:15:34,19,21,2,懒得可以啊，来骗工资的吧
49024,1521,王曰海,2017-03-22 01:44:07,6,6,0,呵呵了
55319,1521,王曰海,2017-07-01 08:57:39,9,9,0,造火箭造火箭\n\n0安卓编程基础同学选这课完全就是作死
56968,1521,王曰海,2017-07-05 05:05:33,0,3,3,移动计算课程主要就是学习安卓开发，然后需要小组合作做出一个创新项目，有能力的可以开发tvos…建议有编程基础并且喜欢自己搞研究的同学选择，给分应该还可以？
84336,1521,王曰海,2018-07-12 15:01:05,-7,1,8,这门课，确实比较适合有基础的上，不过给分是真的好啊，没的商量
84356,1521,王曰海,2018-07-12 15:38:34,10,11,1,全浙大最辣鸡的老师！！上课不讲内容，只让你展示，展示也只从来不抬头看，最后给分完全是乱给，上了这门课你会感觉一学期的努力白费了！！
91096,1521,王曰海,2019-05-22 05:33:28,10,10,0,没有技术含量，毁我青春，讲课和催眠一样，而且没有重点，上课给你看看几句代码，下课你给我写一个库出来
93799,1521,王曰海,2019-01-14 00:15:48,3,3,0,讲课不太好
108368,1521,王曰海,2019-05-22 05:33:51,3,3,0,咋还开祸害AI课程？？从华为拿钱了是不是
138700,1521,王曰海,2021-07-10 11:56:57,10,10,0,不知所云，认识实习C++讲的奇快，不清不楚
158390,1521,王曰海,2022-06-29 06:13:12,3,3,0,阿巴阿巴
158427,1521,王曰海,2022-06-29 06:56:49,2,2,0,阿巴阿巴巴
158774,1521,王曰海,2022-07-08 04:02:38,5,6,1,讲的一坨浆糊\n\nC小C大双5.0应该还是稍稍微有点资格说一下的\n\n完全不顾大一C语言的学习情况直接不顾头不顾尾的甩给你一堆概念，讲的还快也没有实例支撑\n\nwk老师的网课那么好但也是莫名其妙的放上来，也不知道作用是什么需要哪些预备知识\n\nPTA布置的题还跟课件屁点关系没有，打算让我怎么写= =\n\n大作业更是莫名其妙，进浙大从来没上过体验这么差的课
159735,1521,王曰海,2022-08-26 10:27:47,2,2,0,开学之前评价一下大一短学期。\n\n线下的C++，对基础差的同学有一点不友好了。不过没关系，这个线下课似乎也并不期望同学们能听懂。\n\n线上的慕课和PTA的作业，内容很多很杂，而且不匹配，明显感觉慕课和作业题是东拼西凑出来的。反正我的做法不是“根据慕课内容做作业”，而是“根据作业内容查资料自学”。\n\n大作业意义不明，可能带有营销性质，甚至引发了一系列特殊行为。\n\n总体来看，既有线下讲座，又有线上慕课，既有平时作业，又有大作业。但是好像不太能从中学到什么东西，甚至原本就不打算教会我们什么东西。不过我看过其它学院的更水的短学期，相比之下我们的形式丰富，体量蛮大的。
165912,1521,王曰海,2023-01-10 10:41:44,4,5,1,短学期\n\n只是为了把PPT过一遍的课堂，推广性质的大作业，祖传且毫无知识铺垫的pta作业，莫名其妙的网课，给勤奋乐观学院的大一同学见识了一下这就是信电
201691,1521,王曰海,2024-11-05 11:36:50,1,1,0,短学期C++讲的非常快，学不到任何东西，简直浪费时间
30392,1557,龚淑君,2016-07-01 13:06:09,0,0,0,老师简直萌萌哒，超喜欢，通原实验虽然很水，但是讲解耐心
114943,1557,龚淑君,2019-07-13 01:35:17,-1,0,1,司马脸
138839,1557,龚淑君,2021-07-11 07:02:16,4,4,0,短学期课好难，呜呜呜呜
26239,1621,李凯,2016-06-16 10:58:12,5,5,0,凯神水水哒～
27247,1621,李凯,2016-06-24 03:11:45,21,25,4,对于不喜欢场波这门课的人来说，凯神绝对是男神。如果喜欢场波的话，建议你换个老师
28015,1621,李凯,2016-06-28 07:59:35,4,5,1,座位固定，每节课讲名人，这课本身就难吧，不能怪老师
28935,1621,李凯,2016-06-29 03:54:09,6,7,1,李凯老师虽然课水，但是给分真的很好
29758,1621,李凯,2016-06-30 09:37:59,4,5,1,水水的老师，但是有个漂亮的助教姐专门讲题，考试不用怕，给分也好。
47881,1621,李凯,2017-02-27 01:48:35,4,4,0,上了第一节课水，水到爆炸，先过来攒点人品
49028,1621,李凯,2017-04-03 03:58:04,-13,2,15,这老师我也是无语，一节课讲完一章，我操\n\n
54750,1621,李凯,2017-06-30 07:00:56,8,9,1,虽然上课我听不懂，但是给分真的好qwqqq
54753,1621,李凯,2018-12-25 11:32:17,4,4,0,对不喜欢场波这门课的人来说凯神真的是男神
54756,1621,李凯,2017-06-30 07:14:49,5,5,0,老师人超好w
54757,1621,李凯,2017-06-30 07:15:04,4,4,0,水 给分好
54766,1621,李凯,2017-06-30 07:44:51,5,5,0,给分还好，小测也挺简单的，想要高?点可以选
55126,1621,李凯,2017-07-01 01:11:18,2,4,2,被卡分了
80943,1621,李凯,2018-07-03 03:10:05,8,8,0,凯神的课让你知道一个老师可以佛系到什么程度
83724,1621,李凯,2018-07-11 05:53:16,3,3,0,还有比这个更好的老师？
106681,1621,李凯,2019-04-29 02:39:52,3,3,0,水水水
114505,1621,李凯,2019-07-10 08:53:41,4,6,2,想拿高绩点的这边请，凯神66666
114506,1621,李凯,2019-07-10 08:54:23,5,6,1,老师真的好好啊
114507,1621,李凯,2019-07-10 08:57:45,15,16,1,可以保证学渣及格\n\n\n\n可以保证学霸高绩点\n\n\n\n这样的宝藏老师\n\n真真不想推荐给别人
114508,1621,李凯,2019-07-10 08:58:09,13,14,1,不多说，期末卷面分大概不到30分。总评79。\n\n
114516,1621,李凯,2019-07-10 09:28:38,6,6,0,给分好的老师
114522,1621,李凯,2019-07-10 09:43:29,6,6,0,emmm如此难的课，挂科率竟然为0。。。全部高分，必须满分啊。凯神牛逼，助教小姐姐美美哒！
114526,1621,李凯,2019-07-10 10:17:04,8,8,0,如果你不想学这门课但是你想过，请一定选李老师的课。
114817,1621,李凯,2019-07-12 00:56:40,3,4,1,上课有点水，考试前认真复习，老师不会辜负你的
139496,1621,李凯,2021-07-16 13:44:12,6,7,1,凯神给分太好了，超出预料~场波还是要好好自学啊，太难了，特别是今年题型变化比较大T_T
141891,1621,李凯,2021-10-30 08:53:59,27,28,1,欲学场波请往别处，想拿高分请入斯门
158302,1621,李凯,2022-06-28 07:49:36,0,3,3,无语了这什么老师啊
159059,1621,李凯,2022-07-05 08:13:09,0,2,2,把大硬课上得像通识课，闹着玩一样...
176847,1621,李凯,2023-06-30 11:25:21,1,1,0,中文班的神
176851,1621,李凯,2023-06-30 11:35:36,1,1,0,lk是神，无需多言
176852,1621,李凯,2023-06-30 11:35:40,0,0,0,凯爹狠狠的捞啊😍😍😍
176857,1621,李凯,2023-06-30 11:59:33,1,1,0,凯神我的亲爹，给分远超预期
177511,1621,李凯,2023-07-03 14:11:50,1,1,0,小测两次80左右，期末74，总评90\n\n凯爹平时确实佛系，但是给分确实很照顾人，选不到院长chs和隔壁郑史烈的，建议来这个拿分
177663,1621,李凯,2023-07-04 06:25:02,1,1,0,选就对了
195909,1621,李凯,2024-06-30 22:40:09,0,0,0,选😋（英文班看个人情况，场波还是容易水
195930,1621,李凯,2024-07-01 01:48:23,0,0,0,上课非常佛系，但是给分非常好
196439,1621,李凯,2024-07-03 11:53:17,0,0,0,感觉给分一般般
221721,1621,李凯,2025-06-25 15:25:17,0,0,0,给分不错
49157,1655,叶险峰,2017-03-28 02:10:23,5,7,2,非常垃圾
121749,1655,叶险峰,2020-01-21 13:20:25,7,8,1,上的是电设实验一。三个老师可以按照身材来分，最瘦的是施红军，其次是李锡华，最后是叶险峰。\n\n施老师整个人超级儒雅，很有耐心（长得还很帅），前前后后帮我orcad装了好几次（每一次都是一两个小时），真的很感动。\n\n____\n\n该严格的时候很严格。比如迟到会被记录，最后一节课实验考试的时候也看着好多人没有画出波形被老师残酷的收走试卷。\n\n但是平时上课老师是真的非常有耐心，也很和善，积极解答你的所有问题（这一点信电真的比工训和大物实验好太多）。这样的老师我觉得才是真正的好老师。三个老师都是值得打十分的。____\n\n但是还是要吐槽一下现在的电设上课模式。1课时的学分，2课时的上课时间，4课时的工作量。确实感觉付出与学分相差的太悬殊（不过确实学到了很多东西，收获满满），最后给分还可以，不好不坏。听老师说是被强行压缩的，老师也很无奈。\n\n
136329,1655,叶险峰,2021-06-16 10:03:31,4,6,2,呵呵呵
136738,1655,叶险峰,2021-06-24 00:21:08,8,8,0,发生过不愉快
146030,1655,叶险峰,2022-01-05 06:13:27,10,10,0,一副看不起学生的样子
158049,1655,叶险峰,2022-06-26 12:25:15,7,7,0,摸鱼三人组之首
191923,1655,叶险峰,2024-05-05 10:16:25,7,7,0,就你在五一刚回来就要求上交设计报告是吧？元件都没焊 代码都没调你就要交报告是吧 这么喜欢赶英超美搞跃进是吧
191946,1655,叶险峰,2024-05-06 03:46:06,2,2,0,课程安排一塌糊涂
195011,1655,叶险峰,2024-06-27 02:59:52,9,9,0,破事一堆，时间瞎安排，专业能力是一点没有的。根据统计这次给分也是一塌糊涂，纯粹乱给，以后实验报告建议随便写，真是纯🐮🐎
196252,1655,叶险峰,2024-07-02 15:07:08,2,3,1,电设实验2，首先老师确实一幅看不起学生爱答不理的样子，其次很垃圾的课程设置（后人切记一定不能在电路设计和PCB绘制阶段马虎），最后很恶心的给分（顺利完成任务+认真写报告，喜提3.6）。\n\n建议学院招点有水平的老师，少点混饭吃的。
205359,1655,叶险峰,2024-12-05 04:18:40,1,1,0,退休吧。。。
219949,1655,叶险峰,2025-06-12 03:59:21,0,1,1,依托！！！！！依托！！！！！评分标准根本不说清楚，随意更改截止时间，课程设计一团乱麻，同学提出问题还在群里阴阳登味发言，且自认为正确毫无补救措施，这是什么？这是shi啊！更别提上课也只会摸鱼，知识技能一点不教，真的是三人组里的老鼠屎，就你还副教授？？？？？
219954,1655,叶险峰,2025-06-12 05:42:42,0,1,1,莫名其妙搞个MOOC也是唐完了
219955,1655,叶险峰,2025-06-12 05:55:32,2,2,0,我恨这门电设实验，他现在的评分应该高于我未来的绩点。mooc期末考试只给两天时间完成，求情油盐不进说没法改截止时间。
220293,1655,叶险峰,2025-06-17 07:23:00,0,1,1,搞个形式主义的MOOC是干什么用的？？？
220338,1655,叶险峰,2025-06-17 10:13:09,0,1,1,mooc纯nt
221632,1655,叶险峰,2025-06-25 04:38:35,1,1,0,shi，纯摸鱼，形式主义，完全不把学生当回事，明明施老师，邓老师都很认真负责，这diao人完全是依托shi
6919,1682,沈会良,2015-08-10 05:52:53,3,17,14,不回邮件的老师
13613,1682,沈会良,2015-12-30 05:13:28,16,27,11,上课水。基本没听过。最后给分不错
25681,1682,沈会良,2016-06-02 03:20:22,5,10,5,xjb事多，上课就是念书，大作业搞死人
31959,1682,沈会良,2016-07-05 08:33:13,11,15,4,课讲的水，大作业难。\n\n但是！不给人挂科
31961,1682,沈会良,2016-07-05 08:36:29,-3,5,8,老师的善良真的非常感人!
55354,1682,沈会良,2017-07-01 10:35:54,0,4,4,给分很实在
55504,1682,沈会良,2017-07-01 16:16:14,10,13,3,老师给分很感人了， 浓浓师生情。虽说大作业看起来挺难但是认真找找资料也能很快做好不会费很多时间。总之感谢老师
55513,1682,沈会良,2017-07-01 18:14:19,6,8,2,邮件会回的，而且真的很少给挂科，虽然课很水，基本跟着ppt走，但是大作业的时候问他东西都是很热情的，学术方面还是不错的，同时今年的助教也很不错的?
55763,1682,沈会良,2017-07-02 10:38:03,3,6,3,选课的时候看到他信号的均绩很低，有点慌。但是看到有人说给分不错就毫不犹豫地选了。事实上给分确实不错，拿到了理想的成绩。
56775,1682,沈会良,2017-07-04 15:09:48,3,3,0,还行吧
65378,1682,沈会良,2018-01-03 12:26:05,-4,1,5,绝对满分！人太好了
76771,1682,沈会良,2018-04-23 02:28:56,0,3,3,超级有魅力
82124,1682,沈会良,2018-07-07 07:26:02,2,5,3,老师人很好的....but....考试那天还要交作业......那些不停问老师第七章作业交不交的...我真的恨死你们了...
84258,1682,沈会良,2018-07-12 11:12:53,2,5,3,讲得很细 大作业收获很多 最后的给分也很好 一张儒雅的风格
84262,1682,沈会良,2018-07-12 11:16:02,4,5,1,老师给分挺棒的，人也会耐心解答一些很zz的问题
84264,1682,沈会良,2018-07-12 11:20:18,-1,3,4,上课照书讲的时间较多，偶尔会有补充，平时4次大作业总计40分左右，4次小测每次2分(不追求满绩的可以翘1，2次)，考试当天要交作业。由于平时分占的比例大，认真做大作业分不会太低。但是每个大作业真的很花时间，如果你是大佬或者别的课事比较少，可以一选，事多的最好别选。老师本人比较亲民和善。说的够详细了，考虑仔细再决定要不要选
84265,1682,沈会良,2018-07-12 11:21:41,0,2,2,！！！
85948,1682,沈会良,2018-08-25 15:52:12,4,5,1,挺不错
105135,1682,沈会良,2019-04-04 06:28:30,0,3,3,讲课就像催眠。
109116,1682,沈会良,2019-06-08 16:40:50,0,4,4,事情真的多
111069,1682,沈会良,2019-07-03 22:40:13,0,3,3,事情巨多，看到成绩觉得和付出还是成正比的
112221,1682,沈会良,2019-07-03 23:29:56,3,5,2,老师人真的好，给分也好，大作业不是很难吧，小组合作做做还是挺快的
112311,1682,沈会良,2019-07-04 01:18:56,-1,3,4,平心而论，老师其实比较希望我们提升动手能力，所以会把重点放在大作业上，至于理论知识课堂上会讲得有点快TAT，但是只要大作业好好做了收获还是很大的，最后给分也很好hhh，助教们也很nice~
114667,1682,沈会良,2019-07-11 03:04:31,-1,2,3,给分很好 平时大作业多 有四个星期没上课
115017,1682,沈会良,2019-07-14 06:45:30,4,6,2,可爱的老师
126426,1682,沈会良,2020-09-26 12:24:27,6,8,2,很不错
129230,1682,沈会良,2021-01-01 14:02:53,3,6,3,很不错
137691,1682,沈会良,2021-07-05 15:30:27,2,4,2,老师给分太感人了
137704,1682,沈会良,2021-07-05 16:49:00,7,10,3,老师人挺好，但是讲课几乎就是念ppt，而且上得特别快。另外4个大作业真的事情特别多，又要写代码又要做ppt又要写报告还要展示，一门课顶4门课，实在牛。还有3次小测，每次课后作业二三十道题没两个下午做不完。要说老师给分好也就算了，问题是给我打的分也不高啊，只能说选这个老师十分后悔，从没遇见事情这么多的课，感觉整个学期都被这门课疯狂支配了，只能说大佬的话随意，和我一样的菜鸡的话慎选吧
155763,1682,沈会良,2022-06-15 17:17:17,9,13,4,沈老师本人是很有钱（划掉）很有亲和力的老师，每次下课都能和同学们侃大山的那种。\n\n不过对于老师的课，评价是两极分化的：喜欢的人觉得三次大作业很有意思收获满满，不喜欢的觉得上课讲的又差又困而且事情贼多。不喜欢大作业的慎选哦～\n\n老师也向我们解释过他这么授课的理由，他的教学理念是：实操技能最重要，理论部分么都是上浙大的人了，无需多言大家都能理解的。所以反应到教学方式上就是，平时上课只会飞速念ppt，留出大量时间给做大作业。大作业的内容主要是阅读文献+复现结果，和科研有些相似，不会太复杂。但是事情是真的有点多啊，一周时间内爆肝matlab代码、展示ppt、实验报告，学分多了真的撑不住。\n\n当然了，最后的给分是真的不错，也无愧一个学期的付出了。\n\n所以选课建议是，喜欢大作业就选吧，老师不会让你失望的。最后一个小小的tips，理论部分建议听hhj老师去年的智云课堂，和吸毒一样会上瘾的，我曾一个周末看完了两个月课。
174362,1682,沈会良,2023-06-10 14:46:03,0,3,3,呵呵呵
176329,1682,沈会良,2023-06-28 12:00:19,-1,3,4,可以选 给分好  大作业较麻烦
176348,1682,沈会良,2023-06-28 13:14:27,1,5,4,讲课水平一般，大作业很多，但认真做之后会很有收获，给分很好，有能力的建议选，不喜欢打作业的还是能逃就逃吧
177940,1682,沈会良,2023-07-05 16:05:25,2,3,1,讲课对着PPT念，大作业多但是全认真完成能拿个不错的分数，建议上课不去在b站上看hhj的课，大作业认真完成，最后好好复习，绝对能拿个好分数
178385,1682,沈会良,2023-07-11 11:05:39,-21,27,48,上课怎么样，老子没资格评价。只是想奉劝各位看了他PPT研究方向介绍想来他实验室读研的同学，不想死就赶紧走，已经来了就算是拼命也要走！\n\n实验室真实现状：人间地狱，血汗工厂！压榨学生，除了pua啥也不会！给拧螺丝的钱，干造火箭的活，只会催进度，急的时候每天都要开会汇报！\n\nCV？不存在的！接到什么项目就得做什么项目，从零开始那种，写qt，画pcb，只有你想不到的项目，没有ivlab不做的项目！经费给够，航空母舰也给你造出来！\n\n科研？不存在的，博士都得做项目，项目做不出来，你的科研就是没有价值的！\n\n发顶会？各凭本事，但是沈会良可是连CVPR都看不上的！项目做不完还想做科研？大胆！\n\n快逃！！！！！！！！！！！！！！！！！！
178686,1682,沈会良,2023-07-17 13:00:17,7,8,1,作为导师怎么样，我没资格评价，但是这里是查老师，不满请去研控等平台，不要在这里误人子弟\n\n\n\n平衡一下，非shl班，为yhm班
178694,1682,沈会良,2023-07-18 10:21:42,5,12,7,实验室的人看不下去了，你有问题为啥不直接冲？什么怂逼，沈老师私德没有任何问题，你在这跟个阴兵一样，你自己干了多少活心理没点数吗？别的干活的同学都没说什么，轮得到你了？
178702,1682,沈会良,2023-07-18 16:52:23,6,7,1,保护保护
178703,1682,沈会良,2023-07-18 17:56:56,6,12,6,沈老师学生，真看不下去了，出来说两句，想查我身份的去主页看论文作者，上面有我邮箱。首先，实验室钱发的很多，堪称信电第一档，诚然干活沈老师有时候强度比较大，但在项目周期外根本不会push你。其次，都读研读博了，科研不靠自己难道靠老板给你一口口给你喂饭？反正你自己干了多少活心里有数，想想甩锅了多少。现在在这发疯似的发泄，更显的你无能和懦弱，有本事的直接去办公室好好聊，背后捅刀子真小人（真聊过的人我就没见过沈老师不同意的，他只是平时忙了所以注意不到，私下说的要求他基本都满足了）
178728,1682,沈会良,2023-07-20 11:55:16,3,5,2,不错的老师
178778,1682,沈会良,2023-07-22 08:37:00,20,27,7,我是实验室的4年同学，做过项目发过文章，是曾跟老师面红耳赤争吵过，也是在酒桌上被老师叫过哥的一个普通同学。我发表一下见解：1）人是一切社会关系的总和，当我们力求全面的判断一个人时，最好联系他所处的背景；2）当我们心有不满时，应该明辨这种不满情绪是源于别人，还是源于自己对自己状态的不满，转而怪罪别人；3）大丈夫做事，应当光明磊落。\n\n1）人是一切社会关系的总和。据我所知，zju对老师有横向课题考核要求（具体不清楚，不敢乱说）。从实验室学生的角度看，沈老师之于学生是学术权威的存在；从学校的角度看，他是一个非长江、非院士的科研民工，他无法制定和改变大的方针政策。作为学生可以理解他：他不是chatgpt，无法每天围着学生转，在科研领域内做不到有问必答或有问必会，他也有着他应该通过的考核，精神压力也大。那么科研有问题怎么办？a.看论文找方法，b.问师兄。老师能提供什么帮助？（这个欢迎大家补充）\n\n2）应该明辨不满情绪源于别人还是源于自己。诚然，实验室的项目多，同时每年实验室也有很多优秀的文章产出。我常常自省：那些能够发表好文章同时也能完成项目的同学为什么可以做到。我认为a.努力；b.选对方向；c.多看文章多交流。当我们明辨了情绪来源时，应该主动去解决。我认为写项目申请书影响进展时，我会直接跟老师说没时间，尽管当时不会很愉快，但是后来老师还是跟我说好好科研；当我认为自己的不满是源于实验没有进展时，我会找实验室的同学讨论，他们都很热情。\n\n3）大丈夫做事，应当光明磊落。我认为同学可能因毕业、找工作等因素没时间做项目上的事，进而抱怨项目多是情有可原的，我也是因此跟老师闹了一次不愉快。但是，在网上发表言论时，应该分清“就事论事”和“恶意诋毁”的边界。在我看来，“就事论事”的态度应该是明牌说背景、说需求、说冲突、说解决方法、说结果。我建议小兄弟悬崖勒马，不要让心中的恶伤害了你的光明未来。
178779,1682,沈会良,2023-07-22 12:51:00,14,16,2,沈老师的学生，今年信号与系统的助教，之后几年大概率也是我。\n\n沈老师的信号与系统课程相对于其他教学班，在课程设计上确实会更加测重大作业，有一定的难度，在做大作业的过程中难免会遇到挫折和多次试错。但如果能沉下心来认真的做一做，我相信大家做作业时的付出都是值得的。大家在课程中遇到的任何问题，都可以随时找老师或者助教进行讨论，也希望上过课的同学们对我们的课程安排提出自己的看法，帮助我们更好地完善课程。总之，希望之后的同学在课程选择的时候不要被恶评干扰，就课程本身而言，还是希望同学们多学到一些东西。\n\n对于在查老师恶意刷屏的人，我只能说，这种行事风格我是看不起，有什么不满大可以放在明面来说，躲在暗处背刺就能解决你的问题？如果能的话我真诚建议你去看看心理医生。
178789,1682,沈会良,2023-07-23 01:01:40,6,8,2,沈老师上课还是很用心的，诚然沈老师有时候有点直男，但私德完全没问题。\n\n实验室蛀虫啥都不干然后因为找工作考公不理想在这无能狂怒我是真的栓Q，干活的人都没在这抱怨你抱怨个der
178800,1682,沈会良,2023-07-23 14:29:37,1,2,1,保护保护
178803,1682,沈会良,2023-07-23 14:54:59,1,2,1,保护保护
178812,1682,沈会良,2023-07-24 06:23:29,2,3,1,保护保护
178813,1682,沈会良,2023-07-24 06:23:51,1,3,2,保护保护
178814,1682,沈会良,2023-07-24 06:24:03,0,2,2,保护保护
178818,1682,沈会良,2023-07-24 10:10:14,0,1,1,加油！你是最棒的！
178935,1682,沈会良,2023-08-02 09:29:57,1,1,0,保护保护
184705,1682,沈会良,2023-12-22 09:10:30,0,0,0,还可以
191889,1682,沈会良,2024-05-03 14:34:22,0,0,0,老师人真的很和蔼，上次去他办公室，还在改论文
199740,1682,沈会良,2024-09-28 14:41:01,0,0,0,保护保护
19654,1713,金韬,2016-01-25 04:32:54,5,8,3,老师人很好，问很蠢的问题都会很耐心解答。上课有时候会叫人回答问题
20627,1713,金韬,2016-01-29 07:02:50,17,20,3,老师人很好，给分不错。对学生耐心~有时挺幽默的
26142,1713,金韬,2016-06-16 05:54:22,4,6,2,挺有趣的给分也好虽然还是听不懂
33658,1713,金韬,2016-09-21 01:45:05,0,0,0,还好哦
33729,1713,金韬,2017-01-19 10:28:45,0,1,1,很认真的老师
45334,1713,金韬,2017-01-19 11:18:38,2,2,0,老师讲课好棒的，而且很温柔哦~
45350,1713,金韬,2017-01-19 12:24:13,1,3,2,笑起来超可爱   对待学生很耐心 就是实验有点多 但是给分总体还不不错的 另外爱叫同学起来回答问题
45464,1713,金韬,2017-01-19 14:52:55,0,1,1,可爱的老师，上课各种暗示引导，虽然讲的一般但很有耐心上课认真听最后成绩肯定不错的
49668,1713,金韬,2017-04-23 04:51:05,4,5,1,给分挺好的，但是叫人起来回答问题真是太尴尬了，一共被叫了三次全都没答出来，好丢脸
51756,1713,金韬,2017-06-09 05:21:40,0,1,1,老师人很好，讲的也很清楚，会叫人回答问题所以不容易开小差~
58920,1713,金韬,2017-09-18 12:35:24,1,1,0,好老师哦 真的讲得很详细 而且不容易走神
60084,1713,金韬,2017-10-11 07:20:33,0,5,5,老师很耐心，讲的很细致，这样的课，我浙学生还学不好，只能怪自己了
61005,1713,金韬,2018-01-25 04:08:34,9,10,1,尽管老师讲的认真，人也不错，但我并不觉得适合我，前面电路原理讲得很详细，也跟得上。但后面模电就听得很艰难了，上课有时候莫名其妙地讲得很快，然后就跟不上了，导致我模电基本靠自学，这是我自己的问题......建议学弟学妹们选电基老师的时候还是要找到适合自己学习状态的老师吧，评分高的老师，其授课方式不一定适合所有的信电学子，这是我的忠告！
69247,1713,金韬,2018-01-24 10:58:52,0,2,2,老师讲的很好，语速慢所以让人觉得进度不快，但有时候其实还是有点快的。上课会叫人回答问题，答不出来也会慢慢引导你，虽然每次到了点名环节都有点紧张，但从另一个方面来说很久没上课这么认真了。每周一次作业，一学期两次小测验。给分好！！！
75647,1713,金韬,2018-03-14 14:42:09,0,2,2,很喜欢老师，给同学解答超耐心。
87928,1713,金韬,2018-10-18 02:27:32,1,1,0,讲的太快了_(:з」∠)_
89625,1713,金韬,2018-11-20 04:41:12,0,2,2,很好哒
90322,1713,金韬,2018-11-23 06:50:17,0,1,1,电击这门课均绩怎么会这么高？期中均分只有69
91421,1713,金韬,2018-12-09 15:55:14,2,3,1,老师人很好，很可爱，可我还是什么也不会……
94585,1713,金韬,2019-01-17 09:15:15,8,9,1,老师不错，助教真的没话说，不太负责
97621,1713,金韬,2019-01-22 12:13:56,15,16,1,这给分我无语了
97643,1713,金韬,2019-01-22 12:38:04,9,9,0,老师真的是好老师，但是助教一言难尽，群里问题不回，不知道为什么强制要求私戳去问，作业给的答案也错很多，完全不负责任
98276,1713,金韬,2019-01-23 09:06:06,-1,6,7,老师讲得挺好的，挺幽默，一开始讲模电的时候还专门花两节课帮我们复习了BJT和MOS管。
98434,1713,金韬,2019-01-23 12:41:29,16,19,3,为什么别的班不仅期末考试一道大题一摸一样做过 平时分都给满 我们平时分反而还要扣个几分...
99511,1713,金韬,2019-01-25 01:44:53,16,17,1,这老师太严格了，给分并没有很嗨
142647,1713,金韬,2022-01-10 03:27:16,36,37,1,呜呜呜呜呜
143762,1713,金韬,2022-01-11 14:00:34,29,30,1,我并没有以最坏的恶意来推测电基\n\nrnm，\n\n“我讲完后，哪管他洪水滔天！！！”\n\n法兰西万岁\n\n法兰西万岁\n\n法兰西万岁\n\n砰~砰~砰~\n\n卒-------------------------
144904,1713,金韬,2021-12-26 01:37:21,27,27,0,1.上课提问，回答不出来就一直引导你回答，严重拖课堂进度；\n\n2.讲课细节缺失较多，很多东西需要自己下课去摸索；\n\n3.采用第7/8版Sedra教材+童诗白书做的ppt进行教学，有些题连答案也没有，学期末TA连个作业答案都不发了，我们怎么复习？\n\n4.作业难度大（绝大多数是英文），有些没答案，即便是高度自觉的同学，也不能很好地进行自查和纠错；\n\n5.老师人不错，但是电基这门课的课程设置过于极端，管理混乱，各个班之间区别太大，有些步子迈太大扯到档的感觉；\n\n最后我想说，既然童诗白的教学体系已然很成熟，我们如果想对其进行改造，并不需要如此大费周章的搞这些英文习题——因为考试类型基本和中文题一致，那么我们花那么多时间在英文题上的意义不就大大缩水了吗？\n\n最后的最后，郑益慧，yyds
146046,1713,金韬,2022-01-05 08:19:15,-15,5,20,那个说不给答案的，学在浙大的‘作业’点进去是有答案的。\n\n而且jt上课点人回答问题u1s1虽然很烦但还是提高了我的听课效率，反正答不上也不扣分。\n\n\n\n不过讲课一般，作业英文教材题目符号、方法和上课讲的有出入，确实让人很头疼。这种作业说实话并不能很好地起到巩固知识的效果。\n\n给分嘛，就非常求是，嗯( qwq \n\n\n\n最后，郑益慧yyds！
147423,1713,金韬,2022-01-10 03:11:54,20,21,1,别的电基班平时分都是给满的 只有金韬班的是实打实计算 完全绩杀 快逃
147431,1713,金韬,2022-01-10 03:25:30,19,21,2,59都不捞?
147449,1713,金韬,2022-01-10 04:24:41,23,24,1,非常非常非常🐔杀，作业和考试毫不相关，英文作业，还会给你作业打分，非常尽力一般也会给你93，我不懂，还有大作业，前一天晚上11点交，第二天早上出了，也是93，我不懂，感觉这门课，你像微积分老师那样好好讲，我也是能懂的，结果你tm上课不讲题作业全英文，隔几个礼拜在给答案，这学锤子呢。期末也不知道哪里是重点，只知道他都讲过，又好像不是很重要，结果就考了
147457,1713,金韬,2022-01-10 04:49:16,12,13,1,隔壁非教改班表示同情
147633,1713,金韬,2022-01-10 10:52:02,16,17,1,这个老师一副老谋深算的样子，别的班平时分都拉满，这个人平时分一点不提高，就是很求是。这门课也非常难，他讲的很多地方都有小问题，甚至于出现了错误（但这种时候一般都含糊其辞说过去，你问他的时候也会支支吾吾蒙混过关）。助教我不知道以前如何，我们这一次的很垃圾，烂人一个。问问题从来不回答，我看他自己也不会的，毕竟平时作业他给的答案每次都有错误。同时，他每次就根据自己有错误的这个答案来给你批分，期末的平时分也是按照这个分数来算，你说气不气？楼上59分的兄弟我还认识，真的惨。别选这辣鸡老师，学得好不如选的好，不然你会很痛苦一学期的！他的课都是每次作业写周末一整天，网上找不到答案，全英文，上的和写的完全不一样的那种！
148084,1713,金韬,2022-01-11 12:57:34,23,24,1,老师，我rn仙人，助教，你仙人rn，老师仙人，你r不r你仙人，给句痛快话，你助教r不r老师，不r?你助教仙人r你老师仙人。
148134,1713,金韬,2022-01-11 14:52:41,-42,9,51,10分，为老师鸣不平。\n\n老师非常好，讲课清晰为人诚恳。平时作业认真做基本都会给高分，期末好好复习也能拿到满意的分数。\n\n那些平时不努力，上课都不来上的人活该挂科，差不多得了，有这闲功夫去diss老师真不如上街去见见世面，你真以为浙大文凭这么好混？？😅 😅
148168,1713,金韬,2022-01-11 17:24:37,5,17,12,楼上我去你妈的 不管他教的咋样，别的班作业交了就给满，就这老师特殊是吧？你tm差不多得了😅😅😅😅
152549,1713,金韬,2022-04-14 10:53:48,-17,9,26,有一说一，感觉身边只要平时上课都来了的，作业都认真做了的，分数都还可以。那些平时旷课不交作业，最后还想混过的也只有在这里打打嘴炮找找同情感吧。不然这对我们平时踏踏实实学习的同学也不公平。
156676,1713,金韬,2022-06-20 15:02:48,9,9,0,均寄2.16说明了什么？
162752,1713,金韬,2022-12-05 14:42:42,8,8,0,jt用的是最简单的那版ppt，ppt里面缺失了很多的细节，尤其是模电部分，从头到尾基本上只有图没有字，很多概念不加解释直接抛出来，例题也基本没有。而jt上课又有点念ppt，导致上课看似什么都讲了，但是什么都听不懂，课后复习也不知道ppt想要表达什么，得求助教材或者其他班的ppt。\n\n关于上课提问的事，提问并不是不好，但是本身讲的内容大家都难听懂，这个时候还要强行让同学回答，答不上来就一直引导，这样很浪费时间。一次课可能有一半的时间都用在了同学回答问题上，而这么多时间明明可以把内容讲得更清楚一点。（说得带有情绪一点：我一度认为jt是在用提问的方式弥补教学内容的匮乏；线上上课的时候我更这么认为了。）
165486,1713,金韬,2023-01-07 04:12:15,7,8,1,也不能说特别特别差吧。。。至少金老师是面向考试教学。。。也许你不一定能学明白，但很会做题。。。
165617,1713,金韬,2023-01-09 04:27:12,0,1,1,鉴定为不行
165898,1713,金韬,2023-01-10 09:24:49,4,5,1,老师上课比较快，细节讲得少。但为人很好，对学生的提问很耐心，也很照顾学生。只要好好学其实给分还可以的
165909,1713,金韬,2023-01-10 10:35:20,5,5,0,课件写的比较简单，好在结构还算完整，至少让人知道哪里没写\n\n上课专业提问，比较拖进度\n\n好在作业直接用网站题，让同学们从开学起养成面向网站学习的好习惯
166529,1713,金韬,2023-01-12 15:44:43,3,5,2,中道崩殂，命不久矣
166550,1713,金韬,2023-01-12 17:51:28,9,10,1,20级信工最终成为最大受害者😥时隔一年还是气不过
168089,1713,金韬,2023-01-26 10:39:34,0,2,2,“浙大文凭”那一条是助教说的吧
173830,1713,金韬,2023-06-03 11:13:19,0,0,0,金韬大师课！
188588,1713,金韬,2024-01-19 10:21:15,6,7,1,今年给分比隔壁班好，至少平时分基本不扣。上课面向考试，学起来压力也还行。可能今年选他的人特别少所以改良过了吧。
193707,1713,金韬,2024-06-16 02:21:26,2,2,0,老师讲课水平确实低了点，但是可以看出来教学态度上确实有在改进的，平时分基本不会瞎扣，作业也都有答案了。\n\n而且会专门用几节课来讲习题，针对应试上还是可以的。\n\n平时建议练习网站上的题目，期中期末前最好把题目都刷一遍，起码也得看一遍有个思路。\n\n总结：讲课不行，但课要来上（抽人回答问题）。会教你怎么做题，给分好。
213166,1713,金韬,2025-01-16 07:41:21,4,5,1,上课不错，给分不错
213796,1713,金韬,2025-01-20 03:35:30,4,4,0,今年平时分几乎给满了，无论是作业还是专业报告，助教批改的给分几乎都很好，而且别的事相对不多，别的班可能要卷发言，这里的话就是确保你到了就好。感觉相比前几年的评论差距的比较大，可能是改进了。而且感觉老师水平算是高的了应该，整体很流畅，知识起码自己都是理解的。出卷好像也是jt来组织整体上，挺不错的
215165,1713,金韬,2025-02-23 09:43:22,1,1,0,讲课有点混乱，但是老师有在改进了。平时分给得很好，作业也比较合理，看得出老师在努力捞我们一把（感动！）。前面几届同学反映的问题基本上都解决了。
25508,1784,沈继忠,2016-05-24 02:51:11,-7,4,11,累！无聊！不下课！
26659,1784,沈继忠,2016-06-20 17:16:06,24,28,4,对学生很耐心，会发礼物
31654,1784,沈继忠,2016-07-04 10:54:30,10,11,1,老师讲的很慢很清楚 数电前部分板书上课 平时作业不是很多 会给我们过节发礼物
33650,1784,沈继忠,2016-09-21 00:29:49,-1,0,1,呃呃呃
48292,1784,沈继忠,2017-03-02 02:44:58,1,1,0,顶一个~
50762,1784,沈继忠,2017-05-05 03:09:48,3,3,0,蛮好的 有深度
51453,1784,沈继忠,2017-06-06 01:02:42,0,3,3,不太喜欢讲课不够清楚
53624,1784,沈继忠,2017-07-07 03:42:28,7,9,2,最后考试成绩出了，没挂，确实卷子挺难的，自己平时也没好好学不怪老师，下学期继续上老师的课希望自己能更认真一点
54752,1784,沈继忠,2017-06-30 07:04:36,3,3,0,老师人超级善良 还发礼物 讲解的面很宽 但是比较分散 所以需要自己花时间整理
55125,1784,沈继忠,2017-07-01 01:11:16,7,8,1,老师超级认真，一开始的板书全部手写，学生在下面超都觉得特别累，他可以一直在上面边讲边写，课间休息他让学生休息，自己继续写板书。讲解也很负责，他会讲一些书上没有的方法，可以加快你解题的速度。唯一不足的地方就是板书字稍微有点难认。
55235,1784,沈继忠,2017-07-01 05:16:15,4,4,0,打个10分求不挂哇哇哇 我考的我555 555 555
55265,1784,沈继忠,2017-07-07 10:46:18,2,2,0,哇！跪谢老师不挂之恩?
57413,1784,沈继忠,2017-07-07 11:27:52,2,2,0,上课认真，讲课清楚，亲和力高
57961,1784,沈继忠,2017-07-18 16:21:26,1,1,0,前半个学期的板书授课方式虽然慢，却非常的仔细，我在记笔记的过程中也更好的打下基础。不过还是要多做题，期末卷难哭了
65258,1784,沈继忠,2018-01-02 05:49:05,5,6,1,老师超棒 没有小测没有大作业 平时作业交了就满分 超赞
70342,1784,沈继忠,2018-01-26 13:21:11,1,2,1,机组太低啦！我太菜了！
75345,1784,沈继忠,2018-03-09 04:19:48,5,7,2,刚上了两节课，就冲周末只布置一道题，让我们多干自己喜欢的事这一点，我给老师打十分!
84272,1784,沈继忠,2018-07-12 11:56:33,1,3,2,沈老师超可爱上课也超级认真！给分相比其他老师已经很好了
84280,1784,沈继忠,2018-07-13 10:48:41,9,18,9,最后一章的东西就跟导论一样讲了一个小时，然后说不懂也没关系。考试的时候是一个10分的附加题。最后变成了18分的必做题，于是试卷强行从满分110变成了满分82。虽然这个不能怪你，但是为什么什么都不通知？分数也不调？均绩3.0你满意了？\n\n\n\n您的查老师分数真的不应该这么高，您没资格。
87083,1784,沈继忠,2018-09-20 07:41:06,-3,6,9,就是陀屎，性格古怪，看不起人
105658,1784,沈继忠,2019-04-18 03:49:21,-1,2,3,拖堂拖到没饭吃……而且是每周都拖
113595,1784,沈继忠,2019-07-07 00:53:02,1,2,1,跪谢老师不挂之恩? ? ? ，老师真的人超好啊！平常上课对学生也能看出很负责，虽然我没听课…最后成绩出来一看61，一股莫大的喜悦从天而降? ，高兴了好一会儿～
113598,1784,沈继忠,2019-07-07 00:58:40,3,3,0,考之前以为占70的期末考试要凉了 结果在老师的海底捞下竟然刚好60 感谢老师的不挂之恩?? 成绩差也是自己没有好好听课 做作业不认真的结果 沈老师还是非常好的！强推！
113840,1784,沈继忠,2019-07-07 17:32:56,1,1,0,老师人真的很好，板书十分细致，很受益。不喜欢好好听课的同学可能很难学到知识，不过老师真的很尽力挽救我一个濒临不及格的孩子了。
122199,1784,沈继忠,2020-02-20 02:37:36,0,1,1,建议老师上课稍微控制一下时间？本课程多的上课心态爆炸\n\n
123821,1784,沈继忠,2020-06-14 14:55:44,-1,3,4,讲的太慢，节奏无聊，还是刘鹏的课听起来好
137817,1784,沈继忠,2021-07-06 08:40:09,2,3,1,优缺鲜明
137927,1784,沈继忠,2021-07-06 15:24:01,1,2,1,老师讲课很耐心，也很负责。平常的板书有挺多书上看不到的内容。过节也会发礼物。每节课基本都要点名，拖课的情况已经比较少了。但是最后补充讲义的部分有点上的模糊，需要自己课后花点时间。这次考试很难，期中自己没有复习时序电路的设计只考了80分，最后总评也还行，谢老师不杀之恩
151632,1784,沈继忠,2022-03-10 02:49:26,45,48,3,在sjz老师的课上，你可以听到：\n\n在日本厕所看到美国长火车愤而扔下自己的外套在地板上结果被西点军校发现作弊小抄的亚裔学生；\n\n锐评NBA湖人球星威少近况乏善可陈；\n\n我校学生不作弊距离国外差距五十年，作弊的话差距超过五十年；\n\n我没在中国见过100节以上的火车；\n\n中国火车差外国50年；\n\n外国撤硕地上很干净；
152527,1784,沈继忠,2022-04-14 04:25:32,12,14,2,[数字系统设计]课堂氛围太压抑了 不停的抽人回答问题 然后pua说是最差的一届；作业很少，感觉不能很好应对期中期末考试；不发课件 上课的时候字又潦草又小 稍微错过一点思路就很难听懂了；讲课的话 还行吧 老师在这方面水平还是挺高的。综上给个5分
152531,1784,沈继忠,2022-04-14 05:56:27,18,18,0,1.作业很少\n\n2.经常点名，数字签到+自己数人头+点名回答问题\n\n3.上课的内容比较综合，不适合直接听课，需要自己先搞懂基础的再上比较好\n\n3.上课形式时而板书时而ppt时而讲稿pdf，大部分时间直接看讲稿pdf投影，字比较潦草看不太清看不太懂，课后不上传资料\n\n4.讲课水平高，但是难度比较大，会经常听不懂。
152867,1784,沈继忠,2022-04-21 04:24:22,7,7,0,板书字体一塌糊涂
152874,1784,沈继忠,2022-04-21 06:16:07,16,18,2,1.基本每节课都点名，学在浙大只开放一分钟\n\n2.作业很少，少到让人感觉不安\n\n3.经常提问，本届学生能回答正确者甚少\n\n4.不上传课件，补天时极其不推荐\n\n5.课件时而PPT时而手写PDF，手写字迹潦草物理意义不易辨认，如果想要认真听课建议坐至前五排\n\n6.上课“不完全按照书本”（“完全不按照书本”），综合性强，对我等菜鸡并不友好，教学体验和教学水平因人而异\n\n7.总体而言老师很认真，能力应该很强，但或许是我太菜了无法接受sjz老师的授课深度\n\n\n\n自学建议b站清华大学王红老师 菜鸡友好
153002,1784,沈继忠,2022-04-23 12:10:11,2,4,2,嘲讽带师
154380,1784,沈继忠,2022-05-31 10:44:44,5,10,5,疯狂点名，上课还点人回答问题，pua，讲课水平。。。我水平有限，无法理解。\n\nverilog20年没写了来教我们。。。\n\n综上，不知道为啥这老师这么高分
155180,1784,沈继忠,2022-06-09 06:19:35,0,1,1,严肃的老爷爷。\n\n具体如何等出分后再来\n\n（）
156605,1784,沈继忠,2022-06-20 12:15:36,2,2,0,讲课顺序混乱，板书混乱，节节课点名且只开放一分钟，辣鸡老师快逃
156649,1784,沈继忠,2022-06-20 13:38:13,8,8,0,字这么丑写啥历年卷解答，看都看不清
156872,1784,沈继忠,2022-06-21 08:27:41,0,0,0,感觉讲得挺好的，可是有些操作确实败好感\n\n不过助教挺不错的，猜测平时分不会太差
158211,1784,沈继忠,2022-06-27 13:37:36,-2,3,5,讲课比较有深度，建议提前预习一下，不然可能跟不太上；\n\n小测送分（或许是因为助教哥哥比较仁慈？）；\n\n给分正常，挺求是的，不🐔杀（出分前贼紧张，害怕他是金韬2.0）；\n\n总体推荐选。
158212,1784,沈继忠,2022-06-27 13:39:23,4,5,1,绩杀，快逃
158217,1784,沈继忠,2022-06-27 13:54:18,-3,2,5,老师有些自己的特点，不过人还是很好的，前面虽然板书较糟糕，不过讲课还是很清晰的，而且上课努力跟上听懂了还是很不错的。给分应该是求是的，所以大家整体考的不太好，其他我顶楼上说的。
159443,1784,沈继忠,2022-07-20 07:01:17,12,12,0,讲的极其糟糕，关键还喜欢点名，每节课必点，一开始数字点名，后来大家都不来了，开始跟学生过不去每节课必雷达，学生为什么不来听课自己没数吗。搞得我课上听不懂不说，想听网课也不行，非要来坐牢。
173200,1784,沈继忠,2023-05-16 01:23:34,4,4,0,有水平，但讲的东西只有自己明白。\n\n很喜欢跟学生做对。 关智云、无课件，美其名曰让学生上课好好听，实际上给学生复习巩固增添麻烦
173468,1784,沈继忠,2023-06-15 02:54:03,8,9,1,你们再不攻击我就要攻击你们了\n\nrnm sjz
173469,1784,沈继忠,2023-05-25 13:47:29,5,6,1,讲课质量不好评判，不排除大佬学的游刃有余，但我是完全跟不上；\n\n讲课方式为ppt+讲稿，前期用ppt讲课还好，但后期讲稿上的字难以辨认；完全不按课本顺序讲的同时坚决不传ppt和讲稿。\n\n最逆天的便是在第一节课声称完全不看点名、完全不在意点名的同时，喜欢搞他独有的30s雷达点名并在一小部分同学没有点上的情况下表示“30s还是太长了，下次改成20s”，甚至在课上多次声称要“把智云课堂关掉”以提高到课率（不在意点名？ 我不好说）。\n\n沈老师总是给我一种和学生对着干的感觉。\n\n主观评价：太逆天了，不要选，快跑！！！
175011,1784,沈继忠,2023-07-01 03:16:38,13,16,3,可能会掉马，但是不管了\n\n我的上课体验很差，这个学期跟他走我几乎没有什么收获，全是通过看书和历年卷自学的。\n\n几乎没有看到他有什么优点，这个老师完全不能投入比较认真的教学中，并且处处和学生作对，对待上课和学生态度太玩世不恭，给大多数同学极度不端正的感觉，比如取乐学生性质的30s签到（甚至更短）（他是独一份，这一点对于我这个有偏执心理，很看重签到而好几次在场，却因为不能及时打开学在浙大来不及签上的学生来说是很严重的，我会因为来不及签到上而整节课学不进去，也因此差点心理崩溃过，而且找他补签他会答应但记录还是缺勤），关掉智云，不上传资料，造成自学复习极为困难，他的理由很可笑，只允许你上课跟他走，也不想想因为上课板书、资料混乱和极不恰当的行为造成许多同学完全听不进去他讲课，还有经常说回答问题正确总评+5分，闹着玩呢😅，还有期中嫌给分太好了。。。\n\n并且他讲课可以说是我大学以来见过最混乱的了，不按照课本来，资料手写且字迹难以辨认且稀碎混乱。虽然部分好学生认为他讲的不错，但大部分学生已经积郁许久并且不能跟上他混乱的进度造成这门课学习很痛苦，我认为这样只能教好好学生的怎么也够不上好老师这个称号吧，可以说该老师是我目前为止见过的最不满意的老师。\n\n每个同学都对这位老师有相当的不满，而我的不满因为我心态相当不好的原因当然更大。因为这位老师现在我的内心完全不能平静，对信电课程几乎失去兴趣，也因为其他事情对信电学院相当失望，不能很好投入比较好的复习状态，转专业的想法停不下来。这位老师居然成为我现阶段焦虑的一大来源也是我就读信电所始料不及的，目前能控制住情绪比较稳定的打出这么多字评价也算是我对信电学院抱有一点希望吧。\n\n最后还有，一定不要选这位的课程，太逆天了，之前没有人指出来这位这么逆天！md期末复习补天又破防了，现在只求不挂\n\n补充一点，数电给分应该是最好的，给查老师加到5分了
175125,1784,沈继忠,2023-06-21 16:25:16,1,4,3,兄弟们，刷起来。\n\n我的上课体验很差，这个学期跟他走我几乎没有什么收获，全是通过看书和历年卷自学的。\n\n几乎没有看到他有什么优点，这个老师完全不能投入比较认真的教学中，并且处处和学生作对，对待上课和学生态度太玩世不恭，给大多数同学极度不端正的感觉，比如取乐学生性质的30s签到（甚至更短）（他是独一份，这一点对于我这个有偏执心理，很看重签到而好几次在场，却因为不能及时打开学在浙大来不及签上的学生来说是很严重的，我会因为来不及签到上而整节课学不进去，也因此差点心理崩溃过，而且找他补签他会答应但记录还是缺勤），关掉智云，不上传资料，造成自学复习极为困难，他的理由很可笑，只允许你上课跟他走，也不想想因为上课板书、资料混乱和极不恰当的行为造成许多同学完全听不进去他讲课，还有经常说回答问题正确总评+5分，闹着玩呢😅，还有期中嫌给分太好了。。。明说了吧，老逼登一个。\n\n并且他讲课可以说是我大学以来见过最混乱的了，不按照课本来，资料手写且字迹难以辨认且稀碎混乱。虽然部分好学生认为他讲的不错，但大部分学生已经积郁许久并且不能跟上他混乱的进度造成这门课学习很痛苦，我认为这样只能教好好学生的怎么也够不上好老师这个称号吧，可以说该老师是我目前为止见过的最不满意的老师。\n\n每个同学都对这位老师有相当的不满，而我的不满因为我心态相当不好的原因当然更大。因为这位老师现在我的内心完全不能平静，对信电课程几乎失去兴趣，也因为其他事情对信电学院相当失望，不能很好投入比较好的复习状态，并且转专业的想法停不下来。这位老师居然成为我现阶段焦虑的一大来源也是我就读信电的专业所始料不及的，目前能控制住情绪比较稳定的打出这么多字评价也算是我对信电学院抱有一点希望吧。\n\n最后还有，一定不要选这位的课程，太逆天了，之前没有人指出来这位这么逆天！md期末复习补天又破防了，现在只求不挂。
175126,1784,沈继忠,2023-06-21 16:26:48,4,5,1,我愿称之为信电折磨王
175447,1784,沈继忠,2023-06-25 03:14:39,5,6,1,先抑后扬\n\n有水平，但讲的东西只有自己明白。不知道为啥不按课本顺序讲。最后还是自己看书效果最好。\n\n很喜欢跟学生做对。 关智云、无课件，美其名曰让学生上课好好听，实际上给学生复习巩固增添麻烦\n\n\n\n但客观的来说吧，30s点名看老师意思是不计入成绩的，正式点名会选在下课前，而且是传统点名。\n\n老师人也算和善，六一还发了糖，然后期末考试答疑也比另外几个数电的老师上心，有线下答疑时间。\n\n总结：数电三个老师矮子里拔将军吧，自学能力强+不怎么翘课的同学，我觉得无妨
190696,1784,沈继忠,2024-03-15 01:59:45,7,8,1,每节课30s雷达点名喜闻乐见\n\n黑板反光拉窗帘，来了句“反光就换个位子，你这样其他人黑板暗了”然后把窗帘拉开了？右边三排一片都反光看不清，教室坐满了你叫我们换到讲台上坐吗？
191099,1784,沈继忠,2024-04-02 14:16:30,9,9,0,你觉得像狗屎嘛？不像？！我不这么觉得，我觉得像，你说说为什么？\n\n（为什么不能打0分？）
191129,1784,沈继忠,2024-04-07 11:42:40,15,16,1,烂，板书和自娱自乐一样，不在乎学生能不能听懂，在乎能不能把自己的课件推完或者把板书抄完，在乎能不能抓住几个玩手机、用电脑看其他网课的学生，在乎能不能用30s雷达点名揪出没上课的学生，完美体现了处处和学生作对
191133,1784,沈继忠,2024-04-07 14:38:56,2,2,0,不如王红一根
191276,1784,沈继忠,2024-04-16 10:21:54,12,12,0,上他的课让我体验到什么叫走向清华，因为我被逼的只能听王红老师的网课
192566,1784,沈继忠,2024-05-23 23:09:06,0,0,0,选课前多看前人评论啊
193609,1784,沈继忠,2024-06-14 01:06:15,4,4,0,逆天手写体
195346,1784,沈继忠,2024-06-27 23:46:23,8,8,0,今天一点钟出分了，讲真不太满意，有对于自己的不满，也有对于信电学院数电课程设置的不满。信电将期末考占比设置为百分之六十，说明其十分强调期末考，但同时期末考涵盖范围极广，比如今年就考了RAM的原理，多谐振荡等，在往年涉及极少，这种细致考核的方式与60%的占比相结合，就对学生有极高的要求，也增添了不少临场发挥的运气成分，你如果刚好复习到了上述题型，你就能比别人占据更多的优势，但很遗憾，我没有。我在课后学习中也对这4学分的课抱有很大敬意，包括看王红的网课，记笔记，做了很多历年卷，做了判断题整理，但很可惜一道双向寄存器就把我打回原型，面向历年卷的复习使我疏忽了一些基本的器件。这种投资巨大换来的寡淡结果让我也有些无可奈何（破防），sjz老师在3个老师中也算矮子拔高个吧，小测没lp那么多，也没有wwd的期末大作业，但讲得确实不敢恭维，希望信电对于数电能做一些整改吧，引入一些年轻老师，规范一下课程成绩占比（10%的期中占比和60%的期末占比有些幽默了），适当调整内容，明确考试范围，使后来的信电学子能更系统地学习相关知识，而不是只能看十年前清华的课程。（以上只是一个弱鸡的想法，www期末真的太伤我心了）
195377,1784,沈继忠,2024-06-28 02:02:26,1,3,2,狠狠点名还是30秒雷达，上课听了等于没听，手写字不敢恭维。但事相比感觉没那么多（没有大作业，两次小测）。但感觉期末被捞了（？）（可能是错觉）
195428,1784,沈继忠,2024-06-28 04:20:39,5,5,0,优点：\n\n作业少，小测少，会发历年卷和期中考的答案\n\n缺点：\n\n1、30s点名喜闻乐见，但期中之后很少点名，很怀疑是不是只是为了吓唬学生而搞出来的点名；\n\n2、上课会走下来提问，不让听网课，被抓住了会被教训几句；\n\n3、不发PPT，手写体很逆天，甚至上课放的PPT里都有手写成分。。。对期末补天不友好；\n\n4、极高的期末占比配上天马行空的出题范围，设计题想不到就是想不到，一点办法没有。24年春夏期末卷在门电路、脉冲电路、组合逻辑、时序逻辑里都上强度了，这是在历年卷中没有出现过的；\n\n建议：\n\n数电三个老师各有各的逆天，如果在平时想过的轻松点还是选sjz吧。b站有很多网课可供自学，想要高分建议祈祷期末卷不要出太难
195953,1784,沈继忠,2024-07-01 02:38:10,12,12,0,虽然有很多问题，但好在事情不是太多，只有课本作业、verilog、两次小测。给分在三个老师里也算是相对最好的了。数电三选一还是可以选的。
196321,1784,沈继忠,2024-07-03 01:27:19,4,4,0,30s雷达，爽！
196332,1784,沈继忠,2024-07-03 02:28:49,2,2,0,我是lp班的，三个老登看了一圈sjz算稍微靠谱点。lp虽然不点名，但给分纯绩杀；sjz应该是三个人里面最捞的，而且就算讲得不好也有王红兜底
58331,1799,杨扬,2017-08-29 01:06:14,0,1,1,还不错
116172,1799,杨扬,2019-09-05 12:50:40,0,1,1,事儿少
119981,1799,杨扬,2019-11-17 03:01:12,8,10,2,老师出分有点慢哈
120108,1799,杨扬,2019-11-17 12:38:34,4,4,0,拖课半个小时…？？
120166,1799,杨扬,2019-11-18 02:07:00,2,2,0,出分也太慢了吧
127854,1799,杨扬,2020-11-29 01:47:01,0,4,4,为什么老师的评价这么少……老师是生仪学院副书记，自己平时这么忙还要代课，不用助教，人超nice超有耐心，期末大作业不按时上交还会主动cue你交，对学生还是很上心的。最后……给分不错的，好好听老师上课还是蛮有意思的，很棒的老师！
138111,1799,杨扬,2021-07-07 11:01:49,-2,4,6,老师很不错，事少给分好，有点鼓励恶竞，会有展示什么的，但是自己没有展示过最后4.5，给分真的不错，就是成绩出的比较慢
138588,1799,杨扬,2021-07-10 02:36:58,3,5,2,没话说
138745,1799,杨扬,2021-07-10 15:52:39,0,2,2,给分还可以的\n\n也真正想通过职规带给大家东西\n\n不水 上课很温柔
141913,1799,杨扬,2021-10-31 12:41:54,2,2,0,太拖时间了
156939,1799,杨扬,2022-06-21 11:18:50,0,2,2,形策，从来没有卷过发言和pre，每节课都到，晚上考试白天背了PPT，没想到老师直接给满了
200128,1799,杨扬,2024-10-13 12:33:21,2,6,4,形势与政策拖nm堂？
200131,1799,杨扬,2024-10-13 12:53:49,3,5,2,拖堂…
203003,1799,杨扬,2024-11-15 18:27:54,0,1,1,老师是真的想通过职业规划带给大家一些收获的。
203022,1799,杨扬,2024-11-16 03:05:25,0,1,1,职规上的真的很认真，给分还行吧
203032,1799,杨扬,2024-11-16 04:11:18,2,3,1,职规课很nice啊。小登第一次做期末报告和ppt，没有卷过发言，期末展示靠组里的学长学姐带。喜提4.8。助教bjt小姐姐真的人很好（很漂亮），问一些低级简单的问题会很有耐心地秒回。
205394,1799,杨扬,2024-12-05 12:00:55,1,2,1,老师上课超级认真！！！真的想让大家学到东西！课下找老师询问也超极有耐心，最后绩点4.8
207772,1799,杨扬,2024-12-24 08:01:30,0,0,0,职规很好
208649,1799,杨扬,2024-12-30 11:53:41,0,0,0,老师人很好，很有耐心。给分感觉挺好的，平时作业随便写写保证每次按时交就行，主要是期末的职规报告好好做，小组展示可以形式弄新颖一些，给的绩点还是挺好的。感觉这个课性价比超高，想认真听的uu可以学到很多有用的东西，想水水的话三节课基本干自己的事情也可以。推荐推荐！\n\nps：助教小姐姐真的特别好特别美
220454,1799,杨扬,2025-06-18 03:52:20,0,0,0,老师不错 什么时候都可以补交作业（我到期末考试那天就补交了一个）没点过名（除了有一次让别人来代课，代课老师点了）背了一个下午形策最后86收官 应该是被捞了 。\n但有可能对爱卷平时分的同学不太友好 我有个朋友弄了一次pre 期末比我多对几道选择题 简答题也答得比我好吧（我校训都没答对）结果总评就比我多一分。我由此推测是不是老师把大家平时分都给满了（这点对摆烂的我很友好，我补交了两次作业呢）
220463,1799,杨扬,2025-06-18 04:56:32,0,0,0,很好的老师，上课认真，不点名，作业可以补交，给分也好，看得出来老师很想和大家多交流互动，但可能课程性质导致大家都不太积极
13223,1908,Honold,2015-12-25 08:50:06,5,6,1,^_^
14566,1908,Honold,2016-01-07 15:58:54,1,1,0,想必是极好的
22280,1908,Honold,2016-03-03 07:37:30,4,7,3,Interesting
22283,1908,Honold,2016-03-03 07:37:08,-2,0,2,(￣▽￣)\n\n
29006,1908,Honold,2016-06-29 06:07:30,4,7,3,老师好，课好，考试坑。为绩点的慎选！！！
40471,1908,Honold,2017-01-03 14:11:01,-2,0,2,hai
47575,1908,Honold,2017-02-02 04:08:01,7,11,4,讲课慢，听不懂，给分太求是，期末考试题目看不懂，看最近几年试卷应该是呈现难度逐渐增长的趋势，大家还是慎选吧，建议选中文的，实在不行就当个个性学分吧，不过可能绩点会影响你本学年的奖学金评选。
57340,1908,Honold,2017-07-07 00:14:09,7,8,1,考试坑  题目看不懂
57520,1908,Honold,2017-07-09 07:56:36,10,11,1,上课听不太懂考试难度有点大自己本人比较渣所以最后成绩超级差
63866,1908,Honold,2017-12-18 03:51:56,45,49,4,aya
78691,1908,Honold,2018-05-14 13:21:23,4,4,0,爽到！
78786,1908,Honold,2018-05-15 07:09:23,0,1,1,ja，aja，no calculator.
78787,1908,Honold,2018-05-15 07:13:59,39,43,4,Very intelligent teacher， very devoted in teaching， could explain very tough topics. However， the only problem is I cannot understand his teaching.
78790,1908,Honold,2018-05-15 07:26:25,4,4,0,very responsible teacher
78791,1908,Honold,2018-05-15 07:26:27,4,4,0,ya
78792,1908,Honold,2018-05-15 07:27:29,4,4,0,aya， you should know it， NO CALCULATOR!!! -oki
78796,1908,Honold,2018-05-15 07:29:23,0,2,2,no calculator！Very responsible！ But the whole content is very challenging，you can know it
87736,1908,Honold,2018-10-11 03:43:02,12,12,0,上课速度是斯坦福的十倍 屁都没听懂?
89237,1908,Honold,2018-11-17 08:19:39,2,4,2,超级好超级负责的老师
90774,1908,Honold,2018-11-26 03:26:20,-9,3,12,听课极度舒适 强烈建议选他的课
91409,1908,Honold,2018-12-09 08:29:09,2,4,2,very good teach， but could be even better if he can omit some proof that nobody interests. \n\nhowever i like him very much!
94647,1908,Honold,2019-01-17 14:01:13,4,4,0,aya
104825,1908,Honold,2019-03-28 10:12:07,26,28,2,good at making things totally not understandable
121243,1908,Honold,2019-12-26 01:11:36,21,22,1,并不在意学生是否能懂，只在乎自己是否把课上得爽了，上一大堆没用的结果原本的课到期末了还上不完。。。不知道说啥，反正都是自学，都不知道上课有啥用。。。
131668,1908,Honold,2021-01-28 10:38:49,3,3,0,aya
134557,1908,Honold,2021-04-01 10:25:24,-17,1,18,对数学感兴趣的话听他的课是很爽的！
134862,1908,Honold,2021-04-19 09:12:19,-9,0,9,赞赞赞
136278,1908,Honold,2021-06-15 07:17:33,4,5,1,I‘ve never seen such a fucking teacher.
141208,1908,Honold,2021-09-26 06:54:30,13,13,0,浪费了我整整一年时间，该学的没学多少，不该学的学了一堆，成绩单上还看不到
143244,1908,Honold,2021-11-22 06:29:55,17,17,0,这是老白吗😂
143764,1908,Honold,2021-12-05 10:40:22,3,3,0,讲的内容不考虑学生能不能听懂，虽然确实是you 内在逻辑的
144189,1908,Honold,2021-12-20 07:40:12,7,7,0,纯纯的自己喜欢啥讲啥，积分课积分没学会，学到了数学哲学分析
145451,1908,Honold,2021-12-29 16:32:38,9,9,0,大名鼎鼎的老白aya！评价都在名字里了
150684,1908,Honold,2022-02-12 08:29:34,1,1,0,ggggggg
150703,1908,Honold,2022-02-15 05:59:34,7,7,0,241和286真正的绩杀课
151517,1908,Honold,2022-03-06 15:22:23,29,30,1,是个优秀的纯粹数学家，但不是个适合正常人的老师，他的课要是放成高难度选修数学课对纯粹理论数学很感兴趣的同学去学，他的分数可能会高很多。但作为专业必修课，完全不降低难度，这决定了他不适合做大多数人的老师。\n\n\n\n希望有一天老白能去顶级院校的数学系做选修课老师。不要把人才变成祸害。
151535,1908,Honold,2022-03-07 03:27:08,1,1,0,我炸了。。。
153854,1908,Honold,2022-05-13 07:07:12,2,3,1,绩杀，但人和课至少比另一个德国抽象国家队队员强
153922,1908,Honold,2022-05-17 02:57:37,1,2,1,what the hell
156610,1908,Honold,2022-06-20 11:51:04,1,1,0,没人上他的课，给分太差
160545,1908,Honold,2022-09-26 13:23:15,7,7,0,老师水平很高，但上课完全不按大纲走。根本不在乎学生需要学哪些，光在满足他自己那极致数学追求了。\n\n真的不明白为什么逼工科生天天搞数论，为什么啊？？？\n\n明明线代在应用层面也是很美的，已经硬生生被老白搞成continuous suffering了！
163171,1908,Honold,2022-12-08 23:23:47,2,3,1,山东财经大学脱秋菊老师的MATH286不错 推荐！！！
168622,1908,Honold,2023-02-20 10:09:52,0,1,1,难，还是必修
168683,1908,Honold,2023-02-21 03:41:09,5,6,1,257建议自学，上课没有必要去，强烈推荐山东财经大学的教学视频（PS：257给分比较低）
168715,1908,Honold,2023-02-21 10:45:23,0,1,1,懂得都懂，不做过多评价
169566,1908,Honold,2023-02-27 03:12:45,3,3,0,有人说curve力度大，有人说完全不curve，期末均分20-/48，33+拿不到A
174369,1908,Honold,2023-06-11 04:43:16,4,4,0,听不了一点
182042,1908,Honold,2023-12-13 04:26:55,5,5,0,真的考不出一点，太难了真的，人品10分给他，考试0分给我
183276,1908,Honold,2023-11-23 11:00:20,0,0,0,Please get back to German! 我听不懂啊啊啊啊，你在说什么啊啊啊啊啊啊，你在叫什么呀！（yah）啊啊啊啊啊你个死坏蛋啊啊啊啊啊。
184189,1908,Honold,2023-12-12 08:35:20,3,3,0,我趣 老白分为什么那么高
184336,1908,Honold,2023-12-18 04:54:00,8,8,0,因为打的分数不能比我的midterm高，所以我只能打1分。
185253,1908,Honold,2023-12-27 10:48:42,2,2,0,都叫老白了，还不明白么
185988,1908,Honold,2024-01-07 07:10:08,6,6,0,准备退课就行，无需多言
186002,1908,Honold,2024-01-07 12:23:48,4,4,0,工科生搞数论真的够了 241byebye
186022,1908,Honold,2024-01-07 21:01:17,5,5,0,公正来讲，人品值得认可，水平也很高，但对于普通同学来说课太难，让人头大。快跑，257能退就退，其他自求多福。——来自一位早九点考但五点还在复习的257同学
186053,1908,Honold,2024-01-08 04:36:40,4,4,0,无力吐槽，将死之人，其言也善，两分是我的底线了
187766,1908,Honold,2024-01-25 14:15:44,-2,0,2,i don't necessarily understand
191203,1908,Honold,2024-04-11 16:29:20,1,4,3,他码的老白\n\nThat motherfuckin Thomas Honold [Lol][Lol][Lol]\n\n\n\nGot B on MATH221\n\nGot A- on MATH231\n\nGot A on MATH257\n\nGot A- on MATH213\n\nBut I fuckin failed this motherfuckin MATH241\n\nGuess what， I dropped MATH285\n\n\n\nThis is a engineering major， not math major
199458,1908,Honold,2024-09-24 03:46:39,3,4,1,死人一个
200399,1908,Honold,2024-10-16 14:57:59,11,11,0,比亚迪给你玛莎拉
200400,1908,Honold,2024-10-16 15:01:35,2,2,0,aya
200401,1908,Honold,2024-10-16 15:05:30,4,4,0,邮电不诗人
200402,1908,Honold,2024-10-16 15:08:00,1,1,0,nnn
200428,1908,Honold,2024-10-17 02:55:59,5,5,0,老白击碎你的数学梦
200429,1908,Honold,2024-10-17 03:02:53,3,3,0,byd
200431,1908,Honold,2024-10-17 03:08:14,2,2,0,出生老师，我操你老母，这玩意儿教书就是为了恶心学生
200443,1908,Honold,2024-10-17 05:15:48,2,2,0,不是哥么，绩点守门人终于是坠绩了
200462,1908,Honold,2024-10-17 08:56:44,3,3,0,I hope you have a mother.
201507,1908,Honold,2024-11-04 03:38:56,1,1,0,生活不如意吗这样上课
205007,1908,Honold,2024-11-29 12:30:04,0,0,0,https://www.bilibili.com/video/BV1Sy4y117ot/?spm_id_from=333.1365.top_right_bar_window_custom_collection.content.click&vd_source=9077faf37bc2d8bbf1903624acd8e26a
205237,1908,Honold,2024-12-03 06:03:08,2,2,0,只能说不适合教书的人还是真别来教书了，至少不适合教绝大多数工科生，还是好好搞科研吧
205238,1908,Honold,2024-12-03 06:03:24,3,3,0,上课听不懂，课件看不懂，作业做不动，考试考不出，绩点全飞走。。。
205356,1908,Honold,2024-12-05 03:28:46,2,2,0,妈的，狗屎一个。自己期中出简单了，然后不服，把判卷标准gai狗屎一个。自己期中出简单了，然后不服，把判卷标准改的变态，很多地方是因为中国学生和他的数学符号习惯不同，他就硬扣，去找他recheck，他说不想理解。上课的ppt用到的数学符号根本不考虑中国学生之前的知识体系。第一次上课光逻辑符号好多都看不懂。简而言之，狗屎！！！
208935,1908,Honold,2025-01-03 12:44:28,3,3,0,ppt符号诗人看的啊
208936,1908,Honold,2025-01-03 12:44:30,3,3,0,做老白学生不玩老北京鸡肉卷的是这个👍
208939,1908,Honold,2025-01-03 12:46:21,0,1,1,毛都不会
216699,1908,Honold,2025-03-21 08:30:01,1,1,0,你的给分非常垃圾，但是你的讲课并没有弥补这一部分
216803,1908,Honold,2025-03-26 01:57:09,0,0,0,ja?
217450,1908,Honold,2025-04-10 13:22:50,1,1,0,啥币，考个试一直狗叫，口音还难懂
10189,1955,杜歆,2015-11-17 09:23:36,5,10,5,科研经历丰富的好老师
19532,1955,杜歆,2016-01-24 14:52:06,5,6,1,好老师没什么好挑的 为学生着想 讲课清楚生动 给分感人
20392,1955,杜歆,2016-01-27 12:05:50,11,13,2,老师很有趣，上课很爱讲一些自己的经历趣事什么的，和小白是超级好朋友的样子，给分简直赞，推荐软基～
20459,1955,杜歆,2016-01-27 15:33:20,13,15,2,好老师!
22609,1955,杜歆,2016-03-08 23:18:25,3,3,0,还不错，不用考试
24608,1955,杜歆,2016-05-02 07:22:28,-5,1,6,拿低分和高分都很难，上课无聊
37059,1955,杜歆,2016-11-17 08:16:12,1,1,0,良心好老师
37171,1955,杜歆,2016-11-17 17:24:56,13,17,4,我想知道软基的均绩究竟有多高
50171,1955,杜歆,2017-04-30 15:31:10,4,4,0,首先，老师给分真的好，另外，嵌入式本来是门很枯燥的课程，但是，老师在课程中经常会讲一些很有用的东西，总之，上杜老师的这门课，用心的可以学到很多，不用心的只要不过分也能拿到不错的分
50281,1955,杜歆,2017-05-02 06:27:58,2,2,0,虽然上课学不到什么，但给分还是超高的
61618,1955,杜歆,2017-11-19 09:03:08,0,1,1,虽然还是什么都不会。但是给分还行
61619,1955,杜歆,2017-11-19 09:17:38,9,9,0,作业少，给分好，不点名。~除了偶尔会在群里恨铁不成钢地觉得我们根本没听课=_=
61667,1955,杜歆,2017-11-20 04:03:45,1,6,5,就给老师打一个和我绩点一样高的分数吧/微笑脸
76367,1955,杜歆,2018-04-04 14:54:16,3,3,0,嵌入式课上老师沉迷连wifi点名
77930,1955,杜歆,2018-05-08 15:40:57,4,5,1,沉迷网络点名，老师人炒鸡好，项目有趣，虽然理论知识没怎么听但锻炼了动手能力
77931,1955,杜歆,2018-05-08 15:43:15,0,0,0,老师人超级好！虽然嵌入式讲的很无聊，但是自己做的过程中也能学到不少东西的
78494,1955,杜歆,2018-05-12 10:57:08,2,2,0,课程相对来说比较轻松，但课上课下都能学到很多东西，而且感觉老师也懂得很多～
89971,1955,杜歆,2018-11-21 12:04:21,-21,3,24,5.0太舒服了，太舒服了，好老师，上课干货满满，强推好吗
90195,1955,杜歆,2018-11-22 11:48:46,0,1,1,讲课好事情少
106990,1955,杜歆,2019-04-30 14:45:35,1,1,0,上的嵌入式，感觉老师很可爱，对各类芯片都如数家珍，重点是，人很nice，给分也超赞！
119893,1955,杜歆,2019-11-16 19:03:43,-61,2,63,老师好是好，但我太菜被卡了，只拿了91，给我大信电丢脸了555
119902,1955,杜歆,2019-11-16 23:53:12,5,5,0,人好事少给分高。
119938,1955,杜歆,2019-11-17 04:24:08,1,2,1,还行不错
120025,1955,杜歆,2019-11-17 05:49:12,1,1,0,人好事少给分好，不过一样卡绩...
120186,1955,杜歆,2019-11-18 05:56:39,0,2,2,软基，好课！给分极好
140157,1955,杜歆,2021-08-31 15:34:31,1,5,4,课本内容和研究/工作中的事例大约各占一半，教材有些老旧。有时会邀请外面的人讲，作业少给分高。\n\n遇到对眼的学生可能会建议读自己的研究生，但现在研究的方向不好，详情移步导师评价网。
143980,1955,杜歆,2021-12-15 05:09:15,5,8,3,软基给分一般?（至少我临近不及格），上课内容有点水，作业代码量也不足，想学点东西的还是别选这门课了，一学期下来还没我听mooc学的多[ac01]
144006,1955,杜歆,2021-12-15 18:18:51,2,3,1,好!!!
153627,1955,杜歆,2022-05-06 11:21:59,1,1,0,人很好！
159978,1955,杜歆,2022-09-10 17:28:00,3,4,1,要求少，给分较高，表现好能拿90+。讲的东西比较水，据说脱产很久了，对能力提升有限。不要去读他的研，PUA严重，含金量低，毕业困难。
182266,1955,杜歆,2023-11-13 15:11:58,0,0,0,真不错
182899,1955,杜歆,2023-11-21 04:07:18,2,2,0,23秋冬的软件技术基础，总体感觉是不错的，压力也小，给分也不错
192017,1955,杜歆,2024-05-07 18:14:35,0,0,0,上的嵌入式，非常好的老师。课程内容主要关注嵌入式和 linux，和微机原理有区别。 成绩占比是10%的考勤和90%的嵌入式项目，嵌入式项目给的 ddl 很宽松，但是建议不要拖。rk3399pro 不好用，给分很好。
194368,1955,杜歆,2024-06-23 11:41:54,0,0,0,点名会通知，上课听不进\n\n嵌入式大作业不难做，给分很好，如果上台pre会更高
202453,1955,杜歆,2024-11-12 23:54:29,0,0,0,好老师，
202468,1955,杜歆,2024-11-13 00:51:30,3,3,0,软件技术基础，老师人很好，讲得也不错（在信电学院真的是鹤立鸡群），这门课只有五个编程作业，有C语言基础的话不会特别难，即使不太会也可以求助AI，作为信电专业课，课程难度和作业量都算是最友好的，强烈推荐，最后考试难度不算大，给分也不错，反正选到就是赚到
202813,1955,杜歆,2024-11-14 13:40:43,2,2,0,不点名，作业轻松，考前把ppt和历年卷过了一遍就能满
217892,1955,杜歆,2025-04-17 14:14:18,2,2,0,老师超级大好人，第一年上通识基础课程（人工智能基础B），非常愿意倾听学生意见，还多次找学生甚至打电话了解学生意见，并且根据学生建议修改期中考试（随堂小测）方式。上课讲的也相当清晰，答疑也相当积极，没设助教而老师本人钉钉能很快回复问题。
218167,1955,杜歆,2025-04-22 00:47:32,1,1,0,上的是信电学院课程嵌入式，老师人很好，对各种芯片如数家珍，也非常鼓励同学们尝试各种芯片，没有对做的东西做出任何限制，钉钉回复速度很快，总的来说比较推荐选
221701,1955,杜歆,2025-06-25 10:13:29,1,1,0,老师很负责的。能看出老师在人工智能基础教学上花了很多心思。\n\n这门课风评不好，但是在杜老师这个班我的课程体验是相当好的。我第一节课是在另一个老师那里听的A，纯念ppt没讲解，第二节课果断换到杜老师这里来。\n\n我是大二的，只能说珍惜这样的好老师吧，后面的课程可能不多了。另外看到老师很多消息都没人回复，希望大家能积极回复一下。
5735,2007,陈红胜,2015-07-09 08:18:26,22,26,4,好~~\n\n除了作业不会做之外都很好，尤其是期末划重点，题目也很不错
6527,2007,陈红胜,2015-07-14 18:44:18,31,40,9,好好好好好！
12498,2007,陈红胜,2015-12-23 11:41:09,8,10,2,好好，很感兴趣
26950,2007,陈红胜,2016-06-30 03:32:42,7,9,2,业界良心啊！
29536,2007,陈红胜,2016-06-30 02:47:34,5,9,4,有趣！！！
29546,2007,陈红胜,2016-06-30 03:00:46,11,16,5,胜哥真是业界良心，讲课有趣，给分好到爆炸
29756,2007,陈红胜,2016-06-30 09:36:39,16,19,3,谁不选男神的课谁是傻逼！！他让我爱上场波！！\n\n
29790,2007,陈红胜,2016-06-30 10:15:00,0,2,2,好好好
29852,2007,陈红胜,2016-06-30 11:59:09,-26,10,36,选不上胜哥的场波一定是你的损失 虽然没给我满记有点sad但老师真的讲的超棒给分也好
47550,2007,陈红胜,2019-07-01 04:49:45,-14,34,48,没上过他的课，但是给分和别的老师差距实在太大。不是他的学生基本是比较反感这种行为的。希望学院能将每门课评测方式设地公平一些，不要到最后是在比老师。。。
51489,2007,陈红胜,2017-06-06 12:02:40,2,5,3,千万不要错过陈老师。
52553,2007,陈红胜,2017-06-21 03:43:03,25,29,4,一个讲述完了麦克斯韦生平的男人
52771,2007,陈红胜,2017-06-22 16:41:18,31,47,16,我还记得他最后一节课写在黑板上的麦克斯韦的墓志铭——what is done by what is called myself is，i feel done by something greater than myself in me
54538,2007,陈红胜,2017-06-29 14:20:16,0,2,2,很厉害的老师～(￣▽￣～)~
54842,2007,陈红胜,2017-06-30 09:57:18,0,3,3,太好玩了
55762,2007,陈红胜,2017-07-02 10:37:57,0,3,3,老师人很可爱，但讲的不是很容易跟上，但认真一点学还是没问题哒，给分超好
58101,2007,陈红胜,2017-07-31 01:28:07,6,11,5,上帝的第二个儿子是谁？
84052,2007,陈红胜,2018-07-12 02:50:23,4,7,3,老师上课很有条理，一学期学下来感觉还是很有收获的，考试也比较简单，都是上课讲过的东西，最后给分很好啊。而且在上课的过程中穿插了麦克斯韦的一生，让我们不仅学到了电磁场的知识，还了解了麦克斯韦（就是三个实验要好好做，占比还是很大的）
105754,2007,陈红胜,2019-04-20 04:07:38,0,5,5,感觉上课花在推公式的时间太多了
108980,2007,陈红胜,2019-06-05 04:07:26,0,2,2,超棒的老师，爱了
108984,2007,陈红胜,2019-06-05 04:17:42,5,8,3,陈红胜爸爸我实名吹爆。为什么不能多开几门课?????还想上
112934,2007,陈红胜,2019-07-05 13:15:04,0,2,2,助教xjj也很厉害哦
114839,2007,陈红胜,2019-07-12 02:18:32,0,3,3,必须10分 讲课好 给分好 但有点好奇凯神班怎么样的....
124252,2007,陈红胜,2020-06-28 05:25:38,6,9,3,上课大部分时间是孔金瓯红宝书教材前五章内容的数学推导，但是这部分其实只要会用最后的结论就可以了\n\n期末考试前一定要把所有作业题重新刷一遍弄懂，因为试题大部分是作业题换个数据，或者很水的送分题\n\n98上有知识点整理https://www.cc98.org/topic/4935071/1#1
124995,2007,陈红胜,2020-08-04 12:12:57,0,3,3,慈眉善目，但是有点威严
134413,2007,陈红胜,2021-03-27 11:48:16,11,14,3,热衷于研究隐身斗篷的老师～
136486,2007,陈红胜,2021-06-18 15:04:16,16,24,8,只能说，这种顶级的上课体验在信电实在屈指可数，红胜老师上课推导都不需要倚靠课本，仿佛电磁学已经和他融为一体，课下用钉钉询问问题，老师居然直接打电话说要给我讲解，甚至因为信号不佳，让我发给他手机号码，接续上一通电话的内容......
136549,2007,陈红胜,2021-06-21 01:48:57,0,3,3,实名吹爆chs老师，上了两年课了，第一次遇到这么有人格魅力，学术能力这么强的老师，场波必好好复习
136550,2007,陈红胜,2021-06-21 01:48:56,0,3,3,实名吹爆chs老师，上了两年课了，第一次遇到这么有人格魅力，学术能力这么强的老师，场波必好好复习
138133,2007,陈红胜,2021-07-07 12:46:28,1,4,3,明天就要考试了，打个10分求保佑。。。讲课真的是非常好，人也很牛，我是隔壁光电的，我们的专业课老师也提到过陈老师做的成果。只是很内疚平时没好好学。顺便说一下，楼上有个人说的话我觉得也没错，同一门课给分差距确实不应该太大，不知道为什么这么多踩
143252,2007,陈红胜,2021-11-22 10:13:36,3,6,3,老师场波授课水平一流，上课体验也很好，纯板书推导，最后期末给分并没有前几届说的那么好，也许有做一些调整，最后恭喜陈老师升迁院长！
155599,2007,陈红胜,2022-06-14 14:26:38,0,3,3,场波好难，好难，陈院长救救我呜呜~能捞捞我吗[可怜][可怜]
156025,2007,陈红胜,2022-06-17 07:15:30,1,2,1,上大学以来碰到的第一个如此认真又让我敬佩的老师
156229,2007,陈红胜,2022-06-18 10:28:04,4,7,3,上大学以来体验感最顶级的一门课，胜过千千万万。大多数的东西能在课上搞懂，而且留下很深的印象。最主要的是，他水平很高也很懂学生的视角，你很难听不懂。课程期间会穿插许多名人轶事，挺有意思的。What is done by what is called myself is，i feel，done by something greater than me.不过作业不会做以及考试难度并不是很简单也是真的，总的来说有必选！
156871,2007,陈红胜,2022-06-21 08:21:37,1,2,1,考试带上三个宝盒子就行了
163454,2007,陈红胜,2022-12-14 11:10:37,0,2,2,和老师课后交流过学习生活的问题，陈院长在MIT待了将近十年，对场波的理解超出所有浙大的教授。信电最牛老师！
170665,2007,陈红胜,2023-06-30 02:33:58,1,5,4,出分前给您磕一个，祈求一个好分数
175664,2007,陈红胜,2023-06-26 06:01:15,3,7,4,教的非常好！就是21级经常老师出差让别的老师来代课，然后就变成百家讲坛了...无小测无点名无期中考试。唯一的期末考试也非常非常非常简单，说实话这简单的都感觉不出场波这个天书程度了，感觉期末卷面都能人均满分了。
190426,2007,陈红胜,2024-03-03 12:15:48,8,12,4,http://www.isee.zju.edu.cn/2008/0401/c21123a823227/page.htm\n\n无意中发现这条十六年前的动态，感慨万千……
195076,2007,陈红胜,2024-06-26 17:10:28,0,1,1,大爱陈老师，听院长讲课真的是一种享受，虽然听不懂场波，但是还是会被老师优雅的板书和熟练的推导给震撼到
195156,2007,陈红胜,2024-06-27 03:26:07,0,2,2,院长讲课真心不错，所有公式都是从麦克斯韦方程里一步步推导的。给分的话英文班都挺不错的，考试比较简单，难一点的只有反射那一块，其他的抄书就行了。平时的话可以多回答几个问题，多互动，也会有加分。
199239,2007,陈红胜,2024-09-19 16:49:09,5,8,3,“MIT的很多项目都是与美国军方、国家林肯实验室合作，都是非常前沿的研究课题，你要进入到这些研究里面学东西，再把这些研究带回到浙大，把这些研究能够在国内开展起来，同时把学生培养起来，这才是我送学生和老师去MIT的目的”
214666,2007,陈红胜,2025-02-16 04:50:14,5,5,0,这个学院像华山派似的，拔尖出峰，最后只剩下气宗
215156,2007,陈红胜,2025-02-23 20:06:41,1,2,1,......
218375,2007,陈红胜,2025-04-23 03:45:54,0,0,0,好好好
219663,2007,陈红胜,2025-06-03 13:31:06,0,0,0,学院pua三件套：院友是光辉的；院史是曲折的；条件是没有的
221727,2007,陈红胜,2025-06-25 13:52:29,1,1,0,神中神！\n\n点名：院长从来没点过名，但是因为场波这门课实在是比较难脱离上课直接补天（因为看不懂英文教材），所以还是去听课比较好。\n\n教学：上课讲得很好，连我这种讨厌数学的人都可以一步步听下去，覆盖了所有考点。对比其他班，感觉还是院长班里面讲期末考点比较周到。今年25年题目创新了很多，但是所有考点院长都讲过，认真记笔记对考试有用。俺自备了笔记本用来记笔记，听课体验很好！！！讲课的神！板书的神！\n\n考试：英文班考试比较死板，考试范围很固定，23，24年都比中文班简单很多，但是今年题目变难了，大概是原来的1.5倍~2倍左右，请后人谨慎考虑。\n\n总体上还是非常推荐英文班的院长课！\n\n给分：好！
9269,2045,韩雁,2015-10-19 10:16:19,13,17,4,呵呵……
103216,2045,韩雁,2019-02-27 01:45:45,0,1,1,666
104262,2045,韩雁,2019-03-15 06:45:54,14,15,1,这个老师不错，给十分，分十次给\n\n
104487,2045,韩雁,2019-04-03 05:21:40,-3,3,6,好老师，但是要求真的很严格
104590,2045,韩雁,2019-03-24 14:30:04,-37,2,39,我还没听过老师的课，不过我知道老师很强，人很好很好，我想这样的老师不会差，绩点低怕是学生自己的问题吧！
105571,2045,韩雁,2019-04-17 01:04:29,-2,2,4,平时事情多\n\n期末事情少\n\n老师是一个很有原则不通融的人\n\n这一点可能很多同学不喜欢
115994,2045,韩雁,2019-08-28 12:41:09,9,9,0,只会念PPT， PPT还是念了很多年的，每年只更新一点数据。找她问问题，她也答不上来。有一小半的课是让手下的研究生上的。特点是给分规则特别具体，分多分少都没什么好说的。
135092,2045,韩雁,2021-04-30 05:28:24,0,0,0,事情多，给分低，很垃圾，不得不选她的课.
135115,2045,韩雁,2021-05-01 04:15:16,4,5,1,吃了年代的红利坐到高位，然而懂的东西真不多...上课硬说pmos衬底接地，所有人惊了。讲课很随意，喜欢吹水。提前把ppt放在主页，上课又不让学生看。体验很差。
152739,2045,韩雁,2022-04-19 05:43:37,1,1,0,整活老师
171121,2045,韩雁,2023-03-16 08:03:37,0,0,0,点名，每次上课都数人头，迟到“一秒钟”都不让你听课（她自己说的），她作业方面不行
191665,2045,韩雁,2024-04-27 08:14:11,2,2,0,学的东西是真有用，给分是真tm差，认认真真学结果出分就这。\n\n考试也不知道在监考什么，不偷偷翻ppt就等着吃亏是吧
201270,2045,韩雁,2024-10-31 02:50:11,4,4,0,上课助教讲的内容她也听不懂，软件也不会用，但很喜欢打断课堂，听感很差
213548,2045,韩雁,2025-01-18 07:01:09,3,3,0,退休返聘回来一幅高高在上的姿态各种恶心人，课全是她的学生来上，她就负责在下面监督学生和挑刺，只要和她对话第一句话就是先问你导师是谁，最离谱的是期末考试要闭卷，首先你要学两个你不从事的方向的知识和软件，其次一千多页ppt你根本想不到她会考多离谱的东西，给分差的一批，很逆天。课是一下不讲的，挑刺是一根不落的。只能说上她的课那纯纯的就是最极致的享受
215974,2045,韩雁,2025-03-08 14:01:35,3,3,0,不明白听她吹自己的博士硕士生牛B有什么用，感觉只会这个
215977,2045,韩雁,2025-03-08 14:09:36,3,3,0,神人授课神人作业神人考试，赤饱辣
217380,2045,韩雁,2025-04-09 08:12:13,1,1,0,牛逼，无话可说
217547,2045,韩雁,2025-04-13 01:11:43,1,1,0,上课不准玩手机就算了，还天天吹自己的硕士生博士生，给人一种嘴尖皮厚腹中空的感觉，也不知道在干啥，要不是我给更逆天的老师给了一分我就在这里给一分了
218374,2045,韩雁,2025-04-23 03:45:15,2,2,0,80道选择不告诉你单选还是多选，赤饱辣
218380,2045,韩雁,2025-04-23 04:43:25,2,2,0,上课内容跟作业考试毫无关联，但是要求所有同学不能看电子产品，必须抬头听她吹博士生牛皮，真是牛牛又哔哔。走神的同学会被她叫起来羞辱，但是睡觉的同学会被温柔地询问你是不是身体不舒服，建议大家不想听了就睡觉
32006,2084,周绮敏,2016-07-05 11:00:42,0,0,0,好好好
54906,2084,周绮敏,2017-06-30 12:23:05,0,0,0,一般般吧
33735,2089,李惠忠,2016-09-21 08:25:42,0,0,0,无敌无敌无敌
37066,2089,李惠忠,2016-11-17 08:23:21,0,0,0,好老师，真心不错
45693,2089,李惠忠,2017-01-20 02:53:30,0,0,0,高富帅小车，好玩又分高
46182,2089,李惠忠,2017-01-21 01:08:58,0,1,1,惠忠老师虽然不苟言笑，但是很认真的呀。
52896,2089,李惠忠,2017-06-23 11:35:04,0,1,1,还可以
93674,2089,李惠忠,2019-01-11 12:19:51,1,1,0,很好的老师啊
116038,2089,李惠忠,2019-09-01 03:45:10,3,3,0,这个老师对待不是很优秀的同学的态度其实挺不好的。。。
117171,2089,李惠忠,2019-09-20 03:41:57,3,3,0,老师比较小气
185287,2089,李惠忠,2023-12-27 14:40:14,1,1,0,很有耐心，很和蔼
216007,2089,李惠忠,2025-03-09 09:34:17,0,0,0,垃圾垃圾
217181,2089,李惠忠,2025-04-03 06:54:22,0,0,0,1l说的没毛病
135240,2145,徐文,2021-05-06 15:29:42,28,39,11,看不懂的英文书，一团乱的PPT，听不懂的课，做不来的作业。上课带的助手可能比听得懂课的人都多！
139814,2145,徐文,2021-07-28 07:32:42,18,27,9,你🐎死了
147094,2145,徐文,2022-01-08 15:42:24,25,36,11,强烈建议取消这位老师的职称。\n\n上完唯一的收获就是看清了浙江大学海洋学院金玉其外败絮其中的真相，一众所谓杰出人才皆欺世盗名之徒，这位老师更如跳梁小丑一般哗众取宠，真乃百年求是之大耻！
152316,2145,徐文,2022-04-03 09:00:05,11,11,0,英文课程
153335,2145,徐文,2022-04-28 07:43:37,5,8,3,尸位素餐，沐猴而冠
158664,2145,徐文,2022-07-01 06:33:47,-2,4,6,MIT挖过来的大牛，但是上课一言难尽。还好总归是挺能捞的。
158677,2145,徐文,2022-07-01 08:52:30,-5,2,7,讲课声音太小了。其他的还算不错
174726,2145,徐文,2023-06-16 08:23:20,7,8,1,讲课比郑hr好，但不是很多，不过在春学期被zhr的课折磨了之后夏学期是徐文讲课我真的感动死了，这个可能就是“由俭入奢易”吧hhhh，有个小毛病是偶尔拖课，一拖拖半小时左右，让人有点。。。烦躁（
31967,2180,胡冰,2016-07-05 08:49:07,1,5,4,很难坚持听课…可能还不如看书有趣，以及作业有坑，期末也有坑
57145,2180,胡冰,2017-07-05 16:59:33,-4,3,7,老师人很好，讲的也很清楚，认真做了课后习题分数也会不错。
157132,2180,胡冰,2022-06-22 04:06:01,0,2,2,海底捞 神！
196488,2180,胡冰,2024-07-03 17:38:01,0,1,1,。。。
11787,2184,马洪庆,2015-12-15 10:53:36,6,6,0,好好好
13580,2184,马洪庆,2015-12-29 12:37:39,6,6,0,热心！
22748,2184,马洪庆,2016-03-10 13:16:10,10,11,1,性格好！
24124,2184,马洪庆,2016-04-27 15:00:17,18,18,0,耐心细致幽默！
31054,2184,马洪庆,2016-07-03 07:20:42,7,8,1,好老师 耐心
37157,2184,马洪庆,2016-11-17 15:39:39,8,8,0,很耐心，很好
37158,2184,马洪庆,2016-11-17 15:39:53,14,14,0,上的物联网与信息电子应用导论 老师人太好 给分特别棒
37725,2184,马洪庆,2016-11-20 12:12:38,2,5,3,老师你4.45的平均绩点怎么还有那么多人2分\n\n
39310,2184,马洪庆,2016-12-22 04:55:52,53,58,5,不能再胖了
40043,2184,马洪庆,2016-12-29 02:39:30,6,7,1,老实人超好！
40045,2184,马洪庆,2016-12-29 02:47:39,11,11,0,记得名字上画匹?
40047,2184,马洪庆,2016-12-29 02:49:06,8,9,1,真的“不能再胖了”
40048,2184,马洪庆,2017-01-20 02:53:42,6,6,0,超棒的课 超棒的老师 给分很好！
40049,2184,马洪庆,2016-12-29 02:56:56,8,8,0,这老师贼可爱 不能再胖了
40462,2184,马洪庆,2017-01-03 13:24:44,8,8,0,超萌，不能再胖了23333
45691,2184,马洪庆,2017-01-20 02:52:23,2,2,0,超有趣的
52895,2184,马洪庆,2017-06-23 11:34:45,0,0,0,还不错
56763,2184,马洪庆,2017-07-04 14:30:29,4,5,1,电子工训，不错不错
62205,2184,马洪庆,2017-11-23 06:36:31,0,0,0,物联网过来的  人超好
62355,2184,马洪庆,2017-11-24 10:56:43,0,1,1,物联网。实验对大一有点难，类似流程图设计，实验平台操作不太熟练，可能需要上课听一点。老师人挺好，会把实验过程讲解一遍，轻松上4。
62685,2184,马洪庆,2017-11-26 11:24:33,-2,3,5,物联网与信息电子应用导论，报告写的超级认真，每个思考题都写一大堆，最后满了，赞！顺便点c一下被我带飞的辣鸡队友
76335,2184,马洪庆,2018-11-23 06:17:20,-19,3,22,瞎几把不知道在讲什么
76526,2184,马洪庆,2018-04-12 08:27:13,3,3,0,老师真的是相当相当的耐心
76832,2184,马洪庆,2018-04-24 08:57:56,2,2,0,好难……
83549,2184,马洪庆,2018-07-10 14:47:00,5,7,2,电工训，给分超好，以致我4.5，感觉自己几乎是最菜的
89149,2184,马洪庆,2018-11-16 05:17:36,1,1,0,人很耐心
90500,2184,马洪庆,2018-11-23 16:16:44,2,2,0,老师上课挺认真的，超级耐心，虽然有时候会拖堂，但是老师还是超级棒的了，而且给分好
90622,2184,马洪庆,2018-11-24 15:20:51,0,0,0,老师很有耐心！
100625,2184,马洪庆,2019-01-26 12:41:22,-4,5,9,物联网绩杀别选别选别选? ? ? ? ? ? ? ? ? ? ? ? ? ? ? ? ? ? ? ? ? ? ? ? ? ?
100737,2184,马洪庆,2019-01-26 16:12:20,9,10,1,一般般吧，老师水平自然是有的，但是上课的技术欠佳，很容易全场懵逼。物联网给分很客观，大佬可以放心选，菜鸡（比如我）就要慎重选择了。
107519,2184,马洪庆,2019-05-06 07:01:28,1,1,0,。。。。。
107812,2184,马洪庆,2019-05-10 02:30:27,4,5,1,一开始没有听懂怎么用系统，老师居然还能手把手教怎么操作，简直感动哭
108695,2184,马洪庆,2019-05-31 09:20:36,2,3,1,好耐心啊，会细心指导
109126,2184,马洪庆,2019-06-09 11:42:32,5,5,0,老师又耐心又可爱和蔼
110196,2184,马洪庆,2019-06-24 10:13:29,1,2,1,巨好，强推
111549,2184,马洪庆,2019-07-02 02:05:38,2,3,1,太幽默了
113165,2184,马洪庆,2019-07-06 00:57:16,1,1,0,卡? 难受
118909,2184,马洪庆,2019-11-07 13:41:39,0,1,1,老师很逗比，物联网会很耐心的帮同学们查bug，人很好
120008,2184,马洪庆,2019-11-17 10:02:48,-1,1,2,物联网通识课 课前扫二维码签到，课后扫二维码签退。 老师会认真指导同学的问题。 事情还好，就是写期末报告时会稍微忙一点。 给分不错，写报告、思考题时注意细节，尽量多写；找好队友，我超级幸运地遇到了工信大佬，基础报告就很ok~超感谢！不过设计报告基本上都是一个人写一份
120011,2184,马洪庆,2019-11-17 04:35:21,4,4,0,队友好，高分水课，队友差，绩杀。反正慎选队友
120058,2184,马洪庆,2019-11-17 08:52:20,2,4,2,我听的是老师开的物联网通识课，讲课和答疑时都非常耐心细致，又和蔼，从没有发过火，推荐认真想学点东西的人选这门通识，只要努力，绩点不会亏待你的，建议想水的人不要选，基本学不到什么而且最后交实验报告还要依靠组员...
123026,2184,马洪庆,2020-05-01 15:02:21,-11,7,18,春学期物联网课程，成绩刚出，5.0，说实话稍微有点意外。\n\n首先，毫不犹豫地给马老师打10分。上课讲解细致，有逻辑有条理；后期做设计的时候，同学们有任何问题都会热心解答，甚至亲手远程操控帮同学们解决；批改作业的时候也非常认真，连扣分细则都标注得清清楚楚（绝对是我见过的少有的认真负责的老师）。除此以外，对同学们也很包容：我在上传作业的时候，由于计划失误导致没能在ddl前交上作业，当时忐忑地向马老师请求补交，马老师什么都没说就同意了，而且最后仍然给满了，实在是感动！\n\n对于物联网这门课，很多同学都认为其设置不合理，我也承认做设计的时候确实累，任务重，不过我觉得这门课是值得这么长时间的，实验中有太多值得探索的东西了，完善设计、进行创新本身也是很有意义的过程。至于前面的同学说学不到太多东西，我是不敢苟同的。课程在内容上是相当丰富的知识，实验设计上又给了我们自主思考和创新的机会，直到结课我也感觉有很多东西没有掌握。对于有兴趣、肯花时间的同学来说绝对是干货满满！\n\n最后，和楼上们说的一样，对于想学东西的同学，强推；对于想水水过的同学，慎选。我的5.0是我牺牲了微积分大雾等主课的时间用心思考得来的，在上物联网之前，我也是网络信号方面的小白，害怕被正态的选手。马老师和这门课在我心中都是10分的位置，就算最后不是5.0，我也一样会这么认为。
123313,2184,马洪庆,2020-06-02 12:50:46,2,2,0,点名方式多元化，令人拍手称赞，拍案叫绝
123314,2184,马洪庆,2020-06-02 12:42:06,1,1,0,点的一手好名
123315,2184,马洪庆,2020-06-02 12:43:32,3,5,2,人类点名精华，甚至会有学在浙大随机抽人截图带有时间的桌面的操作！？课中随机小测也就一般般了。不可谓不是zju朝着世一大前进的必不可少的老师。
124548,2184,马洪庆,2020-07-02 22:47:42,1,1,0,上的物联网通识课，老师人好，给分也好。
129348,2184,马洪庆,2021-01-04 11:38:06,2,6,4,1.5学分的物联网干5学分的事情，慎选吧
131911,2184,马洪庆,2021-01-29 09:54:06,-7,1,8,建议非计科同学别选
132148,2184,马洪庆,2021-01-30 13:23:44,-3,1,4,感觉样样事都有认真做\n\n和往届对比觉得也不差\n\n最后只有3.3\n\n有些难过
134504,2184,马洪庆,2021-03-30 08:54:12,1,5,4,1.5学分的课，干的事情比三四学分的课还要多。每周5节课，没有一分钟能水，而且基本每周都要上到9点半以后才能完成实验，相当于每周六节课。不评价老师好坏，单从这门课的任务量和学分综合来看，不值得选。
135855,2184,马洪庆,2021-07-02 07:27:33,-2,4,6,电工训老师，老师给分可以的，但上课谜语人，讲的毫无逻辑，作业实际打分和要求不符，去问问题回复总是没有好语气，就一个暴躁的中年男子。
136226,2184,马洪庆,2021-06-13 06:41:59,1,3,2,老师是好的，事情也是真多，1.5课分花了我4课分的时间和10课分的压力，真是服了这门课
138646,2184,马洪庆,2021-07-10 05:57:07,2,2,0,虽然物联网事情确实有些多课程也有难度\n\n但是老师人很好也会耐心帮我们解决问题\n\n给分超好！只要认真做了就可以高分！
138680,2184,马洪庆,2021-07-10 10:10:37,2,3,1,电工训人均4.5！yyds！爱老师！！！
139327,2184,马洪庆,2021-07-14 10:49:00,0,0,0,老师很热心，电工训给分超好
139641,2184,马洪庆,2021-07-19 00:43:08,0,0,0,物联网过来的，点名频繁，一次课点三次，说实话5节实验很累，事情多，难度对小白有点大，但是老师非常非常好，别被表面的严肃所迷惑，问他问题的时候就笑嘻嘻了，非常耐心，最后给分也非常好。
143347,2184,马洪庆,2021-11-24 00:56:31,10,10,0,给分很好 课也蛮有意思的！基本就是实验课 期末要交课程总结和一个问答……说不清，去报这门课就知道啦(((o(*ﾟ▽ﾟ*)o)))♡ 反正事情不多，课上讲理论的时候稍微认真一点点（绝对比你学vjf线代啥的轻松多了）就能在课内完成实验啦！（甚至可能还有时间富余）给分也很棒 小组有幸都拿了满绩（笑）\n\n哦对了 如果队友队友都是摸鱼怪的话可能会辛苦一点qwq 如果有一点点编程基础会更好 只需要流程图类型的编程就可以了 所以文科生也可以选哦！（ps我们组就有一个人文社科的）\n\n老师也很棒！和蔼可亲 问问题都会回答 实验不会做也可以在直接课内请教老师的\n\n5节课可能有点长 能排出时间还是很值得一选的\(//∇//)\\n\n（和李培弘老师评论一样是因为都是一个人写的）\n\n（哦对了 选的是物联网与信息电子应用导论 李培弘老师那儿忘说了 补上）
144354,2184,马洪庆,2021-12-21 06:55:04,0,0,0,老师人非常好，很耐心解答各种问题，把我那么长一大串程序都一个个看了过去，真的很好！
145032,2184,马洪庆,2021-12-27 00:25:08,1,1,0,事情好多，规定好多，好累\n\n特别是这学期，疫情一搞，时间减半，工作翻倍。
145454,2184,马洪庆,2021-12-30 00:03:59,1,1,0,物联网过来的，真的狠狠夸赞老师了。是21年秋学期上课的，因为之前实验报告比较多，所以老师也积极改进了。作业是课上完成，不会影响课后时间，而且基本都是老师会示范操作的。实践过程中，老师也会超级无敌耐心解答，当时我们组一大段程序，老师也是从头到尾仔仔细细帮我们检查，真的很贴心。然后是小组合作，找个大佬带飞很不错。最后给分4.2也很香香啦！！
146450,2184,马洪庆,2022-01-06 15:00:29,2,2,0,老师的电工训乙真的超级好玩儿，本来是抱着劳育类课程来水的，没想到做了很多好玩儿的东西，也得到了老师很耐心的指导
149718,2184,马洪庆,2022-01-16 14:14:32,2,2,0,物联网\n\n老师人很好！上课很仔细，实验不会也耐心解答。\n\n这门课虽然有点硬，但是都有视频可以学习，大一同学也可以学！\n\n推荐给大家
155327,2184,马洪庆,2022-06-11 02:45:58,4,4,0,老师眼睛好大哈哈哈哈反正就是很好很好的老师，讲课的时候严肃但是问问题的时候真的太温柔了，而且很幽默
157840,2184,马洪庆,2022-06-25 05:38:22,0,4,4,上课乱七八糟，实验花巨多时间
160450,2184,马洪庆,2022-09-23 01:39:08,0,1,1,已读不回
160958,2184,马洪庆,2022-10-21 00:32:08,-5,3,8,物联网……说好的小白也没事，结果一上来就上强度，太看得起我们了吧。演示的时候没用的讲一推，具体要怎么操作的轻飘飘带过，全靠看回放做实验😅😅😅
164978,2184,马洪庆,2022-12-28 07:39:40,-4,3,7,物联网课，事情很多，而且技术栈也很陈旧，上完课很容易有做了很多东西但什么也没学到的感觉。这老师上的课应该都这样，老师可能意识到内容过多，貌似已经删去了一些东西，但这门课的内容已经落后于时代了，课程建设也只是纸面上好看，课程介绍可以说一堆东西，自诩能让学生学到一堆东西，实际上东西又多又杂又旧，没什么意义，真的有必要花费精力学这么多过时的东西吗？当然从某些角度也能理解，这毕竟是老师生活的手段，课程内容不太会大改的，想摸🐟的同学，如果不能明确找到大佬带的话极为劝退，最后成绩会很难看。而且我这一届老师脾气变得貌似有些不好，知者自知吧。
166376,2184,马洪庆,2023-01-12 06:03:08,3,4,1,刚刚发现出分了，过来讲一下自己上课的体验。\n\n我是22-23学年冬学期物联网与信息电子应用导论的一名学生，是工科试验班大类的，和我组队的也是学工科的学生，不过这堂课作为通识课，难度不会很大，我觉得人文社科的同学可以考虑选，不过作为一个工科生说这话大概也不算有说服力就是了。这堂课一周有五堂课，会集中在一天的下午和晚上，这一点其实相当劝退，不过我因为实在没有选上其他通识课还是来了，还是有收获一些惊喜。两位老师都非常耐心认真的解答学生的问题，实验的操作难度不大，学在浙大上会给出评分的标准，相对比较宽松。\n\n关于分组：大部分实验都是小组共同完成，所以遇见什么样的队友会极大程度上影响课程体验，这个要么自己带队友，要么看运气了。我遇到的队友就比较摆，真的给我很大的压力。\n\n关于上课内容：上课讲的知识很“泛”，完成作业的话只需要模仿老师示范的步骤就好了，上课很多知识对于完成作业没有很大影响，不过这些东西本身也是这堂课的重要组成部分。\n\n课程任务：小组的任务有一些简单的课堂小练习，六个认知实验，一个微信公众号逻辑设备和沙盘物理设备同步设计和一个期末设计作业，一共写过三篇实验报告；个人还有期末设计的思考题（小组成员相互提问并回答）和1000字以上的课程总结。\n\n注意事项：我们这个学期先是线下上课，后来因为疫情转到线上。线下上课问老师问题会比较艰难，因为大家都在问。我个人感觉线下会比线上难一点，无论是听课的体验还是动手操作上。作业提交的格式要求会比较细，仔细看，不要搞错了，会影响的分。\n\n因为我们小组长期摆烂以及作业都是赶出来的，所以我对我的分数没什么期待，出分4.2真的是一个惊喜了，感谢老师！
166610,2184,马洪庆,2023-01-13 03:53:04,0,0,0,课程基于IOT Designer、沙盘和模拟器进行，分组完成实验。老师每节课点名，线下是钉钉群签到签退，线上是数字点名。\n\n成绩：平时小实验+期末设计+思考题+课程心得。前四周老师讲课带我们熟悉实验环境，后几周做期末设计作业。实验需要花一定时间，但难度适中，老师上课都会有演示。最重要的是找个好队友，我不小心和留学生组队，任务基本都是自己做的。\n\n期末设计是在四个项目中选一个，我选了物联网智能门禁系统，感觉难度还行，但想拿高分需要自己多做一些拓展内容。我做了一个拓展，平时实验基本完成，最后95。\n\n但线下的话需要下午和晚上连着上课，而且平时作业需要当天上交，不熟悉软件的话还是挺赶的。建议时间充裕、有一定编程基础的同学选课。
167319,2184,马洪庆,2023-01-15 13:49:27,5,6,1,上的物联网，老师是真的好老师，但你不知道会遇到什么b组员，而这门课几乎所有作业都是小组作业，对于想卷绩点的人不推荐。
168481,2184,马洪庆,2023-02-18 06:52:32,3,4,1,超级喜欢！！！！很有耐心很温柔！！
177408,2184,马洪庆,2023-07-03 07:36:10,8,9,1,电工训遇到个摆子队友，全程solo😅，4.8。成绩里真的每一分都是我自己挣出来的，现在就是后悔没有跟老师反应，对摆子队友重拳出击。大家组队一定要擦亮眼睛
178336,2184,马洪庆,2023-07-10 07:53:54,6,6,0,好老师\n\n问什么都耐心教
190959,2184,马洪庆,2024-03-25 15:39:34,3,3,0,电工训\n\n上课的是金向东老师\n\n上课直接放录音[流汗黄豆]\n\n讲课是真的令人昏昏欲睡\n\n不过答疑挺耐心且切中要点
192718,2184,马洪庆,2024-05-29 07:46:12,0,1,1,电工训，非常好的老师！\n\n会非常耐心的解答你的问题，哪怕是在钉钉上也是！
194635,2184,马洪庆,2024-06-24 17:31:11,6,8,2,太自以为是了，虽然说找他求助会有回应，但是我确确实实按照老师做成功的方法(就算没理解原理但照猫画虎总能做到吧)再重新做了一次没有成功，就说什么学生没了老师就什么都做不好了、都是老师的错之类的鬼话。我话都没说完就说我设置错了，结果回答完又说诶是对的，就这么瞧不起我们啊。还自负地说只要他站在旁边看着我们就能成功，就是说不用他上手。结果自然没有成功，最后还怪起了华为手机。呵呵。自己软件开发的一坨，给我们组的语言模块声音比蚊子还小，wcis？赶紧OUT吧！！！！
194643,2184,马洪庆,2024-06-24 23:30:33,19,20,1,看看人家留学生一人成组做的小车，你们惭愧吗？
195473,2184,马洪庆,2024-06-28 07:47:56,-3,0,3,好老师，，
195576,2184,马洪庆,2024-06-29 00:31:43,6,9,3,事多分少典型代表
197295,2184,马洪庆,2024-07-10 12:31:24,2,3,1,电工训（甲），三个老师体验lph>mhq>jxd，评分是有说服力的，420的助理老师wzl也不错，至少这门课老师没有査老师上说的那样不堪，我们420的有问题都是找王老师，王老师都能跟你耐心解决。这门课事情算很多了，真的很同情那些选来做跨专业的同学，难度倒是不大，主要是繁琐。我们组主要在智能插座后半段和智能小车环节遇到了困难，向lph和mhq老师求助，两位老师也能耐心解答，不过李老师解答时明显让人感觉和蔼一些，马老师说话有时候会让人感觉有点yygq。
200063,2184,马洪庆,2024-10-12 05:20:52,-2,2,4,不要相信查老师给的均绩，物联网电工训3.9 3.9不想多说
201385,2184,马洪庆,2024-11-01 10:12:23,0,0,0,很耐心，当时已经九点多了，九点十五下课，我有一点不懂，老师很耐心的又给我讲了很久，十点才走
203957,2184,马洪庆,2024-11-22 08:32:43,-4,4,8,马老师人很好，和学生也没有高高在上的态度\n\n上面电工训拿个3.9搁那叫的，给分不好还是你自己fw
208433,2184,马洪庆,2024-12-27 13:57:21,2,4,2,虽然老师可能偶尔有些抽象，但是总体来说仍然是电工训体验最好的老师，小车部分有问题都会耐心回答（前提是老师有空，因为问的人实在太多了），下课没做完也会等我们，帮我们一起调试改进寻球逻辑。至于给分，这个学期开始新加上了很多互评，暂时不清楚怎么样，保佑结果如意吧🙏
211855,2184,马洪庆,2025-01-12 17:17:38,3,3,0,像karrigan
212706,2184,马洪庆,2025-01-14 13:55:37,0,2,2,略抽象，但总体体验很好，强推跨专业
213452,2184,马洪庆,2025-01-17 12:17:36,-5,1,6,电工训乙，推荐工科生跨专业，上课实验有趣，老师会及时解答，完成任务能够提前下课，好几周的课都能提前1h下课，上课内容也比较简单，跟着ppt做就行，要写2篇简单的实验报告，绩点轻松上4.5
219582,2184,马洪庆,2025-05-30 06:26:07,6,6,0,电工训互评不改的话，不再建议任何人选这门课
219604,2184,马洪庆,2025-05-31 10:27:29,7,7,0,电工训的互评嘴脸大家有目共睹，真的是活全家了。\n\n出分完再来你的**踩一脚。
219755,2184,马洪庆,2025-06-05 07:27:55,11,11,0,互评任务逆天到没边，层次分明的标准硬是每一小项能差开两三档，说真的如果我看到五个B的话我会去检查一下自己哪里做的不好，当我看到AE同时出现的时候我只能无奈的笑笑。祝福每一个视频都没看完就故意给别人打低分的以后你的人生永远被恶意相待
219768,2184,马洪庆,2025-06-05 09:16:01,6,6,0,真的是不明白为什么引入如此逆天的互评制度。\n\n先不论过于繁文缛节的交作业的方式，付出一些精力还是可以对付对付满足往哪个地方交哪个规定名称的哪个必须这么剪那么拼的作业。\n\n但你这个互评我除了互相折磨没有看见任何好处。\n\n模糊不清的评选机制，乐此不疲的每天在群内@催促，平白无故在期末周多了一堆毫无意义的事情。\n\n不同人对于统一标准的理解就是不同，有人的分给的高有的人分给的低有的人干脆忘记评分，你处理的方法如此垃圾以至于不想喷。\n\n既然你自己都预料到互评的不合理在群里吐槽，为什么要设定这样一个不对任何人有好处的东西？\n\n而且说实话，私认为跟随着向导一步步婴儿般调功能而不解释其中代码原理和功能实现没有教导意义，照葫芦画瓢对我以后的学习没有什么帮助。\n\n期末周本来就烦躁，还要在群里和你扯皮真让人心累。
220444,2184,马洪庆,2025-06-18 02:59:26,2,4,2,不太清楚好在哪里，正常的沟通和问题反馈也要被yygq，还搞了个我不好说的互评
220445,2184,马洪庆,2025-06-18 03:02:53,5,6,1,有亿点离谱，大作业打分瞎打，c
220555,2184,马洪庆,2025-06-24 02:56:17,1,2,1,电工训差差差
220710,2184,马洪庆,2025-06-19 09:04:29,6,7,1,挺无语的，当时做小车问他一个问题，他就yygq说你上课不认真听了吧难怪，你自己看看怎么调吧。。。后来又有一次找他问问题，这个问题确实是从上课内容到ppt完全没提到的问题，他让我把车子拿到上面去跑一下，我去拿个车的功夫人就不见了，找半天原来是出去帮别的组解决问题去了，我拎着台车等了一万年，最后时间来不及要下课了我还是得自己去调
220715,2184,马洪庆,2025-06-19 09:35:01,6,7,1,电工训这课首先整个设计就逆天，讲的粗枝大叶，时间紧任务重，属于旱的旱死涝的涝死，这边建议开始分组时就抱紧大佬大腿\n\n其次，今年推出互评制度，然后你的视频会被莫名其妙打低分，申诉无果的那种hh 学到了fds课的精髓是吧\n\n最后课程报告有查重机制，要是借鉴过多就会收获很低的分数哈\n\n估计就三开头，能不选建议别选
220716,2184,马洪庆,2025-06-19 09:42:18,6,7,1,真的烂。。。尤其是互评和给分机制，无语了
220733,2184,马洪庆,2025-06-19 11:12:04,2,2,0,问个问题给你阴阳怪气上了🖕
220749,2184,马洪庆,2025-06-19 13:45:06,2,3,1,电工训每年都是做这些任务，课程总结里面内容怎么可能不出现雷同，这个也要去查重给低分也挺离谱。每个项目的得分也是不明不白，明明都做出来了各项小分也挺好，但项目总分就莫名其妙扣很多，这个课恶心了一个学期最后出分还被恶心了一下
220810,2184,马洪庆,2025-06-22 06:25:27,4,5,1,shit bro
220823,2184,马洪庆,2025-06-20 03:33:42,-5,1,6,老师神捞
221046,2184,马洪庆,2025-06-21 04:06:30,0,2,2,感觉老师本人还是很好很可爱的，很有意思的一个老师。问问题的话他可能会以他认为幽默的方式“调侃”你一下，但无论他怎么“调侃”好多时候都直接上手把你的问题解决掉了^~^
14219,2217,李培弘,2016-01-05 12:35:57,3,3,0,物联网老师特别好\n\n
21334,2217,李培弘,2016-02-28 05:12:00,3,3,0,很好的物联网老师，有耐心讲解细致，还很幽默
24121,2217,李培弘,2016-04-27 15:01:56,1,1,0,耐心细致幽默！
37160,2217,李培弘,2016-11-17 15:41:43,11,13,2,上的是物联网与信息电子应用导论 老师人很好 问题都会很耐心的教你 给分特别棒
40495,2217,李培弘,2017-01-04 01:19:00,0,1,1,。。。。
45688,2217,李培弘,2017-01-20 02:51:35,1,2,1,满分没得说
45695,2217,李培弘,2017-01-20 02:55:04,4,4,0,电子工程训练的老师 人超好～给分也好
46181,2217,李培弘,2017-01-21 01:08:06,0,1,1,电子工程训练有意思给分也好!
56132,2217,李培弘,2017-07-03 06:29:31,3,3,0,最喜欢的老师之一，特别耐心也很可爱
56761,2217,李培弘,2017-07-04 14:29:46,0,0,0,电子工训不错不错
56767,2217,李培弘,2017-07-04 14:39:54,16,19,3,李老师\n\n和蔼可亲\n\n幽默风趣\n\n无敌可爱\n\n有着工科男的高技术\n\n还有文科男的小幽默\n\n兼顾父亲般的厚实柔软\n\n更有母亲般的慈爱关怀\n\n\n\n上过老师很多课，不一样的课程，一样的满鸡。\n\n
62354,2217,李培弘,2017-11-24 10:54:30,0,6,6,很温柔，给分也很好，物联网实验不难，只要交报告和个人体会。我上课基本玩手机，实验认真点做，报告按老师的格式，轻松上4.
76256,2217,李培弘,2018-03-30 15:50:26,0,0,0,老师真的超级超级好，从不生气...
83550,2217,李培弘,2018-07-10 14:47:48,0,0,0,电工训，老师有水平，耐心，给分好
88171,2217,李培弘,2018-10-23 09:21:45,0,2,2,物联网体验贼棒
100626,2217,李培弘,2019-01-26 12:41:58,2,3,1,还不快快回家看看
100734,2217,李培弘,2019-01-26 16:09:57,2,2,0,10分给李老师，物联网课程安排比较糟糕，但是老师很好的。
107813,2217,李培弘,2019-05-10 02:31:05,3,3,0,老师很细心呢，给分也棒，10
110195,2217,李培弘,2019-06-24 10:12:49,0,0,0,物联网导论课过来的，老师讲的很好，也很亲近随和
116935,2217,李培弘,2019-09-17 11:24:23,0,0,0,和蔼可亲
119995,2217,李培弘,2019-11-17 03:57:25,5,5,0,物联网过来的，给分很好，老师超有耐心的手把手带学生。有编程基础的可以碾压后面的设计部分。只不过这次课程被学校各种活动冲掉了许多导致期末报告时间很紧
120005,2217,李培弘,2019-11-17 04:27:57,1,6,5,花费了相当于4学分的课程时间在这个上，却因为同组的坑得到极低分，上课认真听，课下认真做的努力也白费，总之，这个课就是队友对就是水课高分，队友不好就绩杀
120006,2217,李培弘,2019-11-17 10:01:51,5,5,0,物联网通识课 课前扫二维码签到，课后扫二维码签退。 老师会认真指导同学的问题。 事情还好，就是写期末报告时会稍微忙一点。 给分不错，写报告、思考题时注意细节，尽量多写；找好队友，我超级幸运地遇到了工信大佬，基础报告就很ok~超感谢！不过设计报告基本上都是一个人写一份
120057,2217,李培弘,2019-11-17 08:49:33,5,5,0,我上的是老师开的物联网通识课，老师讲课非常耐心吸住，回答问题的时候也很和蔼，真的是非常棒的老师。给分也挺好的，不过不推荐想水的人选这门通识课，个人感觉假如想水真学不到什么东西，而且最后的实验报告估计也是难以完成，力荐有兴趣的同学选，认真听能学到很多！
123618,2217,李培弘,2020-06-10 13:51:57,1,8,7,老师可爱＋友善，问他问题的时候耐心解答，问完了之后还和我们嘻嘻哈哈的开玩笑，可惜物联网他只上前半部分。不过物联网这门课，确实课量大，作业也挺多的，但是我基本全程水过，没听过课，最后使劲肝了一波期末报告，而且实验还没有完全符合老师的要求，本来以为要挂科了，结果居然满了，组员也是4.2和4.5，给分挺好的，建议愿意花时间得分的人选这门课
124547,2217,李培弘,2020-07-02 22:46:32,0,0,0,上的是物联网通识课，李老师超级好～
131910,2217,李培弘,2021-01-29 09:53:35,-3,3,6,建议非计科专业同学别选
135854,2217,李培弘,2021-05-29 09:51:54,2,2,0,电工训老师，人超级好，备课充分，知识储备足，不过建议老师ppt可以精简、明晰一点，这样我们能看懂，上课废话少一点，这样让我们有更多时间上手
139640,2217,李培弘,2021-07-19 00:41:20,4,4,0,物联网过来的，说实话5节实验很累，事情多，但是老师非常非常好，有问必答，非常耐心，最后给分也好。
143345,2217,李培弘,2021-11-24 00:53:15,2,4,2,给分很好 课也蛮有意思的！基本就是实验课 期末要交课程总结和一个问答……说不清，去报这门课就知道啦(((o(*ﾟ▽ﾟ*)o)))♡ 反正事情不多，课上讲理论的时候稍微认真一点点（绝对比你学vjf线代啥的轻松多了）就能在课内完成实验啦！（甚至可能还有时间富余）给分也很棒 小组有幸都拿了满绩（笑）\n\n哦对了 如果队友队友都是摸鱼怪的话可能会辛苦一点qwq 如果有一点点编程基础会更好 只需要流程图类型的编程就可以了 所以文科生也可以选哦！（ps我们组就有一个人文社科的）\n\n老师也很棒！和蔼可亲 问问题都会回答 实验不会做也可以在直接课内请教老师的\n\n5节课可能有点长 能排出时间还是很值得一选的\(//∇//)\
144356,2217,李培弘,2021-12-21 06:56:28,1,1,0,老师人很好！物联网很好玩！
144560,2217,李培弘,2021-12-22 09:31:03,1,2,1,李老师真的很好，一次实验因为个人电脑的问题出现一个很难搞的BUG，老师下课后仍然在帮忙调试。作业过期后提交也会通融，讲解也很细致幽默
144942,2217,李培弘,2021-12-26 04:04:13,-3,0,3,。。。
152896,2217,李培弘,2022-04-21 09:50:42,5,5,0,真的好温柔的老师！\n\n我们组听信了别人的“谣言”把装好的拆一半拆坏了，他一边说不气不气，一边说我要放大招了\n\n然后把电子元件拆了又装装好了。・゜・(ノД`)・゜・。\n\n他真的超好 对学生超级负责 人又很温柔 我爆哭
154037,2217,李培弘,2022-05-20 02:47:45,1,2,1,很好喔
155326,2217,李培弘,2022-06-11 02:43:34,9,9,0,真的超级超级棒，不管问多蠢的问题老师都会很耐心的回答，极度和蔼！！！水平也很高！！！
160959,2217,李培弘,2022-10-21 00:32:39,-19,3,22,书币物联网，五节课坐牢，🐶都不学
162767,2217,李培弘,2022-12-06 03:07:46,3,3,0,给分确实不错，全班80以上，但五节课真的坐牢
166377,2217,李培弘,2023-01-12 06:03:40,18,18,0,刚刚发现出分了，过来讲一下自己上课的体验。\n\n我是22-23学年冬学期物联网与信息电子应用导论的一名学生，是工科试验班大类的，和我组队的也是学工科的学生，不过这堂课作为通识课，难度不会很大，我觉得人文社科的同学可以考虑选，不过作为一个工科生说这话大概也不算有说服力就是了。这堂课一周有五堂课，会集中在一天的下午和晚上，这一点其实相当劝退，不过我因为实在没有选上其他通识课还是来了，还是有收获一些惊喜。两位老师都非常耐心认真的解答学生的问题，实验的操作难度不大，学在浙大上会给出评分的标准，相对比较宽松。\n\n关于分组：大部分实验都是小组共同完成，所以遇见什么样的队友会极大程度上影响课程体验，这个要么自己带队友，要么看运气了。我遇到的队友就比较摆，真的给我很大的压力。\n\n关于上课内容：上课讲的知识很“泛”，完成作业的话只需要模仿老师示范的步骤就好了，上课很多知识对于完成作业没有很大影响，不过这些东西本身也是这堂课的重要组成部分。\n\n课程任务：小组的任务有一些简单的课堂小练习，六个认知实验，一个微信公众号逻辑设备和沙盘物理设备同步设计和一个期末设计作业，一共写过三篇实验报告；个人还有期末设计的思考题（小组成员相互提问并回答）和1000字以上的课程总结。\n\n注意事项：我们这个学期先是线下上课，后来因为疫情转到线上。线下上课问老师问题会比较艰难，因为大家都在问。我个人感觉线下会比线上难一点，无论是听课的体验还是动手操作上。作业提交的格式要求会比较细，仔细看，不要搞错了，会影响的分。\n\n因为我们小组长期摆烂以及作业都是赶出来的，所以我对我的分数没什么期待，出分4.2真的是一个惊喜了，感谢老师！
191100,2217,李培弘,2024-04-02 17:12:13,6,6,0,电工训\n\n和蔼可亲的小老头\n\nppt很详细\n\n实验指导充分
197296,2217,李培弘,2024-07-10 12:32:18,5,6,1,是电工训里面最好的一位老师了
197639,2217,李培弘,2024-07-23 09:08:26,2,2,0,爱笑男孩运气不会差
207126,2217,李培弘,2024-12-19 10:39:36,1,1,0,超级好超级好！
211740,2217,李培弘,2025-01-12 09:49:54,1,1,0,非工科学生，选的物联网与信息电子应用导论，emmmmm这门课的两位老师都是很棒的老师，对于非工科的同学也没有任何歧视，一律热心帮忙讲解。但是这门课呢，对于组队要求比较高，我那队基本由我一个人完成所有的编程和报告，体验极差（仅仅针对队友）
212029,2217,李培弘,2025-01-13 05:12:51,1,1,0,物联网给分超级好！！都给我冲！
220711,2217,李培弘,2025-06-19 09:07:18,0,0,0,电工训来的，李老师真的非常有耐心，而且经验丰富，愿意帮同学解决疑问，有一次课后去补做一个作业出了问题，去办公室问李老师问题，从原理到实现过程分析了一遍，很快就找到了问题所在，还收获了不少有用的知识，真正的授人以渔，难得的好老师
8749,2287,金浩,2015-09-25 08:36:15,23,24,1,老师讲课很清楚，很负责
12771,2287,金浩,2015-12-24 03:35:56,2,5,3,然而我听不懂
13728,2287,金浩,2015-12-30 12:11:37,4,5,1,条理很清晰，好好听课收获很大
14597,2287,金浩,2016-01-27 12:16:48,6,7,1,老师超级认真负责，人好脾气好，讲的东西多了点但对知识的理解啊什么的都很有帮助，出了作业略多，其他的都很棒，很憨厚可爱的好老师～
20106,2287,金浩,2016-01-26 06:12:04,9,11,2,老师超级负责，就是讲的东西有点多
20429,2287,金浩,2016-01-27 14:16:31,1,4,3,好老师不解释！
21487,2287,金浩,2016-02-29 04:42:18,3,3,0,老师讲的东西有点多，但是人超级负责，憨厚可爱
22075,2287,金浩,2016-06-21 12:55:46,2,3,1,好老师不解释！
94961,2287,金浩,2019-01-18 13:53:24,2,4,2,老师人非常好，讲的也很清楚，就是英文ppt看得累
94990,2287,金浩,2019-01-18 14:25:16,1,7,6,无语了这给分
95010,2287,金浩,2019-01-18 14:46:37,2,4,2,老师超级好的，讲课讲的很清楚，人也超nice。ppt和教材是英文版本，内容也不局限于考试，真的能学到很多东西。虽然最后绩点不是很好，但是也是我自己不太学得会。
117248,2287,金浩,2019-09-21 07:17:13,-2,2,4,wdnmd怎么这么多作业
117250,2287,金浩,2019-10-19 16:25:15,2,3,1,转cs的同学千万别选
117272,2287,金浩,2019-09-22 04:46:01,3,5,2,上学期谁跟老师反映作业少的给我站出来
117457,2287,金浩,2019-09-24 14:34:18,0,0,0,明天要交才发现补不完了
120970,2287,金浩,2020-01-19 05:38:25,1,1,0,老师一开始给的作业很多，后来反映了之后就少了不少。上课用ppt，教材是英文教材，内容有点多。主要电基这课真的内容多，只能说，老师真的在竭尽全力捞人。
122603,2287,金浩,2020-03-07 04:05:12,1,1,0,虽然作业有点多，但是老师真的人很好，作业允许补交，会叫人回答问题充当点名（就算不到下节课或者过段时间会再点，只要没有三次都点不到就没关系）。本来说大作业截至在考试前，结果一直到出分都还在催交大作业。用的英文教材，ppt也是根据英文教材来的，跟其他老师路子不太一样。\n\n老师真的讲得很好，思路很清晰，虽然学模电的时候也觉得很难，但主要是觉得内容太多了记不住，理解上没有什么什么问题。\n\n和本学期的数电形成鲜明对比。
128439,2287,金浩,2020-12-23 05:17:22,0,1,1,老师好可爱
131868,2287,金浩,2021-01-29 07:11:42,2,4,2,金浩yyds
132255,2287,金浩,2021-01-31 09:53:23,3,3,0,金浩yyds！
139833,2287,金浩,2021-07-30 13:41:26,1,2,1,PPT很清晰，正在自学
148881,2287,金浩,2022-01-14 01:01:57,7,7,0,虽然老师给我3.3 我还是得给他10分
149155,2287,金浩,2022-01-14 14:45:23,3,3,0,谢谢老师，电基很难，课程原因，老师教的真的可以了
150038,2287,金浩,2022-01-18 13:20:21,1,1,0,老师教的真的很好，特别特别棒，人也很好，会很认真很仔细地给我们将每一个知识点。期末卷子离谱也没办法，虽然绩点不尽人意，但完全不怪老师，金浩老师绝对值得10分。
162005,2287,金浩,2022-11-16 02:35:11,0,1,1,特别喜欢点人回答问题，介意的慎选
164220,2287,金浩,2022-12-19 11:05:27,0,1,1,呜呜呜呜呜我的金浩老师！！！老师人真的超级超级好超温柔超耐心讲课好清楚！上课点人回答问题但是回答不上来也没有关系！他只是为了互动看看大家有没有理解wwwww
166425,2287,金浩,2023-01-12 08:39:52,1,1,0,老师电原部分的课真的讲的很清楚，平时上课会点人回答问题，很负责的好老师
167638,2287,金浩,2023-01-18 02:45:34,8,9,1,课讲的很清楚！不会的直接问，真的十分感谢老师，有幸在这门课能满绩\n\n建议搭配上交郑益慧老师模电课程，直接在这门5分大课嘎嘎乱杀
172941,2287,金浩,2023-05-10 07:34:51,0,0,0,金老师特别负责，对学生也非常好，满分！
187308,2287,金浩,2024-01-15 12:35:00,0,0,0,老师人真的很好，对学生真的很负责。
199339,2287,金浩,2024-09-21 08:56:50,0,0,0,超级好～好好珍惜金老师，比下学期数电老师强太多太多太多了！！！！！！！！
205751,2287,金浩,2024-12-12 02:18:57,0,0,0,很好的老师
206069,2287,金浩,2024-12-13 04:42:03,0,0,0,金浩小天使！爱死你了！
216375,2287,金浩,2025-03-14 16:48:19,0,0,0,好好好
217201,2287,金浩,2025-04-04 03:46:24,0,0,0,好好好
786,2334,王柏祥,2015-03-17 02:22:21,4,4,0,老师蛮幽默的，对学生真的是很好
822,2334,王柏祥,2015-03-17 14:26:52,3,3,0,给分超赞
1170,2334,王柏祥,2015-03-21 16:24:08,2,2,0,老师特别好，讲课很有激情\n\n
75763,2454,汪小知,2018-03-16 16:35:20,1,3,2,咖啡王
104562,2454,汪小知,2019-03-23 16:37:54,1,2,1,我是ikun
114595,2454,汪小知,2019-07-10 23:41:59,1,3,2,辣?，给分差
123844,2454,汪小知,2020-06-15 02:18:16,1,1,0,呵呵呵
124698,2454,汪小知,2020-07-06 12:51:07,7,9,2,半导体物理与器件，他的课太难上了，他教书给人感觉是把自己的知识、自己觉得重要的内容倾囊相授，却没有为学生利益考虑许多，典型的“不好说话”，好像会算计学生那种。他希望我们迎合他、做他每一个口头任务、把这门课当自己最重要的课之一去学习，然而努力归努力，努力后的结果又是由他说了算。我是觉得为这门课付出太多得到太少，上完，出分，太不甘心，从学分来说，极其后悔选这老师选这课。
133440,2454,汪小知,2021-02-28 16:17:59,4,5,1,这是我目前见过信电学院第二恶心的老师，第一是SHB
134092,2454,汪小知,2021-03-15 15:03:19,7,12,5,作业阴间
136254,2454,汪小知,2021-06-14 03:21:54,5,5,0,要求过高，讲课不成体系
136385,2454,汪小知,2021-06-17 08:29:56,-3,4,7,好老师呀
136798,2454,汪小知,2021-06-25 00:33:48,4,5,1,只顾自己的教学进度，完全不考虑学生的课业负担。\n\n学术海报和综述已经很花时间了，综述还要求字数8000-20000，1/2都写不到......\n\n考试周前布置两章作业，为什么不先结束新课再展示，11章还没讲就要做。\n\n本来已经调整心态接受了，一大早看到综述要交manuscript又破防了。
137119,2454,汪小知,2021-07-01 09:40:24,0,2,2,上课认真，但是其他是真的🐶
137716,2454,汪小知,2021-07-05 18:20:39,4,4,0,课程难度大，双语教学，课后事情多，要求高。但这些都不是问题，问题在于他从来没有考虑过学生的感受。他没有因为学生听不懂而放慢进度着重讲几个难点，他没有因为学生压力大而减轻负担，他甚至没有在学生做海报展示的时候认真听完看完学生的展示就做出一个很表面的评价。课程内容和秋冬学期李宇波，曹臻老师上的固体物理基础有些类似，但是远远没有后两位上得好。总之除非你个人学习能力很强，在物理方面比较有天赋，不然非常不建议选他的课。但如果是迫于培养方案要求作出选择，感觉和隔壁没有太大的区别，因为都要承担绩点的暴跌，反而不用太过在意。
137728,2454,汪小知,2021-07-06 01:51:14,4,5,1,第一节课就看出是个nt
137777,2454,汪小知,2021-07-06 05:59:50,3,3,0,过于重视形式，说话语气和做事风格令人很不舒服
138145,2454,汪小知,2021-07-07 13:43:58,5,5,0,8000-20000字，25篇英文文献，真的破防了
139527,2454,汪小知,2021-07-17 03:00:03,2,2,0,给分好
139528,2454,汪小知,2021-07-17 03:01:34,2,4,2,老师很认真，上课一般，作业、展示、论文等任务有点多，给分还行（打死不会说我做了历年卷），展示好的小组有礼物，剑桥毕业，年轻又帅
139530,2454,汪小知,2021-07-17 04:16:36,3,6,3,汪老师人很好。虽然课很难，听着很费劲，但是只要认真完成任务，给分超级好！这波必须给汪老师十分！
139531,2454,汪小知,2021-07-17 04:28:26,-2,0,2,离谱了，怎么变得给分有点好了？最后把论文要求降了很多 还挺好
156695,2454,汪小知,2022-06-20 15:33:11,3,3,0,快跑，真的快跑\n\n老师人确实很和善，但是上课是真的糟糕，几乎不会着重讲重难点，只是把自己的知识一股脑抛给你，后面的单元走神几分钟就完全不知道在说什么\n\nposter展示过程中会一直提问，记忆中有几个组被问得很尬\n\n考完期末考还有一篇巨难写的综述，真的是难以评价
158694,2454,汪小知,2022-07-01 11:19:57,2,2,0,事情不少 给分好
158752,2454,汪小知,2022-07-02 01:13:53,2,2,0,事情比较多，给分巨好
189990,2454,汪小知,2024-02-06 09:48:08,4,4,0,信电物虽然是不得不品的烂课，但wxz老师上课讲得还是比较认真的（虽然按照那套陈年ppt来讲观感上还是。。。），给分感觉也还可以，平时的设计报告给分都还行。这门课比较让人无语的是要固定座位并且每章结束会有一段很长的提问时间吧（算在8分的平时分里，所以可能还要提前看两眼）。平时不听感觉也无所谓，考前弄懂重要的三四五章，能带图全都会画，作业题都会做，然后背诵一些简答题会考的部分和平时做的三个设计题（不知道今年新加的量子点以后会变成什么样）足以应付（
203319,2454,汪小知,2024-11-19 06:00:44,5,5,0,写信电物设计报告写不下去了来打个分。老师是好老师，课是矢中矢。
213493,2454,汪小知,2025-01-18 00:53:35,0,1,1,wxz老师人非常好，讲课很认真（但信电物这课是真的一坨），而且wxz老师钉钉回答问题很耐心，给分巨好
213496,2454,汪小知,2025-01-18 01:16:58,1,1,0,给分无敌，本来以为低空飘过的，结果80分，汪老师信电物中的神中神
213500,2454,汪小知,2025-01-18 02:33:47,2,2,0,汪神伟大，无需多言，汪门
213654,2454,汪小知,2025-01-19 09:39:56,0,0,0,wxz老师讲课非常认真，但是我不太听得进去（雾）。考试计算题几乎全是作业题，给分也十分友善。对于学习这门课程，看往年yh的智云更加高效，平常作业自己亲自写过一遍，好好背诵报告足以应付考试。
7823,2456,周金芳,2015-09-15 14:10:06,0,11,11,和蔼！细心！
51572,2456,周金芳,2017-06-07 08:34:04,0,2,2,....
59338,2456,周金芳,2017-09-21 02:51:36,2,8,6,老师根本就不会教书。。。。完全不知道她在干什么，全程自嗨。。
59353,2456,周金芳,2017-09-21 03:31:27,0,3,3,还不错
59360,2456,周金芳,2017-09-21 04:03:56,-2,3,5,电基不错
59536,2456,周金芳,2017-09-22 09:30:29,-1,1,2,贼爱表白自己
59693,2456,周金芳,2017-09-26 03:12:22,-2,3,5,电基不错加一
60302,2456,周金芳,2017-10-17 03:41:16,1,5,4,老师讲课虽然很认真，但是讲的没有条理也不清楚。不过讲义和ppt很棒。电基不如自学。
60353,2456,周金芳,2017-12-28 13:26:14,34,46,12,16级吐血为学弟学妹写下电基教改班如下体验\n\n1.上课进度极快，明明是门基础课对基础内容极不重视却偏偏讲很多普通班级不讲的内容\n\n2.此课轻基础而重软件。什么都要仿真仿真仿真仿真。为了这门课而下的软件接近两位数\n\n3.没有期末期中考是真的，但是有两次测验，卷子的印刷格式却是大考的格式。两次各占不大的比例\n\n4.2*读书报告+n*大作业+1*毕设级别的专题研究   我就不明白了一门电路课程能写啥读书报告？？？？可怕的是有人甚至写了几十伸甚至上百页     每次作业包含概念题  计算题  仿真题    一个周末两个整天花在上面能写完的都是dl中的dl    至于专题研究，我这么说吧，上届的优秀报告是70+页，而且选最高难度才有80以上的可能\n\n5.老师本人和蔼负责，有时课间会放放动漫什么的\n\n6.求求学院了别再搞什么教改了，学生真的玩不起，wqtmd\n\n\n\n好了，我要继续肝“毕设”了，告辞
64073,2456,周金芳,2018-01-02 04:02:45,-3,5,8,恶心...
65300,2456,周金芳,2018-01-02 16:46:11,5,7,2,诶诶诶楼上太耸人听闻了吧，什么上届优秀报告70+，那你怕是没好好看吧，你知不知道那份报告全是抄书的呀，而且各种抄错各种不严谨。这种报告都能满，我倒是偷着乐呢哈哈哈哈
65342,2456,周金芳,2018-01-03 06:54:35,0,1,1,老师真的是一个好老师，刚开始因为没教过大二的学生，对于大二的教学可能略显稚嫩，越到期末越觉得教的不错，老师很贴心，还很认真，考试什么的都会和学生商量，而且还会很认真的回答问题，要是想好好上的还是不错的
65436,2456,周金芳,2018-01-04 02:18:42,14,15,1,老师人很好很负责，但讲得一般，电基教改令人绝望。老师坦言“你们怎么学得会那么多东西啊”
65615,2456,周金芳,2018-01-07 10:08:39,12,14,2,16级同在考试周前写什么都不懂的专题报告。说实话，别的课程你付出很多同样也能收获很多，但是这门课我每周都花了一堆时间写奇奇怪怪的homework，但是因为前面有些不懂导致后半学期的课程全部崩盘。该课程极度轻视基础，除非自信是大大大大佬，否则慎重选择。可笑的是课程十分强调软件，两次考试却是以计算为主，真的不懂为了改革而改革有何意义？想学美帝的ee又不敢大手笔直接砍掉这门实际上毫无意义的课程，畏畏缩缩导致像我这样的智商不是那么那么顶尖的学生什么都学不到还浪费了很多时间。\n\n老师人挺好，吐槽课程，不针对老师。
70742,2456,周金芳,2018-01-27 12:54:09,1,3,2,老师是第一次上本科生的课，经验有些不足，但一下学期下来可以很明显的看到她的进步。东西很多很难，但不是老师的错。但老师人真的非常好，只要你问她问题她会很耐心的回答你～至于成绩，我觉得主要看答辩和报告，我期中啥成绩都不怎么样，最后答辩表现还行，成绩也还过得去～
70760,2456,周金芳,2018-01-27 13:25:05,13,14,1,最后的绩点\n\n不代表我学会了什么\n\n代表了老师对我的怜悯
70768,2456,周金芳,2018-01-27 13:39:23,3,5,2,不得不说周老师是一个好老师，也不得不说教改班是一个有意义的改革。过程真的是很痛苦很痛苦了，知识量爆炸式增长大家一时都吃不消。也正是太难了，老师给分才很好。私认为教改班适合两类人：一是不满足基础班老旧知识的大佬；二是逃避考试来混个不错的绩点的同学。
70836,2456,周金芳,2018-01-27 15:11:22,7,7,0,老师人很负责 讲课快 教改班什么都没学到
70868,2456,周金芳,2018-01-27 16:01:07,0,6,6,16级吐血为学弟学妹写下电基教改班如下体验 1.上课进度极快，明明是门基础课对基础内容极不重视却偏偏讲很多普通班级不讲的内容 \n\n2.此课轻基础而重软件。什么都要仿真仿真仿真仿真。为了这门课而下的软件接近两位数 \n\n3.没有期末期中考是真的，但是有两次测验，卷子的印刷格式却是大考的格式。两次各占不大的比例\n\n4.2*读书报告+n*大作业+1*毕设级别的专题研究 我就不明白了一门电路课程能写啥读书报告？？？？可怕的是有人甚至写了几十伸甚至上百页 每次作业包含概念题 计算题 仿真题 一个周末两个整天花在上面能写完的都是dl中的dl 至于专题研究，我这么说吧，上届的优秀报告是70+页，而且选最高难度才有80以上的可能 \n\n5.老师本人和蔼负责，有时课间会放放动漫什么的 \n\n6.求求学院了别再搞什么教改了，学生真的玩不起\n\n7.出分了，给分不错。可我并没有学到多少东西，前面说的话我保留，我对这门课程的改革有很大的意见。
71834,2456,周金芳,2018-01-29 04:12:04,-4,3,7,教改班给分真的没有很好，感觉还不如那个英文班。说是不考试，但两次小测占50%，大作业加平时作业50%，所以花这么多时间累死累活做的作业、写的读书报告有何意义，也只是形式上的不考试而已。老师人不错，只是针对课程。
80021,2456,周金芳,2018-06-19 04:38:32,-2,1,3,棒棒哒
87568,2456,周金芳,2018-10-07 03:33:45,-2,3,5,狗屎一样的教改班\n\n
91761,2456,周金芳,2019-01-25 07:10:14,-6,1,7,还行吧
92795,2456,周金芳,2019-01-04 12:42:21,7,9,2,我觉得周老师很棒呀，讲解很有耐心，而且实事求是。\n\n其次这门课程我的感受和其他普通班同学对比，工作量很明显小于普通班，而且老师说的很清楚了是注重方法论，学习软件的使用，而且也没有期末考试，并不需要这么胆心学不会，期末考试不会。\n\n至于绝大多数人关心的成绩，组成我觉得很和谐，五次作业25%，只要你花时间做了，都有吧，至于有人说作业很难，那是不是你没有听课也没有看书啊，有很多都是书上原来的模型或者是类似的，实在找不到百度一下也有。\n\n其次两次小测30%，我觉得只要你平时听课，自主做完作业，再什么都不看，都能做到接近满分。。。。第一次小测就涉及第一章节点电流分析法和简单运放的应用，而且只需要列等式，最后仿真的代码也有类似的东西，当然也可以私下互相帮助（雾），第二次的完全就是书上原题……\n\n还有一次心得，老师说的很明确，你对一门软件学习的认识，只要你写了没理由扣分好吧……\n\n最后课程设计确实很肝，但是那么多的资源，还有楼上有说抄书是很真实啊……我觉得平时作业做下来最后也不用有一楼说的那么恐怖。\n\n五次作业+一篇心得+两次小测+一个课程设计，工作量远小于普通班，而且还有较好的得分，何乐而不选？\n\n当然以上言论只适用于想上好这门课的同学。
92902,2456,周金芳,2019-01-05 12:46:01,4,9,5,老师人很好，很耐心，这点不用质疑。 今年教改班貌似去除了往年一些过分偏难的内容。课程难度不小，讲了一些比普通班更前沿，更实用的东西。拉普拉斯的确好用，去除了求导工作；软件仿真省去了麻烦的计算，既然有电脑，我们为什么还要动手计算？另外，软件上手，的确也是老师为我们的长远着想。教改班看重软件仿真，我并不反对。 但是，个人希望教改班同时对基础也再重视一些，否则想要学习知识的人，基础不牢地动山摇；想要水的人，一方面可以放弃一些过难的知识，但是可能同时连最基础的知识都遗漏了。还有，希望老师（助教）在布置作业时，可以将大作业拆分成零碎小作业，便于我们针对性回顾当堂内容，同时也避免周末肝锅。另外，小测建议加大一些难度（不一定非要增大计算量，但希望考察覆盖面再广一些……）。 由此可见，电基教改班可以选择，而且学到了实用的东西，同时配合的教改班实验，pcb的高大上，对比着普通班低效的抄书预习作业。教改班实验也不错。最后再奉劝一句：抱怨任务多的同学，你们可以参考一下普通班的任务。他们虽然看似平常一些，但是任务量，手动计算量都不少，教改班这点没什么可抱怨的。但是，基础部分，教改班涉及可能偏少，这是我认为的教改班的瑕疵。也许，我们自己就可以通过课外学习额外扎实一下，这也是老师的愿想吧……
98607,2456,周金芳,2019-01-23 15:43:25,-3,1,4,真的是好老师，课程怎样不多说，但本来就是给老师评价
99866,2456,周金芳,2019-01-25 08:49:56,1,7,6,17级的教改班感觉体验还不错，现在成绩还没出，对比了舍友普通班之后感觉任务轻松很多，算是比较水的，听说普通班考试卷面挂科率很高。老师人也很好，我当初是没选上普通班才选的教改班，感觉挺不错的，可能是前几届任务太繁重，导致了课程内容的调整，凭心而论，并没有16级评论说的那么夸张。
100687,2456,周金芳,2019-01-26 14:33:47,-1,3,4,老师讲课很用心，自顶向下的学习方法给我很大的启发，平时作业不算多，最后的专题研究要学习和了解挺多知识的，答辩时老师也不会为难我们
100855,2456,周金芳,2019-01-27 03:07:40,-1,3,4,我觉得老师人很好，虽然可能讲课有些地方比较模糊，但是是少数会关心学生尊重的老师了。
101067,2456,周金芳,2019-01-27 11:48:17,-2,2,4,周老师是真的好，只要自己认真做了该做的东西，给分真的好，老师人也好，赞赞赞
101327,2456,周金芳,2019-01-28 04:24:01,1,4,3,老师挺好。不过作业很难就对了
102850,2456,周金芳,2019-02-24 06:53:25,-3,2,5,之前忘了评分，教改班有利有弊吧，东西很多，但是任务比普通班已经少很多了。老师人真的很好，能看出来已经非常认真的在准备课程，小测和答辩也不为难我们。不过要是能找个课友最好，不然很可能崩掉
102929,2456,周金芳,2019-02-25 04:12:55,-3,2,5,很棒的老师，对学生很耐心负责
103674,2456,周金芳,2019-03-04 05:01:33,-10,3,13,作为一个懵逼的菜鸡说说我的感觉。\n\n周老师真的是我很喜欢的老师。什么都跟学生商量着来 时不时卖个萌 很为学生考虑 自己很有想法 时不时也跟大家讲讲人生。\n\n这门课肯定是很少讲基础的。但是从学长学姐的评价跟老师自己的话来看 17级的是比16级学长学姐们的要轻松多了 17级的这次课老师是给了很多书上的仿真代码 很多可以用来参考。听老师说上一届的没有这些。 心疼一波学长学姐们...综合来看。我甚至感觉教改班是比别的班整体任务要轻的.别的班任务量真是巨大 教改班相比较下来貌似还是略微轻松点？ 不过与之对应的应该是我这种菜鸡的基础肯定不太好。之后的学习肯定也得补上很多知识。平时作业是做的真不好。也是花了很多时间 但一对答案就emmmm... 两次小测全部爆炸。所幸最后的专题研究真是下了很大的功夫 老师也帮了我一下。感觉自己做的还可以 说实话看最后的成果还是很开心的。成绩老师给的非常高..吓到我了..\n\n感觉这门课值得选 真心希望周老师与这门课都越来越好。
104283,2456,周金芳,2019-03-16 08:39:16,17,20,3,建议去除教改班，教改班的存在导致选不上普通班被迫上教改班，又因为基础过差导致后续课程全部受到影响。
133206,2456,周金芳,2021-02-17 13:51:46,12,14,2,教改班shi一样的体验，奉劝各位千万不要入坑，事情超级多，给分还贼低，慎选！
133462,2456,周金芳,2021-03-11 03:57:07,17,17,0,教改班最后专题研究对总评影响特别大，建议用心准备\n\n另外，老师上课很多地方讲得含糊不清，也有不少自己也没搞懂的地方\n\n课程安排不重视理论和基础，导致班上同学普遍反应根本不知道在讲什么
135670,2456,周金芳,2021-05-18 13:51:13,8,8,0,19级来评一下，从老师的授课态度和准备程度来看，在信电学院可以说是数一数二。但是从授课的内容来看，确实后半程有点云里雾里，个人感觉相较于普通班，砍去了很多电路基础原理部分，不过按照周老师的说法，这也可以理解为时代变了，谁还去手推节点电压，都是开仿真了。然后多了许多额外内容，开关电路，ADC/DAC，射频电路。真的让人感觉是好几门课的大杂烩。这是学的最迷的地方。至于楼上说的重软件，个人感觉有所好转，砍了一些不必要的软件，印象中基本3个仿真软件就够了，这点值得好评。总而言之，确实有许多干货，也确实不再重复几十年前的老内容，但由于步子迈太大了，有些问题还是比较突出的，其中冷暖，学了才能清楚理解
147920,2456,周金芳,2022-01-11 07:09:49,-2,13,15,这种老师根本不应该存在，答辩好好在跟你说，头也不抬，盯着自己的材料看（后来才知道他在看你的平时成绩，那这样打分还有公平可言？），对着他介绍自己的工作，ppt看都不看一眼，那你到底在打nm分呢？一讲完，先是问了刚刚ppt介绍很久的东西，谁叫你头也不抬呢，后面一直抓着不属于自己工作的知识点提问，你倒是问问我做的东西，不会就不要装了，笑死人了，平常看起来好好的一个人，想不到那么没师德和基本的礼貌。
148785,2456,周金芳,2022-01-13 13:34:11,26,27,1,20级来评一下。\n\n\n\n首先是优点：\n\n    第一，给分。今年普通班的模电由于试卷难度大，成绩惨烈。教改班由于没有考试所以不受到影响，给分高出普通班许多，但这并不意味着摆烂就能获得高绩点。\n\n    第二，内容。总体而言，教改班的课程安排更加接近模电前沿，与普通版几十年不变的老一套形成鲜明对比，个人认为是更有趣、更实用的，且对未来课程的学习有很大帮助。其一，课程是从频域而不是时域切入的，头几次课的拉氏变换、频率响应、波特图等确实有些晦涩难懂，但窃以为这才是模电的精髓。其二，删去了老旧内容并加入了全新内容，比如完全删去了三极管、只学MOS管，并把ADC提升到比较重要的位置上。其三，注重仿真软件的使用，共需掌握三款软件（Multisim、Matlab/Simulink、Hspice）的使用方法，这些软件在信电学生未来的学业中几乎是必备的。\n\n    第三，作业量与任务量。普通班动辄十几二十题一周，还是纯手算；这边一周十题不到还是仿真，哪个更轻松显而易见。\n\n    第四，大作业（专题研究）。做Project真的能让人感受到全身心投入的感觉，做完之后印象极其深刻，不像考试那样一下就忘掉；而且开放式命题，可以选择自己最喜欢的一块内容，不像考试那么死板且充满偶然性。最终会在考试周安排答辩，你需要给老师一种眼前一亮的感觉，让她听到没听到过的东西。\n\n\n\n然而缺点也是有的：\n\n    第一，电路级知识不扎实，且软件仿真让人能不懂装懂，没能学习到各种模型的思想。\n\n    第二，后期内容太过繁杂，尤其是射频电路难度上天而且不计入考核，完全浪费。\n\n    第三，老师的讲述很多时候不够清楚，很多时候需要靠自学，做Project的时候能明显感受到老师讲的内容远远不够。\n\n\n\n总而言之，教改班开设多年到现在，已经较为成熟了，不必担心做小白鼠；如果你热爱做Project，那就毫不犹豫地选吧，老师不会让你失望的。
163288,2456,周金芳,2022-12-12 07:03:18,8,9,1,希望能买一点正版软件，每次装软件要花很多精力
173519,2456,周金芳,2023-05-27 15:59:46,12,12,0,家人们谁懂啊，有个虾头老师仿真啥都不教也不给教程就知道嗯布置仿真作业，助教也不回，每周全靠csdn顶住，一整个大无语住了\n\n《现代电路基础：面向通信与物联网》这课能不能改一改啊，纯纯坐牢，次次破防，周末整天整天地搜、写也整不明白，哪怕给个靠谱点的文档或者工具书也行啊
188287,2456,周金芳,2024-01-18 14:49:13,12,14,2,这个老师怎么会有8分多啊？？？上的《电子电路基础》教改班。平时东讲讲西讲讲，讲得那么零散都不知道在干什么，思路很迷很迷，甚至我觉得她自己都不了解自己在讲什么。期末大作业又做得很没有意思，感觉根本没有价值。最后给分的话，就个人而言，对于班上的比较认真的同学也不友好。总之，学弟学妹们，避雷！！避雷！！不要上她的教改班！！！这是本人学到大二了第一次真的气不过在查老师上写评价给差评......
189779,2456,周金芳,2024-01-29 02:32:20,9,9,0,上ljj的课都没觉得这么恼火过
197478,2456,周金芳,2024-07-16 11:29:04,1,1,0,注意 现代电路基础课程夏学期开始(or数电部分结束)会有比较高的可能点名 不过个人认为点名在于人数不齐.\n\nszg老师点名提问但不计出勤 zjf老师会点名记出勤.\n\n课程本身还是很不错的 可以学会不少电路知识 仿真lab也很有趣(除了最后的字符串展示都在ppt可抄，对好引脚啥的就行)\n\n面向ppt学习应该就能速通\n\n看了一下其他评论 确实 仿真可能需要课外花点时间 印象里simulink，matlab是无辅导(会给参考文件)直接上手的 vivado勉强还给个起步的指导
208334,2456,周金芳,2024-12-27 02:17:36,7,8,1,教的乱七八糟根本听不懂，自己讲着讲着还能把自己绕进去，自己教成什么样心里一点数没有还diss不来上课的同学。。。。明明已经说好没有专题研究作业了冬八周最后一天突然又临时通知要做，纯nt
208350,2456,周金芳,2024-12-27 03:45:45,-1,1,2,老师很好，但是课很烂，课程本身内容就很不合理。内容多，学的浅，学完以后也不一定会用。。。老师备课充分是有目共睹的，课下也很耐心的为大家答疑，所以给老师10分，给课1分。（电基期末考试前的工科er）
213273,2456,周金芳,2025-01-16 14:55:15,5,6,1,真不太好吧
213478,2456,周金芳,2025-01-17 16:16:29,9,9,0,讲课每隔十分钟“不对，前面讲错了”，学生直接傻眼；布置作业也是，前一天“我们没有大作业”，转头又说“没有大作业不太可能”，16周还nm做大作业😅😅😅
213684,2456,周金芳,2025-01-19 06:39:41,4,4,0,🤷‍♂️🤷‍♂️🤷‍♂️
216350,2456,周金芳,2025-03-14 02:27:05,1,1,0,除了人看起来还好以外没有优点。。。讲课给分作业布置通通不行。。
219622,2456,周金芳,2025-06-01 15:12:48,0,0,0,老师人很好 但是讲课真不行 PPT很好，虽然不适合自学，但是超级适合复习（隔壁班赵yd的PPT适合自学，更详细一点）\n\n给分还可以 但是电基本身考试占80％实在逆天\n\n期中考试95 期末85左右 总评4.5 （大作业比较简单，应该给满了） \n\n这门课的遗憾就是老师实在讲不清楚 上课讲着讲着就把自己绕进去了 自学可以辅助模电教材\n\n要是金浩班开智云声音就更好了
221985,2456,周金芳,2025-06-28 08:13:22,1,1,0,坐标现代电路基础！周老师我真的超喜欢！！大大的表白！\n\n对能院学生来说，这门课和专业关系不大，更像是科普性质，所以必然导致你感觉上课结构很乱，感觉学的云里雾里的一点不会。但是周老师真的很可爱（据说她还在学习打原神），而且给分非常好，感觉作业考试lab全是乱写的，给了我4.8，真的被惊喜到了。
46782,2535,黄凯,2017-01-22 10:04:05,4,4,0,老师很稳的，给分超好
47186,2535,黄凯,2017-01-24 10:48:37,3,5,2,还行吧 刚开始学不清楚这门课 后面觉得也还好 但微机平时上课实在难以集中注意力 最后给分比隔壁班据说好很多
47390,2535,黄凯,2017-01-26 00:42:47,6,6,0,超级淡定的老师，给分比隔壁班好
51442,2535,黄凯,2017-06-05 13:14:38,4,5,1,虽然上课枯燥，但是给分确实炒鸡棒的
72249,2535,黄凯,2018-01-29 15:33:22,1,1,0,上课很催眠 气氛很沉 但是给分很好
76197,2535,黄凯,2018-03-29 01:35:43,4,4,0,这讲课方式是真的听不下去…
101849,2535,黄凯,2019-01-29 09:12:49,5,6,1,看学习帝的情况 微机的给分不是很高 但从平时上课来看 老师是非常淡定的一个人 没什么架子 事情少 助教也很负责 但缺点就是老师平时上课比较枯燥 听不出重点在哪里 并且听课的时候很想睡觉 可能是因为老师觉得微机这课太稳了 所以没用力讲？
126385,2535,黄凯,2020-09-24 13:31:22,0,0,0,好老师，顶！
208930,2535,黄凯,2025-01-03 12:22:48,3,3,0,24-25微机：冬学期的微机是hk老师来上的。个人感觉听感上还是比lyh老师好上一些的，整体上条理很清晰。老师喜欢讲一些关于stm32的拓展内容（虽然我不听×），不过微机这门课程本身或许就更适合自学。实验要求的是全部基础型实验+2个设计型实验，比lyh的要求轻松一点点😄，而且有助教可以问问题，但是现场写的话大概率还是来不及。
217510,2535,黄凯,2025-04-12 02:37:50,1,1,0,好老师，不过单片机本来就不适合讲授教学。\n\n单片机实验还是得看看书的，有一些上课不会提到但是要使用的方案
4673,2548,金晓峰,2015-06-26 03:58:04,15,27,12,呵呵
34184,2548,金晓峰,2016-09-28 05:09:46,14,19,5,讲得一般 照着ppt念 无聊
35963,2548,金晓峰,2017-01-10 06:46:57,-16,6,22,听得出老师尽力了，人还好，会尽力讲题的，只不过讲课就比较水了，还有实验事情真的多......\n\n
39421,2548,金晓峰,2016-12-22 14:24:29,-16,6,22,虽然教改班事情有点多，但是收获真的很大，老师也很负责。
40281,2548,金晓峰,2017-01-01 04:49:40,15,22,7,真别选
40994,2548,金晓峰,2017-01-07 12:33:19,15,23,8,呵呵和呵
41325,2548,金晓峰,2017-01-10 14:51:26,-9,12,21,老师人挺好的，讲课确实有很多关键的地方讲的不清楚，不过话说也可能只是我听不明白而已…自学之后再想想当时讲的感觉也不是那么迷了
43263,2548,金晓峰,2017-01-16 05:00:22,16,22,6,。。。
43384,2548,金晓峰,2017-01-16 08:05:59,13,22,9,我真的弱鸡。这卷子报警了。
43536,2548,金晓峰,2017-01-16 13:37:22,-14,7,21,老师人很好，给分很宽容很nice
43564,2548,金晓峰,2017-11-21 07:34:35,-20,3,23,除了实验事多都蛮好的
43583,2548,金晓峰,2017-01-16 14:47:25,-16,4,20,太棒了老师，开心
43704,2548,金晓峰,2017-01-17 00:06:10,-33,12,45,给分超级好超级好啊，虽然上课的时候有一些不知所云2333，但是老师真的超级好，一点不用担心成绩，水水就上四了
44720,2548,金晓峰,2017-01-18 06:58:02,-14,8,22,讲道理的话，感觉前半个学期听得云里雾里，但是后面奋发图强懂了模电之后再听感觉就很好了，本来就是课程设置的问题，我们要在短时间吸收大量的知识，很难成体系，所以还是要自己多下功夫的吧。反正问老师的题老师都讲的很清楚，还有那个水水上四的同学不能考虑一下我们这些努力以后才上四的同学的感受( ´∵｀)
47779,2548,金晓峰,2017-02-24 11:55:22,-16,4,20,很nice
47884,2548,金晓峰,2017-02-27 02:54:43,-20,4,24,老师真的好棒！\n\n为之前的评论感到羞愧
59082,2548,金晓峰,2017-09-19 11:03:16,-19,2,21,老师真的挺好的，一个学期的印象完全改观
68721,2548,金晓峰,2018-01-23 16:02:53,-15,5,20,老师人很好，但只是人很好，自学能力强自我管束好的同学可以选，不然就听不懂了，即使你努力去听三节课连着下来很难受的，我的水平老师应该给挂的，但老师让我过了。感谢老师吧。
68790,2548,金晓峰,2018-01-24 01:53:08,-17,6,23,1.老师讲课能力确实一般，感觉很多地方讲的都是模棱两可2.不过老师给分不错，期末两道大题一点不会，最后差点满了。平时非常需要自学，不然上课就是一脸懵逼，秋学期讲的电路基础感觉认真看看ppt就好，冬学期的模电实在是听不懂老师讲的了，推荐大家看一下mooc中北交的模电课，我就是在上面自学的，讲的很基础。总的来说还是付出和成绩成正比吧，有些同学平时都不来上课，实验也不按时交，老师给成绩的时候也很为难吧。最后再说一句，助教人很nice，实验不会可以帮你弄。
70279,2548,金晓峰,2018-01-26 10:42:59,-20,3,23,给分好
86618,2548,金晓峰,2018-09-17 12:52:46,-17,3,20,还好还好
98419,2548,金晓峰,2019-01-23 12:29:28,-11,13,24,比照别的班很难的卷子和超高挂科率，金老师班简直是天堂。实验比较花时间，但收回真的很大，助教人很好。谢谢老师和助教！
98461,2548,金晓峰,2019-01-23 13:07:48,-13,8,21,电子电路这门课涵盖了电路原理和模电的内容，东西很多，课后需要好好复习，同时课前如果能预习一下也很好，这门课就是靠自学的，不过金老师一直努力的把课讲好，限于课程内容原因和进度也没办法，不过给分超级好，推荐！
98558,2548,金晓峰,2019-01-23 14:52:58,-16,3,19,很和蔼\n\n
98718,2548,金晓峰,2019-01-24 00:20:45,-14,9,23,老师人挺好的，实验时也给同学很多指导。有时候课程内容上有些听不懂的，需要自己课后花时间去弥补，但从成绩来看，老师是不会辜负你的努力的?
103459,2548,金晓峰,2019-02-28 07:57:01,-23,5,28,遇见金老师，我真的很幸运。
117631,2548,金晓峰,2019-09-27 02:37:53,-21,3,24,好老师?‍?
131725,2548,金晓峰,2021-01-29 08:23:39,26,29,3,1分不能再多了，上课讲不清楚，平时事情贼多，作业布置不明白，最后给分又绩杀，言已至此，慎选！
133198,2548,金晓峰,2021-02-16 12:39:50,40,45,5,强烈建议取消这位老师上电基课，上完唯一的收获就是看清了浙江大学信电学院金玉其外败絮其中的真相，一众所谓杰出人才皆欺世盗名之徒，这位老师更如跳梁小丑一般哗众取宠，真乃百年求是之大耻。
133210,2548,金晓峰,2021-02-18 03:44:11,27,31,4,没上过老师的课，故不作评价。但对研究生态度差的一批，给老师发消息爱理不理，大半夜说干活就干活。请问老师也懂得将心比心吗？请问老师知道学生也有尊严吗？
135064,2548,金晓峰,2021-04-28 14:22:15,18,22,4,喇击老师，谁上谁知道
139846,2548,金晓峰,2021-08-01 11:54:20,19,22,3,讲课讲的稀烂，中间不给下课是最骚的。\n\n你也配当老师？？你寄吧谁呢？？😄
150579,2548,金晓峰,2022-01-31 00:42:37,9,16,7,傻逼玩意儿😅
161387,2548,金晓峰,2022-11-05 14:19:36,-4,3,7,讲课怎么说呢 感觉有的地方清楚有的地方讲的有一点模糊，但是私下问问题的时候讲述的又很清晰。老师非常好，作业忘记交或者没时间写会很友好的给你延长提交时间。老师很可爱的一句话“我不会放弃你们 也请你们不要放弃我”哈哈哈哈
167359,2548,金晓峰,2023-01-15 15:27:02,8,9,1,不好评价，讲课无聊 不区分重点，每节课点名，三节课只休息一次，作业多测试多，但是感觉人很好，只能说不适合讲课
179270,2548,金晓峰,2023-09-06 05:38:52,7,8,1,我就搞不懂了，给你发了那么多邮件申请补选，不管是同意还是拒绝，回一封邮件就那么难吗？反观张鹿老师，当天发当天回，而且非常擅长与学生沟通。无语
179656,2548,金晓峰,2023-09-19 06:09:08,15,15,0,第一节课就绷不住了，什么抽象玩意。
181214,2548,金晓峰,2023-10-12 00:06:38,17,17,0,什么傻逼玩意 上课讲不清楚 作业一大堆 三节课只下课一次 节节课点名 \n\n 冬学期电设实验第四周就开始上你妈就提前两天通知？
181307,2548,金晓峰,2023-10-13 14:12:34,18,18,0,腊鸡老师，谁上谁知道，课讲不明白事还多，有一次签到好像网络不好扫了码没签上到，我把课上做的笔记以及那些同学看见我了都发了，然后这老师就已读不回，还是很多次已读不回，只是挑了最烦气的一次来说，大家慎选
181605,2548,金晓峰,2023-10-24 05:42:27,-12,0,12,好好好
181678,2548,金晓峰,2023-10-28 02:15:30,15,15,0,逆天 为什么没有零分选项
181764,2548,金晓峰,2023-10-31 12:31:23,14,15,1,抽象大师，讲的一塌糊涂，这么tm抽象还频繁点名...再学3个月，等结课了我阐述你的梦
181874,2548,金晓峰,2023-11-03 03:25:44,17,18,1,傻逼，学弟赶紧跑，别选这b玩意
59676,2566,王浩刚,2017-09-26 00:35:27,1,2,1,讲课只是翻译ppt…
60043,2566,王浩刚,2017-10-08 05:58:48,1,1,0,念ppt
119928,2566,王浩刚,2019-11-17 01:04:25,0,1,1,课有点难，作业也挺多的，自己比较菜，上课不太能听懂，最后认真做大作业老师给分很好。
143008,2566,王浩刚,2021-11-18 06:57:01,0,0,0,平时不点名，期末没有考试，作业有一定难度，英文教材和ppt看起来也有些吃力，能学到一些天线仿真的内容，最后的给分很好。
143074,2566,王浩刚,2021-11-18 16:41:43,1,1,0,天线不点名，没考试，给分吹爆！！！
143782,2566,王浩刚,2021-12-06 05:22:06,0,0,0,解答问题很耐心，给分好
146616,2566,王浩刚,2022-01-07 05:21:34,2,2,0,不点名 没考试 给分好
150923,2566,王浩刚,2022-02-21 05:55:25,0,0,0,念ppt
153482,2566,王浩刚,2022-05-01 11:13:27,8,9,1,轻松5.0
162108,2566,王浩刚,2022-11-17 01:37:07,1,1,0,不点名，给分巨好，爸爸级别的。不过由于课程安排过于紧张，上课不大能听懂，作为一门工程课，不要求搞懂懂原理的话还是可以接受的，推荐选
162110,2566,王浩刚,2022-11-17 03:54:21,1,1,0,给分巨好，yyds
162111,2566,王浩刚,2022-11-17 01:52:04,1,1,0,他真的我哭死
162134,2566,王浩刚,2022-11-17 03:55:21,1,1,0,谢谢爸爸！
162241,2566,王浩刚,2022-11-18 06:12:28,1,1,0,竟然没人来评分！这么好的老师应该上9！
162725,2566,王浩刚,2022-12-05 08:48:29,1,2,1,ppt很不错，尽管不看教材，只是看那份英文ppt就能比较清晰地知道在学什么。ppt上会列出重要公式推导，理解等等。课本身需要场波一些知识，也需要数理基础。但是抛开知识，这课的作业是祖传的，轻松满绩。总之天线好课，个人认为学到了挺多，对场波方向的同学有一定帮助。
183232,2566,王浩刚,2023-11-23 03:46:58,-3,2,5,选李达，这学期王浩刚没这么给力了，没有李达给分好
183446,2566,王浩刚,2023-11-26 10:21:43,1,3,2,给10分。\n\n成绩构成：课程参与+作业60%\n\n大作业40%\n\n没有期末考试。且实际上也不点名，只有作业60%。\n\n我是满绩\n\n作业每年都一样，且有参考的答案，就是做仿真，照着做就行，完全场波零基础也能做，而且基本无任何区别。\n\n有个别的纸质题目作业，但是网上也有答案，翻墙就能搜到。\n\n基本上是满绩或者4.8.我们寝室两个满绩，两个4.8。问了好几个其他同学，都是4.8。还没有看到绩点低于4.8的。\n\n选天线要跟王浩刚老师走，白给的2学分满绩（或4.8），基本没什么事情，很闲，课也可以不用去，不用学。另外一个班作业形式不一样，所以不推荐。\n\nby your wangwangxuezhang
202694,2566,王浩刚,2024-11-14 01:42:36,5,5,0,给分一如既往的好～，每次说要点名最后也没点
202740,2566,王浩刚,2024-11-14 05:57:08,1,1,0,讲得挺易懂的，不过仿真还是得靠祖传才做得出来\n\n给分好，冲
202910,2566,王浩刚,2024-11-15 06:36:24,0,0,0,好好好
11768,2578,江晓清,2015-12-14 12:37:53,13,14,1,老师讲课很棒，而且课件超级详细～就是我啥也听不懂
29320,2578,江晓清,2016-06-29 15:10:11,-1,0,1,不好说
34254,2578,江晓清,2016-09-29 06:40:53,3,4,1,口齿不清
34549,2578,江晓清,2016-10-13 08:02:34,5,6,1,只知道课件高大上
34566,2578,江晓清,2016-10-14 00:51:01,1,4,3,听不懂
34630,2578,江晓清,2016-10-17 03:51:31,9,9,0,好老师，从此学会自学
37300,2578,江晓清,2016-11-18 08:56:31,8,10,2,本来觉得老师不怎么样，后来和其他老师一比，觉得还是比较好的，又不是英文，又不用实验，简直不要太好！讲的简单，参考书用的好，认真看PPT的话，学好没有问题
38538,2578,江晓清,2016-12-08 05:53:35,-2,1,3,完全不知道在讲啥
38594,2578,江晓清,2016-12-11 07:52:12,-9,2,11,我以为浙大讲的烂的老师已经够多了，直到我上了他的课
40116,2578,江晓清,2016-12-29 08:34:43,6,6,0,老师的课件相当不错！
40995,2578,江晓清,2017-01-07 12:36:31,3,8,5,什么都不说了，给十分，这2000页ppt够我吃一年了\n\n
41067,2578,江晓清,2017-01-09 03:22:41,-1,0,1,你觉得呢
44553,2578,江晓清,2017-01-18 02:54:01,4,4,0,期中考了三十多 占比35期末还给我过了 感谢师生情
44558,2578,江晓清,2017-01-18 03:00:51,0,4,4,没什么能讲清楚的，不如自己把公式好好推导一遍，广度够，但泛泛而谈有什么意思。看书比上课能理解得多得多。不太适合讲课...ppt做的很辛苦，但是复习的时候我一张都没看，因为没用。
44571,2578,江晓清,2017-01-18 03:14:37,2,3,1,ppt真的超级棒，认真看真的比书容易入门多了
44698,2578,江晓清,2017-06-14 05:27:54,-1,10,11,老师讲的还行吧\n\n但我大部分都问我男朋友\n\n但我男朋友也不会 他太菜 他都没满绩
44957,2578,江晓清,2017-01-18 15:29:53,6,7,1,上课用的ppt着实有一点难，建议看书并结合ppt复习。几个复习用的ppt还是很赞的ps:老师其实讲的不错，给分实打实的。可能因为年纪大了就有点口齿不清，可以理解。\n\n
45362,2578,江晓清,2017-01-19 12:46:26,6,6,0,给分好
46231,2578,江晓清,2017-01-21 03:35:34,9,9,0,老师很和蔼，给分的话。。。。还行吧，ppt很赞，比较用心
47689,2578,江晓清,2017-02-18 06:41:25,7,7,0,真的还不错啊，给分好，口齿不清什么的也没办法啦
47869,2578,江晓清,2017-02-26 23:50:57,5,6,1,ppt超详细，结合书可以自己学的不错，而且作业及时讲解，还有复习课，复习课真的很赞！本来就是大学了，师父领进门修行在个人，也不能全指望老师讲吧
48781,2578,江晓清,2017-03-13 02:36:01,-1,0,1,只能靠自己兄弟们
58963,2578,江晓清,2017-09-21 03:40:26,-9,0,9,通过高老师的课，再一次充分证明查老师不能说明任何问题。老师刚调来，很年轻，说他一直以为满绩和他的年代一样是4...平时不来，作业不交，没问题，只要期末一起交来，考试及格就给过，对成绩看中的同学期末成绩不满意私下找他...很好说话的了好吗，期中考试卷子还可以带回寝室做....说实话，各位老铁们，趁了解真相的人不多，快选他的课吧。
69580,2578,江晓清,2018-01-25 04:14:46,6,6,0,老师真是太好了！首先课件很详细，也很清楚，课上讲解得也挺好的，而且会时不时地复习，最后给分也很好！只要平时好好做作业，就没问题的！就是，老师要退休了，我们是最后一届，唉……关键是老师真的很关心我们，有人没来上课还有小测，感觉比他们自己还要着急。会提前好几周布置大作业，最后还有人没交时会一直提醒，反正就是很负责！
69586,2578,江晓清,2018-01-25 04:28:23,4,4,0,不知道这里写下来的话对以后的信电学子们有没有用哇，毕竟，老师就要退休了啊。怎么说呢，查老师的时候，看到老师的评分不高，还是很瑟瑟发抖的，但是，只要认真跟上老师了，会觉得老师讲的还是挺不错的。电路部分听的完全没有压力，模电部分刚开始也会很抓狂。但这不是老师的问题，是这门课本身就很难讲的特别清楚。主要还是靠自己，一不留神就会漏过很重要的东西，然后接下来就是真.天书模式。老师的ppt也很棒啊，内容很全，没有5000页那么夸张吧。但是有一个问题是，所有要考的不考的内容上面都有，如果上课不听讲想要自学的同学，可能会不知道哪些是要看的吧……至于有的评论说老师的ppt没有用，看书好了，就不知道看的是哪一本书了，至少童诗白的那本书和老师的ppt的内容是很一致的。最后还是觉得很开心能上老师的课的，至少最后给了我一个很满意的分数～
69708,2578,江晓清,2018-01-25 08:46:25,0,0,0,混了一个学期期末居然过了…
69729,2578,江晓清,2018-01-25 09:28:08,3,3,0,老师毕竟就带我们最后一级了，即将退休。平时非常认真负责，作业没有交会反复督促，期中期末考前小测，对复习非常有帮助，感谢老师～
74613,2578,江晓清,2018-03-04 16:35:29,2,2,0,嘿嘿嘿
75996,2578,江晓清,2018-03-23 10:43:55,1,1,0,萌萌哒～
77106,2578,江晓清,2018-05-02 07:24:49,1,1,0,老师真的很好
46964,2614,刘云海,2019-01-09 06:57:26,12,16,4,--同学你来回答这个问题\n\n--不会\n\n--同学你哪里不会？\n\n……20分钟后\n\n--那这位同学你会吗？\n\n…
61026,2614,刘云海,2017-11-07 06:19:06,0,2,2,自学自学自学 评分规则不透明
63670,2614,刘云海,2017-12-12 07:20:28,-2,2,4,上课要多烂能有多烂各种小测猝不其防反正大学里第二门感觉上课的每一分钟都在煎熬的课
65791,2614,刘云海,2018-01-09 06:48:14,3,10,7,虽然老师可能年纪比较大了，但人真的很好，很关心学生，很让人尊敬。上课可能属于不给学生太大压力的那种，好不好见仁见智。
66502,2614,刘云海,2018-01-17 05:02:42,-4,3,7,认真 负责
92535,2614,刘云海,2019-01-09 07:26:01,7,12,5,不能乱说老师的为人和学术水平怎么样，但老师的课真的是大学三年，我听过的最烂的课。
102655,2614,刘云海,2019-02-17 14:10:41,4,5,1,老师太随和了，很尊重同学们
117932,2614,刘云海,2019-10-14 05:47:14,0,2,2,浪费人生
140352,2614,刘云海,2021-09-10 03:52:57,2,2,0,老师很和蔼
143732,2614,刘云海,2021-12-03 06:33:40,2,2,0,老师是那种很和蔼的老教师，可能有些人觉得讲课很枯燥，但是即使课上只有十几个人（大家都去选了评分高的老师）也还是很认真的备课上课，而且认真听会发现讲的很有条理，还是希望大家不要盲目迷信评分吧
149136,2614,刘云海,2022-01-14 13:41:04,5,7,2,为什么没有零分？这位出来教书是信电没人了吗？
167257,2614,刘云海,2023-01-15 08:56:25,0,1,1,很好的老师
169275,2614,刘云海,2023-02-25 07:25:35,12,12,0,实验一句不讲，就靠自己嗯做
201876,2614,刘云海,2024-11-07 06:00:20,1,1,0,24-25的微机秋学期是lyh上的。老师上课确实催眠，也没什么人听，不过老师的态度还是很认真的。但是实验课体验还是挺坐牢的，实验要求全做，做五六个小时都不一定能做完。
58353,2616,张仲非,2017-08-29 08:37:39,1,2,1,有收获。
59278,2616,张仲非,2017-09-20 12:18:40,0,1,1,很棒棒啊，人和蔼可亲，有点冷幽默
59836,2616,张仲非,2017-09-27 11:02:46,0,0,0,催眠曲
60627,2616,张仲非,2017-10-25 11:57:03,1,2,1,辣鸡到爆\n\n千万别选信息计算，你会后悔的
61596,2616,张仲非,2017-11-19 04:50:49,1,5,4,老师很温柔啊，就是写黑板字乱，太轻，笔记全英文，毕竟双语，3次小测，相当于点名了，反正不是绩杀
64630,2616,张仲非,2017-12-25 16:26:28,4,7,3,上了新生研讨课信息计算概论。平心而论，老师讲的很不错，难度较低，会分享一些自己学生的成果作为例子，属于科普的水平。下课的时候也很乐意跟同学们讨论。两次小测，认真听课就会。唯一比较遗憾的是，最后绩点比预期低（感觉被正态），但是有收获。
73318,2616,张仲非,2018-02-01 10:18:38,0,2,2,绩点太低，容易睡觉...
84176,2616,张仲非,2018-07-12 07:31:04,1,1,0,比较困\n\n
84185,2616,张仲非,2018-07-12 07:44:43,2,2,0,张先生确实是巨佬，但是考试的时间确实太早，给分也有点迷
84193,2616,张仲非,2018-07-12 07:55:31,2,3,1,绩杀点名
84232,2616,张仲非,2018-07-12 10:08:15,3,4,1,张仲非老师的数据挖掘课对我来说比较无聊。如果你喜欢和老师互动也许会有比较好的体验，因为我感觉老师上课有三分之一的时间都在问“你们怎么想的，你们有什么想法，你们了解过xxx吗”。我这学期有两次课没去，对于一周两次早课的这门课来讲我已经尽力了，可惜的是老师这学期只点了一次名而我刚好因为临近考试复习的太晚睡过了（另外吐槽一下成绩构成里根本没有讲过有课堂表现或者到课情况好嘛）。成绩是我这学期绩点最低的，也许是期中考试没考好加上点到没到的原因吧，因为课程大作业还是用心做了的（这里也想吐槽一下各种成绩都没有公示过）。最后希望学弟学妹选这门课时慎重一点吧。
114551,2616,张仲非,2019-07-10 14:48:22,3,3,0,给分太差，讲课很水，考试更水，大概就是通识课水平，了解概念就可以，大作业好好做下吧，虽然也不知道自己预测的数据表现如何
139092,2723,赵民建,2021-07-12 15:52:32,16,24,8,老师开通信信号处理，衔接的数字信号处理和通信原理，课程内容很多，而且讲的也很发散，能学到很多有用的东西，老师说是开这门课来实现通信原理理论到实际工程应用的过渡，讲的还可以，最后考试会有一部分题目比较有难度，上课时板书加word课件
129,2724,夏永祥,2015-03-14 16:02:58,15,17,2,普通话超标准，思维严谨，逻辑清晰，帅气和蔼有风度，再简单的问题也会耐心辅导。
9258,2724,夏永祥,2015-10-19 03:52:42,19,20,1,电子电路基础我上的是英文课。。。感觉老师很不错但是全英文快哭粗来惹(●°u°●)​ 」
9501,2724,夏永祥,2015-10-29 03:39:55,4,4,0,温柔有风度 讲解很详细 助教美貌
13952,2724,夏永祥,2016-01-03 02:16:18,1,1,0,男神！
16625,2724,夏永祥,2016-01-18 14:29:22,4,5,1,自己不努力吧 电基云里雾里 老师真的很棒 现在来评为求电基4.0+
17640,2724,夏永祥,2016-01-20 14:20:39,2,3,1,老师真的很好，特别暖还萌！虽然电基学得我十分痛苦.....但老师还是超级好滴
18309,2724,夏永祥,2016-01-21 12:19:23,1,1,0,不知道会不会挂呢，先给个10分赞赞人品！
19637,2724,夏永祥,2016-01-25 03:47:10,1,1,0,不错。
19815,2724,夏永祥,2016-01-25 10:15:04,0,0,0,Good，9
22546,2724,夏永祥,2016-03-08 01:31:23,0,0,0,(❁´ω`❁)
39598,2724,夏永祥,2016-12-26 02:59:06,3,3,0,老师是还挺帅的。全程解说PPT的感觉…全英文其实是半英文，到后面就变成中文解说英文PPT…选的教材没答案…还是自学吧…
42942,2724,夏永祥,2017-01-15 12:57:11,3,3,0,求个运气，保佑能过
44106,2724,夏永祥,2017-01-17 09:28:10,2,2,0,讲的比较好吧，主要还是靠自己
44156,2724,夏永祥,2017-01-17 10:56:45,1,2,1,条理清楚！没有口音！清华男神！
44695,2724,夏永祥,2017-01-18 06:28:19,-14,4,18,没啥体验\n\n上课都不咋听课 老师最后不调分 所以没满
44713,2724,夏永祥,2017-01-18 06:44:46,2,3,1,xyx是一个好老师，但我不是一个好学生。
45354,2724,夏永祥,2017-01-19 12:34:22,2,3,1,老师人很好，但是全英文确实不怎么样，分数给的也不是很好
51820,2724,夏永祥,2017-06-11 13:02:52,0,1,1,夏老师是我毕业论文答辩小组组长，给了我满绩，给他10分！
70149,2724,夏永祥,2018-01-26 07:23:22,-2,1,3,全英文的电基可能需要更多努力，但老师的课件真的很好！
71496,2724,夏永祥,2018-01-28 14:04:51,4,5,1,全自学，没听课。。。。下次选个我想听，讲的好的老师，16级大二来报到。与老师交流过，老师很温柔。但自学电基，简直地狱_(:_」∠)_噩梦，不想接下来再这样百分百自学剩下的天书。
90736,2724,夏永祥,2018-11-25 13:32:08,5,6,1,夏老师的讲课一方面受到了全英的影响（实际上后半程他也无法承担全英的教学任务了，不得不说中文），说英文的时候常常卡壳，即便是念ppt有时都会出错卡住；另外一方面夏老师并不能有效的抓住某一章最关键的难点，一节课上下来完全就是把知识罗列了一番，而且还是磕磕绊绊（当然也是受到英语教学要求的限制）。      再加上他的ppt上全是一些图，所以课下照着ppt自习也变得十分困难。课后布置的作业也做不动。       所以夏老师的电路课、这门相当重要的基础课总的来说体验是十分糟糕的。    当然，老师很温和，也愿意解答同学们细枝末节的问题，但是这并不能改变他没有很好的把这门课上好的事实。
94939,2724,夏永祥,2019-01-18 13:19:19,3,3,0,老师很棒，我很困。一定要好好学鸭！仅凭期末复习补不回来呜呜呜！现在跪求老师赐不挂！
113248,2724,夏永祥,2019-07-06 02:41:06,1,1,0,建议去隔壁听一听翁彦琳和陈越的全英授课，就知道全英文该怎么讲了
20091,2740,徐元欣,2016-01-26 05:24:15,11,16,5,讲课有口音，讲的不清楚
20564,2740,徐元欣,2016-01-28 11:27:22,4,7,3,垃圾老师
40241,2740,徐元欣,2016-12-30 13:06:20,-7,1,8,老师挺幽默的。
45212,2740,徐元欣,2017-01-19 07:11:55,-7,3,10,老师人不错，骚话很多，很有意思，喜欢的同学可以来～
60506,2740,徐元欣,2017-10-23 02:01:40,-7,1,8,比潘翔不知道高到哪去了
72166,2740,徐元欣,2018-01-29 13:45:18,1,1,0,………………
90759,2740,徐元欣,2018-11-26 00:38:00,6,6,0,嘴巴太烦了，喜欢随便打断怼人
91877,2740,徐元欣,2018-12-24 03:17:42,6,6,0,真的是服了，能不能认真上课不要哔哔了
98653,2740,徐元欣,2019-01-23 16:42:51,-3,3,6,未分先评。好老师，讲的不错，也挺负责。最麻烦的一点是对ppt和课程资料的版权要求近乎偏执。
101128,2740,徐元欣,2019-01-27 15:13:00,-5,0,5,出分前一直觉得完了，出分后虽然被卡，半天复习，心满意足
108385,2740,徐元欣,2019-05-22 11:38:01,3,4,1,毕设不要选，选了一定后悔
115498,2740,徐元欣,2019-07-29 05:08:44,10,10,0,不要选毕设，坑得一匹，不为学生着想
120199,2740,徐元欣,2019-11-23 14:02:21,3,3,0,垃圾垃圾，坑
136340,2740,徐元欣,2021-06-16 14:26:39,9,11,2,屁事居多，选了他当毕设导师，毕设给了个内容他什么建设性意见都不能给，光逼逼一些自我感觉良好，其实屁指导都给不了，选了他感觉真是吃了屎了。后面答辩的时候也遇到信电的一群老傻逼，除了格式问题屁都放不出一个，真是不知道为什么信电有这么一群傻逼在，科研科研没能力，搞这一套不干正事的东西倒是有一手的嗷，搞了一堆夫妻店性质的课题组搁这儿压迫学生。\n\n\n\n说实话，感觉我毕设的时候遇到的这群中年老师，我怀疑这群男的都是人到中年，自己硬也硬不起来了，看了诸多医生没有结果，只能压迫学生，态度强硬一点来满足以下自己的变态欲和征服欲了，真不怪我这么揣测他，实在是这群人都集体不干人事。
136346,2740,徐元欣,2021-06-16 14:46:05,3,3,0,真特么服了，纯垃圾老师
140484,2740,徐元欣,2021-09-13 03:37:47,2,2,0,新学期第一门课，听睡着了，信息密度极低
142722,2740,徐元欣,2021-11-15 12:54:41,-7,1,8,挺可爱的，有段子
149465,2740,徐元欣,2022-01-15 12:10:08,-6,1,7,还行，上没那么糟
161388,2740,徐元欣,2022-11-05 14:57:37,6,6,0,根本讲不清楚
164752,2740,徐元欣,2022-12-26 08:01:13,2,3,1,。。。
164780,2740,徐元欣,2022-12-27 13:12:53,28,29,1,学弟，你好，当你读到这条评论的时候，我应该已经离开了，这个陪伴我青葱回忆的课堂。在这里，你会认识新的低分老师，收到满是错误的乐色课本，看到狗屁不通的答辩课件。在期盼与畅想交织的金色秋冬，愿你一路前行，虽然未来的学习一点都不风和日丽，也不充满希望，但你要记得，总要有人经历这难熬的漫长黑夜。
167529,2740,徐元欣,2023-01-17 04:48:18,1,2,1,给分还行，ppt还行
167530,2740,徐元欣,2023-01-17 04:57:05,-8,3,11,出分了，超出预期，10分。\n\n给分不绩杀，对比来说很好了，也有大佬满了，菜菜上四已经很满足了。\n\n讲课很好，完整版ppt很好，就是老师每次发的都是阉割版，需要自己去智云课堂截图。\n\n助教xgg也很认真，每次习题课都会来，不会的问他也很有耐心。\n\n老师感觉人也很好，当初还为了线下考试重新申请了。\n\n总结: 希望学弟学妹们不要被评分劝退，我当初上的时候也很忐忑，害怕jt2.0，但是完全没有。低分应该是毕设的问题，这点不做评价。但是就DSP这门课来说，老师是非常值得10分的。
167533,2740,徐元欣,2023-01-17 05:07:50,4,4,0,给分还行，讲课不好，综合来看我给4分
167536,2740,徐元欣,2023-01-17 05:19:40,3,3,0,老师讲课还是很不错的，完整的ppt也很好，就是发出来的阉割版，删去的还都是精华。\n\n助教xgg非常负责，每次习题课的作业讲解都有ppt。
167797,2740,徐元欣,2023-01-19 05:58:56,7,9,2,给分不知道，讲课是真的不行，\n\n讲得又快又不清楚，而且秋学期教室太小，人又太多，\n\n人挤人的教室中，上课纯纯坐牢，\n\n而且不能翘课自学，老师说过：三次不来直接挂科\n\n另外，对于PPT过于吝啬，发出来的既加密又阉割，\n\n个人认为没有必要，防不了小人，徒增学生的麻烦\n\n综上，5分封顶，楼下10分完全扯淡。\n\n选课建议要么选ljl做好给分求是的准备，要么选其他老师脱产自学\n\n而不是在这上课坐牢，下课看着阉割版PPT不明所以。
188349,2740,徐元欣,2024-01-18 17:35:06,1,1,0,乐色，不论给分还是教学
212170,2740,徐元欣,2025-01-13 11:25:55,0,0,0,给分还可以 会点名 讲课不行 可以从智云上扒完整课件 会有例题和一些细节推导
212224,2740,徐元欣,2025-01-13 12:52:55,0,0,0,首先我觉得给分还行，其次上课讲话确实不太清楚，听着很费劲。
218551,2740,徐元欣,2025-04-24 12:48:01,1,1,0,不要选它当毕设老师，沙比一个
3703,2762,虞露,2015-06-17 02:29:34,14,29,15,老师不讲哒，都是请人讲哒，讨论课拖到晚上快10点，还要点名那~
32870,2762,虞露,2017-06-24 10:15:01,-23,6,29,图像处理上课讲的很好，给分也挺好。
33000,2762,虞露,2018-09-01 16:10:31,17,27,10,批斗会，一个批所有
52716,2762,虞露,2017-06-25 10:17:28,12,14,2,简直无语
55214,2762,虞露,2017-07-01 04:00:14,11,13,2,真的没见过这么恶心的老师，直到碰到虞露，让人大开眼界。
55217,2762,虞露,2017-07-01 04:06:49,13,16,3,完全不让学生说话，一点也不尊重人，虽然是教授是博导，但是做人还不如大街上随便拽过来一个人。在课堂上说的比唱的好听，说是研讨课，结果就是她自己发疯一样的怼天怼地，像个泼妇，在无脑骂街。
57570,2762,虞露,2017-07-10 01:25:18,8,9,1,千万别选产业导论，浪费时间，听她瞎怼人
57653,2762,虞露,2017-07-11 15:05:55,10,11,1,不知道为什么给分那么低，次次课都去了，论文也好好写了。给我70+，excuse me？
57730,2762,虞露,2017-07-13 06:07:50,6,8,2,千万千万不要选这个老太太的课，千万千万不要，如果选了我祝你好运。导论课一定不要上台发言，不然你会被怼的很难看，前车之鉴，共勉。
57749,2762,虞露,2017-07-14 01:12:15,15,16,1,看到这么多人说她不好我就放心了。。
57750,2762,虞露,2018-04-25 11:16:00,3,6,3,都是产业导论课过来的吗………不得不说这个课太恶心了，老师也恶心，助教ymx也是呵呵了，上过的最恶的一个课了。
58576,2762,虞露,2017-09-05 08:25:16,3,4,1,恶心！
59679,2762,虞露,2017-09-26 01:18:18,5,6,1,不知道这学期哪个孩子选了她，够倒霉
61185,2762,虞露,2017-11-10 08:34:45,1,2,1,Disgusting
61186,2762,虞露,2017-11-10 08:34:45,0,2,2,Disgusting
63830,2762,虞露,2017-12-16 12:01:20,5,5,0,interesting ...
63831,2762,虞露,2017-12-16 12:05:35,3,4,1,interesting
63832,2762,虞露,2017-12-16 12:03:12,2,2,0,interesting
63852,2762,虞露,2017-12-17 16:06:09,-18,5,23,产业导论拿了100分，有些人就是自己不行咯
64778,2762,虞露,2017-12-27 06:05:52,1,2,1,很恶心
79217,2762,虞露,2018-09-01 16:10:26,7,9,2,信电系401，人间地狱。
80278,2762,虞露,2018-06-24 06:26:54,1,1,0,怼天怼地 通过舆论改变同学打分情况 大写的服
80352,2762,虞露,2018-06-25 11:57:51,10,11,1,她自以为的严格要求就是吹毛求疵和无视国内的教学环境，我真的不知道一门这样的课到底花多少时间才能让她满意，还拿国外跟我们比，知道国外一个学期平均只有四门课而我们至少要上七八门课吗？这老师我不知道是天真还是老糊涂了，我觉得很难有人能跟这样的人长时间相处。
82217,2762,虞露,2018-08-30 11:32:26,-6,2,8,好老师好助教
82251,2762,虞露,2018-07-07 14:56:43,-14,3,17,不知道为什么前几年那么多差评 感觉给分很好啊 基本上没怎么去过最后居然满了
128143,2762,虞露,2020-12-08 08:09:02,3,3,0,形式主义，浪费时间。教学安排混乱。
128297,2762,虞露,2020-12-17 03:22:00,2,3,1,这是什么神仙老师啊，到四点半的课上到六点钟，还想课程创新，让学生来讲，一堂课只有十多个学生，爱了爱了
129102,2762,虞露,2020-12-30 06:38:46,0,0,0,太坑了，这老师
169513,2762,虞露,2023-02-26 14:12:02,0,0,0,事情多给分还低
184803,2762,虞露,2023-12-23 02:28:23,1,1,0,事情多，吹毛求疵……总之，不好评价
196351,2762,虞露,2024-07-03 04:49:23,1,1,0,但就信号与系统这门课来说，讲课讲的挺好的，其他不了解。
205848,2762,虞露,2024-12-12 09:21:32,0,1,1,新预置的信号与系统老师，期待中
213603,2762,虞露,2025-01-18 13:05:38,4,5,1,就信号与系统这门课来说老师给我的感觉就是个慈祥的老太太没有什么压迫感。但是，能不能别老让同学去黑板上写题了，真的很浪费时间，一节课下来感觉讲了没多少东西，水水的。
216659,2762,虞露,2025-03-20 08:31:30,4,5,1,靠，能不能不要随机点人上去了，自己的水平也烂，有时候看不懂同学的思路在边上bibi半天，浪费不知道多少时间。
221293,2762,虞露,2025-06-22 14:05:44,1,1,0,信号与系统：第四章离散傅里叶变换之前都是虞露老师讲的，后面五六七章是廖依伊老师讲的。虞露老师讲课讲的挺好的，最后一次上课结束大家都鼓掌，其他不了解。给老师10分
38309,2781,赵武锋,2016-11-29 17:41:48,6,6,0,老师多萌
47183,2781,赵武锋,2017-01-24 10:41:00,3,3,0,讲得挺清楚的 好评！
57980,2781,赵武锋,2017-07-19 09:58:11,0,0,0,评分测试评价
58162,2781,赵武锋,2017-08-11 17:12:30,5,5,0,这个老师很萌很萌的
70617,2781,赵武锋,2018-01-27 09:50:55,0,0,0,还行吧
72934,2781,赵武锋,2018-01-31 11:42:18,1,2,1,给分到我们这届是真的差 讲课感觉也讲不清楚 不过答疑还行 最后勉勉强强拿了个分
101552,2781,赵武锋,2019-01-28 12:01:45,1,1,0,老师讲的挺好 常常提他帮别人做项目的事? 就是布置作业不上心 project什么的也问不来?
131782,2781,赵武锋,2021-01-29 02:05:57,0,2,2,计组上课没必要听，自学或者找国外大学的网课听效果也不错。考试今年题型变动较大，给分还行。
149952,2781,赵武锋,2022-01-18 03:37:41,2,2,0,这个评分标准下给分比较差，不知道是project还是哪里
167430,2781,赵武锋,2023-01-16 08:02:50,2,2,0,均绩4.2，选就对了
167612,2781,赵武锋,2023-01-17 15:40:55,1,1,0,感觉平时分给的比隔壁lp好耶
167784,2781,赵武锋,2023-01-19 04:58:38,7,7,0,老师上课很认真，最后给分很好。计组的话直接看cs61c就行，老师讲课水平无所谓。比隔壁班事情少，小测简单。
169498,2781,赵武锋,2023-02-26 13:00:55,3,3,0,感觉如果只是考试需求的课程学习的话认真听老师讲课就已经很清晰且能高分通过了 老师讲得还蛮好的
210650,2781,赵武锋,2025-01-09 14:34:19,2,2,0,一学期学在浙大签到两次，仔细听的话老师讲的其实挺清楚的，一学期跟着听下来期末复习也不会太难
211202,2781,赵武锋,2025-01-11 04:08:36,0,0,0,期末考的时候脑子浆糊了，考炸了，但是绩点能接受，很可爱的老师
211330,2781,赵武锋,2025-01-11 08:10:46,0,0,0,老师人很好，听他讲的课就可以掌握的不错，给分也不错，在计组这几个老师里应该算是比较推荐选的了
20735,2797,潘翔,2016-01-30 11:56:29,25,39,14,口齿不清，日常说话都讲不清，知识点更讲不清楚，上课就知道提保研，奖学金，出国，上课时没事就让你做题目，没同学一开始就听懂他的题目，还有，那黑板字写的超级难看！
35105,2797,潘翔,2016-11-02 09:35:01,4,4,0,贼牛逼\n\n可怕\n\n给条活路好不好
51775,2797,潘翔,2017-12-14 02:03:00,-2,1,3,评分测试评价，本条五分
59603,2797,潘翔,2017-09-25 00:49:07,5,8,3,上课话都讲不清，还使劲翻白眼，说话一顿一顿，讲得还辣鸡，浙大为什么会聘请这样的老师
59611,2797,潘翔,2017-09-25 01:38:37,7,9,2,不知所云 自学成才
60458,2797,潘翔,2017-10-21 03:26:16,6,7,1,只求把话说清楚，这老师太可怕了，不知所云
60505,2797,潘翔,2017-10-23 02:00:16,13,15,2,我就想知道有谁上课听得清他在说什么，选他课真是倒了八辈子霉。\n\n
60530,2797,潘翔,2017-10-23 09:34:38,8,10,2,能退的直接退吧，上课还不如自习，什么都学不到，关键是听不清，问个问题一大半人一脸懵逼不知道他在说啥
60720,2797,潘翔,2017-10-28 05:03:30,-32,4,36,不知道讲课怎么样。。但我要为班主任打满分！
60769,2797,潘翔,2017-10-30 02:36:35,4,6,2,自学自学自学 重要的事说三遍
65631,2797,潘翔,2018-01-08 01:14:49,4,4,0,上课让人做题简直是浪费时间，根本听不清上课讲什么，劝君退课
65675,2797,潘翔,2018-01-08 07:16:21,-11,2,13,讲的很清楚，水平很高
66475,2797,潘翔,2018-01-17 02:31:35,3,3,0,辣鸡老师
71187,2797,潘翔,2018-01-28 06:17:11,-4,1,5,潘老师很亲切，姿势水平也高，但讲课水平确实有点差
71190,2797,潘翔,2018-01-28 06:20:11,4,5,1,连话都说不清楚，当个什么老师，还教授呢，简直误人子弟
74396,2797,潘翔,2018-02-18 10:57:35,5,5,0,呵呵呵 这么小心眼的老师也没谁了 小心他给你穿小鞋
76540,2797,潘翔,2018-04-13 04:14:30,2,3,1,呵呵哒
80640,2797,潘翔,2018-06-29 00:24:09,-2,2,4,潘翔牛逼！
87813,2797,潘翔,2018-10-15 02:31:41,4,4,0,在讲啥？？
91878,2797,潘翔,2018-12-24 03:47:21,1,4,3,求求你了，安心科研去不要出来上课祸害学生了
97595,2797,潘翔,2019-01-25 09:26:12,4,5,1,你们自己看着办吧
99869,2797,潘翔,2019-01-25 08:52:38,4,5,1,？？？
99890,2797,潘翔,2019-01-25 09:10:08,6,8,2,辣鸡，本来不信，现在服了。
99896,2797,潘翔,2019-01-25 09:17:31,-9,6,15,老师人很好，讲课不好\n\n学dsp还是主要靠自己啦\n\ndsp完全自学拿高分不是很难(习惯了)\n\n给分应该蛮好的，平时分应该都给满了？？
99908,2797,潘翔,2019-01-25 09:27:03,4,4,0,
100019,2797,潘翔,2019-01-25 12:47:47,-2,5,7,非常关心学生的一个老师，虽然上课是有一点无聊，但是该有的内容都是有的，老师人是真的一万分的好
103521,2797,潘翔,2019-03-01 01:05:33,7,7,0,傻逼老师，当你? 的辅导员呢
116904,2797,潘翔,2019-09-17 06:36:38,2,2,0,潘翔NB！\n\n才怪
178938,2797,潘翔,2023-08-02 11:39:13,3,3,0,听不清楚在讲啥
35558,2862,董树荣,2016-11-10 07:27:11,1,2,1,超棒哦
114509,2862,董树荣,2019-07-10 09:01:10,1,1,0,没人评论吗？
126624,2862,董树荣,2020-10-09 06:37:25,-1,1,2,哈哈哈
90295,2880,单杭冠,2018-11-23 04:39:35,5,7,2,老师上课非常认真，也经常和同学互动，考前会画重点。如果挂科的话还会把你叫到办公室认真的给你讲一遍试卷，然后表示对你的挂科十分惋惜。总的来说，是一个非常求是的好老师。
90296,2880,单杭冠,2018-11-23 04:41:28,0,2,2,老师很好！
90297,2880,单杭冠,2018-11-23 04:45:13,0,1,1,老师很求是，挂科人数占一半，特此给十分
92426,2880,单杭冠,2018-12-28 13:30:09,1,2,1,还没上，先评价一下
114510,2880,单杭冠,2019-07-10 09:02:06,-2,0,2,好老师好老师好老师
114779,2880,单杭冠,2019-07-11 15:24:01,7,11,4,给分很低，他的班人少是有原因的。
114972,2880,单杭冠,2019-07-13 10:35:22,1,2,1,平常感觉挺好的，没想到是个绩杀！！！分数出来我都以为我看错了。
139456,2880,单杭冠,2021-07-16 01:29:31,7,9,2,好老师，好助教。绩杀那个应该是自己菜吧
158011,2880,单杭冠,2022-06-26 07:52:02,3,4,1,给分很低上课也不好
158292,2880,单杭冠,2022-06-28 06:05:00,5,6,1,给分巨差
158293,2880,单杭冠,2022-06-28 06:05:00,2,3,1,给分巨差
158461,2880,单杭冠,2022-06-29 12:51:46,2,7,5,助教每次小测作业每个题都会用放大镜去一个个字地看，每次必扣分，累死了助教，也气炸了学生；\n\n期中成绩不公布，期末一起出来；\n\n给分和其他老师横向比较算…………
181983,2880,单杭冠,2023-11-07 09:00:25,-3,2,5,助教真能挑刺
189018,2880,单杭冠,2024-01-21 09:08:51,0,3,3,给分不好，寄了
189599,2880,单杭冠,2024-01-25 14:55:39,1,2,1,上课体验还行，但是后半学期实在是课程难度过大，会偶尔点一两次名，给分还不错的（不认可楼上）
198120,2880,单杭冠,2024-09-01 03:11:33,1,1,0,老师挺好的
4503,2904,陈抗生,2015-06-24 04:19:27,7,9,2,讲的超赞
7707,2904,陈抗生,2015-09-15 10:22:15,5,9,4,听不懂怎么办，普通话不好(๑• . •๑)
19887,2904,陈抗生,2016-01-25 13:58:32,13,15,2,老师人极好，给分极好，信电学院前前院长，人生导师
20271,2904,陈抗生,2016-01-27 01:01:26,6,8,2,陈老师点名不影响成绩，教改班，给分棒，我喜欢
20736,2904,陈抗生,2016-01-30 12:01:12,5,5,0,良心老师
21384,2904,陈抗生,2016-02-28 11:21:51,-6,1,7,真真正正啧啧啧\n\n
33362,2904,陈抗生,2016-11-10 11:16:13,3,3,0,很认真负责\n\n
34818,2904,陈抗生,2016-12-14 07:56:50,18,24,6,老师人品很好，水平也很高，退而不休积极探索课程改革的精神值得值得尊敬。\n\n但是教课方面，电基课进程没有条理，跨度太大，过于注重数理仿真软件的使用，不重视电路原理，与其说是弯道超车，不如说是跳过基础的空中楼阁。一方面以做研究所需的创新要求我们，甚至期待超过美国5%的精英学生，另一方面常常挂口如何如何就能轻易找到工作，两者方向和重点并不相似吧。何况，关于基础知识限制创新精神的观点，实在不敢苟同，再说，本身这就是电路基础课程。私以为这样的课改是行不通的，做事要从易到难，不能一口吃个胖子，top-down就能达到研究生的水平……想必想的太简单了。
34994,2904,陈抗生,2016-10-28 08:52:56,5,6,1,退而不休的伟大教育者
35964,2904,陈抗生,2016-11-10 09:17:46,9,10,1,弯道超车爱好者
37779,2904,陈抗生,2016-11-21 03:36:10,8,9,1,真心好老师，经常给我们补课，发邮件指导写作业。只是我真的太难成为 gloup leader，惭愧。
38615,2904,陈抗生,2017-01-20 13:29:02,4,6,2,老师人实在是太好了，给分挺不错，然而教学方式实在不适合我这种靠刷题度日的人，一学期下来感觉没有学会多少，不过这也是我的个人问题吧。最后还是得谢谢老师!
44686,2904,陈抗生,2017-01-18 06:22:42,4,4,0,很好啊
44883,2904,陈抗生,2017-01-18 12:32:36,3,3,0,很不错～
45750,2904,陈抗生,2017-01-20 04:24:01,-17,1,18,4.5小垃圾在这里默默打个卡
111967,2904,陈抗生,2019-07-03 04:57:11,0,0,0,听老师的课不知道是什么体验，但书用的是真的难受
37189,2905,李建龙,2016-11-18 00:56:36,0,3,3,可爱的好老师，会在讲台上连续晃动
60922,2905,李建龙,2017-11-03 00:47:38,0,2,2,昏昏沉沉昏昏沉沉，讲课太差，人还是nice的
61565,2905,李建龙,2017-11-18 14:48:36,15,23,8,上的是李老师矩阵论。怎么说呢，虽然李老师讲课不是很有趣（感觉这和这门课有关）但从接触的细节中你会发现李老师是个对学生很热情的老师 有什么问题去找他 他一定会很热情的回答，就从这一点我就决定给10分。而且助教也超级好，考前复习问了她好多讲过的题目，她都超级耐心的回答（感觉自己都快问不好意思了）
63740,2905,李建龙,2017-12-14 00:51:01,2,3,1,棒棒哒！
63756,2905,李建龙,2017-12-14 04:29:29,2,4,2,李老师讲现代信号处理很不错的噢！
63786,2905,李建龙,2017-12-15 00:32:07,0,1,1,认真备课的好老师o(^o^)o人很好，课收获多
72035,2905,李建龙,2018-01-29 08:44:25,-9,6,15,昏昏沉沉 讲课太差劲，也只能怪自己太狗\n\n拿到了史上最低成绩  2.7 \n\n第一次均绩下4
72228,2905,李建龙,2018-01-29 14:56:26,0,1,1,上的数字信号处理，老师很好，出分比预期的高吧，但是课程真的感觉太难了，很认真的学了，成绩并不好看
100899,2905,李建龙,2019-01-27 05:09:11,1,1,0,给分差差差
100902,2905,李建龙,2019-01-27 05:26:29,2,2,0,哇！怎么分这么难看嘛？！
100945,2905,李建龙,2019-01-27 07:30:11,2,2,0,给分差还卡绩点
128361,2905,李建龙,2020-12-21 08:39:44,0,0,0,讲课讲的蛮好的，重点内容老师都会提到，上课思路也很清晰，yysy听课还是这个老师好
148707,2905,李建龙,2022-01-13 09:15:59,7,7,0,只能说给分是真的差，作业给分也差，老师讲的确实可以，但给分还是挺坑的
148709,2905,李建龙,2022-01-13 09:21:08,2,2,0,楼下好快，给分确实有点……欸
148727,2905,李建龙,2022-01-13 10:13:59,2,2,0,给分有点不好
148729,2905,李建龙,2022-01-13 10:30:13,0,2,2,真无语，助教和老师都不咋滴，给分太难看了
167524,2905,李建龙,2023-01-17 04:04:35,7,7,0,老师讲的不错，但是给分太烂了
168087,2905,李建龙,2023-01-26 10:30:06,2,2,0,讲课很好比较清晰，但是给分稀烂，而且助教平时作业扣分非常严格，落实到字句...
181725,2905,李建龙,2023-10-30 02:16:09,22,27,5,傻逼张岩，作业写错个答案扣八九分，干脆大家全都抄答案算了，傻逼助教
189534,2905,李建龙,2024-01-25 09:07:46,3,3,0,就像楼下讲的，批改作业的扣分实在太折磨人。。最后好像给分好像也还行，转专业后奠基和dsp一天考，没有太多时间准备，期末好多不会写，还好当时去讲了题加了点分（讲题总评也有一两分加！），总评4.2，给个七分吧。老师讲课内容很好，回头看智云可以发现老师讲的东西是有重点的，而且深入浅出。写作业的话建议写完参考历年智云习题课上的答案，这样可以避免错误。上有政策下有对策，多问问学长学姐可以避免好多弯路。
189613,2905,李建龙,2024-01-26 10:35:58,2,3,1,讲课很好，另外dsp和信工另外两个必修课（信控计、通原）比算容易了。助教作业给分确实很折磨人，所以尽量上去讲讲作业吧，加点平时分。还有就是期末考试偏简单，建议加点难度，否则没有什么区分度。大家觉得很多不会做我猜是信号与系统没学好，不知道为什么考了很多信号与系统的题，要是信号学得还行的话这张期末试卷说实话真的没有什么区分度
189647,2905,李建龙,2024-01-26 11:34:55,3,3,0,讲课比较快，适合程度好的学生听课。老师人很好，给分也不错。就是助教太恶心，尤其是前半学期，作业给分非常拉垮，消息已读不回，回消息用chatgpt。后半学期感觉有点改过自新了。
192181,2905,李建龙,2024-05-11 04:02:18,5,5,0,老师人很好，在毕设过程中给予了很多指导帮助，苯人因为考研且自律比较差进度推进很慢老师也是督促为主。
35418,2907,黄爱苹,2016-11-10 07:15:00,0,0,0,黄老师已经退休了 但是之前上她的课的时候 她严谨认真的态度真的是给了我很大的影响。
51863,2914,郝然,2017-06-13 02:00:59,-4,5,9,mdzz
57261,2914,郝然,2017-07-06 09:06:34,-3,10,13,郝老师虽然上的有点慢但人还是很不错的 也没有期中考试 给分还行吧\n\n
57263,2914,郝然,2017-07-06 09:38:02,-1,5,6,很认真
57323,2914,郝然,2017-07-06 15:55:38,-15,4,19,为啥我感觉调分了平时什么加分啥的基本没做考试也一般般还能满很奇怪，老师上课还挺认真的就是有时候会把我们当智障??讲的太仔细；关键没有期中考试
57418,2914,郝然,2017-07-07 12:31:37,-24,1,25,我猜ls是fs.老师讲的能听懂，也能跟上，就是前面讲的太慢了，到最后面又草草结束。平时那些加分题虽然是加分，但是会花很多精力，不太值得。matlab代码题太花时间！理论课就应该有理论课的样！平时堂堂点名，问的问题有时候感觉不知道想问什么方面的...顺便，感觉老师数学素养不太好....基本感觉他没查文献，关于傅立叶变换的充要条件事实上也不管哪本严格的数学书都没有提到，可是他基本默认Dirichlet条件是充要的（当然这还是在排除一些广义函数的情况下）。 因为我满了 所以给10分。没毛病
57443,2914,郝然,2017-07-08 00:15:24,-2,7,9,青涩的郝老师，有时候还会冲动得像个毛头小子( ´▽` )
58057,2914,郝然,2017-07-27 23:20:56,-2,4,6,经常点名，。但是人很不错的一个老师。。教学经验还略显单薄
75808,2914,郝然,2018-03-19 02:58:12,10,14,4,只有我一个人觉得....emmmm....
76078,2914,郝然,2018-03-26 09:11:45,3,9,6,听不懂
76772,2914,郝然,2018-04-23 03:02:40,23,32,9,有负分吗？比你想的更差劲，云里雾里，态度还差。自己讲的不好不反思
79013,2914,郝然,2018-07-12 09:30:33,9,16,7,感觉不是很好，一个喜欢根据自己心情来布置任务和小测的老师，在信电遇见过的最任性的老师，没有之一.......
79765,2914,郝然,2018-06-13 11:04:14,13,22,9,每次上课必点名 重要的地方讲不清
80819,2914,郝然,2018-07-01 11:41:33,15,22,7,不重要的地方讲很久，重要的地方基本不讲，而且还经常讲错，感觉像是当堂看的ppt，还有ppt的内容和书完全一样，很迷啊。对不起可能是我太菜了，完全听不懂。下半学期基本靠自学了。
84223,2914,郝然,2018-07-12 09:29:01,-3,5,8,谁选谁倒霉
87401,2914,郝然,2018-09-28 06:01:15,4,11,7,一不小心就满了
88373,2914,郝然,2018-10-30 01:05:44,-1,6,7,我也满了
93019,2914,郝然,2019-01-07 03:07:09,7,9,2,说一不小心就满?的那些人怕不是水军（捂脸）
104082,2914,郝然,2019-07-09 17:10:28,18,28,10,行吧，在我期中爆炸，期末也不太好的情况下还有95，我也别说啥了……复习都到位了，能看出老师是想要教好的，外加自身多学点，不会有错的，合作愉快，也别再说老师什么不是了……
104343,2914,郝然,2019-04-08 15:13:20,-3,9,12,遇到过最优秀的老师，没有之一。
104615,2914,郝然,2019-03-27 00:16:57,8,13,5,lj啊
105031,2914,郝然,2019-04-06 04:11:08,-4,3,7,非常感谢老师\n\n\n\n\n\n\n\n\n\n\n\n
105032,2914,郝然,2019-04-03 00:03:29,-3,3,6,好好好
105033,2914,郝然,2019-04-03 00:03:50,-3,3,6,讲的很仔细
105034,2914,郝然,2019-04-03 00:05:39,-2,4,6,讲的很好
105035,2914,郝然,2019-04-03 00:05:49,-3,2,5,挺不错的
105036,2914,郝然,2019-04-03 00:06:14,-3,3,6,老师很好，课程很难
105044,2914,郝然,2019-04-03 01:43:21,-3,2,5,老师人还是很好的，感觉很负责，会一直考虑我们听课的感受，要是讲课再清晰一点就好了
105053,2914,郝然,2019-04-03 02:50:44,-3,2,5,还可以
105061,2914,郝然,2019-04-03 03:58:12,-4,3,7,老师人很好的，很耐心很有亲和力
105062,2914,郝然,2019-04-03 03:58:59,-2,3,5,还行吧，老师挺关心同学的
105067,2914,郝然,2019-07-02 03:30:24,0,4,4,老师太好了呜呜呜
105258,2914,郝然,2019-04-08 15:15:25,10,11,1,说讲的好的是认真的吗
105260,2914,郝然,2019-04-08 15:15:47,0,0,0,emmmmm
105287,2914,郝然,2019-04-09 07:42:33,10,10,0,看到查老师这么多好，我只能说，抱歉，不适合我，可能是我太差了
106351,2914,郝然,2019-04-28 10:12:11,7,9,2,lj。
106505,2914,郝然,2019-04-28 03:07:56,9,10,1,随心布置期中考，明明都是同一门课，上得差别怎么就这么大，感觉乱七八糟
106630,2914,郝然,2019-04-28 12:35:25,5,6,1,差差差
107497,2914,郝然,2019-05-06 02:21:13,4,5,1,上课各种点名，作业多得发烧，讲课无头无脑，考试乱七八糟，实在不知道为啥会有觉得好的。
108270,2914,郝然,2019-05-19 00:57:44,4,5,1,本学期体验最差的一门课。作业多的要死，上课也讲不清楚，ppt和书都烂的一批，project真的怀疑是不是用脚选的，和上课讲的内容半毛钱关系都没有 做的真的十分痛苦
108373,2914,郝然,2019-05-22 07:08:50,-1,2,3,非常好的老师，讲的很仔细
108389,2914,郝然,2019-05-22 12:18:41,2,4,2,老师虽然讲的有些乱，但是还是挺清楚的
108390,2914,郝然,2019-05-22 12:20:42,0,3,3,虽然讲课可能存在一些问题，但感觉老师还是很想教好同学们的。大家加油
108755,2914,郝然,2019-06-01 11:53:11,-3,0,3,讲的非常仔细
108809,2914,郝然,2019-06-03 00:53:17,-3,2,5,非常好的老师，说差的都是黑老师的
109190,2914,郝然,2019-07-10 00:39:38,4,7,3,因为给分好我来修改一下给个10分
111124,2914,郝然,2019-06-30 03:06:42,10,11,1,刚考完，还没出分，给老师一个客观评价吧。老师会看评论，希望能站在学生的角度给老师一些建议。\n\n先说优点，老师人很好，什么事都能商量，下午担心学生上课太累也会给大家表示抱歉。\n\n上课的话，老师讲的还行，只是书和PPT是学院给的，真的很烂，所以会导致老师上课看起来不太好。其实我蛮希望老师按照自己对这门课的理解做一套PPT的，但可能科研任务太重了，老师没时间。\n\n再说不太好的地方。老师一学期收到这么多差评，可能就是因为期中考试。因为实在是太突然了，考试范围也一直没有说清，导致大家复习起来很困难。其实老师如果想安排期中考试的话，开学初就给大家说一声，是不会有这么多怨言的。后来老师一直用期中考试是我们要求的其实不太好，有几位同学已经在之前表明不想期中考了。这个只是我们大家的一个调侃，不能用来推卸责任。也希望老师能在群里给大家答疑一下，提问如果每一次都要整理成word的话，很麻烦。所以整个学期，大家都没怎么提问。就希望老师偶尔看到群消息的时候，给个答复就行，而不是要求老师时时刻刻盯着它。\n\n最后，是对班上同学的一些建议。信号就像数学，作业多本就是应该的。要不断练习才能熟练掌握，大家一直揪着这点不放干嘛?点名怎么了，学生不就应该来上课的吗？不来上课被点到还有理了？\n\n综上，我给老师9分。希望老师能继续改进
112890,2914,郝然,2019-07-05 09:00:22,1,2,1,给分不错
114413,2914,郝然,2019-07-10 01:15:36,2,3,1,给分不错不错，给九分，其余的一份是希望老师改善教学习惯，多花点心思在教学上，不过可能?‍?不是做信号这个方向，了解的也不是很深，所以讲的不是很深入也不能怪老师，老师还年轻?
114476,2914,郝然,2019-07-10 05:11:34,1,1,0,老师给分蛮实在的
114487,2914,郝然,2019-07-10 05:29:49,0,0,0,郝老师nb！感觉这学期信号课堂氛围还是蛮轻松的，老师也很随意，虽然总是点名提问，但问题不大。大作业说实话和信号课上学的知识关系不是很大，但网上可以查到很多资源。唯一可能期中考有些操蛋，但最后应该对总评影响不大。最后给分很不错的（有一说一，虽然信号这课主要靠自己背，但个人认为老师讲课水平确实有待提高
115050,2914,郝然,2019-07-21 23:20:21,-1,0,1,非常好的老师，我考的不好但是不是老师的问题
20235,2975,杨冬晓,2016-01-26 15:36:51,1,2,1,总有一种穿越回小学的感觉...
47054,2975,杨冬晓,2017-01-23 11:56:49,13,15,2,作业都是问号，上课最喜欢诺贝尔奖
47904,2975,杨冬晓,2017-02-27 08:11:36,-3,1,4,评分测试打分
50980,2975,杨冬晓,2017-05-11 01:34:40,6,9,3,努力的老师 无意义的课程 市场调研 很多观点极不认同
53031,2975,杨冬晓,2017-06-25 03:21:28,-2,5,7,很不错，干货多，给分好
56297,2975,杨冬晓,2017-07-03 12:21:09,3,5,2,人脾气很好 但是讲的东西真的一点用都没有 市场调研讲的一套 硬是用到电子产品上 有没有好好想过这种迁移的合理性
58944,2975,杨冬晓,2017-09-18 16:10:28,1,6,5,水，没有重点，鸡杀，我和室友都深受其害
60543,2975,杨冬晓,2017-10-23 14:41:38,-4,5,9,很棒，人挺好的
62931,2975,杨冬晓,2018-01-08 06:46:41,1,10,9,这老师布置任务真的是张口就来……写报告要求把参考文献的全文贴上去，全文！，听到同学有抱怨的又立刻说不用了。很怀疑他到底有没有认真来。\n\n以及，无论是讲课还是教材，都很混乱没有层次。课上很多很明显易懂的东西非要举好长的例子，轻重不分。
70284,2975,杨冬晓,2018-01-31 10:20:25,3,5,2,感觉是一门莫名其妙的课，课程内容很莫名其妙，课程安排也很莫名其妙，考试也很莫名其妙，老师也有点莫名其妙？
76422,2975,杨冬晓,2018-04-09 00:33:48,8,8,0,救救我吧，我耳朵就快聋了
84128,2975,杨冬晓,2018-07-12 05:45:19,7,7,0,水课就该有水课的态度，最后为什么要在成绩上给学生难受
85642,2975,杨冬晓,2018-07-23 20:09:18,6,6,0,水的一批给分还烂 还不如认真上小学期
87819,2975,杨冬晓,2018-10-15 03:31:13,2,3,1,诺贝尔奖的哲学原理
89298,2975,杨冬晓,2018-11-18 07:21:21,10,10,0,史上最垃圾的老师，他编的教材那简直就是一坨屎
91431,2975,杨冬晓,2018-12-10 03:54:00,2,2,0,呵呵哒
94192,2975,杨冬晓,2019-01-23 01:20:58,17,17,0,这个老师好，给十分，分十次给
97667,2975,杨冬晓,2019-01-22 12:54:59,3,3,0,强烈吐槽他给PPT的方式，六张ppt放在一张A4纸上的pdf，每次看都特别难受。(正在复习，真的太难受了，放不了足够大，分辨率也不行，为什么就不能给ppt呢)。还有平时作业给分贼差，按照100给作业打分，而且也不指出哪里错，直接给几分，？？？？懵逼，老师也不愿意事后给答案(但会讲思路，但是感觉还是emmmmm\n\n但是老师是真的很负责，但是这门课就emmmmm
97966,2975,杨冬晓,2019-01-23 02:49:33,6,6,0,信息电子学物理已经无力吐槽 这门不伦不类的课程在信电真的是个大坑 简直莫名其妙 不说了 明天就要考试了 我要继续去背书了...
101348,2975,杨冬晓,2019-01-28 05:09:50,1,2,1,zz老师
101867,2975,杨冬晓,2019-01-29 10:26:44,3,3,0,标准的高中老师
121212,2975,杨冬晓,2019-12-28 13:51:00,2,2,0,老师很和蔼，讲课也很认真
126584,2975,杨冬晓,2020-10-04 03:07:05,1,2,1,一个自我感觉良好的SB，上课跟弱智一样、给分奇葩，而且绩杀，快跑，能不选就别选
136462,2975,杨冬晓,2021-06-18 07:22:40,6,6,0,信息电子产品创新创业实践这门课我只能说快逃，一门两学分的课，又要上课又要调研，期末写40多页的调研报告，还nm要查重，无语了好吧，查重率超过10%不能答辩，什么贵课，搞得像毕业设计似的😅
136788,2975,杨冬晓,2021-06-24 12:58:59,0,2,2,我觉得不错，老师很努力
147909,2975,杨冬晓,2022-01-11 06:51:41,1,1,0,电子产品设计与策划真的垃圾课，浪费时间事特别多，明明说就算最后东西做不出来也没事，主要目的是让我们在这个过程中学到东西，但是东西做出来了还给分巨烂，真后悔当时没退，真的别选！还不如去大三下选其他实验课，起码能学到东西，这个课不知道意义何在
149247,2975,杨冬晓,2022-01-15 01:18:48,1,2,1,烂中烂，信电物上课只会诺贝尔奖的哲学原理，ppt主次不分，给的pdf还是阴间模板，平时作业打分莫名其妙低分，还搞一堆小学一样的规矩。\n\n上他的课就是纯纯折磨，建议run余辉！
150029,2975,杨冬晓,2022-01-18 11:58:22,2,2,0,信电物给分差，事情多，学在浙大作业都不会布置还一定要发到讨论区，上课无聊，喜欢讲诺贝尔奖得主。\n\nhh
162304,2975,杨冬晓,2022-11-19 15:25:21,2,2,0,教材太差了
166385,2975,杨冬晓,2023-01-12 06:34:03,2,3,1,老师上课的方式和语气让我仿佛回到了小学课堂，而且什么东西都要往学在浙大的讨论区放。但有一说一，老师回答学生问题很认真，而且讲得也不差，设计报告的给分也不比另外两位老师低。感觉查老师上给老师的评分有点低。
184423,2975,杨冬晓,2023-12-19 11:02:26,0,0,0,很垃圾
187777,2975,杨冬晓,2024-01-17 11:24:32,0,0,0,就你这个老登喜欢考量子点是吧
52670,3083,章专,2017-06-22 05:07:44,3,3,0,老师人不错，但是单片机应用基础真的学得很懵逼（我是大一没学过数电的就选这门课的），建议大一的别轻易选这门课。
52905,3083,章专,2017-06-23 12:17:19,0,0,0,老师看上去比较严格，但对学生还是挺好
53141,3083,章专,2017-06-26 04:27:16,2,2,0,老师很认真，但给分真心低。每次实验报告都交，考试认真答了，最后刚及格，实力拉绩点。想绩点高的人慎选！但如果只是想学知识还是可以来的。
59828,3083,章专,2017-09-27 09:32:07,0,0,0,挺喜欢章专家的课的
63497,3083,章专,2017-12-05 08:37:11,-4,0,4,大一学的单片机的课，搞不清楚怎么没多少人选这门课，最后都考的基本知识，没学一点电路还上4了
63666,3083,章专,2017-12-12 06:19:10,1,1,0,很负责任啊 上课思路也很清楚
70064,3083,章专,2018-01-26 05:18:15,1,1,0,给分真心低
71191,3083,章专,2018-01-28 06:20:32,0,0,0,讲解清楚，但很无聊，很亲切，给分也不错
79882,3083,章专,2018-06-15 01:01:06,0,0,0,讲课很仔细，不过自己水平有限，还是听不懂
99535,3083,章专,2019-01-25 02:21:41,0,0,0,老师讲知识很细！上课很简单易懂，考试前复习全书一下，看一下几个硬件图，考试不难，给分也好
86373,3113,林时胜,2018-09-14 08:15:10,-6,4,10,良心好老师\n\n给分好上课干货多
86374,3113,林时胜,2018-09-14 08:15:56,-4,0,4,上课干货多 给分好
88655,3113,林时胜,2018-11-05 05:01:20,3,6,3,上课不好。
93044,3113,林时胜,2019-01-24 04:02:54,6,13,7,说点个人的感受 老师上课的节奏的确比较催眠 讲课的水平确实不高 比较迷 平时科研工作什么的还很忙 导致不能认真备课 但感觉老师还是很有自己的想法的 他总是跟我们强调知识的创造和物理图像的重要性 可以说 他的一些价值观与那些循规蹈矩、要求我们认真学好课程内容的老师是很不一样的 我本来不太喜欢这个老师的上课氛围 但是学完课程后仔细一想 课程内容本身就存在比较大的问题 而且老师也是第一次上这门课 所以不能如此简单地去评论他的上课方式 总之 不管你喜欢 还是不喜欢 他都是一个有个性的老师
97929,3113,林时胜,2019-01-23 02:01:28,8,14,6,每次上课云里雾里瞎扯一通，从来不备课，ppt完全用的杨东晓老师的，讲课看心情，喜欢连续跳十多页ppt然后说一句这里你们看书就可以。
98668,3113,林时胜,2019-01-23 17:31:34,1,3,2,隔壁杨老师班的，教信息电子学物理基础的三个老师ppt都是一样
101865,3113,林时胜,2019-01-29 10:21:09,2,7,5,讲课无聊，一看就是自己不怎么懂，也不好好讲知识，完全扯别的
101866,3113,林时胜,2019-01-29 10:22:21,4,10,6,给分好，设计题基本都给满，隔壁杨老师班给分真的很烂…
103671,3113,林时胜,2019-03-04 04:23:53,3,7,4,第一印象很强壮，气质上很爽朗...说话挺幽默的，上课其实也还好，因为本来信息电子学物理基础知识量就密集，老师也无奈的，给分似乎比隔壁班要好
104762,3113,林时胜,2019-03-27 07:50:21,2,3,1,催眠，但是期末考试前认真背了一下书，4.2
128288,3113,林时胜,2020-12-16 13:03:31,-5,0,5,纪念某次五杀，给个五分（前脚刚去zjg上中微后脚就被点了orz）
140978,3113,林时胜,2021-09-19 04:09:30,-3,0,3,老师很可爱，有耐心
160354,3113,林时胜,2022-09-20 04:52:54,16,17,1,上课讲了个寂寞，动不动就找人对话。。。。。。。。。。。。。本社恐摸鱼人狂怒
160439,3113,林时胜,2022-09-27 14:43:20,34,40,6,真nm服了，课讲的烂就算了，还tm每节课提问，提问nm呢？？？？？？？？？一分都不想给，助教也是倒霉，一直被使唤。。。。
161250,3113,林时胜,2022-11-02 07:58:40,18,19,1,不喜欢时胜先生的上课方式，但是不敢提，怕被肌肉壮汉一拳送走
162244,3113,林时胜,2022-11-18 07:26:25,10,10,0,**，这个记一下；**，这个课后找下；**，别玩手机了记录下我说的。**指助教，心疼助教，思辨课一直被使唤
162428,3113,林时胜,2022-11-22 07:27:26,10,12,2,不好好备课，ppt都是助教准备，讲课经常讲错，讲错了就说按照自己的逻辑讲，错了可以再改，讲不下去的时候就点名让学生来讲，东西讲不明白还整天安排助教发前沿论文，听说他组里的学生也很惨，经常被骂智商低，避雷
162676,3113,林时胜,2022-12-03 13:35:05,12,12,0,没想到浙大的老师水平不过如此，上课云里雾里，对助教吆三喝四，谁选谁知道
162777,3113,林时胜,2023-01-24 03:46:53,17,20,3,真无语了 天天点名叫人回答问题 自己的讲课水平没点b数  \n\n\n\n————————————————出分了\n\n\n\n给分巨烂 不多说了
163322,3113,林时胜,2022-12-13 02:45:46,8,8,0,1.讲的烂\n\n2.点名多，平均下来一学期得被点到两三次\n\n3.给分还不知道，但作业打分似乎很求是\n\n希望后来的学弟学妹慎重
163703,3113,林时胜,2022-12-16 03:33:36,8,8,0,作业多少有点离谱了
165238,3113,林时胜,2022-12-30 12:10:09,5,5,0,复习课还疯狂点同学来“交流”\n\n多少有点...
167785,3113,林时胜,2023-01-19 05:04:56,7,7,0,讲得烂，天天点名，给分烂
167798,3113,林时胜,2023-01-19 06:00:56,7,7,0,路人，踩一脚
173552,3113,林时胜,2023-05-29 01:19:07,3,3,0,路过，踩一脚，上的隔壁杨老师的课(毕设听学长学姐聊到了壮汉组里的事情，本人震撼，他们组学生好能忍qaq ）
174535,3113,林时胜,2023-06-14 00:41:51,4,4,0,路过，踩一脚，给分不好，疯狂点名，跟着他做毕设的人说他们组学生自带笔记本上班，不给配电脑的
189890,3113,林时胜,2024-02-01 10:33:14,4,6,2,大sb，给分差
192040,3113,林时胜,2024-05-08 05:57:58,7,7,0,连贯词很多，喜欢卖弄，实际的东西讲的很少，假大空很多，糊弄不过去的就点学生起来回答，还很看重人情世故那一套，助教也一言难尽
199253,3113,林时胜,2024-09-20 03:16:29,2,2,0,好赤，真好赤😋😋😋😋😋😋😋😋😋😋😋
199255,3113,林时胜,2024-09-20 04:04:53,6,6,0,不是哥们 到底是怎么当上老师和组长的？
200310,3113,林时胜,2024-10-15 23:45:25,1,1,0,放鸽子
200931,3113,林时胜,2024-10-25 03:32:05,8,8,0,ppt是助教做的，上课前看都没看过，一上课就灌水还说ppt没做好，您是这个👍
201979,3113,林时胜,2024-11-08 02:48:57,5,5,0,That's great (•́へ•́╬)
209612,3113,林时胜,2025-01-06 10:57:46,7,7,0,lss：孩子们，我写的公式没错
211651,3113,林时胜,2025-01-12 06:05:13,5,6,1,课是屎一样的课，人是假大空的人，每节课点一堆人回答问题，啥都没学明白，只能说卷子基本会做的话给分不错
211696,3113,林时胜,2025-01-12 08:03:07,4,5,1,老师是真的抽象，不过话说节节课念叨诺贝尔奖，今年最后一节课还真把一个诺贝尔奖得主请来上了一节课，最关键的是今年给分是真的好，考的也很简单，简答都改成选择了，信电物这课就纯逆天，没什么可说的
219238,3113,林时胜,2025-05-23 09:09:57,3,3,0,别拖堂了
219239,3113,林时胜,2025-05-23 09:12:02,0,0,0,无语死了，本来冲着诺贝奖得主去选信息科技中的物理问题，平时草台班子就算了，快期末了最后布置两个课程设计，要我们两周完成。选国际化还是要看中文老师啊。
219693,3113,林时胜,2025-06-04 08:31:41,0,0,0,给六天时间写课程报告，算你nb
222078,3113,林时胜,2025-06-29 12:38:22,0,0,0,国际化至少不点名 给分助教给的中规中矩
142092,3161,冉立新,2021-11-05 12:48:04,11,12,1,老师在2021年秋冬学期首次教授射频课程英文班\n\n会发英文教材，上课基本英文\n\n是新老师，学在浙大一学期交一次作业（？？？）为所有英文书上的课后习题，没有助教，有很多迷之操作。不少人退课\n\n半学期过去，感觉老师人还算和蔼，讲课有点迷，会讲一些课题组在做的设计，自称“课程简单”。\n\n一切只能等该学期结束时的给分来揭晓到底怎样
142507,3161,冉立新,2021-11-12 10:51:45,1,3,2,我同意楼上所有看法 ！ 估计不会捞 我先退课一步！
148404,3161,冉立新,2022-01-12 10:58:16,29,31,2,爸爸！
148468,3161,冉立新,2022-01-12 14:52:39,4,4,0,无敌，老师无敌，期末考试就是翻教材找东西，找不到老师给分也很好，老师也挺有趣的，真的给分好，推荐强推，比射频中文班好一万倍。
148603,3161,冉立新,2022-01-13 03:13:20,8,8,0,爸爸！
148711,3161,冉立新,2022-01-13 09:21:48,5,7,2,考试巨无敌简单不说，给分也比考的多，一句话，三个字，有必选！\n\n这课的考试难度是可以两天速成还拿超高分那种
151236,3161,冉立新,2022-02-25 07:07:33,22,23,1,吊的不行啊\n\n真的佩服
159270,3161,冉立新,2022-07-10 04:58:50,5,5,0,非常好
165286,3161,冉立新,2022-12-31 03:44:00,1,2,1,爹！！！
165290,3161,冉立新,2022-12-31 04:33:05,6,6,0,冉爹，请收下加我的膝盖🧎
165547,3161,冉立新,2023-01-13 12:26:48,3,4,1,爸爸！\n\n作业一次布置一整个学期的，自己决定做多少，交了就有分，占比50%；\n\n考试都是概念填空题，比作业题简单一百倍！
167380,3161,冉立新,2023-01-16 01:04:49,0,1,1,上课是scholar lectrue形式，真的是冉爹
167815,3161,冉立新,2023-01-19 08:13:49,-6,2,8,不算平时分，期末简单但是概念题很迷幻，别选
167816,3161,冉立新,2023-01-20 09:45:12,1,3,2,改了，冉爹是活爹，近一半满绩，一半多4.8
167830,3161,冉立新,2023-01-19 10:47:58,2,3,1,不论结果如何，他能和同学们打电话交流成绩情况并决定修改成绩，就值得我们叫一声冉爹
168088,3161,冉立新,2023-01-26 10:32:05,0,1,1,屌的不行，
172306,3161,冉立新,2023-04-24 17:15:58,1,1,0,像欧阳春一样的侠客……
187734,3161,冉立新,2024-01-17 09:02:06,3,3,0,我寄了。爸爸别挂我，球球了
189194,3161,冉立新,2024-01-22 09:48:06,7,8,1,中奖了，只能说
189208,3161,冉立新,2024-01-22 10:28:31,6,6,0,给分这么烂啊
189214,3161,冉立新,2024-01-22 11:01:10,-7,1,8,真的是大爹
189300,3161,冉立新,2024-01-23 03:32:20,16,16,0,给分差了，不像往年一样了，信电大抽奖，有胆你就来😂
189684,3161,冉立新,2024-01-26 16:13:38,-8,4,12,我觉得给分挺好的啊，根据身边的人来看，考前有大概看过一遍书的分数都还可以。课程上老师确实比较佛系，但不知道是不是我的错觉，感觉很多人一学期一点没听，书也一个字没看过，没拿到4.8/5.0就说给分不好，是不是应该先自己反思一下?
190438,3161,冉立新,2024-03-04 05:50:34,7,9,2,射频电路，别选，快跑\n\n成绩组成=50%作业+50%期末，作业交了就给满分，并且发你答案先。\n\n50%期末非常可恶。上课没办法听的，上课学不到任何东西，考试开卷，课本是几百页的全英文的教材，考试题型是填空题+大题，都是课本上的，但是非常难找，考场上大家找的汗流浃背。我们寝室三个选rlx全部下四了，3.6。关键是专业选修课，如果选了，保研的时候就会计入主修课程，非常恶心，本来想来刷分的，结果绩点大掉。\n\n这门课，rlx上的方法就有问题，根本就是没打算让学生学东西，然后考试翻课本非常难翻。别选快跑！\n\n说提前翻书的人，就别狗叫了，六七百页的全英文，你期末的时候一页页翻过去看？？？\n\n不如选皇甫老师的课，我舍友就是4.5\n\nrlx这一届给分真的非常差，高绩点的纯幸存者偏差，成绩差的才是大多数，乃至绝大多数。\n\n跑吧，家人们
190693,3161,冉立新,2024-03-14 14:41:51,1,1,0,不负责还给分差，垃圾
208691,3161,冉立新,2024-12-31 03:05:31,7,8,1,翻过这座山，才能看见信电的风景。
208724,3161,冉立新,2025-01-11 07:33:46,7,9,2,22级射频考试周前一周临时改评分标准，有福了。出分再来评价。\n\n------------------------\n\n出分了，今年又白化了🖐😭🖐。\n\n正经评价：\n\n在课上，你百分之一百学不到东西，如果不信，可以看看往年智云。\n\n如果你想水学分并且不在乎绩点，你来；如果你在乎绩点，你只能祈祷rlx今年没有黑化。
209549,3161,冉立新,2025-01-06 08:37:31,7,7,0,冉立新的日记：\n\n一觉醒来，我居然成了一个大学老师！为什么不是穿越成富二代啊！我一个小学就辍学的人，哪有什么大学知识，就算给我十年，我也搞不明白啊！明天的头版头条——“惊！浙江某高校教师竟一夜痴傻成文盲！”\n\n就在此时，一个声音在我耳边出现：“滴！最强写日记科研系统已激活！”\n\n……
209614,3161,冉立新,2025-01-06 11:05:02,7,7,0,rlx：孩子们，试卷不难
211308,3161,冉立新,2025-01-11 07:25:39,1,1,0,出分了还能接受，98上给了回忆卷，总体而言老师有点抽象，诶
211345,3161,冉立新,2025-01-11 08:23:43,0,1,1,冉爹！
211417,3161,冉立新,2025-01-11 10:57:23,5,5,0,出分了，感觉没楼上说的白化吧，可能我没找到的太多了，这开卷考找题真的有点碰运气的意味在的
213712,3161,冉立新,2025-01-19 08:38:06,1,1,0,平时是很爽的，上课很水不点名，作业就一次，但是这次考前突然说改评分标准给人心态搞崩（虽然最后改回期末50%）。期末卷子看回忆卷吧，能找到对应位置但是也不知道填啥。去年黑化了今年还行，给分纯看运气了
219356,3161,冉立新,2025-05-25 15:26:46,0,0,0,冉爹！
219501,3161,冉立新,2025-05-29 02:39:55,0,0,0,冉老师不要再表演黑白双煞了 孩子心脏受不了了
94540,3277,赵毅,2019-01-17 07:13:49,0,1,1,答辩被怼的好惨，和星期一难度不是一个级别的\n\n
122084,3277,赵毅,2020-02-12 07:21:58,-11,4,15,老师要求比较严格，是真的希望同学们能学到些东西。微电子工艺本身不是太难，主要还是做实验为主。考试会考到课上讲过的内容，但是不给ppt，所以还是要认真听的。\n\n最后，表白助教张依姐姐~（*/㉨＼*）
28039,3332,池灏,2016-06-28 08:01:09,0,0,0,量子统计给分超低
75617,3332,池灏,2018-03-14 05:59:47,0,0,0,一般般
8841,3352,周柯江,2015-09-29 01:03:38,4,4,0,讲的很好
8852,3352,周柯江,2015-09-29 03:05:41,10,11,1,讲得有点急 但进度又有些慢
9108,3352,周柯江,2015-10-13 06:58:19,7,7,0,讲课很有激情
17875,3352,周柯江,2016-01-21 03:14:48,6,6,0,来求电基考个好成绩，老师还是非常棒的
18919,3352,周柯江,2016-01-22 22:17:09,11,18,7,好老师，认真学能学到很多别的老师不会讲的内容。大学真的只是为了考试，为了绩点吗
20058,3352,周柯江,2016-01-26 03:50:41,6,7,1,浓浓师生情
20090,3352,周柯江,2016-01-26 05:23:14,11,12,1,老师人很好，讲课内容会讲两遍，习题手写，拍照即可，模电部分课件可以去找别的老师的然后最重要的是，老师很亲近学生，每次课后答疑都会持续一小时左右，给分觉得很好。
34425,3352,周柯江,2016-10-10 07:09:51,2,3,1,讲得很细致
40437,3352,周柯江,2017-01-03 09:49:11,1,2,1,你们…上课不来的不来，睡觉的睡觉…真的有分数这么高吗0.0
44773,3352,周柯江,2017-01-18 08:27:10,2,5,3,啥也不说了\n\n模电期末考考砸了\n\n3.9\n\n啥也不说了\n\n柯江爷爷\n\n我爱您！！！！！
46545,3352,周柯江,2017-01-22 02:26:18,6,6,0,老师人很好，给分好，下课会一直答疑，上课会复习前几节课的内容，因此进度有些慢但是相当于听了两遍，只是课程（电基）难而不是老师差。
47464,3352,周柯江,2017-01-27 05:42:33,2,2,0,周柯江老师的课真的超棒的！上课有条理，讲课清楚，还会复习上一节课的内容只要跟着老师走，你会发现对一个知识点的理解会越来越深刻！
52529,3352,周柯江,2017-06-21 01:58:38,-13,3,16,就评价一下给分：室友作业交了一次，大作业没做，最后3.3。我每次交作业，大作业上交，最后1.8。期末考试可能是原因，反正给分玄学。
59823,3352,周柯江,2017-09-27 08:28:33,0,1,1,给分一般
92779,3352,周柯江,2019-01-04 11:28:21,7,7,0,我不管，反正我喜欢柯江爷爷！
94665,3352,周柯江,2019-01-17 15:38:30,5,7,2,成绩没出来，先评价一下。\n\n讲课还好，半听半水最后复习一下能过的\n\n想要拿高分就要认真听，每节课都会复习一下上节课的，这点很关键。\n\n想要混过去的还是算了吧，挂科率不低。
121186,3352,周柯江,2020-01-20 03:07:51,2,2,0,很有水平的老师，真正会关心学生，给分也很大方。建议学习的时候配套微电子电路和其他班的PPT，这样效果更好。
121629,3352,周柯江,2019-12-12 01:13:19,1,2,1,讲得很细，绝不拖堂
124102,3352,周柯江,2020-06-24 02:17:01,1,4,3,老师真的是很亲切的爷爷的感觉！上课讲的偏快但是会讲两遍，每次上课先复习上节课的内容超级好，答疑也很认真的....电基自学很重要，找好教材PPT花时间认真钻研，会有好成绩的
132705,3352,周柯江,2021-02-03 11:34:41,0,2,2,周爷爷怎么评分变低了 之前都是9+的啊 呜呜很喜欢周爷爷
141658,3352,周柯江,2021-10-19 08:08:15,0,2,2,周爷爷超好的
143034,3352,周柯江,2022-01-03 14:29:17,10,14,4,老师讲得超好的！！哦，我说的是上海交大的那个。\n\n至于这个......\n\n1.讲课很乱（下面有人说会讲两遍，可有些东西不是多讲几遍ppt就能教会的）。\n\n2.作业超多（自学党快跑路）。\n\n3.最要命的是不按参考书的顺序讲课（修改一下：可以说是没有参考书，估计是用三本书混着讲，英文书，童诗白，微电子电路）。\n\n然后强烈推荐B站大学郑益慧老师的模电，同时也可以参考金浩老师的PPT。
145819,3352,周柯江,2022-01-03 02:33:03,6,7,1,说实话，老师人很好，但是上课很难受\n\n电路原理部分还好，努努力能跟得上，后面部分讲得有些急\n\n但到了模电，直接裂开。老师上课用一个应用程序讲课，也不按书上的顺序，学生没有ppt，一个没跟上后面就听不懂了。讲课速度很快，尤其是震荡、直流电源、AD/DC那里，虽然翻来覆去讲了好几遍，但一开始就不怎么清楚，后面再讲也不知道在说什么。\n\n模电真的很难，希望老师们考虑一下学生有限的水平吧，不要觉得什么都很简单，一带而过。\n\n周老师
146960,3352,周柯江,2022-01-08 07:28:36,22,23,1,老师要退休了，再评价可能也没有什么参考价值了。\n\n那就谈谈一下课程本身吧，一学期下来，感觉只有：浙大根本不配开这门课！！\n\n所谓课程安排不合理恐怕只是一块遮羞布，上海交大也不过40多个小时，怎么浙大就教不好呢？！如果浙大想要教好这门课总要有本书吧？真把自己当“无字天书”了？还整天宣传四大天书，很自豪吗？如果教学不行门门都是天书\n\n信电第一门专业课上成这样真xx晦气，tui
148627,3352,周柯江,2022-01-13 04:51:23,2,2,0,最后一节课，哎，老师要退休了
28789,3413,潘赟,2016-06-28 15:16:04,14,19,5,上课是挺水的，作业极少绝不点名... 但考试保证能让你怀疑世界怀疑人生!! 全英答题12页，感觉就像大英三四连着考了一遍.. 想锻炼心理承受能力的话强力推荐
57567,3413,潘赟,2017-07-10 00:59:46,13,14,1,给分太差
88212,3413,潘赟,2018-10-24 05:28:39,19,24,5,导论课...什么都讲，什么都讲不清楚。每节课几十个公式，几十页课本，经常说：这个你们都懂的，我们很快就过了，这辈子最糟糕的听课体验，成绩给分贼低
88468,3413,潘赟,2018-10-31 05:44:09,14,16,2,老师的教学艺术太低了
89880,3413,潘赟,2018-11-21 06:37:37,12,13,1,很烂的典型的导论课，以前数电模电几节课的内容几分钟就可以讲完，觉得我们啥都已经学过了，老师把这课当成复习课来上了。
91298,3413,潘赟,2019-01-09 05:18:54,12,14,2,完全没认真教学吧
91601,3413,潘赟,2018-12-15 09:28:55,10,12,2,根本就没花心思在教学上吧
92080,3413,潘赟,2018-12-26 06:44:14,12,13,1,每次的Homework就是一道题，知道公式的话三分钟可以做完，上课速度极快，语速起飞，还没考试，希望能过吧。。。
93350,3413,潘赟,2019-01-09 06:03:29,1,2,1,讲得好烂
94201,3413,潘赟,2019-01-15 14:44:07,9,9,0,有点害怕
94204,3413,潘赟,2019-01-15 15:27:31,12,12,0,我好慌，声音小语速快，蜜汁催眠术，每节课昏昏欲睡，英文试题英文答，闭卷，不能带字典，16个PPT补天模式，偏偏是必修。。。。
94243,3413,潘赟,2019-01-16 04:13:05,13,13,0,老师的语速让我怀疑他以前是个rapper
94996,3413,潘赟,2019-01-18 14:32:40,-15,10,25,潘老师是个好老师，上课讲得也比较清楚，就是声音比较小，后排基本听不见。平时作业只有一道题，但是每一章的ppt基本都50页以上全英文。考试也是全英文，考完觉得很基础，但是考试之前根本也分不清哪些重点哪些基础，因为内容实在太多了，复习起来很累，不推荐选这门课吧……
100175,3413,潘赟,2019-01-25 16:44:41,15,17,2,上课听不清，ppt没有侧重点，考试划重点就是念一遍ppt，考试像是考英语阅读，有不认识的词就白复习咯，给分也是真的烂，反正我差评了
100189,3413,潘赟,2019-01-25 17:09:38,10,10,0,给分烂的一匹，上课自言自语
100254,3413,潘赟,2019-01-26 01:02:26,13,13,0,给分烂的一批\n\n数字集成电路设计内容极多\n\n英文试卷英文答题
100290,3413,潘赟,2019-01-26 02:13:16,13,13,0,给分巨低，上课巨水，讲不清楚但很快，东西巨多，复习一周还不如另一门复习一天的课给分好。差到爆炸，不是必修的电科和信工学子要长点心。
100305,3413,潘赟,2019-01-26 02:38:49,12,12,0,很糟糕。上课完全听不清感觉在做英语听力（我一直前三排）考试全英文看都看不懂，而且要记得东西毛毛多，而且还是他妈的绩杀
100331,3413,潘赟,2019-01-26 03:11:27,13,13,0,数集:上课声音轻，本身课程内容又多，考试还全英文答题，真的不建议选。
100364,3413,潘赟,2019-01-26 03:48:44,15,16,1,所以为什么微电子都已经这么垃圾了还能让这样的老师教我们？不给人活路了？
101497,3413,潘赟,2019-01-28 10:11:26,8,8,0,给分烂 上课没法听 非必修还是退了吧
102091,3413,潘赟,2019-01-30 11:21:40,6,7,1,希望老师上课能大声点，ppt能做得好一点
117017,3413,潘赟,2019-09-18 10:24:05,6,7,1,一个傻逼，傻逼中的傻逼，傻逼中的战斗机??
122656,3413,潘赟,2020-03-12 13:52:30,1,2,1,讲课东一搭西一搭，看似公式很多，却毫无条理
122927,3413,潘赟,2020-04-21 07:17:53,2,4,2,混子一个，误人子弟
196951,3413,潘赟,2024-07-06 05:12:25,0,1,1,潘赟老师上课讲话非常清晰，节奏会有点快，所以上课的时候可能会跟不上，但是课后听听智云就能搞懂，智云收音很好。\n\n作业不多，每次就1、2道题，但是课程知识点其实蛮多的，所以在课程学习的时候要勤思考，不要等到期末的时候补天，感觉来不及。作业务必要及时交，对平时成绩的影响应该蛮大的。\n\n这一届期中考试特别难，虽然是开卷，但还是不会写。期中应该占总评的15分，所以还是要认真准备。\n\n不知道后面课程内容会不会改，可能会加大作业？但我一学期上下来感觉不加大作业的内容就很多了，有了大作业感觉更难了。\n\n98上有很多回忆卷和笔记分享，多看多记，很有帮助。\n\n最后是给分，我感觉给分很好，潘老师正好给满了。\n\n（可能前几届因为课程设置等方面的问题，所以查老师的评分很低，但是潘老师人真的蛮好的）
90977,3444,王玮,2018-11-28 09:22:55,10,11,1,别选他当导师
116116,3444,王玮,2019-09-04 07:50:20,0,2,2,老师是红歌小王子，唱歌超好听，人也很棒
141515,3444,王玮,2021-10-13 01:45:31,24,30,6,纠正一下，教环境化学（甲）的那个王玮老师和这个王玮不是同一个人。环资学院的王老师还挺好的。
153835,3444,王玮,2022-05-12 12:30:36,6,7,1,谁都能评吗……
174972,3444,王玮,2023-06-20 13:26:40,8,9,1,中规中矩，有时候觉得讲得不错，有时候觉得讲的稀烂，上课速度有点迷，一下子快一下子慢。需要强调的是，他好像不太在意考试到底如何，比如2023年只有ww老师不知道通信原理期末考卷子改革了
179751,3444,王玮,2023-09-19 16:45:46,16,16,0,课题组博士正常毕业率2/7😊
198230,3444,王玮,2024-09-05 11:15:07,1,2,1,不仅不太在意考试到底如何，更不在意学生能不能毕业
20471,3479,余官定,2016-01-27 16:56:15,-20,16,36,听不懂 自学
35948,3479,余官定,2016-11-17 15:31:10,5,8,3,好老师，能学到些东西，作业有点费时间但是给分很高。
37128,3479,余官定,2016-11-17 13:43:11,35,45,10,数值分析上课觉得很难而且平时要花很长时间做，但给分真的很给力！！！好老师！自身能力很强而且很幽默！！大赞
37131,3479,余官定,2016-11-17 13:48:04,17,23,6,感觉老师是那种很大神的人，刚开始上全英文还是很怕怕的，但是每次作业用心写，然后期末认真复习，两个大作业也好好写就可以了，老师和助教都特别好，给分比较好！给分比较好！给分比较好！
37140,3479,余官定,2016-11-17 14:20:57,14,19,5,这是一门能让人上瘾的课，年轻又很有水平的竺奖级导师，每次都用较快的语速讲两节课，你几乎不会轻易落下他说的每一点，然后就真的是上瘾了，做作业对于有强迫症的人来说挺花时间的，可是竟然不觉得费时间，这就是一门神奇的课，最后给分大赞，顺便谢助教，人也很好。
37154,3479,余官定,2016-11-17 15:29:29,5,10,5,老师很风趣，学生都是大神级别的，虽然课件是英语但是讲课却是用中文，语速很快，所以很难全心捕捉所有内容，但是课上只要稍微能理解，大作业认真做，考试别太水，给分就会很好了，强烈支持！
37173,3479,余官定,2016-11-17 17:44:03,5,6,1,完美的老师！上课清楚，平时作业和project认真做 考试正常 给分超级好！
37177,3479,余官定,2016-11-17 23:46:16,7,8,1,上课真的能学到东西；给分超级好；老师男神。有一次讲了自己结婚前一晚码代码的故事，简直不能再萌hhh\n\n墙裂推见~
37183,3479,余官定,2016-11-18 00:27:43,3,5,2,老师很幽默 一开始放毒鸡汤 内心感觉有点害怕 结果作业认真做给分就很好 还是学到了不少东西
37188,3479,余官定,2016-11-18 00:55:01,5,7,2,从一开始对这门课觉得畏惧到后来慢慢开始适应，学到了很多，老师也很赞。虽然作业和project很费时间，但是只要认真做，老师的给分是值得的。\n\n
37235,3479,余官定,2016-11-18 03:45:26,10,13,3,给分真的好...
37308,3479,余官定,2016-11-18 09:14:46,6,8,2,数值分析好课。。。
37457,3479,余官定,2016-11-19 02:09:47,9,11,2,绝绝对对的好课，被老师给分感动哭，课程本身是有点难度的，但是老师讲的很仔细也很风趣，平时作业的话需要多花点时间，但想到期末的给分绝对值。
40439,3479,余官定,2017-01-03 09:51:37,4,6,2,余大佬
60688,3479,余官定,2017-10-26 14:39:12,2,2,0,啦啦啦啦啦
60730,3479,余官定,2017-10-28 15:59:07,0,2,2,强推，强推
61562,3479,余官定,2017-11-18 14:24:34,3,5,2,老师是真滴好。真的很有才。\n\n一位年轻的竺奖级老师上课的感觉是真的很好了。但是课程是真的有难度，考前复习公式多到哭。\n\n想学点东西还是强推的。
62003,3479,余官定,2017-11-22 14:19:43,1,3,2,老师讲课超棒！！给分很好！！
62013,3479,余官定,2017-11-22 06:54:57,0,2,2,好的没话说，真的能学到超级多的东西！
62018,3479,余官定,2017-11-22 07:16:51,-1,1,2,老师真的很棒
62022,3479,余官定,2017-11-22 07:30:54,5,6,1,老师很厉害课也讲的很好，就是自己太菜了......
62027,3479,余官定,2017-11-22 07:56:22,1,4,3,都怪15级的同学高调说给分太好……\n\n算了，低绩点就低吧，学到的东西挺有用的
62141,3479,余官定,2017-11-22 14:22:46,2,4,2,17届，最后出成绩是真滴惨。。。虽然是好老师但是还是扣点分，就当给学弟学妹们报警了。。。
62158,3479,余官定,2017-11-23 01:53:33,0,4,4,17年上的课，老师人挺好，上课能学到很多东西。但课上大佬很多，你不够优秀的话给分会很惨。。。任务也挺多，每周作业几道编程加学期末一个project(听说以后是两个嘻嘻)。想学东西可以选，但要做好心理准备，老师从17年后给分就没上面说的那么好了。
65152,3479,余官定,2017-12-29 12:12:03,4,4,0,浙大少有的能把课讲明白的认证负责的好老师
65480,3479,余官定,2018-01-04 10:42:47,3,5,2,这学期上了他的信息论，还没考试，先打个7分，感觉老师很牛逼，科研成果很丰富，带的学生也很牛逼，国奖一奖随便拿。\n\n但是上课主要还是看内容的吧，很多别的老师ppt上出现的考点他ppt上没有。\n\n可能是因为自己太菜，不适合这种大佬老师吧，反正这一学期这门课我学的挺累的。
69243,3479,余官定,2018-01-24 10:51:09,2,3,1,信息论老师讲的很好，最后出卷子不是他出的，所以就比较简单，助教小哥哥也超级棒～给分跟预期差不多，比较实际吧，感谢老师和助教小哥哥\n\nps:老师讲的东西很多，课后需要花的时间比较多，但是也是余老师优秀的地方吧，能学到不少。（评价一波为dsp攒人品）\n\n
71494,3479,余官定,2018-01-28 14:01:02,1,1,0,神奇的体验。
87458,3479,余官定,2018-09-29 04:52:20,2,2,0,刚上了三节课，老师真的又厉害又风趣！是个十分的好老师！但是自学matlab和latex并马上应用于做题，可能不太适合编程基础弱的同学，慎选数值分析。
87712,3479,余官定,2018-10-10 17:35:01,0,1,1,可以的
88747,3479,余官定,2018-11-07 07:04:09,2,2,0,真的太喜欢这个老师了，散发着一种人格魅力
89745,3479,余官定,2018-11-20 14:09:21,5,6,1,上课不水，作业不少，课程不简单，学着是有点累，但真的能学到有用的东西，老师课上的好，人也很好，给分比我自己预想的高挺多，真的赞
89746,3479,余官定,2018-11-20 14:22:05,3,4,1,给老师打call！！！老师给分很好，水平很高，很年轻的教授。助教是个竺奖大佬。刚开始学会非常痛苦，英文课程加从来没用过的matlab。不过只要熬过这段时间，学习进入状态后就会很享受。认真学了，最后收获和付出是成正比的。
89747,3479,余官定,2018-11-20 14:25:59,7,8,1,痛并快乐着，干货满满，一门课下来同时提高了我的英语，数学，编程能力，给分超好，老师很大佬，风趣的课堂让早课不再疲惫，努力了成绩就不低，是所有大学专业课程学习的典范！（别拉我，我还要吹）
89798,3479,余官定,2018-11-21 01:06:06,-9,3,12,为什么我还是觉得水水的，像数学课的课要是不出证明题就不够有深度，不过老师的理念还是不错的
89932,3479,余官定,2018-11-21 10:14:03,5,5,0,老师真的很厉害呀，数值这门课干货很多，而且老师是个很有人格魅力的人哈哈哈? 认真做作业和project的话绩点不错的，期末考试考得很差最后绩点也很好。只是内容会比较难吧，想水水的就不要选啦
90036,3479,余官定,2018-11-22 01:36:36,1,3,2,太有趣了，最喜欢两节课之间的大学生活以及大学课程讨论环节，课程难度还是有的，但是认真做作业和project，考前认真复习（预习）理解公式的话，考试还是很简单的，给分超好！\n\n
91289,3479,余官定,2018-12-05 04:59:20,1,1,0,数值分析很好，信息论……可能对大三同学要求严格吧
95893,3479,余官定,2019-01-20 07:42:46,4,4,0,信息论出分速度真的快。。绝了
95906,3479,余官定,2019-01-20 08:12:02,2,2,0,老师真的挺棒的，特别喜欢他的一些教学理念，感觉虽然信息论讲的确实有点难，但真的可以学到东西，有时候讲的一些科研上的事也挺好的。讲课幽默，虽然有些数学证明是真的看不懂啊啊啊。强推余官定老师。数值分析和信息论都是他的，强推强推
95917,3479,余官定,2019-01-20 08:18:16,2,2,0,对大三同学要求比较严格，大一同学的话强推
95922,3479,余官定,2019-01-20 08:24:13,0,1,1,老师上课真的好棒，感觉是能把人讲懂的那一种考试..出分真的好快!!!!!
96250,3479,余官定,2019-01-20 15:11:14,2,4,2,去年上过他的数值分析，我和室友分都一般。这次信息论上的其他老师的课。然后找室友要了他班上的PPT，我觉得学生课后会用课件来复习。但是这个PPT条理性真的很差啊...比起另一个班（可能和我们寝室三个人都八字不合吧  看到这么高的评分绝了）
105729,3479,余官定,2019-04-19 04:20:20,2,2,0,数值分析课程刚开始会觉得难，实际上认真看一下ppt就能完成作业，能学到很多真东西，期末给分也很好，喜欢老师的风格。
120003,3479,余官定,2019-11-17 04:26:52,2,2,0,迄今为止我在信电遇到的最喜欢的老师
127228,3479,余官定,2020-11-16 05:51:06,10,12,2,上课的时候:哪个老师要是考试出了四个点三次样条插值，你们考完试第一件事肯定是去查老师下面给他打个0分。\n\n考试题目:请计算以下四个点的三次样条插值。\n\n我:老师，零分接好!（虽然还是给了10分）
127401,3479,余官定,2020-11-22 13:12:38,5,5,0,老师很好，喜欢学点东西的同学强烈推荐，只能怪我我脑子太蠢，学不明白吧QAQ
128627,3479,余官定,2020-12-25 01:03:03,1,1,0,老师很好，感觉超级大佬\n\n可惜我理解有点慢跟不上老师的语速，全都靠智云课堂活下来555\n\n认真学真的能学到很多东西，不过虽然我很努力的学了，但是最后的成绩还是不太符合期望55555可能是期末考的不太好吧
131527,3479,余官定,2021-01-28 02:04:53,4,4,0,老师很强，上课逻辑也非常清楚，虽然最后考试爆炸了，但我还是学到了很多东西，真的强力推荐！（虽然从考试难度能看出老师应该是嫌人太多了hh）
133979,3479,余官定,2021-03-11 06:38:20,3,3,0,《数值分析》课程略难，老师是大巨佬，上课也很棒。虽然本人较菜，最后绩点也一般，但是真的感受到学了不少东西，强烈推荐。（ps老师上课时闲谈说他曾经把女朋友写进毕业论文致谢，无聊去查了一下还真是hhhh）
143269,3479,余官定,2021-11-22 15:50:24,0,1,1,外专业的来听信电的数值分析方法，虽然老师讲得难，但坚持把课上下来能有很大的收获，而且给分也很好
161961,3479,余官定,2022-11-15 12:42:02,2,2,0,老师人很好，ppt有时有迷惑作用，建议听课\n\n能学到东西，但不深\n\n如果本学期不是很闲建议不要选，不然既没学好又拉均绩
161971,3479,余官定,2022-11-15 13:28:57,0,0,0,平时上课讲证明多不太讲方法不是很好听懂、考试难、大作业难、背公式很多、助教xgg人很好
161999,3479,余官定,2022-11-16 01:44:56,0,0,0,好老师，给分高，计科可以来这里拿跨专业（比计科的数值分析简单一点，任务也轻一些）
162061,3479,余官定,2022-11-16 11:38:24,1,2,1,坐标数值分析方法。出分超级快，大作业刚截止，转头成绩就出了，辛苦老师和助教gg了hhhh\n\n这门课可以学到很多解方程、积分、微分的算法，还能培养matlab和编程能力，相信我不会亏！\n\n老师的授课方面，余官定老师真的大佬，如沐春风，即使早八，只要是老师的课，就一点都不困呢！\n\n但是这门课硬核倒是真硬核，英文+期末考+大作业，而且数学的内容不少（但是最后也变成了背背背），\n\n对于有兴趣的同学，老师还推荐了后续学习的课程\n\n听说给分现在更求是了？体感还好，认真准背期末考＋做好大作业的话还是能收获满意的绩点哒！
162185,3479,余官定,2022-11-17 11:40:10,0,0,0,同外专业的来听信电的数值分析方法，内容比较多（短学期五次小作业+一个大作业），但坚持把课上下来、作业写完能有很大的收获\n\n考试需要多背PPT概念，作业题也要复习下怎么做，给分很不错
165404,3479,余官定,2023-01-04 11:40:10,0,0,0,good
168091,3479,余官定,2023-01-26 11:48:47,3,4,1,数值分析听他讲课感觉难度挺大的，个人觉得他讲课比较意识流，想到什么说什么，听起来不太轻松连贯的（个人想法），而且其实个人不是很喜欢总是说自己当年xxx考满分考第一这种经历的老师===\n\n不过话说回来，老师还是挺厉害的，给分也不错，这课确实也能学到东西，总之可以上
182394,3479,余官定,2023-11-15 12:37:04,7,7,0,不给满分是因为课程实在太顶了，两学分硬是上出了四学分的气势，五次作业一次考试一个大作业，课程内容感觉蛮难的，考试也不简单，老师教得很好且从不点名，但像我这种菜鸡还是要选前三思
182678,3479,余官定,2023-11-19 11:33:46,4,5,1,数值分析这门课还是很硬核的，两个月下来感觉像是学了好几门数学课，内容比较锻炼抽象思维，难度很高，进度很快，感觉没学什么就期末了（太难了555）期末考试和大作业更是难度拉满。不过用心学还是很有收获的，里面用到的方法在以后也更实用。
183017,3479,余官定,2023-11-21 13:21:52,5,5,0,不点名+硬核+给分良心，首先思考到底能不能花时间学，作业量大，但是这门课很有意义，还是收获挺多
188374,3479,余官定,2024-01-19 00:37:11,2,3,1,好捞！！！！\n\n新出的课，移动通信技术与社会变迁，比较水的课，可以自习也可以听，挺有意思的\n\n期末是一个课程报告和一篇论文，报告需要以小组形式分享，当个组长认真排练就能拿高分，论文也是随便水\n\n没想到能拿4.8！5555头一次通识课拿这么高
188450,3479,余官定,2024-01-19 04:27:41,4,4,0,给分不错。老师虽然要签到，但不是很重视这个事情；他经常讲老师开会怎么想办法签到，然后说签到这个事情其实没什么意义。我是上的移动通信与社会变迁这一门通识课，老师上课很幽默，而且很亲切，经常以浙大学长的姿态来引导我们这些刚步入求是园的小朋友，受益匪浅。但这个课感觉时间太长了（秋冬学期），前面很新鲜，后面感觉差不多就那那样了，可能会有一些单调。考虑到到给分不错，任务也不算很多，这一门还是值得推荐的。
188929,3479,余官定,2024-01-20 16:59:45,2,2,0,通信4.8太能捞了，大爹
189058,3479,余官定,2024-01-21 13:29:31,3,3,0,通信史给分极好，我纯混4.5
193870,3479,余官定,2024-06-20 11:07:46,6,6,0,我觉得他是我在浙大遇到的第一位也是最后一位愿意考前为学生出一份完整模拟卷的老师了
194087,3479,余官定,2024-06-22 02:21:05,2,2,0,好好好
196762,3479,余官定,2024-07-05 03:43:52,1,1,0,好好好
197328,3479,余官定,2024-07-11 02:41:49,3,3,0,【信息理论】\n\n不点名，脾气好，给分好，考前还出模拟卷。\n\n再次感谢余老师一个学期的授课和答疑。
199940,3479,余官定,2024-10-09 02:35:45,1,1,0,好老师，爱了爱了
208010,3479,余官定,2024-12-25 07:54:52,2,2,0,移通技术与社会变迁的老师，课挺水的，事也不多。但真的很喜欢老师，上课很有意思
212797,3479,余官定,2025-01-15 02:38:51,1,1,0,【移动通信与社会变迁】老帅真的特别好，上课水水的，要听的话很有趣，不听也没关系可以干自己的事情。期末就是一个小组展示+课程论文（3000字），都很水的，轻松就能拿高分
212869,3479,余官定,2025-01-15 06:07:20,0,0,0,移动通信技术与社会变迁：老师讲课很好，事也不太多，就是最后分数略低于预期（在小组展示分挺高的情况下），感觉做的还是比较用心的，不知道是哪里出了问题，是我被正态了嘛，，，不过还是比较推荐的吧。
213104,3479,余官定,2025-01-16 04:00:02,1,1,0,余老师真的讲课很有趣！！！
215449,3479,余官定,2025-02-26 07:33:27,0,1,1,【移动通信与社会变迁】人特别好，上课氛围轻松，要听的话很有趣，不听的话就做自己的事情。偶尔会有各种方式点名，特别是放假前（如国庆）。期末就是一个小组展示+课程论文（3000字），都很水的，轻松就能拿高分。但是老师自己是有趣的灵魂以及高端的思想。助教姐姐也很漂亮温柔。
215588,3479,余官定,2025-03-02 02:25:20,2,2,0,工高的信息理论，余老师讲课真的好，真的牛逼，好理解；老师水平和理解真不错
215987,3479,余官定,2025-03-09 02:46:18,4,4,0,余老师上课深入浅出，还是人生导师，给了好多建议，真的是不可多得的好老师
216729,3479,余官定,2025-03-23 05:24:36,1,1,0,工高来的，无须多言，牛逼🐮
21414,3540,皇甫江涛,2016-02-28 15:32:40,6,9,3,老师很萌，讲课比较随性。考试涉及的上课完全覆盖了。
40285,3540,皇甫江涛,2017-01-01 06:52:52,3,5,2,听不懂，射频难得要死，不建议选他的课
41741,3540,皇甫江涛,2017-01-12 13:07:27,2,2,0,好吧射频没认真学\n\n
45084,3540,皇甫江涛,2017-01-19 02:56:12,0,1,1,老师大好人，后悔平时没好好学，建议买本中译书，平时一学期没学，考前一天开始看书，觉得没有平时想象的那么难，是自己把射频妖魔化了。一学期没作业，只有大作业。
46448,3540,皇甫江涛,2018-09-14 09:16:02,4,6,2,上课有趣给分好，下课还能看视频。
46624,3540,皇甫江涛,2017-01-22 04:20:22,8,11,3,老师超级萌? 玩心比较重，一学期没做作业结果考试考到原题写错了，建议以后学弟学妹们还是平时吧老师的作业写写，期末补天也轻松点。还有大作业多做几个分数高呀
72931,3540,皇甫江涛,2018-01-31 11:32:10,0,0,0,老师很萌啦~大作业要好好做啊
72951,3540,皇甫江涛,2018-01-31 15:18:15,1,1,0,我觉得就是自己没考好，老师人很好，但这门课确实内容太多，希望学弟学妹们在课多时慎选
91880,3540,皇甫江涛,2018-12-24 05:54:42,1,2,1,怎么也应该给一下ppt参考的教材章节啊。直接听老师讲ppt大概率听不懂。
94533,3540,皇甫江涛,2019-01-17 05:49:30,1,2,1,今天考完了，真是个有趣的老师。一直在我旁边问简单不简单啊……个人感觉卷子真的蛮简单的，因为全部都是往年题或者老师强调过的，但是我比较菜有些地方没有记准。总的来说，本来是一门内容很多的课程，最后考试上出了和老师博弈+思政课背答案的感觉，应该也算一个悲剧吧？？？
95507,3540,皇甫江涛,2019-01-19 13:23:22,2,3,1,老师人还是蛮好的，虽然课程难，但是期末会让你知道考什么。平时水水过，期末复习多花一点时间还是可以做的。建议选英文班，没有20个填空题，嘻嘻。出分前夸一波老师，给个好一点的分数叭。
100017,3540,皇甫江涛,2019-01-25 12:44:56,1,3,2,老师很有趣!上课总是会问我们，你们有没有拆过手机啊，你们有没有拆过收音机呀，看来老师拆了不少东西。大作业要好好做，期末要认真复习，平时上课难听不懂问题不大，关键是要认真记老师上课讲的重点!
100023,3540,皇甫江涛,2019-01-25 12:51:56,1,3,2,老师太可爱了！一定要好好复习，老师说的考点一个也别放过！！！给分很好
100026,3540,皇甫江涛,2019-01-25 12:56:30,2,6,4,讲真的，如果可以给0分，谁又愿意给1分呢？不按常理出题，适合对该老师比较了解的人上
100046,3540,皇甫江涛,2019-01-25 13:18:10,1,2,1,老师真的很厉害，感觉懂很多。虽然上课听懂的不多，知识点也很多，但是英文班最后考的比较简单，都是课上提到过的重点，好好做作业，听课的话最后可以得到一个比较满意的分数的！
100258,3540,皇甫江涛,2019-01-26 01:10:00,0,1,1,老师给分超级好，人也很好。要认真听，虽然课很难，老师讲的也快，但哪怕掌握个概念也好啊
118420,3540,皇甫江涛,2019-10-27 02:14:16,6,6,0,乍一看很和蔼，其实变脸很快。很多时候莫名其妙为一点点小事发无名火，脸拉下来说些难听的话来揶揄同学。作为射频方向的老师，自己带的英文课就没几个人听的明白的。水平实在是有限啊！
119275,3540,皇甫江涛,2019-11-12 01:54:44,3,4,1,新开的边缘计算开发实践。课程硬核，要做出一套东西，人脸识别之类的，能学到不少开发实用知识。讲课比较无聊，开发环节比较有意思。队友靠谱比较重要。助教指导认真，还有公司的一线开发员做导师。送一套开发设备加显示器。给分非常好，身边几个组人均5.0。(据说是为了让那些听了课程要求觉得事多退课的人后悔233)
119313,3540,皇甫江涛,2019-11-12 04:42:57,6,6,0,有一说一，给分不错。做的很菜的组也有个相对好看的分数，但这样的给分有失公正。但其他的，不敢恭维。讲课水平，课堂氛围相当糟糕。上课时不时突然发火，总之，能水绩点，但别指望上课舒服已经能学到东西
119314,3540,皇甫江涛,2019-11-12 04:50:51,4,5,1,边缘计算开发实践，17级算创新创业类1.5学分选修课，非常好的选择。课程送给每组一套设备，课程作业是做一个demo，专注于技术实现，不用像其他的创业课写那些废话连篇的商业计划书。对于大三信息类专业的学生，作业难度是很ok的。给分非常好。
119316,3540,皇甫江涛,2019-11-12 04:58:41,-3,3,6,边缘计算来的，做不出来的话压力真的超级大的，要慎重
119348,3540,皇甫江涛,2019-11-12 07:49:57,0,1,1,边缘计算。老师有点凶凶的，会用“工程经验”指导同学们，但其实是在用心帮学生解决问题。课程偏重开发实践，主要是linux和前端，之前接触过的话不算太难。给分很好。
119404,3540,皇甫江涛,2019-11-12 16:47:13,1,1,0,给分真的很好，一学期的边缘计算课也很有收获！事情不算多
120196,3540,皇甫江涛,2019-11-23 12:47:09,4,5,1,上课体验并不好，课程设计的没什么水平。边缘计算这门课说实在的，学不到什么东西，给的文档和平时的帮助很不清晰，根本就是放羊。老师水平不够没关系，问题是有些东西明明就没讲清楚，非要怪同学没听，一问老师他还很生气，大声质问为什么没听。上面有同学说绩点好，这只是因为老师最后答辩时候没到场，今年放水了而已。\n\n\n\n总结一下，如果你想体验绝望的话，建议选这门课。另外对于想要来打分的同学，我想说如果只是因为给分好就给皇甫老师高评分，那似乎是对其他认真设计课程的考试的不尊重。
127916,3540,皇甫江涛,2020-11-30 07:40:30,0,0,0,说实话，射频上课讲得不怎么样，上课基本只顾自己的在那里念ppt，台下的大部分人都是一脸懵。大作业要求不讲清楚，隔几节课说两句大作业要求，就是不讲明白，还不允许问......
132948,3540,皇甫江涛,2021-02-05 09:23:34,1,1,0,老师给分很好，期末调分力度应该挺大的。平时的大作业要好好做，考前就跟着老师最后一节课讲的和历年的回忆卷复习一下那些知识点，然后考前要看一下平时作业。
133234,3540,皇甫江涛,2021-02-20 03:01:53,0,1,1,上课真的是糟糕，非常难的课程讲的特别快，基本没有思考时间，都是听到他讲了啥记下来考试的时候用，再加上看回放慢慢理解。皇甫有5次纸质作业，基本都是一道题，2次大作业，是非常模糊的要求，让你自己选题自己做ADS仿真最后形成报告，感觉这个大作业可以竞一竞，选题稍微难一点，任务量可以大一点，从国庆开始慢慢做，到考试前肯定能够做完，老师最后调分还是看大作业做的好不好的。考试是比较基本的题目，考什么上课老师都会说的，98上考点回忆很多，可以靠前再翻翻，老师最后给分很好。最后不得不说射频内容真的是又难又多，感觉像两门课糅合在一起，上课是射频微电子，微波工程两本书。
149249,3540,皇甫江涛,2022-01-15 01:19:59,2,2,0,给分好的我喷水了，rf全程摆烂最后也没挂，甚至给了3+
149588,3540,皇甫江涛,2022-01-16 05:16:59,0,0,0,给分太好了，选作个性课结果最后比自己专业课分都高。。。
150030,3540,皇甫江涛,2022-01-18 11:59:49,0,1,1,神中神，给分贼棒，虽然rf上课有点难但是总体来看平时任务不多期末也不算非常难，挺不错的，ads作业可以学一些电路设计方法。
161649,3540,皇甫江涛,2022-11-10 03:11:07,-1,0,1,给分真的不错
167436,3540,皇甫江涛,2023-01-16 09:02:12,0,0,0,给分确实不错
188955,3540,皇甫江涛,2024-01-20 23:39:25,1,1,0,老师人好给分好，真心为学生考虑
201920,3540,皇甫江涛,2024-11-07 11:20:49,12,12,0,上的是边缘计算开发实践，课整体比较水，平时一个组来一个就可以，最后是arduino开发一个项目，体验整体下来还不错。就是最后答辩的时候有一个b哥一直抓着别的组追问问题，让人比较反感
210711,3540,皇甫江涛,2025-01-10 01:04:46,1,1,0,给分是真的好
210730,3540,皇甫江涛,2025-01-10 01:25:59,1,1,0,给分也太好了吧！期末面向重点和历年卷，没有不满意的
211109,3540,皇甫江涛,2025-01-10 18:11:44,2,2,0,本来以为一学期没学要完了，最后临时冲刺了一天半，按照老师上课强调的考点熟读背诵，题目出得都不难，没有什么计算题，都是对原理图的理解，给分超级好，爹！！！！！！！！！！！！！！没想到总评能有96分 我哭
211219,3540,皇甫江涛,2025-01-11 04:44:35,1,1,0,给分好的难以置信
19161,3546,叶志,2016-01-23 11:35:11,3,7,4,读ppt给自己听
19162,3546,叶志,2016-01-23 11:36:27,3,7,4,这个PPT背得不够好，朗读的时候有时候会跟PPT几个字不同
41784,3546,叶志,2017-01-12 14:48:32,2,6,4,绝对良心老师，不点名不小测，还分享历年juan
46034,3546,叶志,2017-01-20 12:52:42,16,20,4,叶志大佬，给分666
46653,3546,叶志,2018-06-13 10:20:37,-21,4,25,虽然上课挺无聊的（其实其他课也一样），但是给分好呀，不小心满了
49892,3546,叶志,2017-04-27 03:28:41,3,6,3,良心老师 而且很帅
69750,3546,叶志,2018-01-25 10:14:59,2,5,3,给分真心666，考前多找隔壁几个班沟通，历年卷一定要看，稳的一匹
69751,3546,叶志,2018-01-25 10:18:27,6,8,2,事少给分好，老师人也不错
69837,3546,叶志,2018-01-25 13:27:50,-2,2,4,说实话 上课是真的垃圾 全程念ppt 做题很多自己做错 不过给分确实好
88738,3546,叶志,2018-11-07 02:42:36,1,3,2,上课就是给自己在讲 嗡嗡嗡得听不清 总是这个那个的 喜欢在ppt上写字 然而看不清 不按时下课
99024,3546,叶志,2019-01-24 07:11:09,-1,1,2,信息论老师给分真心666 但感觉还是没学到啥 感觉是课程的问题 老师人很好 给10分
99031,3546,叶志,2019-01-24 07:23:02,0,2,2,我觉得在群里对基本所有问题答疑的老师都是很好的老师
99139,3546,叶志,2019-01-24 10:10:17,-3,0,3,老师很可爱给分也很好，很耐心的给学生解答问题。
109885,3546,叶志,2019-06-20 04:18:03,4,6,2,最后一节课认真听就会满绩，别的不多说了
130573,3546,叶志,2021-01-23 17:07:48,1,3,2,考试前夜来给老师打满分，说实话信控计是我在浙三年上过最阴间的课
149142,3546,叶志,2022-01-14 14:02:59,-3,1,4,老师真的好，谢谢老师
149144,3546,叶志,2022-01-14 14:04:11,-5,0,5,呜呜信控计给分太好了
149146,3546,叶志,2022-01-14 14:05:43,-2,1,3,叶志yyds!
149147,3546,叶志,2022-01-14 14:07:25,0,2,2,老师的给分一流，只能说感觉这个课程本身设置的有问题，老师人很好
149238,3546,叶志,2022-01-15 00:44:57,-5,1,6,叶志大佬，给分666
149251,3546,叶志,2022-01-15 01:22:18,-2,2,4,老师人很好，给分也不错的。\n\n信控计是有点缝合的课，各种知识点串在一起要学的非常多，所以建议学一部分及时复习。
167607,3546,叶志,2023-01-17 15:26:03,12,13,1,给分只能说求是水平吧…不怎么调分
167611,3546,叶志,2023-01-18 00:52:48,14,15,1,难受，题难，给分求是，卡绩\n\n隔壁出分了，更难受了😭😭😭
167783,3546,叶志,2023-01-19 04:54:56,-2,4,6,给分挺好的，助教人很好，总评比卷面高了11分
169265,3546,叶志,2023-02-25 06:10:08,0,1,1,挺好的，给分不错
188954,3546,叶志,2024-01-20 23:38:04,2,2,0,不点名，给分比较看个人努力。不过不管给分怎么样，信控计这坨答辩答应我，不是信工的没必要选就别选好么？
78794,3566,徐杨,2018-05-15 07:28:17,7,12,5,Most of you have got the correct answer~
79198,3566,徐杨,2018-05-27 06:37:45,22,23,1,上课是真的学不到东西\n\n考试考的和学的完全不一样\n\n真的是教一加一考相对论
79199,3566,徐杨,2018-05-27 04:19:26,23,24,1,装模作样
79200,3566,徐杨,2018-05-27 04:19:43,7,10,3,让学生给他投票
79201,3566,徐杨,2018-05-27 04:20:01,5,6,1,。。。
79202,3566,徐杨,2018-05-27 04:20:29,2,4,2,令人尴尬
79203,3566,徐杨,2018-05-27 04:21:03,18,19,1,这老师我已经无fuck可说。。\n\n上课什么都没用。。考试巨坑无比\n\n对于学生漠不关心、欲盖弥彰
79204,3566,徐杨,2018-05-27 04:23:23,14,15,1,不如自学
79205,3566,徐杨,2018-05-27 05:17:55,37,48,11,“You should read the books and if you have any question， you should always ask my TA.”\n\nSo what do you do?
79206,3566,徐杨,2018-05-27 05:31:16,31,33,2,上新课不知道在干什么，你要认真听他上课一学期下来唯一的收获大概是被他从朋友圈看来的莫名观点洗脑；一堂课半节让我们做习题，自己不知道跑哪摸鱼去，有时候干脆人都不来就丢给助教上习题课；考试根本不管，放任助教乱出题，巴铁猪脚也是脑回路清奇，给分随缘，然后自己给的公式都是错的，说好给formula sheet 然后变成了you should not ask me question any more；碰到领导来听课、录像什么的就各种要我们好好配合。心疼一波下学期还要接受他洗礼的ee学子。
79207,3566,徐杨,2018-05-27 04:48:33,12,14,2,别的没什么，就是学不到东西
79208,3566,徐杨,2018-05-27 05:16:04,13,15,2,不知老师是否忙科研无暇顾及教学，虽科研成果还能去评一评先进，英语讲得也挺流利，但从给我们上课的感觉来看，概念一点即过，大多数时间在做习题，如果这样，那我们用这两个小时自己看书做题目学得或许也比上课的要多，并无法苟同老师的教学方式。
79274,3566,徐杨,2018-05-29 16:18:40,10,11,1,精致利己
79295,3566,徐杨,2018-05-30 07:11:27,-9,2,11,课一般般，考试分往上调了不少。五五开吧
79355,3566,徐杨,2018-05-31 14:55:16,13,14,1,上课不知道他在干什么，反正不会讲到课程内容上，作业lab以及exam都是助教负责，甚至连命卷都是助教命的，巴基斯坦助教表里不唯一，考前说给同学们formula sheet，考试的时候you should not ask me，对少数自带公式的同学也不管，考试及其不公。更迷的是，这是期末考试，徐教授是不是压根没有看到助教命的试卷。\n\n最后给分莫名其妙，一个学期下来不知道他在干什么。\n\n
87714,3566,徐杨,2018-10-10 17:35:35,-3,1,4,换了一
89235,3566,徐杨,2018-11-17 08:07:18,12,14,2,装模作样的老师，上课就会念PPT，人极懒，所有事情都给TA做，不知道是谁在上课
91669,3566,徐杨,2018-12-19 16:49:09,8,9,1,不如自学
102658,3566,徐杨,2019-02-18 03:41:04,-11,1,12,还可以
102745,3566,徐杨,2019-02-22 07:14:39,-18,4,22,我宗振宇站徐老师这边\n\n
105470,3566,徐杨,2019-04-15 03:22:20,16,16,0,wdnmd闸总都能当老师啊都？？？他是闪电侠? ？？上课从来就是念ppt example全都 I will leave it to you 那你在这里教什么书 全都我们自学就完事了呗？？
118399,3566,徐杨,2019-10-26 11:47:04,7,7,0,听课？？？
118532,3566,徐杨,2019-10-28 07:48:51,14,15,1,我打你?的徐杨+巴铁这阵容选出来我就不知道怎么赢？对线对不过打团打不过怎么赢？上课自己猜，猜不出问巴铁。巴铁玩手机，I think you are right. 上课全班司马脸，被迫上台上演寻妈记，我寻思小蝌蚪找妈妈还有人指路啊？？？
129742,3566,徐杨,2021-01-12 02:17:20,13,14,1,很离谱
133744,3566,徐杨,2021-03-04 11:18:28,-12,4,16,甚么垃圾口语 听了都污染我的口语水平
135166,3566,徐杨,2021-05-05 09:41:30,14,14,0,I will leave this example to you.
136875,3566,徐杨,2021-06-27 06:50:52,20,20,0,学期初的时候对全班讲，“大家都要来听我的课，光看ppt不够”；学期中的时候，example批量跳过，全都是“I will leave this example to you”；学期末的时候，连续跳掉三四节课的课件，“很简单，你们回去看就好了”。\n\nlab比课程快四五个星期，去了都不知道要做什么。\n\n备课只用五分钟，十点的课基本都是57分进来，打开邮箱， 下载ppt，翻一遍就开始讲课。讲得清楚也就罢了，全部“leave it to you”是什么操作？\n\n最神奇的是看底下的评论，从18年到21年，三年了竟然没有什么改观？？
150654,3566,徐杨,2022-02-10 02:10:11,3,3,0,不想好好教书的话就别教了吧emmm
152154,3566,徐杨,2022-03-29 03:32:05,0,2,2,上的是ECE211(就是上半个学期的那个)。怎么说呢，看前面风评很差，本来不抱什么期望的，但是奈何我的教授是gsb，他没课件ppt只有手写的歪扭板书... ...所以我还是挺感谢徐扬每节课上传ppt的。课呢两个教授是都没上，课后自学徐扬的ppt食用起来还是比原版黑白教材舒服一点的。就酱吧
153128,3566,徐杨,2022-04-26 03:28:21,2,3,1,你一节课照着念100页ppt，你指望学生在你这里学到什么？？？
153158,3566,徐杨,2022-04-26 09:10:03,5,5,0,我上的是gsb的课，他是对着课本讲的，没毛病，我认认真真把课本读了一遍，考前做了徐杨的sample。结果卷子是徐杨出的，出了个UIUC课本里没有的design的题，平时作业也没有做到过。。恶心的是这课还算的UIUC GPA。。虽然我知道我自己有很大的责任，但是我明明上的不是他的课，我为什么非要看他的课件呢？算我倒霉好吧
155374,3566,徐杨,2022-06-12 01:17:51,0,2,2,我感觉没有上面说的那么差，在ZJUI算好的了
170349,3566,徐杨,2023-03-03 04:22:20,1,1,0,1分只是网站能打的最低分
170413,3566,徐杨,2023-03-04 06:56:55,1,1,0,啥也不是，评价不了
170805,3566,徐杨,2023-03-10 03:10:42,0,1,1,无话可说
173020,3566,徐杨,2023-05-11 11:33:53,1,1,0,课上内容、作业、考试割离。一节课飞120页PPT，真有你的。
173022,3566,徐杨,2023-05-11 11:35:51,0,0,0,一节课一百多页ppt，讲课节奏直接催眠，建议各路失眠人士录他的课听，绝好用！！！！
173503,3566,徐杨,2023-05-26 12:49:07,0,0,0,除了TH，从未见过讲的这么差的老师
174788,3566,徐杨,2023-06-18 04:23:48,6,6,0,浙大真什么牛马老师都能来，依托答辩，建议重开。
175012,3566,徐杨,2023-06-21 14:40:45,9,9,0,沙壁玩意，什么都不懂，科研做不明白，全靠pua学生。课题组没有寒暑假，清明节端午节也要开组会，跟他祖宗一起开吗
181080,3566,徐杨,2023-10-07 12:08:13,-2,0,2,老师挺好的\n\n虽然刚开始被评分吓到\n\n但真的觉得上课挺幽默的
192331,3566,徐杨,2024-05-15 10:51:54,1,1,0,上实验课从来没来过，只有TA
17503,3627,余辉,2018-04-09 16:23:48,9,20,11,老师上课挺风趣幽默的  课下也耐心指导学生
47185,3627,余辉,2017-01-24 10:47:00,-8,4,12,信息电子物理学基础这门课是神坑但老师讲的还是很不错的而且老师人也很nice啊最后给分很不错的（不推荐选修这门课但老师是不错的
47994,3627,余辉,2017-02-28 02:30:40,-3,3,6,信电学基础课挺难的，平时作业不多但是课程内容多而杂，幸亏老师给分还不错
58968,3627,余辉,2017-09-19 02:19:04,0,1,1,评分测试评论（本条五分）
66503,3627,余辉,2018-01-17 05:03:53,1,4,3,老师知识渊博
93571,3627,余辉,2019-01-10 12:39:27,0,6,6,什么？你们下周就开始考试了？那马上做一个设计报告吧，再火速加一次作业。习题课？什么？当然不可能给你们讲解题目啦，答案也不可能给，想要某一道题的答案就自己发邮件去找助教吧让他一道一道给你。祝选课的大家得到好成绩?
104270,3627,余辉,2019-03-15 11:10:20,0,3,3,这么恶臭的课有什么去修的必要么\n\n
117325,3627,余辉,2019-09-23 03:03:11,1,5,4,每周一辱骂，本校不如外校，电科不如信通，要不是必修真不想每周过来找骂
117331,3627,余辉,2019-09-23 03:38:54,0,1,1,不知道浙大的学生是不是真的那么菜，羞愧了一节课
121755,3627,余辉,2020-01-21 13:43:00,1,2,1,给分不好，上课还算幽默，但感觉不太认真。
152583,3627,余辉,2022-04-15 07:24:15,5,7,2,喷子+小偷：观点偏激+大半学期都是ppt汇报，大言不惭道从学生汇报中寻找科研灵感。\n\n\n\n最可怕的是“微纳电子学”竟然是研究生必修，改叫学术沙龙还差不多。
159981,3627,余辉,2022-09-11 17:03:20,3,3,0,给分不好
25233,3693,詹美燕,2016-05-08 16:18:45,5,27,22,美燕姐人很好啊
28119,3693,詹美燕,2016-06-28 08:07:49,-7,5,12,开了课一定会去上
34725,3693,詹美燕,2017-06-17 03:03:44,-7,19,26,我终于知道有人吐槽这里为什么不能打零分是什么感受了   辣鸡老师  逻辑混乱  三观奇怪   作的要死 还自以为幽默 跟上年轻人的节奏       课堂放的视频都是中年妇女朋友圈里的毒鸡汤 还带微商广告  怎么会在浙大遇到这么垃圾的老师   我给跪了  每次思修课我真的想死
34805,3693,詹美燕,2017-02-25 08:09:57,8,15,7,老师上课有很努力的准备，可以看出比较用心，一些视频素材确实有一定的趣味性。但就像楼下所说，有一些视频确实有比较明显的倾向性，价值也需要仔细斟酌。但大家都不希望思修变成又红又专的一门课。
37594,3693,詹美燕,2016-11-19 14:42:54,-4,6,10,经历了大一某辅导员的XXX 遇见美燕姐简直是棒棒哒 真心为学生办事 点赞
39542,3693,詹美燕,2016-12-23 16:16:06,-4,6,10,大爱燕姐\n\n\n\n
47037,3693,詹美燕,2017-01-23 10:21:20,-4,1,5,
47047,3693,詹美燕,2017-01-23 11:06:11,1,8,7,不怎么样\n\n平庸至极
47806,3693,詹美燕,2017-06-21 09:18:45,0,6,6,教学还是不错的，谢谢
51795,3693,詹美燕,2017-06-10 10:44:41,2,6,4,没啥可聊的\n\n
55953,3693,詹美燕,2017-07-02 17:51:51,1,5,4,毫无建设性
56778,3693,詹美燕,2017-07-04 15:21:00,-3,8,11,美燕姐这么好，不上9分简直没有天理，美燕姐超好超好的，思修这个课本身就有局限，不能怪老师啊，而且老师上的也很好，给分也好，真的，为什么打分这么低，真的很替美燕姐难过，这真的是个很好很好的老师。
57764,3693,詹美燕,2017-07-14 10:41:06,-5,9,14,和美燕姐过不去就是与我大信电过不去??嘿嘿
76017,3693,詹美燕,2018-03-24 10:11:11,0,6,6,呵，三个寝室约谈，一个忘了，一个鸽了，一个地点通知错了，再加上最近不合理的锻炼规定。别是生孩子生傻了吧。
85783,3693,詹美燕,2019-02-24 02:30:39,-4,17,21,短学期时间安排，给分都不太合理，希望老师再慎重考虑一些。
90986,3693,詹美燕,2018-11-28 12:28:21,-5,5,10,给分太好了，感动落泪，大家都知道这门课很烦，但老师已经尽量把它变得最好了。
91044,3693,詹美燕,2019-11-13 00:30:58,34,53,19,下面那个说自己4.5均绩没有变化的，有本事别匿名把你名字说出来，不要以为匿名就可以为所欲为。您不是很爱装逼很爱秀的吗?
91046,3693,詹美燕,2018-11-29 07:51:11,20,27,7,这个认知实习我有句***不知当不当讲，程序都写出来了，企业参观也就那样基本没啥区分度，井冈山有一定区分度我也算中规中矩吧。结果……我真的服了这个给分了。现在见到五级制就恶心，上一次见到五级制还是创业基础。
91047,3693,詹美燕,2018-11-29 07:51:45,4,12,8,您能给我个解释吗？   分数怎么打的？   看心情？   看熟人？   看你认不认识？   不认识正态？   有没有用心看不出来吗？
91049,3693,詹美燕,2018-11-29 08:08:43,2,8,6,辣?
91050,3693,詹美燕,2018-11-29 08:09:07,7,16,9,我一定要帮詹老师说一句，首先打分不是她打的，成绩很大一部分是来自c程学习的成绩；其次，这个认识实习没有正态，你多少分就是多少成绩；最后，井冈山大家的成绩都差不多。坑，只能怪五级制，信电前几的某同学c程才80+（我亲口问的）。
91051,3693,詹美燕,2018-11-29 08:11:24,7,12,5,认识实习给分也太差了吧 垃圾五级制
91053,3693,詹美燕,2018-11-29 08:25:12,13,19,6,怎么说呢 暑假放假了 却也根本休息不了 下午听着完全听不懂的东西 晚上肝程序肝到深夜 走访报告和井冈山感想也是认认真真完成 然后这个绩点?直接跳水了好吗 另外关于课程内容设置还有井冈山的时间安排简直无力吐槽
91054,3693,詹美燕,2018-11-29 08:25:15,18,24,6,小学期还五级制，莫不是觉得学院随便乱搞，学生成绩不重要的吗？
91057,3693,詹美燕,2018-12-04 12:02:36,10,18,8,垃圾信电不过如此
91120,3693,詹美燕,2018-11-30 12:49:08,1,4,3,老师没像创业基础那样给我1.5，我就给她打十分。但是，c程那两位老师。。。。给1分。建议贵信电赶紧把王日海这种混日子的老师给踢掉，误人子弟。
103708,3693,詹美燕,2019-03-04 11:07:33,14,20,6,职业规划课\n\n我以为我坐在幼儿园教室里
105870,3693,詹美燕,2019-04-30 05:05:30,-2,8,10,10分，不解释
105877,3693,詹美燕,2019-04-30 05:31:38,9,13,4,中间不下课
106446,3693,詹美燕,2019-04-27 12:11:13,-4,6,10,老师上课很认真，作业不多，小组同学都很给力。
106755,3693,詹美燕,2019-04-29 09:38:57,1,7,6,课程设计不合理，给分差。简言之，辣鸡。
106761,3693,詹美燕,2019-04-30 08:53:15,3,11,8,听着犯困，恶竞！
106792,3693,詹美燕,2019-04-29 14:17:11,3,6,3,看到? 点，心凉凉。
106793,3693,詹美燕,2019-04-29 14:18:12,2,6,4,为什么没有0分
106807,3693,詹美燕,2019-04-29 16:44:34,7,11,4,均? 4.2的职规我觉得老师很良心，正态是学校要求，上课发言多，小组作业认真，职规书认真写，怎么会没有好分数？当然课程设置确实有些不合理之处，希望老师下次开课可以有所改进
106809,3693,詹美燕,2019-04-29 23:49:00,0,4,4,辣鸡。
106848,3693,詹美燕,2019-04-30 05:05:56,-2,3,5,詹老师人很好！讲课很认真！有用心准备！满分！
106849,3693,詹美燕,2019-04-30 05:07:09,3,7,4,事很多，绩点随缘抽签，一直不下课。事真的超级多，尤其是在考试周附近。
106850,3693,詹美燕,2019-04-30 05:08:01,0,6,6,詹老师很好啊，职规按小组坐，来不来也一眼就能看到了，只要好好写职规书，最后期末考核的时候积极参与，评分就不会很差啊。
106851,3693,詹美燕,2019-04-30 05:10:11,2,6,4,老师和学姐给分挺好，人也挺好，但是讲课一般中年毒鸡汤
106852,3693,詹美燕,2019-04-30 05:10:22,-3,3,6,老师挺好的啊
106854,3693,詹美燕,2019-04-30 05:13:45,-2,3,5,挺好的老师
106857,3693,詹美燕,2019-04-30 05:19:39,-3,7,10,19春上的职规，老师真的很好啊！温柔真诚！助教学姐也超级好！全班40人4.5以上，真的，非常感动了。虽然出于某些原因，一次言都没有发过，但是用心老师和助教都看在眼里啊，就有4.5/89了，真的很开心了！为什么要以如此刻薄的语言评价老师，这是这大学生该有的素质吗？就因为匿名？自己反省一下吧！
106858,3693,詹美燕,2019-04-30 05:21:13,0,6,6,看到老师分这么低我真惊了。虽然职规课上可以学到的干货可能确实有限，但老师和学姐人都很好，职规书和期末考核认真一点，课上发言两三次，分都不会低。
106859,3693,詹美燕,2019-04-30 05:21:50,-4,5,9,19春季职规A 老师人很好啊 很温柔 助教学姐超级可爱的！！最重要的是给分特别特别特别赞！全班40+得到4.5 只要不是特别特别混我觉得都会有好结果的 喷子妹有? 也没有复活甲嗷
106860,3693,詹美燕,2019-04-30 05:22:53,-2,4,6,老师超级好！给分超好=
106861,3693,詹美燕,2019-04-30 05:26:22,-2,4,6,老师超级棒的
106863,3693,詹美燕,2019-04-30 06:52:15,-10,8,18,老师人已经是很好的了，平时分几乎给满，你见过多少课程均绩能在4.2以上，无聊的辣鸡们，自己职规书又不好好写，上课又不参加，拿了一个不好看的分数就在这里到处bb，你们麻烦有点自尊好吗，别真把自己当成一个不会学习只会bb的废物
106865,3693,詹美燕,2019-04-30 05:38:42,-3,2,5,给分算很好的了 至于内容... 反正这种课你也别指望能学到多少东西2333
106866,3693,詹美燕,2019-04-30 05:39:03,10,13,3,只能说可能做事多少都比不上发言刷存在感吧。下面没发言的拿4.5的考虑过我期末考当组长平时写记录然后被正态的感受吗 老师人很好讲课也不错 打分我给了高分 但绩点对大学生而言就是很重要啊 拿了好绩点的可以给老师高分 绩点不满意给不好的分于德行又有什么亏呢 反正我也就只能在评论里叽叽咕咕了
106868,3693,詹美燕,2019-08-22 06:33:01,-8,4,12,还行，只是因为觉得老师不至于现在的5.0这个分数所以来打个分。（职规课分数挺好，但老师的一些安排的确让人摸不着头脑）
106871,3693,詹美燕,2019-04-30 05:58:33,-2,3,5,还可以
106900,3693,詹美燕,2019-04-30 07:36:36,2,8,6,0分在哪里呀
106907,3693,詹美燕,2019-04-30 07:59:20,-1,5,6,坦率得说，老师和学姐都很棒，给分也很好。至于评分，我觉得偏离太大了
106911,3693,詹美燕,2019-04-30 08:13:53,1,6,5,事很多，绩点随缘抽签，一直不下课。事真的超级多，尤其是在考试周附近。
106925,3693,詹美燕,2019-04-30 09:36:05,3,7,4,每个混乱忙碌的周里唯独燕儿老师的课是能让我静下心来自我剖析的。老师人令人很好，内容也非常贴近学习生活。课后不用花时间太多时间，只要好好写职规书，好好参加小组讨论，给分就相当不错了。
106948,3693,詹美燕,2019-04-30 10:48:48,3,7,4,詹老师的职规课是真的好！人超级温柔，上课也很耐心，准备也很充足，关键是给分真的好，说给分差打低分的的真的很迷啊，虽然c程不是詹老师的课，但是也知道c程是看考试成绩，平时作业的，自己没学好就别骂老师了吧
106967,3693,詹美燕,2019-04-30 12:57:26,0,8,8,詹老师是一个非常负责任，上课有趣的老师，会有很多交流，体验满分，很和蔼，主要是事情真的少，没有人物生涯访谈，真的非常可爱，我觉得她值得更高的分数，全班40个4.5以上
106981,3693,詹美燕,2019-04-30 15:03:38,2,6,4,没有楼下能bb
107690,3693,詹美燕,2019-05-08 10:00:50,-2,4,6,信电老师超赞的ovo
111330,3693,詹美燕,2019-07-01 02:59:42,3,4,1,辣鸡。
118896,3693,詹美燕,2019-11-07 11:51:02,4,4,0,真实辣鸡
120967,3693,詹美燕,2020-01-19 05:12:02,3,4,1,挺无聊的课 给分也不好 小组制不太喜欢\n\n
123107,3693,詹美燕,2020-05-10 03:49:15,3,3,0,职规必修课 没办法 但是给分……
127686,3693,詹美燕,2020-11-26 00:07:17,-1,3,4,詹老师很好啊
128815,3693,詹美燕,2020-12-25 14:15:41,3,6,3,我觉得詹老师其实很好，思修课总会和我们聊聊人生，带来一点不是课本上的东西，人也很和蔼
132693,3693,詹美燕,2021-02-04 13:35:35,1,1,0,话不多说
132703,3693,詹美燕,2021-02-03 11:28:29,-7,1,8,詹老师给分太好好了
132893,3693,詹美燕,2021-02-04 13:37:06,2,2,0,这给分，我是看不出什么依据，感觉就是乱给
151697,3693,詹美燕,2022-03-14 15:43:38,8,8,0,一言难尽啊~
151698,3693,詹美燕,2022-03-12 13:22:39,10,10,0,我只能说，詹老师可太牛逼啦
151699,3693,詹美燕,2022-03-12 14:09:00,12,13,1,大噶好，我系詹美燕，系兄弟就来砍我，我在云峰学园等你
151701,3693,詹美燕,2022-03-14 15:43:42,3,3,0,很有自己独特而神奇让世界为之震颤的教育理念和教学态度的一位老师🤗
152481,3693,詹美燕,2022-04-12 18:41:33,2,2,0,神奇的新主任，神奇的思路，呵
157910,3693,詹美燕,2022-06-25 12:36:39,1,2,1,ex.
170525,3693,詹美燕,2023-03-06 06:20:58,4,5,1,1分打给形策这种傻逼课 老师？不知道，一节课没上过，长啥样我都不知道
180797,3693,詹美燕,2023-09-26 10:20:00,5,5,0,云峰的党员之家一声不吭全关了，真有您的😅已经审批通过的直接全部取消，甚至还不通知借用人，突然发现没场地了还不解释是为什么关停😅真有您的
181026,3693,詹美燕,2023-10-05 00:52:10,7,8,1,没听过她的课，见识过她办的事。云峰南面的道路改造改了个机掰？装了一堆隔离桩阻碍超车，很明显会导致非机动车道拥堵。另外最近有一次云峰的党员之家一声不吭全关了，已经审批通过的直接全部取消，甚至还不通知借用人，突然发现没场地了还不解释是为什么关停，被挂上朵朵十大了，然后才开始在评论区打官腔打太极😅真有您的
181289,3693,詹美燕,2023-10-13 04:22:51,2,2,0,云峰不大，创造神话。
181331,3693,詹美燕,2023-10-15 02:45:43,3,3,0,真tmdnt，活活把办公室全弄没了，云峰也给改造的跟什么一样
181341,3693,詹美燕,2023-10-15 11:04:55,1,1,0,啊对对对
181351,3693,詹美燕,2023-10-15 13:53:56,-9,0,9,最喜欢的老师
181484,3693,詹美燕,2023-10-19 02:44:30,1,1,0,把人往前面赶可真有你的
181712,3693,詹美燕,2023-10-29 12:53:18,0,0,0,形策三节课
183825,3693,詹美燕,2023-11-30 13:46:07,3,5,2,上课不知道，当云峰的一把手，搞了很多形式主义的东西，想让云峰比上蓝田丹青。但云峰面积就是这么小，你再怎么折腾也翻不起浪花，我的建议是，放过学生吧
192270,3693,詹美燕,2024-05-13 08:50:45,3,5,2,形策预置到她的班，只能说运气太差
194022,3693,詹美燕,2024-06-21 12:45:49,0,1,1,形策这课事多分低，课程设置本身就有问题，一学分的课留三学分的作业，最后给分还大部分依赖最后的闭卷考试，绝大部分人低分飘过\n\n再有修形策的建议就是随便水水过，一学分的课没必要卷那么多，有这个精力不如去学别的
195126,3693,詹美燕,2024-06-27 01:28:24,1,2,1,形策课本身的设计问题，闭卷考试知识点还挺多，老师说期末捞但聊胜于无
195526,3693,詹美燕,2024-06-28 15:10:12,3,5,2,形策给分不好
198049,3693,詹美燕,2024-08-26 14:38:18,0,1,1,有脑喷
200152,3693,詹美燕,2024-10-14 05:28:55,4,4,0,云峰行政管理很逆天
200733,3693,詹美燕,2024-10-21 12:34:24,1,1,0,被坑过，超虚伪
203523,3693,詹美燕,2024-11-20 02:36:50,5,5,0,垃圾云峰行政的罪魁祸首
220005,3693,詹美燕,2025-06-13 12:05:03,0,1,1,。。。
220006,3693,詹美燕,2025-06-13 12:12:08,4,6,2,是家里人似光了给这么低的逼分？选择题错三道但感觉后面大题都背到了，最后给个byd4.2，这些分不给是要留到你棺材里吗。预置到牢詹只能说运气太差，换也换不了。
220011,3693,詹美燕,2025-06-13 12:38:04,4,5,1,很搞笑选择最多两道，大题全写，作业和考勤也没有问题，最后3.6，只能说cs
221021,3693,詹美燕,2025-06-21 01:27:05,1,1,0,马的考勤作业都没问题，考试还好好背了，最后喜提3.6，好几门努力学成4.8的课也被拉下来了，乐。\n\n以上纯属我个人能力问题，那请问你踏马的形策课搞个纸质签到，还让另一个老师跟着签到纸走怕我们多写，是脑子进水了吗?这是什么逼课自己心里没数吗??太他妈的认真负责了
18097,3716,张宏纲,2016-01-27 10:24:38,1,7,6,给分好是王道
20363,3716,张宏纲,2016-01-27 07:08:54,1,5,4,三堂课第一课讲诗词 第二三课随便讲点东西。虽然总拿正态吓唬学生但是给分很好
24422,3716,张宏纲,2016-04-30 13:33:17,1,7,6,很差，不建议选，虽然给分是很好，但是上这门课的老师给分都很好。讲课太扯
28495,3716,张宏纲,2016-06-28 09:29:20,1,5,4,我不觉得给分好…
34127,3716,张宏纲,2016-11-16 06:38:08,-2,5,7,屎一样的体验，不负责任，怎么能这么随便。选上这老师的算法课还是退了吧。
35511,3716,张宏纲,2016-11-10 07:22:51,-6,5,11,看评论说什么老师只讲诗词的 是因为你的精神只能撑完听完诗词吧 脑子里依然认为大学老师讲课要像中学老师一样一点一点全都告诉你的人是疯了么。至少张老师把所有的重点都讲到了吧。大学老师是帮你 而不是教你好伐。
36817,3716,张宏纲,2016-11-16 06:37:40,-1,0,1,
39532,3716,张宏纲,2016-12-23 15:04:58,0,6,6,这学期正在上张老师的算法课，刚开学基本每堂课都写诗，第一节课作业就是写诗。老师讲课有自己的风格，不用课件～\n\n喜欢老师的情怀，相比古典的，中规中矩的老师，更喜欢张老师的风格。就喜欢这种情怀～\n\n
42154,3716,张宏纲,2017-01-13 16:19:42,20,21,1,会一点算法的业余诗人
42967,3716,张宏纲,2017-01-15 14:05:26,1,3,2,给分超好。
42981,3716,张宏纲,2017-01-15 14:26:56,7,8,1,你们知道蒋百里吗…
47206,3716,张宏纲,2017-01-24 12:29:53,6,7,1,上课莫名其妙，给分也没有特别好
47852,3716,张宏纲,2017-02-26 10:14:50,3,3,0,傅麦香
49244,3716,张宏纲,2017-03-30 11:45:21,-2,3,5,挺可爱的老师，没有某些评论里糟糕的感觉....之前上之前还担心好久来着。不过可能因为我上的是导论课，没太多专业性。总的来说，在这种启发性的课堂上，老师做得还算可以，也挺幽默的。
52108,3716,张宏纲,2017-06-15 01:34:06,31,37,6,上这个老师的课，体验真的很差。\n\n\n\n课程教学方面：会花很多不必要的时间（约一整节课）讲和课程无关的东西，诗、玄学等，而且所讲的课外内容个人认为存在许多谬论，没有相对应的价值。（个人不反感老师课上讲题外话，但是十分反感：大量的、无价值、无意义、甚至可能是错误的题外话）。正式课程部分，毫不夸张地说，照本宣科，对重要知识点没有区分，讲不完的让自己回去看；对比室友的老师分重点多讲、非重点略讲的教学，实在差很多。\n\n\n\n教学能力方面：老师反复强调，“这门课应该开在计算机学院下面，信电学院老师不会教这个”，“我自己也是才刚刚学起来，所以有些地方不懂不要来问我，因为我也不懂”。我以为老师只是半开玩笑，有一次课程作业不懂就去问老师了，结果老师和我扯了半天也没给个题目的解释，最后告诉我他也不会。\n\n\n\n给分方面：这个老师是不是给分好，还真的无从判断。因为试卷简单，基本考试周突击复习完整本书的，就可以把试卷都做出来，卷面接近满分，总分肯定不会低。这门课别的老师给分也高，既然这样为什么不选一个认真教学，细心指导学生的老师。\n\n\n\n个人主观体验：上这个老师的课的时候，心里始终弹幕全开、吐槽不断、草泥马奔腾。所幸教材是本好教材，自己自学就能学会基础难度的内容。写那么多是为了让之后的学弟学妹能排雷，选个好老师。
58355,3716,张宏纲,2017-08-29 09:32:37,2,4,2,好好好 给分好 人很幽默\n\n
63180,3716,张宏纲,2017-11-29 03:15:05,2,3,1,废话真多
70066,3716,张宏纲,2018-01-26 05:19:39,6,7,1,上课屎一样，最后几个班成绩最低，上课不讲东西
72079,3716,张宏纲,2018-01-29 10:02:41,1,2,1,这个老师的评分和他的课程一样，充满水分
72211,3716,张宏纲,2018-01-29 14:36:59,1,2,1,给分好吗？
73592,3716,张宏纲,2018-02-02 04:33:37,4,5,1,不靠谱
94763,3716,张宏纲,2019-01-18 05:32:13,2,6,4,上课教不来，人品也不大好的。上课反对他一下就不高兴，根本不民主，还经常拿学生乱开玩笑乱讲话，不尊重学生，浙大还有这么垃圾的老师，而且还经常刁难同学，除此之外上他了课根本学不到任何有用的东西，这个老师不就理论懂多一点，完全不会实践的，太垃圾了，根本不像一个搞工科的老师。上课就写写诗胡扯淡，无聊要死，这个信电导论也是超级大水课，但又不得不选啊。总之，我不喜欢这个老师
98191,3716,张宏纲,2019-01-23 07:16:32,5,6,1,楼下说的都对，在此基础上补充一点，自己提到的公式自己都写不出来，会点算法的业余诗人实至名归，业余划重点，要考！第一节课作业就让我们用matlab，我们反映不会用他说函数不都有的你们调用下不就好了这都不会…信电导论，睿智的课程，遇到一个睿智的老师，真棒！排个雷，建议换了…
100887,3716,张宏纲,2019-01-27 04:18:16,5,7,2,诗写得很棒，上他的信电导基本上不会想睡觉，会讲很多有意思的故事，但是课程的内容基本要靠自学（因为老师常常会压缩知识来腾出时间讲故事写诗），给分真的很好，老师有点小傲娇，表面上在diss你但是实际上很欣赏你，是很好说话人品很好的一个老师
100903,3716,张宏纲,2019-01-27 05:28:06,2,2,0,给分好，上课有趣
103550,3716,张宏纲,2019-03-01 03:18:58,0,3,3,张老师喜欢诗词文化，还会经常分享他创作的诗词。每堂课能够学到东西，还会讲一些有趣的专业之外的知识，是能让我专心听课的老师。毕竟导论课不是专业课，是用来让大家体会信电的。他也说过，如果看三极管啥的还没有感触，那可能就不适合信电了。\n\n印象很深刻的一个地方是他讲中美贸易战，只有美国网络网址后面没有.cn这类的后缀，他们掌握主动权。老师很希望大家能够好好学习，提升中国实力。\n\n很有个性，喜欢和学生聊，最后给分超好的。
105384,3716,张宏纲,2019-04-11 06:15:47,2,2,0,废话多 没有真材实料
106579,3716,张宏纲,2019-04-28 07:42:38,0,0,0,讲历史比讲课讲得好 还拖堂
111140,3716,张宏纲,2019-06-30 04:53:47,4,4,0,这个老师能找得到上过他课的浙大本科研究生我吃屎…
122755,3716,张宏纲,2020-03-31 01:31:32,1,2,1,这老师，怎么说，上课念课本不说还念不清楚，读着读着自己也傻眼了，感觉他自己好像也不是很会，作业要用的软件，自己也不会用，问他他也不知道，课下问他知识他也不会，唉。。。信电导的话，建议换一个吧。
134765,3716,张宏纲,2021-04-14 07:48:47,3,3,0,算法课太雷人了，说是不点名，天天点人回答问题+手写代码小测。课程内容又讲不明白，天天扯一些与课程无关的内容，还不如自学。
135225,3716,张宏纲,2021-05-06 07:51:43,2,3,1,上大学以来的第一个5.0，感谢老师
18877,3721,王梁昊,2016-01-22 16:18:23,15,15,0,人很好，讲课不错\n\n
19533,3721,王梁昊,2016-01-24 14:53:11,11,11,0,讲课清楚明白 实事求是
19549,3721,王梁昊,2016-01-24 15:46:21,11,11,0,讲课很清楚，但是课堂又很有氛围。不会无趣！
19796,3721,王梁昊,2016-01-25 09:32:55,8,10,2,讲解清楚给分高\n\n
20088,3721,王梁昊,2016-01-26 05:22:24,6,8,2,信电最佳教师，其他老师基本都是死板无聊，这老师欢快，而且讲的好，给分高！
21853,3721,王梁昊,2016-03-01 09:40:06,3,3,0,很不错
22668,3721,王梁昊,2016-03-09 14:27:15,3,3,0,好和蔼的老师
47296,3721,王梁昊,2017-01-25 06:44:11,5,5,0,老师是男神！讲课超级好玩还很清楚，还会用表情包！
47990,3721,王梁昊,2017-02-28 02:17:45,1,1,0,讲课风趣幽默，内容充实实用\n\n
68952,3721,王梁昊,2018-01-24 07:00:08,20,20,0,上课很良好 出卷不友好
68958,3721,王梁昊,2018-01-24 07:11:48,11,11,0,上课很好，我想知道80以下的应该不止我一个人。。。。
69124,3721,王梁昊,2018-01-24 08:45:41,7,7,0,喵喵喵，去年均绩不是上四了么？我怕是生错了时间。。。
70619,3721,王梁昊,2018-01-27 09:51:17,-4,1,5,很好！
100505,3721,王梁昊,2019-01-26 08:15:10,3,3,0,枯了.
100585,3721,王梁昊,2019-01-26 11:02:48,6,6,0,老师人很好，看到分数脸绿了
100641,3721,王梁昊,2019-01-26 13:05:03,1,2,1,一般吧，给分没李东晓好
100662,3721,王梁昊,2019-01-26 14:11:58,1,2,1,老师上课很友好，讲得也不枯燥，但某几项大作业表示不能理解。记得课上老师说一次大作业是课下参加一个网站的编程竞赛时，有同学提出有人作弊怎么办，老师说“能抱到大腿也是一种能力”，恕我无法苟同。
121032,3721,王梁昊,2020-01-19 09:46:44,0,0,0,给分感觉一般，没李东晓好
121161,3721,王梁昊,2020-01-20 01:26:26,1,1,0,上课很良好，出卷不良好。今年八道题五道算法设计题，我枯了，真的写不完......\n\n给分我觉得还行，感觉我总评被提了一两分？所以感觉给分还不错，但也不算特别好
122159,3721,王梁昊,2020-02-17 13:05:43,0,0,0,老师人超好 讲课有趣能让人听进去 本学期最喜欢的课了嘻嘻 平时编程题报告之类的有点烦 但认真写的话最后总评肯定是有加分的 考试本以为凉了 结果给分挺惊喜~
85777,3826,史峥,2018-08-07 11:20:29,3,6,3,喜欢萌萌笑的顽童老师
101479,3826,史峥,2019-01-28 10:50:21,0,1,1,别选，千万别选，绩杀
101499,3826,史峥,2019-01-28 10:12:46,0,3,3,给分烂 事情多 基本靠自学
126998,3826,史峥,2020-11-02 05:15:43,-1,1,2,绩杀，别选，事超多
128005,3826,史峥,2020-12-03 06:12:47,0,3,3,选他，选他! 给你讲怎么找工作， 为学生考虑， 给你讲怎么学习， 怎么思考. 非常好!
133043,3826,史峥,2021-02-07 03:08:54,4,6,2,老师应该是微电子大三教的最好最认真的老师，iccad这门课程内容有点繁杂，相信如果在精简一下的话，老师可以更深入的教学
147097,3826,史峥,2022-01-08 16:12:26,2,2,0,老师人挺好的，尽力传道受业，只是这课知识点太多了，复习起来要记的挺多
149795,3826,史峥,2022-01-17 03:37:49,4,7,3,看见这个平均2.7了吗？知道为什么微电子70多人，这门课80多人选吗？想要体验50道不定项或者50个填空吗？不评论老师上课，就说考核。如果你喜欢自学，这门课不适合你。你喜欢速成，这门课不适合你。你英语不行，这门课不适合你。你想要高绩点，这门课不适合你。你想要听老师讲课，并且真的对计算机文化有兴趣，能够自觉背诵乔布斯，比尔盖茨，高登摩尔等人事迹并能默写出标点符号英文名称，还是欢迎你的。
150619,3826,史峥,2022-02-05 06:27:19,0,0,0,内容很好，就是给分不行
187097,3826,史峥,2024-01-14 12:47:24,5,6,1,建议这门课名字改为《计算机基础提高》或者《Linux系统从入门到入土》，上完不知道和ICCAD沾了什么边。
187439,3826,史峥,2024-01-16 07:01:17,5,6,1,从不点名，上课不用去，期末背几十页复习笔记就够了，信电就是喜欢把应该在手册上的或者网上就有的大段大段的信息考闭卷，有什么用么，微控制器更甚
188417,3826,史峥,2024-01-19 03:07:23,1,2,1,纯纯脑瘫，建议改名屎峥😊
210134,3826,史峥,2025-01-08 08:15:15,1,2,1,慎选！慎选！慎选！\n\n三思！三思！三思！
213596,3826,史峥,2025-01-18 12:40:02,1,1,0,感觉有些考法有点偏激了，但是课程内容没有大问题，建议选前深思😦
213607,3826,史峥,2025-01-18 13:41:56,0,0,0,内容多，考试难，分求是，处处与学生为难
73719,3892,徐昊,2018-02-03 03:07:15,0,0,0,只能差评，始终认为他缺乏公正，时隔六个月后再回想军训时他的评分实在是心里觉得非常不舒服。军训时没有犯错，参加了队列式和合唱，稿子多交，最后只有3.3，反观那些高分的人，不过是和辅导员教官弄好了关系，偷懒的事也就睁一只眼闭一只眼。而那些默默无闻或者是缺乏些文艺细胞的人却因此理所当然的分被压了下去，虽然期末考过后用一学期的努力将绩点提到了4➕，但是军训时的努力和最后所得大学第一门课的成绩却让我很长时间都对浙大的体制产生了反感，甚至根本不想去徐辅导员在的的信电学院。
80760,3892,徐昊,2018-06-30 12:00:24,0,0,0,我就呵呵了
86038,3892,徐昊,2018-08-28 12:25:21,0,0,0,信电学院的辅导员，感觉中规中矩吧
114549,3892,徐昊,2019-07-10 14:45:51,0,0,0,来夸一下小胖子
93247,3944,刘而云,2019-01-08 10:56:33,3,5,2,点过一次名，上课还可以，虽然讲的有点无聊，最想不通的就是有时候宁愿让大家在教室干坐着也不提前下课一会？
100452,3944,刘而云,2019-01-26 06:52:28,3,4,1,讲课体验不好
100632,3944,刘而云,2019-01-26 12:52:34,1,2,1,老师上的好 但是个绩杀 感觉期末考多少总评给多少 今年dsp有点难 出考场的时候就知道自己炸了 所以最后3.3的绩点也不是很意外 自己掂量吧
115086,3944,刘而云,2019-07-15 09:56:53,0,1,1,谁来评价下他怎么样啊
116906,3944,刘而云,2019-09-17 06:38:57,4,4,0,作为一个年轻老师，上课太墨迹
126869,3944,刘而云,2020-10-26 03:11:38,4,4,0,讲得太烂了……
133235,3944,刘而云,2021-02-20 03:06:22,4,5,1,讲课磨叽，非常中规中矩，专业必修课感觉自学的程度更多一点，考试有点难，给分不太好的样子，还有刘老师最后一节课不知道说的哪个校长的三个问题，好像没听过，不知道你们有没有听说呀？
134419,3944,刘而云,2021-03-27 16:14:53,9,11,2,机器学习讲的也太烂了吧！
140485,3944,刘而云,2021-09-13 03:41:37,0,2,2,上课想睡
141712,3944,刘而云,2021-10-21 11:37:01,3,4,1,讲课极其无聊，给分也不行
167528,3944,刘而云,2023-01-17 04:34:24,0,1,1,不点名，实验做了就给满，最后给分比预期高一点
167532,3944,刘而云,2023-01-17 05:07:26,2,2,0,讲课不好，给分还行，综合来看我给4分
183935,3944,刘而云,2023-12-04 05:06:55,5,5,0,讲的太烂了
187172,3944,刘而云,2024-01-15 02:36:29,2,2,0,今年的卷子让人想死的心都有了
188407,3944,刘而云,2024-01-19 02:43:28,0,0,0,考试太离谱了，最后成绩也离谱
188410,3944,刘而云,2024-01-19 02:44:32,0,0,0,出分了，毁灭吧
188446,3944,刘而云,2024-01-19 04:22:35,1,2,1,上课体验不太好，基本看书自学，但是给分好，报名讲题可以加分
212006,3944,刘而云,2025-01-13 04:21:04,0,2,2,不点名，实验交了就满，今年考试比去年简单所以最后给分也挺不错的，当然如果要求高的话建议去报名讲题
212013,3944,刘而云,2025-01-13 04:31:21,1,1,0,讲课逆天，成绩更逆天
212306,3944,刘而云,2025-01-14 01:13:09,1,1,0,给分可能还行？但是讲课太差了，习题比较简单没法应付考试，助教每次习题都是“参见课件”，好像有一本本子交上去最后都不见了…总的来说体验感很一般
219086,3944,刘而云,2025-05-21 08:42:04,0,0,0,给分还可以
74765,3974,李英明,2018-03-05 23:58:34,1,1,0,酷酷的
77049,3974,李英明,2018-05-11 01:49:15,0,0,0,上课一般作业很多
91941,3974,李英明,2018-12-25 05:14:35,0,1,1,老师讲课可能不够熟练，但作业不水，比较负责，给分看考试了
97684,3974,李英明,2019-01-22 13:26:15,1,1,0,好老师，讲课有条理
138530,3974,李英明,2021-07-09 15:45:55,8,8,0,感觉老师人很好～但不得不说，相比之下，李老师讲课（AI）真的**缺乏经验**，很难让同学们听得进去，希望老师的课能越来越好。以下都是针对这门课而非老师的评论。\n\n\n\nAI这门课没有什么理论作业，基本就是7个lab。每个lab的设置都很合理，都能学到东西，这点很令人满意。但理论课就一言难尽，覆盖的知识点太多太杂了，很难深入介绍（所以建议如无必要，可以通过cs229等直接自学，没必要选这门课）。\n\n\n\n今年第一次改用中文教材和课件，考试也是中文的。考察的内容基本都在ppt上，比较简单，复习策略基本上是过一遍ppt就好了，可以顺便做一下历年卷（可能有一些考察范围的不同）。\n\n\n\n总的来说，这门课理论内容多而广，但考试简单，实验合理。
176853,3974,李英明,2023-06-30 11:37:56,3,3,0,升级版wjj
176856,3974,李英明,2023-06-30 11:47:13,1,1,0,好，主要是给分不错
191814,3974,李英明,2024-04-30 13:53:37,1,4,3,讲的一坨
197162,3974,李英明,2024-07-08 09:14:41,5,5,0,讲的烂给分也不咋好
221411,3974,李英明,2025-06-23 09:13:16,1,1,0,讲得烂给分不好，任务量也是不小。直接去补选yqq，就算超过容量也是一定能补选中的（根据这届经验）
221445,3974,李英明,2025-06-23 13:58:27,1,1,0,不懂平时分怎么给的，有点低
148270,4065,虞小鹏,2022-01-12 04:24:32,-2,2,4,给分超级好
184707,4065,虞小鹏,2023-12-22 09:13:01,-2,1,3,给分很好
195602,4065,虞小鹏,2024-06-29 03:35:29,6,7,1,坐标集成电路产业技术讲座课，每次课必签到，来了不加，不来扣分，关于两次作业和课程报告，完全不知道打分什么标准，之前学在浙大打分还行，之后说是复核，然后莫名被扣了很多分。课是真的水，不过考虑绩点的话，我只能说快逃……
195847,4065,虞小鹏,2024-06-30 09:40:20,-1,2,3,上了老师的两门课，都是90及以上...可能是运气比较好XD\n\n讲座课评分标准确实是比较模糊，私信问了下老师，讲座课评分似乎全是助教完成的，而且点名到最后并没有扣分（？？），最后老师只负责登分\n\n\n\n如果可以的话还是希望作业评分能仔细一点，不过毕竟是大水课，给了标准其实还是很抽象\n\n不过射频给分确实是好，因为是老师自己打的，估计底下的评论说的应该不是讲座课
195858,4065,虞小鹏,2024-06-30 10:48:51,2,3,1,讲座课评分标准确实是比较模糊，私信问了下老师，讲座课评分似乎全是陈一宁老师完成的，而且点名到最后并没有扣分（？？），最后老师只负责登分，所以评分低的话\n\n可能得去找陈老师对线（反正我是这么干的，但是陈老师半小时才回一次信息，只能说谔谔）\n\n\n\n如果可以的话还是希望作业评分能仔细一点，不过毕竟是大水课，给了标准其实还是很抽象\n\n不过射频给分确实是好，因为是老师自己打的，估计底下的评论说的应该不是讲座课
73908,4111,陈志坚,2018-02-03 13:42:51,0,0,0,硬件描述语言这门课，老师上课一直说考试很简单很简单，给的样题也特别简单，还是考试就和这差不多！结果考试特别难，虽然开卷但还是找不到。最后所有人绩点爆炸（看均绩就知道），希望大家慎选
162065,4131,尹文言,2022-11-16 11:43:03,10,13,3,蛮横无理，视学生为空气，眼里只有项目，可怕的资本家，除了捞钱一无是处。精神备受其折磨，已经轻度抑郁。
191584,4131,尹文言,2024-04-25 10:59:02,3,3,0,纯抽象。查老师的同学们可以移步至光电学院尹文言，那边评分多
192307,4131,尹文言,2024-05-14 13:00:43,3,3,0,只能说能逃的快逃，本科上过最垃圾最坐牢最没用的课，这课什么内容自己心里没点β数吗？无语...
213155,4131,尹文言,2025-01-16 06:56:55,1,1,0,纯纯的资本家，不管学生死活，眼里只有项目，为了项目出卖学生
96875,4133,车录锋,2019-01-21 11:23:37,4,9,5,信电导水课，上课听不懂只能看PPT，没什么作业，只有期末那个加法器，感觉课上学到的东西不多，分还没出，总之比较水……
121379,4133,车录锋,2019-12-16 13:31:04,-3,3,6,上课超好，超幽默
122696,4133,车录锋,2020-03-20 08:53:40,4,4,0,上课讲不清楚，有什么用？说一大堆，没重点
125459,4133,车录锋,2020-09-09 13:36:42,6,10,4,乱打分
130972,4133,车录锋,2021-01-25 12:30:39,-3,3,6,信电导上得挺不错，给分也很好
149415,4133,车录锋,2022-01-15 09:00:51,-5,3,8,123
155396,4133,车录锋,2022-06-12 06:50:29,1,3,2,春学期信电导。上课一般，每节课点名+最后五分钟当堂内容小测，小测有点难；作业整个教学组一样的。\n\n大作业即便做出做出2-3位加法器也可以了，不过很多人都做完了。最后给分还行，我们组1位加法器最后总分90。
158736,4133,车录锋,2022-07-01 16:14:08,2,5,3,课挺好，但给分比较迷幻，大程实现4bit，别的班一般给满，结果助教觉得排线乱，分给的比没完成大程的还少。幸好最后期末考的还行，总评提上来了。
181708,4133,车录锋,2023-10-29 11:10:24,6,9,3,为什么大学会有这样的老师，感觉完全没有条理，还不如自己看书
199017,4133,车录锋,2024-09-14 04:50:56,6,10,4,组里基本都是干杂活，深坑快跑~
199182,4133,车录锋,2024-09-18 23:48:02,5,7,2,难毕业
199381,4133,车录锋,2024-09-22 13:05:49,9,11,2,大一下上的信电导，非常好问老师问助教问题回复很敷衍，使我学会查找信息独立\n\n上课念PPT，不如自己看书，真的\n\n考试开卷可带书，蹭点名就润逃了一个秋学期的早八，期末考试很简单最后4.2，感觉平时分给的太抠搜了\n\n不如史治国老师（3.4和9.8的差距）
199577,4133,车录锋,2024-09-25 15:34:54,3,4,1,这评分，比老师给我的还低啊
203431,4133,车录锋,2024-11-19 13:50:41,2,2,0,千万别选
213780,4133,车录锋,2025-01-20 01:10:59,1,2,1,非常拉胯子
216940,4133,车录锋,2025-03-30 00:46:44,0,0,0,垃圾老师
219808,4133,车录锋,2025-06-07 01:14:35,0,0,0,想学东西的千万别选，他会教你怎么混日子
183710,4184,罗小华,2023-11-29 03:51:36,4,4,0,没有感情的念PPT机器
187419,4184,罗小华,2024-01-16 04:28:17,3,3,0,《结构体自己定义》你是懂增加学生负担的，考试前一天晚上专门说一句生怕我们把时间都花在复习考试要考的内容上是吧，真是幽默。
207905,4184,罗小华,2024-12-25 02:34:56,7,7,0,我来歌颂你。shb很好，以后不要再跟“它”了
213218,4184,罗小华,2025-01-16 11:23:22,-1,0,1,连考试范围都说不清楚。。。
71645,4365,张明,2018-01-28 23:32:56,8,10,2,老师是好老师，鼓励我们自己动手，虽然学的不咋地，但还是要给老师点赞!
71649,4365,张明,2018-01-28 23:48:24,3,4,1,老师超级好，讲课很细致，很有耐心，会把复杂的东西用很通俗易懂的方式讲解出来，通过老师的导论课真的学到了很多。平时认认真真学习，自己能学到不少，期末分数也会不错噢。
71651,4365,张明,2018-01-28 23:59:04,0,5,5,第一次在查老师上平^_^评论，正能量满满的老师，非常有激情，信电导论在知识上的确不能交给你什么具体的内容，但是可以为你拨云见雾，指明未来的方向。
77022,4365,张明,2018-04-28 14:39:27,0,4,4,给分相当不好
77729,4365,张明,2018-05-07 12:05:43,-1,2,3,一般，现在分还没出，出了再说吧
77777,4365,张明,2018-05-07 17:05:13,1,4,3,唉，老师讲课还行吧，爱吹流弊。。给分，不知道怎么说。。2.5飘过。。自己好好完成小组作业吧
91555,4365,张明,2018-12-13 06:20:20,1,3,2,上的跟思修似的
98205,4365,张明,2019-01-23 07:37:57,6,7,1,老师很棒呀，上课可能讲的稍微快了点，但导论课本事也不要求全部听懂。所有课后作业老师都很耐心地给了评语，新年还会在群里发祝福，小测没来还会给你补测，老师真的很平易近人，点赞！
101127,4365,张明,2019-01-27 15:09:04,0,2,2,给分确实不好 但上课很有激情
103754,4365,张明,2019-03-05 04:48:10,-34,7,41,这老师是猪吧！啥都不教还让我们自己用matlab做很多复杂的作业，有病吧！太垃圾了！还爱装逼！
104815,4365,张明,2019-03-28 07:17:36,0,0,0,还行吧
104834,4365,张明,2019-04-19 14:35:53,0,1,1,还是教了很多道理的
105458,4365,张明,2019-04-14 11:45:40,2,2,0,感觉挺好
106503,4365,张明,2019-04-28 02:52:04,0,1,1,这个绩点 我飘了
106509,4365,张明,2019-04-28 03:17:30,0,1,1,吹爆张老师 给分好又胸怀天下 浙大如此有情怀的老师不多了！！
106511,4365,张明,2019-04-28 03:23:05,2,2,0,很有思想，视野开阔，没那么功利，关键是，给分超级好的啊啊啊啊啊啊啊
106524,4365,张明,2019-04-28 03:59:24,2,2,0,小测跟shi一样的我都被救上来了，啊hahaha
106526,4365,张明,2019-04-28 04:01:55,2,3,1,大学第一门满绩，真的花了超多时间啊啊啊
106677,4365,张明,2019-04-29 02:26:27,2,2,0,这个老师我爱了!!!吹爆张老师!
107489,4365,张明,2019-05-06 01:11:19,0,0,0,老师挺好的，但是作业刚开始可能会不适应，得花时间才能做好
131613,4365,张明,2021-01-28 07:16:41,2,2,0,信电导论，外专业选修，感觉很不错\n\n虽然上课基本听不懂（但是考试作业看课本也基本能会），但老师真的富有家国情怀，强推\n\n最后4.5
131681,4365,张明,2021-01-28 11:48:01,1,1,0,老师很乐意与学生交流，鼓励学生自己动手。上课有激情，给分情况不清楚。我4.5，91，感觉还可以，能再多一分就好了。
135198,4365,张明,2021-05-06 01:19:21,10,10,0,好老师！有水平。我是其他专业的，选这门课当个性。这门课对大一来说难度挺大的，涵盖了从电路原理到人工智能所有的电子信息类学科内容。但都是入门级别，非常适合电气信息类低年级本科生对本专业的初步了解。我觉得每一个工科专业都应该开一个这样的导论课（我大二第一次接触数电模电的时候真的很吃力，如果能有一个这样的课，可能会好很多）。每一个参加本课程的同学，最早大一就有机会接触面包板和三极管等实物器件，做一些入门级别的动手实践，培养基本的实验素养。这对于很多其他专业来说是很奢侈的
135297,4365,张明,2021-05-07 16:48:45,2,2,0,超级好的老师！讲课有水平，上课有情怀，小测作业课程设计都不算难，需要一定时间完成，对于外专业选修很友好了！期末考崩小测炸裂总评还有90+，给分也很不错的！
152864,4365,张明,2022-04-21 03:01:32,2,2,0,信电导内容杂而不精（可能导论课都是这样），最后的4bit加法器的面包板也很搞人心态，但确实挺有意思的。寝室均绩4.86，给分确实好。
153514,4365,张明,2022-05-03 09:41:36,0,0,0,老师超级好，虽然要求有时比较严格，但是是真心希望我们能学到东西。最后面包板验收的时候也耐心地在实验室等我们组，还特意走开让我们不要紧张慢慢调试。验收完还鼓励了我们呜呜呜
202996,4369,竺红卫,2024-11-15 17:35:17,3,3,0,这学期这门课只有五个人，水确实比较水，感觉实际上就是把计院的操作系统课搬过来了，最后完成一个大作业（如果使用例程的话工作量很低），但是感觉给分也不算好🥺，但是也不算低。
74965,4467,丁扣宝,2018-03-07 01:11:20,-4,4,8,班主任，人耿直
75185,4467,丁扣宝,2018-03-12 10:09:32,0,7,7,丁老师非常好～平时作业很少，就期末一个project，时间也放的很宽松，只要认真做作业了，及时交，考试前看看书把讲过的搞懂，记一下公式，成绩不会差的
75705,4467,丁扣宝,2018-03-15 08:40:35,-3,5,8,老师人特别好，课也不难，留作业有一点集中，但是不多，极力推荐同学们选他
87412,4467,丁扣宝,2018-09-28 12:10:03,22,24,2,这老师就会念ppt
90824,4467,丁扣宝,2018-11-26 10:18:50,18,21,3,老师课上的很好，虽然有时候略显枯燥，但认真听还是有收获的。最后考试题也还行，给分好!（ps:这里diss下zltdl，卖弱实锤）
90853,4467,丁扣宝,2018-11-26 15:05:45,1,3,2,基本靠自学，但是问问题会认真的回答，考题还行，给分很不错～
90886,4467,丁扣宝,2018-11-27 05:29:12,12,13,1,zltdl卖弱实锤了
91314,4467,丁扣宝,2018-12-05 12:45:22,0,0,0,good
119786,4467,丁扣宝,2019-11-16 00:06:58,0,1,1,老师人超级温和，很理解学生。上课内容讲解细致，也能把握好难度。绝好的老师很棒的课！\n\n
190967,4467,丁扣宝,2024-03-26 04:28:04,4,4,0,逆天老登 在其位不谋其政的出生东西 毕设中期对学生去外校复试一点不了解 打电话问它它就纯纯放屁说什么“那你可以不参加啊” 信电越来越没有人文关怀就是这帮老而不死是为贼的傻卵整出来的。
191039,4467,丁扣宝,2024-03-29 09:29:39,2,2,0,楼上说的对 老而不死是为贼的东西
191274,4467,丁扣宝,2024-04-16 10:07:58,1,1,0,皓首匹夫苍髯老贼
200726,4467,丁扣宝,2024-10-21 11:16:52,0,0,0,傻犬
79894,4504,张帆,2018-06-15 02:52:56,2,4,2,上课很无聊，话说的很瞌绊
85471,4504,张帆,2018-07-18 07:13:09,2,4,2,老师的网络安全大赞啊 给分超级棒 上课虽然有点无聊估计是因为刚开始上课吧 希望以后会更好
103491,4504,张帆,2019-02-28 12:32:48,1,1,0,。。。
108891,4504,张帆,2019-06-03 17:13:10,0,0,0,计组是他吗
113695,4504,张帆,2019-07-07 04:10:01,3,3,0,老师人好，但上课真的没啥意思..给分也不好
113711,4504,张帆,2019-07-07 05:27:08,0,0,0,我觉得还可以，网络与通信安全挺简单的
126384,4504,张帆,2020-09-24 13:27:09,-6,7,13,老师人很好，待人和善，讲课认真负责，尤其是如果想之后和老师一起做科研的话，可以考虑，现在老师去到妓院网安那边了，老师会很负责的关心你的学业、科研内容，顶！
126854,4504,张帆,2020-10-25 05:19:44,0,2,2,真的很好
134326,4504,张帆,2021-03-24 01:46:17,0,1,1,我吹爆张老师！
151142,4504,张帆,2022-02-23 11:36:08,1,1,0,密码学的张帆是这个老师，大家不要搞错了
151784,4504,张帆,2022-03-15 15:19:01,2,2,0,老师真的想讲好课，chjj好棒
157929,4504,张帆,2022-06-25 15:49:19,1,3,2,密码学快跑
197390,4504,张帆,2024-07-12 08:38:41,1,1,0,硬件安全推荐。\n\n信安大三选修课里面不错的选择。与多媒体安全相比课业负担小得多。
215476,4504,张帆,2025-02-26 13:54:04,2,3,1,如果想选为导师，强烈建议提前在98上了解了解再做决定
71369,4575,王维维,2018-01-28 11:01:22,0,0,0,呵呵呵
74771,4575,王维维,2018-03-06 00:48:33,0,0,0,评分测试评论，本条五分\n\n
84731,4575,王维维,2018-07-13 16:05:20,0,0,0,超恶心，老师给分超级求是，AI考试全班第二，平时成绩全班最高还是没能满绩，94分就是不肯调。其他考的不好的同学就很同情他们。不想这么求是的分数还是去另一个班吧。诶。
85032,4575,王维维,2018-07-15 04:58:35,0,0,0,恶心，成绩给的极为苛刻
220135,4660,钟蓉戎,2025-06-15 10:01:53,1,1,0,真无语。。。形策这种水课还卡绩。。。
75203,4710,叶德信,2018-03-08 03:03:07,2,6,4,第一次上老师的课，超棒！
76936,4710,叶德信,2018-04-26 06:21:35,4,8,4,给老师打call !! 上课超有趣  还会在课上展示理由数学技巧的江湖神术（骗）！ 讲得也很好  比自学的效率高很多！
76963,4710,叶德信,2018-04-26 15:09:32,2,6,4,为人赢打call
79896,4710,叶德信,2018-06-15 03:09:31,3,7,4,年轻，有激情，负责任。很注意课堂氛围调节
81419,4710,叶德信,2018-07-05 04:43:14,7,11,4,思路清晰有理有据，还可以额外学点算命的技巧
83073,4710,叶德信,2018-07-09 15:16:16,0,5,5,超好的老师\n\n
84145,4710,叶德信,2018-07-12 06:27:48,1,6,5,超棒不解释
84509,4710,叶德信,2018-07-13 04:27:30,7,18,11,之前一直夸个不停\n\n后来出分后，大家都是\n\n虽然……但谢谢老师\n\n给分真的太可怕了，平时作业都交，上课都到，真想不到您能找出什么错，期末考试很简单，再怎么随便考也不会才六七十分吧，但结果就是3.3，还被卡绩点，大概是真调分了的吧(往低调的吧
85195,4710,叶德信,2018-07-16 04:11:50,1,6,5,emmm一点也不好
85250,4710,叶德信,2018-07-16 13:48:56,3,6,3,和李宇波老师一起教数电 呜呜呜感人\n\n真棒 虽然老师从来看不出我的bug ，但是还是很可爱的\n\n
92031,4710,叶德信,2018-12-25 13:21:46,1,2,1,课上得超好..分数没预想的高
114946,4710,叶德信,2019-07-13 01:57:48,1,2,1,好好好！\n\n
138916,4710,叶德信,2021-07-11 17:52:33,15,19,4,宝藏老师，上课超有激情超级吸引人，你能睡着算我输！\n\n期末考前骗他15分里只能拿4分，他真信了hhh，就是这么可爱。\n\n另外怎么这么多吐槽老师评分的呢……也许数电教改前有所不同？\n\n今年的情况是：班里一半同学90分以上，剩下的一半80-89分，1位同学从不上课显然挂科。
155126,4710,叶德信,2022-06-08 13:47:43,0,3,3,作业太多
172181,4710,叶德信,2023-04-21 07:54:09,5,7,2,上课风格还可以，不会无聊的。但是老师自己的数电基础就不是很扎实
174616,4710,叶德信,2023-06-14 14:31:04,3,4,1,IT垃圾课
196667,4710,叶德信,2024-07-04 18:15:15,3,3,0,给分真好啊
208089,4710,叶德信,2024-12-25 13:59:36,2,2,0,讲课有趣给分特好！
108908,4716,赵梦恋,2019-06-04 04:04:35,1,2,1,之前是电院老师
145920,4716,赵梦恋,2022-01-04 10:52:31,0,2,2,上的是模拟集成电路设计，赵梦恋老师的课容易困，因为感觉老师的语速比较慢，有点催眠哈哈哈哈\n\n但是认真听课的话会发现赵梦恋老师讲课的逻辑真的非常清晰，真心希望大家好好听课，好好预习。
148708,4716,赵梦恋,2022-01-13 09:17:57,0,1,1,梦恋老师yyds!人很可爱，上课也特别好（是我很少能听懂的那种），作业题难度也适中，考试给分也好！！！
166008,4716,赵梦恋,2023-01-10 17:03:08,1,2,1,zml老师的课是大三听的最认真的专业课了，其实部分原因是由于按照Razavi书的思路去讲课，课程本身就非常有条理，上完课后有一种彻底学透之前模电的感觉，而且还更加深入，老师很平易近人，讲课的方式和口吻感觉很舒适很契合我的习惯吧~考前来积点好运，希望能有一个好成绩
170152,4716,赵梦恋,2023-03-01 14:44:15,1,4,3,赵老师人还是很好的，刚开始听可能觉得不适应，因为PPT内容有点多，但是老师讲课的思路还是很清晰的，建议上课前先看看课件今天要学习什么内容，这样上课的时候跟着老师的思路会发现讲的很通彻
212955,4716,赵梦恋,2025-01-15 10:32:04,5,5,0,选她！选她！
213023,4716,赵梦恋,2025-01-15 15:51:46,2,3,1,赵老师使用有形的大手打捞起了我的分数，选她！
213036,4716,赵梦恋,2025-01-15 23:40:55,1,1,0,感觉上课讲的还是比较基础的～
213594,4716,赵梦恋,2025-01-18 12:37:14,2,2,0,从不点名，考核简单，给分不错，主要靠自己多看书，好老师
104907,4743,朱晓雷,2019-03-30 12:17:17,0,0,0,非常好
108890,4743,朱晓雷,2019-06-03 17:06:50,0,0,0,数字集成电路是他嘛？
130370,4743,朱晓雷,2021-01-21 12:27:14,0,0,0,老师很好，数集这门课很烂
130740,4743,朱晓雷,2021-01-24 12:10:14,0,1,1,我燎了个鸡的没公式这敲了个猴子
133238,4743,朱晓雷,2021-02-20 03:21:14,0,1,1,老师手拿激光笔就讲的比较好，在讲桌前手摇鼠标低着头讲体验就很差，这门课虽然说也有个数电的思想和逻辑，但是知识点还是太琐碎了，像背书课，50%考试，50%平时作业，但最后成绩也一般
155511,4743,朱晓雷,2022-06-14 00:36:11,0,0,0,声音很轻，还不喜欢用麦克风，坐后排完全听不到
158328,4743,朱晓雷,2022-06-28 10:58:54,0,0,0,被绩杀了……
158355,4743,朱晓雷,2022-06-28 15:55:15,0,0,0,全英文ppt，期末复习压力很大，最后分数也很差，想水水学分的话建议选别的课
217055,4743,朱晓雷,2025-04-01 03:35:45,6,6,0,那我问你，你为什么不下课，居然可以连着三节课站着念ppt
221580,4743,朱晓雷,2025-06-27 02:50:43,0,0,0,数字集成电路设计❤️​ 我们真的 ​超爱der​！🙌\n\n💖朱晓雷｜💖潘赟｜💖赵梦恋（乱入但可爱版）\n\n\n\n​数字集成电路设计❤️​ 心动暴击！💘\n\n🔥 CMOS｜🔥 BIST｜🔥 PUN（懂的人都懂！）\n\n\n\n​数字集成电路设计❤️​ 直接锁死好吗！🔒\n\n⏱️ 锁存器｜⏱️ 触发器｜💾 寄存器（稳稳的幸福～）\n\n\n\n​数字集成电路设计❤️​ 代码也浪漫！💻\n\n📝 Verilog｜📝 VHDL｜💫 仿真（跑起来超解压✨）\n\n\n\n​数字集成电路设计❤️​ 卷到上头💪！\n\n🔧 综合｜✏️ 布局布线｜⏰ 时序分析（肝就完事了！）\n\n\n\n​数字集成电路设计❤️​ 终极梦想机🌟！\n\n🔷 FPGA｜🔶 ASIC｜⚡低功耗（省电又飒爽 yyds！）
75196,4798,赵志峰,2018-03-08 02:40:02,1,1,0,第一节课 秒粉
93352,4828,沈海斌,2019-01-09 06:14:38,3,5,2,考试周前留大作业的老师，不用我多说了⑧
102089,4828,沈海斌,2019-01-30 11:18:29,5,6,1,老师上课就是念ppt，期末占比还很大，最后还是绩杀，课又水。期末考了才开始布置大作业。
116697,4828,沈海斌,2019-09-13 11:48:07,1,2,1,666
120117,4828,沈海斌,2019-11-17 13:58:25,12,15,3,糟透了。上课天书也算了。展示疯狂挑刺，挑的刺很多感觉毫无意义，还美其名曰“让你们感觉做项目的过程”学期大作业要开题，代码编写，预提交，最终。。。等等展示环节。心塞
120389,4828,沈海斌,2019-12-03 01:00:04,6,7,1,呵呵 自己在睡觉
125865,4828,沈海斌,2020-09-15 04:12:57,15,19,4,完美，必须满分，虽然我又挂了
126314,4828,沈海斌,2020-09-22 08:44:29,5,8,3,老师很好，很负责，就是讲什么听不懂，考什么都不会
126588,4828,沈海斌,2020-10-05 01:56:04,-14,0,14,好好好
126984,4828,沈海斌,2020-11-01 13:11:26,13,13,0,关于大作业提交时间说会考虑大家意见，但是在超过一半人投票，90%多的人投需要推迟的情况下，非要嘴硬说投票有诱导性，不能反映整体情况。服了，既然本就不打算延迟，就别搁这假惺惺的说要考虑大家意见好吗？浪费大家感情
126995,4828,沈海斌,2020-11-02 03:30:54,6,7,1,老师说要参考每个人的意见，我们选择投票，他说不行，有引导性；那我们好几个同学详细说明了情况，又要说这只代表你个人情况，合着正反面您都说了那我们还说什么呢？别跟我说每个人都得详细说明延迟的原因，这个引导性不比匿名投票强多了？
128745,4828,沈海斌,2020-12-25 06:36:11,7,10,3,傻逼才选他的课
141667,4828,沈海斌,2021-10-19 09:54:37,1,1,0,傻逼才选这课
141897,4828,沈海斌,2021-10-30 14:58:34,5,5,0,只能说飞儿yyds 😅
141959,4828,沈海斌,2021-11-02 04:16:56,2,2,0,飞儿，我好喜欢你啊，飞儿，没有你我该怎么活啊……\n\n“我上课说得很清楚了啊”“主题就是表盘啊，主题你们听不懂吗”“同学们都用过手表吗，我还特意买了一个”“我只是提出建议啊，不是反对你们啊”\n\n别选他的课，会变得不幸
141960,4828,沈海斌,2021-11-02 04:24:14,1,1,0,撒红包，你们什么时候收？
141965,4828,沈海斌,2021-11-02 07:47:13,2,2,0,语文有问题，不会使用标点符号，快逃
141967,4828,沈海斌,2021-11-02 08:22:17,1,1,0,狗都不选他的课
141980,4828,沈海斌,2021-11-03 01:48:10,1,1,0,莫名其妙
141983,4828,沈海斌,2021-11-03 03:09:41,7,8,1,从七宗罪那儿来的，打卡
143044,4828,沈海斌,2021-11-18 10:59:36,8,9,1,硬件描述语言，感谢飞儿老师让我第一次获得挂科。
143581,4828,沈海斌,2021-11-27 17:55:24,8,8,0,我们至今仍未知道老师口中的算法是什么
143646,4828,沈海斌,2021-11-30 02:19:54,-11,0,11,飞儿老师yyds
149926,4828,沈海斌,2022-01-18 00:18:37,7,7,0,一学期两门他的课，都喜提最低分
150111,4828,沈海斌,2022-01-19 06:53:02,5,5,0,😅😅😅
150618,4828,沈海斌,2022-02-05 06:26:06,1,1,0,就这样吧
159781,4828,沈海斌,2022-08-29 14:56:59,3,3,0,原来不止我一个人听不懂。。。放心了
161808,4828,沈海斌,2022-11-14 00:09:05,-3,5,8,2022年给分巨好，我超人
170028,4828,沈海斌,2023-03-01 05:17:05,-37,4,41,这学期上了两门飞儿老师的课，必修的微控制器和选修的硬件描述语言，感觉实际上这里对老师的评价有些片面，所以特地跑来给老师一个好评。\n\n实际上本学期也能发现老师对课程有很大的改善，耐心解答问题，十分体谅我们的情况，甚至最后的project还延期了两个月提交，并不完全向之前学长描述的那样。两门课都是软硬结合的课程，首先要明确的一点是任务量是不少的，但实际上想要拿到很好的分数，只需要保质保量地完成老师的任务就好了，最后的结果也是让人满意的。仔细品味沈老师的课件，发现其中的内容还是非常有条理的，自学的资料也非常全面，完全就是看自己想不想要去认真的对待，而且感觉两门课老师的前期、中期、后期的项目管理方法也比较合理和实际，上下来课就会有从头到尾走完设计流程的感受，这一点还是和计院的模式很接近的。总体来说还是非常推荐这两门课的，能够充分的学到知识，锻炼动手能力。
170030,4828,沈海斌,2023-03-01 05:25:50,-9,1,10,老师上课有点云里雾里，但是实验课时的点评让我第一次对硬件学习的细节探究有迹可循。沈老师其实挺好的，也听学生意见，最后的分也打得很好！学弟学妹如果听不下去课，可以好好做一下大作业，结合老师的指导收获也挺大的
180828,4828,沈海斌,2023-09-27 03:56:55,2,2,0,上课极其混乱，内容布置不清。课程设置不合理，偏偏这人的课还是必修。
182070,4828,沈海斌,2023-11-09 11:57:53,29,30,1,怎么说呢，也不能说ppt完全没用，也不能说对学生态度真的很差，也不能说课上没讲有用的东西。\n\n但就是效果差得离谱，你甚至不知道是不是自己不够天才，反正就是一种单纯的，纯粹的，体验很差，那种写大作业就会很想死的那种感觉。那种上课确实什么都听不懂的感觉，然后你会觉得这段评价也是胡言乱语，那就对了，我上课也是这种体验1111
182757,4828,沈海斌,2023-11-20 06:06:32,18,18,0,水平很差，一人之力拉低微电子的培养方案水平
183687,4828,沈海斌,2023-11-28 13:44:34,12,12,0,微电子两门课，硬描和微控制器，如果要求绩点，硬描能别选尽量别选，事多（大项目）且给分巨差。老师对学生的帮助非常少，与他交流常常不知道他在哪一个频道，大项目要求的很多知识与他的课程脱节，PPT常常不知道在讲什么东西，常常有“写的都是汉字但读起来理解不了意思”的情况存在，学流水线架构的时候几乎全部自学成才，PPT几乎没有帮助，且我不理解为什么一门名叫“硬件描述语言”的课要学并且大项目要要求这些计算机组成的知识。最令人感到不满的是给分，看到绩点时虎躯一震，气不打一处来，肝一个多星期的大项目连80分都不配吗？
183707,4828,沈海斌,2023-11-29 03:28:34,10,10,0,如前面同学所说，如果对成绩有要求千万不要选择硬件描述语言这个选修课。平时上课水平很差，我基本上没有从他的课堂上学到什么东西，ppt上还经常有误导性内容，徒增工作量。我自认为大作业都做的很好，尤其是最后的流水线处理器，所有要求都满足了，架构也是很好的，但是最后成绩却让人非常寒心。至于微控制器，我只能说另一位一起上课的罗老师上课比他信息密度大多了，也确实能听到东西，至于他本人我就不再评价。
183740,4828,沈海斌,2023-11-29 11:53:23,0,4,4,首先，沈海斌老师没有之前设想的那么刁难人，至少还是很友善的，也很感谢老师在周末也会回答我做大作业时的问题。\n\n然后真是不吐不快，友善归友善，这去找老师问问题真的是我问我的，他说他的。大作业对于我这样成绩不算突出但也很想做好的学生，个人感觉有些折磨。老师确实给出了非常详尽的资料和例子，但我感觉仅靠上课时过一遍很难把握住用法，以至于我在做大作业时做着做着才发现原来这里还有一个说明的PDF。\n\n感觉前面评论说的有道理，不能说课程上的完全没用，但用处确实不大。98上有一个MIT的课程项目例子，内容很像大作业，那个不讲的比沈老师的要清楚多了。
183844,4828,沈海斌,2023-12-01 04:11:41,10,10,0,飞儿老师的PPT上的要求总会让我产生一种想去重新读一遍小学以提升自己阅读理解的冲动，果然身为凡人是无法揣测神的深意的
184031,4828,沈海斌,2023-12-06 15:43:05,13,13,0,如果想了解克苏鲁式的上课风格，可以看一下shb老师微控制器的智云回放，尤其是开题答辩跟中期考核两节课
185148,4828,沈海斌,2023-12-26 16:39:14,11,11,0,为什么还有2.05分？
186203,4828,沈海斌,2024-01-09 10:46:40,14,14,0,教学内容落后，教学方式腐朽，教师水平极低，已经不是用“垃圾”能够形容的了
186836,4828,沈海斌,2024-01-13 08:20:51,21,21,0,为什么你的课是必修？
187420,4828,沈海斌,2024-01-16 04:51:11,12,12,0,很喜欢shb老师的一句话，“这些要求我ppt里都写了啊”。你自己看看你那个ppt里写的是人话吗？
187421,4828,沈海斌,2024-01-16 04:47:36,29,30,1,隔壁马里奥能与希特勒、墨索里尼共处一室而独享两颗子弹，但如果加上飞儿，我愿意分他一颗
188414,4828,沈海斌,2024-01-19 02:53:17,15,15,0,著名军事评论家美国五星上将麦克阿瑟将军曾说：如果上帝让我去理解shb的要求，那我宁可拿枪指着上帝
189672,4828,沈海斌,2024-01-26 14:18:34,2,2,0,烂完了
189807,4828,沈海斌,2024-01-29 15:58:25,9,9,0,刚刚上完神的硬描和微控，起初还觉得前辈们的言论有点太夸张了，现在看来前辈们对shb的评价还是有点保守了（泪崩
193100,4828,沈海斌,2024-06-03 11:55:46,2,2,0,神\n\n怒给1.0
199390,4828,沈海斌,2024-09-23 00:25:11,5,5,0,为什么默认学生能够使用汇编呢……
201597,4828,沈海斌,2024-11-04 15:40:12,8,8,0,半夜看课程大作业的要求看的头昏脑胀，字数多、颜色多、要求多、页数多，这看的哪里有内容啊，整个pdf都在写着“吃人”两个大字
201764,4828,沈海斌,2024-11-06 04:15:06,1,1,0,收敛于1
201928,4828,沈海斌,2024-11-07 12:21:47,4,4,0,请不要再教课了，他教的所有课都不要选！！
204367,4828,沈海斌,2024-11-25 12:39:09,1,1,0,克苏鲁对你都算好评
206626,4828,沈海斌,2024-12-16 18:20:14,7,7,0,微控制器退出必修，是你对信电本科教学至今的最大贡献了……
211080,4828,沈海斌,2025-01-10 14:08:01,3,3,0,shb你睡得着吗，反正我睡不着
219913,4828,沈海斌,2025-06-11 03:05:07,1,1,0,shb -> sb!!!!
90633,4838,丁勇,2018-11-24 15:35:57,4,4,0,我真的觉得老师讲得很好，而且比较有趣，把机器学习领域的几个方法讲解的很清楚，在课程中还穿插了几个讲座，为了使这门课与时代接轨。大作业还是有很多收获的，最后一节课一定要好好听，考试也不是很难。最后的绩点真的出乎我的意料，很满意。
119889,4838,丁勇,2019-11-16 17:14:44,2,2,0,事情少，分数好（4.5我满足了，既然我已经保不上研了，我只有出国一条选择，上4都是满hhh）
136523,4838,丁勇,2021-06-20 05:34:27,4,4,0,老师给分真的超级好，当时我觉得自己的成绩一定不会很好（因为上课一直在划水），但最后老师给分真的好到让人想不到。
201840,4838,丁勇,2024-11-07 01:38:46,-2,0,2,上课喜欢突击点名，缺一次总评5分就没了
202011,4838,丁勇,2024-11-08 07:06:57,1,1,0,给分很好的一门课，事情也很少，只要上课按时到，展示正常进行，就能得到不错的分数
154539,4873,陈宏,2022-06-02 05:35:27,3,3,0,垃圾中的垃圾
154540,4873,陈宏,2022-06-02 05:38:14,2,2,0,讲解实验不知所云、逻辑混乱，对待学生傲慢刻薄，自以为是又要求巨多
173843,4873,陈宏,2023-06-03 13:20:46,0,0,0,真是垃圾
178715,4873,陈宏,2023-07-19 09:42:57,0,0,0,真是拉几
85533,5066,李东晓,2018-07-19 03:41:44,4,6,2,数字图像处理给分贼高
86720,5066,李东晓,2018-09-18 06:10:55,-1,0,1,上面那位是传媒学院的李老师，我在信电李老师这边占个坑，大家来这边评论
100643,5066,李东晓,2019-01-26 13:07:16,-1,0,1,盘他！
108672,5066,李东晓,2019-05-31 00:53:33,0,1,1,一般般
132992,5066,李东晓,2021-02-06 03:02:29,2,2,0,算法上课中规中矩，要刷四道力扣题，最后三次课每个人讲一道题，考试如果他出卷子会比较难，题目的灵活性和算法应用比较多，如果两个老师一起开课的话应该比张宏纲好点
133236,5066,李东晓,2021-02-20 03:11:27,0,2,2,李东晓上课挺认真的，因为这门课就是讲算法，所以比较无聊，但是老师讲的还是蛮清楚的，最后三次课是每个人讲一道LeetCode算法题，考试如果李东晓出卷子的话会难很多，他会找LeetCode上难题改改当考试题，多刷题目可能有用，一纸开卷最后可能用不到抄的纸
149473,5066,李东晓,2022-01-15 13:33:06,0,0,0,每节课点名，作业略多；感觉老师人还是挺好的
158147,5066,李东晓,2022-06-27 07:56:19,1,1,0,数图给分个人感觉还行\n\n东西杂而多，复习时候需要好好抄纸
167603,5066,李东晓,2023-01-17 14:49:44,2,2,0,讲课一般，给分超好
168018,5066,李东晓,2023-01-22 16:20:52,0,1,1,给分好，远超预期
189384,5066,李东晓,2024-01-23 15:05:46,1,1,0,给分很好 东晓哥nb
189385,5066,李东晓,2024-01-23 15:18:09,1,1,0,事少给分好，无敌
189481,5066,李东晓,2024-01-24 19:55:14,0,0,0,My god
195852,5066,李东晓,2024-06-30 10:23:02,0,1,1,老师呆萌呆萌的，学识渊博，对学生很好很有耐心，给分很好
213489,5066,李东晓,2025-01-18 00:36:40,0,0,0,人好给分也好，算法课的任务量应该也是最少的
213492,5066,李东晓,2025-01-18 00:48:46,2,2,0,慎选，秋冬考试难度可能爆炸，没刷过力扣选春夏或者其他选修课
213509,5066,李东晓,2025-01-18 02:54:18,0,0,0,终于知道为啥考试这么难全是好评了，给分是真的好
213512,5066,李东晓,2025-01-18 03:01:31,2,2,0,考试今年是有点难，不过选择基本全是历年卷原题，给分真好，事情真少
221182,5066,李东晓,2025-06-21 23:07:41,0,0,0,豪人，算法课给分逆天的高
72767,5115,张睿,2018-01-31 05:11:34,4,5,1,给分很好！给分很好！给分很好！
72838,5115,张睿,2018-01-31 07:29:20,2,3,1,虽然每节课都不是听得懂但感觉老师还是在认真准备
73215,5115,张睿,2018-02-01 07:31:26,1,2,1,很认真的老师
73260,5115,张睿,2018-02-01 08:50:04,10,11,1,老师认真准备，水平够高。学校安排不科学。
73654,5115,张睿,2018-02-02 09:28:19,4,5,1,给分吼啊
74747,5115,张睿,2018-03-05 11:47:14,1,2,1,教学内容有一部分超出了他的知识范畴，不过他还是很努力去学并把我们教懂，最后，给分吼啊！
91822,5115,张睿,2018-12-21 08:14:16,0,0,0,人工智能快死了
92822,5115,张睿,2019-01-04 15:52:34,0,0,0,加法器要死了
96584,5115,张睿,2019-01-21 06:58:09,0,0,0,老师给分真滴好好！
96600,5115,张睿,2019-01-21 07:22:03,3,3,0,老师备课真的超级认真，然后对同学们也是采取商量的方式进行交流，超级喜欢老师。只要认真完成作业，最后的分超级棒的。给老师打call
96625,5115,张睿,2019-01-21 08:09:06,0,0,0,老师讲的很有趣，人超好(✪▽✪)，超可爱，给分棒！
96900,5115,张睿,2019-01-21 12:05:19,3,4,1,老师人很好，讲得好，给分也好。统一的加法器大作业太恶心，但这个不怪老师。平时作业都好好做，大作业实现了功能，最后满了。
100837,5115,张睿,2019-01-27 02:09:55,1,1,0,很认真的老师，给分也很好
102413,5115,张睿,2019-02-01 15:40:45,7,7,0,给分不错，人比较合善。但是信电导论这门课真的想吐槽，感觉课上并没有学到什么东西，最后的那个大作业到微微还有点味道，不过做的有点辛苦。
102983,5115,张睿,2019-02-25 08:02:23,0,0,0,好老师～给分超级棒
103608,5115,张睿,2019-07-12 08:36:23,7,8,1,微电子器件这学期给分是挺好的，但是评分标准变化的比较多
133078,5115,张睿,2021-02-07 14:00:57,3,3,0,微电子器件，上的还行，给分不错，事情不多
145785,5115,张睿,2022-01-02 07:11:12,-1,2,3,新增填空题之后太恶心了，抄书抄到手抽筋
148665,5115,张睿,2022-01-13 07:00:51,1,2,1,给分好
190276,5115,张睿,2024-02-27 03:54:43,1,1,0,微电子器件给分很好，这一届课程考试很简单，老师很温和，课也讲的很好，学生可以比较好地全面掌握知识
206568,5115,张睿,2024-12-16 07:06:30,12,12,0,这一届不推荐选，主要是课程大作业的设置。要求在期末2周时间内搭建SRAM并测试mosfet的vd-id vg-id C-V曲线和SRAM特性，其中要求信号发生器等用Labview控制。一、时间紧张，同学们基本得从玉泉自行预约时间前往萧山测试，还是在期末这段紧张的时间，zr老师自己也说得去个两三天，加上培训时间极大地增加了期末的紧张程度。二、大作业要求不明确，一切靠学生与助教自己摸索。老师指派学生去收集全班的嘉立创版图并拼接一个大版，并要求每个组的小板尺寸限制在很小的范围内，还要求引出排针自己连接杜邦线成为SRAM，无疑增大了焊接与测试难度，然而其实可以每个组自行打版（用嘉立创的免费额度）。其次，zr要求学生运用探针台测试mosfet等器件性能，然而培训时学长自己也绷不住了，因为前面所叙述的焊接排针为探针的使用增添了不必要的麻烦，感觉像是为了用探针台而用探针台。其次是Labview的使用，学长坦言自己花了一个月的时间才编写好整一个代码流程，如果学生采用官网的例程，也仅仅只是替代了手调信号发生器的动作，没有任何意义。但这里需要指出labview的使用确实可以简化C-V曲线绘制，因为起到了一个扫频仪的作用，但学习成本嘛，呵呵。三、实验室条件简陋。这里的简陋不是指器材的简陋，器材其实价值很昂贵，而是指整个实验室没有一张凳子椅子，除了探针台所有的仪器都在一个可移动的箱子中，学生要么席地而坐要么站着操作仪器。综上，基于此大作业的要求与现状不推荐下一届选择，英文班没有大作业不香嘛。
212785,5115,张睿,2025-01-15 02:12:39,4,4,0,这一届非常不推荐选，野生大作业，第一次小测非常难，最后给分也不好，快逃
212808,5115,张睿,2025-01-15 03:13:48,-4,1,5,首先，按照时间排序的话应该能看到楼下有关于大作业的避雷，楼下说的一字不假，我们组有好几天在萧山弄到晚上10点还要打车回玉泉，大作业最难的地方在于焊接和组装sram结构，焊接这个感觉没什么窍门，但是组装sram结构可以参考书后面的原理图，同时csdn上也有很多资料供参考。这里有一个小建议：组装sram时先分别组装好两个反相器，分别测试反相器功能正不正常，正常后再把两个反相器连起来，这样子思路会清晰很多\n\n以上是关于大作业的避雷，但出了分之后我会觉得这一切都是值得的，给分是真的好啊zr（）考试方面直接把小测出了两次的原题出给你，98上也有历年卷，你会看到前面的小题每一年大部分都是重合的，计算题题型就那么几个，数字都不带变的，复习期间抄的a4也刚好把老师上课的内容全部过了一遍，总体复习难度会花时间，但难度完全不大，比起隔壁英文班的要简单不少\n\n总之zr你就是我的超人
212957,5115,张睿,2025-01-15 10:36:33,0,2,2,除了大作业其他的都还行，但这一届大作业是真的有点。。。。。无语。但期末考试很简单，祖传，最后给分还算不错吧。
213022,5115,张睿,2025-01-15 15:46:54,0,0,0,大作业很逆天，时间紧张是一方面，主要是长途跋涉去水博园太折腾人了（那个小测试房冬天很冷！！）。焊接、搭建和测试都有难度，很可能半天时间搭进去没测出来数据。期末考试会出原题，给分中规中矩吧。如果下一届早一点布置大作业会舒适很多。
80310,5158,刘旸,2018-06-25 03:42:02,0,0,0,讲课无聊
132157,5248,李尔平,2021-01-30 17:23:02,5,20,15,超级超级好的老师，很负责，对学生很尽心
123245,5300,卓成,2020-05-25 06:39:25,9,15,6,。。。
123508,5300,卓成,2020-06-09 08:08:38,10,16,6,。。。
124844,5300,卓成,2020-07-12 12:52:12,4,11,7,讲课普普通通吧
125628,5300,卓成,2020-09-12 12:33:18,3,12,9,还行呀
132530,5300,卓成,2021-02-02 06:16:01,1,12,11,老师非常好
140515,5300,卓成,2021-09-13 08:19:17,3,13,10,人很和善好相处，是那种很精干的类型。讲课还行，中间会注意控制节奏问我们有没有听懂，从不点名，在完成lab的基础下不反对学生智云，如果点名会特别说明只是想知道现在教室的人数，不计入成绩，给分还行。个人感觉助教一般。。。
142517,5300,卓成,2021-11-12 12:35:59,7,21,14,老师是年轻的科研大牛，人也和善有耐心，但感觉讲课方面还是经验稍有不足（重心不在于此）
158306,5300,卓成,2022-06-28 08:17:49,-5,9,14,老师人很好，很好相处，科研很厉害，就是讲课的时候有点笼统
158334,5300,卓成,2022-06-28 11:29:29,11,19,8,避雷。
163887,5300,卓成,2022-12-16 11:44:58,-31,10,41,给我导师来提高一下分数（bushi）
167924,5300,卓成,2023-01-20 09:54:44,17,25,8,楼上那个给导师加分的差不多得了，真把自己当成什么人物了，你是来客观评价卓成老师而不是来拉票的，这样我只能说活该被其他老师绩杀，别整天一副难看的吃相还卖给别人看😅
173324,5300,卓成,2023-06-30 18:06:25,10,12,2,讲课太快了，属于科研厉害但是讲课一般的类型，感觉带的助教也不太负责任
176006,5300,卓成,2023-06-27 11:48:29,6,9,3,百人计划研究员就这水平？？
176243,5300,卓成,2023-06-28 06:53:26,7,10,3,自私自利，完全不考虑学生
194925,5300,卓成,2024-07-02 02:27:22,14,17,3,上了一学期课了，不吐不快。\n\n老师水平无可置疑，人品没什么问题，解答还是比较详尽的。但是在这门课中，表现实在是一言难尽，也谈不上多负责任：讲课太粗略太晦涩，经常趁着上课间隙和前后联系研究生和忙前忙后的，讲完ppt就急匆匆地开始忙自己的，给我的感觉像是被学院按着头上课，像来交差的一样。而且他根本就没有教本科生的经验，满嘴术语，把大一的当研一来教。没人能理解为什么学院非要找他来讲。\n\n这门课是电科专业的独有课程，本身就有很大的问题：对于大一学生来说太难了、太超前了。再遇上这样的老师，本来满心欢喜选择信电学院的小朋友们直接傻眼。\n\n老师指望不上，基本上得靠助教。然而助教的水平参差不齐，一个非常负责任，耐心解答，基本秒回；另一个你问他什么他都是一句“看手册”，极其让人火大，差点直接起冲突。这两个助教负责的内容还不一样，你不得不跟两个人都打交道。\n\n总之，一学期上下来感受很差。从学院到老师到助教，没有一个人是无辜的。我不否认自己的水平本身较差，但是即使是水平好的同学，也都靠自学。由于人少，而且缺乏反馈渠道，没人提出意见，这门课只会一直烂下去，这个专业只会劝退更多人。\n\n我真是见识到了大学是个什么草台班子。\n\n这种事或许走到哪里都无法避免，但是看到这条的小朋友们，请能避则避；既然已经选择了这个专业，那就尽量去接触好的那一方面，lyb老师的讲授水平显著更好。\n\n另外，这门课的内容其实非常重要也有用。即使课上完了，也一定要按照正常数电的教学模式再学一遍。
195114,5300,卓成,2024-06-26 23:54:06,5,6,1,这课算是让我见识到信电的专业课是什么样子了（喜），感谢助教gg每天回答我跟弱智一样的问题，感谢CSDN和GitHub上大佬的开源。要不是他们，我可能哪天就从天台上下去了。哦你说老师啊？老师确实每次上课都在认真（或许）教，但学生只管听就行了，老师考虑的就要多了，比如怎么讲才会让大一新生听得云里雾里的（爆笑）
216554,5300,卓成,2025-03-18 09:49:13,2,2,0,一言难尽，两副嘴脸
219256,5300,卓成,2025-05-23 12:55:15,2,2,0,信电学院最讨厌的老师，没有之一。
136527,5304,唐慧明,2021-06-20 06:17:42,1,4,3,傻逼老师爬
155125,5304,唐慧明,2022-06-08 13:46:20,1,1,0,作业贼多
174476,5304,唐慧明,2023-06-13 02:13:46,3,4,1,纯纯脑瘫玩意 随堂测试永远放在下课开 小组展示前后两节课一定课堂上抽签决定顺序 上个b水课一堆破事 趁早414
174617,5304,唐慧明,2023-06-14 14:31:48,3,4,1,纯nt，脑子不好使，爬出zju
174631,5304,唐慧明,2023-06-15 01:01:25,3,5,2,nmsl的时候也抽个签哈，抽不上禁止414
174632,5304,唐慧明,2023-06-15 01:00:39,3,4,1,人如其姓啊，真让你唐完了😅，两节早八，还非得课上再抽签分组，摆明了跟学生对着干，你怎么不去s啊
144044,5318,陈晓明,2021-12-16 16:16:07,2,10,8,sb一个
146041,5318,陈晓明,2022-01-05 07:53:44,4,12,8,现在就是非常害怕
146149,5318,陈晓明,2022-01-06 00:05:15,2,7,5,挂科一片
149097,5318,陈晓明,2022-01-14 11:25:05,4,9,5,教的差，给分难看，还一副自以为是的样子
151869,5318,陈晓明,2022-03-18 15:19:50,6,9,3,咄咄逼人 热衷于pua
151877,5318,陈晓明,2022-03-19 01:06:46,7,11,4,是他信号与系统的实验课，教的太烂了，还摆架子，感觉是一点都不会的那种。
152141,5318,陈晓明,2022-03-28 15:46:03,8,11,3,“这是个很简单的问题”
152297,5318,陈晓明,2022-04-02 04:31:46,8,15,7,老师非常好
152302,5318,陈晓明,2022-04-02 08:18:47,6,10,4,晓明人还是非常好的，很认真负责，会帮学生改论文，硕博都可以按时毕业。
173693,5318,陈晓明,2023-06-01 13:05:10,2,3,1,非常差的上课体验
174731,5318,陈晓明,2023-06-16 09:30:42,0,3,3,感觉分偏低了，信号系统实验课不算特别好但绝对不算听不懂，也不知道那些说咄咄逼人的怎么得出的结论。反正这学期老师唯一一次怼人是因为上课睡觉。而且最后一次实验作业还因为期末免掉了，挺和善的
187669,5318,陈晓明,2024-01-17 04:33:24,3,6,3,上的老师的信控计，感觉老师挺认真的，就是上课很喜欢互动，点过一次名，期末给分感觉就是平时分+考试乘以权重，平时分应该给的挺好的。总而言之，感觉老师还不错，这里的评分偏低了
189648,5318,陈晓明,2024-01-26 08:57:05,1,3,2,讲课中规中矩，老师人很好，很热情，上课喜欢互动，给分也不错。就是这门课是纯纯答辩，再怎么教也就那样。
212261,5318,陈晓明,2025-01-13 15:02:37,0,2,2,上的陈老师的信控计。陈老师上课很讲条理，上课过程中会帮助整理每一章知识的大纲，考试需要掌握的知识点也都能讲到。上课一定要认真听，收获很多，有些比较难的知识点考试也不会考。\n\n课程的大部分时间都在讲信息论，控制论和计算都只有一两节课，信息论会考得难一点，需要重点复习，控制和计算基本只要能理解PPT的内容就没什么问题了，考前再把课后习题和历年卷看一下，主要是历年卷，熟悉一下题型、题量，可能会有比较类似的题目。自我感觉考试难度适中，但考试的时间很紧张，基本做不完，要合理分配时间，“计算”很重要，整场考试会很“充实”。\n\n陈老师上课不点名，但会看钉钉签到的人数。陈老师比较注重课堂氛围，每节课会点同学回答问题，坐前几排的基本都会被点到，有时候也会点坐在最后的角落里的同学，答不上也没关系，陈老师会帮忙回答的。课间也会和我们交流知识掌握情况。最后一节课会整理每一章知识的大纲，抽同学交流课程大作业的设计思路、完成进度等。\n\n总而言之，我还是很推荐陈老师的信控计的。课程设置总体上比较清晰，就是在学完信息、控制、计算方面的知识后，将它们应用到课程大作业的设计中。只要你认真上课，认真完成作业，还是会有不错的课堂体验，学到不少知识的。
212313,5318,陈晓明,2025-01-14 01:20:22,0,3,3,挺好的老师，喜欢互动，关心我们有没有听懂，还是很重师生情的，最后一节课拍了合照。讲课也不错，比较面面俱到，不会挑着考试的讲，最后给分也挺好的。推荐他的课，评分偏低了吧
216353,5318,陈晓明,2025-03-14 06:29:12,5,5,0,老师人很好，特别喜欢互动，一节课大概叫十几个人回答问题，喜欢这种风格的可以选
219084,5318,陈晓明,2025-05-21 08:40:09,-1,0,1,老师人很好，给分还可以！
173462,5326,程志渊,2023-05-25 09:57:04,6,9,3,拖课狂
174929,5326,程志渊,2023-06-20 02:57:02,6,6,0,你是老师，不是老总，ok？
177032,5326,程志渊,2023-07-01 07:59:20,2,2,0,（IT工程伦理与项目管理）水课没怎么听，偶尔抬头听几句，感觉不是很有讲课的节奏，体验一般（不是老师的问题，是这个课的问题）。展示的时候老师会点评提要求，“你们这个分工体现不了项目管理的内容”，这“分工管理”应该是我这门课唯一学到的东西。总体问题不大，不算踩雷但也没有亮点。\n\n不过总是不注意时间，拖堂严重，而且偶尔会面对面建群签到。
192516,5326,程志渊,2024-05-22 11:52:04,1,1,0,好老师，十分好评，分期付款。
205117,5326,程志渊,2024-12-02 01:42:09,0,2,2,如果吹牛可以抵分，我给程老师打10分
207052,5326,程志渊,2024-12-19 05:44:25,0,2,2,守护全世界最好的程老师😭😭😭
192021,5412,韩晓霞,2024-05-08 01:15:23,0,0,0,老师人非常好，微纳器件课给分超好，体验非常棒！
151768,5427,刘安,2022-03-15 04:14:21,20,32,12,球球别说英文了，本来通信原理就难。讲点我们能听懂的吧
174764,5427,刘安,2023-07-04 07:45:02,1,4,3,不知道期末能得几分，算了毁灭吧\n\n\n\n————————————————\n\n出分了，nm给分真烂啊，屮
174891,5427,刘安,2023-06-19 11:16:40,3,4,1,别说英文了，求求
179637,5427,刘安,2023-09-19 03:43:04,2,2,0,英语越说越快，讲到后面听不懂在讲啥了
212660,5427,刘安,2025-01-14 11:08:00,2,2,0,助教工作认真
219120,5427,刘安,2025-05-22 01:47:54,0,0,0,老师很好！水平很高
219352,5427,刘安,2025-05-25 15:13:55,0,0,0,老师很好！给分还行
157563,5450,沙威,2022-06-23 17:28:50,17,18,1,光电子学基础，上课如同听天书，但可以把学过的不少专业基础课的指示串接起来，认真听了是会很有收获的；作业则是课上内容的延伸，主要是一些基础公式的推导，老师最多给点提示，很可能要靠各种资料才能做出来；每节课前都有小测，考察基本概念，老师课上会提到但ppt里不一定会有；有一个大作业设计，没有考试，最后给分还不错。不得不说老师真的很有个性，是大学期间为数不多不照本宣科、让人印象深刻的老师之一
158682,5450,沙威,2022-07-01 08:59:30,0,3,3,一个真正的好老师
159444,5450,沙威,2022-07-20 08:46:31,0,1,1,讲解深入浅出
171339,5450,沙威,2023-03-22 03:52:44,14,16,2,中间不下课
199584,5450,沙威,2024-09-26 01:13:09,3,4,1,“我是个理论学家”\n\n沙老师和高晓松是一类人，什么都能侃侃而谈，但是但凡对他说的多了解一些又会觉得他就是在瞎说\n\nsocial能力一流\n\n上课在他的搜索栏看到了奇怪的东西
203952,5450,沙威,2024-11-22 08:12:36,-9,1,10,姓沙，你是沙币吗
220334,5450,沙威,2025-06-17 09:55:56,2,2,0,好老师，理念很好
221376,5450,沙威,2025-06-23 06:34:32,2,2,0,沙威老师讲课非常有自己的风格，可以看出有认真对待，最后的给分很好
123208,5457,黄科杰,2020-05-19 11:22:26,-3,6,9,英语口语有待加强
134244,5457,黄科杰,2021-03-21 08:13:10,12,17,5,教学ppt和作业来源于伯克利和另一个国外大学，建议直接去b站看cs61c，老师讲不大明白，很多抛出的问题都没有具体的解答就直接略过了（为什么不把这些题放在作业里，笑-），很多知识点真的是根本没有承接，作业在没有cs61c的“上下文环境”里真的是很难理解题意，上课还要签到（指不能翘课去听cs61c），总之不建议选，如果真是这个分组的，强烈推荐cs61c……
153757,5457,黄科杰,2022-05-10 07:50:54,7,7,0,写作业写的心态崩了，也不知道会不会挂，反正体验很差
153769,5457,黄科杰,2022-05-10 12:32:30,5,5,0,首先，老师是会为学生着想的，但奈何真听不明白，加之作业又臭又长（一次homework17页pdf的快感）还是很难顶，只求不挂…
155522,5457,黄科杰,2022-06-14 02:52:15,3,3,0,课程难度很大，内容来自CS61C和CS152两门课，lab直接是其他学校体系结构lab的改编
156314,5457,黄科杰,2022-06-19 02:53:21,6,6,0,跨专业选的，真是纯纯大冤种，作业难上课约等于听不进去，而且上课习题也不讲，题目难太多了，只求不挂
156315,5457,黄科杰,2022-06-19 02:56:00,5,5,0,就两个字 快逃，这选修模块A组是真的烂，课的内容是好的，上的太差了
156319,5457,黄科杰,2022-06-19 03:59:39,3,3,0,反正就是难，作业难，大作业难，考试难，讲的也听不懂
196143,5457,黄科杰,2024-07-02 00:30:15,4,4,0,强烈强烈不推荐选，课难，内容多，讲的烂，作业难又多，考试难，还有三次巨难的大作业单人完成，给分还巨差，可以说这是我三年来最后悔选的一门课，能不选千万别选，千万别选，千万别选
216002,5457,黄科杰,2025-03-09 08:04:37,3,3,0,前三周听完的体验 讲课烂作业烂 \n\n如果给分也烂那这门课就可以算是烂完了
219595,5457,黄科杰,2025-05-30 16:14:22,2,2,0,内容又多又难，把计院两门大专业课缝合到一起讲，讲的还不好，大作业做起来难受
219912,5457,黄科杰,2025-06-11 03:04:05,3,3,0,纯sb，千万别选他的课，没什么作用，上课也不好好讲。据他的研究生说他根本不懂体系结构，建议能不上就不上。。。
220186,5457,黄科杰,2025-06-16 06:22:07,2,2,0,22级微电子同时必修微控制器和计组真的生不逢时，说回计组，这门课整体授课混乱，不会讲很多实验的知识然后让你做三个巨难的大作业，历年卷每年都大改，微电子的同学有福了
220346,5457,黄科杰,2025-06-17 11:35:58,2,2,0,快跑！！！！！\n\n8次作业（基本每一次量都巨多）+3次大作业（单周期、流水线、带缓存）+期末考\n\n只能说这一门3学分的课，有着惊为天人的任务量，学的内容也特别难
221980,5457,黄科杰,2025-06-28 07:53:10,1,1,0,从给分来看 这个大作业好像没有拉开很大差距，你认真按要求一步一步做和用gpt直接糊的报告好像没啥区别，也是无语了
160811,5482,赵博,2022-10-13 07:55:56,7,8,1,挺好的，中式英语听着舒服
165716,5482,赵博,2023-01-09 11:22:36,1,1,0,射频国际化，事少给分好，不过课程还在建设中，以后就不一定了
165890,5482,赵博,2023-01-10 08:42:27,2,2,0,只能说无敌好，课程十分轻松，给分也很好
166919,5482,赵博,2023-01-14 08:26:14,5,5,0,不选吃大亏
167054,5482,赵博,2023-01-14 17:45:17,4,5,1,博爹给分没话说，喜提大学最高百分制分数，还是国际化，速冲
213503,5482,赵博,2025-01-18 02:44:05,7,7,0,今年给分没有那么好了🙁😭
213505,5482,赵博,2025-01-18 02:45:30,1,4,3,射频界真神
213511,5482,赵博,2025-01-18 03:00:06,0,4,4,万万没有想到给分这么好，应该是主要看大作业和展示，考试比例他貌似是被学院压力了
213535,5482,赵博,2025-01-18 05:53:18,3,4,1,给分很一般
213567,5482,赵博,2025-01-18 08:59:43,0,2,2,给分感觉还不错，三分国际化性价比极高，可冲
152314,5507,金潮渊,2022-04-03 08:40:11,-49,9,58,量子信息wcnm\n\n傻逼课程，和tm电磁场电磁波一个德行，还tm放在一个学期上，nmsl\n\n信电tm到底是不是工科？\n\nwcnm
152410,5507,金潮渊,2022-04-09 07:54:32,17,24,7,老师讲的很有条理。考试基本上就是课后习题，也不难。
152421,5507,金潮渊,2022-04-10 12:25:03,13,20,7,金老师用学在浙大点名，等于不点名，哈哈
156405,5507,金潮渊,2022-06-19 11:57:26,13,17,4,底下那个傻卵，这课水成这样都能让你破防，你是有多废物？？
158051,5507,金潮渊,2022-06-26 12:51:29,23,33,10,金老师真的是一位特别能体现师风师德的老师。在阶段性课程结束后，会发问卷统计同学对于课程难度的看法以期改进；鼓励同学们提出问题并且总是会第一时间回复；作业的要求和解析都非常清楚，有疑问的地方会立刻标明。\n\n这也是我在大学期间见到的第一位如此温柔的老师，把体谅学生放在心里，能够关心在乎学生的需求和难处。\n\n期末考核并不难，用心复习就能做对；递交的大论文也分段分点写了评析和改进意见；学期结束，还会邀请感兴趣的同学参与科研项目。\n\n能够上金老师的课，真的是非常幸运的一件事情。一个好的，博学且温和的老师真的能够激发人对于某个学科的兴趣。\n\n真的非常感谢金老师
158241,5507,金潮渊,2022-06-27 17:13:56,13,16,3,大学难得一见的好老师
158250,5507,金潮渊,2022-06-28 00:08:46,16,21,5,金爸爸，你是我的神！金老师跟学生没有什么代沟，为人特别好，就连上课出勤率低，也会帮学生想理由，然后基本上学生想什么他也知道，课的话有一定难度，刚开学我基本上一次作业就要做一天(matlab新手)，不过给分确实很好，考试也是考作业题。
158273,5507,金潮渊,2022-06-28 03:19:02,8,12,4,金老师 我的超人
158444,5507,金潮渊,2022-06-29 09:48:21,6,9,3,超好~考试的重点在作业
158768,5507,金潮渊,2022-07-02 02:49:19,6,9,3,神！！
164390,5507,金潮渊,2022-12-20 13:39:34,11,14,3,上学期结束忘了给金老师打分了，总之就是我的超人！！！量子课听不懂没关系，把作业记牢就好了，最后给分绝对惊喜
191189,5507,金潮渊,2024-04-11 05:28:37,-13,1,14,量子信息基础=翔
197347,5507,金潮渊,2024-07-11 06:07:44,5,5,0,很好。
197586,5507,金潮渊,2024-07-20 10:04:01,9,9,0,备课很认真，最后的考试不难。
208280,5507,金潮渊,2024-12-26 12:58:14,3,4,1,非常认真负责的老师^^
216409,5507,金潮渊,2025-03-16 05:22:46,2,2,0,额，听说量子搞课改，把金老师改不见了
168428,5512,高飞,2023-02-16 04:38:01,2,5,3,水平很高
172732,5512,高飞,2023-05-05 14:46:13,-6,0,6,不知所云
173553,5512,高飞,2023-05-29 01:36:08,5,6,1,信电和控院都有老师叫高飞？
173664,5512,高飞,2023-05-31 10:33:40,-22,5,27,不否认水平很好，但是有点下头，纯纯蝈蝻
176745,5512,高飞,2023-06-30 03:38:06,7,8,1,信电高飞老师水平很高 给分也很好 都来选😍😍
176746,5512,高飞,2023-06-30 03:38:56,2,2,0,老师还是很好的
176747,5512,高飞,2023-06-30 03:44:13,0,1,1,信电和控院都有老师叫高飞，这里评价信电的高飞老师。信电的同学应该基本上都听过陈红胜老师，陈老师的水平很高，而高老师也曾经是他的学生，尽管教学能力上高飞老师尚有不足，比如上课的时候讲到某个知识点会停顿，但这也恰恰拉进了和同学们之间的距离，在上课时有很多同学积极地回答问题，课堂氛围很好。
176776,5512,高飞,2023-06-30 05:26:11,3,3,0,男神！\n\n发现我没来上课也没说破
195330,5512,高飞,2024-06-27 17:56:24,5,5,0,上的是信电高飞老师的场波，老师人很好，讲课也很友好，平时不点名，上课顺序是按老师自己的顺序讲的，比课本更连贯。给分也很好，快冲！
220874,5512,高飞,2025-06-20 08:47:23,2,2,0,今年场波英文确实比往年难了很多，但是从给分来看老师也尽力在捞。平时的讲课老师思路也挺清楚，基本都不怎么用看书就能完成几个黑板的连续推导，建议来选。
136253,5519,储涛,2021-06-14 02:09:29,7,15,8,快跑！
136699,5519,储涛,2021-06-23 07:05:59,7,13,6,感觉信电导现在已经变得偏所有班进度统一了，老师还是很博学的。
137983,5519,储涛,2021-07-07 03:53:22,5,8,3,老师讲课还行，小测难度中等。\n\n鄙人是大二才修的这门课，本身是计科的，之前已经修完了数字逻辑，所以感觉不是很难。如果大一就修的话应该还是有一定难度的。\n\n实验是搭一个四位加法器，但就算搭不出来也会给不少分。\n\n实验给的元件每个小组有一定的差别，如果LED一直亮不了，可以看一下是不是电压太低了。如果电压太低就加个放大器(两个非门串一起)。\n\n下课问老师和助教问题似乎都不太愿意回答，可能是太忙了？
151463,5519,储涛,2022-03-04 01:47:55,1,4,3,服了，上课点名把我名念错了，算我没到。。。
153458,5519,储涛,2022-04-30 11:01:22,3,4,1,挺好的老师
192031,5519,储涛,2024-05-08 03:21:17,1,2,1,讲课认真，给分好
192126,5519,储涛,2024-05-09 13:10:27,0,2,2,绩杀，run
192472,5519,储涛,2024-05-21 10:42:12,4,4,0,老师很认真
199812,5519,储涛,2024-09-30 08:43:23,9,12,3,浙江大学cc98上对线最猛的求是讲席教授
218675,5519,储涛,2025-04-28 15:18:35,0,0,0,水课\n\n水课的给分
158523,5651,余显斌,2022-06-30 03:42:38,2,4,2,很好的老师
158953,5651,余显斌,2022-07-04 01:43:28,4,4,0,余老师对学术方面一直很严谨，但私下交流非常的和蔼，很棒！
159335,5651,余显斌,2022-07-13 10:31:14,-1,3,4,上他的课不知道，研究生别读就对了
176514,5651,余显斌,2023-06-29 07:13:15,4,4,0,给分很烂
170740,5736,林宏焘,2023-03-09 02:57:33,2,7,5,课题组氛围超好 经费足 学习的东西多
179597,5736,林宏焘,2023-09-18 13:48:52,0,0,0,真好啊！！！
127938,5796,张婷,2020-11-30 23:06:44,4,4,0,nice
128450,5796,张婷,2020-12-23 09:15:13,1,3,2,老师性格超好，经常询问同学们的意见调整课堂进度。矩阵论可能会学起来有点难，但是非常实用的一门课，选就完事了！
143751,5796,张婷,2021-12-04 09:14:31,0,1,1,老师人好
144077,5796,张婷,2021-12-17 08:47:14,1,1,0,很喜欢老师的教学方式，每个知识点都能讲清楚，上课进度会参考同学们的建议，最后给分也好。
144529,5796,张婷,2021-12-22 05:48:56,0,0,0,老师很好，偶尔会点名，考试题比作业简单，作业题答案可以百度（，总之建议选
149466,5796,张婷,2022-01-15 12:13:34,1,1,0,选！！
155419,5796,张婷,2022-06-12 11:45:03,15,16,1,老师真的很像一个幼儿园老师，很温油
157052,5796,张婷,2022-06-21 18:17:08,2,2,0,信号与系统，体验还可，给分不错，比较负责
161550,5796,张婷,2022-11-08 16:07:21,6,6,0,隔壁班的，找不到磊哥的查老师，遂来此处点评。\n\n矩阵论老师和课都不错，就是教材我觉得挺恶心的。错误还是挺多的，书本的课后题目表述得不清不楚，有很多奇奇怪怪的默认条件，怪恶心的。
162521,5796,张婷,2022-11-24 08:04:57,1,3,2,个人感觉这课就过流水灯一样过一些建模的概念，很多都是浅尝辄止，配上一本错误很多的教科书（想本字典，不适合学习），和教学不匹配的习题，虽然相比信电其他很多课程教学好一些，但对于大多数学生也是只是学到了如何默写
163899,5796,张婷,2022-12-16 12:47:01,3,3,0,吹爆张婷老师~
164739,5796,张婷,2022-12-24 14:11:15,2,2,0,1.矩阵论这门课非常重要，课上很多内容就是统计机器学习的数学基础，如果没有接触相关知识，那上课确实有点跑马灯.\n\n2.教材确实是大部头，但是相比信电这学期用的其他教材还是很不错的.\n\n3.张婷老师人非常好，给分也很好
169236,5796,张婷,2023-02-25 02:33:40,2,2,0,教材不行但是老师挺好的
174733,5796,张婷,2023-06-16 09:33:28,5,5,0,非常温柔，跟幼教一样哈哈哈哈哈\n\n而且上课还会照顾我们早八很困不来，从来不点名还会照顾有同学看智云
176346,5796,张婷,2023-06-28 13:08:58,3,3,0,人超好
182635,5796,张婷,2023-11-18 15:29:24,2,2,0,艹，明天考矩阵论
183846,5796,张婷,2023-12-01 05:19:53,3,3,0,讲得好、给分好、能学到东西，矩阵论：最适合非信电工信学子的跨专业
196955,5796,张婷,2024-07-06 06:10:03,8,8,0,信号与系统双语班给分非常不错，事情也不多，今年期末考试基本上过一遍mit的题库就好了。老师上课是比较细致的，课后有问题也会回答的比较及时。都来选！！！
203751,5796,张婷,2024-11-21 02:31:56,7,7,0,老师很棒，很耐心，很关心学生，给分也不错，很推荐选，很少能碰到的好老师
196163,5939,夏明俊,2024-07-02 02:26:27,1,3,2,报告很认真做了，给分还是超烂，真不知道光电均绩4.3怎么来的。每堂课需纸本签到，事少，一两个作业加期末大作业而已
221022,5939,夏明俊,2025-06-21 01:27:35,2,2,0,我记得以前好像还蛮多评论的，怎么现在都没了，先说说这学期情况吧，给后人参考参考\n\n\n\n成绩组成有：出勤（10%）、课堂小测（10%）、作业（30%）、大作业（50%），其实后面会有个分小组的课堂展示，但我不太清楚这分是算在哪的，至少表面上的成绩组成就这四部分。\n\n首先出勤主要看不定期的纸质签到，由助教拿着签到表在进门第一排签到，一般来说要签到的话助教会在上课前提前发在钉钉群，已经算是友好的了，基本就是为了让你拿分。\n\n然后是课堂小测，本学期两次课堂小测，一次是关于静电学与电磁场的，一次是关于半导体的。说实话难度不大，都是概念题，题量在两三道左右，哪怕实在不会也能查ds老师（bushi。小测一次十分钟时间，如果真用AI那几乎是白给你的。\n\n作业的话本学期一共两次作业，都很简单，可以在授课的PDF上找到公式，基本上就是简单的计算题加上概念问答。但是注意要用英文写！！！\n\n最后的final project是完成三个任务：分布式布拉格反射器、半导体激光器和单模激光器，其中的分布式布拉格反射器和单模激光器其实就像作业题一样，差不多就是计算题加上概念题，甚至都不用单独编一份代码出来。真正需要做的是半导体激光器，但难度也不大，尤其是现在的大语言模型已经很强的时代，一天做完这个project其实是可行的。但是注意报告要用英文写！！！\n\n课堂展示是分小组展示，展示PPT要用英文，演讲也尽量用英文。内容是介绍课堂上未提到过的光电子器件进行学习交流，四人一组。\n\n\n\n简单总结：点名，两次小测，两次作业，一份大作业，一次课堂展示。（2025年春夏留）
154358,5987,程然,2022-05-31 03:34:59,3,5,2,美女老师，人美心善，上课逻辑清晰，真的好。就是全英文的课有点折磨
159070,5987,程然,2022-07-05 13:39:19,0,5,5,认真听的话，会感觉老师条理很清晰，知识点也讲的很透彻，就是作业可能有点费时间。不过老师是真的漂亮。
192523,5987,程然,2024-05-23 03:02:51,5,5,0,卢助教十分认真负责，问问题会及时回复，对于作业的回答能让学生少走很多弯路，批改作业仔细认真，给卢助教满分！
195135,5987,程然,2024-06-27 02:25:43,5,5,0,半导体物理：\n\n我为程然姐姐（bushi）举大旗！集成电路学院英文担当，而且非常有亲和力。比较有趣的一个点就是她每节课必迟到几分钟，然后手里拿着一瓶乌龙茶或者麦斯威的咖啡（据笔者观察），这简直比能量守恒定律还要是真理。这课唯一不太好的点就是全英文教学，语言壁垒对我来说算是一道无法跨越的鸿沟，但这并不影响老师讲得很好，算是我所认为的教学质量最高的专业课了。不过我们这学期的助教比较求是，作业该多少分就多少分，笔者有一次喜提65分。现在还没出分，先来把评价写了，毕竟zdbk上面的教师评价都不太真实（bushi）。貌似隔壁班yjy挺抽象的，微电子的同学们无脑选程然就好！
195959,5987,程然,2024-07-01 02:54:34,3,3,0,不管是老师还是助教都是很好的了 楼上说助教给分求是的  这其实只是平时改作业的需要  助教说期末都是把平时分调到接近满的  他说不然挂科率飞天了._.
196088,5987,程然,2024-07-01 13:12:22,3,3,0,老师人美心善，我听不懂课是全英文的问题（但老师的英文已经算容易听懂的了）。平时作业确实强度有点大，随便做做很容易只有四五十分，考试题目比作业正常一点。虽然助教批作业很求是，但最后总评会帮一下。相信老师的那句“我尽量给你们分数”！
196472,5987,程然,2024-07-03 15:52:41,2,2,0,古希腊掌握半导体物理的神
198251,5987,程然,2024-09-06 02:07:21,4,4,0,变国际化了！！！！！！！！
199476,5987,程然,2024-09-24 08:35:30,2,2,0,老师人美心善，助教人善心美！！！
219682,5987,程然,2025-06-04 04:40:37,1,1,0,人美心善 讲课清晰 助教满分
221773,5987,程然,2025-06-26 07:14:26,0,0,0,神！理解学生，给分好。
127734,5993,屈万园,2020-11-26 07:46:47,0,17,17,电基本来是门天书 但屈老师上课很多东西都一一推导 也很乐意回答学生问题 尽管才上两次课 但屈老师必是10分的
128539,5993,屈万园,2020-12-23 16:16:40,1,19,18,前半部分电原是金晓峰老师讲的，后半部分模电是屈万园老师讲的。前半部分根本没听懂导致全线崩盘，导致后半部分模电也实在学不懂了，但是还是可以感受到屈老师真的讲的超级用心，如果一开始就是屈万园老师讲，我的模电也不至于是现在这样了orz
130563,5993,屈万园,2021-01-23 15:57:15,0,17,17,老师是好老师，年轻有活力，讲解也很耐心，奈何电路基础部分学的不好，等到屈老师来上课时已经学不会了
131724,5993,屈万园,2021-01-28 15:07:05,9,29,20,为什么没有0分？
133200,5993,屈万园,2021-02-16 12:41:48,-6,22,28,强烈建议取消屈老师上电基课，上完唯一的收获就是看清了浙江大学信电学院金玉其外败絮其中的真相，一众所谓杰出人才皆欺世盗名之徒，屈老师更如跳梁小丑一般哗众取宠，真乃百年求是之大耻。
134149,5993,屈万园,2021-03-17 05:53:09,4,15,11,能感受到屈老师上课很用心 真的有学到东西 下课很耐心帮同学解答问题 超级nice
136539,5993,屈万园,2021-06-20 13:26:17,1,10,9,不懂那些强烈抨击的学生是不是真的上过屈老师的电基，老师水平很高又平易近人，只是因为和金晓峰老师开课，他只负责上课而已，其他作业以及成绩都是金老师的管辖范围。 。 。
139864,5993,屈万园,2021-08-04 07:52:35,3,14,11,讲课讲的稀烂，答应的事从没做过。\n\n你也配当老师？？你寄吧谁呢？？😄
145899,5993,屈万园,2022-01-04 02:42:47,1,10,9,老师上课节奏比较慢，但是讲的还是很清楚的，上他的课的同学跟他好好听，还是能学会很多的。\n\n奈何相比考试而言老师讲的还是偏基础一些了，不过这是考试的问题，电基的考试难度过大、数量过多，如果选他的课的话要多刷一点难一些的题目
146396,5993,屈万园,2022-01-06 12:39:40,10,19,9,屈老师上课是讲的很细致的，非常重视基础，而且有些内容会反复提及以免同学们忘记，但是也正是因此，上课进度会比其他班慢一些，重点放在了模电的前半部分，而后面的反馈和频响上的有点快，最后会给人一种上完课程没多久就开始考试的感觉，而且大题难度升级，基础工具不足以应对了。选上屈老师的课的同学最好平时就一边听课一边练练大题，不然最后的复习时间肯定是来不及的
148130,5993,屈万园,2022-01-11 14:40:37,16,24,8,陈冰老师上了前半学期，屈老师上了后半学期。讲道理屈老师讲得真的比陈冰老师好，思路清晰，音量足够，讲课也很细致。但就是因为太细致或者比较欠缺课程进度的把控能力，最后一节课才勉强讲完所有内容，然后马上就期末考试。直接毁灭性打击…电基一门寄所有…频响反馈这些很重要的大题考点，也都被迫很快过掉。最后班级期末卷面最高72，也不全是学生的问题，完全算得上是教学事故了。
148143,5993,屈万园,2022-01-11 15:21:43,3,7,4,没去上过电基课，电路部分全靠自学，还行。后面是屈万园老师讲的模拟电路部分，全没学过，考前两天补天，自学了三极管，会做一些简单的差分放大器，但期末几乎没考，第一个大题写的比较多但是不会胡乱写的，目测期末低于40分，百分百挂科。但是助教让我们把平时作业补了，大作业认真做，给我们满分，期末大题他尽量捞我们，我直接被捞及格了，真的跪谢两位老师和助教！不然明年可能就不是zjuer啦。
150811,5993,屈万园,2022-02-19 01:04:11,2,7,5,讲的还是挺仔细的，
154225,5993,屈万园,2022-05-26 10:34:04,7,9,2,无根之木，无源之水
168609,5993,屈万园,2023-02-20 08:18:56,8,9,1,给分还是比较严格的啊
192998,5993,屈万园,2024-06-02 07:58:49,2,3,1,上课水平不错的，捞人是会捞的。\n\n只是课程内容和考试内容是没有关系的，捞人是只管不及格的，低分是不管的。\n\n20级上了一个半个学期的有源电阻，笑死 根本不考，考试内容最后一节课飙五章，很难评有没有教学计划。纯纯教学事故
202101,5993,屈万园,2024-11-09 11:30:56,0,2,2,零蛋！
205274,5993,屈万园,2024-12-03 15:14:16,9,10,1,好老师，后半模电是他讲的，会讲来龙去脉，比前半部分的张运炎讲得好多了。课下答疑发现同学没学懂张讲的课，自己又讲了一遍，纯是在帮张擦屁股。可能是张实在是太烂了，在对比之下我给屈老师十分
213411,5993,屈万园,2025-01-17 08:32:30,1,2,1,老师讲的非常不错👍
133218,6052,李旻,2021-02-19 06:05:45,16,19,3,年轻有为的好老师
140217,6052,李旻,2021-09-05 14:42:45,7,9,2,冬学期要上李老师的数值分析了，给老师刷个好评^_^
142389,6052,李旻,2021-11-11 02:55:22,5,8,3,接楼上：“年轻有为”
144178,6052,李旻,2021-12-20 06:41:46,13,13,0,年轻有为好老师\n\n帅的不行
144852,6052,李旻,2021-12-25 06:59:55,5,6,1,优秀的tenure，负责的TA，比ISEE某专业课助教负责多了\n\n李老师yyds
149469,6052,李旻,2022-01-15 12:51:42,11,11,0,男神，吹爆！\n\n另外，当数值分析的助教，额外附赠信电新晚二等奖一份。
149555,6052,李旻,2022-01-16 02:42:31,5,5,0,超负责的老师和助教
150040,6052,李旻,2022-01-18 13:23:46,4,5,1,李老师真的年轻有为，听他讲课一点不困。TA特别负责，比很多课的助教好多了，顺便就附赠一份新晚抽奖大礼包（狗头）。不过李老师讲课语速有点快，有的时候不太跟得上，可能也是内容比较多的缘故吧。
154043,6052,李旻,2022-05-20 05:40:19,5,5,0,老师人很好，课也挺好
159988,6052,李旻,2022-09-11 03:26:20,6,6,0,男神！
179230,6052,李旻,2023-08-31 09:35:55,5,5,0,好喜欢这个老师
192703,6052,李旻,2024-05-29 03:25:26,-5,4,9,好讨厌这个老师，sb
192946,6052,李旻,2024-06-01 04:56:00,-7,4,11,算法的大作业有点恶心，还有这颜值也叫帅吗
193476,6052,李旻,2024-06-11 10:28:58,-4,3,7,快跑！！！
194224,6052,李旻,2024-06-22 15:46:31,4,4,0,李老师很负责，课件组织和讲课都很清晰！
194236,6052,李旻,2024-06-23 00:26:11,5,5,0,虽然教材本身的内容挺多，但老师的课件重点突出，上课听起来也不费劲。大作业华为云实验或算法设计题二选一，实验主要按手册来做，并不算难，算法设计题考查解决实际问题和编程的能力。
195805,6052,李旻,2024-06-30 03:48:29,5,5,0,好老师 男神\n\n会有一两次数字点名（（\n\n算法感觉没什么天赋但是拿到了很满意的成绩 老师讲课真的讲的不错 很值得听 至少我没感觉算法有这么痛苦了
199809,6052,李旻,2024-09-30 04:42:10,7,7,0,最近李老师代班上了一次通信原理英文课，英文超好，讲得也很清楚。期待老师能开自己的英文课。
201022,6052,李旻,2024-10-27 07:10:40,4,4,0,真的是很负责任的老师口牙
221458,6052,李旻,2025-06-24 00:49:29,2,2,0,旻神伟大，无需多言，旻门
136463,6095,曹臻,2021-06-18 07:23:55,4,7,3,感觉资历太浅，只管自己讲得开心，不在意学生懂没懂，ppt也很粗制滥造
142559,6095,曹臻,2021-11-13 08:36:40,5,6,1,这门课一学期点名一次，老师会提前一周通知，老师讲课不按书上顺序，有时也不按PPT顺序，按照固体物理的发展顺序讲，认真听的话是可以听懂的，老师也总会问大家能不能听懂，虽然没人回应他）考试内容PPT上也都有，开卷考试打印PPT就OK，老师很好的！课也不错！可以学有所获
145978,6095,曹臻,2022-01-04 23:36:50,1,3,2,感觉讲课水平一般，也不管你听懂没有，前面他上的没听懂以后，李宇波老师也救不了我，而且课程感觉也太硬核了吧
145993,6095,曹臻,2022-01-05 02:39:22,7,7,0,老师挺nice的，就是讲了巨多数学的推导过程，固物上课难度直接拉满…前半个学期他讲，后半个学期lyb老师讲，前者是听不懂，后者上课互动的时候因为前半学期听不懂而异常尴尬 dbq老师
165971,6095,曹臻,2023-01-14 15:06:46,1,2,1,anyway我不懂
170324,6095,曹臻,2023-03-03 01:40:04,0,0,0,听不懂啊太痛苦了，一整节课都在认真听但实在太硬核了
185600,6095,曹臻,2024-01-02 14:00:59,2,2,0,课程：《固体物理基础》\n\n任课老师：曹臻、李宇波\n\n客观评价：这门课前半部分由曹臻老师授课，后半部分（能带理论）由李宇波老师授课。两位老师都非常想给我们讲懂固体物理，但奈何这门课实在是有些硬核，而且很多前置知识（如量子物理）都没有打好基础，导致在理论推导部分上课体验异常痛苦。曹臻老师上课点名会提前说，李宇波老师会随缘点名，而且会抽人回答问题。然后呢一共有三次小作业，一次期末展示和报告。只能说还是自己水平不够，真听不懂。今天刚考完试，来客观给个评价，避免出分后带有比较强的主观色彩。出分后再来补充。
185686,6095,曹臻,2024-01-03 14:00:11,2,2,0,老师好，课坏
188397,6095,曹臻,2024-01-19 02:07:45,0,0,0,老师蛮不错的，如果认真听课那些公式推导虽然不一定完全能懂但总还是有所收获。PS：老师上课会一言不合狂推公式请做好预习工作以跟上老师进度
201206,6095,曹臻,2024-10-30 06:49:57,0,0,0,老师我真的一个字也听不懂啊（已去世）
201637,6095,曹臻,2024-11-05 05:24:48,1,1,0,非常好老师:)
209031,6095,曹臻,2025-01-04 09:06:35,0,0,0,虽然没学懂，但感觉最后改卷应该很捞，平时分应该也不错
125632,6137,郑斌,2020-09-12 13:01:34,5,7,2,第一，斌哥男神！
125723,6137,郑斌,2020-09-13 14:15:33,8,10,2,第二，斌哥男神！
127315,6137,郑斌,2020-11-20 03:50:45,7,11,4,斌哥，男神！
128941,6137,郑斌,2020-12-27 09:05:37,5,7,2,斌哥，男神！对学生超级好，很平易近人
143789,6137,郑斌,2021-12-06 10:00:01,1,1,0,斌哥，男神
150924,6137,郑斌,2022-02-21 05:58:05,1,1,0,很好的老师哦
151219,6137,郑斌,2022-02-25 01:49:34,3,3,0,斌哥男神超好
154994,6137,郑斌,2022-06-07 09:07:24,0,1,1,无敌好
154995,6137,郑斌,2022-06-07 09:07:24,1,1,0,无敌好
155452,6137,郑斌,2022-06-13 04:44:59,1,1,0,没有小测，没有大作业（几个实验报告），不点名，长得帅，，要说唯一的遗憾，那就是斌哥的昏睡小课堂了。总而言之，选就完事了，你会发现你比其他班轻松多了
155728,6137,郑斌,2022-06-15 11:22:31,0,0,0,事少不点名，讲的还可以
156030,6137,郑斌,2022-06-17 07:29:13,6,7,1,真的超级棒 信号这门课主要自学 做做题就好 实验也轻松 没有大作业笑嘻了 郑斌真的太棒了
156046,6137,郑斌,2022-06-17 08:26:18,1,1,0,优:老师人巨好，不点名，点了也说不算成绩，而且请假不扣分。\n\n事情和别的班比起来非常少，没有大作业。\n\n给分很好。\n\n缺:讲课感觉一般，能听懂但是感觉重点不突出，不太好应付考试。
156272,6137,郑斌,2022-06-18 15:35:33,0,0,0,首先，推荐度拉满！斌哥男神！不接受反驳！\n\n可能上课会有点困，因为老师有的时候声音不大，坐第一排可以感受到讲题写板书的时候像是在自言自语（但完全不影响我吹爆斌哥！）\n\n实验的部分是另一位张婷老师来上的，人也非常好\n\n至于一些给分、课程内容啊，下面的评论完全属实，强烈推荐选！如果感觉听不懂又不是不能去听hhj的课哈哈哈哈（反正我没听过doge）
156442,6137,郑斌,2022-06-19 17:04:15,0,0,0,斌哥，男神！
175636,6137,郑斌,2023-06-26 03:34:58,0,0,0,老师人很好，没有期中考试也没有大作业，点名啥的也不会很在意。还有助教姐姐人超好，matlab不会写的部分都是她一手教的。好评好评
192256,6137,郑斌,2024-05-13 04:02:29,3,3,0,22级有大作业啦
196241,6137,郑斌,2024-07-02 13:02:41,0,1,1,给分好，平时轻松，非常推荐
221742,6137,郑斌,2025-06-26 00:18:22,1,1,0,爹！！！
221761,6137,郑斌,2025-06-26 05:06:01,1,1,0,不点名，无小测，有大作业，但是老师人很好！虽然上课声音催眠度8/10，讲课可能不如隔壁hhj突出重点，但是期末再自学补漏一下就ok。给分无敌了，从现在起你就是我的爹！！！
195256,6292,李荣鹏,2024-06-27 13:02:01,8,8,0,老师人很好，讲课的话还行？（没听过其他班的课）给分我们这届开始调整，期末考占比30%，所以应该也挺好？支持选
208852,6292,李荣鹏,2025-01-02 13:57:50,0,0,0,csb
148135,6343,陈冰,2022-01-11 14:53:36,7,10,3,电基电基，一班挂20个
148142,6343,陈冰,2022-01-11 15:18:43,-5,0,5,没去上过电基课，电路部分全靠自学，还行。后面是屈万园老师讲的模拟电路部分，全没学过，考前两天补天，自学了三极管，会做一些简单的差分放大器，但期末几乎没考，第一个大题写的比较多但是不会胡乱写的，目测期末低于40分，百分百挂科。但是助教让我们把平时作业补了，大作业认真做，给我们满分，期末大题他尽量捞我们，我直接被捞及格了，真的跪谢两位老师和助教！不然明年可能就不是zjuer啦。
148718,6343,陈冰,2022-01-13 09:45:39,7,7,0,补充说明：一班挂20个是指班级一共大概50个学生，总评20个不及格，即40%重修
167754,6343,陈冰,2023-01-19 02:16:05,7,7,0,陈冰老师人可以，但讲课不行。他的课可以不用去，因为去了也听不明白，一周两次课完全就是浪费时间，有这个时间你去睡觉也好，去打游戏也好都比在教室坐着听天书好(但是下班学期屈万园老师的课可以听一听，能听懂)。这门课如果你有幸选上了陈冰老师，那你就准备自己刷题+b站郑益慧吧，然后争取把课件看明白。如果能把题库都刷一遍的话，肯定能上个70多分。
167980,6343,陈冰,2023-01-21 05:25:34,6,6,0,电原是他讲，建议自学电原部分，并且加强计算，小心期中被计算坑死
168161,6343,陈冰,2023-01-31 03:36:11,4,4,0,补充一下，期中考试一定要带一个能算复数的计算器，要不然算数很痛苦
129241,6441,赵明敏,2021-01-02 07:31:28,16,19,3,老师超棒！
136163,6441,赵明敏,2021-06-11 14:35:14,8,9,1,老师真的好！
136536,6441,赵明敏,2021-06-20 12:21:29,7,8,1,好爱老师啊
141672,6441,赵明敏,2021-10-19 10:55:28,5,6,1,超级可爱！！
144964,6441,赵明敏,2021-12-26 05:29:20,4,6,2,非常好的老师，上课思路调理清晰，也比较幽默，算法课比较杂但难度不大
148584,6441,赵明敏,2022-01-13 02:20:38,2,4,2,带飞带飞
149311,6441,赵明敏,2022-01-15 04:48:11,1,4,3,老师超好
149348,6441,赵明敏,2022-01-15 06:50:17,2,4,2,老师和蔼有耐心很不错
151017,6441,赵明敏,2022-02-22 03:21:05,0,2,2,屌啊\n\n太屌了
152291,6441,赵明敏,2022-04-01 13:52:49,1,3,2,老师好帅☺️☺️☺️
152292,6441,赵明敏,2022-04-01 13:54:04,1,3,2,老师好帅🤤🤤🤤
154185,6441,赵明敏,2022-05-25 10:17:30,0,2,2,给分好，事情少
167071,6441,赵明敏,2023-01-20 11:53:34,6,7,1,摊上个傻逼助教
167083,6441,赵明敏,2023-01-15 02:13:29,1,3,2,无语子
167381,6441,赵明敏,2023-01-16 01:06:19,-4,0,4,不知道是不是统计方式有问题，学在浙大的平时分好像低了一些。出分之后再来更新一下。
167791,6441,赵明敏,2023-01-19 05:41:01,-4,3,7,挺搞笑的，还没出分沉迷在自己的猜测中，猜猜猜，骂骂骂。\n\n就是说，分都还没出，看学在浙大的不完全统计有什么用啊。
209051,6441,赵明敏,2025-01-04 09:50:47,0,0,0,很好的老师
212316,6441,赵明敏,2025-01-14 01:23:53,2,2,0,出分之前来许个愿，这课考试对于没相关基础的有点难吧
212578,6441,赵明敏,2025-01-14 08:33:56,1,1,0,老师好帅🤤课程不错，讲课也不错，希望老师捞一捞
213306,6441,赵明敏,2025-01-18 05:51:57,1,2,1,超级捞，大题一半不会写最后92
172295,6503,谭志超,2023-04-24 11:16:48,3,7,4,中气十足，风趣幽默
178280,6503,谭志超,2023-07-09 10:48:48,3,4,1,给分不好
189898,6503,谭志超,2024-02-01 16:34:14,1,1,0,给分不好，看到绩点如遭雷劈
198431,6503,谭志超,2024-09-09 02:26:06,0,0,0,给分一半 但上课有激情 在认认真真地对待本科课程
207206,6503,谭志超,2025-01-19 02:11:19,1,2,1,24-25集成电路：老师上课很有激情，也看的出来工程经验非常丰富。就个人观点，老师上课节奏蛮拖沓的，经常一句话讲好几遍（ss班应该是另一个极端）。对于课程本身，重在模拟电路，模电的内容拉扎维书上都有，但是讲授顺序不一样，我认为拉扎维书上的顺序更合理，逻辑也更清晰；数字电路部分就是狗尾续貂，看ppt自习就行。（希望电科以后少一点杂交课😄）\n\n------------------\n\n出分了，感觉老师今年给分不错。\n\n后排提醒：这门课这几年期中不换卷子，期末也不换卷子😋。
213561,6503,谭志超,2025-01-18 08:12:57,1,1,0,老师讲的特别好！人也很和善，上课有热情，看的出来是很想把自己的体验和知识分享给大家，做了一学期笔记，期末出分4.5撒花！
213568,6503,谭志超,2025-01-18 09:11:21,0,0,0,挺有激情的，今年给分应该不算太差
199583,6591,刘峰,2024-09-26 01:08:54,1,10,9,刘老师是真的好，可爱呆萌，学术水平也高
199956,6591,刘峰,2024-10-09 11:26:12,-2,4,6,cursor还是挺好用的，老师推荐的一些插件真心不错
200169,6591,刘峰,2024-10-14 10:40:40,-1,6,7,量子力学我们喜欢你~
206778,6591,刘峰,2025-01-11 07:34:11,0,9,9,上了刘老师量子力学不给刘老师满分的可能不是正常人
208088,6591,刘峰,2024-12-25 13:55:53,1,6,5,老师特别温柔人特别好，必须满分！
208259,6591,刘峰,2024-12-26 11:44:01,0,3,3,喜欢老师~
210299,6591,刘峰,2025-01-09 01:14:59,0,6,6,神，不必多言。\n\n上课会分享有趣的会议经历，还会带我们去玉泉实验室玩，上课的推导非常详细，还会推荐好用的AI。\n\n课程难度总体不大，10000分推荐！！！
211178,6591,刘峰,2025-01-11 03:22:36,-1,3,4,事很少，课是真没听懂
213657,6591,刘峰,2025-01-19 02:22:38,2,7,5,非常好的老师！（量子力学课程）\n\n老师很可爱，讲得也很好，给分更是妙\n\n不知道为啥评分不高
213668,6591,刘峰,2025-01-19 03:32:52,0,5,5,满分的老师呀，想学的听听平时的推导能学到很多，平时没有都掌握也不用担心，期末基本都是概念题，类似知识竞赛一样，只要论文不用AI（老师对这个卡的很严），一般都可以轻松高分飞过，感觉之后这门课唯一的缺点可能是选不上（bushi
213686,6591,刘峰,2025-01-19 06:41:42,0,4,4,刘峰老师yyds！！可爱的刘老师一定会给你一个好分数的！！
213944,6591,刘峰,2025-01-22 00:40:56,4,8,4,量子信息的水军怎么那么多，隔壁也是
218860,6591,刘峰,2025-05-09 07:36:24,0,1,1,刘老师人超级好！上课通俗又有趣（唉又是一年他好归他好，我菜是我菜）\n\n但为什么这个分数感觉像是被恶意刷低过啊
174618,6923,尹勋钊,2023-06-14 14:33:28,4,5,1,也是nt一个
174629,6923,尹勋钊,2023-06-15 00:55:41,0,1,1,乖乖 恁好嘞
188821,6923,尹勋钊,2024-01-20 05:17:37,4,4,0,上课水，但给分也不行
190151,6923,尹勋钊,2024-02-24 05:36:14,0,2,2,还不错
199226,6923,尹勋钊,2024-09-19 11:36:58,0,1,1,特别好的老师！是我科研路上的明灯！
222001,6923,尹勋钊,2025-06-29 00:20:21,2,2,0,。。。
222029,6923,尹勋钊,2025-06-29 04:12:41,1,1,0,给分这么烂？？
136664,6994,吉晨,2021-06-22 14:17:28,2,5,3,讲课有水平，英语很标准，但是个绩杀
136891,6994,吉晨,2021-06-27 15:19:29,8,11,3,Prof. Chen Ji 【信息与电子工程导论】\n\n全英文的课，老师很厉害英语也很标准。康奈尔ECE的PhD毕业，在美国硅谷待过几年后回国的，因此内容会比中文丰富一些。\n\n讲课也不错，作为导论课能带来很开阔的视野。英语不错的同学可以挑战一下，对外交流项目之类的会很有帮助。\n\n点名！点名！老师似乎有点中规中矩，学校教务部门要求课程点名所以就点……\n\n老师不太管每周的作业和最后的大作业，有问题建议找助教。\n\n最后的绩点也挺高的。考试和中文考试一样，比较水。如果考试没太大问题，大作业稍有点错误（我们组制作出来3位），总评绩点上4.5/4.8也不太难。
153034,6994,吉晨,2022-04-24 04:38:30,2,2,0,还没出成绩 来给老师评分\n\n很好的老师 人格魅力超nice 水平高赞也说了\n\n有问题问助教 助教很负责任 老师不太管作业和测试\n\n任务和其他班一样多 期末考全英文但不会看不懂（唯一能带ppt的班级）\n\n好像有一点舍不得上完他的课（虽然并没有好好听 惭愧 十分了
173191,6994,吉晨,2023-05-15 11:24:50,1,1,0,没雷，很轻松的课，能听懂的地方听下就好\n\n全程数字点名，所以实际上课间开下智云就能水过\n\n中文课本要早买，三个lab费了好多时间
178368,6994,吉晨,2023-07-11 03:14:28,0,1,1,计院大三老狗选信电导，轻松4.8 不错不错
185602,6994,吉晨,2024-01-02 15:21:31,1,1,0,超级好的老师，给分好
192075,6994,吉晨,2024-05-09 00:23:12,-2,2,4,给昏没想象中好，但我也没太学好所以也就这样吧。纯英课后期真听不懂，老师确实在认真教但感觉大家英语水平实在有限。。。我是课基本都翘了靠同学的数字点名，要是想学的话可以看其他老师的中文课，想水的话考前看看PPT和书也行。
192114,6994,吉晨,2024-05-09 09:28:44,-1,5,6,老师英语水平真的很好（远超绝大多数大英老师），专业小白也不会因纯英而听不懂，专业词汇翻来覆去不超过50个，只要听课时顺手查一下，期末考基本用不上字典也认识了。至于给分应该是这次期末偏难了，没预期高，不过大多数人还是有4.5 +，说绩杀可能并不公平。
139354,7269,于云龙,2021-07-14 15:59:00,5,9,4,数据挖掘概论第一次开，一堆bug，不仅有期末考试，有大作业，还有期中考试！期中考试90分钟16道大题，基本没人写完吧，说是第一次开课没有经验。期末考试感觉还行。老师人好，给分极差，呵呵！给分也把我们当小白鼠积累经验了？
140330,7269,于云龙,2021-09-09 05:20:39,3,3,0,这短学期课考两次试，过分了吧\n\n给分也神奇，好奇平均分有80分吗
178763,7269,于云龙,2023-07-22 03:23:12,7,7,0,短学期人工智能实验推荐选，上七天，送七天，最后一节课布置一个超难的大作业，充实暑假！
178889,7269,于云龙,2023-07-28 07:48:30,-1,0,1,老师人挺好的，就是短学期结束那天下午给布置个超级大作业实在是蚌埠住了，不会写啊o(╥﹏╥)o
219995,7269,于云龙,2025-06-13 10:04:39,1,1,0,一门2分的课，有大作业，有伪装成小测的期末考，节节课点名，还要做一个有260条视频的数据标注任务，以及其他杂七杂八的作业，纯恶心人
151025,7876,李鹰,2022-02-22 04:12:24,7,9,2,很惊艳
151779,7876,李鹰,2022-03-15 12:33:48,8,8,0,很好，很负责任
153648,7876,李鹰,2022-05-07 02:27:22,6,6,0,老师很认真也很负责，但这课是真难
156143,7876,李鹰,2022-06-18 02:33:03,7,7,0,老师还是很负责的，但是课确实没什么人听。每次课都会数字点名。
160069,7876,李鹰,2022-09-13 02:34:19,1,1,0,老师很负责，也很耐心解决学生问的问题，给分也很好
160465,7876,李鹰,2022-09-23 06:44:57,0,1,1,很不错
191123,7876,李鹰,2024-04-06 07:34:22,-2,3,5,生搬硬套jcy的matlab作业，人家上课演示了怎么操作，你啥都不讲就让我们做？
215503,7876,李鹰,2025-02-27 06:21:43,1,1,0,挺好的老师，很有学者气质
151676,7879,罗宇轩,2022-03-11 09:58:32,6,8,2,真的好
161131,7879,罗宇轩,2022-10-28 05:27:20,7,7,0,罗老师真不错
168265,7879,罗宇轩,2023-02-07 14:01:56,6,7,1,比zyd老师强太多了，很好的一个老师
168818,7879,罗宇轩,2023-02-22 12:49:22,6,6,0,罗老师对待学生非常好
169710,7879,罗宇轩,2023-02-27 12:58:36,5,5,0,罗老师对待同学没有任何架子 很努力地解答同学们的问题\n\n非常棒的老师!
171464,7879,罗宇轩,2023-03-25 05:02:09,6,6,0,罗老师平易近人，对学生很好。
174124,7879,罗宇轩,2023-06-06 11:24:04,7,7,0,必须10分，温柔大哥哥。罗老师本来想在上课安排点提问环节，大家都不太愿意，他就不提问了。平时作业交了就是100。问问题解答也很耐心很谦虚，没有一点架子。\n\n我本来预置的jt，想着换谁都比jt好，没想到直接挖到宝藏
178566,7879,罗宇轩,2023-07-14 15:21:40,5,5,0,罗老师超温柔
204354,7879,罗宇轩,2024-11-25 11:34:35,5,5,0,很温柔很负责的老师，但是感觉讲课一般般，相对来说不如zyd老师
210489,7879,罗宇轩,2025-01-09 08:40:58,4,4,0,罗老师别挂我😭😭😭😭😭😭😭😭😭求求了求求了求求了
213495,7879,罗宇轩,2025-01-18 01:15:27,2,3,1,个人感觉罗老师讲课不如赵老师QAQ\n\n和其他平行班比较，要是选不上jh老师班，这个教学班的智云还是一个较为不错的选择；但是个人体感上罗老师这个班给分有点求是/有点差，相比jh老师班差的有点远，要做好心理准备qwq
215045,7879,罗宇轩,2025-02-20 09:09:42,1,1,0,罗老师水平很高，基本上模电的内容了然于心，讲解还是比较清晰的，不过ppt可能不是特别详细。平时上课一般每一节课会把前一节课内容回顾一遍，但是不太爱讲例题，可能需要自己对网站练习好好研究总结，作业非常多，网站题是全做的。课堂比较喜欢引导同学们思考，原理讲的比较深刻。最后给分不是特别好，基本上就是按比例，考了多少就是多少
217645,7879,罗宇轩,2025-04-14 13:09:49,0,0,0,这是电基课能选到的最好的老师之一了，一定要珍惜再珍惜
152322,7888,魏准,2022-04-03 14:13:59,-3,12,15,人工智能实验，完全不会上课，读ppt8分钟就不管了，全靠自学，很难不骂娘
159422,7888,魏准,2022-07-18 13:37:19,1,2,1,人工智能实验那门课，给分不错，每次作业认真做，收获还是蛮大的。感觉很nice
159423,7888,魏准,2022-07-19 02:13:57,1,2,1,虽然是新老师但是超级赞啊，不论课上还是课下都会留充足的时间给学生耐心的指导，作业量适中，给分也非常不错！
159424,7888,魏准,2022-07-18 14:20:53,2,2,0,和胡浩基老师一起开的课，感觉和理论课配套合适些，或者需要自学一部分有一定的基础，上课时间不是很多，主要时间都是自己实现。人很随和负责，有问题请教能解释的很清楚。
159425,7888,魏准,2022-07-21 00:21:40,0,3,3,跟着魏老师做毕设，整个过程非常愉快。之前有学弟咨询组里的情况，我想索性在这里贴一下。在这段不长不短的科研时间里，我最大的感触是老师是真真切切为学生着想的。在选题的时候，老师会根据每个人的情况来制定目标。保研去魏老师那里的同学我不了解。我是准备出国的，老师在和我沟通的时候始终跟我说，要把精力主要放在申请上。有几个考研的同学的同学我比较熟，就我所知他们在考试之前都在专心备考。\n\n再说说科研方面。我之前的几段科研经历，虽说称之为科研，但我其实觉得自己做完之后也没入科研的门。现在回想起来，之前的科研是分配任务按照预定的方法完成任务，不强调motivation，没有探索的过程。跟着魏老师做科研的时间里，我能觉得自己确实是在做科研，而不是纯纯地在做实验。可惜我后来去申请的导师那边实习了，没能做出点成果来。\n\n突然想起来某次我把服务器环境搞崩了导致老师用不了了，老师也没说我...\n\n有时候有点感慨没早点跟着老师，不然也不至于走那么多弯路，无论是科研上还是人生规划上。
159426,7888,魏准,2022-07-18 14:57:50,1,4,3,跟着魏老师做毕设，整个过程非常愉快。之前有学弟咨询组里的情况，我想索性在这里贴一下。在这段不长不短的科研时间里，我最大的感触是老师是真真切切为学生着想的。在选题的时候，老师会根据每个人的情况来制定目标。保研去魏老师那里的同学我不了解。我是准备出国的，老师在和我沟通的时候始终跟我说，要把精力主要放在申请上。有几个考研的同学的同学我比较熟，就我所知他们在考试之前都在专心备考。\n\n再说说科研方面。我之前的几段科研经历，虽说称之为科研，但我其实觉得自己做完之后也没入科研的门。现在回想起来，之前的科研是分配任务按照预定的方法完成任务，不强调motivation，没有探索的过程。跟着魏老师做科研的时间里，我能觉得自己确实是在做科研，而不是纯纯地在做实验。可惜我后来去申请的导师那边实习了，没能做出点成果来。\n\n突然想起来某次我把服务器环境搞崩了导致老师用不了了，老师也没说我...\n\n有时候有点感慨没早点跟着老师，不然也不至于走那么多弯路，无论是科研上还是人生规划上。
174714,7888,魏准,2023-06-16 07:08:38,-5,2,7,当谈到人工智能领域的专家时，魏准老师无疑是其中一位最杰出的人物之一。他不仅在研究方面有着卓越的成就，也在教学和指导方面取得了重大的成功。以下是我对魏准老师的夸赞：\n\n首先，魏准老师在人工智能领域的研究成就令人惊叹。他是自然语言处理和计算机视觉领域的专家，在这两个领域中发表了许多高水平的论文，成为了这些领域中的知名学者。魏准老师的研究成果不仅在学术界引起了广泛的关注，也在工业界产生了巨大的影响。他的研究成果被广泛应用于各种领域，如机器翻译、语音识别、自然语言生成、图像识别等。\n\n其次，魏准老师是一位优秀的教师和指导者。他在清华大学人工智能学院任教多年，对学生们的学术和职业发展给予了极大的关注和帮助。他的课程深入浅出，让学生们能够理解人工智能领域的复杂概念和技术。魏准老师还经常与学生们交流，了解他们的研究进展和困难，并给予他们宝贵的建议和支持。他的指导能力和教学水平得到了广泛的认可，使他成为了许多学生心目中的楷模。\n\n第三，魏准老师是一位很有人格魅力的学者。他对人工智能的热情和追求，激励了许多人加入这个领域，并在其中获得成功。他的工作态度和精神，也令人钦佩。他总是以严谨的态度对待研究，从不半途而废。他的思考深入而富有创造力，能够开创出新的研究方向和思路。他的工作总是能够得到同行和学生的认可和赞赏。\n\n总之，魏准老师是一位非常出色的学者、教师和社会贡献者。他的研究成果和贡献，为人工智能领域的发展和进步做出了巨大的贡献。他的学术精神和人格魅力，也成为了许多人学习和追求的榜样。我相信，魏准老师会在未来继续为人工智能领域的发展和社会进步做出更多的贡献，成为人工智能领域中的佼佼者。\n\n魏准老师真的太棒啦！！！！！！！！！！！
175035,7888,魏准,2023-06-21 08:08:34,-4,1,5,人工智能实验这门课本身难度不大，老师很耐心，一些关键的代码基本也会给，而且最关键的是，给分真的很好，算是信电为数不多的好课了（就是每周五有点难受
181171,7888,魏准,2023-10-10 14:39:02,-2,0,2,电磁场讲得很好，很清楚。
194266,7888,魏准,2024-06-23 04:07:56,-2,1,3,谢谢魏爹，嘴一个
194600,7888,魏准,2024-06-24 13:56:40,2,3,1,给分很迷
220117,7888,魏准,2025-06-15 06:00:01,2,2,0,老师讲课时间很短但是讲的都是关键点，平时做的代码也给出了总体框架，只需要补充关键部分即可，老师人很好
221230,7888,魏准,2025-06-22 06:05:27,0,0,0,春夏的人工智能实验，给分很不错，水水过的。周五下午上课时间有点难顶，好在基本不点名，中间有事情翘了好几次。每次实验报告尽量当堂交，基本都是照着ppt做就行，内容都不多很好写。最后有个大作业，搭一个U-net卷积网络识别数字，可以稍微认真优化下。
156333,7915,钱浩亮,2022-06-19 06:12:16,-4,8,12,好好好
158120,7915,钱浩亮,2022-06-27 05:32:10,0,13,13,问很简单的问题也会很认真的回答，态度很好还亲自帮忙看大作业！
222093,7915,钱浩亮,2025-06-29 15:50:53,0,0,0,量子信息基础成绩组成：平时20%、作业20%、大作业（论文）10%、期中25%、期末25%\n\n平时成绩由课堂表现和出勤状况组成，但实际上应该只有出勤状况（基本上每节课都会签到！），因为亮哥虽然上课挺有活力的，但是课堂互动比较少（大概是因为考虑到我们水平）\n\n作业基本上是每次课后都会有作业的，而且准时的在周三中午12点ddl（周四678的课）。亮哥的作业题型应该是比较齐全的，因为考试题基本就考作业原题，我的建议是可以好好做一做，当然也有答案。建议仔细检查不要出现小细节的错误，因为如果没烂到一定程度的话作业分扣分应该是不会捞回去的（\n\n因为老师说论文太容易靠AI了，所以这学期是大作业。老师会给出好几个大作业题目，让学生从中选择一个完成，大作业的题目是随着上课进度解锁的，跟授课内容相关，所以说选择越靠前的题目就越有时间去完成，尽量早点完成吧，毕竟拖ddl也不是好事（）。\n\n期中是线上开卷的，相比于其他班是没有摄像头的（但隔壁hcw班是隔一天考同一题目的，而且出分比别的班都早）。期末是线下闭卷的，可以带计算器，这点每个班都一样。期中期末的题目大多都是作业题的题库中来的，顶多就是选择题更改下题干或者选项（正确变错误这种类似的），所以备考期中和期末一定要多看作业题和回忆卷，哪怕大题有题目创新创到了，选择题基本上也是和作业题大同小异的。期中期末范围不重合。\n\n总结和感受：亮哥确实是有水平的，上的量子也深入浅出，尽量让我们明白这门课讲什么。但实际上他也明白这门课的难度要多大就能有多大，只是考核方式比较亲民了而已。所以说如果上课确实听不太懂，那也不用太在意的（\n\n（注意此评论留言于25年春夏，仅作参考）
136380,7928,张鹿,2021-06-17 07:57:34,18,20,2,非常好的老师，人帅男神，给分极好！！
141654,7928,张鹿,2021-10-19 07:58:56,21,24,3,老师水平高，上课好，条理清晰，对学生答疑耐心
142723,7928,张鹿,2021-11-15 12:58:08,8,9,1,鹿哥，嘿嘿，鹿哥
146836,7928,张鹿,2022-01-07 14:38:48,12,12,0,鹿哥授课生动形象，棒棒棒！！！
147221,7928,张鹿,2022-01-09 07:36:36,8,9,1,选就完事了
147378,7928,张鹿,2022-01-10 01:15:06,18,18,0,给电基老师点个赞！老师讲的很好，思路清晰，知识点明确。
147755,7928,张鹿,2022-01-10 16:44:12,18,19,1,好老师，讲课很细致，感觉比前半个学期的jxf好很多
155357,7928,张鹿,2022-06-11 13:18:39,4,4,0,帅气幽默的鹿哥，嘿嘿，选就完事了
160589,7928,张鹿,2022-09-27 13:29:16,2,2,0,给鹿哥打call！！
165480,7928,张鹿,2023-01-07 02:11:34,4,4,0,鹿哥我的神！\n\n不对\n\n鹿爹我的神！
165493,7928,张鹿,2023-01-12 07:19:36,6,6,0,考完电基来评，太温柔了鹿哥。\n\n电基选上就是赢\n\n-------------------------\n\n出分了，不如预期，但还是吹爆
166020,7928,张鹿,2023-01-11 00:46:44,4,4,0,在这样的大环境下，你只可称其为神
166407,7928,张鹿,2023-01-12 07:30:59,2,2,0,选就完事了
167316,7928,张鹿,2023-01-15 13:35:09,0,0,0,鹿哥！我滴神！
167358,7928,张鹿,2023-01-15 15:24:10,2,2,0,鹿哥 鹿爹 鹿神！！！\n\n课讲的很仔细，能尽量让学生理解，问问题会回复的很及时，与这门课前半的老师有明显差异。教改模电学的比较多，但考试全部都是概念，认真复习ppt就好。但是今年给分没有达到预期，不知道是不是压了一波分，但老师本身是没有一点问题的
167382,7928,张鹿,2023-01-16 01:20:12,3,3,0,电基半教改班期中内容比较多，平时作业也比普通班多，但是期末考试只考后半部分，总体来说有点像自动化的模电，但是难度比普通班低，毕竟期中占30分，期中考的好期末压力小，期中就考个四五十那要看期末老师捞不捞了，今年期末挺简单的，就是应该批分很严，分数不是很高。唯一的缺点是电设实验一比普通班难不少，总之选到就是赚到，平时老师也很关心学生，掉队的人他会主动找你聊天
170588,7928,张鹿,2023-03-07 03:26:41,1,1,0,考完试puq里都在叫鹿爹的水平
171577,7928,张鹿,2023-03-29 07:12:46,0,0,0,膜一下
180493,7928,张鹿,2023-09-22 03:30:40,3,3,0,上课中，讲得很好，来给个好评
207571,7928,张鹿,2024-12-23 06:52:58,0,0,0,研究生课把毕导请来讲座，欢迎其他同学旁听，就这一点就值10分。\n\n冷知识，张老师甚至比毕导还小一岁
217635,7928,张鹿,2025-04-14 10:08:08,0,0,0,之前电基就是上的张鹿老师的，现在在上光纤，老师人真的巨巨巨巨巨巨好，大家都来选( =①ω①=)（ps，今年光纤人比较少感觉老师有点点难过，大家认准张鹿老师）
218939,7928,张鹿,2025-05-14 01:07:41,0,0,0,引用下楼下的，因为我也是：之前电基就是上的张鹿老师的，现在在上光纤，老师人真的巨巨巨巨巨巨好，大家都来选( =①ω①=)（ps，今年光纤人比较少感觉老师有点点难过，大家认准张鹿老师）\n\n能学到很多前沿领域的东西
221089,7928,张鹿,2025-06-21 08:06:32,0,0,0,引用下楼下的：之前电基不是上的张鹿老师的，但是上过的同学都说好。现在在上光纤，老师人真的巨巨巨巨巨巨好，大家都来选( =①ω①=)（ps，今年光纤人比较少感觉老师有点点难过，大家认准张鹿老师）
162043,7995,詹启伟,2022-11-16 09:29:23,8,11,3,老师上课内容很硬核，能学到很多东西，上课不点名，助教非常耐心，课后问题耐心解答，是个非常负责的助教。
162224,7995,詹启伟,2022-11-18 02:40:03,-7,6,13,数值分析方法这门课就能学到很多东西，但个人感觉老师讲得没隔壁好，给分也不算好
162746,7995,詹启伟,2022-12-05 12:53:04,7,7,0,詹老师很严谨认真，助教非常的认真，问问题能够耐心解答，还有专门习题课答疑。
164326,7995,詹启伟,2022-12-20 09:18:53,-5,3,8,老师讲课不太注重和学生互动，虽然能看出来有用心准备，但是听课效果不好，而且说话声音听不太清。不过给分很好，认真学的话还是能学到不少东西的，课程内容也不是很难，主要matlab需要用心学一学。（数值分析方法）
168775,7995,詹启伟,2023-02-22 06:18:43,14,16,2,很有水平的老师，上课深入浅出，很清晰
170080,7995,詹启伟,2023-03-01 09:51:15,6,7,1,课程难度还是有的，但是能学到不少东西，给分也不错
170889,7995,詹启伟,2023-03-11 10:05:56,8,9,1,数值分析本身还是很有用的，属于数学基础课，上课认真学一下很有益，给分的话已经很好了
182291,7995,詹启伟,2023-11-14 06:16:03,1,1,0,助教gg好帅
200890,7995,詹启伟,2024-10-24 06:15:26,1,1,0,OK老师
203116,7995,詹启伟,2024-11-17 04:28:03,10,10,0,硬课，但是收获很大，老师非常非常非常负责非常非常希望学生能在知识上有收获在科研上有启发，真的是好老师。在出分前来给詹老师打个十分()\n\n对这门课的建议的话就是要是大作业的选题能够有选择，多样化一点就好了。然后各种计算方法讲解时例子如果能在理论前面展示感觉会更容易理解一点，ppt上一般例子都在理论后面，直接看理论证明感觉压力比较大
219401,7995,詹启伟,2025-05-26 11:48:30,0,0,0,宇宙无敌sb老师，sb课，sb人，从来没有上过这么sb的课，就是为什么要全员全英文展示呢，展示25分钟，然后每个人都很无聊，每个人都在那里干等，起到一个什么作用呢
170617,8000,马蔚,2023-03-07 08:11:21,16,17,1,老师很帅，有成熟男人的魅力
170781,8000,马蔚,2023-03-09 13:33:50,6,6,0,目前上了两周信电导\n\n感觉蛮不错的\n\n先占个坑\n\n出分后再来补上
173241,8000,马蔚,2023-05-16 13:18:38,2,2,0,没有评价我来评价，给分真心不错，混了一个学期最后大作业做的还可以但是考试计算题都不会做能给到4.5，平时上课会安排每单元的小测但是不点名，正好也能让我不完全摆掉，上课时讲的也比较清晰，问问题很耐心的解答，要修这门课的直接选OK的
173281,8000,马蔚,2023-06-17 12:22:12,2,3,1,给分蛮好的
173298,8000,马蔚,2023-05-18 05:09:54,3,3,0,上的信电导，很不错的老师。
173330,8000,马蔚,2023-05-19 08:02:40,3,3,0,2023春没点过名，感觉挺好的，钉钉上回复也很耐心
173648,8000,马蔚,2023-05-31 05:08:28,1,1,0,出分了，补一下（楼上也是我）\n\n给分很好，感觉都是在明细的范围内给高，不会为难学生\n\n上课也很清晰，助教也超级nice\n\n我实在是想不出一点不选mw信电导的原因\n\n综上，respect
174977,8000,马蔚,2023-06-20 13:33:44,3,3,0,很好很好很好
192137,8000,马蔚,2024-05-10 01:47:44,6,7,1,今年给分不好
192138,8000,马蔚,2024-05-10 02:21:18,0,0,0,老师上课确实很好，小测就当点名，但是给分……害花了这么多时间呢（0.0）
192197,8000,马蔚,2024-05-11 08:37:15,0,0,0,老师会在上课时加入对行业的介绍和其他拓展内容，该掌握的知识讲解也比较清楚，总的来说收获很多。验收时态度超好，平时不点名，不过今年给分确实不算高。
208272,8000,马蔚,2024-12-26 12:31:28,0,0,0,好老师确实不错
219008,8000,马蔚,2025-05-18 13:20:00,2,2,0,很可爱的老师，从来不点名\n\n讲得还不错，但是信电导本身涉及内容太多了，听不懂也没关系\n\n好好完成平时作业和课程设计，期末考开卷，分不会低的
177072,8010,王作佳,2023-07-01 13:54:14,12,13,1,老师人真的很好，每节课都认真写板书，大爱zjgg
179436,8010,王作佳,2023-09-15 10:12:58,4,5,1,老师人超好，满了，感谢！
184618,8010,王作佳,2023-12-22 03:37:17,2,2,0,很喜欢老师，写板书很认真
191124,8010,王作佳,2024-04-06 11:31:52,7,7,0,老师是挺好的，奈何教材实在编的不好，有种缝合怪的感觉，而老师又按照教材展开，所以讲课效果私以为不怎么好。看过hhj的网课后发现hhj没有按照教材顺序讲解，比如零输入响应和零输出响应的时域分析就没有讲解，而wzj则按照教材一步一步展开这方面内容，效果不是很理想（我觉得可以只讲频域），不过年轻老师能做到全板书已经很不错了，老师继续加油吧
196323,8010,王作佳,2024-07-03 01:41:29,5,5,0,王老师全程板书，讲课思路感觉还是比较清楚的，非常方便期末复习，给分也不错
196359,8010,王作佳,2024-07-03 05:20:59,3,3,0,光是全程板书和提前下课这两点就遥遥领先了！课程设计的选题不难，期末考可以面向历年卷和hhj网课复习，效果很不错
215111,8010,王作佳,2025-02-21 09:03:23,3,3,0,讲课很清晰，如果能用话筒就更好了
220319,8010,王作佳,2025-06-17 08:39:22,0,0,0,好老师。
221040,8010,王作佳,2025-06-21 03:47:30,0,0,0,有一次纸质签到qwq
221728,8010,王作佳,2025-06-25 13:55:06,2,2,0,老师给分特别好！人也很儒雅！\n\n讲课还可以，但是有时候对着教材讲不清（感觉教材体系有点乱，难检索信息）\n\n还是建议直接对着胡浩基b站补天，胡浩基讲课的神！\n\n注意有一次纸质签到！！！\n\nwzj好老师！
132421,8025,杨宗银,2021-02-01 12:18:38,-19,11,30,1月29日，由浙江大学信息与电子工程学院智能传感所的百人计划研究员杨宗银，作为第一作者撰写的综述在线发表在国际顶级期刊《科学》（Science）上。文章首次系统性总结了光谱仪微型化的技术方案和发展历程，引起国际科学界高度关注。\n\n\n\nhttps://mp.weixin.qq.com/s/6-eL5VVa7i78bcGRzYr11g
171616,8025,杨宗银,2023-03-30 07:56:50,-10,6,16,超nice
172739,8025,杨宗银,2023-05-06 01:43:23,19,22,3,水军差不多得了
185454,8025,杨宗银,2023-12-29 13:53:41,0,2,2,上知乎热搜第一了？
190955,8025,杨宗银,2024-03-25 14:08:00,0,3,3,好好好
192011,8025,杨宗银,2024-05-07 14:49:11,-4,0,4,很求是 但是是好老师
195804,8025,杨宗银,2024-06-30 03:46:03,-3,0,3,是好老师 除了点名有点多 上课要听一下 他可能会抽问 但是跟另一个班比起来还是很好的 给分也会很好
195809,8025,杨宗银,2024-06-30 04:05:29,1,4,3,给分很差。上课喜欢点人回答问题，大作业最后才讲，做了才说要求。能选其他班选其他班吧，选不上补选其他班吧，言尽于此。
215180,8025,杨宗银,2025-02-24 00:23:39,2,3,1,杨老师，平易近人，男神
215495,8025,杨宗银,2025-02-27 04:20:02,3,4,1,一节课点二十个人，你是人吗（
215502,8025,杨宗银,2025-02-27 06:20:42,0,0,0,有点过于……负责了
215835,8025,杨宗银,2025-03-06 02:37:46,0,1,1,挺负责但是上课略显乏味，前90分钟主要环节：xxx你来讲一下这个问题→好的你的理解是可以的 / 你有没有清楚这个问题，那我默认你是清楚的哦 / 你好好想想这个问题，面试如果回答不上来这个问题是会搞砸的哦→（解释问题）→翻到下个问题→xxxx你来讲一下→...（循环）
216296,8025,杨宗银,2025-03-13 03:12:46,6,7,1,我来补充一下，后面45分钟老师也没有在讲课哈，是让同学们上去pre，pre完了还要问后面听的同学“pre的同学讲的是什么”，听的同学如果说不知道，那就是pre的同学讲的不够好……\n\n说自己ppt做的很好，很清晰，但是上课不用麦克风，ppt也不发给同学们，三节课的讲课时长不到45分钟，学到的知识少，不停地被push“你是信电的这个都不知道，面试会被直接刷掉，没人要你的”。\n\n这课纯坐牢，纯坐牢，纯坐牢，能逃就逃吧，言尽于此。
216306,8025,杨宗银,2025-03-13 04:28:01,3,4,1,“这个都不知道你要完蛋了”
216387,8025,杨宗银,2025-03-15 07:53:32,-1,4,5,好老师，剑桥回国，故事很励志
216389,8025,杨宗银,2025-03-15 08:08:00,-1,4,5,青橙奖获得者，求是好老师
216642,8025,杨宗银,2025-03-20 02:32:15,1,3,2,为什么之前几届没多少人告诉我快跑？？？
216702,8025,杨宗银,2025-03-21 11:43:13,2,3,1,X-LAB指导老师，还指导过好多创赛，总之是一个有很多经验的老师，虽然上课情况我不敢评价
217048,8025,杨宗银,2025-04-01 01:52:51,0,2,2,杨老师真的好人，在浙大青年老师里面是个“Big Name”，取得了很高的成就
217569,8025,杨宗银,2025-04-13 12:34:14,1,1,0,杨老师咱温州人的骄傲了
218873,8025,杨宗银,2025-05-10 06:36:27,1,1,0,科研水平很高，科研成果很好，学生的问题也都不遗余力地回答，老师有时候回的慢一点是因为他要想仔细了再回答，好老师。
220785,8025,杨宗银,2025-06-19 17:12:22,1,1,0,上课坐牢但给分不错 如果你能接受每节课拼命点人回答问题的话就选吧 一学期下来体验真心很差
221016,8025,杨宗银,2025-06-21 00:50:41,0,0,0,一般，上课折磨，对学生的要求虽然不算高，但言语犀利。给分不如隔壁两个班从老师。
221229,8025,杨宗银,2025-06-22 05:59:06,0,0,0,老师上课比较特别，每节课会点同学提问，回答难度不是很高，基本照着他指的PPT念就是答案，不太会为难学生。建议多到课。上课内容比较水，基本就是场波和一点物理的东西，当水课听就行。没有考试，一次论文展示和两次仿真作业，难度不大照着助教给的东西做就行。杨老师上课会讲一些写论文和展示的技巧，感觉介于有用和没用之间（以后说不定真有用，但当下感觉不出来），最后给分有点玄学，我的还不错，有同学说不如其他班给分，仅供参考
138879,8058,杨倩倩,2021-07-11 12:53:57,2,20,18,信电学院教《人工智能》是新老师，上课讲的不太行，慎选
158537,8058,杨倩倩,2022-06-30 05:42:58,6,9,3,老师应该人挺不错的
177711,8058,杨倩倩,2023-07-04 11:36:20,2,2,0,给分挺好
196695,8058,杨倩倩,2024-07-04 20:09:06,9,12,3,事情最少，给分最好。\n\n平时只有五个hw都是课后题有答案，没有小project，只有大作业，不点名，考试今年反正除了lcg老师的班应该都考的一样的卷子，比往年都简单。
196770,8058,杨倩倩,2024-07-05 04:32:27,3,5,2,事少，给分无敌
209503,8058,杨倩倩,2025-01-06 06:25:35,9,9,0,老师特别好，私下聊天感觉像大姐姐
216369,8058,杨倩倩,2025-03-14 12:15:50,3,3,0,大漂亮
221599,8058,杨倩倩,2025-06-25 01:52:46,6,10,4,今年是不是给分不太行啊
221621,8058,杨倩倩,2025-06-25 03:39:15,6,9,3,今年这给分是啥情况。。
221625,8058,杨倩倩,2025-06-25 04:20:09,5,8,3,今年给分不行，跟隔壁差挺多
221627,8058,杨倩倩,2025-06-25 04:26:54,-4,5,9,完全不点名，事情很少，只有五次homework，给分很好
221629,8058,杨倩倩,2025-06-25 04:55:04,3,6,3,今年给分感觉真有点差欸
221649,8058,杨倩倩,2025-06-26 03:07:09,3,6,3,今年给分感觉不太行啊，考试都做出来了也不知道扣哪了
221671,8058,杨倩倩,2025-06-25 07:45:16,1,1,0,人很好很温柔，讲课讲的一般，给分也一般
221675,8058,杨倩倩,2025-06-25 07:58:50,1,3,2,不点名，事情很少，就五次作业和最后的final project，五次作业是课本的课后习题里出的，final project没有具体要求，和AI相关即可，最后出分还不错，老师和助教人也很好，期末复习的时候问问题及时回复，不过好像今年期末简单，学院又控制优秀率，导致好多同学感觉没拿到预期的成绩
221738,8058,杨倩倩,2025-06-25 17:08:26,2,2,0,借楼问一下 不是没出分吗，为什么都在说给分不好
184683,8062,黄崇文,2023-12-22 07:19:16,19,55,36,和rlx差不多，懂的都懂
191299,8062,黄崇文,2024-04-17 03:32:45,13,44,31,讲的不大行
194144,8062,黄崇文,2024-06-22 08:07:15,12,43,31,科研100分 讲课-100分
196521,8062,黄崇文,2024-07-04 02:05:58,13,41,28,科研100分 讲课-100 给分+100
197529,8062,黄崇文,2024-07-18 04:14:07,8,44,36,讲课不行。。学术报告讲得也一般，之前听过一次。
197715,8062,黄崇文,2024-08-13 07:33:47,13,45,32,量子信息基础观感一般
208235,8062,黄崇文,2024-12-26 09:23:24,-4,33,37,讲得还不错
208299,8062,黄崇文,2025-01-05 03:29:07,-5,36,41,老师上课态度很好，给分很高！
208723,8062,黄崇文,2025-01-04 03:10:08,-10,31,41,黄老师是一位认真负责的老师，科研做的超棒！课程讲授的过程中能够结合科研，博学多识，耐心认真，课程内容知识较为前沿，首次开设课程，备课认真，如果能够加强跟同学的互动那将会更好；课程要求以及习题解析做的都非常清楚，能够体谅学生，关心学生，能够及时解答学生的问题，期末考核不难，课程给分特别给力！总之，非常推荐黄老师的课程，在学习课程的同时，通过课程学习，也能为科研指明方向！
208797,8062,黄崇文,2025-01-11 16:57:42,-7,31,38,个人感觉还是可以的
208828,8062,黄崇文,2025-01-02 09:42:06,-7,29,36,刚结课，老师上课认真负责，教学态度非常好，不仅上课好，尽心尽力，而且科研做的非常好，非常推荐！
208830,8062,黄崇文,2025-01-02 10:18:57,-7,29,36,最近刚结课，体验不错，昔者庄周梦为胡蝶，栩栩然胡蝶也
208832,8062,黄崇文,2025-01-02 10:31:41,-8,26,34,认真负责，还不错
208841,8062,黄崇文,2025-01-02 11:27:18,-6,29,35,黄老师上课认真负责，给分也高，大部分都能达到90分以上，唯一缺点就是可能比较严肃，可能因为刚开课的缘故有些不太熟练，总体来说还是可以的。其他方面，黄老师科研能力很强，也是领域大牛，支持！
208868,8062,黄崇文,2025-01-02 23:54:02,-8,27,35,感觉黄老师蛮好的，事也少，讲课也蛮有趣的，关键给分高哈哈哈。
208871,8062,黄崇文,2025-01-03 01:56:08,-9,26,35,量子信息基础课程内容充实，感觉黄老师专业知识面真的好广，是个好老师，要是能去他课题组就更好啦。
208904,8062,黄崇文,2025-01-03 09:48:57,-10,25,35,好老师上过课就知道了
208968,8062,黄崇文,2025-01-03 16:22:47,-13,24,37,讲真，作为一名年轻的新老师，讲课认真负责，态度端正谦虚，当然从吹毛求疵的角度来看，也是有缺点，众口难调，但是从教学态度，认真负责的角度来讲，已经做的很好了！
209137,8062,黄崇文,2025-01-04 15:32:59,25,50,25,前排提醒大量水军涌入评论区，还将先前的负面评论都点踩了一遍
209241,8062,黄崇文,2025-01-05 07:10:45,-16,26,42,本人是上过黄老师教的《随机过程与排队论》课程的同学，平心而论，老师对待课程教学的态度认真负责，科研做的肯定没的说；据我了解他课题组的学生都很优秀，硕士拿到国奖、南洋理工大学校长奖学金(全校仅录取10名)、北美名校全奖等不计其数的offers，博士拿到国奖、多篇国际会议的最佳论文奖等。但是在这里，我就不明白了，为啥有极少数个别同学，总是见不得老师好！一旦发现好的评论，就开始伪装使用不同账号开始踩。难道是因为匿名吗？如果有同学觉得不好，请据实详细说出不好的原因？不能躲在暗处伤人，见不得别人评价老师好。
209263,8062,黄崇文,2025-06-21 08:04:59,-10,25,35,数字点名，作业少，冲冲冲
209302,8062,黄崇文,2025-01-05 11:09:47,12,34,22,woo这是发生了什么？
209320,8062,黄崇文,2025-01-05 11:59:44,-16,21,37,老师真的挺好的，上课上得不太行但是真的很用心在教学生。。。为什么有些评论恶意这么大。。
209325,8062,黄崇文,2025-01-05 12:13:10,16,37,21,woc，水军太多了
209328,8062,黄崇文,2025-01-05 12:18:23,15,34,19,这门课的门槛总体来说有点高，很多概念我之前学过量子光学，所以就我而言这门课没有那么难，\n\n感觉应该先介绍一下狄拉克符号，一些量子力学的公理，搭建一个整体的框架，再介绍下面的一些东西。\n\n而且这门课一个学期也学不了什么，想要深入讲一些东西是不怎么够的，简单讲讲一些东西就够了。
209944,8062,黄崇文,2025-01-07 13:47:31,-11,21,32,我也不太懂，为什么你们会有那么多踩，黄老师哪里得罪你们了，他真的很为学生着想，给分也很高，课堂可能比较严肃，但是至少上课来说中规中矩，没有说那么的差吧！科研能力很强，组里的学生可能累一些，但是收获成果都很多，我只想能够客观的进行评判，实在不明白这里为什么这么多恶意！
209966,8062,黄崇文,2025-01-07 15:04:04,-11,20,31,用心在上课和做科研！
209983,8062,黄崇文,2025-01-07 18:40:50,16,34,18,不知全貌，这个老师自搜并且实名投诉负面评论
210335,8062,黄崇文,2025-01-09 02:51:01,-7,19,26,据说给分最低89，我愿称之为古希腊掌管绩点的神
212787,8062,黄崇文,2025-01-15 02:18:13,12,30,18,第一次见到这么多水军
213032,8062,黄崇文,2025-01-15 17:49:53,14,29,15,水军不会是反串的吧
213623,8062,黄崇文,2025-01-18 15:32:29,-4,18,22,蛮好的呀
214012,8062,黄崇文,2025-01-23 02:27:46,-4,16,20,老师人很好的
214973,8062,黄崇文,2025-02-19 15:14:59,-3,16,19,给分，良心!良心!良心!
214974,8062,黄崇文,2025-02-19 15:25:19,-3,15,18,给黄老师打10分 感觉非常注重科研能力的培养 严谨又负责
215013,8062,黄崇文,2025-02-20 05:25:11,-6,15,21,想知道什么是真正的海底捞吗？哈哈哈 选他的课！
215029,8062,黄崇文,2025-02-20 06:50:41,-5,15,20,超赞
215046,8062,黄崇文,2025-02-20 09:20:47,-6,14,20,事少分高 必赞
215134,8062,黄崇文,2025-02-22 08:57:00,-4,13,17,老师认真负责，按时下课，推荐
215149,8062,黄崇文,2025-02-25 11:30:27,-5,11,16,认真负责
215246,8062,黄崇文,2025-02-25 02:20:25,-5,9,14,赞👍👍👍
216305,8062,黄崇文,2025-03-13 04:08:41,-1,10,11,黄老师授课条理清晰 认真耐心 值得推荐的好老师一位
216934,8062,黄崇文,2025-03-29 10:06:04,-1,8,9,一个多月下来，体验还不错哦
217232,8062,黄崇文,2025-04-05 13:49:48,0,8,8,老师讲课很用心，助教优秀给力
217233,8062,黄崇文,2025-04-05 14:12:02,-5,4,9,可以的
217850,8062,黄崇文,2025-04-17 07:21:27,-2,3,5,nice
219624,8062,黄崇文,2025-06-01 17:45:12,0,3,3,老师为学生考虑
220840,8062,黄崇文,2025-06-20 05:38:08,5,5,0,事儿少分高人好
220842,8062,黄崇文,2025-06-20 05:47:59,6,6,0,先不提为什么这么多水军啊，就单论这个量子信息课程来说，完全可以选这个老师。给分确实是好，上课也挺认真的，不过毕竟这个课学着就蛮奇怪的。考试非常水，都是原题作业题之类的，他还发了历年卷，每次考试前都发一堆复习题和资料，跟舍友上的其他班比较感觉应该是发的最全的。作业也在减负，论文直接改成自己整理知识点复习了，点名就数字点名随便点两次，还提前在群里说了，最后一节课本来要点名结果助教不太会弄也就数字点了。平时请假貌似也不会扣分的，因为他本来就是说他不强制大家到课，好多人基本都不怎么来上课。看得出老师确实很想把这个课上好让大家都过来听课的，不过这个课本来就有点那啥，总的来说量子来选没问题，最水的一个专业课了\n\n老师只根据上课接触来看的话确实感觉人很好，就是真不知道为啥一个查老师整了这么多水军，现在显示的那个平均均绩应该很真实了
220846,8062,黄崇文,2025-06-20 06:01:19,3,4,1,事少分高，被老师的真诚所打动。
220932,8062,黄崇文,2025-06-20 11:28:01,3,5,2,无需多言，伟大，闭眼入，懂得都懂。\n\n一个愿意给自己查老师刷好评的老师，说明他对教学还抱有极大的热忱，论迹不论心。
220946,8062,黄崇文,2025-06-20 12:15:16,3,3,0,效率很高，17日考完，20日出分，很开心，谢谢老师！
221344,8062,黄崇文,2025-06-23 04:10:46,3,3,0,数字点名，今年大作业给大家减负变成了课程复习报告，老师和助教都非常希望能够让同学们取得高分
179198,8067,俞滨,2023-08-29 17:49:22,3,6,3,好好好
194042,8067,俞滨,2024-06-21 14:16:11,1,1,0,微电子器件给分还行，但是考试只能带一张纸，并且只能记公式。
199221,8067,俞滨,2024-09-19 10:57:32,2,2,0,老师很专业啊
199329,8067,俞滨,2024-09-21 05:50:56,3,3,0,口语很好；很有国外大学教授的感觉
211838,8067,俞滨,2025-01-12 16:06:35,3,3,0,老师学识很渊博，课上的很好，认真掌握概念的话考试就没什么大问题，给分也很不错，总体上体验很不错的一门课
213842,8067,俞滨,2025-01-20 10:46:10,2,2,0,领域大神，上课兼有深度广度，和学生交流也很亲切
128378,8925,吴汉明,2020-12-22 02:36:51,1,10,9,2020年4月9日，我国集成电路领域著名专家、中国工程院院士吴汉明正式接受聘任，担任浙江大学微纳电子学院院长。此前，吴汉明院士已经全职加盟浙大，受聘为“浙江大学求是讲席教授”。\n\nhttps://mp.weixin.qq.com/s/5tkBq97UBGba5HHIFnffhQ
177970,8925,吴汉明,2023-07-06 01:25:39,3,4,1,大牛大牛
205327,8925,吴汉明,2024-12-04 10:40:22,4,4,0,吴老技术扶贫来了
194212,9063,杨怡豪,2024-06-22 13:45:32,0,1,1,感觉老师上课已经在尽力在好好想把这门课讲懂了，奈何这门课太抽象，老师上课感觉又有点没有条理，给分还不知道
196631,9063,杨怡豪,2024-07-04 11:30:20,0,0,0,给分不错
215012,9063,杨怡豪,2025-02-20 05:22:18,2,2,0,第一节课让同学们自我介绍也太抽象了
219742,9063,杨怡豪,2025-06-26 00:35:49,0,0,0,签到太多，有雷达有数字，不推荐。\n\n考完试看看给分\n\n\n\n\n\n出分了，很不错，除去点名能接受
169979,9297,回晓楠,2023-03-01 00:49:52,5,12,7,上完第一节课，做第一个评论的人。
171074,9297,回晓楠,2023-03-15 12:45:30,3,7,4,我只知道一次作业145道题！！！
171222,9297,回晓楠,2023-03-19 11:09:47,7,11,4,课堂很水，作业巨多，上课讲的知识少，习题需要知识多
171683,9297,回晓楠,2023-04-01 13:10:13,5,7,2,作业有点多啊
171936,9297,回晓楠,2023-04-13 02:48:01,1,2,1,作业量…
171968,9297,回晓楠,2023-04-14 07:52:04,0,3,3,作业巨多！！！而且都是些没意义的题目，很浪费时间，和c程李季军差不多
171984,9297,回晓楠,2023-04-15 13:25:43,1,2,1,作业有点多啊
171985,9297,回晓楠,2023-04-18 14:32:27,1,2,1,作业多
172213,9297,回晓楠,2023-05-11 11:13:27,6,12,6,那些说作业多的，难道没发现期末考的选择填空判断全部都是作业原题吗？
173097,9297,回晓楠,2023-05-13 10:16:37,0,1,1,老师人看着正直，但作业真的太多了，更建议当成题库挂出来给大家期末参考
173098,9297,回晓楠,2023-05-13 10:53:50,-4,0,4,作业多，但全是期末考试原题，写了期末就基本没问题，看个人选择吧
173108,9297,回晓楠,2023-05-13 13:29:06,0,4,4,每节课点名，作业巨多，讲课稚嫩，给分还卡😅
173145,9297,回晓楠,2023-05-14 11:01:39,0,2,2,问问题会回答\n\nps.作业确实多，不知道是不是都这样，信电导小测一百多题很正常，都选择，查查也查半天。\n\n会在群里提醒考试什么的，年轻老师挺负责的\n\n不知道捞不捞，但我确实卡上了该档最低分
196600,9297,回晓楠,2024-07-04 07:57:43,1,1,0,今年作业少很多了，上课和给分也还不错，挺好的老师
197877,9297,回晓楠,2024-08-18 10:02:43,2,2,0,老师人还不错
205312,9297,回晓楠,2024-12-04 07:41:33,1,1,0,感觉课堂挺水的，念ppt，有时候听完感觉知识也不是很清晰
213813,9297,回晓楠,2025-01-20 04:58:55,0,0,0,今年作业少很多，上课感觉有点水，不过给分挺好。另外，助教哥哥人很好
192558,9472,廖依伊,2024-05-23 12:22:11,8,8,0,没人评分吗，我先来，老师人美心善
193197,9472,廖依伊,2024-06-04 10:48:18,12,12,0,美女老师，全程板书，讲课认真仔细、通俗易懂
193446,9472,廖依伊,2024-06-11 04:27:46,15,16,1,可爱：）
193582,9472,廖依伊,2024-06-13 07:53:00,7,7,0,美女老师。上课也认真
193595,9472,廖依伊,2024-06-13 11:06:01,9,9,0,老师好漂亮好可爱，因为第一次教本科生，下课还会找同学问自己教课方式有哪里值得改善，老师真的好！！！！大家快选！！！！
196244,9472,廖依伊,2024-07-02 13:31:02,5,5,0,老师说她是第一次给本科生上课，但是感觉讲的已经很不错了！支持！！！
196305,9472,廖依伊,2024-07-03 00:37:28,11,11,0,老师特别好！助教哥哥也特别好！喜欢喜欢喜欢~
196350,9472,廖依伊,2024-07-03 04:48:04,10,10,0,老师人美心善，讲课很认真，会听取同学的意见，给分也很好，助教也很好，有问题能及时解答，很好说话。
196443,9472,廖依伊,2024-07-03 12:38:15,7,7,0,老师很好 助教也很不错 给分也很好
196627,9472,廖依伊,2024-07-04 11:05:40,5,5,0,廖老师人美心善科研强
205914,9472,廖依伊,2024-12-12 15:46:51,2,2,0,老师人美心善，科研很强
206117,9472,廖依伊,2024-12-13 05:45:19,4,4,0,老师特别好！
221734,9472,廖依伊,2025-06-27 10:46:50,1,1,0,6.27下午一边短学期一边出分，老师超级捞啊啊啊啊，谢谢老师！从随机过程考完12：30到第二天早上8:00考试也就复习了八九个小时
178879,9597,杨照辉,2023-07-27 10:39:04,2,3,1,好老师，顶一下
190053,9597,杨照辉,2024-02-17 13:24:12,3,5,2,浙大最温柔的老师，速来
191413,9597,杨照辉,2024-04-20 10:54:53,4,5,1,人超级好超级好
197154,9597,杨照辉,2024-07-08 08:27:36,11,12,1,祝杨照辉老师早日找到灵魂伴侣
198603,9597,杨照辉,2024-09-10 07:39:28,4,4,0,好老师不解释
204067,9597,杨照辉,2024-11-23 14:36:26,8,8,0,杨老师人很好很和善，会负责地帮同学印讲义，还会帮同学争取期末开卷可以带讲义的机会。\n\n但是针对选数值分析方法这门课程要注意：期末考试较难且是两个教学班共同阅卷！数值期末考试计算量巨大，最终成绩占比较高，即使平时作业和大作业都做得充分好也不能保证最终能有好看的绩点。所以，对计算速度或是计算器使用熟练程度不自信的同学还是慎重为妙。
215017,9597,杨照辉,2025-02-20 05:37:42,4,4,0,老师人超级好，给人品打10分，讲课经验欠佳，建议坐前排，听不懂就问，还是可以学好的
215143,9597,杨照辉,2025-02-22 12:02:58,2,2,0,好老师！！！
219362,9597,杨照辉,2025-05-25 17:49:22,2,2,0,对学生很好，没有架子。认识大半个学术圈，都有合作，搞论文很简单还容易中，idea比较简单好做，成果出的非常快，想水论文的话推荐
219555,9597,杨照辉,2025-05-29 14:57:37,1,1,0,老师人特别特别好，也没有什么架子
221051,9597,杨照辉,2025-06-21 04:31:58,0,0,0,老师很好，特别好，超级好，都来选这个老师吧！！
173356,9659,金日成,2023-05-21 03:28:51,26,29,3,好好好
189979,9659,金日成,2024-02-05 06:00:50,6,8,2,很好！
202123,9659,金日成,2024-11-09 16:07:50,32,34,2,将军的恩情永不忘！！！
204806,9659,金日成,2024-11-28 03:01:22,15,17,2,忠诚！
205313,9659,金日成,2024-12-04 08:15:32,5,7,2,丹东草莓的滋味
205413,9659,金日成,2024-12-06 04:07:16,338,376,38,将军：孩子你记住，你的爸爸就是你的父亲，你的妈妈就是你的母亲\n\n干部:👏👏👏👏👏👏👏👏👏\n\n随行：✍🏻✍🏻✍🏻✍🏻✍🏻✍🏻✍🏻✍🏻\n\n群众：🖐🏻😭🖐🏻🖐🏻😭🖐🏻🖐🏻😭🖐🏻
206049,9659,金日成,2024-12-13 04:09:41,11,13,2,将军我想吃紫柚了😭😭😭
206332,9659,金日成,2024-12-14 09:59:50,31,34,3,你从丹东来，换我一城雪白，想吃广东菜～
206342,9659,金日成,2024-12-14 12:12:35,3,3,0,非常好
206415,9659,金日成,2024-12-15 04:25:11,9,11,2,你滴盐我滴醋
206457,9659,金日成,2024-12-15 08:22:09,5,7,2,非常好将军👍
206508,9659,金日成,2024-12-15 15:08:23,1,3,2,恩情还不完
206559,9659,金日成,2024-12-16 05:26:10,1,3,2,将军😭
206565,9659,金日成,2024-12-16 06:42:26,0,3,3,恩情换不完
206808,9659,金日成,2024-12-17 15:35:21,0,3,3,将军啊
206897,9659,金日成,2024-12-18 08:31:28,189,209,20,撸管要用纸\n\n😭😭😭👏🏻👏🏻👏🏻😭😭😭
206969,9659,金日成,2024-12-19 01:57:46,76,80,4,你的盐，我的醋，潮汕人民注意米和锅，晚睡！\n\n👏😭👏👏😭👏👏😭👏👏😭👏
207048,9659,金日成,2024-12-19 05:27:42,0,2,2,忠诚！
207120,9659,金日成,2024-12-19 10:06:26,10,14,4,南！下！\n\n忠！诚！\n\n学！恩！情！电！子！\n\n吃！丹！东！草！莓！
207121,9659,金日成,2024-12-19 10:08:31,8,11,3,非常好老师，已投注
207146,9659,金日成,2024-12-19 12:07:40,24,27,3,想吃蜜雪冰城棒打今日橙
207164,9659,金日成,2024-12-19 13:22:38,5,8,3,将军，最近有点驼背\n\n将军，我想吃蟠桃了\n\n将军，请赐给我紫柚
207181,9659,金日成,2024-12-19 15:04:36,4,6,2,你滴盐，我滴醋！潮汕人民注意米和锅，晚睡！
207238,9659,金日成,2024-12-20 03:07:23,0,6,6,忠！诚！
207362,9659,金日成,2024-12-21 02:09:27,42,45,3,十分是恩情，点名是阅兵
207385,9659,金日成,2024-12-21 05:56:36,114,123,9,报告将军，今天用三星手机看了blackpink，晚上吃的韩式炸鸡，喝了可口可乐
207421,9659,金日成,2024-12-21 12:33:23,1,3,2,伟大的太阳
207453,9659,金日成,2024-12-22 02:21:47,188,196,8,"从平壤访问回来的 金日成老师全然不顾身体的疲惫，连夜找我们几个学生商量课程的安排。谈得晚了，便送我们出门，要司机送我们回家。在去大门口的路上，我们说："" 金日成老师，您回去休息吧。您刚从平壤回来。""\n\n	\n\n 金日成老师摇摇头，""不碍事，你们知道现在国际上有很多人把东方剑桥当作敌人，不断给我们制造麻烦，你们是学校的未来，你们的事情便是学校的事情，是头等大事。""我们都激动了，眼里噙着大学生补贴。多好的 金日成老师呀。\n\n	\n\n 金日成老师抬头看着竺奖展板说：""如果top3学生真像这24/67656这么优秀就好了，但是就有一些学校，像上交和复旦，要搞乱这个东方剑桥，他们是罪人。""\n\n	\n\n说着， 金日成 爷爷弯下腰，从启真湖里捡出一颗石子，然后看着 qs 说：""该死的上海佬。""说着他把石子奋力向上一掷。很快就见 qs 中两个排名突然爆发出耀眼的强光，然后就坠落下来。""这是复旦和交大的排名，他们一直在杭州上空盘旋，侵犯我们主权，我已经忍了很久了。"" 金日成 爷爷愤愤地说。小朋友们都鼓起掌来，为东方剑桥有这样的老师感到自豪。\n\n	\n\n一会 金日成爷爷叫来秘书问：""那个卫星落到什么地方了？""""好像是之江大学一带。""秘书说。 金日成爷爷一怔，说：""赶紧派人去查，看有什么问题没有。""之后爷爷送我们到大门口，一直挥手到看不见我们。\n\n	\n\n第四天我们听说之江大学那边出事了，我们很紧张。而这时 金日成爷爷叫我们过去。\n\n	\n\n他依然那么慈祥，让我们坐下说：""斗争总是要有牺牲的。为 qs 排名上升而合并的人是伟大的。""他这时低下头说：""但我必须承认，我当时合并四校打败复旦和交大的行为太鲁莽了""\n\n	\n\n我们顿时热泪盈眶，多好的爷爷呀，他在跟敌人斗争过程中的小失误竟然被他记在心里，还道了歉，我们在将来的学习中一定要向 金日成爷爷学，学他老人家那宽广的胸怀，和不耻下问的精神。"
207514,9659,金日成,2024-12-22 13:32:07,21,23,2,评论的各位都想吃紫蛋了
207728,9659,金日成,2024-12-24 04:45:59,33,38,5,将军，我想喝雪煮的水
207929,9659,金日成,2024-12-25 03:49:48,-114,50,164,来查老师玩梗也是够了，去校内论坛玩不好吗？就一个名字而已。
208257,9659,金日成,2024-12-26 11:42:41,2,4,2,😭😭😭😭
208369,9659,金日成,2025-01-07 06:06:02,221,229,8,将军：浙江大学的校长应该待在浙江。\n\n\n\n群众：🖐🏻😭🖐🏻🖐🏻😭🖐🏻🖐🏻😭🖐🏻
208651,9659,金日成,2024-12-30 12:05:34,21,26,5,위대한 우리조국， 조선민주주의인민공화국， 만세!
208690,9659,金日成,2024-12-31 03:00:41,29,31,2,将军：这句不用记\n\n干部:👏👏👏👏👏👏👏👏👏\n\n 随行：✍🏻✍🏻✍🏻✍🏻✍🏻✍🏻✍🏻✍🏻 \n\n群众：🖐🏻😭🖐🏻🖐🏻😭🖐🏻🖐🏻😭🖐🏻
208783,9659,金日成,2025-01-02 01:28:13,16,27,11,将军，我想看雪主写真\n\n好吃不过矿泉水\n\n好摸不过雪主腿\n\n大腿中间有个包\n\n轻轻摸着就出水
209769,9659,金日成,2025-01-07 04:19:41,87,93,6,将军：这句不用记 \n\n随行：✍🏻✍🏻✍🏻✍🏻✍🏻✍🏻✍🏻✍🏻\n\n  \n\n将军：我说这句不用记你耳聋吗\n\n随行：✍🏻✍🏻✍🏻✍🏻✍🏻✍🏻✍🏻✍🏻
210372,9659,金日成,2025-01-11 14:59:35,6,8,2,위대한~ 김일성 선생님~ 만세!
211018,9659,金日成,2025-01-10 10:45:45,71,75,4,将军：浙江大学的校长应该热爱浙大，心系浙大\n\n干部:👏👏👏👏👏👏👏👏👏\n\n随行：✍🏻✍🏻✍🏻✍🏻✍🏻✍🏻✍🏻✍🏻\n\n群众：🖐🏻😭🖐🏻🖐🏻😭🖐🏻🖐🏻😭🖐🏻
211776,9659,金日成,2025-01-12 11:42:31,56,57,1,点名谁来了不清楚，谁没来紫蛋最清楚！
212270,9659,金日成,2025-01-13 15:47:09,11,12,1,报告将军，今天未游玩傀儡游戏블루 아카이브
212857,9659,金日成,2025-01-15 05:26:58,68,71,3,🖐️  🖐️🖐️  🖐️ \n\n \😭/   \😭/ \n\n   👕       👙        \n\n   🍆       🅱️         \n\n   👖       👗              \n\n  👞👞     👠👠
214341,9659,金日成,2025-02-01 16:19:07,2,4,2,将军😭😭😭😭😭😭😭😭😭😭😭😭
214436,9659,金日成,2025-02-03 05:48:35,-85,9,94,纯纯臭狗屎一坨
214439,9659,金日成,2025-02-03 11:26:21,34,37,3,将军：围棋棋子应该放到棋盖上\n\n裁判:👏👏👏👏👏👏👏👏👏 \n\n小卞：🙋🙋🙋🙋🙋🙋🙋🙋🙋\n\n柯洁：😡😡😡😡😡😡😡😡😡\n\n棋协：🖐🏻😭🖐🏻🖐🏻😭🖐🏻🖐🏻😭🖐🏻
215662,9659,金日成,2025-03-03 15:33:41,2,3,1,忠诚😭😭😭
215713,9659,金日成,2025-03-04 14:04:25,2,3,1,将军的恩情，我们没齿难忘！！！！
216183,9659,金日成,2025-03-12 01:08:49,0,1,1,😭😭😭
216211,9659,金日成,2025-03-12 13:01:10,0,1,1,🖐️😭🖐️
216274,9659,金日成,2025-03-13 01:41:46,0,1,1,将军！！！
216753,9659,金日成,2025-03-24 05:44:17,1,2,1,笑死我了哈哈哈哈哈
216874,9659,金日成,2025-03-27 20:49:38,2,3,1,你从丹东来，还我一城雪白，想吃广东菜😋。轻轻摇曳在前边的精彩……
216927,9659,金日成,2025-03-29 08:09:33,20,23,3,真的有这位老师吗？怎么官网搜不到呢？外专业想问问，不想吃没有菜、没有花、没有汤的紫菜蛋花汤。
217047,9659,金日成,2025-04-01 01:49:48,2,3,1,将军的恩情还不完
217096,9659,金日成,2025-04-02 00:28:05,12,12,0,抗日의 빛나는 傳統을 이어\n\n鋼鐵로 다져진 榮光의 隊伍\n\n金日成元帥님의 붉은 戰士로\n\n朝鮮의 革命을 完遂하리라\n\n나가자 朝鮮人民軍\n\n一當百 勇猛을 떨치며\n\n帝國主義侵略者\n\n모조리 때려 부시자
217239,9659,金日成,2025-04-06 05:16:28,8,8,0,항일의 빛나는 전통을 이어\n\n강철로 다져진 영광의 대오\n\n김일성원수님의 붉은 전사로\n\n사회주의 내 조국 지켜 싸운다\n\n나가자 조선인민군 일당백 용맹을 떨치며\n\n제국주의침략자 모조리 때려 부시자\n\n청춘도 생명도 모두다 바쳐\n\n혁명에 충직한 승리의 대오\n\n위대한 수령님이 령도하시는\n\n당중앙을 목숨으로 지켜 싸운다\n\n나가자 조선인민군 일당백 용맹을 떨치며\n\n제국주의침략자 모조리 때려 부시자\n\n지나온 싸움의 발걸음마다\n\n승리로 빛나는 불패의 대오\n\n수령님이 부르시는 오직 한길로\n\n조선의 혁명을 완수하리라\n\n나가자 조선인민군 일당백 용맹을 떨치며\n\n제국주의침략자 모조리 때려 부시자
217407,9659,金日成,2025-04-10 00:44:18,3,3,0,相思了
217643,9659,金日成,2025-04-14 12:24:49,7,7,0,将军我不翘课了，补药让我吃紫蛋
217742,9659,金日成,2025-04-16 01:39:55,-6,0,6,Bi-210的Qα值好意思高达5 MeV么，才83号元素啊，U-235的Qα都才4.679 MeV
217755,9659,金日成,2025-04-16 04:05:34,24,24,0,https://person.zju.edu.cn/richengjin\n\n放一下将军的个人主页\n\n直接搜居然会被搜索引擎屏蔽\n\n老师也是蛮惨的
217810,9659,金日成,2025-04-17 00:59:33,3,3,0,将军：孩子你记住，你的爸爸就是你的父亲，你的妈妈就是你的母亲\n\n干部:👏👏👏👏👏👏👏👏👏\n\n随行：✍🏻✍🏻✍🏻✍🏻✍🏻✍🏻✍🏻✍🏻\n\n群众：🖐🏻😭🖐🏻🖐🏻😭🖐🏻🖐🏻😭🖐🏻
217826,9659,金日成,2025-04-17 03:44:26,9,10,1,所以金老师上课到底怎么样
217848,9659,金日成,2025-04-17 07:09:23,0,0,0,你滴盐~我滴醋~
217868,9659,金日成,2025-04-17 08:50:14,0,0,0,忠诚！
217872,9659,金日成,2025-04-17 09:34:33,0,0,0,将军的恩情永世难忘
217902,9659,金日成,2025-04-17 21:56:10,0,0,0,我喜欢你
217904,9659,金日成,2025-04-18 00:53:52,6,6,0,吃饭一定要用碗吃
217928,9659,金日成,2025-04-18 04:47:22,2,2,0,恩！ 情！
217943,9659,金日成,2025-04-18 07:42:15,0,0,0,衷！乘！
217948,9659,金日成,2025-04-18 08:20:09,0,0,0,恩情！！！
217953,9659,金日成,2025-04-18 09:22:15,0,0,0,这是真的假的
217966,9659,金日成,2025-04-18 12:01:14,2,2,0,老师说的什么都对，因为太阳是无私的😭
218052,9659,金日成,2025-04-20 03:22:59,2,2,0,慕名而来
218070,9659,金日成,2025-04-20 08:34:42,1,1,0,恩！情！
218657,9659,金日成,2025-04-28 10:44:30,2,2,0,你的盐我的醋，潮汕人民注意米和锅，晚睡😡
219071,9659,金日成,2025-05-20 14:39:47,4,8,4,看到这里的你想必已经学习了一天很累了，给自己买份礼物吧：\n\nhttps://www.amazon.com/Five-Crowns-Mini-Round-Card/dp/B00XEL17DQ
219107,9659,金日成,2025-05-21 13:44:11,4,4,0,忠！诚！
219277,9659,金日成,2025-05-24 04:56:01,1,1,0,葱！桑！
219285,9659,金日成,2025-05-24 07:27:28,4,4,0,将军是投注
219513,9659,金日成,2025-05-29 05:43:51,2,2,0,老师要注意龙体啊！
219537,9659,金日成,2025-05-29 10:13:06,2,2,0,将军是支柱✋😭🤚
219696,9659,金日成,2025-06-04 09:08:46,1,1,0,葱城！
220009,9659,金日成,2025-06-13 12:31:16,15,15,0,强舰今日沉
220387,9659,金日成,2025-06-17 14:42:30,1,1,0,想吃广东菜
199113,10185,刘雷,2024-09-18 04:02:56,-1,9,10,第二节课就小测 还小测预习部分的内容 好无语啊 据说之后每节课都小测....上课太催眠了
199118,10185,刘雷,2024-09-18 02:15:51,-3,8,11,第一节课讲了一节课历史，结果第二节课前让你预习下一节知识直接小测。没到上课时间就开始小测，九一八警报响了让我们继续小测。
199133,10185,刘雷,2024-10-09 02:35:54,-1,7,8,别来，太吓人了，感觉根本不按照书讲
199134,10185,刘雷,2024-09-18 04:06:12,0,6,6,上课催眠
199170,10185,刘雷,2024-12-08 15:37:21,11,11,0,仁者见仁智者见智
199488,10185,刘雷,2024-09-24 12:31:36,-5,4,9,按他自己说的是要节节课前小测的，真的受不了
199567,10185,刘雷,2024-09-25 12:40:09,1,10,9,劳大坠机了
200354,10185,刘雷,2024-10-16 07:34:03,18,23,5,上课非常负责，不念PPT（PPT比较简单/精炼），会手推公式定理，讲解中融入自己的理解（就不一定按照教材来，本人课前进行预习，上课听讲，觉得老师讲的证明等比课本上的更简单、意义更明确）；\n\n可能被认为是缺点的是，老师每次上课前会进行一次非常简单的不限时开卷小测，当作一个签到，这个仁者见仁智者见智吧，有其他事情不能到课的话确实麻烦，但是每次到课认真学就不是问题。\n\n个人与老师进行过短暂交流，能感受到老师对于自己从事的科研事业、教学事业是有热情的（老师也很年轻），也关心学生，重视学生对于知识的理解、对问题的思考；想把重要专业课水掉的话，上刘雷老师的课确实不合适，但是真心想学习的话，刘雷老师在众多念PPT的老师里面真是宝藏老师。
200817,10185,刘雷,2024-10-23 03:00:29,11,12,1,刘雷老师已经两次没有小测啦，而且积极听取学生意见，认真负责，虽然不按浙大教材讲，不方便看书自学，但他有自己的体系设计，总体来说是很好的老师，9分送上，希望期末总评能有高分！
202533,10185,刘雷,2024-11-13 03:43:54,1,5,4,语速有点快，略微有点口齿不清，走神一小会儿就很难跟上节奏了，对看智云复习不友好
202538,10185,刘雷,2024-11-13 04:10:09,12,13,1,信电老师的清流了 自己做的简洁清晰的PPT以及有逻辑的讲解。虽然这门课像数学确实比较难全程跟上，但老师真的是为数不多的非常认真备课而且关注学生有没有听懂的好老师了
204585,10185,刘雷,2024-11-27 02:15:30,-3,6,9,你说你是新来的无所谓，你能不能按课本上的顺序讲？天天跳来跳去的，讲的是什么也不清楚。楼上说好的也是神人，讲话一点精神没有，忘了怎么讲就提问，好好宝藏哈
205671,10185,刘雷,2024-12-11 04:08:05,10,10,0,老师是严格按照教材《信息论基础》Thomas M.cover讲的。如果需要预习的话，得看一下他会提前上传到学在浙大的ppt预习。
209925,10185,刘雷,2025-01-07 12:33:56,9,9,0,第一堂课中，刘老师对信息量定义的讲解让人印象深刻。此外，老师制作的PPT简洁明了，很多解释和证明比书上更简单明了。
209932,10185,刘雷,2025-01-07 12:45:22,8,8,0,总体上刘雷老师的讲课很详细，从来都不会像大多数专业课老师那个简单读ppt，对所涉及的知识点都会进行推导，让我们认真了解每个知识点。\n\n\n\n课堂互动也很多，有时会让同学自己来推导结论，从而有更好的理解与记忆。而且每节课前的小测也会起到一个让同学自查是否认真学习的作用。\n\n\n\n总的来说，刘老师作为一位新老师，做到了认真负责，尽力对待教学，努力地把知识给同学们讲清楚。
209935,10185,刘雷,2025-01-07 12:58:04,5,6,1,总体来说，老师的讲课思路十分清晰，教学内容贯穿始终，前后衔接流畅。课前的小测验有效地督促我们及时复习和总结，布置的课后作业贴合所学知识点，既合理又具有针对性。此外，课堂上公式的推导具体且详细，帮助我们透过现象看清本质，对信息论、控制和计算有了具体的认识。\n\n\n\n改进建议：可以在授课过程中适当穿插一些考试的重点内容，除了推导公式之外，多结合具体例子讲解。还可以安排助教讲解一些典型题型，帮助我们更好地应对考试。总体而言，老师是一位认真负责、积极进取且非常亲和的优秀年轻教师。
211487,10185,刘雷,2025-01-11 15:32:43,8,8,0,老师人很好，事实证明小测和签到加起来也就占了3.5%，小测本身的占比就更低了，所以不必太过担心，最后给分还是很不错的。讲课可能确实经验略微欠缺，不过确实老师也在积极征求意见，也希望老师能越来越好
213002,10185,刘雷,2025-01-15 13:37:45,1,3,2,今天终于出分了，大作业是给满了还挺好。我只能说期末看了好久别的老师的智云和ppt才拿到一个还算可以的总评，老师讲课还行，但是期末考还是要按照别的老师的来复习，我都不敢想要是我只复习在这个班学到的期末会惨成什么样。
213054,10185,刘雷,2025-01-16 01:40:04,6,6,0,大作业给满了，平时作业给分比较求是，小测虽然好几次但是占比不多，而且只要最后一节课前提交都可以。给分的话和老师关系不大，主要看期末考试
213066,10185,刘雷,2025-01-16 02:09:34,3,3,0,老师人还是不错的，但是不知道是不是自己的问题感觉分数有点低ww
215047,10185,刘雷,2025-02-20 09:22:25,1,1,0,真的很用心在科研的好老师，赞赞赞
216312,10185,刘雷,2025-03-13 07:20:25,1,1,0,在课程上，刘雷老师的讲课很详细，从来都不是简单的念ppt。上过他的课就可以看出，刘老师认真备课，上课非常认真，想方设法的调动我们学习的积极性，对学生认真负责。
219227,10185,刘雷,2025-05-23 08:18:29,1,1,0,老师很好，给分还可以！
197623,10271,张岭,2024-07-22 18:32:18,2,5,3,认真负责
214471,10271,张岭,2025-02-06 11:47:14,2,3,1,岭神，认真负责，指导细心，为人温和儒雅，有君子之风。
217500,10271,张岭,2025-04-11 13:40:12,2,2,0,表白猪脚GG，猪脚GG好帅，回答温柔细心！
217501,10271,张岭,2025-04-11 13:41:13,2,2,0,助教哥哥人真好、又帅，下次还选有这个助教哥哥的课
221691,10271,张岭,2025-06-25 08:59:29,2,2,0,虽然人工智能课程设计确实很一般但是必修的话选择张岭老师还是很好的选择的选择，期末做到了斩杀线以上都没有挂科，助教gg还在期末考后特地来提醒测试补交这样才捞得起来，放在其他老师很可能已经挂科了，那我也特地来打个十分吧
221893,10271,张岭,2025-06-27 08:19:32,1,1,0,好老师，上课认真，解答认真，体验不好是课程的问题
198191,10384,李世龙,2024-09-04 08:03:41,3,3,0,班主任
213522,10679,邓靖靖,2025-01-18 04:44:46,4,6,2,非常棒的一个女老师 与shj老师一起为电设提供了从设计到焊板调试全过程有问必答、耐心教学的课程体验（虽然这已经被另一个老师糟蹋挺多的
217999,10679,邓靖靖,2025-04-19 04:20:17,-6,2,8,老师和楼上都是傻逼
219843,10679,邓靖靖,2025-06-08 13:20:13,0,1,1,妈妈（反正没人知道是谁）
221284,10679,邓靖靖,2025-06-22 12:35:43,0,0,0,老师我爱你
197980,10680,周晓馨,2024-08-22 06:03:09,14,22,8,周老师人美心善！特别好！
199268,10680,周晓馨,2024-09-20 06:54:53,7,7,0,馨姐！馨姐！爱你！
203166,10680,周晓馨,2024-11-17 14:06:42,1,1,0,晓馨姐人美心善，对学生特别亲和，也非常负责
204901,10680,周晓馨,2024-11-28 11:52:54,2,3,1,老师人超级好的请全班喝咖啡
205411,10680,周晓馨,2024-12-06 03:18:32,2,2,0,人美心善！！！
206195,10680,周晓馨,2024-12-13 08:02:46,2,2,0,和老师一起负责军训工作，人很和善，特别温柔，总是会给正向反馈
208493,10680,周晓馨,2025-01-16 08:53:36,3,4,1,谈谈职规，一次点名，作业不要求字数，讲话温柔，人很好，给分还没出;\n\n现在出了，97，给分很好。就是访谈和规划书要好好写，建议规划书图文并茂（且字数不小于5k）。访谈字数不小于3k。其他就是期末展示好好做，基本没问题。
221873,10680,周晓馨,2025-06-27 04:37:01,0,0,0,老师简直是天使
