评论id,老师id,老师姓名,发表时间,点赞减去点踩数量,点赞量,点踩量,内容
17428,3658,周伊晨,2016-01-20 07:54:07,4,4,0,给分差。。。。
17430,3658,周伊晨,2016-01-20 07:55:27,4,4,0,尼玛军训连人都认不清楚就给了一个垃圾一样的分数，拖了不知道多少后腿！狗带！差评！
17435,3658,周伊晨,2016-01-20 07:57:46,3,3,0,军训敢公布评分细则吗？！什么都干了什么都不说给了个这么恶心的分数，凭什么啊
65527,3658,周伊晨,2018-01-05 06:55:59,0,0,0,好漂亮
203165,3658,周伊晨,2024-11-17 13:37:14,0,0,0,周书记还行吧\n\n至少到了哲学学院后感觉对学生还是可以的
34885,3736,王若青,2016-10-26 08:10:02,73,80,7,好像很差的老师，大家都在骂？
34886,3736,王若青,2016-10-26 08:13:40,8,14,6,………
34887,3736,王若青,2016-10-26 08:16:44,58,65,7,为什么没有0分选项呢。。
34889,3736,王若青,2016-10-26 08:27:54,144,151,7,听说会性骚扰 怕怕
34890,3736,王若青,2016-10-26 08:31:28,3,7,4,嘿嘿嘿
34891,3736,王若青,2016-10-26 08:32:28,5,7,2,！！！！
34892,3736,王若青,2016-10-26 08:54:03,19,24,5,火钳刘明
34895,3736,王若青,2016-10-26 09:05:08,52,55,3,勾引女台员
34897,3736,王若青,2016-10-26 09:07:29,7,12,5,路過圍觀
34898,3736,王若青,2016-10-26 09:10:12,14,17,3,我家就我自己呦
34899,3736,王若青,2016-10-30 04:31:39,30,37,7,就这样还自称浙大喉舌？不要脸了
34900,3736,王若青,2016-10-26 09:15:48,27,30,3,听说性骚扰
34901,3736,王若青,2016-10-26 09:16:35,30,34,4,听说性骚扰
34902,3736,王若青,2016-10-26 09:17:34,13,16,3,为啥没0分？？？\n\n
34903,3736,王若青,2016-10-27 03:45:05,6,10,4,我换付刚
34904,3736,王若青,2016-10-26 09:19:21,8,10,2,差评如潮
34905,3736,王若青,2016-10-26 10:00:11,1,6,5,一分一分？
34907,3736,王若青,2016-10-26 10:22:34,91,94,3,这个人要是不被开除我就举报上级校领导
34909,3736,王若青,2016-10-26 10:32:10,5,10,5,我只看到他说浙大之声是党政的喉舌
34911,3736,王若青,2016-12-21 12:44:15,3,5,2,很恶心
34912,3736,王若青,2016-10-26 11:01:41,4,6,2,听说会性骚扰
34913,3736,王若青,2016-10-26 11:03:30,394,413,19,恭喜荣登低分榜第一名，听说要追（威）查（胁）“闹事学生”，要求98沉贴，微信删除推文，微博被删，就连知乎都被删了，企图控制舆论，可见其权势之大。然而纸包不住火，网易新闻的报道意味着媒体也将介入。都说家丑不可外扬，然而如果真把浙大当作自己的家就不应该一味包庇，而是要努力铲除歪风邪气让浙大越来越好，爱党爱国爱浙大，就是不爱王若青。性骚扰违反师德底线，工作方面独断专行导致广播站两届成员集体退台更该引人深思。我爱浙大，我只想浙大变得更美好，师生和谐的主流不该被这一个人破坏！
34914,3736,王若青,2016-10-26 11:38:25,28,30,2,呵呵呵… 为人师婊
34924,3736,王若青,2016-10-26 13:45:21,1,4,3,其实想给0分
34925,3736,王若青,2016-10-26 13:45:44,2,4,2,好恶心
34930,3736,王若青,2016-10-26 14:58:45,4,8,4,党政的喉舌
34931,3736,王若青,2016-10-26 16:05:24,2,5,3,。。。。。
34932,3736,王若青,2016-10-26 16:18:37,42,47,5,我就想知道为什么评分比1高
34933,3736,王若青,2016-10-26 16:59:09,6,10,4,为什么他一点自知之明都没有～难道不应该自觉卷铺盖吗
34936,3736,王若青,2016-10-26 17:07:08,-1,2,3,。。。
34948,3736,王若青,2016-10-27 03:10:54,0,3,3,23333
34949,3736,王若青,2016-12-25 05:15:34,3,5,2,呵呵\n\n没听过\n\n希望永远不要听到
34960,3736,王若青,2016-10-27 06:46:31,1,5,4,wrq太惨了，给他+1s
34961,3736,王若青,2016-10-27 07:14:38,18,21,3,这个老师为什么不是齐刷刷的1？还有人给1以上？
34967,3736,王若青,2016-10-27 08:17:34,0,1,1,0.0.0.0
34970,3736,王若青,2016-11-29 16:14:41,1,3,2,肛肛肛
34972,3736,王若青,2016-10-27 12:14:55,0,4,4,辣鸡 呸\n\n\n\n
34977,3736,王若青,2016-10-27 16:23:22,-2,2,4,hhh 辣鸡
34978,3736,王若青,2016-10-27 16:29:27,3,5,2,听说性骚扰，怕怕怕怕怕怕\n\n
34980,3736,王若青,2016-10-28 01:54:41,2,4,2,嘻嘻嘻
35000,3736,王若青,2016-10-28 14:54:35,19,21,2,听说他是党的喉舌?那么他性骚扰事件不仅仅给浙大抹黑，更给伟大的党抹黑!
35007,3736,王若青,2016-10-29 07:48:06,4,5,1,性骚扰
35013,3736,王若青,2016-10-29 13:08:23,3,4,1,这个可以火
35014,3736,王若青,2017-01-18 04:52:41,5,7,2,垃圾垃圾垃圾垃圾垃圾垃圾垃圾
35017,3736,王若青,2016-10-29 15:30:06,1,4,3,性骚扰
35020,3736,王若青,2016-10-30 11:25:16,0,3,3,6666
35024,3736,王若青,2016-10-30 13:12:35,2,3,1,sb不解释\n\n
35035,3736,王若青,2016-10-31 04:14:22,-3,1,4,.........
35038,3736,王若青,2016-10-31 05:26:40,8,9,1,sha bi zhi zhang nao can bu yao bi lian
35095,3736,王若青,2016-11-02 07:11:30,4,6,2,好想看到你们来几张他的猥琐照片
35120,3736,王若青,2016-11-03 00:13:55,1,3,2,zz…
35211,3736,王若青,2016-11-05 10:26:18,6,7,1,性骚扰？\n\n
35212,3736,王若青,2016-11-05 10:45:31,2,3,1,性骚扰
35395,3736,王若青,2016-11-10 01:37:30,3,7,4,垃圾老师
35469,3736,王若青,2016-11-10 07:19:27,20,22,2,这种人渣怎么配在浙大呆着，尸位素餐
35684,3736,王若青,2016-11-10 07:44:51,5,6,1,还没有被炒？
35821,3736,王若青,2016-11-10 08:19:23,-1,4,5,渣滓\n\n
35823,3736,王若青,2016-11-10 08:21:16,14,16,2,狐假虎威，形式主义，官僚主义，妄自尊大，行为不检，没有资格做老师，送你一个字，滚。
35874,3736,王若青,2016-11-10 08:38:03,2,4,2,围观一下
36029,3736,王若青,2016-11-10 10:19:08,6,6,0,我就说你们怎么都给1分，原来没有0分啊
36285,3736,王若青,2016-12-22 06:51:24,4,4,0,辣鸡。
36378,3736,王若青,2017-01-16 05:10:07,5,6,1,给绪个一分。
36384,3736,王若青,2016-11-12 16:07:24,0,2,2,好好好
36385,3736,王若青,2016-11-12 16:08:25,0,4,4,1是他的吉祥数
36387,3736,王若青,2016-11-12 16:09:12,1,3,2,怕怕怕怕
36443,3736,王若青,2016-11-13 15:15:22,3,4,1,为人师婊呵呵
36511,3736,王若青,2016-11-14 11:19:35,-1,2,3,浙大不可原谅之老师
36842,3736,王若青,2016-12-20 09:06:48,4,7,3,好奇怎么还会有0.39\n\n
36901,3736,王若青,2016-11-16 11:38:56,1,3,2,据说是全日制本科学历都没有的不学无术之徒？
36904,3736,王若青,2016-11-16 12:05:16,2,3,1,....
37078,3736,王若青,2016-11-30 01:28:50,1,2,1,无语了
37721,3736,王若青,2016-11-20 11:40:19,2,3,1,王老师啊摊上大事了
37812,3736,王若青,2016-11-21 07:19:38,3,4,1,性骚扰，套路很深啊小婊砸
38227,3736,王若青,2016-12-22 12:21:18,5,6,1,垃圾老师
38346,3736,王若青,2016-11-30 11:34:28,7,7,0,人渣一个，但是没办法，人家有保护伞
38374,3736,王若青,2016-12-01 05:51:33,2,3,1,?没事
38752,3736,王若青,2016-12-17 15:08:29,5,6,1,党政的喉舌？hhh
38850,3736,王若青,2016-12-19 14:40:18,3,4,1,算是就这样了这个老师
38867,3736,王若青,2016-12-19 15:30:06,4,5,1,认为这种人不配做老师，虽然不知道他是讲什么的，但是就算讲的再好，没有好人品也不应该成为浙大老师
38874,3736,王若青,2016-12-19 15:36:56,2,3,1,人渣禽兽
38900,3736,王若青,2016-12-19 17:18:46,0,3,3,听说退出广播台了？
38911,3736,王若青,2016-12-20 00:05:45,3,4,1,就是个辣鸡
39016,3736,王若青,2016-12-20 14:04:48,7,8,1,腊鸡老师，丢浙大的人
39062,3736,王若青,2016-12-21 03:02:40,7,7,0,还在工作？
39397,3736,王若青,2017-01-16 06:21:56,0,1,1,听说不太好
39433,3736,王若青,2017-02-09 05:38:23,1,3,2,辣鸡老师
39571,3736,王若青,2016-12-25 09:30:55,-1,2,3,为什么不能打零分？？？
39581,3736,王若青,2016-12-26 00:03:25,0,2,2,呵呵呵
39615,3736,王若青,2016-12-26 06:38:05,3,4,1,不知道
39721,3736,王若青,2016-12-27 07:12:54,-6,0,6,好好好
39869,3736,王若青,2016-12-28 05:18:48,4,4,0,第一个1分
40014,3736,王若青,2016-12-28 16:40:31,1,2,1,呵呵哒\n\n
40284,3736,王若青,2017-01-01 06:51:12,3,6,3,听说很喜欢摄影，想当陈老师？\n\n\n\n
40291,3736,王若青,2017-01-01 12:05:32,1,3,2,很垃圾吧
40476,3736,王若青,2017-01-03 14:24:37,-4,0,4,nnonn
40661,3736,王若青,2017-01-05 00:03:11,-1,2,3,zz sb
40712,3736,王若青,2017-01-05 05:43:48,1,2,1,垃圾啊
40980,3736,王若青,2017-01-07 07:28:34,4,4,0,此人当被钉在耻辱柱上
41082,3736,王若青,2017-01-09 06:23:48,5,6,1,好想知道此人高于1分的原因是什么
41120,3736,王若青,2017-01-09 09:08:48,2,3,1,呸\n\n呸\n\n呸
41260,3736,王若青,2017-01-10 09:13:10,-2,1,3,简直了
41584,3736,王若青,2017-01-12 08:22:51,0,2,2,怎么没有零分\n\n
42585,3736,王若青,2017-01-14 13:34:07,40,40,0,最后wrq也就被降了一级而已，真是让我对浙大失望
44550,3736,王若青,2017-01-18 02:48:36,0,2,2,终于滚蛋了
46473,3736,王若青,2017-01-22 00:26:45,2,3,1,垃圾垃圾
47598,3736,王若青,2017-02-05 17:11:00,0,1,1,呵呵呵
47651,3736,王若青,2017-02-12 14:36:29,8,9,1,把室友气哭n次，终于走了！大快人心！
48253,3736,王若青,2017-03-01 13:03:01,1,2,1,性骚扰？？
48899,3736,王若青,2017-03-16 02:48:21,2,2,0,辣鸡辣鸡
49012,3736,王若青,2017-03-26 05:45:48,2,3,1,我是难男的，但是还是很怕
49382,3736,王若青,2017-04-09 10:13:52,1,2,1,恭喜老师逃过一劫
49527,3736,王若青,2017-04-18 02:42:27,-2,1,3,…………
50486,3736,王若青,2017-05-03 06:22:00,3,3,0,h h h h h
51135,3736,王若青,2017-05-18 07:36:36,1,2,1,看到他就够恶心了。\n\n
51763,3736,王若青,2017-06-09 07:20:04,2,4,2,MMP
52671,3736,王若青,2017-06-22 05:10:46,-1,2,3,听说性骚扰
54088,3736,王若青,2017-06-28 12:12:38,-2,2,4,诶哟不错的老师 但是我还是一分
56658,3736,王若青,2017-07-04 07:40:55,3,4,1,过于色情
58003,3736,王若青,2017-07-22 05:48:49,-1,1,2,像傻逼
59164,3736,王若青,2017-09-20 04:26:08,0,2,2,强势围观
59268,3736,王若青,2017-09-20 11:55:35,3,3,0,居然还不滚？
60942,3736,王若青,2017-11-04 06:49:56,0,1,1,坐等godie
64204,3736,王若青,2017-12-21 12:12:15,1,2,1,。。。
64234,3736,王若青,2017-12-22 00:44:38,0,3,3,233
65080,3736,王若青,2017-12-28 13:47:21,14,17,3,他课上对我语言✘骚扰
66370,3736,王若青,2018-01-15 12:29:32,1,3,2,那就一分吧！
71792,3736,王若青,2018-01-29 03:14:40,0,1,1,。。。
80305,3736,王若青,2018-06-25 02:19:40,2,4,2,滚，越远越好，别祸害我们
82237,3736,王若青,2018-07-07 14:06:39,-1,2,3,呵呵呵
91141,3736,王若青,2018-12-02 01:21:35,2,3,1,辣鸡。
109352,3736,王若青,2019-06-13 08:03:44,4,5,1,传说中的敌在中宣？
115851,3736,王若青,2019-08-21 04:51:40,-2,1,3,.......
115923,3736,王若青,2019-08-26 09:55:38,3,3,0,。。。。。。\n\n
116519,3736,王若青,2019-09-11 03:26:39,0,2,2,han
118577,3736,王若青,2019-10-29 00:06:24,1,3,2,辣鸡辣鸡
140007,7237,叶鑫,2021-08-23 05:16:15,0,0,0,老师人超好，很温柔哦
127790,7474,李灵,2020-11-27 06:04:34,3,3,0,好耶~抢占灵灵姐的第一个评分呼呼呼~人美心善爱了爱了！！！
128777,7474,李灵,2020-12-25 09:26:50,3,3,0,好耶~抢占灵灵姐的第二个评分呼呼呼~人美心善爱了爱了！！！
128778,7474,李灵,2020-12-25 09:17:51,3,3,0,人美心善啊人美心善
128780,7474,李灵,2020-12-25 09:27:50,3,3,0,灵灵姐太棒啦！超级喜欢她 好温柔呜呜
128812,7474,李灵,2020-12-25 13:42:45,1,1,0,灵灵姐超厉害，爱她
128831,7474,李灵,2020-12-25 16:42:22,4,4,0,人美心善，平易近编🦋
133304,7474,李灵,2021-02-24 05:59:50,1,1,0,灵姐上课很亲切，内训氛围很轻松~组织分工很明确，互帮互助超有爱
134176,7474,李灵,2021-03-20 07:11:56,2,2,0,爱灵灵～
134420,7474,李灵,2021-03-27 16:18:01,1,1,0,💗💗
141319,7474,李灵,2021-09-29 11:50:44,0,0,0,爱灵灵！
141612,7474,李灵,2021-10-18 01:46:09,0,0,0,爱灵姐！！！
159032,7474,李灵,2022-07-05 01:49:47,0,0,0,我爱灵姐啊啊啊啊啊啊\n\n全世界最美丽可爱的灵姐\n\n么么么么么么么么么么么
127882,8173,金云云,2020-11-29 17:30:59,2,2,0,云云姐也是女神级存在，爱她！
128830,8173,金云云,2020-12-25 16:41:36,4,4,0,小编来报，山美，水美，云云姐最美，云云姐就是仙女下凡🦄
128846,8173,金云云,2020-12-26 02:57:18,2,2,0,我爱云云姐！
176156,8173,金云云,2023-06-28 03:20:36,0,0,0,云云姐我的神！我的神！！！
179141,8173,金云云,2023-08-28 12:40:12,0,0,0,老师细心又温柔
183252,8173,金云云,2023-11-23 07:02:13,0,0,0,云云姐好美
