评论id,老师id,老师姓名,发表时间,点赞减去点踩数量,点赞量,点踩量,内容
34950,539,刘翔,2016-12-12 16:34:41,1,7,6,长得挺帅？
60796,539,刘翔,2017-10-30 08:57:56,0,5,5,喜欢老师说电影，说现代诗，很奇妙的体验，渐渐被带起兴趣。
60960,539,刘翔,2017-11-05 12:25:06,0,7,7,上课还是挺有趣的，拖课平均30分钟以上。
62526,539,刘翔,2017-11-25 18:33:53,4,13,9,感觉老师就是不太负责任。
67599,539,刘翔,2018-01-21 16:11:16,2,7,5,不负责的感觉..
82510,539,刘翔,2018-07-08 11:23:28,2,3,1,还可以的老师
82529,539,刘翔,2018-07-08 12:09:02,1,3,2,海星…反正行策老师都很水
83666,539,刘翔,2018-07-11 03:24:02,1,2,1,佛系老师，不到不扣分，到了能加分，总体感觉还不错
87614,539,刘翔,2018-10-08 10:14:25,3,4,1,一般吧，太水了
88323,539,刘翔,2018-10-28 11:41:51,3,3,0,有点小帅？
110123,539,刘翔,2019-06-23 09:16:50,-2,1,3,先打个平均分，看给分怎么样
111793,539,刘翔,2019-07-02 23:16:42,6,6,0,上的老师的形策，感觉事情比其他班少很多，但是我的分数很不错，谢谢老师和助教
111937,539,刘翔,2019-07-03 03:40:37,1,1,0,老师的事很少，有时会点名，给分很不错！
112088,539,刘翔,2019-07-03 13:02:26,1,1,0,事比较少，给分挺不错的
114006,539,刘翔,2019-07-08 08:02:00,1,1,0,事少分高
133531,539,刘翔,2021-03-02 01:17:25,1,1,0,事少给分好
23233,2042,刘旭,2016-05-04 03:24:42,4,18,14,傻逼老师，事情多，给分低，学弟学妹别选！
25285,2042,刘旭,2016-05-09 07:51:01,2,9,7,刘老师还是很亲切的，努力灌输创新思想给同学，但是给分太随意，平时基本没有记录所以只看期末作业，然而期末作业评分那节课开会去了…另外事多，慎选。
29175,2042,刘旭,2016-06-29 10:27:30,1,6,5,sbcnm
37827,2042,刘旭,2016-11-21 09:08:46,0,3,3,很不错
37844,2042,刘旭,2016-11-21 11:00:10,1,4,3,b事特别多
43319,2042,刘旭,2017-01-16 06:41:44,0,3,3,新生研讨课给了我3.0的绩点\n\n我不想爆粗口\n\n
43348,2042,刘旭,2017-01-16 07:27:51,-1,3,4,好老师，只要认真对待作业分就不错
43485,2042,刘旭,2017-01-16 10:40:16,6,9,3,上课形式还好……就是事巨多，而且期末不仅占我复习时间还给分差。
44118,2042,刘旭,2017-01-17 09:44:40,5,7,2,没有sense的别选\n\n我上得挺有心得，作业自我感觉做得不错绩点3.3
50832,2042,刘旭,2017-05-06 06:27:06,0,2,2,"无语O__O""…，别选"
61306,2042,刘旭,2017-11-14 07:17:51,2,6,4,最初觉得无感，但后来老师在课程中渗透的一些突破经验主义，尊重知识产权的思想还是令人很有感触的，是好课，但要看你是不是能认同这样的方式。
61309,2042,刘旭,2017-11-14 07:43:34,9,20,11,\n\n真的是一门好课\n\n七节课 真的get到了工科学习的快乐\n\n从三维技术的理论知识到对知识产权的尊重\n\n还有献身精神\n\n某老兄：我想展示一下血细胞的立体投影。没带细胞载玻片.....但是我有刀\n\n还有广大前途...\n\nzjr大神上完课被分配了计算机学院老师预计开公司发展手机VR....\n\n\n\n给分也很不错！\n\n
61399,2042,刘旭,2017-11-16 10:18:29,1,2,1,其实感觉上课时内容懂不懂并不是非常重要的，重要在于你想不想去听，去get老师想传达的信息。
61402,2042,刘旭,2017-11-16 10:27:17,0,1,1,老师上课会直接点同学回答问题可能会比较尴尬，但是课真的是好课，让人学会自己去思考，也使我们的思维更加严谨，最后一节课还强调了知识产权的重要性。选这门课会有收获的。
61407,2042,刘旭,2017-11-16 11:33:44,0,1,1,只能说他看重做一件事的过程以及一些创新（虽然很多我认为没有什么实用价值）吧。
61921,2042,刘旭,2017-11-21 18:04:37,8,10,2,给分 莫名其秒
63805,2042,刘旭,2017-12-15 06:01:39,4,6,2,绩点2，每节课都上
65616,2042,刘旭,2018-01-07 10:25:33,0,0,0,神奇。
84633,2042,刘旭,2018-07-13 11:48:28,1,1,0,弱智，搞不懂
85732,2042,刘旭,2018-07-31 03:32:43,0,0,0,呵呵呵
86354,2042,刘旭,2018-09-14 00:59:44,1,1,0,见仁见智\n\n
93439,2042,刘旭,2019-01-09 14:43:24,4,4,0,很耐心，很有启发性，喜欢其对学生的态度。
98018,2042,刘旭,2019-01-23 04:00:05,-1,3,4,老师人还是挺好的，经常提前下课，每节课都带好玩的东西来。没有评论说的那样差。最后展示，班上同学都太强了，当时感觉我怕是凉了，怕是要3.3了。云里雾里的半学期，这门课对我来说太硬核了，最后得了3.9真的觉得满意，谢谢老师。不过这学期只有这门课下4了还是略遗憾吧，原谅我是个强迫症～
98050,2042,刘旭,2019-01-23 04:25:42,8,8,0,对自己动手和三维显示不感兴趣的人慎选。但真的没有其他评论说的那样差，老师人很好，上课会带VR眼镜来，还让我们参观实验室，关心我们的学习生活。经常下课后对我们说“微积分线代一定要学好”。他不会教我们太多新的知识，强调如何运用我们已经学过的知识去自己动手\n\n。由于我动手能力差，最后展示的时候被大佬们震撼了，绩点只有3.9。但已经很满意了。
98059,2042,刘旭,2019-01-23 04:37:14,0,1,1,垃圾老师
98213,2042,刘旭,2019-01-23 07:55:29,0,1,1,给分是真的低吧 也怪自己辣鸡  后悔当初没退掉
