评论id,老师id,老师姓名,发表时间,点赞减去点踩数量,点赞量,点踩量,内容
43151,27,包爱民,2017-01-16 01:08:36,0,2,2,给分很差
164327,27,包爱民,2022-12-20 09:19:54,1,1,0,包老师非常可爱，回答问题非常耐心。感觉是一个很包容很有激情的老师，赞！
9243,199,李文腾,2015-10-18 12:33:22,8,12,4,屎一样的课。规规矩矩，毫无趣味。而且会拖堂。有一次拖了半个小时。
10678,199,李文腾,2015-11-22 10:17:58,10,18,8,为什么这个系统不能打负分？
10992,199,李文腾,2015-11-23 15:30:19,4,9,5,老师讲的挺好的 至少我会听完三节课不睡觉
11578,199,李文腾,2015-12-06 12:14:31,11,15,4,会拖课，讲的还好，主要是会拖课\n\n(╯>㉨<)╯ ﾐ ┸┸)`νﾟ)
23154,199,李文腾,2016-03-20 10:38:50,-1,2,3,好老师～
25215,199,李文腾,2016-05-08 10:59:54,14,14,0,讲新闻没有个人观点。而且跳的很快。毫无批判性思维，比史纲、思修老师的思想修养低n个档次。
27643,199,李文腾,2016-06-27 06:15:23,3,4,1,其实还可以的，没什么事，一般就偶尔上课写点感想当点名了，给分还不错其实
27649,199,李文腾,2016-06-27 06:44:28,1,5,4,这个老师给分好高啊～感动
27687,199,李文腾,2016-06-27 08:28:06,0,1,1,讲课还行，有的时候会睡着，分数给的一般般
35238,199,李文腾,2016-11-07 04:56:40,1,1,0,水水水
52879,199,李文腾,2017-06-23 09:42:21,1,1,0,人挺好，又水
53179,199,李文腾,2017-06-26 06:40:59,2,2,0,课没听过，绩点一般般，很一般，不是很满意
53180,199,李文腾,2017-06-26 06:51:11,1,4,3,讲得挺水，给分也很不错
53989,199,李文腾,2017-06-28 07:07:52,2,3,1,大概形策的绩点都是这个鬼样子吧TUT
54716,199,李文腾,2017-06-30 05:34:45,2,5,3,老师有点活泼。。。不是跳的那种，就是活泼，现在还是部门的运动会短跑主力，你们自己体会。给分正常，不会像一些班全班形策绩点最高3，好坏自己看努力咯。不过今年卷子是真TM恶心，呸，真TM恶心。老师考前很实诚的讲往年的卷子大概一个小时就交卷了，今年我写了两个小时没写完，我就哔了狗了，哔了狗了！
64134,199,李文腾,2017-12-21 05:06:44,0,2,2,较水，但是挺轻松，老师比较风趣
81650,199,李文腾,2018-07-05 16:38:40,2,2,0,淼淼淼
82789,199,李文腾,2018-07-09 06:44:17,-3,0,3,事情不多，老师很活跃，助教很好，最后极限复习一下思考题期末感觉还可以
82811,199,李文腾,2018-07-09 07:12:01,-4,1,5,上课内容不行，但是给分居然还可以！
82822,199,李文腾,2018-07-09 07:41:30,2,3,1,形策的课大家一般都不会听的吧，所以讲课方面就不作评述了，也没有跟其他老师对比过。考察方面的话，他会有几次小测，就是快下课的时候，也可以百度的。没有论文（有的老师留了寒假论文），点名是抽点了几次，就是只点十个人。给分还是很不错的。期末只复习了两三个小时结果还不错。
82844,199,李文腾,2018-07-09 08:09:20,-33,2,35,第一门满绩的课，感动
82862,199,李文腾,2018-07-09 08:37:38,5,6,1,讲课不怎么样你给分好也行啊，认真复习了一天结果拉我绩点也是醉了……期末答得挺好的，不知道老师和助教判卷是什么谜一样的标准……
110115,199,李文腾,2019-06-23 08:35:13,-12,12,24,来来来，4以上的点赞，4以下的点踩，我看看这老师给分怎么样
112775,199,李文腾,2019-07-05 02:50:46,5,5,0,平均分3.59 大家觉得怎么样？
113688,199,李文腾,2019-07-07 04:00:26,-4,0,4,挺好的领导 关心学生
120105,199,李文腾,2019-11-17 12:34:18,6,6,0,讲个课一拖再拖，九点的快递直接给我拖没了
126751,199,李文腾,2020-10-18 09:43:42,0,1,1,哈哈哈
126981,199,李文腾,2020-11-01 12:26:23,4,4,0,为什么第一节课就拖了半个小时...
129869,199,李文腾,2021-01-13 05:58:28,9,9,0,上课说了一句：这位同学叫什么名字，赏一点小分。然后我就觉得怪怪的
133188,199,李文腾,2021-02-15 06:40:06,-7,0,7,还好吧
136888,199,李文腾,2021-06-27 14:24:04,-5,3,8,喜欢他😍
143787,199,李文腾,2021-12-06 08:55:55,5,5,0,给分低，事还多，还会拖堂。每次上完课都要你写一篇800字的文章，让人想吐
148569,199,李文腾,2022-01-13 01:40:42,3,3,0,事多，水平低
152285,199,李文腾,2022-04-01 08:57:44,3,4,1,拖课，事情多
152427,199,李文腾,2022-04-11 01:54:49,6,7,1,不同于其他老师 他每上一节课就要布置一篇课程论文 我谢谢他 每两周一次的论文频度以及聊自己根本不了解的话题让我学会了如何去更好地搜集资料更好地面对这种毫无头绪的论文 也不后悔选他的课 总归还是学到了点东西的
154190,199,李文腾,2022-05-25 15:31:01,5,6,1,垃圾中的垃圾，事情多，上课还只会阴阳怪气美国
181552,199,李文腾,2023-10-22 12:32:42,4,4,0,不知道自己该上几节课的拖堂的傻杯
193817,199,李文腾,2024-06-19 13:00:14,1,2,1,每节课都雷达点名，上课不能迟到一点，下课永远不能准时\n\n估计是知道自己讲课有多无聊才搞得这一出？\n\n助教也是凶巴巴的，让人感觉像是在监狱里听宣教\n\n早点去教室，不然后排座位抢不到\n\n期末考试被卡绩，爽！！！！\n\n形策就是一坨💩
200116,199,李文腾,2024-10-13 10:57:35,1,1,0,这是真实
200117,199,李文腾,2024-10-13 11:00:10,2,2,0,第一次上课，开始就宣布拖堂25分钟
200130,199,李文腾,2024-10-13 12:51:01,2,2,0,不仅宣布延迟25分钟下课，甚至到了还要继续拖堂🖕
5090,657,邬小撑,2015-07-03 16:02:12,4,11,7,形策就那样吧。。。每节课都有点名或者变相点名，你懂的
30300,657,邬小撑,2016-07-01 08:22:35,5,11,6,一般是助教上课 给分还可以
50858,657,邬小撑,2017-05-07 08:20:27,4,9,5,听了讲座，比较喜欢打官腔
52328,657,邬小撑,2017-06-18 12:56:52,7,12,5,让我有想听行策的感觉！
53405,657,邬小撑,2017-06-26 14:02:46,4,6,2,嗯嗯嗯
54284,657,邬小撑,2017-06-29 03:16:59,18,20,2,还好吧，事少，没交过一次作业，但要按座位坐，变相点名
57478,657,邬小撑,2017-07-08 12:22:20,5,6,1,助教呆呆的
58273,657,邬小撑,2017-08-28 10:22:24,66,95,29,掌声特别激烈 确实是一个好导演
58274,657,邬小撑,2017-08-28 10:23:16,-2,6,8,……呵呵呵
58275,657,邬小撑,2017-08-28 10:23:49,16,32,16,我们都是演员
58276,657,邬小撑,2017-08-28 10:24:24,23,42,19,莫名其妙的掌声，可见魅力极大
58277,657,邬小撑,2017-08-28 10:25:06,14,27,13,给邬导演鼓掌
58278,657,邬小撑,2017-08-28 10:27:24,35,54,19,课上事少，台上话多。讲不够时间就开始当导演…
58279,657,邬小撑,2017-08-28 10:36:22,12,24,12,掌声特别激烈，精彩\n\n
58280,657,邬小撑,2017-08-28 10:38:33,9,16,7,特别能带动气氛，让学生们活跃其中
58281,657,邬小撑,2017-08-28 10:46:13,6,10,4,可以可以很皮
58282,657,邬小撑,2017-08-28 10:47:21,12,21,9,被当部长耽误的导演(ー_ー)!!
58283,657,邬小撑,2017-08-28 10:48:58,17,31,14,¥@#%$&#……就是站在台上的这个人……
58284,657,邬小撑,2017-08-28 14:17:45,6,11,5,好好好
58285,657,邬小撑,2017-08-28 10:49:09,14,23,9,“咬定青山不放松”\n\n? ?  ?
58287,657,邬小撑,2017-08-28 10:49:23,2,5,3,给老师鼓掌
58288,657,邬小撑,2017-08-31 13:25:17,28,34,6,浙大其实还有一个教授叫郑强
58289,657,邬小撑,2017-08-28 10:50:40,0,5,5,掌声激烈，激烈
58290,657,邬小撑,2017-08-28 10:52:42,13,22,9,我们表面上迎合他 其实内心都知道......
58291,657,邬小撑,2017-08-28 10:52:50,0,6,6,是什么让你这么想要装逼！
58292,657,邬小撑,2017-08-28 10:53:11,-3,4,7,那你很棒棒哦
58294,657,邬小撑,2017-08-28 11:03:40,22,36,14,各种黑其他高校
58296,657,邬小撑,2017-08-28 11:04:14,0,3,3,123
58297,657,邬小撑,2017-08-28 10:59:37,-1,3,4,竟敢在我军阵前……
58298,657,邬小撑,2017-08-28 11:01:19,0,3,3,好导演
58299,657,邬小撑,2017-08-28 11:01:24,5,10,5,废话多_(:з」∠)_听不懂\n\n尬鼓掌\n\n出差的车子都要走了 导演
58300,657,邬小撑,2017-08-28 11:01:38,251,277,26,作为学长组的一名成员，我想对新同学说…你们刚刚接触查老师这个公众号，不要把它当做一个吐槽工具，这个公众号主要为的是大家的学习，评论看的是这个老师的教学好不好，上课风格什么样，给分好不好，是不是绩杀。不能因为一个讲座就给他刷那么多吐槽吧，对选上他的课的同学来说，这些高点赞的吐槽反而是一种干扰。大家也看到了，同学们对邬老师上行策课的评价不错，希望大家不要用这种吐槽来让其他同学困扰，希望大家维持这个民间平台的净土。他可能不是一个好的演讲者，但他会是一个好的任课教师。
58301,657,邬小撑,2017-08-28 14:21:03,76,97,21,震惊！七夕之夜，千余名高校学子聚众啪啪啪，竟是为他！\n\n\n\n给你十分别谢我
58302,657,邬小撑,2017-08-28 11:02:15,8,14,6,装逼时刻已至，此处应有雷鸣般的掌声
58303,657,邬小撑,2017-08-28 11:02:18,-1,3,4,吹b\n\n
58304,657,邬小撑,2017-08-28 14:05:12,14,18,4,尤格萨隆 尤格萨隆
58305,657,邬小撑,2017-08-28 11:02:27,0,3,3,我选择鼓掌?
58306,657,邬小撑,2017-08-28 11:02:32,0,4,4,水土不服就服你
58307,657,邬小撑,2017-08-28 11:05:18,0,1,1,壮哉大导演
58308,657,邬小撑,2017-08-28 11:05:37,0,3,3,表面上迎合一下，但实际上
58309,657,邬小撑,2017-08-28 11:06:05,4,6,2,小心哦，他是走过江湖的人
58310,657,邬小撑,2017-08-28 11:06:30,1,3,2,确实是好导演！送上热烈的掌声！
58311,657,邬小撑,2017-08-28 11:06:42,0,1,1,好好好
58313,657,邬小撑,2017-08-28 11:07:06,0,3,3,逼界大神\n\n
58314,657,邬小撑,2017-08-28 11:07:07,0,2,2,我们都是小演员
58315,657,邬小撑,2017-08-28 12:52:41,2,4,2,给我邬爹打call！\n\n
58319,657,邬小撑,2017-08-28 13:18:31,5,8,3,该配合你演出的我在卖力表演
58393,657,邬小撑,2017-08-30 14:41:02,-1,3,4,很皮，很帅，很社会
58619,657,邬小撑,2017-09-10 02:08:53,6,8,2,台上台下两个人，讲话贼烦\n\n
58623,657,邬小撑,2017-09-10 15:49:14,0,2,2,台上这一位，啪啪啪
59515,657,邬小撑,2017-09-22 03:37:45,1,2,1,喵喵喵
60035,657,邬小撑,2017-10-06 15:58:24,-1,2,3,掌声雷动
63399,657,邬小撑,2017-12-03 01:11:16,-1,2,3,讲的还是不错的，哈哈
76568,657,邬小撑,2018-04-15 10:03:14,2,4,2,呵呵，没人做展示就打电话要求人做展示，不尴尬吗
76762,657,邬小撑,2018-04-22 02:33:44,0,6,6,垃圾老师，没有0分所以给了一分\n\n
80757,657,邬小撑,2018-06-30 11:14:47,5,7,2,讲课对于中国有些盲目自信了，顺便实在是太红了，并且对浙江大学的吹捧有点过了，相对事少变相点名。
83768,657,邬小撑,2018-07-11 07:50:05,3,4,1,很讨厌的感觉
84811,657,邬小撑,2018-07-14 02:27:45,1,1,0,垃圾助教
84813,657,邬小撑,2018-07-14 02:30:03,-7,8,15,1分给小撑，0分给助教。随机正太给分，不缺课，当组长，展示被老师表扬，考试认真大题基本都填上了，也分点答题，作文认真写。给了3.9，呵呵呵呵呵呵呵呵呵呵呵。我只是希望付出和收获有回报而已，好好做个人吧。
86042,657,邬小撑,2018-08-29 10:05:55,-1,2,3,喜欢他的讲座
114340,657,邬小撑,2019-07-09 23:08:53,1,3,2,装13 真的很装逼 很喜欢拖堂 让人很无语 课上存在恶意竞争
115003,657,邬小撑,2019-07-14 02:59:05,5,10,5,绩杀，从来没有按点下课过。每次上课必讲“学生不认真听思政课”，自己讲课水平不行，怪我们不认真听。也不想想自己跟别的老师的差距，为什么我们听史纲其乐无穷，听形策就一脸反感。拉我均绩。
115004,657,邬小撑,2019-07-14 03:03:36,2,3,1,无聊，上课变相点名，讲不了什么实在的东西，总是放空炮，盲目自信，绩点给的太低。
115753,657,邬小撑,2019-08-19 12:36:53,3,3,0,垃圾？
115867,657,邬小撑,2019-08-22 11:12:41,-1,0,1,人性化
116278,657,邬小撑,2019-09-07 08:41:03,9,12,3,新生讲话这种都一副领导架子，啰嗦，军训总结大会我们站得累死，边上军官讲话简明扼要，他讲话罗里吧嗦
117203,657,邬小撑,2019-09-20 08:30:31,3,3,0,赶紧鼓掌结束战斗
118413,657,邬小撑,2019-10-27 01:48:44,2,4,2,理论基础不扎实，满口假大空。
118414,657,邬小撑,2019-10-27 01:49:28,3,8,5,今天听预备党员培训，邬书记一个半小时的课，全脱稿讲党课，对理论的学思践悟，他作为党委副书记，我确实感到了敬业和坚定。确实起到党员先锋模范的作用，很酷！
118615,657,邬小撑,2019-10-29 12:03:44,13,14,1,当上副书记了，求仕大成功
119278,657,邬小撑,2019-11-12 02:07:43,0,1,1,还挺好的
121429,657,邬小撑,2019-12-16 07:10:54,1,6,5,我感觉邬老师人很好 讲课很实在 平易近人 是个好老师 也不知道哪里来的这么多小学jjb在这里瞎吐槽
127009,657,邬小撑,2020-11-02 13:41:11,5,7,2,好老师。反映了50米测试不准的问题，邬老师非常重视!!!
136456,657,邬小撑,2021-06-18 06:04:15,5,6,1,之前班团骨干培训 把手机号直接告诉在座的所有同学 就真的认定了这是个好老师
139571,657,邬小撑,2021-07-17 11:21:59,4,4,0,形策课：事少（没有寒假作业），给分正常，讲课不错，会水朵朵
142260,657,邬小撑,2021-11-09 11:23:26,-7,2,9,实乃垃圾
153089,657,邬小撑,2022-04-25 07:51:58,6,6,0,祝贺邬书记升职！
180184,657,邬小撑,2023-09-20 13:16:58,1,1,0,要是想办法把渣导全解决了，我愿称您为伟人
25955,826,朱婉儿,2016-06-14 14:26:10,19,22,3,心理课真的很棒的，老师人也很实在，作业不多，给分不错~
31670,826,朱婉儿,2016-07-04 12:04:02,1,4,3,不错的沟领课呢O(∩_∩)O
36634,826,朱婉儿,2016-11-15 06:40:06,3,5,2,老师上课很有趣~娓娓道来的感觉很棒
47267,826,朱婉儿,2017-01-25 04:31:05,1,2,1,给分还好吧。
56583,826,朱婉儿,2017-07-04 04:21:56,1,3,2,这学期都是李娟老师代课 这应该是j类里面最轻松给分最好的课了 每次上课回答回答问题 最后论文写好点 拿了94
72297,826,朱婉儿,2018-01-30 00:25:05,2,2,0,这门课上课挺轻松的，老师讲课也很认真，最后成绩分两块，40%的小组论文，60%的个人成长报告。这门课应该是挂了好几个人，因为那几个个人成长报告大量抄袭，甚至有两篇一模一样的。其实个人成长报告很好写，写自己过去经历的大概就很容易写到2000字。感谢老师最后刚好让我上四，虽然我平时没有发言过。
74147,826,朱婉儿,2018-02-05 17:19:55,2,2,0,上课的内容是很不错，很有趣，很享受。但记得论文一定不能抄袭，抄袭直接算0分，也不要在网上东凑西凑内容，百度搜索什么的很容易发现。老师对这方面是有很严格的要求，选这门课程大家就请切记写自己的亲身经历的论文。不然通识课挂科真的很惨不忍睹。
86558,826,朱婉儿,2018-09-17 07:27:04,1,1,0,那么我劝你们要来做咨询了
90654,826,朱婉儿,2018-11-25 01:35:16,0,0,0,要发言 \n\n课挺好 给分没有想象好 但我只想要个给分好 毕竟职业生涯规划也是j 看看他们给分
5171,987,祝一虹,2015-07-05 14:31:48,2,5,3,很喜欢这堂课
5294,987,祝一虹,2015-07-06 10:01:52,4,7,3,呃有一点坑
13000,987,祝一虹,2015-12-24 13:05:10,4,9,5,不如睡觉
17312,987,祝一虹,2016-01-20 04:22:36,1,6,5,给分巨坑
22038,987,祝一虹,2016-03-02 06:40:35,22,32,10,我大二不是高二。不要说那么多水水的没什么意义的话好吗。
23703,987,祝一虹,2016-04-13 04:47:50,3,8,5,垃圾沟通与领导类，垃圾课，完全是浪费时间，垃圾通识课
24122,987,祝一虹,2016-04-27 15:02:07,6,13,7,每节课都去。最后论文无比认真。81分。\n\n完全学不到任何东西。\n\n一句话。垃圾课。
28705,987,祝一虹,2016-06-28 12:37:21,-1,2,3,预防接种
29766,987,祝一虹,2016-06-30 09:48:30,1,5,4,老师不错，画风有点话唠。楼上吐槽学不到东西也不奇怪，因为课上很多东西都是感悟出来的。真诚面对自己的想法，多点分享，领悟到的东西还真的不一样。
30250,987,祝一虹,2018-11-21 05:18:48,2,13,11,讲课看自己吧，我觉得还是有很多收获的。平时一定要多发言期末分才高，沟通与领导里比较水的，基本抢不到，选上的算你幸运～\n\n
32618,987,祝一虹,2016-07-08 06:27:06,0,1,1,重在感悟。
33321,987,祝一虹,2016-09-18 06:50:03,2,4,2,好想睡觉啊，真的不行了，只顾自己讲
40022,987,祝一虹,2016-12-29 00:08:49,9,15,6,这老师强行给班上男女配对做一些相亲游戏，不知道这门课的意义究竟在哪里
43989,987,祝一虹,2017-01-17 07:37:54,-3,2,5,大部分课程是助教上的，过程真的蛮无聊的，作业都刷不了。\n\n我上课不怎么回答问题，感觉老师和回答问题的人并没有说出什么有干货的内容。\n\n最后论文写得蛮认真，投入真情实感，所以得分也还可以。
44196,987,祝一虹,2017-01-17 11:52:48,-1,3,4,刷新个人通识课最低绩点
44298,987,祝一虹,2017-01-17 14:35:07,2,3,1,大概需要上课多发言，不过论文写得好应该也有很大作用
44536,987,祝一虹,2017-01-18 02:38:04,-1,3,4,感觉挺好的啊，比较水，只要发了言，论文认真写，绩点也蛮好的啊
45088,987,祝一虹,2019-02-25 05:33:05,-13,12,25,老师是专业咨询师，人很温柔，每节课都带大家做些小游戏，虽然有的挺无聊的，但是真的工作很用心。\n\n平时非常轻松，期末只要交一篇有真心实意的2000字小论文就行，反正我最后满绩了。
50732,987,祝一虹,2017-05-04 15:37:02,2,3,1,"尬聊。。无语O__O""…\n\n同学分享反而能学到更多东西\n\n选到这个课的话，还是不错的，身边的同学很多是很有想法，很有意思的。老师的话，感觉不够专业。听她最开始介绍，似乎只是随便学了学，入了门就来教课，感觉差了点儿意思"
69756,987,祝一虹,2018-01-25 10:26:13,8,10,2,中文不知道，英文授课水的一逼，什么内容也没有，还四个老师讲，每节课都去听她们瞎扯淡，给分还超级低
74128,987,祝一虹,2018-02-05 13:19:29,3,4,1,上的是全英亲密关系\n\n第一次开 被当成小白鼠\n\n想拿高分就要当组长 多发言\n\n英语不用怕 因为老师的英语还不如你\n\n期末课上一篇论文 就讲讲你这门课学到了什么 蛮水的
77452,987,祝一虹,2018-05-05 15:41:33,2,4,2,老师挺和蔼可亲的。\n\n最后论文要好好写。
77707,987,祝一虹,2018-05-07 10:58:58,4,4,0,很多时候感觉是为了交流而交流，评分不太好
78880,987,祝一虹,2018-05-16 05:35:52,7,9,2,英语那么烂就不要强撑了好吗？心疼
80996,987,祝一虹,2018-07-03 12:32:35,2,3,1,只能说真的过程很重要吧，玩手机什么的都无所谓，j类里面比较随意和水的，但是发言次数和quiz以及论文一定要做好一点，最后就是根据这个正态的吧……各项做好都不需要水平，只是不能太懒
81025,987,祝一虹,2018-07-03 10:47:50,3,3,0,给分看助教 不过助教老师真的很好……quiz只会两道题最后给分那么好……爱了
81043,987,祝一虹,2018-07-03 12:10:04,4,5,1,课挺水的，出分之后，很不爽，给分不好，感觉不公平
82355,987,祝一虹,2018-07-08 03:28:50,1,1,0,课很水，但是老师的英文实在是。。。
94537,987,祝一虹,2019-01-17 06:33:25,2,2,0,莫名其妙被正态
94644,987,祝一虹,2019-01-17 13:43:49,4,4,0,课真的很水。然后上课就是得多发言，但很多发言都是要分享一些自己的情感经历什么的，真的不喜欢。然后，你不发言就会被正态吧。给分。。。真是无话可说，谢谢了，拉低绩点就数它了。
106014,987,祝一虹,2019-04-24 09:47:02,0,2,2,两次quiz（第一次巨难半个班不及格 第二次就很水了）和一篇下限1000字的英文论文 点名很频繁每节课都要到 上课发言要积极一点 最好当个小组长 论文要写出自己的真实感受 总体上在沟领里面算事情不是特别多 刷分比较容易的了吧（利益相关：没当上小组长的4.8）\n\n
106015,987,祝一虹,2019-04-24 10:03:04,6,11,5,成长中的亲密关系 改名叫成长中花式点名看人下菜碟吧 一学期课p都讲不出来 碰上听不懂的发言就自己该说什么说什么 这种课浙江大学为什么要留着？为什么还要来祸害学生？讲的差我自习总好了吧？可是你自习会得到老师的制止，并且她会询问你的名字，期末绩点可想而知。不说了 差评 垃圾课 老师也差 我大学三年时间遇上唯一一个2.7的课，我论文好好写，上课也发言，你还想我怎样？自习怎么了？我真是醉了，我其他课均4.5 你给我来这么一出？
106022,987,祝一虹,2019-04-24 10:35:19,-6,2,8,讲真一个学期啥都没学到，靠一路鹅颈4.8\n\n第一次小测做的很差估计50分，然后就积极发言认真写论文，当个组长（啥事都没有）最后绩点还算没让人失望。建议愿意上课发言的人来，水课
106025,987,祝一虹,2019-04-24 11:04:40,1,1,0,每节课都发言+每次考前认真看ppt+论文写出了真情实感，最后被正态，4.2。努力和回报不成正比吧。也许是我自我感觉良好了。
119562,987,祝一虹,2019-11-13 23:51:58,1,1,0,我大一 班里大多数是高年级的 每次上课都去睡觉 第一次不知道有quiz炸了 第二次提前看了课件满分 绩点就不太好看了3.3
130065,987,祝一虹,2021-01-16 07:18:41,3,3,0,朋辈辅导课是一节有温度的课，很推荐愿意帮助别人的心理委员选这节课～
130922,987,祝一虹,2021-01-25 08:54:19,2,2,0,翘课一次还能被捞到4.5\n\n爱了爱了
131167,987,祝一虹,2021-01-26 10:35:24,5,6,1,朋辅课，全程划水，团辅案例老老实实做，个辅瞎编，开卷考抄题库，4.5。
146039,987,祝一虹,2022-01-05 07:47:06,6,6,0,成长中的亲密关系 老师真的很温柔又耐心 会听我们说一些可能看似不大有营养的表达 然后潜移默化转化成知识。 每周三的下午三节课总好像没学什么知识点 但是每次心灵都觉得被净化了。可能是因为我本身有一点点心理问题 需要一些心理治疗之类的 所以之前看评论里说的“无聊”不敢苟同。通过这堂课了解学校心理咨询室做了心理咨询。收获了好心情，认识了非常非常优秀且温暖的组员，也收获了满意的分数。就是认认真真做好小组展示和作业吧，突然又相信真心会换到真心了。给老师和助教姐姐点赞。谢谢老师和我的组员：）
146181,987,祝一虹,2022-01-05 16:04:27,1,1,0,老师很好啊很温柔
169214,987,祝一虹,2023-02-24 16:21:01,2,2,0,自我探索课，和刘艳老师形成鲜明对比，上课太会提问了，一节课能问六七个人，想摸鱼写会作业都不行，抓着你问🫠，特意跑到后排问你，麻了
188431,987,祝一虹,2024-01-19 03:43:08,0,0,0,自我探索这门课给了个4.8的绩点，狠狠好评！
220001,987,祝一虹,2025-06-13 10:57:27,0,0,0,给分好
16965,1152,梁社红,2016-01-19 10:15:07,9,11,2,给分不高啊
20918,1152,梁社红,2016-02-04 02:58:30,11,11,0,无聊 给分差 呵呵
53118,1152,梁社红,2017-06-26 02:36:12,-3,2,5,老师讲课很好，讲课形式很丰富。关键是人太好！给分好对我们一直很心软。记得刚开学的时候讲缺课次数太多直接扣到零分的，但是最后也没有，还在最后一节课前反复给我们讲一定要来一定要来。\n\n助教也超级好，在群里会和大家讨论问题，很早就统计好了大家的成绩。\n\n真心想表白老师和助教姐姐！
55506,1152,梁社红,2017-07-01 16:27:40,-1,1,2,老师人很好的，很体贴学生，出分也很快，选的助教也都尽职尽责
64246,1152,梁社红,2017-12-22 02:12:15,-1,1,2,很棒，但是感觉讲课方式略显尴尬
65537,1152,梁社红,2018-01-05 10:42:27,-1,1,2,还可以辣
81376,1152,梁社红,2018-07-05 02:35:02,1,3,2,还行吧，给8分\n\n上课其实挺无聊的，但是毕竟这门课本来就挺水的不能怪老师。课堂比较尴尬，不管是讨论课还是理论课，嗯。给分一般，大家看一下其他几个积极心理学老师的均绩就能看出来。\n\n总之，无聊，尴尬，给分一般，嗯，就酱～
82128,1152,梁社红,2018-07-07 07:39:34,1,2,1,挺好的啦，能在这种水课上的不水其实也很难啊，但真的超级喜欢讨论课，每次周一总有种没从周末回过来的感觉，但上完讨论课以后就会觉得心情好很多，另外这门课可以认识不少课友还有超级棒的助教小姐姐，总的来说挺好的一门J类课了！
103162,1152,梁社红,2019-02-26 09:16:21,1,3,2,本来是觉得自己太丧想励志一下的。。。抑郁了。。。听了一节课本来想退。。。但教材好贵。。买都买了就上呗。。。好歹J类2学分呢。。。我觉得吧。。。选上这门课并且还能坚持快乐愉悦地上完就算很好的积极心理学实践了666
104703,1152,梁社红,2019-03-26 07:44:39,8,8,0,上课巨无聊的没意思  上课下课两种态度 上课的时候场面一度尴尬  像在给小学生上课 受不了
108656,1152,梁社红,2019-05-30 13:49:22,9,9,0,职规课太无聊了没什么用
109045,1152,梁社红,2019-07-03 12:05:38,8,9,1,无聊。
109962,1152,梁社红,2019-07-14 06:26:28,-17,7,24,emmm我觉得给分挺好的？我估摸自己差不多4.5结果居然给了满绩，可能是我职规书做的比较花哨吧....
114981,1152,梁社红,2019-07-13 17:13:13,10,10,0,给分不是很好呀，我明明那么认真，职规书写的那么用心，绝对问心无愧，最后给了我这学期最低绩点，所以这种没什么用的课还是水过去吧，否则最后希望越大，失望越大
114996,1152,梁社红,2019-07-14 02:04:19,10,10,0,给分差。。我做了什么大逆不道的事才能像缺课三节的形策一样得3.0
115000,1152,梁社红,2019-07-14 02:43:35,20,22,2,给分也太差了吧，上课时老师也是应付一下，一下课就死马脸，体验很差。强烈不推荐选她的职规课，我现在就是后悔，非常后悔。
115001,1152,梁社红,2019-07-14 02:51:14,5,5,0,上课无脑无聊，我们说做的测试不符合、不科学、帮助不大，老师就笑笑，没办法，就是这样。好吧，既然帮助不大为什么还要学这课，为什么不解决呢；如果说职业规划只能靠自己悟，干嘛要把时间浪费在课上。而且事情多、绩点低，完全不知道有什么理由选这课。
115005,1152,梁社红,2019-07-14 03:54:58,12,13,1,我更新我的评分，这老师只值1分
115007,1152,梁社红,2019-07-14 03:34:49,-5,2,7,给分一般，当了组长，职规一万二字，展示也差不多水水，4.2。但是也服气了。\n\n
115008,1152,梁社红,2019-07-14 03:56:41,7,8,1,给分好差，老师，你每天讲得怎么样自己不清楚啊…
115023,1152,梁社红,2019-07-14 09:39:26,6,6,0,如果当组长绩点应该会高一点。但是这老师是真的没劲！！我宁愿选一个给分差的感兴趣的通识也不想浪费时间在这个课上。如果不是为了那1.5学分，早退课了。水课，职规书的恶竞，毫无意义的课堂讨论与小组记录就是这门课了。职规强推蔡云老师的。
115152,1152,梁社红,2019-07-16 08:26:38,2,6,4,我只想说这个老师之所以评分这么高，是因为不能评0分，查老师应该更新，做好了一切，老师就因为最后一节课没提前那么多到，就仇恨整个组，你有师德吗？nmb，选她的课，除非你有满绩才能让均绩上3，死老师
115189,1152,梁社红,2019-07-16 23:30:50,2,3,1,别选，千万别选
127616,1152,梁社红,2020-11-25 05:03:25,0,1,1,上课不知所云
139715,1152,梁社红,2021-07-21 03:05:55,5,6,1,积极心理学好评，上课内容很有意义，最后满绩了！
140299,1152,梁社红,2021-09-07 14:47:06,0,0,0,哈哈哈
145229,1152,梁社红,2021-12-28 10:46:38,1,2,1,内容干货、有意义，老师认真、偏严肃！所以，上课需要像上专业必修课那样认真，不能只当选修课应付。
146320,1152,梁社红,2022-01-06 08:03:03,8,9,1,强推朋辈辅导课事少放松给分好，认识了一堆可爱小伙伴，上课很快乐www
147355,1152,梁社红,2022-01-09 16:21:35,5,5,0,朋辈课感觉还行
148356,1152,梁社红,2022-01-12 08:18:03,3,4,1,老师比较严肃，但也是负责的，不适合来混的学生
149767,1152,梁社红,2022-01-16 23:38:29,6,7,1,上课轻松，干货多，学到了助人助己的知识和技巧，很有意义的一门课，强推朋辈课 。
155948,1152,梁社红,2022-06-16 16:23:02,1,2,1,被卡绩了有点难过，团辅也做得蛮认真的哎，但是上起来收获还是很多的
171080,1152,梁社红,2023-03-15 14:59:24,1,2,1,哈哈哈，没见过这么烂的
176867,1152,梁社红,2023-06-30 13:08:30,4,6,2,上完朋辈课来评价一下～\n\n团辅课游戏挺好玩的，理论课有挺多讨论机会的，我们小组气氛还是比较轻松的\n\n大学以来第一个满了的通识，谢谢老师！
181232,1152,梁社红,2023-10-12 03:24:54,2,2,0,团辅课好尴尬
201635,1152,梁社红,2024-11-05 05:21:31,0,1,1,老师很好啊，上课很水，团辅也不是特别严格按照要求的那种，想选大学生朋辈心理辅导课的可以无脑冲梁老师
202615,1152,梁社红,2024-11-13 11:10:18,2,2,0,朋辈课蛮好玩的
203652,1152,梁社红,2024-11-20 10:24:30,1,1,0,老师很好，助教姐姐很好，课很有意思，我们小组还拿了个优秀团辅得到了二课分（意外之喜了hhhhh）但是最后被卡绩了，不知道问题出在哪里，有点难过😫
206187,1152,梁社红,2024-12-13 07:42:33,1,1,0,给分很随意
209088,1152,梁社红,2025-01-04 11:44:54,1,1,0,朋辈心理辅导出分后来的！老师上课水水的，也不用回答问题。朋辅小组很好挺好玩的，个人觉得给分好～
3523,1901,俞林鑫,2015-06-17 01:27:35,6,18,12,一般
12035,1901,俞林鑫,2015-12-21 14:34:56,0,12,12,人挺好
20985,1901,俞林鑫,2016-02-07 01:17:48,11,12,1,给分一般\n\n
24975,1901,俞林鑫,2016-05-04 15:05:05,14,27,13,我觉得很好的老师，讲话让人很舒服，最后交一份个人成长报告，认真写分就不会很差的~
26089,1901,俞林鑫,2016-06-15 15:20:23,0,5,5,好好好
36225,1901,俞林鑫,2016-11-11 06:46:01,-2,3,5,很好的老师
38279,1901,俞林鑫,2016-11-29 05:47:10,0,4,4,很有趣，给分也好
38327,1901,俞林鑫,2016-11-30 03:00:56,-1,4,5,给分超级好，会给你10-15min上课睡觉，成长报告超级水的，真水真好~
43681,1901,俞林鑫,2017-01-16 23:03:39,5,10,5,挺好的，可以学到挺多自我调整心态的方法。老师还是知乎大V！卖个萌给老师求关注！٩( ᐛ )و
49604,1901,俞林鑫,2017-04-20 05:52:33,1,6,5,老师声音温柔，事情不多上课体验好，强推这门J类课！
49830,1901,俞林鑫,2017-04-26 09:45:51,3,6,3,给分差
49930,1901,俞林鑫,2017-04-27 09:01:44,9,9,0,老师自认为给分很好，就这样吧
50038,1901,俞林鑫,2017-04-28 16:39:25,2,7,5,老师给分很公道啊，小组展示认真准备，内容丰富有趣一点，思考题和个人成长报告也认真写，给分不会低的。两次课堂发言算十分，尽量前几次课就举手回答问题，后期竞争很激烈的。
61475,1901,俞林鑫,2017-11-17 14:56:53,6,7,1,有时候努力不一定有结果
61481,1901,俞林鑫,2017-11-17 14:56:04,4,4,0,还行把
61482,1901,俞林鑫,2017-11-17 14:14:50,3,4,1,给分很好，人也很好
61489,1901,俞林鑫,2017-11-17 14:55:43,1,3,2,不知道那些说老师给分不好的是不是自己没认真做 我是17秋学期的 这学期老师给分很好 老师人很好 听听会有帮助的
61516,1901,俞林鑫,2017-11-19 08:28:18,3,4,1,上课让人感觉很轻松，期末一份问答题作业一份成长报告，一次针对大学生日常生活学习某一方面心理学知识的小组展示，要求形式多样新颖。个人期末得分属于正常。
61526,1901,俞林鑫,2017-11-18 09:07:11,4,4,0,我觉得最后一次成长报告要有真情实感，不必有多么专业的知识，把自己的想法讲出来能和老师有共鸣就好。
62825,1901,俞林鑫,2017-11-27 05:53:30,2,2,0,老师人很好，值得选。值得上，但是给分一般
78056,1901,俞林鑫,2018-05-09 07:22:52,1,1,0,有收获，分不低。
78074,1901,俞林鑫,2018-05-09 08:40:39,1,1,0,很爽很舒服 很好的老师\n\n
78104,1901,俞林鑫,2018-05-09 10:26:59,0,0,0,老师讲的应该还不错，不过那个成长报告迷之恶竞？！看到有人写了超多......作为j类课还是很好的
544,2161,陈海贤,2015-03-15 04:41:56,9,14,5,炒鸡nice的老师啊啊啊啊啊！
3272,2161,陈海贤,2015-05-25 12:06:34,0,0,0,很好！真的！
4034,2161,陈海贤,2015-06-17 14:48:32,0,0,0,会有很多收获
4661,2161,陈海贤,2015-06-25 22:57:33,0,0,0,很幽默，人超好
4801,2161,陈海贤,2015-06-29 03:35:43,8,9,1,萌萌哒知乎大V
5598,2161,陈海贤,2015-07-08 15:09:45,0,1,1,超级棒！很用心很nice的老师！
5955,2161,陈海贤,2015-07-10 04:01:19,2,2,0,想你了
6176,2161,陈海贤,2015-07-11 15:49:12,-1,1,2,有趣
6264,2161,陈海贤,2015-07-12 12:56:02,0,1,1,超好的老师
10170,2161,陈海贤,2015-11-17 05:58:14,0,0,0,棒棒棒
73124,2161,陈海贤,2018-02-01 03:12:43,3,3,0,没上过课，读了陈老师的书《幸福课》收获颇多
115466,2161,陈海贤,2019-07-25 16:28:16,2,2,0,大二知道陈老师，可他那时候已经离职了，看过知乎，听过《自我发展心理学》，读过《幸福课》，不能说让我得到了很多答案，但是让我知道自我探索是一个很重要的课题。
115576,2161,陈海贤,2019-08-05 12:28:51,3,3,0,多好的老师啊我刚要来浙里怎么他早就辞职了呢
262,2938,楼艳,2015-03-14 23:35:07,-11,12,23,上她的思修让人感觉非常得放松和舒适，仿佛在上大学生心理一样。作业也不算很多，偶尔有小作文，期中有调研期末有实践，课堂还画过画。据说给分不好，但我觉得还行…
3387,2938,楼艳,2015-06-08 04:16:57,12,17,5,上课好，给分一般
7223,2938,楼艳,2015-09-11 07:45:42,1,5,4,逼了狗了的分数！我最低绩点就是她给的
9363,2938,楼艳,2015-10-24 06:14:17,-3,6,9,绩点低是自己的问题吧，我觉得我上课挺认真的，最后也上4了…老师人很好的，很有气质。
38482,2938,楼艳,2016-12-06 23:55:48,0,2,2,一般般
42697,2938,楼艳,2017-01-20 00:30:17,5,7,2,垃圾水课，毁我青春，还有绩点
45277,2938,楼艳,2017-01-19 08:55:21,-13,4,17,我上课不怎么发言最后考试也就考前翻了两个小时的书居然上4了自己都想不到，老师人也挺好的呀上课很轻松，作业主要就是两次研究性学习也不算多的。
46306,2938,楼艳,2017-01-21 07:52:35,1,5,4,老师很好，任务较轻，听课舒服。
47076,2938,楼艳,2017-01-23 14:22:57,0,3,3,还好吧。我觉得事情挺多不过思政课没办法。平时稍微发两次言期末背点书绩点也过4了。
47707,2938,楼艳,2018-09-10 22:45:23,-13,3,16,人很漂亮
93333,2938,楼艳,2019-01-09 04:46:42,0,0,0,。。。
104025,2938,楼艳,2019-03-10 12:12:40,8,8,0,喜欢拖堂 喜欢拖堂 喜欢拖堂 重要的事情说三遍。
112130,2938,楼艳,2019-07-03 17:12:03,0,0,0,上课一般，很多东西都搞不清，给分也很垃圾。
112204,2938,楼艳,2019-07-03 22:40:25,8,13,5,思政课是所有课中最差的，形策是所有思政课中最没用的，楼艳是所有形策老师中最烂的
112230,2938,楼艳,2019-07-03 23:40:27,1,1,0,这个绩点是认真的吗？1分形策事情巨多考试考得还行，为什么绩点可以这么低！
112438,2938,楼艳,2019-07-04 07:22:29,4,4,0,作业都交从不翘课题都背了，最后喜提最低绩点……说不出话来
118460,2938,楼艳,2019-10-27 08:24:32,2,2,0,给人感觉课堂没有思维
119003,2938,楼艳,2019-11-09 06:38:27,4,4,0,上课真的水，全程学不到什么东西，杂乱无章，甚至还不如念课本。布置作业说的很不清楚，啥时候交，交些什么都很含糊，问她老说自己已经说的很清楚了。各种报告、书评很多，挺烦的，不过这可能是思修课必备的吧。总之体验不太好
122989,2938,楼艳,2020-04-28 01:49:49,1,2,1,形策喜欢在课上走来走去抓不听课的学生。给分一般
123080,2938,楼艳,2020-05-08 16:28:10,2,2,0,最差老师之一
123411,2938,楼艳,2020-06-08 09:35:39,2,3,1,人文学院大会上表现糟糕
123730,2938,楼艳,2020-06-13 03:53:09,-2,3,5,其实我觉得她的思修还行，毕竟思修应该都挺无聊的，感觉她也算中规中矩了，给分还行，水了一学期对4.2也算满意了
128583,2938,楼艳,2021-01-29 09:11:06,3,3,0,给分奇低
131875,2938,楼艳,2021-01-30 10:50:00,-1,3,4,老师给分很好，真的
132064,2938,楼艳,2021-01-30 05:16:39,3,3,0,给分奇差
132112,2938,楼艳,2021-01-30 10:50:48,-5,1,6,水课分高，没有之一
132113,2938,楼艳,2021-01-30 10:49:23,3,5,2,太好了
132690,2938,楼艳,2021-02-03 10:12:12,7,9,2,这老师脑子可能有点问题
137272,2938,楼艳,2021-07-03 07:47:39,-7,1,8,给分也不能叫低吧，毕竟有笔试闭卷啊
138248,2938,楼艳,2021-07-08 07:09:23,0,0,0,老师有时候发音不是很准确，讲课中规中矩，小作业字多，最后给分不高，倒是挺水的。
138316,2938,楼艳,2021-07-08 13:17:01,1,1,0,快逃啊
139199,2938,楼艳,2021-07-13 08:19:51,2,3,1,思政课还是尽量找会调分的老师吧。。。毕竟闭卷考。。。大一小朋友记得预置课也是可以换老师的。。。别被辅导员骗了。。。
148567,2938,楼艳,2022-01-13 01:41:17,4,4,0,太拉了太拉了太拉了\n\n一门水课降我均绩
148772,2938,楼艳,2022-01-13 12:56:18,0,0,0,老师人还不错，挺温柔，事情也比较少，但感觉水平有限，给分一般。
156844,2938,楼艳,2022-06-21 06:29:07,1,1,0,出分了…其实分数也还行，比我想象中的好多了，可能运气成分居多。但是不管怎么说，建议下一届上形策的学弟学妹还是考前复习一下，裸考真的会比较惨
156990,2938,楼艳,2022-06-21 13:17:43,0,0,0,感觉挺一般的，讲课也没有什么特点
157061,2938,楼艳,2022-06-21 20:56:38,0,0,0,考试考的还可以 出分了发现和隔壁老师没法比给分贼烂
166833,2938,楼艳,2023-01-14 00:59:08,0,0,0,老师还是挺温柔的，虽然我分数腊鸡，但是形策一共也就1分，后面随便什么课都能够轻松拉回来，感觉没必要这样骂老师。
167346,2938,楼艳,2023-01-15 14:40:48,0,0,0,老师人很好，可惜思修课我并没怎么听555\n\n最后给分我还是非常满意的（\n\n好好答期末，读书报告和志愿服务认真写，基本不会差
171171,2938,楼艳,2023-03-17 08:41:04,0,0,0,不得不说当评委很有原则很公正
175878,2938,楼艳,2023-06-27 05:12:27,0,2,2,老师讲的很好，每次都很认真准备，是真的想要给我们传达什么那种。上课管的不严，想水也可以水，但是听一点其实也挺有意思～\n\n最主要是老师现在给分真的真的超级好，我不知道该怎么感谢老师，当时在赶两个ddl然后没有认真复习，一张卷子我除了校训只会一道题，老师给我捞到了4+的绩点，很愧疚上课没有很认真听。ly老师zmy姐姐还有助教wht哥哥，都是我！的！神！
181348,2938,楼艳,2023-10-15 12:38:41,0,0,0,为什么这么喜欢拖堂啊
190509,2938,楼艳,2024-03-06 11:29:33,0,0,0,老师给分好事情不多，评分偏低了
220356,2938,楼艳,2025-06-17 12:42:19,0,0,0,形策给分好
2577,3045,沈律明,2015-05-04 14:53:40,16,19,3,很有思想又很平易近人。虽然很年轻但是可以学到很多。他的很多看法和思维让我受益匪浅。选到他的思修可以偷着乐了。
34385,3045,沈律明,2016-10-08 12:24:15,7,7,0,大一是他的思修，感觉人很和善，讲的内容有深度，不枯燥，是个有教学技巧的老师，推荐
60495,3045,沈律明,2017-11-03 09:01:27,0,4,4,老师会随意拖堂的
60938,3045,沈律明,2017-11-03 09:02:11,4,4,0,讲得实在是很棒，鼓励我们要独立思考。
64617,3045,沈律明,2017-12-25 14:21:49,0,2,2,会拖堂
64819,3045,沈律明,2017-12-27 08:51:25,0,2,2,行策还可以，没有点名，任务也不多
79400,3045,沈律明,2018-06-03 11:25:35,9,9,0,在浙大遇到过最好的老师，没有之一。去上他的课前，心里甚至都会很兴奋，感觉听一堂课学到的比两星期加起来学到的还要多！
80345,3045,沈律明,2018-06-25 10:47:18,0,2,2,捅捅 捅jb捅
80529,3045,沈律明,2018-06-27 12:08:29,0,0,0,行策课上会讲一些很老的段子
83412,3045,沈律明,2018-07-10 08:39:32,6,6,0,形策 讲得还行吧?
83413,3045,沈律明,2018-07-10 08:39:44,3,3,0,啊啊啊啊形策救命恩人
83477,3045,沈律明,2018-07-10 11:12:08,0,0,0,给沈老师打爆电话
105435,3045,沈律明,2019-08-19 08:28:05,0,0,0,
110346,3045,沈律明,2019-06-26 00:31:52,3,4,1,形策事情还蛮多的…要写文章还有两次小组展示 但老师人很好 讲课还蛮有意思的（虽然大部分人都不听）……快出分了保佑一下！！！
112133,3045,沈律明,2019-07-03 17:17:18,1,2,1,老师讲课不错，人也很好。课上有可能以交课堂作业形式点名，所以不要缺课。期末多背PPT后思考题，做时事报告书后选择题，认真对待作业，成绩不会差的～
112212,3045,沈律明,2019-07-03 23:10:18,0,0,0,行策这种课反正就这样吧，老师人好事不多除此之外你还能要求些什么呢？
112718,3045,沈律明,2019-07-05 01:08:39,0,1,1,随机给分吧
114466,3045,沈律明,2019-07-10 04:39:19,0,0,0,努力讲座
115981,3045,沈律明,2019-08-27 14:27:28,0,2,2,超级想死
128207,3045,沈律明,2020-12-13 10:24:18,4,4,0,行策，可以吹了，虽然拖堂但是非常有意思
128787,3045,沈律明,2020-12-25 09:55:05,0,0,0,讲课有趣，事情少
153632,3045,沈律明,2022-05-06 14:02:25,0,0,0,...
2671,3365,王芳,2015-05-05 07:02:47,15,23,8,上课上得挺有创意
4072,3365,王芳,2019-06-03 01:46:00,-2,26,28,彻底的五毛 非黑即白 自我欺骗 粪青最爱
8654,3365,王芳,2015-09-23 15:05:33,-4,8,12,上课娓娓道来，关注学生的感受，用心上课的好老师哦
34199,3365,王芳,2016-09-28 08:23:50,5,9,4,挺好的老师啊。没有第一条那么偏激。讲课是挺好的。
34726,3365,王芳,2016-10-19 09:09:41,2,3,1,老师上课很有热情，上课回答不用很专业
38509,3365,王芳,2016-12-07 08:51:33,-2,2,4,感觉有点（愤青） 会带着学生在课上一起大声喊 我爱中国这样的话  感觉这种试图洗脑有点无法理解。
41386,3365,王芳,2017-08-29 07:00:10,0,0,0,还好吧
46605,3365,王芳,2017-01-22 03:44:52,2,3,1,平心而论，老师人很好呀。很耐心地帮我补选，上课也很认真。
46641,3365,王芳,2017-01-22 04:47:52,1,1,0,老师人很好的QAQ，给分也很棒
47302,3365,王芳,2017-01-25 07:15:43,0,1,1,一种口是心非的体验
63128,3365,王芳,2017-11-28 13:18:52,-3,0,3,做多做少一个分??‍♀️
63135,3365,王芳,2019-06-03 01:45:37,-5,1,6,认真走心完成作业、在小组中积极一点、别划水、4.8很容易的
65337,3365,王芳,2018-01-03 06:13:01,2,3,1,老师很温柔 给分也很好 尽可能地给我们高分的 课也还算有趣 请来的嘉宾讲的内容还是能收获很多的
70089,3365,王芳,2018-01-26 05:37:43,2,2,0,分组，老师人很好，给分很不错，推荐
71081,3365,王芳,2018-01-28 02:36:24,4,4,0,挺不错的。职业生涯规划书要写的认真些，上课发一两次言。主要看自己需不需要这门课，不想听的话，水水手机算了简单的。
73324,3365,王芳,2018-02-01 10:34:11,-4,0,4,垃圾 没有听课必要
76607,3365,王芳,2019-11-14 03:17:35,3,4,1,很不错的老师，没有前面说的那么偏激吧。职规课上得挺好的，期末征求了全班意见把讲座改成无领导小组讨论，还是很用心的。
83147,3365,王芳,2018-07-09 23:51:34,2,2,0,形策抽一天好好复习 给分不错 老师上课也不错
88512,3365,王芳,2018-10-31 14:14:07,3,3,0,事情贼多
121210,3365,王芳,2019-12-29 10:49:10,3,3,0,职规事情贼tm多，学生群里有问题问问题几乎从来不给回答，你也嫌麻烦？你布置这么多要求就不嫌麻烦？课程内容就更不用说了，垃圾水课。
121945,3365,王芳,2020-01-25 07:36:46,1,1,0,事情太多，给分堪忧
17206,3472,刘艳,2016-01-20 01:14:42,-7,7,14,很有负责任的老师，给的分数很公平
22397,3472,刘艳,2016-03-04 07:44:06,-10,4,14,给分很好，讲课很认真，唯一缺点是有点无聊。
24123,3472,刘艳,2016-04-27 15:02:47,8,12,4,给分烂。
30251,3472,刘艳,2016-07-01 06:39:31,4,5,1,给分还好，平时一定要多发言期末分数才能高，课程很水，没什么事。是否能学到东西看自己态度，我觉得学到很多。这种水课的沟通与领导选上了就算幸运～
35257,3472,刘艳,2017-05-24 05:50:53,-8,3,11,good\n\n
45346,3472,刘艳,2017-01-19 11:51:41,4,6,2,很无聊的汉语课，而且老师会把班里很多人的名字记住，想逃也逃不了，给分烂
53101,3472,刘艳,2017-06-25 15:20:57,4,6,2,跟这位老师简直没法谈话，我一开口总是打断我说话，气死。
53185,3472,刘艳,2017-06-29 04:08:03,17,22,5,给分差，平时说话很焦躁，改卷速度非常快，结课以后也不乐意听取学生的意见。中午考完的晚上就出成绩了，别人汉语（甲）很早就考完了，ddl的最后一天才会出成绩，从出分时间就可以看出老师改卷是那么随便，急着放假吗？把我们学生认真考试的态度当成什么了？如果你问她为什么绩点那么低时，她会回一句“绩点不是我给的”这种极其不负责任的言论，给她发邮件她也不会回复。老师出的题目也很奇怪，并不是说会出那种模凌两可、感觉两个都对的选项给你选，而是出那种你觉得两个选项放进句子里读起来的非常奇怪、是错的的题，当你问一个阅读填空题有没有具体要求时，她不会告诉你一定要填一个词语或者一个字，她说：“你猜”，考试内容都全部是从课本里面出的，所以考前一定要把每课后面的练习题看一遍！免听的话绩点直接与考试成绩挂钩，本身中文就很好的可以争取考满分，如果最终成绩与自己预想的差太大，一定要及时找老师沟通，最好放假之前，如果老师不回应，就去找负责国际教育学院课程的老师，必须要追究到底，让老师不再敢那么随意。这是理工科留学生的必修课，只有一个老师，没办法避开这，祝各位好运！
65841,3472,刘艳,2018-01-09 13:26:54,5,5,0,老师对学生的态度超级烂
75682,3472,刘艳,2018-03-15 06:03:59,1,1,0,也就这样吧。。需要听她的课的人不太多
78762,3472,刘艳,2018-05-15 05:29:55,1,1,0,老师很热情\n\n
80532,3472,刘艳,2018-06-27 12:42:26,0,0,0,坐第一排，课听的不太认真，但还是会参与，平时分就满分了，再说考试还算简单的，说老师出题不好的是自己不会做的吧?\n\n别迟到，别溜走，叫你回答问题你就回答，作业就几个造句，就很容易拿高分，，如果这个都做不到那就是能力问题了
80826,3472,刘艳,2018-07-01 13:19:22,0,1,1,呵呵，终于找到这个老师了，16级材料考完出分结束老师玩失踪？然后助教也失踪？查老师也查不到这个人了？社会毒瘤，别被均绩骗了，你如果不是欧皇那最多只能比均绩高0.01
86592,3472,刘艳,2018-09-17 11:14:25,0,0,0,这很棒
87121,3472,刘艳,2018-09-20 14:36:34,0,0,0,水课还是可以的，但是对学生是真的很差 有点崇洋媚外的感觉
110574,3472,刘艳,2019-06-27 13:34:13,1,1,0,0分0分\n\n和她讲话简直吐血！！！\n\n给分烂且随意，对学生的态度极差。\n\n难道是留学生的班级就能如此随意吗？？
115899,3472,刘艳,2019-08-24 14:58:30,0,1,1,很好的老师 给我100
126626,3472,刘艳,2020-10-09 07:23:43,0,0,0,very good
126921,3472,刘艳,2020-10-28 07:22:23,-2,0,2,真的是水课，讲得内容一点用都没有，我听的超不耐烦。
130674,3472,刘艳,2021-01-24 07:05:38,-1,0,1,给分不合理，内容讲的很散乱
131113,3472,刘艳,2021-01-26 04:29:12,19,23,4,【自我探索与成长】发现两个老师重名了，自探的刘艳很温柔～感谢最后捞我上来 以及美女助教姐姐yyds
134036,3472,刘艳,2021-03-13 04:51:38,0,1,1,免听只有10%的学生 不知道是什么原因会有这条例 有些同学母语是汉语且基础是基本都掌握的 但是需要测试才可以选择当中的10%学生免听 我觉得有点离谱 毕竟最开始汉语（乙）I的时候是不需要测试的
147812,3472,刘艳,2022-01-11 02:20:06,0,0,0,谢谢老师！
157348,3472,刘艳,2022-06-23 04:25:10,0,0,0,谢谢老师
171552,3472,刘艳,2023-03-28 12:32:31,0,0,0,傻逼老师，自视清高、0分不解释
185795,3472,刘艳,2024-01-04 12:29:04,1,1,0,我上的是她的汉语课，lxs们听我一句劝，不要选她的课。浙大最垃圾的老师之中。给分差，要求对，对学生的态度很差，以为自己很幽默，实际上特别无语。这应该是我绩点中最低分的一门课程了。sb老师。0分无疑。
187628,3472,刘艳,2024-01-17 02:11:04,0,1,1,别选她！！真的是让人无语的老师！挺烦人的，以为自己很幽默… 还有点偏心班上的一些同学
187742,3472,刘艳,2024-01-17 09:36:30,0,1,1,自探课节节点名 小组作业和期末论文都好好写的 结果只给70分 真的无语 上课无聊得很 快跑
211652,3472,刘艳,2025-01-12 06:06:15,0,0,0,给分差，你差一分她也不会给你的，讲课很烂。每天都点名，迟到也算是没上。快跑！！！
220883,3472,刘艳,2025-06-20 09:08:58,1,1,0,自我探索与心理成长（和王桂彩老师一起上课的）\n\n1 个人感觉事少分高，作业是期末的成长手记（2000字左右）、知到的网课和线上期末考试。要求平时课堂发言至少一次。\n\n2 上课体验还不错，想干自己的事不听也没关系，偶尔听一听同学们的发言也挺有意思的，有些课堂活动有一点尴尬，总体来说挺不错的。\n\n3 签到大概三次左右（有点记不得了），纸质签到，本人错过了一次平时签到老师也给了蛮高的分数\n\n以上供参考
25846,3620,郭诗平,2016-06-11 18:02:24,-12,2,14,老师特别棒
30620,3620,郭诗平,2016-07-02 05:25:31,-13,1,14,帅死了 用说？管理层年轻一代不可多得的人才。
54604,3620,郭诗平,2017-06-30 01:15:47,-13,0,13,好好好
58657,3620,郭诗平,2017-09-13 01:14:58,-11,1,12,马上！
99208,3620,郭诗平,2019-08-28 16:35:45,18,19,1,脱离群众
139422,3620,郭诗平,2021-07-15 11:03:05,-14,0,14,很不错！
140994,3620,郭诗平,2021-09-20 05:40:29,-15,1,16,一个温和的80后大哥哥
198128,3620,郭诗平,2024-09-01 15:22:04,18,18,0,服了，管军训跟shi一样
198130,3620,郭诗平,2024-09-02 17:23:42,19,19,0,摘自朵朵：对今晚刺杀操的郭姓领导真无语了，半点人事不干，还乱骂人，有必要骂得这么难听，直接在大庭广众下骂某个同学是不是个爷们，再怎么说这样骂也太侮辱人格了吧？别真以为穿个军装，就是军队领导了。就算你真是个军队领导，貌似也是严禁打骂官兵的吧？既丢浙大脸，又抹黑了人民军队形象，真绝了，能不能别外行指导内行啊，我们已经够累了😅😅😅\n\n再看看前些年的好评，只能说浙大的垃圾行政管理对人的异化真的能让人恶心到吐血🤢🤢🤢
198131,3620,郭诗平,2024-09-01 16:15:56,15,15,0,只会恶心人\n\n军训就是因为有你这种类似封建主的牛马东西才越来越烂的
198139,3620,郭诗平,2024-09-02 09:45:50,14,14,0,军训管的什么玩意，吼什么吼，不是他在瞎指挥我们本来就可以按时回去了，结果迟了这么久
198143,3620,郭诗平,2024-09-02 13:49:28,14,14,0,有点恶心人了，为什么大晚上出来祸害人呢，是因为白天嫌热在吹空调吗？还是因为是什么鬼魂只能夜晚活动
198145,3620,郭诗平,2024-09-02 14:55:55,13,14,1,希望能少点官僚主义
198154,3620,郭诗平,2024-09-03 04:57:44,9,9,0,懒得喷
198166,3620,郭诗平,2024-09-03 13:08:27,8,8,0,不好，祖国的大奋，都是必样的
198168,3620,郭诗平,2024-09-03 14:55:10,5,5,0,阿米诺斯
198204,3620,郭诗平,2024-09-05 00:11:08,4,4,0,郭姓领导，dddd
198244,3620,郭诗平,2024-09-06 01:16:35,4,4,0,某郭姓领导
199909,3620,郭诗平,2024-10-08 06:37:13,2,2,0,1分不解释
