评论id,老师id,老师姓名,发表时间,点赞减去点踩数量,点赞量,点踩量,内容
176266,4429,黄任群,2023-06-28 07:47:11,3,3,0,纯纯出生，给分看字好不好看？
86432,4459,刘傲然,2018-09-16 04:57:55,0,0,0,不是刘老师打的分，是一个姓华的老师打的
104359,4459,刘傲然,2019-03-18 17:29:52,0,0,0,温柔的好老师
110088,4459,刘傲然,2019-06-22 12:09:10,0,0,0,aa姐真棒??！
71020,4461,柳小毅,2018-01-28 01:52:56,7,9,2,上课喜欢讲时事 谈人生经历和体验 虽然有些价值观不能苟同 但确实关心学生 最后给分也很好 感谢。
87506,4461,柳小毅,2018-09-30 03:23:06,1,2,1,肺结核老师实锤了
93840,4461,柳小毅,2019-01-14 03:32:41,3,6,3,觉得老师是很想把课上好的吧，也挺负责的，也比较喜欢让同学们上课发言，但是我个人觉得老师自己对思修的解读和感悟有点少了，思维深度有欠缺，也没有打开学生的思维，毕竟老师第一次上思修，能做到这样挺好的了，给个9分
95597,4461,柳小毅,2019-01-19 15:58:51,3,4,1,上课体验极差
100733,4461,柳小毅,2019-01-26 16:03:24,2,7,5,首先思修是水课，居然有人认为从上课这种只言片语里能学到什么人生哲学。然后我挺反感小组合作这种模式的，我们小组就是最后展示崩了。打一个9分，至少这个老师看到我们上课玩手机不会当场抢走吧。
100750,4461,柳小毅,2019-01-26 16:51:08,0,4,4,老师上课完全不能接受跟自己不一样的观点。并且给分不透明不公开，极度随意。过度相信组长，自己的价值观就不正确，1分谢谢。
100755,4461,柳小毅,2019-01-26 17:20:21,-2,0,2,老师很负责，上课很认真，
100792,4461,柳小毅,2019-01-27 00:39:22,2,3,1,给分不好，上课没意思\n\n不怎么会认可与她不同的观点\n\n\n\n很红很专\n\n组长权利很大，不太公平
101335,4461,柳小毅,2019-01-28 04:29:43,-11,0,11,思修给分蛮好的 满4很简单
102440,4461,柳小毅,2019-02-02 04:21:54,2,4,2,思修，我们小组全班垫底，集体3.3，被这种课拉绩点真的难受，而且给分不公开，最后就给了一个分数，真的不知道这个老师在想什么，给低分也应该有理由吧，1分不谢
102548,4461,柳小毅,2019-02-07 06:10:36,5,5,0,给分方式不合理
102754,4461,柳小毅,2019-02-22 09:44:00,-2,0,2,老师人很好，给分也超赞的
106115,4461,柳小毅,2019-04-25 04:07:25,3,3,0,分数低且打分不透明，上课无聊\n\n有一种羡慕，叫做别人家的思修老师
109515,4461,柳小毅,2019-06-16 07:18:36,-2,0,2,上课不听课，也不恶竞，在小组合作上多花了点时间 4.5
119710,4461,柳小毅,2019-11-15 03:07:42,2,2,0,灌输很歪的价值观 drl
120437,4461,柳小毅,2019-12-06 02:33:04,4,4,0,憨批！
124433,4461,柳小毅,2020-07-01 07:08:59,1,1,0,很差劲一老师，垃圾
92774,4465,孙大雁,2019-01-04 10:37:30,5,7,2,孙老师亲切
135060,4465,孙大雁,2021-04-28 12:46:50,7,10,3,上课还可以啊，可能管学生不太擅长。
142104,4465,孙大雁,2021-11-06 03:41:46,6,14,8,隔壁孙老师的评分超过1000条，上过课的学生总共有没有1000人哦。讲课说不上多好，但也不差，我浙学生的风气真是令人无语。
145081,4465,孙大雁,2022-01-03 15:54:12,4,6,2,反正我感觉上课还可以，隔壁评分是有仇吧
145191,4465,孙大雁,2021-12-28 06:29:30,1,3,2,中规中矩吧
145481,4465,孙大雁,2021-12-31 15:57:47,-1,1,2,还可以啊
145613,4465,孙大雁,2022-01-13 12:17:06,4,5,1,给分还是挺高的
145892,4465,孙大雁,2022-01-04 01:00:40,-1,1,2,上课还行
146916,4465,孙大雁,2022-01-08 04:52:40,-2,0,2,还可以，稍微有点啰嗦
147326,4465,孙大雁,2022-01-09 14:19:12,0,2,2,给分还是不错的
147343,4465,孙大雁,2022-01-12 04:04:52,2,4,2,还可以啦，不用担心
150394,4465,孙大雁,2022-01-24 06:47:38,0,1,1,一般水平
150487,4465,孙大雁,2022-01-26 15:02:27,-2,0,2,很不错
150542,4465,孙大雁,2022-01-29 14:25:44,4,6,2,分数不错
150545,4465,孙大雁,2022-01-29 17:45:41,4,5,1,不点名，上课还行，分数不错
150635,4465,孙大雁,2022-02-06 09:32:05,6,8,2,对上课的学生来说，给分好的第一要务
152096,4465,孙大雁,2022-03-25 16:12:59,2,4,2,一般水平有的吧
152578,4465,孙大雁,2022-04-15 05:00:17,14,16,2,啊啊啊朋辈心理辅导团体辅导很有意思啊
156123,4465,孙大雁,2022-06-17 16:06:18,12,18,6,孙老师带的团体辅导课还是比较有趣的
164277,4465,孙大雁,2022-12-20 06:23:49,9,14,5,🐴的人太多特地为它新开了一个条目，这老师还有分身是吧🤣🤣🤣
171637,4465,孙大雁,2023-04-02 15:18:28,2,12,10,傻逼老师，选课别选。\n\n甚至还有个号儿。\n\n玩你妈骨灰呢，这么个工作任务回个消息这么慢，你妈你早点回折寿是嘛\n\n草泥马\n\n傻逼东西
207851,4465,孙大雁,2024-12-24 13:20:25,0,1,1,给分蛮低，积极互动用处不大
214464,4518,郑玲玲,2025-02-05 15:40:31,0,0,0,职规课，虽然没什么人听但是老师有在认真讲，偶尔听听课还是有点意思的。作业量正常，小组作业和个人作业都有。发言和点名都由组内监督，正常参与就行。发言大概两三次，作业及时交，最后的期末考小组展示积极参与，生涯规划书稍下功夫，也是拿到满绩了，感谢郑老师！
106179,4539,谭芸,2019-04-25 12:14:40,0,4,4,...
135052,4539,谭芸,2021-04-28 09:27:02,0,2,2,不说了
135054,4539,谭芸,2021-04-28 09:27:17,0,2,2,谭老师说话声音抑扬顿挫，很精神，上课顿时就不困了\n\n不说了，事情特别多，要求极高
71723,4782,杨洋,2018-01-29 01:52:43,8,9,1,111
80347,4782,杨洋,2018-06-25 10:52:46,26,26,0,表白全世界最好的杨洋 梨园唱rap要一生推了
84792,4782,杨洋,2018-07-14 01:41:37,11,11,0,很棒！
86088,4782,杨洋,2018-09-05 12:36:55,16,16,0,老师真皮
87533,4782,杨洋,2018-10-02 22:31:05,21,21,0,皮皮辅导员 大明星大帅哥  人超好   讲事时很严肃但平时和我们打成一片
91059,4782,杨洋,2018-11-29 09:49:53,11,11,0,有他在的群，总是很欢乐！SQTP啊，学长组啊，认识了很多不同专业的朋友。
91288,4782,杨洋,2018-12-05 04:55:49,11,13,2,我收了他几个表情包哈哈哈哈哈哈哈哈哈哈，有事找他的话回复速度真的贼快，还经常在群里和大家一起皮
91486,4782,杨洋,2018-12-11 11:40:15,8,8,0,话语体系超赞！
91901,4782,杨洋,2018-12-24 14:05:45,9,9,0,太棒啦
91902,4782,杨洋,2018-12-24 14:05:58,7,8,1,喜欢大明星hhhhhh
91903,4782,杨洋,2018-12-24 14:06:34,5,6,1,老师好可爱。表白大明星。
91904,4782,杨洋,2018-12-24 14:06:48,8,8,0,大明星呀！！！！！！
91905,4782,杨洋,2018-12-24 14:06:58,5,6,1,喜欢企鹅瘫
93179,4782,杨洋,2019-01-08 04:08:40,5,5,0,会讲一些高深的东西，也提供一些不错的思路
102781,4782,杨洋,2019-02-23 03:56:26,2,3,1,超级喜欢
104916,4782,杨洋,2019-03-31 02:51:08,2,2,0,形策课！
105503,4782,杨洋,2019-04-15 14:54:06,8,8,0,大明星是一个看上去很年轻大概三十出头，其实二十九岁的人（手动滑稽）
107505,4782,杨洋,2019-05-06 04:01:23,4,4,0,表白dmxxgg
110052,4782,杨洋,2019-06-22 02:19:32,1,1,0,时而深沉时而呆萌(⊙﹏⊙)
116949,4782,杨洋,2019-09-17 13:42:43,1,1,0,爱死了
124827,4782,杨洋,2020-07-11 09:03:04,32,33,1,ads的杨洋老师似乎还没有查老师，但是我想告诉大家放心选他的ads，上课和给分都很好！
126973,4782,杨洋,2020-10-31 17:00:04,4,4,0,表白蓝田dmx！电子屏播放了党建学习和S10总决赛，最后虽然不知道什么原因不能播完，但那种场面氛围，真的可以成为大学生活中的一段美好回忆！
133561,4782,杨洋,2021-03-02 06:50:39,2,2,0,大长腿
139054,4782,杨洋,2021-07-12 09:47:12,-14,4,18,project（展示）给分主观性很强，不公平。
139225,4782,杨洋,2021-07-13 10:51:22,23,23,0,评价的是ads的杨老师。年轻幽默，讲课逻辑清晰，经常让大家举手听没听懂，没听懂会耐心重讲。ADS只要你多做project拿bonus平时分就会满，剩下的看你自己的期末机试成绩，基本都是死的，说实话和老师给分关系不大。
146770,4782,杨洋,2022-01-07 11:52:39,1,1,0,全世界最好的辅导员
149876,4782,杨洋,2022-01-17 12:14:09,12,12,0,老师，还打万智不
152455,4782,杨洋,2022-04-12 03:44:50,9,9,0,ads，yy，yyds，啊啊啊啊我太喜欢他的手了
157684,4782,杨洋,2022-06-24 10:12:50,4,4,0,ads考前来拜男神 别斩杀求求了
158578,4782,杨洋,2022-06-30 10:05:16,12,12,0,这不跟杨洋老师打万智牌
173613,4782,杨洋,2023-05-30 06:27:29,13,13,0,同学们有没有问题？嘶，这么多人没听懂，没事，我的问题，一定是我的问题，我再讲一遍
177318,4782,杨洋,2023-07-03 01:40:42,1,1,0,讲课巨好 很耐心
178085,4782,杨洋,2023-07-06 17:19:26,3,3,0,虽然我是菜鸡 ads考的一塌糊涂 但是 yy他真的好捞啊！
178587,4782,杨洋,2023-07-15 14:52:56,0,0,0,yy，yyds
187146,4782,杨洋,2024-01-14 17:21:45,8,9,1,md，我来骂骂能院的yy，出生一个
190293,4782,杨洋,2024-02-27 11:10:25,7,7,0,ADS唯一真神，手持桌上麦克风只为全班同学都能听到他的话
190399,4782,杨洋,2024-03-01 02:28:04,5,6,1,杨老师不愧是清华出身，讲课水平太高了
191489,4782,杨洋,2024-04-23 13:29:33,0,0,0,我陷入了DP幻觉TAT
192469,4782,杨洋,2024-05-21 10:18:18,1,1,0,2024
193795,4782,杨洋,2024-06-18 08:15:49,3,3,0,老师招手太可爱啦，想直接捏死
194792,4782,杨洋,2024-06-25 12:08:17,3,3,0,杨洋我的神啊啊啊啊啊啊，年轻老师和学生真的能拉近关系
195000,4782,杨洋,2024-06-26 08:00:22,2,2,0,10分！
197092,4782,杨洋,2024-07-07 13:34:46,3,3,0,ads。老师人比较幽默风趣，会主动拉近和学生的距离。上课时会不断 check 大家是否跟上，同时课讲得也很不错，尤其是数据结构和动态规划、贪心部分。个人认为后半学期近似、局部搜索等等部分讲解水平略有下降，可能不及 myc 老师但是也是比较清晰的。给分也非常好，平时分基本拉满了。
199738,4782,杨洋,2024-09-28 13:28:18,3,3,0,太喜欢上杨老师的课啦
202113,4782,杨洋,2024-11-09 14:09:10,3,3,0,杨洋教ads真的很认真，非常喜欢！
208205,4782,杨洋,2024-12-26 07:28:02,5,5,0,杨洋老师是ADS教学质量的神。苯人是从隔壁班偷师来的，如果提前听一遍杨洋老师的课才能听懂，杨老师的教学逻辑、引导思路都极其极其清晰，脑子笨笨如我也能被完全吸引，然后全然理解。更让人感动的是，会让大家举手check是否听懂了，如果有问题，会反思“是我讲的有问题”，然后更加明了地讲一遍。选上杨老师是每个学生的福气！
213233,4782,杨洋,2025-01-16 11:51:41,5,5,0,ads的杨洋老师 强推 讲课和给分都超好 大家听不懂的地方还会多讲几次 确保大家都能懂 水平很高很关心同学 给分真的超好（总评给出了我算不出的分数）
213423,4782,杨洋,2025-01-17 09:18:41,6,6,0,ADS神，讲课超级清晰，并且会询问我们是否听懂，如果没听懂会反复讲解，也非常幽默风趣。助教gg们人也超级好！平时作业、project和期中考试都不为难人，我感觉自己的平时分不够但最后被给满了TAT总评也是拿到了一个我自己都算不出来的分数，总之ADS选到yy老师就是赚到！
220761,4782,杨洋,2025-06-19 14:25:12,0,0,0,yy老师选到就是赚到，老师人特别温柔，上课的时候没听懂会耐心地重新讲一遍，把枯燥的算法内容讲到让人能够听的进去，多亏了yy老师我的ads收获了自己满意的分数
